data/ctd-cnv/SKQ1617/SKQ1617-St15-P1/skq201617s-021avg.cnv
* Sea-Bird SBE 9 Data File:
* FileName = D:\CTD\SKQ201617S\SKQ201617S-021.hex
* Software Version Seasave V 7.22.5
* Temperature SN = 5773
* Conductivity SN = 2251
* Number of Bytes Per Scan = 37
* Number of Voltage Words = 4
* Number of Scans Averaged by the Deck Unit = 1
* NMEA Latitude = 20 12.18 N
* NMEA Longitude = 106 04.89 W
* NMEA UTC (Time) = Jan 02 2017  14:17:06
* NMEA baud rate = 4800
** Ship: R/V Sikuliaq
** Station Number: 021
** Station Name: Station 17
** Depth: 2580 m
** Operator: RML
# nquan = 23
# nvalues = 1007                        
# units = specified
# name 0 = depSMignore: Depth [salt water, m]
# name 1 = latitude: Latitude [deg]
# name 2 = longitude: Longitude [deg]
# name 3 = prDM: Pressure, Digiquartz [db]
# name 4 = t090C: Temperature [ITS-90, deg C]
# name 5 = t190C: Temperature, 2 [ITS-90, deg C]
# name 6 = potemp090C: Potential Temperature [ITS-90, deg C]
# name 7 = sal00: Salinity, Practical [PSU]
# name 8 = sal11: Salinity, Practical, 2 [PSU]
# name 9 = density00: Density [density, kg/m^3]
# name 10 = sigma-t00: Density [sigma-t, kg/m^3 ]
# name 11 = flSP: Fluorescence, Seapoint
# name 12 = sbox0Mm/Kg: Oxygen, SBE 43 [umol/kg]
# name 13 = oxsolMm/Kg: Oxygen Saturation, Garcia & Gordon [umol/kg]
# name 14 = CStarAt0: Beam Attenuation, WET Labs C-Star [1/m]
# name 15 = CStarTr0: Beam Transmission, WET Labs C-Star [%]
# name 16 = v2: Voltage 2
# name 17 = v3: Voltage 3
# name 18 = ph: pH
# name 19 = par: PAR/Irradiance, Biospherical/Licor
# name 20 = scan: Scan Count
# name 21 = nbin: number of scans per bin
# name 22 = flag: flag
# span 0 =      3.975,   1001.383       
# span 1 =   20.20294,   20.20338       
# span 2 = -106.08246, -106.08146       
# span 3 =      4.000,   1010.000       
# span 4 =     4.7454,    25.8065       
# span 5 =     4.7451,    25.8054       
# span 6 =     4.6632,    25.8036       
# span 7 =    34.5123,    34.8152       
# span 8 =    34.5147,    34.8236       
# span 9 =  1022.8637,  1031.9686       
# span 10 =    22.8420,    27.3308      
# span 11 = 7.0647e-02, 6.6386e+00      
# span 12 =     -0.027,    199.076      
# span 13 =  204.45602,  310.33012      
# span 14 =     0.0541,     0.5074      
# span 15 =    88.0881,    98.6567      
# span 16 =     1.4382,     3.7411      
# span 17 =     0.6888,     2.2375      
# span 18 =      2.756,      8.344      
# span 19 = 1.0000e-12, 2.2456e+02      
# span 20 =        561,      30512      
# span 21 =         13,       1147      
# span 22 = 0.0000e+00, 0.0000e+00      
# interval = decibars: 1                
# start_time = Jan 02 2017 14:17:06 [NMEA time, header]
# bad_flag = -9.990e-29
*END*
[from data line 252]
    254.276   20.20314 -106.08200    256.000    11.1468    11.1467    11.1149    34.7183    34.7266  1027.6798    26.5295 7.3750e-02      0.210  268.53075     0.0674    98.3291     3.7289     1.1572      7.745 1.0000e-12       9935         21 0.0000e+00
    255.268   20.20314 -106.08200    257.000    11.1383    11.1380    11.1064    34.7180    34.7263  1027.6856    26.5308 7.2918e-02      0.242  268.57915     0.0676    98.3232     3.7293     1.1560      7.744 1.0000e-12       9955         21 0.0000e+00
    256.261   20.20314 -106.08200    258.000    11.1353    11.1355    11.1033    34.7176    34.7260  1027.6904    26.5311 7.5707e-02      0.296  268.59663     0.0670    98.3394     3.7291     1.1553      7.744 1.0000e-12       9975         18 0.0000e+00
    257.254   20.20314 -106.08200    259.000    11.1302    11.1302    11.0980    34.7169    34.7251  1027.6952    26.5314 7.3365e-02      0.261  268.62730     0.0669    98.3420     3.7295     1.1546      7.744 1.0000e-12       9995         21 0.0000e+00
    258.246   20.20314 -106.08200    260.000    11.1211    11.1212    11.0888    34.7163    34.7246  1027.7010    26.5326 7.5221e-02      0.248  268.67965     0.0670    98.3393     3.7293     1.1540      7.744 1.0000e-12      10017         23 0.0000e+00
    259.239   20.20314 -106.08202    261.000    11.1158    11.1159    11.0834    34.7160    34.7242  1027.7061    26.5333 7.2576e-02      0.204  268.71064     0.0670    98.3394     3.7294     1.1533      7.744 1.0000e-12      10042         27 0.0000e+00
    260.231   20.20314 -106.08202    262.000    11.1118    11.1120    11.0793    34.7158    34.7240  1027.7112    26.5339 7.2976e-02      0.182  268.73331     0.0670    98.3394     3.7289     1.1531      7.745 1.0000e-12      10069         25 0.0000e+00
    261.224   20.20314 -106.08202    263.000    11.1059    11.1063    11.0733    34.7150    34.7234  1027.7162    26.5344 7.5223e-02      0.224  268.76845     0.0670    98.3394     3.7290     1.1523      7.745 1.0000e-12      10093         23 0.0000e+00
    262.217   20.20314 -106.08202    264.000    11.0918    11.0919    11.0591    34.7146    34.7228  1027.7230    26.5366 7.4416e-02      0.284  268.84926     0.0673    98.3319     3.7293     1.1523      7.745 1.0000e-12      10117         25 0.0000e+00
    263.209   20.20314 -106.08202    265.000    11.0843    11.0843    11.0514    34.7140    34.7222  1027.7284    26.5375 7.4617e-02      0.255  268.89312     0.0670    98.3392     3.7292     1.1512      7.745 1.0000e-12      10146         35 0.0000e+00
    264.202   20.20314 -106.08202    266.000    11.0754    11.0755    11.0425    34.7137    34.7219  1027.7343    26.5389 7.3071e-02      0.229  268.94387     0.0662    98.3594     3.7290     1.1508      7.745 1.0000e-12      10183         33 0.0000e+00
    265.195   20.20314 -106.08202    267.000    11.0584    11.0588    11.0254    34.7142    34.7224  1027.7423    26.5423 7.2931e-02      0.251  269.03945     0.0670    98.3384     3.7291     1.1498      7.745 1.0000e-12      10210         23 0.0000e+00
    266.187   20.20314 -106.08202    268.000    11.0416    11.0418    11.0085    34.7147    34.7230  1027.7503    26.5458 7.3067e-02      0.187  269.13389     0.0669    98.3421     3.7296     1.1486      7.745 1.0000e-12      10230         19 0.0000e+00
    267.180   20.20314 -106.08202    269.000    11.0396    11.0398    11.0063    34.7144    34.7227  1027.7550    26.5460 7.4388e-02      0.297  269.14603     0.0669    98.3427     3.7298     1.1480      7.745 1.0000e-12      10247         16 0.0000e+00
    268.172   20.20314 -106.08202    270.000    11.0354    11.0358    11.0021    34.7140    34.7222  1027.7599    26.5464 7.3649e-02      0.274  269.17027     0.0670    98.3394     3.7299     1.1472      7.745 1.0000e-12      10265         19 0.0000e+00
    269.165   20.20314 -106.08202    271.000    11.0308    11.0310    10.9973    34.7137    34.7218  1027.7650    26.5470 7.3097e-02      0.201  269.19726     0.0674    98.3302     3.7300     1.1471      7.745 1.0000e-12      10286         23 0.0000e+00
    270.158   20.20314 -106.08202    272.000    11.0274    11.0276    10.9938    34.7132    34.7214  1027.7698    26.5472 7.4291e-02      0.270  269.21748     0.0670    98.3405     3.7298     1.1462      7.745 1.0000e-12      10313         29 0.0000e+00
    271.150   20.20314 -106.08202    273.000    11.0217    11.0219    10.9880    34.7126    34.7209  1027.7749    26.5478 7.1365e-02      0.194  269.25083     0.0670    98.3393     3.7294     1.1462      7.745 1.0000e-12      10342         24 0.0000e+00
    272.143   20.20314 -106.08202    274.000    11.0111    11.0114    10.9773    34.7119    34.7201  1027.7808    26.5492 7.2568e-02      0.264  269.31246     0.0670    98.3394     3.7295     1.1457      7.745 1.0000e-12      10366         25 0.0000e+00
    273.135   20.20314 -106.08202    275.000    10.9969    10.9975    10.9629    34.7109    34.7192  1027.7871    26.5509 7.2953e-02      0.293  269.39586     0.0670    98.3383     3.7298     1.1449      7.745 1.0000e-12      10389         24 0.0000e+00
    274.128   20.20314 -106.08203    276.000    10.9827    10.9830    10.9487    34.7103    34.7185  1027.7937    26.5530 7.2308e-02      0.242  269.47776     0.0670    98.3384     3.7297     1.1440      7.745 1.0000e-12      10415         27 0.0000e+00
    275.120   20.20314 -106.08204    277.000    10.9779    10.9778    10.9437    34.7098    34.7180  1027.7988    26.5535 7.1209e-02      0.180  269.50604     0.0670    98.3394     3.7298     1.1434      7.745 1.0000e-12      10445         29 0.0000e+00
    276.113   20.20314 -106.08204    278.000    10.9579    10.9580    10.9237    34.7083    34.7165  1027.8058    26.5560 7.2069e-02      0.314  269.62253     0.0670    98.3394     3.7298     1.1424      7.744 1.0000e-12      10471         24 0.0000e+00
    277.105   20.20314 -106.08204    279.000    10.9404    10.9405    10.9061    34.7076    34.7157  1027.8130    26.5586 7.5434e-02      0.229  269.72383     0.0670    98.3381     3.7301     1.1412      7.742 1.0000e-12      10494         21 0.0000e+00
    278.098   20.20314 -106.08204    280.000    10.9277    10.9280    10.8933    34.7065    34.7148  1027.8190    26.5600 7.2416e-02      0.236  269.79809     0.0679    98.3149     3.7301     1.1401      7.741 1.0000e-12      10514         20 0.0000e+00
    279.090   20.20314 -106.08204    281.000    10.9101    10.9102    10.8756    34.7048    34.7132  1027.8253    26.5618 7.3753e-02      0.304  269.90237     0.0684    98.3030     3.7301     1.1392      7.741 1.0000e-12      10537         24 0.0000e+00
    280.083   20.20315 -106.08204    282.000    10.8959    10.8958    10.8613    34.7041    34.7124  1027.8320    26.5639 7.2827e-02      0.182  269.98474     0.0690    98.2906     3.7302     1.1379      7.740 1.0000e-12      10563         27 0.0000e+00
    281.076   20.20316 -106.08204    283.000    10.8839    10.8842    10.8492    34.7037    34.7119  1027.8383    26.5657 7.2968e-02      0.226  270.05402     0.0683    98.3071     3.7301     1.1370      7.740 1.0000e-12      10588         25 0.0000e+00
    282.068   20.20316 -106.08204    284.000    10.8766    10.8770    10.8418    34.7031    34.7114  1027.8437    26.5665 7.3703e-02      0.220  270.09673     0.0678    98.3185     3.7302     1.1361      7.740 1.0000e-12      10613         25 0.0000e+00
    283.061   20.20316 -106.08204    285.000    10.8713    10.8714    10.8364    34.7027    34.7108  1027.8488    26.5672 7.2065e-02      0.234  270.12810     0.0674    98.3289     3.7302     1.1353      7.740 1.0000e-12      10637         22 0.0000e+00
    284.053   20.20316 -106.08204    286.000    10.8645    10.8645    10.8295    34.7021    34.7103  1027.8541    26.5680 7.2778e-02      0.193  270.16792     0.0673    98.3323     3.7302     1.1351      7.740 1.0000e-12      10659         22 0.0000e+00
    285.046   20.20316 -106.08204    287.000    10.8527    10.8526    10.8176    34.7013    34.7095  1027.8602    26.5694 7.2561e-02      0.254  270.23717     0.0674    98.3294     3.7302     1.1341      7.740 1.0000e-12      10680         21 0.0000e+00
    286.038   20.20316 -106.08204    288.000    10.8407    10.8407    10.8055    34.7007    34.7090  1027.8664    26.5711 7.1884e-02      0.232  270.30721     0.0679    98.3153     3.7302     1.1335      7.740 1.0000e-12      10703         24 0.0000e+00
    287.031   20.20316 -106.08204    289.000    10.8320    10.8318    10.7967    34.7002    34.7084  1027.8721    26.5723 7.1771e-02      0.234  270.35790     0.0683    98.3049     3.7301     1.1327      7.741 1.0000e-12      10731         32 0.0000e+00
    288.023   20.20316 -106.08204    290.000    10.8193    10.8196    10.7839    34.6994    34.7077  1027.8783    26.5739 7.3479e-02      0.248  270.43198     0.0697    98.2737     3.7301     1.1322      7.741 1.0000e-12      10763         29 0.0000e+00
    289.016   20.20316 -106.08204    291.000    10.8017    10.8016    10.7662    34.6983    34.7065  1027.8852    26.5762 7.1470e-02      0.227  270.53518     0.0711    98.2386     3.7302     1.1311      7.741 1.0000e-12      10788         20 0.0000e+00
    290.008   20.20316 -106.08204    292.000    10.7810    10.7812    10.7454    34.6976    34.7058  1027.8929    26.5794 7.2453e-02      0.242  270.65528     0.0673    98.3314     3.7302     1.1297      7.741 1.0000e-12      10809         22 0.0000e+00
    291.001   20.20316 -106.08204    293.000    10.7734    10.7737    10.7377    34.6970    34.7051  1027.8983    26.5803 7.0684e-02      0.238  270.70018     0.0671    98.3360     3.7303     1.1285      7.740 1.0000e-12      10831         24 0.0000e+00
    291.993   20.20316 -106.08204    294.000    10.7628    10.7634    10.7270    34.6956    34.7040  1027.9037    26.5811 7.2589e-02      0.230  270.76397     0.0671    98.3365     3.7302     1.1277      7.740 1.0000e-12      10857         27 0.0000e+00
    292.986   20.20316 -106.08204    295.000    10.7310    10.7311    10.6951    34.6943    34.7024  1027.9130    26.5858 7.3570e-02      0.281  270.94946     0.0673    98.3320     3.7303     1.1267      7.739 1.0000e-12      10883         25 0.0000e+00
    293.978   20.20316 -106.08204    296.000    10.7159    10.7159    10.6799    34.6934    34.7016  1027.9196    26.5878 7.1123e-02      0.238  271.03809     0.0675    98.3264     3.7303     1.1254      7.737 1.0000e-12      10906         22 0.0000e+00
    294.970   20.20316 -106.08206    297.000    10.7097    10.7098    10.6736    34.6930    34.7012  1027.9249    26.5886 7.1901e-02      0.285  271.07448     0.0669    98.3420     3.7303     1.1241      7.737 1.0000e-12      10927         19 0.0000e+00
    295.963   20.20316 -106.08206    298.000    10.7033    10.7034    10.6671    34.6923    34.7006  1027.9300    26.5891 7.2657e-02      0.207  271.11257     0.0671    98.3361     3.7305     1.1237      7.736 1.0000e-12      10949         24 0.0000e+00
    296.955   20.20316 -106.08206    299.000    10.6974    10.6976    10.6612    34.6918    34.7001  1027.9352    26.5898 7.4076e-02      0.269  271.14732     0.0678    98.3184     3.7302     1.1231      7.736 1.0000e-12      10976         31 0.0000e+00
    297.948   20.20316 -106.08206    300.000    10.6942    10.6943    10.6578    34.6914    34.6996  1027.9399    26.5900 7.1913e-02      0.266  271.16702     0.0671    98.3374     3.7302     1.1228      7.736 1.0000e-12      11007         29 0.0000e+00
    298.940   20.20316 -106.08206    301.000    10.6898    10.6899    10.6533    34.6909    34.6991  1027.9449    26.5904 7.4787e-02      0.191  271.19316     0.0671    98.3371     3.7302     1.1227      7.736 1.0000e-12      11033         23 0.0000e+00
    299.933   20.20316 -106.08206    302.000    10.6836    10.6835    10.6470    34.6905    34.6986  1027.9501    26.5912 7.0691e-02      0.208  271.22948     0.0670    98.3394     3.7303     1.1217      7.736 1.0000e-12      11054         20 0.0000e+00
    300.925   20.20316 -106.08206    303.000    10.6783    10.6788    10.6416    34.6902    34.6984  1027.9554    26.5919 7.1952e-02      0.163  271.26060     0.0670    98.3381     3.7305     1.1214      7.736 1.0000e-12      11073         20 0.0000e+00
    301.917   20.20316 -106.08206    304.000    10.6613    10.6594    10.6245    34.6879    34.6966  1027.9612    26.5932 7.1906e-02      0.211  271.36337     0.0670    98.3403     3.7303     1.1207      7.736 1.0000e-12      11096         27 0.0000e+00
    302.910   20.20316 -106.08206    305.000    10.6142    10.6140    10.5774    34.6863    34.6947  1027.9730    26.6002 7.3286e-02      0.288  271.63811     0.0677    98.3222     3.7303     1.1193      7.736 1.0000e-12      11125         28 0.0000e+00
    303.902   20.20316 -106.08206    306.000    10.5924    10.5918    10.5555    34.6841    34.6924  1027.9798    26.6024 7.4309e-02      0.214  271.76856     0.0682    98.3103     3.7306     1.1170      7.736 1.0000e-12      11151         22 0.0000e+00
    304.895   20.20316 -106.08206    307.000    10.5615    10.5624    10.5245    34.6832    34.6914  1027.9892    26.6072 7.0993e-02      0.209  271.94943     0.0672    98.3347     3.7308     1.1150      7.736 1.0000e-12      11171         20 0.0000e+00
    305.887   20.20316 -106.08206    308.000    10.5558    10.5559    10.5188    34.6826    34.6910  1027.9943    26.6077 7.0647e-02      0.267  271.98325     0.0668    98.3431     3.7313     1.1136      7.737 1.0000e-12      11191         21 0.0000e+00
    306.880   20.20316 -106.08206    309.000    10.5482    10.5480    10.5110    34.6817    34.6898  1027.9995    26.6083 7.2878e-02      0.209  272.02951     0.0669    98.3410     3.7309     1.1129      7.736 1.0000e-12      11218         35 0.0000e+00
    307.872   20.20316 -106.08206    310.000    10.5384    10.5380    10.5012    34.6803    34.6885  1028.0046    26.6089 7.2400e-02      0.227  272.08882     0.0670    98.3394     3.7302     1.1123      7.735 1.0000e-12      11251         26 0.0000e+00
    308.864   20.20316 -106.08206    311.000    10.4969    10.4964    10.4596    34.6772    34.6854  1028.0143    26.6138 7.3659e-02      0.284  272.33578     0.0668    98.3433     3.7305     1.1106      7.734 1.0000e-12      11275         21 0.0000e+00
    309.857   20.20316 -106.08206    312.000    10.4511    10.4510    10.4138    34.6768    34.6850  1028.0268    26.6216 7.4914e-02      0.270  272.60268     0.0677    98.3215     3.7311     1.1081      7.732 1.0000e-12      11294         18 0.0000e+00
    310.849   20.20316 -106.08206    313.000    10.4217    10.4217    10.3844    34.6738    34.6820  1028.0343    26.6244 7.1944e-02      0.303  272.77980     0.0676    98.3251     3.7314     1.1060      7.732 1.0000e-12      11313         22 0.0000e+00
    311.842   20.20316 -106.08206    314.000    10.3975    10.3959    10.3601    34.6741    34.6818  1028.0433    26.6288 7.2335e-02      0.288  272.92031     0.0671    98.3372     3.7313     1.1043      7.732 1.0000e-12      11344         40 0.0000e+00
    312.834   20.20316 -106.08206    315.000    10.3451    10.3420    10.3077    34.6684    34.6766  1028.0528    26.6335 7.3314e-02      0.239  273.23735     0.0670    98.3395     3.7311     1.1022      7.732 1.0000e-12      11382         30 0.0000e+00
    313.826   20.20316 -106.08206    316.000    10.2918    10.2920    10.2544    34.6671    34.6752  1028.0659    26.6418 7.3072e-02      0.259  273.55142     0.0671    98.3381     3.7313     1.0982      7.732 1.0000e-12      11405         20 0.0000e+00
    314.818   20.20316 -106.08206    317.000    10.2565    10.2566    10.2190    34.6656    34.6735  1028.0756    26.6467 7.0924e-02      0.235  273.76168     0.0671    98.3361     3.7314     1.0955      7.733 1.0000e-12      11423         16 0.0000e+00
