data/ctd-cnv/SKQ1617/SKQ1617-St15-P1/skq201617s-027avg.cnv
* Sea-Bird SBE 9 Data File:
* FileName = D:\CTD\SKQ201617S\SKQ201617S-027.hex
* Software Version Seasave V 7.22.5
* Temperature SN = 5773
* Conductivity SN = 2251
* Number of Bytes Per Scan = 37
* Number of Voltage Words = 4
* Number of Scans Averaged by the Deck Unit = 1
* NMEA Latitude = 20 17.72 N
* NMEA Longitude = 106 12.76 W
* NMEA UTC (Time) = Jan 05 2017  08:52:15
* NMEA baud rate = 4800
** Ship: R/V Sikuliaq
** Station Number: 027
** Station Name: Station 15
** Depth: 2960
** Operator: NMT, AB
** UVP
# nquan = 23
# nvalues = 199                         
# units = specified
# name 0 = depSM: Depth [salt water, m]
# name 1 = latitude: Latitude [deg]
# name 2 = longitude: Longitude [deg]
# name 3 = prDM: Pressure, Digiquartz [db]
# name 4 = t090C: Temperature [ITS-90, deg C]
# name 5 = t190C: Temperature, 2 [ITS-90, deg C]
# name 6 = potemp090C: Potential Temperature [ITS-90, deg C]
# name 7 = sal00: Salinity, Practical [PSU]
# name 8 = sal11: Salinity, Practical, 2 [PSU]
# name 9 = density00: Density [density, kg/m^3]
# name 10 = sigma-t00: Density [sigma-t, kg/m^3 ]
# name 11 = flSP: Fluorescence, Seapoint
# name 12 = sbox0Mm/Kg: Oxygen, SBE 43 [umol/kg]
# name 13 = oxsolMm/Kg: Oxygen Saturation, Garcia & Gordon [umol/kg]
# name 14 = CStarAt0: Beam Attenuation, WET Labs C-Star [1/m]
# name 15 = CStarTr0: Beam Transmission, WET Labs C-Star [%]
# name 16 = v2: Voltage 2
# name 17 = v3: Voltage 3
# name 18 = ph: pH
# name 19 = par: PAR/Irradiance, Biospherical/Licor
# name 20 = scan: Scan Count
# name 21 = nbin: number of scans per bin
# name 22 = flag: flag
# span 0 =      3.975,    200.664       
# span 1 =   20.29526,   20.29528       
# span 2 = -106.21274, -106.21272       
# span 3 =      4.000,    202.000       
# span 4 =    12.1302,    26.1523       
# span 5 =    12.1299,    26.1518       
# span 6 =    12.1037,    26.1504       
# span 7 =    34.3896,    34.8207       
# span 8 =    34.5148,    34.8288       
# span 9 =  1022.5627,  1027.2953       
# span 10 =    22.5455,    26.3932      
# span 11 = 7.3145e-02, 8.6581e+00      
# span 12 =      0.142,    199.098      
# span 13 =  203.28611,  262.96275      
# span 14 =     0.0730,     0.6478      
# span 15 =    85.0471,    98.1902      
# span 16 =     1.4202,     3.7045      
# span 17 =     1.2256,     2.2620      
# span 18 =      6.895,      6.968      
# span 19 = -2.854e-09, 1.9359e-01      
# span 20 =        690,      17446      
# span 21 =         20,       1867      
# span 22 = 0.0000e+00, 0.0000e+00      
# interval = decibars: 1                
# start_time = Jan 05 2017 08:52:15 [NMEA time, header]
# bad_flag = -9.990e-29
*END*
      3.975   20.29528 -106.21272      4.000    26.0879    26.1251    26.0870    34.3896    34.5148  1022.5627    22.5455 2.4277e-01    180.080  203.87322     0.1694    95.8563     1.4205     2.2576      6.968 1.9359e-01        690        931 0.0000e+00
      4.969   20.29528 -106.21272      5.000    26.1461    26.1441    26.1450    34.6788    34.6866  1022.7670    22.7454 2.5214e-01    196.916  203.29794     0.1749    95.7211     1.4204     2.2593      6.968 9.8138e-02       1238        136 0.0000e+00
      5.963   20.29528 -106.21272      6.000    26.1481    26.1484    26.1468    34.6718    34.6822  1022.7654    22.7396 2.3172e-01    196.935  203.30045     0.1732    95.7612     1.4202     2.2599      6.968 6.5060e-02       1367        132 0.0000e+00
      6.957   20.29528 -106.21272      7.000    26.1519    26.1504    26.1504    34.6718    34.6824  1022.7685    22.7384 2.4875e-01    198.023  203.28763     0.1747    95.7267     1.4204     2.2593      6.968 4.2207e-02       1519        145 0.0000e+00
      7.951   20.29528 -106.21272      8.000    26.1514    26.1507    26.1496    34.6720    34.6824  1022.7731    22.7387 2.3634e-01    197.689  203.28923     0.1785    95.6343     1.4203     2.2602      6.968 2.8848e-02       1657        164 0.0000e+00
      8.945   20.29528 -106.21272      9.000    26.1523    26.1518    26.1503    34.6719    34.6823  1022.7770    22.7383 2.5385e-01    198.371  203.28611     0.1728    95.7719     1.4202     2.2604      6.968 2.1249e-02       1822        121 0.0000e+00
      9.939   20.29528 -106.21273     10.000    26.1334    26.1334    26.1312    34.6729    34.6831  1022.7880    22.7449 2.2884e-01    199.098  203.34829     0.1745    95.7298     1.4205     2.2610      6.967 1.7842e-02       3022        718 0.0000e+00
     10.932   20.29528 -106.21274     11.000    26.1282    26.1274    26.1257    34.6737    34.6840  1022.7945    22.7472 2.2037e-01    198.454  203.36465     0.1742    95.7390     1.4207     2.2619      6.966 1.5506e-02       5986         91 0.0000e+00
     11.926   20.29528 -106.21272     12.000    26.1284    26.1282    26.1258    34.6737    34.6839  1022.7988    22.7471 2.5197e-01    198.547  203.36373     0.1738    95.7466     1.4208     2.2618      6.966 1.3506e-02       6191        158 0.0000e+00
     12.920   20.29528 -106.21274     13.000    26.1293    26.1286    26.1264    34.6737    34.6839  1022.8028    22.7468 2.2410e-01    198.742  203.36068     0.1735    95.7535     1.4211     2.2615      6.966 1.1537e-02       6317         99 0.0000e+00
     13.914   20.29528 -106.21272     14.000    26.1357    26.1309    26.1326    34.6737    34.6839  1022.8051    22.7449 2.3434e-01    198.243  203.33921     0.1723    95.7838     1.4207     2.2620      6.966 1.0363e-02       6561        203 0.0000e+00
     14.908   20.29528 -106.21272     15.000    26.1123    26.1186    26.1090    34.6747    34.6845  1022.8175    22.7529 2.1104e-01    197.460  203.41635     0.1789    95.6262     1.4212     2.2612      6.966 9.3567e-03       6651         50 0.0000e+00
     15.901   20.29528 -106.21272     16.000    26.0958    26.0954    26.0922    34.6751    34.6847  1022.8272    22.7584 2.2646e-01    198.727  203.47116     0.1753    95.7117     1.4214     2.2606      6.967 9.5393e-03       6704         62 0.0000e+00
     16.895   20.29528 -106.21272     17.000    26.0179    26.0143    26.0141    34.6778    34.6878  1022.8579    22.7847 2.4573e-01    198.206  203.72919     0.1777    95.6557     1.4228     2.2581      6.967 8.4536e-03       6768         58 0.0000e+00
     17.889   20.29528 -106.21272     18.000    25.9800    25.9788    25.9760    34.6787    34.6886  1022.8746    22.7972 2.6949e-01    198.246  203.85517     0.1892    95.3807     1.4243     2.2545      6.966 7.5611e-03       6826         53 0.0000e+00
     18.883   20.29528 -106.21272     19.000    25.9496    25.9489    25.9454    34.6788    34.6888  1022.8885    22.8067 2.8225e-01    198.674  203.95739     0.1849    95.4838     1.4251     2.2525      6.966 7.0305e-03       6878         45 0.0000e+00
     19.877   20.29528 -106.21272     20.000    25.8949    25.8936    25.8905    34.6763    34.6861  1022.9079    22.8218 3.3881e-01    197.756  204.14497     0.1892    95.3801     1.4261     2.2500      6.967 7.1283e-03       6916         36 0.0000e+00
     20.870   20.29528 -106.21272     21.000    25.7137    25.7115    25.7091    34.6721    34.6805  1022.9652    22.8747 4.5867e-01    198.068  204.76323     0.2005    95.1105     1.4305     2.2442      6.966 6.8950e-03       6957         49 0.0000e+00
     21.864   20.29528 -106.21272     22.000    25.3795    25.3640    25.3747    34.6652    34.6715  1023.0672    22.9723 6.3862e-01    196.824  205.91299     0.2158    94.7480     1.4358     2.2364      6.966 6.8479e-03       7012         55 0.0000e+00
     22.858   20.29528 -106.21273     23.000    24.3111    24.2820    24.3063    34.6274    34.6297  1023.3656    23.2662 1.3729e+00    195.007  209.69419     0.2632    93.6348     1.4585     2.2062      6.965 6.7443e-03       7064         50 0.0000e+00
     23.852   20.29528 -106.21274     24.000    23.5543    23.5318    23.5493    34.5954    34.6057  1023.5699    23.4660 2.6371e+00    184.963  212.44300     0.3539    91.5341     1.5070     2.1454      6.965 6.0814e-03       7121         61 0.0000e+00
     24.845   20.29528 -106.21274     25.000    23.0920    23.0862    23.0869    34.5733    34.5792  1023.6918    23.5834 3.7466e+00    182.681  214.16574     0.4175    90.0891     1.5397     2.1066      6.964 5.9704e-03       7173         39 0.0000e+00
     25.839   20.29528 -106.21274     26.000    22.6210    22.6256    22.6158    34.5598    34.5666  1023.8210    23.7082 3.9472e+00    179.874  215.93325     0.4759    88.7829     1.5755     2.0708      6.963 6.0227e-03       7208         34 0.0000e+00
     26.833   20.29528 -106.21274     27.000    22.3087    22.2907    22.3033    34.5557    34.5631  1023.9107    23.7935 3.4563e+00    174.650  217.11640     0.4478    89.4125     1.5953     2.0477      6.963 5.8492e-03       7245         44 0.0000e+00
     27.827   20.29528 -106.21274     28.000    21.8319    21.8262    21.8265    34.5749    34.5802  1024.0634    23.9417 4.2794e+00    173.804  218.90466     0.4279    89.8572     1.6011     2.0291      6.963 5.6927e-03       7301         63 0.0000e+00
     28.820   20.29528 -106.21274     29.000    21.5946    21.5860    21.5890    34.5718    34.5794  1024.1313    24.0051 5.5734e+00    170.092  219.82428     0.5484    87.1884     1.6279     1.9999      6.963 5.6823e-03       7357         45 0.0000e+00
     29.814   20.29528 -106.21274     30.000    21.5207    21.5210    21.5149    34.5704    34.5778  1024.1550    24.0245 8.6581e+00    164.300  220.11266     0.6189    85.6656     1.6615     1.9775      6.963 5.6285e-03       7404         55 0.0000e+00
     30.808   20.29528 -106.21274     31.000    21.4701    21.4778    21.4641    34.5665    34.5736  1024.1704    24.0355 8.1908e+00    159.652  220.31518     0.6478    85.0471     1.6780     1.9718      6.963 5.6850e-03       7466         51 0.0000e+00
     31.802   20.29528 -106.21274     32.000    21.3553    21.3364    21.3491    34.5654    34.5747  1024.2054    24.0661 7.2122e+00    156.577  220.76446     0.6474    85.0582     1.7106     1.9577      6.963 5.6514e-03       7505         36 0.0000e+00
     32.795   20.29528 -106.21274     33.000    21.2290    21.2292    21.2227    34.5668    34.5747  1024.2455    24.1018 7.1566e+00    149.353  221.25598     0.6394    85.2269     1.7604     1.9471      6.963 5.6845e-03       7543         42 0.0000e+00
     33.789   20.29528 -106.21274     34.000    21.0646    21.0588    21.0581    34.5636    34.5716  1024.2922    24.1441 7.0782e+00    136.544  221.90788     0.6246    85.5442     1.7985     1.9389      6.963 5.6794e-03       7592         50 0.0000e+00
     34.783   20.29527 -106.21274     35.000    20.5523    20.5496    20.5457    34.5836    34.5925  1024.4502    24.2975 4.2394e+00    126.655  223.91591     0.5153    87.9182     1.9184     1.9130      6.961 5.7793e-03       7636         43 0.0000e+00
     35.776   20.29527 -106.21274     36.000    20.3779    20.3739    20.3712    34.5865    34.5939  1024.5035    24.3464 2.7956e+00     95.997  224.61158     0.3237    92.2312     2.0745     1.8926      6.960 5.7100e-03       7694         73 0.0000e+00
     36.770   20.29528 -106.21274     37.000    20.3174    20.3193    20.3105    34.5767    34.5848  1024.5165    24.3550 1.8708e+00     93.815  224.87076     0.2842    93.1415     2.1399     1.8796      6.959 5.9255e-03       7754         42 0.0000e+00
     37.764   20.29528 -106.21274     38.000    20.2468    20.2448    20.2398    34.5752    34.5838  1024.5384    24.3725 1.5256e+00     92.957  225.15864     0.2612    93.6783     2.1710     1.8705      6.958 6.0178e-03       7794         42 0.0000e+00
     38.757   20.29528 -106.21274     39.000    20.2186    20.2188    20.2114    34.5755    34.5837  1024.5506    24.3803 1.3716e+00     91.486  225.27254     0.2403    94.1688     2.1897     1.8640      6.958 6.0665e-03       7840         44 0.0000e+00
     39.751   20.29528 -106.21274     40.000    20.2144    20.2134    20.2069    34.5751    34.5835  1024.5557    24.3810 1.3695e+00     89.989  225.29047     0.2380    94.2243     2.2004     1.8600      6.958 6.2146e-03       7881         42 0.0000e+00
     40.745   20.29528 -106.21274     41.000    20.1523    20.1541    20.1447    34.5741    34.5822  1024.5758    24.3967 1.4216e+00     90.042  225.54466     0.2311    94.3866     2.2055     1.8566      6.958 6.3113e-03       7930         57 0.0000e+00
     41.738   20.29527 -106.21274     42.000    19.6312    19.6294    19.6236    34.5799    34.5872  1024.7214    24.5377 1.0668e+00     87.627  227.67390     0.2128    94.8184     2.2593     1.8359      6.950 6.2764e-03       7985         47 0.0000e+00
     42.732   20.29526 -106.21274     43.000    19.3504    19.3527    19.3426    34.5789    34.5875  1024.7979    24.6096 8.7814e-01     75.646  228.84309     0.1909    95.3383     2.3679     1.8083      6.940 6.5362e-03       8028         44 0.0000e+00
     43.726   20.29528 -106.21274     44.000    19.2160    19.2185    19.2081    34.5716    34.5791  1024.8312    24.6385 9.4977e-01     69.552  229.41749     0.1786    95.6337     2.4242     1.7953      6.938 6.5385e-03       8083         60 0.0000e+00
     44.719   20.29527 -106.21274     45.000    18.9075    18.9071    18.8995    34.5660    34.5735  1024.9102    24.7129 7.1928e-01     67.953  230.72855     0.1727    95.7739     2.4736     1.7765      6.936 6.7308e-03       8135         43 0.0000e+00
     45.713   20.29526 -106.21274     46.000    18.8165    18.8192    18.8084    34.5628    34.5711  1024.9352    24.7336 7.0793e-01     63.332  231.12013     0.1620    96.0319     2.5243     1.7633      6.935 6.8234e-03       8173         37 0.0000e+00
     46.707   20.29526 -106.21274     47.000    18.7695    18.7748    18.7613    34.5587    34.5674  1024.9484    24.7423 7.5196e-01     61.566  231.32681     0.1614    96.0458     2.5446     1.7565      6.935 6.9079e-03       8220         60 0.0000e+00
     47.700   20.29526 -106.21274     48.000    18.6620    18.6589    18.6536    34.5514    34.5589  1024.9744    24.7638 6.6492e-01     60.946  231.79821     0.1579    96.1299     2.5597     1.7514      6.935 6.8782e-03       8282         49 0.0000e+00
     48.694   20.29526 -106.21274     49.000    18.5324    18.5332    18.5239    34.5492    34.5571  1025.0097    24.7947 6.0235e-01     59.467  232.35768     0.1511    96.2920     2.5910     1.7410      6.935 6.9372e-03       8322         36 0.0000e+00
     49.688   20.29527 -106.21274     50.000    18.3609    18.3534    18.3523    34.5403    34.5480  1025.0502    24.8307 7.1516e-01     56.383  233.11236     0.1488    96.3484     2.6198     1.7320      6.935 6.7555e-03       8373         69 0.0000e+00
     50.681   20.29526 -106.21274     51.000    18.0240    18.0220    18.0153    34.5419    34.5442  1025.1394    24.9153 5.1420e-01     51.540  234.57620     0.1450    96.4404     2.6723     1.7161      6.935 6.7737e-03       8437         45 0.0000e+00
     51.675   20.29526 -106.21274     52.000    17.8122    17.8137    17.8034    34.5491    34.5553  1025.2013    24.9727 4.2047e-01     46.540  235.49707     0.1412    96.5320     2.7827     1.6977      6.935 6.7890e-03       8470         32 0.0000e+00
     52.669   20.29527 -106.21274     53.000    17.6098    17.6096    17.6009    34.5513    34.5589  1025.2568    25.0236 4.6727e-01     40.205  236.38976     0.1369    96.6352     2.8672     1.6823      6.935 7.0101e-03       8510         49 0.0000e+00
     53.662   20.29528 -106.21274     54.000    17.4673    17.4629    17.4583    34.5425    34.5508  1025.2890    25.0513 4.5908e-01     35.844  237.03880     0.1366    96.6429     2.9172     1.6690      6.935 6.9119e-03       8565         52 0.0000e+00
     54.656   20.29528 -106.21274     55.000    17.3809    17.3810    17.3718    34.5386    34.5470  1025.3113    25.0692 4.7288e-01     37.715  237.43158     0.1398    96.5644     2.9268     1.6567      6.935 6.9732e-03       8615         54 0.0000e+00
     55.649   20.29528 -106.21274     56.000    17.3618    17.3616    17.3525    34.5349    34.5433  1025.3175    25.0709 4.7700e-01     38.682  237.52301     0.1361    96.6542     2.9234     1.6511      6.935 7.0049e-03       8679         56 0.0000e+00
     56.643   20.29528 -106.21274     57.000    17.3135    17.3135    17.3040    34.5350    34.5431  1025.3336    25.0826 3.9809e-01     38.395  237.74021     0.1367    96.6395     2.9253     1.6458      6.934 6.9023e-03       8720         37 0.0000e+00
     57.637   20.29528 -106.21274     58.000    17.2722    17.2723    17.2626    34.5362    34.5445  1025.3489    25.0934 4.0740e-01     38.061  237.92374     0.1364    96.6480     2.9333     1.6412      6.935 6.8332e-03       8757         38 0.0000e+00
     58.630   20.29528 -106.21274     59.000    17.2238    17.2229    17.2141    34.5356    34.5438  1025.3644    25.1045 4.0616e-01     37.075  238.14268     0.1369    96.6352     2.9432     1.6371      6.934 6.9824e-03       8798         41 0.0000e+00
     59.624   20.29528 -106.21274     60.000    17.0814    17.0802    17.0716    34.5427    34.5508  1025.4083    25.1439 4.4990e-01     36.427  238.77490     0.1349    96.6842     2.9623     1.6296      6.934 6.9324e-03       8840         46 0.0000e+00
     60.617   20.29526 -106.21274     61.000    16.9604    16.9561    16.9504    34.5486    34.5571  1025.4461    25.1772 4.9323e-01     32.840  239.31499     0.1326    96.7397     2.9987     1.6241      6.933 6.8164e-03       8906         78 0.0000e+00
     61.611   20.29526 -106.21274     62.000    16.8952    16.8944    16.8851    34.5511    34.5594  1025.4679    25.1944 3.3603e-01     31.014  239.60774     0.1303    96.7948     3.0383     1.6144      6.932 6.9909e-03       8968         41 0.0000e+00
     62.605   20.29526 -106.21274     63.000    16.7929    16.7942    16.7827    34.5566    34.5646  1025.5007    25.2228 3.5005e-01     30.376  240.06627     0.1298    96.8076     3.0662     1.6063      6.931 7.0198e-03       9006         46 0.0000e+00
     63.598   20.29528 -106.21274     64.000    16.7458    16.7419    16.7355    34.5581    34.5668  1025.5174    25.2350 4.3266e-01     28.678  240.27945     0.1289    96.8290     3.0900     1.6007      6.930 6.7814e-03       9063         59 0.0000e+00
     64.592   20.29528 -106.21274     65.000    16.6756    16.6752    16.6651    34.5628    34.5706  1025.5419    25.2551 3.0717e-01     28.111  240.59418     0.1311    96.7750     3.1095     1.5945      6.930 6.5601e-03       9107         34 0.0000e+00
