data/ctd-cnv/SKQ1617/SKQ1617-St15-P1/skq201617s-025avg.cnv
* Sea-Bird SBE 9 Data File:
* FileName = D:\CTD\SKQ201617S\SKQ201617S-025.hex
* Software Version Seasave V 7.22.5
* Temperature SN = 5773
* Conductivity SN = 2251
* Number of Bytes Per Scan = 37
* Number of Voltage Words = 4
* Number of Scans Averaged by the Deck Unit = 1
* NMEA Latitude = 20 13.36 N
* NMEA Longitude = 106 10.68 W
* NMEA UTC (Time) = Jan 04 2017  08:09:11
* NMEA baud rate = 4800
** Ship: R/V Sikuliaq
** Station Number: 025
** Station Name: Station 15
** Depth: 2463.99m
** Operator: RML
# nquan = 23
# nvalues = 260                         
# units = specified
# name 0 = depSMignore: Depth [salt water, m]
# name 1 = latitude: Latitude [deg]
# name 2 = longitude: Longitude [deg]
# name 3 = prDM: Pressure, Digiquartz [db]
# name 4 = t090C: Temperature [ITS-90, deg C]
# name 5 = t190C: Temperature, 2 [ITS-90, deg C]
# name 6 = potemp090C: Potential Temperature [ITS-90, deg C]
# name 7 = sal00: Salinity, Practical [PSU]
# name 8 = sal11: Salinity, Practical, 2 [PSU]
# name 9 = density00: Density [density, kg/m^3]
# name 10 = sigma-t00: Density [sigma-t, kg/m^3 ]
# name 11 = flSP: Fluorescence, Seapoint
# name 12 = sbox0Mm/Kg: Oxygen, SBE 43 [umol/kg]
# name 13 = oxsolMm/Kg: Oxygen Saturation, Garcia & Gordon [umol/kg]
# name 14 = CStarAt0: Beam Attenuation, WET Labs C-Star [1/m]
# name 15 = CStarTr0: Beam Transmission, WET Labs C-Star [%]
# name 16 = v2: Voltage 2
# name 17 = v3: Voltage 3
# name 18 = ph: pH
# name 19 = par: PAR/Irradiance, Biospherical/Licor
# name 20 = scan: Scan Count
# name 21 = nbin: number of scans per bin
# name 22 = flag: flag
# span 0 =      2.982,    260.231       
# span 1 =   20.22266,   20.22268       
# span 2 = -106.17808, -106.17806       
# span 3 =      3.000,    262.000       
# span 4 =    11.4519,    25.8682       
# span 5 =    11.4571,    25.8672       
# span 6 =    11.4188,    25.8671       
# span 7 =    34.5316,    34.8161       
# span 8 =    34.5408,    34.8243       
# span 9 =  1022.8540,  1027.6615       
# span 10 =    22.8331,    26.4859      
# span 11 = 6.9553e-02, 6.8173e+00      
# span 12 =      0.192,    199.421      
# span 13 =  204.22975,  266.78367      
# span 14 =     0.0725,     0.5678      
# span 15 =    86.7660,    98.2030      
# span 16 =     1.4292,     3.7118      
# span 17 =     1.1794,     2.2410      
# span 18 =      6.872,      6.963      
# span 19 = -6.936e-07, 5.3203e-01      
# span 20 =       -219,      16956      
# span 21 =         18,       1585      
# span 22 = 0.0000e+00, 0.0000e+00      
# interval = decibars: 1                
# start_time = Jan 04 2017 08:09:11 [NMEA time, header]
# bad_flag = -9.990e-29
*END*
      2.982   20.22266 -106.17806      3.000    25.8404    25.8389    25.8397    34.6794    34.6906  1022.8540    22.8411 3.1535e-01    195.772  204.32490     0.1973    95.1862     1.4296     2.2368      6.959 5.3203e-01       -219         63 0.0000e+00
      3.976   20.22267 -106.17806      4.000    25.8551    25.8578    25.8543    34.6802    34.6903  1022.8543    22.8371 2.9552e-01    197.916  204.27413     0.1909    95.3383     1.4292     2.2395      6.959 4.2736e-01        576        189 0.0000e+00
      4.969   20.22266 -106.17806      5.000    25.8682    25.8672    25.8671    34.6803    34.6910  1022.8547    22.8331 2.7598e-01    198.262  204.22975     0.1923    95.3066     1.4294     2.2396      6.960 3.0162e-01        741         78 0.0000e+00
      5.963   20.22268 -106.17806      6.000    25.8615    25.8556    25.8601    34.6802    34.6910  1022.8610    22.8352 3.1561e-01    198.344  204.25270     0.1919    95.3162     1.4294     2.2396      6.960 2.1246e-01        880        138 0.0000e+00
      6.957   20.22266 -106.17806      7.000    25.8347    25.8350    25.8331    34.6808    34.6914  1022.8741    22.8439 2.9223e-01    197.513  204.34241     0.1941    95.2633     1.4296     2.2392      6.960 1.7628e-01       1008        121 0.0000e+00
      7.951   20.22267 -106.17806      8.000    25.8360    25.8368    25.8342    34.6808    34.6913  1022.8779    22.8435 2.9433e-01    198.286  204.33802     0.1902    95.3558     1.4297     2.2386      6.960 1.3889e-01       1144        118 0.0000e+00
      8.945   20.22267 -106.17806      9.000    25.8418    25.8424    25.8398    34.6807    34.6914  1022.8804    22.8416 3.2863e-01    198.639  204.31863     0.1915    95.3257     1.4296     2.2390      6.960 1.1846e-01       1246        113 0.0000e+00
      9.939   20.22266 -106.17806     10.000    25.8418    25.8421    25.8396    34.6806    34.6913  1022.8846    22.8415 2.9402e-01    198.640  204.31865     0.1900    95.3603     1.4295     2.2392      6.960 9.7386e-02       1353        123 0.0000e+00
     10.932   20.22266 -106.17806     11.000    25.8437    25.8438    25.8412    34.6805    34.6913  1022.8882    22.8409 2.7917e-01    198.821  204.31229     0.1919    95.3154     1.4295     2.2394      6.960 8.7438e-02       1455         79 0.0000e+00
     11.926   20.22266 -106.17806     12.000    25.8456    25.8446    25.8430    34.6810    34.6912  1022.8923    22.8406 2.9723e-01    198.730  204.30512     0.1926    95.2997     1.4296     2.2395      6.960 6.5281e-02       1570         98 0.0000e+00
     12.920   20.22266 -106.17806     13.000    25.8373    25.8366    25.8344    34.6809    34.6912  1022.8991    22.8431 3.2248e-01    199.172  204.33334     0.1925    95.3007     1.4300     2.2397      6.960 6.1209e-02       3736       1497 0.0000e+00
     13.914   20.22266 -106.17806     14.000    25.8371    25.8369    25.8340    34.6818    34.6920  1022.9042    22.8439 3.0655e-01    198.562  204.33283     0.1928    95.2946     1.4300     2.2405      6.962 6.1894e-02       7196         65 0.0000e+00
     14.908   20.22266 -106.17806     15.000    25.8370    25.8368    25.8337    34.6816    34.6919  1022.9084    22.8438 3.2717e-01    199.421  204.33343     0.1931    95.2865     1.4299     2.2406      6.962 5.2279e-02       7382         70 0.0000e+00
     15.901   20.22266 -106.17806     16.000    25.8371    25.8372    25.8336    34.6818    34.6920  1022.9128    22.8439 2.9074e-01    198.472  204.33258     0.1922    95.3076     1.4302     2.2406      6.962 4.7633e-02       7434         46 0.0000e+00
     16.895   20.22266 -106.17806     17.000    25.8375    25.8373    25.8338    34.6819    34.6921  1022.9170    22.8438 2.8576e-01    198.884  204.33102     0.1944    95.2557     1.4301     2.2407      6.962 4.3815e-02       7482         51 0.0000e+00
     17.889   20.22266 -106.17806     18.000    25.8369    25.8367    25.8329    34.6817    34.6919  1022.9214    22.8439 2.8825e-01    199.210  204.33354     0.1921    95.3094     1.4300     2.2410      6.963 3.7711e-02       7529         36 0.0000e+00
     18.883   20.22266 -106.17806     19.000    25.8379    25.8373    25.8337    34.6817    34.6918  1022.9253    22.8435 2.8910e-01    198.484  204.33002     0.1935    95.2784     1.4300     2.2407      6.960 3.3545e-02       7567         43 0.0000e+00
     19.877   20.22266 -106.17806     20.000    25.7346    25.7245    25.7302    34.6772    34.6869  1022.9582    22.8721 4.4512e-01    199.101  204.68604     0.2009    95.1004     1.4310     2.2399      6.962 2.9619e-02       7626         71 0.0000e+00
     20.870   20.22266 -106.17806     21.000    25.5286    25.5274    25.5240    34.6677    34.6773  1023.0191    22.9286 7.0184e-01    196.823  205.39814     0.2261    94.5035     1.4392     2.2297      6.962 2.6853e-02       7687         47 0.0000e+00
     21.864   20.22266 -106.17806     22.000    25.4969    25.4992    25.4921    34.6649    34.6757  1023.0310    22.9362 6.5660e-01    195.863  205.51009     0.2298    94.4166     1.4461     2.2231      6.961 2.3785e-02       7730         43 0.0000e+00
     22.858   20.22266 -106.17806     23.000    25.4799    25.4798    25.4748    34.6650    34.6747  1023.0406    22.9415 6.9469e-01    196.984  205.56794     0.2266    94.4936     1.4488     2.2204      6.962 2.3050e-02       7771         41 0.0000e+00
     23.852   20.22266 -106.17806     24.000    25.3083    25.2964    25.3030    34.6581    34.6657  1023.0923    22.9888 9.8165e-01    196.005  206.16606     0.2330    94.3416     1.4519     2.2175      6.961 2.0795e-02       7815         45 0.0000e+00
     24.846   20.22266 -106.17806     25.000    24.3455    24.3404    24.3402    34.6258    34.6326  1023.3632    23.2552 2.3270e+00    193.090  209.56788     0.3001    92.7745     1.4790     2.1916      6.962 2.0212e-02       7859         42 0.0000e+00
     25.839   20.22266 -106.17806     26.000    23.1617    23.1715    23.1564    34.5755    34.5776  1023.6757    23.5630 4.3564e+00    182.788  213.93648     0.4093    90.2776     1.5261     2.1422      6.961 1.8494e-02       7903         48 0.0000e+00
     26.833   20.22266 -106.17806     27.000    21.5339    21.5481    21.5287    34.5562    34.5612  1024.1272    24.0098 6.8173e+00    155.378  220.08669     0.5437    87.2926     1.6417     2.0544      6.960 1.6743e-02       7962         71 0.0000e+00
     27.827   20.22266 -106.17806     28.000    21.3462    21.3451    21.3408    34.5376    34.5450  1024.1694    24.0475 6.0418e+00    136.324  220.83998     0.5628    86.8742     1.7619     1.9934      6.960 1.4343e-02       8026         49 0.0000e+00
     28.821   20.22266 -106.17806     29.000    21.2466    21.2445    21.2410    34.5316    34.5408  1024.1965    24.0702 5.8674e+00    136.183  221.23850     0.5678    86.7660     1.8253     1.9651      6.960 1.3648e-02       8069         40 0.0000e+00
     29.814   20.22266 -106.17806     30.000    21.0094    21.0090    21.0036    34.5351    34.5444  1024.2681    24.1373 5.4581e+00    133.002  222.16868     0.5446    87.2718     1.8589     1.9492      6.960 1.2708e-02       8108         40 0.0000e+00
     30.808   20.22266 -106.17806     31.000    20.1969    20.1992    20.1912    34.5587    34.5619  1024.5085    24.3731 2.2334e+00    120.298  225.38689     0.3666    91.2709     1.9180     1.9287      6.958 1.1630e-02       8154         51 0.0000e+00
     31.802   20.22266 -106.17806     32.000    20.0656    20.0676    20.0597    34.5576    34.5651  1024.5468    24.4071 1.4029e+00     86.213  225.92176     0.2335    94.3278     2.0651     1.8926      6.958 1.0929e-02       8203         46 0.0000e+00
     32.795   20.22266 -106.17806     33.000    20.0314    20.0320    20.0253    34.5560    34.5634  1024.5590    24.4149 1.2491e+00     86.345  226.06407     0.2260    94.5081     2.1919     1.8730      6.958 1.0013e-02       8251         49 0.0000e+00
     33.789   20.22266 -106.17806     34.000    19.9932    19.9923    19.9869    34.5569    34.5649  1024.5742    24.4256 1.2149e+00     87.056  226.21870     0.2184    94.6850     2.2339     1.8661      6.958 9.7800e-03       8304         54 0.0000e+00
     34.783   20.22266 -106.17806     35.000    19.9134    19.9141    19.9070    34.5622    34.5697  1024.6035    24.4506 1.0776e+00     85.780  226.53753     0.2120    94.8366     2.2557     1.8566      6.958 9.3006e-03       8355         48 0.0000e+00
     35.777   20.22266 -106.17806     36.000    19.7581    19.7531    19.7516    34.5622    34.5675  1024.6486    24.4912 1.0509e+00     83.433  227.17613     0.1996    95.1324     2.2804     1.8472      6.958 8.7441e-03       8401         45 0.0000e+00
     36.770   20.22266 -106.17806     37.000    19.4846    19.4826    19.4779    34.5580    34.5650  1024.7209    24.5590 8.9031e-01     79.065  228.31523     0.1879    95.4109     2.3216     1.8318      6.957 8.7150e-03       8450         49 0.0000e+00
     37.764   20.22266 -106.17806     38.000    19.2742    19.2737    19.2673    34.5558    34.5627  1024.7779    24.6116 7.8357e-01     72.992  229.19789     0.1744    95.7328     2.3825     1.8164      6.954 8.6154e-03       8497         44 0.0000e+00
     38.758   20.22266 -106.17806     39.000    18.8946    18.8931    18.8877    34.5479    34.5564  1024.8733    24.7024 6.7880e-01     68.889  230.81239     0.1721    95.7901     2.4567     1.7956      6.953 8.5611e-03       8538         41 0.0000e+00
     39.751   20.22266 -106.17806     40.000    18.5514    18.5510    18.5445    34.5557    34.5608  1024.9703    24.7948 6.2813e-01     58.589  232.26655     0.1585    96.1158     2.5582     1.7733      6.953 8.5095e-03       8585         56 0.0000e+00
     40.745   20.22266 -106.17806     41.000    18.4099    18.4109    18.4028    34.5511    34.5574  1025.0067    24.8268 5.9847e-01     51.193  232.88276     0.1519    96.2739     2.6354     1.7579      6.953 8.4794e-03       8646         61 0.0000e+00
     41.739   20.22266 -106.17806     42.000    18.3529    18.3556    18.3457    34.5465    34.5546  1025.0218    24.8374 5.5923e-01     50.255  233.13664     0.1508    96.3003     2.6986     1.7416      6.952 8.4896e-03       8700         43 0.0000e+00
     42.732   20.22266 -106.17806     43.000    18.2801    18.2809    18.2727    34.5468    34.5547  1025.0446    24.8557 5.3134e-01     49.867  233.45208     0.1522    96.2668     2.7297     1.7308      6.950 8.4566e-03       8739         38 0.0000e+00
     43.726   20.22266 -106.17806     44.000    18.1715    18.1726    18.1639    34.5505    34.5583  1025.0787    24.8855 5.3227e-01     48.174  233.91861     0.1486    96.3529     2.7553     1.7208      6.949 8.4565e-03       8782         47 0.0000e+00
     44.720   20.22266 -106.17806     45.000    18.0049    18.0037    17.9972    34.5601    34.5688  1025.1317    24.9339 4.5428e-01     44.186  234.63213     0.1474    96.3814     2.8145     1.7096      6.949 8.4566e-03       8830         46 0.0000e+00
     45.713   20.22266 -106.17806     46.000    17.8084    17.8069    17.8006    34.5589    34.5675  1025.1834    24.9812 4.0509e-01     36.108  235.49777     0.1382    96.6052     2.9239     1.6926      6.949 8.4565e-03       8876         50 0.0000e+00
     46.707   20.22266 -106.17806     47.000    17.6132    17.6200    17.6053    34.5514    34.5595  1025.2297    25.0229 3.9837e-01     34.830  236.37492     0.1357    96.6653     2.9636     1.6824      6.947 8.4315e-03       8935         57 0.0000e+00
     47.701   20.22266 -106.17806     48.000    17.4163    17.4140    17.4083    34.5680    34.5768  1025.2946    25.0833 3.2451e-01     35.311  237.22542     0.1341    96.7024     2.9985     1.6646      6.945 8.4216e-03       8986         41 0.0000e+00
     48.694   20.22266 -106.17806     49.000    17.3793    17.3790    17.3711    34.5783    34.5870  1025.3158    25.1000 3.2084e-01     30.904  237.37499     0.1320    96.7529     3.0805     1.6559      6.944 8.4558e-03       9028         48 0.0000e+00
     49.688   20.22266 -106.17806     50.000    17.2968    17.2985    17.2885    34.5803    34.5886  1025.3416    25.1214 3.1963e-01     25.218  237.74191     0.1316    96.7646     3.1403     1.6466      6.944 8.4565e-03       9080         55 0.0000e+00
     50.682   20.22266 -106.17806     51.000    17.2762    17.2747    17.2678    34.5788    34.5870  1025.3498    25.1251 2.8814e-01     24.741  237.83680     0.1291    96.8247     3.1593     1.6421      6.944 8.4565e-03       9128         39 0.0000e+00
     51.675   20.22266 -106.17806     52.000    17.2446    17.2472    17.2360    34.5765    34.5848  1025.3600    25.1309 2.9760e-01     25.179  237.98305     0.1290    96.8264     3.1614     1.6377      6.944 8.4851e-03       9170         48 0.0000e+00
     52.669   20.22266 -106.17806     53.000    17.2220    17.2224    17.2132    34.5745    34.5830  1025.3683    25.1348 2.8893e-01     25.647  238.08786     0.1287    96.8348     3.1575     1.6340      6.942 8.3958e-03       9221         48 0.0000e+00
     53.663   20.22266 -106.17806     54.000    17.1987    17.1977    17.1897    34.5734    34.5821  1025.3775    25.1396 2.9154e-01     25.632  238.19491     0.1304    96.7924     3.1568     1.6309      6.940 8.4557e-03       9269         50 0.0000e+00
     54.656   20.22266 -106.17806     55.000    17.1809    17.1798    17.1718    34.5718    34.5804  1025.3849    25.1426 3.1569e-01     25.646  238.27776     0.1271    96.8728     3.1554     1.6307      6.939 8.4565e-03       9322         49 0.0000e+00
     55.650   20.22266 -106.17806     56.000    17.1564    17.1565    17.1472    34.5708    34.5799  1025.3944    25.1476 2.8957e-01     25.661  238.38985     0.1279    96.8537     3.1559     1.6275      6.939 8.4565e-03       9365         39 0.0000e+00
     56.643   20.22266 -106.17806     57.000    17.0543    17.0588    17.0450    34.5712    34.5795  1025.4235    25.1722 2.9194e-01     25.568  238.85128     0.1271    96.8721     3.1586     1.6217      6.939 8.4100e-03       9413         58 0.0000e+00
     57.637   20.22266 -106.17806     58.000    16.9192    16.9240    16.9097    34.5707    34.5786  1025.4596    25.2039 2.7410e-01     25.150  239.46626     0.1302    96.7981     3.1639     1.6152      6.939 8.4276e-03       9471         47 0.0000e+00
     58.630   20.22266 -106.17806     59.000    16.8543    16.8539    16.8447    34.5900    34.5986  1025.4942    25.2340 2.5733e-01     25.064  239.73088     0.1342    96.7000     3.1782     1.6061      6.938 8.4569e-03       9511         38 0.0000e+00
     59.624   20.22266 -106.17806     60.000    16.8611    16.8609    16.8513    34.6160    34.6247  1025.5169    25.2523 2.5970e-01     21.539  239.65748     0.1270    96.8751     3.2825     1.6023      6.937 8.1950e-03       9555         53 0.0000e+00
     60.618   20.22266 -106.17806     61.000    16.8647    16.8647    16.8547    34.6210    34.6297  1025.5244    25.2554 2.6443e-01     13.419  239.63274     0.1268    96.8809     3.3568     1.6018      6.935 8.1994e-03       9615         60 0.0000e+00
     61.611   20.22266 -106.17806     62.000    16.6712    16.6691    16.6612    34.6467    34.6553  1025.5941    25.3205 2.4419e-01     13.599  240.47737     0.1282    96.8448     3.4178     1.5955      6.935 7.9731e-03       9664         41 0.0000e+00
     62.605   20.22266 -106.17806     63.000    16.5697    16.5672    16.5595    34.6521    34.6608  1025.6265    25.3485 2.2828e-01      9.687  240.93544     0.1243    96.9394     3.4932     1.5835      6.935 7.9880e-03       9702         39 0.0000e+00
     63.598   20.22266 -106.17806     64.000    16.5345    16.5344    16.5242    34.6535    34.6623  1025.6403    25.3577 2.2377e-01      7.498  241.09522     0.1240    96.9474     3.5211     1.5779      6.935 7.9587e-03       9747         48 0.0000e+00
