data/ctd-cnv/SKQ1617/SKQ1617-St15-P1/skq201617s-019avg.cnv
* Sea-Bird SBE 9 Data File:
* FileName = D:\CTD\SKQ201617S\SKQ201617S-019.hex
* Software Version Seasave V 7.22.5
* Temperature SN = 5773
* Conductivity SN = 2251
* Number of Bytes Per Scan = 37
* Number of Voltage Words = 4
* Number of Scans Averaged by the Deck Unit = 1
* NMEA Latitude = 20 08.99 N
* NMEA Longitude = 106 01.96 W
* NMEA UTC (Time) = Jan 01 2017  16:01:44
* NMEA baud rate = 4800
** Ship: R/V Sikuliaq
** Station Number: 019
** Station Name: Station 15
** Depth: 2386 m
** Operator: RML
# nquan = 23
# nvalues = 503                         
# units = specified
# name 0 = depSM: Depth [salt water, m]
# name 1 = latitude: Latitude [deg]
# name 2 = longitude: Longitude [deg]
# name 3 = prDM: Pressure, Digiquartz [db]
# name 4 = t090C: Temperature [ITS-90, deg C]
# name 5 = t190C: Temperature, 2 [ITS-90, deg C]
# name 6 = potemp090C: Potential Temperature [ITS-90, deg C]
# name 7 = sal00: Salinity, Practical [PSU]
# name 8 = sal11: Salinity, Practical, 2 [PSU]
# name 9 = density00: Density [density, kg/m^3]
# name 10 = sigma-t00: Density [sigma-t, kg/m^3 ]
# name 11 = flSP: Fluorescence, Seapoint
# name 12 = sbox0Mm/Kg: Oxygen, SBE 43 [umol/kg]
# name 13 = oxsolMm/Kg: Oxygen Saturation, Garcia & Gordon [umol/kg]
# name 14 = CStarAt0: Beam Attenuation, WET Labs C-Star [1/m]
# name 15 = CStarTr0: Beam Transmission, WET Labs C-Star [%]
# name 16 = v2: Voltage 2
# name 17 = v3: Voltage 3
# name 18 = ph: pH
# name 19 = par: PAR/Irradiance, Biospherical/Licor
# name 20 = scan: Scan Count
# name 21 = nbin: number of scans per bin
# name 22 = flag: flag
# span 0 =      2.982,    501.299       
# span 1 =   20.14988,   20.15010       
# span 2 = -106.03276, -106.03274       
# span 3 =      3.000,    505.000       
# span 4 =     8.0123,    26.0331       
# span 5 =     7.9479,    26.0340       
# span 6 =     7.9605,    26.0323       
# span 7 =    34.5122,    34.8175       
# span 8 =    34.5200,    34.8259       
# span 9 =  1022.7922,  1029.2209       
# span 10 =    22.7750,    26.9280      
# span 11 = 6.9396e-02, 5.3288e+00      
# span 12 =      0.133,    200.833      
# span 13 =  203.68658,  287.75865      
# span 14 =     0.0584,     0.4935      
# span 15 =    88.3927,    98.5496      
# span 16 =     1.4331,     3.7474      
# span 17 =     0.9295,     2.2549      
# span 18 =      7.695,      8.327      
# span 19 = 1.0000e-12, 2.9836e+02      
# span 20 =         39,      19716      
# span 21 =         16,        988      
# span 22 = 0.0000e+00, 0.0000e+00      
# interval = decibars: 1                
# start_time = Jan 01 2017 16:01:44 [NMEA time, header]
# bad_flag = -9.990e-29
*END*
[from data line 63]
     65.586   20.14988 -106.03274     66.000    15.4036    15.4041    15.3935    34.7350    34.7434  1025.9708    25.6783 1.9592e-01      1.971  246.28799     0.1176    97.1032     3.7113     1.5103      7.822 1.4555e+00       6476         31 0.0000e+00
     66.579   20.14988 -106.03274     67.000    15.3664    15.3666    15.3561    34.7367    34.7451  1025.9848    25.6880 2.1413e-01      1.344  246.46449     0.1208    97.0244     3.7170     1.5033      7.822 1.3702e+00       6508         33 0.0000e+00
     67.573   20.14988 -106.03274     68.000    15.3218    15.3216    15.3114    34.7343    34.7427  1025.9974    25.6961 1.7661e-01      1.166  246.68353     0.1200    97.0450     3.7191     1.4981      7.820 1.2969e+00       6543         38 0.0000e+00
     68.567   20.14988 -106.03274     69.000    15.2757    15.2748    15.2652    34.7347    34.7434  1026.0124    25.7066 1.8408e-01      1.293  246.90535     0.1172    97.1120     3.7192     1.4936      7.817 1.2288e+00       6581         39 0.0000e+00
     69.560   20.14988 -106.03274     70.000    15.2351    15.2159    15.2245    34.7427    34.7509  1026.0320    25.7217 3.0710e-01      1.207  247.08810     0.1302    96.7987     3.7185     1.4926      7.818 1.1478e+00       6635         75 0.0000e+00
     70.554   20.14988 -106.03274     71.000    15.1184    15.0739    15.1077    34.7438    34.7556  1026.0632    25.7483 3.2605e-01      1.049  247.65244     0.1332    96.7242     3.7179     1.4898      7.816 1.0633e+00       6712         61 0.0000e+00
     71.547   20.14988 -106.03274     72.000    15.0051    15.0057    14.9943    34.7503    34.7587  1026.0977    25.7783 3.6303e-01      1.089  248.19264     0.1343    96.6992     3.7199     1.4807      7.814 1.0022e+00       6759         39 0.0000e+00
     72.541   20.14988 -106.03274     73.000    14.9927    14.9917    14.9817    34.7514    34.7600  1026.1057    25.7818 3.8620e-01      0.939  248.25134     0.1360    96.6578     3.7239     1.4725      7.814 9.4342e-01       6797         34 0.0000e+00
     73.534   20.14988 -106.03274     74.000    14.9736    14.9727    14.9624    34.7533    34.7616  1026.1158    25.7875 4.1985e-01      0.932  248.34157     0.1376    96.6182     3.7254     1.4688      7.814 8.8508e-01       6840         46 0.0000e+00
     74.528   20.14988 -106.03274     75.000    14.9255    14.9240    14.9143    34.7554    34.7647  1026.1325    25.7997 4.4546e-01      0.945  248.57278     0.1403    96.5549     3.7248     1.4660      7.814 8.2304e-01       6888         44 0.0000e+00
     75.521   20.14988 -106.03274     76.000    14.8555    14.8548    14.8441    34.7607    34.7695  1026.1563    25.8190 4.8127e-01      0.868  248.90709     0.1389    96.5872     3.7253     1.4608      7.814 7.5825e-01       6933         50 0.0000e+00
     76.515   20.14988 -106.03274     77.000    14.8392    14.8380    14.8277    34.7613    34.7701  1026.1649    25.8231 4.8959e-01      0.842  248.98585     0.1407    96.5440     3.7250     1.4602      7.812 7.0003e-01       6986         53 0.0000e+00
     77.508   20.14988 -106.03274     78.000    14.8271    14.8260    14.8155    34.7609    34.7697  1026.1716    25.8254 4.8395e-01      0.834  249.04582     0.1403    96.5538     3.7241     1.4616      7.802 6.5463e-01       7040         49 0.0000e+00
     78.502   20.14988 -106.03274     79.000    14.7615    14.7595    14.7497    34.7645    34.7733  1026.1932    25.8424 5.0403e-01      0.850  249.36255     0.1403    96.5543     3.7249     1.4544      7.787 6.1074e-01       7085         42 0.0000e+00
     79.495   20.14988 -106.03274     80.000    14.6954    14.6956    14.6836    34.7698    34.7784  1026.2161    25.8608 5.3454e-01      0.851  249.67887     0.1397    96.5675     3.7265     1.4478      7.810 5.6438e-01       7133         52 0.0000e+00
     80.489   20.14988 -106.03274     81.000    14.6649    14.6630    14.6528    34.7700    34.7788  1026.2274    25.8676 5.3392e-01      0.851  249.82949     0.1405    96.5484     3.7254     1.4480      7.810 5.2249e-01       7193         56 0.0000e+00
     81.482   20.14988 -106.03274     82.000    14.6450    14.6443    14.6328    34.7684    34.7773  1026.2348    25.8707 5.2191e-01      0.836  249.93053     0.1414    96.5258     3.7260     1.4413      7.810 4.8403e-01       7235         35 0.0000e+00
     82.476   20.14988 -106.03274     83.000    14.6308    14.6318    14.6185    34.7680    34.7767  1026.2421    25.8735 5.3640e-01      0.788  250.00139     0.1053    97.4038     3.7276     1.4375      7.809 4.4735e-01       7272         39 0.0000e+00
     83.469   20.14988 -106.03274     84.000    14.6115    14.6084    14.5991    34.7676    34.7769  1026.2504    25.8772 5.4034e-01      0.757  250.09757     0.0868    97.8548     3.7277     1.4353      7.808 4.1231e-01       7317         49 0.0000e+00
     84.463   20.14988 -106.03274     85.000    14.5835    14.5823    14.5709    34.7700    34.7792  1026.2628    25.8852 5.4318e-01      0.737  250.23235     0.0864    97.8633     3.7268     1.4366      7.805 3.8079e-01       7374         65 0.0000e+00
     85.456   20.14988 -106.03274     86.000    14.5604    14.5567    14.5478    34.7717    34.7812  1026.2735    25.8915 5.1510e-01      0.710  250.34349     0.0872    97.8442     3.7261     1.4359      7.805 3.5227e-01       7438         53 0.0000e+00
     86.450   20.14988 -106.03274     87.000    14.5384    14.5383    14.5255    34.7747    34.7834  1026.2851    25.8986 5.0863e-01      0.720  250.44785     0.0869    97.8501     3.7257     1.4311      7.806 3.2710e-01       7482         40 0.0000e+00
     87.443   20.14988 -106.03274     88.000    14.5349    14.5349    14.5220    34.7744    34.7832  1026.2900    25.8990 5.0962e-01      0.679  250.46547     0.0869    97.8513     3.7277     1.4267      7.806 3.0409e-01       7522         40 0.0000e+00
     88.437   20.14988 -106.03274     89.000    14.4829    14.4822    14.4698    34.7783    34.7871  1026.3086    25.9132 4.9309e-01      0.689  250.71745     0.0872    97.8419     3.7288     1.4234      7.806 2.8279e-01       7560         41 0.0000e+00
     89.430   20.14988 -106.03274     90.000    14.4440    14.4411    14.4308    34.7821    34.7916  1026.3245    25.9245 5.1919e-01      0.694  250.90425     0.0878    97.8290     3.7282     1.4218      7.806 2.6061e-01       7609         54 0.0000e+00
     90.423   20.14988 -106.03274     91.000    14.3507    14.3450    14.3374    34.7872    34.7975  1026.3529    25.9484 4.9776e-01      0.693  251.36109     0.0874    97.8397     3.7276     1.4220      7.805 2.3800e-01       7667         61 0.0000e+00
     91.417   20.14988 -106.03274     92.000    14.3256    14.3161    14.3121    34.7876    34.7982  1026.3630    25.9540 4.9007e-01      0.683  251.48623     0.1353    96.6738     3.7265     1.4180      7.804 2.1779e-01       7739         64 0.0000e+00
     92.410   20.14988 -106.03274     93.000    14.2572    14.2563    14.2436    34.7912    34.8001  1026.3849    25.9714 4.1226e-01      0.630  251.82252     0.1395    96.5728     3.7281     1.4092      7.803 2.0426e-01       7782         31 0.0000e+00
     93.404   20.14988 -106.03274     94.000    14.2343    14.2340    14.2206    34.7914    34.8000  1026.3945    25.9764 4.0373e-01      0.701  251.93696     0.1395    96.5727     3.7300     1.4043      7.802 1.9140e-01       7810         25 0.0000e+00
     94.397   20.14988 -106.03274     95.000    14.1905    14.1895    14.1767    34.7929    34.8017  1026.4094    25.9869 4.0270e-01      0.587  252.15432     0.1395    96.5714     3.7302     1.4005      7.802 1.7901e-01       7840         38 0.0000e+00
     95.391   20.14988 -106.03274     96.000    14.1712    14.1660    14.1573    34.7945    34.8033  1026.4191    25.9921 4.5096e-01      0.606  252.24870     0.1392    96.5801     3.7295     1.4001      7.802 1.6640e-01       7888         59 0.0000e+00
     96.384   20.14988 -106.03274     97.000    14.1715    14.1492    14.1574    34.7942    34.8045  1026.4233    25.9918 4.4495e-01      0.581  252.24785     0.1402    96.5561     3.7288     1.4008      7.802 1.5125e-01       7970         88 0.0000e+00
     97.378   20.14988 -106.03274     98.000    14.1155    14.1163    14.1014    34.7959    34.8042  1026.4410    26.0050 3.7310e-01      0.576  252.52665     0.1394    96.5741     3.7297     1.3943      7.802 1.3926e-01       8032         40 0.0000e+00
     98.371   20.14988 -106.03274     99.000    14.1107    14.1100    14.0964    34.7948    34.8034  1026.4456    26.0052 3.6543e-01      0.582  252.55304     0.1390    96.5845     3.7311     1.3910      7.801 1.2915e-01       8066         31 0.0000e+00
     99.364   20.14988 -106.03274    100.000    14.0964    14.0960    14.0819    34.7944    34.8031  1026.4528    26.0079 3.6671e-01      0.596  252.62596     0.1399    96.5622     3.7314     1.3888      7.800 1.2016e-01       8099         36 0.0000e+00
    100.358   20.14988 -106.03274    101.000    14.0772    14.0760    14.0626    34.7951    34.8040  1026.4619    26.0125 3.7549e-01      0.580  252.72137     0.1397    96.5673     3.7308     1.3876      7.798 1.1312e-01       8138         43 0.0000e+00
    101.351   20.14988 -106.03274    102.000    14.0381    14.0346    14.0234    34.7985    34.8078  1026.4772    26.0233 3.9772e-01      0.578  252.91350     0.1404    96.5499     3.7294     1.3890      7.798 1.0619e-01       8189         58 0.0000e+00
    102.345   20.14988 -106.03274    103.000    13.9794    13.9781    13.9646    34.8009    34.8100  1026.4960    26.0376 3.3953e-01      0.582  253.20631     0.1385    96.5966     3.7289     1.3867      7.798 9.8981e-02       8241         49 0.0000e+00
    103.338   20.14988 -106.03274    104.000    13.9691    13.9625    13.9542    34.8022    34.8109  1026.5037    26.0408 3.7325e-01      0.568  253.25605     0.1384    96.5985     3.7299     1.3834      7.798 9.0061e-02       8310         84 0.0000e+00
    104.331   20.14988 -106.03274    105.000    13.9371    13.9370    13.9221    34.8018    34.8102  1026.5145    26.0471 3.0662e-01      0.564  253.41903     0.1383    96.6017     3.7308     1.3775      7.798 8.3220e-02       8369         34 0.0000e+00
    105.325   20.14988 -106.03274    106.000    13.9312    13.9312    13.9160    34.8019    34.8104  1026.5203    26.0485 3.0431e-01      0.543  253.44911     0.1375    96.6210     3.7314     1.3750      7.795 7.7702e-02       8397         25 0.0000e+00
    106.318   20.14988 -106.03274    107.000    13.9248    13.9246    13.9094    34.8018    34.8103  1026.5260    26.0497 3.0738e-01      0.544  253.48186     0.1379    96.6117     3.7315     1.3733      7.794 7.2915e-02       8422         26 0.0000e+00
    107.311   20.14988 -106.03274    108.000    13.9125    13.9124    13.8970    34.8020    34.8106  1026.5332    26.0524 3.0769e-01      0.486  253.54385     0.1373    96.6254     3.7320     1.3717      7.797 6.8125e-02       8450         29 0.0000e+00
    108.305   20.14988 -106.03274    109.000    13.9045    13.9046    13.8889    34.8023    34.8107  1026.5395    26.0543 3.1338e-01      0.566  253.58380     0.1388    96.5891     3.7319     1.3705      7.797 6.3731e-02       8482         30 0.0000e+00
    109.298   20.14988 -106.03274    110.000    13.9005    13.9005    13.8847    34.8021    34.8106  1026.5447    26.0550 3.1525e-01      0.483  253.60487     0.1382    96.6043     3.7316     1.3696      7.796 5.9881e-02       8515         35 0.0000e+00
    110.291   20.14988 -106.03274    111.000    13.8922    13.8921    13.8763    34.8023    34.8109  1026.5510    26.0569 3.1816e-01      0.534  253.64635     0.1373    96.6261     3.7317     1.3691      7.794 5.5861e-02       8547         31 0.0000e+00
    111.285   20.14988 -106.03274    112.000    13.8863    13.8863    13.8703    34.8023    34.8109  1026.5568    26.0581 3.2721e-01      0.503  253.67632     0.1373    96.6264     3.7321     1.3680      7.795 5.2127e-02       8579         31 0.0000e+00
    112.278   20.14988 -106.03274    113.000    13.8762    13.8759    13.8600    34.8023    34.8110  1026.5633    26.0602 3.3365e-01      0.446  253.72795     0.1376    96.6190     3.7322     1.3672      7.794 4.8250e-02       8609         31 0.0000e+00
    113.271   20.14988 -106.03274    114.000    13.8478    13.8468    13.8315    34.8016    34.8106  1026.5732    26.0657 3.3198e-01      0.527  253.87369     0.1365    96.6456     3.7323     1.3656      7.794 4.4609e-02       8639         27 0.0000e+00
    114.265   20.14988 -106.03274    115.000    13.7962    13.7953    13.7799    34.8016    34.8102  1026.5885    26.0764 3.0868e-01      0.493  254.13659     0.1356    96.6674     3.7326     1.3633      7.794 4.1452e-02       8666         26 0.0000e+00
    115.258   20.14988 -106.03274    116.000    13.7298    13.7284    13.7134    34.8019    34.8107  1026.6072    26.0905 2.8032e-01      0.465  254.47550     0.1369    96.6361     3.7326     1.3595      7.794 3.8552e-02       8689         22 0.0000e+00
    116.251   20.14988 -106.03274    117.000    13.6548    13.6550    13.6383    34.8102    34.8186  1026.6337    26.1124 2.5295e-01      0.510  254.84514     0.1353    96.6751     3.7331     1.3547      7.794 3.6151e-02       8711         21 0.0000e+00
    117.245   20.14988 -106.03274    118.000    13.6480    13.6481    13.6313    34.8120    34.8204  1026.6410    26.1152 2.5134e-01      0.562  254.87683     0.1342    96.7005     3.7331     1.3513      7.794 3.3767e-02       8733         23 0.0000e+00
    118.238   20.14988 -106.03274    119.000    13.6347    13.6342    13.6179    34.8130    34.8214  1026.6489    26.1187 2.5116e-01      0.575  254.94346     0.1336    96.7154     3.7334     1.3494      7.794 3.1599e-02       8755         23 0.0000e+00
    119.231   20.14988 -106.03274    120.000    13.6037    13.6033    13.5867    34.8135    34.8220  1026.6603    26.1255 2.3837e-01      0.505  255.10198     0.1339    96.7081     3.7333     1.3472      7.794 2.9627e-02       8778         21 0.0000e+00
    120.225   20.14988 -106.03274    121.000    13.5617    13.5615    13.5447    34.8132    34.8216  1026.6732    26.1339 2.2425e-01      0.535  255.31841     0.1332    96.7243     3.7336     1.3446      7.794 2.8182e-02       8798         20 0.0000e+00
    121.218   20.14990 -106.03274    122.000    13.5108    13.5097    13.4936    34.8132    34.8217  1026.6882    26.1444 2.0748e-01      0.472  255.58105     0.1328    96.7353     3.7338     1.3417      7.792 2.6324e-02       8819         21 0.0000e+00
    122.211   20.14990 -106.03274    123.000    13.4663    13.4662    13.4490    34.8155    34.8238  1026.7037    26.1553 1.9979e-01      0.555  255.80676     0.1327    96.7372     3.7338     1.3381      7.792 2.4620e-02       8842         26 0.0000e+00
    123.205   20.14990 -106.03274    124.000    13.4606    13.4604    13.4432    34.8155    34.8238  1026.7093    26.1565 2.0262e-01      0.591  255.83593     0.1333    96.7214     3.7336     1.3365      7.791 2.2966e-02       8874         35 0.0000e+00
    124.198   20.14990 -106.03274    125.000    13.3712    13.3692    13.3538    34.8167    34.8252  1026.7332    26.1757 1.6256e-01      0.517  256.29661     0.1326    96.7396     3.7335     1.3344      7.791 2.1316e-02       8910         34 0.0000e+00
    125.191   20.14990 -106.03274    126.000    13.3318    13.3312    13.3143    34.8175    34.8259  1026.7464    26.1843 1.5135e-01      0.482  256.49987     0.1324    96.7434     3.7338     1.3301      7.790 1.9757e-02       8940         27 0.0000e+00
    126.184   20.14990 -106.03274    127.000    13.2567    13.2558    13.2391    34.8147    34.8230  1026.7641    26.1975 1.3643e-01      0.452  256.89543     0.1302    96.7966     3.7338     1.3268      7.790 1.8556e-02       8966         23 0.0000e+00
