data/ctd-cnv/SKQ1617/SKQ1617-St15-P1/skq201617s-024avg.cnv
* Sea-Bird SBE 9 Data File:
* FileName = D:\CTD\SKQ201617S\SKQ201617S-024.hex
* Software Version Seasave V 7.22.5
* Temperature SN = 5773
* Conductivity SN = 2251
* Number of Bytes Per Scan = 37
* Number of Voltage Words = 4
* Number of Scans Averaged by the Deck Unit = 1
* NMEA Latitude = 20 13.54 N
* NMEA Longitude = 106 11.79 W
* NMEA UTC (Time) = Jan 04 2017  00:44:40
* NMEA baud rate = 4800
** Ship: R/V Sikuliaq
** Station Number: 024
** Station Name: Station 15
** Depth: 2618 m
** Operator: RML
# nquan = 23
# nvalues = 753                         
# units = specified
# name 0 = depSMignore: Depth [salt water, m]
# name 1 = latitude: Latitude [deg]
# name 2 = longitude: Longitude [deg]
# name 3 = prDM: Pressure, Digiquartz [db]
# name 4 = t090C: Temperature [ITS-90, deg C]
# name 5 = t190C: Temperature, 2 [ITS-90, deg C]
# name 6 = potemp090C: Potential Temperature [ITS-90, deg C]
# name 7 = sal00: Salinity, Practical [PSU]
# name 8 = sal11: Salinity, Practical, 2 [PSU]
# name 9 = density00: Density [density, kg/m^3]
# name 10 = sigma-t00: Density [sigma-t, kg/m^3 ]
# name 11 = flSP: Fluorescence, Seapoint
# name 12 = sbox0Mm/Kg: Oxygen, SBE 43 [umol/kg]
# name 13 = oxsolMm/Kg: Oxygen Saturation, Garcia & Gordon [umol/kg]
# name 14 = CStarAt0: Beam Attenuation, WET Labs C-Star [1/m]
# name 15 = CStarTr0: Beam Transmission, WET Labs C-Star [%]
# name 16 = v2: Voltage 2
# name 17 = v3: Voltage 3
# name 18 = ph: pH
# name 19 = par: PAR/Irradiance, Biospherical/Licor
# name 20 = scan: Scan Count
# name 21 = nbin: number of scans per bin
# name 22 = flag: flag
# span 0 =      3.975,    750.005       
# span 1 =   20.22570,   20.22570       
# span 2 = -106.19654, -106.19652       
# span 3 =      4.000,    756.000       
# span 4 =     6.1986,    25.8393       
# span 5 =     6.1989,    25.8395       
# span 6 =     6.1302,    25.8363       
# span 7 =    34.5224,    34.8163       
# span 8 =    34.5289,    34.8243       
# span 9 =  1022.8589,  1030.6087       
# span 10 =    22.8411,    27.1536      
# span 11 = 6.8860e-02, 7.1041e+00      
# span 12 =     -0.059,    201.158      
# span 13 =  204.32900,  299.93998      
# span 14 =     0.0581,     0.6062      
# span 15 =    85.9390,    98.5585      
# span 16 =     1.4249,     3.7278      
# span 17 =     0.7926,     2.2410      
# span 18 =      5.977,      6.938      
# span 19 = -1.120e-08, 3.9485e+00      
# span 20 =        456,      23534      
# span 21 =         17,        939      
# span 22 = 0.0000e+00, 0.0000e+00      
# interval = decibars: 1                
# start_time = Jan 04 2017 00:44:40 [NMEA time, header]
# bad_flag = -9.990e-29
*END*
[from data line 252]
    254.276   20.22570 -106.19652    256.000    11.5248    11.5249    11.4923    34.7438    34.7517  1027.6281    26.4797 7.1006e-02      0.321  266.35889     0.0738    98.1715     3.7152     1.1844      6.900 1.0000e-12      10075         26 0.0000e+00
    255.268   20.22570 -106.19652    257.000    11.5138    11.5140    11.4811    34.7433    34.7513  1027.6344    26.4814 7.1867e-02      0.215  266.42134     0.0738    98.1726     3.7154     1.1837      6.900 1.0000e-12      10099         21 0.0000e+00
    256.261   20.22570 -106.19652    258.000    11.5089    11.5090    11.4762    34.7428    34.7507  1027.6393    26.4819 7.2899e-02      0.317  266.44937     0.0737    98.1739     3.7155     1.1831      6.899 1.0000e-12      10120         21 0.0000e+00
    257.253   20.22570 -106.19652    259.000    11.4902    11.4903    11.4574    34.7412    34.7491  1027.6461    26.4840 7.1976e-02      0.340  266.55675     0.0740    98.1682     3.7154     1.1821      6.897 1.0000e-12      10141         20 0.0000e+00
    258.246   20.22570 -106.19652    260.000    11.4658    11.4658    11.4329    34.7403    34.7482  1027.6545    26.4879 7.1787e-02      0.231  266.69467     0.0743    98.1581     3.7155     1.1811      6.896 1.0000e-12      10164         25 0.0000e+00
    259.239   20.22570 -106.19652    261.000    11.4377    11.4375    11.4047    34.7385    34.7466  1027.6630    26.4917 7.1617e-02      0.272  266.85520     0.0743    98.1582     3.7154     1.1794      6.896 1.0000e-12      10191         29 0.0000e+00
    260.231   20.22570 -106.19652    262.000    11.4078    11.4078    11.3747    34.7377    34.7456  1027.6725    26.4966 7.0350e-02      0.306  267.02438     0.0744    98.1575     3.7154     1.1774      6.896 1.0000e-12      10218         24 0.0000e+00
    261.224   20.22570 -106.19652    263.000    11.3976    11.3977    11.3645    34.7373    34.7452  1027.6786    26.4982 7.2027e-02      0.272  267.08192     0.0745    98.1541     3.7155     1.1760      6.894 1.0000e-12      10242         23 0.0000e+00
    262.216   20.22570 -106.19652    264.000    11.3949    11.3950    11.3616    34.7369    34.7447  1027.6833    26.4984 7.1761e-02      0.337  267.09820     0.0739    98.1707     3.7155     1.1751      6.892 1.0000e-12      10264         22 0.0000e+00
    263.209   20.22570 -106.19652    265.000    11.3916    11.3917    11.3582    34.7365    34.7444  1027.6881    26.4987 7.0991e-02      0.282  267.11741     0.0740    98.1676     3.7156     1.1743      6.891 1.0000e-12      10285         21 0.0000e+00
    264.202   20.22570 -106.19652    266.000    11.3855    11.3856    11.3520    34.7360    34.7439  1027.6933    26.4994 7.2270e-02      0.263  267.15231     0.0759    98.1214     3.7155     1.1737      6.891 1.0000e-12      10308         26 0.0000e+00
    265.194   20.22570 -106.19652    267.000    11.3766    11.3768    11.3430    34.7354    34.7432  1027.6990    26.5006 7.0104e-02      0.218  267.20317     0.0741    98.1649     3.7155     1.1735      6.891 1.0000e-12      10335         27 0.0000e+00
    266.187   20.22570 -106.19652    268.000    11.3577    11.3577    11.3240    34.7348    34.7426  1027.7066    26.5036 6.9311e-02      0.260  267.31062     0.0737    98.1740     3.7155     1.1723      6.890 1.0000e-12      10362         27 0.0000e+00
    267.179   20.22570 -106.19652    269.000    11.3465    11.3465    11.3126    34.7338    34.7417  1027.7124    26.5049 7.1178e-02      0.340  267.37541     0.0739    98.1701     3.7156     1.1719      6.890 1.0000e-12      10387         23 0.0000e+00
    268.172   20.22570 -106.19652    270.000    11.3335    11.3336    11.2995    34.7329    34.7406  1027.7187    26.5066 7.0414e-02      0.224  267.45030     0.0731    98.1889     3.7156     1.1708      6.889 1.0000e-12      10411         21 0.0000e+00
    269.165   20.22570 -106.19652    271.000    11.3138    11.3138    11.2798    34.7313    34.7390  1027.7256    26.5090 6.8860e-02      0.238  267.56366     0.0733    98.1845     3.7155     1.1694      6.887 1.0000e-12      10435         26 0.0000e+00
    270.157   20.22570 -106.19652    272.000    11.2822    11.2821    11.2481    34.7297    34.7376  1027.7349    26.5136 7.0292e-02      0.323  267.74431     0.0728    98.1963     3.7155     1.1677      6.886 1.0000e-12      10461         27 0.0000e+00
    271.150   20.22570 -106.19652    273.000    11.2608    11.2609    11.2267    34.7287    34.7364  1027.7426    26.5167 6.9874e-02      0.250  267.86679     0.0732    98.1875     3.7157     1.1664      6.886 1.0000e-12      10488         26 0.0000e+00
    272.142   20.22570 -106.19652    274.000    11.2451    11.2451    11.2108    34.7278    34.7356  1027.7494    26.5189 7.0103e-02      0.239  267.95731     0.0734    98.1837     3.7157     1.1647      6.886 1.0000e-12      10512         22 0.0000e+00
    273.135   20.22570 -106.19652    275.000    11.2376    11.2379    11.2033    34.7272    34.7351  1027.7547    26.5198 6.9422e-02      0.302  268.00023     0.0730    98.1925     3.7158     1.1635      6.886 1.0000e-12      10534         21 0.0000e+00
    274.127   20.22570 -106.19652    276.000    11.2309    11.2311    11.1964    34.7265    34.7343  1027.7599    26.5205 7.0618e-02      0.308  268.03953     0.0735    98.1812     3.7164     1.1630      6.886 1.0000e-12      10556         22 0.0000e+00
    275.120   20.22570 -106.19652    277.000    11.2276    11.2277    11.1929    34.7260    34.7339  1027.7646    26.5207 7.0665e-02      0.219  268.05951     0.0734    98.1815     3.7159     1.1621      6.886 1.0000e-12      10579         24 0.0000e+00
    276.112   20.22570 -106.19652    278.000    11.2178    11.2178    11.1830    34.7253    34.7331  1027.7705    26.5220 7.1502e-02      0.266  268.11602     0.0743    98.1582     3.7161     1.1617      6.886 1.0000e-12      10605         27 0.0000e+00
    277.105   20.22570 -106.19652    279.000    11.2130    11.2132    11.1781    34.7248    34.7327  1027.7754    26.5225 7.0521e-02      0.282  268.14398     0.0744    98.1564     3.7161     1.1609      6.885 1.0000e-12      10632         28 0.0000e+00
    278.098   20.22570 -106.19652    280.000    11.2080    11.2082    11.1730    34.7243    34.7322  1027.7805    26.5230 7.0772e-02      0.198  268.17304     0.0733    98.1840     3.7160     1.1603      6.883 1.0000e-12      10659         25 0.0000e+00
    279.090   20.22570 -106.19652    281.000    11.2036    11.2039    11.1685    34.7239    34.7316  1027.7854    26.5235 6.9894e-02      0.221  268.19888     0.0723    98.2082     3.7165     1.1600      6.882 1.0000e-12      10684         23 0.0000e+00
    280.083   20.22570 -106.19652    282.000    11.1946    11.1947    11.1594    34.7231    34.7311  1027.7910    26.5245 7.0150e-02      0.234  268.25107     0.0722    98.2100     3.7166     1.1590      6.882 1.0000e-12      10705         20 0.0000e+00
    281.075   20.22570 -106.19652    283.000    11.1787    11.1788    11.1434    34.7224    34.7302  1027.7979    26.5268 6.9771e-02      0.203  268.34223     0.0724    98.2062     3.7166     1.1579      6.881 1.0000e-12      10725         21 0.0000e+00
    282.068   20.22570 -106.19652    284.000    11.1670    11.1672    11.1317    34.7219    34.7296  1027.8042    26.5286 7.0597e-02      0.203  268.40900     0.0724    98.2056     3.7164     1.1574      6.881 1.0000e-12      10747         25 0.0000e+00
    283.060   20.22570 -106.19652    285.000    11.1614    11.1615    11.1259    34.7214    34.7292  1027.8094    26.5293 7.1935e-02      0.274  268.44194     0.0722    98.2108     3.7163     1.1567      6.881 1.0000e-12      10775         27 0.0000e+00
    284.053   20.22570 -106.19652    286.000    11.1572    11.1574    11.1216    34.7210    34.7289  1027.8143    26.5297 7.1178e-02      0.240  268.46610     0.0726    98.2021     3.7161     1.1562      6.881 1.0000e-12      10802         25 0.0000e+00
    285.045   20.22570 -106.19652    287.000    11.1542    11.1547    11.1184    34.7207    34.7287  1027.8191    26.5300 7.1165e-02      0.239  268.48420     0.0725    98.2051     3.7167     1.1556      6.881 1.0000e-12      10825         21 0.0000e+00
    286.038   20.22570 -106.19652    288.000    11.1482    11.1484    11.1124    34.7200    34.7279  1027.8242    26.5306 7.0279e-02      0.225  268.51890     0.0721    98.2126     3.7165     1.1557      6.881 1.0000e-12      10845         21 0.0000e+00
    287.030   20.22570 -106.19652    289.000    11.1396    11.1397    11.1036    34.7198    34.7277  1027.8301    26.5320 7.2213e-02      0.196  268.56844     0.0723    98.2087     3.7166     1.1547      6.881 1.0000e-12      10868         25 0.0000e+00
    288.023   20.22570 -106.19652    290.000    11.1281    11.1281    11.0921    34.7191    34.7269  1027.8362    26.5335 6.9976e-02      0.229  268.63461     0.0735    98.1784     3.7163     1.1541      6.881 1.0000e-12      10895         30 0.0000e+00
    289.015   20.22570 -106.19652    291.000    11.1135    11.1135    11.0773    34.7184    34.7262  1027.8428    26.5356 7.0423e-02      0.248  268.71903     0.0724    98.2055     3.7166     1.1534      6.881 1.0000e-12      10925         27 0.0000e+00
    290.008   20.22570 -106.19652    292.000    11.1010    11.1012    11.0647    34.7177    34.7255  1027.8492    26.5374 7.0555e-02      0.205  268.79099     0.0724    98.2053     3.7167     1.1524      6.880 1.0000e-12      10949         23 0.0000e+00
    291.000   20.22570 -106.19652    293.000    11.0867    11.0868    11.0504    34.7168    34.7246  1027.8556    26.5393 7.1507e-02      0.238  268.87367     0.0718    98.2198     3.7166     1.1515      6.880 1.0000e-12      10971         21 0.0000e+00
    291.993   20.22570 -106.19652    294.000    11.0745    11.0746    11.0381    34.7161    34.7240  1027.8618    26.5409 7.0084e-02      0.170  268.94414     0.0729    98.1952     3.7166     1.1503      6.880 1.0000e-12      10993         23 0.0000e+00
    292.985   20.22570 -106.19652    295.000    11.0671    11.0673    11.0306    34.7153    34.7232  1027.8671    26.5417 7.1424e-02      0.237  268.98765     0.0727    98.2003     3.7167     1.1498      6.880 1.0000e-12      11018         28 0.0000e+00
    293.977   20.22570 -106.19652    296.000    11.0564    11.0565    11.0198    34.7146    34.7225  1027.8730    26.5431 7.0258e-02      0.208  269.04951     0.0722    98.2105     3.7167     1.1488      6.879 1.0000e-12      11046         28 0.0000e+00
    294.970   20.22570 -106.19652    297.000    11.0523    11.0525    11.0155    34.7144    34.7222  1027.8781    26.5436 7.0263e-02      0.204  269.07375     0.0731    98.1908     3.7166     1.1482      6.878 1.0000e-12      11072         22 0.0000e+00
    295.962   20.22570 -106.19652    298.000    11.0430    11.0431    11.0061    34.7130    34.7209  1027.8832    26.5443 7.1275e-02      0.177  269.12892     0.0718    98.2217     3.7167     1.1476      6.878 1.0000e-12      11094         24 0.0000e+00
    296.955   20.22570 -106.19652    299.000    10.9969    10.9967    10.9600    34.7110    34.7186  1027.8948    26.5511 7.0924e-02      0.251  269.39505     0.0713    98.2335     3.7167     1.1462      6.877 1.0000e-12      11118         25 0.0000e+00
    297.947   20.22570 -106.19652    300.000    10.9702    10.9705    10.9333    34.7101    34.7179  1027.9035    26.5552 7.0625e-02      0.285  269.54856     0.0716    98.2255     3.7167     1.1439      6.877 1.0000e-12      11145         25 0.0000e+00
    298.940   20.22570 -106.19652    301.000    10.9576    10.9578    10.9206    34.7091    34.7170  1027.9095    26.5567 7.0666e-02      0.209  269.62240     0.0713    98.2316     3.7167     1.1424      6.877 1.0000e-12      11170         24 0.0000e+00
    299.932   20.22570 -106.19652    302.000    10.9499    10.9501    10.9127    34.7085    34.7164  1027.9150    26.5575 7.3977e-02      0.164  269.66765     0.0712    98.2361     3.7167     1.1416      6.877 1.0000e-12      11191         20 0.0000e+00
    300.925   20.22570 -106.19652    303.000    10.9426    10.9428    10.9053    34.7079    34.7156  1027.9203    26.5584 7.2412e-02      0.241  269.71051     0.0714    98.2303     3.7167     1.1406      6.877 1.0000e-12      11211         18 0.0000e+00
    301.917   20.22570 -106.19652    304.000    10.9248    10.9246    10.8874    34.7067    34.7145  1027.9272    26.5607 7.1849e-02      0.171  269.81446     0.0721    98.2132     3.7167     1.1399      6.877 1.0000e-12      11231         21 0.0000e+00
    302.910   20.22570 -106.19652    305.000    10.9086    10.9090    10.8711    34.7058    34.7136  1027.9340    26.5629 7.1563e-02      0.216  269.90903     0.0725    98.2032     3.7168     1.1387      6.877 1.0000e-12      11254         28 0.0000e+00
    303.902   20.22570 -106.19652    306.000    10.9002    10.8996    10.8626    34.7049    34.7129  1027.9394    26.5637 7.0103e-02      0.253  269.95856     0.0730    98.1908     3.7167     1.1377      6.877 1.0000e-12      11286         34 0.0000e+00
    304.894   20.22570 -106.19652    307.000    10.8928    10.8934    10.8552    34.7047    34.7125  1027.9450    26.5649 7.1402e-02      0.192  270.00088     0.0742    98.1627     3.7167     1.1373      6.877 1.0000e-12      11316         25 0.0000e+00
    305.887   20.22570 -106.19652    308.000    10.8927    10.8928    10.8549    34.7043    34.7121  1027.9492    26.5646 6.9931e-02      0.200  270.00221     0.0722    98.2117     3.7168     1.1367      6.877 1.0000e-12      11338         21 0.0000e+00
    306.879   20.22570 -106.19652    309.000    10.8889    10.8891    10.8510    34.7040    34.7118  1027.9541    26.5650 7.1247e-02      0.268  270.02483     0.0721    98.2126     3.7168     1.1363      6.877 1.0000e-12      11359         20 0.0000e+00
    307.872   20.22570 -106.19652    310.000    10.8800    10.8799    10.8419    34.7030    34.7108  1027.9596    26.5659 7.0504e-02      0.151  270.07777     0.0714    98.2300     3.7167     1.1355      6.877 1.0000e-12      11381         25 0.0000e+00
    308.864   20.22570 -106.19652    311.000    10.8627    10.8627    10.8246    34.7023    34.7101  1027.9667    26.5684 6.9461e-02      0.184  270.17809     0.0726    98.2003     3.7167     1.1346      6.877 1.0000e-12      11409         29 0.0000e+00
    309.856   20.22570 -106.19652    312.000    10.8521    10.8522    10.8139    34.7015    34.7093  1027.9725    26.5697 7.1849e-02      0.223  270.23979     0.0741    98.1645     3.7168     1.1338      6.877 1.0000e-12      11438         24 0.0000e+00
    310.849   20.22570 -106.19652    313.000    10.8357    10.8359    10.7974    34.7006    34.7084  1027.9793    26.5719 7.1331e-02      0.177  270.33574     0.0723    98.2098     3.7170     1.1329      6.877 1.0000e-12      11461         21 0.0000e+00
    311.841   20.22570 -106.19652    314.000    10.8274    10.8276    10.7889    34.7002    34.7081  1027.9850    26.5731 7.1846e-02      0.152  270.38437     0.0724    98.2072     3.7172     1.1321      6.877 1.0000e-12      11480         18 0.0000e+00
    312.833   20.22570 -106.19652    315.000    10.8233    10.8235    10.7848    34.6998    34.7076  1027.9900    26.5735 6.9080e-02      0.204  270.40844     0.0730    98.1932     3.7171     1.1314      6.877 1.0000e-12      11499         20 0.0000e+00
    313.826   20.22570 -106.19652    316.000    10.8154    10.8157    10.7768    34.6990    34.7068  1027.9953    26.5743 7.0917e-02      0.236  270.45522     0.0732    98.1866     3.7172     1.1305      6.876 1.0000e-12      11523         27 0.0000e+00
    314.818   20.22570 -106.19652    317.000    10.8033    10.8036    10.7646    34.6982    34.7060  1028.0014    26.5759 7.1085e-02      0.147  270.52596     0.0725    98.2047     3.7168     1.1300      6.876 1.0000e-12      11553         32 0.0000e+00
