data/ctd-cnv/SKQ1617/SKQ1617-St15-P1/skq201617s-030avg.cnv
* Sea-Bird SBE 9 Data File:
* FileName = D:\CTD\SKQ201617S\SKQ201617S-030.hex
* Software Version Seasave V 7.22.5
* Temperature SN = 5773
* Conductivity SN = 2251
* Number of Bytes Per Scan = 37
* Number of Voltage Words = 4
* Number of Scans Averaged by the Deck Unit = 1
* NMEA Latitude = 20 18.32 N
* NMEA Longitude = 106 13.17 W
* NMEA UTC (Time) = Jan 06 2017  06:52:49
* NMEA baud rate = 4800
** Ship: R/V Sikuliaq
** Station Number: 030
** Station Name: Station 15
** Depth: 3009.35
** Operator: Justin - chocolate man
# nquan = 23
# nvalues = 2326                        
# units = specified
# name 0 = depSM: Depth [salt water, m]
# name 1 = latitude: Latitude [deg]
# name 2 = longitude: Longitude [deg]
# name 3 = prDM: Pressure, Digiquartz [db]
# name 4 = t090C: Temperature [ITS-90, deg C]
# name 5 = t190C: Temperature, 2 [ITS-90, deg C]
# name 6 = potemp090C: Potential Temperature [ITS-90, deg C]
# name 7 = sal00: Salinity, Practical [PSU]
# name 8 = sal11: Salinity, Practical, 2 [PSU]
# name 9 = density00: Density [density, kg/m^3]
# name 10 = sigma-t00: Density [sigma-t, kg/m^3 ]
# name 11 = flSP: Fluorescence, Seapoint
# name 12 = sbox0Mm/Kg: Oxygen, SBE 43 [umol/kg]
# name 13 = oxsolMm/Kg: Oxygen Saturation, Garcia & Gordon [umol/kg]
# name 14 = CStarAt0: Beam Attenuation, WET Labs C-Star [1/m]
# name 15 = CStarTr0: Beam Transmission, WET Labs C-Star [%]
# name 16 = v2: Voltage 2
# name 17 = v3: Voltage 3
# name 18 = ph: pH
# name 19 = par: PAR/Irradiance, Biospherical/Licor
# name 20 = scan: Scan Count
# name 21 = nbin: number of scans per bin
# name 22 = flag: flag
# span 0 =      2.982,   2300.963       
# span 1 =   20.30536,   20.30536       
# span 2 = -106.21946, -106.21944       
# span 3 =      3.000,   2328.000       
# span 4 =     1.9076,    26.1551       
# span 5 =     1.9082,    26.1549       
# span 6 =     1.7444,    26.1544       
# span 7 =    34.5214,    34.8198       
# span 8 =    34.5291,    34.8278       
# span 9 =  1022.7439,  1038.3987       
# span 10 =    22.7310,    27.6975      
# span 11 = 6.7822e-02, 3.7140e+00      
# span 12 =     -0.040,    199.378      
# span 13 =  203.28815,  332.29874      
# span 14 =     0.0556,     0.4327      
# span 15 =    89.7469,    98.6208      
# span 16 =     1.4176,     3.7138      
# span 17 =     0.4928,     2.2630      
# span 18 =     -2.845,     -2.038      
# span 19 = 1.0000e-12, 1.0000e-12      
# span 20 =       -599,      61004      
# span 21 =          7,        580      
# span 22 = 0.0000e+00, 0.0000e+00      
# interval = decibars: 1                
# start_time = Jan 06 2017 06:52:49 [NMEA time, header]
# bad_flag = -9.990e-29
*END*
[from data line 1449]
   1438.093   20.30536 -106.21944   1452.000     3.2571     3.2574     3.1504    34.5803    34.5877  1034.2142    27.5261 8.8201e-02     34.734  321.54192     0.0596    98.5212     3.2639     0.5857     -2.793 1.0000e-12      39867         25 0.0000e+00
   1439.080   20.30536 -106.21944   1453.000     3.2551     3.2554     3.1484    34.5803    34.5877  1034.2190    27.5263 8.8818e-02     34.857  321.55766     0.0593    98.5289     3.2636     0.5856     -2.791 1.0000e-12      39893         25 0.0000e+00
   1440.067   20.30536 -106.21944   1454.000     3.2491     3.2491     3.1423    34.5808    34.5882  1034.2247    27.5272 8.9746e-02     34.791  321.60403     0.0595    98.5242     3.2630     0.5854     -2.794 1.0000e-12      39920         28 0.0000e+00
   1441.054   20.30536 -106.21944   1455.000     3.2475     3.2476     3.1407    34.5808    34.5883  1034.2294    27.5274 8.7578e-02     35.003  321.61636     0.0596    98.5233     3.2616     0.5850     -2.793 1.0000e-12      39948         26 0.0000e+00
   1442.041   20.30536 -106.21944   1456.000     3.2417     3.2418     3.1348    34.5811    34.5885  1034.2350    27.5282 9.0418e-02     35.011  321.66174     0.0596    98.5233     3.2605     0.5849     -2.793 1.0000e-12      39974         25 0.0000e+00
   1443.028   20.30536 -106.21944   1457.000     3.2380     3.2381     3.1310    34.5814    34.5888  1034.2402    27.5287 9.0242e-02     34.950  321.69035     0.0595    98.5235     3.2592     0.5842     -2.794 1.0000e-12      39998         22 0.0000e+00
   1444.015   20.30536 -106.21944   1458.000     3.2368     3.2369     3.1298    34.5813    34.5888  1034.2449    27.5288 8.9829e-02     35.233  321.69941     0.0594    98.5260     3.2580     0.5840     -2.793 1.0000e-12      40019         21 0.0000e+00
   1445.002   20.30536 -106.21944   1459.000     3.2359     3.2360     3.1288    34.5813    34.5886  1034.2495    27.5289 8.6848e-02     35.399  321.70690     0.0608    98.4922     3.2570     0.5842     -2.796 1.0000e-12      40040         21 0.0000e+00
   1445.989   20.30536 -106.21944   1460.000     3.2329     3.2331     3.1258    34.5815    34.5888  1034.2546    27.5293 8.8726e-02     35.308  321.72978     0.0614    98.4755     3.2564     0.5840     -2.795 1.0000e-12      40062         23 0.0000e+00
   1446.976   20.30536 -106.21944   1461.000     3.2295     3.2297     3.1224    34.5816    34.5891  1034.2597    27.5298 8.7914e-02     35.621  321.75596     0.0592    98.5311     3.2555     0.5834     -2.797 1.0000e-12      40086         26 0.0000e+00
   1447.963   20.30536 -106.21944   1462.000     3.2277     3.2277     3.1204    34.5817    34.5892  1034.2645    27.5300 8.8819e-02     35.517  321.77036     0.0604    98.5008     3.2544     0.5833     -2.794 1.0000e-12      40111         24 0.0000e+00
   1448.950   20.30536 -106.21944   1463.000     3.2271     3.2272     3.1198    34.5816    34.5890  1034.2691    27.5300 8.8550e-02     35.422  321.77527     0.0596    98.5222     3.2536     0.5833     -2.795 1.0000e-12      40135         23 0.0000e+00
   1449.937   20.30536 -106.21944   1464.000     3.2268     3.2269     3.1194    34.5817    34.5892  1034.2737    27.5301 8.6804e-02     35.780  321.77756     0.0596    98.5212     3.2527     0.5831     -2.796 1.0000e-12      40158         23 0.0000e+00
   1450.924   20.30536 -106.21944   1465.000     3.2270     3.2272     3.1196    34.5815    34.5890  1034.2780    27.5299 8.7480e-02     35.805  321.77575     0.0598    98.5183     3.2526     0.5834     -2.794 1.0000e-12      40182         26 0.0000e+00
   1451.911   20.30536 -106.21944   1466.000     3.2268     3.2270     3.1192    34.5815    34.5889  1034.2826    27.5299 8.7907e-02     35.799  321.77773     0.0598    98.5181     3.2520     0.5829     -2.795 1.0000e-12      40208         25 0.0000e+00
   1452.898   20.30536 -106.21944   1467.000     3.2259     3.2260     3.1182    34.5816    34.5891  1034.2873    27.5301 8.7333e-02     36.085  321.78461     0.0604    98.5015     3.2519     0.5830     -2.792 1.0000e-12      40233         25 0.0000e+00
   1453.885   20.30536 -106.21944   1468.000     3.2241     3.2241     3.1164    34.5816    34.5891  1034.2921    27.5303 8.7213e-02     35.864  321.79896     0.0593    98.5300     3.2515     0.5830     -2.795 1.0000e-12      40256         21 0.0000e+00
   1454.872   20.30536 -106.21944   1469.000     3.2225     3.2226     3.1147    34.5818    34.5892  1034.2970    27.5305 8.7433e-02     35.733  321.81094     0.0595    98.5257     3.2515     0.5828     -2.794 1.0000e-12      40279         23 0.0000e+00
   1455.859   20.30536 -106.21944   1470.000     3.2215     3.2217     3.1136    34.5817    34.5892  1034.3016    27.5306 8.7914e-02     35.787  321.81905     0.0593    98.5291     3.2509     0.5826     -2.794 1.0000e-12      40302         23 0.0000e+00
   1456.846   20.30536 -106.21944   1471.000     3.2192     3.2194     3.1113    34.5819    34.5894  1034.3066    27.5309 8.9186e-02     35.871  321.83651     0.0594    98.5273     3.2503     0.5829     -2.795 1.0000e-12      40327         26 0.0000e+00
   1457.833   20.30536 -106.21944   1472.000     3.2182     3.2184     3.1103    34.5819    34.5895  1034.3112    27.5310 8.8680e-02     35.928  321.84402     0.0595    98.5245     3.2501     0.5825     -2.795 1.0000e-12      40351         24 0.0000e+00
   1458.820   20.30536 -106.21944   1473.000     3.2171     3.2172     3.1091    34.5820    34.5894  1034.3160    27.5312 8.8409e-02     36.237  321.85274     0.0596    98.5223     3.2494     0.5823     -2.794 1.0000e-12      40375         22 0.0000e+00
   1459.806   20.30536 -106.21944   1474.000     3.2156     3.2158     3.1075    34.5822    34.5896  1034.3209    27.5315 8.6905e-02     36.133  321.86448     0.0595    98.5254     3.2490     0.5825     -2.794 1.0000e-12      40398         25 0.0000e+00
   1460.794   20.30536 -106.21944   1475.000     3.2152     3.2155     3.1070    34.5821    34.5897  1034.3254    27.5315 8.6698e-02     36.027  321.86733     0.0586    98.5466     3.2481     0.5821     -2.790 1.0000e-12      40422         24 0.0000e+00
   1461.780   20.30536 -106.21944   1476.000     3.2118     3.2120     3.1036    34.5823    34.5898  1034.3305    27.5319 8.7093e-02     36.124  321.89357     0.0587    98.5436     3.2480     0.5822     -2.793 1.0000e-12      40448         27 0.0000e+00
   1462.767   20.30536 -106.21944   1477.000     3.2067     3.2068     3.0984    34.5826    34.5900  1034.3360    27.5327 8.6591e-02     36.203  321.93334     0.0592    98.5327     3.2474     0.5822     -2.794 1.0000e-12      40474         25 0.0000e+00
   1463.754   20.30536 -106.21944   1478.000     3.1997     3.1997     3.0914    34.5829    34.5904  1034.3417    27.5336 8.7477e-02     36.427  321.98779     0.0587    98.5432     3.2462     0.5816     -2.796 1.0000e-12      40499         25 0.0000e+00
   1464.741   20.30536 -106.21944   1479.000     3.1935     3.1936     3.0852    34.5834    34.5909  1034.3474    27.5346 8.9435e-02     36.470  322.03551     0.0594    98.5280     3.2443     0.5811     -2.795 1.0000e-12      40523         22 0.0000e+00
   1465.728   20.30536 -106.21944   1480.000     3.1926     3.1923     3.0842    34.5833    34.5908  1034.3520    27.5346 8.7020e-02     36.340  322.04296     0.0591    98.5339     3.2428     0.5813     -2.795 1.0000e-12      40546         23 0.0000e+00
   1466.715   20.30536 -106.21944   1481.000     3.1894     3.1894     3.0810    34.5835    34.5910  1034.3571    27.5351 8.7150e-02     36.403  322.06717     0.0589    98.5388     3.2411     0.5808     -2.796 1.0000e-12      40569         24 0.0000e+00
   1467.702   20.30536 -106.21944   1482.000     3.1889     3.1891     3.0804    34.5836    34.5909  1034.3617    27.5351 8.8442e-02     36.892  322.07127     0.0595    98.5243     3.2399     0.5806     -2.797 1.0000e-12      40592         22 0.0000e+00
   1468.689   20.30536 -106.21944   1483.000     3.1890     3.1892     3.0804    34.5835    34.5909  1034.3662    27.5350 8.8644e-02     37.116  322.07096     0.0593    98.5296     3.2392     0.5807     -2.796 1.0000e-12      40615         25 0.0000e+00
   1469.675   20.30536 -106.21944   1484.000     3.1880     3.1882     3.0794    34.5834    34.5909  1034.3708    27.5351 8.9309e-02     37.025  322.07835     0.0586    98.5460     3.2385     0.5805     -2.797 1.0000e-12      40638         21 0.0000e+00
   1470.663   20.30536 -106.21944   1485.000     3.1850     3.1849     3.0763    34.5836    34.5911  1034.3758    27.5355 8.8198e-02     37.006  322.10209     0.0597    98.5208     3.2381     0.5806     -2.796 1.0000e-12      40662         24 0.0000e+00
   1471.649   20.30536 -106.21944   1486.000     3.1828     3.1831     3.0741    34.5837    34.5912  1034.3808    27.5358 8.9472e-02     37.197  322.11862     0.0594    98.5274     3.2377     0.5805     -2.796 1.0000e-12      40687         26 0.0000e+00
   1472.636   20.30536 -106.21944   1487.000     3.1829     3.1831     3.0740    34.5837    34.5911  1034.3853    27.5358 8.6888e-02     37.316  322.11844     0.0589    98.5380     3.2368     0.5800     -2.795 1.0000e-12      40712         25 0.0000e+00
   1473.623   20.30536 -106.21944   1488.000     3.1828     3.1830     3.0739    34.5837    34.5911  1034.3898    27.5358 8.9360e-02     37.165  322.11917     0.0595    98.5256     3.2364     0.5803     -2.798 1.0000e-12      40736         23 0.0000e+00
   1474.610   20.30536 -106.21944   1489.000     3.1822     3.1824     3.0732    34.5837    34.5911  1034.3944    27.5358 8.7557e-02     37.332  322.12427     0.0587    98.5427     3.2359     0.5800     -2.797 1.0000e-12      40759         22 0.0000e+00
   1475.597   20.30536 -106.21944   1490.000     3.1808     3.1805     3.0717    34.5838    34.5912  1034.3992    27.5361 8.6491e-02     37.563  322.13483     0.0597    98.5205     3.2358     0.5802     -2.797 1.0000e-12      40781         21 0.0000e+00
   1476.584   20.30536 -106.21944   1491.000     3.1790     3.1792     3.0698    34.5839    34.5912  1034.4041    27.5363 8.8604e-02     37.296  322.14887     0.0593    98.5303     3.2357     0.5796     -2.796 1.0000e-12      40803         26 0.0000e+00
   1477.570   20.30536 -106.21944   1492.000     3.1791     3.1790     3.0699    34.5838    34.5913  1034.4086    27.5363 8.8695e-02     37.240  322.14806     0.0589    98.5379     3.2344     0.5797     -2.794 1.0000e-12      40830         28 0.0000e+00
   1478.557   20.30536 -106.21944   1493.000     3.1786     3.1788     3.0693    34.5838    34.5911  1034.4132    27.5363 8.6796e-02     37.270  322.15175     0.0589    98.5388     3.2344     0.5797     -2.795 1.0000e-12      40860         30 0.0000e+00
   1479.544   20.30536 -106.21944   1494.000     3.1773     3.1775     3.0679    34.5839    34.5913  1034.4179    27.5365 8.8197e-02     37.527  322.16176     0.0591    98.5333     3.2344     0.5798     -2.796 1.0000e-12      40888         26 0.0000e+00
   1480.531   20.30536 -106.21944   1495.000     3.1764     3.1765     3.0670    34.5839    34.5914  1034.4226    27.5366 8.7915e-02     37.584  322.16892     0.0596    98.5224     3.2343     0.5795     -2.796 1.0000e-12      40911         22 0.0000e+00
   1481.518   20.30536 -106.21944   1496.000     3.1755     3.1757     3.0660    34.5839    34.5914  1034.4272    27.5367 8.8093e-02     37.420  322.17620     0.0591    98.5352     3.2334     0.5796     -2.798 1.0000e-12      40932         20 0.0000e+00
   1482.504   20.30536 -106.21944   1497.000     3.1750     3.1752     3.0653    34.5840    34.5914  1034.4319    27.5368 8.8280e-02     37.586  322.18026     0.0587    98.5432     3.2332     0.5795     -2.797 1.0000e-12      40953         20 0.0000e+00
   1483.491   20.30536 -106.21944   1498.000     3.1739     3.1740     3.0643    34.5839    34.5915  1034.4365    27.5368 8.8798e-02     37.582  322.18849     0.0587    98.5434     3.2332     0.5794     -2.797 1.0000e-12      40974         21 0.0000e+00
   1484.478   20.30536 -106.21944   1499.000     3.1720     3.1722     3.0623    34.5841    34.5915  1034.4414    27.5371 8.9662e-02     37.484  322.20331     0.0592    98.5328     3.2328     0.5793     -2.797 1.0000e-12      40997         25 0.0000e+00
   1485.465   20.30536 -106.21944   1500.000     3.1713     3.1715     3.0615    34.5841    34.5916  1034.4460    27.5372 8.8614e-02     37.470  322.20858     0.0588    98.5414     3.2321     0.5796     -2.794 1.0000e-12      41023         26 0.0000e+00
   1486.452   20.30536 -106.21944   1501.000     3.1705     3.1707     3.0606    34.5841    34.5917  1034.4507    27.5373 8.7320e-02     37.625  322.21495     0.0590    98.5369     3.2318     0.5793     -2.796 1.0000e-12      41048         25 0.0000e+00
   1487.438   20.30536 -106.21944   1502.000     3.1670     3.1670     3.0571    34.5842    34.5916  1034.4557    27.5377 8.6740e-02     37.869  322.24240     0.0592    98.5329     3.2315     0.5789     -2.794 1.0000e-12      41072         22 0.0000e+00
   1488.425   20.30536 -106.21944   1503.000     3.1605     3.1605     3.0505    34.5848    34.5923  1034.4616    27.5388 8.5336e-02     37.815  322.29269     0.0587    98.5429     3.2308     0.5789     -2.797 1.0000e-12      41094         23 0.0000e+00
   1489.412   20.30536 -106.21944   1504.000     3.1582     3.1582     3.0482    34.5849    34.5924  1034.4665    27.5391 8.8724e-02     37.812  322.31033     0.0585    98.5474     3.2294     0.5786     -2.793 1.0000e-12      41118         24 0.0000e+00
   1490.399   20.30536 -106.21944   1505.000     3.1580     3.1581     3.0479    34.5849    34.5924  1034.4711    27.5391 8.6024e-02     37.879  322.31174     0.0587    98.5429     3.2284     0.5782     -2.796 1.0000e-12      41142         24 0.0000e+00
   1491.386   20.30536 -106.21944   1506.000     3.1579     3.1580     3.0477    34.5848    34.5922  1034.4755    27.5390 8.7322e-02     37.857  322.31296     0.0594    98.5275     3.2271     0.5781     -2.797 1.0000e-12      41166         24 0.0000e+00
   1492.372   20.30536 -106.21944   1507.000     3.1530     3.1531     3.0428    34.5846    34.5922  1034.4806    27.5394 8.6534e-02     38.258  322.35188     0.0585    98.5474     3.2270     0.5781     -2.795 1.0000e-12      41190         24 0.0000e+00
   1493.359   20.30536 -106.21944   1508.000     3.1375     3.1379     3.0274    34.5861    34.5934  1034.4883    27.5420 8.7772e-02     38.315  322.47091     0.0585    98.5484     3.2258     0.5777     -2.798 1.0000e-12      41215         26 0.0000e+00
   1494.346   20.30536 -106.21944   1509.000     3.1349     3.1352     3.0248    34.5863    34.5937  1034.4933    27.5424 8.6045e-02     38.327  322.49079     0.0586    98.5466     3.2232     0.5771     -2.798 1.0000e-12      41242         29 0.0000e+00
   1495.333   20.30536 -106.21944   1510.000     3.1346     3.1348     3.0244    34.5861    34.5936  1034.4977    27.5422 8.9611e-02     38.584  322.49382     0.0593    98.5299     3.2208     0.5769     -2.794 1.0000e-12      41269         25 0.0000e+00
   1496.319   20.30536 -106.21944   1511.000     3.1346     3.1347     3.0243    34.5860    34.5935  1034.5022    27.5421 8.7919e-02     38.665  322.49397     0.0587    98.5427     3.2199     0.5770     -2.796 1.0000e-12      41293         23 0.0000e+00
   1497.306   20.30536 -106.21944   1512.000     3.1337     3.1338     3.0233    34.5861    34.5935  1034.5069    27.5423 8.8400e-02     38.983  322.50101     0.0584    98.5517     3.2189     0.5767     -2.799 1.0000e-12      41315         22 0.0000e+00
   1498.293   20.30536 -106.21944   1513.000     3.1336     3.1337     3.0231    34.5860    34.5935  1034.5114    27.5423 8.7364e-02     39.098  322.50187     0.0585    98.5484     3.2186     0.5768     -2.796 1.0000e-12      41336         20 0.0000e+00
