data/ctd-cnv/SKQ1617/SKQ1617-St15-P1/skq201617s-018avg.cnv
* Sea-Bird SBE 9 Data File:
* FileName = D:\CTD\SKQ201617S\SKQ201617S-018.hex
* Software Version Seasave V 7.22.5
* Temperature SN = 5773
* Conductivity SN = 2251
* Number of Bytes Per Scan = 37
* Number of Voltage Words = 4
* Number of Scans Averaged by the Deck Unit = 1
* NMEA Latitude = 20 09.12 N
* NMEA Longitude = 106 00.01 W
* NMEA UTC (Time) = Jan 01 2017  07:21:07
* NMEA baud rate = 4800
** Ship: R/V Sikuliaq
** Station Number: 018
** Station Name: Station 15
** Depth: 2202
** Operator: CF
** Max depth 1000m, UVP on
# nquan = 23
# nvalues = 1007                        
# units = specified
# name 0 = depSM: Depth [salt water, m]
# name 1 = latitude: Latitude [deg]
# name 2 = longitude: Longitude [deg]
# name 3 = prDM: Pressure, Digiquartz [db]
# name 4 = t090C: Temperature [ITS-90, deg C]
# name 5 = t190C: Temperature, 2 [ITS-90, deg C]
# name 6 = potemp090C: Potential Temperature [ITS-90, deg C]
# name 7 = sal00: Salinity, Practical [PSU]
# name 8 = sal11: Salinity, Practical, 2 [PSU]
# name 9 = density00: Density [density, kg/m^3]
# name 10 = sigma-t00: Density [sigma-t, kg/m^3 ]
# name 11 = flSP: Fluorescence, Seapoint
# name 12 = sbox0Mm/Kg: Oxygen, SBE 43 [umol/kg]
# name 13 = oxsolMm/Kg: Oxygen Saturation, Garcia & Gordon [umol/kg]
# name 14 = CStarAt0: Beam Attenuation, WET Labs C-Star [1/m]
# name 15 = CStarTr0: Beam Transmission, WET Labs C-Star [%]
# name 16 = v2: Voltage 2
# name 17 = v3: Voltage 3
# name 18 = ph: pH
# name 19 = par: PAR/Irradiance, Biospherical/Licor
# name 20 = scan: Scan Count
# name 21 = nbin: number of scans per bin
# name 22 = flag: flag
# span 0 =      3.975,   1001.387       
# span 1 =   20.15196,   20.15196       
# span 2 = -106.00026, -106.00024       
# span 3 =      4.000,   1010.000       
# span 4 =     4.7098,    26.0453       
# span 5 =     4.7106,    26.0468       
# span 6 =     4.6278,    26.0439       
# span 7 =    34.5226,    34.8147       
# span 8 =    34.5302,    34.8229       
# span 9 =  1022.7949,  1031.9726       
# span 10 =    22.7756,    27.3359      
# span 11 = 6.8429e-02, 9.8561e+00      
# span 12 =     -0.056,    201.368      
# span 13 =  203.63825,  310.59000      
# span 14 =     0.0553,     0.7063      
# span 15 =    83.8158,    98.6268      
# span 16 =     1.4344,     3.7627      
# span 17 =     0.6866,     2.2555      
# span 18 =      7.591,      8.299      
# span 19 = -4.354e-08, 2.2786e-01      
# span 20 =        632,      33642      
# span 21 =         17,       3020      
# span 22 = 0.0000e+00, 0.0000e+00      
# interval = decibars: 1                
# start_time = Jan 01 2017 07:21:07 [NMEA time, header]
# bad_flag = -9.990e-29
*END*
[from data line 882]
    878.704   20.15196 -106.00026    886.000     5.2517     5.2517     5.1769    34.5263    34.5339  1031.3337    27.2702 8.6544e-02      1.195  306.64207     0.0581    98.5570     3.7449     0.7253      7.592 1.0000e-12      25663         24 0.0000e+00
    879.694   20.15196 -106.00026    887.000     5.2455     5.2452     5.1706    34.5263    34.5340  1031.3392    27.2710 8.5218e-02      1.196  306.68686     0.0582    98.5550     3.7448     0.7250      7.592 1.0000e-12      25688         28 0.0000e+00
    880.684   20.15196 -106.00026    888.000     5.2411     5.2412     5.1662    34.5265    34.5340  1031.3444    27.2716 8.6924e-02      1.196  306.71783     0.0579    98.5622     3.7446     0.7246      7.592 1.0000e-12      25714         24 0.0000e+00
    881.673   20.15196 -106.00026    889.000     5.2385     5.2385     5.1636    34.5264    34.5341  1031.3493    27.2719 8.3753e-02      1.243  306.73664     0.0586    98.5460     3.7441     0.7246      7.592 1.0000e-12      25739         23 0.0000e+00
    882.663   20.15196 -106.00026    890.000     5.2349     5.2349     5.1598    34.5265    34.5341  1031.3544    27.2724 8.3545e-02      1.225  306.76309     0.0590    98.5370     3.7436     0.7241      7.592 1.0000e-12      25762         21 0.0000e+00
    883.652   20.15196 -106.00026    891.000     5.2332     5.2336     5.1581    34.5265    34.5341  1031.3592    27.2726 8.7612e-02      1.310  306.77508     0.0590    98.5371     3.7436     0.7237      7.592 1.0000e-12      25783         23 0.0000e+00
    884.642   20.15196 -106.00026    892.000     5.2316     5.2318     5.1564    34.5264    34.5341  1031.3639    27.2727 8.6014e-02      1.327  306.78705     0.0585    98.5483     3.7436     0.7236      7.592 1.0000e-12      25805         21 0.0000e+00
    885.632   20.15196 -106.00026    893.000     5.2304     5.2304     5.1551    34.5262    34.5339  1031.3685    27.2727 8.4962e-02      1.427  306.79617     0.0588    98.5414     3.7436     0.7233      7.592 1.0000e-12      25828         26 0.0000e+00
    886.621   20.15196 -106.00026    894.000     5.2277     5.2269     5.1523    34.5262    34.5340  1031.3734    27.2730 8.4065e-02      1.366  306.81547     0.0585    98.5487     3.7435     0.7231      7.592 1.0000e-12      25854         24 0.0000e+00
    887.611   20.15196 -106.00026    895.000     5.2241     5.2243     5.1487    34.5264    34.5340  1031.3785    27.2736 8.7066e-02      1.455  306.84092     0.0582    98.5544     3.7436     0.7230      7.592 1.0000e-12      25880         26 0.0000e+00
    888.601   20.15196 -106.00026    896.000     5.2232     5.2234     5.1476    34.5265    34.5340  1031.3833    27.2738 8.5852e-02      1.300  306.84761     0.0585    98.5485     3.7430     0.7229      7.592 1.0000e-12      25905         23 0.0000e+00
    889.590   20.15196 -106.00026    897.000     5.2230     5.2232     5.1473    34.5263    34.5337  1031.3877    27.2736 8.7943e-02      1.467  306.84961     0.0585    98.5484     3.7431     0.7229      7.592 1.0000e-12      25928         22 0.0000e+00
    890.580   20.15196 -106.00026    898.000     5.2198     5.2208     5.1441    34.5261    34.5338  1031.3926    27.2739 8.5556e-02      1.407  306.87294     0.0584    98.5515     3.7427     0.7228      7.592 1.0000e-12      25951         25 0.0000e+00
    891.570   20.15196 -106.00026    899.000     5.2124     5.2129     5.1366    34.5265    34.5342  1031.3984    27.2750 8.5935e-02      1.340  306.92562     0.0585    98.5484     3.7424     0.7226      7.592 1.0000e-12      25976         26 0.0000e+00
    892.559   20.15196 -106.00026    900.000     5.2109     5.2109     5.1351    34.5265    34.5341  1031.4032    27.2752 8.6278e-02      1.417  306.93622     0.0585    98.5484     3.7424     0.7221      7.592 1.0000e-12      26003         27 0.0000e+00
    893.549   20.15196 -106.00026    901.000     5.2106     5.2109     5.1346    34.5263    34.5341  1031.4076    27.2751 8.6163e-02      1.407  306.93921     0.0585    98.5484     3.7424     0.7221      7.592 1.0000e-12      26028         21 0.0000e+00
    894.538   20.15196 -106.00026    902.000     5.2037     5.2048     5.1277    34.5264    34.5339  1031.4132    27.2760 8.6084e-02      1.406  306.98904     0.0578    98.5641     3.7424     0.7218      7.592 1.0000e-12      26050         24 0.0000e+00
    895.528   20.15196 -106.00026    903.000     5.1953     5.1957     5.1193    34.5268    34.5344  1031.4192    27.2773 8.6492e-02      1.408  307.04845     0.0584    98.5505     3.7423     0.7212      7.592 1.0000e-12      26073         21 0.0000e+00
    896.517   20.15196 -106.00026    904.000     5.1932     5.1936     5.1172    34.5267    34.5342  1031.4240    27.2775 8.3714e-02      1.378  307.06359     0.0583    98.5532     3.7412     0.7208      7.592 1.0000e-12      26098         27 0.0000e+00
    897.507   20.15196 -106.00026    905.000     5.1948     5.1950     5.1187    34.5264    34.5341  1031.4281    27.2770 8.6582e-02      1.495  307.05279     0.0585    98.5483     3.7411     0.7210      7.592 1.0000e-12      26130         34 0.0000e+00
    898.497   20.15196 -106.00026    906.000     5.1942     5.1928     5.1179    34.5264    34.5340  1031.4327    27.2771 8.8508e-02      1.462  307.05757     0.0584    98.5503     3.7411     0.7207      7.592 1.0000e-12      26162         28 0.0000e+00
    899.486   20.15196 -106.00026    907.000     5.1820     5.1817     5.1057    34.5264    34.5342  1031.4389    27.2785 8.7715e-02      1.404  307.14592     0.0586    98.5458     3.7411     0.7210      7.592 1.0000e-12      26186         21 0.0000e+00
    900.476   20.15196 -106.00026    908.000     5.1721     5.1725     5.0958    34.5271    34.5346  1031.4453    27.2802 8.7163e-02      1.556  307.21566     0.0585    98.5485     3.7409     0.7198      7.592 1.0000e-12      26206         20 0.0000e+00
    901.465   20.15196 -106.00026    909.000     5.1614     5.1615     5.0852    34.5268    34.5345  1031.4512    27.2813 8.4023e-02      1.530  307.29360     0.0585    98.5484     3.7405     0.7196      7.592 1.0000e-12      26225         19 0.0000e+00
    902.455   20.15196 -106.00026    910.000     5.1503     5.1505     5.0740    34.5274    34.5349  1031.4577    27.2830 8.5423e-02      1.545  307.37314     0.0585    98.5484     3.7399     0.7187      7.592 1.0000e-12      26244         19 0.0000e+00
    903.444   20.15196 -106.00026    911.000     5.1475     5.1479     5.0711    34.5272    34.5348  1031.4625    27.2833 8.4760e-02      1.731  307.39359     0.0590    98.5367     3.7393     0.7182      7.592 1.0000e-12      26264         22 0.0000e+00
    904.434   20.15196 -106.00026    912.000     5.1461     5.1463     5.0696    34.5271    34.5347  1031.4672    27.2833 8.5872e-02      1.660  307.40410     0.0590    98.5354     3.7388     0.7177      7.592 1.0000e-12      26286         22 0.0000e+00
    905.423   20.15196 -106.00026    913.000     5.1448     5.1450     5.0683    34.5269    34.5347  1031.4718    27.2834 8.5198e-02      1.600  307.41352     0.0585    98.5485     3.7385     0.7173      7.592 1.0000e-12      26309         23 0.0000e+00
    906.413   20.15196 -106.00026    914.000     5.1432     5.1439     5.0666    34.5269    34.5344  1031.4765    27.2835 8.3522e-02      1.657  307.42542     0.0585    98.5484     3.7382     0.7174      7.592 1.0000e-12      26334         25 0.0000e+00
    907.403   20.15196 -106.00026    915.000     5.1423     5.1427     5.0656    34.5269    34.5344  1031.4811    27.2836 8.6762e-02      1.639  307.43227     0.0589    98.5389     3.7380     0.7174      7.592 1.0000e-12      26359         27 0.0000e+00
    908.392   20.15196 -106.00026    916.000     5.1408     5.1412     5.0640    34.5268    34.5343  1031.4858    27.2837 8.6209e-02      1.726  307.44354     0.0590    98.5362     3.7376     0.7172      7.592 1.0000e-12      26388         30 0.0000e+00
    909.382   20.15196 -106.00026    917.000     5.1380     5.1383     5.0612    34.5267    34.5345  1031.4907    27.2840 8.5766e-02      1.731  307.46363     0.0586    98.5465     3.7375     0.7171      7.592 1.0000e-12      26425         41 0.0000e+00
    910.371   20.15196 -106.00026    918.000     5.1384     5.1388     5.0615    34.5266    34.5342  1031.4951    27.2838 8.6148e-02      1.770  307.46106     0.0596    98.5233     3.7375     0.7171      7.592 1.0000e-12      26460         27 0.0000e+00
    911.361   20.15196 -106.00026    919.000     5.1383     5.1384     5.0613    34.5266    34.5342  1031.4996    27.2838 8.6340e-02      1.823  307.46182     0.0593    98.5297     3.7375     0.7172      7.592 1.0000e-12      26484         21 0.0000e+00
    912.350   20.15196 -106.00026    920.000     5.1340     5.1341     5.0570    34.5267    34.5342  1031.5048    27.2844 8.9127e-02      1.787  307.49250     0.0589    98.5389     3.7375     0.7171      7.592 1.0000e-12      26502         17 0.0000e+00
    913.340   20.15196 -106.00026    921.000     5.1270     5.1274     5.0499    34.5269    34.5345  1031.5105    27.2854 8.7928e-02      1.713  307.54301     0.0607    98.4936     3.7375     0.7164      7.592 1.0000e-12      26520         17 0.0000e+00
    914.329   20.15196 -106.00026    922.000     5.1238     5.1241     5.0465    34.5270    34.5346  1031.5156    27.2859 8.7912e-02      1.776  307.56640     0.0586    98.5460     3.7373     0.7161      7.592 1.0000e-12      26537         18 0.0000e+00
    915.319   20.15196 -106.00026    923.000     5.1214     5.1216     5.0441    34.5269    34.5346  1031.5204    27.2861 8.7232e-02      1.773  307.58376     0.0585    98.5484     3.7367     0.7157      7.592 1.0000e-12      26557         21 0.0000e+00
    916.308   20.15196 -106.00026    924.000     5.1162     5.1162     5.0389    34.5270    34.5347  1031.5258    27.2868 8.8175e-02      1.761  307.62131     0.0586    98.5454     3.7363     0.7151      7.592 1.0000e-12      26580         26 0.0000e+00
    917.298   20.15196 -106.00026    925.000     5.1103     5.1113     5.0329    34.5273    34.5349  1031.5313    27.2877 8.6794e-02      1.765  307.66311     0.0598    98.5178     3.7363     0.7151      7.592 1.0000e-12      26608         27 0.0000e+00
    918.287   20.15196 -106.00026    926.000     5.1070     5.1075     5.0296    34.5272    34.5349  1031.5363    27.2880 8.8214e-02      1.885  307.68750     0.0589    98.5382     3.7356     0.7148      7.592 1.0000e-12      26636         27 0.0000e+00
    919.277   20.15196 -106.00026    927.000     5.1001     5.1002     5.0226    34.5274    34.5351  1031.5419    27.2889 8.9498e-02      1.836  307.73720     0.0586    98.5466     3.7351     0.7146      7.592 1.0000e-12      26663         28 0.0000e+00
    920.266   20.15196 -106.00026    928.000     5.0916     5.0927     5.0141    34.5276    34.5351  1031.5478    27.2901 8.7315e-02      1.803  307.79833     0.0586    98.5454     3.7350     0.7142      7.592 1.0000e-12      26690         26 0.0000e+00
    921.256   20.15196 -106.00026    929.000     5.0860     5.0869     5.0084    34.5274    34.5351  1031.5529    27.2906 8.6956e-02      2.014  307.83998     0.0588    98.5416     3.7344     0.7138      7.592 1.0000e-12      26716         27 0.0000e+00
    922.245   20.15196 -106.00026    930.000     5.0736     5.0765     4.9960    34.5275    34.5352  1031.5592    27.2921 8.7456e-02      2.142  307.93006     0.0587    98.5430     3.7338     0.7135      7.592 1.0000e-12      26742         24 0.0000e+00
    923.235   20.15196 -106.00026    931.000     5.0556     5.0590     4.9781    34.5277    34.5350  1031.5665    27.2944 8.7301e-02      2.005  308.05995     0.0595    98.5244     3.7333     0.7125      7.592 1.0000e-12      26766         24 0.0000e+00
    924.224   20.15196 -106.00026    932.000     5.0587     5.0591     4.9811    34.5274    34.5353  1031.5703    27.2938 8.8245e-02      2.073  308.03789     0.0591    98.5349     3.7325     0.7122      7.592 1.0000e-12      26789         23 0.0000e+00
    925.213   20.15196 -106.00026    933.000     5.0519     5.0515     4.9742    34.5276    34.5352  1031.5760    27.2947 8.8077e-02      2.046  308.08721     0.0587    98.5426     3.7316     0.7116      7.592 1.0000e-12      26812         22 0.0000e+00
    926.203   20.15196 -106.00026    934.000     5.0436     5.0447     4.9659    34.5273    34.5350  1031.5814    27.2954 8.8095e-02      2.051  308.14871     0.0588    98.5406     3.7313     0.7107      7.592 1.0000e-12      26832         20 0.0000e+00
    927.192   20.15196 -106.00026    935.000     5.0330     5.0340     4.9553    34.5279    34.5354  1031.5879    27.2971 8.7724e-02      2.007  308.22414     0.0591    98.5347     3.7307     0.7101      7.592 1.0000e-12      26852         19 0.0000e+00
    928.182   20.15196 -106.00026    936.000     5.0319     5.0321     4.9541    34.5277    34.5353  1031.5924    27.2971 8.9284e-02      2.269  308.23291     0.0587    98.5433     3.7297     0.7099      7.592 1.0000e-12      26872         21 0.0000e+00
    929.171   20.15196 -106.00026    937.000     5.0311     5.0308     4.9532    34.5274    34.5351  1031.5968    27.2969 8.7841e-02      2.407  308.23925     0.0589    98.5389     3.7289     0.7096      7.592 1.0000e-12      26895         27 0.0000e+00
    930.161   20.15196 -106.00026    938.000     5.0292     5.0290     4.9512    34.5273    34.5349  1031.6016    27.2971 8.6771e-02      2.228  308.25362     0.0595    98.5239     3.7287     0.7094      7.592 1.0000e-12      26927         35 0.0000e+00
    931.150   20.15196 -106.00026    939.000     5.0290     5.0293     4.9509    34.5271    34.5348  1031.6060    27.2970 8.6883e-02      2.326  308.25541     0.0588    98.5403     3.7284     0.7095      7.592 1.0000e-12      26963         32 0.0000e+00
    932.139   20.15196 -106.00026    940.000     5.0298     5.0311     4.9516    34.5270    34.5345  1031.6103    27.2968 8.8061e-02      2.401  308.24993     0.0585    98.5485     3.7280     0.7097      7.592 1.0000e-12      26992         27 0.0000e+00
    933.129   20.15196 -106.00026    941.000     5.0282     5.0285     4.9500    34.5270    34.5346  1031.6151    27.2969 8.7422e-02      2.532  308.26119     0.0586    98.5449     3.7281     0.7096      7.592 1.0000e-12      27017         23 0.0000e+00
    934.118   20.15196 -106.00026    942.000     5.0275     5.0279     4.9492    34.5269    34.5346  1031.6196    27.2970 8.8278e-02      2.298  308.26644     0.0597    98.5189     3.7277     0.7092      7.592 1.0000e-12      27040         22 0.0000e+00
    935.108   20.15196 -106.00026    943.000     5.0284     5.0286     4.9500    34.5269    34.5346  1031.6241    27.2969 8.7181e-02      2.304  308.26021     0.0587    98.5429     3.7279     0.7089      7.592 1.0000e-12      27062         21 0.0000e+00
    936.097   20.15196 -106.00026    944.000     5.0291     5.0292     4.9506    34.5268    34.5345  1031.6284    27.2967 8.7727e-02      2.406  308.25534     0.0586    98.5457     3.7278     0.7090      7.592 1.0000e-12      27081         19 0.0000e+00
    937.086   20.15196 -106.00026    945.000     5.0283     5.0281     4.9497    34.5266    34.5344  1031.6329    27.2966 8.7021e-02      2.440  308.26149     0.0586    98.5469     3.7277     0.7089      7.592 1.0000e-12      27100         17 0.0000e+00
    938.076   20.15196 -106.00026    946.000     5.0264     5.0267     4.9478    34.5267    34.5345  1031.6379    27.2970 8.9304e-02      2.417  308.27480     0.0593    98.5302     3.7279     0.7086      7.592 1.0000e-12      27117         19 0.0000e+00
    939.065   20.15196 -106.00026    947.000     5.0234     5.0242     4.9446    34.5267    34.5343  1031.6428    27.2973 8.6605e-02      2.400  308.29742     0.0593    98.5305     3.7277     0.7089      7.592 1.0000e-12      27136         19 0.0000e+00
