data/ctd-cnv/SKQ1617/SKQ1617-St15-P1/skq201617s-023avg.cnv
* Sea-Bird SBE 9 Data File:
* FileName = D:\CTD\SKQ201617S\SKQ201617S-023.hex
* Software Version Seasave V 7.22.5
* Temperature SN = 5773
* Conductivity SN = 2251
* Number of Bytes Per Scan = 37
* Number of Voltage Words = 4
* Number of Scans Averaged by the Deck Unit = 1
* NMEA Latitude = 20 11.82 N
* NMEA Longitude = 106 07.58 W
* NMEA UTC (Time) = Jan 03 2017  13:47:55
* NMEA baud rate = 4800
** Ship: R/V Sikuliaq
** Station Number: 023
** Station Name: Station 15
** Depth: 2609 m
** Operator: RML
# nquan = 23
# nvalues = 501                         
# units = specified
# name 0 = depSM: Depth [salt water, m]
# name 1 = latitude: Latitude [deg]
# name 2 = longitude: Longitude [deg]
# name 3 = prDM: Pressure, Digiquartz [db]
# name 4 = t090C: Temperature [ITS-90, deg C]
# name 5 = t190C: Temperature, 2 [ITS-90, deg C]
# name 6 = potemp090C: Potential Temperature [ITS-90, deg C]
# name 7 = sal00: Salinity, Practical [PSU]
# name 8 = sal11: Salinity, Practical, 2 [PSU]
# name 9 = density00: Density [density, kg/m^3]
# name 10 = sigma-t00: Density [sigma-t, kg/m^3 ]
# name 11 = flSP: Fluorescence, Seapoint
# name 12 = sbox0Mm/Kg: Oxygen, SBE 43 [umol/kg]
# name 13 = oxsolMm/Kg: Oxygen Saturation, Garcia & Gordon [umol/kg]
# name 14 = CStarAt0: Beam Attenuation, WET Labs C-Star [1/m]
# name 15 = CStarTr0: Beam Transmission, WET Labs C-Star [%]
# name 16 = v2: Voltage 2
# name 17 = v3: Voltage 3
# name 18 = ph: pH
# name 19 = par: PAR/Irradiance, Biospherical/Licor
# name 20 = scan: Scan Count
# name 21 = nbin: number of scans per bin
# name 22 = flag: flag
# span 0 =      3.975,    500.306       
# span 1 =   20.19704,   20.19706       
# span 2 = -106.12632, -106.12628       
# span 3 =      4.000,    504.000       
# span 4 =     8.0770,    25.7352       
# span 5 =     8.0768,    25.7352       
# span 6 =     8.0251,    25.7333       
# span 7 =    34.5456,    34.8225       
# span 8 =    34.5531,    34.8305       
# span 9 =  1022.8850,  1029.2068       
# span 10 =    22.8661,    26.9190      
# span 11 = 7.0581e-02, 5.7123e+00      
# span 12 =      0.132,    199.648      
# span 13 =  204.69370,  287.33663      
# span 14 =     0.0601,     0.5341      
# span 15 =    87.5045,    98.5095      
# span 16 =     1.4355,     3.7277      
# span 17 =     0.9310,     2.2328      
# span 18 =      4.718,      8.202      
# span 19 = 1.0000e-12, 3.0741e+01      
# span 20 =        559,      16949      
# span 21 =         16,        453      
# span 22 = 0.0000e+00, 0.0000e+00      
# interval = decibars: 1                
# start_time = Jan 03 2017 13:47:55 [NMEA time, header]
# bad_flag = -9.990e-29
*END*
[from data line 189]
    191.729   20.19706 -106.12630    193.000    12.2232    12.2233    12.1978    34.7825    34.7907  1027.2412    26.3773 7.3065e-02      0.320  262.44689     0.1295    96.8141     3.7177     1.2370      7.057 1.0000e-12       8467         19 0.0000e+00
    192.722   20.19706 -106.12630    194.000    12.2185    12.2185    12.1929    34.7820    34.7901  1027.2463    26.3778 7.2864e-02      0.346  262.47369     0.1297    96.8096     3.7171     1.2371      7.056 1.0000e-12       8491         28 0.0000e+00
    193.715   20.19706 -106.12630    195.000    12.2067    12.2065    12.1810    34.7810    34.7893  1027.2523    26.3793 7.2882e-02      0.316  262.53943     0.1297    96.8102     3.7167     1.2370      7.056 1.0000e-12       8520         29 0.0000e+00
    194.708   20.19706 -106.12630    196.000    12.1729    12.1731    12.1471    34.7796    34.7877  1027.2623    26.3848 7.2817e-02      0.322  262.72564     0.1287    96.8333     3.7170     1.2359      7.056 1.0000e-12       8548         25 0.0000e+00
    195.701   20.19706 -106.12630    197.000    12.1537    12.1536    12.1278    34.7799    34.7878  1027.2708    26.3887 7.4789e-02      0.352  262.82946     0.1302    96.7974     3.7171     1.2341      7.056 1.0000e-12       8573         29 0.0000e+00
    196.694   20.19706 -106.12630    198.000    12.1459    12.1461    12.1199    34.7792    34.7872  1027.2762    26.3896 7.2339e-02      0.305  262.87300     0.1291    96.8238     3.7168     1.2332      7.056 1.0000e-12       8604         32 0.0000e+00
    197.687   20.19706 -106.12630    199.000    12.1377    12.1375    12.1116    34.7784    34.7865  1027.2817    26.3906 7.5134e-02      0.324  262.91928     0.1295    96.8140     3.7168     1.2325      7.056 1.0000e-12       8636         26 0.0000e+00
    198.680   20.19706 -106.12630    200.000    12.1272    12.1271    12.1010    34.7775    34.7855  1027.2875    26.3919 7.3211e-02      0.321  262.97769     0.1295    96.8130     3.7172     1.2314      7.056 1.0000e-12       8660         22 0.0000e+00
    199.673   20.19706 -106.12630    201.000    12.1079    12.1076    12.0816    34.7771    34.7852  1027.2954    26.3953 7.3647e-02      0.310  263.08392     0.1298    96.8058     3.7178     1.2308      7.056 1.0000e-12       8680         19 0.0000e+00
    200.666   20.19706 -106.12630    202.000    12.1025    12.1026    12.0760    34.7771    34.7852  1027.3010    26.3964 7.1766e-02      0.317  263.11320     0.1290    96.8273     3.7179     1.2293      7.056 1.0000e-12       8699         19 0.0000e+00
    201.658   20.19706 -106.12630    203.000    12.0966    12.0970    12.0701    34.7765    34.7848  1027.3061    26.3970 7.1922e-02      0.319  263.14628     0.1293    96.8192     3.7179     1.2284      7.056 1.0000e-12       8719         22 0.0000e+00
    202.651   20.19706 -106.12630    204.000    12.0919    12.0919    12.0652    34.7762    34.7843  1027.3112    26.3977 7.2811e-02      0.319  263.17249     0.1291    96.8246     3.7177     1.2277      7.056 1.0000e-12       8747         32 0.0000e+00
    203.644   20.19706 -106.12630    205.000    12.0831    12.0824    12.0563    34.7753    34.7835  1027.3167    26.3986 7.4594e-02      0.319  263.22231     0.1289    96.8278     3.7175     1.2277      7.056 1.0000e-12       8777         26 0.0000e+00
    204.637   20.19706 -106.12630    206.000    12.0587    12.0588    12.0318    34.7742    34.7822  1027.3251    26.4025 7.3610e-02      0.340  263.35738     0.1301    96.8001     3.7178     1.2262      7.056 1.0000e-12       8799         21 0.0000e+00
    205.630   20.19706 -106.12630    207.000    12.0448    12.0449    12.0178    34.7741    34.7821  1027.3322    26.4051 7.4032e-02      0.331  263.43326     0.1287    96.8334     3.7179     1.2246      7.056 1.0000e-12       8819         19 0.0000e+00
    206.623   20.19706 -106.12630    208.000    12.0360    12.0364    12.0089    34.7733    34.7813  1027.3378    26.4062 7.2697e-02      0.305  263.48277     0.1274    96.8649     3.7179     1.2239      7.056 1.0000e-12       8841         26 0.0000e+00
    207.616   20.19706 -106.12630    209.000    12.0225    12.0228    11.9952    34.7727    34.7806  1027.3444    26.4082 7.3389e-02      0.320  263.55799     0.1221    96.9947     3.7179     1.2231      7.056 1.0000e-12       8868         27 0.0000e+00
    208.609   20.19706 -106.12630    210.000    12.0132    12.0135    11.9858    34.7721    34.7802  1027.3503    26.4096 7.3396e-02      0.320  263.60997     0.1144    97.1801     3.7178     1.2224      7.056 1.0000e-12       8895         27 0.0000e+00
    209.602   20.19706 -106.12630    211.000    11.9939    11.9941    11.9664    34.7713    34.7793  1027.3578    26.4126 7.4350e-02      0.320  263.71704     0.0892    97.7949     3.7177     1.2218      7.056 1.0000e-12       8921         24 0.0000e+00
    210.594   20.19706 -106.12630    212.000    11.9793    11.9798    11.9518    34.7712    34.7793  1027.3651    26.4153 7.4015e-02      0.320  263.79668     0.0745    98.1541     3.7179     1.2205      7.056 1.0000e-12       8945         24 0.0000e+00
    211.587   20.19706 -106.12630    213.000    11.9743    11.9746    11.9466    34.7707    34.7787  1027.3701    26.4159 7.3109e-02      0.320  263.82523     0.0742    98.1617     3.7179     1.2195      7.056 1.0000e-12       8969         25 0.0000e+00
    212.580   20.19706 -106.12630    214.000    11.9571    11.9574    11.9293    34.7692    34.7772  1027.3768    26.4180 7.4514e-02      0.311  263.92224     0.1176    97.1049     3.7179     1.2186      7.056 1.0000e-12       8994         24 0.0000e+00
    213.573   20.19706 -106.12630    215.000    11.9252    11.9253    11.8974    34.7671    34.7748  1027.3858    26.4224 7.3069e-02      0.316  264.10093     0.1295    96.8148     3.7179     1.2168      7.055 1.0000e-12       9019         25 0.0000e+00
    214.566   20.19706 -106.12630    216.000    11.8840    11.8846    11.8561    34.7674    34.7752  1027.3985    26.4305 7.2278e-02      0.327  264.32665     0.1290    96.8255     3.7180     1.2145      7.055 1.0000e-12       9044         29 0.0000e+00
    215.559   20.19706 -106.12630    217.000    11.8797    11.8798    11.8516    34.7669    34.7749  1027.4034    26.4309 7.2250e-02      0.321  264.35124     0.1288    96.8316     3.7179     1.2131      7.055 1.0000e-12       9073         29 0.0000e+00
    216.552   20.19706 -106.12630    218.000    11.8770    11.8770    11.8488    34.7664    34.7744  1027.4080    26.4311 7.2273e-02      0.310  264.36721     0.1286    96.8367     3.7180     1.2123      7.054 1.0000e-12       9101         26 0.0000e+00
    217.544   20.19706 -106.12630    219.000    11.8700    11.8707    11.8417    34.7658    34.7738  1027.4134    26.4319 7.3802e-02      0.287  264.40649     0.1280    96.8509     3.7181     1.2116      7.054 1.0000e-12       9123         19 0.0000e+00
    218.538   20.19706 -106.12630    220.000    11.8647    11.8644    11.8362    34.7654    34.7733  1027.4186    26.4326 7.3632e-02      0.295  264.43662     0.1275    96.8626     3.7183     1.2109      7.054 1.0000e-12       9143         20 0.0000e+00
    219.530   20.19706 -106.12630    221.000    11.8550    11.8550    11.8264    34.7647    34.7727  1027.4244    26.4339 7.2599e-02      0.340  264.49138     0.1280    96.8503     3.7187     1.2102      7.054 1.0000e-12       9163         21 0.0000e+00
    220.523   20.19706 -106.12630    222.000    11.8399    11.8398    11.8112    34.7636    34.7715  1027.4309    26.4359 7.3367e-02      0.312  264.57665     0.1265    96.8859     3.7182     1.2092      7.053 1.0000e-12       9188         29 0.0000e+00
    221.516   20.19706 -106.12630    223.000    11.8088    11.8086    11.7800    34.7617    34.7698  1027.4399    26.4403 7.3541e-02      0.327  264.75135     0.1260    96.8990     3.7181     1.2079      7.053 1.0000e-12       9216         26 0.0000e+00
    222.509   20.19706 -106.12630    224.000    11.7908    11.7909    11.7619    34.7615    34.7694  1027.4477    26.4436 7.3265e-02      0.317  264.85121     0.1252    96.9196     3.7187     1.2064      7.053 1.0000e-12       9240         22 0.0000e+00
    223.502   20.19706 -106.12630    225.000    11.7795    11.7795    11.7506    34.7606    34.7687  1027.4537    26.4450 7.3081e-02      0.300  264.91464     0.1250    96.9242     3.7191     1.2047      7.052 1.0000e-12       9261         20 0.0000e+00
    224.494   20.19706 -106.12630    226.000    11.7540    11.7544    11.7249    34.7594    34.7673  1027.4622    26.4489 7.0581e-02      0.292  265.05805     0.1262    96.8936     3.7191     1.2036      7.052 1.0000e-12       9283         22 0.0000e+00
    225.487   20.19706 -106.12630    227.000    11.7428    11.7431    11.7136    34.7587    34.7666  1027.4682    26.4505 7.1340e-02      0.325  265.12121     0.1255    96.9104     3.7187     1.2025      7.052 1.0000e-12       9307         27 0.0000e+00
    226.480   20.19706 -106.12630    228.000    11.7177    11.7185    11.6885    34.7560    34.7636  1027.4754    26.4530 7.2840e-02      0.307  265.26492     0.1248    96.9287     3.7187     1.2016      7.051 1.0000e-12       9335         29 0.0000e+00
    227.473   20.19706 -106.12630    229.000    11.6833    11.6837    11.6540    34.7553    34.7632  1027.4859    26.4590 7.3502e-02      0.333  265.45653     0.1255    96.9114     3.7185     1.1998      7.051 1.0000e-12       9365         29 0.0000e+00
    228.465   20.19706 -106.12630    230.000    11.6763    11.6766    11.6468    34.7546    34.7625  1027.4912    26.4598 7.3949e-02      0.288  265.49698     0.1250    96.9227     3.7184     1.1984      7.052 1.0000e-12       9394         27 0.0000e+00
    229.458   20.19706 -106.12630    231.000    11.6697    11.6698    11.6401    34.7540    34.7620  1027.4965    26.4606 7.4968e-02      0.311  265.53442     0.1253    96.9172     3.7188     1.1976      7.051 1.0000e-12       9420         24 0.0000e+00
    230.451   20.19706 -106.12630    232.000    11.6672    11.6675    11.6375    34.7538    34.7618  1027.5013    26.4609 7.3221e-02      0.307  265.54848     0.1247    96.9308     3.7190     1.1967      7.051 1.0000e-12       9444         23 0.0000e+00
    231.443   20.19706 -106.12630    233.000    11.6628    11.6631    11.6330    34.7534    34.7614  1027.5063    26.4614 7.3260e-02      0.268  265.57358     0.1179    97.0962     3.7190     1.1960      7.051 1.0000e-12       9465         21 0.0000e+00
    232.436   20.19706 -106.12630    234.000    11.6585    11.6587    11.6285    34.7531    34.7611  1027.5114    26.4619 7.4066e-02      0.294  265.59842     0.1038    97.4374     3.7192     1.1952      7.051 1.0000e-12       9486         22 0.0000e+00
    233.429   20.19706 -106.12630    235.000    11.6474    11.6477    11.6174    34.7523    34.7602  1027.5174    26.4634 7.4252e-02      0.340  265.66115     0.0970    97.6057     3.7192     1.1944      7.051 1.0000e-12       9509         22 0.0000e+00
    234.422   20.19706 -106.12630    236.000    11.6343    11.6345    11.6042    34.7519    34.7601  1027.5240    26.4655 7.3391e-02      0.275  265.73457     0.0738    98.1710     3.7192     1.1936      7.051 1.0000e-12       9535         26 0.0000e+00
    235.415   20.19706 -106.12630    237.000    11.6275    11.6277    11.5972    34.7514    34.7594  1027.5294    26.4664 7.3726e-02      0.241  265.77376     0.0725    98.2042     3.7190     1.1925      7.051 1.0000e-12       9560         24 0.0000e+00
    236.407   20.19706 -106.12630    238.000    11.6213    11.6215    11.5910    34.7512    34.7592  1027.5349    26.4674 7.4903e-02      0.277  265.80793     0.0716    98.2243     3.7191     1.1922      7.051 1.0000e-12       9581         20 0.0000e+00
    237.400   20.19706 -106.12630    239.000    11.6042    11.6045    11.5738    34.7497    34.7576  1027.5415    26.4694 7.3869e-02      0.295  265.90583     0.0713    98.2319     3.7192     1.1911      7.051 1.0000e-12       9601         18 0.0000e+00
    238.393   20.19706 -106.12630    240.000    11.5916    11.5919    11.5611    34.7497    34.7576  1027.5483    26.4718 7.1669e-02      0.311  265.97597     0.0713    98.2336     3.7192     1.1901      7.051 1.0000e-12       9620         21 0.0000e+00
    239.386   20.19706 -106.12630    241.000    11.5779    11.5784    11.5472    34.7480    34.7557  1027.5542    26.4731 7.2836e-02      0.305  266.05567     0.0720    98.2147     3.7192     1.1895      7.051 1.0000e-12       9643         26 0.0000e+00
    240.378   20.19706 -106.12630    242.000    11.5634    11.5631    11.5326    34.7482    34.7562  1027.5616    26.4759 7.3922e-02      0.269  266.13552     0.0728    98.1979     3.7192     1.1886      7.051 1.0000e-12       9675         37 0.0000e+00
    241.371   20.19706 -106.12630    243.000    11.5250    11.5249    11.4941    34.7443    34.7527  1027.5703    26.4800 7.3235e-02      0.307  266.35719     0.0720    98.2167     3.7188     1.1887      7.051 1.0000e-12       9715         39 0.0000e+00
    242.364   20.19706 -106.12630    244.000    11.5068    11.5066    11.4759    34.7424    34.7502  1027.5768    26.4819 7.3113e-02      0.285  266.46203     0.0714    98.2296     3.7187     1.1861      7.051 1.0000e-12       9746         25 0.0000e+00
    243.356   20.19706 -106.12630    245.000    11.4949    11.4949    11.4639    34.7405    34.7485  1027.5821    26.4827 7.1414e-02      0.338  266.53199     0.0708    98.2451     3.7192     1.1847      7.051 1.0000e-12       9768         18 0.0000e+00
    244.349   20.19706 -106.12630    246.000    11.4746    11.4746    11.4434    34.7393    34.7472  1027.5895    26.4855 7.2495e-02      0.327  266.64776     0.0710    98.2389     3.7193     1.1831      7.051 1.0000e-12       9786         19 0.0000e+00
    245.342   20.19706 -106.12630    247.000    11.4613    11.4609    11.4300    34.7384    34.7463  1027.5957    26.4873 7.2871e-02      0.269  266.72398     0.0712    98.2348     3.7193     1.1815      7.050 1.0000e-12       9805         19 0.0000e+00
    246.335   20.19706 -106.12630    248.000    11.4546    11.4548    11.4233    34.7381    34.7459  1027.6012    26.4883 7.2941e-02      0.267  266.76162     0.0716    98.2246     3.7194     1.1803      7.051 1.0000e-12       9826         23 0.0000e+00
    247.327   20.19706 -106.12630    249.000    11.4541    11.4544    11.4226    34.7378    34.7457  1027.6056    26.4882 7.5019e-02      0.275  266.76514     0.0710    98.2394     3.7192     1.1794      7.051 1.0000e-12       9849         23 0.0000e+00
    248.320   20.19706 -106.12630    250.000    11.4538    11.4540    11.4222    34.7377    34.7457  1027.6101    26.4881 7.5004e-02      0.338  266.76705     0.0718    98.2209     3.7195     1.1787      7.051 1.0000e-12       9871         21 0.0000e+00
    249.313   20.19706 -106.12630    251.000    11.4510    11.4513    11.4193    34.7375    34.7455  1027.6149    26.4885 7.3900e-02      0.270  266.78280     0.0712    98.2351     3.7194     1.1788      7.051 1.0000e-12       9893         22 0.0000e+00
    250.305   20.19706 -106.12630    252.000    11.4462    11.4463    11.4143    34.7378    34.7457  1027.6206    26.4896 7.1829e-02      0.214  266.80933     0.0712    98.2348     3.7196     1.1789      7.051 1.0000e-12       9917         26 0.0000e+00
    251.298   20.19706 -106.12630    253.000    11.4432    11.4433    11.4112    34.7377    34.7458  1027.6256    26.4901 7.4875e-02      0.236  266.82618     0.0712    98.2348     3.7192     1.1789      7.049 1.0000e-12       9946         32 0.0000e+00
    252.291   20.19706 -106.12630    254.000    11.4372    11.4373    11.4051    34.7374    34.7454  1027.6309    26.4910 7.3129e-02      0.268  266.86008     0.0711    98.2382     3.7192     1.1786      7.050 1.0000e-12       9977         31 0.0000e+00
