data/ctd-cnv/SKQ1617/SKQ1617-St15-P1/skq201617s-019avg.cnv
* Sea-Bird SBE 9 Data File:
* FileName = D:\CTD\SKQ201617S\SKQ201617S-019.hex
* Software Version Seasave V 7.22.5
* Temperature SN = 5773
* Conductivity SN = 2251
* Number of Bytes Per Scan = 37
* Number of Voltage Words = 4
* Number of Scans Averaged by the Deck Unit = 1
* NMEA Latitude = 20 08.99 N
* NMEA Longitude = 106 01.96 W
* NMEA UTC (Time) = Jan 01 2017  16:01:44
* NMEA baud rate = 4800
** Ship: R/V Sikuliaq
** Station Number: 019
** Station Name: Station 15
** Depth: 2386 m
** Operator: RML
# nquan = 23
# nvalues = 503                         
# units = specified
# name 0 = depSM: Depth [salt water, m]
# name 1 = latitude: Latitude [deg]
# name 2 = longitude: Longitude [deg]
# name 3 = prDM: Pressure, Digiquartz [db]
# name 4 = t090C: Temperature [ITS-90, deg C]
# name 5 = t190C: Temperature, 2 [ITS-90, deg C]
# name 6 = potemp090C: Potential Temperature [ITS-90, deg C]
# name 7 = sal00: Salinity, Practical [PSU]
# name 8 = sal11: Salinity, Practical, 2 [PSU]
# name 9 = density00: Density [density, kg/m^3]
# name 10 = sigma-t00: Density [sigma-t, kg/m^3 ]
# name 11 = flSP: Fluorescence, Seapoint
# name 12 = sbox0Mm/Kg: Oxygen, SBE 43 [umol/kg]
# name 13 = oxsolMm/Kg: Oxygen Saturation, Garcia & Gordon [umol/kg]
# name 14 = CStarAt0: Beam Attenuation, WET Labs C-Star [1/m]
# name 15 = CStarTr0: Beam Transmission, WET Labs C-Star [%]
# name 16 = v2: Voltage 2
# name 17 = v3: Voltage 3
# name 18 = ph: pH
# name 19 = par: PAR/Irradiance, Biospherical/Licor
# name 20 = scan: Scan Count
# name 21 = nbin: number of scans per bin
# name 22 = flag: flag
# span 0 =      2.982,    501.299       
# span 1 =   20.14988,   20.15010       
# span 2 = -106.03276, -106.03274       
# span 3 =      3.000,    505.000       
# span 4 =     8.0123,    26.0331       
# span 5 =     7.9479,    26.0340       
# span 6 =     7.9605,    26.0323       
# span 7 =    34.5122,    34.8175       
# span 8 =    34.5200,    34.8259       
# span 9 =  1022.7922,  1029.2209       
# span 10 =    22.7750,    26.9280      
# span 11 = 6.9396e-02, 5.3288e+00      
# span 12 =      0.133,    200.833      
# span 13 =  203.68658,  287.75865      
# span 14 =     0.0584,     0.4935      
# span 15 =    88.3927,    98.5496      
# span 16 =     1.4331,     3.7474      
# span 17 =     0.9295,     2.2549      
# span 18 =      7.695,      8.327      
# span 19 = 1.0000e-12, 2.9836e+02      
# span 20 =         39,      19716      
# span 21 =         16,        988      
# span 22 = 0.0000e+00, 0.0000e+00      
# interval = decibars: 1                
# start_time = Jan 01 2017 16:01:44 [NMEA time, header]
# bad_flag = -9.990e-29
*END*
[from data line 378]
    378.321   20.15008 -106.03274    381.000     9.9152     9.9156     9.8710    34.6433    34.6513  1028.4066    26.6879 7.3588e-02      0.188  275.82090     0.0659    98.3664     3.7436     1.0652      7.719 1.0000e-12      15159         27 0.0000e+00
    379.313   20.15008 -106.03274    382.000     9.9063     9.9067     9.8620    34.6426    34.6505  1028.4120    26.6888 7.1775e-02      0.178  275.87524     0.0659    98.3665     3.7436     1.0642      7.719 1.0000e-12      15185         25 0.0000e+00
    380.305   20.15008 -106.03274    383.000     9.8879     9.8879     9.8435    34.6413    34.6493  1028.4188    26.6909 7.2477e-02      0.199  275.98744     0.0659    98.3646     3.7436     1.0627      7.719 1.0000e-12      15212         28 0.0000e+00
    381.297   20.15008 -106.03274    384.000     9.8604     9.8604     9.8160    34.6403    34.6481  1028.4273    26.6947 7.2822e-02      0.253  276.15338     0.0660    98.3624     3.7436     1.0612      7.719 1.0000e-12      15238         25 0.0000e+00
    382.289   20.15008 -106.03274    385.000     9.8392     9.8390     9.7947    34.6397    34.6477  1028.4351    26.6979 7.1164e-02      0.223  276.28074     0.0663    98.3552     3.7438     1.0595      7.718 1.0000e-12      15262         23 0.0000e+00
    383.281   20.15008 -106.03274    386.000     9.8374     9.8379     9.7929    34.6392    34.6472  1028.4396    26.6978 7.3623e-02      0.173  276.29215     0.0667    98.3464     3.7436     1.0589      7.718 1.0000e-12      15283         19 0.0000e+00
    384.273   20.15008 -106.03274    387.000     9.8295     9.8296     9.7849    34.6389    34.6469  1028.4452    26.6989 7.2038e-02      0.209  276.34005     0.0656    98.3728     3.7438     1.0582      7.717 1.0000e-12      15302         18 0.0000e+00
    385.265   20.15008 -106.03274    388.000     9.8259     9.8256     9.7811    34.6383    34.6464  1028.4499    26.6991 7.1867e-02      0.192  276.36300     0.0651    98.3877     3.7437     1.0578      7.717 1.0000e-12      15321         21 0.0000e+00
    386.257   20.15008 -106.03274    389.000     9.8188     9.8194     9.7739    34.6379    34.6458  1028.4553    26.6999 7.1902e-02      0.210  276.40613     0.0657    98.3700     3.7436     1.0569      7.717 1.0000e-12      15344         27 0.0000e+00
    387.249   20.15008 -106.03274    390.000     9.8037     9.8049     9.7587    34.6371    34.6451  1028.4618    26.7018 7.2313e-02      0.214  276.49791     0.0655    98.3764     3.7436     1.0562      7.717 1.0000e-12      15374         31 0.0000e+00
    388.241   20.15008 -106.03274    391.000     9.7633     9.7633     9.7183    34.6338    34.6416  1028.4709    26.7061 7.0740e-02      0.205  276.74618     0.0650    98.3887     3.7436     1.0553      7.716 1.0000e-12      15403         25 0.0000e+00
    389.233   20.15008 -106.03274    392.000     9.6816     9.6829     9.6368    34.6320    34.6397  1028.4883    26.7184 7.3534e-02      0.184  277.23915     0.0657    98.3701     3.7440     1.0512      7.715 1.0000e-12      15428         24 0.0000e+00
    390.225   20.15008 -106.03274    393.000     9.6566     9.6570     9.6117    34.6312    34.6390  1028.4965    26.7219 7.4643e-02      0.264  277.39134     0.0666    98.3486     3.7441     1.0483      7.715 1.0000e-12      15453         27 0.0000e+00
    391.217   20.15008 -106.03274    394.000     9.6517     9.6517     9.6067    34.6301    34.6380  1028.5011    26.7219 7.3242e-02      0.164  277.42255     0.0653    98.3810     3.7440     1.0464      7.715 1.0000e-12      15479         26 0.0000e+00
    392.209   20.15008 -106.03274    395.000     9.6479     9.6481     9.6028    34.6293    34.6373  1028.5055    26.7219 7.3100e-02      0.261  277.44738     0.0650    98.3894     3.7441     1.0455      7.715 1.0000e-12      15503         23 0.0000e+00
    393.201   20.15008 -106.03274    396.000     9.6400     9.6398     9.5948    34.6288    34.6367  1028.5111    26.7228 7.3623e-02      0.181  277.49586     0.0649    98.3916     3.7442     1.0447      7.715 1.0000e-12      15524         20 0.0000e+00
    394.193   20.15008 -106.03274    397.000     9.6349     9.6354     9.5897    34.6285    34.6365  1028.5161    26.7234 7.2083e-02      0.188  277.52676     0.0649    98.3916     3.7446     1.0444      7.715 1.0000e-12      15544         19 0.0000e+00
    395.185   20.15008 -106.03274    398.000     9.6329     9.6331     9.5875    34.6280    34.6359  1028.5206    26.7233 7.2302e-02      0.211  277.53977     0.0649    98.3916     3.7446     1.0433      7.715 1.0000e-12      15565         23 0.0000e+00
    396.177   20.15008 -106.03274    399.000     9.6314     9.6314     9.5859    34.6278    34.6356  1028.5252    26.7234 7.1954e-02      0.231  277.54948     0.0649    98.3906     3.7444     1.0434      7.715 1.0000e-12      15588         25 0.0000e+00
    397.169   20.15008 -106.03274    400.000     9.6296     9.6296     9.5840    34.6273    34.6353  1028.5297    26.7234 7.4050e-02      0.209  277.56120     0.0645    98.4000     3.7441     1.0429      7.715 1.0000e-12      15616         28 0.0000e+00
    398.161   20.15008 -106.03274    401.000     9.6251     9.6252     9.5794    34.6269    34.6348  1028.5346    26.7238 7.3240e-02      0.200  277.58894     0.0646    98.3983     3.7445     1.0426      7.715 1.0000e-12      15644         27 0.0000e+00
    399.153   20.15008 -106.03274    402.000     9.6184     9.6186     9.5726    34.6263    34.6342  1028.5399    26.7245 7.2508e-02      0.166  277.63063     0.0648    98.3936     3.7443     1.0424      7.715 1.0000e-12      15670         25 0.0000e+00
    400.145   20.15008 -106.03274    403.000     9.6130     9.6133     9.5671    34.6259    34.6339  1028.5449    26.7250 7.1559e-02      0.231  277.66368     0.0650    98.3893     3.7441     1.0418      7.715 1.0000e-12      15694         24 0.0000e+00
    401.137   20.15008 -106.03274    404.000     9.6071     9.6074     9.5611    34.6256    34.6334  1028.5503    26.7258 7.3260e-02      0.208  277.70004     0.0650    98.3882     3.7442     1.0413      7.715 1.0000e-12      15717         23 0.0000e+00
    402.129   20.15008 -106.03274    405.000     9.6001     9.6004     9.5540    34.6250    34.6331  1028.5555    26.7265 7.2391e-02      0.159  277.74293     0.0681    98.3122     3.7445     1.0407      7.714 1.0000e-12      15739         21 0.0000e+00
    403.121   20.15008 -106.03274    406.000     9.5910     9.5915     9.5449    34.6244    34.6324  1028.5611    26.7275 7.1512e-02      0.214  277.79901     0.0690    98.2905     3.7444     1.0403      7.714 1.0000e-12      15762         25 0.0000e+00
    404.113   20.15008 -106.03274    407.000     9.5512     9.5518     9.5050    34.6223    34.6299  1028.5709    26.7325 7.4168e-02      0.185  278.04360     0.0649    98.3904     3.7448     1.0390      7.714 1.0000e-12      15788         28 0.0000e+00
    405.105   20.15008 -106.03274    408.000     9.5160     9.5161     9.4698    34.6215    34.6295  1028.5809    26.7377 7.1082e-02      0.217  278.25777     0.0647    98.3967     3.7446     1.0364      7.712 1.0000e-12      15816         26 0.0000e+00
    406.097   20.15008 -106.03274    409.000     9.5154     9.5156     9.4691    34.6210    34.6289  1028.5851    26.7374 7.3644e-02      0.224  278.26242     0.0650    98.3890     3.7444     1.0352      7.711 1.0000e-12      15839         21 0.0000e+00
    407.089   20.15008 -106.03274    410.000     9.5126     9.5132     9.4662    34.6205    34.6286  1028.5898    26.7375 7.3781e-02      0.177  278.28016     0.0651    98.3867     3.7448     1.0348      7.711 1.0000e-12      15860         21 0.0000e+00
    408.081   20.15008 -106.03274    411.000     9.5096     9.5097     9.4631    34.6200    34.6280  1028.5944    26.7376 7.3266e-02      0.217  278.29942     0.0651    98.3869     3.7447     1.0344      7.711 1.0000e-12      15881         22 0.0000e+00
    409.072   20.15008 -106.03274    412.000     9.4999     9.4999     9.4533    34.6195    34.6274  1028.6001    26.7388 7.2760e-02      0.185  278.35927     0.0649    98.3916     3.7448     1.0338      7.711 1.0000e-12      15908         29 0.0000e+00
    410.064   20.15008 -106.03274    413.000     9.4943     9.4945     9.4476    34.6188    34.6269  1028.6051    26.7392 7.1519e-02      0.192  278.39414     0.0649    98.3916     3.7447     1.0334      7.711 1.0000e-12      15937         28 0.0000e+00
    411.056   20.15008 -106.03274    414.000     9.4802     9.4805     9.4334    34.6180    34.6258  1028.6114    26.7409 7.2322e-02      0.196  278.48165     0.0648    98.3939     3.7448     1.0325      7.711 1.0000e-12      15963         23 0.0000e+00
    412.048   20.15008 -106.03274    415.000     9.4600     9.4603     9.4132    34.6173    34.6252  1028.6188    26.7436 7.1244e-02      0.196  278.60509     0.0647    98.3955     3.7448     1.0316      7.711 1.0000e-12      15984         20 0.0000e+00
    413.040   20.15008 -106.03274    416.000     9.4466     9.4470     9.3997    34.6165    34.6244  1028.6250    26.7453 7.2696e-02      0.196  278.68774     0.0648    98.3943     3.7448     1.0305      7.711 1.0000e-12      16003         19 0.0000e+00
    414.032   20.15008 -106.03274    417.000     9.4285     9.4285     9.3816    34.6153    34.6232  1028.6317    26.7473 7.2624e-02      0.213  278.79985     0.0654    98.3793     3.7448     1.0294      7.711 1.0000e-12      16024         23 0.0000e+00
    415.024   20.15008 -106.03274    418.000     9.3994     9.4003     9.3524    34.6144    34.6222  1028.6405    26.7513 7.1718e-02      0.192  278.97866     0.0652    98.3835     3.7448     1.0277      7.711 1.0000e-12      16048         26 0.0000e+00
    416.016   20.15008 -106.03274    419.000     9.3854     9.3857     9.3384    34.6136    34.6214  1028.6468    26.7530 7.4046e-02      0.219  279.06494     0.0650    98.3898     3.7448     1.0263      7.711 1.0000e-12      16077         31 0.0000e+00
    417.008   20.15008 -106.03274    420.000     9.3662     9.3665     9.3191    34.6119    34.6196  1028.6534    26.7549 7.3277e-02      0.180  279.18525     0.0652    98.3843     3.7447     1.0252      7.711 1.0000e-12      16106         28 0.0000e+00
    417.999   20.15008 -106.03274    421.000     9.3118     9.3119     9.2648    34.6102    34.6179  1028.6659    26.7625 7.3260e-02      0.214  279.51960     0.0656    98.3736     3.7449     1.0229      7.711 1.0000e-12      16134         25 0.0000e+00
    418.991   20.15008 -106.03274    422.000     9.2880     9.2881     9.2409    34.6092    34.6170  1028.6736    26.7655 7.4009e-02      0.200  279.66704     0.0643    98.4059     3.7448     1.0205      7.711 1.0000e-12      16159         25 0.0000e+00
    419.983   20.15008 -106.03274    423.000     9.2719     9.2720     9.2247    34.6077    34.6155  1028.6797    26.7670 7.0806e-02      0.248  279.76847     0.0643    98.4065     3.7448     1.0190      7.710 1.0000e-12      16181         21 0.0000e+00
    420.975   20.15008 -106.03274    424.000     9.2311     9.2316     9.1840    34.6062    34.6141  1028.6901    26.7725 7.2937e-02      0.212  280.02034     0.0646    98.3987     3.7452     1.0168      7.710 1.0000e-12      16203         22 0.0000e+00
    421.967   20.15008 -106.03274    425.000     9.2042     9.2053     9.1571    34.6055    34.6135  1028.6986    26.7763 7.2272e-02      0.180  280.18634     0.0639    98.4162     3.7454     1.0148      7.709 1.0000e-12      16224         22 0.0000e+00
    422.958   20.15008 -106.03274    426.000     9.1930     9.1931     9.1458    34.6047    34.6126  1028.7044    26.7775 7.4281e-02      0.202  280.25680     0.0641    98.4103     3.7453     1.0131      7.710 1.0000e-12      16246         21 0.0000e+00
    423.951   20.15008 -106.03274    427.000     9.1861     9.1864     9.1387    34.6042    34.6120  1028.7097    26.7782 7.3437e-02      0.178  280.30037     0.0642    98.4082     3.7456     1.0118      7.708 1.0000e-12      16267         22 0.0000e+00
    424.942   20.15008 -106.03274    428.000     9.1813     9.1811     9.1339    34.6037    34.6115  1028.7146    26.7786 7.2337e-02      0.198  280.33037     0.0641    98.4097     3.7456     1.0114      7.707 1.0000e-12      16289         23 0.0000e+00
    425.934   20.15008 -106.03274    429.000     9.1795     9.1798     9.1319    34.6032    34.6111  1028.7190    26.7785 7.3902e-02      0.184  280.34282     0.0638    98.4175     3.7456     1.0110      7.707 1.0000e-12      16314         27 0.0000e+00
    426.926   20.15008 -106.03274    430.000     9.1663     9.1667     9.1187    34.6022    34.6100  1028.7250    26.7799 7.2155e-02      0.230  280.42546     0.0638    98.4177     3.7454     1.0105      7.707 1.0000e-12      16343         28 0.0000e+00
    427.918   20.15008 -106.03274    431.000     9.1502     9.1503     9.1025    34.6016    34.6094  1028.7318    26.7820 7.2717e-02      0.198  280.52562     0.0638    98.4177     3.7454     1.0094      7.707 1.0000e-12      16371         26 0.0000e+00
    428.910   20.15008 -106.03274    432.000     9.1319     9.1320     9.0841    34.6011    34.6091  1028.7390    26.7846 7.4529e-02      0.186  280.63880     0.0638    98.4188     3.7457     1.0081      7.707 1.0000e-12      16394         23 0.0000e+00
    429.901   20.15008 -106.03274    433.000     9.1165     9.1163     9.0687    34.6000    34.6077  1028.7453    26.7862 7.3595e-02      0.199  280.73591     0.0630    98.4379     3.7456     1.0072      7.707 1.0000e-12      16416         22 0.0000e+00
    430.893   20.15008 -106.03274    434.000     9.0808     9.0809     9.0330    34.6001    34.6079  1028.7559    26.7920 7.3391e-02      0.212  280.95476     0.0628    98.4411     3.7459     1.0054      7.707 1.0000e-12      16442         28 0.0000e+00
    431.885   20.15008 -106.03274    435.000     9.0694     9.0695     9.0215    34.5995    34.6073  1028.7619    26.7934 7.3142e-02      0.207  281.02621     0.0627    98.4439     3.7456     1.0038      7.707 1.0000e-12      16471         31 0.0000e+00
    432.877   20.15008 -106.03274    436.000     9.0621     9.0626     9.0141    34.5990    34.6069  1028.7672    26.7941 7.3404e-02      0.187  281.07262     0.0627    98.4449     3.7457     1.0028      7.707 1.0000e-12      16499         25 0.0000e+00
    433.868   20.15008 -106.03274    437.000     9.0507     9.0503     9.0026    34.5979    34.6057  1028.7728    26.7951 7.1760e-02      0.199  281.14481     0.0618    98.4665     3.7457     1.0022      7.707 1.0000e-12      16523         22 0.0000e+00
    434.860   20.15008 -106.03274    438.000     9.0277     9.0279     8.9796    34.5973    34.6052  1028.7808    26.7984 7.4286e-02      0.199  281.28784     0.0617    98.4701     3.7460     1.0009      7.707 1.0000e-12      16544         19 0.0000e+00
    435.852   20.15008 -106.03274    439.000     9.0135     9.0137     8.9654    34.5967    34.6046  1028.7872    26.8001 7.1971e-02      0.199  281.37616     0.0618    98.4685     3.7460     1.0000      7.707 1.0000e-12      16563         19 0.0000e+00
    436.844   20.15008 -106.03274    440.000     8.9966     8.9967     8.9484    34.5964    34.6043  1028.7943    26.8026 7.0948e-02      0.200  281.48107     0.0617    98.4688     3.7460     0.9989      7.707 1.0000e-12      16583         21 0.0000e+00
    437.836   20.15008 -106.03274    441.000     8.9817     8.9816     8.9334    34.5963    34.6041  1028.8013    26.8049 7.0928e-02      0.200  281.57368     0.0617    98.4700     3.7460     0.9975      7.707 1.0000e-12      16604         22 0.0000e+00
    438.828   20.15008 -106.03274    442.000     8.9634     8.9637     8.9151    34.5963    34.6041  1028.8089    26.8079 7.3456e-02      0.185  281.68659     0.0617    98.4700     3.7460     0.9960      7.707 1.0000e-12      16627         24 0.0000e+00
