data/ctd-cnv/SKQ1617/SKQ1617-St15-P1/skq201617s-019avg.cnv
* Sea-Bird SBE 9 Data File:
* FileName = D:\CTD\SKQ201617S\SKQ201617S-019.hex
* Software Version Seasave V 7.22.5
* Temperature SN = 5773
* Conductivity SN = 2251
* Number of Bytes Per Scan = 37
* Number of Voltage Words = 4
* Number of Scans Averaged by the Deck Unit = 1
* NMEA Latitude = 20 08.99 N
* NMEA Longitude = 106 01.96 W
* NMEA UTC (Time) = Jan 01 2017  16:01:44
* NMEA baud rate = 4800
** Ship: R/V Sikuliaq
** Station Number: 019
** Station Name: Station 15
** Depth: 2386 m
** Operator: RML
# nquan = 23
# nvalues = 503                         
# units = specified
# name 0 = depSM: Depth [salt water, m]
# name 1 = latitude: Latitude [deg]
# name 2 = longitude: Longitude [deg]
# name 3 = prDM: Pressure, Digiquartz [db]
# name 4 = t090C: Temperature [ITS-90, deg C]
# name 5 = t190C: Temperature, 2 [ITS-90, deg C]
# name 6 = potemp090C: Potential Temperature [ITS-90, deg C]
# name 7 = sal00: Salinity, Practical [PSU]
# name 8 = sal11: Salinity, Practical, 2 [PSU]
# name 9 = density00: Density [density, kg/m^3]
# name 10 = sigma-t00: Density [sigma-t, kg/m^3 ]
# name 11 = flSP: Fluorescence, Seapoint
# name 12 = sbox0Mm/Kg: Oxygen, SBE 43 [umol/kg]
# name 13 = oxsolMm/Kg: Oxygen Saturation, Garcia & Gordon [umol/kg]
# name 14 = CStarAt0: Beam Attenuation, WET Labs C-Star [1/m]
# name 15 = CStarTr0: Beam Transmission, WET Labs C-Star [%]
# name 16 = v2: Voltage 2
# name 17 = v3: Voltage 3
# name 18 = ph: pH
# name 19 = par: PAR/Irradiance, Biospherical/Licor
# name 20 = scan: Scan Count
# name 21 = nbin: number of scans per bin
# name 22 = flag: flag
# span 0 =      2.982,    501.299       
# span 1 =   20.14988,   20.15010       
# span 2 = -106.03276, -106.03274       
# span 3 =      3.000,    505.000       
# span 4 =     8.0123,    26.0331       
# span 5 =     7.9479,    26.0340       
# span 6 =     7.9605,    26.0323       
# span 7 =    34.5122,    34.8175       
# span 8 =    34.5200,    34.8259       
# span 9 =  1022.7922,  1029.2209       
# span 10 =    22.7750,    26.9280      
# span 11 = 6.9396e-02, 5.3288e+00      
# span 12 =      0.133,    200.833      
# span 13 =  203.68658,  287.75865      
# span 14 =     0.0584,     0.4935      
# span 15 =    88.3927,    98.5496      
# span 16 =     1.4331,     3.7474      
# span 17 =     0.9295,     2.2549      
# span 18 =      7.695,      8.327      
# span 19 = 1.0000e-12, 2.9836e+02      
# span 20 =         39,      19716      
# span 21 =         16,        988      
# span 22 = 0.0000e+00, 0.0000e+00      
# interval = decibars: 1                
# start_time = Jan 01 2017 16:01:44 [NMEA time, header]
# bad_flag = -9.990e-29
*END*
[from data line 441]
    440.811   20.15008 -106.03274    444.000     8.9444     8.9444     8.8959    34.5957    34.6035  1028.8206    26.8104 7.3656e-02      0.228  281.80557     0.0622    98.4571     3.7460     0.9943      7.707 1.0000e-12      16677         27 0.0000e+00
    441.803   20.15008 -106.03274    445.000     8.9392     8.9395     8.8906    34.5954    34.6034  1028.8258    26.8110 7.3270e-02      0.196  281.83836     0.0614    98.4772     3.7460     0.9937      7.707 1.0000e-12      16704         27 0.0000e+00
    442.794   20.15008 -106.03275    446.000     8.9371     8.9372     8.8884    34.5950    34.6030  1028.8303    26.8110 7.2752e-02      0.198  281.85229     0.0613    98.4799     3.7460     0.9935      7.707 1.0000e-12      16733         29 0.0000e+00
    443.786   20.15008 -106.03276    447.000     8.9161     8.9160     8.8674    34.5937    34.6015  1028.8373    26.8134 7.3803e-02      0.200  281.98466     0.0614    98.4765     3.7460     0.9927      7.707 1.0000e-12      16762         28 0.0000e+00
    444.778   20.15008 -106.03274    448.000     8.8785     8.8785     8.8298    34.5931    34.6009  1028.8477    26.8189 7.4950e-02      0.201  282.21904     0.0610    98.4864     3.7460     0.9909      7.706 1.0000e-12      16788         24 0.0000e+00
    445.770   20.15008 -106.03274    449.000     8.8716     8.8718     8.8228    34.5925    34.6004  1028.8529    26.8195 7.4386e-02      0.201  282.26290     0.0606    98.4959     3.7460     0.9890      7.707 1.0000e-12      16811         23 0.0000e+00
    446.762   20.15008 -106.03274    450.000     8.8684     8.8689     8.8195    34.5923    34.6001  1028.8578    26.8198 7.3970e-02      0.201  282.28292     0.0607    98.4949     3.7460     0.9884      7.706 1.0000e-12      16832         21 0.0000e+00
    447.753   20.15008 -106.03274    451.000     8.8679     8.8681     8.8189    34.5918    34.5997  1028.8620    26.8195 7.7798e-02      0.185  282.28732     0.0604    98.5004     3.7460     0.9880      7.705 1.0000e-12      16855         24 0.0000e+00
    448.745   20.15008 -106.03274    452.000     8.8658     8.8659     8.8167    34.5914    34.5992  1028.8665    26.8195 7.7220e-02      0.190  282.30141     0.0606    98.4972     3.7460     0.9877      7.704 1.0000e-12      16880         25 0.0000e+00
    449.737   20.15008 -106.03274    453.000     8.8557     8.8557     8.8065    34.5908    34.5986  1028.8722    26.8207 7.5439e-02      0.175  282.36534     0.0607    98.4926     3.7460     0.9872      7.704 1.0000e-12      16903         22 0.0000e+00
    450.728   20.15008 -106.03274    454.000     8.8470     8.8469     8.7977    34.5905    34.5984  1028.8780    26.8219 7.7753e-02      0.205  282.41962     0.0607    98.4934     3.7460     0.9862      7.704 1.0000e-12      16925         19 0.0000e+00
    451.720   20.15008 -106.03274    455.000     8.8446     8.8445     8.7952    34.5902    34.5981  1028.8827    26.8220 7.5859e-02      0.225  282.43560     0.0612    98.4823     3.7460     0.9858      7.704 1.0000e-12      16944         21 0.0000e+00
    452.712   20.15008 -106.03275    456.000     8.8390     8.8396     8.7896    34.5898    34.5976  1028.8877    26.8225 7.7427e-02      0.185  282.47072     0.0612    98.4824     3.7461     0.9856      7.703 1.0000e-12      16965         21 0.0000e+00
    453.704   20.15008 -106.03276    457.000     8.8274     8.8273     8.7779    34.5887    34.5968  1028.8934    26.8235 7.5166e-02      0.187  282.54510     0.0608    98.4908     3.7460     0.9853      7.704 1.0000e-12      16988         26 0.0000e+00
    454.695   20.15008 -106.03276    458.000     8.7969     8.7967     8.7473    34.5880    34.5960  1028.9025    26.8278 7.5572e-02      0.211  282.73676     0.0609    98.4900     3.7460     0.9840      7.703 1.0000e-12      17016         30 0.0000e+00
    455.687   20.15008 -106.03276    459.000     8.7743     8.7746     8.7247    34.5874    34.5953  1028.9102    26.8309 7.5021e-02      0.178  282.87853     0.0608    98.4919     3.7460     0.9829      7.703 1.0000e-12      17048         31 0.0000e+00
    456.678   20.15008 -106.03276    460.000     8.7608     8.7610     8.7112    34.5867    34.5946  1028.9164    26.8324 7.5852e-02      0.204  282.96400     0.0607    98.4942     3.7460     0.9815      7.703 1.0000e-12      17077         27 0.0000e+00
    457.670   20.15008 -106.03276    461.000     8.7483     8.7482     8.6985    34.5858    34.5936  1028.9224    26.8338 7.5897e-02      0.207  283.04394     0.0608    98.4920     3.7460     0.9806      7.703 1.0000e-12      17102         25 0.0000e+00
    458.662   20.15008 -106.03274    462.000     8.7244     8.7245     8.6747    34.5856    34.5935  1028.9307    26.8373 7.6091e-02      0.209  283.19297     0.0616    98.4723     3.7462     0.9794      7.703 1.0000e-12      17126         22 0.0000e+00
    459.654   20.15008 -106.03274    463.000     8.7145     8.7148     8.6647    34.5851    34.5930  1028.9364    26.8385 7.4759e-02      0.175  283.25591     0.0605    98.4988     3.7461     0.9781      7.703 1.0000e-12      17150         24 0.0000e+00
    460.645   20.15008 -106.03274    464.000     8.7071     8.7071     8.6572    34.5843    34.5924  1028.9416    26.8391 7.5803e-02      0.201  283.30402     0.0609    98.4905     3.7461     0.9771      7.703 1.0000e-12      17174         23 0.0000e+00
    461.637   20.15008 -106.03274    465.000     8.6880     8.6879     8.6381    34.5842    34.5920  1028.9491    26.8419 7.7285e-02      0.198  283.42361     0.0612    98.4824     3.7463     0.9762      7.703 1.0000e-12      17196         21 0.0000e+00
    462.629   20.15008 -106.03274    466.000     8.6700     8.6701     8.6200    34.5840    34.5920  1028.9566    26.8446 7.7628e-02      0.210  283.53643     0.0606    98.4964     3.7462     0.9746      7.703 1.0000e-12      17217         21 0.0000e+00
    463.620   20.15008 -106.03274    467.000     8.6563     8.6561     8.6062    34.5830    34.5911  1028.9626    26.8460 7.5053e-02      0.209  283.62436     0.0606    98.4973     3.7462     0.9737      7.703 1.0000e-12      17239         22 0.0000e+00
    464.612   20.15008 -106.03274    468.000     8.6330     8.6331     8.5829    34.5828    34.5907  1028.9708    26.8495 7.6598e-02      0.203  283.77078     0.0606    98.4961     3.7462     0.9723      7.703 1.0000e-12      17261         23 0.0000e+00
    465.604   20.15008 -106.03274    469.000     8.6032     8.6026     8.5531    34.5821    34.5899  1028.9796    26.8535 7.6290e-02      0.188  283.95887     0.0607    98.4939     3.7465     0.9709      7.704 1.0000e-12      17284         23 0.0000e+00
    466.595   20.15008 -106.03275    470.000     8.5756     8.5755     8.5255    34.5820    34.5899  1028.9886    26.8578 7.6335e-02      0.203  284.13233     0.0605    98.4991     3.7465     0.9690      7.704 1.0000e-12      17307         25 0.0000e+00
    467.587   20.15008 -106.03276    471.000     8.5600     8.5599     8.5098    34.5814    34.5893  1028.9952    26.8597 7.5765e-02      0.196  284.23195     0.0600    98.5116     3.7465     0.9674      7.703 1.0000e-12      17334         28 0.0000e+00
    468.578   20.15008 -106.03276    472.000     8.5320     8.5314     8.4819    34.5799    34.5875  1029.0032    26.8629 7.8127e-02      0.210  284.41080     0.0600    98.5126     3.7464     0.9665      7.703 1.0000e-12      17366         35 0.0000e+00
    469.570   20.15008 -106.03276    473.000     8.4736     8.4735     8.4236    34.5786    34.5867  1029.0163    26.8710 7.6893e-02      0.204  284.78131     0.0596    98.5216     3.7461     0.9641      7.702 1.0000e-12      17399         28 0.0000e+00
    470.562   20.15008 -106.03276    474.000     8.4555     8.4556     8.4054    34.5784    34.5862  1029.0236    26.8735 7.5921e-02      0.204  284.89623     0.0596    98.5223     3.7464     0.9619      7.700 1.0000e-12      17425         23 0.0000e+00
    471.553   20.15008 -106.03275    475.000     8.4422     8.4415     8.3920    34.5784    34.5862  1029.0304    26.8756 7.7824e-02      0.204  284.98022     0.0596    98.5223     3.7469     0.9599      7.701 1.0000e-12      17446         21 0.0000e+00
    472.545   20.15008 -106.03274    476.000     8.4344     8.4337     8.3841    34.5771    34.5847  1029.0351    26.8758 7.6555e-02      0.204  285.03241     0.0600    98.5128     3.7472     0.9588      7.700 1.0000e-12      17466         19 0.0000e+00
    473.537   20.15008 -106.03274    477.000     8.4175     8.4175     8.3672    34.5762    34.5840  1029.0417    26.8777 7.5698e-02      0.204  285.14074     0.0598    98.5165     3.7473     0.9578      7.700 1.0000e-12      17485         18 0.0000e+00
    474.528   20.15008 -106.03274    478.000     8.3958     8.3953     8.3455    34.5750    34.5829  1029.0488    26.8801 7.6912e-02      0.205  285.28040     0.0596    98.5210     3.7472     0.9560      7.699 1.0000e-12      17504         21 0.0000e+00
    475.519   20.15008 -106.03274    479.000     8.3660     8.3663     8.3157    34.5771    34.5850  1029.0598    26.8863 7.8392e-02      0.205  285.46495     0.0604    98.5013     3.7473     0.9543      7.699 1.0000e-12      17525         20 0.0000e+00
    476.511   20.15008 -106.03274    480.000     8.3606     8.3608     8.3101    34.5763    34.5842  1029.0646    26.8865 7.7044e-02      0.205  285.50098     0.0599    98.5150     3.7473     0.9529      7.699 1.0000e-12      17547         24 0.0000e+00
    477.503   20.15008 -106.03274    481.000     8.3450     8.3449     8.2945    34.5751    34.5828  1029.0707    26.8880 7.8530e-02      0.205  285.60254     0.0600    98.5109     3.7473     0.9518      7.699 1.0000e-12      17570         23 0.0000e+00
    478.494   20.15008 -106.03274    482.000     8.3326     8.3327     8.2820    34.5742    34.5820  1029.0766    26.8892 7.8299e-02      0.205  285.68268     0.0597    98.5200     3.7472     0.9507      7.699 1.0000e-12      17593         24 0.0000e+00
    479.486   20.15008 -106.03275    483.000     8.3210     8.3207     8.2704    34.5736    34.5815  1029.0825    26.8905 7.9103e-02      0.205  285.75748     0.0596    98.5213     3.7473     0.9500      7.699 1.0000e-12      17618         28 0.0000e+00
    480.477   20.15008 -106.03276    484.000     8.3130     8.3132     8.2623    34.5736    34.5814  1029.0883    26.8917 7.7548e-02      0.187  285.80856     0.0596    98.5217     3.7472     0.9498      7.700 1.0000e-12      17655         45 0.0000e+00
    481.469   20.15008 -106.03276    485.000     8.3096     8.3097     8.2588    34.5735    34.5814  1029.0933    26.8921 7.6769e-02      0.198  285.83023     0.0602    98.5054     3.7471     0.9496      7.700 1.0000e-12      17696         31 0.0000e+00
    482.460   20.15008 -106.03276    486.000     8.3085     8.3088     8.2576    34.5737    34.5815  1029.0982    26.8925 7.7565e-02      0.171  285.83659     0.0595    98.5241     3.7473     0.9488      7.700 1.0000e-12      17723         24 0.0000e+00
    483.452   20.15008 -106.03274    487.000     8.3061     8.3060     8.2551    34.5735    34.5814  1029.1029    26.8927 7.7899e-02      0.201  285.85222     0.0600    98.5109     3.7473     0.9482      7.700 1.0000e-12      17744         19 0.0000e+00
    484.444   20.15008 -106.03274    488.000     8.2902     8.2892     8.2392    34.5725    34.5805  1029.1092    26.8943 7.8209e-02      0.194  285.95543     0.0597    98.5184     3.7473     0.9476      7.700 1.0000e-12      17763         20 0.0000e+00
    485.435   20.15008 -106.03274    489.000     8.2502     8.2496     8.1992    34.5711    34.5787  1029.1191    26.8993 7.7125e-02      0.133  286.21318     0.0593    98.5286     3.7474     0.9459      7.700 1.0000e-12      17782         20 0.0000e+00
    486.427   20.15008 -106.03274    490.000     8.2151     8.2149     8.1641    34.5708    34.5784  1029.1291    26.9044 7.7240e-02      0.184  286.43706     0.0602    98.5078     3.7474     0.9435      7.700 1.0000e-12      17804         23 0.0000e+00
    487.418   20.15008 -106.03274    491.000     8.1890     8.1892     8.1380    34.5690    34.5767  1029.1364    26.9069 7.7069e-02      0.218  286.60724     0.0592    98.5307     3.7473     0.9415      7.700 1.0000e-12      17828         24 0.0000e+00
    488.410   20.15008 -106.03274    492.000     8.1724     8.1722     8.1213    34.5683    34.5760  1029.1431    26.9089 7.6520e-02      0.231  286.71509     0.0594    98.5260     3.7474     0.9401      7.699 1.0000e-12      17855         28 0.0000e+00
    489.401   20.15008 -106.03274    493.000     8.1614     8.1614     8.1103    34.5677    34.5754  1029.1489    26.9100 7.6809e-02      0.164  286.78655     0.0593    98.5286     3.7474     0.9388      7.698 1.0000e-12      17885         33 0.0000e+00
    490.393   20.15008 -106.03274    494.000     8.1550     8.1550     8.1038    34.5670    34.5748  1029.1539    26.9105 7.8073e-02      0.217  286.82832     0.0596    98.5211     3.7473     0.9384      7.699 1.0000e-12      17922         41 0.0000e+00
    491.384   20.15008 -106.03276    495.000     8.1529     8.1528     8.1016    34.5672    34.5752  1029.1589    26.9110 7.7327e-02      0.193  286.84158     0.0594    98.5269     3.7473     0.9382      7.697 1.0000e-12      17966         52 0.0000e+00
    492.376   20.15008 -106.03274    496.000     8.2171     8.2196     8.1654    34.5671    34.5745  1029.1529    26.9011 7.6652e-02      0.166  286.43224     0.0592    98.5326     3.7466     0.9426      7.697 1.0000e-12      18172        121 0.0000e+00
    493.367   20.15008 -106.03274    497.000     8.1731     8.1702     8.1216    34.5665    34.5743  1029.1642    26.9074 7.8135e-02      0.200  286.71393     0.0594    98.5263     3.7473     0.9390      7.695 1.0000e-12      18330        144 0.0000e+00
    494.359   20.15008 -106.03274    498.000     8.1447     8.1371     8.0932    34.5648    34.5726  1029.1719    26.9103 7.6781e-02      0.195  286.89890     0.0590    98.5360     3.7473     0.9362      7.695 1.0000e-12      18464         33 0.0000e+00
    495.350   20.15008 -106.03274    499.000     8.1282     8.1284     8.0766    34.5645    34.5722  1029.1788    26.9126 7.8928e-02      0.180  287.00547     0.0584    98.5496     3.7473     0.9348      7.695 1.0000e-12      18492         30 0.0000e+00
    496.342   20.15008 -106.03274    500.000     8.1218     8.1222     8.0701    34.5643    34.5719  1029.1843    26.9134 7.7558e-02      0.191  287.04675     0.0590    98.5357     3.7474     0.9343      7.695 1.0000e-12      18527         45 0.0000e+00
    497.333   20.15008 -106.03274    501.000     8.1149     8.1150     8.0631    34.5651    34.5725  1029.1905    26.9151 7.8305e-02      0.170  287.08942     0.0594    98.5275     3.7472     0.9347      7.695 1.0000e-12      18595         87 0.0000e+00
    498.325   20.15008 -106.03274    502.000     8.0918     8.0895     8.0400    34.5632    34.5710  1029.1973    26.9170 7.8138e-02      0.181  287.24099     0.0594    98.5276     3.7464     0.9351      7.695 1.0000e-12      18679         69 0.0000e+00
    499.316   20.15008 -106.03274    503.000     8.0136     8.0130     7.9619    34.5622    34.5702  1029.2136    26.9280 7.9239e-02      0.229  287.74528     0.0588    98.5402     3.7472     0.9315      7.695 1.0000e-12      18733         40 0.0000e+00
    500.308   20.15008 -106.03274    504.000     8.0656     8.0582     8.0137    34.5618    34.5694  1029.2094    26.9199 8.1991e-02      0.167  287.41256     0.0591    98.5341     3.7473     0.9295      7.695 1.0000e-12      18880        233 0.0000e+00
    501.299   20.15008 -106.03274    505.000     8.0123     7.9479     7.9605    34.5599    34.5677  1029.2209    26.9263 8.3594e-02      0.220  287.75865     0.0590    98.5371     3.7467     0.9295      7.695 1.0000e-12      19716         85 0.0000e+00
