data/ctd-cnv/SKQ1617/SKQ1617-St15-P1/skq201617s-019avg.cnv
* Sea-Bird SBE 9 Data File:
* FileName = D:\CTD\SKQ201617S\SKQ201617S-019.hex
* Software Version Seasave V 7.22.5
* Temperature SN = 5773
* Conductivity SN = 2251
* Number of Bytes Per Scan = 37
* Number of Voltage Words = 4
* Number of Scans Averaged by the Deck Unit = 1
* NMEA Latitude = 20 08.99 N
* NMEA Longitude = 106 01.96 W
* NMEA UTC (Time) = Jan 01 2017  16:01:44
* NMEA baud rate = 4800
** Ship: R/V Sikuliaq
** Station Number: 019
** Station Name: Station 15
** Depth: 2386 m
** Operator: RML
# nquan = 23
# nvalues = 503                         
# units = specified
# name 0 = depSM: Depth [salt water, m]
# name 1 = latitude: Latitude [deg]
# name 2 = longitude: Longitude [deg]
# name 3 = prDM: Pressure, Digiquartz [db]
# name 4 = t090C: Temperature [ITS-90, deg C]
# name 5 = t190C: Temperature, 2 [ITS-90, deg C]
# name 6 = potemp090C: Potential Temperature [ITS-90, deg C]
# name 7 = sal00: Salinity, Practical [PSU]
# name 8 = sal11: Salinity, Practical, 2 [PSU]
# name 9 = density00: Density [density, kg/m^3]
# name 10 = sigma-t00: Density [sigma-t, kg/m^3 ]
# name 11 = flSP: Fluorescence, Seapoint
# name 12 = sbox0Mm/Kg: Oxygen, SBE 43 [umol/kg]
# name 13 = oxsolMm/Kg: Oxygen Saturation, Garcia & Gordon [umol/kg]
# name 14 = CStarAt0: Beam Attenuation, WET Labs C-Star [1/m]
# name 15 = CStarTr0: Beam Transmission, WET Labs C-Star [%]
# name 16 = v2: Voltage 2
# name 17 = v3: Voltage 3
# name 18 = ph: pH
# name 19 = par: PAR/Irradiance, Biospherical/Licor
# name 20 = scan: Scan Count
# name 21 = nbin: number of scans per bin
# name 22 = flag: flag
# span 0 =      2.982,    501.299       
# span 1 =   20.14988,   20.15010       
# span 2 = -106.03276, -106.03274       
# span 3 =      3.000,    505.000       
# span 4 =     8.0123,    26.0331       
# span 5 =     7.9479,    26.0340       
# span 6 =     7.9605,    26.0323       
# span 7 =    34.5122,    34.8175       
# span 8 =    34.5200,    34.8259       
# span 9 =  1022.7922,  1029.2209       
# span 10 =    22.7750,    26.9280      
# span 11 = 6.9396e-02, 5.3288e+00      
# span 12 =      0.133,    200.833      
# span 13 =  203.68658,  287.75865      
# span 14 =     0.0584,     0.4935      
# span 15 =    88.3927,    98.5496      
# span 16 =     1.4331,     3.7474      
# span 17 =     0.9295,     2.2549      
# span 18 =      7.695,      8.327      
# span 19 = 1.0000e-12, 2.9836e+02      
# span 20 =         39,      19716      
# span 21 =         16,        988      
# span 22 = 0.0000e+00, 0.0000e+00      
# interval = decibars: 1                
# start_time = Jan 01 2017 16:01:44 [NMEA time, header]
# bad_flag = -9.990e-29
*END*
[from data line 315]
    315.812   20.15008 -106.03274    318.000    10.6396    10.6393    10.6011    34.6883    34.6963  1028.0283    26.5973 7.2923e-02      0.242  271.48777     0.0690    98.2902     3.7418     1.1193      7.732 1.0000e-12      13627         23 0.0000e+00
    316.804   20.15008 -106.03274    319.000    10.6139    10.6140    10.5754    34.6876    34.6957  1028.0369    26.6013 7.3833e-02      0.247  271.63737     0.0681    98.3103     3.7419     1.1182      7.732 1.0000e-12      13648         19 0.0000e+00
    317.797   20.15008 -106.03274    320.000    10.5991    10.5994    10.5605    34.6863    34.6945  1028.0431    26.6029 7.1644e-02      0.230  271.72538     0.0681    98.3117     3.7419     1.1170      7.732 1.0000e-12      13666         18 0.0000e+00
    318.789   20.15008 -106.03274    321.000    10.5903    10.5901    10.5516    34.6862    34.6944  1028.0491    26.6044 7.0421e-02      0.262  271.77666     0.0679    98.3164     3.7422     1.1159      7.732 1.0000e-12      13685         17 0.0000e+00
    319.781   20.15008 -106.03274    322.000    10.5887    10.5889    10.5499    34.6856    34.6938  1028.0534    26.6042 7.3237e-02      0.241  271.78705     0.0675    98.3274     3.7422     1.1148      7.732 1.0000e-12      13704         22 0.0000e+00
    320.774   20.15008 -106.03274    323.000    10.5879    10.5878    10.5490    34.6852    34.6933  1028.0578    26.6040 7.1450e-02      0.205  271.79222     0.0671    98.3363     3.7420     1.1144      7.732 1.0000e-12      13728         26 0.0000e+00
    321.766   20.15008 -106.03274    324.000    10.5798    10.5797    10.5407    34.6844    34.6925  1028.0631    26.6048 7.2672e-02      0.200  271.84119     0.0676    98.3225     3.7418     1.1143      7.732 1.0000e-12      13757         31 0.0000e+00
    322.758   20.15008 -106.03274    325.000    10.5734    10.5737    10.5343    34.6839    34.6921  1028.0684    26.6056 7.0161e-02      0.217  271.87854     0.0673    98.3326     3.7414     1.1141      7.731 1.0000e-12      13788         30 0.0000e+00
    323.751   20.15008 -106.03274    326.000    10.5694    10.5697    10.5301    34.6835    34.6916  1028.0732    26.6059 7.2009e-02      0.204  271.90292     0.0679    98.3149     3.7411     1.1139      7.731 1.0000e-12      13819         30 0.0000e+00
    324.743   20.15008 -106.03274    327.000    10.5645    10.5647    10.5251    34.6830    34.6911  1028.0783    26.6065 7.2707e-02      0.238  271.93204     0.0680    98.3131     3.7412     1.1134      7.730 1.0000e-12      13847         25 0.0000e+00
    325.735   20.15008 -106.03274    328.000    10.5429    10.5427    10.5034    34.6812    34.6893  1028.0853    26.6088 7.2224e-02      0.174  272.06111     0.0677    98.3207     3.7413     1.1126      7.730 1.0000e-12      13873         25 0.0000e+00
    326.728   20.15008 -106.03274    329.000    10.5216    10.5217    10.4821    34.6808    34.6889  1028.0933    26.6122 7.2822e-02      0.295  272.18522     0.0678    98.3186     3.7419     1.1111      7.729 1.0000e-12      13897         24 0.0000e+00
    327.720   20.15008 -106.03274    330.000    10.5112    10.5113    10.4716    34.6798    34.6879  1028.0989    26.6133 7.3564e-02      0.157  272.24730     0.0679    98.3163     3.7421     1.1098      7.728 1.0000e-12      13922         25 0.0000e+00
    328.712   20.15008 -106.03274    331.000    10.4927    10.4927    10.4530    34.6780    34.6862  1028.1054    26.6152 7.2359e-02      0.238  272.35860     0.0684    98.3029     3.7423     1.1089      7.727 1.0000e-12      13946         21 0.0000e+00
    329.704   20.15008 -106.03274    332.000    10.4709    10.4711    10.4311    34.6774    34.6855  1028.1134    26.6186 6.9980e-02      0.281  272.48646     0.0676    98.3236     3.7424     1.1072      7.727 1.0000e-12      13965         20 0.0000e+00
    330.697   20.15008 -106.03274    333.000    10.4546    10.4548    10.4148    34.6762    34.6842  1028.1199    26.6205 7.0934e-02      0.243  272.58326     0.0671    98.3373     3.7424     1.1062      7.727 1.0000e-12      13983         16 0.0000e+00
    331.689   20.15008 -106.03274    334.000    10.4286    10.4285    10.3887    34.6737    34.6814  1028.1271    26.6231 7.1973e-02      0.292  272.73944     0.0671    98.3363     3.7424     1.1046      7.727 1.0000e-12      14000         17 0.0000e+00
    332.681   20.15008 -106.03274    335.000    10.3916    10.3917    10.3517    34.6728    34.6808  1028.1376    26.6288 7.2458e-02      0.198  272.95710     0.0670    98.3382     3.7424     1.1027      7.727 1.0000e-12      14020         23 0.0000e+00
    333.674   20.15008 -106.03274    336.000    10.3815    10.3812    10.3415    34.6722    34.6801  1028.1435    26.6301 7.1951e-02      0.251  273.01708     0.0680    98.3139     3.7424     1.1014      7.728 1.0000e-12      14049         36 0.0000e+00
    334.666   20.15008 -106.03274    337.000    10.3658    10.3652    10.3257    34.6705    34.6786  1028.1495    26.6316 7.3884e-02      0.224  273.11239     0.0676    98.3244     3.7422     1.1008      7.728 1.0000e-12      14084         31 0.0000e+00
    335.658   20.15008 -106.03274    338.000    10.3550    10.3553    10.3148    34.6699    34.6779  1028.1555    26.6330 7.3417e-02      0.212  273.17619     0.0680    98.3144     3.7423     1.0991      7.728 1.0000e-12      14110         24 0.0000e+00
    336.650   20.15008 -106.03274    339.000    10.3543    10.3546    10.3140    34.6696    34.6776  1028.1598    26.6328 7.2927e-02      0.195  273.18126     0.0682    98.3084     3.7425     1.0987      7.728 1.0000e-12      14132         21 0.0000e+00
    337.643   20.15008 -106.03274    340.000    10.3537    10.3541    10.3133    34.6693    34.6773  1028.1642    26.6327 7.1197e-02      0.262  273.18522     0.0688    98.2932     3.7425     1.0981      7.728 1.0000e-12      14155         24 0.0000e+00
    338.635   20.15008 -106.03274    341.000    10.3526    10.3526    10.3120    34.6688    34.6769  1028.1685    26.6325 7.1422e-02      0.185  273.19254     0.0691    98.2872     3.7424     1.0977      7.728 1.0000e-12      14181         28 0.0000e+00
    339.627   20.15008 -106.03274    342.000    10.3472    10.3472    10.3065    34.6682    34.6762  1028.1735    26.6330 7.0440e-02      0.189  273.22533     0.0679    98.3171     3.7424     1.0975      7.728 1.0000e-12      14212         30 0.0000e+00
    340.619   20.15008 -106.03274    343.000    10.3409    10.3404    10.3002    34.6677    34.6758  1028.1788    26.6337 7.3028e-02      0.214  273.26281     0.0680    98.3143     3.7424     1.0968      7.727 1.0000e-12      14239         23 0.0000e+00
    341.612   20.15008 -106.03274    344.000    10.3294    10.3297    10.2886    34.6669    34.6750  1028.1847    26.6351 7.1830e-02      0.232  273.33167     0.0678    98.3196     3.7425     1.0962      7.727 1.0000e-12      14261         21 0.0000e+00
    342.604   20.15008 -106.03274    345.000    10.3193    10.3191    10.2783    34.6664    34.6744  1028.1906    26.6365 7.1714e-02      0.302  273.39192     0.0678    98.3173     3.7424     1.0955      7.727 1.0000e-12      14281         19 0.0000e+00
    343.596   20.15008 -106.03274    346.000    10.3033    10.3035    10.2623    34.6654    34.6733  1028.1972    26.6384 7.2622e-02      0.165  273.48752     0.0672    98.3352     3.7425     1.0945      7.724 1.0000e-12      14301         22 0.0000e+00
    344.588   20.15008 -106.03274    347.000    10.2976    10.2979    10.2564    34.6652    34.6732  1028.2026    26.6393 7.1535e-02      0.206  273.52164     0.0671    98.3375     3.7424     1.0939      7.725 1.0000e-12      14325         26 0.0000e+00
    345.580   20.15008 -106.03274    348.000    10.2918    10.2925    10.2505    34.6645    34.6725  1028.2076    26.6397 7.2490e-02      0.232  273.55679     0.0670    98.3385     3.7424     1.0930      7.725 1.0000e-12      14352         28 0.0000e+00
    346.573   20.15008 -106.03274    349.000    10.2857    10.2858    10.2443    34.6642    34.6722  1028.2129    26.6406 7.2936e-02      0.240  273.59303     0.0678    98.3180     3.7424     1.0926      7.723 1.0000e-12      14377         23 0.0000e+00
    347.565   20.15008 -106.03274    350.000    10.2790    10.2791    10.2376    34.6637    34.6718  1028.2182    26.6413 7.1605e-02      0.222  273.63291     0.0677    98.3215     3.7425     1.0919      7.724 1.0000e-12      14399         22 0.0000e+00
    348.557   20.15008 -106.03274    351.000    10.2743    10.2738    10.2327    34.6628    34.6709  1028.2229    26.6415 7.1595e-02      0.156  273.66257     0.0680    98.3143     3.7426     1.0913      7.723 1.0000e-12      14422         22 0.0000e+00
    349.549   20.15008 -106.03274    352.000    10.2585    10.2585    10.2169    34.6619    34.6702  1028.2295    26.6435 7.2848e-02      0.189  273.75665     0.0674    98.3287     3.7426     1.0902      7.723 1.0000e-12      14446         27 0.0000e+00
    350.542   20.15008 -106.03274    353.000    10.2490    10.2492    10.2072    34.6618    34.6699  1028.2356    26.6451 7.1654e-02      0.188  273.81296     0.0671    98.3363     3.7425     1.0895      7.723 1.0000e-12      14473         27 0.0000e+00
    351.534   20.15008 -106.03274    354.000    10.2488    10.2495    10.2069    34.6615    34.6696  1028.2399    26.6449 7.2224e-02      0.229  273.81464     0.0686    98.2985     3.7424     1.0893      7.723 1.0000e-12      14501         28 0.0000e+00
    352.526   20.15008 -106.03274    355.000    10.2467    10.2470    10.2047    34.6610    34.6691  1028.2444    26.6448 7.3259e-02      0.230  273.82785     0.0677    98.3209     3.7424     1.0887      7.723 1.0000e-12      14529         27 0.0000e+00
    353.518   20.15008 -106.03274    356.000    10.2352    10.2357    10.1931    34.6600    34.6681  1028.2501    26.6460 7.0092e-02      0.172  273.89733     0.0673    98.3314     3.7426     1.0882      7.723 1.0000e-12      14554         23 0.0000e+00
    354.510   20.15008 -106.03274    357.000    10.2041    10.2034    10.1620    34.6588    34.6669  1028.2593    26.6505 7.2108e-02      0.183  274.08232     0.0670    98.3381     3.7425     1.0869      7.723 1.0000e-12      14577         23 0.0000e+00
    355.502   20.15008 -106.03274    358.000    10.1792    10.1795    10.1370    34.6580    34.6659  1028.2676    26.6541 7.2301e-02      0.190  274.23063     0.0667    98.3472     3.7430     1.0851      7.723 1.0000e-12      14600         23 0.0000e+00
    356.494   20.15008 -106.03274    359.000    10.1568    10.1569    10.1146    34.6568    34.6648  1028.2752    26.6570 7.2711e-02      0.224  274.36444     0.0675    98.3271     3.7430     1.0836      7.723 1.0000e-12      14625         27 0.0000e+00
    357.487   20.15008 -106.03274    360.000    10.1339    10.1350    10.0916    34.6550    34.6634  1028.2824    26.6596 7.1086e-02      0.236  274.50344     0.0661    98.3608     3.7433     1.0817      7.722 1.0000e-12      14651         24 0.0000e+00
    358.479   20.15008 -106.03274    361.000    10.1119    10.1127    10.0696    34.6541    34.6620  1028.2901    26.6627 7.1665e-02      0.289  274.63443     0.0664    98.3530     3.7432     1.0803      7.722 1.0000e-12      14675         23 0.0000e+00
    359.471   20.15008 -106.03274    362.000    10.0884    10.0884    10.0460    34.6533    34.6613  1028.2982    26.6661 7.1337e-02      0.211  274.77463     0.0667    98.3464     3.7436     1.0786      7.722 1.0000e-12      14696         19 0.0000e+00
    360.463   20.15008 -106.03274    363.000    10.0759    10.0759    10.0334    34.6525    34.6605  1028.3043    26.6676 7.2684e-02      0.170  274.85010     0.0662    98.3587     3.7436     1.0772      7.722 1.0000e-12      14715         20 0.0000e+00
    361.455   20.15008 -106.03274    364.000    10.0691    10.0693    10.0265    34.6523    34.6604  1028.3098    26.6686 7.2759e-02      0.219  274.89109     0.0667    98.3457     3.7436     1.0762      7.722 1.0000e-12      14736         22 0.0000e+00
    362.447   20.15008 -106.03274    365.000    10.0674    10.0674    10.0247    34.6520    34.6600  1028.3144    26.6687 7.3262e-02      0.270  274.90154     0.0660    98.3636     3.7434     1.0758      7.721 1.0000e-12      14761         27 0.0000e+00
    363.439   20.15008 -106.03274    366.000    10.0647    10.0650    10.0219    34.6516    34.6597  1028.3191    26.6688 7.2561e-02      0.173  274.91835     0.0659    98.3656     3.7434     1.0752      7.720 1.0000e-12      14789         27 0.0000e+00
    364.432   20.15008 -106.03274    367.000    10.0643    10.0644    10.0214    34.6515    34.6596  1028.3235    26.6688 6.9396e-02      0.222  274.92087     0.0659    98.3655     3.7434     1.0751      7.720 1.0000e-12      14814         25 0.0000e+00
    365.424   20.15008 -106.03276    368.000    10.0598    10.0607    10.0168    34.6510    34.6591  1028.3285    26.6692 7.1212e-02      0.191  274.94806     0.0652    98.3833     3.7434     1.0750      7.719 1.0000e-12      14839         25 0.0000e+00
    366.416   20.15008 -106.03276    369.000    10.0486    10.0491    10.0054    34.6504    34.6584  1028.3345    26.6707 7.2629e-02      0.214  275.01581     0.0722    98.2112     3.7436     1.0743      7.720 1.0000e-12      14866         30 0.0000e+00
    367.408   20.15008 -106.03275    370.000    10.0368    10.0371     9.9936    34.6499    34.6578  1028.3406    26.6723 7.1635e-02      0.246  275.08645     0.0658    98.3688     3.7434     1.0738      7.719 1.0000e-12      14898         30 0.0000e+00
    368.400   20.15008 -106.03274    371.000    10.0300    10.0302     9.9866    34.6494    34.6574  1028.3459    26.6730 7.0320e-02      0.239  275.12806     0.0677    98.3213     3.7431     1.0728      7.719 1.0000e-12      14925         25 0.0000e+00
    369.392   20.15008 -106.03274    372.000    10.0247    10.0251     9.9813    34.6489    34.6569  1028.3510    26.6735 7.2828e-02      0.211  275.16003     0.0664    98.3542     3.7436     1.0722      7.719 1.0000e-12      14947         20 0.0000e+00
    370.385   20.15008 -106.03274    373.000    10.0188    10.0189     9.9753    34.6486    34.6566  1028.3563    26.6743 7.1907e-02      0.160  275.19547     0.0669    98.3407     3.7435     1.0715      7.719 1.0000e-12      14967         19 0.0000e+00
    371.376   20.15008 -106.03274    374.000    10.0115    10.0118     9.9678    34.6481    34.6561  1028.3617    26.6752 7.2500e-02      0.162  275.24019     0.0665    98.3503     3.7436     1.0710      7.719 1.0000e-12      14989         24 0.0000e+00
    372.369   20.15008 -106.03274    375.000    10.0082    10.0086     9.9644    34.6478    34.6559  1028.3666    26.6755 7.2093e-02      0.233  275.26020     0.0660    98.3643     3.7435     1.0703      7.719 1.0000e-12      15013         25 0.0000e+00
    373.361   20.15008 -106.03274    376.000    10.0037    10.0041     9.9599    34.6474    34.6554  1028.3715    26.6760 7.2747e-02      0.185  275.28755     0.0679    98.3166     3.7435     1.0701      7.719 1.0000e-12      15036         22 0.0000e+00
    374.353   20.15008 -106.03274    377.000     9.9969     9.9969     9.9530    34.6472    34.6551  1028.3771    26.6769 7.2737e-02      0.182  275.32812     0.0672    98.3339     3.7436     1.0695      7.719 1.0000e-12      15057         21 0.0000e+00
    375.345   20.15008 -106.03274    378.000     9.9876     9.9881     9.9436    34.6463    34.6543  1028.3825    26.6778 7.0384e-02      0.190  275.38507     0.0659    98.3651     3.7436     1.0690      7.719 1.0000e-12      15078         22 0.0000e+00
    376.337   20.15008 -106.03274    379.000     9.9702     9.9709     9.9261    34.6455    34.6533  1028.3895    26.6802 7.1866e-02      0.229  275.48982     0.0665    98.3516     3.7436     1.0683      7.719 1.0000e-12      15102         25 0.0000e+00
