data/ctd-cnv/SKQ1617/SKQ1617-St15-P1/skq201617s-020avg.cnv
* Sea-Bird SBE 9 Data File:
* FileName = D:\CTD\SKQ201617S\SKQ201617S-020.hex
* Software Version Seasave V 7.22.5
* Temperature SN = 5773
* Conductivity SN = 2251
* Number of Bytes Per Scan = 37
* Number of Voltage Words = 4
* Number of Scans Averaged by the Deck Unit = 1
* NMEA Latitude = 20 10.70 N
* NMEA Longitude = 106 02.78 W
* NMEA UTC (Time) = Jan 02 2017  08:09:01
* NMEA baud rate = 4800
** Ship: R/V Sikuliaq
** Station Number: 020
** Station Name: Station 16
** Depth: 2465 m
** Operator: CAF
** UVP, zooplankton, Nicole incubations
# nquan = 23
# nvalues = 200                         
# units = specified
# name 0 = depSM: Depth [salt water, m]
# name 1 = latitude: Latitude [deg]
# name 2 = longitude: Longitude [deg]
# name 3 = prDM: Pressure, Digiquartz [db]
# name 4 = t090C: Temperature [ITS-90, deg C]
# name 5 = t190C: Temperature, 2 [ITS-90, deg C]
# name 6 = potemp090C: Potential Temperature [ITS-90, deg C]
# name 7 = sal00: Salinity, Practical [PSU]
# name 8 = sal11: Salinity, Practical, 2 [PSU]
# name 9 = density00: Density [density, kg/m^3]
# name 10 = sigma-t00: Density [sigma-t, kg/m^3 ]
# name 11 = flSP: Fluorescence, Seapoint
# name 12 = sbox0Mm/Kg: Oxygen, SBE 43 [umol/kg]
# name 13 = oxsolMm/Kg: Oxygen Saturation, Garcia & Gordon [umol/kg]
# name 14 = CStarAt0: Beam Attenuation, WET Labs C-Star [1/m]
# name 15 = CStarTr0: Beam Transmission, WET Labs C-Star [%]
# name 16 = v2: Voltage 2
# name 17 = v3: Voltage 3
# name 18 = ph: pH
# name 19 = par: PAR/Irradiance, Biospherical/Licor
# name 20 = scan: Scan Count
# name 21 = nbin: number of scans per bin
# name 22 = flag: flag
# span 0 =      2.981,    200.666       
# span 1 =   20.17788,   20.17821       
# span 2 = -106.04776, -106.04690       
# span 3 =      3.000,    202.000       
# span 4 =    12.3297,    25.8943       
# span 5 =    12.3283,    25.8958       
# span 6 =    12.3030,    25.8922       
# span 7 =    34.5089,    34.8090       
# span 8 =    34.5190,    34.8177       
# span 9 =  1022.8319,  1027.2641       
# span 10 =    22.8152,    26.3625      
# span 11 = 7.5178e-02, 6.9644e+00      
# span 12 =      0.146,    200.306      
# span 13 =  204.15856,  261.85713      
# span 14 =     0.0595,     0.6117      
# span 15 =    85.8187,    98.5238      
# span 16 =     1.4340,     3.7300      
# span 17 =     1.2454,     2.2449      
# span 18 =      7.769,      8.338      
# span 19 = -6.680e-08, 5.9004e-01      
# span 20 =       -277,      11884      
# span 21 =         29,        228      
# span 22 = 0.0000e+00, 0.0000e+00      
# interval = decibars: 1                
# start_time = Jan 02 2017 08:09:01 [NMEA time, header]
# bad_flag = -9.990e-29
*END*
      2.981   20.17821 -106.04690      3.000    25.8755    25.8766    25.8748    34.6645    34.6757  1022.8319    22.8189 3.1640e-01    200.229  204.22594     0.1921    95.3103     1.4358     2.2428      8.335 5.9004e-01       -277        148 0.0000e+00
      3.976   20.17817 -106.04706      4.000    25.8931    25.8915    25.8922    34.6670    34.6778  1022.8326    22.8154 2.9186e-01    200.127  204.16340     0.1911    95.3331     1.4341     2.2445      8.335 3.7441e-01       1260        119 0.0000e+00
      4.969   20.17818 -106.04705      5.000    25.8907    25.8905    25.8896    34.6664    34.6772  1022.8372    22.8156 2.8652e-01    200.091  204.17218     0.1907    95.3434     1.4344     2.2444      8.335 2.9030e-01       1115        161 0.0000e+00
      5.963   20.17818 -106.04706      6.000    25.8912    25.8903    25.8899    34.6664    34.6773  1022.8413    22.8155 3.2682e-01    200.306  204.17048     0.1938    95.2702     1.4345     2.2445      8.336 2.1768e-01       1234         74 0.0000e+00
      6.957   20.17816 -106.04707      7.000    25.8897    25.8898    25.8881    34.6664    34.6774  1022.8461    22.8160 3.0591e-01    200.118  204.17559     0.1917    95.3205     1.4346     2.2446      8.336 1.7446e-01       1338        120 0.0000e+00
      7.951   20.17816 -106.04708      8.000    25.8895    25.8894    25.8877    34.6665    34.6775  1022.8505    22.8161 3.0203e-01    200.279  204.17613     0.1904    95.3510     1.4345     2.2444      8.337 1.5121e-01       1453        112 0.0000e+00
      8.945   20.17816 -106.04710      9.000    25.8932    25.8918    25.8912    34.6668    34.6779  1022.8539    22.8152 2.8299e-01    199.816  204.16306     0.1918    95.3175     1.4344     2.2446      8.337 1.2681e-01       1567         98 0.0000e+00
      9.939   20.17816 -106.04710     10.000    25.8943    25.8958    25.8921    34.6673    34.6782  1022.8583    22.8152 2.9044e-01    199.899  204.15856     0.1889    95.3875     1.4340     2.2449      8.338 9.8789e-02       1676        112 0.0000e+00
     10.932   20.17816 -106.04711     11.000    25.8776    25.8833    25.8752    34.6661    34.6771  1022.8669    22.8195 3.3043e-01    199.991  204.21658     0.1957    95.2243     1.4342     2.2445      8.336 8.3660e-02       1791        128 0.0000e+00
     11.926   20.17816 -106.04712     12.000    25.8562    25.8528    25.8535    34.6655    34.6759  1022.8773    22.8257 3.1077e-01    199.500  204.28982     0.1952    95.2359     1.4361     2.2426      8.336 6.7675e-02       1904        106 0.0000e+00
     12.920   20.17816 -106.04714     13.000    25.8465    25.8410    25.8436    34.6629    34.6731  1022.8827    22.8267 3.5175e-01    199.326  204.32592     0.1975    95.1816     1.4371     2.2417      8.336 5.7085e-02       2069        228 0.0000e+00
     13.914   20.17814 -106.04717     14.000    25.8212    25.8280    25.8181    34.6606    34.6724  1022.8931    22.8328 3.2892e-01    199.296  204.41425     0.1966    95.2032     1.4385     2.2404      8.336 4.8431e-02       2375        161 0.0000e+00
     14.908   20.17814 -106.04717     15.000    25.8308    25.8414    25.8275    34.6613    34.6728  1022.8950    22.8304 3.0372e-01    199.310  204.38092     0.1979    95.1734     1.4383     2.2399      8.336 4.4008e-02       2397         37 0.0000e+00
     15.901   20.17814 -106.04718     16.000    25.8277    25.8297    25.8242    34.6612    34.6727  1022.9002    22.8313 2.9304e-01    199.605  204.39145     0.1977    95.1767     1.4382     2.2404      8.336 4.0635e-02       2432         36 0.0000e+00
     16.895   20.17814 -106.04718     17.000    25.8522    25.8574    25.8484    34.6624    34.6737  1022.8978    22.8246 3.0181e-01    199.371  204.30720     0.1962    95.2124     1.4378     2.2410      8.336 3.4924e-02       2472         42 0.0000e+00
     17.889   20.17814 -106.04718     18.000    25.8366    25.8386    25.8326    34.6612    34.6737  1022.9060    22.8285 3.6873e-01    199.501  204.36149     0.1977    95.1763     1.4374     2.2412      8.336 3.1098e-02       2523         75 0.0000e+00
     18.883   20.17814 -106.04718     19.000    25.7636    25.7753    25.7594    34.6552    34.6662  1022.9284    22.8465 3.6721e-01    200.088  204.61689     0.2017    95.0821     1.4390     2.2397      8.336 2.4049e-02       2615         65 0.0000e+00
     19.877   20.17814 -106.04720     20.000    25.4470    25.4493    25.4426    34.6384    34.6497  1023.0177    22.9315 4.6869e-01    198.806  205.71554     0.2223    94.5943     1.4521     2.2258      8.328 2.1388e-02       2654         37 0.0000e+00
     20.870   20.17814 -106.04720     21.000    25.1632    25.1664    25.1586    34.6229    34.6335  1023.0971    23.0066 5.5589e-01    195.443  206.71147     0.2352    94.2906     1.4633     2.2137      8.322 2.0561e-02       2692         38 0.0000e+00
     21.864   20.17814 -106.04720     22.000    24.3262    24.3207    24.3215    34.5913    34.6041  1023.3299    23.2349 9.2557e-01    194.968  209.68325     0.2665    93.5552     1.4918     2.1845      8.309 2.0469e-02       2727         34 0.0000e+00
     22.858   20.17814 -106.04720     23.000    23.6830    23.6841    23.6782    34.5868    34.5986  1023.5214    23.4218 1.5253e+00    186.150  211.98925     0.3079    92.5928     1.5353     2.1414      8.290 1.9439e-02       2761         37 0.0000e+00
     23.852   20.17814 -106.04720     24.000    23.1891    23.1449    23.1842    34.5815    34.5847  1023.6653    23.5613 2.3078e+00    178.386  213.80128     0.3586    91.4271     1.5603     2.1188      8.277 1.7492e-02       2814         73 0.0000e+00
     24.846   20.17814 -106.04722     25.000    22.4378    22.4325    22.4328    34.5676    34.5764  1023.8747    23.7662 3.9248e+00    174.261  216.60974     0.4222    89.9844     1.5931     2.0778      8.262 1.4990e-02       2882         53 0.0000e+00
     25.839   20.17814 -106.04722     26.000    22.2497    22.2445    22.2445    34.5588    34.5668  1023.9254    23.8125 6.9644e+00    172.677  217.33373     0.5609    86.9217     1.6231     2.0376      8.253 1.4079e-02       2934         57 0.0000e+00
     26.833   20.17814 -106.04722     27.000    21.7474    21.7516    21.7421    34.5486    34.5557  1024.0625    23.9451 6.7299e+00    167.449  219.26891     0.6117    85.8187     1.6600     2.0105      8.229 1.2736e-02       2988         42 0.0000e+00
     27.827   20.17814 -106.04722     28.000    21.4230    21.4137    21.4176    34.5397    34.5466  1024.1499    24.0280 5.9173e+00    149.740  220.53810     0.5504    87.1461     1.7570     1.9806      8.195 1.2595e-02       3025         40 0.0000e+00
     28.821   20.17814 -106.04722     29.000    21.2415    21.2436    21.2359    34.5286    34.5378  1024.1956    24.0693 5.5671e+00    128.795  221.26293     0.4954    88.3510     1.8375     1.9625      8.172 1.1029e-02       3075         47 0.0000e+00
     29.814   20.17814 -106.04723     30.000    21.1222    21.1272    21.1165    34.5184    34.5275  1024.2248    24.0941 3.8187e+00    125.694  221.74669     0.4427    89.5224     1.8931     1.9452      8.162 1.0109e-02       3113         34 0.0000e+00
     30.808   20.17814 -106.04724     31.000    20.8266    20.8190    20.8207    34.5089    34.5190  1024.3021    24.1669 4.4110e+00    119.920  222.93098     0.3482    91.6715     1.9460     1.9329      8.142 9.7924e-03       3156         59 0.0000e+00
     31.802   20.17814 -106.04724     32.000    20.3645    20.3580    20.3585    34.5382    34.5473  1024.4528    24.3131 1.8703e+00    105.095  224.73840     0.2460    94.0352     2.0185     1.9129      8.112 9.2593e-03       3218         53 0.0000e+00
     32.795   20.17813 -106.04724     33.000    20.0327    20.0318    20.0267    34.5637    34.5709  1024.5644    24.4203 1.1865e+00     93.407  226.04779     0.2067    94.9647     2.1454     1.8866      8.087 8.5252e-03       3271         55 0.0000e+00
     33.789   20.17812 -106.04724     34.000    19.8015    19.8021    19.7953    34.5686    34.5769  1024.6334    24.4848 8.3870e-01     84.326  226.98712     0.1780    95.6469     2.2439     1.8621      8.068 8.2931e-03       3323         46 0.0000e+00
     34.783   20.17812 -106.04724     35.000    19.6669    19.6679    19.6605    34.5634    34.5721  1024.6689    24.5158 8.2774e-01     80.219  227.55095     0.1766    95.6820     2.3085     1.8439      8.060 8.4964e-03       3365         40 0.0000e+00
     35.776   20.17812 -106.04726     36.000    19.4037    19.4056    19.3972    34.5612    34.5695  1024.7399    24.5824 7.0116e-01     78.365  228.64756     0.1628    96.0130     2.3560     1.8286      8.048 8.4225e-03       3404         40 0.0000e+00
     36.770   20.17812 -106.04726     37.000    19.2882    19.2870    19.2815    34.5602    34.5684  1024.7733    24.6114 8.0144e-01     72.374  229.13197     0.1579    96.1302     2.4075     1.8137      8.039 8.3479e-03       3449         51 0.0000e+00
     37.764   20.17812 -106.04726     38.000    18.9289    18.9267    18.9222    34.5551    34.5623  1024.8657    24.6991 7.7840e-01     71.037  230.65582     0.1554    96.1890     2.4414     1.7984      8.028 8.2001e-03       3503         55 0.0000e+00
     38.758   20.17812 -106.04726     39.000    18.7815    18.7795    18.7747    34.5503    34.5588  1024.9039    24.7329 6.2345e-01     62.649  231.28878     0.1462    96.4111     2.5197     1.7768      8.011 8.3306e-03       3561         53 0.0000e+00
     39.752   20.17812 -106.04726     40.000    18.7591    18.7600    18.7521    34.5464    34.5552  1024.9109    24.7355 5.5894e-01     60.594  231.39061     0.1456    96.4263     2.5658     1.7665      8.007 8.3541e-03       3607         41 0.0000e+00
     40.745   20.17812 -106.04726     41.000    18.7521    18.7522    18.7449    34.5436    34.5524  1024.9150    24.7352 5.9843e-01     59.669  231.42483     0.1463    96.4078     2.5908     1.7612      8.004 8.2934e-03       3650         51 0.0000e+00
     41.739   20.17812 -106.04728     42.000    18.7290    18.7318    18.7217    34.5405    34.5491  1024.9228    24.7386 5.7346e-01     58.906  231.52821     0.1451    96.4370     2.6038     1.7586      8.001 8.2497e-03       3705         48 0.0000e+00
     42.732   20.17812 -106.04728     43.000    18.5502    18.5464    18.5427    34.5371    34.5461  1024.9696    24.7809 5.0700e-01     58.212  232.30054     0.1427    96.4963     2.6288     1.7498      7.993 8.3538e-03       3746         42 0.0000e+00
     43.726   20.17812 -106.04728     44.000    18.4040    18.3988    18.3964    34.5367    34.5461  1025.0104    24.8172 5.4333e-01     53.391  232.93082     0.1390    96.5848     2.6783     1.7395      7.980 8.3525e-03       3795         54 0.0000e+00
     44.720   20.17812 -106.04728     45.000    18.3423    18.3426    18.3345    34.5379    34.5466  1025.0311    24.8335 4.8472e-01     50.002  233.19627     0.1386    96.5936     2.7163     1.7303      7.975 8.4550e-03       3843         40 0.0000e+00
     45.713   20.17812 -106.04728     46.000    18.2002    18.1988    18.1923    34.5412    34.5499  1025.0733    24.8713 5.5165e-01     48.700  233.80840     0.1379    96.6124     2.7484     1.7251      7.968 8.1945e-03       3891         54 0.0000e+00
     46.707   20.17812 -106.04728     47.000    18.0670    18.0685    18.0590    34.5471    34.5558  1025.1152    24.9087 4.1963e-01     45.255  234.37989     0.1337    96.7140     2.7933     1.7140      7.957 8.2639e-03       3939         44 0.0000e+00
     47.701   20.17812 -106.04730     48.000    17.9748    17.9744    17.9666    34.5528    34.5605  1025.1467    24.9357 4.5837e-01     41.763  234.77517     0.1332    96.7255     2.8489     1.7057      7.949 8.0489e-03       3992         59 0.0000e+00
     48.694   20.17812 -106.04730     49.000    17.8400    17.8413    17.8317    34.5586    34.5674  1025.1887    24.9732 4.1286e-01     38.860  235.35881     0.1317    96.7622     2.8944     1.6956      7.939 8.2159e-03       4043         40 0.0000e+00
     49.688   20.17812 -106.04730     50.000    17.7117    17.7172    17.7033    34.5564    34.5656  1025.2228    25.0028 3.8139e-01     35.670  235.92913     0.1298    96.8074     2.9560     1.6846      7.932 8.1756e-03       4085         45 0.0000e+00
     50.682   20.17812 -106.04730     51.000    17.6775    17.6767    17.6689    34.5526    34.5618  1025.2326    25.0082 3.7643e-01     35.353  236.08683     0.1296    96.8110     2.9758     1.6769      7.931 8.1571e-03       4134         47 0.0000e+00
     51.675   20.17812 -106.04730     52.000    17.6552    17.6542    17.6464    34.5502    34.5593  1025.2406    25.0118 3.6410e-01     35.976  236.18961     0.1298    96.8067     2.9779     1.6719      7.931 8.2597e-03       4177         43 0.0000e+00
     52.669   20.17812 -106.04730     53.000    17.6334    17.6335    17.6245    34.5469    34.5562  1025.2477    25.0145 3.9433e-01     36.211  236.29152     0.1296    96.8128     2.9752     1.6695      7.930 7.9554e-03       4225         53 0.0000e+00
     53.663   20.17812 -106.04730     54.000    17.6030    17.6103    17.5939    34.5445    34.5538  1025.2577    25.0201 4.0255e-01     36.505  236.43067     0.1306    96.7867     2.9716     1.6664      7.927 8.3156e-03       4278         54 0.0000e+00
     54.656   20.17812 -106.04732     55.000    17.5633    17.5606    17.5541    34.5424    34.5515  1025.2701    25.0281 4.4900e-01     36.663  236.61052     0.1299    96.8047     2.9683     1.6646      7.926 8.0243e-03       4341         61 0.0000e+00
     55.650   20.17812 -106.04732     56.000    17.4996    17.4969    17.4902    34.5439    34.5544  1025.2911    25.0446 3.7364e-01     36.494  236.89222     0.1297    96.8104     2.9731     1.6583      7.923 8.1375e-03       4386         35 0.0000e+00
     56.643   20.17812 -106.04732     57.000    17.2229    17.2142    17.2134    34.5549    34.5667  1025.3706    25.1195 3.3672e-01     35.866  238.11684     0.1294    96.8164     3.0041     1.6478      7.914 8.0331e-03       4418         33 0.0000e+00
     57.637   20.17812 -106.04732     58.000    16.9506    16.9523    16.9411    34.5656    34.5755  1025.4483    25.1926 3.9607e-01     30.697  239.33187     0.1252    96.9181     3.0611     1.6381      7.903 7.6350e-03       4468         69 0.0000e+00
     58.631   20.17812 -106.04732     59.000    16.8773    16.8730    16.8677    34.5803    34.5907  1025.4813    25.2212 2.9577e-01     29.163  239.64207     0.1236    96.9577     3.0909     1.6224      7.893 7.7575e-03       4528         42 0.0000e+00
     59.624   20.17811 -106.04732     60.000    16.7586    16.7591    16.7489    34.5805    34.5894  1025.5139    25.2493 2.8535e-01     25.235  240.18429     0.1220    96.9961     3.1745     1.6093      7.886 7.4153e-03       4566         40 0.0000e+00
     60.618   20.17810 -106.04732     61.000    16.6629    16.6620    16.6531    34.5797    34.5862  1025.5402    25.2710 3.0018e-01     23.045  240.62494     0.1229    96.9730     3.2033     1.6019      7.883 7.4152e-03       4616         58 0.0000e+00
     61.611   20.17810 -106.04732     62.000    16.5661    16.5651    16.5561    34.5767    34.5864  1025.5650    25.2914 2.7380e-01     24.723  241.07573     0.1216    97.0058     3.2055     1.5940      7.882 7.5007e-03       4670         50 0.0000e+00
     62.605   20.17810 -106.04733     63.000    16.5019    16.4987    16.4918    34.5781    34.5882  1025.5856    25.3074 2.7626e-01     24.400  241.36997     0.1211    97.0186     3.2071     1.5890      7.879 7.2315e-03       4728         58 0.0000e+00
     63.599   20.17810 -106.04734     64.000    16.4520    16.4528    16.4418    34.6120    34.6215  1025.6276    25.3450 2.3445e-01     24.200  241.54506     0.1215    97.0072     3.2293     1.5804      7.872 7.0492e-03       4772         35 0.0000e+00
