data/ctd-cnv/SKQ1617/SKQ1617-St15-P1/skq201617s-020avg.cnv
* Sea-Bird SBE 9 Data File:
* FileName = D:\CTD\SKQ201617S\SKQ201617S-020.hex
* Software Version Seasave V 7.22.5
* Temperature SN = 5773
* Conductivity SN = 2251
* Number of Bytes Per Scan = 37
* Number of Voltage Words = 4
* Number of Scans Averaged by the Deck Unit = 1
* NMEA Latitude = 20 10.70 N
* NMEA Longitude = 106 02.78 W
* NMEA UTC (Time) = Jan 02 2017  08:09:01
* NMEA baud rate = 4800
** Ship: R/V Sikuliaq
** Station Number: 020
** Station Name: Station 16
** Depth: 2465 m
** Operator: CAF
** UVP, zooplankton, Nicole incubations
# nquan = 23
# nvalues = 200                         
# units = specified
# name 0 = depSM: Depth [salt water, m]
# name 1 = latitude: Latitude [deg]
# name 2 = longitude: Longitude [deg]
# name 3 = prDM: Pressure, Digiquartz [db]
# name 4 = t090C: Temperature [ITS-90, deg C]
# name 5 = t190C: Temperature, 2 [ITS-90, deg C]
# name 6 = potemp090C: Potential Temperature [ITS-90, deg C]
# name 7 = sal00: Salinity, Practical [PSU]
# name 8 = sal11: Salinity, Practical, 2 [PSU]
# name 9 = density00: Density [density, kg/m^3]
# name 10 = sigma-t00: Density [sigma-t, kg/m^3 ]
# name 11 = flSP: Fluorescence, Seapoint
# name 12 = sbox0Mm/Kg: Oxygen, SBE 43 [umol/kg]
# name 13 = oxsolMm/Kg: Oxygen Saturation, Garcia & Gordon [umol/kg]
# name 14 = CStarAt0: Beam Attenuation, WET Labs C-Star [1/m]
# name 15 = CStarTr0: Beam Transmission, WET Labs C-Star [%]
# name 16 = v2: Voltage 2
# name 17 = v3: Voltage 3
# name 18 = ph: pH
# name 19 = par: PAR/Irradiance, Biospherical/Licor
# name 20 = scan: Scan Count
# name 21 = nbin: number of scans per bin
# name 22 = flag: flag
# span 0 =      2.981,    200.666       
# span 1 =   20.17788,   20.17821       
# span 2 = -106.04776, -106.04690       
# span 3 =      3.000,    202.000       
# span 4 =    12.3297,    25.8943       
# span 5 =    12.3283,    25.8958       
# span 6 =    12.3030,    25.8922       
# span 7 =    34.5089,    34.8090       
# span 8 =    34.5190,    34.8177       
# span 9 =  1022.8319,  1027.2641       
# span 10 =    22.8152,    26.3625      
# span 11 = 7.5178e-02, 6.9644e+00      
# span 12 =      0.146,    200.306      
# span 13 =  204.15856,  261.85713      
# span 14 =     0.0595,     0.6117      
# span 15 =    85.8187,    98.5238      
# span 16 =     1.4340,     3.7300      
# span 17 =     1.2454,     2.2449      
# span 18 =      7.769,      8.338      
# span 19 = -6.680e-08, 5.9004e-01      
# span 20 =       -277,      11884      
# span 21 =         29,        228      
# span 22 = 0.0000e+00, 0.0000e+00      
# interval = decibars: 1                
# start_time = Jan 02 2017 08:09:01 [NMEA time, header]
# bad_flag = -9.990e-29
*END*
[from data line 189]
    190.737   20.17790 -106.04772    192.000    12.5205    12.5206    12.4948    34.7960    34.8047  1027.1884    26.3299 7.7426e-02      0.194  260.81933     0.1278    96.8554     3.7289     1.2607      7.774 1.0000e-12      11034         37 0.0000e+00
    191.730   20.17790 -106.04772    193.000    12.5121    12.5068    12.4863    34.7954    34.8042  1027.1941    26.3311 7.6283e-02      0.197  260.86541     0.1280    96.8507     3.7291     1.2596      7.773 1.0000e-12      11071         42 0.0000e+00
    192.723   20.17790 -106.04772    194.000    12.4349    12.4332    12.4090    34.7927    34.8017  1027.2118    26.3441 7.7924e-02      0.190  261.28518     0.1284    96.8413     3.7292     1.2586      7.770 1.0000e-12      11122         52 0.0000e+00
    193.716   20.17790 -106.04772    195.000    12.4280    12.4280    12.4020    34.7900    34.7987  1027.2156    26.3434 7.7465e-02      0.199  261.32727     0.1278    96.8551     3.7295     1.2545      7.769 1.0000e-12      11162         34 0.0000e+00
    194.709   20.17790 -106.04772    196.000    12.4233    12.4228    12.3972    34.7901    34.7989  1027.2210    26.3444 7.6510e-02      0.170  261.35225     0.1283    96.8428     3.7300     1.2530      7.769 1.0000e-12      11203         49 0.0000e+00
    195.702   20.17790 -106.04774    197.000    12.4111    12.4057    12.3849    34.7898    34.7985  1027.2277    26.3465 7.7327e-02      0.183  261.41830     0.1284    96.8422     3.7295     1.2526      7.769 1.0000e-12      11263         58 0.0000e+00
    196.694   20.17790 -106.04774    198.000    12.3907    12.3901    12.3644    34.7898    34.7986  1027.2362    26.3505 7.8308e-02      0.178  261.52809     0.1281    96.8473     3.7290     1.2522      7.769 1.0000e-12      11322         67 0.0000e+00
    197.687   20.17788 -106.04774    199.000    12.3703    12.3670    12.3439    34.7884    34.7966  1027.2436    26.3533 7.6492e-02      0.190  261.64059     0.1270    96.8747     3.7288     1.2522      7.769 1.0000e-12      11396         74 0.0000e+00
    198.680   20.17788 -106.04774    200.000    12.3609    12.3608    12.3344    34.7877    34.7959  1027.2494    26.3547 7.6696e-02      0.169  261.69257     0.1226    96.9824     3.7285     1.2505      7.769 1.0000e-12      11505        144 0.0000e+00
    199.673   20.17788 -106.04776    201.000    12.3297    12.3298    12.3030    34.7900    34.7987  1027.2618    26.3625 7.5178e-02      0.175  261.85713     0.1249    96.9255     3.7291     1.2457      7.770 1.0000e-12      11769         60 0.0000e+00
    200.666   20.17788 -106.04776    202.000    12.3352    12.3283    12.3084    34.7885    34.7978  1027.2641    26.3603 7.5477e-02      0.173  261.82996     0.1226    96.9813     3.7297     1.2454      7.769 1.0000e-12      11884        140 0.0000e+00
