data/ctd-cnv/SKQ1617/SKQ1617-St15-P1/skq201617s-028avg.cnv
* Sea-Bird SBE 9 Data File:
* FileName = D:\CTD\SKQ201617S\SKQ201617S-028.hex
* Software Version Seasave V 7.22.5
* Temperature SN = 5773
* Conductivity SN = 2251
* Number of Bytes Per Scan = 37
* Number of Voltage Words = 4
* Number of Scans Averaged by the Deck Unit = 1
* NMEA Latitude = 20 16.59 N
* NMEA Longitude = 106 12.67 W
* NMEA UTC (Time) = Jan 05 2017  15:01:23
* NMEA baud rate = 4800
** Ship: R/V Sikuliaq
** Station Number: 028
** Station Name: Station 15
** Depth: 3351
** Operator: RML
# nquan = 23
# nvalues = 452                         
# units = specified
# name 0 = depSMignore: Depth [salt water, m]
# name 1 = latitude: Latitude [deg]
# name 2 = longitude: Longitude [deg]
# name 3 = prDM: Pressure, Digiquartz [db]
# name 4 = t090C: Temperature [ITS-90, deg C]
# name 5 = t190C: Temperature, 2 [ITS-90, deg C]
# name 6 = potemp090C: Potential Temperature [ITS-90, deg C]
# name 7 = sal00: Salinity, Practical [PSU]
# name 8 = sal11: Salinity, Practical, 2 [PSU]
# name 9 = density00: Density [density, kg/m^3]
# name 10 = sigma-t00: Density [sigma-t, kg/m^3 ]
# name 11 = flSP: Fluorescence, Seapoint
# name 12 = sbox0Mm/Kg: Oxygen, SBE 43 [umol/kg]
# name 13 = oxsolMm/Kg: Oxygen Saturation, Garcia & Gordon [umol/kg]
# name 14 = CStarAt0: Beam Attenuation, WET Labs C-Star [1/m]
# name 15 = CStarTr0: Beam Transmission, WET Labs C-Star [%]
# name 16 = v2: Voltage 2
# name 17 = v3: Voltage 3
# name 18 = ph: pH
# name 19 = par: PAR/Irradiance, Biospherical/Licor
# name 20 = scan: Scan Count
# name 21 = nbin: number of scans per bin
# name 22 = flag: flag
# span 0 =      2.982,    450.725       
# span 1 =   20.27654,   20.27654       
# span 2 = -106.21118, -106.21118       
# span 3 =      3.000,    454.000       
# span 4 =     8.9001,    26.0336       
# span 5 =     8.9002,    26.0331       
# span 6 =     8.8507,    26.0324       
# span 7 =    34.5404,    34.8230       
# span 8 =    34.5473,    34.8311       
# span 9 =  1022.7890,  1028.8696       
# span 10 =    22.7746,    26.8173      
# span 11 = 6.9255e-02, 6.3070e+00      
# span 12 =      0.134,    198.457      
# span 13 =  203.68558,  282.08057      
# span 14 =     0.0638,     0.5373      
# span 15 =    87.4347,    98.4185      
# span 16 =     1.4241,     3.7117      
# span 17 =     0.9906,     2.2535      
# span 18 =      6.452,      6.955      
# span 19 = -3.366e-08, 9.6445e+02      
# span 20 =        267,      15352      
# span 21 =         16,        497      
# span 22 = 0.0000e+00, 0.0000e+00      
# interval = decibars: 1                
# start_time = Jan 05 2017 15:01:23 [NMEA time, header]
# bad_flag = -9.990e-29
*END*
[from data line 378]
    378.318   20.27654 -106.21118    381.000     9.6655     9.6656     9.6220    34.6310    34.6385  1028.4408    26.7203 7.2298e-02      0.190  277.33812     0.0668    98.3440     3.7097     1.0481      6.857 1.0000e-12      12687         23 0.0000e+00
    379.310   20.27654 -106.21118    382.000     9.6494     9.6497     9.6059    34.6302    34.6377  1028.4475    26.7223 7.4629e-02      0.182  277.43614     0.0660    98.3621     3.7096     1.0472      6.857 1.0000e-12      12708         20 0.0000e+00
    380.302   20.27654 -106.21118    383.000     9.6104     9.6106     9.5668    34.6292    34.6366  1028.4580    26.7280 7.2465e-02      0.167  277.67295     0.0660    98.3641     3.7099     1.0453      6.857 1.0000e-12      12727         20 0.0000e+00
    381.294   20.27654 -106.21118    384.000     9.5882     9.5884     9.5445    34.6286    34.6362  1028.4659    26.7313 7.4119e-02      0.175  277.80814     0.0660    98.3622     3.7099     1.0432      6.853 1.0000e-12      12749         23 0.0000e+00
    382.286   20.27654 -106.21118    385.000     9.5803     9.5802     9.5365    34.6278    34.6353  1028.4712    26.7320 7.2800e-02      0.180  277.85725     0.0663    98.3573     3.7101     1.0418      6.852 1.0000e-12      12774         28 0.0000e+00
    383.278   20.27654 -106.21118    386.000     9.5753     9.5754     9.5315    34.6271    34.6347  1028.4760    26.7323 7.2821e-02      0.192  277.88874     0.0663    98.3551     3.7097     1.0408      6.849 1.0000e-12      12802         25 0.0000e+00
    384.270   20.27654 -106.21118    387.000     9.5714     9.5716     9.5275    34.6269    34.6345  1028.4810    26.7328 7.5346e-02      0.167  277.91247     0.0665    98.3512     3.7096     1.0400      6.848 1.0000e-12      12828         24 0.0000e+00
    385.263   20.27654 -106.21118    388.000     9.5657     9.5659     9.5217    34.6267    34.6342  1028.4863    26.7335 7.1839e-02      0.192  277.94746     0.0662    98.3586     3.7101     1.0396      6.848 1.0000e-12      12850         22 0.0000e+00
    386.254   20.27654 -106.21118    389.000     9.5384     9.5386     9.4943    34.6277    34.6352  1028.4964    26.7388 7.2594e-02      0.182  278.11010     0.0667    98.3477     3.7101     1.0385      6.845 1.0000e-12      12872         22 0.0000e+00
    387.246   20.27654 -106.21118    390.000     9.5290     9.5288     9.4849    34.6283    34.6359  1028.5030    26.7409 7.5289e-02      0.150  278.16537     0.0660    98.3633     3.7102     1.0374      6.843 1.0000e-12      12894         22 0.0000e+00
    388.238   20.27654 -106.21118    391.000     9.5249     9.5252     9.4807    34.6284    34.6358  1028.5082    26.7416 7.4567e-02      0.185  278.19005     0.0659    98.3655     3.7103     1.0366      6.843 1.0000e-12      12917         25 0.0000e+00
    389.230   20.27654 -106.21118    392.000     9.5239     9.5243     9.4795    34.6281    34.6356  1028.5127    26.7415 7.2829e-02      0.181  278.19704     0.0657    98.3707     3.7103     1.0364      6.841 1.0000e-12      12942         25 0.0000e+00
    390.222   20.27654 -106.21118    393.000     9.5191     9.5195     9.4747    34.6278    34.6354  1028.5178    26.7421 7.2782e-02      0.178  278.22628     0.0658    98.3677     3.7100     1.0359      6.838 1.0000e-12      12966         23 0.0000e+00
    391.214   20.27654 -106.21118    394.000     9.5085     9.5087     9.4639    34.6279    34.6353  1028.5242    26.7439 7.5131e-02      0.178  278.29053     0.0667    98.3478     3.7101     1.0352      6.838 1.0000e-12      12991         25 0.0000e+00
    392.206   20.27654 -106.21118    395.000     9.4988     9.4990     9.4542    34.6275    34.6352  1028.5301    26.7453 7.4235e-02      0.168  278.34955     0.0650    98.3892     3.7102     1.0348      6.837 1.0000e-12      13017         26 0.0000e+00
    393.198   20.27654 -106.21118    396.000     9.4895     9.4896     9.4447    34.6271    34.6347  1028.5359    26.7465 7.3989e-02      0.173  278.40711     0.0656    98.3726     3.7102     1.0338      6.834 1.0000e-12      13042         25 0.0000e+00
    394.190   20.27654 -106.21118    397.000     9.4741     9.4742     9.4293    34.6268    34.6343  1028.5428    26.7488 7.5751e-02      0.206  278.50034     0.0654    98.3787     3.7103     1.0331      6.833 1.0000e-12      13067         24 0.0000e+00
    395.182   20.27654 -106.21118    398.000     9.4669     9.4671     9.4220    34.6268    34.6343  1028.5485    26.7500 7.4767e-02      0.146  278.54407     0.0649    98.3908     3.7105     1.0322      6.831 1.0000e-12      13091         24 0.0000e+00
    396.174   20.27654 -106.21118    399.000     9.4650     9.4651     9.4200    34.6265    34.6341  1028.5531    26.7500 7.3573e-02      0.168  278.55644     0.0651    98.3862     3.7104     1.0317      6.829 1.0000e-12      13114         24 0.0000e+00
    397.166   20.27654 -106.21118    400.000     9.4609     9.4611     9.4158    34.6260    34.6337  1028.5579    26.7503 7.3532e-02      0.195  278.58234     0.0654    98.3793     3.7104     1.0313      6.829 1.0000e-12      13139         27 0.0000e+00
    398.158   20.27654 -106.21118    401.000     9.4558     9.4560     9.4106    34.6258    34.6334  1028.5632    26.7510 7.3390e-02      0.179  278.61332     0.0651    98.3869     3.7102     1.0310      6.827 1.0000e-12      13167         29 0.0000e+00
    399.150   20.27654 -106.21118    402.000     9.4524     9.4525     9.4071    34.6255    34.6332  1028.5681    26.7514 7.1488e-02      0.179  278.63477     0.0652    98.3843     3.7104     1.0303      6.824 1.0000e-12      13195         25 0.0000e+00
    400.142   20.27654 -106.21118    403.000     9.4471     9.4473     9.4016    34.6253    34.6329  1028.5733    26.7521 7.2636e-02      0.165  278.66755     0.0657    98.3710     3.7104     1.0298      6.824 1.0000e-12      13219         23 0.0000e+00
    401.134   20.27654 -106.21118    404.000     9.4440     9.4442     9.3984    34.6252    34.6329  1028.5782    26.7525 7.2164e-02      0.176  278.68653     0.0657    98.3720     3.7105     1.0300      6.822 1.0000e-12      13240         20 0.0000e+00
    402.126   20.27654 -106.21118    405.000     9.4417     9.4420     9.3961    34.6249    34.6326  1028.5830    26.7527 7.3246e-02      0.134  278.70065     0.0653    98.3803     3.7106     1.0295      6.820 1.0000e-12      13261         21 0.0000e+00
    403.118   20.27654 -106.21118    406.000     9.4361     9.4362     9.3904    34.6247    34.6323  1028.5882    26.7534 7.1947e-02      0.194  278.73506     0.0649    98.3914     3.7106     1.0289      6.819 1.0000e-12      13282         22 0.0000e+00
    404.110   20.27654 -106.21118    407.000     9.4311     9.4313     9.3853    34.6243    34.6321  1028.5933    26.7540 7.3123e-02      0.162  278.76588     0.0649    98.3916     3.7106     1.0285      6.819 1.0000e-12      13305         23 0.0000e+00
    405.102   20.27654 -106.21118    408.000     9.4265     9.4266     9.3805    34.6240    34.6317  1028.5983    26.7544 7.3134e-02      0.183  278.79494     0.0650    98.3888     3.7105     1.0281      6.819 1.0000e-12      13332         29 0.0000e+00
    406.094   20.27654 -106.21118    409.000     9.4181     9.4181     9.3721    34.6233    34.6310  1028.6038    26.7553 7.3113e-02      0.177  278.84676     0.0660    98.3644     3.7106     1.0276      6.815 1.0000e-12      13359         25 0.0000e+00
    407.085   20.27654 -106.21118    410.000     9.4042     9.4042     9.3581    34.6227    34.6303  1028.6102    26.7571 7.2749e-02      0.191  278.93270     0.0656    98.3741     3.7105     1.0271      6.814 1.0000e-12      13383         22 0.0000e+00
    408.077   20.27654 -106.21118    411.000     9.3908     9.3909     9.3446    34.6220    34.6297  1028.6165    26.7588 7.2736e-02      0.180  279.01556     0.0653    98.3805     3.7105     1.0261      6.814 1.0000e-12      13404         21 0.0000e+00
    409.069   20.27654 -106.21118    412.000     9.3792     9.3789     9.3329    34.6211    34.6288  1028.6222    26.7599 7.4222e-02      0.165  279.08794     0.0655    98.3763     3.7106     1.0253      6.813 1.0000e-12      13425         22 0.0000e+00
    410.061   20.27654 -106.21118    413.000     9.3619     9.3620     9.3156    34.6207    34.6283  1028.6295    26.7625 7.3998e-02      0.179  279.19361     0.0651    98.3862     3.7106     1.0241      6.810 1.0000e-12      13449         25 0.0000e+00
    411.053   20.27654 -106.21118    414.000     9.3555     9.3559     9.3091    34.6200    34.6277  1028.6345    26.7630 7.4437e-02      0.179  279.23415     0.0643    98.4065     3.7105     1.0236      6.809 1.0000e-12      13478         31 0.0000e+00
    412.045   20.27654 -106.21118    415.000     9.3429     9.3433     9.2964    34.6197    34.6273  1028.6409    26.7648 7.4480e-02      0.154  279.31128     0.0646    98.3987     3.7105     1.0228      6.809 1.0000e-12      13508         30 0.0000e+00
    413.037   20.27654 -106.21118    416.000     9.3388     9.3389     9.2922    34.6193    34.6269  1028.6458    26.7652 7.3398e-02      0.176  279.33718     0.0640    98.4131     3.7106     1.0227      6.806 1.0000e-12      13535         20 0.0000e+00
    414.029   20.27654 -106.21118    417.000     9.3143     9.3137     9.2677    34.6174    34.6250  1028.6530    26.7677 7.3603e-02      0.197  279.49033     0.0643    98.4054     3.7107     1.0213      6.805 1.0000e-12      13557         22 0.0000e+00
    415.021   20.27654 -106.21118    418.000     9.2816     9.2814     9.2350    34.6164    34.6239  1028.6624    26.7722 7.3764e-02      0.170  279.69158     0.0649    98.3925     3.7106     1.0194      6.805 1.0000e-12      13578         22 0.0000e+00
    416.012   20.27654 -106.21118    419.000     9.2579     9.2571     9.2113    34.6152    34.6228  1028.6700    26.7752 7.3783e-02      0.184  279.83833     0.0648    98.3928     3.7107     1.0180      6.802 1.0000e-12      13599         21 0.0000e+00
    417.004   20.27654 -106.21118    420.000     9.2475     9.2473     9.2007    34.6146    34.6222  1028.6758    26.7764 7.3928e-02      0.189  279.90347     0.0656    98.3736     3.7106     1.0162      6.800 1.0000e-12      13621         22 0.0000e+00
    417.996   20.27654 -106.21118    421.000     9.2452     9.2455     9.1983    34.6142    34.6217  1028.6803    26.7764 7.3711e-02      0.181  279.91830     0.0656    98.3742     3.7109     1.0157      6.800 1.0000e-12      13645         24 0.0000e+00
    418.988   20.27654 -106.21118    422.000     9.2452     9.2454     9.1982    34.6137    34.6214  1028.6845    26.7760 7.3507e-02      0.181  279.91951     0.0656    98.3742     3.7106     1.0155      6.798 1.0000e-12      13674         30 0.0000e+00
    419.980   20.27654 -106.21118    423.000     9.2450     9.2453     9.1980    34.6134    34.6212  1028.6888    26.7759 7.2993e-02      0.144  279.92064     0.0647    98.3953     3.7106     1.0154      6.795 1.0000e-12      13703         27 0.0000e+00
    420.972   20.27654 -106.21118    424.000     9.2414     9.2422     9.1942    34.6130    34.6207  1028.6936    26.7761 7.3108e-02      0.157  279.94386     0.0649    98.3905     3.7107     1.0152      6.794 1.0000e-12      13729         24 0.0000e+00
    421.964   20.27654 -106.21118    425.000     9.2363     9.2364     9.1890    34.6129    34.6205  1028.6989    26.7769 7.3934e-02      0.198  279.97503     0.0649    98.3904     3.7106     1.0148      6.790 1.0000e-12      13752         22 0.0000e+00
    422.955   20.27654 -106.21118    426.000     9.2344     9.2347     9.1870    34.6128    34.6205  1028.7036    26.7771 7.5452e-02      0.198  279.98704     0.0648    98.3928     3.7109     1.0143      6.790 1.0000e-12      13774         22 0.0000e+00
    423.947   20.27654 -106.21118    427.000     9.2339     9.2339     9.1864    34.6125    34.6204  1028.7080    26.7770 7.6456e-02      0.185  279.99093     0.0648    98.3928     3.7109     1.0142      6.787 1.0000e-12      13796         22 0.0000e+00
    424.939   20.27654 -106.21118    428.000     9.2316     9.2318     9.1840    34.6124    34.6200  1028.7128    26.7772 7.5136e-02      0.182  280.00518     0.0646    98.3986     3.7107     1.0136      6.786 1.0000e-12      13819         23 0.0000e+00
    425.931   20.27654 -106.21118    429.000     9.2163     9.2150     9.1687    34.6107    34.6184  1028.7186    26.7784 7.6457e-02      0.182  280.10179     0.0653    98.3824     3.7111     1.0133      6.782 1.0000e-12      13841         23 0.0000e+00
    426.923   20.27654 -106.21118    430.000     9.1506     9.1499     9.1030    34.6084    34.6161  1028.7325    26.7872 7.6929e-02      0.198  280.50921     0.0654    98.3791     3.7113     1.0111      6.781 1.0000e-12      13864         23 0.0000e+00
    427.915   20.27654 -106.21118    431.000     9.1397     9.1399     9.0921    34.6087    34.6163  1028.7391    26.7892 7.5755e-02      0.181  280.57536     0.0646    98.3988     3.7113     1.0091      6.780 1.0000e-12      13888         25 0.0000e+00
    428.906   20.27654 -106.21118    432.000     9.1392     9.1393     9.0914    34.6082    34.6158  1028.7433    26.7889 7.7402e-02      0.175  280.57996     0.0647    98.3954     3.7113     1.0080      6.777 1.0000e-12      13911         21 0.0000e+00
    429.898   20.27654 -106.21118    433.000     9.1392     9.1395     9.0913    34.6079    34.6155  1028.7476    26.7887 7.8091e-02      0.169  280.58017     0.0645    98.3999     3.7114     1.0075      6.775 1.0000e-12      13935         25 0.0000e+00
    430.890   20.27654 -106.21118    434.000     9.1393     9.1396     9.0913    34.6076    34.6152  1028.7519    26.7885 7.5103e-02      0.151  280.58037     0.0648    98.3946     3.7112     1.0073      6.771 1.0000e-12      13960         26 0.0000e+00
    431.882   20.27654 -106.21118    435.000     9.1387     9.1393     9.0906    34.6074    34.6151  1028.7563    26.7884 7.4911e-02      0.205  280.58440     0.0648    98.3950     3.7108     1.0073      6.768 1.0000e-12      13990         31 0.0000e+00
    432.873   20.27654 -106.21118    436.000     9.1216     9.1216     9.0735    34.6058    34.6136  1028.7624    26.7899 7.7011e-02      0.182  280.69231     0.0642    98.4082     3.7110     1.0070      6.766 1.0000e-12      14019         26 0.0000e+00
    433.865   20.27654 -106.21118    437.000     9.0892     9.0884     9.0410    34.6047    34.6124  1028.7716    26.7942 7.8770e-02      0.174  280.89385     0.0648    98.3935     3.7110     1.0060      6.762 1.0000e-12      14045         26 0.0000e+00
    434.857   20.27654 -106.21118    438.000     9.0759     9.0763     9.0277    34.6044    34.6119  1028.7781    26.7961 7.5908e-02      0.192  280.97601     0.0644    98.4023     3.7111     1.0042      6.762 1.0000e-12      14069         24 0.0000e+00
    435.849   20.27654 -106.21118    439.000     9.0665     9.0666     9.0182    34.6036    34.6112  1028.7836    26.7970 7.7840e-02      0.172  281.03575     0.0645    98.4018     3.7115     1.0034      6.759 1.0000e-12      14093         23 0.0000e+00
    436.841   20.27654 -106.21118    440.000     9.0543     9.0543     9.0059    34.6023    34.6098  1028.7891    26.7980 7.8082e-02      0.180  281.11325     0.0641    98.4115     3.7117     1.0026      6.757 1.0000e-12      14115         22 0.0000e+00
    437.832   20.27654 -106.21118    441.000     9.0378     9.0375     8.9893    34.6017    34.6093  1028.7960    26.8002 7.5777e-02      0.191  281.21645     0.0653    98.3819     3.7116     1.0012      6.754 1.0000e-12      14137         23 0.0000e+00
    438.824   20.27654 -106.21118    442.000     9.0308     9.0310     8.9823    34.6014    34.6090  1028.8014    26.8010 7.6744e-02      0.169  281.26010     0.0646    98.3987     3.7116     1.0005      6.751 1.0000e-12      14164         32 0.0000e+00
