data/ctd-cnv/SKQ1617/SKQ1617-St15-P1/skq201617s-022avg.cnv
* Sea-Bird SBE 9 Data File:
* FileName = D:\CTD\SKQ201617S\SKQ201617S-022.hex
* Software Version Seasave V 7.22.5
* Temperature SN = 5773
* Conductivity SN = 2251
* Number of Bytes Per Scan = 37
* Number of Voltage Words = 4
* Number of Scans Averaged by the Deck Unit = 1
* NMEA Latitude = 20 12.31 N
* NMEA Longitude = 106 04.87 W
* NMEA UTC (Time) = Jan 03 2017  08:03:34
* NMEA baud rate = 4800
** Ship: R/V Sikuliaq
** Station Number: 022
** Station Name: Station 18
** Depth: 2577.16 m
** Operator: JP
# nquan = 23
# nvalues = 200                         
# units = specified
# name 0 = depSM: Depth [salt water, m]
# name 1 = latitude: Latitude [deg]
# name 2 = longitude: Longitude [deg]
# name 3 = prDM: Pressure, Digiquartz [db]
# name 4 = t090C: Temperature [ITS-90, deg C]
# name 5 = t190C: Temperature, 2 [ITS-90, deg C]
# name 6 = potemp090C: Potential Temperature [ITS-90, deg C]
# name 7 = sal00: Salinity, Practical [PSU]
# name 8 = sal11: Salinity, Practical, 2 [PSU]
# name 9 = density00: Density [density, kg/m^3]
# name 10 = sigma-t00: Density [sigma-t, kg/m^3 ]
# name 11 = flSP: Fluorescence, Seapoint
# name 12 = sbox0Mm/Kg: Oxygen, SBE 43 [umol/kg]
# name 13 = oxsolMm/Kg: Oxygen Saturation, Garcia & Gordon [umol/kg]
# name 14 = CStarAt0: Beam Attenuation, WET Labs C-Star [1/m]
# name 15 = CStarTr0: Beam Transmission, WET Labs C-Star [%]
# name 16 = v2: Voltage 2
# name 17 = v3: Voltage 3
# name 18 = ph: pH
# name 19 = par: PAR/Irradiance, Biospherical/Licor
# name 20 = scan: Scan Count
# name 21 = nbin: number of scans per bin
# name 22 = flag: flag
# span 0 =      2.980,    200.666       
# span 1 =   20.20513,   20.20516       
# span 2 = -106.08114, -106.08110       
# span 3 =      3.000,    202.000       
# span 4 =    12.2835,    25.8311       
# span 5 =    12.2842,    25.8314       
# span 6 =    12.2568,    25.8281       
# span 7 =    34.5261,    34.8118       
# span 8 =    34.5346,    34.8200       
# span 9 =  1022.8538,  1027.2705       
# span 10 =    22.8384,    26.3700      
# span 11 = 7.4677e-02, 8.0574e+00      
# span 12 =      0.164,    200.113      
# span 13 =  204.36577,  262.11811      
# span 14 =     0.1192,     0.6353      
# span 15 =    85.3161,    97.0634      
# span 16 =     1.4320,     3.7210      
# span 17 =     1.2345,     2.2405      
# span 18 =      7.764,      8.346      
# span 19 = 1.0000e-12, 1.5413e-01      
# span 20 =       -364,      13128      
# span 21 =          4,        829      
# span 22 = 0.0000e+00, 0.0000e+00      
# interval = decibars: 1                
# start_time = Jan 03 2017 08:03:34 [NMEA time, header]
# bad_flag = -9.990e-29
*END*
[from data line 63]
     65.586   20.20514 -106.08112     66.000    16.4456    16.4456    16.4351    34.5758    34.5843  1025.6102    25.3187 2.9624e-01     24.004  241.63441     0.1270    96.8751     3.1943     1.5786      7.882 8.6993e-03       4852         52 0.0000e+00
     66.579   20.20514 -106.08112     67.000    16.4154    16.4158    16.4047    34.5774    34.5860  1025.6229    25.3270 2.7882e-01     23.223  241.77180     0.1259    96.9021     3.2141     1.5734      7.879 8.6916e-03       4899         48 0.0000e+00
     67.573   20.20514 -106.08112     68.000    16.3958    16.3950    16.3849    34.5785    34.5869  1025.6327    25.3323 3.3203e-01     22.625  241.86144     0.1266    96.8863     3.2264     1.5717      7.878 8.6549e-03       4962         63 0.0000e+00
     68.566   20.20514 -106.08112     69.000    16.3418    16.3417    16.3308    34.5849    34.5936  1025.6546    25.3498 2.5763e-01     22.493  242.10150     0.1259    96.9027     3.2374     1.5663      7.875 8.4486e-03       5007         34 0.0000e+00
     69.560   20.20514 -106.08112     70.000    16.2936    16.2939    16.2825    34.5913    34.5999  1025.6751    25.3658 2.6143e-01     21.661  242.31544     0.1263    96.8924     3.2593     1.5618      7.870 8.4937e-03       5042         38 0.0000e+00
     70.553   20.20514 -106.08112     71.000    16.2478    16.2468    16.2365    34.5976    34.6062  1025.6949    25.3812 2.6721e-01     19.791  242.51885     0.1258    96.9052     3.2797     1.5591      7.867 8.4841e-03       5086         51 0.0000e+00
     71.547   20.20514 -106.08113     72.000    16.1410    16.1400    16.1296    34.6145    34.6232  1025.7370    25.4188 2.5956e-01     18.238  242.98993     0.1250    96.9239     3.3055     1.5548      7.861 8.4568e-03       5137         50 0.0000e+00
     72.540   20.20514 -106.08114     73.000    16.0492    16.0489    16.0377    34.6277    34.6363  1025.7727    25.4500 2.4121e-01     15.106  243.39881     0.1232    96.9655     3.3536     1.5477      7.854 8.4846e-03       5192         52 0.0000e+00
     73.534   20.20514 -106.08112     74.000    16.0098    16.0098    15.9982    34.6267    34.6353  1025.7854    25.4582 2.3559e-01     13.181  243.58581     0.1244    96.9370     3.3895     1.5451      7.851 8.4550e-03       5253         54 0.0000e+00
     74.527   20.20514 -106.08112     75.000    15.9608    15.9615    15.9490    34.6408    34.6492  1025.8119    25.4803 2.0777e-01     13.339  243.79339     0.1227    96.9800     3.4189     1.5376      7.847 8.3830e-03       5297         39 0.0000e+00
     75.521   20.20514 -106.08112     76.000    15.9494    15.9499    15.9374    34.6445    34.6531  1025.8218    25.4857 2.1774e-01     11.581  243.84096     0.1227    96.9782     3.4580     1.5347      7.843 7.9596e-03       5339         46 0.0000e+00
     76.515   20.20514 -106.08112     77.000    15.9297    15.9299    15.9176    34.6553    34.6638  1025.8390    25.4985 1.9933e-01     10.080  243.91573     0.1214    97.0119     3.4822     1.5324      7.842 7.9374e-03       5385         46 0.0000e+00
     77.508   20.20514 -106.08114     78.000    15.9220    15.9223    15.9098    34.6615    34.6701  1025.8499    25.5050 2.1941e-01      8.970  243.94162     0.1221    96.9946     3.5107     1.5303      7.839 7.7760e-03       5429         47 0.0000e+00
     78.501   20.20514 -106.08114     79.000    15.8999    15.8990    15.8875    34.6708    34.6796  1025.8665    25.5171 1.9183e-01      7.721  244.03070     0.1217    97.0044     3.5287     1.5308      7.837 7.5361e-03       5484         58 0.0000e+00
     79.495   20.20514 -106.08114     80.000    15.8566    15.8568    15.8441    34.6870    34.6955  1025.8933    25.5395 1.6528e-01      6.761  244.20808     0.1206    97.0295     3.5547     1.5261      7.834 7.3680e-03       5533         40 0.0000e+00
     80.489   20.20514 -106.08113     81.000    15.8387    15.8388    15.8261    34.6935    34.7021  1025.9068    25.5485 1.6664e-01      4.862  244.28169     0.1193    97.0606     3.6040     1.5227      7.831 7.3389e-03       5579         54 0.0000e+00
     81.482   20.20514 -106.08112     82.000    15.8175    15.8175    15.8047    34.6970    34.7054  1025.9187    25.5560 1.5596e-01      3.725  244.37660     0.1192    97.0634     3.6244     1.5210      7.830 7.2584e-03       5633         47 0.0000e+00
     82.476   20.20514 -106.08112     83.000    15.7941    15.7944    15.7812    34.7008    34.7093  1025.9314    25.5642 1.5687e-01      3.630  244.48093     0.1199    97.0475     3.6369     1.5185      7.828 7.1129e-03       5678         46 0.0000e+00
     83.469   20.20514 -106.08112     84.000    15.6930    15.6929    15.6799    34.7164    34.7237  1025.9708    25.5991 1.4188e-01      3.174  244.93523     0.1203    97.0360     3.6498     1.5152      7.826 7.0781e-03       5728         52 0.0000e+00
     84.462   20.20514 -106.08112     85.000    15.6023    15.6023    15.5891    34.7222    34.7310  1026.0003    25.6241 1.4226e-01      2.033  245.35776     0.1216    97.0051     3.6690     1.5092      7.823 7.0189e-03       5775         43 0.0000e+00
     85.456   20.20514 -106.08112     86.000    15.4307    15.4309    15.4175    34.7335    34.7427  1026.0521    25.6712 1.6973e-01      1.428  246.16057     0.1248    96.9294     3.6875     1.5002      7.822 7.0515e-03       5816         41 0.0000e+00
     86.449   20.20514 -106.08112     87.000    15.3449    15.3442    15.3316    34.7413    34.7514  1026.0817    25.6963 2.2069e-01      1.053  246.55998     0.1360    96.6567     3.6980     1.4937      7.818 6.9801e-03       5866         58 0.0000e+00
     87.443   20.20514 -106.08112     88.000    15.2401    15.2392    15.2267    34.7435    34.7518  1026.1113    25.7213 2.6657e-01      0.943  247.06223     0.1395    96.5719     3.7005     1.4858      7.818 6.9285e-03       5917         45 0.0000e+00
     88.436   20.20514 -106.08112     89.000    15.1956    15.1898    15.1820    34.7479    34.7547  1026.1290    25.7345 2.8968e-01      0.901  247.27036     0.1331    96.7283     3.7054     1.4803      7.818 6.7872e-03       5971         59 0.0000e+00
     89.430   20.20514 -106.08112     90.000    15.1347    15.1347    15.1211    34.7454    34.7540  1026.1450    25.7461 3.3877e-01      0.916  247.56991     0.1334    96.7197     3.7066     1.4753      7.816 6.6449e-03       6023         45 0.0000e+00
     90.423   20.20514 -106.08112     91.000    15.0831    15.0830    15.0694    34.7485    34.7570  1026.1632    25.7597 3.8486e-01      0.828  247.81541     0.1349    96.6826     3.7088     1.4692      7.813 6.3717e-03       6067         47 0.0000e+00
     91.417   20.20514 -106.08112     92.000    14.9770    14.9771    14.9631    34.7549    34.7635  1026.1961    25.7880 4.5672e-01      0.808  248.32213     0.1378    96.6139     3.7095     1.4631      7.814 6.3844e-03       6111         42 0.0000e+00
     92.410   20.20514 -106.08112     93.000    14.8906    14.8898    14.8767    34.7658    34.7749  1026.2279    25.8153 5.2601e-01      0.843  248.72563     0.1426    96.4984     3.7095     1.4573      7.814 6.0762e-03       6165         58 0.0000e+00
     93.403   20.20514 -106.08112     94.000    14.8485    14.8493    14.8345    34.7617    34.7709  1026.2385    25.8213 5.5516e-01      0.838  248.93910     0.1451    96.4378     3.7098     1.4520      7.814 5.7649e-03       6211         38 0.0000e+00
     94.397   20.20514 -106.08112     95.000    14.7718    14.7682    14.7576    34.7682    34.7762  1026.2647    25.8430 6.5491e-01      0.840  249.30508     0.1464    96.4060     3.7105     1.4482      7.811 5.6773e-03       6258         57 0.0000e+00
     95.390   20.20514 -106.08112     96.000    14.7125    14.7120    14.6982    34.7665    34.7751  1026.2808    25.8546 6.9907e-01      0.821  249.60025     0.1452    96.4346     3.7104     1.4422      7.810 5.6503e-03       6309         38 0.0000e+00
     96.384   20.20514 -106.08112     97.000    14.6774    14.6772    14.6631    34.7687    34.7771  1026.2946    25.8639 7.2328e-01      0.776  249.76941     0.1455    96.4280     3.7117     1.4370      7.810 5.6517e-03       6343         35 0.0000e+00
     97.377   20.20514 -106.08112     98.000    14.7013    14.6907    14.6868    34.7680    34.7755  1026.2932    25.8582 7.6336e-01      0.737  249.65277     0.1465    96.4045     3.7112     1.4364      7.810 5.6516e-03       6398         79 0.0000e+00
     98.371   20.20514 -106.08112     99.000    14.6403    14.6371    14.6256    34.7707    34.7795  1026.3130    25.8734 7.3798e-01      0.686  249.94973     0.1469    96.3935     3.7112     1.4344      7.812 5.6516e-03       6461         41 0.0000e+00
     99.364   20.20514 -106.08112    100.000    14.5943    14.5944    14.5795    34.7725    34.7809  1026.3289    25.8847 7.4410e-01      0.716  250.17409     0.1467    96.3974     3.7118     1.4296      7.810 5.6516e-03       6499         39 0.0000e+00
    100.357   20.20514 -106.08112    101.000    14.4589    14.4567    14.4440    34.7800    34.7881  1026.3685    25.9197 7.3222e-01      0.690  250.83395     0.1458    96.4198     3.7118     1.4254      7.809 5.5153e-03       6542         42 0.0000e+00
    101.351   20.20514 -106.08112    102.000    14.3217    14.3197    14.3068    34.7848    34.7933  1026.4061    25.9527 6.5924e-01      0.735  251.51049     0.1438    96.4703     3.7129     1.4155      7.806 5.3397e-03       6580         32 0.0000e+00
    102.344   20.20514 -106.08112    103.000    14.2965    14.2968    14.2815    34.7853    34.7936  1026.4164    25.9584 6.3999e-01      0.753  251.63540     0.1443    96.4576     3.7137     1.4087      7.806 4.9950e-03       6609         28 0.0000e+00
    103.337   20.20514 -106.08112    104.000    14.2834    14.2831    14.2682    34.7846    34.7930  1026.4231    25.9607 6.3365e-01      0.704  251.70255     0.1440    96.4648     3.7140     1.4055      7.806 4.8189e-03       6637         27 0.0000e+00
    104.331   20.20514 -106.08112    105.000    14.2580    14.2577    14.2427    34.7852    34.7935  1026.4334    25.9666 6.3022e-01      0.711  251.82885     0.1427    96.4949     3.7140     1.4027      7.806 4.9562e-03       6665         28 0.0000e+00
    105.324   20.20514 -106.08112    106.000    14.2358    14.2360    14.2204    34.7860    34.7944  1026.4432    25.9719 6.1657e-01      0.691  251.93880     0.1431    96.4866     3.7141     1.4004      7.805 4.5380e-03       6693         29 0.0000e+00
    106.318   20.20514 -106.08112    107.000    14.2222    14.2211    14.2066    34.7860    34.7944  1026.4506    25.9748 6.0095e-01      0.664  252.00718     0.1422    96.5070     3.7142     1.3980      7.804 4.6046e-03       6720         24 0.0000e+00
    107.311   20.20514 -106.08112    108.000    14.1925    14.1922    14.1768    34.7877    34.7960  1026.4627    25.9824 5.8786e-01      0.692  252.15327     0.1418    96.5173     3.7144     1.3960      7.803 4.6860e-03       6745         26 0.0000e+00
    108.304   20.20514 -106.08112    109.000    14.1683    14.1682    14.1525    34.7889    34.7972  1026.4732    25.9885 5.7764e-01      0.717  252.27298     0.1418    96.5176     3.7143     1.3938      7.802 4.7526e-03       6771         28 0.0000e+00
    109.298   20.20514 -106.08112    110.000    14.1535    14.1535    14.1376    34.7893    34.7975  1026.4812    25.9919 5.7176e-01      0.647  252.34667     0.1432    96.4834     3.7143     1.3923      7.802 4.4581e-03       6799         29 0.0000e+00
    110.291   20.20514 -106.08112    111.000    14.0696    14.0685    14.0535    34.7888    34.7973  1026.5031    26.0092 5.1589e-01      0.623  252.77127     0.1417    96.5187     3.7143     1.3894      7.802 4.3717e-03       6826         24 0.0000e+00
    111.284   20.20514 -106.08112    112.000    13.9986    13.9982    13.9824    34.7935    34.8017  1026.5262    26.0278 4.6621e-01      0.692  253.12224     0.1404    96.5511     3.7146     1.3842      7.802 4.4308e-03       6851         24 0.0000e+00
    112.278   20.20514 -106.08112    113.000    13.9574    13.9570    13.9411    34.7967    34.8050  1026.5419    26.0390 4.3185e-01      0.743  253.32533     0.1391    96.5819     3.7152     1.3796      7.801 4.3168e-03       6874         22 0.0000e+00
    113.271   20.20514 -106.08112    114.000    13.9340    13.9340    13.9177    34.7969    34.8051  1026.5514    26.0440 4.1835e-01      0.668  253.44331     0.1383    96.6008     3.7155     1.3769      7.801 4.2512e-03       6896         21 0.0000e+00
    114.264   20.20514 -106.08112    115.000    13.9002    13.8996    13.8838    34.7972    34.8055  1026.5632    26.0513 4.0873e-01      0.673  253.61467     0.1382    96.6049     3.7155     1.3739      7.798 4.2551e-03       6919         24 0.0000e+00
    115.258   20.20514 -106.08112    116.000    13.8821    13.8823    13.8655    34.7994    34.8075  1026.5732    26.0568 3.9966e-01      0.618  253.70283     0.1384    96.5999     3.7155     1.3710      7.798 4.2551e-03       6942         23 0.0000e+00
    116.251   20.20514 -106.08112    117.000    13.8802    13.8804    13.8634    34.7994    34.8075  1026.5780    26.0572 4.0303e-01      0.685  253.71278     0.1385    96.5976     3.7155     1.3695      7.798 4.2022e-03       6966         26 0.0000e+00
    117.244   20.20514 -106.08112    118.000    13.8564    13.8561    13.8396    34.8012    34.8096  1026.5889    26.0636 3.9950e-01      0.613  253.83036     0.1398    96.5651     3.7155     1.3691      7.798 4.2533e-03       6995         32 0.0000e+00
    118.238   20.20514 -106.08112    119.000    13.7735    13.7722    13.7565    34.8074    34.8162  1026.6155    26.0856 3.4968e-01      0.565  254.24261     0.1400    96.5614     3.7154     1.3666      7.798 4.0984e-03       7025         27 0.0000e+00
    119.231   20.20514 -106.08110    120.000    13.7564    13.7569    13.7393    34.8075    34.8157  1026.6237    26.0893 3.3158e-01      0.572  254.32983     0.1390    96.5836     3.7154     1.3620      7.798 4.1299e-03       7051         22 0.0000e+00
    120.224   20.20514 -106.08110    121.000    13.7508    13.7510    13.7336    34.8063    34.8145  1026.6284    26.0895 3.2640e-01      0.592  254.36057     0.1387    96.5924     3.7159     1.3605      7.798 3.8511e-03       7071         21 0.0000e+00
    121.218   20.20514 -106.08110    122.000    13.7412    13.7402    13.7239    34.8042    34.8123  1026.6332    26.0898 3.2099e-01      0.616  254.41288     0.1380    96.6095     3.7161     1.3588      7.798 3.5285e-03       7092         21 0.0000e+00
    122.211   20.20514 -106.08111    123.000    13.7272    13.7270    13.7097    34.8035    34.8116  1026.6400    26.0922 3.2602e-01      0.588  254.48604     0.1374    96.6234     3.7160     1.3584      7.798 3.4813e-03       7116         27 0.0000e+00
    123.204   20.20514 -106.08112    124.000    13.7229    13.7230    13.7053    34.8026    34.8108  1026.6447    26.0924 3.2509e-01      0.569  254.50958     0.1379    96.6127     3.7155     1.3576      7.797 3.4090e-03       7148         33 0.0000e+00
    124.197   20.20514 -106.08112    125.000    13.7189    13.7190    13.7011    34.8024    34.8106  1026.6498    26.0931 3.1267e-01      0.576  254.53073     0.1385    96.5973     3.7155     1.3566      7.796 3.5070e-03       7177         26 0.0000e+00
    125.191   20.20514 -106.08112    126.000    13.7153    13.7153    13.6974    34.8023    34.8105  1026.6550    26.0937 3.0196e-01      0.582  254.54904     0.1376    96.6193     3.7160     1.3550      7.796 3.7604e-03       7199         20 0.0000e+00
    126.184   20.20514 -106.08112    127.000    13.7118    13.7118    13.6938    34.8033    34.8117  1026.6610    26.0953 3.0278e-01      0.582  254.56505     0.1376    96.6190     3.7167     1.3543      7.795 3.1851e-03       7218         18 0.0000e+00
