data/ctd-cnv/SKQ1617/SKQ1617-St15-P1/skq201617s-021avg.cnv
* Sea-Bird SBE 9 Data File:
* FileName = D:\CTD\SKQ201617S\SKQ201617S-021.hex
* Software Version Seasave V 7.22.5
* Temperature SN = 5773
* Conductivity SN = 2251
* Number of Bytes Per Scan = 37
* Number of Voltage Words = 4
* Number of Scans Averaged by the Deck Unit = 1
* NMEA Latitude = 20 12.18 N
* NMEA Longitude = 106 04.89 W
* NMEA UTC (Time) = Jan 02 2017  14:17:06
* NMEA baud rate = 4800
** Ship: R/V Sikuliaq
** Station Number: 021
** Station Name: Station 17
** Depth: 2580 m
** Operator: RML
# nquan = 23
# nvalues = 1007                        
# units = specified
# name 0 = depSMignore: Depth [salt water, m]
# name 1 = latitude: Latitude [deg]
# name 2 = longitude: Longitude [deg]
# name 3 = prDM: Pressure, Digiquartz [db]
# name 4 = t090C: Temperature [ITS-90, deg C]
# name 5 = t190C: Temperature, 2 [ITS-90, deg C]
# name 6 = potemp090C: Potential Temperature [ITS-90, deg C]
# name 7 = sal00: Salinity, Practical [PSU]
# name 8 = sal11: Salinity, Practical, 2 [PSU]
# name 9 = density00: Density [density, kg/m^3]
# name 10 = sigma-t00: Density [sigma-t, kg/m^3 ]
# name 11 = flSP: Fluorescence, Seapoint
# name 12 = sbox0Mm/Kg: Oxygen, SBE 43 [umol/kg]
# name 13 = oxsolMm/Kg: Oxygen Saturation, Garcia & Gordon [umol/kg]
# name 14 = CStarAt0: Beam Attenuation, WET Labs C-Star [1/m]
# name 15 = CStarTr0: Beam Transmission, WET Labs C-Star [%]
# name 16 = v2: Voltage 2
# name 17 = v3: Voltage 3
# name 18 = ph: pH
# name 19 = par: PAR/Irradiance, Biospherical/Licor
# name 20 = scan: Scan Count
# name 21 = nbin: number of scans per bin
# name 22 = flag: flag
# span 0 =      3.975,   1001.383       
# span 1 =   20.20294,   20.20338       
# span 2 = -106.08246, -106.08146       
# span 3 =      4.000,   1010.000       
# span 4 =     4.7454,    25.8065       
# span 5 =     4.7451,    25.8054       
# span 6 =     4.6632,    25.8036       
# span 7 =    34.5123,    34.8152       
# span 8 =    34.5147,    34.8236       
# span 9 =  1022.8637,  1031.9686       
# span 10 =    22.8420,    27.3308      
# span 11 = 7.0647e-02, 6.6386e+00      
# span 12 =     -0.027,    199.076      
# span 13 =  204.45602,  310.33012      
# span 14 =     0.0541,     0.5074      
# span 15 =    88.0881,    98.6567      
# span 16 =     1.4382,     3.7411      
# span 17 =     0.6888,     2.2375      
# span 18 =      2.756,      8.344      
# span 19 = 1.0000e-12, 2.2456e+02      
# span 20 =        561,      30512      
# span 21 =         13,       1147      
# span 22 = 0.0000e+00, 0.0000e+00      
# interval = decibars: 1                
# start_time = Jan 02 2017 14:17:06 [NMEA time, header]
# bad_flag = -9.990e-29
*END*
[from data line 189]
    191.730   20.20308 -106.08190    193.000    12.0039    12.0041    11.9788    34.7753    34.7835  1027.2785    26.4138 7.3920e-02      0.322  263.65460     0.1281    96.8491     3.7268     1.2228      7.770 1.0000e-12       8387         28 0.0000e+00
    192.722   20.20310 -106.08190    194.000    11.9873    11.9878    11.9621    34.7738    34.7823  1027.2850    26.4158 7.3849e-02      0.325  263.74845     0.1277    96.8568     3.7267     1.2215      7.770 1.0000e-12       8418         31 0.0000e+00
    193.716   20.20309 -106.08191    195.000    11.9199    11.9202    11.8946    34.7710    34.7793  1027.3004    26.4265 7.4984e-02      0.325  264.12317     0.1268    96.8802     3.7271     1.2189      7.771 1.0000e-12       8446         24 0.0000e+00
    194.708   20.20308 -106.08192    196.000    11.9043    11.9044    11.8789    34.7712    34.7793  1027.3081    26.4296 7.5434e-02      0.339  264.20856     0.1267    96.8820     3.7273     1.2162      7.770 1.0000e-12       8468         22 0.0000e+00
    195.701   20.20308 -106.08192    197.000    11.9034    11.9035    11.8779    34.7705    34.7788  1027.3122    26.4293 7.4734e-02      0.328  264.21466     0.1268    96.8799     3.7272     1.2148      7.768 1.0000e-12       8488         20 0.0000e+00
    196.694   20.20308 -106.08192    198.000    11.8979    11.8981    11.8723    34.7699    34.7781  1027.3172    26.4298 7.4385e-02      0.318  264.24566     0.1267    96.8838     3.7276     1.2140      7.767 1.0000e-12       8509         23 0.0000e+00
    197.687   20.20308 -106.08192    199.000    11.8939    11.8941    11.8682    34.7692    34.7775  1027.3219    26.4300 7.4810e-02      0.326  264.26888     0.1268    96.8808     3.7274     1.2131      7.767 1.0000e-12       8534         28 0.0000e+00
    198.680   20.20308 -106.08192    200.000    11.8906    11.8908    11.8647    34.7688    34.7771  1027.3267    26.4303 7.3749e-02      0.326  264.28795     0.1267    96.8835     3.7273     1.2128      7.766 1.0000e-12       8565         31 0.0000e+00
    199.673   20.20308 -106.08192    201.000    11.8846    11.8849    11.8586    34.7680    34.7763  1027.3317    26.4308 7.3259e-02      0.326  264.32248     0.1270    96.8759     3.7272     1.2122      7.766 1.0000e-12       8593         25 0.0000e+00
    200.666   20.20308 -106.08192    202.000    11.8733    11.8734    11.8471    34.7674    34.7758  1027.3379    26.4325 7.4262e-02      0.313  264.38598     0.1267    96.8831     3.7275     1.2118      7.766 1.0000e-12       8617         22 0.0000e+00
    201.659   20.20309 -106.08192    203.000    11.8654    11.8657    11.8392    34.7663    34.7746  1027.3431    26.4332 7.2269e-02      0.324  264.43104     0.1266    96.8846     3.7275     1.2112      7.766 1.0000e-12       8637         21 0.0000e+00
    202.651   20.20310 -106.08192    204.000    11.8358    11.8361    11.8095    34.7648    34.7732  1027.3521    26.4376 7.4939e-02      0.335  264.59679     0.1280    96.8494     3.7276     1.2097      7.766 1.0000e-12       8659         21 0.0000e+00
    203.644   20.20310 -106.08192    205.000    11.8167    11.8169    11.7903    34.7642    34.7725  1027.3598    26.4407 7.5365e-02      0.327  264.70313     0.1256    96.9087     3.7276     1.2079      7.766 1.0000e-12       8682         26 0.0000e+00
    204.637   20.20310 -106.08192    206.000    11.8098    11.8099    11.7833    34.7634    34.7717  1027.3650    26.4415 7.6184e-02      0.327  264.74271     0.1255    96.9104     3.7277     1.2067      7.766 1.0000e-12       8708         25 0.0000e+00
    205.630   20.20310 -106.08192    207.000    11.8023    11.8027    11.7756    34.7626    34.7709  1027.3703    26.4422 7.3656e-02      0.315  264.78563     0.1246    96.9322     3.7277     1.2062      7.766 1.0000e-12       8734         27 0.0000e+00
    206.623   20.20310 -106.08192    208.000    11.7965    11.7965    11.7697    34.7625    34.7708  1027.3758    26.4433 7.2809e-02      0.321  264.81795     0.0969    97.6074     3.7277     1.2054      7.765 1.0000e-12       8759         24 0.0000e+00
    207.616   20.20310 -106.08192    209.000    11.7934    11.7935    11.7665    34.7621    34.7703  1027.3806    26.4436 7.4959e-02      0.317  264.83559     0.0790    98.0445     3.7277     1.2049      7.765 1.0000e-12       8783         22 0.0000e+00
    208.609   20.20310 -106.08193    210.000    11.7728    11.7729    11.7458    34.7605    34.7688  1027.3877    26.4461 7.3392e-02      0.310  264.95205     0.0755    98.1301     3.7277     1.2038      7.765 1.0000e-12       8806         25 0.0000e+00
    209.602   20.20310 -106.08194    211.000    11.7553    11.7555    11.7282    34.7598    34.7681  1027.3951    26.4489 7.4692e-02      0.324  265.04992     0.0787    98.0523     3.7277     1.2028      7.763 1.0000e-12       8832         28 0.0000e+00
    210.595   20.20310 -106.08194    212.000    11.7480    11.7483    11.7208    34.7590    34.7672  1027.4004    26.4497 7.5765e-02      0.342  265.09179     0.0740    98.1663     3.7277     1.2019      7.762 1.0000e-12       8859         25 0.0000e+00
    211.587   20.20310 -106.08194    213.000    11.7367    11.7367    11.7094    34.7578    34.7661  1027.4060    26.4509 7.2509e-02      0.283  265.15652     0.0722    98.2115     3.7276     1.2011      7.762 1.0000e-12       8884         23 0.0000e+00
    212.580   20.20310 -106.08194    214.000    11.7254    11.7255    11.6980    34.7571    34.7655  1027.4122    26.4525 7.2623e-02      0.343  265.22029     0.0712    98.2342     3.7277     1.2003      7.762 1.0000e-12       8907         23 0.0000e+00
    213.573   20.20310 -106.08194    215.000    11.7209    11.7207    11.6934    34.7564    34.7647  1027.4169    26.4528 7.3275e-02      0.324  265.24625     0.1143    97.1856     3.7277     1.1997      7.762 1.0000e-12       8929         22 0.0000e+00
    214.566   20.20310 -106.08194    216.000    11.7028    11.7031    11.6751    34.7549    34.7632  1027.4238    26.4550 7.1448e-02      0.308  265.34967     0.1266    96.8857     3.7277     1.1984      7.762 1.0000e-12       8952         23 0.0000e+00
    215.559   20.20310 -106.08194    217.000    11.6758    11.6761    11.6481    34.7527    34.7610  1027.4317    26.4584 7.2819e-02      0.302  265.50302     0.1262    96.8958     3.7277     1.1972      7.762 1.0000e-12       8975         25 0.0000e+00
    216.552   20.20310 -106.08194    218.000    11.6606    11.6609    11.6328    34.7522    34.7604  1027.4386    26.4608 7.4719e-02      0.307  265.58816     0.1250    96.9229     3.7278     1.1956      7.762 1.0000e-12       8999         24 0.0000e+00
    217.545   20.20310 -106.08194    219.000    11.6494    11.6497    11.6214    34.7507    34.7591  1027.4441    26.4618 7.2786e-02      0.342  265.65325     0.1248    96.9280     3.7278     1.1946      7.760 1.0000e-12       9023         26 0.0000e+00
    218.537   20.20310 -106.08194    220.000    11.6380    11.6384    11.6099    34.7497    34.7580  1027.4500    26.4631 7.2237e-02      0.285  265.71828     0.1244    96.9366     3.7278     1.1936      7.759 1.0000e-12       9050         25 0.0000e+00
    219.530   20.20310 -106.08195    221.000    11.6165    11.6166    11.5883    34.7471    34.7554  1027.4566    26.4651 7.3116e-02      0.311  265.84284     0.1242    96.9414     3.7277     1.1927      7.757 1.0000e-12       9075         24 0.0000e+00
    220.523   20.20310 -106.08196    222.000    11.5919    11.5919    11.5636    34.7451    34.7532  1027.4642    26.4682 7.3260e-02      0.303  265.98340     0.1250    96.9237     3.7280     1.1912      7.757 1.0000e-12       9098         23 0.0000e+00
    221.516   20.20310 -106.08196    223.000    11.5770    11.5771    11.5486    34.7436    34.7519  1027.4704    26.4698 7.4422e-02      0.297  266.06914     0.1243    96.9396     3.7279     1.1895      7.757 1.0000e-12       9122         25 0.0000e+00
    222.509   20.20310 -106.08196    224.000    11.5627    11.5630    11.5343    34.7423    34.7506  1027.4765    26.4715 7.6455e-02      0.280  266.15069     0.1245    96.9354     3.7278     1.1887      7.757 1.0000e-12       9148         26 0.0000e+00
    223.501   20.20310 -106.08196    225.000    11.5389    11.5390    11.5104    34.7413    34.7496  1027.4848    26.4751 7.4134e-02      0.326  266.28510     0.1241    96.9450     3.7281     1.1869      7.758 1.0000e-12       9174         25 0.0000e+00
    224.494   20.20310 -106.08196    226.000    11.5306    11.5309    11.5019    34.7405    34.7487  1027.4902    26.4760 7.4216e-02      0.328  266.33295     0.1235    96.9579     3.7281     1.1864      7.757 1.0000e-12       9198         23 0.0000e+00
    225.487   20.20312 -106.08196    227.000    11.5110    11.5112    11.4822    34.7388    34.7471  1027.4971    26.4783 7.4601e-02      0.283  266.44550     0.1246    96.9336     3.7281     1.1846      7.755 1.0000e-12       9221         22 0.0000e+00
    226.480   20.20312 -106.08196    228.000    11.4853    11.4854    11.4564    34.7380    34.7462  1027.5058    26.4825 7.4031e-02      0.308  266.59056     0.1224    96.9862     3.7286     1.1831      7.754 1.0000e-12       9245         23 0.0000e+00
    227.472   20.20312 -106.08196    229.000    11.4790    11.4789    11.4500    34.7373    34.7455  1027.5110    26.4831 7.5583e-02      0.300  266.62721     0.1130    97.2142     3.7283     1.1816      7.754 1.0000e-12       9274         32 0.0000e+00
    228.465   20.20312 -106.08196    230.000    11.4753    11.4755    11.4462    34.7366    34.7450  1027.5156    26.4833 7.4060e-02      0.322  266.64864     0.0684    98.3035     3.7285     1.1810      7.753 1.0000e-12       9303         26 0.0000e+00
    229.458   20.20312 -106.08196    231.000    11.4511    11.4510    11.4219    34.7352    34.7435  1027.5236    26.4867 7.3779e-02      0.234  266.78691     0.0679    98.3163     3.7283     1.1805      7.753 1.0000e-12       9326         21 0.0000e+00
    230.451   20.20312 -106.08198    232.000    11.4386    11.4390    11.4093    34.7348    34.7430  1027.5301    26.4887 7.5120e-02      0.295  266.85776     0.0678    98.3176     3.7286     1.1789      7.753 1.0000e-12       9346         18 0.0000e+00
    231.444   20.20312 -106.08198    233.000    11.4200    11.4201    11.3906    34.7337    34.7418  1027.5373    26.4913 7.4591e-02      0.342  266.96380     0.0688    98.2942     3.7289     1.1781      7.753 1.0000e-12       9366         22 0.0000e+00
    232.436   20.20312 -106.08198    234.000    11.3966    11.3963    11.3671    34.7329    34.7411  1027.5456    26.4950 7.4529e-02      0.222  267.09621     0.0680    98.3129     3.7289     1.1759      7.753 1.0000e-12       9389         26 0.0000e+00
    233.429   20.20312 -106.08198    235.000    11.3843    11.3849    11.3548    34.7321    34.7403  1027.5517    26.4966 7.5088e-02      0.341  267.16644     0.0680    98.3122     3.7287     1.1749      7.753 1.0000e-12       9416         26 0.0000e+00
    234.422   20.20312 -106.08198    236.000    11.3633    11.3638    11.3336    34.7308    34.7390  1027.5592    26.4995 7.3784e-02      0.307  267.28677     0.0681    98.3120     3.7288     1.1739      7.753 1.0000e-12       9440         21 0.0000e+00
    235.415   20.20312 -106.08198    237.000    11.3446    11.3447    11.3148    34.7304    34.7386  1027.5669    26.5026 7.4879e-02      0.267  267.39290     0.0688    98.2945     3.7289     1.1724      7.752 1.0000e-12       9459         18 0.0000e+00
    236.407   20.20312 -106.08198    238.000    11.3384    11.3386    11.3085    34.7298    34.7381  1027.5721    26.5034 7.4263e-02      0.272  267.42870     0.0677    98.3214     3.7289     1.1714      7.751 1.0000e-12       9479         22 0.0000e+00
    237.400   20.20312 -106.08198    239.000    11.3341    11.3343    11.3041    34.7294    34.7377  1027.5770    26.5038 7.3661e-02      0.290  267.45328     0.0679    98.3161     3.7289     1.1709      7.750 1.0000e-12       9509         38 0.0000e+00
    238.393   20.20312 -106.08198    240.000    11.3281    11.3283    11.2980    34.7289    34.7371  1027.5822    26.5045 7.5301e-02      0.314  267.48811     0.0670    98.3398     3.7286     1.1707      7.750 1.0000e-12       9545         30 0.0000e+00
    239.385   20.20312 -106.08198    241.000    11.3237    11.3239    11.2934    34.7286    34.7369  1027.5873    26.5051 7.4869e-02      0.229  267.51335     0.0672    98.3352     3.7287     1.1702      7.750 1.0000e-12       9572         25 0.0000e+00
    240.378   20.20312 -106.08198    242.000    11.3204    11.3205    11.2900    34.7284    34.7366  1027.5923    26.5055 7.3447e-02      0.279  267.53247     0.0671    98.3368     3.7289     1.1694      7.750 1.0000e-12       9594         20 0.0000e+00
    241.371   20.20312 -106.08198    243.000    11.3195    11.3195    11.2890    34.7282    34.7365  1027.5968    26.5056 7.6698e-02      0.292  267.53757     0.0676    98.3234     3.7288     1.1691      7.749 1.0000e-12       9616         21 0.0000e+00
    242.364   20.20312 -106.08198    244.000    11.3154    11.3156    11.2848    34.7279    34.7362  1027.6018    26.5061 7.4491e-02      0.263  267.56138     0.0677    98.3219     3.7289     1.1687      7.749 1.0000e-12       9637         21 0.0000e+00
    243.356   20.20312 -106.08198    245.000    11.3059    11.3061    11.2752    34.7277    34.7360  1027.6079    26.5077 7.3431e-02      0.172  267.61498     0.0675    98.3250     3.7289     1.1682      7.749 1.0000e-12       9658         20 0.0000e+00
    244.349   20.20312 -106.08200    246.000    11.3010    11.3020    11.2701    34.7270    34.7354  1027.6128    26.5080 7.5294e-02      0.251  267.64425     0.0678    98.3184     3.7289     1.1673      7.749 1.0000e-12       9678         20 0.0000e+00
    245.342   20.20312 -106.08200    247.000    11.2884    11.2886    11.2574    34.7256    34.7338  1027.6185    26.5092 7.4430e-02      0.243  267.71789     0.0676    98.3227     3.7290     1.1670      7.749 1.0000e-12       9698         22 0.0000e+00
    246.334   20.20312 -106.08200    248.000    11.2790    11.2790    11.2479    34.7248    34.7331  1027.6242    26.5104 7.4089e-02      0.296  267.77227     0.0674    98.3301     3.7289     1.1662      7.749 1.0000e-12       9725         31 0.0000e+00
    247.327   20.20314 -106.08200    249.000    11.2668    11.2670    11.2357    34.7239    34.7323  1027.6302    26.5119 7.5772e-02      0.243  267.84217     0.0671    98.3378     3.7289     1.1653      7.749 1.0000e-12       9758         31 0.0000e+00
    248.320   20.20314 -106.08200    250.000    11.2410    11.2412    11.2098    34.7231    34.7314  1027.6389    26.5160 7.5758e-02      0.214  267.98917     0.0670    98.3382     3.7289     1.1639      7.749 1.0000e-12       9784         22 0.0000e+00
    249.312   20.20314 -106.08200    251.000    11.2219    11.2223    11.1906    34.7223    34.7305  1027.6464    26.5189 7.5702e-02      0.254  268.09845     0.0671    98.3369     3.7289     1.1629      7.749 1.0000e-12       9805         21 0.0000e+00
    250.305   20.20314 -106.08200    252.000    11.2065    11.2068    11.1751    34.7213    34.7296  1027.6530    26.5209 7.4027e-02      0.293  268.18733     0.0678    98.3176     3.7290     1.1616      7.748 1.0000e-12       9827         24 0.0000e+00
    251.298   20.20314 -106.08200    253.000    11.1909    11.1910    11.1594    34.7209    34.7291  1027.6601    26.5235 7.4177e-02      0.276  268.27595     0.0671    98.3363     3.7290     1.1600      7.748 1.0000e-12       9856         32 0.0000e+00
    252.291   20.20314 -106.08200    254.000    11.1840    11.1842    11.1524    34.7206    34.7288  1027.6656    26.5245 7.4786e-02      0.252  268.31558     0.0676    98.3238     3.7289     1.1592      7.747 1.0000e-12       9887         29 0.0000e+00
