data/ctd-cnv/SKQ1617/SKQ1617-St15-P1/skq201617s-027avg.cnv
* Sea-Bird SBE 9 Data File:
* FileName = D:\CTD\SKQ201617S\SKQ201617S-027.hex
* Software Version Seasave V 7.22.5
* Temperature SN = 5773
* Conductivity SN = 2251
* Number of Bytes Per Scan = 37
* Number of Voltage Words = 4
* Number of Scans Averaged by the Deck Unit = 1
* NMEA Latitude = 20 17.72 N
* NMEA Longitude = 106 12.76 W
* NMEA UTC (Time) = Jan 05 2017  08:52:15
* NMEA baud rate = 4800
** Ship: R/V Sikuliaq
** Station Number: 027
** Station Name: Station 15
** Depth: 2960
** Operator: NMT, AB
** UVP
# nquan = 23
# nvalues = 199                         
# units = specified
# name 0 = depSM: Depth [salt water, m]
# name 1 = latitude: Latitude [deg]
# name 2 = longitude: Longitude [deg]
# name 3 = prDM: Pressure, Digiquartz [db]
# name 4 = t090C: Temperature [ITS-90, deg C]
# name 5 = t190C: Temperature, 2 [ITS-90, deg C]
# name 6 = potemp090C: Potential Temperature [ITS-90, deg C]
# name 7 = sal00: Salinity, Practical [PSU]
# name 8 = sal11: Salinity, Practical, 2 [PSU]
# name 9 = density00: Density [density, kg/m^3]
# name 10 = sigma-t00: Density [sigma-t, kg/m^3 ]
# name 11 = flSP: Fluorescence, Seapoint
# name 12 = sbox0Mm/Kg: Oxygen, SBE 43 [umol/kg]
# name 13 = oxsolMm/Kg: Oxygen Saturation, Garcia & Gordon [umol/kg]
# name 14 = CStarAt0: Beam Attenuation, WET Labs C-Star [1/m]
# name 15 = CStarTr0: Beam Transmission, WET Labs C-Star [%]
# name 16 = v2: Voltage 2
# name 17 = v3: Voltage 3
# name 18 = ph: pH
# name 19 = par: PAR/Irradiance, Biospherical/Licor
# name 20 = scan: Scan Count
# name 21 = nbin: number of scans per bin
# name 22 = flag: flag
# span 0 =      3.975,    200.664       
# span 1 =   20.29526,   20.29528       
# span 2 = -106.21274, -106.21272       
# span 3 =      4.000,    202.000       
# span 4 =    12.1302,    26.1523       
# span 5 =    12.1299,    26.1518       
# span 6 =    12.1037,    26.1504       
# span 7 =    34.3896,    34.8207       
# span 8 =    34.5148,    34.8288       
# span 9 =  1022.5627,  1027.2953       
# span 10 =    22.5455,    26.3932      
# span 11 = 7.3145e-02, 8.6581e+00      
# span 12 =      0.142,    199.098      
# span 13 =  203.28611,  262.96275      
# span 14 =     0.0730,     0.6478      
# span 15 =    85.0471,    98.1902      
# span 16 =     1.4202,     3.7045      
# span 17 =     1.2256,     2.2620      
# span 18 =      6.895,      6.968      
# span 19 = -2.854e-09, 1.9359e-01      
# span 20 =        690,      17446      
# span 21 =         20,       1867      
# span 22 = 0.0000e+00, 0.0000e+00      
# interval = decibars: 1                
# start_time = Jan 05 2017 08:52:15 [NMEA time, header]
# bad_flag = -9.990e-29
*END*
[from data line 126]
    129.163   20.29528 -106.21272    130.000    13.1626    13.1626    13.1446    34.8204    34.8284  1026.8012    26.2210 1.1641e-01      0.516  257.37627     0.1321    96.7509     3.7014     1.3137      6.907 1.4737e-03      11662         23 0.0000e+00
    130.156   20.29528 -106.21272    131.000    13.1548    13.1543    13.1367    34.8201    34.8282  1026.8070    26.2223 1.1496e-01      0.592  257.41744     0.1329    96.7323     3.7014     1.3131      6.908 1.3673e-03      11686         26 0.0000e+00
    131.150   20.29528 -106.21272    132.000    13.1417    13.1417    13.1235    34.8200    34.8282  1026.8140    26.2249 1.1178e-01      0.468  257.48631     0.1349    96.6843     3.7011     1.3126      6.908 1.3346e-03      11715         30 0.0000e+00
    132.143   20.29528 -106.21274    133.000    13.1286    13.1284    13.1103    34.8198    34.8278  1026.8210    26.2274 1.1002e-01      0.526  257.55529     0.1330    96.7308     3.7010     1.3116      6.907 1.0120e-03      11744         27 0.0000e+00
    133.136   20.29528 -106.21274    134.000    13.1053    13.1047    13.0869    34.8188    34.8269  1026.8295    26.2313 1.0812e-01      0.517  257.67895     0.1329    96.7328     3.7012     1.3104      6.908 1.2542e-03      11770         25 0.0000e+00
    134.129   20.29528 -106.21272    135.000    13.0896    13.0890    13.0710    34.8192    34.8273  1026.8375    26.2348 1.0424e-01      0.419  257.76069     0.1329    96.7322     3.7018     1.3087      6.908 1.2220e-03      11793         22 0.0000e+00
    135.122   20.29528 -106.21272    136.000    13.0449    13.0444    13.0263    34.8192    34.8272  1026.8510    26.2438 1.0061e-01      0.407  257.99499     0.1321    96.7510     3.7017     1.3069      6.909 1.0976e-03      11815         22 0.0000e+00
    136.116   20.29528 -106.21272    137.000    13.0210    13.0206    13.0023    34.8183    34.8263  1026.8596    26.2479 9.4972e-02      0.469  258.12211     0.1323    96.7465     3.7018     1.3044      6.909 9.5910e-04      11838         24 0.0000e+00
    137.109   20.29528 -106.21272    138.000    13.0046    13.0042    12.9857    34.8176    34.8256  1026.8668    26.2506 9.8521e-02      0.461  258.20976     0.1321    96.7514     3.7020     1.3028      6.908 8.6640e-04      11862         25 0.0000e+00
    138.102   20.29528 -106.21272    139.000    12.9919    12.9918    12.9728    34.8171    34.8251  1026.8735    26.2528 9.5077e-02      0.566  258.27779     0.1336    96.7161     3.7019     1.3017      6.908 8.3046e-04      11891         28 0.0000e+00
    139.095   20.29528 -106.21272    140.000    12.9854    12.9853    12.9662    34.8164    34.8244  1026.8787    26.2535 9.3699e-02      0.501  258.31321     0.1320    96.7531     3.7020     1.3007      6.908 9.5044e-04      11919         29 0.0000e+00
    140.088   20.29528 -106.21272    141.000    12.9761    12.9761    12.9568    34.8160    34.8240  1026.8848    26.2552 9.2415e-02      0.494  258.36253     0.1317    96.7607     3.7021     1.2999      6.908 2.1901e-04      11944         22 0.0000e+00
    141.082   20.29528 -106.21272    142.000    12.9656    12.9656    12.9462    34.8160    34.8240  1026.8913    26.2572 9.1751e-02      0.503  258.41822     0.1316    96.7640     3.7021     1.2987      6.908 6.1543e-04      11966         21 0.0000e+00
    142.075   20.29528 -106.21272    143.000    12.9571    12.9571    12.9375    34.8158    34.8237  1026.8974    26.2588 9.2290e-02      0.446  258.46317     0.1319    96.7573     3.7022     1.2973      6.908 4.4084e-04      11986         20 0.0000e+00
    143.068   20.29528 -106.21272    144.000    12.9513    12.9512    12.9316    34.8156    34.8238  1026.9029    26.2598 9.3458e-02      0.445  258.49418     0.1315    96.7662     3.7021     1.2961      6.908 4.8304e-04      12006         21 0.0000e+00
    144.061   20.29528 -106.21272    145.000    12.9458    12.9458    12.9260    34.8154    34.8234  1026.9083    26.2607 9.1882e-02      0.452  258.52331     0.1322    96.7486     3.7021     1.2959      6.908 2.9818e-04      12030         27 0.0000e+00
    145.054   20.29528 -106.21272    146.000    12.9380    12.9380    12.9181    34.8150    34.8230  1026.9140    26.2619 8.9377e-02      0.448  258.56522     0.1333    96.7218     3.7021     1.2953      6.907 2.7352e-04      12059         30 0.0000e+00
    146.048   20.29528 -106.21272    147.000    12.9234    12.9233    12.9034    34.8141    34.8221  1026.9207    26.2642 8.8186e-02      0.448  258.64384     0.1323    96.7472     3.7021     1.2947      6.908 8.9263e-05      12088         27 0.0000e+00
    147.041   20.29528 -106.21272    148.000    12.9000    12.8998    12.8798    34.8138    34.8217  1026.9297    26.2686 8.6052e-02      0.435  258.76806     0.1324    96.7441     3.7022     1.2933      6.907 8.8881e-05      12113         22 0.0000e+00
    148.034   20.29528 -106.21272    149.000    12.8806    12.8802    12.8603    34.8137    34.8219  1026.9380    26.2725 8.5006e-02      0.450  258.87046     0.1324    96.7442     3.7021     1.2920      6.907 1.5139e-04      12137         23 0.0000e+00
    149.027   20.29528 -106.21272    150.000    12.8411    12.8401    12.8207    34.8126    34.8208  1026.9496    26.2795 8.4908e-02      0.450  259.08167     0.1321    96.7529     3.7023     1.2904      6.907 8.5489e-05      12162         22 0.0000e+00
    150.020   20.29528 -106.21272    151.000    12.8085    12.8087    12.7880    34.8131    34.8211  1026.9610    26.2863 8.1767e-02      0.473  259.25351     0.1325    96.7423     3.7023     1.2881      6.906 1.4083e-04      12187         27 0.0000e+00
    151.013   20.29528 -106.21272    152.000    12.7947    12.7949    12.7741    34.8124    34.8206  1026.9677    26.2886 8.3412e-02      0.446  259.32758     0.1329    96.7312     3.7024     1.2862      6.906 8.8601e-05      12214         26 0.0000e+00
    152.006   20.29528 -106.21272    153.000    12.7839    12.7841    12.7632    34.8123    34.8203  1026.9743    26.2906 8.1725e-02      0.461  259.38515     0.1341    96.7043     3.7022     1.2846      6.906 8.8881e-05      12239         26 0.0000e+00
    153.000   20.29528 -106.21272    154.000    12.7721    12.7721    12.7512    34.8119    34.8198  1026.9808    26.2926 8.3339e-02      0.492  259.44862     0.1335    96.7179     3.7025     1.2835      6.906 8.8881e-05      12263         20 0.0000e+00
    153.993   20.29528 -106.21272    155.000    12.7500    12.7497    12.7290    34.8104    34.8184  1026.9886    26.2959 8.5504e-02      0.444  259.56863     0.1341    96.7024     3.7029     1.2817      6.906 8.0104e-05      12283         20 0.0000e+00
    154.986   20.29528 -106.21272    156.000    12.7332    12.7330    12.7122    34.8105    34.8185  1026.9965    26.2993 8.1093e-02      0.430  259.65746     0.1338    96.7094     3.7032     1.2802      6.906 8.8545e-05      12304         22 0.0000e+00
    155.979   20.29528 -106.21272    157.000    12.7217    12.7216    12.7005    34.8107    34.8188  1027.0034    26.3017 7.9751e-02      0.444  259.71832     0.1344    96.6966     3.7029     1.2792      6.906 8.8881e-05      12327         25 0.0000e+00
    156.972   20.29528 -106.21272    158.000    12.7105    12.7103    12.6892    34.8102    34.8182  1027.0097    26.3035 8.0337e-02      0.457  259.77874     0.1346    96.6901     3.7029     1.2787      6.906 8.2402e-05      12355         28 0.0000e+00
    157.965   20.29528 -106.21273    159.000    12.6826    12.6823    12.6612    34.8094    34.8173  1027.0191    26.3084 8.2088e-02      0.452  259.92903     0.1353    96.6738     3.7026     1.2772      6.906 7.9241e-05      12384         28 0.0000e+00
    158.958   20.29528 -106.21274    160.000    12.6516    12.6515    12.6300    34.8090    34.8169  1027.0295    26.3143 7.7429e-02      0.453  260.09504     0.1351    96.6790     3.7027     1.2756      6.906 7.8616e-05      12410         26 0.0000e+00
    159.952   20.29528 -106.21274    161.000    12.6376    12.6375    12.6159    34.8091    34.8169  1027.0368    26.3170 7.6595e-02      0.453  260.16951     0.1338    96.7116     3.7033     1.2736      6.906 7.7274e-05      12434         23 0.0000e+00
    160.944   20.29528 -106.21273    162.000    12.6201    12.6199    12.5983    34.8080    34.8158  1027.0440    26.3197 7.8437e-02      0.453  260.26499     0.1341    96.7018     3.7032     1.2725      6.905 8.5127e-05      12457         24 0.0000e+00
    161.938   20.29528 -106.21272    163.000    12.6004    12.6004    12.5785    34.8078    34.8156  1027.0521    26.3234 7.8917e-02      0.454  260.37027     0.1362    96.6519     3.7033     1.2704      6.905 8.8847e-05      12480         22 0.0000e+00
    162.931   20.29528 -106.21272    164.000    12.5933    12.5933    12.5713    34.8071    34.8149  1027.0575    26.3242 7.8671e-02      0.454  260.40961     0.1363    96.6498     3.7033     1.2694      6.905 5.3550e-05      12503         23 0.0000e+00
    163.924   20.29528 -106.21272    165.000    12.5658    12.5645    12.5437    34.8052    34.8132  1027.0660    26.3282 7.7867e-02      0.454  260.56001     0.1362    96.6533     3.7033     1.2678      6.905 6.5863e-05      12526         23 0.0000e+00
    164.917   20.29528 -106.21272    166.000    12.5169    12.5161    12.4947    34.8043    34.8122  1027.0795    26.3371 7.9135e-02      0.455  260.82361     0.1367    96.6415     3.7033     1.2664      6.905 7.7191e-05      12549         22 0.0000e+00
    165.910   20.29528 -106.21273    167.000    12.4886    12.4887    12.4663    34.8042    34.8120  1027.0895    26.3425 7.7648e-02      0.455  260.97551     0.1360    96.6566     3.7033     1.2635      6.905 7.5229e-05      12574         26 0.0000e+00
    166.903   20.29528 -106.21274    168.000    12.4761    12.4763    12.4537    34.8035    34.8114  1027.0960    26.3445 7.8018e-02      0.447  261.04400     0.1370    96.6344     3.7033     1.2618      6.905 2.1662e-05      12602         27 0.0000e+00
    167.896   20.29528 -106.21274    169.000    12.4731    12.4732    12.4506    34.8032    34.8111  1027.1007    26.3448 7.7838e-02      0.453  261.06060     0.1368    96.6389     3.7033     1.2606      6.905 5.4154e-05      12631         28 0.0000e+00
    168.889   20.29528 -106.21274    170.000    12.4690    12.4691    12.4463    34.8024    34.8104  1027.1055    26.3450 7.6473e-02      0.428  261.08398     0.1374    96.6234     3.7033     1.2600      6.904 5.5542e-05      12656         24 0.0000e+00
    169.882   20.29528 -106.21274    171.000    12.4641    12.4640    12.4413    34.8016    34.8097  1027.1103    26.3454 7.7473e-02      0.422  261.11193     0.1360    96.6578     3.7034     1.2591      6.905 2.2190e-05      12679         20 0.0000e+00
    170.875   20.29528 -106.21272    172.000    12.4549    12.4549    12.4320    34.8013    34.8092  1027.1163    26.3469 7.8448e-02      0.457  261.16170     0.1364    96.6464     3.7035     1.2579      6.904 2.4297e-05      12700         22 0.0000e+00
    171.868   20.29528 -106.21272    173.000    12.4477    12.4476    12.4246    34.8007    34.8087  1027.1217    26.3478 7.7919e-02      0.454  261.20188     0.1375    96.6202     3.7036     1.2575      6.904 2.3935e-05      12723         26 0.0000e+00
    172.861   20.29528 -106.21272    174.000    12.4439    12.4440    12.4207    34.8005    34.8084  1027.1268    26.3484 7.5872e-02      0.438  261.22250     0.1373    96.6255     3.7035     1.2571      6.904 1.4889e-05      12748         24 0.0000e+00
    173.855   20.29528 -106.21272    175.000    12.4433    12.4433    12.4199    34.8002    34.8081  1027.1311    26.3483 7.8611e-02      0.426  261.22654     0.1370    96.6325     3.7034     1.2563      6.902 1.4814e-05      12774         24 0.0000e+00
    174.847   20.29528 -106.21274    176.000    12.4350    12.4351    12.4116    34.7998    34.8077  1027.1369    26.3496 7.7914e-02      0.400  261.27142     0.1374    96.6228     3.7036     1.2558      6.903 6.9125e-06      12798         26 0.0000e+00
    175.840   20.29528 -106.21274    177.000    12.4272    12.4272    12.4036    34.7996    34.8075  1027.1428    26.3509 7.7658e-02      0.393  261.31415     0.1385    96.5971     3.7034     1.2553      6.902 3.5809e-06      12824         25 0.0000e+00
    176.833   20.29528 -106.21274    178.000    12.4201    12.4202    12.3964    34.7989    34.8068  1027.1481    26.3518 7.8906e-02      0.400  261.35324     0.1410    96.5352     3.7034     1.2551      6.902 3.1680e-06      12851         28 0.0000e+00
    177.827   20.29528 -106.21274    179.000    12.4146    12.4148    12.3908    34.7985    34.8065  1027.1533    26.3526 7.8515e-02      0.404  261.38360     0.1394    96.5761     3.7034     1.2539      6.902 -2.854e-09      12876         23 0.0000e+00
    178.820   20.29528 -106.21274    180.000    12.4117    12.4118    12.3878    34.7981    34.8061  1027.1581    26.3528 7.8201e-02      0.416  261.40000     0.1377    96.6178     3.7040     1.2533      6.902 1.0000e-12      12898         20 0.0000e+00
    179.812   20.29528 -106.21274    181.000    12.4091    12.4093    12.3851    34.7979    34.8059  1027.1629    26.3532 7.7792e-02      0.356  261.41405     0.1368    96.6372     3.7042     1.2527      6.902 4.2690e-06      12918         21 0.0000e+00
    180.805   20.29528 -106.21274    182.000    12.4082    12.4084    12.3840    34.7980    34.8059  1027.1676    26.3534 7.4532e-02      0.396  261.41889     0.1375    96.6203     3.7040     1.2520      6.901 6.5242e-08      12940         24 0.0000e+00
    181.798   20.29528 -106.21274    183.000    12.4026    12.4026    12.3783    34.7972    34.8051  1027.1726    26.3539 7.7085e-02      0.380  261.45043     0.1388    96.5903     3.7038     1.2523      6.901 1.0000e-12      12966         26 0.0000e+00
    182.791   20.29528 -106.21274    184.000    12.3935    12.3930    12.3691    34.7966    34.8046  1027.1784    26.3553 7.7978e-02      0.340  261.50045     0.1373    96.6252     3.7035     1.2517      6.901 1.0000e-12      12993         28 0.0000e+00
    183.784   20.29528 -106.21274    185.000    12.3699    12.3702    12.3454    34.7949    34.8027  1027.1862    26.3585 7.7067e-02      0.400  261.63085     0.1386    96.5936     3.7036     1.2511      6.901 1.0000e-12      13019         26 0.0000e+00
    184.778   20.29528 -106.21274    186.000    12.3395    12.3397    12.3148    34.7940    34.8019  1027.1960    26.3637 7.5521e-02      0.391  261.79695     0.1378    96.6133     3.7035     1.2499      6.901 1.0000e-12      13047         27 0.0000e+00
    185.771   20.29528 -106.21274    187.000    12.3336    12.3326    12.3088    34.7931    34.8010  1027.2009    26.3641 7.7944e-02      0.405  261.83021     0.1341    96.7037     3.7039     1.2484      6.901 1.0000e-12      13074         25 0.0000e+00
    186.763   20.29528 -106.21274    188.000    12.3132    12.3130    12.2883    34.7921    34.8000  1027.2087    26.3673 7.5316e-02      0.339  261.94210     0.1339    96.7090     3.7042     1.2472      6.901 1.0000e-12      13098         23 0.0000e+00
    187.756   20.29528 -106.21274    189.000    12.3045    12.3045    12.2795    34.7921    34.8001  1027.2148    26.3690 7.6581e-02      0.331  261.98937     0.1321    96.7518     3.7044     1.2457      6.901 1.0000e-12      13121         21 0.0000e+00
    188.749   20.29528 -106.21274    190.000    12.3015    12.3017    12.2764    34.7918    34.7997  1027.2197    26.3694 7.5963e-02      0.398  262.00573     0.1312    96.7727     3.7045     1.2448      6.901 1.0000e-12      13143         23 0.0000e+00
    189.742   20.29528 -106.21274    191.000    12.2988    12.2990    12.2735    34.7916    34.7996  1027.2245    26.3697 7.5260e-02      0.335  262.02106     0.1320    96.7536     3.7044     1.2443      6.901 1.0000e-12      13165         22 0.0000e+00
