data/ctd-cnv/SKQ1617/SKQ1617-St15-P1/skq201617s-024avg.cnv
* Sea-Bird SBE 9 Data File:
* FileName = D:\CTD\SKQ201617S\SKQ201617S-024.hex
* Software Version Seasave V 7.22.5
* Temperature SN = 5773
* Conductivity SN = 2251
* Number of Bytes Per Scan = 37
* Number of Voltage Words = 4
* Number of Scans Averaged by the Deck Unit = 1
* NMEA Latitude = 20 13.54 N
* NMEA Longitude = 106 11.79 W
* NMEA UTC (Time) = Jan 04 2017  00:44:40
* NMEA baud rate = 4800
** Ship: R/V Sikuliaq
** Station Number: 024
** Station Name: Station 15
** Depth: 2618 m
** Operator: RML
# nquan = 23
# nvalues = 753                         
# units = specified
# name 0 = depSMignore: Depth [salt water, m]
# name 1 = latitude: Latitude [deg]
# name 2 = longitude: Longitude [deg]
# name 3 = prDM: Pressure, Digiquartz [db]
# name 4 = t090C: Temperature [ITS-90, deg C]
# name 5 = t190C: Temperature, 2 [ITS-90, deg C]
# name 6 = potemp090C: Potential Temperature [ITS-90, deg C]
# name 7 = sal00: Salinity, Practical [PSU]
# name 8 = sal11: Salinity, Practical, 2 [PSU]
# name 9 = density00: Density [density, kg/m^3]
# name 10 = sigma-t00: Density [sigma-t, kg/m^3 ]
# name 11 = flSP: Fluorescence, Seapoint
# name 12 = sbox0Mm/Kg: Oxygen, SBE 43 [umol/kg]
# name 13 = oxsolMm/Kg: Oxygen Saturation, Garcia & Gordon [umol/kg]
# name 14 = CStarAt0: Beam Attenuation, WET Labs C-Star [1/m]
# name 15 = CStarTr0: Beam Transmission, WET Labs C-Star [%]
# name 16 = v2: Voltage 2
# name 17 = v3: Voltage 3
# name 18 = ph: pH
# name 19 = par: PAR/Irradiance, Biospherical/Licor
# name 20 = scan: Scan Count
# name 21 = nbin: number of scans per bin
# name 22 = flag: flag
# span 0 =      3.975,    750.005       
# span 1 =   20.22570,   20.22570       
# span 2 = -106.19654, -106.19652       
# span 3 =      4.000,    756.000       
# span 4 =     6.1986,    25.8393       
# span 5 =     6.1989,    25.8395       
# span 6 =     6.1302,    25.8363       
# span 7 =    34.5224,    34.8163       
# span 8 =    34.5289,    34.8243       
# span 9 =  1022.8589,  1030.6087       
# span 10 =    22.8411,    27.1536      
# span 11 = 6.8860e-02, 7.1041e+00      
# span 12 =     -0.059,    201.158      
# span 13 =  204.32900,  299.93998      
# span 14 =     0.0581,     0.6062      
# span 15 =    85.9390,    98.5585      
# span 16 =     1.4249,     3.7278      
# span 17 =     0.7926,     2.2410      
# span 18 =      5.977,      6.938      
# span 19 = -1.120e-08, 3.9485e+00      
# span 20 =        456,      23534      
# span 21 =         17,        939      
# span 22 = 0.0000e+00, 0.0000e+00      
# interval = decibars: 1                
# start_time = Jan 04 2017 00:44:40 [NMEA time, header]
# bad_flag = -9.990e-29
*END*
[from data line 504]
    504.271   20.22570 -106.19652    508.000     7.9998     7.9999     7.9477    34.5629    34.5704  1029.2389    26.9306 7.1753e-02      0.179  287.83242     0.0617    98.4699     3.7241     0.9258      6.464 1.0000e-12      16197         21 0.0000e+00
    505.263   20.22570 -106.19652    509.000     7.9908     7.9909     7.9386    34.5622    34.5698  1029.2443    26.9314 7.3795e-02      0.134  287.89156     0.0621    98.4583     3.7241     0.9247      6.464 1.0000e-12      16218         20 0.0000e+00
    506.254   20.22570 -106.19652    510.000     7.9798     7.9798     7.9276    34.5617    34.5692  1029.2502    26.9326 7.2812e-02      0.196  287.96364     0.0615    98.4755     3.7241     0.9242      6.461 1.0000e-12      16242         26 0.0000e+00
    507.246   20.22570 -106.19652    511.000     7.9523     7.9519     7.9001    34.5600    34.5675  1029.2578    26.9354 7.4371e-02      0.175  288.14434     0.0614    98.4778     3.7241     0.9230      6.460 1.0000e-12      16269         27 0.0000e+00
    508.237   20.22570 -106.19652    512.000     7.9285     7.9287     7.8762    34.5601    34.5677  1029.2662    26.9390 7.3760e-02      0.134  288.29785     0.0617    98.4707     3.7241     0.9214      6.460 1.0000e-12      16295         20 0.0000e+00
    509.229   20.22570 -106.19652    513.000     7.9074     7.9075     7.8552    34.5593    34.5668  1029.2734    26.9415 7.0544e-02      0.216  288.43516     0.0635    98.4253     3.7242     0.9199      6.460 1.0000e-12      16316         22 0.0000e+00
    510.220   20.22570 -106.19652    514.000     7.8893     7.8890     7.8369    34.5580    34.5655  1029.2798    26.9432 7.1686e-02      0.225  288.55531     0.0615    98.4735     3.7242     0.9187      6.460 1.0000e-12      16337         21 0.0000e+00
    511.211   20.22570 -106.19652    515.000     7.8597     7.8593     7.8074    34.5564    34.5640  1029.2878    26.9463 7.3507e-02      0.177  288.74989     0.0617    98.4700     3.7242     0.9169      6.460 1.0000e-12      16361         27 0.0000e+00
    512.203   20.22570 -106.19652    516.000     7.8398     7.8400     7.7875    34.5556    34.5631  1029.2948    26.9486 7.2501e-02      0.180  288.88002     0.0617    98.4709     3.7241     0.9155      6.459 1.0000e-12      16389         29 0.0000e+00
    513.194   20.22570 -106.19652    517.000     7.8332     7.8333     7.7808    34.5547    34.5622  1029.2997    26.9489 7.2114e-02      0.209  288.92518     0.0608    98.4903     3.7242     0.9139      6.459 1.0000e-12      16419         29 0.0000e+00
    514.186   20.22570 -106.19652    518.000     7.8086     7.8084     7.7562    34.5538    34.5613  1029.3073    26.9517 7.1991e-02      0.153  289.08612     0.0606    98.4951     3.7242     0.9130      6.457 1.0000e-12      16446         26 0.0000e+00
    515.177   20.22570 -106.19652    519.000     7.8019     7.8021     7.7494    34.5539    34.5614  1029.3131    26.9529 7.3599e-02      0.201  289.12947     0.0612    98.4830     3.7245     0.9117      6.456 1.0000e-12      16470         22 0.0000e+00
    516.168   20.22570 -106.19652    520.000     7.8010     7.8013     7.7484    34.5535    34.5610  1029.3174    26.9527 7.2356e-02      0.159  289.13644     0.0617    98.4697     3.7245     0.9111      6.455 1.0000e-12      16492         21 0.0000e+00
    517.160   20.22570 -106.19652    521.000     7.8000     7.8003     7.7473    34.5533    34.5607  1029.3219    26.9526 7.2766e-02      0.201  289.14326     0.0611    98.4844     3.7244     0.9108      6.455 1.0000e-12      16514         22 0.0000e+00
    518.151   20.22570 -106.19652    522.000     7.7998     7.8001     7.7470    34.5529    34.5604  1029.3262    26.9524 7.4378e-02      0.232  289.14509     0.0613    98.4791     3.7244     0.9104      6.455 1.0000e-12      16538         26 0.0000e+00
    519.143   20.22570 -106.19652    523.000     7.7989     7.7993     7.7460    34.5526    34.5602  1029.3306    26.9523 7.3263e-02      0.166  289.15140     0.0612    98.4810     3.7244     0.9101      6.455 1.0000e-12      16564         26 0.0000e+00
    520.134   20.22570 -106.19652    524.000     7.7968     7.7967     7.7438    34.5525    34.5601  1029.3354    26.9525 7.4198e-02      0.132  289.16550     0.0611    98.4847     3.7243     0.9098      6.453 1.0000e-12      16589         23 0.0000e+00
    521.125   20.22570 -106.19652    525.000     7.7953     7.7954     7.7422    34.5524    34.5600  1029.3401    26.9527 7.1901e-02      0.120  289.17535     0.0617    98.4699     3.7242     0.9094      6.451 1.0000e-12      16610         19 0.0000e+00
    522.117   20.22570 -106.19652    526.000     7.7931     7.7935     7.7399    34.5521    34.5597  1029.3447    26.9528 7.2934e-02      0.143  289.19056     0.0615    98.4738     3.7243     0.9091      6.451 1.0000e-12      16630         21 0.0000e+00
    523.108   20.22570 -106.19652    527.000     7.7720     7.7711     7.7188    34.5509    34.5587  1029.3516    26.9549 7.3790e-02      0.209  289.32968     0.0606    98.4953     3.7246     0.9086      6.448 1.0000e-12      16654         26 0.0000e+00
    524.099   20.22570 -106.19652    528.000     7.7525     7.7524     7.6992    34.5511    34.5588  1029.3594    26.9579 7.3135e-02      0.207  289.45629     0.0610    98.4876     3.7242     0.9080      6.446 1.0000e-12      16683         31 0.0000e+00
    525.091   20.22570 -106.19652    529.000     7.7402     7.7404     7.6869    34.5509    34.5585  1029.3657    26.9596 7.2539e-02      0.160  289.53658     0.0612    98.4809     3.7242     0.9066      6.446 1.0000e-12      16712         26 0.0000e+00
    526.082   20.22570 -106.19652    530.000     7.7365     7.7367     7.6831    34.5507    34.5581  1029.3706    26.9599 7.3601e-02      0.165  289.56078     0.0614    98.4771     3.7245     0.9062      6.445 1.0000e-12      16736         22 0.0000e+00
    527.073   20.22570 -106.19652    531.000     7.7283     7.7287     7.6749    34.5506    34.5581  1029.3763    26.9610 7.2951e-02      0.112  289.61449     0.0609    98.4902     3.7248     0.9057      6.441 1.0000e-12      16758         23 0.0000e+00
    528.065   20.22570 -106.19652    532.000     7.7207     7.7204     7.6672    34.5500    34.5576  1029.3816    26.9617 7.3110e-02      0.211  289.66510     0.0607    98.4939     3.7247     0.9049      6.440 1.0000e-12      16782         25 0.0000e+00
    529.056   20.22570 -106.19652    533.000     7.7156     7.7158     7.6620    34.5501    34.5577  1029.3870    26.9625 7.2551e-02      0.162  289.69830     0.0614    98.4769     3.7248     0.9043      6.436 1.0000e-12      16808         26 0.0000e+00
    530.047   20.22570 -106.19652    534.000     7.7149     7.7152     7.6612    34.5499    34.5575  1029.3915    26.9624 7.1978e-02      0.143  289.70337     0.0610    98.4872     3.7246     0.9036      6.436 1.0000e-12      16832         23 0.0000e+00
    531.039   20.22570 -106.19652    535.000     7.7144     7.7147     7.6606    34.5498    34.5572  1029.3961    26.9625 7.2573e-02      0.152  289.70665     0.0612    98.4811     3.7248     0.9033      6.431 1.0000e-12      16854         21 0.0000e+00
    532.030   20.22570 -106.19652    536.000     7.7126     7.7123     7.6587    34.5496    34.5572  1029.4007    26.9626 7.3262e-02      0.146  289.71877     0.0611    98.4842     3.7246     0.9030      6.431 1.0000e-12      16876         22 0.0000e+00
    533.021   20.22570 -106.19652    537.000     7.7010     7.7005     7.6470    34.5490    34.5566  1029.4065    26.9638 7.4317e-02      0.106  289.79598     0.0606    98.4960     3.7249     0.9027      6.429 1.0000e-12      16898         24 0.0000e+00
    534.013   20.22570 -106.19652    538.000     7.6808     7.6805     7.6268    34.5487    34.5562  1029.4140    26.9665 7.2529e-02      0.240  289.92811     0.0608    98.4919     3.7248     0.9019      6.426 1.0000e-12      16923         25 0.0000e+00
    535.004   20.22570 -106.19652    539.000     7.6601     7.6597     7.6061    34.5483    34.5560  1029.4215    26.9692 7.4070e-02      0.157  290.06377     0.0611    98.4847     3.7249     0.9008      6.426 1.0000e-12      16947         23 0.0000e+00
    535.995   20.22570 -106.19652    540.000     7.6337     7.6340     7.5797    34.5488    34.5563  1029.4305    26.9734 7.2958e-02      0.204  290.23464     0.0609    98.4899     3.7252     0.8993      6.425 1.0000e-12      16971         25 0.0000e+00
    536.987   20.22570 -106.19652    541.000     7.6168     7.6170     7.5628    34.5490    34.5564  1029.4378    26.9760 7.3663e-02      0.149  290.34500     0.0612    98.4816     3.7249     0.8979      6.424 1.0000e-12      16997         27 0.0000e+00
    537.978   20.22570 -106.19652    542.000     7.5984     7.5987     7.5443    34.5483    34.5557  1029.4448    26.9782 7.2432e-02      0.157  290.46655     0.0608    98.4914     3.7253     0.8965      6.425 1.0000e-12      17024         27 0.0000e+00
    538.969   20.22570 -106.19652    543.000     7.5790     7.5794     7.5249    34.5485    34.5561  1029.4524    26.9811 7.3119e-02      0.159  290.59354     0.0608    98.4909     3.7252     0.8949      6.425 1.0000e-12      17050         25 0.0000e+00
    539.961   20.22570 -106.19652    544.000     7.5778     7.5780     7.5236    34.5483    34.5558  1029.4570    26.9812 7.3568e-02      0.154  290.60164     0.0611    98.4841     3.7252     0.8943      6.426 1.0000e-12      17075         24 0.0000e+00
    540.952   20.22570 -106.19652    545.000     7.5769     7.5771     7.5226    34.5479    34.5554  1029.4613    26.9810 7.2964e-02      0.151  290.60805     0.0613    98.4789     3.7253     0.8937      6.425 1.0000e-12      17100         26 0.0000e+00
    541.943   20.22570 -106.19652    546.000     7.5737     7.5740     7.5193    34.5477    34.5554  1029.4662    26.9813 7.1557e-02      0.213  290.62939     0.0617    98.4709     3.7253     0.8936      6.421 1.0000e-12      17126         26 0.0000e+00
    542.934   20.22570 -106.19652    547.000     7.5692     7.5695     7.5147    34.5474    34.5548  1029.4711    26.9817 7.3437e-02      0.186  290.65978     0.0606    98.4962     3.7252     0.8929      6.421 1.0000e-12      17150         22 0.0000e+00
    543.926   20.22570 -106.19652    548.000     7.5576     7.5578     7.5030    34.5471    34.5547  1029.4773    26.9831 7.5165e-02      0.144  290.73655     0.0606    98.4961     3.7252     0.8922      6.419 1.0000e-12      17172         23 0.0000e+00
    544.917   20.22570 -106.19652    549.000     7.5378     7.5377     7.4833    34.5465    34.5541  1029.4845    26.9855 7.2674e-02      0.109  290.86713     0.0606    98.4961     3.7252     0.8912      6.417 1.0000e-12      17194         22 0.0000e+00
    545.908   20.22570 -106.19652    550.000     7.5203     7.5204     7.4657    34.5464    34.5540  1029.4917    26.9880 7.4294e-02      0.131  290.98242     0.0604    98.5023     3.7253     0.8902      6.417 1.0000e-12      17216         21 0.0000e+00
    546.899   20.22570 -106.19652    551.000     7.5107     7.5109     7.4561    34.5463    34.5537  1029.4975    26.9893 7.2435e-02      0.207  291.04554     0.0604    98.5018     3.7253     0.8893      6.413 1.0000e-12      17238         23 0.0000e+00
    547.891   20.22570 -106.19652    552.000     7.4960     7.4962     7.4413    34.5462    34.5536  1029.5043    26.9913 7.5069e-02      0.163  291.14261     0.0605    98.4983     3.7253     0.8886      6.411 1.0000e-12      17262         25 0.0000e+00
    548.882   20.22570 -106.19652    553.000     7.4778     7.4780     7.4230    34.5462    34.5535  1029.5116    26.9939 7.5093e-02      0.172  291.26237     0.0608    98.4922     3.7253     0.8875      6.407 1.0000e-12      17288         26 0.0000e+00
    549.873   20.22570 -106.19652    554.000     7.4643     7.4644     7.4095    34.5465    34.5540  1029.5185    26.9961 7.8405e-02      0.182  291.35038     0.0607    98.4941     3.7253     0.8863      6.407 1.0000e-12      17315         26 0.0000e+00
    550.864   20.22570 -106.19652    555.000     7.4638     7.4642     7.4090    34.5463    34.5538  1029.5230    26.9960 7.6887e-02      0.100  291.35357     0.0605    98.4982     3.7253     0.8855      6.407 1.0000e-12      17341         26 0.0000e+00
    551.855   20.22570 -106.19652    556.000     7.4587     7.4589     7.4037    34.5458    34.5532  1029.5279    26.9964 7.3980e-02      0.182  291.38882     0.0606    98.4961     3.7253     0.8853      6.405 1.0000e-12      17366         24 0.0000e+00
    552.847   20.22570 -106.19652    557.000     7.4344     7.4362     7.3795    34.5450    34.5524  1029.5356    26.9992 7.6757e-02      0.180  291.54988     0.0606    98.4961     3.7253     0.8842      6.402 1.0000e-12      17390         25 0.0000e+00
    553.838   20.22570 -106.19652    558.000     7.4086     7.4099     7.3537    34.5451    34.5524  1029.5441    27.0029 7.5278e-02      0.148  291.71963     0.0606    98.4973     3.7253     0.8825      6.402 1.0000e-12      17413         22 0.0000e+00
    554.829   20.22570 -106.19652    559.000     7.4071     7.4070     7.3520    34.5445    34.5521  1029.5485    27.0028 7.4692e-02      0.142  291.73136     0.0606    98.4950     3.7254     0.8817      6.401 1.0000e-12      17436         23 0.0000e+00
    555.820   20.22570 -106.19652    560.000     7.4055     7.4058     7.3503    34.5440    34.5515  1029.5529    27.0026 7.4631e-02      0.190  291.74306     0.0610    98.4860     3.7253     0.8811      6.398 1.0000e-12      17460         24 0.0000e+00
    556.811   20.22570 -106.19652    561.000     7.3968     7.3970     7.3416    34.5440    34.5515  1029.5587    27.0038 7.7192e-02      0.107  291.80006     0.0615    98.4742     3.7255     0.8806      6.400 1.0000e-12      17488         30 0.0000e+00
    557.803   20.22570 -106.19652    562.000     7.3959     7.3958     7.3406    34.5437    34.5513  1029.5632    27.0037 7.6051e-02      0.110  291.80648     0.0605    98.4991     3.7253     0.8803      6.402 1.0000e-12      17515         25 0.0000e+00
    558.794   20.22570 -106.19652    563.000     7.3932     7.3929     7.3378    34.5435    34.5510  1029.5680    27.0039 7.6091e-02      0.141  291.82459     0.0604    98.5009     3.7254     0.8798      6.404 1.0000e-12      17539         22 0.0000e+00
    559.785   20.22570 -106.19652    564.000     7.3857     7.3856     7.3303    34.5436    34.5511  1029.5737    27.0050 7.7319e-02      0.124  291.87388     0.0606    98.4960     3.7253     0.8795      6.404 1.0000e-12      17560         20 0.0000e+00
    560.776   20.22570 -106.19652    565.000     7.3804     7.3804     7.3249    34.5437    34.5513  1029.5791    27.0059 7.3249e-02      0.126  291.90882     0.0612    98.4824     3.7253     0.8790      6.403 1.0000e-12      17581         23 0.0000e+00
    561.767   20.22570 -106.19652    566.000     7.3777     7.3780     7.3221    34.5437    34.5512  1029.5840    27.0062 7.3777e-02      0.157  291.92656     0.0610    98.4873     3.7255     0.8786      6.402 1.0000e-12      17603         21 0.0000e+00
    562.759   20.22570 -106.19652    567.000     7.3759     7.3762     7.3202    34.5435    34.5511  1029.5887    27.0064 7.6103e-02      0.166  291.93893     0.0605    98.4974     3.7253     0.8782      6.402 1.0000e-12      17627         25 0.0000e+00
    563.750   20.22570 -106.19652    568.000     7.3726     7.3727     7.3167    34.5435    34.5512  1029.5938    27.0069 7.5967e-02      0.165  291.96117     0.0611    98.4835     3.7254     0.8779      6.399 1.0000e-12      17651         23 0.0000e+00
    564.741   20.22570 -106.19652    569.000     7.3691     7.3695     7.3132    34.5437    34.5512  1029.5990    27.0075 7.4938e-02      0.143  291.98330     0.0607    98.4932     3.7257     0.8775      6.397 1.0000e-12      17676         26 0.0000e+00
