data/ctd-cnv/SKQ1617/SKQ1617-St15-P1/skq201617s-022avg.cnv
* Sea-Bird SBE 9 Data File:
* FileName = D:\CTD\SKQ201617S\SKQ201617S-022.hex
* Software Version Seasave V 7.22.5
* Temperature SN = 5773
* Conductivity SN = 2251
* Number of Bytes Per Scan = 37
* Number of Voltage Words = 4
* Number of Scans Averaged by the Deck Unit = 1
* NMEA Latitude = 20 12.31 N
* NMEA Longitude = 106 04.87 W
* NMEA UTC (Time) = Jan 03 2017  08:03:34
* NMEA baud rate = 4800
** Ship: R/V Sikuliaq
** Station Number: 022
** Station Name: Station 18
** Depth: 2577.16 m
** Operator: JP
# nquan = 23
# nvalues = 200                         
# units = specified
# name 0 = depSM: Depth [salt water, m]
# name 1 = latitude: Latitude [deg]
# name 2 = longitude: Longitude [deg]
# name 3 = prDM: Pressure, Digiquartz [db]
# name 4 = t090C: Temperature [ITS-90, deg C]
# name 5 = t190C: Temperature, 2 [ITS-90, deg C]
# name 6 = potemp090C: Potential Temperature [ITS-90, deg C]
# name 7 = sal00: Salinity, Practical [PSU]
# name 8 = sal11: Salinity, Practical, 2 [PSU]
# name 9 = density00: Density [density, kg/m^3]
# name 10 = sigma-t00: Density [sigma-t, kg/m^3 ]
# name 11 = flSP: Fluorescence, Seapoint
# name 12 = sbox0Mm/Kg: Oxygen, SBE 43 [umol/kg]
# name 13 = oxsolMm/Kg: Oxygen Saturation, Garcia & Gordon [umol/kg]
# name 14 = CStarAt0: Beam Attenuation, WET Labs C-Star [1/m]
# name 15 = CStarTr0: Beam Transmission, WET Labs C-Star [%]
# name 16 = v2: Voltage 2
# name 17 = v3: Voltage 3
# name 18 = ph: pH
# name 19 = par: PAR/Irradiance, Biospherical/Licor
# name 20 = scan: Scan Count
# name 21 = nbin: number of scans per bin
# name 22 = flag: flag
# span 0 =      2.980,    200.666       
# span 1 =   20.20513,   20.20516       
# span 2 = -106.08114, -106.08110       
# span 3 =      3.000,    202.000       
# span 4 =    12.2835,    25.8311       
# span 5 =    12.2842,    25.8314       
# span 6 =    12.2568,    25.8281       
# span 7 =    34.5261,    34.8118       
# span 8 =    34.5346,    34.8200       
# span 9 =  1022.8538,  1027.2705       
# span 10 =    22.8384,    26.3700      
# span 11 = 7.4677e-02, 8.0574e+00      
# span 12 =      0.164,    200.113      
# span 13 =  204.36577,  262.11811      
# span 14 =     0.1192,     0.6353      
# span 15 =    85.3161,    97.0634      
# span 16 =     1.4320,     3.7210      
# span 17 =     1.2345,     2.2405      
# span 18 =      7.764,      8.346      
# span 19 = 1.0000e-12, 1.5413e-01      
# span 20 =       -364,      13128      
# span 21 =          4,        829      
# span 22 = 0.0000e+00, 0.0000e+00      
# interval = decibars: 1                
# start_time = Jan 03 2017 08:03:34 [NMEA time, header]
# bad_flag = -9.990e-29
*END*
[from data line 189]
    190.736   20.20514 -106.08112    192.000    12.3687    12.3688    12.3433    34.7949    34.8030  1027.2177    26.3587 7.6103e-02      0.417  261.63726     0.1311    96.7763     3.7204     1.2501      7.773 6.3959e-05       8818         18 0.0000e+00
    191.729   20.20514 -106.08112    193.000    12.3607    12.3609    12.3350    34.7943    34.8023  1027.2233    26.3598 7.6909e-02      0.450  261.68190     0.1321    96.7517     3.7205     1.2493      7.771 7.2579e-05       8838         22 0.0000e+00
    192.722   20.20514 -106.08112    194.000    12.3545    12.3547    12.3288    34.7937    34.8018  1027.2285    26.3605 7.7481e-02      0.420  261.71597     0.1317    96.7622     3.7205     1.2485      7.770 6.1391e-05       8865         32 0.0000e+00
    193.715   20.20514 -106.08112    195.000    12.3499    12.3501    12.3241    34.7933    34.8014  1027.2336    26.3611 7.7633e-02      0.447  261.74172     0.1319    96.7570     3.7202     1.2485      7.770 6.9002e-05       8899         36 0.0000e+00
    194.708   20.20514 -106.08112    196.000    12.3463    12.3468    12.3203    34.7927    34.8009  1027.2383    26.3614 7.6940e-02      0.417  261.76230     0.1319    96.7571     3.7202     1.2490      7.769 5.2022e-05       8932         31 0.0000e+00
    195.701   20.20514 -106.08112    197.000    12.3317    12.3322    12.3056    34.7915    34.7996  1027.2447    26.3633 7.5916e-02      0.396  261.84331     0.1321    96.7511     3.7198     1.2487      7.770 3.3737e-05       8964         32 0.0000e+00
    196.694   20.20514 -106.08112    198.000    12.3123    12.3129    12.2861    34.7908    34.7990  1027.2525    26.3665 7.4865e-02      0.386  261.94943     0.1326    96.7392     3.7199     1.2480      7.770 2.4206e-05       8998         37 0.0000e+00
    197.687   20.20514 -106.08113    199.000    12.2988    12.3056    12.2725    34.7919    34.8016  1027.2605    26.3700 7.6195e-02      0.410  262.02035     0.1322    96.7495     3.7199     1.2485      7.770 8.1742e-06       9052         69 0.0000e+00
    198.680   20.20514 -106.08113    200.000    12.3015    12.3078    12.2751    34.7898    34.7981  1027.2628    26.3678 7.4677e-02      0.358  262.00936     0.1322    96.7498     3.7191     1.2486      7.770 5.5294e-07       9252        341 0.0000e+00
    199.673   20.20515 -106.08114    201.000    12.2889    12.2916    12.2623    34.7879    34.7963  1027.2683    26.3688 7.7575e-02      0.320  262.08150     0.1327    96.7374     3.7194     1.2454      7.767 3.4186e-08       9609        460 0.0000e+00
    200.666   20.20513 -106.08110    202.000    12.2835    12.2842    12.2568    34.7837    34.7919  1027.2705    26.3665 7.5276e-02      0.164  262.11811     0.1294    96.8166     3.7210     1.2345      7.764 1.0000e-12      13128        829 0.0000e+00
