data/ctd-cnv/SKQ1617/SKQ1617-St15-P1/skq201617s-025avg.cnv
* Sea-Bird SBE 9 Data File:
* FileName = D:\CTD\SKQ201617S\SKQ201617S-025.hex
* Software Version Seasave V 7.22.5
* Temperature SN = 5773
* Conductivity SN = 2251
* Number of Bytes Per Scan = 37
* Number of Voltage Words = 4
* Number of Scans Averaged by the Deck Unit = 1
* NMEA Latitude = 20 13.36 N
* NMEA Longitude = 106 10.68 W
* NMEA UTC (Time) = Jan 04 2017  08:09:11
* NMEA baud rate = 4800
** Ship: R/V Sikuliaq
** Station Number: 025
** Station Name: Station 15
** Depth: 2463.99m
** Operator: RML
# nquan = 23
# nvalues = 260                         
# units = specified
# name 0 = depSMignore: Depth [salt water, m]
# name 1 = latitude: Latitude [deg]
# name 2 = longitude: Longitude [deg]
# name 3 = prDM: Pressure, Digiquartz [db]
# name 4 = t090C: Temperature [ITS-90, deg C]
# name 5 = t190C: Temperature, 2 [ITS-90, deg C]
# name 6 = potemp090C: Potential Temperature [ITS-90, deg C]
# name 7 = sal00: Salinity, Practical [PSU]
# name 8 = sal11: Salinity, Practical, 2 [PSU]
# name 9 = density00: Density [density, kg/m^3]
# name 10 = sigma-t00: Density [sigma-t, kg/m^3 ]
# name 11 = flSP: Fluorescence, Seapoint
# name 12 = sbox0Mm/Kg: Oxygen, SBE 43 [umol/kg]
# name 13 = oxsolMm/Kg: Oxygen Saturation, Garcia & Gordon [umol/kg]
# name 14 = CStarAt0: Beam Attenuation, WET Labs C-Star [1/m]
# name 15 = CStarTr0: Beam Transmission, WET Labs C-Star [%]
# name 16 = v2: Voltage 2
# name 17 = v3: Voltage 3
# name 18 = ph: pH
# name 19 = par: PAR/Irradiance, Biospherical/Licor
# name 20 = scan: Scan Count
# name 21 = nbin: number of scans per bin
# name 22 = flag: flag
# span 0 =      2.982,    260.231       
# span 1 =   20.22266,   20.22268       
# span 2 = -106.17808, -106.17806       
# span 3 =      3.000,    262.000       
# span 4 =    11.4519,    25.8682       
# span 5 =    11.4571,    25.8672       
# span 6 =    11.4188,    25.8671       
# span 7 =    34.5316,    34.8161       
# span 8 =    34.5408,    34.8243       
# span 9 =  1022.8540,  1027.6615       
# span 10 =    22.8331,    26.4859      
# span 11 = 6.9553e-02, 6.8173e+00      
# span 12 =      0.192,    199.421      
# span 13 =  204.22975,  266.78367      
# span 14 =     0.0725,     0.5678      
# span 15 =    86.7660,    98.2030      
# span 16 =     1.4292,     3.7118      
# span 17 =     1.1794,     2.2410      
# span 18 =      6.872,      6.963      
# span 19 = -6.936e-07, 5.3203e-01      
# span 20 =       -219,      16956      
# span 21 =         18,       1585      
# span 22 = 0.0000e+00, 0.0000e+00      
# interval = decibars: 1                
# start_time = Jan 04 2017 08:09:11 [NMEA time, header]
# bad_flag = -9.990e-29
*END*
[from data line 189]
    190.736   20.22266 -106.17806    192.000    12.2451    12.2452    12.2198    34.7867    34.7947  1027.2358    26.3764 7.3994e-02      0.329  262.32055     0.1308    96.7830     3.7094     1.2398      6.907 1.0000e-12      13850         25 0.0000e+00
    191.729   20.22266 -106.17806    193.000    12.2365    12.2366    12.2111    34.7863    34.7943  1027.2416    26.3777 7.3110e-02      0.369  262.36800     0.1301    96.7988     3.7094     1.2388      6.906 1.0000e-12      13876         27 0.0000e+00
    192.722   20.22266 -106.17806    194.000    12.2325    12.2326    12.2069    34.7859    34.7940  1027.2465    26.3782 7.0185e-02      0.329  262.39047     0.1306    96.7870     3.7094     1.2383      6.906 1.0000e-12      13905         28 0.0000e+00
    193.715   20.22266 -106.17806    195.000    12.2233    12.2236    12.1976    34.7857    34.7938  1027.2526    26.3797 8.6610e-02      0.322  262.44048     0.1318    96.7584     3.7094     1.2379      6.905 1.0000e-12      13930         23 0.0000e+00
    194.708   20.22266 -106.17806    196.000    12.2126    12.2128    12.1868    34.7851    34.7932  1027.2588    26.3814 7.0653e-02      0.359  262.49986     0.1298    96.8067     3.7094     1.2371      6.906 1.0000e-12      13953         22 0.0000e+00
    195.701   20.22266 -106.17806    197.000    12.1752    12.1752    12.1493    34.7828    34.7908  1027.2688    26.3868 7.2292e-02      0.368  262.70738     0.1299    96.8055     3.7094     1.2356      6.905 1.0000e-12      13975         23 0.0000e+00
    196.694   20.22266 -106.17806    198.000    12.1534    12.1537    12.1274    34.7828    34.7908  1027.2775    26.3910 7.1295e-02      0.321  262.82565     0.1293    96.8197     3.7094     1.2334      6.905 1.0000e-12      13997         22 0.0000e+00
    197.686   20.22266 -106.17806    199.000    12.1453    12.1453    12.1192    34.7819    34.7901  1027.2829    26.3919 7.1753e-02      0.324  262.87128     0.1298    96.8061     3.7095     1.2323      6.905 1.0000e-12      14019         22 0.0000e+00
    198.679   20.22266 -106.17806    200.000    12.1306    12.1307    12.1044    34.7804    34.7882  1027.2890    26.3935 7.2504e-02      0.317  262.95403     0.1293    96.8191     3.7095     1.2311      6.905 1.0000e-12      14042         25 0.0000e+00
    199.673   20.22266 -106.17806    201.000    12.1034    12.1034    12.0771    34.7794    34.7874  1027.2981    26.3980 7.1597e-02      0.325  263.10399     0.1297    96.8089     3.7094     1.2295      6.905 1.0000e-12      14068         26 0.0000e+00
    200.666   20.22266 -106.17806    202.000    12.0883    12.0884    12.0619    34.7789    34.7870  1027.3051    26.4005 7.0415e-02      0.318  263.18698     0.1297    96.8102     3.7094     1.2283      6.905 1.0000e-12      14098         31 0.0000e+00
    201.658   20.22266 -106.17806    203.000    12.0850    12.0851    12.0584    34.7786    34.7867  1027.3100    26.4009 7.2302e-02      0.313  263.20588     0.1301    96.8004     3.7095     1.2277      6.905 1.0000e-12      14127         26 0.0000e+00
    202.651   20.22266 -106.17806    204.000    12.0821    12.0822    12.0554    34.7785    34.7865  1027.3149    26.4013 7.1432e-02      0.320  263.22186     0.1302    96.7976     3.7095     1.2269      6.905 1.0000e-12      14149         20 0.0000e+00
    203.644   20.22266 -106.17806    205.000    12.0778    12.0780    12.0509    34.7778    34.7858  1027.3198    26.4017 7.2031e-02      0.320  263.24670     0.1306    96.7877     3.7097     1.2265      6.905 1.0000e-12      14170         21 0.0000e+00
    204.637   20.22266 -106.17806    206.000    12.0737    12.0737    12.0467    34.7773    34.7854  1027.3246    26.4021 7.1143e-02      0.321  263.26983     0.1300    96.8027     3.7100     1.2260      6.905 1.0000e-12      14192         24 0.0000e+00
    205.630   20.22266 -106.17806    207.000    12.0690    12.0693    12.0420    34.7767    34.7848  1027.3295    26.4025 7.2262e-02      0.321  263.29633     0.1297    96.8105     3.7099     1.2255      6.905 1.0000e-12      14219         30 0.0000e+00
    206.623   20.22266 -106.17806    208.000    12.0619    12.0622    12.0348    34.7760    34.7841  1027.3348    26.4033 7.4160e-02      0.332  263.33630     0.1295    96.8134     3.7095     1.2250      6.905 1.0000e-12      14248         28 0.0000e+00
    207.616   20.22266 -106.17806    209.000    12.0538    12.0539    12.0265    34.7750    34.7831  1027.3401    26.4040 7.2150e-02      0.320  263.38275     0.1299    96.8044     3.7098     1.2242      6.905 1.0000e-12      14274         23 0.0000e+00
    208.608   20.22266 -106.17806    210.000    12.0373    12.0374    12.0099    34.7742    34.7823  1027.3471    26.4065 7.4419e-02      0.314  263.47414     0.1285    96.8375     3.7097     1.2236      6.905 1.0000e-12      14295         19 0.0000e+00
    209.601   20.22266 -106.17806    211.000    12.0202    12.0203    11.9927    34.7738    34.7819  1027.3547    26.4095 7.2600e-02      0.321  263.56821     0.1302    96.7965     3.7105     1.2224      6.905 1.0000e-12      14314         18 0.0000e+00
    210.594   20.22266 -106.17806    212.000    12.0129    12.0130    11.9852    34.7735    34.7816  1027.3603    26.4107 7.0606e-02      0.313  263.60911     0.1294    96.8153     3.7103     1.2210      6.905 1.0000e-12      14333         21 0.0000e+00
    211.587   20.22266 -106.17806    213.000    12.0084    12.0086    11.9807    34.7729    34.7809  1027.3652    26.4111 7.2197e-02      0.315  263.63440     0.1298    96.8070     3.7103     1.2204      6.905 1.0000e-12      14357         28 0.0000e+00
    212.580   20.22266 -106.17806    214.000    12.0048    12.0051    11.9769    34.7723    34.7804  1027.3699    26.4113 7.1610e-02      0.328  263.65523     0.0928    97.7071     3.7100     1.2204      6.905 1.0000e-12      14390         34 0.0000e+00
    213.573   20.22266 -106.17806    215.000    12.0010    12.0012    11.9730    34.7718    34.7799  1027.3747    26.4117 7.3338e-02      0.322  263.67709     0.0759    98.1201     3.7095     1.2202      6.905 1.0000e-12      14420         24 0.0000e+00
    214.566   20.22266 -106.17806    216.000    11.9935    11.9938    11.9654    34.7710    34.7791  1027.3801    26.4125 7.2432e-02      0.322  263.71927     0.0752    98.1371     3.7101     1.2198      6.905 1.0000e-12      14442         19 0.0000e+00
    215.559   20.22266 -106.17806    217.000    11.9765    11.9769    11.9483    34.7701    34.7781  1027.3871    26.4150 7.1539e-02      0.322  263.81400     0.0745    98.1547     3.7101     1.2187      6.905 1.0000e-12      14460         21 0.0000e+00
    216.551   20.22266 -106.17806    218.000    11.9558    11.9562    11.9275    34.7702    34.7780  1027.3957    26.4190 7.1352e-02      0.308  263.92751     0.0748    98.1470     3.7105     1.2173      6.904 1.0000e-12      14481         21 0.0000e+00
    217.544   20.22266 -106.17806    219.000    11.9311    11.9314    11.9027    34.7706    34.7785  1027.4053    26.4241 7.3226e-02      0.337  264.06206     0.0746    98.1507     3.7106     1.2156      6.903 1.0000e-12      14506         28 0.0000e+00
    218.537   20.22266 -106.17806    220.000    11.9262    11.9265    11.8976    34.7701    34.7780  1027.4103    26.4246 7.1526e-02      0.316  264.09013     0.0747    98.1494     3.7104     1.2147      6.901 1.0000e-12      14537         30 0.0000e+00
    219.530   20.22266 -106.17806    221.000    11.9213    11.9215    11.8926    34.7698    34.7777  1027.4155    26.4253 7.2838e-02      0.313  264.11760     0.0758    98.1226     3.7102     1.2142      6.901 1.0000e-12      14564         25 0.0000e+00
    220.523   20.22266 -106.17806    222.000    11.9184    11.9187    11.8896    34.7691    34.7772  1027.4200    26.4253 7.2168e-02      0.315  264.13459     0.0762    98.1134     3.7106     1.2139      6.901 1.0000e-12      14587         20 0.0000e+00
    221.516   20.22266 -106.17806    223.000    11.9140    11.9143    11.8851    34.7686    34.7766  1027.4249    26.4257 7.1889e-02      0.309  264.15984     0.0742    98.1613     3.7106     1.2133      6.901 1.0000e-12      14609         24 0.0000e+00
    222.508   20.22266 -106.17806    224.000    11.9023    11.9026    11.8732    34.7676    34.7755  1027.4309    26.4272 7.1002e-02      0.332  264.22596     0.0743    98.1597     3.7105     1.2125      6.901 1.0000e-12      14633         24 0.0000e+00
    223.501   20.22266 -106.17806    225.000    11.8730    11.8733    11.8439    34.7659    34.7738  1027.4397    26.4315 7.2300e-02      0.328  264.38998     0.0752    98.1372     3.7106     1.2114      6.898 1.0000e-12      14659         27 0.0000e+00
    224.494   20.22266 -106.17806    226.000    11.8470    11.8473    11.8178    34.7650    34.7728  1027.4485    26.4357 7.1182e-02      0.324  264.53455     0.0741    98.1652     3.7106     1.2096      6.896 1.0000e-12      14688         30 0.0000e+00
    225.487   20.22266 -106.17806    227.000    11.8367    11.8371    11.8073    34.7642    34.7722  1027.4543    26.4370 7.2110e-02      0.296  264.59317     0.0737    98.1744     3.7106     1.2083      6.896 1.0000e-12      14716         25 0.0000e+00
    226.479   20.22266 -106.17806    228.000    11.8237    11.8242    11.7942    34.7630    34.7709  1027.4604    26.4385 7.1307e-02      0.289  264.66698     0.0744    98.1556     3.7106     1.2076      6.895 1.0000e-12      14739         21 0.0000e+00
    227.472   20.22266 -106.17806    229.000    11.8077    11.8077    11.7781    34.7630    34.7708  1027.4680    26.4416 7.2264e-02      0.309  264.75497     0.0748    98.1460     3.7107     1.2065      6.891 1.0000e-12      14758         18 0.0000e+00
    228.465   20.22266 -106.17806    230.000    11.7980    11.7980    11.7684    34.7620    34.7699  1027.4736    26.4426 6.9553e-02      0.327  264.81017     0.0752    98.1374     3.7111     1.2051      6.891 1.0000e-12      14776         18 0.0000e+00
    229.457   20.22266 -106.17806    231.000    11.7889    11.7891    11.7592    34.7617    34.7697  1027.4796    26.4441 7.1583e-02      0.344  264.86083     0.0751    98.1401     3.7107     1.2045      6.891 1.0000e-12      14797         24 0.0000e+00
    230.451   20.22266 -106.17806    232.000    11.7847    11.7848    11.7548    34.7611    34.7692  1027.4844    26.4444 7.1673e-02      0.318  264.88509     0.0747    98.1504     3.7108     1.2037      6.891 1.0000e-12      14825         30 0.0000e+00
    231.443   20.22266 -106.17806    233.000    11.7813    11.7815    11.7513    34.7608    34.7689  1027.4892    26.4448 7.1942e-02      0.312  264.90469     0.0776    98.0800     3.7106     1.2032      6.889 1.0000e-12      14853         25 0.0000e+00
    232.436   20.22266 -106.17806    234.000    11.7763    11.7767    11.7462    34.7604    34.7684  1027.4944    26.4454 7.2420e-02      0.327  264.93279     0.0753    98.1365     3.7107     1.2029      6.887 1.0000e-12      14876         22 0.0000e+00
    233.429   20.22266 -106.17806    235.000    11.7634    11.7634    11.7332    34.7598    34.7679  1027.5009    26.4474 7.1523e-02      0.307  265.00487     0.0742    98.1606     3.7110     1.2023      6.886 1.0000e-12      14899         23 0.0000e+00
    234.421   20.22266 -106.17806    236.000    11.7554    11.7560    11.7251    34.7595    34.7675  1027.5066    26.4487 7.1686e-02      0.309  265.04980     0.0744    98.1556     3.7109     1.2014      6.886 1.0000e-12      14925         28 0.0000e+00
    235.415   20.22266 -106.17806    237.000    11.7484    11.7489    11.7179    34.7588    34.7668  1027.5119    26.4495 7.2180e-02      0.318  265.08982     0.0750    98.1417     3.7107     1.2008      6.886 1.0000e-12      14953         27 0.0000e+00
    236.407   20.22266 -106.17806    238.000    11.7365    11.7366    11.7059    34.7579    34.7658  1027.5180    26.4510 7.2264e-02      0.322  265.15768     0.0751    98.1409     3.7108     1.2003      6.885 1.0000e-12      14978         22 0.0000e+00
    237.400   20.22266 -106.17806    239.000    11.7263    11.7265    11.6956    34.7574    34.7654  1027.5241    26.4525 7.3320e-02      0.229  265.21499     0.0747    98.1494     3.7114     1.1995      6.884 1.0000e-12      15000         21 0.0000e+00
    238.392   20.22266 -106.17806    240.000    11.7213    11.7216    11.6904    34.7568    34.7647  1027.5290    26.4530 7.1900e-02      0.307  265.24383     0.0748    98.1469     3.7116     1.1985      6.882 1.0000e-12      15022         22 0.0000e+00
    239.385   20.22266 -106.17806    241.000    11.6908    11.6912    11.6599    34.7553    34.7632  1027.5382    26.4576 7.2686e-02      0.310  265.41516     0.0744    98.1566     3.7114     1.1975      6.882 1.0000e-12      15045         25 0.0000e+00
    240.378   20.22266 -106.17806    242.000    11.6650    11.6656    11.6340    34.7544    34.7624  1027.5470    26.4618 7.1651e-02      0.352  265.55986     0.0742    98.1616     3.7115     1.1956      6.882 1.0000e-12      15070         25 0.0000e+00
    241.371   20.22266 -106.17806    243.000    11.6464    11.6464    11.6153    34.7525    34.7604  1027.5535    26.4637 7.1046e-02      0.315  265.66657     0.0742    98.1621     3.7111     1.1940      6.882 1.0000e-12      15093         23 0.0000e+00
    242.363   20.22266 -106.17806    244.000    11.6266    11.6266    11.5954    34.7509    34.7589  1027.5605    26.4662 7.2148e-02      0.312  265.77950     0.0736    98.1781     3.7113     1.1926      6.882 1.0000e-12      15117         23 0.0000e+00
    243.356   20.22266 -106.17806    245.000    11.6099    11.6099    11.5786    34.7500    34.7580  1027.5675    26.4686 7.3139e-02      0.304  265.87398     0.0740    98.1659     3.7116     1.1911      6.882 1.0000e-12      15142         27 0.0000e+00
    244.349   20.22266 -106.17806    246.000    11.5997    11.5999    11.5683    34.7491    34.7571  1027.5732    26.4699 7.2854e-02      0.290  265.93202     0.0734    98.1826     3.7117     1.1901      6.881 1.0000e-12      15169         27 0.0000e+00
    245.341   20.22266 -106.17806    247.000    11.5939    11.5941    11.5624    34.7492    34.7573  1027.5789    26.4710 7.1437e-02      0.332  265.96435     0.0736    98.1766     3.7118     1.1895      6.880 1.0000e-12      15195         26 0.0000e+00
    246.334   20.22266 -106.17806    248.000    11.5854    11.5855    11.5538    34.7484    34.7564  1027.5844    26.4720 7.1937e-02      0.266  266.01310     0.0735    98.1805     3.7116     1.1889      6.880 1.0000e-12      15221         25 0.0000e+00
    247.327   20.22266 -106.17806    249.000    11.5769    11.5771    11.5452    34.7473    34.7553  1027.5896    26.4727 7.2087e-02      0.273  266.06247     0.0734    98.1836     3.7118     1.1882      6.879 1.0000e-12      15246         25 0.0000e+00
    248.319   20.22266 -106.17806    250.000    11.5667    11.5668    11.5349    34.7461    34.7541  1027.5951    26.4737 7.0840e-02      0.346  266.12125     0.0734    98.1826     3.7118     1.1873      6.877 1.0000e-12      15271         23 0.0000e+00
    249.312   20.22266 -106.17806    251.000    11.5594    11.5596    11.5274    34.7452    34.7532  1027.6003    26.4744 7.3052e-02      0.277  266.16362     0.0734    98.1826     3.7118     1.1868      6.878 1.0000e-12      15296         27 0.0000e+00
    250.305   20.22266 -106.17806    252.000    11.5498    11.5500    11.5178    34.7439    34.7518  1027.6056    26.4751 7.1427e-02      0.315  266.21939     0.0734    98.1826     3.7118     1.1860      6.878 1.0000e-12      15321         24 0.0000e+00
    251.298   20.22266 -106.17806    253.000    11.5256    11.5256    11.4935    34.7417    34.7495  1027.6130    26.4779 7.2150e-02      0.306  266.35843     0.0734    98.1837     3.7118     1.1850      6.878 1.0000e-12      15344         23 0.0000e+00
