data/ctd-cnv/SKQ1617/SKQ1617-St15-P1/skq201617s-022avg.cnv
* Sea-Bird SBE 9 Data File:
* FileName = D:\CTD\SKQ201617S\SKQ201617S-022.hex
* Software Version Seasave V 7.22.5
* Temperature SN = 5773
* Conductivity SN = 2251
* Number of Bytes Per Scan = 37
* Number of Voltage Words = 4
* Number of Scans Averaged by the Deck Unit = 1
* NMEA Latitude = 20 12.31 N
* NMEA Longitude = 106 04.87 W
* NMEA UTC (Time) = Jan 03 2017  08:03:34
* NMEA baud rate = 4800
** Ship: R/V Sikuliaq
** Station Number: 022
** Station Name: Station 18
** Depth: 2577.16 m
** Operator: JP
# nquan = 23
# nvalues = 200                         
# units = specified
# name 0 = depSM: Depth [salt water, m]
# name 1 = latitude: Latitude [deg]
# name 2 = longitude: Longitude [deg]
# name 3 = prDM: Pressure, Digiquartz [db]
# name 4 = t090C: Temperature [ITS-90, deg C]
# name 5 = t190C: Temperature, 2 [ITS-90, deg C]
# name 6 = potemp090C: Potential Temperature [ITS-90, deg C]
# name 7 = sal00: Salinity, Practical [PSU]
# name 8 = sal11: Salinity, Practical, 2 [PSU]
# name 9 = density00: Density [density, kg/m^3]
# name 10 = sigma-t00: Density [sigma-t, kg/m^3 ]
# name 11 = flSP: Fluorescence, Seapoint
# name 12 = sbox0Mm/Kg: Oxygen, SBE 43 [umol/kg]
# name 13 = oxsolMm/Kg: Oxygen Saturation, Garcia & Gordon [umol/kg]
# name 14 = CStarAt0: Beam Attenuation, WET Labs C-Star [1/m]
# name 15 = CStarTr0: Beam Transmission, WET Labs C-Star [%]
# name 16 = v2: Voltage 2
# name 17 = v3: Voltage 3
# name 18 = ph: pH
# name 19 = par: PAR/Irradiance, Biospherical/Licor
# name 20 = scan: Scan Count
# name 21 = nbin: number of scans per bin
# name 22 = flag: flag
# span 0 =      2.980,    200.666       
# span 1 =   20.20513,   20.20516       
# span 2 = -106.08114, -106.08110       
# span 3 =      3.000,    202.000       
# span 4 =    12.2835,    25.8311       
# span 5 =    12.2842,    25.8314       
# span 6 =    12.2568,    25.8281       
# span 7 =    34.5261,    34.8118       
# span 8 =    34.5346,    34.8200       
# span 9 =  1022.8538,  1027.2705       
# span 10 =    22.8384,    26.3700      
# span 11 = 7.4677e-02, 8.0574e+00      
# span 12 =      0.164,    200.113      
# span 13 =  204.36577,  262.11811      
# span 14 =     0.1192,     0.6353      
# span 15 =    85.3161,    97.0634      
# span 16 =     1.4320,     3.7210      
# span 17 =     1.2345,     2.2405      
# span 18 =      7.764,      8.346      
# span 19 = 1.0000e-12, 1.5413e-01      
# span 20 =       -364,      13128      
# span 21 =          4,        829      
# span 22 = 0.0000e+00, 0.0000e+00      
# interval = decibars: 1                
# start_time = Jan 03 2017 08:03:34 [NMEA time, header]
# bad_flag = -9.990e-29
*END*
[from data line 126]
    128.171   20.20514 -106.08112    129.000    13.7006    13.7007    13.6824    34.8020    34.8102  1026.6711    26.0965 3.0774e-01      0.594  254.62465     0.1377    96.6166     3.7164     1.3530      7.795 3.1839e-03       7263         26 0.0000e+00
    129.164   20.20514 -106.08112    130.000    13.6838    13.6843    13.6654    34.8010    34.8092  1026.6784    26.0993 2.9761e-01      0.578  254.71265     0.1367    96.6412     3.7158     1.3525      7.794 3.1717e-03       7290         27 0.0000e+00
    130.157   20.20514 -106.08112    131.000    13.6183    13.6175    13.5998    34.7999    34.8083  1026.6957    26.1120 2.6475e-01      0.583  255.05089     0.1360    96.6584     3.7164     1.3503      7.794 3.1523e-03       7316         24 0.0000e+00
    131.150   20.20514 -106.08110    132.000    13.5247    13.5251    13.5062    34.8077    34.8158  1026.7256    26.1373 2.2393e-01      0.585  255.51872     0.1362    96.6519     3.7167     1.3453      7.794 2.9257e-03       7338         21 0.0000e+00
    132.143   20.20514 -106.08112    133.000    13.5109    13.5111    13.4922    34.8065    34.8146  1026.7320    26.1392 2.2117e-01      0.594  255.59201     0.1354    96.6723     3.7168     1.3420      7.794 2.9256e-03       7360         22 0.0000e+00
    133.137   20.20514 -106.08112    134.000    13.4607    13.4598    13.4419    34.8056    34.8140  1026.7461    26.1488 2.0616e-01      0.590  255.85338     0.1365    96.6463     3.7167     1.3396      7.793 2.8631e-03       7385         30 0.0000e+00
    134.130   20.20514 -106.08112    135.000    13.3982    13.3972    13.3794    34.8104    34.8187  1026.7673    26.1653 1.8591e-01      0.583  256.16771     0.1349    96.6843     3.7167     1.3359      7.792 2.8624e-03       7418         35 0.0000e+00
    135.123   20.20514 -106.08112    136.000    13.3813    13.3810    13.3622    34.8114    34.8199  1026.7760    26.1696 1.7694e-01      0.587  256.25396     0.1343    96.6968     3.7167     1.3332      7.791 2.8624e-03       7450         28 0.0000e+00
    136.116   20.20514 -106.08112    137.000    13.3769    13.3768    13.3578    34.8116    34.8198  1026.7815    26.1706 1.7338e-01      0.587  256.27610     0.1347    96.6872     3.7169     1.3312      7.791 2.8624e-03       7474         22 0.0000e+00
    137.110   20.20514 -106.08112    138.000    13.3565    13.3563    13.3372    34.8113    34.8194  1026.7900    26.1746 1.6403e-01      0.550  256.38258     0.1346    96.6901     3.7170     1.3295      7.791 2.8624e-03       7494         18 0.0000e+00
    138.103   20.20514 -106.08112    139.000    13.3400    13.3399    13.3207    34.8118    34.8200  1026.7982    26.1783 1.5931e-01      0.575  256.46699     0.1349    96.6828     3.7176     1.3275      7.790 2.7069e-03       7513         18 0.0000e+00
    139.096   20.20514 -106.08112    140.000    13.3339    13.3336    13.3144    34.8115    34.8196  1026.8037    26.1793 1.6051e-01      0.581  256.49932     0.1350    96.6811     3.7176     1.3259      7.790 2.8631e-03       7533         22 0.0000e+00
    140.089   20.20514 -106.08112    141.000    13.3287    13.3286    13.3090    34.8110    34.8192  1026.8088    26.1800 1.6749e-01      0.591  256.52749     0.1350    96.6804     3.7172     1.3253      7.790 2.8624e-03       7558         29 0.0000e+00
    141.083   20.20514 -106.08112    142.000    13.3190    13.3189    13.2992    34.8103    34.8185  1026.8147    26.1814 1.5819e-01      0.548  256.57909     0.1349    96.6831     3.7170     1.3249      7.790 2.8624e-03       7587         29 0.0000e+00
    142.076   20.20514 -106.08112    143.000    13.2930    13.2925    13.2731    34.8110    34.8193  1026.8251    26.1872 1.4878e-01      0.575  256.71291     0.1349    96.6828     3.7175     1.3233      7.790 2.6818e-03       7613         23 0.0000e+00
    143.069   20.20514 -106.08112    144.000    13.2443    13.2433    13.2244    34.8100    34.8183  1026.8388    26.1964 1.3450e-01      0.571  256.96823     0.1343    96.6986     3.7179     1.3208      7.790 2.6305e-03       7637         24 0.0000e+00
    144.062   20.20514 -106.08112    145.000    13.1914    13.1917    13.1714    34.8109    34.8189  1026.8548    26.2078 1.2403e-01      0.575  257.24248     0.1337    96.7122     3.7179     1.3177      7.790 2.6056e-03       7662         27 0.0000e+00
    145.055   20.20514 -106.08112    146.000    13.1606    13.1606    13.1404    34.8106    34.8186  1026.8653    26.2138 1.1793e-01      0.578  257.40439     0.1342    96.6998     3.7179     1.3149      7.788 2.1184e-03       7687         24 0.0000e+00
    146.048   20.20514 -106.08112    147.000    13.1167    13.1161    13.0964    34.8082    34.8165  1026.8769    26.2208 1.1064e-01      0.588  257.63865     0.1334    96.7192     3.7179     1.3119      7.787 2.3421e-03       7712         24 0.0000e+00
    147.042   20.20514 -106.08112    148.000    13.0575    13.0575    13.0371    34.8101    34.8183  1026.8949    26.2343 1.0315e-01      0.594  257.94542     0.1334    96.7192     3.7180     1.3082      7.786 1.8627e-03       7736         25 0.0000e+00
    148.035   20.20514 -106.08112    149.000    13.0461    13.0456    13.0257    34.8093    34.8173  1026.9011    26.2359 1.0216e-01      0.565  258.00641     0.1329    96.7336     3.7179     1.3059      7.786 1.8850e-03       7762         27 0.0000e+00
    149.028   20.20514 -106.08112    150.000    13.0256    13.0255    13.0050    34.8088    34.8170  1026.9093    26.2396 1.0125e-01      0.552  258.11535     0.1329    96.7338     3.7180     1.3038      7.786 1.9179e-03       7788         25 0.0000e+00
    150.021   20.20514 -106.08112    151.000    13.0172    13.0172    12.9965    34.8084    34.8166  1026.9152    26.2410 9.9086e-02      0.543  258.16017     0.1307    96.7852     3.7181     1.3023      7.784 1.7280e-03       7811         22 0.0000e+00
    151.014   20.20514 -106.08112    152.000    13.0030    13.0027    12.9822    34.8085    34.8167  1026.9225    26.2439 9.6681e-02      0.521  258.23442     0.1314    96.7687     3.7189     1.3009      7.782 1.8218e-03       7833         20 0.0000e+00
    152.007   20.20514 -106.08112    153.000    12.9895    12.9895    12.9685    34.8078    34.8158  1026.9293    26.2461 9.6915e-02      0.518  258.30712     0.1319    96.7563     3.7188     1.2998      7.782 1.7634e-03       7854         24 0.0000e+00
    153.001   20.20514 -106.08112    154.000    12.9752    12.9752    12.9541    34.8079    34.8160  1026.9367    26.2491 9.5694e-02      0.527  258.38207     0.1329    96.7331     3.7186     1.2987      7.782 1.8612e-03       7879         25 0.0000e+00
    153.994   20.20514 -106.08112    155.000    12.9643    12.9640    12.9432    34.8072    34.8156  1026.9428    26.2507 9.5355e-02      0.460  258.44043     0.1323    96.7470     3.7179     1.2982      7.783 1.5176e-03       7908         31 0.0000e+00
    154.987   20.20514 -106.08112    156.000    12.9401    12.9398    12.9188    34.8065    34.8148  1026.9517    26.2550 9.4129e-02      0.555  258.56955     0.1322    96.7502     3.7180     1.2971      7.782 1.5253e-03       7938         27 0.0000e+00
    155.980   20.20514 -106.08112    157.000    12.9096    12.9090    12.8882    34.8063    34.8145  1026.9621    26.2609 9.3161e-02      0.472  258.73073     0.1314    96.7694     3.7186     1.2949      7.782 1.5520e-03       7960         18 0.0000e+00
    156.973   20.20514 -106.08112    158.000    12.8747    12.8747    12.8532    34.8069    34.8151  1026.9741    26.2683 8.8106e-02      0.495  258.91419     0.1319    96.7578     3.7192     1.2923      7.782 1.6716e-03       7980         21 0.0000e+00
    157.966   20.20514 -106.08112    159.000    12.8610    12.8611    12.8394    34.8081    34.8163  1026.9823    26.2720 9.0850e-02      0.556  258.98417     0.1335    96.7170     3.7192     1.2904      7.782 1.4306e-03       8002         25 0.0000e+00
    158.959   20.20514 -106.08112    160.000    12.8547    12.8553    12.8329    34.8075    34.8157  1026.9875    26.2728 9.0370e-02      0.506  259.01886     0.1326    96.7391     3.7189     1.2899      7.779 1.3905e-03       8031         33 0.0000e+00
    159.952   20.20514 -106.08112    161.000    12.8475    12.8472    12.8256    34.8072    34.8153  1026.9932    26.2740 8.7738e-02      0.487  259.05753     0.1323    96.7475     3.7185     1.2888      7.781 1.4162e-03       8061         24 0.0000e+00
    160.946   20.20514 -106.08112    162.000    12.8478    12.8477    12.8258    34.8078    34.8159  1026.9980    26.2744 8.7519e-02      0.380  259.05477     0.1323    96.7481     3.7191     1.2876      7.781 1.3250e-03       8083         19 0.0000e+00
    161.938   20.20514 -106.08112    163.000    12.8476    12.8476    12.8254    34.8074    34.8156  1027.0022    26.2741 8.5613e-02      0.448  259.05662     0.1323    96.7482     3.7192     1.2873      7.782 1.0018e-03       8101         18 0.0000e+00
    162.932   20.20514 -106.08112    164.000    12.8432    12.8443    12.8209    34.8073    34.8155  1027.0075    26.2750 8.8468e-02      0.475  259.07995     0.1323    96.7466     3.7192     1.2863      7.782 1.2631e-03       8120         21 0.0000e+00
    163.925   20.20514 -106.08112    165.000    12.8362    12.8346    12.8138    34.8080    34.8158  1027.0139    26.2769 8.8257e-02      0.485  259.11557     0.1326    96.7396     3.7192     1.2863      7.781 8.0982e-04       8147         34 0.0000e+00
    164.918   20.20514 -106.08112    166.000    12.8185    12.8188    12.7960    34.8071    34.8155  1027.0213    26.2797 8.8014e-02      0.444  259.21102     0.1321    96.7517     3.7183     1.2862      7.782 6.2890e-04       8184         30 0.0000e+00
    165.911   20.20514 -106.08112    167.000    12.8024    12.8028    12.7797    34.8060    34.8141  1027.0281    26.2820 8.2243e-02      0.442  259.29876     0.1321    96.7522     3.7191     1.2848      7.780 8.8212e-04       8209         23 0.0000e+00
    166.904   20.20514 -106.08112    168.000    12.7695    12.7698    12.7468    34.8038    34.8117  1027.0375    26.2869 8.4273e-02      0.443  259.47677     0.1323    96.7466     3.7192     1.2831      7.778 8.9088e-04       8229         19 0.0000e+00
    167.897   20.20514 -106.08112    169.000    12.7236    12.7239    12.7008    34.8049    34.8127  1027.0520    26.2968 8.1427e-02      0.466  259.71889     0.1320    96.7541     3.7192     1.2803      7.778 5.4671e-04       8249         21 0.0000e+00
    168.890   20.20514 -106.08112    170.000    12.7121    12.7119    12.6891    34.8048    34.8132  1027.0588    26.2991 8.1898e-02      0.465  259.78023     0.1313    96.7702     3.7193     1.2782      7.778 3.5136e-04       8276         31 0.0000e+00
    169.883   20.20514 -106.08112    171.000    12.7053    12.7056    12.6822    34.8037    34.8119  1027.0637    26.2995 8.1244e-02      0.467  259.81819     0.1311    96.7749     3.7192     1.2778      7.778 4.3882e-04       8311         32 0.0000e+00
    170.876   20.20514 -106.08112    172.000    12.6735    12.6732    12.6503    34.8026    34.8106  1027.0737    26.3050 8.1823e-02      0.434  259.98951     0.1310    96.7778     3.7194     1.2756      7.778 6.2181e-04       8337         21 0.0000e+00
    171.869   20.20514 -106.08112    173.000    12.6480    12.6479    12.6247    34.8049    34.8131  1027.0851    26.3118 7.9096e-02      0.452  260.12111     0.1294    96.8172     3.7197     1.2737      7.778 3.3651e-04       8355         16 0.0000e+00
    172.862   20.20514 -106.08112    174.000    12.6471    12.6473    12.6237    34.8069    34.8149  1027.0912    26.3135 8.0839e-02      0.492  260.12245     0.1313    96.7715     3.7195     1.2720      7.778 3.1877e-04       8372         18 0.0000e+00
    173.855   20.20514 -106.08112    175.000    12.6476    12.6481    12.6240    34.8070    34.8154  1027.0957    26.3135 7.7160e-02      0.499  260.11996     0.1313    96.7715     3.7197     1.2715      7.778 8.7039e-05       8390         19 0.0000e+00
    174.848   20.20514 -106.08112    176.000    12.6501    12.6501    12.6264    34.8078    34.8160  1027.1003    26.3136 7.7297e-02      0.468  260.10462     0.1323    96.7460     3.7196     1.2712      7.778 1.3223e-04       8413         29 0.0000e+00
    175.842   20.20514 -106.08112    177.000    12.6407    12.6408    12.6168    34.8076    34.8157  1027.1064    26.3153 7.7946e-02      0.435  260.15569     0.1323    96.7468     3.7193     1.2714      7.778 1.6608e-04       8447         36 0.0000e+00
    176.834   20.20514 -106.08112    178.000    12.6096    12.6094    12.5857    34.8066    34.8149  1027.1164    26.3207 7.9121e-02      0.455  260.32323     0.1315    96.7661     3.7192     1.2702      7.778 1.3957e-04       8479         27 0.0000e+00
    177.827   20.20514 -106.08112    179.000    12.5922    12.5921    12.5682    34.8062    34.8142  1027.1240    26.3237 7.6711e-02      0.443  260.41701     0.1309    96.7808     3.7196     1.2685      7.778 1.5834e-04       8502         20 0.0000e+00
    178.821   20.20514 -106.08112    180.000    12.5743    12.5742    12.5501    34.8041    34.8120  1027.1304    26.3257 7.6924e-02      0.426  260.51673     0.1323    96.7464     3.7199     1.2672      7.778 8.3979e-05       8522         20 0.0000e+00
    179.814   20.20514 -106.08112    181.000    12.5465    12.5469    12.5223    34.8030    34.8110  1027.1396    26.3303 7.7925e-02      0.458  260.66707     0.1322    96.7504     3.7204     1.2656      7.777 8.8777e-05       8543         25 0.0000e+00
    180.807   20.20514 -106.08112    182.000    12.5149    12.5152    12.4906    34.8029    34.8110  1027.1503    26.3364 7.8570e-02      0.466  260.83672     0.1322    96.7495     3.7201     1.2630      7.777 8.6048e-05       8572         31 0.0000e+00
    181.799   20.20514 -106.08112    183.000    12.4977    12.4978    12.4732    34.8019    34.8101  1027.1574    26.3390 7.7799e-02      0.456  260.93097     0.1323    96.7471     3.7199     1.2609      7.775 8.8912e-05       8602         29 0.0000e+00
    182.792   20.20514 -106.08112    184.000    12.4735    12.4737    12.4490    34.8005    34.8084  1027.1656    26.3427 7.9721e-02      0.457  261.06295     0.1320    96.7553     3.7203     1.2596      7.774 8.8881e-05       8628         21 0.0000e+00
    183.786   20.20514 -106.08112    185.000    12.4566    12.4566    12.4319    34.7999    34.8080  1027.1729    26.3455 7.7386e-02      0.457  261.15514     0.1321    96.7514     3.7203     1.2578      7.774 8.8881e-05       8650         21 0.0000e+00
    184.779   20.20514 -106.08112    186.000    12.4389    12.4391    12.4141    34.7970    34.8048  1027.1786    26.3466 7.8269e-02      0.457  261.25572     0.1315    96.7672     3.7204     1.2562      7.774 8.8881e-05       8669         19 0.0000e+00
    185.772   20.20514 -106.08112    187.000    12.4024    12.4026    12.3775    34.7934    34.8014  1027.1876    26.3510 7.8491e-02      0.429  261.45853     0.1316    96.7640     3.7208     1.2541      7.774 8.0503e-05       8689         21 0.0000e+00
    186.764   20.20514 -106.08112    188.000    12.3843    12.3843    12.3593    34.7925    34.8006  1027.1949    26.3538 7.8688e-02      0.465  261.55808     0.1315    96.7666     3.7205     1.2518      7.772 8.5633e-05       8713         27 0.0000e+00
    187.757   20.20514 -106.08112    189.000    12.3869    12.3867    12.3618    34.7938    34.8019  1027.1999    26.3543 7.7056e-02      0.462  261.54153     0.1323    96.7474     3.7204     1.2516      7.771 8.3550e-05       8746         34 0.0000e+00
    188.750   20.20514 -106.08112    190.000    12.3905    12.3908    12.3653    34.7959    34.8041  1027.2053    26.3553 7.6609e-02      0.458  261.51780     0.1322    96.7495     3.7202     1.2516      7.773 7.4296e-05       8776         25 0.0000e+00
