data/ctd-cnv/SKQ1617/SKQ1617-St15-P1/skq201617s-023avg.cnv
* Sea-Bird SBE 9 Data File:
* FileName = D:\CTD\SKQ201617S\SKQ201617S-023.hex
* Software Version Seasave V 7.22.5
* Temperature SN = 5773
* Conductivity SN = 2251
* Number of Bytes Per Scan = 37
* Number of Voltage Words = 4
* Number of Scans Averaged by the Deck Unit = 1
* NMEA Latitude = 20 11.82 N
* NMEA Longitude = 106 07.58 W
* NMEA UTC (Time) = Jan 03 2017  13:47:55
* NMEA baud rate = 4800
** Ship: R/V Sikuliaq
** Station Number: 023
** Station Name: Station 15
** Depth: 2609 m
** Operator: RML
# nquan = 23
# nvalues = 501                         
# units = specified
# name 0 = depSM: Depth [salt water, m]
# name 1 = latitude: Latitude [deg]
# name 2 = longitude: Longitude [deg]
# name 3 = prDM: Pressure, Digiquartz [db]
# name 4 = t090C: Temperature [ITS-90, deg C]
# name 5 = t190C: Temperature, 2 [ITS-90, deg C]
# name 6 = potemp090C: Potential Temperature [ITS-90, deg C]
# name 7 = sal00: Salinity, Practical [PSU]
# name 8 = sal11: Salinity, Practical, 2 [PSU]
# name 9 = density00: Density [density, kg/m^3]
# name 10 = sigma-t00: Density [sigma-t, kg/m^3 ]
# name 11 = flSP: Fluorescence, Seapoint
# name 12 = sbox0Mm/Kg: Oxygen, SBE 43 [umol/kg]
# name 13 = oxsolMm/Kg: Oxygen Saturation, Garcia & Gordon [umol/kg]
# name 14 = CStarAt0: Beam Attenuation, WET Labs C-Star [1/m]
# name 15 = CStarTr0: Beam Transmission, WET Labs C-Star [%]
# name 16 = v2: Voltage 2
# name 17 = v3: Voltage 3
# name 18 = ph: pH
# name 19 = par: PAR/Irradiance, Biospherical/Licor
# name 20 = scan: Scan Count
# name 21 = nbin: number of scans per bin
# name 22 = flag: flag
# span 0 =      3.975,    500.306       
# span 1 =   20.19704,   20.19706       
# span 2 = -106.12632, -106.12628       
# span 3 =      4.000,    504.000       
# span 4 =     8.0770,    25.7352       
# span 5 =     8.0768,    25.7352       
# span 6 =     8.0251,    25.7333       
# span 7 =    34.5456,    34.8225       
# span 8 =    34.5531,    34.8305       
# span 9 =  1022.8850,  1029.2068       
# span 10 =    22.8661,    26.9190      
# span 11 = 7.0581e-02, 5.7123e+00      
# span 12 =      0.132,    199.648      
# span 13 =  204.69370,  287.33663      
# span 14 =     0.0601,     0.5341      
# span 15 =    87.5045,    98.5095      
# span 16 =     1.4355,     3.7277      
# span 17 =     0.9310,     2.2328      
# span 18 =      4.718,      8.202      
# span 19 = 1.0000e-12, 3.0741e+01      
# span 20 =        559,      16949      
# span 21 =         16,        453      
# span 22 = 0.0000e+00, 0.0000e+00      
# interval = decibars: 1                
# start_time = Jan 03 2017 13:47:55 [NMEA time, header]
# bad_flag = -9.990e-29
*END*
[from data line 126]
    129.164   20.19704 -106.12630    130.000    13.0442    13.0443    13.0264    34.8209    34.8289  1026.8257    26.2452 9.3450e-02      0.464  257.99562     0.1316    96.7627     3.7144     1.3059      7.070 1.2309e-03       6926         23 0.0000e+00
    130.157   20.19704 -106.12630    131.000    13.0403    13.0402    13.0223    34.8205    34.8285  1026.8306    26.2457 9.3319e-02      0.512  258.01734     0.1310    96.7789     3.7145     1.3040      7.070 1.0780e-03       6948         21 0.0000e+00
    131.150   20.19704 -106.12630    132.000    13.0328    13.0326    13.0147    34.8201    34.8281  1026.8363    26.2469 9.4843e-02      0.428  258.05716     0.1307    96.7850     3.7149     1.3026      7.069 1.2060e-03       6968         21 0.0000e+00
    132.143   20.19704 -106.12630    133.000    13.0248    13.0250    13.0065    34.8191    34.8271  1026.8416    26.2478 9.3534e-02      0.413  258.10116     0.1312    96.7730     3.7149     1.3022      7.068 9.4134e-04       6990         23 0.0000e+00
    133.137   20.19704 -106.12630    134.000    13.0063    13.0060    12.9879    34.8189    34.8270  1026.8497    26.2513 9.1103e-02      0.465  258.19874     0.1310    96.7780     3.7144     1.3017      7.068 4.9389e-04       7019         35 0.0000e+00
    134.130   20.19704 -106.12630    135.000    12.9912    12.9908    12.9727    34.8184    34.8266  1026.8568    26.2539 8.9713e-02      0.440  258.27920     0.1307    96.7847     3.7143     1.3006      7.067 3.6309e-04       7053         30 0.0000e+00
    135.123   20.19704 -106.12630    136.000    12.9841    12.9843    12.9655    34.8183    34.8263  1026.8626    26.2553 8.6627e-02      0.440  258.31636     0.1317    96.7611     3.7144     1.2995      7.066 8.3107e-05       7080         24 0.0000e+00
    136.117   20.19704 -106.12630    137.000    12.9799    12.9800    12.9612    34.8181    34.8261  1026.8678    26.2560 8.8112e-02      0.454  258.33882     0.1315    96.7676     3.7149     1.2984      7.065 2.9909e-04       7102         20 0.0000e+00
    137.110   20.19704 -106.12630    138.000    12.9599    12.9603    12.9410    34.8175    34.8256  1026.8758    26.2595 8.6336e-02      0.459  258.44536     0.1318    96.7590     3.7153     1.2970      7.066 8.8175e-05       7122         21 0.0000e+00
    138.103   20.19704 -106.12630    139.000    12.9393    12.9390    12.9203    34.8169    34.8249  1026.8840    26.2632 8.6443e-02      0.446  258.55514     0.1314    96.7679     3.7151     1.2957      7.065 8.8881e-05       7144         25 0.0000e+00
    139.096   20.19704 -106.12630    140.000    12.8745    12.8722    12.8555    34.8122    34.8210  1026.8979    26.2725 8.3539e-02      0.450  258.90573     0.1308    96.7835     3.7151     1.2938      7.065 8.8881e-05       7170         27 0.0000e+00
    140.089   20.19704 -106.12630    141.000    12.8139    12.8148    12.7948    34.8147    34.8230  1026.9165    26.2865 8.2091e-02      0.461  259.22194     0.1311    96.7748     3.7154     1.2896      7.065 8.8881e-05       7196         25 0.0000e+00
    141.083   20.19704 -106.12630    142.000    12.8083    12.8090    12.7890    34.8146    34.8227  1026.9221    26.2876 8.0607e-02      0.455  259.25179     0.1321    96.7511     3.7155     1.2868      7.065 8.8881e-05       7219         19 0.0000e+00
    142.076   20.19704 -106.12630    143.000    12.8049    12.8050    12.7855    34.8138    34.8218  1026.9266    26.2876 7.9759e-02      0.455  259.27117     0.1316    96.7630     3.7155     1.2854      7.065 8.0854e-05       7239         22 0.0000e+00
    143.069   20.19704 -106.12630    144.000    12.8037    12.8040    12.7842    34.8131    34.8213  1026.9307    26.2873 8.1302e-02      0.455  259.27877     0.1322    96.7505     3.7155     1.2847      7.065 8.4810e-05       7261         23 0.0000e+00
    144.062   20.19706 -106.12630    145.000    12.8033    12.8034    12.7836    34.8126    34.8207  1026.9349    26.2870 8.2274e-02      0.455  259.28211     0.1325    96.7417     3.7155     1.2845      7.065 8.5697e-05       7287         28 0.0000e+00
    145.055   20.19706 -106.12630    146.000    12.8028    12.8032    12.7830    34.8121    34.8202  1026.9391    26.2867 8.1510e-02      0.444  259.28526     0.1322    96.7497     3.7149     1.2846      7.065 8.0127e-05       7318         31 0.0000e+00
    146.048   20.19706 -106.12630    147.000    12.8032    12.8030    12.7833    34.8120    34.8199  1026.9434    26.2865 8.4298e-02      0.462  259.28353     0.1320    96.7547     3.7147     1.2847      7.065 6.3186e-05       7349         28 0.0000e+00
    147.042   20.19706 -106.12630    148.000    12.8025    12.8027    12.7825    34.8117    34.8198  1026.9478    26.2864 8.1805e-02      0.455  259.28750     0.1316    96.7635     3.7154     1.2839      7.065 4.3521e-05       7375         22 0.0000e+00
    148.035   20.19705 -106.12630    149.000    12.8013    12.8013    12.7811    34.8111    34.8192  1026.9520    26.2862 8.0944e-02      0.420  259.29515     0.1319    96.7566     3.7155     1.2835      7.065 4.4441e-05       7395         18 0.0000e+00
    149.028   20.19704 -106.12630    150.000    12.7902    12.7902    12.7699    34.8105    34.8185  1026.9582    26.2879 7.9250e-02      0.448  259.35492     0.1321    96.7530     3.7155     1.2824      7.065 5.3610e-05       7413         20 0.0000e+00
    150.021   20.19705 -106.12630    151.000    12.7869    12.7870    12.7665    34.8100    34.8180  1026.9629    26.2882 7.9403e-02      0.439  259.37352     0.1316    96.7628     3.7155     1.2819      7.065 6.4881e-06       7438         31 0.0000e+00
    151.014   20.19706 -106.12630    152.000    12.7771    12.7780    12.7564    34.8094    34.8175  1026.9689    26.2897 7.9794e-02      0.438  259.42697     0.1319    96.7573     3.7147     1.2823      7.065 4.8898e-06       7475         36 0.0000e+00
    152.007   20.19706 -106.12630    153.000    12.7589    12.7588    12.7382    34.8095    34.8177  1026.9771    26.2934 7.9085e-02      0.457  259.52325     0.1304    96.7929     3.7147     1.2813      7.065 4.0373e-06       7502         22 0.0000e+00
    153.001   20.19706 -106.12630    154.000    12.7183    12.7180    12.6975    34.8103    34.8183  1026.9903    26.3020 7.4945e-02      0.389  259.73756     0.1307    96.7847     3.7155     1.2793      7.065 7.8726e-08       7520         16 0.0000e+00
    153.994   20.19706 -106.12630    155.000    12.6714    12.6707    12.6505    34.8104    34.8184  1027.0043    26.3114 7.4863e-02      0.463  259.98722     0.1299    96.8058     3.7158     1.2766      7.064 5.5807e-06       7537         16 0.0000e+00
    154.987   20.19706 -106.12630    156.000    12.6336    12.6334    12.6126    34.8097    34.8175  1027.0158    26.3183 7.3972e-02      0.440  260.18963     0.1296    96.8112     3.7161     1.2736      7.065 8.7352e-08       7555         21 0.0000e+00
    155.980   20.19706 -106.12630    157.000    12.6097    12.6096    12.5886    34.8078    34.8161  1027.0236    26.3216 7.5549e-02      0.463  260.32057     0.1303    96.7948     3.7156     1.2717      7.064 1.0000e-12       7581         33 0.0000e+00
    156.973   20.19706 -106.12630    158.000    12.5845    12.5842    12.5633    34.8068    34.8151  1027.0323    26.3257 7.4233e-02      0.416  260.45721     0.1299    96.8057     3.7155     1.2701      7.064 1.0000e-12       7616         33 0.0000e+00
    157.966   20.19706 -106.12630    159.000    12.5684    12.5683    12.5471    34.8058    34.8137  1027.0392    26.3282 7.3125e-02      0.429  260.54497     0.1303    96.7944     3.7156     1.2679      7.063 1.0000e-12       7642         23 0.0000e+00
    158.959   20.19706 -106.12630    160.000    12.5513    12.5514    12.5299    34.8050    34.8130  1027.0464    26.3309 7.2564e-02      0.436  260.63827     0.1308    96.7827     3.7161     1.2660      7.062 1.0000e-12       7665         21 0.0000e+00
    159.952   20.19706 -106.12630    161.000    12.5407    12.5409    12.5191    34.8034    34.8115  1027.0518    26.3317 7.4049e-02      0.412  260.69792     0.1301    96.8002     3.7163     1.2650      7.061 1.0000e-12       7689         27 0.0000e+00
    160.946   20.19706 -106.12630    162.000    12.5297    12.5296    12.5080    34.8026    34.8106  1027.0578    26.3333 7.5885e-02      0.422  260.75840     0.1305    96.7914     3.7158     1.2639      7.061 1.0000e-12       7717         29 0.0000e+00
    161.939   20.19706 -106.12630    163.000    12.5148    12.5150    12.4931    34.8019    34.8099  1027.0647    26.3356 7.7187e-02      0.308  260.83911     0.1355    96.6695     3.7160     1.2629      7.061 1.0000e-12       7745         27 0.0000e+00
    162.932   20.19706 -106.12630    164.000    12.5023    12.5025    12.4804    34.8007    34.8087  1027.0707    26.3371 7.5983e-02      0.388  260.90854     0.1339    96.7073     3.7160     1.2621      7.061 1.0000e-12       7770         23 0.0000e+00
    163.925   20.19706 -106.12630    165.000    12.4816    12.4817    12.4596    34.7992    34.8071  1027.0781    26.3400 7.3947e-02      0.526  261.02203     0.1326    96.7392     3.7164     1.2605      7.062 1.0000e-12       7792         21 0.0000e+00
    164.918   20.19706 -106.12630    166.000    12.4712    12.4714    12.4491    34.7994    34.8075  1027.0848    26.3422 7.5588e-02      0.346  261.07774     0.1316    96.7631     3.7166     1.2589      7.062 1.0000e-12       7814         22 0.0000e+00
    165.911   20.19706 -106.12630    167.000    12.4685    12.4687    12.4463    34.7992    34.8071  1027.0896    26.3426 7.5549e-02      0.354  261.09260     0.1317    96.7627     3.7166     1.2581      7.060 1.0000e-12       7838         24 0.0000e+00
    166.904   20.19706 -106.12630    168.000    12.4618    12.4619    12.4394    34.7985    34.8065  1027.0949    26.3434 7.4139e-02      0.382  261.13014     0.1322    96.7503     3.7163     1.2579      7.060 1.0000e-12       7863         23 0.0000e+00
    167.897   20.19706 -106.12630    169.000    12.4543    12.4544    12.4318    34.7977    34.8058  1027.1002    26.3442 7.4801e-02      0.411  261.17173     0.1316    96.7630     3.7166     1.2570      7.060 1.0000e-12       7886         24 0.0000e+00
    168.890   20.19706 -106.12630    170.000    12.4276    12.4268    12.4050    34.7936    34.8017  1027.1068    26.3463 7.3664e-02      0.417  261.32265     0.1315    96.7661     3.7167     1.2560      7.060 1.0000e-12       7907         20 0.0000e+00
    169.883   20.19706 -106.12630    171.000    12.4000    12.4002    12.3773    34.7929    34.8009  1027.1162    26.3511 7.4785e-02      0.369  261.47238     0.1299    96.8055     3.7167     1.2536      7.060 1.0000e-12       7928         23 0.0000e+00
    170.876   20.19706 -106.12630    172.000    12.3962    12.3961    12.3733    34.7923    34.8004  1027.1209    26.3513 7.3205e-02      0.405  261.49431     0.1286    96.8346     3.7167     1.2529      7.060 1.0000e-12       7953         28 0.0000e+00
    171.869   20.19706 -106.12630    173.000    12.3947    12.3941    12.3717    34.7918    34.7998  1027.1254    26.3513 7.4781e-02      0.351  261.50330     0.1300    96.8032     3.7166     1.2524      7.060 1.0000e-12       7988         37 0.0000e+00
    172.862   20.19706 -106.12630    174.000    12.3835    12.3832    12.3604    34.7909    34.7991  1027.1313    26.3528 7.5171e-02      0.350  261.56498     0.1293    96.8183     3.7164     1.2520      7.060 1.0000e-12       8020         27 0.0000e+00
    173.855   20.19706 -106.12630    175.000    12.3768    12.3770    12.3536    34.7916    34.7996  1027.1376    26.3545 7.5011e-02      0.331  261.59986     0.1298    96.8077     3.7167     1.2509      7.060 1.0000e-12       8044         23 0.0000e+00
    174.849   20.19706 -106.12630    176.000    12.3700    12.3702    12.3467    34.7920    34.8000  1027.1438    26.3562 7.5091e-02      0.393  261.63558     0.1293    96.8188     3.7168     1.2503      7.060 1.0000e-12       8066         22 0.0000e+00
    175.841   20.19706 -106.12630    177.000    12.3578    12.3578    12.3343    34.7922    34.8003  1027.1508    26.3588 7.3273e-02      0.360  261.70142     0.1316    96.7635     3.7167     1.2495      7.060 1.0000e-12       8090         25 0.0000e+00
    176.835   20.19706 -106.12630    178.000    12.3404    12.3407    12.3169    34.7920    34.8000  1027.1586    26.3620 7.4602e-02      0.348  261.79526     0.1316    96.7631     3.7167     1.2488      7.060 1.0000e-12       8115         25 0.0000e+00
    177.828   20.19706 -106.12630    179.000    12.3312    12.3314    12.3075    34.7927    34.8008  1027.1654    26.3643 7.4699e-02      0.366  261.84378     0.1315    96.7670     3.7167     1.2473      7.060 1.0000e-12       8140         23 0.0000e+00
    178.821   20.19706 -106.12630    180.000    12.3286    12.3282    12.3048    34.7923    34.8004  1027.1701    26.3645 7.3942e-02      0.364  261.85856     0.1320    96.7550     3.7168     1.2464      7.060 1.0000e-12       8161         21 0.0000e+00
    179.814   20.19706 -106.12630    181.000    12.3237    12.3237    12.2997    34.7916    34.7998  1027.1749    26.3649 7.5363e-02      0.314  261.88631     0.1321    96.7522     3.7170     1.2456      7.060 1.0000e-12       8181         19 0.0000e+00
    180.807   20.19706 -106.12630    182.000    12.3060    12.3058    12.2819    34.7900    34.7981  1027.1817    26.3671 7.4052e-02      0.306  261.98519     0.1333    96.7231     3.7167     1.2447      7.060 1.0000e-12       8200         20 0.0000e+00
    181.799   20.19706 -106.12630    183.000    12.2929    12.2931    12.2687    34.7894    34.7973  1027.1882    26.3692 7.3816e-02      0.323  262.05688     0.1331    96.7268     3.7170     1.2435      7.060 1.0000e-12       8220         20 0.0000e+00
    182.793   20.19706 -106.12630    184.000    12.2842    12.2843    12.2599    34.7883    34.7964  1027.1936    26.3700 7.4604e-02      0.354  262.10577     0.1319    96.7564     3.7168     1.2430      7.059 1.0000e-12       8244         27 0.0000e+00
    183.786   20.19706 -106.12630    185.000    12.2774    12.2771    12.2530    34.7881    34.7961  1027.1992    26.3712 7.3513e-02      0.317  262.14318     0.1313    96.7700     3.7168     1.2428      7.059 1.0000e-12       8276         38 0.0000e+00
    184.778   20.19706 -106.12630    186.000    12.2629    12.2630    12.2383    34.7864    34.7948  1027.2052    26.3727 7.3256e-02      0.335  262.22486     0.1318    96.7603     3.7166     1.2428      7.059 1.0000e-12       8315         36 0.0000e+00
    185.772   20.19706 -106.12630    187.000    12.2554    12.2554    12.2307    34.7860    34.7940  1027.2109    26.3738 7.5422e-02      0.312  262.26611     0.1305    96.7897     3.7165     1.2422      7.058 1.0000e-12       8347         29 0.0000e+00
    186.765   20.19706 -106.12630    188.000    12.2487    12.2487    12.2239    34.7854    34.7934  1027.2162    26.3747 7.4083e-02      0.308  262.30358     0.1304    96.7917     3.7168     1.2409      7.058 1.0000e-12       8373         22 0.0000e+00
    187.758   20.19706 -106.12630    189.000    12.2426    12.2429    12.2178    34.7851    34.7932  1027.2216    26.3755 7.2564e-02      0.330  262.33684     0.1318    96.7601     3.7171     1.2402      7.058 1.0000e-12       8395         22 0.0000e+00
    188.750   20.19706 -106.12630    190.000    12.2388    12.2389    12.2137    34.7843    34.7923  1027.2262    26.3757 7.4273e-02      0.346  262.35931     0.1309    96.7801     3.7174     1.2389      7.057 1.0000e-12       8414         18 0.0000e+00
    189.744   20.19706 -106.12630    191.000    12.2305    12.2307    12.2053    34.7829    34.7911  1027.2312    26.3762 7.2305e-02      0.312  262.40694     0.1295    96.8146     3.7178     1.2380      7.057 1.0000e-12       8432         16 0.0000e+00
