data/ctd-cnv/SKQ1617/SKQ1617-St15-P1/skq201617s-029avg.cnv
* Sea-Bird SBE 9 Data File:
* FileName = D:\CTD\SKQ201617S\SKQ201617S-029.hex
* Software Version Seasave V 7.22.5
* Temperature SN = 5773
* Conductivity SN = 2251
* Number of Bytes Per Scan = 37
* Number of Voltage Words = 4
* Number of Scans Averaged by the Deck Unit = 1
* NMEA Latitude = 20 16.85 N
* NMEA Longitude = 106 12.53 W
* NMEA UTC (Time) = Jan 05 2017  19:04:28
* NMEA baud rate = 4800
** Ship: R/V Sikuliaq
** Station Number: 029
** Station Name: Station 15
** Depth: 3090
** Operator: RML
# nquan = 23
# nvalues = 755                         
# units = specified
# name 0 = depSMignore: Depth [salt water, m]
# name 1 = latitude: Latitude [deg]
# name 2 = longitude: Longitude [deg]
# name 3 = prDM: Pressure, Digiquartz [db]
# name 4 = t090C: Temperature [ITS-90, deg C]
# name 5 = t190C: Temperature, 2 [ITS-90, deg C]
# name 6 = potemp090C: Potential Temperature [ITS-90, deg C]
# name 7 = sal00: Salinity, Practical [PSU]
# name 8 = sal11: Salinity, Practical, 2 [PSU]
# name 9 = density00: Density [density, kg/m^3]
# name 10 = sigma-t00: Density [sigma-t, kg/m^3 ]
# name 11 = flSP: Fluorescence, Seapoint
# name 12 = sbox0Mm/Kg: Oxygen, SBE 43 [umol/kg]
# name 13 = oxsolMm/Kg: Oxygen Saturation, Garcia & Gordon [umol/kg]
# name 14 = CStarAt0: Beam Attenuation, WET Labs C-Star [1/m]
# name 15 = CStarTr0: Beam Transmission, WET Labs C-Star [%]
# name 16 = v2: Voltage 2
# name 17 = v3: Voltage 3
# name 18 = ph: pH
# name 19 = par: PAR/Irradiance, Biospherical/Licor
# name 20 = scan: Scan Count
# name 21 = nbin: number of scans per bin
# name 22 = flag: flag
# span 0 =      2.982,    750.992       
# span 1 =   20.28078,   20.28080       
# span 2 = -106.20886, -106.20885       
# span 3 =      3.000,    757.000       
# span 4 =     6.1956,    26.2463       
# span 5 =     6.1965,    26.2463       
# span 6 =     6.1270,    26.2454       
# span 7 =    34.5277,    34.8211       
# span 8 =    34.5352,    34.8288       
# span 9 =  1022.7249,  1030.6147       
# span 10 =    22.7077,    27.1544      
# span 11 = 6.8573e-02, 5.0732e+00      
# span 12 =     -0.026,    199.292      
# span 13 =  202.97450,  299.95951      
# span 14 =     0.0576,     0.5027      
# span 15 =    88.1928,    98.5707      
# span 16 =     1.4169,     3.7155      
# span 17 =     0.7930,     2.2685      
# span 18 =      6.478,      6.923      
# span 19 = 1.0000e-12, 2.4293e+03      
# span 20 =       2037,      28276      
# span 21 =         16,       4336      
# span 22 = 0.0000e+00, 0.0000e+00      
# interval = decibars: 1                
# start_time = Jan 05 2017 19:04:28 [NMEA time, header]
# bad_flag = -9.990e-29
*END*
[from data line 189]
    190.736   20.28080 -106.20886    192.000    12.1807    12.1807    12.1554    34.7848    34.7926  1027.2469    26.3873 7.3245e-02      0.307  262.67367     0.1295    96.8142     3.7008     1.2352      6.849 2.6416e-05      12489         24 0.0000e+00
    191.728   20.28080 -106.20886    193.000    12.1683    12.1682    12.1429    34.7842    34.7919  1027.2533    26.3892 7.3260e-02      0.314  262.74211     0.1296    96.8106     3.7007     1.2345      6.849 2.4240e-05      12513         22 0.0000e+00
    192.721   20.28080 -106.20886    194.000    12.1349    12.1346    12.1094    34.7831    34.7908  1027.2635    26.3948 7.2568e-02      0.325  262.92585     0.1296    96.8126     3.7008     1.2330      6.849 4.1226e-07      12536         26 0.0000e+00
    193.714   20.28080 -106.20886    195.000    12.1187    12.1189    12.0931    34.7826    34.7903  1027.2707    26.3975 7.1817e-02      0.314  263.01511     0.1294    96.8172     3.7009     1.2317      6.849 1.0000e-12      12564         28 0.0000e+00
    194.707   20.28080 -106.20886    196.000    12.0978    12.0976    12.0721    34.7812    34.7889  1027.2782    26.4004 7.2732e-02      0.311  263.13127     0.1298    96.8061     3.7004     1.2307      6.848 1.0000e-12      12592         27 0.0000e+00
    195.700   20.28080 -106.20886    197.000    12.0769    12.0767    12.0512    34.7801    34.7878  1027.2859    26.4036 7.2143e-02      0.315  263.24692     0.1287    96.8337     3.7009     1.2289      6.849 1.0000e-12      12616         20 0.0000e+00
    196.693   20.28080 -106.20886    198.000    12.0605    12.0605    12.0346    34.7794    34.7871  1027.2931    26.4062 7.2300e-02      0.315  263.33799     0.1272    96.8700     3.7009     1.2274      6.848 1.0000e-12      12636         19 0.0000e+00
    197.686   20.28080 -106.20886    199.000    12.0507    12.0504    12.0248    34.7781    34.7858  1027.2984    26.4070 7.1411e-02      0.315  263.39358     0.1288    96.8313     3.7009     1.2261      6.848 1.0000e-12      12657         22 0.0000e+00
    198.679   20.28080 -106.20886    200.000    12.0234    12.0234    11.9973    34.7761    34.7838  1027.3067    26.4107 7.2240e-02      0.315  263.54685     0.1305    96.7908     3.7009     1.2251      6.848 1.0000e-12      12682         29 0.0000e+00
    199.672   20.28080 -106.20886    201.000    11.9950    11.9946    11.9688    34.7744    34.7822  1027.3154    26.4149 7.3137e-02      0.316  263.70537     0.1300    96.8020     3.7007     1.2236      6.848 1.0000e-12      12714         34 0.0000e+00
    200.664   20.28080 -106.20886    202.000    11.9613    11.9609    11.9351    34.7734    34.7810  1027.3255    26.4204 7.3262e-02      0.316  263.89135     0.1287    96.8325     3.7007     1.2213      6.847 1.0000e-12      12743         22 0.0000e+00
    201.657   20.28080 -106.20886    203.000    11.9470    11.9467    11.9206    34.7730    34.7807  1027.3325    26.4229 7.1451e-02      0.316  263.97053     0.1286    96.8354     3.7011     1.2197      6.848 1.0000e-12      12764         20 0.0000e+00
    202.650   20.28080 -106.20886    204.000    11.9431    11.9433    11.9166    34.7727    34.7803  1027.3376    26.4234 7.1961e-02      0.316  263.99244     0.1285    96.8375     3.7013     1.2184      6.848 1.0000e-12      12783         17 0.0000e+00
    203.643   20.28080 -106.20886    205.000    11.9418    11.9420    11.9152    34.7723    34.7801  1027.3419    26.4234 7.3596e-02      0.316  264.00022     0.0880    97.8255     3.7013     1.2173      6.848 1.0000e-12      12801         20 0.0000e+00
    204.636   20.28080 -106.20886    206.000    11.9400    11.9406    11.9133    34.7719    34.7795  1027.3465    26.4234 7.1445e-02      0.317  264.01099     0.0752    98.1367     3.7013     1.2170      6.848 1.0000e-12      12822         23 0.0000e+00
    205.629   20.28080 -106.20886    207.000    11.9387    11.9389    11.9118    34.7715    34.7792  1027.3508    26.4233 7.2987e-02      0.317  264.01914     0.0743    98.1597     3.7010     1.2167      6.848 1.0000e-12      12849         30 0.0000e+00
    206.622   20.28080 -106.20886    208.000    11.9363    11.9367    11.9093    34.7710    34.7788  1027.3554    26.4233 7.4364e-02      0.306  264.03323     0.0742    98.1615     3.7009     1.2165      6.847 1.0000e-12      12881         31 0.0000e+00
    207.615   20.28080 -106.20886    209.000    11.9256    11.9256    11.8985    34.7701    34.7778  1027.3613    26.4247 7.2918e-02      0.289  264.09336     0.0740    98.1671     3.7009     1.2163      6.848 1.0000e-12      12909         25 0.0000e+00
    208.608   20.28080 -106.20886    210.000    11.9062    11.9061    11.8790    34.7692    34.7768  1027.3688    26.4277 7.2749e-02      0.305  264.20134     0.0743    98.1596     3.7010     1.2153      6.847 1.0000e-12      12934         22 0.0000e+00
    209.600   20.28080 -106.20886    211.000    11.8949    11.8949    11.8676    34.7688    34.7765  1027.3751    26.4295 7.2673e-02      0.323  264.26429     0.0751    98.1396     3.7013     1.2143      6.845 1.0000e-12      12957         25 0.0000e+00
    210.594   20.28080 -106.20886    212.000    11.8889    11.8888    11.8614    34.7681    34.7759  1027.3802    26.4302 7.1126e-02      0.321  264.29861     0.0741    98.1640     3.7012     1.2134      6.847 1.0000e-12      12981         24 0.0000e+00
    211.587   20.28080 -106.20886    213.000    11.8700    11.8698    11.8425    34.7669    34.7746  1027.3874    26.4327 7.1800e-02      0.312  264.40449     0.0744    98.1563     3.7013     1.2120      6.846 1.0000e-12      13006         25 0.0000e+00
    212.579   20.28080 -106.20886    214.000    11.8607    11.8607    11.8331    34.7668    34.7745  1027.3936    26.4344 7.2042e-02      0.310  264.45593     0.0744    98.1564     3.7015     1.2111      6.846 1.0000e-12      13031         24 0.0000e+00
    213.572   20.28080 -106.20886    215.000    11.8567    11.8570    11.8289    34.7664    34.7740  1027.3985    26.4349 7.2347e-02      0.306  264.47891     0.0746    98.1520     3.7018     1.2105      6.845 1.0000e-12      13055         24 0.0000e+00
    214.565   20.28080 -106.20886    216.000    11.8464    11.8463    11.8185    34.7652    34.7728  1027.4041    26.4359 7.1669e-02      0.318  264.53755     0.0742    98.1609     3.7017     1.2101      6.846 1.0000e-12      13078         23 0.0000e+00
    215.557   20.28080 -106.20886    217.000    11.8245    11.8245    11.7965    34.7649    34.7727  1027.4126    26.4399 7.2954e-02      0.304  264.65863     0.0736    98.1782     3.7017     1.2086      6.845 1.0000e-12      13101         23 0.0000e+00
    216.551   20.28080 -106.20886    218.000    11.8211    11.8212    11.7930    34.7646    34.7724  1027.4174    26.4402 7.4961e-02      0.320  264.67774     0.0737    98.1749     3.7019     1.2072      6.845 1.0000e-12      13125         24 0.0000e+00
    217.544   20.28080 -106.20886    219.000    11.8128    11.8129    11.7846    34.7638    34.7716  1027.4229    26.4412 7.4298e-02      0.287  264.72512     0.0735    98.1794     3.7018     1.2068      6.845 1.0000e-12      13149         25 0.0000e+00
    218.536   20.28080 -106.20886    220.000    11.8032    11.8032    11.7748    34.7634    34.7711  1027.4289    26.4427 7.3725e-02      0.304  264.77897     0.0742    98.1624     3.7018     1.2061      6.845 1.0000e-12      13173         25 0.0000e+00
    219.529   20.28080 -106.20886    221.000    11.7994    11.7996    11.7710    34.7628    34.7705  1027.4336    26.4429 7.4513e-02      0.253  264.80089     0.0746    98.1526     3.7018     1.2054      6.845 1.0000e-12      13199         26 0.0000e+00
    220.522   20.28080 -106.20886    222.000    11.7725    11.7720    11.7439    34.7607    34.7685  1027.4417    26.4464 7.2413e-02      0.326  264.95347     0.0747    98.1494     3.7018     1.2048      6.845 1.0000e-12      13226         26 0.0000e+00
    221.515   20.28080 -106.20886    223.000    11.7503    11.7502    11.7216    34.7605    34.7683  1027.4503    26.4504 7.1736e-02      0.296  265.07658     0.0736    98.1782     3.7019     1.2033      6.845 1.0000e-12      13250         24 0.0000e+00
    222.508   20.28080 -106.20886    224.000    11.7425    11.7424    11.7137    34.7597    34.7674  1027.4556    26.4513 7.2638e-02      0.310  265.12099     0.0734    98.1827     3.7020     1.2018      6.845 1.0000e-12      13274         23 0.0000e+00
    223.500   20.28080 -106.20886    225.000    11.7156    11.7155    11.6867    34.7579    34.7656  1027.4638    26.4549 7.1997e-02      0.306  265.27330     0.0742    98.1606     3.7021     1.2007      6.844 1.0000e-12      13298         26 0.0000e+00
    224.493   20.28080 -106.20886    226.000    11.6930    11.6927    11.6640    34.7570    34.7648  1027.4720    26.4585 7.2786e-02      0.302  265.40012     0.0735    98.1804     3.7021     1.1990      6.845 1.0000e-12      13323         23 0.0000e+00
    225.486   20.28080 -106.20886    227.000    11.6838    11.6838    11.6547    34.7563    34.7641  1027.4777    26.4597 7.2036e-02      0.312  265.45206     0.0741    98.1651     3.7021     1.1976      6.844 1.0000e-12      13348         24 0.0000e+00
    226.479   20.28080 -106.20886    228.000    11.6794    11.6799    11.6502    34.7561    34.7637  1027.4828    26.4604 7.0624e-02      0.251  265.47710     0.0746    98.1512     3.7021     1.1970      6.844 1.0000e-12      13370         21 0.0000e+00
    227.471   20.28080 -106.20886    229.000    11.6763    11.6763    11.6470    34.7556    34.7633  1027.4876    26.4606 7.2093e-02      0.285  265.49498     0.0744    98.1564     3.7021     1.1959      6.844 1.0000e-12      13391         22 0.0000e+00
    228.464   20.28080 -106.20886    230.000    11.6721    11.6720    11.6427    34.7553    34.7629  1027.4926    26.4611 7.3366e-02      0.325  265.51849     0.0742    98.1617     3.7021     1.1957      6.844 1.0000e-12      13414         24 0.0000e+00
    229.457   20.28080 -106.20886    231.000    11.6668    11.6666    11.6372    34.7545    34.7622  1027.4974    26.4615 7.2279e-02      0.316  265.54969     0.0744    98.1554     3.7021     1.1950      6.844 1.0000e-12      13439         26 0.0000e+00
    230.450   20.28080 -106.20886    232.000    11.6562    11.6563    11.6265    34.7536    34.7613  1027.5033    26.4628 7.3406e-02      0.287  265.61007     0.0741    98.1653     3.7021     1.1946      6.844 1.0000e-12      13468         30 0.0000e+00
    231.442   20.28080 -106.20886    233.000    11.6375    11.6375    11.6077    34.7522    34.7598  1027.5102    26.4651 7.2561e-02      0.260  265.71659     0.0743    98.1592     3.7021     1.1938      6.844 1.0000e-12      13497         27 0.0000e+00
    232.435   20.28080 -106.20886    234.000    11.6180    11.6180    11.5882    34.7508    34.7583  1027.5173    26.4677 7.2376e-02      0.331  265.82730     0.0744    98.1563     3.7021     1.1924      6.844 1.0000e-12      13523         25 0.0000e+00
    233.428   20.28080 -106.20886    235.000    11.6012    11.6013    11.5713    34.7505    34.7582  1027.5248    26.4706 7.2778e-02      0.282  265.92096     0.0748    98.1463     3.7021     1.1914      6.844 1.0000e-12      13546         23 0.0000e+00
    234.421   20.28080 -106.20886    236.000    11.5854    11.5855    11.5554    34.7496    34.7572  1027.5316    26.4729 7.3399e-02      0.310  266.01045     0.0755    98.1298     3.7021     1.1904      6.844 1.0000e-12      13568         22 0.0000e+00
    235.413   20.28080 -106.20886    237.000    11.5661    11.5662    11.5360    34.7489    34.7566  1027.5392    26.4760 7.3107e-02      0.275  266.11928     0.0749    98.1467     3.7023     1.1885      6.844 1.0000e-12      13593         24 0.0000e+00
    236.406   20.28080 -106.20886    238.000    11.5595    11.5596    11.5292    34.7484    34.7561  1027.5446    26.4768 7.2641e-02      0.279  266.15706     0.0734    98.1822     3.7022     1.1875      6.844 1.0000e-12      13617         24 0.0000e+00
    237.399   20.28080 -106.20886    239.000    11.5547    11.5548    11.5243    34.7480    34.7557  1027.5497    26.4774 7.3781e-02      0.296  266.18461     0.0734    98.1826     3.7021     1.1867      6.844 1.0000e-12      13640         22 0.0000e+00
    238.392   20.28080 -106.20886    240.000    11.5509    11.5511    11.5204    34.7476    34.7553  1027.5545    26.4778 7.3580e-02      0.326  266.20635     0.0734    98.1826     3.7024     1.1863      6.844 1.0000e-12      13662         23 0.0000e+00
    239.384   20.28080 -106.20886    241.000    11.5296    11.5298    11.4990    34.7457    34.7530  1027.5615    26.4802 7.1776e-02      0.302  266.32890     0.0734    98.1837     3.7024     1.1856      6.844 1.0000e-12      13685         24 0.0000e+00
    240.377   20.28080 -106.20886    242.000    11.4901    11.4905    11.4595    34.7442    34.7516  1027.5724    26.4865 7.1369e-02      0.269  266.55164     0.0729    98.1942     3.7023     1.1838      6.844 1.0000e-12      13712         29 0.0000e+00
    241.370   20.28080 -106.20886    243.000    11.4723    11.4723    11.4415    34.7432    34.7507  1027.5795    26.4890 7.3155e-02      0.247  266.65332     0.0726    98.2025     3.7021     1.1818      6.844 1.0000e-12      13741         29 0.0000e+00
    242.363   20.28080 -106.20886    244.000    11.4661    11.4662    11.4353    34.7425    34.7501  1027.5846    26.4895 7.3606e-02      0.304  266.68895     0.0732    98.1881     3.7022     1.1808      6.844 1.0000e-12      13767         22 0.0000e+00
    243.355   20.28080 -106.20886    245.000    11.4561    11.4564    11.4252    34.7417    34.7492  1027.5903    26.4908 7.2414e-02      0.324  266.74623     0.0730    98.1929     3.7024     1.1799      6.844 1.0000e-12      13788         18 0.0000e+00
    244.348   20.28080 -106.20886    246.000    11.4428    11.4429    11.4117    34.7409    34.7484  1027.5967    26.4927 7.1797e-02      0.218  266.82255     0.0723    98.2086     3.7031     1.1788      6.844 1.0000e-12      13806         20 0.0000e+00
    245.341   20.28080 -106.20886    247.000    11.4335    11.4337    11.4023    34.7400    34.7476  1027.6023    26.4937 7.3901e-02      0.285  266.87603     0.0723    98.2087     3.7031     1.1781      6.844 1.0000e-12      13825         19 0.0000e+00
    246.333   20.28080 -106.20886    248.000    11.4205    11.4207    11.3892    34.7391    34.7466  1027.6085    26.4954 7.2883e-02      0.299  266.95037     0.0726    98.2028     3.7030     1.1772      6.844 1.0000e-12      13847         25 0.0000e+00
    247.326   20.28080 -106.20886    249.000    11.4101    11.4103    11.3786    34.7381    34.7457  1027.6142    26.4966 7.3970e-02      0.180  267.01092     0.0728    98.1976     3.7026     1.1764      6.844 1.0000e-12      13877         35 0.0000e+00
    248.319   20.28080 -106.20886    250.000    11.3876    11.3878    11.3561    34.7366    34.7441  1027.6218    26.4995 7.2713e-02      0.292  267.13948     0.0728    98.1979     3.7026     1.1753      6.844 1.0000e-12      13911         29 0.0000e+00
    249.311   20.28080 -106.20886    251.000    11.3708    11.3710    11.3392    34.7356    34.7430  1027.6286    26.5018 7.3832e-02      0.217  267.23592     0.0733    98.1855     3.7031     1.1743      6.844 1.0000e-12      13939         26 0.0000e+00
    250.304   20.28080 -106.20886    252.000    11.3662    11.3663    11.3344    34.7351    34.7427  1027.6337    26.5023 7.1272e-02      0.290  267.26247     0.0734    98.1827     3.7031     1.1729      6.844 1.0000e-12      13965         27 0.0000e+00
    251.297   20.28080 -106.20886    253.000    11.3639    11.3642    11.3321    34.7347    34.7424  1027.6382    26.5024 7.3351e-02      0.242  267.27582     0.0734    98.1816     3.7032     1.1725      6.844 1.0000e-12      13990         25 0.0000e+00
