data/ctd-cnv/SKQ1617/SKQ1617-St15-P1/skq201617s-018avg.cnv
* Sea-Bird SBE 9 Data File:
* FileName = D:\CTD\SKQ201617S\SKQ201617S-018.hex
* Software Version Seasave V 7.22.5
* Temperature SN = 5773
* Conductivity SN = 2251
* Number of Bytes Per Scan = 37
* Number of Voltage Words = 4
* Number of Scans Averaged by the Deck Unit = 1
* NMEA Latitude = 20 09.12 N
* NMEA Longitude = 106 00.01 W
* NMEA UTC (Time) = Jan 01 2017  07:21:07
* NMEA baud rate = 4800
** Ship: R/V Sikuliaq
** Station Number: 018
** Station Name: Station 15
** Depth: 2202
** Operator: CF
** Max depth 1000m, UVP on
# nquan = 23
# nvalues = 1007                        
# units = specified
# name 0 = depSM: Depth [salt water, m]
# name 1 = latitude: Latitude [deg]
# name 2 = longitude: Longitude [deg]
# name 3 = prDM: Pressure, Digiquartz [db]
# name 4 = t090C: Temperature [ITS-90, deg C]
# name 5 = t190C: Temperature, 2 [ITS-90, deg C]
# name 6 = potemp090C: Potential Temperature [ITS-90, deg C]
# name 7 = sal00: Salinity, Practical [PSU]
# name 8 = sal11: Salinity, Practical, 2 [PSU]
# name 9 = density00: Density [density, kg/m^3]
# name 10 = sigma-t00: Density [sigma-t, kg/m^3 ]
# name 11 = flSP: Fluorescence, Seapoint
# name 12 = sbox0Mm/Kg: Oxygen, SBE 43 [umol/kg]
# name 13 = oxsolMm/Kg: Oxygen Saturation, Garcia & Gordon [umol/kg]
# name 14 = CStarAt0: Beam Attenuation, WET Labs C-Star [1/m]
# name 15 = CStarTr0: Beam Transmission, WET Labs C-Star [%]
# name 16 = v2: Voltage 2
# name 17 = v3: Voltage 3
# name 18 = ph: pH
# name 19 = par: PAR/Irradiance, Biospherical/Licor
# name 20 = scan: Scan Count
# name 21 = nbin: number of scans per bin
# name 22 = flag: flag
# span 0 =      3.975,   1001.387       
# span 1 =   20.15196,   20.15196       
# span 2 = -106.00026, -106.00024       
# span 3 =      4.000,   1010.000       
# span 4 =     4.7098,    26.0453       
# span 5 =     4.7106,    26.0468       
# span 6 =     4.6278,    26.0439       
# span 7 =    34.5226,    34.8147       
# span 8 =    34.5302,    34.8229       
# span 9 =  1022.7949,  1031.9726       
# span 10 =    22.7756,    27.3359      
# span 11 = 6.8429e-02, 9.8561e+00      
# span 12 =     -0.056,    201.368      
# span 13 =  203.63825,  310.59000      
# span 14 =     0.0553,     0.7063      
# span 15 =    83.8158,    98.6268      
# span 16 =     1.4344,     3.7627      
# span 17 =     0.6866,     2.2555      
# span 18 =      7.591,      8.299      
# span 19 = -4.354e-08, 2.2786e-01      
# span 20 =        632,      33642      
# span 21 =         17,       3020      
# span 22 = 0.0000e+00, 0.0000e+00      
# interval = decibars: 1                
# start_time = Jan 01 2017 07:21:07 [NMEA time, header]
# bad_flag = -9.990e-29
*END*
[from data line 504]
    504.274   20.15196 -106.00026    508.000     8.3379     8.3382     8.2845    34.5693    34.5771  1029.1892    26.8845 7.1661e-02      0.180  285.65888     0.0616    98.4729     3.7576     0.9502      7.633 1.0000e-12      16522         30 0.0000e+00
    505.265   20.15196 -106.00026    509.000     8.3310     8.3315     8.2775    34.5695    34.5772  1029.1950    26.8857 7.3977e-02      0.179  285.70236     0.0614    98.4760     3.7576     0.9493      7.633 1.0000e-12      16550         26 0.0000e+00
    506.256   20.15196 -106.00026    510.000     8.3210     8.3212     8.2674    34.5697    34.5775  1029.2013    26.8874 7.3267e-02      0.192  285.76561     0.0621    98.4590     3.7576     0.9486      7.633 1.0000e-12      16573         21 0.0000e+00
    507.248   20.15196 -106.00026    511.000     8.3131     8.3133     8.2595    34.5697    34.5776  1029.2071    26.8886 7.4812e-02      0.236  285.81556     0.0628    98.4424     3.7578     0.9477      7.633 1.0000e-12      16593         19 0.0000e+00
    508.239   20.15196 -106.00026    512.000     8.3001     8.3001     8.2464    34.5691    34.5769  1029.2133    26.8901 7.4224e-02      0.177  285.89987     0.0621    98.4604     3.7579     0.9469      7.633 1.0000e-12      16612         19 0.0000e+00
    509.231   20.15196 -106.00026    513.000     8.2820     8.2822     8.2283    34.5693    34.5771  1029.2209    26.8930 7.1387e-02      0.152  286.01444     0.0622    98.4563     3.7579     0.9459      7.633 1.0000e-12      16631         19 0.0000e+00
    510.222   20.15196 -106.00026    514.000     8.2677     8.2689     8.2140    34.5702    34.5778  1029.2284    26.8959 7.1587e-02      0.199  286.10306     0.0616    98.4731     3.7581     0.9450      7.633 1.0000e-12      16651         22 0.0000e+00
    511.214   20.15196 -106.00026    515.000     8.2658     8.2662     8.2119    34.5699    34.5777  1029.2331    26.8960 7.2428e-02      0.214  286.11592     0.0609    98.4890     3.7581     0.9442      7.633 1.0000e-12      16675         27 0.0000e+00
    512.205   20.15196 -106.00026    516.000     8.2647     8.2649     8.2107    34.5696    34.5775  1029.2375    26.8959 7.1349e-02      0.189  286.12370     0.0617    98.4708     3.7578     0.9438      7.633 1.0000e-12      16703         27 0.0000e+00
    513.196   20.15196 -106.00026    517.000     8.2650     8.2651     8.2109    34.5694    34.5773  1029.2418    26.8957 7.3269e-02      0.192  286.12233     0.0611    98.4841     3.7579     0.9433      7.633 1.0000e-12      16730         26 0.0000e+00
    514.188   20.15196 -106.00026    518.000     8.2648     8.2654     8.2106    34.5691    34.5768  1029.2461    26.8955 7.5056e-02      0.205  286.12409     0.0615    98.4748     3.7579     0.9434      7.633 1.0000e-12      16756         28 0.0000e+00
    515.179   20.15196 -106.00026    519.000     8.2641     8.2642     8.2098    34.5692    34.5770  1029.2508    26.8957 7.3931e-02      0.204  286.12836     0.0613    98.4789     3.7575     0.9431      7.633 1.0000e-12      16784         29 0.0000e+00
    516.171   20.15196 -106.00026    520.000     8.2642     8.2643     8.2098    34.5690    34.5770  1029.2552    26.8955 7.1660e-02      0.140  286.12770     0.0614    98.4763     3.7581     0.9430      7.633 1.0000e-12      16812         25 0.0000e+00
    517.162   20.15196 -106.00026    521.000     8.2642     8.2633     8.2097    34.5689    34.5771  1029.2596    26.8954 7.3638e-02      0.191  286.12794     0.0614    98.4768     3.7579     0.9427      7.633 1.0000e-12      16837         23 0.0000e+00
    518.153   20.15196 -106.00026    522.000     8.2605     8.2607     8.2059    34.5695    34.5775  1029.2652    26.8965 7.3565e-02      0.152  286.15071     0.0607    98.4939     3.7581     0.9424      7.633 1.0000e-12      16859         24 0.0000e+00
    519.145   20.15196 -106.00026    523.000     8.2597     8.2600     8.2050    34.5696    34.5775  1029.2699    26.8967 7.3423e-02      0.153  286.15502     0.0609    98.4894     3.7581     0.9422      7.633 1.0000e-12      16882         23 0.0000e+00
    520.136   20.15196 -106.00026    524.000     8.2545     8.2548     8.1997    34.5693    34.5769  1029.2750    26.8972 7.4915e-02      0.203  286.18926     0.0616    98.4714     3.7579     0.9418      7.633 1.0000e-12      16907         26 0.0000e+00
    521.127   20.15196 -106.00026    525.000     8.2329     8.2332     8.1781    34.5696    34.5774  1029.2833    26.9008 7.4690e-02      0.193  286.32599     0.0617    98.4688     3.7580     0.9411      7.633 1.0000e-12      16932         23 0.0000e+00
    522.119   20.15196 -106.00026    526.000     8.2275     8.2280     8.1726    34.5697    34.5775  1029.2888    26.9016 7.2395e-02      0.199  286.36018     0.0616    98.4724     3.7576     0.9405      7.633 1.0000e-12      16956         23 0.0000e+00
    523.110   20.15196 -106.00026    527.000     8.2121     8.2092     8.1571    34.5691    34.5771  1029.2953    26.9035 7.4961e-02      0.216  286.45985     0.0612    98.4823     3.7579     0.9398      7.633 1.0000e-12      16977         21 0.0000e+00
    524.102   20.15196 -106.00026    528.000     8.1795     8.1797     8.1245    34.5689    34.5764  1029.3050    26.9083 7.4995e-02      0.190  286.66840     0.0607    98.4945     3.7581     0.9385      7.633 1.0000e-12      16997         19 0.0000e+00
    525.093   20.15196 -106.00026    529.000     8.1620     8.1629     8.1070    34.5690    34.5771  1029.3125    26.9110 7.4431e-02      0.203  286.77967     0.0613    98.4796     3.7581     0.9371      7.633 1.0000e-12      17017         22 0.0000e+00
    526.084   20.15196 -106.00026    530.000     8.1481     8.1491     8.0931    34.5688    34.5765  1029.3190    26.9130 7.3407e-02      0.222  286.86864     0.0635    98.4262     3.7582     0.9358      7.633 1.0000e-12      17040         23 0.0000e+00
    527.076   20.15196 -106.00026    531.000     8.1437     8.1452     8.0886    34.5685    34.5763  1029.3240    26.9133 7.3780e-02      0.166  286.89782     0.0608    98.4918     3.7581     0.9348      7.631 1.0000e-12      17066         28 0.0000e+00
    528.067   20.15196 -106.00026    532.000     8.1273     8.1261     8.0722    34.5679    34.5754  1029.3307    26.9154 7.3385e-02      0.199  287.00363     0.0608    98.4918     3.7582     0.9341      7.631 1.0000e-12      17095         30 0.0000e+00
    529.058   20.15196 -106.00026    533.000     8.1104     8.1108     8.0552    34.5674    34.5750  1029.3375    26.9175 7.2015e-02      0.149  287.11331     0.0606    98.4971     3.7582     0.9330      7.630 1.0000e-12      17126         30 0.0000e+00
    530.050   20.15196 -106.00026    534.000     8.0810     8.0824     8.0258    34.5669    34.5747  1029.3464    26.9215 7.3972e-02      0.177  287.30281     0.0606    98.4961     3.7582     0.9317      7.631 1.0000e-12      17155         27 0.0000e+00
    531.041   20.15196 -106.00026    535.000     8.0708     8.0707     8.0155    34.5664    34.5743  1029.3522    26.9227 7.1524e-02      0.181  287.36901     0.0604    98.5002     3.7582     0.9301      7.630 1.0000e-12      17182         26 0.0000e+00
    532.033   20.15196 -106.00026    536.000     8.0640     8.0639     8.0086    34.5661    34.5738  1029.3575    26.9234 7.3758e-02      0.160  287.41327     0.0610    98.4866     3.7581     0.9293      7.630 1.0000e-12      17205         22 0.0000e+00
    533.024   20.15196 -106.00026    537.000     8.0554     8.0558     7.9999    34.5656    34.5734  1029.3631    26.9243 7.3783e-02      0.191  287.46977     0.0619    98.4649     3.7582     0.9285      7.630 1.0000e-12      17227         21 0.0000e+00
    534.015   20.15196 -106.00026    538.000     8.0495     8.0500     7.9940    34.5655    34.5733  1029.3685    26.9252 7.1547e-02      0.188  287.50741     0.0604    98.5024     3.7582     0.9281      7.629 1.0000e-12      17248         20 0.0000e+00
    535.006   20.15196 -106.00026    539.000     8.0448     8.0446     7.9892    34.5650    34.5729  1029.3733    26.9255 7.2389e-02      0.220  287.53871     0.0606    98.4961     3.7582     0.9272      7.629 1.0000e-12      17269         21 0.0000e+00
    535.998   20.15196 -106.00026    540.000     8.0317     8.0318     7.9761    34.5644    34.5720  1029.3795    26.9270 7.2213e-02      0.219  287.62425     0.0603    98.5049     3.7582     0.9270      7.629 1.0000e-12      17290         21 0.0000e+00
    536.989   20.15196 -106.00026    541.000     8.0089     8.0091     7.9533    34.5649    34.5725  1029.3881    26.9308 7.2261e-02      0.174  287.76936     0.0604    98.5021     3.7582     0.9256      7.630 1.0000e-12      17311         22 0.0000e+00
    537.980   20.15196 -106.00026    542.000     8.0052     8.0054     7.9495    34.5647    34.5724  1029.3930    26.9312 7.5894e-02      0.196  287.79361     0.0608    98.4926     3.7582     0.9250      7.629 1.0000e-12      17333         22 0.0000e+00
    538.972   20.15196 -106.00026    543.000     8.0014     8.0017     7.9455    34.5640    34.5717  1029.3976    26.9312 7.2767e-02      0.142  287.81967     0.0616    98.4734     3.7583     0.9243      7.629 1.0000e-12      17357         26 0.0000e+00
    539.963   20.15196 -106.00026    544.000     7.9881     7.9883     7.9322    34.5634    34.5710  1029.4038    26.9327 7.2584e-02      0.235  287.90668     0.0602    98.5081     3.7582     0.9238      7.629 1.0000e-12      17384         27 0.0000e+00
    540.954   20.15196 -106.00026    545.000     7.9710     7.9713     7.9150    34.5631    34.5708  1029.4108    26.9350 7.3438e-02      0.132  288.01745     0.0604    98.5020     3.7582     0.9228      7.629 1.0000e-12      17414         29 0.0000e+00
    541.945   20.15196 -106.00026    546.000     7.9518     7.9521     7.8959    34.5625    34.5703  1029.4179    26.9374 7.2420e-02      0.128  288.14188     0.0614    98.4770     3.7582     0.9218      7.629 1.0000e-12      17442         27 0.0000e+00
    542.937   20.15196 -106.00026    547.000     7.9326     7.9329     7.8767    34.5628    34.5706  1029.4258    26.9405 7.3899e-02      0.239  288.26503     0.0603    98.5030     3.7582     0.9203      7.629 1.0000e-12      17466         23 0.0000e+00
    543.928   20.15196 -106.00026    548.000     7.9190     7.9190     7.8629    34.5620    34.5696  1029.4319    26.9419 7.1546e-02      0.169  288.35496     0.0604    98.5024     3.7583     0.9190      7.629 1.0000e-12      17490         25 0.0000e+00
    544.919   20.15196 -106.00026    549.000     7.8968     7.8967     7.8407    34.5616    34.5691  1029.4396    26.9449 7.2954e-02      0.160  288.49908     0.0597    98.5209     3.7583     0.9179      7.629 1.0000e-12      17515         27 0.0000e+00
    545.910   20.15196 -106.00026    550.000     7.8890     7.8892     7.8329    34.5612    34.5689  1029.4450    26.9457 7.2853e-02      0.207  288.55014     0.0595    98.5252     3.7583     0.9167      7.629 1.0000e-12      17543         27 0.0000e+00
    546.902   20.15196 -106.00026    551.000     7.8869     7.8871     7.8307    34.5607    34.5685  1029.4495    26.9456 7.4294e-02      0.151  288.56510     0.0602    98.5065     3.7583     0.9164      7.629 1.0000e-12      17569         25 0.0000e+00
    547.893   20.15196 -106.00026    552.000     7.8843     7.8846     7.8280    34.5604    34.5681  1029.4542    26.9458 7.4056e-02      0.215  288.58215     0.0597    98.5200     3.7582     0.9157      7.629 1.0000e-12      17593         23 0.0000e+00
    548.884   20.15196 -106.00026    553.000     7.8782     7.8784     7.8218    34.5600    34.5677  1029.4594    26.9464 7.3442e-02      0.244  288.62232     0.0598    98.5173     3.7583     0.9152      7.629 1.0000e-12      17615         21 0.0000e+00
    549.875   20.15196 -106.00026    554.000     7.8650     7.8653     7.8086    34.5594    34.5670  1029.4655    26.9478 7.2493e-02      0.193  288.70892     0.0600    98.5113     3.7583     0.9146      7.629 1.0000e-12      17635         19 0.0000e+00
    550.867   20.15196 -106.00026    555.000     7.8478     7.8481     7.7914    34.5595    34.5673  1029.4729    26.9505 7.3261e-02      0.145  288.81987     0.0597    98.5196     3.7585     0.9136      7.629 1.0000e-12      17654         19 0.0000e+00
    551.858   20.15196 -106.00026    556.000     7.8398     7.8401     7.7833    34.5589    34.5667  1029.4782    26.9512 7.3470e-02      0.081  288.87292     0.0597    98.5194     3.7583     0.9127      7.629 1.0000e-12      17673         18 0.0000e+00
    552.849   20.15196 -106.00026    557.000     7.8143     7.8145     7.7577    34.5577    34.5654  1029.4859    26.9540 7.1880e-02      0.221  289.04091     0.0595    98.5236     3.7587     0.9117      7.628 1.0000e-12      17693         22 0.0000e+00
    553.840   20.15196 -106.00026    558.000     7.7955     7.7956     7.7389    34.5580    34.5658  1029.4936    26.9570 7.2692e-02      0.169  289.16242     0.0596    98.5214     3.7589     0.9105      7.628 1.0000e-12      17717         27 0.0000e+00
    554.831   20.15196 -106.00026    559.000     7.7864     7.7865     7.7297    34.5574    34.5651  1029.4991    26.9579 7.2281e-02      0.235  289.22297     0.0596    98.5214     3.7588     0.9093      7.627 1.0000e-12      17747         30 0.0000e+00
    555.823   20.15196 -106.00026    560.000     7.7711     7.7710     7.7145    34.5566    34.5643  1029.5054    26.9595 7.1995e-02      0.123  289.32343     0.0596    98.5223     3.7586     0.9083      7.626 1.0000e-12      17778         32 0.0000e+00
    556.814   20.15196 -106.00026    561.000     7.7584     7.7584     7.7016    34.5561    34.5638  1029.5115    26.9610 7.4088e-02      0.201  289.40739     0.0600    98.5106     3.7586     0.9076      7.626 1.0000e-12      17807         27 0.0000e+00
    557.805   20.15196 -106.00026    562.000     7.7475     7.7481     7.6907    34.5555    34.5632  1029.5173    26.9621 7.2565e-02      0.165  289.47929     0.0595    98.5252     3.7590     0.9069      7.626 1.0000e-12      17833         26 0.0000e+00
    558.796   20.15196 -106.00026    563.000     7.7328     7.7331     7.6759    34.5552    34.5629  1029.5240    26.9640 7.3092e-02      0.204  289.57571     0.0593    98.5302     3.7589     0.9058      7.625 1.0000e-12      17858         23 0.0000e+00
    559.787   20.15196 -106.00026    564.000     7.7186     7.7188     7.6617    34.5552    34.5629  1029.5307    26.9661 7.3412e-02      0.169  289.66815     0.0596    98.5212     3.7592     0.9046      7.625 1.0000e-12      17881         24 0.0000e+00
    560.778   20.15196 -106.00026    565.000     7.7061     7.7063     7.6492    34.5551    34.5630  1029.5371    26.9678 7.3898e-02      0.134  289.74949     0.0590    98.5359     3.7589     0.9032      7.625 1.0000e-12      17905         23 0.0000e+00
    561.770   20.15196 -106.00026    566.000     7.7010     7.7010     7.6440    34.5548    34.5627  1029.5423    26.9684 7.3267e-02      0.193  289.78322     0.0595    98.5257     3.7589     0.9027      7.625 1.0000e-12      17928         24 0.0000e+00
    562.761   20.15196 -106.00026    567.000     7.6973     7.6978     7.6402    34.5546    34.5625  1029.5472    26.9687 7.3114e-02      0.215  289.80780     0.0592    98.5329     3.7592     0.9023      7.625 1.0000e-12      17952         24 0.0000e+00
    563.752   20.15196 -106.00026    568.000     7.6960     7.6964     7.6388    34.5544    34.5621  1029.5518    26.9688 7.3101e-02      0.093  289.81659     0.0596    98.5227     3.7594     0.9020      7.625 1.0000e-12      17975         23 0.0000e+00
    564.744   20.15196 -106.00026    569.000     7.6942     7.6947     7.6369    34.5541    34.5618  1029.5563    26.9688 7.3094e-02      0.166  289.82910     0.0598    98.5165     3.7589     0.9017      7.625 1.0000e-12      17998         22 0.0000e+00
