data/ctd-cnv/SKQ1617/SKQ1617-St15-P1/skq201617s-025avg.cnv
* Sea-Bird SBE 9 Data File:
* FileName = D:\CTD\SKQ201617S\SKQ201617S-025.hex
* Software Version Seasave V 7.22.5
* Temperature SN = 5773
* Conductivity SN = 2251
* Number of Bytes Per Scan = 37
* Number of Voltage Words = 4
* Number of Scans Averaged by the Deck Unit = 1
* NMEA Latitude = 20 13.36 N
* NMEA Longitude = 106 10.68 W
* NMEA UTC (Time) = Jan 04 2017  08:09:11
* NMEA baud rate = 4800
** Ship: R/V Sikuliaq
** Station Number: 025
** Station Name: Station 15
** Depth: 2463.99m
** Operator: RML
# nquan = 23
# nvalues = 260                         
# units = specified
# name 0 = depSMignore: Depth [salt water, m]
# name 1 = latitude: Latitude [deg]
# name 2 = longitude: Longitude [deg]
# name 3 = prDM: Pressure, Digiquartz [db]
# name 4 = t090C: Temperature [ITS-90, deg C]
# name 5 = t190C: Temperature, 2 [ITS-90, deg C]
# name 6 = potemp090C: Potential Temperature [ITS-90, deg C]
# name 7 = sal00: Salinity, Practical [PSU]
# name 8 = sal11: Salinity, Practical, 2 [PSU]
# name 9 = density00: Density [density, kg/m^3]
# name 10 = sigma-t00: Density [sigma-t, kg/m^3 ]
# name 11 = flSP: Fluorescence, Seapoint
# name 12 = sbox0Mm/Kg: Oxygen, SBE 43 [umol/kg]
# name 13 = oxsolMm/Kg: Oxygen Saturation, Garcia & Gordon [umol/kg]
# name 14 = CStarAt0: Beam Attenuation, WET Labs C-Star [1/m]
# name 15 = CStarTr0: Beam Transmission, WET Labs C-Star [%]
# name 16 = v2: Voltage 2
# name 17 = v3: Voltage 3
# name 18 = ph: pH
# name 19 = par: PAR/Irradiance, Biospherical/Licor
# name 20 = scan: Scan Count
# name 21 = nbin: number of scans per bin
# name 22 = flag: flag
# span 0 =      2.982,    260.231       
# span 1 =   20.22266,   20.22268       
# span 2 = -106.17808, -106.17806       
# span 3 =      3.000,    262.000       
# span 4 =    11.4519,    25.8682       
# span 5 =    11.4571,    25.8672       
# span 6 =    11.4188,    25.8671       
# span 7 =    34.5316,    34.8161       
# span 8 =    34.5408,    34.8243       
# span 9 =  1022.8540,  1027.6615       
# span 10 =    22.8331,    26.4859      
# span 11 = 6.9553e-02, 6.8173e+00      
# span 12 =      0.192,    199.421      
# span 13 =  204.22975,  266.78367      
# span 14 =     0.0725,     0.5678      
# span 15 =    86.7660,    98.2030      
# span 16 =     1.4292,     3.7118      
# span 17 =     1.1794,     2.2410      
# span 18 =      6.872,      6.963      
# span 19 = -6.936e-07, 5.3203e-01      
# span 20 =       -219,      16956      
# span 21 =         18,       1585      
# span 22 = 0.0000e+00, 0.0000e+00      
# interval = decibars: 1                
# start_time = Jan 04 2017 08:09:11 [NMEA time, header]
# bad_flag = -9.990e-29
*END*
[from data line 126]
    128.170   20.22266 -106.17806    129.000    13.3858    13.3862    13.3678    34.8106    34.8187  1026.7433    26.1680 1.7740e-01      0.520  256.23176     0.1338    96.7093     3.7058     1.3297      6.915 2.1674e-03      12306         24 0.0000e+00
    129.164   20.22266 -106.17806    130.000    13.3837    13.3839    13.3655    34.8102    34.8184  1026.7479    26.1682 1.7739e-01      0.489  256.24347     0.1343    96.6971     3.7057     1.3284      6.915 1.9741e-03      12332         28 0.0000e+00
    130.157   20.22266 -106.17806    131.000    13.3829    13.3829    13.3646    34.8099    34.8180  1026.7522    26.1681 1.7800e-01      0.481  256.24835     0.1343    96.6989     3.7057     1.3280      6.915 1.6256e-03      12360         27 0.0000e+00
    131.150   20.22266 -106.17806    132.000    13.3663    13.3658    13.3479    34.8105    34.8187  1026.7606    26.1719 1.7276e-01      0.453  256.33313     0.1340    96.7046     3.7056     1.3270      6.915 1.5304e-03      12386         23 0.0000e+00
    132.143   20.22266 -106.17806    133.000    13.3448    13.3447    13.3263    34.8156    34.8239  1026.7734    26.1802 1.5640e-01      0.500  256.43541     0.1336    96.7141     3.7057     1.3258      6.915 1.5398e-03      12408         21 0.0000e+00
    133.137   20.22266 -106.17806    134.000    13.3434    13.3432    13.3247    34.8160    34.8242  1026.7785    26.1809 1.5554e-01      0.445  256.44206     0.1334    96.7201     3.7062     1.3245      6.915 1.5977e-03      12429         22 0.0000e+00
    134.130   20.22266 -106.17806    135.000    13.3421    13.3422    13.3233    34.8161    34.8243  1026.7832    26.1812 1.5909e-01      0.459  256.44873     0.1336    96.7149     3.7058     1.3239      6.915 1.4793e-03      12451         23 0.0000e+00
    135.123   20.22266 -106.17806    136.000    13.3406    13.3406    13.3217    34.8160    34.8242  1026.7879    26.1814 1.5539e-01      0.461  256.45653     0.1371    96.6312     3.7058     1.3234      6.915 1.4737e-03      12477         27 0.0000e+00
    136.116   20.22266 -106.17806    137.000    13.3403    13.3403    13.3212    34.8156    34.8239  1026.7922    26.1812 1.5568e-01      0.447  256.45889     0.1337    96.7114     3.7057     1.3231      6.915 1.2601e-03      12504         26 0.0000e+00
    137.110   20.22266 -106.17806    138.000    13.3374    13.3379    13.3181    34.8156    34.8238  1026.7972    26.1818 1.5516e-01      0.450  256.47430     0.1340    96.7045     3.7059     1.3227      6.915 1.4750e-03      12529         25 0.0000e+00
    138.103   20.22266 -106.17806    139.000    13.3189    13.3185    13.2995    34.8153    34.8234  1026.8052    26.1853 1.4825e-01      0.448  256.57078     0.1353    96.6731     3.7059     1.3218      6.915 1.2513e-03      12554         25 0.0000e+00
    139.096   20.22266 -106.17806    140.000    13.2173    13.2193    13.1979    34.8126    34.8202  1026.8285    26.2039 1.2465e-01      0.467  257.10477     0.1346    96.6898     3.7062     1.3192      6.915 1.4187e-03      12579         26 0.0000e+00
    140.089   20.22266 -106.17806    141.000    13.1146    13.1155    13.0951    34.8089    34.8166  1026.8511    26.2218 1.1404e-01      0.529  257.64840     0.1334    96.7210     3.7067     1.3124      6.915 1.2240e-03      12605         27 0.0000e+00
    141.082   20.22266 -106.17806    142.000    13.1028    13.1031    13.0832    34.8078    34.8159  1026.8571    26.2233 1.1340e-01      0.477  257.71196     0.1328    96.7339     3.7068     1.3087      6.915 1.4209e-03      12632         25 0.0000e+00
    142.076   20.22266 -106.17806    143.000    13.0950    13.0952    13.0753    34.8075    34.8155  1026.8629    26.2246 1.1053e-01      0.439  257.75355     0.1333    96.7219     3.7068     1.3072      6.915 9.9401e-04      12658         24 0.0000e+00
    143.069   20.22266 -106.17806    144.000    13.0936    13.0936    13.0738    34.8071    34.8153  1026.8673    26.2246 1.1005e-01      0.470  257.76157     0.1323    96.7468     3.7070     1.3062      6.915 6.5109e-04      12680         22 0.0000e+00
    144.062   20.22266 -106.17806    145.000    13.0844    13.0846    13.0645    34.8069    34.8150  1026.8735    26.2263 1.0816e-01      0.432  257.80983     0.1326    96.7404     3.7070     1.3049      6.915 8.1287e-04      12701         21 0.0000e+00
    145.055   20.22266 -106.17806    146.000    13.0546    13.0557    13.0345    34.8071    34.8147  1026.8842    26.2325 1.0373e-01      0.473  257.96629     0.1325    96.7417     3.7070     1.3035      6.915 7.1829e-04      12723         22 0.0000e+00
    146.048   20.22266 -106.17806    147.000    12.9994    13.0003    12.9793    34.8097    34.8175  1026.9019    26.2456 9.4424e-02      0.492  258.25120     0.1335    96.7175     3.7070     1.3008      6.915 9.0068e-04      12746         24 0.0000e+00
    147.041   20.22266 -106.17806    148.000    12.9594    12.9599    12.9391    34.8102    34.8183  1026.9149    26.2540 9.3716e-02      0.488  258.46132     0.1326    96.7400     3.7071     1.2976      6.915 9.0070e-04      12772         29 0.0000e+00
    148.035   20.22266 -106.17806    149.000    12.9537    12.9537    12.9333    34.8100    34.8182  1026.9204    26.2550 9.2838e-02      0.439  258.49169     0.1330    96.7302     3.7070     1.2960      6.914 2.9860e-04      12800         26 0.0000e+00
    149.028   20.22266 -106.17806    150.000    12.9500    12.9500    12.9295    34.8095    34.8177  1026.9252    26.2553 9.0705e-02      0.439  258.51203     0.1318    96.7587     3.7070     1.2952      6.914 2.4806e-04      12826         26 0.0000e+00
    150.021   20.22266 -106.17806    151.000    12.9446    12.9444    12.9239    34.8089    34.8170  1026.9303    26.2560 9.1095e-02      0.452  258.54156     0.1323    96.7465     3.7072     1.2945      6.914 3.8889e-04      12850         23 0.0000e+00
    151.014   20.22266 -106.17806    152.000    12.9387    12.9389    12.9180    34.8083    34.8165  1026.9354    26.2566 9.0634e-02      0.456  258.57360     0.1339    96.7079     3.7075     1.2935      6.913 2.7328e-04      12872         23 0.0000e+00
    152.007   20.22266 -106.17806    153.000    12.9265    12.9267    12.9057    34.8077    34.8159  1026.9419    26.2586 9.1691e-02      0.456  258.63901     0.1331    96.7263     3.7076     1.2925      6.914 1.5381e-04      12895         23 0.0000e+00
    153.000   20.22266 -106.17806    154.000    12.9160    12.9166    12.8950    34.8070    34.8151  1026.9479    26.2601 9.0272e-02      0.456  258.69567     0.1330    96.7296     3.7073     1.2915      6.913 8.9531e-05      12920         25 0.0000e+00
    153.993   20.22266 -106.17806    155.000    12.9053    12.9054    12.8842    34.8090    34.8171  1026.9561    26.2639 8.8832e-02      0.429  258.74864     0.1332    96.7251     3.7071     1.2905      6.912 1.4871e-04      12947         25 0.0000e+00
    154.987   20.22266 -106.17806    156.000    12.9001    12.9003    12.8788    34.8109    34.8189  1026.9631    26.2664 8.6782e-02      0.470  258.77277     0.1321    96.7516     3.7071     1.2898      6.911 8.7710e-05      12974         27 0.0000e+00
    155.980   20.22266 -106.17806    157.000    12.8886    12.8887    12.8672    34.8108    34.8189  1026.9698    26.2686 8.3805e-02      0.457  258.83352     0.1320    96.7554     3.7071     1.2894      6.911 8.8881e-05      13001         26 0.0000e+00
    156.973   20.22266 -106.17806    158.000    12.8711    12.8716    12.8496    34.8110    34.8191  1026.9780    26.2722 8.1601e-02      0.457  258.92559     0.1319    96.7563     3.7073     1.2883      6.911 8.8881e-05      13026         26 0.0000e+00
    157.966   20.22266 -106.17806    159.000    12.8536    12.8538    12.8320    34.8112    34.8193  1026.9862    26.2759 8.3940e-02      0.457  259.01798     0.1323    96.7464     3.7076     1.2868      6.911 8.5350e-05      13052         25 0.0000e+00
    158.959   20.22266 -106.17806    160.000    12.8365    12.8365    12.8148    34.8113    34.8196  1026.9941    26.2794 7.8840e-02      0.458  259.10815     0.1325    96.7428     3.7075     1.2855      6.911 8.8882e-05      13075         21 0.0000e+00
    159.952   20.22266 -106.17806    161.000    12.8198    12.8198    12.7980    34.8112    34.8191  1027.0019    26.2826 7.7081e-02      0.458  259.19678     0.1309    96.7818     3.7082     1.2840      6.910 7.9339e-05      13095         19 0.0000e+00
    160.945   20.22266 -106.17806    162.000    12.8052    12.8049    12.7832    34.8101    34.8183  1027.0084    26.2847 7.9725e-02      0.458  259.27637     0.1314    96.7689     3.7081     1.2828      6.911 6.7668e-05      13115         21 0.0000e+00
    161.938   20.22266 -106.17806    163.000    12.7971    12.7975    12.7750    34.8100    34.8180  1027.0144    26.2862 7.8632e-02      0.458  259.31940     0.1317    96.7605     3.7079     1.2816      6.910 7.8446e-05      13138         26 0.0000e+00
    162.932   20.22266 -106.17806    164.000    12.7888    12.7889    12.7665    34.8095    34.8177  1027.0202    26.2875 7.9157e-02      0.438  259.36442     0.1333    96.7224     3.7078     1.2809      6.910 7.7436e-05      13166         31 0.0000e+00
    163.925   20.22266 -106.17806    165.000    12.7505    12.7516    12.7282    34.8076    34.8153  1027.0309    26.2936 7.8895e-02      0.473  259.57122     0.1318    96.7595     3.7079     1.2799      6.910 7.5201e-05      13196         26 0.0000e+00
    164.918   20.22266 -106.17806    166.000    12.6816    12.6814    12.6592    34.8071    34.8151  1027.0488    26.3069 7.3589e-02      0.428  259.93840     0.1315    96.7674     3.7079     1.2770      6.910 7.1018e-05      13222         25 0.0000e+00
    165.910   20.22266 -106.17806    167.000    12.6551    12.6552    12.6326    34.8055    34.8136  1027.0574    26.3109 7.5290e-02      0.442  260.08243     0.1314    96.7691     3.7080     1.2740      6.910 8.5664e-05      13246         21 0.0000e+00
    166.904   20.22266 -106.17806    168.000    12.6397    12.6399    12.6171    34.8047    34.8127  1027.0643    26.3132 7.4811e-02      0.481  260.16604     0.1316    96.7644     3.7082     1.2716      6.910 6.4996e-05      13269         26 0.0000e+00
    167.897   20.22266 -106.17806    169.000    12.6239    12.6240    12.6011    34.8039    34.8118  1027.0712    26.3157 7.3012e-02      0.461  260.25225     0.1313    96.7702     3.7082     1.2701      6.910 4.1485e-05      13294         24 0.0000e+00
    168.890   20.22266 -106.17806    170.000    12.6011    12.6009    12.5783    34.8027    34.8108  1027.0794    26.3193 7.3250e-02      0.408  260.37570     0.1313    96.7703     3.7085     1.2681      6.910 1.9990e-05      13317         23 0.0000e+00
    169.883   20.22266 -106.17806    171.000    12.5859    12.5862    12.5629    34.8023    34.8104  1027.0865    26.3220 7.4957e-02      0.425  260.45815     0.1315    96.7666     3.7082     1.2666      6.910 3.3469e-05      13339         21 0.0000e+00
    170.876   20.22266 -106.17806    172.000    12.5796    12.5795    12.5565    34.8015    34.8096  1027.0916    26.3226 7.5090e-02      0.440  260.49325     0.1308    96.7819     3.7086     1.2656      6.910 4.0310e-05      13361         22 0.0000e+00
    171.869   20.22266 -106.17806    173.000    12.5687    12.5684    12.5455    34.8005    34.8084  1027.0975    26.3239 7.3245e-02      0.457  260.55329     0.1368    96.6375     3.7082     1.2647      6.910 1.4004e-05      13385         25 0.0000e+00
    172.862   20.22266 -106.17806    174.000    12.5418    12.5425    12.5185    34.7985    34.8067  1027.1058    26.3277 7.2752e-02      0.428  260.70089     0.1323    96.7468     3.7083     1.2632      6.910 2.1495e-05      13413         29 0.0000e+00
    173.855   20.22266 -106.17806    175.000    12.5215    12.5212    12.4981    34.7974    34.8052  1027.1134    26.3308 7.3135e-02      0.431  260.81142     0.1312    96.7728     3.7084     1.2618      6.910 1.9007e-05      13442         28 0.0000e+00
    174.848   20.22266 -106.17806    176.000    12.4885    12.4879    12.4650    34.7954    34.8032  1027.1229    26.3357 7.3263e-02      0.460  260.99196     0.1312    96.7725     3.7084     1.2603      6.910 3.3408e-06      13468         24 0.0000e+00
    175.841   20.22266 -106.17806    177.000    12.4429    12.4427    12.4193    34.7937    34.8015  1027.1351    26.3433 7.4215e-02      0.444  261.24056     0.1306    96.7885     3.7087     1.2575      6.910 3.1562e-10      13491         23 0.0000e+00
    176.834   20.22266 -106.17806    178.000    12.3923    12.3916    12.3687    34.7929    34.8010  1027.1490    26.3526 7.2573e-02      0.452  261.51398     0.1309    96.7802     3.7089     1.2541      6.910 2.1021e-05      13513         21 0.0000e+00
    177.827   20.22266 -106.17806    179.000    12.3763    12.3762    12.3525    34.7928    34.8008  1027.1566    26.3556 7.2132e-02      0.435  261.60038     0.1314    96.7676     3.7090     1.2518      6.910 -6.936e-07      13536         23 0.0000e+00
    178.820   20.22266 -106.17806    180.000    12.3714    12.3710    12.3475    34.7917    34.7996  1027.1611    26.3557 7.2397e-02      0.418  261.62901     0.1310    96.7795     3.7093     1.2505      6.910 1.0000e-12      13561         25 0.0000e+00
    179.813   20.22266 -106.17806    181.000    12.3633    12.3645    12.3393    34.7908    34.7989  1027.1665    26.3566 7.2124e-02      0.407  261.67428     0.1317    96.7607     3.7093     1.2498      6.910 1.0000e-12      13586         26 0.0000e+00
    180.806   20.22266 -106.17806    182.000    12.3549    12.3545    12.3307    34.7902    34.7982  1027.1722    26.3578 7.2972e-02      0.380  261.72073     0.1322    96.7484     3.7094     1.2486      6.909 1.0000e-12      13611         25 0.0000e+00
    181.799   20.22266 -106.17806    183.000    12.3488    12.3489    12.3246    34.7897    34.7977  1027.1774    26.3585 7.3407e-02      0.436  261.75445     0.1345    96.6934     3.7092     1.2478      6.909 1.0000e-12      13634         23 0.0000e+00
    182.792   20.22266 -106.17806    184.000    12.3378    12.3368    12.3134    34.7888    34.7969  1027.1834    26.3600 7.2773e-02      0.370  261.81562     0.1312    96.7746     3.7092     1.2471      6.909 3.9632e-06      13657         22 0.0000e+00
    183.785   20.22266 -106.17806    185.000    12.3076    12.3070    12.2831    34.7878    34.7958  1027.1930    26.3651 7.2159e-02      0.398  261.98049     0.1300    96.8026     3.7093     1.2456      6.909 9.1513e-08      13679         23 0.0000e+00
    184.778   20.22266 -106.17806    186.000    12.2918    12.2916    12.2672    34.7874    34.7954  1027.2003    26.3678 7.1829e-02      0.429  262.06647     0.1303    96.7954     3.7094     1.2441      6.909 1.0000e-12      13703         23 0.0000e+00
    185.771   20.22267 -106.17806    187.000    12.2841    12.2840    12.2594    34.7870    34.7951  1027.2060    26.3690 7.1688e-02      0.357  262.10906     0.1305    96.7891     3.7094     1.2434      6.908 1.0000e-12      13729         28 0.0000e+00
    186.764   20.22268 -106.17806    188.000    12.2775    12.2785    12.2527    34.7867    34.7947  1027.2115    26.3701 7.3149e-02      0.351  262.14489     0.1311    96.7767     3.7094     1.2422      6.908 1.0000e-12      13757         29 0.0000e+00
    187.757   20.22268 -106.17806    189.000    12.2752    12.2753    12.2503    34.7866    34.7946  1027.2163    26.3704 7.2332e-02      0.370  262.15765     0.1354    96.6718     3.7094     1.2424      6.908 1.0000e-12      13784         24 0.0000e+00
    188.750   20.22267 -106.17806    190.000    12.2637    12.2638    12.2386    34.7871    34.7951  1027.2235    26.3730 7.3973e-02      0.358  262.21923     0.1323    96.7472     3.7093     1.2415      6.907 1.0000e-12      13806         21 0.0000e+00
