data/ctd-cnv/SKQ1617/SKQ1617-St15-P1/skq201617s-026avg.cnv
* Sea-Bird SBE 9 Data File:
* FileName = D:\CTD\SKQ201617S\SKQ201617S-026.hex
* Software Version Seasave V 7.22.5
* Temperature SN = 5773
* Conductivity SN = 2251
* Number of Bytes Per Scan = 37
* Number of Voltage Words = 4
* Number of Scans Averaged by the Deck Unit = 1
* NMEA Latitude = 20 13.84 N
* NMEA Longitude = 106 10.83 W
* NMEA UTC (Time) = Jan 04 2017  14:02:59
* NMEA baud rate = 4800
** Ship: R/V Sikuliaq
** Station Number: 026
** Station Name: Station 15
** Depth: 2427 m
** Operator: RML
** UVP
# nquan = 23
# nvalues = 200                         
# units = specified
# name 0 = depSM: Depth [salt water, m]
# name 1 = latitude: Latitude [deg]
# name 2 = longitude: Longitude [deg]
# name 3 = prDM: Pressure, Digiquartz [db]
# name 4 = t090C: Temperature [ITS-90, deg C]
# name 5 = t190C: Temperature, 2 [ITS-90, deg C]
# name 6 = potemp090C: Potential Temperature [ITS-90, deg C]
# name 7 = sal00: Salinity, Practical [PSU]
# name 8 = sal11: Salinity, Practical, 2 [PSU]
# name 9 = density00: Density [density, kg/m^3]
# name 10 = sigma-t00: Density [sigma-t, kg/m^3 ]
# name 11 = flSP: Fluorescence, Seapoint
# name 12 = sbox0Mm/Kg: Oxygen, SBE 43 [umol/kg]
# name 13 = oxsolMm/Kg: Oxygen Saturation, Garcia & Gordon [umol/kg]
# name 14 = CStarAt0: Beam Attenuation, WET Labs C-Star [1/m]
# name 15 = CStarTr0: Beam Transmission, WET Labs C-Star [%]
# name 16 = v2: Voltage 2
# name 17 = v3: Voltage 3
# name 18 = ph: pH
# name 19 = par: PAR/Irradiance, Biospherical/Licor
# name 20 = scan: Scan Count
# name 21 = nbin: number of scans per bin
# name 22 = flag: flag
# span 0 =      2.981,    200.666       
# span 1 =   20.23072,   20.23072       
# span 2 = -106.18050, -106.18050       
# span 3 =      3.000,    202.000       
# span 4 =    11.9602,    25.8672       
# span 5 =    11.9612,    25.9355       
# span 6 =    11.9340,    25.8658       
# span 7 =    30.4963,    34.8180       
# span 8 =    33.7198,    34.8260       
# span 9 =  1019.7007,  1027.3236       
# span 10 =    19.6877,    26.4185      
# span 11 = 7.0626e-02, 6.9225e+00      
# span 12 =      0.277,    198.902      
# span 13 =  204.23865,  263.90290      
# span 14 =     0.0767,     0.7456      
# span 15 =    83.0499,    98.1015      
# span 16 =     1.4303,     3.7071      
# span 17 =     1.2214,     2.2417      
# span 18 =      6.912,      6.955      
# span 19 = -1.955e-07, 9.0954e+01      
# span 20 =       -570,      12063      
# span 21 =          5,        680      
# span 22 = 0.0000e+00, 0.0000e+00      
# interval = decibars: 1                
# start_time = Jan 04 2017 14:02:59 [NMEA time, header]
# bad_flag = -9.990e-29
*END*
[from data line 126]
    128.170   20.23072 -106.18050    129.000    13.0632    13.0629    13.0455    34.8168    34.8246  1026.8142    26.2382 9.4788e-02      0.584  257.90346     0.1345    96.6942     3.7033     1.3096      6.923 2.8014e-03       9432         23 0.0000e+00
    129.163   20.23072 -106.18050    130.000    13.0306    13.0302    13.0128    34.8173    34.8249  1026.8256    26.2452 9.1189e-02      0.541  258.07361     0.1339    96.7069     3.7033     1.3070      6.924 2.3711e-03       9454         22 0.0000e+00
    130.157   20.23072 -106.18050    131.000    12.9981    12.9977    12.9802    34.8155    34.8234  1026.8353    26.2503 9.0227e-02      0.566  258.24772     0.1354    96.6723     3.7033     1.3049      6.923 2.2298e-03       9477         24 0.0000e+00
    131.150   20.23072 -106.18050    132.000    12.9665    12.9655    12.9484    34.8155    34.8235  1026.8462    26.2566 8.6374e-02      0.610  258.41461     0.1346    96.6901     3.7034     1.3031      6.923 1.6274e-03       9503         28 0.0000e+00
    132.143   20.23072 -106.18050    133.000    12.9318    12.9316    12.9137    34.8144    34.8222  1026.8568    26.2627 8.4912e-02      0.551  258.59922     0.1334    96.7214     3.7033     1.3007      6.923 1.5761e-03       9531         27 0.0000e+00
    133.136   20.23072 -106.18050    134.000    12.9086    12.9086    12.8904    34.8127    34.8207  1026.8646    26.2660 8.4833e-02      0.569  258.72448     0.1333    96.7234     3.7036     1.2989      6.924 1.4152e-03       9558         25 0.0000e+00
    134.130   20.23072 -106.18050    135.000    12.8844    12.8842    12.8660    34.8104    34.8182  1026.8722    26.2691 8.6623e-02      0.555  258.85687     0.1339    96.7085     3.7037     1.2963      6.924 1.4746e-03       9582         25 0.0000e+00
    135.123   20.23072 -106.18050    136.000    12.8594    12.8591    12.8409    34.8080    34.8157  1026.8799    26.2722 8.3754e-02      0.571  258.99334     0.1335    96.7171     3.7037     1.2948      6.924 1.1229e-03       9607         24 0.0000e+00
    136.116   20.23072 -106.18050    137.000    12.8379    12.8378    12.8193    34.8083    34.8162  1026.8889    26.2768 8.3380e-02      0.557  259.10627     0.1339    96.7079     3.7037     1.2924      6.924 7.0847e-04       9630         25 0.0000e+00
    137.109   20.23072 -106.18050    138.000    12.8255    12.8253    12.8067    34.8079    34.8157  1026.8955    26.2789 8.2991e-02      0.516  259.17309     0.1337    96.7122     3.7039     1.2911      6.923 6.3358e-04       9654         23 0.0000e+00
    138.103   20.23072 -106.18050    139.000    12.8186    12.8187    12.7997    34.8084    34.8162  1026.9018    26.2807 8.0913e-02      0.570  259.20861     0.1338    96.7092     3.7038     1.2899      6.923 3.6104e-04       9679         26 0.0000e+00
    139.096   20.23072 -106.18050    140.000    12.7963    12.7957    12.7773    34.8091    34.8168  1026.9113    26.2857 7.7380e-02      0.522  259.32553     0.1336    96.7152     3.7042     1.2895      6.923 1.4321e-04       9706         27 0.0000e+00
    140.089   20.23072 -106.18050    141.000    12.7573    12.7569    12.7383    34.8098    34.8178  1026.9241    26.2939 7.6918e-02      0.512  259.53082     0.1334    96.7213     3.7043     1.2872      6.923 1.9611e-04       9733         26 0.0000e+00
    141.082   20.23072 -106.18050    142.000    12.7450    12.7449    12.7258    34.8093    34.8171  1026.9307    26.2960 7.9080e-02      0.461  259.59713     0.1327    96.7367     3.7045     1.2850      6.923 8.7881e-05       9758         24 0.0000e+00
    142.076   20.23072 -106.18050    143.000    12.7316    12.7316    12.7123    34.8089    34.8167  1026.9375    26.2983 7.9367e-02      0.450  259.66917     0.1330    96.7303     3.7041     1.2831      6.923 8.8881e-05       9780         21 0.0000e+00
    143.069   20.23072 -106.18050    144.000    12.7194    12.7193    12.7000    34.8083    34.8162  1026.9439    26.3003 7.5707e-02      0.484  259.73501     0.1333    96.7214     3.7045     1.2820      6.922 8.1484e-05       9802         24 0.0000e+00
    144.062   20.23072 -106.18050    145.000    12.7116    12.7115    12.6920    34.8085    34.8165  1026.9502    26.3020 7.6772e-02      0.527  259.77622     0.1334    96.7213     3.7045     1.2810      6.921 7.0343e-05       9827         24 0.0000e+00
    145.055   20.23072 -106.18050    146.000    12.7069    12.7069    12.6872    34.8096    34.8175  1026.9564    26.3038 7.6201e-02      0.493  259.79914     0.1332    96.7253     3.7045     1.2800      6.921 5.4193e-05       9852         26 0.0000e+00
    146.048   20.23072 -106.18050    147.000    12.7039    12.7038    12.6841    34.8098    34.8178  1026.9616    26.3045 7.6758e-02      0.467  259.81460     0.1329    96.7330     3.7045     1.2792      6.920 5.9338e-05       9876         21 0.0000e+00
    147.041   20.23072 -106.18050    148.000    12.6930    12.6929    12.6730    34.8084    34.8161  1026.9672    26.3056 7.5933e-02      0.433  259.87558     0.1320    96.7534     3.7045     1.2784      6.920 2.4634e-05       9898         22 0.0000e+00
    148.034   20.23072 -106.18050    149.000    12.6592    12.6591    12.6391    34.8082    34.8160  1026.9782    26.3121 7.6729e-02      0.454  260.05618     0.1325    96.7433     3.7045     1.2762      6.920 3.9867e-05       9920         22 0.0000e+00
    149.028   20.23072 -106.18050    150.000    12.6487    12.6485    12.6285    34.8086    34.8166  1026.9851    26.3145 7.3498e-02      0.438  260.11112     0.1330    96.7300     3.7045     1.2749      6.920 3.5685e-05       9943         25 0.0000e+00
    150.021   20.23072 -106.18050    151.000    12.6229    12.6227    12.6026    34.8065    34.8145  1026.9931    26.3180 7.3831e-02      0.495  260.25239     0.1328    96.7355     3.7045     1.2740      6.920 2.5038e-05       9972         32 0.0000e+00
    151.014   20.23072 -106.18050    152.000    12.6035    12.6039    12.5831    34.8057    34.8135  1027.0008    26.3211 7.3596e-02      0.441  260.35786     0.1339    96.7077     3.7045     1.2728      6.920 4.9385e-06      10007         32 0.0000e+00
    152.007   20.23072 -106.18050    153.000    12.6001    12.6002    12.5796    34.8047    34.8127  1027.0052    26.3211 7.3107e-02      0.435  260.37740     0.1334    96.7205     3.7045     1.2715      6.920 -1.955e-07      10036         27 0.0000e+00
    153.000   20.23072 -106.18050    154.000    12.5934    12.5934    12.5727    34.8036    34.8115  1027.0102    26.3215 7.4865e-02      0.432  260.41562     0.1325    96.7420     3.7048     1.2702      6.920 4.3187e-06      10059         21 0.0000e+00
    153.993   20.23072 -106.18050    155.000    12.5646    12.5644    12.5439    34.8009    34.8087  1027.0183    26.3251 7.3805e-02      0.462  260.57431     0.1797    95.6103     3.7053     1.2690      6.920 4.4449e-06      10080         20 0.0000e+00
    154.986   20.23072 -106.18050    156.000    12.5501    12.5503    12.5292    34.8009    34.8088  1027.0256    26.3279 7.5576e-02      0.448  260.65210     0.1662    95.9356     3.7053     1.2671      6.920 -5.596e-09      10099         19 0.0000e+00
    155.980   20.23072 -106.18050    157.000    12.5468    12.5469    12.5258    34.8004    34.8083  1027.0304    26.3282 7.3922e-02      0.440  260.67042     0.1330    96.7304     3.7053     1.2657      6.920 1.0000e-12      10120         22 0.0000e+00
    156.973   20.23072 -106.18050    158.000    12.5325    12.5327    12.5114    34.7991    34.8070  1027.0366    26.3300 7.3137e-02      0.447  260.74954     0.1332    96.7263     3.7051     1.2650      6.920 1.0000e-12      10143         26 0.0000e+00
    157.966   20.23072 -106.18050    159.000    12.5186    12.5189    12.4973    34.7980    34.8057  1027.0430    26.3318 7.5196e-02      0.448  260.82618     0.1338    96.7100     3.7048     1.2643      6.920 1.0000e-12      10170         28 0.0000e+00
    158.959   20.23072 -106.18050    160.000    12.4959    12.4962    12.4745    34.7997    34.8075  1027.0533    26.3376 7.5313e-02      0.461  260.94461     0.1348    96.6852     3.7048     1.2629      6.920 1.0000e-12      10198         25 0.0000e+00
    159.952   20.23072 -106.18050    161.000    12.4837    12.4837    12.4622    34.7996    34.8075  1027.0602    26.3400 7.5012e-02      0.446  261.01057     0.1359    96.6590     3.7053     1.2614      6.920 1.0000e-12      10221         23 0.0000e+00
    160.945   20.23072 -106.18050    162.000    12.4737    12.4736    12.4521    34.8006    34.8084  1027.0674    26.3427 7.5741e-02      0.433  261.06218     0.1377    96.6156     3.7056     1.2603      6.920 1.0000e-12      10243         22 0.0000e+00
    161.939   20.23072 -106.18050    163.000    12.4594    12.4595    12.4377    34.8010    34.8090  1027.0750    26.3458 7.5488e-02      0.457  261.13826     0.1397    96.5677     3.7057     1.2594      6.920 1.0000e-12      10268         28 0.0000e+00
    162.931   20.23072 -106.18050    164.000    12.4584    12.4586    12.4366    34.8006    34.8088  1027.0793    26.3457 7.4270e-02      0.450  261.14423     0.1397    96.5666     3.7052     1.2588      6.920 1.0000e-12      10299         31 0.0000e+00
    163.925   20.23072 -106.18050    165.000    12.4540    12.4540    12.4320    34.8008    34.8086  1027.0848    26.3466 7.5491e-02      0.447  261.16772     0.1395    96.5730     3.7053     1.2577      6.919 1.0000e-12      10328         25 0.0000e+00
    164.917   20.23072 -106.18050    166.000    12.4245    12.4242    12.4024    34.7992    34.8069  1027.0939    26.3512 7.4305e-02      0.429  261.32946     0.1411    96.5337     3.7056     1.2566      6.920 1.0000e-12      10350         21 0.0000e+00
    165.911   20.23072 -106.18050    167.000    12.3910    12.3908    12.3688    34.7984    34.8061  1027.1043    26.3571 7.4422e-02      0.439  261.51098     0.1407    96.5443     3.7058     1.2548      6.918 1.0000e-12      10371         22 0.0000e+00
    166.903   20.23072 -106.18050    168.000    12.3632    12.3635    12.3409    34.7976    34.8054  1027.1137    26.3619 7.4120e-02      0.463  261.66243     0.1411    96.5347     3.7057     1.2523      6.918 1.0000e-12      10394         26 0.0000e+00
    167.897   20.23072 -106.18050    169.000    12.3484    12.3489    12.3260    34.7962    34.8040  1027.1200    26.3637 7.4429e-02      0.450  261.74450     0.1408    96.5404     3.7058     1.2510      6.916 1.0000e-12      10421         25 0.0000e+00
    168.890   20.23072 -106.18050    170.000    12.3280    12.3281    12.3055    34.7939    34.8018  1027.1267    26.3659 7.4135e-02      0.451  261.85904     0.1406    96.5447     3.7057     1.2500      6.916 1.0000e-12      10446         25 0.0000e+00
    169.883   20.23072 -106.18050    171.000    12.3120    12.3121    12.2894    34.7925    34.8003  1027.1333    26.3679 7.4941e-02      0.451  261.94787     0.1392    96.5795     3.7058     1.2479      6.917 1.0000e-12      10469         20 0.0000e+00
    170.876   20.23072 -106.18050    172.000    12.3079    12.3079    12.2852    34.7918    34.7998  1027.1380    26.3681 7.2593e-02      0.442  261.97136     0.1387    96.5921     3.7059     1.2466      6.915 1.0000e-12      10491         23 0.0000e+00
    171.869   20.23072 -106.18050    173.000    12.3003    12.3004    12.2775    34.7906    34.7984  1027.1430    26.3687 7.3104e-02      0.416  262.01453     0.1374    96.6228     3.7059     1.2455      6.915 1.0000e-12      10514         23 0.0000e+00
    172.862   20.23072 -106.18050    174.000    12.2806    12.2808    12.2576    34.7886    34.7964  1027.1498    26.3709 7.2295e-02      0.414  262.12534     0.1375    96.6204     3.7062     1.2446      6.915 1.0000e-12      10539         27 0.0000e+00
    173.855   20.23072 -106.18050    175.000    12.2635    12.2632    12.2404    34.7866    34.7944  1027.1561    26.3727 7.2479e-02      0.390  262.22152     0.1366    96.6422     3.7060     1.2435      6.915 1.0000e-12      10567         28 0.0000e+00
    174.848   20.23072 -106.18050    176.000    12.2511    12.2513    12.2279    34.7862    34.7940  1027.1627    26.3748 7.2314e-02      0.417  262.28918     0.1353    96.6746     3.7058     1.2425      6.915 1.0000e-12      10596         31 0.0000e+00
    175.841   20.23072 -106.18050    177.000    12.2417    12.2419    12.2184    34.7849    34.7927  1027.1680    26.3756 7.4138e-02      0.385  262.34236     0.1355    96.6679     3.7059     1.2415      6.915 1.0000e-12      10624         25 0.0000e+00
    176.834   20.23072 -106.18050    178.000    12.2168    12.2166    12.1934    34.7839    34.7918  1027.1766    26.3796 7.4541e-02      0.347  262.47946     0.1340    96.7050     3.7067     1.2401      6.915 1.0000e-12      10648         23 0.0000e+00
    177.827   20.23072 -106.18050    179.000    12.2075    12.2077    12.1839    34.7833    34.7913  1027.1824    26.3809 7.2992e-02      0.432  262.53103     0.1331    96.7286     3.7066     1.2389      6.915 1.0000e-12      10670         23 0.0000e+00
    178.820   20.23072 -106.18050    180.000    12.1976    12.1976    12.1739    34.7831    34.7910  1027.1887    26.3827 7.5096e-02      0.403  262.58506     0.1334    96.7196     3.7070     1.2375      6.915 1.0000e-12      10691         19 0.0000e+00
    179.813   20.23072 -106.18050    181.000    12.1889    12.1891    12.1651    34.7825    34.7904  1027.1944    26.3839 7.1882e-02      0.354  262.63307     0.1331    96.7272     3.7070     1.2365      6.915 1.0000e-12      10712         22 0.0000e+00
    180.806   20.23072 -106.18050    182.000    12.1724    12.1724    12.1485    34.7819    34.7897  1027.2016    26.3866 7.1022e-02      0.407  262.72400     0.1338    96.7099     3.7070     1.2355      6.915 1.0000e-12      10733         21 0.0000e+00
    181.799   20.23072 -106.18050    183.000    12.1599    12.1599    12.1359    34.7814    34.7893  1027.2082    26.3887 7.2132e-02      0.394  262.79261     0.1332    96.7252     3.7070     1.2339      6.915 1.0000e-12      10757         26 0.0000e+00
    182.792   20.23072 -106.18050    184.000    12.1497    12.1495    12.1256    34.7807    34.7886  1027.2141    26.3901 7.3774e-02      0.395  262.84957     0.1328    96.7345     3.7069     1.2334      6.915 1.0000e-12      10785         29 0.0000e+00
    183.785   20.23072 -106.18050    185.000    12.1378    12.1379    12.1136    34.7800    34.7880  1027.2203    26.3918 7.3530e-02      0.320  262.91537     0.1333    96.7230     3.7068     1.2322      6.915 1.0000e-12      10813         27 0.0000e+00
    184.778   20.23072 -106.18050    186.000    12.1260    12.1260    12.1016    34.7794    34.7875  1027.2266    26.3936 7.3531e-02      0.322  262.98091     0.1326    96.7394     3.7069     1.2316      6.915 1.0000e-12      10840         27 0.0000e+00
    185.771   20.23072 -106.18050    187.000    12.1186    12.1187    12.0941    34.7787    34.7867  1027.2320    26.3945 7.2970e-02      0.381  263.02231     0.1320    96.7545     3.7068     1.2311      6.915 1.0000e-12      10867         26 0.0000e+00
    186.764   20.23072 -106.18050    188.000    12.0998    12.0998    12.0752    34.7774    34.7851  1027.2391    26.3971 7.3273e-02      0.310  263.12727     0.1324    96.7449     3.7070     1.2303      6.915 1.0000e-12      10894         26 0.0000e+00
    187.757   20.23072 -106.18050    189.000    12.0886    12.0888    12.0639    34.7768    34.7847  1027.2453    26.3987 7.3728e-02      0.308  263.18946     0.1320    96.7542     3.7070     1.2288      6.915 1.0000e-12      10919         24 0.0000e+00
    188.750   20.23072 -106.18050    190.000    12.0629    12.0627    12.0381    34.7753    34.7831  1027.2537    26.4026 7.2448e-02      0.443  263.33255     0.1314    96.7694     3.7071     1.2276      6.915 1.0000e-12      10942         23 0.0000e+00
