data/ctd-cnv/SKQ1617/SKQ1617-St15-P1/skq201617s-029avg.cnv
* Sea-Bird SBE 9 Data File:
* FileName = D:\CTD\SKQ201617S\SKQ201617S-029.hex
* Software Version Seasave V 7.22.5
* Temperature SN = 5773
* Conductivity SN = 2251
* Number of Bytes Per Scan = 37
* Number of Voltage Words = 4
* Number of Scans Averaged by the Deck Unit = 1
* NMEA Latitude = 20 16.85 N
* NMEA Longitude = 106 12.53 W
* NMEA UTC (Time) = Jan 05 2017  19:04:28
* NMEA baud rate = 4800
** Ship: R/V Sikuliaq
** Station Number: 029
** Station Name: Station 15
** Depth: 3090
** Operator: RML
# nquan = 23
# nvalues = 755                         
# units = specified
# name 0 = depSMignore: Depth [salt water, m]
# name 1 = latitude: Latitude [deg]
# name 2 = longitude: Longitude [deg]
# name 3 = prDM: Pressure, Digiquartz [db]
# name 4 = t090C: Temperature [ITS-90, deg C]
# name 5 = t190C: Temperature, 2 [ITS-90, deg C]
# name 6 = potemp090C: Potential Temperature [ITS-90, deg C]
# name 7 = sal00: Salinity, Practical [PSU]
# name 8 = sal11: Salinity, Practical, 2 [PSU]
# name 9 = density00: Density [density, kg/m^3]
# name 10 = sigma-t00: Density [sigma-t, kg/m^3 ]
# name 11 = flSP: Fluorescence, Seapoint
# name 12 = sbox0Mm/Kg: Oxygen, SBE 43 [umol/kg]
# name 13 = oxsolMm/Kg: Oxygen Saturation, Garcia & Gordon [umol/kg]
# name 14 = CStarAt0: Beam Attenuation, WET Labs C-Star [1/m]
# name 15 = CStarTr0: Beam Transmission, WET Labs C-Star [%]
# name 16 = v2: Voltage 2
# name 17 = v3: Voltage 3
# name 18 = ph: pH
# name 19 = par: PAR/Irradiance, Biospherical/Licor
# name 20 = scan: Scan Count
# name 21 = nbin: number of scans per bin
# name 22 = flag: flag
# span 0 =      2.982,    750.992       
# span 1 =   20.28078,   20.28080       
# span 2 = -106.20886, -106.20885       
# span 3 =      3.000,    757.000       
# span 4 =     6.1956,    26.2463       
# span 5 =     6.1965,    26.2463       
# span 6 =     6.1270,    26.2454       
# span 7 =    34.5277,    34.8211       
# span 8 =    34.5352,    34.8288       
# span 9 =  1022.7249,  1030.6147       
# span 10 =    22.7077,    27.1544      
# span 11 = 6.8573e-02, 5.0732e+00      
# span 12 =     -0.026,    199.292      
# span 13 =  202.97450,  299.95951      
# span 14 =     0.0576,     0.5027      
# span 15 =    88.1928,    98.5707      
# span 16 =     1.4169,     3.7155      
# span 17 =     0.7930,     2.2685      
# span 18 =      6.478,      6.923      
# span 19 = 1.0000e-12, 2.4293e+03      
# span 20 =       2037,      28276      
# span 21 =         16,       4336      
# span 22 = 0.0000e+00, 0.0000e+00      
# interval = decibars: 1                
# start_time = Jan 05 2017 19:04:28 [NMEA time, header]
# bad_flag = -9.990e-29
*END*
[from data line 504]
    503.278   20.28080 -106.20886    507.000     7.9907     7.9913     7.9387    34.5612    34.5685  1029.2345    26.9306 7.3991e-02      0.088  287.89478     0.0610    98.4875     3.7117     0.9237      6.541 1.0000e-12      20155         25 0.0000e+00
    504.270   20.28080 -106.20886    508.000     7.9887     7.9891     7.9367    34.5610    34.5684  1029.2392    26.9308 7.3555e-02      0.219  287.90754     0.0617    98.4711     3.7117     0.9235      6.539 1.0000e-12      20180         25 0.0000e+00
    505.261   20.28080 -106.20886    509.000     7.9878     7.9881     7.9356    34.5610    34.5683  1029.2438    26.9308 7.5504e-02      0.125  287.91384     0.0613    98.4807     3.7117     0.9235      6.537 1.0000e-12      20208         29 0.0000e+00
    506.253   20.28080 -106.20886    510.000     7.9870     7.9873     7.9347    34.5609    34.5682  1029.2484    26.9309 7.4086e-02      0.132  287.91912     0.0607    98.4944     3.7115     0.9233      6.537 1.0000e-12      20238         31 0.0000e+00
    507.244   20.28080 -106.20886    511.000     7.9636     7.9630     7.9113    34.5598    34.5670  1029.2558    26.9335 7.4942e-02      0.094  288.07181     0.0607    98.4939     3.7118     0.9226      6.537 1.0000e-12      20266         24 0.0000e+00
    508.236   20.28080 -106.20886    512.000     7.9291     7.9300     7.8768    34.5598    34.5672  1029.2659    26.9387 7.5285e-02      0.083  288.29436     0.0617    98.4706     3.7118     0.9210      6.537 1.0000e-12      20288         20 0.0000e+00
    509.227   20.28080 -106.20886    513.000     7.9233     7.9231     7.8709    34.5592    34.5666  1029.2708    26.9391 7.6761e-02      0.196  288.33335     0.0611    98.4845     3.7118     0.9196      6.537 1.0000e-12      20308         20 0.0000e+00
    510.218   20.28080 -106.20886    514.000     7.9123     7.9102     7.8598    34.5587    34.5658  1029.2767    26.9403 7.6317e-02      0.136  288.40542     0.0608    98.4917     3.7118     0.9189      6.535 1.0000e-12      20326         18 0.0000e+00
    511.210   20.28080 -106.20886    515.000     7.9053     7.9053     7.8528    34.5584    34.5658  1029.2821    26.9411 7.8030e-02      0.159  288.45062     0.0610    98.4869     3.7118     0.9180      6.535 1.0000e-12      20346         20 0.0000e+00
    512.201   20.28080 -106.20886    516.000     7.8956     7.8955     7.8430    34.5578    34.5652  1029.2877    26.9421 7.6415e-02      0.202  288.51484     0.0606    98.4960     3.7118     0.9173      6.533 1.0000e-12      20369         28 0.0000e+00
    513.192   20.28080 -106.20886    517.000     7.8846     7.8847     7.8320    34.5575    34.5646  1029.2937    26.9435 7.6574e-02      0.107  288.58650     0.0607    98.4944     3.7118     0.9164      6.532 1.0000e-12      20400         31 0.0000e+00
    514.184   20.28080 -106.20886    518.000     7.8766     7.8768     7.8239    34.5572    34.5645  1029.2993    26.9444 7.6002e-02      0.152  288.63875     0.0615    98.4737     3.7117     0.9157      6.532 1.0000e-12      20430         25 0.0000e+00
    515.175   20.28080 -106.20886    519.000     7.8734     7.8737     7.8207    34.5570    34.5644  1029.3042    26.9447 7.4987e-02      0.161  288.65967     0.0606    98.4966     3.7118     0.9153      6.532 1.0000e-12      20454         23 0.0000e+00
    516.167   20.28080 -106.20886    520.000     7.8696     7.8700     7.8167    34.5570    34.5644  1029.3093    26.9453 7.6508e-02      0.098  288.68441     0.0608    98.4903     3.7118     0.9149      6.532 1.0000e-12      20473         18 0.0000e+00
    517.158   20.28080 -106.20886    521.000     7.8674     7.8676     7.8144    34.5568    34.5642  1029.3140    26.9455 7.4467e-02      0.146  288.69915     0.0626    98.4477     3.7118     0.9143      6.532 1.0000e-12      20492         19 0.0000e+00
    518.149   20.28080 -106.20886    522.000     7.8600     7.8601     7.8069    34.5566    34.5640  1029.3195    26.9464 7.5931e-02      0.087  288.74758     0.0607    98.4937     3.7118     0.9140      6.532 1.0000e-12      20511         20 0.0000e+00
    519.141   20.28080 -106.20886    523.000     7.8542     7.8547     7.8011    34.5563    34.5636  1029.3247    26.9470 7.6769e-02      0.171  288.78578     0.0606    98.4961     3.7118     0.9133      6.532 1.0000e-12      20535         30 0.0000e+00
    520.132   20.28080 -106.20886    524.000     7.8479     7.8480     7.7947    34.5559    34.5632  1029.3299    26.9476 7.4663e-02      0.135  288.82694     0.0612    98.4822     3.7118     0.9133      6.532 1.0000e-12      20571         37 0.0000e+00
    521.124   20.28080 -106.20886    525.000     7.8304     7.8307     7.7772    34.5552    34.5624  1029.3367    26.9497 7.4690e-02      0.108  288.94193     0.0606    98.4969     3.7118     0.9129      6.532 1.0000e-12      20602         23 0.0000e+00
    522.115   20.28080 -106.20886    526.000     7.8040     7.8042     7.7507    34.5541    34.5615  1029.3446    26.9527 7.6633e-02      0.106  289.11574     0.0611    98.4839     3.7118     0.9115      6.531 1.0000e-12      20623         20 0.0000e+00
    523.107   20.28080 -106.20886    527.000     7.7868     7.7871     7.7335    34.5543    34.5615  1029.3519    26.9554 7.4946e-02      0.201  289.22659     0.0609    98.4880     3.7118     0.9102      6.530 1.0000e-12      20643         19 0.0000e+00
    524.098   20.28080 -106.20886    528.000     7.7789     7.7791     7.7255    34.5534    34.5606  1029.3570    26.9558 7.7807e-02      0.244  289.28001     0.0606    98.4961     3.7118     0.9091      6.529 1.0000e-12      20662         21 0.0000e+00
    525.089   20.28080 -106.20886    529.000     7.7712     7.7714     7.7177    34.5527    34.5600  1029.3622    26.9564 7.6798e-02      0.199  289.33146     0.0606    98.4951     3.7119     0.9081      6.528 1.0000e-12      20685         25 0.0000e+00
    526.080   20.28080 -106.20886    530.000     7.7674     7.7678     7.7139    34.5523    34.5595  1029.3670    26.9566 7.7180e-02      0.056  289.35706     0.0602    98.5072     3.7118     0.9077      6.528 1.0000e-12      20711         28 0.0000e+00
    527.072   20.28080 -106.20886    531.000     7.7631     7.7630     7.7095    34.5518    34.5591  1029.3718    26.9569 7.7346e-02      0.116  289.38562     0.0601    98.5082     3.7118     0.9072      6.527 1.0000e-12      20739         26 0.0000e+00
    528.063   20.28080 -106.20886    532.000     7.7578     7.7577     7.7041    34.5515    34.5589  1029.3769    26.9574 7.6487e-02      0.167  289.42062     0.0601    98.5092     3.7119     0.9067      6.527 1.0000e-12      20765         26 0.0000e+00
    529.054   20.28080 -106.20886    533.000     7.7557     7.7563     7.7020    34.5513    34.5586  1029.3816    26.9575 7.7616e-02      0.086  289.43469     0.0606    98.4959     3.7118     0.9062      6.527 1.0000e-12      20791         27 0.0000e+00
    530.046   20.28080 -106.20886    534.000     7.7501     7.7504     7.6962    34.5510    34.5582  1029.3868    26.9582 7.7200e-02      0.115  289.47221     0.0606    98.4971     3.7118     0.9060      6.527 1.0000e-12      20818         26 0.0000e+00
    531.037   20.28080 -106.20886    535.000     7.7438     7.7444     7.6898    34.5509    34.5582  1029.3922    26.9590 7.5308e-02      0.118  289.51334     0.0605    98.4984     3.7119     0.9055      6.527 1.0000e-12      20842         23 0.0000e+00
    532.028   20.28080 -106.20886    536.000     7.7372     7.7374     7.6832    34.5508    34.5583  1029.3978    26.9599 7.6260e-02      0.103  289.55617     0.0614    98.4770     3.7118     0.9052      6.527 1.0000e-12      20865         22 0.0000e+00
    533.020   20.28080 -106.20886    537.000     7.7273     7.7276     7.6732    34.5506    34.5579  1029.4037    26.9612 7.5949e-02      0.161  289.62108     0.0611    98.4840     3.7119     0.9042      6.527 1.0000e-12      20886         19 0.0000e+00
    534.011   20.28080 -106.20886    538.000     7.7033     7.7032     7.6492    34.5505    34.5578  1029.4119    26.9647 7.6763e-02      0.116  289.77716     0.0606    98.4961     3.7118     0.9035      6.527 1.0000e-12      20907         23 0.0000e+00
    535.002   20.28080 -106.20886    539.000     7.6835     7.6837     7.6294    34.5510    34.5583  1029.4199    26.9679 7.5275e-02      0.159  289.90534     0.0606    98.4961     3.7119     0.9021      6.527 1.0000e-12      20929         22 0.0000e+00
    535.994   20.28080 -106.20886    540.000     7.6788     7.6791     7.6246    34.5506    34.5580  1029.4249    26.9683 7.6191e-02      0.136  289.93654     0.0606    98.4961     3.7119     0.9014      6.527 1.0000e-12      20953         26 0.0000e+00
    536.985   20.28080 -106.20886    541.000     7.6713     7.6716     7.6170    34.5505    34.5577  1029.4305    26.9693 7.6897e-02      0.099  289.98630     0.0602    98.5073     3.7118     0.9005      6.527 1.0000e-12      20979         27 0.0000e+00
    537.976   20.28080 -106.20886    542.000     7.6616     7.6614     7.6072    34.5495    34.5569  1029.4357    26.9699 7.5266e-02      0.136  290.05169     0.0611    98.4851     3.7119     0.9000      6.526 1.0000e-12      21009         31 0.0000e+00
    538.967   20.28080 -106.20886    543.000     7.6357     7.6360     7.5814    34.5493    34.5565  1029.4442    26.9735 7.4725e-02      0.165  290.22065     0.0603    98.5034     3.7119     0.8989      6.525 1.0000e-12      21037         25 0.0000e+00
    539.959   20.28080 -106.20886    544.000     7.6252     7.6252     7.5708    34.5484    34.5556  1029.4496    26.9744 7.5881e-02      0.164  290.29161     0.0601    98.5086     3.7119     0.8979      6.526 1.0000e-12      21060         21 0.0000e+00
    540.950   20.28080 -106.20886    545.000     7.6036     7.6035     7.5492    34.5485    34.5558  1029.4576    26.9776 7.6514e-02      0.122  290.43237     0.0597    98.5208     3.7122     0.8965      6.526 1.0000e-12      21079         18 0.0000e+00
    541.941   20.28080 -106.20886    546.000     7.5917     7.5917     7.5372    34.5486    34.5558  1029.4641    26.9794 7.7345e-02      0.056  290.50997     0.0598    98.5164     3.7122     0.8955      6.524 1.0000e-12      21098         18 0.0000e+00
    542.933   20.28080 -106.20886    547.000     7.5719     7.5717     7.5174    34.5476    34.5550  1029.4709    26.9814 7.6926e-02      0.160  290.64181     0.0606    98.4974     3.7121     0.8944      6.525 1.0000e-12      21118         23 0.0000e+00
    543.924   20.28080 -106.20886    548.000     7.5458     7.5464     7.4913    34.5476    34.5548  1029.4795    26.9852 7.6374e-02      0.157  290.81279     0.0607    98.4942     3.7122     0.8938      6.524 1.0000e-12      21148         39 0.0000e+00
    544.915   20.28080 -106.20886    549.000     7.5336     7.5335     7.4790    34.5468    34.5541  1029.4854    26.9864 7.5866e-02      0.119  290.89464     0.0610    98.4859     3.7119     0.8929      6.524 1.0000e-12      21188         32 0.0000e+00
    545.906   20.28080 -106.20886    550.000     7.5158     7.5158     7.4612    34.5466    34.5538  1029.4925    26.9887 7.7414e-02      0.164  291.01194     0.0604    98.5008     3.7120     0.8913      6.523 1.0000e-12      21215         24 0.0000e+00
    546.898   20.28080 -106.20886    551.000     7.4962     7.4962     7.4416    34.5467    34.5540  1029.5002    26.9917 7.8092e-02      0.094  291.14008     0.0605    98.4974     3.7124     0.8900      6.524 1.0000e-12      21236         19 0.0000e+00
    547.889   20.28080 -106.20886    552.000     7.4876     7.4877     7.4329    34.5464    34.5536  1029.5058    26.9927 7.6117e-02      0.100  291.19739     0.0606    98.4961     3.7128     0.8886      6.524 1.0000e-12      21255         19 0.0000e+00
    548.880   20.28080 -106.20886    553.000     7.4751     7.4753     7.4204    34.5464    34.5537  1029.5122    26.9945 7.7912e-02      0.184  291.27935     0.0606    98.4961     3.7124     0.8875      6.523 1.0000e-12      21274         19 0.0000e+00
    549.871   20.28080 -106.20886    554.000     7.4710     7.4712     7.4162    34.5460    34.5533  1029.5171    26.9948 7.8289e-02      0.152  291.30734     0.0603    98.5036     3.7127     0.8867      6.523 1.0000e-12      21295         24 0.0000e+00
    550.862   20.28080 -106.20886    555.000     7.4683     7.4684     7.4134    34.5456    34.5529  1029.5217    26.9948 8.0279e-02      0.142  291.32573     0.0604    98.5000     3.7127     0.8857      6.522 1.0000e-12      21321         27 0.0000e+00
    551.853   20.28080 -106.20886    556.000     7.4620     7.4622     7.4071    34.5453    34.5526  1029.5270    26.9955 7.9787e-02      0.110  291.36750     0.0608    98.4912     3.7125     0.8858      6.522 1.0000e-12      21349         28 0.0000e+00
    552.845   20.28080 -106.20886    557.000     7.4508     7.4509     7.3958    34.5451    34.5524  1029.5331    26.9969 7.9579e-02      0.046  291.44195     0.0606    98.4963     3.7124     0.8853      6.522 1.0000e-12      21374         22 0.0000e+00
    553.836   20.28080 -106.20886    558.000     7.4436     7.4439     7.3885    34.5451    34.5523  1029.5387    26.9979 8.0212e-02      0.099  291.48943     0.0605    98.4989     3.7126     0.8846      6.522 1.0000e-12      21395         19 0.0000e+00
    554.827   20.28080 -106.20886    559.000     7.4343     7.4344     7.3791    34.5449    34.5522  1029.5446    26.9992 7.9263e-02      0.206  291.55093     0.0606    98.4950     3.7130     0.8841      6.521 1.0000e-12      21415         22 0.0000e+00
    555.818   20.28080 -106.20886    560.000     7.4235     7.4236     7.3683    34.5445    34.5518  1029.5504    27.0004 7.8333e-02      0.139  291.62299     0.0606    98.4950     3.7128     0.8832      6.521 1.0000e-12      21438         24 0.0000e+00
    556.810   20.28080 -106.20886    561.000     7.4110     7.4111     7.3557    34.5446    34.5518  1029.5570    27.0023 7.8881e-02      0.132  291.70540     0.0600    98.5112     3.7128     0.8826      6.521 1.0000e-12      21468         32 0.0000e+00
    557.801   20.28080 -106.20886    562.000     7.4012     7.4007     7.3459    34.5442    34.5514  1029.5627    27.0033 7.9337e-02      0.140  291.77047     0.0597    98.5196     3.7126     0.8820      6.521 1.0000e-12      21499         26 0.0000e+00
    558.792   20.28080 -106.20886    563.000     7.3903     7.3910     7.3350    34.5441    34.5513  1029.5688    27.0048 7.7712e-02      0.095  291.84234     0.0596    98.5224     3.7127     0.8811      6.517 1.0000e-12      21522         22 0.0000e+00
    559.783   20.28080 -106.20886    564.000     7.3845     7.3846     7.3290    34.5441    34.5514  1029.5743    27.0056 7.9125e-02      0.160  291.88108     0.0604    98.5011     3.7130     0.8801      6.516 1.0000e-12      21544         23 0.0000e+00
    560.774   20.28080 -106.20886    565.000     7.3796     7.3794     7.3240    34.5437    34.5511  1029.5792    27.0060 7.9356e-02      0.125  291.91447     0.0598    98.5172     3.7131     0.8796      6.513 1.0000e-12      21567         24 0.0000e+00
    561.765   20.28080 -106.20886    566.000     7.3755     7.3758     7.3199    34.5436    34.5508  1029.5843    27.0065 7.9006e-02      0.123  291.94139     0.0601    98.5090     3.7129     0.8792      6.506 1.0000e-12      21594         28 0.0000e+00
    562.757   20.28080 -106.20886    567.000     7.3705     7.3702     7.3148    34.5432    34.5507  1029.5893    27.0069 7.9382e-02      0.093  291.97518     0.0604    98.5006     3.7129     0.8789      6.491 1.0000e-12      21622         27 0.0000e+00
    563.748   20.28080 -106.20886    568.000     7.3656     7.3654     7.3098    34.5430    34.5504  1029.5944    27.0074 7.9421e-02      0.005  292.00807     0.0596    98.5224     3.7128     0.8786      6.485 1.0000e-12      21646         22 0.0000e+00
