data/ctd-cnv/SKQ1617/SKQ1617-St15-P1/skq201617s-018avg.cnv
* Sea-Bird SBE 9 Data File:
* FileName = D:\CTD\SKQ201617S\SKQ201617S-018.hex
* Software Version Seasave V 7.22.5
* Temperature SN = 5773
* Conductivity SN = 2251
* Number of Bytes Per Scan = 37
* Number of Voltage Words = 4
* Number of Scans Averaged by the Deck Unit = 1
* NMEA Latitude = 20 09.12 N
* NMEA Longitude = 106 00.01 W
* NMEA UTC (Time) = Jan 01 2017  07:21:07
* NMEA baud rate = 4800
** Ship: R/V Sikuliaq
** Station Number: 018
** Station Name: Station 15
** Depth: 2202
** Operator: CF
** Max depth 1000m, UVP on
# nquan = 23
# nvalues = 1007                        
# units = specified
# name 0 = depSM: Depth [salt water, m]
# name 1 = latitude: Latitude [deg]
# name 2 = longitude: Longitude [deg]
# name 3 = prDM: Pressure, Digiquartz [db]
# name 4 = t090C: Temperature [ITS-90, deg C]
# name 5 = t190C: Temperature, 2 [ITS-90, deg C]
# name 6 = potemp090C: Potential Temperature [ITS-90, deg C]
# name 7 = sal00: Salinity, Practical [PSU]
# name 8 = sal11: Salinity, Practical, 2 [PSU]
# name 9 = density00: Density [density, kg/m^3]
# name 10 = sigma-t00: Density [sigma-t, kg/m^3 ]
# name 11 = flSP: Fluorescence, Seapoint
# name 12 = sbox0Mm/Kg: Oxygen, SBE 43 [umol/kg]
# name 13 = oxsolMm/Kg: Oxygen Saturation, Garcia & Gordon [umol/kg]
# name 14 = CStarAt0: Beam Attenuation, WET Labs C-Star [1/m]
# name 15 = CStarTr0: Beam Transmission, WET Labs C-Star [%]
# name 16 = v2: Voltage 2
# name 17 = v3: Voltage 3
# name 18 = ph: pH
# name 19 = par: PAR/Irradiance, Biospherical/Licor
# name 20 = scan: Scan Count
# name 21 = nbin: number of scans per bin
# name 22 = flag: flag
# span 0 =      3.975,   1001.387       
# span 1 =   20.15196,   20.15196       
# span 2 = -106.00026, -106.00024       
# span 3 =      4.000,   1010.000       
# span 4 =     4.7098,    26.0453       
# span 5 =     4.7106,    26.0468       
# span 6 =     4.6278,    26.0439       
# span 7 =    34.5226,    34.8147       
# span 8 =    34.5302,    34.8229       
# span 9 =  1022.7949,  1031.9726       
# span 10 =    22.7756,    27.3359      
# span 11 = 6.8429e-02, 9.8561e+00      
# span 12 =     -0.056,    201.368      
# span 13 =  203.63825,  310.59000      
# span 14 =     0.0553,     0.7063      
# span 15 =    83.8158,    98.6268      
# span 16 =     1.4344,     3.7627      
# span 17 =     0.6866,     2.2555      
# span 18 =      7.591,      8.299      
# span 19 = -4.354e-08, 2.2786e-01      
# span 20 =        632,      33642      
# span 21 =         17,       3020      
# span 22 = 0.0000e+00, 0.0000e+00      
# interval = decibars: 1                
# start_time = Jan 01 2017 07:21:07 [NMEA time, header]
# bad_flag = -9.990e-29
*END*
      3.975   20.15196 -106.00026      4.000    26.0381    26.0373    26.0372    34.6769    34.6874  1022.7949    22.7777 2.5134e-01    201.250  203.66252     0.1863    95.4502     1.4346     2.2536      8.294 2.2786e-01        632        352 0.0000e+00
      4.969   20.15196 -106.00026      5.000    26.0407    26.0389    26.0396    34.6770    34.6875  1022.7985    22.7769 2.5446e-01    201.017  203.65362     0.1873    95.4251     1.4346     2.2543      8.294 1.2882e-01       1034         89 0.0000e+00
      5.963   20.15196 -106.00026      6.000    26.0453    26.0468    26.0439    34.6771    34.6881  1022.8015    22.7756 2.5024e-01    200.871  203.63825     0.1857    95.4646     1.4346     2.2546      8.295 7.2389e-02       1190        144 0.0000e+00
      6.957   20.15196 -106.00026      7.000    26.0403    26.0450    26.0387    34.6770    34.6881  1022.8073    22.7771 2.6386e-01    201.086  203.65491     0.1865    95.4449     1.4344     2.2555      8.296 4.8508e-02       1326        133 0.0000e+00
      7.951   20.15196 -106.00026      8.000    26.0371    26.0395    26.0353    34.6773    34.6876  1022.8127    22.7783 2.5924e-01    201.368  203.66544     0.1868    95.4371     1.4346     2.2548      8.297 3.9148e-02       1417         95 0.0000e+00
      8.945   20.15196 -106.00026      9.000    26.0357    26.0359    26.0337    34.6772    34.6879  1022.8174    22.7786 2.9920e-01    200.916  203.67014     0.1867    95.4398     1.4346     2.2547      8.298 3.1011e-02       1542        137 0.0000e+00
      9.939   20.15196 -106.00026     10.000    26.0328    26.0331    26.0306    34.6773    34.6879  1022.8228    22.7797 2.4861e-01    201.207  203.67963     0.1854    95.4702     1.4346     2.2545      8.299 2.9083e-02       1648         78 0.0000e+00
     10.932   20.15196 -106.00026     11.000    26.0306    26.0300    26.0282    34.6771    34.6878  1022.8275    22.7802 2.7412e-01    201.172  203.68715     0.1877    95.4153     1.4347     2.2544      8.298 2.3937e-02       1744        103 0.0000e+00
     11.926   20.15196 -106.00026     12.000    26.0270    26.0262    26.0243    34.6768    34.6875  1022.8327    22.7811 2.6926e-01    200.858  203.69978     0.1867    95.4396     1.4347     2.2545      8.298 1.9800e-02       1841        107 0.0000e+00
     12.920   20.15196 -106.00025     13.000    26.0231    26.0239    26.0202    34.6761    34.6868  1022.8377    22.7818 2.4474e-01    201.179  203.71377     0.1884    95.3976     1.4352     2.2541      8.298 1.7812e-02       1932         59 0.0000e+00
     13.914   20.15196 -106.00024     14.000    26.0052    26.0052    26.0021    34.6729    34.6836  1022.8452    22.7850 2.5627e-01    201.326  203.77818     0.1883    95.4000     1.4357     2.2535      8.298 1.5656e-02       2183         70 0.0000e+00
     14.908   20.15196 -106.00026     15.000    25.8009    25.8028    25.7976    34.6543    34.6649  1022.8989    22.8343 3.2336e-01    199.831  204.49139     0.1972    95.1893     1.4419     2.2468      8.294 1.5158e-02       2278         82 0.0000e+00
     15.902   20.15196 -106.00026     16.000    25.4684    25.4734    25.4649    34.6365    34.6469  1022.9923    22.9234 4.3451e-01    198.210  205.64585     0.2151    94.7649     1.4576     2.2303      8.286 1.2584e-02       2344         63 0.0000e+00
     16.895   20.15196 -106.00026     17.000    25.1590    25.1692    25.1553    34.6185    34.6283  1023.0779    23.0046 5.6217e-01    194.412  206.73117     0.2311    94.3856     1.4750     2.2111      8.278 1.0535e-02       2423         65 0.0000e+00
     17.889   20.15196 -106.00026     18.000    24.7996    24.8174    24.7957    34.6040    34.6135  1023.1802    23.1025 6.6336e-01    194.398  207.99962     0.2447    94.0657     1.4896     2.1953      8.273 1.0682e-02       2464         31 0.0000e+00
     18.883   20.15196 -106.00025     19.000    24.4988    24.4978    24.4947    34.6006    34.6108  1023.2726    23.1906 7.7240e-01    191.414  209.05723     0.2702    93.4678     1.5122     2.1729      8.262 1.0486e-02       2495         34 0.0000e+00
     19.877   20.15196 -106.00024     20.000    24.4603    24.4559    24.4560    34.5955    34.6054  1023.2846    23.1982 7.9519e-01    186.208  209.19990     0.2697    93.4809     1.5245     2.1614      8.256 1.0483e-02       2535         48 0.0000e+00
     20.871   20.15196 -106.00025     21.000    24.4410    24.4393    24.4365    34.5926    34.6028  1023.2925    23.2018 7.9078e-01    185.981  209.27211     0.2724    93.4156     1.5287     2.1559      8.256 9.8950e-03       2583         44 0.0000e+00
     21.864   20.15196 -106.00026     22.000    24.3863    24.3838    24.3816    34.5883    34.5981  1023.3100    23.2149 8.2000e-01    185.747  209.47111     0.2652    93.5862     1.5310     2.1524      8.253 9.8059e-03       2636         66 0.0000e+00
     22.858   20.15196 -106.00026     23.000    24.0660    24.0479    24.0611    34.5723    34.5832  1023.3974    23.2979 8.8601e-01    184.952  210.63362     0.2660    93.5655     1.5385     2.1401      8.251 9.6944e-03       2707         60 0.0000e+00
     23.852   20.15196 -106.00026     24.000    23.3771    23.3715    23.3722    34.5796    34.5898  1023.6097    23.5058 9.8210e-01    184.700  213.10897     0.2831    93.1676     1.5601     2.1050      8.242 9.7316e-03       2756         42 0.0000e+00
     24.846   20.15196 -106.00026     25.000    23.2698    23.2682    23.2646    34.5788    34.5884  1023.6446    23.5363 1.2678e+00    181.412  213.50359     0.3215    92.2782     1.5727     2.0846      8.234 9.5540e-03       2797         41 0.0000e+00
     25.839   20.15196 -106.00026     26.000    23.0637    23.0587    23.0584    34.5756    34.5861  1023.7061    23.5934 1.4130e+00    181.742  214.26630     0.3582    91.4433     1.5812     2.0706      8.232 9.8637e-03       2838         42 0.0000e+00
     26.833   20.15196 -106.00024     27.000    22.5236    22.5203    22.5182    34.5702    34.5805  1023.8608    23.7436 1.9898e+00    180.522  216.28613     0.3778    90.9881     1.6009     2.0449      8.224 9.8329e-03       2881         44 0.0000e+00
     27.827   20.15196 -106.00025     28.000    22.2083    22.2094    22.2028    34.5774    34.5865  1023.9600    23.8384 3.5315e+00    175.733  217.46334     0.4186    90.0647     1.6225     2.0148      8.214 9.6247e-03       2926         42 0.0000e+00
     28.821   20.15196 -106.00026     29.000    22.0814    22.0823    22.0757    34.5683    34.5779  1023.9931    23.8671 5.9020e+00    174.948  217.95928     0.5421    87.3324     1.6383     2.0013      8.207 9.7049e-03       2973         53 0.0000e+00
     29.814   20.15196 -106.00026     30.000    21.7934    21.8122    21.7875    34.5530    34.5637  1024.0662    23.9357 9.8561e+00    164.082  219.08475     0.7012    83.9274     1.6788     1.9873      8.199 9.7623e-03       3044         81 0.0000e+00
     30.808   20.15196 -106.00026     31.000    21.1261    21.1300    21.1201    34.5639    34.5719  1024.2626    24.1276 6.5977e+00    152.323  221.66598     0.7063    83.8158     1.7760     1.9591      8.154 9.9027e-03       3104         41 0.0000e+00
     31.802   20.15196 -106.00026     32.000    20.8316    20.8296    20.8255    34.5753    34.5846  1024.3557    24.2162 2.5952e+00    127.562  222.81223     0.4743    88.8479     1.9450     1.9273      8.097 9.8657e-03       3138         30 0.0000e+00
     32.796   20.15196 -106.00026     33.000    20.7685    20.7667    20.7622    34.5709    34.5799  1024.3737    24.2299 2.2114e+00    105.186  223.06953     0.3179    92.3610     2.0432     1.9115      8.078 9.6649e-03       3171         35 0.0000e+00
     33.789   20.15196 -106.00026     34.000    20.5855    20.5844    20.5791    34.5576    34.5668  1024.4172    24.2689 1.8899e+00    103.082  223.82067     0.2810    93.2162     2.0900     1.8970      8.069 9.7588e-03       3216         53 0.0000e+00
     34.783   20.15196 -106.00026     35.000    20.3773    20.3773    20.3708    34.5653    34.5735  1024.4831    24.3303 1.3703e+00     99.483  224.64654     0.2349    94.2974     2.1412     1.8820      8.056 9.6279e-03       3266         47 0.0000e+00
     35.777   20.15196 -106.00026     36.000    19.8985    19.9000    19.8919    34.5698    34.5775  1024.6176    24.4603 1.4291e+00     91.913  226.58772     0.2001    95.1216     2.2241     1.8556      8.036 9.4094e-03       3320         61 0.0000e+00
     36.770   20.15196 -106.00026     37.000    19.5800    19.5825    19.5733    34.5620    34.5692  1024.6992    24.5373 9.2924e-01     82.553  227.91320     0.1832    95.5222     2.3102     1.8321      8.018 9.5915e-03       3379         51 0.0000e+00
     37.764   20.15196 -106.00026     38.000    19.3680    19.3685    19.3611    34.5594    34.5675  1024.7565    24.5902 8.3733e-01     77.343  228.79929     0.1778    95.6514     2.3873     1.8116      8.002 9.7221e-03       3428         49 0.0000e+00
     38.758   20.15196 -106.00026     39.000    19.2193    19.2195    19.2124    34.5543    34.5622  1024.7953    24.6245 7.5111e-01     72.916  229.42968     0.1671    95.9097     2.4355     1.7964      7.991 9.7313e-03       3477         42 0.0000e+00
     39.751   20.15196 -106.00026     40.000    19.0976    19.0973    19.0904    34.5505    34.5588  1024.8280    24.6527 7.2747e-01     70.603  229.94814     0.1622    96.0247     2.4723     1.7839      7.983 9.8031e-03       3521         44 0.0000e+00
     40.745   20.15196 -106.00026     41.000    18.9729    18.9725    18.9657    34.5464    34.5550  1024.8610    24.6813 6.8040e-01     68.139  230.48148     0.1611    96.0523     2.5067     1.7738      7.976 9.7344e-03       3564         43 0.0000e+00
     41.739   20.15196 -106.00026     42.000    18.8847    18.8832    18.8773    34.5425    34.5512  1024.8849    24.7008 6.3709e-01     65.412  230.86166     0.1588    96.1078     2.5393     1.7639      7.969 9.7940e-03       3605         40 0.0000e+00
     42.733   20.15196 -106.00026     43.000    18.6493    18.6481    18.6418    34.5399    34.5481  1024.9468    24.7582 6.3632e-01     63.613  231.87061     0.1552    96.1939     2.5799     1.7505      7.960 9.8624e-03       3646         45 0.0000e+00
     43.726   20.15196 -106.00026     44.000    18.5194    18.5236    18.5117    34.5340    34.5426  1024.9794    24.7863 7.7009e-01     57.731  232.43779     0.1519    96.2743     2.6339     1.7407      7.951 9.8649e-03       3710         76 0.0000e+00
     44.720   20.15196 -106.00026     45.000    18.2279    18.2300    18.2202    34.5383    34.5457  1025.0598    24.8622 5.9009e-01     54.932  233.69189     0.1500    96.3198     2.6974     1.7251      7.936 9.8094e-03       3775         52 0.0000e+00
     45.714   20.15196 -106.00026     46.000    18.1455    18.1450    18.1376    34.5384    34.5470  1025.0848    24.8827 5.4685e-01     49.160  234.05092     0.1460    96.4146     2.7633     1.7119      7.923 9.7699e-03       3823         45 0.0000e+00
     46.707   20.15196 -106.00026     47.000    18.0170    18.0160    18.0089    34.5399    34.5486  1025.1221    24.9155 4.7599e-01     48.027  234.61053     0.1445    96.4516     2.7925     1.7019      7.918 9.8224e-03       3861         33 0.0000e+00
     47.701   20.15196 -106.00026     48.000    17.9610    17.9616    17.9528    34.5412    34.5500  1025.1412    24.9303 4.6732e-01     46.815  234.85396     0.1434    96.4772     2.8255     1.6931      7.911 9.7483e-03       3895         36 0.0000e+00
     48.695   20.15196 -106.00026     49.000    17.9216    17.9220    17.9133    34.5408    34.5493  1025.1550    24.9396 5.1509e-01     44.509  235.02756     0.1423    96.5058     2.8474     1.6873      7.907 9.8335e-03       3937         51 0.0000e+00
     49.688   20.15196 -106.00026     50.000    17.8468    17.8472    17.8383    34.5394    34.5478  1025.1767    24.9568 5.7094e-01     43.305  235.35934     0.1419    96.5137     2.8697     1.6828      7.903 9.8427e-03       3998         63 0.0000e+00
     50.682   20.15196 -106.00026     51.000    17.7507    17.7504    17.7420    34.5388    34.5473  1025.2041    24.9798 4.8197e-01     41.517  235.78471     0.1414    96.5274     2.8970     1.6768      7.897 9.8406e-03       4057         58 0.0000e+00
     51.676   20.15196 -106.00026     52.000    17.6040    17.6056    17.5953    34.5385    34.5464  1025.2441    25.0153 4.5590e-01     41.106  236.43584     0.1376    96.6192     2.9134     1.6670      7.892 9.8349e-03       4109         47 0.0000e+00
     52.669   20.15196 -106.00026     53.000    17.5316    17.5317    17.5227    34.5434    34.5519  1025.2698    25.0366 4.0553e-01     39.627  236.75022     0.1356    96.6670     2.9460     1.6583      7.884 9.7601e-03       4152         40 0.0000e+00
     53.663   20.15196 -106.00026     54.000    17.4833    17.4831    17.4743    34.5456    34.5543  1025.2876    25.0499 3.8971e-01     37.576  236.96226     0.1342    96.6996     2.9713     1.6521      7.880 9.7179e-03       4190         38 0.0000e+00
     54.656   20.15196 -106.00026     55.000    17.4593    17.4593    17.4501    34.5506    34.5591  1025.3016    25.0595 4.4232e-01     36.168  237.06148     0.1350    96.6811     2.9954     1.6475      7.876 9.5928e-03       4239         57 0.0000e+00
     55.650   20.15196 -106.00026     56.000    17.3909    17.3915    17.3815    34.5573    34.5656  1025.3277    25.0811 3.9086e-01     33.696  237.35691     0.1316    96.7632     3.0458     1.6444      7.869 9.4388e-03       4294         47 0.0000e+00
     56.644   20.15196 -106.00026     57.000    17.1941    17.1951    17.1847    34.5550    34.5625  1025.3776    25.1265 3.7756e-01     30.789  238.24571     0.1310    96.7783     3.0790     1.6347      7.863 9.3243e-03       4338         42 0.0000e+00
     57.637   20.15196 -106.00026     58.000    17.0186    17.0188    17.0091    34.5638    34.5722  1025.4307    25.1751 3.7756e-01     30.625  239.02548     0.1313    96.7707     3.1075     1.6202      7.855 9.4896e-03       4386         57 0.0000e+00
     58.631   20.15196 -106.00026     59.000    16.9386    16.9390    16.9289    34.5801    34.5885  1025.4666    25.2065 3.4118e-01     28.119  239.36265     0.1333    96.7228     3.1477     1.6125      7.849 9.3516e-03       4443         50 0.0000e+00
     59.624   20.15196 -106.00026     60.000    16.8527    16.8524    16.8430    34.6032    34.6118  1025.5091    25.2445 2.8739e-01     24.708  239.71651     0.1263    96.8923     3.2637     1.6070      7.833 8.8350e-03       4487         41 0.0000e+00
     60.618   20.15196 -106.00026     61.000    16.8137    16.8149    16.8038    34.6026    34.6114  1025.5223    25.2532 3.3068e-01     16.416  239.89588     0.1254    96.9136     3.3408     1.6028      7.824 8.9826e-03       4542         62 0.0000e+00
     61.612   20.15196 -106.00026     62.000    16.6927    16.6928    16.6826    34.5949    34.6033  1025.5493    25.2758 2.6946e-01     17.508  240.46318     0.1248    96.9282     3.3421     1.5957      7.823 8.9681e-03       4591         33 0.0000e+00
     62.605   20.15196 -106.00026     63.000    16.5910    16.5902    16.5808    34.5996    34.6085  1025.5812    25.3031 2.6393e-01     18.895  240.92339     0.1245    96.9355     3.3252     1.5869      7.823 8.6974e-03       4619         29 0.0000e+00
     63.599   20.15196 -106.00026     64.000    16.5148    16.5224    16.5045    34.6067    34.6147  1025.6089    25.3263 3.2005e-01     18.740  241.26325     0.1250    96.9224     3.3444     1.5800      7.819 8.5043e-03       4679         92 0.0000e+00
     64.592   20.15196 -106.00026     65.000    16.3836    16.3844    16.3732    34.6292    34.6376  1025.6612    25.3741 2.4640e-01     16.979  241.83438     0.1229    96.9730     3.3779     1.5741      7.813 8.5866e-03       4745         33 0.0000e+00
