data/ctd-cnv/SKQ1617/SKQ1617-St15-P1/skq201617s-027avg.cnv
* Sea-Bird SBE 9 Data File:
* FileName = D:\CTD\SKQ201617S\SKQ201617S-027.hex
* Software Version Seasave V 7.22.5
* Temperature SN = 5773
* Conductivity SN = 2251
* Number of Bytes Per Scan = 37
* Number of Voltage Words = 4
* Number of Scans Averaged by the Deck Unit = 1
* NMEA Latitude = 20 17.72 N
* NMEA Longitude = 106 12.76 W
* NMEA UTC (Time) = Jan 05 2017  08:52:15
* NMEA baud rate = 4800
** Ship: R/V Sikuliaq
** Station Number: 027
** Station Name: Station 15
** Depth: 2960
** Operator: NMT, AB
** UVP
# nquan = 23
# nvalues = 199                         
# units = specified
# name 0 = depSM: Depth [salt water, m]
# name 1 = latitude: Latitude [deg]
# name 2 = longitude: Longitude [deg]
# name 3 = prDM: Pressure, Digiquartz [db]
# name 4 = t090C: Temperature [ITS-90, deg C]
# name 5 = t190C: Temperature, 2 [ITS-90, deg C]
# name 6 = potemp090C: Potential Temperature [ITS-90, deg C]
# name 7 = sal00: Salinity, Practical [PSU]
# name 8 = sal11: Salinity, Practical, 2 [PSU]
# name 9 = density00: Density [density, kg/m^3]
# name 10 = sigma-t00: Density [sigma-t, kg/m^3 ]
# name 11 = flSP: Fluorescence, Seapoint
# name 12 = sbox0Mm/Kg: Oxygen, SBE 43 [umol/kg]
# name 13 = oxsolMm/Kg: Oxygen Saturation, Garcia & Gordon [umol/kg]
# name 14 = CStarAt0: Beam Attenuation, WET Labs C-Star [1/m]
# name 15 = CStarTr0: Beam Transmission, WET Labs C-Star [%]
# name 16 = v2: Voltage 2
# name 17 = v3: Voltage 3
# name 18 = ph: pH
# name 19 = par: PAR/Irradiance, Biospherical/Licor
# name 20 = scan: Scan Count
# name 21 = nbin: number of scans per bin
# name 22 = flag: flag
# span 0 =      3.975,    200.664       
# span 1 =   20.29526,   20.29528       
# span 2 = -106.21274, -106.21272       
# span 3 =      4.000,    202.000       
# span 4 =    12.1302,    26.1523       
# span 5 =    12.1299,    26.1518       
# span 6 =    12.1037,    26.1504       
# span 7 =    34.3896,    34.8207       
# span 8 =    34.5148,    34.8288       
# span 9 =  1022.5627,  1027.2953       
# span 10 =    22.5455,    26.3932      
# span 11 = 7.3145e-02, 8.6581e+00      
# span 12 =      0.142,    199.098      
# span 13 =  203.28611,  262.96275      
# span 14 =     0.0730,     0.6478      
# span 15 =    85.0471,    98.1902      
# span 16 =     1.4202,     3.7045      
# span 17 =     1.2256,     2.2620      
# span 18 =      6.895,      6.968      
# span 19 = -2.854e-09, 1.9359e-01      
# span 20 =        690,      17446      
# span 21 =         20,       1867      
# span 22 = 0.0000e+00, 0.0000e+00      
# interval = decibars: 1                
# start_time = Jan 05 2017 08:52:15 [NMEA time, header]
# bad_flag = -9.990e-29
*END*
[from data line 63]
     66.579   20.29527 -106.21274     67.000    16.4567    16.4570    16.4460    34.5911    34.5991  1025.6237    25.3279 2.7638e-01     22.873  241.55792     0.1263    96.8921     3.1944     1.5798      6.930 6.1914e-03       9185         44 0.0000e+00
     67.572   20.29526 -106.21274     68.000    16.3398    16.3388    16.3290    34.6040    34.6121  1025.6653    25.3649 2.8047e-01     19.554  242.07924     0.1256    96.9092     3.2469     1.5745      6.930 6.2506e-03       9230         49 0.0000e+00
     68.566   20.29527 -106.21274     69.000    16.2434    16.2376    16.2324    34.6080    34.6166  1025.6951    25.3903 3.7434e-01     16.460  242.52213     0.1249    96.9263     3.2979     1.5705      6.930 6.2432e-03       9302         78 0.0000e+00
     69.559   20.29527 -106.21274     70.000    16.0897    16.0897    16.0787    34.6183    34.6258  1025.7429    25.4334 2.3306e-01     16.380  243.22445     0.1247    96.9310     3.3321     1.5578      6.930 5.9967e-03       9357         40 0.0000e+00
     70.553   20.29526 -106.21274     71.000    15.9525    15.9529    15.9414    34.6334    34.6412  1025.7904    25.4764 2.1997e-01     15.501  243.84472     0.1229    96.9754     3.3745     1.5467      6.930 6.0437e-03       9390         32 0.0000e+00
     71.547   20.29526 -106.21274     72.000    15.8979    15.8968    15.8866    34.6381    34.6466  1025.8109    25.4925 2.4289e-01     13.139  244.09495     0.1224    96.9860     3.4110     1.5392      6.930 5.7551e-03       9429         45 0.0000e+00
     72.540   20.29526 -106.21274     73.000    15.8104    15.8098    15.7990    34.6506    34.6587  1025.8449    25.5219 2.3411e-01     11.365  244.48798     0.1224    96.9869     3.4355     1.5341      6.929 5.8252e-03       9479         49 0.0000e+00
     73.534   20.29526 -106.21274     74.000    15.7560    15.7562    15.7445    34.6589    34.6671  1025.8681    25.5406 2.0407e-01      9.894  244.73206     0.1227    96.9786     3.4762     1.5266      6.927 5.7374e-03       9526         50 0.0000e+00
     74.527   20.29527 -106.21274     75.000    15.7110    15.7087    15.6993    34.6668    34.6759  1025.8888    25.5569 2.2598e-01      8.246  244.93284     0.1202    97.0398     3.5038     1.5241      6.927 5.6726e-03       9586         60 0.0000e+00
     75.521   20.29528 -106.21274     76.000    15.6244    15.6252    15.6126    34.6881    34.6954  1025.9292    25.5928 1.7306e-01      7.412  245.30994     0.1192    97.0633     3.5336     1.5166      6.926 5.7206e-03       9638         42 0.0000e+00
     76.514   20.29528 -106.21274     77.000    15.5191    15.5192    15.5073    34.6996    34.7071  1025.9662    25.6253 1.5382e-01      5.694  245.79350     0.1188    97.0736     3.5766     1.5085      6.925 5.6503e-03       9676         36 0.0000e+00
     77.508   20.29528 -106.21274     78.000    15.3911    15.3892    15.3792    34.7162    34.7242  1026.0122    25.6666 1.4623e-01      3.842  246.38024     0.1182    97.0880     3.6091     1.5028      6.925 5.6516e-03       9721         55 0.0000e+00
     78.501   20.29526 -106.21274     79.000    15.2617    15.2596    15.2497    34.7312    34.7396  1026.0571    25.7070 1.7328e-01      2.284  246.97877     0.1201    97.0418     3.6392     1.4941      6.925 5.6795e-03       9777         52 0.0000e+00
     79.495   20.29526 -106.21274     80.000    15.1384    15.1389    15.1263    34.7484    34.7560  1026.1022    25.7475 3.2468e-01      1.577  247.54688     0.1383    96.6022     3.6685     1.4822      6.925 5.5826e-03       9825         42 0.0000e+00
     80.488   20.29526 -106.21274     81.000    15.1002    15.1006    15.0879    34.7500    34.7579  1026.1163    25.7572 3.9086e-01      1.029  247.73001     0.1448    96.4461     3.6834     1.4750      6.925 5.6227e-03       9869         48 0.0000e+00
     81.481   20.29527 -106.21274     82.000    15.0010    14.9966    14.9887    34.7544    34.7623  1026.1460    25.7823 4.4868e-01      0.947  248.20589     0.1436    96.4747     3.6893     1.4702      6.925 5.4037e-03       9921         52 0.0000e+00
     82.475   20.29528 -106.21274     83.000    14.8502    14.8509    14.8378    34.7679    34.7750  1026.1941    25.8258 5.4576e-01      1.050  248.92048     0.1500    96.3203     3.6918     1.4601      6.925 5.4777e-03       9971         48 0.0000e+00
     83.469   20.29528 -106.21274     84.000    14.7488    14.7496    14.7362    34.7738    34.7813  1026.2253    25.8523 6.2722e-01      1.043  249.40908     0.1516    96.2820     3.6927     1.4514      6.925 5.3850e-03      10019         47 0.0000e+00
     84.462   20.29528 -106.21274     85.000    14.7118    14.7124    14.6992    34.7741    34.7817  1026.2380    25.8606 6.4512e-01      0.920  249.59050     0.1536    96.2326     3.6926     1.4455      6.925 5.4582e-03      10065         43 0.0000e+00
     85.456   20.29528 -106.21274     86.000    14.6743    14.6747    14.6616    34.7746    34.7825  1026.2510    25.8691 6.7171e-01      0.969  249.77468     0.1524    96.2618     3.6934     1.4414      6.924 4.7972e-03      10106         43 0.0000e+00
     86.449   20.29528 -106.21274     87.000    14.6561    14.6549    14.6432    34.7734    34.7814  1026.2584    25.8721 7.2688e-01      0.877  249.86682     0.1532    96.2427     3.6931     1.4403      6.922 4.8901e-03      10162         64 0.0000e+00
     87.442   20.29528 -106.21274     88.000    14.6317    14.6326    14.6186    34.7735    34.7814  1026.2683    25.8775 6.8495e-01      0.794  249.98756     0.1509    96.2980     3.6929     1.4372      6.921 4.6654e-03      10215         40 0.0000e+00
     88.436   20.29528 -106.21274     89.000    14.5943    14.5947    14.5811    34.7745    34.7824  1026.2817    25.8864 6.9798e-01      0.838  250.17097     0.1503    96.3114     3.6945     1.4335      6.920 4.4340e-03      10252         41 0.0000e+00
     89.429   20.29527 -106.21274     90.000    14.5540    14.5529    14.5407    34.7742    34.7823  1026.2946    25.8948 7.5550e-01      0.846  250.37132     0.1498    96.3243     3.6944     1.4311      6.920 4.3487e-03      10303         61 0.0000e+00
     90.423   20.29527 -106.21274     91.000    14.5075    14.5083    14.4941    34.7741    34.7815  1026.3090    25.9047 7.4117e-01      0.841  250.60241     0.1497    96.3266     3.6942     1.4273      6.920 4.2891e-03      10356         42 0.0000e+00
     91.416   20.29528 -106.21274     92.000    14.4093    14.4084    14.3958    34.7778    34.7850  1026.3375    25.9286 7.5035e-01      0.847  251.08502     0.1496    96.3286     3.6949     1.4227      6.920 4.2561e-03      10403         53 0.0000e+00
     92.410   20.29528 -106.21274     93.000    14.3234    14.3222    14.3098    34.7799    34.7880  1026.3620    25.9486 7.1838e-01      0.844  251.51037     0.1449    96.4432     3.6952     1.4168      6.920 4.2240e-03      10459         47 0.0000e+00
     93.403   20.29528 -106.21274     94.000    14.2830    14.2831    14.2693    34.7820    34.7898  1026.3767    25.9588 6.7500e-01      0.817  251.70921     0.1444    96.4557     3.6960     1.4092      6.920 3.9455e-03      10499         36 0.0000e+00
     94.396   20.29528 -106.21274     95.000    14.2549    14.2546    14.2411    34.7830    34.7908  1026.3880    25.9655 6.7281e-01      0.768  251.84795     0.1449    96.4425     3.6960     1.4063      6.920 3.8472e-03      10541         54 0.0000e+00
     95.390   20.29528 -106.21274     96.000    14.2328    14.2324    14.2188    34.7844    34.7924  1026.3982    25.9713 6.5262e-01      0.687  251.95682     0.1440    96.4637     3.6953     1.4045      6.919 3.5131e-03      10599         50 0.0000e+00
     96.383   20.29528 -106.21274     97.000    14.1846    14.1847    14.1706    34.7890    34.7969  1026.4165    25.9851 5.8436e-01      0.736  252.19069     0.1442    96.4587     3.6963     1.4005      6.918 3.6717e-03      10639         36 0.0000e+00
     97.377   20.29528 -106.21274     98.000    14.1216    14.1211    14.1074    34.7889    34.7964  1026.4343    25.9984 5.7306e-01      0.700  252.50855     0.1448    96.4443     3.6966     1.3975      6.918 3.2569e-03      10685         59 0.0000e+00
     98.370   20.29528 -106.21274     99.000    14.0342    14.0351    14.0199    34.7908    34.7981  1026.4588    26.0182 5.2561e-01      0.716  252.94656     0.1421    96.5111     3.6963     1.3925      6.916 3.2336e-03      10741         45 0.0000e+00
     99.363   20.29528 -106.21274    100.000    14.0003    14.0003    13.9859    34.7932    34.8012  1026.4723    26.0272 5.0022e-01      0.701  253.11404     0.1409    96.5377     3.6971     1.3875      6.915 3.0046e-03      10788         55 0.0000e+00
    100.357   20.29528 -106.21274    101.000    13.9701    13.9692    13.9556    34.7955    34.8037  1026.4849    26.0354 4.7683e-01      0.674  253.26284     0.1411    96.5342     3.6970     1.3844      6.915 2.9748e-03      10849         49 0.0000e+00
    101.350   20.29528 -106.21274    102.000    13.9362    13.9364    13.9216    34.7989    34.8070  1026.4991    26.0450 4.3651e-01      0.635  253.42883     0.1411    96.5340     3.6976     1.3799      6.915 2.8623e-03      10886         34 0.0000e+00
    102.344   20.29528 -106.21274    103.000    13.9035    13.9024    13.8888    34.8007    34.8084  1026.5119    26.0533 4.3343e-01      0.631  253.59177     0.1416    96.5222     3.6977     1.3776      6.915 2.8624e-03      10928         54 0.0000e+00
    103.337   20.29528 -106.21274    104.000    13.8442    13.8434    13.8293    34.8022    34.8098  1026.5300    26.0669 3.9873e-01      0.608  253.89110     0.1402    96.5563     3.6971     1.3755      6.915 2.8624e-03      10980         41 0.0000e+00
    104.330   20.29528 -106.21274    105.000    13.7868    13.7859    13.7719    34.8050    34.8133  1026.5487    26.0810 3.5421e-01      0.606  254.17867     0.1401    96.5568     3.6982     1.3692      6.915 2.8624e-03      11011         28 0.0000e+00
    105.324   20.29528 -106.21274    106.000    13.7139    13.7125    13.6988    34.8086    34.8172  1026.5711    26.0989 3.2560e-01      0.633  254.54553     0.1394    96.5760     3.6985     1.3647      6.915 2.8624e-03      11039         29 0.0000e+00
    106.317   20.29528 -106.21274    107.000    13.6569    13.6560    13.6417    34.8144    34.8224  1026.5920    26.1152 2.9364e-01      0.596  254.82722     0.1383    96.6019     3.6992     1.3598      6.915 2.8277e-03      11073         39 0.0000e+00
    107.310   20.29528 -106.21274    108.000    13.6022    13.6013    13.5870    34.8163    34.8246  1026.6093    26.1280 2.5931e-01      0.621  255.10453     0.1372    96.6280     3.6988     1.3560      6.915 2.8635e-03      11110         31 0.0000e+00
    108.304   20.29528 -106.21274    109.000    13.5559    13.5559    13.5406    34.8162    34.8243  1026.6234    26.1375 2.3922e-01      0.626  255.34273     0.1367    96.6412     3.6993     1.3516      6.914 2.8624e-03      11141         29 0.0000e+00
    109.297   20.29528 -106.21274    110.000    13.5231    13.5230    13.5077    34.8120    34.8201  1026.6313    26.1409 2.3291e-01      0.574  255.51949     0.1360    96.6568     3.6996     1.3481      6.914 2.8122e-03      11169         28 0.0000e+00
    110.290   20.29528 -106.21274    111.000    13.4859    13.4859    13.4703    34.8098    34.8179  1026.6418    26.1469 2.1699e-01      0.605  255.71550     0.1357    96.6651     3.6996     1.3450      6.913 2.8624e-03      11197         30 0.0000e+00
    111.284   20.29528 -106.21274    112.000    13.4673    13.4675    13.4516    34.8115    34.8196  1026.6514    26.1521 2.0575e-01      0.604  255.80827     0.1356    96.6658     3.6997     1.3420      6.911 2.5694e-03      11225         24 0.0000e+00
    112.277   20.29528 -106.21274    113.000    13.4630    13.4630    13.4471    34.8143    34.8222  1026.6589    26.1551 1.9964e-01      0.564  255.82594     0.1343    96.6978     3.6999     1.3396      6.911 2.6564e-03      11248         20 0.0000e+00
    113.270   20.29528 -106.21272    114.000    13.4614    13.4612    13.4454    34.8156    34.8234  1026.6647    26.1564 1.9504e-01      0.588  255.83178     0.1341    96.7022     3.7006     1.3383      6.911 2.5845e-03      11269         20 0.0000e+00
    114.264   20.29528 -106.21274    115.000    13.4571    13.4569    13.4410    34.8167    34.8249  1026.6709    26.1582 1.9077e-01      0.587  255.85202     0.1346    96.6897     3.7005     1.3370      6.910 2.5975e-03      11288         21 0.0000e+00
    115.257   20.29528 -106.21274    116.000    13.4419    13.4418    13.4256    34.8167    34.8248  1026.6786    26.1613 1.8709e-01      0.571  255.93061     0.1346    96.6918     3.7004     1.3358      6.910 2.4259e-03      11310         22 0.0000e+00
    116.250   20.29528 -106.21274    117.000    13.4366    13.4366    13.4202    34.8180    34.8261  1026.6851    26.1634 1.8807e-01      0.584  255.95578     0.1348    96.6868     3.7003     1.3351      6.910 2.4788e-03      11336         29 0.0000e+00
    117.244   20.29528 -106.21274    118.000    13.4099    13.4087    13.3934    34.8167    34.8253  1026.6940    26.1678 1.7997e-01      0.585  256.09609     0.1348    96.6855     3.6999     1.3346      6.910 1.8573e-03      11365         28 0.0000e+00
    118.237   20.29528 -106.21274    119.000    13.3669    13.3670    13.3503    34.8187    34.8267  1026.7089    26.1782 1.6592e-01      0.585  256.31523     0.1360    96.6581     3.7002     1.3325      6.910 1.6930e-03      11391         25 0.0000e+00
    119.230   20.29528 -106.21274    120.000    13.3515    13.3507    13.3348    34.8187    34.8270  1026.7165    26.1813 1.6041e-01      0.586  256.39518     0.1344    96.6946     3.7006     1.3310      6.910 1.7402e-03      11416         26 0.0000e+00
    120.224   20.29528 -106.21274    121.000    13.3136    13.3124    13.2967    34.8165    34.8248  1026.7271    26.1874 1.5239e-01      0.586  256.59636     0.1338    96.7089     3.7006     1.3295      6.910 1.5266e-03      11443         29 0.0000e+00
    121.217   20.29528 -106.21273    122.000    13.2703    13.2692    13.2533    34.8160    34.8241  1026.7400    26.1957 1.4130e-01      0.578  256.82250     0.1338    96.7104     3.7008     1.3271      6.910 1.6274e-03      11472         27 0.0000e+00
    122.210   20.29528 -106.21272    123.000    13.2218    13.2217    13.2048    34.8174    34.8252  1026.7555    26.2067 1.2901e-01      0.585  257.07254     0.1329    96.7331     3.7008     1.3239      6.910 1.4107e-03      11497         23 0.0000e+00
    123.203   20.29528 -106.21273    124.000    13.2078    13.2076    13.1906    34.8179    34.8259  1026.7632    26.2098 1.2563e-01      0.595  257.14479     0.1334    96.7214     3.7009     1.3211      6.910 1.4741e-03      11520         23 0.0000e+00
    124.197   20.29528 -106.21274    125.000    13.1930    13.1923    13.1758    34.8187    34.8269  1026.7714    26.2135 1.2251e-01      0.579  257.22026     0.1332    96.7254     3.7009     1.3195      6.909 1.4737e-03      11544         25 0.0000e+00
    125.190   20.29528 -106.21273    126.000    13.1854    13.1855    13.1680    34.8204    34.8283  1026.7787    26.2164 1.1896e-01      0.586  257.25688     0.1339    96.7074     3.7010     1.3179      6.909 1.4221e-03      11570         27 0.0000e+00
    126.183   20.29528 -106.21272    127.000    13.1852    13.1854    13.1677    34.8207    34.8288  1026.7834    26.2166 1.1824e-01      0.588  257.25745     0.1328    96.7340     3.7009     1.3167      6.909 1.4183e-03      11596         25 0.0000e+00
    127.176   20.29528 -106.21272    128.000    13.1832    13.1833    13.1655    34.8206    34.8286  1026.7882    26.2169 1.1869e-01      0.581  257.26819     0.1330    96.7295     3.7011     1.3156      6.908 1.4042e-03      11619         20 0.0000e+00
