data/ctd-cnv/SKQ1617/SKQ1617-St15-P1/skq201617s-018avg.cnv
* Sea-Bird SBE 9 Data File:
* FileName = D:\CTD\SKQ201617S\SKQ201617S-018.hex
* Software Version Seasave V 7.22.5
* Temperature SN = 5773
* Conductivity SN = 2251
* Number of Bytes Per Scan = 37
* Number of Voltage Words = 4
* Number of Scans Averaged by the Deck Unit = 1
* NMEA Latitude = 20 09.12 N
* NMEA Longitude = 106 00.01 W
* NMEA UTC (Time) = Jan 01 2017  07:21:07
* NMEA baud rate = 4800
** Ship: R/V Sikuliaq
** Station Number: 018
** Station Name: Station 15
** Depth: 2202
** Operator: CF
** Max depth 1000m, UVP on
# nquan = 23
# nvalues = 1007                        
# units = specified
# name 0 = depSM: Depth [salt water, m]
# name 1 = latitude: Latitude [deg]
# name 2 = longitude: Longitude [deg]
# name 3 = prDM: Pressure, Digiquartz [db]
# name 4 = t090C: Temperature [ITS-90, deg C]
# name 5 = t190C: Temperature, 2 [ITS-90, deg C]
# name 6 = potemp090C: Potential Temperature [ITS-90, deg C]
# name 7 = sal00: Salinity, Practical [PSU]
# name 8 = sal11: Salinity, Practical, 2 [PSU]
# name 9 = density00: Density [density, kg/m^3]
# name 10 = sigma-t00: Density [sigma-t, kg/m^3 ]
# name 11 = flSP: Fluorescence, Seapoint
# name 12 = sbox0Mm/Kg: Oxygen, SBE 43 [umol/kg]
# name 13 = oxsolMm/Kg: Oxygen Saturation, Garcia & Gordon [umol/kg]
# name 14 = CStarAt0: Beam Attenuation, WET Labs C-Star [1/m]
# name 15 = CStarTr0: Beam Transmission, WET Labs C-Star [%]
# name 16 = v2: Voltage 2
# name 17 = v3: Voltage 3
# name 18 = ph: pH
# name 19 = par: PAR/Irradiance, Biospherical/Licor
# name 20 = scan: Scan Count
# name 21 = nbin: number of scans per bin
# name 22 = flag: flag
# span 0 =      3.975,   1001.387       
# span 1 =   20.15196,   20.15196       
# span 2 = -106.00026, -106.00024       
# span 3 =      4.000,   1010.000       
# span 4 =     4.7098,    26.0453       
# span 5 =     4.7106,    26.0468       
# span 6 =     4.6278,    26.0439       
# span 7 =    34.5226,    34.8147       
# span 8 =    34.5302,    34.8229       
# span 9 =  1022.7949,  1031.9726       
# span 10 =    22.7756,    27.3359      
# span 11 = 6.8429e-02, 9.8561e+00      
# span 12 =     -0.056,    201.368      
# span 13 =  203.63825,  310.59000      
# span 14 =     0.0553,     0.7063      
# span 15 =    83.8158,    98.6268      
# span 16 =     1.4344,     3.7627      
# span 17 =     0.6866,     2.2555      
# span 18 =      7.591,      8.299      
# span 19 = -4.354e-08, 2.2786e-01      
# span 20 =        632,      33642      
# span 21 =         17,       3020      
# span 22 = 0.0000e+00, 0.0000e+00      
# interval = decibars: 1                
# start_time = Jan 01 2017 07:21:07 [NMEA time, header]
# bad_flag = -9.990e-29
*END*
[from data line 189]
    191.730   20.15196 -106.00026    193.000    12.4293    12.4294    12.4036    34.7967    34.8050  1027.2116    26.3483 7.3598e-02      0.298  261.30779     0.1298    96.8074     3.7483     1.2542      7.713 1.0000e-12       8847         21 0.0000e+00
    192.723   20.15196 -106.00026    194.000    12.4216    12.4219    12.3957    34.7960    34.8042  1027.2170    26.3493 7.3268e-02      0.304  261.35074     0.1299    96.8048     3.7484     1.2529      7.713 1.0000e-12       8868         22 0.0000e+00
    193.716   20.15196 -106.00026    195.000    12.4087    12.4090    12.3828    34.7953    34.8037  1027.2235    26.3513 7.3417e-02      0.319  261.42094     0.1297    96.8100     3.7485     1.2518      7.711 1.0000e-12       8891         23 0.0000e+00
    194.708   20.15196 -106.00026    196.000    12.3923    12.3924    12.3662    34.7946    34.8030  1027.2307    26.3540 7.3928e-02      0.348  261.51101     0.1309    96.7817     3.7481     1.2507      7.712 1.0000e-12       8916         27 0.0000e+00
    195.701   20.15196 -106.00026    197.000    12.3741    12.3744    12.3479    34.7934    34.8017  1027.2378    26.3565 7.5247e-02      0.301  261.61114     0.1292    96.8213     3.7483     1.2495      7.710 1.0000e-12       8942         27 0.0000e+00
    196.694   20.15196 -106.00026    198.000    12.3527    12.3524    12.3264    34.7928    34.8013  1027.2461    26.3602 7.4380e-02      0.319  261.72773     0.1296    96.8105     3.7484     1.2480      7.708 1.0000e-12       8970         26 0.0000e+00
    197.688   20.15196 -106.00026    199.000    12.3466    12.3469    12.3202    34.7923    34.8006  1027.2513    26.3610 7.2633e-02      0.326  261.76154     0.1295    96.8144     3.7482     1.2470      7.708 1.0000e-12       8996         25 0.0000e+00
    198.681   20.15196 -106.00026    200.000    12.3388    12.3388    12.3123    34.7917    34.8000  1027.2569    26.3621 7.5037e-02      0.303  261.80466     0.1304    96.7928     3.7482     1.2464      7.708 1.0000e-12       9019         23 0.0000e+00
    199.674   20.15196 -106.00026    201.000    12.3265    12.3267    12.2999    34.7910    34.7992  1027.2632    26.3639 7.4215e-02      0.312  261.87208     0.1296    96.8124     3.7482     1.2456      7.708 1.0000e-12       9042         23 0.0000e+00
    200.666   20.15196 -106.00026    202.000    12.3192    12.3191    12.2924    34.7906    34.7990  1027.2688    26.3650 7.3897e-02      0.314  261.91250     0.1298    96.8078     3.7484     1.2446      7.708 1.0000e-12       9065         23 0.0000e+00
    201.659   20.15196 -106.00026    203.000    12.3177    12.3178    12.2908    34.7903    34.7986  1027.2734    26.3651 7.4176e-02      0.314  261.92088     0.1290    96.8259     3.7485     1.2439      7.708 1.0000e-12       9089         24 0.0000e+00
    202.652   20.15196 -106.00026    204.000    12.3136    12.3136    12.2866    34.7895    34.7979  1027.2780    26.3652 7.4090e-02      0.315  261.94461     0.1291    96.8236     3.7485     1.2435      7.708 1.0000e-12       9112         22 0.0000e+00
    203.645   20.15196 -106.00026    205.000    12.2875    12.2878    12.2604    34.7885    34.7968  1027.2868    26.3695 7.3241e-02      0.315  262.08793     0.1289    96.8293     3.7485     1.2425      7.709 1.0000e-12       9136         24 0.0000e+00
    204.638   20.15196 -106.00026    206.000    12.2725    12.2729    12.2452    34.7878    34.7961  1027.2937    26.3719 7.3710e-02      0.315  262.17033     0.1299    96.8043     3.7483     1.2414      7.709 1.0000e-12       9161         25 0.0000e+00
    205.631   20.15196 -106.00026    207.000    12.2610    12.2614    12.2337    34.7882    34.7967  1027.3008    26.3744 7.3682e-02      0.305  262.23162     0.1290    96.8251     3.7485     1.2403      7.708 1.0000e-12       9186         26 0.0000e+00
    206.624   20.15196 -106.00026    208.000    12.2619    12.2624    12.2344    34.7881    34.7965  1027.3050    26.3742 7.2844e-02      0.314  262.22687     0.1300    96.8022     3.7485     1.2398      7.708 1.0000e-12       9212         27 0.0000e+00
    207.617   20.15196 -106.00026    209.000    12.2607    12.2608    12.2330    34.7881    34.7964  1027.3097    26.3744 7.1642e-02      0.328  262.23365     0.1299    96.8053     3.7485     1.2399      7.707 1.0000e-12       9239         27 0.0000e+00
    208.609   20.15196 -106.00026    210.000    12.2517    12.2522    12.2240    34.7877    34.7961  1027.3156    26.3758 7.3527e-02      0.321  262.28275     0.1291    96.8245     3.7485     1.2390      7.707 1.0000e-12       9265         25 0.0000e+00
    209.602   20.15196 -106.00026    211.000    12.2384    12.2386    12.2106    34.7871    34.7954  1027.3223    26.3780 7.3867e-02      0.308  262.35599     0.1296    96.8119     3.7485     1.2384      7.707 1.0000e-12       9289         24 0.0000e+00
    210.595   20.15196 -106.00026    212.000    12.2173    12.2177    12.1894    34.7863    34.7946  1027.3302    26.3814 7.4530e-02      0.316  262.47179     0.1291    96.8248     3.7485     1.2369      7.706 1.0000e-12       9313         23 0.0000e+00
    211.588   20.15196 -106.00026    213.000    12.1899    12.1900    12.1618    34.7856    34.7940  1027.3395    26.3861 7.2034e-02      0.316  262.62213     0.1285    96.8383     3.7485     1.2357      7.704 1.0000e-12       9336         22 0.0000e+00
    212.581   20.15196 -106.00026    214.000    12.1804    12.1806    12.1523    34.7845    34.7927  1027.3450    26.3871 7.3100e-02      0.316  262.67553     0.1293    96.8188     3.7486     1.2344      7.704 1.0000e-12       9359         22 0.0000e+00
    213.574   20.15196 -106.00026    215.000    12.1669    12.1672    12.1386    34.7834    34.7917  1027.3513    26.3889 7.1418e-02      0.302  262.75099     0.1292    96.8201     3.7486     1.2334      7.704 1.0000e-12       9381         22 0.0000e+00
    214.567   20.15196 -106.00026    216.000    12.1602    12.1602    12.1318    34.7828    34.7911  1027.3566    26.3897 7.2788e-02      0.317  262.78853     0.1299    96.8055     3.7485     1.2324      7.704 1.0000e-12       9403         23 0.0000e+00
    215.559   20.15196 -106.00026    217.000    12.1433    12.1436    12.1148    34.7815    34.7898  1027.3634    26.3919 7.0257e-02      0.322  262.88273     0.1298    96.8075     3.7487     1.2314      7.704 1.0000e-12       9429         29 0.0000e+00
    216.552   20.15196 -106.00026    218.000    12.1323    12.1325    12.1037    34.7809    34.7893  1027.3696    26.3936 7.2337e-02      0.317  262.94356     0.1293    96.8197     3.7486     1.2304      7.704 1.0000e-12       9459         28 0.0000e+00
    217.545   20.15196 -106.00026    219.000    12.1276    12.1278    12.0988    34.7801    34.7884  1027.3743    26.3939 7.2821e-02      0.317  262.97086     0.1294    96.8171     3.7486     1.2301      7.704 1.0000e-12       9487         24 0.0000e+00
    218.538   20.15196 -106.00026    220.000    12.1108    12.1112    12.0820    34.7789    34.7871  1027.3811    26.3961 7.1514e-02      0.317  263.06463     0.1309    96.7813     3.7486     1.2291      7.704 1.0000e-12       9510         21 0.0000e+00
    219.531   20.15196 -106.00026    221.000    12.0907    12.0911    12.0618    34.7778    34.7860  1027.3887    26.3991 7.1610e-02      0.317  263.17603     0.1300    96.8024     3.7487     1.2279      7.704 1.0000e-12       9530         20 0.0000e+00
    220.524   20.15196 -106.00026    222.000    12.0566    12.0569    12.0276    34.7765    34.7846  1027.3988    26.4047 7.0878e-02      0.301  263.36431     0.1295    96.8133     3.7490     1.2260      7.702 1.0000e-12       9551         20 0.0000e+00
    221.516   20.15196 -106.00026    223.000    12.0403    12.0405    12.0112    34.7757    34.7839  1027.4058    26.4072 7.1063e-02      0.322  263.45478     0.1291    96.8248     3.7493     1.2244      7.701 1.0000e-12       9573         25 0.0000e+00
    222.509   20.15196 -106.00026    224.000    12.0352    12.0355    12.0060    34.7748    34.7831  1027.4106    26.4075 7.2996e-02      0.309  263.48414     0.1288    96.8315     3.7493     1.2229      7.700 1.0000e-12       9598         24 0.0000e+00
    223.502   20.15196 -106.00026    225.000    12.0185    12.0188    11.9891    34.7735    34.7816  1027.4174    26.4097 6.9706e-02      0.319  263.57811     0.1286    96.8352     3.7489     1.2219      7.700 1.0000e-12       9623         25 0.0000e+00
    224.495   20.15196 -106.00026    226.000    12.0075    12.0076    11.9781    34.7730    34.7813  1027.4235    26.4113 7.0488e-02      0.324  263.63911     0.1285    96.8384     3.7494     1.2212      7.700 1.0000e-12       9648         25 0.0000e+00
    225.488   20.15196 -106.00026    227.000    12.0017    12.0019    11.9721    34.7718    34.7801  1027.4282    26.4115 7.1164e-02      0.307  263.67324     0.1284    96.8405     3.7495     1.2202      7.700 1.0000e-12       9675         28 0.0000e+00
    226.480   20.15196 -106.00026    228.000    11.9973    11.9976    11.9676    34.7709    34.7792  1027.4328    26.4116 6.8614e-02      0.313  263.69871     0.1300    96.8019     3.7493     1.2200      7.700 1.0000e-12       9703         27 0.0000e+00
    227.473   20.15196 -106.00026    229.000    11.9928    11.9929    11.9630    34.7700    34.7783  1027.4375    26.4118 6.9750e-02      0.278  263.72512     0.1292    96.8217     3.7493     1.2194      7.700 1.0000e-12       9729         25 0.0000e+00
    228.466   20.15196 -106.00026    230.000    11.9553    11.9561    11.9254    34.7661    34.7744  1027.4462    26.4159 6.9425e-02      0.322  263.93806     0.1282    96.8455     3.7492     1.2182      7.699 1.0000e-12       9753         22 0.0000e+00
    229.459   20.15196 -106.00026    231.000    11.9293    11.9295    11.8993    34.7658    34.7741  1027.4555    26.4207 7.1567e-02      0.316  264.08105     0.1270    96.8757     3.7496     1.2163      7.698 1.0000e-12       9776         23 0.0000e+00
    230.451   20.15196 -106.00026    232.000    11.9239    11.9242    11.8938    34.7650    34.7733  1027.4604    26.4211 6.9555e-02      0.296  264.11212     0.1277    96.8590     3.7496     1.2150      7.696 1.0000e-12       9798         22 0.0000e+00
    231.444   20.15196 -106.00026    233.000    11.8976    11.8979    11.8674    34.7618    34.7700  1027.4675    26.4235 7.3119e-02      0.300  264.26231     0.1278    96.8555     3.7497     1.2140      7.695 1.0000e-12       9821         23 0.0000e+00
    232.437   20.15196 -106.00026    234.000    11.8502    11.8505    11.8200    34.7605    34.7688  1027.4801    26.4315 6.8429e-02      0.312  264.52537     0.1279    96.8530     3.7497     1.2113      7.696 1.0000e-12       9845         25 0.0000e+00
    233.430   20.15196 -106.00026    235.000    11.8444    11.8447    11.8140    34.7600    34.7681  1027.4854    26.4323 7.0031e-02      0.310  264.55835     0.1263    96.8931     3.7497     1.2096      7.696 1.0000e-12       9868         23 0.0000e+00
    234.423   20.15196 -106.00026    236.000    11.8400    11.8401    11.8095    34.7593    34.7677  1027.4902    26.4326 7.0120e-02      0.305  264.58390     0.1258    96.9033     3.7497     1.2086      7.696 1.0000e-12       9891         21 0.0000e+00
    235.415   20.15196 -106.00026    237.000    11.8343    11.8341    11.8037    34.7587    34.7670  1027.4952    26.4331 7.0784e-02      0.279  264.61626     0.1232    96.9659     3.7498     1.2077      7.696 1.0000e-12       9913         22 0.0000e+00
    236.408   20.15196 -106.00026    238.000    11.8209    11.8215    11.7902    34.7579    34.7661  1027.5017    26.4351 7.1286e-02      0.326  264.69156     0.1088    97.3182     3.7498     1.2070      7.696 1.0000e-12       9937         26 0.0000e+00
    237.401   20.15196 -106.00026    239.000    11.8061    11.8060    11.7753    34.7571    34.7652  1027.5084    26.4372 6.9057e-02      0.323  264.77479     0.1034    97.4480     3.7497     1.2063      7.695 1.0000e-12       9966         31 0.0000e+00
    238.393   20.15196 -106.00026    240.000    11.7989    11.7993    11.7680    34.7565    34.7648  1027.5138    26.4381 7.0855e-02      0.246  264.81541     0.1244    96.9376     3.7497     1.2053      7.693 1.0000e-12       9997         29 0.0000e+00
    239.386   20.15196 -106.00026    241.000    11.7946    11.7950    11.7636    34.7562    34.7643  1027.5189    26.4387 7.0235e-02      0.288  264.83958     0.1190    97.0678     3.7497     1.2048      7.694 1.0000e-12      10023         23 0.0000e+00
    240.379   20.15196 -106.00026    242.000    11.7920    11.7923    11.7608    34.7558    34.7641  1027.5236    26.4389 7.1927e-02      0.319  264.85477     0.1103    97.2809     3.7497     1.2044      7.692 1.0000e-12      10045         22 0.0000e+00
    241.372   20.15196 -106.00026    243.000    11.7914    11.7918    11.7601    34.7557    34.7639  1027.5281    26.4389 7.1364e-02      0.292  264.85842     0.1100    97.2882     3.7498     1.2040      7.692 1.0000e-12      10067         23 0.0000e+00
    242.364   20.15196 -106.00026    244.000    11.7904    11.7908    11.7589    34.7553    34.7637  1027.5324    26.4389 6.9953e-02      0.292  264.86457     0.1248    96.9288     3.7498     1.2034      7.692 1.0000e-12      10090         23 0.0000e+00
    243.357   20.15196 -106.00026    245.000    11.7802    11.7811    11.7487    34.7545    34.7627  1027.5382    26.4401 7.2380e-02      0.282  264.92208     0.1263    96.8930     3.7497     1.2032      7.691 1.0000e-12      10115         24 0.0000e+00
    244.350   20.15196 -106.00026    246.000    11.7555    11.7562    11.7239    34.7539    34.7621  1027.5470    26.4443 7.0167e-02      0.259  265.05975     0.1255    96.9122     3.7497     1.2022      7.691 1.0000e-12      10139         24 0.0000e+00
    245.342   20.15196 -106.00026    247.000    11.7371    11.7375    11.7054    34.7527    34.7607  1027.5541    26.4468 7.1359e-02      0.299  265.16384     0.1257    96.9077     3.7498     1.2010      7.691 1.0000e-12      10162         23 0.0000e+00
    246.335   20.15196 -106.00026    248.000    11.7029    11.7030    11.6711    34.7510    34.7592  1027.5638    26.4519 7.3283e-02      0.268  265.35640     0.1254    96.9135     3.7498     1.1991      7.691 1.0000e-12      10185         23 0.0000e+00
    247.328   20.15196 -106.00026    249.000    11.6818    11.6821    11.6499    34.7505    34.7587  1027.5720    26.4555 7.0652e-02      0.317  265.47368     0.0831    97.9439     3.7500     1.1976      7.691 1.0000e-12      10209         23 0.0000e+00
    248.320   20.15196 -106.00026    250.000    11.6749    11.6751    11.6429    34.7499    34.7581  1027.5773    26.4564 7.1207e-02      0.332  265.51325     0.0708    98.2442     3.7501     1.1965      7.691 1.0000e-12      10233         25 0.0000e+00
    249.313   20.15196 -106.00026    251.000    11.6626    11.6628    11.6305    34.7492    34.7574  1027.5836    26.4581 7.1209e-02      0.259  265.58278     0.0706    98.2515     3.7501     1.1952      7.691 1.0000e-12      10258         25 0.0000e+00
    250.306   20.15196 -106.00026    252.000    11.6465    11.6468    11.6143    34.7484    34.7567  1027.5905    26.4605 7.0483e-02      0.225  265.67330     0.0713    98.2318     3.7502     1.1941      7.690 1.0000e-12      10283         25 0.0000e+00
    251.298   20.15196 -106.00026    253.000    11.6351    11.6353    11.6028    34.7482    34.7565  1027.5971    26.4625 7.1740e-02      0.305  265.73710     0.0706    98.2513     3.7500     1.1934      7.690 1.0000e-12      10308         24 0.0000e+00
    252.291   20.15196 -106.00026    254.000    11.6271    11.6273    11.5947    34.7480    34.7562  1027.6029    26.4639 7.0388e-02      0.336  265.78183     0.0706    98.2496     3.7501     1.1922      7.689 1.0000e-12      10332         23 0.0000e+00
