data/ctd-cnv/SKQ1617/SKQ1617-St15-P1/skq201617s-027avg.cnv
* Sea-Bird SBE 9 Data File:
* FileName = D:\CTD\SKQ201617S\SKQ201617S-027.hex
* Software Version Seasave V 7.22.5
* Temperature SN = 5773
* Conductivity SN = 2251
* Number of Bytes Per Scan = 37
* Number of Voltage Words = 4
* Number of Scans Averaged by the Deck Unit = 1
* NMEA Latitude = 20 17.72 N
* NMEA Longitude = 106 12.76 W
* NMEA UTC (Time) = Jan 05 2017  08:52:15
* NMEA baud rate = 4800
** Ship: R/V Sikuliaq
** Station Number: 027
** Station Name: Station 15
** Depth: 2960
** Operator: NMT, AB
** UVP
# nquan = 23
# nvalues = 199                         
# units = specified
# name 0 = depSM: Depth [salt water, m]
# name 1 = latitude: Latitude [deg]
# name 2 = longitude: Longitude [deg]
# name 3 = prDM: Pressure, Digiquartz [db]
# name 4 = t090C: Temperature [ITS-90, deg C]
# name 5 = t190C: Temperature, 2 [ITS-90, deg C]
# name 6 = potemp090C: Potential Temperature [ITS-90, deg C]
# name 7 = sal00: Salinity, Practical [PSU]
# name 8 = sal11: Salinity, Practical, 2 [PSU]
# name 9 = density00: Density [density, kg/m^3]
# name 10 = sigma-t00: Density [sigma-t, kg/m^3 ]
# name 11 = flSP: Fluorescence, Seapoint
# name 12 = sbox0Mm/Kg: Oxygen, SBE 43 [umol/kg]
# name 13 = oxsolMm/Kg: Oxygen Saturation, Garcia & Gordon [umol/kg]
# name 14 = CStarAt0: Beam Attenuation, WET Labs C-Star [1/m]
# name 15 = CStarTr0: Beam Transmission, WET Labs C-Star [%]
# name 16 = v2: Voltage 2
# name 17 = v3: Voltage 3
# name 18 = ph: pH
# name 19 = par: PAR/Irradiance, Biospherical/Licor
# name 20 = scan: Scan Count
# name 21 = nbin: number of scans per bin
# name 22 = flag: flag
# span 0 =      3.975,    200.664       
# span 1 =   20.29526,   20.29528       
# span 2 = -106.21274, -106.21272       
# span 3 =      4.000,    202.000       
# span 4 =    12.1302,    26.1523       
# span 5 =    12.1299,    26.1518       
# span 6 =    12.1037,    26.1504       
# span 7 =    34.3896,    34.8207       
# span 8 =    34.5148,    34.8288       
# span 9 =  1022.5627,  1027.2953       
# span 10 =    22.5455,    26.3932      
# span 11 = 7.3145e-02, 8.6581e+00      
# span 12 =      0.142,    199.098      
# span 13 =  203.28611,  262.96275      
# span 14 =     0.0730,     0.6478      
# span 15 =    85.0471,    98.1902      
# span 16 =     1.4202,     3.7045      
# span 17 =     1.2256,     2.2620      
# span 18 =      6.895,      6.968      
# span 19 = -2.854e-09, 1.9359e-01      
# span 20 =        690,      17446      
# span 21 =         20,       1867      
# span 22 = 0.0000e+00, 0.0000e+00      
# interval = decibars: 1                
# start_time = Jan 05 2017 08:52:15 [NMEA time, header]
# bad_flag = -9.990e-29
*END*
[from data line 189]
    191.728   20.29528 -106.21274    193.000    12.2720    12.2719    12.2465    34.7901    34.7979  1027.2375    26.3738 7.4316e-02      0.343  262.16885     0.1307    96.7843     3.7044     1.2433      6.901 1.0000e-12      13215         28 0.0000e+00
    192.721   20.29528 -106.21274    194.000    12.2444    12.2441    12.2188    34.7891    34.7972  1027.2467    26.3784 7.3870e-02      0.347  262.32002     0.1306    96.7889     3.7044     1.2424      6.901 1.0000e-12      13245         30 0.0000e+00
    193.714   20.29528 -106.21274    195.000    12.2223    12.2224    12.1966    34.7888    34.7968  1027.2553    26.3824 7.3851e-02      0.372  262.44049     0.1296    96.8125     3.7043     1.2407      6.901 1.0000e-12      13275         31 0.0000e+00
    194.707   20.29528 -106.21274    196.000    12.2146    12.2147    12.1888    34.7883    34.7963  1027.2609    26.3835 7.4763e-02      0.277  262.48267     0.1301    96.8003     3.7044     1.2397      6.901 1.0000e-12      13304         27 0.0000e+00
    195.700   20.29528 -106.21274    197.000    12.2098    12.2100    12.1839    34.7880    34.7959  1027.2660    26.3842 7.4523e-02      0.326  262.50934     0.1300    96.8032     3.7044     1.2389      6.901 1.0000e-12      13335         32 0.0000e+00
    196.693   20.29528 -106.21274    198.000    12.2041    12.2039    12.1781    34.7875    34.7956  1027.2712    26.3849 7.3801e-02      0.342  262.54124     0.1299    96.8055     3.7044     1.2384      6.901 1.0000e-12      13368         36 0.0000e+00
    197.686   20.29528 -106.21274    199.000    12.2338    12.2309    12.2076    34.7880    34.7956  1027.2702    26.3795 7.3145e-02      0.317  262.37956     0.1301    96.8007     3.7036     1.2395      6.901 1.0000e-12      13481        194 0.0000e+00
    198.679   20.29528 -106.21274    200.000    12.1599    12.1575    12.1336    34.7842    34.7929  1027.2863    26.3908 7.4139e-02      0.316  262.78769     0.0937    97.6873     3.7034     1.2362      6.901 1.0000e-12      13733        197 0.0000e+00
    199.672   20.29528 -106.21274    201.000    12.1370    12.1365    12.1107    34.7816    34.7896  1027.2932    26.3932 7.3499e-02      0.314  262.91674     0.0730    98.1902     3.7034     1.2347      6.901 1.0000e-12      13856         57 0.0000e+00
    200.664   20.29528 -106.21273    202.000    12.1302    12.1299    12.1037    34.7768    34.7849  1027.2953    26.3908 7.5227e-02      0.142  262.96275     0.0754    98.1325     3.7036     1.2256      6.895 1.0000e-12      17446       1867 0.0000e+00
