data/ctd-cnv/SKQ1617/SKQ1617-St15-P1/skq201617s-023avg.cnv
* Sea-Bird SBE 9 Data File:
* FileName = D:\CTD\SKQ201617S\SKQ201617S-023.hex
* Software Version Seasave V 7.22.5
* Temperature SN = 5773
* Conductivity SN = 2251
* Number of Bytes Per Scan = 37
* Number of Voltage Words = 4
* Number of Scans Averaged by the Deck Unit = 1
* NMEA Latitude = 20 11.82 N
* NMEA Longitude = 106 07.58 W
* NMEA UTC (Time) = Jan 03 2017  13:47:55
* NMEA baud rate = 4800
** Ship: R/V Sikuliaq
** Station Number: 023
** Station Name: Station 15
** Depth: 2609 m
** Operator: RML
# nquan = 23
# nvalues = 501                         
# units = specified
# name 0 = depSM: Depth [salt water, m]
# name 1 = latitude: Latitude [deg]
# name 2 = longitude: Longitude [deg]
# name 3 = prDM: Pressure, Digiquartz [db]
# name 4 = t090C: Temperature [ITS-90, deg C]
# name 5 = t190C: Temperature, 2 [ITS-90, deg C]
# name 6 = potemp090C: Potential Temperature [ITS-90, deg C]
# name 7 = sal00: Salinity, Practical [PSU]
# name 8 = sal11: Salinity, Practical, 2 [PSU]
# name 9 = density00: Density [density, kg/m^3]
# name 10 = sigma-t00: Density [sigma-t, kg/m^3 ]
# name 11 = flSP: Fluorescence, Seapoint
# name 12 = sbox0Mm/Kg: Oxygen, SBE 43 [umol/kg]
# name 13 = oxsolMm/Kg: Oxygen Saturation, Garcia & Gordon [umol/kg]
# name 14 = CStarAt0: Beam Attenuation, WET Labs C-Star [1/m]
# name 15 = CStarTr0: Beam Transmission, WET Labs C-Star [%]
# name 16 = v2: Voltage 2
# name 17 = v3: Voltage 3
# name 18 = ph: pH
# name 19 = par: PAR/Irradiance, Biospherical/Licor
# name 20 = scan: Scan Count
# name 21 = nbin: number of scans per bin
# name 22 = flag: flag
# span 0 =      3.975,    500.306       
# span 1 =   20.19704,   20.19706       
# span 2 = -106.12632, -106.12628       
# span 3 =      4.000,    504.000       
# span 4 =     8.0770,    25.7352       
# span 5 =     8.0768,    25.7352       
# span 6 =     8.0251,    25.7333       
# span 7 =    34.5456,    34.8225       
# span 8 =    34.5531,    34.8305       
# span 9 =  1022.8850,  1029.2068       
# span 10 =    22.8661,    26.9190      
# span 11 = 7.0581e-02, 5.7123e+00      
# span 12 =      0.132,    199.648      
# span 13 =  204.69370,  287.33663      
# span 14 =     0.0601,     0.5341      
# span 15 =    87.5045,    98.5095      
# span 16 =     1.4355,     3.7277      
# span 17 =     0.9310,     2.2328      
# span 18 =      4.718,      8.202      
# span 19 = 1.0000e-12, 3.0741e+01      
# span 20 =        559,      16949      
# span 21 =         16,        453      
# span 22 = 0.0000e+00, 0.0000e+00      
# interval = decibars: 1                
# start_time = Jan 03 2017 13:47:55 [NMEA time, header]
# bad_flag = -9.990e-29
*END*
[from data line 441]
    441.801   20.19706 -106.12630    445.000     8.9168     8.9170     8.8683    34.5968    34.6044  1028.8306    26.8156 7.7122e-02      0.197  281.97401     0.0627    98.4438     3.7264     0.9916      6.165 1.0000e-12      14612         20 0.0000e+00
    442.793   20.19706 -106.12630    446.000     8.9092     8.9091     8.8606    34.5965    34.6041  1028.8362    26.8167 7.5909e-02      0.182  282.02159     0.0628    98.4415     3.7264     0.9907      6.127 1.0000e-12      14634         22 0.0000e+00
    443.785   20.19706 -106.12630    447.000     8.9030     8.9027     8.8543    34.5958    34.6034  1028.8412    26.8171 7.7766e-02      0.169  282.06168     0.0627    98.4439     3.7265     0.9897      6.088 1.0000e-12      14658         27 0.0000e+00
    444.777   20.19706 -106.12630    448.000     8.9002     8.9003     8.8514    34.5953    34.6029  1028.8457    26.8172 7.9300e-02      0.198  282.07983     0.0625    98.4492     3.7263     0.9893      6.038 1.0000e-12      14687         29 0.0000e+00
    445.768   20.19706 -106.12630    449.000     8.8958     8.8961     8.8469    34.5947    34.6023  1028.8505    26.8174 7.7781e-02      0.206  282.10848     0.0622    98.4579     3.7261     0.9887      5.986 1.0000e-12      14714         26 0.0000e+00
    446.760   20.19706 -106.12630    450.000     8.8856     8.8853     8.8366    34.5942    34.6018  1028.8563    26.8186 7.6756e-02      0.184  282.17295     0.0630    98.4367     3.7264     0.9882      5.935 1.0000e-12      14739         22 0.0000e+00
    447.752   20.19706 -106.12630    451.000     8.8827     8.8831     8.8336    34.5939    34.6016  1028.8611    26.8188 7.6922e-02      0.182  282.19125     0.0630    98.4379     3.7264     0.9880      5.890 1.0000e-12      14760         22 0.0000e+00
    448.744   20.19706 -106.12630    452.000     8.8800     8.8798     8.8308    34.5935    34.6012  1028.8658    26.8189 7.6482e-02      0.196  282.20871     0.0644    98.4027     3.7265     0.9875      5.849 1.0000e-12      14783         24 0.0000e+00
    449.736   20.19706 -106.12630    453.000     8.8639     8.8631     8.8146    34.5928    34.6005  1028.8724    26.8210 7.8175e-02      0.187  282.31047     0.0631    98.4352     3.7265     0.9868      5.815 1.0000e-12      14807         25 0.0000e+00
    450.727   20.19706 -106.12630    454.000     8.8485     8.8486     8.7992    34.5927    34.6004  1028.8795    26.8234 7.5733e-02      0.221  282.40570     0.0627    98.4452     3.7265     0.9859      5.784 1.0000e-12      14832         22 0.0000e+00
    451.719   20.19706 -106.12630    455.000     8.8453     8.8455     8.7959    34.5925    34.6002  1028.8843    26.8236 7.6086e-02      0.183  282.42633     0.0624    98.4509     3.7265     0.9855      5.756 1.0000e-12      14854         22 0.0000e+00
    452.711   20.19706 -106.12630    456.000     8.8404     8.8406     8.7909    34.5922    34.5998  1028.8894    26.8242 7.8775e-02      0.195  282.45717     0.0625    98.4501     3.7265     0.9848      5.734 1.0000e-12      14875         21 0.0000e+00
    453.702   20.19706 -106.12630    457.000     8.8261     8.8259     8.7766    34.5913    34.5987  1028.8956    26.8258 7.7233e-02      0.163  282.54802     0.0627    98.4429     3.7265     0.9845      5.714 1.0000e-12      14899         25 0.0000e+00
    454.694   20.19706 -106.12630    458.000     8.7748     8.7745     8.7253    34.5908    34.5983  1028.9083    26.8335 7.7279e-02      0.181  282.86863     0.0627    98.4430     3.7265     0.9824      5.693 1.0000e-12      14928         31 0.0000e+00
    455.685   20.19706 -106.12630    459.000     8.7394     8.7396     8.6899    34.5891    34.5965  1028.9174    26.8377 7.7628e-02      0.179  283.09291     0.0625    98.4499     3.7265     0.9795      5.675 1.0000e-12      14956         26 0.0000e+00
    456.677   20.19706 -106.12630    460.000     8.7066     8.7067     8.6571    34.5885    34.5960  1028.9269    26.8424 7.7756e-02      0.223  283.29858     0.0636    98.4235     3.7265     0.9776      5.655 1.0000e-12      14980         22 0.0000e+00
    457.669   20.19706 -106.12630    461.000     8.6942     8.6948     8.6446    34.5878    34.5953  1028.9329    26.8438 7.8356e-02      0.216  283.37780     0.0624    98.4507     3.7265     0.9762      5.640 1.0000e-12      15002         23 0.0000e+00
    458.661   20.19706 -106.12630    462.000     8.6854     8.6857     8.6358    34.5873    34.5950  1028.9385    26.8448 7.7100e-02      0.199  283.43345     0.0619    98.4643     3.7265     0.9748      5.627 1.0000e-12      15025         24 0.0000e+00
    459.652   20.19706 -106.12630    463.000     8.6779     8.6786     8.6282    34.5868    34.5944  1028.9439    26.8456 7.6923e-02      0.199  283.48141     0.0624    98.4515     3.7265     0.9740      5.612 1.0000e-12      15049         24 0.0000e+00
    460.644   20.19706 -106.12630    464.000     8.6633     8.6638     8.6136    34.5861    34.5937  1028.9503    26.8473 7.6769e-02      0.200  283.57418     0.0622    98.4559     3.7265     0.9732      5.593 1.0000e-12      15074         24 0.0000e+00
    461.636   20.19706 -106.12630    465.000     8.6467     8.6460     8.5969    34.5856    34.5930  1028.9571    26.8495 7.5602e-02      0.200  283.67927     0.0624    98.4522     3.7265     0.9720      5.575 1.0000e-12      15096         22 0.0000e+00
    462.627   20.19706 -106.12630    466.000     8.6244     8.6241     8.5746    34.5846    34.5921  1028.9645    26.8522 7.6179e-02      0.200  283.82111     0.0620    98.4620     3.7265     0.9708      5.557 1.0000e-12      15117         20 0.0000e+00
    463.619   20.19706 -106.12630    467.000     8.5961     8.5956     8.5463    34.5836    34.5911  1028.9729    26.8558 7.8802e-02      0.200  284.00062     0.0617    98.4701     3.7265     0.9693      5.534 1.0000e-12      15138         20 0.0000e+00
    464.610   20.19706 -106.12630    468.000     8.5740     8.5741     8.5241    34.5832    34.5907  1028.9808    26.8590 7.8387e-02      0.200  284.14009     0.0609    98.4889     3.7265     0.9677      5.494 1.0000e-12      15161         25 0.0000e+00
    465.602   20.19706 -106.12630    469.000     8.5680     8.5680     8.5180    34.5826    34.5902  1028.9859    26.8594 7.5376e-02      0.200  284.17917     0.0614    98.4780     3.7268     0.9663      5.418 1.0000e-12      15188         29 0.0000e+00
    466.594   20.19706 -106.12630    470.000     8.5605     8.5606     8.5105    34.5818    34.5893  1028.9910    26.8600 7.7324e-02      0.200  284.22760     0.0610    98.4864     3.7265     0.9655      5.322 1.0000e-12      15216         27 0.0000e+00
    467.585   20.19706 -106.12630    471.000     8.5347     8.5347     8.4846    34.5807    34.5882  1028.9989    26.8631 7.6403e-02      0.201  284.39266     0.0620    98.4626     3.7266     0.9646      5.247 1.0000e-12      15240         21 0.0000e+00
    468.577   20.19706 -106.12630    472.000     8.5241     8.5243     8.4740    34.5806    34.5882  1029.0050    26.8646 7.7066e-02      0.201  284.45913     0.0618    98.4665     3.7268     0.9630      5.210 1.0000e-12      15262         23 0.0000e+00
    469.569   20.19706 -106.12630    473.000     8.5214     8.5216     8.4712    34.5802    34.5877  1029.0097    26.8648 7.6276e-02      0.190  284.47695     0.0617    98.4709     3.7269     0.9628      5.206 1.0000e-12      15288         28 0.0000e+00
    470.560   20.19706 -106.12630    474.000     8.5164     8.5166     8.4660    34.5794    34.5869  1029.0144    26.8649 7.7770e-02      0.190  284.51044     0.0617    98.4710     3.7266     0.9621      5.223 1.0000e-12      15317         27 0.0000e+00
    471.552   20.19706 -106.12630    475.000     8.4866     8.4868     8.4363    34.5782    34.5858  1029.0229    26.8686 7.9086e-02      0.185  284.70027     0.0617    98.4700     3.7269     0.9610      5.178 1.0000e-12      15342         24 0.0000e+00
    472.544   20.19706 -106.12630    476.000     8.4598     8.4600     8.4095    34.5773    34.5847  1029.0311    26.8720 7.8510e-02      0.198  284.87120     0.0618    98.4677     3.7268     0.9594      5.062 1.0000e-12      15365         23 0.0000e+00
    473.535   20.19706 -106.12630    477.000     8.4341     8.4341     8.3837    34.5764    34.5839  1029.0391    26.8753 7.8922e-02      0.206  285.03547     0.0617    98.4688     3.7273     0.9577      4.975 1.0000e-12      15388         22 0.0000e+00
    474.527   20.19706 -106.12630    478.000     8.4201     8.4204     8.3697    34.5760    34.5835  1029.0456    26.8771 7.8491e-02      0.194  285.12498     0.0623    98.4538     3.7275     0.9563      4.922 1.0000e-12      15409         21 0.0000e+00
    475.518   20.19706 -106.12630    479.000     8.4166     8.4165     8.3661    34.5753    34.5829  1029.0502    26.8771 7.8421e-02      0.157  285.14817     0.0624    98.4522     3.7273     0.9553      4.895 1.0000e-12      15431         22 0.0000e+00
    476.510   20.19706 -106.12630    480.000     8.4070     8.4067     8.3564    34.5746    34.5823  1029.0557    26.8781 7.6788e-02      0.210  285.21060     0.0615    98.4753     3.7274     0.9547      4.882 1.0000e-12      15453         23 0.0000e+00
    477.502   20.19706 -106.12630    481.000     8.3919     8.3919     8.3412    34.5745    34.5821  1029.0626    26.8803 7.6644e-02      0.206  285.30658     0.0621    98.4603     3.7275     0.9537      4.897 1.0000e-12      15477         26 0.0000e+00
    478.493   20.19706 -106.12630    482.000     8.3791     8.3797     8.3283    34.5742    34.5815  1029.0689    26.8820 7.6569e-02      0.196  285.38833     0.0623    98.4541     3.7275     0.9530      4.961 1.0000e-12      15506         31 0.0000e+00
    479.484   20.19706 -106.12630    483.000     8.3729     8.3731     8.3221    34.5739    34.5815  1029.0743    26.8828 7.8127e-02      0.143  285.42798     0.0614    98.4775     3.7273     0.9521      5.070 1.0000e-12      15535         27 0.0000e+00
    480.476   20.19706 -106.12630    484.000     8.3693     8.3695     8.3183    34.5735    34.5812  1029.0791    26.8830 7.6667e-02      0.179  285.45180     0.0616    98.4734     3.7273     0.9517      5.169 1.0000e-12      15560         24 0.0000e+00
    481.468   20.19706 -106.12630    485.000     8.3659     8.3661     8.3149    34.5732    34.5809  1029.0839    26.8833 7.6015e-02      0.267  285.47372     0.0609    98.4881     3.7276     0.9509      5.249 1.0000e-12      15582         20 0.0000e+00
    482.459   20.19706 -106.12630    486.000     8.3490     8.3490     8.2980    34.5726    34.5802  1029.0907    26.8854 7.6944e-02      0.196  285.58190     0.0615    98.4754     3.7275     0.9503      5.319 1.0000e-12      15604         23 0.0000e+00
    483.451   20.19706 -106.12630    487.000     8.3062     8.3061     8.2552    34.5730    34.5805  1029.1025    26.8922 7.5822e-02      0.192  285.85254     0.0617    98.4709     3.7277     0.9489      5.383 1.0000e-12      15628         24 0.0000e+00
    484.442   20.19706 -106.12630    488.000     8.2543     8.2544     8.2034    34.5718    34.5791  1029.1145    26.8992 7.8568e-02      0.214  286.18563     0.0607    98.4932     3.7277     0.9462      5.449 1.0000e-12      15652         25 0.0000e+00
    485.434   20.19706 -106.12630    489.000     8.2148     8.2141     8.1639    34.5716    34.5791  1029.1252    26.9050 7.8673e-02      0.185  286.43737     0.0607    98.4927     3.7277     0.9429      5.511 1.0000e-12      15676         23 0.0000e+00
    486.425   20.19706 -106.12630    490.000     8.1997     8.1999     8.1487    34.5710    34.5784  1029.1317    26.9069 7.7539e-02      0.183  286.53530     0.0607    98.4940     3.7277     0.9409      5.568 1.0000e-12      15699         25 0.0000e+00
    487.417   20.19706 -106.12630    491.000     8.1929     8.1930     8.1419    34.5700    34.5775  1029.1366    26.9071 7.7960e-02      0.186  286.58018     0.0606    98.4951     3.7277     0.9398      5.625 1.0000e-12      15726         28 0.0000e+00
    488.409   20.19706 -106.12630    492.000     8.1814     8.1811     8.1303    34.5691    34.5765  1029.1423    26.9081 7.8596e-02      0.225  286.65553     0.0615    98.4730     3.7277     0.9392      5.685 1.0000e-12      15758         35 0.0000e+00
    489.400   20.19706 -106.12630    493.000     8.1697     8.1698     8.1185    34.5684    34.5759  1029.1481    26.9094 7.7993e-02      0.155  286.73201     0.0604    98.5020     3.7277     0.9385      5.754 1.0000e-12      15798         44 0.0000e+00
    490.391   20.19706 -106.12630    494.000     8.1604     8.1608     8.1092    34.5678    34.5751  1029.1536    26.9103 7.8809e-02      0.202  286.79254     0.0603    98.5041     3.7276     0.9382      5.821 1.0000e-12      15842         43 0.0000e+00
    491.383   20.19706 -106.12630    495.000     8.1345     8.1348     8.0832    34.5670    34.5744  1029.1617    26.9136 7.8684e-02      0.207  286.95998     0.0614    98.4768     3.7277     0.9370      5.879 1.0000e-12      15885         48 0.0000e+00
    492.375   20.19706 -106.12630    496.000     8.1307     8.1291     8.0794    34.5659    34.5737  1029.1660    26.9133 8.0761e-02      0.192  286.98634     0.0609    98.4897     3.7273     0.9384      6.018 1.0000e-12      16023        237 0.0000e+00
    493.366   20.19704 -106.12630    497.000     8.1205     8.1226     8.0691    34.5641    34.5717  1029.1708    26.9134 8.2511e-02      0.192  287.05574     0.0607    98.4951     3.7270     0.9354      4.762 1.0000e-12      16400         68 0.0000e+00
    494.358   20.19704 -106.12630    498.000     8.1172     8.1174     8.0657    34.5643    34.5720  1029.1760    26.9141 8.0822e-02      0.168  287.07577     0.0609    98.4883     3.7276     0.9343      4.726 1.0000e-12      16407         33 0.0000e+00
    495.349   20.19705 -106.12630    499.000     8.1153     8.1157     8.0637    34.5640    34.5718  1029.1806    26.9141 8.2106e-02      0.183  287.08854     0.0604    98.5011     3.7276     0.9340      4.718 1.0000e-12      16470         88 0.0000e+00
    496.341   20.19704 -106.12630    500.000     8.1073     8.1076     8.0556    34.5638    34.5715  1029.1862    26.9152 8.3138e-02      0.181  287.14075     0.0601    98.5095     3.7276     0.9331      4.745 1.0000e-12      16530         32 0.0000e+00
    497.332   20.19704 -106.12630    501.000     8.1004     8.1015     8.0486    34.5637    34.5713  1029.1918    26.9162 8.3025e-02      0.188  287.18489     0.0607    98.4950     3.7277     0.9324      4.768 1.0000e-12      16576         77 0.0000e+00
    498.324   20.19704 -106.12630    502.000     8.0901     8.0899     8.0382    34.5631    34.5708  1029.1975    26.9172 8.2054e-02      0.177  287.25250     0.0605    98.4975     3.7275     0.9325      4.809 1.0000e-12      16648         46 0.0000e+00
    499.315   20.19704 -106.12630    503.000     8.0770     8.0773     8.0251    34.5629    34.5706  1029.2039    26.9190 8.2694e-02      0.201  287.33663     0.0607    98.4946     3.7277     0.9310      4.831 1.0000e-12      16689         48 0.0000e+00
    500.306   20.19704 -106.12630    504.000     8.0825     8.0768     8.0305    34.5620    34.5697  1029.2068    26.9175 8.1518e-02      0.155  287.30330     0.0615    98.4728     3.7269     0.9327      4.929 1.0000e-12      16949        221 0.0000e+00
