data/ctd-cnv/SKQ1617/SKQ1617-St15-P1/skq201617s-026avg.cnv
* Sea-Bird SBE 9 Data File:
* FileName = D:\CTD\SKQ201617S\SKQ201617S-026.hex
* Software Version Seasave V 7.22.5
* Temperature SN = 5773
* Conductivity SN = 2251
* Number of Bytes Per Scan = 37
* Number of Voltage Words = 4
* Number of Scans Averaged by the Deck Unit = 1
* NMEA Latitude = 20 13.84 N
* NMEA Longitude = 106 10.83 W
* NMEA UTC (Time) = Jan 04 2017  14:02:59
* NMEA baud rate = 4800
** Ship: R/V Sikuliaq
** Station Number: 026
** Station Name: Station 15
** Depth: 2427 m
** Operator: RML
** UVP
# nquan = 23
# nvalues = 200                         
# units = specified
# name 0 = depSM: Depth [salt water, m]
# name 1 = latitude: Latitude [deg]
# name 2 = longitude: Longitude [deg]
# name 3 = prDM: Pressure, Digiquartz [db]
# name 4 = t090C: Temperature [ITS-90, deg C]
# name 5 = t190C: Temperature, 2 [ITS-90, deg C]
# name 6 = potemp090C: Potential Temperature [ITS-90, deg C]
# name 7 = sal00: Salinity, Practical [PSU]
# name 8 = sal11: Salinity, Practical, 2 [PSU]
# name 9 = density00: Density [density, kg/m^3]
# name 10 = sigma-t00: Density [sigma-t, kg/m^3 ]
# name 11 = flSP: Fluorescence, Seapoint
# name 12 = sbox0Mm/Kg: Oxygen, SBE 43 [umol/kg]
# name 13 = oxsolMm/Kg: Oxygen Saturation, Garcia & Gordon [umol/kg]
# name 14 = CStarAt0: Beam Attenuation, WET Labs C-Star [1/m]
# name 15 = CStarTr0: Beam Transmission, WET Labs C-Star [%]
# name 16 = v2: Voltage 2
# name 17 = v3: Voltage 3
# name 18 = ph: pH
# name 19 = par: PAR/Irradiance, Biospherical/Licor
# name 20 = scan: Scan Count
# name 21 = nbin: number of scans per bin
# name 22 = flag: flag
# span 0 =      2.981,    200.666       
# span 1 =   20.23072,   20.23072       
# span 2 = -106.18050, -106.18050       
# span 3 =      3.000,    202.000       
# span 4 =    11.9602,    25.8672       
# span 5 =    11.9612,    25.9355       
# span 6 =    11.9340,    25.8658       
# span 7 =    30.4963,    34.8180       
# span 8 =    33.7198,    34.8260       
# span 9 =  1019.7007,  1027.3236       
# span 10 =    19.6877,    26.4185      
# span 11 = 7.0626e-02, 6.9225e+00      
# span 12 =      0.277,    198.902      
# span 13 =  204.23865,  263.90290      
# span 14 =     0.0767,     0.7456      
# span 15 =    83.0499,    98.1015      
# span 16 =     1.4303,     3.7071      
# span 17 =     1.2214,     2.2417      
# span 18 =      6.912,      6.955      
# span 19 = -1.955e-07, 9.0954e+01      
# span 20 =       -570,      12063      
# span 21 =          5,        680      
# span 22 = 0.0000e+00, 0.0000e+00      
# interval = decibars: 1                
# start_time = Jan 04 2017 14:02:59 [NMEA time, header]
# bad_flag = -9.990e-29
*END*
[from data line 63]
     65.585   20.23072 -106.18050     66.000    16.4402    16.4408    16.4297    34.5837    34.5914  1025.6175    25.3261 2.5421e-01     26.607  241.64646     0.1281    96.8494     3.1598     1.5876      6.940 2.1294e-01       6873         34 0.0000e+00
     66.579   20.23072 -106.18050     67.000    16.3070    16.3039    16.2963    34.5996    34.6069  1025.6650    25.3691 2.4361e-01     22.724  242.23993     0.1266    96.8855     3.2141     1.5789      6.940 1.9909e-01       6912         43 0.0000e+00
     67.573   20.23072 -106.18050     68.000    16.0960    16.0933    16.0853    34.6179    34.6260  1025.7323    25.4317 2.3989e-01     17.940  243.19569     0.1273    96.8684     3.2748     1.5678      6.939 1.8401e-01       6962         57 0.0000e+00
     68.566   20.23072 -106.18050     69.000    15.9644    15.9609    15.9536    34.6280    34.6366  1025.7747    25.4695 2.2264e-01     14.668  243.79777     0.1245    96.9346     3.3307     1.5585      6.939 1.7080e-01       7019         57 0.0000e+00
     69.560   20.23072 -106.18050     70.000    15.8631    15.8624    15.8522    34.6391    34.6470  1025.8108    25.5011 2.1026e-01     12.749  244.25745     0.1229    96.9742     3.3944     1.5479      6.939 1.5931e-01       7078         49 0.0000e+00
     70.553   20.23072 -106.18050     71.000    15.8013    15.8015    15.7902    34.6518    34.6600  1025.8391    25.5250 1.7811e-01     11.690  244.52915     0.1219    96.9988     3.4428     1.5367      6.939 1.4839e-01       7118         35 0.0000e+00
     71.547   20.23072 -106.18050     72.000    15.7870    15.7866    15.7757    34.6526    34.6610  1025.8474    25.5288 1.8464e-01     10.203  244.59589     0.1215    97.0078     3.4749     1.5312      6.939 1.3824e-01       7156         43 0.0000e+00
     72.540   20.23072 -106.18050     73.000    15.7519    15.7510    15.7406    34.6619    34.6706  1025.8669    25.5439 2.0210e-01      9.429  244.74646     0.1211    97.0187     3.4877     1.5304      6.939 1.2971e-01       7207         60 0.0000e+00
     73.534   20.23072 -106.18050     74.000    15.7204    15.7191    15.7089    34.6780    34.6870  1025.8908    25.5634 1.6208e-01      8.277  244.86926     0.1207    97.0269     3.4925     1.5298      6.939 1.2231e-01       7262         48 0.0000e+00
     74.527   20.23072 -106.18050     75.000    15.6964    15.6961    15.6847    34.6861    34.6944  1025.9070    25.5750 1.5407e-01      6.372  244.97001     0.1202    97.0386     3.5394     1.5251      6.939 1.1411e-01       7311         54 0.0000e+00
     75.521   20.23072 -106.18050     76.000    15.6818    15.6813    15.6700    34.6887    34.6972  1025.9167    25.5803 1.4988e-01      5.032  245.03522     0.1236    96.9582     3.5779     1.5214      6.938 1.0672e-01       7369         48 0.0000e+00
     76.514   20.23072 -106.18050     77.000    15.6538    15.6534    15.6419    34.6923    34.7010  1025.9302    25.5894 1.3772e-01      5.015  245.16243     0.1201    97.0409     3.5933     1.5157      6.938 1.0014e-01       7405         32 0.0000e+00
     77.508   20.23072 -106.18050     78.000    15.5448    15.5446    15.5328    34.7075    34.7176  1025.9710    25.6256 1.3471e-01      4.750  245.65719     0.1204    97.0355     3.6077     1.5112      6.938 9.4113e-02       7441         42 0.0000e+00
     78.501   20.23072 -106.18050     79.000    15.4879    15.4871    15.4757    34.7194    34.7282  1025.9974    25.6476 1.5151e-01      2.988  245.90966     0.1305    96.7906     3.6220     1.5095      6.936 8.8823e-02       7500         65 0.0000e+00
     79.495   20.23072 -106.18050     80.000    15.4032    15.3995    15.3909    34.7304    34.7391  1026.0293    25.6749 1.6470e-01      1.894  246.29799     0.1248    96.9276     3.6447     1.5057      6.935 8.4036e-02       7559         57 0.0000e+00
     80.488   20.23072 -106.18050     81.000    15.3118    15.3112    15.2995    34.7375    34.7457  1026.0596    25.7007 2.1479e-01      1.227  246.72591     0.1353    96.6744     3.6711     1.4977      6.935 7.9133e-02       7610         43 0.0000e+00
     81.482   20.23072 -106.18050     82.000    15.2312    15.2319    15.2187    34.7420    34.7502  1026.0855    25.7221 2.4578e-01      1.033  247.10782     0.1436    96.4733     3.6852     1.4879      6.934 7.4051e-02       7648         35 0.0000e+00
     82.475   20.23072 -106.18050     83.000    15.1434    15.1419    15.1308    34.7457    34.7556  1026.1123    25.7443 2.9813e-01      1.009  247.52755     0.1451    96.4375     3.6901     1.4813      6.934 6.9513e-02       7683         37 0.0000e+00
     83.469   20.23072 -106.18050     84.000    15.0478    15.0469    15.0351    34.7541    34.7642  1026.1444    25.7718 4.5674e-01      1.040  247.97778     0.1465    96.4030     3.6909     1.4787      6.934 6.4802e-02       7737         66 0.0000e+00
     84.462   20.23072 -106.18050     85.000    15.0364    15.0357    15.0236    34.7504    34.7584  1026.1485    25.7715 4.2716e-01      0.916  248.03984     0.1466    96.3999     3.6887     1.4781      6.934 6.1719e-02       7807         61 0.0000e+00
     85.456   20.23072 -106.18050     86.000    15.0214    15.0212    15.0084    34.7500    34.7585  1026.1560    25.7745 3.7904e-01      0.917  248.11359     0.1465    96.4024     3.6896     1.4734      6.934 5.8438e-02       7857         39 0.0000e+00
     86.449   20.23072 -106.18050     87.000    14.9096    14.9083    14.8966    34.7576    34.7670  1026.1909    25.8048 4.0435e-01      0.893  248.64691     0.1508    96.2998     3.6933     1.4655      6.934 5.4705e-02       7891         33 0.0000e+00
     87.443   20.23072 -106.18050     88.000    14.8308    14.8297    14.8177    34.7654    34.7734  1026.2186    25.8281 5.0816e-01      0.903  249.01971     0.1526    96.2577     3.6947     1.4569      6.934 5.0649e-02       7926         41 0.0000e+00
     88.436   20.23072 -106.18050     89.000    14.7288    14.7249    14.7156    34.7727    34.7810  1026.2509    25.8558 5.9243e-01      0.940  249.50924     0.1534    96.2363     3.6939     1.4548      6.934 4.6997e-02       7976         55 0.0000e+00
     89.430   20.23072 -106.18050     90.000    14.6612    14.6603    14.6478    34.7740    34.7821  1026.2711    25.8715 6.2814e-01      0.829  249.84077     0.1529    96.2477     3.6940     1.4469      6.934 4.3901e-02       8028         49 0.0000e+00
     90.423   20.23072 -106.18050     91.000    14.6229    14.6206    14.6094    34.7749    34.7841  1026.2846    25.8805 6.6157e-01      0.822  250.02831     0.1528    96.2514     3.6947     1.4421      6.934 4.0623e-02       8085         68 0.0000e+00
     91.416   20.23072 -106.18050     92.000    14.5651    14.5641    14.5515    34.7744    34.7824  1026.3012    25.8925 6.2138e-01      0.834  250.31596     0.1517    96.2779     3.6941     1.4380      6.934 3.7914e-02       8147         41 0.0000e+00
     92.410   20.23072 -106.18050     93.000    14.4973    14.4974    14.4836    34.7761    34.7843  1026.3216    25.9084 6.1114e-01      0.846  250.64958     0.1499    96.3216     3.6968     1.4294      6.934 3.5058e-02       8182         36 0.0000e+00
     93.403   20.23072 -106.18050     94.000    14.4491    14.4478    14.4352    34.7763    34.7838  1026.3366    25.9189 6.2987e-01      0.839  250.88934     0.1485    96.3551     3.6971     1.4249      6.934 3.2079e-02       8225         51 0.0000e+00
     94.397   20.23072 -106.18050     95.000    14.3829    14.3813    14.3690    34.7776    34.7856  1026.3563    25.9341 6.0193e-01      0.831  251.21709     0.1468    96.3969     3.6960     1.4238      6.933 2.9112e-02       8276         50 0.0000e+00
     95.390   20.23072 -106.18050     96.000    14.3135    14.3119    14.2995    34.7810    34.7892  1026.3784    25.9516 5.7262e-01      0.809  251.55801     0.1488    96.3486     3.6960     1.4191      6.932 2.6499e-02       8325         51 0.0000e+00
     96.384   20.23072 -106.18050     97.000    14.2881    14.2874    14.2739    34.7804    34.7885  1026.3877    25.9565 5.5456e-01      0.773  251.68634     0.1458    96.4215     3.6967     1.4147      6.931 2.4454e-02       8376         48 0.0000e+00
     97.377   20.23072 -106.18050     98.000    14.2811    14.2795    14.2668    34.7797    34.7880  1026.3931    25.9574 5.6062e-01      0.767  251.72257     0.1457    96.4238     3.6972     1.4111      6.930 2.2523e-02       8424         54 0.0000e+00
     98.370   20.23072 -106.18050     99.000    14.2631    14.2630    14.2487    34.7791    34.7873  1026.4010    25.9608 5.4703e-01      0.648  251.81365     0.1458    96.4210     3.6972     1.4080      6.930 2.1013e-02       8480         47 0.0000e+00
     99.364   20.23072 -106.18050    100.000    14.2047    14.2039    14.1902    34.7800    34.7882  1026.4186    25.9739 5.0175e-01      0.697  252.10561     0.1445    96.4528     3.6982     1.4038      6.929 1.9716e-02       8518         36 0.0000e+00
    100.357   20.23072 -106.18050    101.000    14.1160    14.1113    14.1014    34.7851    34.7930  1026.4459    25.9966 4.7625e-01      0.700  252.54367     0.1437    96.4724     3.6987     1.3982      6.929 1.8279e-02       8557         43 0.0000e+00
    101.351   20.23072 -106.18050    102.000    13.9440    13.9379    13.9294    34.7955    34.8030  1026.4949    26.0408 4.0313e-01      0.737  253.39508     0.1409    96.5393     3.6979     1.3961      6.929 1.6831e-02       8612         60 0.0000e+00
    102.344   20.23072 -106.18050    103.000    13.8386    13.8374    13.8239    34.7973    34.8053  1026.5229    26.0642 3.3751e-01      0.705  253.92812     0.1399    96.5628     3.6974     1.3874      6.929 1.5614e-02       8664         43 0.0000e+00
    103.337   20.23072 -106.18050    104.000    13.7900    13.7876    13.7752    34.8003    34.8088  1026.5399    26.0767 3.3980e-01      0.721  254.17092     0.1402    96.5547     3.6989     1.3778      6.929 1.4448e-02       8717         68 0.0000e+00
    104.331   20.23072 -106.18050    105.000    13.7616    13.7614    13.7467    34.8004    34.8084  1026.5503    26.0826 3.0771e-01      0.696  254.31557     0.1401    96.5577     3.6990     1.3714      6.929 1.4015e-02       8781         42 0.0000e+00
    105.324   20.23072 -106.18050    106.000    13.7399    13.7399    13.7248    34.8012    34.8091  1026.5600    26.0878 2.8246e-01      0.683  254.42540     0.1391    96.5825     3.6999     1.3669      6.929 1.2979e-02       8811         27 0.0000e+00
    106.318   20.23072 -106.18050    107.000    13.6964    13.6949    13.6812    34.8025    34.8109  1026.5745    26.0978 2.7034e-01      0.599  254.64599     0.1393    96.5768     3.7008     1.3638      6.929 1.2159e-02       8838         29 0.0000e+00
    107.311   20.23072 -106.18050    108.000    13.6512    13.6502    13.6360    34.8062    34.8145  1026.5913    26.1101 2.6861e-01      0.606  254.87059     0.1389    96.5879     3.7007     1.3601      6.928 1.1419e-02       8872         39 0.0000e+00
    108.304   20.23072 -106.18050    109.000    13.6107    13.6097    13.5953    34.8080    34.8162  1026.6056    26.1198 2.4990e-01      0.670  255.07559     0.1404    96.5507     3.7005     1.3576      6.928 1.0571e-02       8914         37 0.0000e+00
    109.297   20.23072 -106.18050    110.000    13.5654    13.5651    13.5499    34.8083    34.8165  1026.6197    26.1294 2.2473e-01      0.571  255.30820     0.1414    96.5267     3.7009     1.3533      6.927 9.7265e-03       8945         30 0.0000e+00
    110.291   20.23072 -106.18050    111.000    13.5385    13.5380    13.5229    34.8082    34.8164  1026.6296    26.1348 2.1732e-01      0.651  255.44716     0.1373    96.6262     3.7012     1.3502      6.927 9.0653e-03       8976         30 0.0000e+00
    111.284   20.23072 -106.18050    112.000    13.5099    13.5096    13.4942    34.8093    34.8175  1026.6409    26.1416 2.0523e-01      0.613  255.59245     0.1400    96.5614     3.7016     1.3472      6.925 8.5464e-03       9007         31 0.0000e+00
    112.277   20.23072 -106.18050    113.000    13.4929    13.4926    13.4771    34.8100    34.8181  1026.6494    26.1456 1.9725e-01      0.588  255.67878     0.1382    96.6043     3.7020     1.3443      6.924 8.2777e-03       9035         24 0.0000e+00
    113.271   20.23072 -106.18050    114.000    13.4839    13.4841    13.4679    34.8110    34.8188  1026.6565    26.1482 1.9138e-01      0.578  255.72372     0.1386    96.5948     3.7021     1.3421      6.924 7.5581e-03       9059         24 0.0000e+00
    114.264   20.23072 -106.18050    115.000    13.4832    13.4833    13.4670    34.8104    34.8184  1026.6607    26.1480 1.9030e-01      0.604  255.72840     0.1373    96.6264     3.7021     1.3406      6.924 7.0447e-03       9082         23 0.0000e+00
    115.257   20.23072 -106.18050    116.000    13.4750    13.4746    13.4588    34.8099    34.8181  1026.6664    26.1492 1.9034e-01      0.567  255.77131     0.1371    96.6307     3.7021     1.3397      6.924 6.3542e-03       9106         26 0.0000e+00
    116.251   20.23072 -106.18050    117.000    13.4452    13.4443    13.4288    34.8097    34.8180  1026.6769    26.1552 1.8536e-01      0.586  255.92597     0.1376    96.6183     3.7021     1.3382      6.924 5.8504e-03       9134         28 0.0000e+00
    117.244   20.23072 -106.18050    118.000    13.3811    13.3798    13.3646    34.8100    34.8184  1026.6948    26.1685 1.6519e-01      0.563  256.25756     0.1366    96.6436     3.7021     1.3359      6.924 5.6013e-03       9162         28 0.0000e+00
    118.238   20.23072 -106.18050    119.000    13.3348    13.3349    13.3182    34.8114    34.8191  1026.7099    26.1791 1.4785e-01      0.580  256.49529     0.1356    96.6672     3.7023     1.3318      6.924 5.3826e-03       9186         21 0.0000e+00
    119.231   20.23072 -106.18050    120.000    13.2922    13.2921    13.2755    34.8082    34.8158  1026.7206    26.1852 1.3876e-01      0.580  256.72246     0.1348    96.6861     3.7030     1.3283      6.924 4.6275e-03       9208         22 0.0000e+00
    120.224   20.23072 -106.18050    121.000    13.2487    13.2482    13.2319    34.8075    34.8152  1026.7335    26.1936 1.3051e-01      0.581  256.95035     0.1350    96.6802     3.7032     1.3252      6.922 4.2684e-03       9229         22 0.0000e+00
    121.217   20.23072 -106.18050    122.000    13.2200    13.2196    13.2031    34.8078    34.8160  1026.7440    26.1996 1.2576e-01      0.581  257.09944     0.1349    96.6825     3.7032     1.3222      6.922 4.2551e-03       9252         25 0.0000e+00
    122.211   20.23072 -106.18050    123.000    13.1969    13.1960    13.1799    34.8103    34.8185  1026.7551    26.2062 1.2042e-01      0.604  257.21536     0.1352    96.6772     3.7026     1.3199      6.922 4.0094e-03       9279         28 0.0000e+00
    123.204   20.23072 -106.18050    124.000    13.1427    13.1424    13.1256    34.8174    34.8254  1026.7762    26.2227 1.0842e-01      0.570  257.48594     0.1343    96.6978     3.7029     1.3178      6.922 3.5019e-03       9309         30 0.0000e+00
    124.197   20.23072 -106.18050    125.000    13.1250    13.1251    13.1078    34.8175    34.8255  1026.7843    26.2263 1.0757e-01      0.583  257.57801     0.1351    96.6792     3.7029     1.3158      6.923 3.0620e-03       9337         27 0.0000e+00
    125.191   20.23072 -106.18050    126.000    13.1114    13.1114    13.0940    34.8180    34.8260  1026.7919    26.2294 1.0294e-01      0.583  257.64869     0.1336    96.7154     3.7031     1.3138      6.923 2.8579e-03       9363         23 0.0000e+00
    126.184   20.23072 -106.18050    127.000    13.0987    13.0980    13.0812    34.8178    34.8257  1026.7988    26.2319 1.0008e-01      0.583  257.71547     0.1336    96.7146     3.7032     1.3128      6.923 2.8000e-03       9386         23 0.0000e+00
