data/ctd-cnv/SKQ1617/SKQ1617-St15-P1/skq201617s-024avg.cnv
* Sea-Bird SBE 9 Data File:
* FileName = D:\CTD\SKQ201617S\SKQ201617S-024.hex
* Software Version Seasave V 7.22.5
* Temperature SN = 5773
* Conductivity SN = 2251
* Number of Bytes Per Scan = 37
* Number of Voltage Words = 4
* Number of Scans Averaged by the Deck Unit = 1
* NMEA Latitude = 20 13.54 N
* NMEA Longitude = 106 11.79 W
* NMEA UTC (Time) = Jan 04 2017  00:44:40
* NMEA baud rate = 4800
** Ship: R/V Sikuliaq
** Station Number: 024
** Station Name: Station 15
** Depth: 2618 m
** Operator: RML
# nquan = 23
# nvalues = 753                         
# units = specified
# name 0 = depSMignore: Depth [salt water, m]
# name 1 = latitude: Latitude [deg]
# name 2 = longitude: Longitude [deg]
# name 3 = prDM: Pressure, Digiquartz [db]
# name 4 = t090C: Temperature [ITS-90, deg C]
# name 5 = t190C: Temperature, 2 [ITS-90, deg C]
# name 6 = potemp090C: Potential Temperature [ITS-90, deg C]
# name 7 = sal00: Salinity, Practical [PSU]
# name 8 = sal11: Salinity, Practical, 2 [PSU]
# name 9 = density00: Density [density, kg/m^3]
# name 10 = sigma-t00: Density [sigma-t, kg/m^3 ]
# name 11 = flSP: Fluorescence, Seapoint
# name 12 = sbox0Mm/Kg: Oxygen, SBE 43 [umol/kg]
# name 13 = oxsolMm/Kg: Oxygen Saturation, Garcia & Gordon [umol/kg]
# name 14 = CStarAt0: Beam Attenuation, WET Labs C-Star [1/m]
# name 15 = CStarTr0: Beam Transmission, WET Labs C-Star [%]
# name 16 = v2: Voltage 2
# name 17 = v3: Voltage 3
# name 18 = ph: pH
# name 19 = par: PAR/Irradiance, Biospherical/Licor
# name 20 = scan: Scan Count
# name 21 = nbin: number of scans per bin
# name 22 = flag: flag
# span 0 =      3.975,    750.005       
# span 1 =   20.22570,   20.22570       
# span 2 = -106.19654, -106.19652       
# span 3 =      4.000,    756.000       
# span 4 =     6.1986,    25.8393       
# span 5 =     6.1989,    25.8395       
# span 6 =     6.1302,    25.8363       
# span 7 =    34.5224,    34.8163       
# span 8 =    34.5289,    34.8243       
# span 9 =  1022.8589,  1030.6087       
# span 10 =    22.8411,    27.1536      
# span 11 = 6.8860e-02, 7.1041e+00      
# span 12 =     -0.059,    201.158      
# span 13 =  204.32900,  299.93998      
# span 14 =     0.0581,     0.6062      
# span 15 =    85.9390,    98.5585      
# span 16 =     1.4249,     3.7278      
# span 17 =     0.7926,     2.2410      
# span 18 =      5.977,      6.938      
# span 19 = -1.120e-08, 3.9485e+00      
# span 20 =        456,      23534      
# span 21 =         17,        939      
# span 22 = 0.0000e+00, 0.0000e+00      
# interval = decibars: 1                
# start_time = Jan 04 2017 00:44:40 [NMEA time, header]
# bad_flag = -9.990e-29
*END*
[from data line 189]
    191.729   20.22570 -106.19652    193.000    12.1930    12.1932    12.1676    34.7826    34.7904  1027.2472    26.3832 7.2387e-02      0.438  262.61099     0.1296    96.8126     3.7131     1.2360      6.929 1.0000e-12       8529         22 0.0000e+00
    192.722   20.22570 -106.19652    194.000    12.1832    12.1835    12.1577    34.7824    34.7905  1027.2535    26.3849 7.2940e-02      0.384  262.66414     0.1295    96.8143     3.7131     1.2350      6.929 1.0000e-12       8551         22 0.0000e+00
    193.715   20.22570 -106.19652    195.000    12.1819    12.1820    12.1563    34.7822    34.7901  1027.2580    26.3850 7.4028e-02      0.423  262.67157     0.1302    96.7975     3.7131     1.2340      6.929 1.0000e-12       8574         24 0.0000e+00
    194.708   20.22570 -106.19652    196.000    12.1800    12.1801    12.1542    34.7818    34.7899  1027.2626    26.3850 7.4397e-02      0.257  262.68292     0.1312    96.7732     3.7131     1.2337      6.931 1.0000e-12       8600         29 0.0000e+00
    195.701   20.22570 -106.19652    197.000    12.1777    12.1779    12.1518    34.7815    34.7895  1027.2673    26.3853 7.3356e-02      0.410  262.69600     0.1309    96.7816     3.7131     1.2335      6.934 1.0000e-12       8630         29 0.0000e+00
    196.694   20.22570 -106.19652    198.000    12.1700    12.1702    12.1440    34.7810    34.7890  1027.2728    26.3863 7.2681e-02      0.358  262.73844     0.1324    96.7455     3.7132     1.2327      6.934 1.0000e-12       8657         26 0.0000e+00
    197.687   20.22570 -106.19652    199.000    12.1631    12.1634    12.1370    34.7805    34.7886  1027.2783    26.3874 7.3434e-02      0.281  262.77703     0.1300    96.8017     3.7132     1.2327      6.934 1.0000e-12       8681         22 0.0000e+00
    198.680   20.22570 -106.19652    200.000    12.1483    12.1486    12.1221    34.7796    34.7876  1027.2849    26.3895 7.2761e-02      0.274  262.85903     0.1303    96.7952     3.7133     1.2315      6.934 1.0000e-12       8702         22 0.0000e+00
    199.673   20.22570 -106.19652    201.000    12.1358    12.1360    12.1094    34.7792    34.7870  1027.2916    26.3916 7.2282e-02      0.295  262.92819     0.1299    96.8043     3.7135     1.2306      6.934 1.0000e-12       8724         22 0.0000e+00
    200.666   20.22570 -106.19652    202.000    12.1322    12.1324    12.1058    34.7789    34.7870  1027.2965    26.3920 7.2578e-02      0.339  262.94783     0.1300    96.8013     3.7137     1.2301      6.934 1.0000e-12       8745         22 0.0000e+00
    201.658   20.22570 -106.19652    203.000    12.1312    12.1314    12.1046    34.7787    34.7869  1027.3011    26.3921 7.3513e-02      0.306  262.95367     0.1309    96.7801     3.7137     1.2293      6.934 1.0000e-12       8770         26 0.0000e+00
    202.651   20.22570 -106.19652    204.000    12.1304    12.1305    12.1037    34.7785    34.7867  1027.3055    26.3921 7.1362e-02      0.311  262.95842     0.1308    96.7835     3.7137     1.2292      6.934 1.0000e-12       8797         28 0.0000e+00
    203.644   20.22570 -106.19652    205.000    12.1232    12.1233    12.0964    34.7778    34.7858  1027.3108    26.3929 7.2535e-02      0.310  262.99879     0.1305    96.7904     3.7137     1.2289      6.935 1.0000e-12       8824         26 0.0000e+00
    204.637   20.22570 -106.19652    206.000    12.1034    12.1033    12.0764    34.7774    34.7853  1027.3188    26.3964 7.0587e-02      0.333  263.10758     0.1311    96.7749     3.7139     1.2281      6.935 1.0000e-12       8849         22 0.0000e+00
    205.630   20.22570 -106.19652    207.000    12.0949    12.0951    12.0678    34.7775    34.7855  1027.3251    26.3981 7.2175e-02      0.308  263.15386     0.1308    96.7841     3.7134     1.2274      6.936 1.0000e-12       8871         23 0.0000e+00
    206.623   20.22570 -106.19652    208.000    12.0921    12.0924    12.0649    34.7769    34.7849  1027.3296    26.3982 7.4307e-02      0.336  263.16994     0.1297    96.8104     3.7136     1.2266      6.936 1.0000e-12       8895         25 0.0000e+00
    207.616   20.22570 -106.19652    209.000    12.0864    12.0869    12.0591    34.7764    34.7843  1027.3348    26.3989 7.2830e-02      0.302  263.20197     0.1300    96.8016     3.7137     1.2264      6.938 1.0000e-12       8921         26 0.0000e+00
    208.609   20.22570 -106.19652    210.000    12.0769    12.0771    12.0494    34.7757    34.7838  1027.3406    26.4002 7.2375e-02      0.311  263.25511     0.1303    96.7954     3.7136     1.2257      6.938 1.0000e-12       8946         25 0.0000e+00
    209.601   20.22570 -106.19652    211.000    12.0647    12.0649    12.0371    34.7750    34.7829  1027.3469    26.4020 7.1746e-02      0.304  263.32301     0.1304    96.7933     3.7136     1.2245      6.938 1.0000e-12       8971         24 0.0000e+00
    210.594   20.22570 -106.19652    212.000    12.0472    12.0473    12.0195    34.7741    34.7820  1027.3541    26.4046 7.2596e-02      0.311  263.42058     0.1304    96.7928     3.7141     1.2239      6.938 1.0000e-12       8995         22 0.0000e+00
    211.587   20.22570 -106.19652    213.000    12.0195    12.0195    11.9918    34.7728    34.7809  1027.3630    26.4089 7.2461e-02      0.311  263.57376     0.1299    96.8035     3.7141     1.2223      6.938 1.0000e-12       9017         23 0.0000e+00
    212.580   20.22570 -106.19652    214.000    12.0006    12.0007    11.9727    34.7726    34.7806  1027.3710    26.4124 7.2557e-02      0.312  263.67760     0.1301    96.7985     3.7142     1.2209      6.938 1.0000e-12       9042         26 0.0000e+00
    213.573   20.22570 -106.19652    215.000    11.9889    11.9890    11.9609    34.7722    34.7801  1027.3774    26.4143 7.2411e-02      0.312  263.74270     0.1302    96.7986     3.7140     1.2198      6.938 1.0000e-12       9068         26 0.0000e+00
    214.565   20.22570 -106.19652    216.000    11.9839    11.9841    11.9558    34.7717    34.7796  1027.3824    26.4148 7.1556e-02      0.312  263.77061     0.1306    96.7888     3.7142     1.2189      6.938 1.0000e-12       9093         22 0.0000e+00
    215.559   20.22570 -106.19652    217.000    11.9749    11.9751    11.9467    34.7713    34.7792  1027.3883    26.4162 7.1425e-02      0.312  263.82073     0.1295    96.8150     3.7142     1.2181      6.938 1.0000e-12       9114         20 0.0000e+00
    216.551   20.22570 -106.19652    218.000    11.9691    11.9692    11.9407    34.7707    34.7788  1027.3935    26.4169 7.2913e-02      0.312  263.85366     0.1299    96.8038     3.7142     1.2173      6.938 1.0000e-12       9134         21 0.0000e+00
    217.544   20.22570 -106.19652    219.000    11.9600    11.9601    11.9315    34.7704    34.7783  1027.3995    26.4184 7.3972e-02      0.312  263.90404     0.1301    96.8008     3.7143     1.2169      6.938 1.0000e-12       9157         25 0.0000e+00
    218.537   20.22570 -106.19652    220.000    11.9531    11.9533    11.9246    34.7699    34.7779  1027.4049    26.4193 7.1890e-02      0.312  263.94259     0.1312    96.7740     3.7141     1.2162      6.938 1.0000e-12       9185         33 0.0000e+00
    219.530   20.22570 -106.19652    221.000    11.9402    11.9404    11.9115    34.7690    34.7768  1027.4112    26.4211 7.0656e-02      0.313  264.01539     0.1310    96.7788     3.7141     1.2157      6.938 1.0000e-12       9216         28 0.0000e+00
    220.523   20.22570 -106.19652    222.000    11.9200    11.9202    11.8912    34.7682    34.7762  1027.4189    26.4243 7.3291e-02      0.313  264.12774     0.1302    96.7968     3.7141     1.2146      6.938 1.0000e-12       9244         26 0.0000e+00
    221.515   20.22570 -106.19652    223.000    11.9139    11.9141    11.8849    34.7679    34.7759  1027.4244    26.4253 7.2313e-02      0.313  264.16175     0.1299    96.8054     3.7142     1.2140      6.938 1.0000e-12       9268         23 0.0000e+00
    222.508   20.22570 -106.19652    224.000    11.9117    11.9119    11.8827    34.7676    34.7756  1027.4290    26.4254 7.2562e-02      0.313  264.17403     0.1298    96.8063     3.7143     1.2131      6.938 1.0000e-12       9290         21 0.0000e+00
    223.501   20.22570 -106.19652    225.000    11.9062    11.9062    11.8770    34.7671    34.7751  1027.4342    26.4260 7.1654e-02      0.313  264.20544     0.1303    96.7951     3.7143     1.2126      6.938 1.0000e-12       9312         23 0.0000e+00
    224.494   20.22570 -106.19652    226.000    11.8899    11.8899    11.8607    34.7663    34.7743  1027.4412    26.4286 7.3727e-02      0.313  264.29608     0.1299    96.8052     3.7143     1.2117      6.938 1.0000e-12       9336         24 0.0000e+00
    225.487   20.22570 -106.19652    227.000    11.8785    11.8787    11.8491    34.7664    34.7743  1027.4479    26.4308 7.2943e-02      0.313  264.35887     0.1298    96.8078     3.7143     1.2108      6.938 1.0000e-12       9359         23 0.0000e+00
    226.479   20.22570 -106.19652    228.000    11.8697    11.8697    11.8402    34.7658    34.7738  1027.4537    26.4320 7.1672e-02      0.314  264.40822     0.1209    97.0221     3.7143     1.2100      6.938 1.0000e-12       9381         21 0.0000e+00
    227.472   20.22570 -106.19652    229.000    11.8444    11.8442    11.8148    34.7648    34.7727  1027.4623    26.4360 7.2805e-02      0.314  264.54946     0.1240    96.9480     3.7143     1.2088      6.938 1.0000e-12       9404         25 0.0000e+00
    228.465   20.22570 -106.19652    230.000    11.8236    11.8236    11.7939    34.7640    34.7720  1027.4702    26.4394 7.2562e-02      0.314  264.66557     0.1289    96.8286     3.7143     1.2073      6.938 1.0000e-12       9429         26 0.0000e+00
    229.458   20.22570 -106.19652    231.000    11.8095    11.8096    11.7797    34.7632    34.7711  1027.4767    26.4414 7.0833e-02      0.314  264.74445     0.0967    97.6135     3.7143     1.2061      6.938 1.0000e-12       9458         28 0.0000e+00
    230.450   20.22570 -106.19652    232.000    11.7858    11.7856    11.7559    34.7619    34.7699  1027.4848    26.4448 7.2035e-02      0.315  264.87779     0.1061    97.3820     3.7143     1.2049      6.938 1.0000e-12       9485         26 0.0000e+00
    231.443   20.22570 -106.19652    233.000    11.7719    11.7718    11.7419    34.7612    34.7690  1027.4914    26.4469 7.2148e-02      0.315  264.95597     0.1252    96.9188     3.7146     1.2037      6.938 1.0000e-12       9508         23 0.0000e+00
    232.436   20.22570 -106.19652    234.000    11.7430    11.7428    11.7130    34.7594    34.7673  1027.5000    26.4509 7.2784e-02      0.315  265.11846     0.0873    97.8413     3.7146     1.2023      6.938 1.0000e-12       9531         23 0.0000e+00
    233.429   20.22570 -106.19652    235.000    11.7275    11.7278    11.6973    34.7590    34.7670  1027.5071    26.4536 6.9735e-02      0.315  265.20507     0.0756    98.1277     3.7144     1.2008      6.938 1.0000e-12       9554         23 0.0000e+00
    234.421   20.22570 -106.19652    236.000    11.7237    11.7241    11.6934    34.7587    34.7665  1027.5121    26.4540 7.1222e-02      0.315  265.22686     0.0800    98.0192     3.7144     1.1994      6.936 1.0000e-12       9579         27 0.0000e+00
    235.414   20.22570 -106.19652    237.000    11.7219    11.7220    11.6914    34.7583    34.7661  1027.5166    26.4541 7.2829e-02      0.315  265.23760     0.1202    97.0408     3.7143     1.1990      6.933 1.0000e-12       9605         26 0.0000e+00
    236.407   20.22570 -106.19652    238.000    11.7169    11.7165    11.6863    34.7575    34.7655  1027.5215    26.4544 7.2979e-02      0.315  265.26666     0.0927    97.7102     3.7145     1.1984      6.933 1.0000e-12       9632         26 0.0000e+00
    237.400   20.22570 -106.19652    239.000    11.7022    11.7019    11.6715    34.7566    34.7646  1027.5281    26.4565 7.4341e-02      0.302  265.34970     0.0736    98.1759     3.7144     1.1981      6.933 1.0000e-12       9657         24 0.0000e+00
    238.393   20.22570 -106.19652    240.000    11.6940    11.6940    11.6633    34.7565    34.7644  1027.5340    26.4579 7.1776e-02      0.306  265.39486     0.0740    98.1666     3.7149     1.1971      6.932 1.0000e-12       9680         23 0.0000e+00
    239.385   20.22570 -106.19652    241.000    11.6930    11.6933    11.6621    34.7563    34.7642  1027.5385    26.4579 7.2768e-02      0.291  265.40085     0.0742    98.1625     3.7149     1.1968      6.930 1.0000e-12       9703         21 0.0000e+00
    240.378   20.22570 -106.19652    242.000    11.6878    11.6879    11.6568    34.7555    34.7634  1027.5433    26.4583 7.2588e-02      0.323  265.43111     0.0743    98.1599     3.7152     1.1962      6.929 1.0000e-12       9724         22 0.0000e+00
    241.370   20.22570 -106.19652    243.000    11.6738    11.6737    11.6427    34.7546    34.7626  1027.5499    26.4603 7.4487e-02      0.315  265.51034     0.0744    98.1575     3.7146     1.1956      6.929 1.0000e-12       9748         26 0.0000e+00
    242.363   20.22570 -106.19652    244.000    11.6653    11.6657    11.6341    34.7541    34.7620  1027.5555    26.4614 7.2862e-02      0.298  265.55848     0.0742    98.1624     3.7147     1.1947      6.925 1.0000e-12       9774         26 0.0000e+00
    243.356   20.22570 -106.19652    245.000    11.6501    11.6501    11.6188    34.7531    34.7610  1027.5622    26.4635 7.2976e-02      0.329  265.64465     0.0737    98.1754     3.7148     1.1935      6.924 1.0000e-12       9800         26 0.0000e+00
    244.349   20.22570 -106.19652    246.000    11.6389    11.6391    11.6075    34.7526    34.7605  1027.5684    26.4652 7.1372e-02      0.319  265.70776     0.0737    98.1735     3.7150     1.1930      6.921 1.0000e-12       9825         23 0.0000e+00
    245.342   20.22570 -106.19652    247.000    11.6304    11.6306    11.5989    34.7519    34.7598  1027.5740    26.4662 7.1428e-02      0.317  265.75629     0.0735    98.1793     3.7150     1.1922      6.919 1.0000e-12       9848         24 0.0000e+00
    246.334   20.22570 -106.19652    248.000    11.6241    11.6242    11.5924    34.7511    34.7590  1027.5790    26.4668 7.4140e-02      0.291  265.79305     0.0734    98.1826     3.7149     1.1916      6.917 1.0000e-12       9872         24 0.0000e+00
    247.327   20.22570 -106.19652    249.000    11.6124    11.6124    11.5806    34.7501    34.7580  1027.5849    26.4682 7.2665e-02      0.306  265.85966     0.0734    98.1815     3.7149     1.1911      6.915 1.0000e-12       9896         24 0.0000e+00
    248.319   20.22570 -106.19652    250.000    11.6008    11.6008    11.5689    34.7497    34.7576  1027.5914    26.4701 7.3812e-02      0.269  265.92508     0.0739    98.1706     3.7150     1.1897      6.914 1.0000e-12       9921         26 0.0000e+00
    249.312   20.22570 -106.19652    251.000    11.5882    11.5882    11.5562    34.7485    34.7563  1027.5973    26.4715 7.2165e-02      0.272  265.99737     0.0744    98.1567     3.7149     1.1890      6.910 1.0000e-12       9947         26 0.0000e+00
    250.305   20.22570 -106.19652    252.000    11.5644    11.5647    11.5324    34.7465    34.7544  1027.6048    26.4744 7.1282e-02      0.331  266.13308     0.0740    98.1672     3.7151     1.1884      6.910 1.0000e-12       9972         24 0.0000e+00
    251.297   20.22570 -106.19652    253.000    11.5465    11.5466    11.5143    34.7460    34.7539  1027.6123    26.4774 8.3700e-02      0.326  266.23396     0.0743    98.1586     3.7152     1.1867      6.905 1.0000e-12       9996         23 0.0000e+00
    252.290   20.22570 -106.19652    254.000    11.5399    11.5400    11.5076    34.7453    34.7532  1027.6175    26.4780 7.2341e-02      0.293  266.27223     0.0744    98.1574     3.7153     1.1861      6.905 1.0000e-12      10020         26 0.0000e+00
