data/ctd-cnv/SKQ1617/SKQ1617-St15-P1/skq201617s-030avg.cnv
* Sea-Bird SBE 9 Data File:
* FileName = D:\CTD\SKQ201617S\SKQ201617S-030.hex
* Software Version Seasave V 7.22.5
* Temperature SN = 5773
* Conductivity SN = 2251
* Number of Bytes Per Scan = 37
* Number of Voltage Words = 4
* Number of Scans Averaged by the Deck Unit = 1
* NMEA Latitude = 20 18.32 N
* NMEA Longitude = 106 13.17 W
* NMEA UTC (Time) = Jan 06 2017  06:52:49
* NMEA baud rate = 4800
** Ship: R/V Sikuliaq
** Station Number: 030
** Station Name: Station 15
** Depth: 3009.35
** Operator: Justin - chocolate man
# nquan = 23
# nvalues = 2326                        
# units = specified
# name 0 = depSM: Depth [salt water, m]
# name 1 = latitude: Latitude [deg]
# name 2 = longitude: Longitude [deg]
# name 3 = prDM: Pressure, Digiquartz [db]
# name 4 = t090C: Temperature [ITS-90, deg C]
# name 5 = t190C: Temperature, 2 [ITS-90, deg C]
# name 6 = potemp090C: Potential Temperature [ITS-90, deg C]
# name 7 = sal00: Salinity, Practical [PSU]
# name 8 = sal11: Salinity, Practical, 2 [PSU]
# name 9 = density00: Density [density, kg/m^3]
# name 10 = sigma-t00: Density [sigma-t, kg/m^3 ]
# name 11 = flSP: Fluorescence, Seapoint
# name 12 = sbox0Mm/Kg: Oxygen, SBE 43 [umol/kg]
# name 13 = oxsolMm/Kg: Oxygen Saturation, Garcia & Gordon [umol/kg]
# name 14 = CStarAt0: Beam Attenuation, WET Labs C-Star [1/m]
# name 15 = CStarTr0: Beam Transmission, WET Labs C-Star [%]
# name 16 = v2: Voltage 2
# name 17 = v3: Voltage 3
# name 18 = ph: pH
# name 19 = par: PAR/Irradiance, Biospherical/Licor
# name 20 = scan: Scan Count
# name 21 = nbin: number of scans per bin
# name 22 = flag: flag
# span 0 =      2.982,   2300.963       
# span 1 =   20.30536,   20.30536       
# span 2 = -106.21946, -106.21944       
# span 3 =      3.000,   2328.000       
# span 4 =     1.9076,    26.1551       
# span 5 =     1.9082,    26.1549       
# span 6 =     1.7444,    26.1544       
# span 7 =    34.5214,    34.8198       
# span 8 =    34.5291,    34.8278       
# span 9 =  1022.7439,  1038.3987       
# span 10 =    22.7310,    27.6975      
# span 11 = 6.7822e-02, 3.7140e+00      
# span 12 =     -0.040,    199.378      
# span 13 =  203.28815,  332.29874      
# span 14 =     0.0556,     0.4327      
# span 15 =    89.7469,    98.6208      
# span 16 =     1.4176,     3.7138      
# span 17 =     0.4928,     2.2630      
# span 18 =     -2.845,     -2.038      
# span 19 = 1.0000e-12, 1.0000e-12      
# span 20 =       -599,      61004      
# span 21 =          7,        580      
# span 22 = 0.0000e+00, 0.0000e+00      
# interval = decibars: 1                
# start_time = Jan 06 2017 06:52:49 [NMEA time, header]
# bad_flag = -9.990e-29
*END*
[from data line 2016]
   1996.994   20.30536 -106.21944   2019.000     2.2500     2.2501     2.1081    34.6285    34.6360  1036.9480    27.6538 7.9197e-02     76.602  329.51601     0.0574    98.5754     2.8778     0.5163     -2.829 1.0000e-12      53568         29 0.0000e+00
   1997.979   20.30536 -106.21944   2020.000     2.2487     2.2485     2.1068    34.6285    34.6360  1036.9527    27.6540 8.0144e-02     76.665  329.52663     0.0574    98.5745     2.8776     0.5161     -2.829 1.0000e-12      53599         32 0.0000e+00
   1998.963   20.30536 -106.21944   2021.000     2.2474     2.2475     2.1054    34.6287    34.6361  1036.9574    27.6542 7.9372e-02     76.483  329.53698     0.0572    98.5803     2.8769     0.5159     -2.829 1.0000e-12      53628         27 0.0000e+00
   1999.947   20.30536 -106.21944   2022.000     2.2471     2.2472     2.1050    34.6287    34.6362  1036.9620    27.6542 7.9002e-02     76.762  329.53919     0.0574    98.5746     2.8767     0.5161     -2.831 1.0000e-12      53652         23 0.0000e+00
   2000.932   20.30536 -106.21944   2023.000     2.2460     2.2462     2.1039    34.6287    34.6361  1036.9667    27.6543 8.1237e-02     76.579  329.54798     0.0573    98.5780     2.8766     0.5159     -2.830 1.0000e-12      53675         22 0.0000e+00
   2001.916   20.30536 -106.21944   2024.000     2.2452     2.2452     2.1030    34.6287    34.6362  1036.9713    27.6544 8.1384e-02     76.657  329.55488     0.0573    98.5779     2.8764     0.5160     -2.829 1.0000e-12      53698         23 0.0000e+00
   2002.901   20.30536 -106.21944   2025.000     2.2446     2.2448     2.1024    34.6288    34.6363  1036.9759    27.6545 8.0151e-02     76.707  329.55913     0.0570    98.5839     2.8759     0.5158     -2.830 1.0000e-12      53722         25 0.0000e+00
   2003.885   20.30536 -106.21944   2026.000     2.2439     2.2441     2.1016    34.6288    34.6363  1036.9806    27.6546 8.0301e-02     76.816  329.56501     0.0572    98.5796     2.8755     0.5159     -2.829 1.0000e-12      53747         26 0.0000e+00
   2004.869   20.30536 -106.21944   2027.000     2.2434     2.2434     2.1010    34.6288    34.6363  1036.9851    27.6546 7.8686e-02     76.897  329.56904     0.0572    98.5787     2.8755     0.5155     -2.829 1.0000e-12      53773         25 0.0000e+00
   2005.854   20.30536 -106.21944   2028.000     2.2429     2.2429     2.1004    34.6289    34.6364  1036.9897    27.6547 7.9215e-02     76.705  329.57293     0.0567    98.5931     2.8752     0.5158     -2.830 1.0000e-12      53798         24 0.0000e+00
   2006.838   20.30536 -106.21944   2029.000     2.2414     2.2416     2.0988    34.6289    34.6363  1036.9945    27.6549 8.0061e-02     76.719  329.58538     0.0572    98.5808     2.8750     0.5158     -2.830 1.0000e-12      53820         21 0.0000e+00
   2007.822   20.30536 -106.21944   2030.000     2.2396     2.2392     2.0970    34.6290    34.6366  1036.9993    27.6551 8.0760e-02     76.769  329.59997     0.0574    98.5745     2.8745     0.5158     -2.830 1.0000e-12      53841         21 0.0000e+00
   2008.807   20.30536 -106.21944   2031.000     2.2377     2.2378     2.0950    34.6292    34.6367  1037.0042    27.6555 8.0398e-02     76.841  329.61511     0.0572    98.5785     2.8742     0.5155     -2.828 1.0000e-12      53862         20 0.0000e+00
   2009.791   20.30536 -106.21944   2032.000     2.2369     2.2369     2.0941    34.6293    34.6367  1037.0089    27.6555 8.0088e-02     76.832  329.62178     0.0569    98.5887     2.8734     0.5149     -2.829 1.0000e-12      53883         22 0.0000e+00
   2010.776   20.30536 -106.21944   2033.000     2.2361     2.2363     2.0932    34.6293    34.6367  1037.0135    27.6556 7.9919e-02     77.010  329.62827     0.0571    98.5816     2.8730     0.5154     -2.830 1.0000e-12      53906         22 0.0000e+00
   2011.760   20.30536 -106.21944   2034.000     2.2334     2.2336     2.0905    34.6294    34.6369  1037.0184    27.6559 8.1225e-02     77.144  329.65035     0.0574    98.5756     2.8730     0.5153     -2.829 1.0000e-12      53928         23 0.0000e+00
   2012.744   20.30536 -106.21944   2035.000     2.2250     2.2252     2.0821    34.6300    34.6374  1037.0245    27.6571 7.8844e-02     77.360  329.71789     0.0574    98.5745     2.8721     0.5146     -2.831 1.0000e-12      53950         21 0.0000e+00
   2013.729   20.30536 -106.21944   2036.000     2.2211     2.2212     2.0782    34.6303    34.6379  1037.0298    27.6577 7.8585e-02     77.324  329.74910     0.0575    98.5733     2.8709     0.5144     -2.832 1.0000e-12      53972         22 0.0000e+00
   2014.713   20.30536 -106.21944   2037.000     2.2201     2.2201     2.0771    34.6304    34.6379  1037.0345    27.6578 8.0147e-02     77.308  329.75713     0.0574    98.5745     2.8691     0.5146     -2.830 1.0000e-12      53995         25 0.0000e+00
   2015.697   20.30536 -106.21944   2038.000     2.2180     2.2182     2.0750    34.6305    34.6379  1037.0394    27.6580 7.7828e-02     77.717  329.77379     0.0574    98.5738     2.8677     0.5143     -2.830 1.0000e-12      54024         35 0.0000e+00
   2016.682   20.30536 -106.21944   2039.000     2.2169     2.2171     2.0738    34.6304    34.6379  1037.0440    27.6581 8.0148e-02     78.016  329.78316     0.0574    98.5745     2.8664     0.5143     -2.829 1.0000e-12      54062         37 0.0000e+00
   2017.666   20.30536 -106.21944   2040.000     2.2160     2.2161     2.0729    34.6304    34.6380  1037.0486    27.6582 8.0599e-02     78.362  329.79034     0.0575    98.5726     2.8657     0.5138     -2.828 1.0000e-12      54094         28 0.0000e+00
   2018.650   20.30536 -106.21944   2041.000     2.2152     2.2153     2.0720    34.6304    34.6378  1037.0532    27.6582 8.1037e-02     78.404  329.79708     0.0586    98.5466     2.8652     0.5140     -2.831 1.0000e-12      54119         24 0.0000e+00
   2019.635   20.30536 -106.21944   2042.000     2.2138     2.2140     2.0706    34.6305    34.6379  1037.0580    27.6584 7.8780e-02     78.166  329.80807     0.0571    98.5815     2.8645     0.5138     -2.833 1.0000e-12      54141         21 0.0000e+00
   2020.619   20.30536 -106.21944   2043.000     2.2129     2.2130     2.0695    34.6307    34.6381  1037.0627    27.6587 8.0547e-02     78.107  329.81552     0.0573    98.5760     2.8645     0.5134     -2.832 1.0000e-12      54162         19 0.0000e+00
   2021.603   20.30536 -106.21944   2044.000     2.2113     2.2115     2.0679    34.6307    34.6382  1037.0674    27.6587 8.0027e-02     78.396  329.82832     0.0574    98.5745     2.8638     0.5135     -2.830 1.0000e-12      54182         20 0.0000e+00
   2022.587   20.30536 -106.21944   2045.000     2.2109     2.2110     2.0674    34.6307    34.6382  1037.0721    27.6588 8.1783e-02     78.556  329.83187     0.0572    98.5794     2.8632     0.5137     -2.832 1.0000e-12      54202         21 0.0000e+00
   2023.572   20.30536 -106.21944   2046.000     2.2096     2.2097     2.0661    34.6307    34.6382  1037.0767    27.6589 8.0448e-02     78.333  329.84212     0.0575    98.5734     2.8632     0.5135     -2.833 1.0000e-12      54222         20 0.0000e+00
   2024.556   20.30536 -106.21944   2047.000     2.2075     2.2076     2.0639    34.6310    34.6384  1037.0817    27.6593 7.9533e-02     78.294  329.85941     0.0583    98.5532     2.8629     0.5135     -2.833 1.0000e-12      54243         21 0.0000e+00
   2025.540   20.30536 -106.21944   2048.000     2.2066     2.2067     2.0629    34.6309    34.6383  1037.0863    27.6594 7.9741e-02     78.359  329.86637     0.0574    98.5755     2.8621     0.5134     -2.831 1.0000e-12      54267         26 0.0000e+00
   2026.525   20.30536 -106.21944   2049.000     2.2013     2.2013     2.0576    34.6311    34.6386  1037.0916    27.6599 7.9464e-02     78.599  329.90957     0.0568    98.5903     2.8619     0.5131     -2.830 1.0000e-12      54292         26 0.0000e+00
   2027.509   20.30536 -106.21944   2050.000     2.1949     2.1952     2.0512    34.6318    34.6392  1037.0975    27.6610 8.0264e-02     78.606  329.96059     0.0569    98.5866     2.8608     0.5125     -2.832 1.0000e-12      54317         24 0.0000e+00
   2028.493   20.30536 -106.21944   2051.000     2.1915     2.1917     2.0478    34.6319    34.6394  1037.1026    27.6614 7.7976e-02     78.833  329.98823     0.0566    98.5944     2.8594     0.5126     -2.834 1.0000e-12      54340         21 0.0000e+00
   2029.478   20.30536 -106.21944   2052.000     2.1901     2.1902     2.0463    34.6320    34.6395  1037.1073    27.6615 7.8090e-02     78.602  330.00019     0.0573    98.5767     2.8577     0.5123     -2.833 1.0000e-12      54362         22 0.0000e+00
   2030.462   20.30536 -106.21944   2053.000     2.1861     2.1861     2.0423    34.6322    34.6396  1037.1126    27.6621 7.8095e-02     79.012  330.03243     0.0567    98.5920     2.8566     0.5121     -2.831 1.0000e-12      54385         25 0.0000e+00
   2031.446   20.30536 -106.21944   2054.000     2.1806     2.1808     2.0368    34.6326    34.6401  1037.1181    27.6628 7.7595e-02     79.550  330.07643     0.0568    98.5894     2.8552     0.5122     -2.829 1.0000e-12      54412         26 0.0000e+00
   2032.430   20.30536 -106.21944   2055.000     2.1808     2.1809     2.0369    34.6325    34.6400  1037.1225    27.6627 7.9235e-02     79.580  330.07524     0.0568    98.5897     2.8535     0.5118     -2.831 1.0000e-12      54445         31 0.0000e+00
   2033.414   20.30536 -106.21944   2056.000     2.1810     2.1812     2.0370    34.6325    34.6398  1037.1269    27.6627 8.0439e-02     79.611  330.07385     0.0570    98.5854     2.8524     0.5117     -2.830 1.0000e-12      54472         24 0.0000e+00
   2034.399   20.30536 -106.21944   2057.000     2.1810     2.1811     2.0369    34.6324    34.6399  1037.1314    27.6626 7.8444e-02     79.994  330.07364     0.0571    98.5824     2.8523     0.5115     -2.834 1.0000e-12      54493         20 0.0000e+00
   2035.383   20.30536 -106.21944   2058.000     2.1807     2.1807     2.0366    34.6323    34.6398  1037.1359    27.6626 7.9824e-02     80.126  330.07592     0.0569    98.5888     2.8520     0.5115     -2.837 1.0000e-12      54513         20 0.0000e+00
   2036.367   20.30536 -106.21944   2059.000     2.1801     2.1801     2.0359    34.6324    34.6398  1037.1405    27.6627 7.8843e-02     80.126  330.08097     0.0568    98.5893     2.8516     0.5116     -2.837 1.0000e-12      54535         23 0.0000e+00
   2037.352   20.30536 -106.21944   2060.000     2.1767     2.1769     2.0324    34.6325    34.6400  1037.1456    27.6631 7.8885e-02     79.829  330.10915     0.0570    98.5849     2.8511     0.5112     -2.830 1.0000e-12      54561         28 0.0000e+00
   2038.336   20.30536 -106.21944   2061.000     2.1751     2.1751     2.0308    34.6327    34.6402  1037.1504    27.6633 7.9233e-02     80.205  330.12142     0.0564    98.5999     2.8510     0.5112     -2.834 1.0000e-12      54590         27 0.0000e+00
   2039.320   20.30536 -106.21944   2062.000     2.1743     2.1745     2.0299    34.6327    34.6401  1037.1550    27.6634 7.9637e-02     80.243  330.12828     0.0564    98.6007     2.8502     0.5111     -2.832 1.0000e-12      54615         23 0.0000e+00
   2040.304   20.30536 -106.21944   2063.000     2.1745     2.1745     2.0300    34.6326    34.6402  1037.1595    27.6633 7.8660e-02     79.977  330.12715     0.0569    98.5869     2.8498     0.5110     -2.834 1.0000e-12      54637         21 0.0000e+00
   2041.289   20.30536 -106.21944   2064.000     2.1745     2.1747     2.0299    34.6327    34.6400  1037.1640    27.6634 7.8494e-02     79.969  330.12639     0.0570    98.5857     2.8497     0.5111     -2.834 1.0000e-12      54658         21 0.0000e+00
   2042.273   20.30536 -106.21944   2065.000     2.1732     2.1735     2.0285    34.6327    34.6401  1037.1687    27.6635 8.0256e-02     80.393  330.13758     0.0567    98.5930     2.8497     0.5110     -2.832 1.0000e-12      54679         20 0.0000e+00
   2043.257   20.30536 -106.21944   2066.000     2.1730     2.1731     2.0283    34.6327    34.6402  1037.1733    27.6635 8.0294e-02     80.428  330.13898     0.0566    98.5966     2.8486     0.5113     -2.832 1.0000e-12      54701         25 0.0000e+00
   2044.241   20.30536 -106.21944   2067.000     2.1719     2.1723     2.0271    34.6327    34.6402  1037.1779    27.6636 7.8942e-02     80.299  330.14809     0.0564    98.6006     2.8486     0.5110     -2.833 1.0000e-12      54725         24 0.0000e+00
   2045.225   20.30536 -106.21944   2068.000     2.1713     2.1715     2.0265    34.6328    34.6403  1037.1825    27.6637 8.0238e-02     80.366  330.15237     0.0565    98.5983     2.8487     0.5111     -2.831 1.0000e-12      54748         22 0.0000e+00
   2046.209   20.30536 -106.21944   2069.000     2.1714     2.1716     2.0264    34.6327    34.6402  1037.1870    27.6637 7.9032e-02     80.237  330.15225     0.0566    98.5965     2.8486     0.5109     -2.829 1.0000e-12      54770         19 0.0000e+00
   2047.194   20.30536 -106.21944   2070.000     2.1710     2.1711     2.0260    34.6328    34.6403  1037.1915    27.6637 7.9154e-02     80.280  330.15473     0.0565    98.5984     2.8477     0.5109     -2.832 1.0000e-12      54791         23 0.0000e+00
   2048.178   20.30536 -106.21944   2071.000     2.1706     2.1709     2.0255    34.6329    34.6403  1037.1962    27.6638 8.0526e-02     80.331  330.15786     0.0579    98.5625     2.8481     0.5111     -2.830 1.0000e-12      54813         23 0.0000e+00
   2049.162   20.30536 -106.21944   2072.000     2.1707     2.1707     2.0254    34.6328    34.6403  1037.2006    27.6638 8.0076e-02     80.537  330.15786     0.0578    98.5642     2.8476     0.5110     -2.829 1.0000e-12      54839         28 0.0000e+00
   2050.146   20.30536 -106.21944   2073.000     2.1706     2.1706     2.0253    34.6327    34.6402  1037.2050    27.6637 7.8227e-02     80.322  330.15916     0.0570    98.5854     2.8474     0.5109     -2.831 1.0000e-12      54873         38 0.0000e+00
   2051.130   20.30536 -106.21944   2074.000     2.1708     2.1711     2.0255    34.6327    34.6401  1037.2096    27.6637 7.8760e-02     80.585  330.15649     0.0582    98.5550     2.8474     0.5110     -2.832 1.0000e-12      54907         30 0.0000e+00
   2052.115   20.30536 -106.21944   2075.000     2.1703     2.1704     2.0248    34.6327    34.6401  1037.2141    27.6638 7.9597e-02     80.525  330.16116     0.0569    98.5885     2.8474     0.5110     -2.833 1.0000e-12      54934         26 0.0000e+00
   2053.098   20.30536 -106.21944   2076.000     2.1698     2.1697     2.0242    34.6328    34.6403  1037.2187    27.6638 7.8517e-02     80.346  330.16543     0.0564    98.6007     2.8474     0.5113     -2.831 1.0000e-12      54959         23 0.0000e+00
   2054.083   20.30536 -106.21944   2077.000     2.1679     2.1680     2.0224    34.6328    34.6403  1037.2235    27.6640 7.9430e-02     80.668  330.18014     0.0567    98.5923     2.8471     0.5108     -2.833 1.0000e-12      54982         22 0.0000e+00
   2055.067   20.30536 -106.21944   2078.000     2.1650     2.1650     2.0194    34.6330    34.6405  1037.2285    27.6644 7.9016e-02     80.648  330.20402     0.0570    98.5857     2.8471     0.5106     -2.830 1.0000e-12      55003         21 0.0000e+00
   2056.051   20.30536 -106.21944   2079.000     2.1552     2.1552     2.0096    34.6338    34.6413  1037.2350    27.6659 7.9238e-02     80.578  330.28299     0.0564    98.5994     2.8464     0.5101     -2.832 1.0000e-12      55023         19 0.0000e+00
   2057.035   20.30536 -106.21944   2080.000     2.1524     2.1525     2.0068    34.6342    34.6416  1037.2402    27.6664 7.6863e-02     80.581  330.30518     0.0572    98.5795     2.8448     0.5101     -2.833 1.0000e-12      55042         19 0.0000e+00
