data/ctd-cnv/SKQ1617/SKQ1617-St15-P1/skq201617s-022avg.cnv
* Sea-Bird SBE 9 Data File:
* FileName = D:\CTD\SKQ201617S\SKQ201617S-022.hex
* Software Version Seasave V 7.22.5
* Temperature SN = 5773
* Conductivity SN = 2251
* Number of Bytes Per Scan = 37
* Number of Voltage Words = 4
* Number of Scans Averaged by the Deck Unit = 1
* NMEA Latitude = 20 12.31 N
* NMEA Longitude = 106 04.87 W
* NMEA UTC (Time) = Jan 03 2017  08:03:34
* NMEA baud rate = 4800
** Ship: R/V Sikuliaq
** Station Number: 022
** Station Name: Station 18
** Depth: 2577.16 m
** Operator: JP
# nquan = 23
# nvalues = 200                         
# units = specified
# name 0 = depSM: Depth [salt water, m]
# name 1 = latitude: Latitude [deg]
# name 2 = longitude: Longitude [deg]
# name 3 = prDM: Pressure, Digiquartz [db]
# name 4 = t090C: Temperature [ITS-90, deg C]
# name 5 = t190C: Temperature, 2 [ITS-90, deg C]
# name 6 = potemp090C: Potential Temperature [ITS-90, deg C]
# name 7 = sal00: Salinity, Practical [PSU]
# name 8 = sal11: Salinity, Practical, 2 [PSU]
# name 9 = density00: Density [density, kg/m^3]
# name 10 = sigma-t00: Density [sigma-t, kg/m^3 ]
# name 11 = flSP: Fluorescence, Seapoint
# name 12 = sbox0Mm/Kg: Oxygen, SBE 43 [umol/kg]
# name 13 = oxsolMm/Kg: Oxygen Saturation, Garcia & Gordon [umol/kg]
# name 14 = CStarAt0: Beam Attenuation, WET Labs C-Star [1/m]
# name 15 = CStarTr0: Beam Transmission, WET Labs C-Star [%]
# name 16 = v2: Voltage 2
# name 17 = v3: Voltage 3
# name 18 = ph: pH
# name 19 = par: PAR/Irradiance, Biospherical/Licor
# name 20 = scan: Scan Count
# name 21 = nbin: number of scans per bin
# name 22 = flag: flag
# span 0 =      2.980,    200.666       
# span 1 =   20.20513,   20.20516       
# span 2 = -106.08114, -106.08110       
# span 3 =      3.000,    202.000       
# span 4 =    12.2835,    25.8311       
# span 5 =    12.2842,    25.8314       
# span 6 =    12.2568,    25.8281       
# span 7 =    34.5261,    34.8118       
# span 8 =    34.5346,    34.8200       
# span 9 =  1022.8538,  1027.2705       
# span 10 =    22.8384,    26.3700      
# span 11 = 7.4677e-02, 8.0574e+00      
# span 12 =      0.164,    200.113      
# span 13 =  204.36577,  262.11811      
# span 14 =     0.1192,     0.6353      
# span 15 =    85.3161,    97.0634      
# span 16 =     1.4320,     3.7210      
# span 17 =     1.2345,     2.2405      
# span 18 =      7.764,      8.346      
# span 19 = 1.0000e-12, 1.5413e-01      
# span 20 =       -364,      13128      
# span 21 =          4,        829      
# span 22 = 0.0000e+00, 0.0000e+00      
# interval = decibars: 1                
# start_time = Jan 03 2017 08:03:34 [NMEA time, header]
# bad_flag = -9.990e-29
*END*
      2.980   20.20514 -106.08112      3.000    25.8242    25.8199    25.8234    34.6725    34.6829  1022.8538    22.8408 2.6513e-01    199.442  204.38898     0.1914    95.3281     1.4320     2.2402      8.345 1.5413e-01       -364          4 0.0000e+00
      3.976   20.20514 -106.08112      4.000    25.8183    25.8185    25.8175    34.6726    34.6827  1022.8600    22.8428 3.4300e-01    199.508  204.40830     0.1995    95.1351     1.4324     2.2396      8.345 1.4598e-01        406        564 0.0000e+00
      4.969   20.20514 -106.08114      5.000    25.8195    25.8195    25.8184    34.6726    34.6827  1022.8639    22.8424 3.0171e-01    199.765  204.40438     0.1995    95.1343     1.4322     2.2397      8.345 5.4160e-02        664        122 0.0000e+00
      5.963   20.20514 -106.08114      6.000    25.8212    25.8218    25.8199    34.6725    34.6826  1022.8676    22.8418 3.1423e-01    199.650  204.39888     0.1988    95.1522     1.4323     2.2397      8.345 3.8824e-02        797        152 0.0000e+00
      6.957   20.20514 -106.08114      7.000    25.8227    25.8221    25.8211    34.6724    34.6826  1022.8714    22.8413 3.2873e-01    200.113  204.39404     0.1969    95.1970     1.4324     2.2398      8.345 3.1309e-02        960        127 0.0000e+00
      7.951   20.20514 -106.08114      8.000    25.8206    25.8206    25.8188    34.6724    34.6826  1022.8764    22.8419 3.1990e-01    199.881  204.40104     0.1973    95.1864     1.4326     2.2398      8.345 2.3719e-02       1115        195 0.0000e+00
      8.945   20.20514 -106.08114      9.000    25.8215    25.8214    25.8195    34.6723    34.6825  1022.8803    22.8416 3.7796e-01    199.631  204.39805     0.1974    95.1850     1.4326     2.2399      8.345 1.7299e-02       1289        135 0.0000e+00
      9.939   20.20514 -106.08114     10.000    25.8215    25.8219    25.8193    34.6722    34.6823  1022.8846    22.8415 3.9168e-01    200.063  204.39811     0.1975    95.1822     1.4328     2.2398      8.345 1.4531e-02       1481        204 0.0000e+00
     10.932   20.20514 -106.08114     11.000    25.8235    25.8239    25.8211    34.6721    34.6823  1022.8882    22.8408 3.6454e-01    199.837  204.39136     0.1974    95.1852     1.4328     2.2399      8.345 1.2974e-02       1647        135 0.0000e+00
     11.926   20.20514 -106.08114     12.000    25.8287    25.8296    25.8261    34.6722    34.6823  1022.8909    22.8392 3.5957e-01    199.703  204.37368     0.1975    95.1819     1.4326     2.2399      8.345 1.2228e-02       1826        175 0.0000e+00
     12.920   20.20514 -106.08114     13.000    25.8309    25.8310    25.8281    34.6720    34.6822  1022.8944    22.8384 3.5248e-01    199.884  204.36635     0.1962    95.2119     1.4327     2.2402      8.345 1.1205e-02       1979        141 0.0000e+00
     13.914   20.20515 -106.08111     14.000    25.8311    25.8314    25.8280    34.6721    34.6822  1022.8987    22.8384 3.1122e-01    199.592  204.36577     0.1972    95.1885     1.4328     2.2404      8.345 1.2377e-02       2259        133 0.0000e+00
     14.908   20.20516 -106.08112     15.000    25.8301    25.8286    25.8268    34.6720    34.6822  1022.9033    22.8387 3.3477e-01    199.712  204.36904     0.1982    95.1661     1.4329     2.2405      8.345 1.1213e-02       2376        101 0.0000e+00
     15.901   20.20516 -106.08112     16.000    25.8298    25.8295    25.8263    34.6720    34.6822  1022.9077    22.8388 3.0227e-01    199.994  204.37021     0.1968    95.1985     1.4331     2.2404      8.345 1.0806e-02       2431         36 0.0000e+00
     16.895   20.20516 -106.08112     17.000    25.8295    25.8294    25.8257    34.6719    34.6821  1022.9120    22.8388 3.3343e-01    199.541  204.37152     0.1971    95.1922     1.4331     2.2403      8.346 1.0427e-02       2477         64 0.0000e+00
     17.889   20.20516 -106.08112     18.000    25.8292    25.8294    25.8252    34.6722    34.6823  1022.9166    22.8391 3.2117e-01    199.083  204.37202     0.1969    95.1974     1.4329     2.2404      8.346 9.8879e-03       2539         39 0.0000e+00
     18.883   20.20516 -106.08112     19.000    25.8286    25.8286    25.8244    34.6724    34.6826  1022.9212    22.8394 3.0203e-01    199.331  204.37378     0.1966    95.2036     1.4331     2.2405      8.346 1.0016e-02       2567         28 0.0000e+00
     19.877   20.20516 -106.08112     20.000    25.8289    25.8287    25.8244    34.6724    34.6825  1022.9254    22.8393 3.2665e-01    199.424  204.37290     0.1973    95.1877     1.4330     2.2404      8.346 1.0089e-02       2622         92 0.0000e+00
     20.870   20.20516 -106.08112     21.000    25.8292    25.8290    25.8245    34.6724    34.6826  1022.9297    22.8393 3.0688e-01    199.191  204.37178     0.1979    95.1732     1.4328     2.2405      8.346 9.9265e-03       2696         42 0.0000e+00
     21.864   20.20514 -106.08112     22.000    25.8300    25.8298    25.8251    34.6724    34.6826  1022.9337    22.8390 3.2706e-01    198.446  204.36893     0.1955    95.2293     1.4327     2.2402      8.346 9.8654e-03       2733         37 0.0000e+00
     22.858   20.20514 -106.08112     23.000    25.8129    25.8093    25.8078    34.6717    34.6815  1022.9428    22.8438 3.3516e-01    199.318  204.42780     0.1975    95.1812     1.4331     2.2404      8.346 9.8327e-03       2772         43 0.0000e+00
     23.852   20.20514 -106.08112     24.000    25.7871    25.7732    25.7818    34.6699    34.6794  1022.9537    22.8504 3.6578e-01    198.972  204.51748     0.1989    95.1488     1.4338     2.2393      8.345 9.8044e-03       2819         47 0.0000e+00
     24.845   20.20514 -106.08112     25.000    25.5066    25.4751    25.5011    34.6553    34.6624  1023.0335    22.9258 6.1484e-01    199.149  205.49259     0.2131    94.8116     1.4360     2.2377      8.342 9.8633e-03       2867         49 0.0000e+00
     25.839   20.20514 -106.08112     26.000    24.3034    24.2500    24.2979    34.6115    34.6157  1023.3689    23.2565 1.7596e+00    195.285  209.74279     0.3032    92.7038     1.4621     2.2107      8.323 9.8913e-03       2921         55 0.0000e+00
     26.833   20.20514 -106.08112     27.000    22.6949    22.6903    22.6895    34.5736    34.5798  1023.8131    23.6960 3.6821e+00    185.132  215.66136     0.4122    90.2117     1.5314     2.1281      8.293 9.7712e-03       2969         44 0.0000e+00
     27.827   20.20514 -106.08112     28.000    21.7947    21.7858    21.7892    34.5690    34.5754  1024.0692    23.9475 6.6839e+00    175.816  219.05782     0.5412    87.3540     1.5997     2.0448      8.261 9.6810e-03       3015         46 0.0000e+00
     28.820   20.20514 -106.08112     29.000    21.4002    21.3945    21.3946    34.5639    34.5719  1024.1789    24.0527 8.0574e+00    159.151  220.59148     0.6353    85.3161     1.6568     2.0140      8.215 9.7886e-03       3066         55 0.0000e+00
     29.814   20.20514 -106.08112     30.000    20.9649    20.9674    20.9592    34.5801    34.5855  1024.3144    24.1837 5.8862e+00    136.622  222.27808     0.5761    86.5934     1.7059     2.0019      8.183 9.7433e-03       3120         47 0.0000e+00
     30.808   20.20514 -106.08112     31.000    20.6542    20.6482    20.6484    34.5796    34.5877  1024.4024    24.2672 3.2869e+00    121.139  223.51251     0.4242    89.9422     1.8962     1.9376      8.141 9.6840e-03       3161         39 0.0000e+00
     31.802   20.20514 -106.08112     32.000    20.5541    20.5565    20.5481    34.5707    34.5772  1024.4268    24.2872 3.0636e+00    104.279  223.92709     0.3866    90.7879     2.0133     1.9166      8.129 9.6729e-03       3203         44 0.0000e+00
     32.795   20.20514 -106.08112     33.000    20.3758    20.3748    20.3696    34.5805    34.5884  1024.4864    24.3423 2.1637e+00    101.299  224.62950     0.2851    93.1242     2.0860     1.9015      8.112 9.6911e-03       3252         57 0.0000e+00
     33.789   20.20514 -106.08112     34.000    20.2265    20.2229    20.2202    34.5863    34.5939  1024.5349    24.3864 1.5246e+00     93.971  225.22440     0.2403    94.1690     2.1330     1.8933      8.100 9.6846e-03       3310         47 0.0000e+00
     34.783   20.20514 -106.08112     35.000    20.0989    20.1026    20.0924    34.5882    34.5952  1024.5745    24.4216 1.3765e+00     90.862  225.74044     0.2194    94.6619     2.1961     1.8732      8.090 9.7680e-03       3352         44 0.0000e+00
     35.777   20.20514 -106.08112     36.000    19.9847    19.9816    19.9781    34.5876    34.5954  1024.6085    24.4512 1.3158e+00     86.868  226.20708     0.2070    94.9562     2.2371     1.8634      8.081 9.5247e-03       3403         54 0.0000e+00
     36.770   20.20514 -106.08112     37.000    19.7317    19.7317    19.7249    34.5871    34.5944  1024.6788    24.5170 1.0302e+00     84.305  227.24730     0.1989    95.1488     2.2710     1.8482      8.071 9.5780e-03       3450         34 0.0000e+00
     37.764   20.20514 -106.08112     38.000    19.5092    19.5085    19.5023    34.5878    34.5953  1024.7417    24.5754 1.1165e+00     79.800  228.16766     0.1840    95.5038     2.3328     1.8305      8.058 9.7173e-03       3489         50 0.0000e+00
     38.758   20.20514 -106.08112     39.000    19.2868    19.2781    19.2798    34.5801    34.5853  1024.7976    24.6268 9.5672e-01     73.225  229.10828     0.1781    95.6457     2.3777     1.8179      8.048 9.4926e-03       3545         51 0.0000e+00
     39.751   20.20514 -106.08112     40.000    18.8755    18.8757    18.8685    34.5739    34.5810  1024.9024    24.7271 7.3005e-01     69.314  230.85253     0.1657    95.9433     2.4553     1.7930      8.027 9.5253e-03       3594         54 0.0000e+00
     40.745   20.20514 -106.08112     41.000    18.7528    18.7509    18.7456    34.5649    34.5716  1024.9310    24.7512 6.9154e-01     61.146  231.38886     0.1610    96.0536     2.5212     1.7781      8.017 9.6726e-03       3652         50 0.0000e+00
     41.739   20.20514 -106.08112     42.000    18.6424    18.6424    18.6350    34.5593    34.5670  1024.9590    24.7748 5.5746e-01     61.040  231.86986     0.1558    96.1790     2.5622     1.7620      8.012 9.5069e-03       3692         35 0.0000e+00
     42.732   20.20514 -106.08112     43.000    18.6108    18.6104    18.6032    34.5554    34.5634  1024.9684    24.7797 6.7467e-01     59.743  232.01136     0.1520    96.2719     2.5856     1.7551      8.008 9.5186e-03       3735         53 0.0000e+00
     43.726   20.20514 -106.08112     44.000    18.5770    18.5748    18.5694    34.5508    34.5580  1024.9778    24.7847 6.2119e-01     59.228  232.16332     0.1519    96.2731     2.5932     1.7525      8.006 9.5673e-03       3789         47 0.0000e+00
     44.720   20.20514 -106.08112     45.000    18.3555    18.3519    18.3477    34.5423    34.5480  1025.0310    24.8335 5.7437e-01     59.087  233.13329     0.1537    96.2314     2.6077     1.7426      8.000 9.6016e-03       3830         43 0.0000e+00
     45.713   20.20514 -106.08112     46.000    18.0588    18.0522    18.0509    34.5374    34.5430  1025.1054    24.9033 5.7746e-01     54.927  234.43128     0.1475    96.3793     2.6463     1.7281      7.985 9.6067e-03       3884         60 0.0000e+00
     46.707   20.20514 -106.08112     47.000    18.0043    18.0040    17.9963    34.5320    34.5391  1025.1191    24.9125 5.0732e-01     50.131  234.67853     0.1455    96.4279     2.7003     1.7104      7.978 9.6552e-03       3937         47 0.0000e+00
     47.701   20.20514 -106.08112     48.000    17.8067    17.8004    17.7986    34.5277    34.5354  1025.1687    24.9577 4.8643e-01     49.988  235.55498     0.1440    96.4631     2.7342     1.7012      7.971 9.7485e-03       3986         48 0.0000e+00
     48.694   20.20514 -106.08112     49.000    17.7112    17.7112    17.7029    34.5296    34.5378  1025.1980    24.9824 4.3474e-01     47.290  235.97434     0.1411    96.5326     2.7750     1.6872      7.962 9.7621e-03       4031         41 0.0000e+00
     49.688   20.20514 -106.08112     50.000    17.6604    17.6577    17.6519    34.5289    34.5362  1025.2142    24.9942 4.3728e-01     45.059  236.20087     0.1397    96.5666     2.8054     1.6797      7.959 9.8658e-03       4071         40 0.0000e+00
     50.682   20.20514 -106.08112     51.000    17.5397    17.5381    17.5311    34.5307    34.5389  1025.2493    25.0249 4.3732e-01     44.408  236.73467     0.1379    96.6125     2.8279     1.6729      7.951 9.7486e-03       4117         49 0.0000e+00
     51.675   20.20514 -106.08112     52.000    17.5230    17.5228    17.5143    34.5277    34.5364  1025.2554    25.0266 5.3429e-01     42.195  236.81384     0.1377    96.6168     2.8519     1.6709      7.949 9.6846e-03       4176         70 0.0000e+00
     52.669   20.20514 -106.08112     53.000    17.5114    17.5136    17.5025    34.5261    34.5346  1025.2614    25.0282 4.3023e-01     42.144  236.86805     0.1382    96.6051     2.8613     1.6669      7.946 9.5365e-03       4237         44 0.0000e+00
     53.662   20.20514 -106.08112     54.000    17.4583    17.4577    17.4493    34.5266    34.5351  1025.2791    25.0413 3.8324e-01     42.029  237.10449     0.1370    96.6331     2.8730     1.6595      7.944 9.4631e-03       4274         35 0.0000e+00
     54.656   20.20514 -106.08112     55.000    17.3680    17.3681    17.3589    34.5308    34.5393  1025.3085    25.0663 4.0160e-01     41.402  237.50195     0.1354    96.6722     2.8875     1.6526      7.939 9.2006e-03       4312         42 0.0000e+00
     55.650   20.20516 -106.08112     56.000    17.2771    17.2733    17.2679    34.5309    34.5394  1025.3348    25.0881 4.2630e-01     39.361  237.91039     0.1346    96.6902     2.9043     1.6484      7.934 9.3926e-03       4364         56 0.0000e+00
     56.643   20.20516 -106.08112     57.000    17.1280    17.1260    17.1186    34.5385    34.5471  1025.3808    25.1296 3.7699e-01     38.187  238.57103     0.1353    96.6731     2.9270     1.6392      7.927 9.4779e-03       4417         47 0.0000e+00
     57.637   20.20516 -106.08112     58.000    16.9712    16.9664    16.9617    34.5466    34.5545  1025.4288    25.1730 3.4837e-01     35.434  239.26904     0.1332    96.7258     2.9784     1.6284      7.918 9.2745e-03       4463         52 0.0000e+00
     58.631   20.20516 -106.08112     59.000    16.8035    16.8030    16.7939    34.5548    34.5638  1025.4792    25.2190 3.2073e-01     31.886  240.02065     0.1350    96.6811     3.0233     1.6169      7.908 9.1059e-03       4515         43 0.0000e+00
     59.624   20.20516 -106.08112     60.000    16.8011    16.8010    16.7913    34.5537    34.5623  1025.4833    25.2186 3.0571e-01     30.272  240.03357     0.1324    96.7442     3.0649     1.6072      7.906 8.7784e-03       4554         41 0.0000e+00
     60.618   20.20516 -106.08112     61.000    16.7996    16.7993    16.7897    34.5519    34.5603  1025.4867    25.2176 4.0885e-01     30.106  240.04302     0.1313    96.7703     3.0803     1.6060      7.905 8.9658e-03       4613         70 0.0000e+00
     61.612   20.20515 -106.08112     62.000    16.6594    16.6567    16.6494    34.5615    34.5701  1025.5315    25.2578 2.9814e-01     30.261  240.67109     0.1311    96.7766     3.0918     1.6000      7.900 8.9845e-03       4666         40 0.0000e+00
     62.605   20.20514 -106.08112     63.000    16.5752    16.5753    16.5651    34.5681    34.5766  1025.5607    25.2826 3.0900e-01     27.858  241.04774     0.1288    96.8321     3.1325     1.5910      7.891 8.7805e-03       4711         48 0.0000e+00
     63.598   20.20514 -106.08112     64.000    16.5429    16.5416    16.5326    34.5701    34.5789  1025.5743    25.2917 2.7252e-01     25.312  241.19365     0.1282    96.8468     3.1581     1.5850      7.888 8.6423e-03       4755         37 0.0000e+00
