data/ctd-cnv/SKQ1617/SKQ1617-St15-P1/skq201617s-030avg.cnv
* Sea-Bird SBE 9 Data File:
* FileName = D:\CTD\SKQ201617S\SKQ201617S-030.hex
* Software Version Seasave V 7.22.5
* Temperature SN = 5773
* Conductivity SN = 2251
* Number of Bytes Per Scan = 37
* Number of Voltage Words = 4
* Number of Scans Averaged by the Deck Unit = 1
* NMEA Latitude = 20 18.32 N
* NMEA Longitude = 106 13.17 W
* NMEA UTC (Time) = Jan 06 2017  06:52:49
* NMEA baud rate = 4800
** Ship: R/V Sikuliaq
** Station Number: 030
** Station Name: Station 15
** Depth: 3009.35
** Operator: Justin - chocolate man
# nquan = 23
# nvalues = 2326                        
# units = specified
# name 0 = depSM: Depth [salt water, m]
# name 1 = latitude: Latitude [deg]
# name 2 = longitude: Longitude [deg]
# name 3 = prDM: Pressure, Digiquartz [db]
# name 4 = t090C: Temperature [ITS-90, deg C]
# name 5 = t190C: Temperature, 2 [ITS-90, deg C]
# name 6 = potemp090C: Potential Temperature [ITS-90, deg C]
# name 7 = sal00: Salinity, Practical [PSU]
# name 8 = sal11: Salinity, Practical, 2 [PSU]
# name 9 = density00: Density [density, kg/m^3]
# name 10 = sigma-t00: Density [sigma-t, kg/m^3 ]
# name 11 = flSP: Fluorescence, Seapoint
# name 12 = sbox0Mm/Kg: Oxygen, SBE 43 [umol/kg]
# name 13 = oxsolMm/Kg: Oxygen Saturation, Garcia & Gordon [umol/kg]
# name 14 = CStarAt0: Beam Attenuation, WET Labs C-Star [1/m]
# name 15 = CStarTr0: Beam Transmission, WET Labs C-Star [%]
# name 16 = v2: Voltage 2
# name 17 = v3: Voltage 3
# name 18 = ph: pH
# name 19 = par: PAR/Irradiance, Biospherical/Licor
# name 20 = scan: Scan Count
# name 21 = nbin: number of scans per bin
# name 22 = flag: flag
# span 0 =      2.982,   2300.963       
# span 1 =   20.30536,   20.30536       
# span 2 = -106.21946, -106.21944       
# span 3 =      3.000,   2328.000       
# span 4 =     1.9076,    26.1551       
# span 5 =     1.9082,    26.1549       
# span 6 =     1.7444,    26.1544       
# span 7 =    34.5214,    34.8198       
# span 8 =    34.5291,    34.8278       
# span 9 =  1022.7439,  1038.3987       
# span 10 =    22.7310,    27.6975      
# span 11 = 6.7822e-02, 3.7140e+00      
# span 12 =     -0.040,    199.378      
# span 13 =  203.28815,  332.29874      
# span 14 =     0.0556,     0.4327      
# span 15 =    89.7469,    98.6208      
# span 16 =     1.4176,     3.7138      
# span 17 =     0.4928,     2.2630      
# span 18 =     -2.845,     -2.038      
# span 19 = 1.0000e-12, 1.0000e-12      
# span 20 =       -599,      61004      
# span 21 =          7,        580      
# span 22 = 0.0000e+00, 0.0000e+00      
# interval = decibars: 1                
# start_time = Jan 06 2017 06:52:49 [NMEA time, header]
# bad_flag = -9.990e-29
*END*
      2.982   20.30536 -106.21944      3.000    26.1551    26.1540    26.1544    34.6634    34.6735  1022.7439    22.7310 2.2573e-01    198.250  203.28815     0.1769    95.6729     1.4176     2.2625     -2.040 1.0000e-12       -599         74 0.0000e+00
      3.975   20.30536 -106.21944      4.000    26.1509    26.1514    26.1500    34.6637    34.6739  1022.7498    22.7326 2.2553e-01    198.699  203.30163     0.1762    95.6894     1.4176     2.2628     -2.038 1.0000e-12       1553        580 0.0000e+00
      4.969   20.30536 -106.21944      5.000    26.1547    26.1549    26.1535    34.6636    34.6738  1022.7529    22.7313 2.1799e-01    198.879  203.28918     0.1757    95.7028     1.4177     2.2630     -2.038 1.0000e-12       1503        162 0.0000e+00
      5.963   20.30536 -106.21944      6.000    26.1518    26.1508    26.1505    34.6635    34.6742  1022.7579    22.7321 2.3032e-01    198.809  203.29888     0.1738    95.7487     1.4178     2.2630     -2.038 1.0000e-12       1657        119 0.0000e+00
      6.957   20.30536 -106.21944      7.000    26.1519    26.1492    26.1503    34.6639    34.6743  1022.7626    22.7324 2.3932e-01    199.086  203.29810     0.1766    95.6814     1.4177     2.2629     -2.038 1.0000e-12       1749        134 0.0000e+00
      7.951   20.30536 -106.21944      8.000    26.1489    26.1488    26.1471    34.6640    34.6741  1022.7679    22.7334 2.3696e-01    199.162  203.30802     0.1751    95.7163     1.4178     2.2628     -2.039 1.0000e-12       1922        132 0.0000e+00
      8.945   20.30536 -106.21944      9.000    26.1486    26.1475    26.1466    34.6642    34.6744  1022.7724    22.7336 2.1008e-01    199.184  203.30877     0.1741    95.7401     1.4179     2.2630     -2.039 1.0000e-12       2006         94 0.0000e+00
      9.938   20.30536 -106.21944     10.000    26.1453    26.1450    26.1431    34.6645    34.6747  1022.7780    22.7349 2.4991e-01    199.378  203.31911     0.1756    95.7057     1.4178     2.2630     -2.038 1.0000e-12       2129        127 0.0000e+00
     10.932   20.30536 -106.21945     11.000    26.1315    26.1293    26.1290    34.6659    34.6762  1022.7876    22.7403 2.2238e-01    199.027  203.36371     0.1770    95.6709     1.4180     2.2625     -2.039 1.0000e-12       2245        101 0.0000e+00
     11.926   20.30536 -106.21945     12.000    26.1292    26.1267    26.1266    34.6660    34.6770  1022.7927    22.7411 2.3568e-01    199.072  203.37109     0.1784    95.6382     1.4181     2.2619     -2.039 1.0000e-12       2364        119 0.0000e+00
     12.920   20.30536 -106.21944     13.000    26.1233    26.1247    26.1205    34.6666    34.6767  1022.7993    22.7433 2.3934e-01    198.989  203.39000     0.1797    95.6080     1.4180     2.2616     -2.039 1.0000e-12       2510        183 0.0000e+00
     13.914   20.30536 -106.21944     14.000    26.0935    26.0965    26.0904    34.6691    34.6791  1022.8148    22.7546 2.4433e-01    199.026  203.48675     0.1784    95.6393     1.4182     2.2612     -2.040 1.0000e-12       2769        134 0.0000e+00
     14.908   20.30536 -106.21944     15.000    26.0827    26.0825    26.0794    34.6702    34.6799  1022.8233    22.7587 2.2916e-01    198.342  203.52147     0.1812    95.5726     1.4187     2.2595     -2.040 1.0000e-12       2862         42 0.0000e+00
     15.901   20.30536 -106.21944     16.000    26.0812    26.0809    26.0776    34.6703    34.6804  1022.8282    22.7593 2.3643e-01    198.690  203.52646     0.1817    95.5601     1.4188     2.2589     -2.042 1.0000e-12       2904         47 0.0000e+00
     16.895   20.30536 -106.21944     17.000    26.0800    26.0801    26.0763    34.6705    34.6806  1022.8330    22.7598 2.4480e-01    198.642  203.52992     0.1836    95.5131     1.4189     2.2586     -2.040 1.0000e-12       2952         45 0.0000e+00
     17.889   20.30536 -106.21944     18.000    26.0772    26.0772    26.0732    34.6712    34.6812  1022.8387    22.7612 2.3660e-01    198.867  203.53846     0.1826    95.5392     1.4186     2.2585     -2.041 1.0000e-12       2993         39 0.0000e+00
     18.883   20.30536 -106.21944     19.000    26.0748    26.0741    26.0706    34.6715    34.6817  1022.8440    22.7622 2.5296e-01    198.940  203.54618     0.1830    95.5274     1.4188     2.2584     -2.040 1.0000e-12       3038         53 0.0000e+00
     19.877   20.30536 -106.21944     20.000    26.0700    26.0695    26.0655    34.6720    34.6820  1022.8501    22.7641 2.6833e-01    199.171  203.56184     0.1857    95.4646     1.4188     2.2581     -2.040 1.0000e-12       3101         64 0.0000e+00
     20.870   20.30536 -106.21944     21.000    26.0674    26.0670    26.0627    34.6721    34.6822  1022.8553    22.7650 2.7003e-01    198.291  203.57013     0.1878    95.4122     1.4189     2.2580     -2.041 1.0000e-12       3155         48 0.0000e+00
     21.864   20.30536 -106.21944     22.000    26.0621    26.0616    26.0572    34.6727    34.6829  1022.8618    22.7671 2.8566e-01    198.557  203.58729     0.1902    95.3553     1.4193     2.2578     -2.040 1.0000e-12       3204         48 0.0000e+00
     22.858   20.30536 -106.21944     23.000    26.0595    26.0595    26.0544    34.6731    34.6833  1022.8672    22.7682 2.6589e-01    198.683  203.59527     0.1873    95.4256     1.4196     2.2571     -2.041 1.0000e-12       3246         36 0.0000e+00
     23.852   20.30536 -106.21944     24.000    26.0615    26.0610    26.0562    34.6729    34.6830  1022.8706    22.7673 2.6398e-01    198.397  203.58883     0.1903    95.3523     1.4195     2.2569     -2.042 1.0000e-12       3283         41 0.0000e+00
     24.845   20.30536 -106.21944     25.000    26.0598    26.0588    26.0542    34.6730    34.6833  1022.8756    22.7680 2.9279e-01    198.994  203.59447     0.1877    95.4156     1.4196     2.2571     -2.040 1.0000e-12       3331         57 0.0000e+00
     25.839   20.30536 -106.21944     26.000    26.0535    26.0527    26.0477    34.6737    34.6839  1022.8824    22.7705 2.7904e-01    198.714  203.61460     0.1866    95.4419     1.4199     2.2571     -2.040 1.0000e-12       3392         58 0.0000e+00
     26.833   20.30536 -106.21944     27.000    26.0482    26.0479    26.0422    34.6737    34.6838  1022.8884    22.7722 2.7925e-01    198.998  203.63234     0.1863    95.4488     1.4199     2.2568     -2.040 1.0000e-12       3443         47 0.0000e+00
     27.827   20.30536 -106.21944     28.000    26.0398    26.0398    26.0336    34.6738    34.6838  1022.8953    22.7748 3.0206e-01    198.907  203.66049     0.1905    95.3494     1.4204     2.2560     -2.041 1.0000e-12       3489         45 0.0000e+00
     28.820   20.30536 -106.21944     29.000    26.0365    26.0359    26.0300    34.6737    34.6837  1022.9006    22.7758 3.0166e-01    197.989  203.67175     0.1896    95.3689     1.4209     2.2557     -2.040 1.0000e-12       3537         51 0.0000e+00
     29.814   20.30536 -106.21944     30.000    26.0314    26.0276    26.0247    34.6734    34.6833  1022.9063    22.7772 3.0170e-01    199.258  203.68932     0.1919    95.3163     1.4211     2.2556     -2.040 1.0000e-12       3587         44 0.0000e+00
     30.808   20.30536 -106.21944     31.000    25.9402    25.9211    25.9333    34.6712    34.6808  1022.9373    22.8039 3.2576e-01    198.802  203.99900     0.1923    95.3067     1.4229     2.2534     -2.041 1.0000e-12       3626         38 0.0000e+00
     31.802   20.30536 -106.21944     32.000    25.4401    25.4510    25.4331    34.6592    34.6664  1023.0870    22.9491 4.7543e-01    198.176  205.71515     0.2068    94.9621     1.4318     2.2414     -2.058 1.0000e-12       3671         57 0.0000e+00
     32.795   20.30536 -106.21944     33.000    24.6733    24.6598    24.6663    34.6240    34.6289  1023.2979    23.1555 6.6233e-01    193.175  208.41772     0.2320    94.3643     1.4495     2.2149     -2.082 1.0000e-12       3739         63 0.0000e+00
     33.789   20.30536 -106.21944     34.000    23.0048    23.0192    22.9979    34.5713    34.5718  1023.7532    23.6059 1.4566e+00    190.092  214.50718     0.2706    93.4610     1.5186     2.1464     -2.133 1.0000e-12       3784         36 0.0000e+00
     34.783   20.30536 -106.21944     35.000    21.8337    21.8374    21.8268    34.5744    34.5809  1024.0926    23.9404 3.3004e+00    167.001  218.90472     0.4057    90.3612     1.6252     2.0591     -2.169 1.0000e-12       3824         49 0.0000e+00
     35.776   20.30536 -106.21945     36.000    21.4987    21.5026    21.4918    34.5712    34.5800  1024.1878    24.0311 3.7140e+00    139.146  220.19698     0.4327    89.7469     1.7372     1.9997     -2.179 1.0000e-12       3877         52 0.0000e+00
     36.770   20.30536 -106.21946     37.000    21.1607    21.1524    21.1536    34.5675    34.5770  1024.2819    24.1208 3.2324e+00    133.648  221.52653     0.4146    90.1542     1.8236     1.9698     -2.189 1.0000e-12       3925         45 0.0000e+00
     37.764   20.30536 -106.21946     38.000    20.5600    20.5611    20.5529    34.5772    34.5837  1024.4564    24.2906 1.7973e+00    120.644  223.89354     0.2974    92.8398     1.9515     1.9316     -2.209 1.0000e-12       3969         44 0.0000e+00
     38.757   20.30536 -106.21946     39.000    20.4015    20.4031    20.3942    34.5675    34.5749  1024.4958    24.3256 1.6400e+00     96.164  224.54500     0.2544    93.8383     2.0650     1.9078     -2.213 1.0000e-12       4015         47 0.0000e+00
     39.751   20.30536 -106.21946     40.000    20.0241    20.0202    20.0167    34.5722    34.5786  1024.6038    24.4290 1.7858e+00     95.460  226.07048     0.2431    94.1045     2.1249     1.8921     -2.225 1.0000e-12       4066         58 0.0000e+00
     40.745   20.30536 -106.21945     41.000    19.7300    19.7281    19.7226    34.5712    34.5762  1024.6846    24.5053 1.2789e+00     85.279  227.27907     0.2182    94.6898     2.1997     1.8673     -2.235 1.0000e-12       4121         47 0.0000e+00
     41.739   20.30536 -106.21946     42.000    19.2592    19.2585    19.2517    34.5615    34.5684  1024.8036    24.6197 1.0714e+00     81.977  229.25211     0.2026    95.0612     2.2908     1.8367     -2.249 1.0000e-12       4163         41 0.0000e+00
     42.732   20.30536 -106.21946     43.000    19.0558    19.0559    19.0481    34.5526    34.5590  1024.8534    24.6651 1.2282e+00     71.263  230.12089     0.1888    95.3885     2.3738     1.8167     -2.255 1.0000e-12       4223         68 0.0000e+00
     43.726   20.30536 -106.21946     44.000    19.0000    18.9991    18.9922    34.5446    34.5522  1024.8659    24.6731 8.8279e-01     69.137  230.36944     0.1850    95.4798     2.4176     1.7978     -2.258 1.0000e-12       4273         34 0.0000e+00
     44.719   20.30536 -106.21946     45.000    18.9062    18.9055    18.8983    34.5439    34.5518  1024.8936    24.6964 8.5254e-01     69.064  230.76799     0.1844    95.4949     2.4499     1.7862     -2.261 1.0000e-12       4305         34 0.0000e+00
     45.713   20.30536 -106.21946     46.000    18.8523    18.8523    18.8442    34.5438    34.5513  1024.9116    24.7100 8.3858e-01     66.883  230.99727     0.1764    95.6857     2.4743     1.7779     -2.261 1.0000e-12       4350         53 0.0000e+00
     46.707   20.30536 -106.21946     47.000    18.7520    18.7539    18.7437    34.5438    34.5504  1024.9414    24.7354 7.9741e-01     65.000  231.42499     0.1727    95.7750     2.4945     1.7712     -2.265 1.0000e-12       4400         49 0.0000e+00
     47.700   20.30536 -106.21946     48.000    18.6712    18.6750    18.6628    34.5437    34.5507  1024.9661    24.7556 7.9322e-01     62.593  231.77045     0.1678    95.8929     2.5217     1.7648     -2.267 1.0000e-12       4456         62 0.0000e+00
     48.694   20.30536 -106.21946     49.000    18.4293    18.4253    18.4208    34.5452    34.5529  1025.0325    24.8174 7.1308e-01     60.927  232.80837     0.1643    95.9757     2.5538     1.7533     -2.276 1.0000e-12       4514         46 0.0000e+00
     49.688   20.30536 -106.21946     50.000    18.2405    18.2398    18.2319    34.5438    34.5515  1025.0828    24.8633 6.1164e-01     56.284  233.62860     0.1557    96.1819     2.6220     1.7336     -2.281 1.0000e-12       4558         46 0.0000e+00
     50.681   20.30536 -106.21946     51.000    18.0001    18.0015    17.9914    34.5379    34.5451  1025.1422    24.9181 5.8692e-01     52.335  234.68899     0.1507    96.3037     2.6713     1.7182     -2.289 1.0000e-12       4608         52 0.0000e+00
     51.675   20.30536 -106.21946     52.000    17.5803    17.5736    17.5716    34.5423    34.5504  1025.2527    25.0239 5.0986e-01     49.115  236.53588     0.1476    96.3777     2.7513     1.6916     -2.304 1.0000e-12       4654         42 0.0000e+00
     52.668   20.30536 -106.21946     53.000    17.3333    17.3296    17.3245    34.5526    34.5601  1025.3247    25.0913 4.9832e-01     42.745  237.62301     0.1431    96.4869     2.8513     1.6686     -2.309 1.0000e-12       4692         39 0.0000e+00
     53.662   20.30536 -106.21946     54.000    17.2335    17.2330    17.2245    34.5537    34.5600  1025.3540    25.1161 4.8478e-01     36.573  238.07004     0.1409    96.5393     2.9226     1.6553     -2.314 1.0000e-12       4741         55 0.0000e+00
     54.656   20.30536 -106.21946     55.000    17.1627    17.1604    17.1536    34.5528    34.5609  1025.3747    25.1324 4.6290e-01     35.079  238.39087     0.1385    96.5968     2.9586     1.6466     -2.317 1.0000e-12       4794         46 0.0000e+00
     55.650   20.30536 -106.21946     56.000    17.0539    17.0527    17.0447    34.5572    34.5656  1025.4084    25.1616 4.6370e-01     34.262  238.87597     0.1386    96.5944     2.9956     1.6358     -2.320 1.0000e-12       4839         49 0.0000e+00
     56.643   20.30536 -106.21946     57.000    17.0059    17.0051    16.9966    34.5573    34.5651  1025.4243    25.1730 4.6107e-01     31.814  239.09363     0.1373    96.6251     3.0224     1.6308     -2.321 1.0000e-12       4901         60 0.0000e+00
     57.637   20.30536 -106.21946     58.000    16.8934    16.8915    16.8839    34.5575    34.5658  1025.4556    25.1998 4.2452e-01     31.566  239.60607     0.1377    96.6159     3.0406     1.6226     -2.326 1.0000e-12       4947         41 0.0000e+00
     58.630   20.30536 -106.21946     59.000    16.7478    16.7469    16.7382    34.5651    34.5738  1025.5002    25.2400 4.1810e-01     30.589  240.25911     0.1351    96.6792     3.0683     1.6106     -2.330 1.0000e-12       4989         47 0.0000e+00
     59.624   20.30536 -106.21946     60.000    16.7162    16.7160    16.7065    34.5642    34.5722  1025.5114    25.2467 4.0540e-01     28.237  240.40529     0.1338    96.7096     3.0942     1.6025     -2.332 1.0000e-12       5041         52 0.0000e+00
     60.617   20.30536 -106.21946     61.000    16.6729    16.6716    16.6630    34.5636    34.5719  1025.5256    25.2564 3.8085e-01     27.981  240.60551     0.1336    96.7159     3.1064     1.5973     -2.333 1.0000e-12       5088         40 0.0000e+00
     61.611   20.30536 -106.21946     62.000    16.5887    16.5868    16.5787    34.5674    34.5760  1025.5526    25.2789 3.6718e-01     27.727  240.98679     0.1325    96.7425     3.1209     1.5909     -2.334 1.0000e-12       5126         40 0.0000e+00
     62.605   20.30536 -106.21946     63.000    16.5140    16.5164    16.5039    34.5720    34.5794  1025.5780    25.2999 3.8815e-01     26.190  241.32430     0.1320    96.7540     3.1383     1.5882     -2.337 1.0000e-12       5181         67 0.0000e+00
     63.598   20.30536 -106.21946     64.000    16.3854    16.3849    16.3751    34.5820    34.5903  1025.6201    25.3375 3.2000e-01     25.073  241.90385     0.1300    96.8015     3.1655     1.5812     -2.341 1.0000e-12       5237         42 0.0000e+00
