data/ctd-cnv/SKQ1617/SKQ1617-St15-P1/skq201617s-028avg.cnv
* Sea-Bird SBE 9 Data File:
* FileName = D:\CTD\SKQ201617S\SKQ201617S-028.hex
* Software Version Seasave V 7.22.5
* Temperature SN = 5773
* Conductivity SN = 2251
* Number of Bytes Per Scan = 37
* Number of Voltage Words = 4
* Number of Scans Averaged by the Deck Unit = 1
* NMEA Latitude = 20 16.59 N
* NMEA Longitude = 106 12.67 W
* NMEA UTC (Time) = Jan 05 2017  15:01:23
* NMEA baud rate = 4800
** Ship: R/V Sikuliaq
** Station Number: 028
** Station Name: Station 15
** Depth: 3351
** Operator: RML
# nquan = 23
# nvalues = 452                         
# units = specified
# name 0 = depSMignore: Depth [salt water, m]
# name 1 = latitude: Latitude [deg]
# name 2 = longitude: Longitude [deg]
# name 3 = prDM: Pressure, Digiquartz [db]
# name 4 = t090C: Temperature [ITS-90, deg C]
# name 5 = t190C: Temperature, 2 [ITS-90, deg C]
# name 6 = potemp090C: Potential Temperature [ITS-90, deg C]
# name 7 = sal00: Salinity, Practical [PSU]
# name 8 = sal11: Salinity, Practical, 2 [PSU]
# name 9 = density00: Density [density, kg/m^3]
# name 10 = sigma-t00: Density [sigma-t, kg/m^3 ]
# name 11 = flSP: Fluorescence, Seapoint
# name 12 = sbox0Mm/Kg: Oxygen, SBE 43 [umol/kg]
# name 13 = oxsolMm/Kg: Oxygen Saturation, Garcia & Gordon [umol/kg]
# name 14 = CStarAt0: Beam Attenuation, WET Labs C-Star [1/m]
# name 15 = CStarTr0: Beam Transmission, WET Labs C-Star [%]
# name 16 = v2: Voltage 2
# name 17 = v3: Voltage 3
# name 18 = ph: pH
# name 19 = par: PAR/Irradiance, Biospherical/Licor
# name 20 = scan: Scan Count
# name 21 = nbin: number of scans per bin
# name 22 = flag: flag
# span 0 =      2.982,    450.725       
# span 1 =   20.27654,   20.27654       
# span 2 = -106.21118, -106.21118       
# span 3 =      3.000,    454.000       
# span 4 =     8.9001,    26.0336       
# span 5 =     8.9002,    26.0331       
# span 6 =     8.8507,    26.0324       
# span 7 =    34.5404,    34.8230       
# span 8 =    34.5473,    34.8311       
# span 9 =  1022.7890,  1028.8696       
# span 10 =    22.7746,    26.8173      
# span 11 = 6.9255e-02, 6.3070e+00      
# span 12 =      0.134,    198.457      
# span 13 =  203.68558,  282.08057      
# span 14 =     0.0638,     0.5373      
# span 15 =    87.4347,    98.4185      
# span 16 =     1.4241,     3.7117      
# span 17 =     0.9906,     2.2535      
# span 18 =      6.452,      6.955      
# span 19 = -3.366e-08, 9.6445e+02      
# span 20 =        267,      15352      
# span 21 =         16,        497      
# span 22 = 0.0000e+00, 0.0000e+00      
# interval = decibars: 1                
# start_time = Jan 05 2017 15:01:23 [NMEA time, header]
# bad_flag = -9.990e-29
*END*
[from data line 441]
    440.808   20.27654 -106.21118    444.000     9.0205     9.0213     8.9718    34.5998    34.6076  1028.8109    26.8014 7.7966e-02      0.191  281.32680     0.0653    98.3822     3.7109     1.0001      6.737 1.0000e-12      14249         30 0.0000e+00
    441.799   20.27654 -106.21118    445.000     9.0012     9.0004     8.9524    34.5980    34.6057  1028.8173    26.8031 7.7563e-02      0.171  281.44975     0.0649    98.3905     3.7115     0.9992      6.733 1.0000e-12      14277         29 0.0000e+00
    442.791   20.27654 -106.21118    446.000     9.0109     9.0123     8.9620    34.5990    34.6069  1028.8210    26.8024 7.6787e-02      0.172  281.38778     0.0647    98.3971     3.7110     0.9994      6.711 1.0000e-12      14355        127 0.0000e+00
    443.783   20.27654 -106.21118    447.000     9.0059     8.9950     8.9569    34.5980    34.6054  1028.8255    26.8023 7.8815e-02      0.194  281.42076     0.0644    98.4038     3.7107     0.9982      6.639 1.0000e-12      14599        113 0.0000e+00
    444.775   20.27654 -106.21118    448.000     8.9509     8.9494     8.9019    34.5965    34.6039  1028.8381    26.8100 7.6775e-02      0.181  281.76368     0.0641    98.4117     3.7112     0.9953      6.616 1.0000e-12      14782        107 0.0000e+00
    445.766   20.27654 -106.21118    449.000     8.9228     8.9229     8.8738    34.5969    34.6046  1028.8477    26.8148 7.6392e-02      0.167  281.93681     0.0657    98.3710     3.7114     0.9936      6.610 1.0000e-12      14836         47 0.0000e+00
    446.758   20.27654 -106.21118    450.000     8.9141     8.9140     8.8650    34.5967    34.6044  1028.8536    26.8161 7.7013e-02      0.163  281.99108     0.0647    98.3958     3.7113     0.9925      6.600 1.0000e-12      14895         60 0.0000e+00
    447.750   20.27654 -106.21118    451.000     8.9087     8.9090     8.8595    34.5960    34.6036  1028.8584    26.8164 7.8767e-02      0.175  282.02614     0.0645    98.4006     3.7111     0.9916      6.590 1.0000e-12      14943         43 0.0000e+00
    448.741   20.27654 -106.21118    452.000     8.9081     8.9066     8.8588    34.5959    34.6036  1028.8629    26.8163 7.8946e-02      0.177  282.02995     0.0642    98.4073     3.7114     0.9910      6.573 1.0000e-12      15003         76 0.0000e+00
    449.733   20.27654 -106.21118    453.000     8.9001     8.9002     8.8507    34.5954    34.6031  1028.8684    26.8173 7.8017e-02      0.165  282.08057     0.0638    98.4185     3.7108     0.9906      6.553 1.0000e-12      15067         46 0.0000e+00
    450.725   20.27654 -106.21118    454.000     8.9161     8.9121     8.8666    34.5947    34.6023  1028.8696    26.8141 7.8424e-02      0.166  281.98238     0.0643    98.4049     3.7107     0.9920      6.452 1.0000e-12      15352        393 0.0000e+00
