data/ctd-cnv/SKQ1617/SKQ1617-St15-P1/skq201617s-024avg.cnv
* Sea-Bird SBE 9 Data File:
* FileName = D:\CTD\SKQ201617S\SKQ201617S-024.hex
* Software Version Seasave V 7.22.5
* Temperature SN = 5773
* Conductivity SN = 2251
* Number of Bytes Per Scan = 37
* Number of Voltage Words = 4
* Number of Scans Averaged by the Deck Unit = 1
* NMEA Latitude = 20 13.54 N
* NMEA Longitude = 106 11.79 W
* NMEA UTC (Time) = Jan 04 2017  00:44:40
* NMEA baud rate = 4800
** Ship: R/V Sikuliaq
** Station Number: 024
** Station Name: Station 15
** Depth: 2618 m
** Operator: RML
# nquan = 23
# nvalues = 753                         
# units = specified
# name 0 = depSMignore: Depth [salt water, m]
# name 1 = latitude: Latitude [deg]
# name 2 = longitude: Longitude [deg]
# name 3 = prDM: Pressure, Digiquartz [db]
# name 4 = t090C: Temperature [ITS-90, deg C]
# name 5 = t190C: Temperature, 2 [ITS-90, deg C]
# name 6 = potemp090C: Potential Temperature [ITS-90, deg C]
# name 7 = sal00: Salinity, Practical [PSU]
# name 8 = sal11: Salinity, Practical, 2 [PSU]
# name 9 = density00: Density [density, kg/m^3]
# name 10 = sigma-t00: Density [sigma-t, kg/m^3 ]
# name 11 = flSP: Fluorescence, Seapoint
# name 12 = sbox0Mm/Kg: Oxygen, SBE 43 [umol/kg]
# name 13 = oxsolMm/Kg: Oxygen Saturation, Garcia & Gordon [umol/kg]
# name 14 = CStarAt0: Beam Attenuation, WET Labs C-Star [1/m]
# name 15 = CStarTr0: Beam Transmission, WET Labs C-Star [%]
# name 16 = v2: Voltage 2
# name 17 = v3: Voltage 3
# name 18 = ph: pH
# name 19 = par: PAR/Irradiance, Biospherical/Licor
# name 20 = scan: Scan Count
# name 21 = nbin: number of scans per bin
# name 22 = flag: flag
# span 0 =      3.975,    750.005       
# span 1 =   20.22570,   20.22570       
# span 2 = -106.19654, -106.19652       
# span 3 =      4.000,    756.000       
# span 4 =     6.1986,    25.8393       
# span 5 =     6.1989,    25.8395       
# span 6 =     6.1302,    25.8363       
# span 7 =    34.5224,    34.8163       
# span 8 =    34.5289,    34.8243       
# span 9 =  1022.8589,  1030.6087       
# span 10 =    22.8411,    27.1536      
# span 11 = 6.8860e-02, 7.1041e+00      
# span 12 =     -0.059,    201.158      
# span 13 =  204.32900,  299.93998      
# span 14 =     0.0581,     0.6062      
# span 15 =    85.9390,    98.5585      
# span 16 =     1.4249,     3.7278      
# span 17 =     0.7926,     2.2410      
# span 18 =      5.977,      6.938      
# span 19 = -1.120e-08, 3.9485e+00      
# span 20 =        456,      23534      
# span 21 =         17,        939      
# span 22 = 0.0000e+00, 0.0000e+00      
# interval = decibars: 1                
# start_time = Jan 04 2017 00:44:40 [NMEA time, header]
# bad_flag = -9.990e-29
*END*
[from data line 441]
    441.801   20.22570 -106.19654    445.000     8.8730     8.8730     8.8246    34.5967    34.6043  1028.8379    26.8226 7.4340e-02      0.189  282.24592     0.0642    98.4093     3.7218     0.9893      6.724 1.0000e-12      14667         24 0.0000e+00
    442.793   20.22570 -106.19654    446.000     8.8633     8.8635     8.8149    34.5961    34.6036  1028.8435    26.8236 7.2881e-02      0.189  282.30719     0.0645    98.4014     3.7219     0.9886      6.721 1.0000e-12      14689         21 0.0000e+00
    443.784   20.22570 -106.19654    447.000     8.8435     8.8437     8.7951    34.5949    34.6026  1028.8504    26.8258 7.4985e-02      0.209  282.43233     0.0643    98.4065     3.7219     0.9875      6.718 1.0000e-12      14710         21 0.0000e+00
    444.776   20.22570 -106.19654    448.000     8.8121     8.8119     8.7636    34.5938    34.6014  1028.8593    26.8299 7.2746e-02      0.154  282.63021     0.0643    98.4058     3.7220     0.9859      6.714 1.0000e-12      14732         24 0.0000e+00
    445.768   20.22570 -106.19654    449.000     8.7851     8.7850     8.7366    34.5935    34.6012  1028.8681    26.8340 7.1952e-02      0.183  282.79865     0.0643    98.4056     3.7218     0.9839      6.708 1.0000e-12      14759         28 0.0000e+00
    446.759   20.22570 -106.19654    450.000     8.7654     8.7655     8.7169    34.5925    34.6000  1028.8751    26.8363 7.2488e-02      0.203  282.92324     0.0637    98.4199     3.7220     0.9821      6.703 1.0000e-12      14787         28 0.0000e+00
    447.751   20.22570 -106.19654    451.000     8.7580     8.7582     8.7093    34.5917    34.5994  1028.8802    26.8368 7.1175e-02      0.191  282.97148     0.0638    98.4188     3.7220     0.9812      6.699 1.0000e-12      14812         23 0.0000e+00
    448.743   20.22570 -106.19654    452.000     8.7328     8.7336     8.6842    34.5904    34.5980  1028.8880    26.8398 7.3650e-02      0.188  283.13085     0.0637    98.4189     3.7223     0.9798      6.695 1.0000e-12      14835         22 0.0000e+00
    449.735   20.22570 -106.19654    453.000     8.7196     8.7201     8.6709    34.5901    34.5977  1028.8945    26.8416 7.3261e-02      0.209  283.21386     0.0639    98.4146     3.7227     0.9782      6.689 1.0000e-12      14858         25 0.0000e+00
    450.726   20.22570 -106.19654    454.000     8.6983     8.6991     8.6495    34.5885    34.5958  1028.9012    26.8437 7.2391e-02      0.170  283.35062     0.0635    98.4259     3.7224     0.9772      6.685 1.0000e-12      14883         25 0.0000e+00
    451.718   20.22570 -106.19654    455.000     8.6686     8.6689     8.6199    34.5878    34.5953  1028.9101    26.8478 7.2823e-02      0.193  283.53738     0.0635    98.4240     3.7227     0.9753      6.679 1.0000e-12      14908         25 0.0000e+00
    452.710   20.22570 -106.19654    456.000     8.6576     8.6576     8.6088    34.5872    34.5948  1028.9159    26.8490 7.3104e-02      0.195  283.60755     0.0643    98.4060     3.7227     0.9740      6.673 1.0000e-12      14932         24 0.0000e+00
    453.702   20.22570 -106.19654    457.000     8.6495     8.6497     8.6006    34.5865    34.5942  1028.9213    26.8498 7.3755e-02      0.191  283.65949     0.0631    98.4342     3.7227     0.9727      6.666 1.0000e-12      14955         22 0.0000e+00
    454.693   20.22570 -106.19654    458.000     8.6443     8.6445     8.5952    34.5860    34.5937  1028.9263    26.8502 7.3681e-02      0.176  283.69348     0.0635    98.4246     3.7228     0.9722      6.659 1.0000e-12      14980         26 0.0000e+00
    455.685   20.22570 -106.19654    459.000     8.6375     8.6378     8.5884    34.5854    34.5931  1028.9315    26.8508 7.2983e-02      0.195  283.73698     0.0633    98.4300     3.7226     0.9715      6.638 1.0000e-12      15007         28 0.0000e+00
    456.677   20.22570 -106.19653    460.000     8.6275     8.6276     8.5783    34.5848    34.5923  1028.9371    26.8519 7.5583e-02      0.197  283.80122     0.0628    98.4419     3.7226     0.9710      6.599 1.0000e-12      15033         24 0.0000e+00
    457.668   20.22570 -106.19652    461.000     8.6121     8.6124     8.5628    34.5833    34.5909  1028.9430    26.8531 7.2468e-02      0.160  283.90116     0.0631    98.4346     3.7228     0.9701      6.592 1.0000e-12      15055         20 0.0000e+00
    458.660   20.22570 -106.19652    462.000     8.5885     8.5887     8.5392    34.5831    34.5906  1028.9512    26.8566 7.2388e-02      0.169  284.04957     0.0631    98.4352     3.7229     0.9687      6.590 1.0000e-12      15075         21 0.0000e+00
    459.651   20.22570 -106.19652    463.000     8.5806     8.5808     8.5312    34.5826    34.5902  1028.9567    26.8575 7.2743e-02      0.205  284.09994     0.0628    98.4424     3.7228     0.9677      6.588 1.0000e-12      15095         22 0.0000e+00
    460.643   20.22570 -106.19652    464.000     8.5748     8.5751     8.5253    34.5823    34.5898  1028.9620    26.8582 7.2091e-02      0.189  284.13718     0.0636    98.4236     3.7228     0.9670      6.587 1.0000e-12      15119         22 0.0000e+00
    461.635   20.22570 -106.19652    465.000     8.5703     8.5706     8.5207    34.5817    34.5892  1028.9667    26.8583 7.3950e-02      0.151  284.16679     0.0630    98.4371     3.7228     0.9661      6.593 1.0000e-12      15146         29 0.0000e+00
    462.627   20.22570 -106.19652    466.000     8.5643     8.5647     8.5146    34.5814    34.5889  1028.9720    26.8591 7.2673e-02      0.175  284.20493     0.0631    98.4338     3.7228     0.9659      6.594 1.0000e-12      15173         26 0.0000e+00
    463.618   20.22570 -106.19652    467.000     8.5620     8.5625     8.5123    34.5811    34.5887  1028.9767    26.8592 7.3594e-02      0.229  284.21978     0.0633    98.4290     3.7228     0.9654      6.549 1.0000e-12      15197         23 0.0000e+00
    464.610   20.22570 -106.19652    468.000     8.5601     8.5604     8.5103    34.5809    34.5884  1028.9813    26.8593 7.2977e-02      0.165  284.23203     0.0635    98.4241     3.7228     0.9651      6.515 1.0000e-12      15221         25 0.0000e+00
    465.601   20.22570 -106.19652    469.000     8.5578     8.5581     8.5079    34.5805    34.5881  1028.9859    26.8594 7.3249e-02      0.210  284.24722     0.0630    98.4376     3.7228     0.9650      6.497 1.0000e-12      15246         27 0.0000e+00
    466.593   20.22570 -106.19652    470.000     8.5249     8.5232     8.4750    34.5790    34.5864  1028.9947    26.8633 7.3517e-02      0.193  284.45734     0.0627    98.4429     3.7228     0.9641      6.488 1.0000e-12      15274         28 0.0000e+00
    467.585   20.22570 -106.19652    471.000     8.4988     8.4997     8.4489    34.5786    34.5862  1029.0031    26.8670 7.3578e-02      0.177  284.62259     0.0627    98.4439     3.7228     0.9620      6.485 1.0000e-12      15300         23 0.0000e+00
    468.576   20.22570 -106.19652    472.000     8.4794     8.4794     8.4294    34.5780    34.5857  1029.0104    26.8695 7.2529e-02      0.191  284.74609     0.0625    98.4504     3.7229     0.9603      6.481 1.0000e-12      15321         20 0.0000e+00
    469.568   20.22570 -106.19652    473.000     8.4667     8.4669     8.4167    34.5773    34.5848  1029.0164    26.8710 7.1786e-02      0.184  284.82759     0.0625    98.4491     3.7228     0.9595      6.480 1.0000e-12      15342         20 0.0000e+00
    470.559   20.22570 -106.19652    474.000     8.4550     8.4550     8.4049    34.5767    34.5843  1029.0224    26.8723 7.1886e-02      0.165  284.90288     0.0628    98.4418     3.7229     0.9582      6.478 1.0000e-12      15363         24 0.0000e+00
    471.551   20.22570 -106.19652    475.000     8.4397     8.4398     8.3895    34.5761    34.5837  1029.0290    26.8742 7.3092e-02      0.183  285.00083     0.0627    98.4428     3.7229     0.9574      6.476 1.0000e-12      15387         24 0.0000e+00
    472.543   20.22570 -106.19652    476.000     8.4326     8.4328     8.3824    34.5759    34.5835  1029.0344    26.8751 7.3686e-02      0.179  285.04613     0.0630    98.4377     3.7229     0.9563      6.476 1.0000e-12      15411         25 0.0000e+00
    473.534   20.22570 -106.19652    477.000     8.4265     8.4267     8.3761    34.5755    34.5832  1029.0397    26.8757 7.3088e-02      0.193  285.08562     0.0636    98.4232     3.7229     0.9556      6.472 1.0000e-12      15434         20 0.0000e+00
    474.526   20.22570 -106.19652    478.000     8.4153     8.4155     8.3649    34.5749    34.5825  1029.0456    26.8770 7.2939e-02      0.186  285.15707     0.0631    98.4350     3.7230     0.9551      6.471 1.0000e-12      15456         23 0.0000e+00
    475.517   20.22570 -106.19652    479.000     8.3998     8.3997     8.3493    34.5745    34.5821  1029.0523    26.8791 7.2555e-02      0.183  285.25641     0.0631    98.4338     3.7229     0.9542      6.470 1.0000e-12      15483         31 0.0000e+00
    476.509   20.22570 -106.19652    480.000     8.3885     8.3886     8.3380    34.5741    34.5817  1029.0583    26.8805 7.2504e-02      0.187  285.32856     0.0627    98.4435     3.7228     0.9534      6.467 1.0000e-12      15517         34 0.0000e+00
    477.500   20.22570 -106.19652    481.000     8.3778     8.3778     8.3271    34.5738    34.5812  1029.0643    26.8819 7.3129e-02      0.190  285.39744     0.0624    98.4514     3.7228     0.9527      6.467 1.0000e-12      15546         25 0.0000e+00
    478.492   20.22570 -106.19652    482.000     8.3682     8.3684     8.3175    34.5735    34.5810  1029.0702    26.8832 7.1989e-02      0.199  285.45857     0.0626    98.4466     3.7229     0.9520      6.466 1.0000e-12      15567         20 0.0000e+00
    479.484   20.22570 -106.19652    483.000     8.3602     8.3604     8.3095    34.5732    34.5809  1029.0758    26.8842 7.3882e-02      0.205  285.50964     0.0627    98.4439     3.7232     0.9512      6.466 1.0000e-12      15587         18 0.0000e+00
    480.475   20.22570 -106.19652    484.000     8.3526     8.3529     8.3018    34.5729    34.5806  1029.0813    26.8851 7.2566e-02      0.196  285.55828     0.0625    98.4501     3.7233     0.9505      6.466 1.0000e-12      15607         21 0.0000e+00
    481.467   20.22570 -106.19652    485.000     8.3323     8.3325     8.2814    34.5716    34.5793  1029.0881    26.8871 7.5205e-02      0.159  285.69004     0.0628    98.4427     3.7234     0.9496      6.467 1.0000e-12      15630         25 0.0000e+00
    482.458   20.22570 -106.19652    486.000     8.2882     8.2886     8.2373    34.5716    34.5792  1029.0998    26.8939 7.2344e-02      0.184  285.97030     0.0623    98.4534     3.7231     0.9476      6.466 1.0000e-12      15655         25 0.0000e+00
    483.450   20.22570 -106.19652    487.000     8.2624     8.2620     8.2116    34.5714    34.5790  1029.1083    26.8976 7.2930e-02      0.173  286.13461     0.0621    98.4605     3.7232     0.9456      6.467 1.0000e-12      15679         22 0.0000e+00
    484.441   20.22570 -106.19652    488.000     8.2558     8.2555     8.2049    34.5713    34.5790  1029.1139    26.8986 7.1496e-02      0.180  286.17668     0.0624    98.4529     3.7235     0.9442      6.467 1.0000e-12      15701         23 0.0000e+00
    485.433   20.22570 -106.19652    489.000     8.2528     8.2531     8.2018    34.5707    34.5783  1029.1184    26.8986 7.3222e-02      0.189  286.19725     0.0624    98.4514     3.7238     0.9434      6.468 1.0000e-12      15726         28 0.0000e+00
    486.425   20.22570 -106.19652    490.000     8.2522     8.2524     8.2011    34.5704    34.5779  1029.1228    26.8984 7.2632e-02      0.176  286.20164     0.0630    98.4368     3.7238     0.9430      6.469 1.0000e-12      15755         29 0.0000e+00
    487.416   20.22570 -106.19652    491.000     8.2488     8.2491     8.1976    34.5699    34.5774  1029.1275    26.8986 7.2472e-02      0.200  286.22436     0.0626    98.4460     3.7232     0.9428      6.470 1.0000e-12      15784         28 0.0000e+00
    488.408   20.22570 -106.19652    492.000     8.2381     8.2381     8.1869    34.5697    34.5774  1029.1335    26.9000 7.1716e-02      0.163  286.29259     0.0624    98.4505     3.7236     0.9420      6.470 1.0000e-12      15810         24 0.0000e+00
    489.399   20.22570 -106.19652    493.000     8.2344     8.2346     8.1830    34.5694    34.5770  1029.1384    26.9003 7.4062e-02      0.145  286.31689     0.0627    98.4450     3.7234     0.9413      6.470 1.0000e-12      15833         23 0.0000e+00
    490.391   20.22570 -106.19652    494.000     8.2205     8.2204     8.1690    34.5693    34.5768  1029.1451    26.9023 7.2280e-02      0.201  286.40610     0.0624    98.4521     3.7237     0.9408      6.467 1.0000e-12      15855         22 0.0000e+00
    491.382   20.22570 -106.19652    495.000     8.2130     8.2131     8.1615    34.5691    34.5767  1029.1507    26.9033 7.1831e-02      0.175  286.45409     0.0620    98.4631     3.7239     0.9401      6.466 1.0000e-12      15878         23 0.0000e+00
    492.374   20.22570 -106.19652    496.000     8.2060     8.2062     8.1544    34.5691    34.5766  1029.1563    26.9044 7.1763e-02      0.194  286.49876     0.0621    98.4583     3.7239     0.9393      6.466 1.0000e-12      15900         22 0.0000e+00
    493.365   20.22570 -106.19652    497.000     8.2001     8.2002     8.1484    34.5686    34.5762  1029.1614    26.9049 7.1976e-02      0.185  286.53730     0.0620    98.4621     3.7238     0.9387      6.466 1.0000e-12      15921         20 0.0000e+00
    494.357   20.22570 -106.19652    498.000     8.1855     8.1859     8.1337    34.5683    34.5757  1029.1680    26.9069 7.3091e-02      0.179  286.63141     0.0623    98.4553     3.7240     0.9380      6.466 1.0000e-12      15943         23 0.0000e+00
    495.348   20.22570 -106.19652    499.000     8.1656     8.1656     8.1138    34.5673    34.5750  1029.1750    26.9091 7.3256e-02      0.176  286.76047     0.0621    98.4602     3.7241     0.9374      6.466 1.0000e-12      15967         27 0.0000e+00
    496.340   20.22570 -106.19652    500.000     8.1490     8.1492     8.0972    34.5672    34.5748  1029.1821    26.9116 7.2914e-02      0.204  286.86660     0.0623    98.4536     3.7239     0.9364      6.466 1.0000e-12      15998         32 0.0000e+00
    497.331   20.22570 -106.19652    501.000     8.1355     8.1356     8.0836    34.5667    34.5742  1029.1884    26.9132 7.1605e-02      0.177  286.95406     0.0673    98.3310     3.7237     0.9354      6.465 1.0000e-12      16028         27 0.0000e+00
    498.323   20.22570 -106.19652    502.000     8.1305     8.1308     8.0785    34.5663    34.5740  1029.1935    26.9136 7.3504e-02      0.217  286.98694     0.0634    98.4267     3.7239     0.9345      6.465 1.0000e-12      16053         24 0.0000e+00
    499.314   20.22570 -106.19652    503.000     8.1203     8.1197     8.0682    34.5659    34.5734  1029.1993    26.9148 7.0156e-02      0.183  287.05321     0.0619    98.4647     3.7240     0.9339      6.465 1.0000e-12      16076         21 0.0000e+00
    500.306   20.22570 -106.19652    504.000     8.1052     8.1045     8.0531    34.5656    34.5732  1029.2060    26.9169 7.4997e-02      0.151  287.15021     0.0621    98.4590     3.7240     0.9330      6.465 1.0000e-12      16099         24 0.0000e+00
    501.297   20.22570 -106.19652    505.000     8.0799     8.0788     8.0278    34.5639    34.5715  1029.2133    26.9194 7.1817e-02      0.191  287.31607     0.0626    98.4457     3.7241     0.9319      6.465 1.0000e-12      16124         26 0.0000e+00
    502.289   20.22570 -106.19652    506.000     8.0315     8.0311     7.9795    34.5638    34.5714  1029.2255    26.9266 7.3978e-02      0.197  287.62655     0.0624    98.4527     3.7241     0.9296      6.465 1.0000e-12      16151         27 0.0000e+00
