data/ctd-cnv/SKQ1617/SKQ1617-St15-P1/skq201617s-026avg.cnv
* Sea-Bird SBE 9 Data File:
* FileName = D:\CTD\SKQ201617S\SKQ201617S-026.hex
* Software Version Seasave V 7.22.5
* Temperature SN = 5773
* Conductivity SN = 2251
* Number of Bytes Per Scan = 37
* Number of Voltage Words = 4
* Number of Scans Averaged by the Deck Unit = 1
* NMEA Latitude = 20 13.84 N
* NMEA Longitude = 106 10.83 W
* NMEA UTC (Time) = Jan 04 2017  14:02:59
* NMEA baud rate = 4800
** Ship: R/V Sikuliaq
** Station Number: 026
** Station Name: Station 15
** Depth: 2427 m
** Operator: RML
** UVP
# nquan = 23
# nvalues = 200                         
# units = specified
# name 0 = depSM: Depth [salt water, m]
# name 1 = latitude: Latitude [deg]
# name 2 = longitude: Longitude [deg]
# name 3 = prDM: Pressure, Digiquartz [db]
# name 4 = t090C: Temperature [ITS-90, deg C]
# name 5 = t190C: Temperature, 2 [ITS-90, deg C]
# name 6 = potemp090C: Potential Temperature [ITS-90, deg C]
# name 7 = sal00: Salinity, Practical [PSU]
# name 8 = sal11: Salinity, Practical, 2 [PSU]
# name 9 = density00: Density [density, kg/m^3]
# name 10 = sigma-t00: Density [sigma-t, kg/m^3 ]
# name 11 = flSP: Fluorescence, Seapoint
# name 12 = sbox0Mm/Kg: Oxygen, SBE 43 [umol/kg]
# name 13 = oxsolMm/Kg: Oxygen Saturation, Garcia & Gordon [umol/kg]
# name 14 = CStarAt0: Beam Attenuation, WET Labs C-Star [1/m]
# name 15 = CStarTr0: Beam Transmission, WET Labs C-Star [%]
# name 16 = v2: Voltage 2
# name 17 = v3: Voltage 3
# name 18 = ph: pH
# name 19 = par: PAR/Irradiance, Biospherical/Licor
# name 20 = scan: Scan Count
# name 21 = nbin: number of scans per bin
# name 22 = flag: flag
# span 0 =      2.981,    200.666       
# span 1 =   20.23072,   20.23072       
# span 2 = -106.18050, -106.18050       
# span 3 =      3.000,    202.000       
# span 4 =    11.9602,    25.8672       
# span 5 =    11.9612,    25.9355       
# span 6 =    11.9340,    25.8658       
# span 7 =    30.4963,    34.8180       
# span 8 =    33.7198,    34.8260       
# span 9 =  1019.7007,  1027.3236       
# span 10 =    19.6877,    26.4185      
# span 11 = 7.0626e-02, 6.9225e+00      
# span 12 =      0.277,    198.902      
# span 13 =  204.23865,  263.90290      
# span 14 =     0.0767,     0.7456      
# span 15 =    83.0499,    98.1015      
# span 16 =     1.4303,     3.7071      
# span 17 =     1.2214,     2.2417      
# span 18 =      6.912,      6.955      
# span 19 = -1.955e-07, 9.0954e+01      
# span 20 =       -570,      12063      
# span 21 =          5,        680      
# span 22 = 0.0000e+00, 0.0000e+00      
# interval = decibars: 1                
# start_time = Jan 04 2017 14:02:59 [NMEA time, header]
# bad_flag = -9.990e-29
*END*
      2.981   20.23072 -106.18050      3.000    25.8415    25.9355    25.8408    30.4963    33.7198  1019.7007    19.6877 2.6393e-01    132.330  209.85092     0.1206    97.0264     1.4312     2.2180      6.955 9.0954e+01       -570         31 0.0000e+00
      3.976   20.23072 -106.18050      4.000    25.5816    25.6972    25.5808    33.4797    34.2886  1022.0321    22.0148 2.9038e-01    172.819  206.81456     0.1569    96.1563     1.4305     2.2358      6.955 7.5637e+01        915        680 0.0000e+00
      4.969   20.23072 -106.18050      5.000    25.8524    25.8600    25.8513    34.5584    34.6539  1022.7676    22.7461 2.8562e-01    192.802  204.44562     0.1821    95.5516     1.4305     2.2363      6.955 6.9144e+01       1091         51 0.0000e+00
      5.963   20.23072 -106.18050      6.000    25.8672    25.8666    25.8658    34.6754    34.6869  1022.8556    22.8297 2.9563e-01    195.500  204.23983     0.1810    95.5764     1.4305     2.2365      6.955 5.3537e+01       1189         51 0.0000e+00
      6.957   20.23072 -106.18050      7.000    25.8670    25.8666    25.8654    34.6758    34.6871  1022.8603    22.8301 2.5550e-01    195.221  204.23978     0.1816    95.5623     1.4305     2.2374      6.955 5.1836e+01       1231         37 0.0000e+00
      7.951   20.23072 -106.18050      8.000    25.8660    25.8659    25.8643    34.6761    34.6873  1022.8651    22.8306 2.8366e-01    196.214  204.24260     0.1822    95.5477     1.4304     2.2373      6.955 4.2856e+01       1277         63 0.0000e+00
      8.945   20.23072 -106.18050      9.000    25.8658    25.8659    25.8639    34.6767    34.6875  1022.8699    22.8311 2.7886e-01    196.326  204.24254     0.1804    95.5908     1.4303     2.2372      6.955 3.7320e+01       1363         62 0.0000e+00
      9.939   20.23072 -106.18050     10.000    25.8661    25.8663    25.8638    34.6769    34.6877  1022.8743    22.8313 3.0215e-01    196.918  204.24148     0.1830    95.5295     1.4304     2.2376      6.955 3.4493e+01       1458        203 0.0000e+00
     10.932   20.23072 -106.18050     11.000    25.8649    25.8650    25.8625    34.6789    34.6891  1022.8804    22.8331 2.6827e-01    198.020  204.24283     0.1811    95.5743     1.4303     2.2407      6.955 3.5217e+01       3685         53 0.0000e+00
     11.926   20.23072 -106.18050     12.000    25.8629    25.8628    25.8602    34.6789    34.6892  1022.8854    22.8337 2.9858e-01    198.245  204.24960     0.1821    95.5513     1.4308     2.2413      6.955 3.2656e+01       3967         67 0.0000e+00
     12.920   20.23072 -106.18050     13.000    25.8635    25.8634    25.8606    34.6791    34.6893  1022.8896    22.8337 2.6867e-01    197.987  204.24731     0.1823    95.5455     1.4305     2.2412      6.955 3.0653e+01       4036         51 0.0000e+00
     13.914   20.23072 -106.18050     14.000    25.8646    25.8643    25.8615    34.6791    34.6892  1022.8936    22.8333 2.6185e-01    198.430  204.24336     0.1844    95.4943     1.4307     2.2414      6.955 2.8205e+01       4078         39 0.0000e+00
     14.908   20.23072 -106.18050     15.000    25.8644    25.8644    25.8611    34.6790    34.6893  1022.8979    22.8333 2.6494e-01    198.356  204.24419     0.1834    95.5195     1.4307     2.2413      6.955 2.5065e+01       4116         39 0.0000e+00
     15.901   20.23072 -106.18050     16.000    25.8641    25.8641    25.8606    34.6790    34.6892  1022.9023    22.8334 2.9730e-01    197.802  204.24526     0.1831    95.5253     1.4305     2.2414      6.955 2.2951e+01       4162         53 0.0000e+00
     16.895   20.23072 -106.18050     17.000    25.8638    25.8633    25.8601    34.6789    34.6892  1022.9066    22.8334 3.3845e-01    198.088  204.24633     0.1831    95.5254     1.4308     2.2409      6.955 2.1452e+01       4323        282 0.0000e+00
     17.889   20.23072 -106.18050     18.000    25.8635    25.8633    25.8596    34.6790    34.6893  1022.9111    22.8336 2.7274e-01    197.556  204.24705     0.1841    95.5017     1.4309     2.2410      6.955 2.0324e+01       4519         80 0.0000e+00
     18.883   20.23072 -106.18050     19.000    25.8641    25.8638    25.8599    34.6791    34.6894  1022.9153    22.8335 2.7517e-01    198.135  204.24501     0.1855    95.4679     1.4309     2.2412      6.955 1.9167e+01       4593         63 0.0000e+00
     19.877   20.23072 -106.18050     20.000    25.8639    25.8644    25.8594    34.6792    34.6895  1022.9197    22.8336 2.6381e-01    198.131  204.24575     0.1825    95.5404     1.4310     2.2413      6.955 1.7627e+01       4641         38 0.0000e+00
     20.870   20.23072 -106.18050     21.000    25.8649    25.8646    25.8602    34.6792    34.6894  1022.9237    22.8333 2.5850e-01    197.991  204.24230     0.1828    95.5335     1.4308     2.2413      6.955 1.6321e+01       4674         34 0.0000e+00
     21.864   20.23072 -106.18050     22.000    25.8608    25.8610    25.8559    34.6790    34.6892  1022.9292    22.8345 3.3229e-01    197.677  204.25621     0.1858    95.4602     1.4310     2.2415      6.955 1.5303e+01       4729         77 0.0000e+00
     22.858   20.23072 -106.18050     23.000    25.8645    25.8641    25.8594    34.6794    34.6895  1022.9326    22.8336 2.6549e-01    197.707  204.24320     0.1841    95.5031     1.4310     2.2415      6.955 1.4795e+01       4797         45 0.0000e+00
     23.852   20.23072 -106.18050     24.000    25.8638    25.8634    25.8585    34.6793    34.6895  1022.9371    22.8337 2.6041e-01    198.007  204.24567     0.1831    95.5269     1.4309     2.2415      6.955 1.4009e+01       4835         41 0.0000e+00
     24.846   20.23072 -106.18050     25.000    25.8651    25.8651    25.8596    34.6795    34.6896  1022.9411    22.8335 2.6565e-01    197.967  204.24102     0.1845    95.4926     1.4309     2.2416      6.955 1.2904e+01       4883         53 0.0000e+00
     25.839   20.23072 -106.18050     26.000    25.8658    25.8660    25.8600    34.6796    34.6898  1022.9453    22.8333 2.5325e-01    197.894  204.23865     0.1823    95.5452     1.4308     2.2416      6.955 1.2093e+01       4931         44 0.0000e+00
     26.833   20.23072 -106.18050     27.000    25.8636    25.8633    25.8577    34.6793    34.6894  1022.9500    22.8337 2.6436e-01    198.902  204.24630     0.1828    95.5334     1.4309     2.2416      6.955 1.1516e+01       4979         48 0.0000e+00
     27.827   20.23072 -106.18050     28.000    25.8620    25.8620    25.8557    34.6792    34.6893  1022.9547    22.8342 2.8813e-01    197.947  204.25208     0.1827    95.5353     1.4310     2.2417      6.955 1.1162e+01       5032         59 0.0000e+00
     28.821   20.23072 -106.18050     29.000    25.8615    25.8612    25.8551    34.6791    34.6892  1022.9592    22.8343 2.7852e-01    198.521  204.25367     0.1849    95.4837     1.4311     2.2417      6.955 1.0638e+01       5084         41 0.0000e+00
     29.814   20.23072 -106.18050     30.000    25.8586    25.8584    25.8519    34.6790    34.6892  1022.9642    22.8351 2.7411e-01    197.860  204.26377     0.1866    95.4419     1.4310     2.2416      6.955 9.8689e+00       5121         39 0.0000e+00
     30.808   20.23072 -106.18050     31.000    25.8551    25.8550    25.8482    34.6788    34.6889  1022.9695    22.8360 3.2994e-01    198.118  204.27591     0.1854    95.4712     1.4314     2.2412      6.954 9.0800e+00       5175         67 0.0000e+00
     31.802   20.23072 -106.18050     32.000    25.8252    25.8272    25.8181    34.6766    34.6864  1022.9814    22.8436 3.2662e-01    198.388  204.37957     0.1858    95.4608     1.4318     2.2411      6.955 8.5631e+00       5232         43 0.0000e+00
     32.795   20.23072 -106.18050     33.000    25.4862    25.4820    25.4790    34.6598    34.6648  1023.0774    22.9352 6.5286e-01    198.136  205.55785     0.2017    95.0826     1.4367     2.2365      6.954 8.1184e+00       5274         46 0.0000e+00
     33.789   20.23072 -106.18050     34.000    24.6279    24.6234    24.6206    34.6279    34.6328  1023.3191    23.1723 1.4339e+00    193.217  208.56961     0.2625    93.6496     1.4637     2.2057      6.953 7.6107e+00       5320         46 0.0000e+00
     34.783   20.23072 -106.18050     35.000    22.7580    22.7733    22.7509    34.5804    34.5793  1023.8352    23.6834 3.1682e+00    187.924  215.41333     0.3552    91.5144     1.5182     2.1469      6.954 7.0814e+00       5363         43 0.0000e+00
     35.777   20.23072 -106.18050     36.000    21.6696    21.6683    21.6626    34.5577    34.5617  1024.1301    23.9735 6.8159e+00    164.838  219.55735     0.5671    86.7875     1.6191     2.0450      6.953 6.3794e+00       5415         57 0.0000e+00
     36.770   20.23072 -106.18050     37.000    21.4110    21.4157    21.4039    34.5439    34.5511  1024.1955    24.0345 6.8276e+00    142.810  220.57774     0.6015    86.0379     1.7235     1.9895      6.953 5.6144e+00       5473         55 0.0000e+00
     37.764   20.23072 -106.18050     38.000    21.3576    21.3592    21.3503    34.5375    34.5457  1024.2097    24.0443 6.9225e+00    138.334  220.79546     0.7456    83.0499     1.7903     1.9662      6.952 4.5653e+00       5520         38 0.0000e+00
     38.758   20.23072 -106.18050     39.000    21.0695    21.0684    21.0621    34.5296    34.5399  1024.2867    24.1168 6.0253e+00    137.967  221.93996     0.5806    86.4927     1.8247     1.9523      6.952 3.4529e+00       5555         35 0.0000e+00
     39.751   20.23072 -106.18050     40.000    20.6576    20.6642    20.6501    34.5426    34.5396  1024.4125    24.2381 5.1659e+00    118.187  223.55438     0.4555    89.2400     1.8990     1.9375      6.951 2.5369e+00       5610         74 0.0000e+00
     40.745   20.23072 -106.18050     41.000    20.2407    20.2364    20.2331    34.5485    34.5568  1024.5328    24.3538 2.1238e+00    103.561  225.22395     0.3604    91.3904     1.9970     1.9065      6.949 1.9545e+00       5669         39 0.0000e+00
     41.739   20.23072 -106.18050     42.000    20.0313    20.0344    20.0236    34.5633    34.5714  1024.6039    24.4204 1.2008e+00     92.809  226.05307     0.2452    94.0538     2.1593     1.8766      6.950 1.5439e+00       5706         36 0.0000e+00
     42.732   20.23072 -106.18050     43.000    19.9589    19.9586    19.9510    34.5568    34.5658  1024.6224    24.4345 1.3178e+00     85.150  226.35894     0.2179    94.6981     2.2241     1.8636      6.949 1.2770e+00       5751         56 0.0000e+00
     43.726   20.23072 -106.18050     44.000    19.7541    19.7552    19.7461    34.5489    34.5572  1024.6744    24.4820 1.0107e+00     84.310  227.21370     0.2045    95.0152     2.2572     1.8532      6.949 1.1057e+00       5808         51 0.0000e+00
     44.720   20.23072 -106.18050     45.000    19.3200    19.3252    19.3119    34.5589    34.5682  1024.7991    24.6021 7.4902e-01     81.042  229.00127     0.1876    95.4180     2.3330     1.8269      6.949 9.9374e-01       5850         39 0.0000e+00
     45.713   20.23072 -106.18050     46.000    19.0578    19.0601    19.0496    34.5633    34.5717  1024.8742    24.6727 7.0857e-01     69.859  230.09629     0.1690    95.8640     2.4177     1.8032      6.949 9.1190e-01       5897         55 0.0000e+00
     46.707   20.23072 -106.18050     47.000    18.8005    18.8080    18.7922    34.5552    34.5626  1024.9378    24.7318 6.3429e-01     64.459  231.20131     0.1622    96.0256     2.4878     1.7836      6.949 8.2944e-01       5954         46 0.0000e+00
     47.701   20.23072 -106.18050     48.000    18.3274    18.3359    18.3191    34.5534    34.5597  1025.0597    24.8490 5.3305e-01     59.997  233.23657     0.1600    96.0785     2.6033     1.7509      6.949 7.6878e-01       6001         46 0.0000e+00
     48.694   20.23072 -106.18050     49.000    18.1878    18.1893    18.1794    34.5506    34.5582  1025.0968    24.8815 5.0846e-01     51.290  233.84700     0.1516    96.2815     2.6856     1.7301      6.948 7.0732e-01       6047         44 0.0000e+00
     49.688   20.23072 -106.18050     50.000    18.1226    18.1248    18.1140    34.5449    34.5524  1025.1130    24.8933 5.1326e-01     50.436  234.14077     0.1484    96.3572     2.7135     1.7204      6.947 6.4876e-01       6089         41 0.0000e+00
     50.682   20.23072 -106.18050     51.000    17.9869    17.9881    17.9782    34.5431    34.5516  1025.1495    24.9253 5.2952e-01     49.638  234.73752     0.1455    96.4270     2.7369     1.7110      6.946 6.0134e-01       6136         57 0.0000e+00
     51.675   20.23072 -106.18050     52.000    17.9456    17.9431    17.9368    34.5425    34.5508  1025.1636    24.9350 5.5362e-01     45.499  234.91935     0.1434    96.4792     2.7689     1.7078      6.945 5.6702e-01       6205         57 0.0000e+00
     52.669   20.23072 -106.18050     53.000    17.8949    17.8935    17.8859    34.5415    34.5491  1025.1796    24.9466 4.2088e-01     44.697  235.14374     0.1445    96.4518     2.8038     1.6983      6.944 5.3487e-01       6243         32 0.0000e+00
     53.662   20.23072 -106.18050     54.000    17.8811    17.8809    17.8720    34.5387    34.5468  1025.1853    24.9479 4.2884e-01     44.147  235.20891     0.1430    96.4877     2.8156     1.6930      6.944 4.9780e-01       6275         36 0.0000e+00
     54.656   20.23072 -106.18050     55.000    17.8728    17.8731    17.8635    34.5353    34.5433  1025.1891    24.9473 5.6702e-01     44.418  235.25101     0.1429    96.4910     2.8149     1.6964      6.944 4.5462e-01       6343         87 0.0000e+00
     55.650   20.23072 -106.18050     56.000    17.8028    17.8052    17.7933    34.5352    34.5428  1025.2106    24.9644 4.2948e-01     44.366  235.55994     0.1419    96.5138     2.8196     1.6889      6.944 4.2565e-01       6398         32 0.0000e+00
     56.643   20.23072 -106.18050     57.000    17.6837    17.6845    17.6741    34.5548    34.5627  1025.2591    25.0084 3.8449e-01     43.893  236.05573     0.1408    96.5413     2.8501     1.6800      6.944 3.9859e-01       6428         30 0.0000e+00
     57.637   20.23072 -106.18050     58.000    17.4725    17.4735    17.4628    34.5550    34.5670  1025.3149    25.0597 4.6850e-01     36.426  236.99625     0.1368    96.6387     2.9462     1.6719      6.944 3.6960e-01       6471         61 0.0000e+00
     58.630   20.23072 -106.18050     59.000    17.2013    17.1970    17.1916    34.5469    34.5540  1025.3785    25.1186 4.0912e-01     32.196  238.22604     0.1350    96.6817     2.9930     1.6603      6.944 3.4283e-01       6538         52 0.0000e+00
     59.624   20.23072 -106.18050     60.000    16.9620    16.9640    16.9522    34.5591    34.5654  1025.4493    25.1848 3.1047e-01     33.617  239.29109     0.1315    96.7654     3.0189     1.6393      6.944 3.2064e-01       6581         44 0.0000e+00
     60.618   20.23072 -106.18050     61.000    16.7578    16.7564    16.7479    34.5638    34.5722  1025.5058    25.2366 3.2685e-01     29.738  240.21538     0.1290    96.8249     3.0670     1.6230      6.944 2.9781e-01       6634         57 0.0000e+00
     61.611   20.23072 -106.18050     62.000    16.7155    16.7157    16.7054    34.5630    34.5712  1025.5195    25.2459 2.7232e-01     27.859  240.41067     0.1290    96.8267     3.0986     1.6095      6.944 2.7675e-01       6677         34 0.0000e+00
     62.605   20.23072 -106.18050     63.000    16.7019    16.7020    16.6917    34.5620    34.5703  1025.5263    25.2483 2.8226e-01     27.860  240.47458     0.1284    96.8404     3.1133     1.6037      6.942 2.5854e-01       6712         38 0.0000e+00
     63.598   20.23072 -106.18050     64.000    16.6891    16.6864    16.6787    34.5602    34.5687  1025.5324    25.2500 3.6690e-01     27.712  240.53652     0.1305    96.7907     3.1179     1.6029      6.942 2.4139e-01       6774         78 0.0000e+00
