data/ctd-cnv/SKQ1617/SKQ1617-St15-P1/skq201617s-026avg.cnv
* Sea-Bird SBE 9 Data File:
* FileName = D:\CTD\SKQ201617S\SKQ201617S-026.hex
* Software Version Seasave V 7.22.5
* Temperature SN = 5773
* Conductivity SN = 2251
* Number of Bytes Per Scan = 37
* Number of Voltage Words = 4
* Number of Scans Averaged by the Deck Unit = 1
* NMEA Latitude = 20 13.84 N
* NMEA Longitude = 106 10.83 W
* NMEA UTC (Time) = Jan 04 2017  14:02:59
* NMEA baud rate = 4800
** Ship: R/V Sikuliaq
** Station Number: 026
** Station Name: Station 15
** Depth: 2427 m
** Operator: RML
** UVP
# nquan = 23
# nvalues = 200                         
# units = specified
# name 0 = depSM: Depth [salt water, m]
# name 1 = latitude: Latitude [deg]
# name 2 = longitude: Longitude [deg]
# name 3 = prDM: Pressure, Digiquartz [db]
# name 4 = t090C: Temperature [ITS-90, deg C]
# name 5 = t190C: Temperature, 2 [ITS-90, deg C]
# name 6 = potemp090C: Potential Temperature [ITS-90, deg C]
# name 7 = sal00: Salinity, Practical [PSU]
# name 8 = sal11: Salinity, Practical, 2 [PSU]
# name 9 = density00: Density [density, kg/m^3]
# name 10 = sigma-t00: Density [sigma-t, kg/m^3 ]
# name 11 = flSP: Fluorescence, Seapoint
# name 12 = sbox0Mm/Kg: Oxygen, SBE 43 [umol/kg]
# name 13 = oxsolMm/Kg: Oxygen Saturation, Garcia & Gordon [umol/kg]
# name 14 = CStarAt0: Beam Attenuation, WET Labs C-Star [1/m]
# name 15 = CStarTr0: Beam Transmission, WET Labs C-Star [%]
# name 16 = v2: Voltage 2
# name 17 = v3: Voltage 3
# name 18 = ph: pH
# name 19 = par: PAR/Irradiance, Biospherical/Licor
# name 20 = scan: Scan Count
# name 21 = nbin: number of scans per bin
# name 22 = flag: flag
# span 0 =      2.981,    200.666       
# span 1 =   20.23072,   20.23072       
# span 2 = -106.18050, -106.18050       
# span 3 =      3.000,    202.000       
# span 4 =    11.9602,    25.8672       
# span 5 =    11.9612,    25.9355       
# span 6 =    11.9340,    25.8658       
# span 7 =    30.4963,    34.8180       
# span 8 =    33.7198,    34.8260       
# span 9 =  1019.7007,  1027.3236       
# span 10 =    19.6877,    26.4185      
# span 11 = 7.0626e-02, 6.9225e+00      
# span 12 =      0.277,    198.902      
# span 13 =  204.23865,  263.90290      
# span 14 =     0.0767,     0.7456      
# span 15 =    83.0499,    98.1015      
# span 16 =     1.4303,     3.7071      
# span 17 =     1.2214,     2.2417      
# span 18 =      6.912,      6.955      
# span 19 = -1.955e-07, 9.0954e+01      
# span 20 =       -570,      12063      
# span 21 =          5,        680      
# span 22 = 0.0000e+00, 0.0000e+00      
# interval = decibars: 1                
# start_time = Jan 04 2017 14:02:59 [NMEA time, header]
# bad_flag = -9.990e-29
*END*
[from data line 189]
    190.736   20.23072 -106.18050    192.000    12.0369    12.0370    12.0119    34.7750    34.7828  1027.2674    26.4073 7.1060e-02      0.389  263.47486     0.1052    97.4051     3.7071     1.2245      6.915 1.0000e-12      10985         20 0.0000e+00
    191.729   20.23072 -106.18050    193.000    12.0316    12.0317    12.0065    34.7745    34.7825  1027.2725    26.4079 7.2440e-02      0.331  263.50456     0.0783    98.0622     3.7070     1.2235      6.915 1.0000e-12      11006         23 0.0000e+00
    192.722   20.23072 -106.18050    194.000    12.0293    12.0293    12.0040    34.7742    34.7820  1027.2772    26.4081 7.2102e-02      0.277  263.51831     0.0770    98.0929     3.7070     1.2229      6.915 1.0000e-12      11029         25 0.0000e+00
    193.715   20.23072 -106.18050    195.000    12.0256    12.0257    12.0002    34.7737    34.7817  1027.2820    26.4084 7.0980e-02      0.348  263.53917     0.0767    98.1015     3.7070     1.2228      6.915 1.0000e-12      11058         33 0.0000e+00
    194.708   20.23072 -106.18050    196.000    12.0202    12.0202    11.9946    34.7733    34.7812  1027.2873    26.4092 7.1995e-02      0.293  263.56955     0.0769    98.0953     3.7069     1.2231      6.915 1.0000e-12      11094         38 0.0000e+00
    195.701   20.23072 -106.18050    197.000    12.0081    12.0084    11.9824    34.7724    34.7802  1027.2933    26.4108 7.2392e-02      0.313  263.63726     0.0774    98.0822     3.7066     1.2230      6.915 1.0000e-12      11132         38 0.0000e+00
    196.693   20.23072 -106.18050    198.000    12.0012    11.9998    11.9755    34.7724    34.7806  1027.2992    26.4121 7.1791e-02      0.349  263.67468     0.0769    98.0970     3.7068     1.2230      6.915 1.0000e-12      11174         53 0.0000e+00
    197.687   20.23072 -106.18050    199.000    12.0009    12.0026    11.9750    34.7719    34.7790  1027.3033    26.4118 7.1853e-02      0.293  263.67761     0.0775    98.0816     3.7058     1.2241      6.915 1.0000e-12      11236         57 0.0000e+00
    198.679   20.23072 -106.18050    200.000    11.9993    12.0000    11.9733    34.7712    34.7791  1027.3075    26.4115 7.2147e-02      0.307  263.68758     0.0769    98.0952     3.7055     1.2238      6.914 1.0000e-12      11388        322 0.0000e+00
    199.673   20.23072 -106.18050    201.000    11.9796    11.9776    11.9535    34.7699    34.7781  1027.3148    26.4142 7.1561e-02      0.309  263.79769     0.0770    98.0944     3.7054     1.2230      6.912 1.0000e-12      11726        314 0.0000e+00
    200.666   20.23072 -106.18050    202.000    11.9602    11.9612    11.9340    34.7705    34.7780  1027.3236    26.4185 7.0626e-02      0.311  263.90290     0.0782    98.0627     3.7050     1.2214      6.913 1.0000e-12      12063          5 0.0000e+00
