data/ctd-cnv/SKQ1617/SKQ1617-St15-P1/skq201617s-028avg.cnv
* Sea-Bird SBE 9 Data File:
* FileName = D:\CTD\SKQ201617S\SKQ201617S-028.hex
* Software Version Seasave V 7.22.5
* Temperature SN = 5773
* Conductivity SN = 2251
* Number of Bytes Per Scan = 37
* Number of Voltage Words = 4
* Number of Scans Averaged by the Deck Unit = 1
* NMEA Latitude = 20 16.59 N
* NMEA Longitude = 106 12.67 W
* NMEA UTC (Time) = Jan 05 2017  15:01:23
* NMEA baud rate = 4800
** Ship: R/V Sikuliaq
** Station Number: 028
** Station Name: Station 15
** Depth: 3351
** Operator: RML
# nquan = 23
# nvalues = 452                         
# units = specified
# name 0 = depSMignore: Depth [salt water, m]
# name 1 = latitude: Latitude [deg]
# name 2 = longitude: Longitude [deg]
# name 3 = prDM: Pressure, Digiquartz [db]
# name 4 = t090C: Temperature [ITS-90, deg C]
# name 5 = t190C: Temperature, 2 [ITS-90, deg C]
# name 6 = potemp090C: Potential Temperature [ITS-90, deg C]
# name 7 = sal00: Salinity, Practical [PSU]
# name 8 = sal11: Salinity, Practical, 2 [PSU]
# name 9 = density00: Density [density, kg/m^3]
# name 10 = sigma-t00: Density [sigma-t, kg/m^3 ]
# name 11 = flSP: Fluorescence, Seapoint
# name 12 = sbox0Mm/Kg: Oxygen, SBE 43 [umol/kg]
# name 13 = oxsolMm/Kg: Oxygen Saturation, Garcia & Gordon [umol/kg]
# name 14 = CStarAt0: Beam Attenuation, WET Labs C-Star [1/m]
# name 15 = CStarTr0: Beam Transmission, WET Labs C-Star [%]
# name 16 = v2: Voltage 2
# name 17 = v3: Voltage 3
# name 18 = ph: pH
# name 19 = par: PAR/Irradiance, Biospherical/Licor
# name 20 = scan: Scan Count
# name 21 = nbin: number of scans per bin
# name 22 = flag: flag
# span 0 =      2.982,    450.725       
# span 1 =   20.27654,   20.27654       
# span 2 = -106.21118, -106.21118       
# span 3 =      3.000,    454.000       
# span 4 =     8.9001,    26.0336       
# span 5 =     8.9002,    26.0331       
# span 6 =     8.8507,    26.0324       
# span 7 =    34.5404,    34.8230       
# span 8 =    34.5473,    34.8311       
# span 9 =  1022.7890,  1028.8696       
# span 10 =    22.7746,    26.8173      
# span 11 = 6.9255e-02, 6.3070e+00      
# span 12 =      0.134,    198.457      
# span 13 =  203.68558,  282.08057      
# span 14 =     0.0638,     0.5373      
# span 15 =    87.4347,    98.4185      
# span 16 =     1.4241,     3.7117      
# span 17 =     0.9906,     2.2535      
# span 18 =      6.452,      6.955      
# span 19 = -3.366e-08, 9.6445e+02      
# span 20 =        267,      15352      
# span 21 =         16,        497      
# span 22 = 0.0000e+00, 0.0000e+00      
# interval = decibars: 1                
# start_time = Jan 05 2017 15:01:23 [NMEA time, header]
# bad_flag = -9.990e-29
*END*
[from data line 63]
     65.585   20.27654 -106.21118     66.000    16.4527    16.4531    16.4421    34.5865    34.5950  1025.6167    25.3253 3.1211e-01     22.535  241.58413     0.1286    96.8361     3.2043     1.5861      6.936 1.6556e+00       4007         54 0.0000e+00
     66.579   20.27654 -106.21118     67.000    16.3739    16.3758    16.3632    34.5953    34.6035  1025.6462    25.3503 3.0570e-01     21.345  241.93506     0.1273    96.8672     3.2312     1.5814      6.935 1.5482e+00       4063         56 0.0000e+00
     67.572   20.27654 -106.21118     68.000    16.2943    16.2941    16.2834    34.6041    34.6128  1025.6759    25.3755 2.6723e-01     19.714  242.29123     0.1271    96.8727     3.2612     1.5744      6.935 1.4534e+00       4111         39 0.0000e+00
     68.566   20.27654 -106.21118     69.000    16.1482    16.1485    16.1373    34.6205    34.6290  1025.7267    25.4217 2.5565e-01     18.522  242.94677     0.1263    96.8916     3.2983     1.5663      6.934 1.3541e+00       4148         38 0.0000e+00
     69.559   20.27654 -106.21118     70.000    16.0731    16.0740    16.0620    34.6279    34.6364  1025.7541    25.4446 2.4636e-01     15.332  243.28630     0.1232    96.9662     3.3539     1.5590      6.934 1.2522e+00       4196         53 0.0000e+00
     70.553   20.27654 -106.21118     71.000    16.0329    16.0328    16.0217    34.6307    34.6394  1025.7699    25.4560 2.2136e-01     13.365  243.47072     0.1231    96.9688     3.3882     1.5549      6.934 1.1663e+00       4245         42 0.0000e+00
     71.547   20.27654 -106.21118     72.000    16.0019    16.0049    15.9906    34.6321    34.6419  1025.7825    25.4641 2.5038e-01     13.011  243.61394     0.1347    96.6912     3.4067     1.5516      6.934 1.0903e+00       4298         69 0.0000e+00
     72.540   20.27654 -106.21118     73.000    15.9835    15.9840    15.9720    34.6321    34.6407  1025.7912    25.4684 2.1847e-01     12.643  243.70077     0.1214    97.0115     3.4171     1.5500      6.934 1.0295e+00       4361         44 0.0000e+00
     73.534   20.27654 -106.21118     74.000    15.9540    15.9537    15.9423    34.6361    34.6447  1025.8055    25.4782 2.0570e-01     12.618  243.83326     0.1214    97.0109     3.4244     1.5427      6.934 9.6706e-01       4393         28 0.0000e+00
     74.527   20.27654 -106.21118     75.000    15.8499    15.8524    15.8381    34.6558    34.6643  1025.8488    25.5170 2.0144e-01     12.213  244.29247     0.1204    97.0361     3.4478     1.5351      6.934 9.0072e-01       4427         45 0.0000e+00
     75.521   20.27654 -106.21118     76.000    15.7849    15.7845    15.7731    34.6659    34.6747  1025.8758    25.5395 2.0796e-01      8.523  244.58308     0.1196    97.0539     3.4875     1.5347      6.934 8.3254e-01       4492         73 0.0000e+00
     76.514   20.27654 -106.21118     77.000    15.7435    15.7443    15.7315    34.6691    34.6776  1025.8920    25.5513 2.2777e-01      7.639  244.77466     0.1190    97.0691     3.5078     1.5356      6.934 7.7823e-01       4547         42 0.0000e+00
     77.508   20.27654 -106.21118     78.000    15.7143    15.7139    15.7022    34.6729    34.6816  1025.9060    25.5608 1.7130e-01      7.192  244.90689     0.1197    97.0521     3.5327     1.5263      6.934 7.2842e-01       4590         45 0.0000e+00
     78.501   20.27654 -106.21118     79.000    15.7039    15.7049    15.6917    34.6727    34.6812  1025.9126    25.5630 1.8150e-01      6.506  244.95654     0.1194    97.0596     3.5500     1.5252      6.934 6.8600e-01       4648         64 0.0000e+00
     79.495   20.27654 -106.21118     80.000    15.6805    15.6804    15.6681    34.6762    34.6848  1025.9251    25.5710 1.5781e-01      6.509  245.06194     0.1175    97.1065     3.5553     1.5234      6.933 6.4906e-01       4697         33 0.0000e+00
     80.488   20.27654 -106.21118     81.000    15.6269    15.6278    15.6143    34.6841    34.6920  1025.9477    25.5891 2.1787e-01      6.281  245.30475     0.1179    97.0959     3.5665     1.5154      6.932 6.0959e-01       4727         29 0.0000e+00
     81.482   20.27654 -106.21118     82.000    15.4991    15.5003    15.4865    34.7049    34.7128  1025.9970    25.6339 1.4729e-01      5.594  245.88063     0.1188    97.0744     3.5896     1.5079      6.932 5.6944e-01       4761         42 0.0000e+00
     82.475   20.27654 -106.21118     83.000    15.4690    15.4760    15.4562    34.7095    34.7160  1026.0117    25.6441 1.4610e-01      3.096  246.01742     0.1194    97.0606     3.6210     1.5041      6.931 5.2990e-01       4828         84 0.0000e+00
     83.469   20.27654 -106.21118     84.000    15.2834    15.2901    15.2706    34.7394    34.7460  1026.0807    25.7084 2.1008e-01      2.474  246.85982     0.1266    96.8848     3.6360     1.5040      6.930 4.9828e-01       4899         53 0.0000e+00
     84.462   20.27654 -106.21118     85.000    15.2434    15.2433    15.2305    34.7404    34.7489  1026.0948    25.7181 2.3406e-01      1.177  247.05145     0.1328    96.7359     3.6660     1.4905      6.930 4.6933e-01       4942         39 0.0000e+00
     85.455   20.27654 -106.21118     86.000    15.2281    15.2282    15.2150    34.7408    34.7493  1026.1030    25.7218 2.4780e-01      0.778  247.12518     0.1342    96.6998     3.6813     1.4836      6.930 4.3954e-01       4979         35 0.0000e+00
     86.449   20.27654 -106.21118     87.000    15.2147    15.2147    15.2014    34.7412    34.7498  1026.1107    25.7251 2.6087e-01      0.844  247.18927     0.1354    96.6712     3.6868     1.4792      6.930 4.1121e-01       5015         38 0.0000e+00
     87.442   20.27654 -106.21118     88.000    15.2029    15.2029    15.1896    34.7422    34.7508  1026.1185    25.7285 2.7685e-01      0.881  247.24448     0.1376    96.6181     3.6882     1.4775      6.930 3.8518e-01       5060         53 0.0000e+00
     88.436   20.27654 -106.21118     89.000    15.1873    15.1878    15.1738    34.7423    34.7510  1026.1265    25.7320 2.8437e-01      0.846  247.31982     0.1386    96.5950     3.6877     1.4763      6.930 3.6234e-01       5116         51 0.0000e+00
     89.429   20.27654 -106.21118     90.000    15.0804    15.0795    15.0668    34.7506    34.7586  1026.1610    25.7620 3.8746e-01      0.786  247.82525     0.1408    96.5416     3.6887     1.4725      6.930 3.3924e-01       5167         53 0.0000e+00
     90.423   20.27654 -106.21118     91.000    14.9445    14.9441    14.9308    34.7596    34.7680  1026.2024    25.7987 4.8611e-01      0.836  248.47298     0.1477    96.3750     3.6897     1.4641      6.930 3.1609e-01       5219         48 0.0000e+00
     91.416   20.27654 -106.21118     92.000    14.8649    14.8646    14.8511    34.7655    34.7738  1026.2289    25.8207 5.0489e-01      0.832  248.85230     0.1495    96.3311     3.6909     1.4563      6.930 2.9338e-01       5265         51 0.0000e+00
     92.410   20.27654 -106.21118     93.000    14.8310    14.8301    14.8171    34.7655    34.7744  1026.2408    25.8281 5.1088e-01      0.829  249.01881     0.1504    96.3102     3.6900     1.4553      6.929 2.7263e-01       5322         52 0.0000e+00
     93.403   20.27654 -106.21118     94.000    14.8011    14.7998    14.7871    34.7645    34.7734  1026.2510    25.8338 4.9011e-01      0.816  249.16720     0.1501    96.3165     3.6909     1.4494      6.928 2.5459e-01       5364         34 0.0000e+00
     94.396   20.27654 -106.21118     95.000    14.7102    14.7075    14.6961    34.7710    34.7804  1026.2803    25.8586 4.5677e-01      0.742  249.60368     0.1496    96.3289     3.6921     1.4440      6.928 2.3591e-01       5400         40 0.0000e+00
     95.390   20.27654 -106.21118     96.000    14.6000    14.5968    14.5858    34.7797    34.7892  1026.3155    25.8891 4.5267e-01      0.800  250.13339     0.1503    96.3127     3.6922     1.4369      6.928 2.1857e-01       5446         52 0.0000e+00
     96.383   20.27654 -106.21118     97.000    14.4750    14.4696    14.4607    34.7838    34.7938  1026.3501    25.9191 4.7673e-01      0.773  250.74722     0.1499    96.3214     3.6918     1.4334      6.926 2.0230e-01       5503         58 0.0000e+00
     97.377   20.27654 -106.21118     98.000    14.4267    14.4262    14.4123    34.7814    34.7895  1026.3631    25.9276 4.8079e-01      0.719  250.99161     0.1479    96.3707     3.6907     1.4353      6.925 1.8711e-01       5561         50 0.0000e+00
     98.370   20.27654 -106.21118     99.000    14.4057    14.4053    14.3911    34.7798    34.7883  1026.3709    25.9310 4.6502e-01      0.688  251.09941     0.1472    96.3855     3.6920     1.4228      6.925 1.7398e-01       5601         36 0.0000e+00
     99.363   20.27654 -106.21118    100.000    14.3700    14.3662    14.3553    34.7834    34.7920  1026.3858    25.9414 5.0788e-01      0.683  251.27126     0.1470    96.3921     3.6932     1.4181      6.925 1.6037e-01       5642         55 0.0000e+00
    100.357   20.27654 -106.21118    101.000    14.3694    14.3458    14.3546    34.7794    34.7884  1026.3873    25.9384 5.0918e-01      0.629  251.28155     0.1469    96.3936     3.6923     1.4159      6.925 1.4877e-01       5707         52 0.0000e+00
    101.350   20.27654 -106.21118    102.000    14.2826    14.2817    14.2677    34.7841    34.7926  1026.4140    25.9605 4.5127e-01      0.660  251.70727     0.1456    96.4251     3.6934     1.4094      6.925 1.3886e-01       5743         32 0.0000e+00
    102.344   20.27654 -106.21118    103.000    14.2702    14.2696    14.2552    34.7853    34.7934  1026.4220    25.9640 4.7151e-01      0.631  251.76749     0.1463    96.4078     3.6943     1.4060      6.925 1.2755e-01       5781         47 0.0000e+00
    103.337   20.27654 -106.21118    104.000    14.2525    14.2501    14.2374    34.7862    34.7940  1026.4310    25.9685 4.8892e-01      0.596  251.85453     0.1468    96.3957     3.6931     1.4065      6.925 1.1690e-01       5838         60 0.0000e+00
    104.330   20.27654 -106.21118    105.000    14.2272    14.2270    14.2119    34.7855    34.7938  1026.4402    25.9733 4.5033e-01      0.575  251.98307     0.1470    96.3907     3.6923     1.4054      6.925 1.0818e-01       5892         46 0.0000e+00
    105.324   20.27654 -106.21118    106.000    14.1982    14.1969    14.1828    34.7845    34.7931  1026.4502    25.9787 4.4685e-01      0.541  252.13026     0.1470    96.3908     3.6940     1.4005      6.925 9.9933e-02       5929         30 0.0000e+00
    106.317   20.27654 -106.21118    107.000    14.1290    14.1279    14.1135    34.7859    34.7945  1026.4704    25.9945 4.3262e-01      0.569  252.47612     0.1455    96.4281     3.6950     1.3961      6.925 9.2798e-02       5958         29 0.0000e+00
    107.310   20.27654 -106.21118    108.000    14.0451    14.0427    14.0296    34.7886    34.7975  1026.4948    26.0142 4.1674e-01      0.565  252.89513     0.1444    96.4546     3.6953     1.3917      6.923 8.6336e-02       5988         34 0.0000e+00
    108.304   20.27654 -106.21118    109.000    13.9616    13.9609    13.9460    34.7941    34.8028  1026.5212    26.0360 3.8970e-01      0.611  253.30828     0.1413    96.5297     3.6958     1.3859      6.923 7.9927e-02       6023         33 0.0000e+00
    109.297   20.27654 -106.21118    110.000    13.8960    13.8950    13.8802    34.7989    34.8073  1026.5432    26.0535 3.5530e-01      0.586  253.63340     0.1413    96.5282     3.6960     1.3791      6.921 7.4456e-02       6054         26 0.0000e+00
    110.291   20.27654 -106.21118    111.000    13.7764    13.7748    13.7606    34.8053    34.8136  1026.5777    26.0833 3.0754e-01      0.604  254.23158     0.1398    96.5642     3.6968     1.3727      6.921 6.9418e-02       6077         22 0.0000e+00
    111.284   20.27654 -106.21118    112.000    13.7102    13.7101    13.6944    34.8151    34.8227  1026.6036    26.1047 2.6535e-01      0.606  254.55240     0.1391    96.5810     3.6972     1.3655      6.920 6.4122e-02       6098         21 0.0000e+00
    112.277   20.27654 -106.21118    113.000    13.6281    13.6277    13.6121    34.8106    34.8178  1026.6218    26.1182 2.4768e-01      0.676  254.98193     0.1387    96.5910     3.6973     1.3598      6.920 5.9961e-02       6119         21 0.0000e+00
    113.271   20.27654 -106.21118    114.000    13.5798    13.5802    13.5637    34.8114    34.8190  1026.6369    26.1288 2.3489e-01      0.614  255.22842     0.1370    96.6334     3.6977     1.3538      6.920 5.5495e-02       6142         25 0.0000e+00
    114.264   20.27654 -106.21118    115.000    13.5560    13.5565    13.5398    34.8128    34.8204  1026.6474    26.1348 2.2507e-01      0.630  255.34855     0.1368    96.6369     3.6974     1.3503      6.920 5.1633e-02       6168         27 0.0000e+00
    115.257   20.27654 -106.21118    116.000    13.5490    13.5491    13.5327    34.8126    34.8206  1026.6532    26.1361 2.2109e-01      0.588  255.38480     0.1364    96.6470     3.6973     1.3487      6.920 4.8083e-02       6198         30 0.0000e+00
    116.250   20.27654 -106.21118    117.000    13.5335    13.5328    13.5170    34.8128    34.8211  1026.6609    26.1394 2.1145e-01      0.593  255.46460     0.1369    96.6355     3.6972     1.3473      6.920 4.4472e-02       6229         30 0.0000e+00
    117.244   20.27654 -106.21118    118.000    13.4822    13.4815    13.4657    34.8125    34.8209  1026.6758    26.1497 1.8835e-01      0.537  255.72975     0.1367    96.6399     3.6977     1.3442      6.920 4.1963e-02       6258         28 0.0000e+00
    118.237   20.27654 -106.21118    119.000    13.4141    13.4134    13.3974    34.8193    34.8275  1026.6996    26.1690 1.5843e-01      0.572  256.06986     0.1350    96.6821     3.6983     1.3399      6.920 3.8571e-02       6283         24 0.0000e+00
    119.230   20.27654 -106.21118    120.000    13.3955    13.3955    13.3787    34.8209    34.8289  1026.7091    26.1740 1.4996e-01      0.588  256.16352     0.1346    96.6908     3.6984     1.3357      6.918 3.6276e-02       6307         23 0.0000e+00
    120.224   20.27654 -106.21118    121.000    13.3817    13.3815    13.3648    34.8207    34.8286  1026.7163    26.1766 1.4608e-01      0.577  256.23491     0.1345    96.6930     3.6985     1.3332      6.917 3.3739e-02       6330         23 0.0000e+00
    121.217   20.27654 -106.21118    122.000    13.3683    13.3678    13.3513    34.8206    34.8287  1026.7234    26.1793 1.4156e-01      0.571  256.30463     0.1342    96.7010     3.6988     1.3310      6.917 3.1461e-02       6353         23 0.0000e+00
    122.210   20.27654 -106.21118    123.000    13.3560    13.3557    13.3388    34.8201    34.8281  1026.7301    26.1815 1.3928e-01      0.577  256.36952     0.1358    96.6616     3.6986     1.3293      6.916 2.9240e-02       6378         25 0.0000e+00
    123.203   20.27654 -106.21118    124.000    13.3383    13.3381    13.3210    34.8190    34.8270  1026.7373    26.1843 1.3496e-01      0.565  256.46337     0.1337    96.7117     3.6988     1.3276      6.916 2.7644e-02       6402         24 0.0000e+00
    124.197   20.27654 -106.21118    125.000    13.3258    13.3256    13.3084    34.8181    34.8261  1026.7436    26.1861 1.3102e-01      0.543  256.52956     0.1341    96.7020     3.6986     1.3259      6.915 2.5913e-02       6425         23 0.0000e+00
    125.190   20.27654 -106.21118    126.000    13.3084    13.3082    13.2909    34.8173    34.8254  1026.7511    26.1890 1.3005e-01      0.553  256.62140     0.1347    96.6896     3.6990     1.3248      6.915 2.4190e-02       6447         22 0.0000e+00
    126.183   20.27654 -106.21118    127.000    13.2772    13.2769    13.2596    34.8175    34.8253  1026.7621    26.1955 1.2175e-01      0.569  256.78349     0.1339    96.7069     3.6989     1.3231      6.915 2.2755e-02       6469         22 0.0000e+00
