data/ctd-cnv/SKQ1617/SKQ1617-St15-P1/skq201617s-029avg.cnv
* Sea-Bird SBE 9 Data File:
* FileName = D:\CTD\SKQ201617S\SKQ201617S-029.hex
* Software Version Seasave V 7.22.5
* Temperature SN = 5773
* Conductivity SN = 2251
* Number of Bytes Per Scan = 37
* Number of Voltage Words = 4
* Number of Scans Averaged by the Deck Unit = 1
* NMEA Latitude = 20 16.85 N
* NMEA Longitude = 106 12.53 W
* NMEA UTC (Time) = Jan 05 2017  19:04:28
* NMEA baud rate = 4800
** Ship: R/V Sikuliaq
** Station Number: 029
** Station Name: Station 15
** Depth: 3090
** Operator: RML
# nquan = 23
# nvalues = 755                         
# units = specified
# name 0 = depSMignore: Depth [salt water, m]
# name 1 = latitude: Latitude [deg]
# name 2 = longitude: Longitude [deg]
# name 3 = prDM: Pressure, Digiquartz [db]
# name 4 = t090C: Temperature [ITS-90, deg C]
# name 5 = t190C: Temperature, 2 [ITS-90, deg C]
# name 6 = potemp090C: Potential Temperature [ITS-90, deg C]
# name 7 = sal00: Salinity, Practical [PSU]
# name 8 = sal11: Salinity, Practical, 2 [PSU]
# name 9 = density00: Density [density, kg/m^3]
# name 10 = sigma-t00: Density [sigma-t, kg/m^3 ]
# name 11 = flSP: Fluorescence, Seapoint
# name 12 = sbox0Mm/Kg: Oxygen, SBE 43 [umol/kg]
# name 13 = oxsolMm/Kg: Oxygen Saturation, Garcia & Gordon [umol/kg]
# name 14 = CStarAt0: Beam Attenuation, WET Labs C-Star [1/m]
# name 15 = CStarTr0: Beam Transmission, WET Labs C-Star [%]
# name 16 = v2: Voltage 2
# name 17 = v3: Voltage 3
# name 18 = ph: pH
# name 19 = par: PAR/Irradiance, Biospherical/Licor
# name 20 = scan: Scan Count
# name 21 = nbin: number of scans per bin
# name 22 = flag: flag
# span 0 =      2.982,    750.992       
# span 1 =   20.28078,   20.28080       
# span 2 = -106.20886, -106.20885       
# span 3 =      3.000,    757.000       
# span 4 =     6.1956,    26.2463       
# span 5 =     6.1965,    26.2463       
# span 6 =     6.1270,    26.2454       
# span 7 =    34.5277,    34.8211       
# span 8 =    34.5352,    34.8288       
# span 9 =  1022.7249,  1030.6147       
# span 10 =    22.7077,    27.1544      
# span 11 = 6.8573e-02, 5.0732e+00      
# span 12 =     -0.026,    199.292      
# span 13 =  202.97450,  299.95951      
# span 14 =     0.0576,     0.5027      
# span 15 =    88.1928,    98.5707      
# span 16 =     1.4169,     3.7155      
# span 17 =     0.7930,     2.2685      
# span 18 =      6.478,      6.923      
# span 19 = 1.0000e-12, 2.4293e+03      
# span 20 =       2037,      28276      
# span 21 =         16,       4336      
# span 22 = 0.0000e+00, 0.0000e+00      
# interval = decibars: 1                
# start_time = Jan 05 2017 19:04:28 [NMEA time, header]
# bad_flag = -9.990e-29
*END*
[from data line 693]
    690.577   20.28078 -106.20886    696.000     6.5481     6.5483     6.4834    34.5347    34.5419  1030.2916    27.1136 8.5081e-02      0.091  297.51810     0.0591    98.5330     3.7145     0.8174      6.525 1.0000e-12      24740         22 0.0000e+00
    691.568   20.28079 -106.20886    697.000     6.5479     6.5482     6.4831    34.5344    34.5418  1030.2960    27.1134 8.5014e-02      0.101  297.51967     0.0585    98.5481     3.7144     0.8176      6.526 1.0000e-12      24763         24 0.0000e+00
    692.558   20.28080 -106.20886    698.000     6.5479     6.5482     6.4830    34.5342    34.5417  1030.3004    27.1133 8.4653e-02     -0.013  297.51998     0.0585    98.5484     3.7145     0.8176      6.528 1.0000e-12      24789         28 0.0000e+00
    693.549   20.28080 -106.20886    699.000     6.5477     6.5480     6.4827    34.5341    34.5415  1030.3049    27.1132 8.5837e-02      0.042  297.52187     0.0587    98.5437     3.7144     0.8174      6.530 1.0000e-12      24816         27 0.0000e+00
    694.540   20.28080 -106.20886    700.000     6.5465     6.5471     6.4814    34.5338    34.5413  1030.3094    27.1132 8.5022e-02      0.117  297.53073     0.0585    98.5483     3.7144     0.8173      6.530 1.0000e-12      24842         24 0.0000e+00
    695.530   20.28080 -106.20886    701.000     6.5377     6.5397     6.4726    34.5332    34.5406  1030.3148    27.1139 8.5129e-02      0.019  297.59227     0.0585    98.5484     3.7146     0.8170      6.530 1.0000e-12      24867         25 0.0000e+00
    696.521   20.28080 -106.20886    702.000     6.5200     6.5204     6.4548    34.5329    34.5402  1030.3217    27.1160 8.2780e-02      0.047  297.71399     0.0585    98.5484     3.7147     0.8161      6.530 1.0000e-12      24891         23 0.0000e+00
    697.511   20.28080 -106.20886    703.000     6.5138     6.5140     6.4486    34.5330    34.5403  1030.3272    27.1168 8.4114e-02      0.079  297.75589     0.0594    98.5265     3.7145     0.8153      6.532 1.0000e-12      24914         22 0.0000e+00
    698.502   20.28080 -106.20886    704.000     6.5083     6.5082     6.4430    34.5329    34.5403  1030.3325    27.1175 8.2907e-02      0.064  297.79407     0.0586    98.5450     3.7146     0.8150      6.533 1.0000e-12      24936         22 0.0000e+00
    699.492   20.28080 -106.20886    705.000     6.5010     6.5012     6.4357    34.5331    34.5403  1030.3382    27.1186 8.4708e-02      0.135  297.84362     0.0586    98.5472     3.7147     0.8143      6.534 1.0000e-12      24957         22 0.0000e+00
    700.483   20.28080 -106.20886    706.000     6.4960     6.4962     6.4307    34.5330    34.5402  1030.3434    27.1192 8.9467e-02     -0.003  297.87775     0.0585    98.5484     3.7149     0.8139      6.534 1.0000e-12      24978         21 0.0000e+00
    701.473   20.28080 -106.20886    707.000     6.4940     6.4944     6.4285    34.5328    34.5401  1030.3481    27.1193 8.7067e-02      0.018  297.89208     0.0586    98.5471     3.7147     0.8136      6.534 1.0000e-12      24999         20 0.0000e+00
    702.464   20.28080 -106.20886    708.000     6.4840     6.4844     6.4185    34.5325    34.5397  1030.3538    27.1204 8.4822e-02      0.083  297.96146     0.0587    98.5435     3.7149     0.8135      6.535 1.0000e-12      25020         21 0.0000e+00
    703.454   20.28080 -106.20886    709.000     6.4730     6.4716     6.4074    34.5323    34.5395  1030.3599    27.1217 8.4564e-02      0.091  298.03717     0.0584    98.5513     3.7149     0.8127      6.536 1.0000e-12      25042         24 0.0000e+00
    704.445   20.28080 -106.20886    710.000     6.4627     6.4631     6.3972    34.5326    34.5398  1030.3662    27.1233 8.5731e-02      0.012  298.10653     0.0585    98.5476     3.7149     0.8120      6.539 1.0000e-12      25068         29 0.0000e+00
    705.435   20.28080 -106.20886    711.000     6.4616     6.4614     6.3959    34.5324    34.5396  1030.3707    27.1233 8.8052e-02      0.086  298.11527     0.0592    98.5309     3.7146     0.8116      6.539 1.0000e-12      25099         30 0.0000e+00
    706.426   20.28080 -106.20886    712.000     6.4589     6.4591     6.3932    34.5322    34.5395  1030.3755    27.1235 8.4881e-02      0.017  298.13386     0.0585    98.5482     3.7147     0.8113      6.540 1.0000e-12      25126         25 0.0000e+00
    707.416   20.28080 -106.20886    713.000     6.4559     6.4561     6.3900    34.5322    34.5393  1030.3805    27.1239 8.3046e-02      0.044  298.15469     0.0583    98.5538     3.7148     0.8111      6.543 1.0000e-12      25150         24 0.0000e+00
    708.407   20.28080 -106.20886    714.000     6.4461     6.4465     6.3802    34.5320    34.5393  1030.3863    27.1250 8.4002e-02      0.079  298.22190     0.0580    98.5593     3.7146     0.8108      6.544 1.0000e-12      25178         31 0.0000e+00
    709.397   20.28080 -106.20886    715.000     6.4378     6.4379     6.3718    34.5318    34.5390  1030.3919    27.1260 8.5704e-02      0.014  298.28007     0.0585    98.5474     3.7145     0.8100      6.545 1.0000e-12      25208         28 0.0000e+00
    710.388   20.28080 -106.20886    716.000     6.4100     6.4102     6.3441    34.5321    34.5394  1030.4008    27.1299 8.5084e-02      0.100  298.46978     0.0584    98.5498     3.7153     0.8090      6.549 1.0000e-12      25234         21 0.0000e+00
    711.378   20.28080 -106.20886    717.000     6.4027     6.4030     6.3368    34.5328    34.5399  1030.4069    27.1313 8.5480e-02      0.086  298.51833     0.0583    98.5522     3.7150     0.8082      6.549 1.0000e-12      25255         21 0.0000e+00
    712.369   20.28080 -106.20886    718.000     6.4018     6.4020     6.3357    34.5324    34.5397  1030.4113    27.1312 8.8248e-02      0.061  298.52567     0.0584    98.5497     3.7154     0.8078      6.550 1.0000e-12      25274         20 0.0000e+00
    713.359   20.28080 -106.20886    719.000     6.3997     6.3998     6.3335    34.5322    34.5396  1030.4160    27.1313 8.5207e-02      0.035  298.54077     0.0585    98.5484     3.7152     0.8074      6.552 1.0000e-12      25294         21 0.0000e+00
    714.349   20.28080 -106.20886    720.000     6.3966     6.3969     6.3303    34.5321    34.5396  1030.4209    27.1316 8.5525e-02      0.019  298.56251     0.0584    98.5518     3.7154     0.8068      6.553 1.0000e-12      25317         23 0.0000e+00
    715.340   20.28080 -106.20886    721.000     6.3876     6.3882     6.3214    34.5320    34.5394  1030.4267    27.1328 8.5421e-02      0.101  298.62407     0.0586    98.5453     3.7150     0.8064      6.553 1.0000e-12      25342         25 0.0000e+00
    716.330   20.28080 -106.20886    722.000     6.3724     6.3726     6.3061    34.5310    34.5385  1030.4327    27.1340 8.6329e-02      0.049  298.73123     0.0585    98.5473     3.7151     0.8058      6.553 1.0000e-12      25366         23 0.0000e+00
    717.321   20.28080 -106.20886    723.000     6.3573     6.3574     6.2910    34.5305    34.5379  1030.4390    27.1355 8.5347e-02      0.042  298.83623     0.0589    98.5392     3.7152     0.8048      6.553 1.0000e-12      25389         23 0.0000e+00
    718.311   20.28080 -106.20886    724.000     6.3530     6.3533     6.2867    34.5302    34.5375  1030.4439    27.1358 8.3801e-02      0.072  298.86611     0.0581    98.5581     3.7152     0.8041      6.554 1.0000e-12      25412         24 0.0000e+00
    719.302   20.28080 -106.20886    725.000     6.3432     6.3430     6.2768    34.5295    34.5369  1030.4494    27.1366 8.4244e-02      0.049  298.93563     0.0582    98.5555     3.7153     0.8037      6.555 1.0000e-12      25435         22 0.0000e+00
    720.292   20.28080 -106.20886    726.000     6.3352     6.3353     6.2687    34.5299    34.5372  1030.4554    27.1379 8.3617e-02      0.070  298.99013     0.0585    98.5485     3.7154     0.8029      6.556 1.0000e-12      25458         23 0.0000e+00
    721.282   20.28080 -106.20886    727.000     6.3330     6.3331     6.2665    34.5299    34.5372  1030.4603    27.1383 8.2834e-02      0.030  299.00480     0.0580    98.5595     3.7154     0.8027      6.558 1.0000e-12      25480         23 0.0000e+00
    722.273   20.28080 -106.20886    728.000     6.3330     6.3333     6.2664    34.5300    34.5373  1030.4649    27.1383 8.4236e-02      0.063  299.00450     0.0584    98.5515     3.7154     0.8024      6.558 1.0000e-12      25505         26 0.0000e+00
    723.263   20.28080 -106.20886    729.000     6.3341     6.3342     6.2673    34.5302    34.5374  1030.4694    27.1384 8.3788e-02      0.014  298.99672     0.0585    98.5484     3.7152     0.8023      6.558 1.0000e-12      25535         32 0.0000e+00
    724.254   20.28080 -106.20886    730.000     6.3334     6.3336     6.2666    34.5305    34.5378  1030.4743    27.1386 8.5608e-02      0.068  299.00069     0.0576    98.5687     3.7152     0.8025      6.558 1.0000e-12      25564         25 0.0000e+00
    725.244   20.28080 -106.20886    731.000     6.3327     6.3329     6.2657    34.5307    34.5379  1030.4791    27.1389 8.4268e-02      0.062  299.00567     0.0580    98.5609     3.7153     0.8023      6.558 1.0000e-12      25587         21 0.0000e+00
    726.234   20.28080 -106.20886    732.000     6.3176     6.3164     6.2507    34.5310    34.5383  1030.4860    27.1411 8.5392e-02      0.018  299.10862     0.0584    98.5499     3.7155     0.8014      6.558 1.0000e-12      25607         19 0.0000e+00
    727.225   20.28080 -106.20886    733.000     6.3009     6.3013     6.2340    34.5317    34.5389  1030.4936    27.1438 8.4296e-02      0.034  299.22230     0.0578    98.5644     3.7154     0.8009      6.558 1.0000e-12      25627         22 0.0000e+00
    728.215   20.28080 -106.20886    734.000     6.2979     6.2978     6.2308    34.5315    34.5388  1030.4984    27.1441 8.4983e-02      0.053  299.24390     0.0581    98.5573     3.7154     0.8004      6.558 1.0000e-12      25651         28 0.0000e+00
    729.205   20.28080 -106.20886    735.000     6.2972     6.2974     6.2301    34.5311    34.5384  1030.5028    27.1439 8.4010e-02      0.066  299.24924     0.0581    98.5581     3.7153     0.8002      6.560 1.0000e-12      25687         38 0.0000e+00
    730.196   20.28080 -106.20886    736.000     6.2973     6.2976     6.2301    34.5311    34.5384  1030.5072    27.1438 8.5814e-02      0.032  299.24857     0.0592    98.5319     3.7152     0.8000      6.562 1.0000e-12      25719         27 0.0000e+00
    731.186   20.28080 -106.20886    737.000     6.2975     6.2976     6.2302    34.5309    34.5382  1030.5116    27.1437 8.7246e-02      0.028  299.24785     0.0587    98.5448     3.7152     0.8004      6.563 1.0000e-12      25743         22 0.0000e+00
    732.176   20.28080 -106.20886    738.000     6.2938     6.2937     6.2264    34.5307    34.5380  1030.5165    27.1440 8.5471e-02      0.079  299.27374     0.0587    98.5437     3.7155     0.7996      6.563 1.0000e-12      25765         22 0.0000e+00
    733.167   20.28080 -106.20886    739.000     6.2821     6.2819     6.2147    34.5307    34.5379  1030.5228    27.1455 8.4955e-02      0.073  299.35466     0.0583    98.5520     3.7153     0.7989      6.563 1.0000e-12      25787         21 0.0000e+00
    734.157   20.28080 -106.20886    740.000     6.2693     6.2699     6.2018    34.5305    34.5380  1030.5291    27.1471 8.4104e-02      0.034  299.44351     0.0577    98.5675     3.7155     0.7983      6.563 1.0000e-12      25811         26 0.0000e+00
    735.147   20.28080 -106.20886    741.000     6.2642     6.2644     6.1967    34.5305    34.5378  1030.5343    27.1477 8.4517e-02      0.034  299.47845     0.0581    98.5572     3.7153     0.7978      6.563 1.0000e-12      25837         27 0.0000e+00
    736.138   20.28080 -106.20886    742.000     6.2631     6.2632     6.1955    34.5303    34.5375  1030.5389    27.1477 8.6151e-02      0.062  299.48688     0.0582    98.5552     3.7153     0.7977      6.563 1.0000e-12      25866         35 0.0000e+00
    737.128   20.28080 -106.20886    743.000     6.2649     6.2672     6.1972    34.5302    34.5374  1030.5431    27.1474 8.5244e-02      0.045  299.47421     0.0583    98.5534     3.7150     0.7984      6.565 1.0000e-12      25923         86 0.0000e+00
    738.119   20.28080 -106.20886    744.000     6.2858     6.2819     6.2178    34.5294    34.5366  1030.5439    27.1440 8.4452e-02      0.046  299.33198     0.0595    98.5239     3.7143     0.8001      6.571 1.0000e-12      26128        291 0.0000e+00
    739.109   20.28080 -106.20886    745.000     6.2659     6.2641     6.1980    34.5292    34.5364  1030.5512    27.1465 8.4819e-02      0.076  299.46936     0.0579    98.5618     3.7145     0.7992      6.575 1.0000e-12      26285         45 0.0000e+00
    740.099   20.28080 -106.20886    746.000     6.2466     6.2468     6.1788    34.5295    34.5367  1030.5588    27.1492 8.5967e-02      0.031  299.60243     0.0582    98.5552     3.7148     0.7975      6.577 1.0000e-12      26339         63 0.0000e+00
    741.090   20.28080 -106.20886    747.000     6.2387     6.2385     6.1708    34.5292    34.5364  1030.5642    27.1500 8.4005e-02      0.070  299.65809     0.0585    98.5491     3.7150     0.7972      6.577 1.0000e-12      26411         63 0.0000e+00
    742.080   20.28080 -106.20886    748.000     6.2293     6.2296     6.1614    34.5292    34.5365  1030.5702    27.1512 8.4576e-02      0.053  299.72275     0.0586    98.5453     3.7151     0.7959      6.580 1.0000e-12      26455         35 0.0000e+00
    743.070   20.28080 -106.20886    749.000     6.2254     6.2257     6.1573    34.5291    34.5364  1030.5752    27.1516 8.5093e-02      0.047  299.75027     0.0581    98.5570     3.7152     0.7954      6.581 1.0000e-12      26494         50 0.0000e+00
    744.060   20.28080 -106.20886    750.000     6.2241     6.2244     6.1560    34.5288    34.5362  1030.5797    27.1516 8.5317e-02      0.042  299.75966     0.0584    98.5514     3.7149     0.7960      6.582 1.0000e-12      26577         91 0.0000e+00
    745.051   20.28080 -106.20886    751.000     6.2238     6.2241     6.1556    34.5289    34.5362  1030.5844    27.1517 8.2883e-02      0.060  299.76148     0.0582    98.5556     3.7149     0.7953      6.586 1.0000e-12      26634         37 0.0000e+00
    746.041   20.28080 -106.20886    752.000     6.2221     6.2223     6.1537    34.5289    34.5362  1030.5891    27.1519 8.4461e-02      0.031  299.77391     0.0576    98.5686     3.7154     0.7945      6.587 1.0000e-12      26666         32 0.0000e+00
    747.031   20.28080 -106.20886    753.000     6.2175     6.2177     6.1490    34.5288    34.5361  1030.5943    27.1524 8.5524e-02      0.047  299.80603     0.0576    98.5707     3.7155     0.7943      6.587 1.0000e-12      26702         42 0.0000e+00
    748.022   20.28080 -106.20886    754.000     6.2127     6.2130     6.1442    34.5288    34.5361  1030.5995    27.1531 8.6200e-02      0.045  299.83908     0.0581    98.5569     3.7154     0.7941      6.587 1.0000e-12      26751         51 0.0000e+00
    749.012   20.28080 -106.20886    755.000     6.2107     6.2110     6.1421    34.5288    34.5361  1030.6043    27.1533 8.4025e-02      0.045  299.85304     0.0578    98.5650     3.7153     0.7935      6.588 1.0000e-12      26796         42 0.0000e+00
    750.002   20.28080 -106.20886    756.000     6.2077     6.2081     6.1391    34.5287    34.5360  1030.6092    27.1536 8.5593e-02      0.062  299.87369     0.0580    98.5605     3.7154     0.7934      6.590 1.0000e-12      26842         50 0.0000e+00
    750.992   20.28080 -106.20886    757.000     6.1956     6.1965     6.1270    34.5277    34.5352  1030.6147    27.1544 8.5476e-02      0.044  299.95951     0.0584    98.5518     3.7143     0.7930      6.651 1.0000e-12      28276       1693 0.0000e+00
