data/ctd-cnv/SKQ1617/SKQ1617-St15-P1/skq201617s-020avg.cnv
* Sea-Bird SBE 9 Data File:
* FileName = D:\CTD\SKQ201617S\SKQ201617S-020.hex
* Software Version Seasave V 7.22.5
* Temperature SN = 5773
* Conductivity SN = 2251
* Number of Bytes Per Scan = 37
* Number of Voltage Words = 4
* Number of Scans Averaged by the Deck Unit = 1
* NMEA Latitude = 20 10.70 N
* NMEA Longitude = 106 02.78 W
* NMEA UTC (Time) = Jan 02 2017  08:09:01
* NMEA baud rate = 4800
** Ship: R/V Sikuliaq
** Station Number: 020
** Station Name: Station 16
** Depth: 2465 m
** Operator: CAF
** UVP, zooplankton, Nicole incubations
# nquan = 23
# nvalues = 200                         
# units = specified
# name 0 = depSM: Depth [salt water, m]
# name 1 = latitude: Latitude [deg]
# name 2 = longitude: Longitude [deg]
# name 3 = prDM: Pressure, Digiquartz [db]
# name 4 = t090C: Temperature [ITS-90, deg C]
# name 5 = t190C: Temperature, 2 [ITS-90, deg C]
# name 6 = potemp090C: Potential Temperature [ITS-90, deg C]
# name 7 = sal00: Salinity, Practical [PSU]
# name 8 = sal11: Salinity, Practical, 2 [PSU]
# name 9 = density00: Density [density, kg/m^3]
# name 10 = sigma-t00: Density [sigma-t, kg/m^3 ]
# name 11 = flSP: Fluorescence, Seapoint
# name 12 = sbox0Mm/Kg: Oxygen, SBE 43 [umol/kg]
# name 13 = oxsolMm/Kg: Oxygen Saturation, Garcia & Gordon [umol/kg]
# name 14 = CStarAt0: Beam Attenuation, WET Labs C-Star [1/m]
# name 15 = CStarTr0: Beam Transmission, WET Labs C-Star [%]
# name 16 = v2: Voltage 2
# name 17 = v3: Voltage 3
# name 18 = ph: pH
# name 19 = par: PAR/Irradiance, Biospherical/Licor
# name 20 = scan: Scan Count
# name 21 = nbin: number of scans per bin
# name 22 = flag: flag
# span 0 =      2.981,    200.666       
# span 1 =   20.17788,   20.17821       
# span 2 = -106.04776, -106.04690       
# span 3 =      3.000,    202.000       
# span 4 =    12.3297,    25.8943       
# span 5 =    12.3283,    25.8958       
# span 6 =    12.3030,    25.8922       
# span 7 =    34.5089,    34.8090       
# span 8 =    34.5190,    34.8177       
# span 9 =  1022.8319,  1027.2641       
# span 10 =    22.8152,    26.3625      
# span 11 = 7.5178e-02, 6.9644e+00      
# span 12 =      0.146,    200.306      
# span 13 =  204.15856,  261.85713      
# span 14 =     0.0595,     0.6117      
# span 15 =    85.8187,    98.5238      
# span 16 =     1.4340,     3.7300      
# span 17 =     1.2454,     2.2449      
# span 18 =      7.769,      8.338      
# span 19 = -6.680e-08, 5.9004e-01      
# span 20 =       -277,      11884      
# span 21 =         29,        228      
# span 22 = 0.0000e+00, 0.0000e+00      
# interval = decibars: 1                
# start_time = Jan 02 2017 08:09:01 [NMEA time, header]
# bad_flag = -9.990e-29
*END*
[from data line 63]
     65.586   20.17810 -106.04734     66.000    16.3509    16.3854    16.3404    34.6451    34.6451  1025.6855    25.3940 2.4743e-01      9.251  241.95963     0.1217    97.0021     3.4509     1.5726      7.853 7.0306e-03       4857         64 0.0000e+00
     66.579   20.17810 -106.04734     67.000    16.1815    16.1795    16.1709    34.6450    34.6546  1025.7290    25.4329 2.1767e-01     10.191  242.75037     0.1197    97.0522     3.4718     1.5674      7.849 7.0217e-03       4911         46 0.0000e+00
     67.573   20.17810 -106.04734     68.000    16.0363    16.0331    16.0256    34.6474    34.6527  1025.7687    25.4681 2.2932e-01     10.746  243.42674     0.1191    97.0658     3.4847     1.5541      7.848 7.0773e-03       4967         60 0.0000e+00
     68.566   20.17810 -106.04734     69.000    16.0462    16.0461    16.0353    34.6432    34.6523  1025.7676    25.4626 2.1204e-01     12.086  243.38708     0.1195    97.0565     3.4781     1.5476      7.844 7.0515e-03       5016         36 0.0000e+00
     69.560   20.17810 -106.04734     70.000    16.0593    16.0593    16.0483    34.6486    34.6579  1025.7732    25.4637 2.0906e-01     11.331  243.31650     0.1204    97.0359     3.4934     1.5442      7.843 7.0521e-03       5052         41 0.0000e+00
     70.554   20.17808 -106.04734     71.000    16.0556    16.0552    16.0444    34.6564    34.6662  1025.7845    25.4706 2.1042e-01      9.500  243.32082     0.1211    97.0186     3.5062     1.5455      7.840 6.9741e-03       5105         56 0.0000e+00
     71.547   20.17808 -106.04735     72.000    15.9726    15.9716    15.9613    34.6654    34.6751  1025.8148    25.4964 1.9545e-01      8.423  243.69641     0.1184    97.0830     3.5268     1.5409      7.836 6.9851e-03       5152         42 0.0000e+00
     72.541   20.17808 -106.04736     73.000    15.9625    15.9624    15.9510    34.6653    34.6752  1025.8215    25.4987 2.0311e-01      7.131  243.74430     0.1213    97.0141     3.5555     1.5388      7.834 6.5882e-03       5204         60 0.0000e+00
     73.534   20.17808 -106.04736     74.000    15.9347    15.9381    15.9231    34.6598    34.6696  1025.8281    25.5008 1.9266e-01      7.414  243.88436     0.1182    97.0886     3.5586     1.5375      7.834 6.1351e-03       5259         45 0.0000e+00
     74.528   20.17808 -106.04736     75.000    15.7978    15.7967    15.7862    34.6883    34.6986  1025.8856    25.5538 1.6501e-01      7.891  244.48414     0.1174    97.1081     3.5670     1.5304      7.832 6.3030e-03       5301         43 0.0000e+00
     75.521   20.17808 -106.04736     76.000    15.7874    15.7865    15.7755    34.6902    34.6995  1025.8939    25.5576 1.6448e-01      5.150  244.53079     0.1155    97.1536     3.6036     1.5245      7.828 6.2979e-03       5349         52 0.0000e+00
     76.515   20.17808 -106.04736     77.000    15.7826    15.7822    15.7706    34.6899    34.6993  1025.8992    25.5585 1.6352e-01      4.282  244.55396     0.1152    97.1616     3.6221     1.5226      7.825 5.8649e-03       5398         47 0.0000e+00
     77.508   20.17808 -106.04737     78.000    15.7789    15.7786    15.7667    34.6895    34.6988  1025.9041    25.5590 1.6151e-01      4.443  244.57210     0.1162    97.1370     3.6290     1.5206      7.825 5.7745e-03       5445         46 0.0000e+00
     78.502   20.17808 -106.04738     79.000    15.7739    15.7738    15.7616    34.6891    34.6986  1025.9094    25.5599 1.6082e-01      4.391  244.59650     0.1157    97.1489     3.6315     1.5188      7.825 5.8699e-03       5493         51 0.0000e+00
     79.495   20.17807 -106.04738     80.000    15.7573    15.7566    15.7448    34.6907    34.7002  1025.9188    25.5648 1.5635e-01      4.311  244.67250     0.1144    97.1816     3.6322     1.5184      7.825 5.7444e-03       5542         45 0.0000e+00
     80.489   20.17806 -106.04738     81.000    15.7346    15.7350    15.7220    34.6905    34.7054  1025.9282    25.5698 1.5375e-01      4.167  244.78069     0.1139    97.1938     3.6370     1.5163      7.823 5.7776e-03       5590         55 0.0000e+00
     81.482   20.17806 -106.04738     82.000    15.7234    15.7295    15.7106    34.6985    34.7046  1025.9414    25.5785 1.5134e-01      3.426  244.82055     0.0960    97.6288     3.6390     1.5181      7.821 5.6430e-03       5653         59 0.0000e+00
     82.476   20.17806 -106.04738     83.000    15.7018    15.7015    15.6889    34.6986    34.7081  1025.9507    25.5834 1.4459e-01      3.296  244.92332     0.0810    97.9958     3.6463     1.5141      7.821 5.5862e-03       5700         43 0.0000e+00
     83.469   20.17806 -106.04738     84.000    15.6835    15.6827    15.6705    34.6996    34.7091  1025.9600    25.5883 1.4147e-01      3.181  245.00830     0.0665    98.3504     3.6560     1.5113      7.821 5.6104e-03       5738         34 0.0000e+00
     84.463   20.17806 -106.04740     85.000    15.5946    15.5928    15.5815    34.7170    34.7267  1025.9980    25.6217 1.3751e-01      3.092  245.40315     0.0595    98.5238     3.6654     1.5069      7.818 5.6157e-03       5775         39 0.0000e+00
     85.456   20.17806 -106.04740     86.000    15.4824    15.4700    15.4692    34.7276    34.7380  1026.0359    25.6550 1.5261e-01      1.608  245.92250     0.0624    98.4531     3.6811     1.5051      7.815 5.5537e-03       5825         57 0.0000e+00
     86.449   20.17806 -106.04740     87.000    15.2425    15.2355    15.2292    34.7431    34.7496  1026.1060    25.7204 2.3036e-01      1.108  247.05167     0.0730    98.1927     3.6876     1.4952      7.811 5.5041e-03       5884         65 0.0000e+00
     87.443   20.17806 -106.04740     88.000    15.2397    15.1450    15.2264    34.7317    34.7500  1026.1022    25.7122 3.0331e-01      0.963  247.08524     0.1326    96.7387     3.7050     1.4833      7.809 5.2348e-03       5955         54 0.0000e+00
     88.436   20.17804 -106.04740     89.000    15.0524    15.0525    15.0390    34.7455    34.7542  1026.1589    25.7642 3.1243e-01      1.276  247.96990     0.1311    96.7755     3.7126     1.4715      7.809 5.3646e-03       5990         29 0.0000e+00
     89.430   20.17804 -106.04740     90.000    14.9920    14.9898    14.9784    34.7494    34.7584  1026.1797    25.7805 3.5630e-01      0.885  248.25815     0.1117    97.2467     3.7169     1.4652      7.809 5.1144e-03       6021         36 0.0000e+00
     90.423   20.17804 -106.04741     91.000    14.9061    14.8563    14.8924    34.7529    34.7700  1026.2057    25.8020 4.5520e-01      0.741  248.67267     0.0759    98.1203     3.7178     1.4631      7.809 5.0375e-03       6070         55 0.0000e+00
     91.417   20.17804 -106.04742     92.000    14.7071    14.7040    14.6934    34.7663    34.7754  1026.2641    25.8556 6.6460e-01      0.839  249.62728     0.1142    97.1861     3.7183     1.4511      7.807 4.5865e-03       6115         38 0.0000e+00
     92.410   20.17804 -106.04742     93.000    14.6651    14.6649    14.6513    34.7725    34.7796  1026.2824    25.8695 7.5481e-01      0.848  249.82391     0.1029    97.4601     3.7200     1.4433      7.805 4.5019e-03       6160         58 0.0000e+00
     93.404   20.17804 -106.04742     94.000    14.6762    14.6126    14.6622    34.7652    34.7782  1026.2788    25.8614 7.5099e-01      0.672  249.78284     0.1017    97.4895     3.7193     1.4419      7.805 4.3930e-03       6232         67 0.0000e+00
     94.397   20.17804 -106.04742     95.000    14.4397    14.4379    14.4257    34.7742    34.7827  1026.3415    25.9193 6.9206e-01      0.784  250.93974     0.1359    96.6608     3.7199     1.4311      7.804 4.3192e-03       6282         44 0.0000e+00
     95.391   20.17804 -106.04742     96.000    14.4054    14.4039    14.3913    34.7743    34.7828  1026.3534    25.9267 6.9713e-01      0.713  251.11058     0.1359    96.6604     3.7216     1.4223      7.801 4.3186e-03       6327         44 0.0000e+00
     96.384   20.17804 -106.04742     97.000    14.3797    14.3791    14.3655    34.7744    34.7832  1026.3635    25.9323 6.7403e-01      0.702  251.23858     0.1348    96.6855     3.7218     1.4173      7.801 4.2512e-03       6368         35 0.0000e+00
     97.377   20.17804 -106.04744     98.000    14.3681    14.3677    14.3537    34.7742    34.7829  1026.3702    25.9346 6.7606e-01      0.682  251.29687     0.1353    96.6741     3.7224     1.4135      7.801 4.2551e-03       6401         37 0.0000e+00
     98.371   20.17804 -106.04744     99.000    14.3589    14.3509    14.3444    34.7756    34.7836  1026.3778    25.9377 6.9893e-01      0.616  251.34010     0.1359    96.6590     3.7218     1.4133      7.801 4.2134e-03       6450         64 0.0000e+00
     99.364   20.17804 -106.04744    100.000    14.3149    14.3124    14.3003    34.7753    34.7842  1026.3914    25.9468 6.8616e-01      0.576  251.56099     0.1357    96.6648     3.7216     1.4131      7.801 4.1437e-03       6509         50 0.0000e+00
    100.357   20.17802 -106.04744    101.000    14.2506    14.2448    14.2359    34.7825    34.7914  1026.4152    25.9661 6.7557e-01      0.574  251.87070     0.1352    96.6762     3.7216     1.4117      7.800 3.8279e-03       6566         62 0.0000e+00
    101.351   20.17802 -106.04744    102.000    14.1877    14.1871    14.1729    34.7815    34.7903  1026.4323    25.9786 6.2828e-01      0.586  252.18864     0.1352    96.6758     3.7209     1.4071      7.797 3.7795e-03       6620         44 0.0000e+00
    102.344   20.17802 -106.04744    103.000    14.1545    14.1539    14.1396    34.7822    34.7912  1026.4443    25.9862 6.0827e-01      0.571  252.35409     0.1352    96.6763     3.7215     1.4003      7.797 3.4387e-03       6660         39 0.0000e+00
    103.338   20.17802 -106.04746    104.000    14.1296    14.1289    14.1145    34.7828    34.7919  1026.4546    25.9919 5.9948e-01      0.579  252.47880     0.1347    96.6875     3.7218     1.3960      7.797 3.5441e-03       6702         41 0.0000e+00
    104.331   20.17802 -106.04746    105.000    14.0938    14.0935    14.0787    34.7844    34.7935  1026.4679    26.0007 5.8378e-01      0.579  252.65640     0.1370    96.6341     3.7228     1.3920      7.797 3.2247e-03       6743         42 0.0000e+00
    105.324   20.17802 -106.04746    106.000    14.0796    14.0766    14.0643    34.7869    34.7959  1026.4773    26.0057 5.8381e-01      0.575  252.72367     0.1359    96.6593     3.7224     1.3909      7.797 3.1040e-03       6798         63 0.0000e+00
    106.318   20.17802 -106.04746    107.000    14.0613    14.0610    14.0458    34.7846    34.7934  1026.4838    26.0077 5.6058e-01      0.562  252.82044     0.1346    96.6912     3.7217     1.3893      7.796 2.9215e-03       6853         48 0.0000e+00
    107.311   20.17802 -106.04746    108.000    14.0389    14.0384    14.0234    34.7851    34.7940  1026.4934    26.0128 5.4593e-01      0.534  252.93245     0.1345    96.6936     3.7226     1.3875      7.795 2.9510e-03       6901         47 0.0000e+00
    108.305   20.17802 -106.04748    109.000    14.0140    14.0136    13.9983    34.7863    34.7952  1026.5040    26.0190 5.2610e-01      0.552  253.05676     0.1340    96.7051     3.7230     1.3847      7.787 2.8930e-03       6947         47 0.0000e+00
    109.298   20.17802 -106.04748    110.000    14.0035    14.0032    13.9876    34.7864    34.7952  1026.5108    26.0212 5.1645e-01      0.500  253.10988     0.1338    96.7115     3.7228     1.3826      7.787 2.8618e-03       6996         47 0.0000e+00
    110.291   20.17801 -106.04748    111.000    13.9836    13.9832    13.9677    34.7864    34.7955  1026.5194    26.0254 4.9788e-01      0.438  253.21032     0.1331    96.7274     3.7238     1.3801      7.793 2.8255e-03       7036         37 0.0000e+00
    111.285   20.17800 -106.04748    112.000    13.9541    13.9539    13.9380    34.7884    34.7974  1026.5317    26.0332 4.8124e-01      0.475  253.35641     0.1326    96.7408     3.7237     1.3777      7.793 2.8611e-03       7077         46 0.0000e+00
    112.278   20.17800 -106.04748    113.000    13.9416    13.9413    13.9254    34.7895    34.7986  1026.5396    26.0367 4.8115e-01      0.476  253.41819     0.1329    96.7329     3.7232     1.3777      7.793 2.8388e-03       7133         60 0.0000e+00
    113.271   20.17800 -106.04749    114.000    13.9313    13.9314    13.9149    34.7890    34.7980  1026.5458    26.0384 4.6637e-01      0.436  253.47135     0.1335    96.7175     3.7229     1.3776      7.793 2.7816e-03       7189         52 0.0000e+00
    114.265   20.17800 -106.04750    115.000    13.9150    13.9149    13.8985    34.7904    34.7994  1026.5548    26.0429 4.5190e-01      0.461  253.55166     0.1330    96.7290     3.7232     1.3748      7.793 2.7155e-03       7238         47 0.0000e+00
    115.258   20.17800 -106.04750    116.000    13.8985    13.8977    13.8819    34.7914    34.8004  1026.5635    26.0471 4.4475e-01      0.437  253.63358     0.1324    96.7449     3.7228     1.3732      7.792 2.5014e-03       7291         54 0.0000e+00
    116.251   20.17800 -106.04750    117.000    13.8621    13.8614    13.8453    34.7917    34.8009  1026.5759    26.0550 4.1139e-01      0.460  253.81856     0.1324    96.7446     3.7233     1.3697      7.791 2.3371e-03       7336         37 0.0000e+00
    117.245   20.17800 -106.04750    118.000    13.8367    13.8365    13.8199    34.7928    34.8018  1026.5866    26.0612 4.0273e-01      0.452  253.94570     0.1326    96.7387     3.7241     1.3671      7.790 1.9192e-03       7374         42 0.0000e+00
    118.238   20.17800 -106.04750    119.000    13.8105    13.8093    13.7935    34.7930    34.8025  1026.5967    26.0668 3.9598e-01      0.446  254.07898     0.1323    96.7475     3.7240     1.3663      7.789 1.9552e-03       7427         55 0.0000e+00
    119.231   20.17800 -106.04750    120.000    13.7226    13.7194    13.7056    34.7991    34.8075  1026.6243    26.0898 3.4291e-01      0.439  254.51737     0.1302    96.7969     3.7238     1.3627      7.789 1.7925e-03       7481         57 0.0000e+00
    120.224   20.17800 -106.04752    121.000    13.6919    13.6932    13.6747    34.7967    34.8056  1026.6333    26.0943 3.1972e-01      0.445  254.67890     0.1306    96.7887     3.7233     1.3603      7.789 1.4766e-03       7541         48 0.0000e+00
    121.218   20.17800 -106.04752    122.000    13.6738    13.6734    13.6565    34.7963    34.8053  1026.6413    26.0977 3.0110e-01      0.444  254.77258     0.1303    96.7943     3.7247     1.3549      7.789 1.5210e-03       7578         30 0.0000e+00
    122.211   20.17800 -106.04752    123.000    13.6671    13.6686    13.6497    34.7972    34.8058  1026.6478    26.0998 3.1023e-01      0.445  254.80503     0.1308    96.7842     3.7253     1.3533      7.788 1.5007e-03       7617         54 0.0000e+00
    123.204   20.17799 -106.04752    124.000    13.6376    13.6368    13.6201    34.7976    34.8057  1026.6587    26.1062 2.8608e-01      0.445  254.95565     0.1302    96.7980     3.7247     1.3530      7.787 1.4101e-03       7674         48 0.0000e+00
    124.198   20.17798 -106.04752    125.000    13.6206    13.6105    13.6029    34.7981    34.8076  1026.6670    26.1101 2.6574e-01      0.431  255.04261     0.1306    96.7887     3.7251     1.3500      7.786 1.2906e-03       7727         77 0.0000e+00
    125.191   20.17798 -106.04752    126.000    13.5781    13.5774    13.5604    34.7973    34.8063  1026.6797    26.1182 2.4784e-01      0.460  255.26227     0.1348    96.6852     3.7250     1.3471      7.785 1.2084e-03       7794         37 0.0000e+00
    126.184   20.17798 -106.04752    127.000    13.5585    13.5585    13.5406    34.7982    34.8070  1026.6890    26.1230 2.4744e-01      0.415  255.36169     0.1299    96.8055     3.7256     1.3439      7.785 1.2840e-03       7827         37 0.0000e+00
