data/ctd-cnv/SKQ1617/SKQ1617-St15-P1/skq201617s-029avg.cnv
* Sea-Bird SBE 9 Data File:
* FileName = D:\CTD\SKQ201617S\SKQ201617S-029.hex
* Software Version Seasave V 7.22.5
* Temperature SN = 5773
* Conductivity SN = 2251
* Number of Bytes Per Scan = 37
* Number of Voltage Words = 4
* Number of Scans Averaged by the Deck Unit = 1
* NMEA Latitude = 20 16.85 N
* NMEA Longitude = 106 12.53 W
* NMEA UTC (Time) = Jan 05 2017  19:04:28
* NMEA baud rate = 4800
** Ship: R/V Sikuliaq
** Station Number: 029
** Station Name: Station 15
** Depth: 3090
** Operator: RML
# nquan = 23
# nvalues = 755                         
# units = specified
# name 0 = depSMignore: Depth [salt water, m]
# name 1 = latitude: Latitude [deg]
# name 2 = longitude: Longitude [deg]
# name 3 = prDM: Pressure, Digiquartz [db]
# name 4 = t090C: Temperature [ITS-90, deg C]
# name 5 = t190C: Temperature, 2 [ITS-90, deg C]
# name 6 = potemp090C: Potential Temperature [ITS-90, deg C]
# name 7 = sal00: Salinity, Practical [PSU]
# name 8 = sal11: Salinity, Practical, 2 [PSU]
# name 9 = density00: Density [density, kg/m^3]
# name 10 = sigma-t00: Density [sigma-t, kg/m^3 ]
# name 11 = flSP: Fluorescence, Seapoint
# name 12 = sbox0Mm/Kg: Oxygen, SBE 43 [umol/kg]
# name 13 = oxsolMm/Kg: Oxygen Saturation, Garcia & Gordon [umol/kg]
# name 14 = CStarAt0: Beam Attenuation, WET Labs C-Star [1/m]
# name 15 = CStarTr0: Beam Transmission, WET Labs C-Star [%]
# name 16 = v2: Voltage 2
# name 17 = v3: Voltage 3
# name 18 = ph: pH
# name 19 = par: PAR/Irradiance, Biospherical/Licor
# name 20 = scan: Scan Count
# name 21 = nbin: number of scans per bin
# name 22 = flag: flag
# span 0 =      2.982,    750.992       
# span 1 =   20.28078,   20.28080       
# span 2 = -106.20886, -106.20885       
# span 3 =      3.000,    757.000       
# span 4 =     6.1956,    26.2463       
# span 5 =     6.1965,    26.2463       
# span 6 =     6.1270,    26.2454       
# span 7 =    34.5277,    34.8211       
# span 8 =    34.5352,    34.8288       
# span 9 =  1022.7249,  1030.6147       
# span 10 =    22.7077,    27.1544      
# span 11 = 6.8573e-02, 5.0732e+00      
# span 12 =     -0.026,    199.292      
# span 13 =  202.97450,  299.95951      
# span 14 =     0.0576,     0.5027      
# span 15 =    88.1928,    98.5707      
# span 16 =     1.4169,     3.7155      
# span 17 =     0.7930,     2.2685      
# span 18 =      6.478,      6.923      
# span 19 = 1.0000e-12, 2.4293e+03      
# span 20 =       2037,      28276      
# span 21 =         16,       4336      
# span 22 = 0.0000e+00, 0.0000e+00      
# interval = decibars: 1                
# start_time = Jan 05 2017 19:04:28 [NMEA time, header]
# bad_flag = -9.990e-29
*END*
[from data line 630]
    628.163   20.28080 -106.20886    633.000     6.8594     6.8595     6.7994    34.5386    34.5458  1029.9626    27.0746 8.2525e-02      0.083  295.39595     0.0597    98.5206     3.7142     0.8416      6.482 1.0000e-12      23216         19 0.0000e+00
    629.154   20.28080 -106.20886    634.000     6.8591     6.8594     6.7989    34.5383    34.5455  1029.9670    27.0745 8.0899e-02      0.044  295.39869     0.0595    98.5235     3.7143     0.8409      6.482 1.0000e-12      23237         22 0.0000e+00
    630.145   20.28080 -106.20886    635.000     6.8588     6.8592     6.7986    34.5380    34.5453  1029.9713    27.0742 8.1789e-02      0.059  295.40119     0.0587    98.5447     3.7141     0.8407      6.482 1.0000e-12      23259         24 0.0000e+00
    631.136   20.28080 -106.20886    636.000     6.8587     6.8589     6.7984    34.5378    34.5450  1029.9757    27.0741 8.3035e-02      0.029  295.40237     0.0588    98.5411     3.7142     0.8406      6.482 1.0000e-12      23285         28 0.0000e+00
    632.127   20.28080 -106.20886    637.000     6.8585     6.8587     6.7980    34.5377    34.5450  1029.9802    27.0741 8.2929e-02      0.118  295.40423     0.0595    98.5243     3.7141     0.8405      6.482 1.0000e-12      23312         25 0.0000e+00
    633.117   20.28080 -106.20886    638.000     6.8572     6.8586     6.7967    34.5374    34.5447  1029.9847    27.0740 8.1306e-02      0.130  295.41332     0.0596    98.5234     3.7143     0.8402      6.483 1.0000e-12      23337         24 0.0000e+00
    634.108   20.28080 -106.20886    639.000     6.8501     6.8508     6.7895    34.5375    34.5448  1029.9903    27.0750 8.2188e-02      0.033  295.46121     0.0621    98.4603     3.7142     0.8401      6.484 1.0000e-12      23361         25 0.0000e+00
    635.099   20.28080 -106.20886    640.000     6.8452     6.8455     6.7845    34.5376    34.5449  1029.9957    27.0758 8.3531e-02      0.021  295.49399     0.0593    98.5299     3.7143     0.8395      6.485 1.0000e-12      23386         27 0.0000e+00
    636.090   20.28080 -106.20886    641.000     6.8426     6.8428     6.7818    34.5374    34.5447  1030.0005    27.0760 8.1490e-02      0.080  295.51198     0.0587    98.5447     3.7142     0.8393      6.486 1.0000e-12      23415         29 0.0000e+00
    637.081   20.28080 -106.20886    642.000     6.8410     6.8411     6.7802    34.5373    34.5447  1030.0052    27.0761 8.1680e-02      0.032  295.52291     0.0585    98.5475     3.7141     0.8393      6.486 1.0000e-12      23444         27 0.0000e+00
    638.071   20.28080 -106.20886    643.000     6.8400     6.8400     6.7790    34.5371    34.5444  1030.0097    27.0761 8.3630e-02      0.090  295.53021     0.0586    98.5450     3.7143     0.8392      6.487 1.0000e-12      23469         23 0.0000e+00
    639.062   20.28080 -106.20886    644.000     6.8376     6.8378     6.7765    34.5371    34.5445  1030.0146    27.0765 8.3009e-02      0.081  295.54646     0.0589    98.5380     3.7143     0.8386      6.487 1.0000e-12      23490         18 0.0000e+00
    640.053   20.28080 -106.20886    645.000     6.8358     6.8359     6.7747    34.5371    34.5444  1030.0194    27.0767 8.1892e-02      0.030  295.55850     0.0587    98.5431     3.7142     0.8385      6.487 1.0000e-12      23509         19 0.0000e+00
    641.044   20.28080 -106.20886    646.000     6.8341     6.8343     6.7730    34.5372    34.5445  1030.0242    27.0770 8.3891e-02      0.076  295.56938     0.0593    98.5301     3.7142     0.8384      6.487 1.0000e-12      23528         20 0.0000e+00
    642.035   20.28080 -106.20886    647.000     6.8319     6.8321     6.7706    34.5369    34.5443  1030.0289    27.0771 8.2769e-02      0.074  295.58518     0.0588    98.5414     3.7143     0.8380      6.487 1.0000e-12      23549         24 0.0000e+00
    643.025   20.28080 -106.20886    648.000     6.8279     6.8282     6.7665    34.5370    34.5443  1030.0341    27.0777 8.5719e-02      0.032  295.61213     0.0590    98.5377     3.7141     0.8379      6.487 1.0000e-12      23576         29 0.0000e+00
    644.016   20.28080 -106.20886    649.000     6.8212     6.8220     6.7598    34.5368    34.5442  1030.0395    27.0785 9.3499e-02      0.065  295.65757     0.0589    98.5385     3.7142     0.8377      6.487 1.0000e-12      23606         29 0.0000e+00
    645.007   20.28080 -106.20886    650.000     6.8162     6.8166     6.7547    34.5367    34.5440  1030.0447    27.0791 8.5402e-02      0.032  295.69169     0.0586    98.5461     3.7142     0.8375      6.490 1.0000e-12      23632         24 0.0000e+00
    645.998   20.28080 -106.20886    651.000     6.8114     6.8116     6.7498    34.5367    34.5440  1030.0499    27.0797 8.5816e-02      0.097  295.72401     0.0586    98.5459     3.7140     0.8368      6.491 1.0000e-12      23655         21 0.0000e+00
    646.988   20.28080 -106.20886    652.000     6.7964     6.7985     6.7348    34.5368    34.5441  1030.0568    27.0819 8.6078e-02      0.081  295.82494     0.0589    98.5390     3.7143     0.8362      6.492 1.0000e-12      23676         22 0.0000e+00
    647.979   20.28080 -106.20886    653.000     6.7898     6.7897     6.7281    34.5371    34.5445  1030.0626    27.0830 8.6316e-02      0.091  295.86910     0.0587    98.5427     3.7143     0.8359      6.492 1.0000e-12      23699         23 0.0000e+00
    648.970   20.28080 -106.20886    654.000     6.7849     6.7855     6.7231    34.5372    34.5445  1030.0679    27.0837 8.5626e-02      0.160  295.90223     0.0585    98.5484     3.7143     0.8349      6.492 1.0000e-12      23722         24 0.0000e+00
    649.961   20.28080 -106.20886    655.000     6.7840     6.7843     6.7222    34.5369    34.5443  1030.0724    27.0836 8.3656e-02      0.017  295.90896     0.0585    98.5484     3.7143     0.8349      6.492 1.0000e-12      23747         25 0.0000e+00
    650.951   20.28080 -106.20886    656.000     6.7728     6.7730     6.7109    34.5367    34.5440  1030.0784    27.0849 8.4531e-02     -0.014  295.98549     0.0587    98.5444     3.7143     0.8345      6.492 1.0000e-12      23773         26 0.0000e+00
    651.942   20.28080 -106.20886    657.000     6.7514     6.7517     6.6895    34.5375    34.5448  1030.0867    27.0885 8.4930e-02      0.087  296.12863     0.0597    98.5182     3.7143     0.8335      6.492 1.0000e-12      23799         27 0.0000e+00
    652.933   20.28080 -106.20886    658.000     6.7454     6.7458     6.6834    34.5377    34.5449  1030.0923    27.0894 8.2382e-02      0.086  296.16891     0.0596    98.5224     3.7143     0.8325      6.492 1.0000e-12      23826         26 0.0000e+00
    653.924   20.28080 -106.20886    659.000     6.7437     6.7442     6.6816    34.5375    34.5447  1030.0970    27.0895 8.5165e-02      0.093  296.18056     0.0592    98.5321     3.7142     0.8324      6.494 1.0000e-12      23850         22 0.0000e+00
    654.915   20.28080 -106.20886    660.000     6.7413     6.7419     6.6792    34.5375    34.5447  1030.1018    27.0898 8.6973e-02      0.073  296.19649     0.0586    98.5465     3.7143     0.8319      6.495 1.0000e-12      23872         22 0.0000e+00
    655.905   20.28080 -106.20886    661.000     6.7403     6.7403     6.6781    34.5372    34.5447  1030.1064    27.0898 8.4380e-02      0.029  296.20373     0.0592    98.5312     3.7144     0.8315      6.496 1.0000e-12      23894         23 0.0000e+00
    656.896   20.28080 -106.20886    662.000     6.7390     6.7393     6.6767    34.5372    34.5445  1030.1111    27.0899 8.5085e-02      0.096  296.21279     0.0592    98.5313     3.7143     0.8316      6.496 1.0000e-12      23918         26 0.0000e+00
    657.887   20.28080 -106.20886    663.000     6.7386     6.7387     6.6761    34.5371    34.5444  1030.1156    27.0900 8.4859e-02      0.049  296.21633     0.0588    98.5406     3.7143     0.8312      6.496 1.0000e-12      23947         30 0.0000e+00
    658.877   20.28080 -106.20886    664.000     6.7384     6.7390     6.6759    34.5371    34.5444  1030.1201    27.0899 8.3793e-02      0.107  296.21743     0.0591    98.5331     3.7143     0.8312      6.496 1.0000e-12      23975         26 0.0000e+00
    659.868   20.28080 -106.20886    665.000     6.7379     6.7384     6.6753    34.5372    34.5444  1030.1249    27.0901 8.2903e-02      0.075  296.22075     0.0585    98.5474     3.7143     0.8310      6.497 1.0000e-12      23999         22 0.0000e+00
    660.859   20.28080 -106.20886    666.000     6.7364     6.7367     6.6737    34.5374    34.5447  1030.1297    27.0905 8.3141e-02      0.047  296.23040     0.0587    98.5446     3.7143     0.8313      6.499 1.0000e-12      24019         20 0.0000e+00
    661.849   20.28080 -106.20886    667.000     6.7324     6.7324     6.6696    34.5374    34.5448  1030.1349    27.0910 8.7160e-02      0.010  296.25745     0.0591    98.5339     3.7143     0.8307      6.500 1.0000e-12      24037         16 0.0000e+00
    662.840   20.28080 -106.20886    668.000     6.7270     6.7272     6.6642    34.5379    34.5453  1030.1406    27.0921 8.6476e-02      0.022  296.29268     0.0591    98.5336     3.7144     0.8304      6.501 1.0000e-12      24057         23 0.0000e+00
    663.831   20.28080 -106.20886    669.000     6.7256     6.7260     6.6627    34.5379    34.5452  1030.1453    27.0923 8.5870e-02      0.096  296.30251     0.0585    98.5476     3.7143     0.8306      6.501 1.0000e-12      24082         30 0.0000e+00
    664.821   20.28080 -106.20886    670.000     6.7174     6.7186     6.6544    34.5379    34.5452  1030.1511    27.0934 8.6297e-02      0.049  296.35806     0.0586    98.5461     3.7143     0.8303      6.501 1.0000e-12      24116         34 0.0000e+00
    665.812   20.28080 -106.20886    671.000     6.7090     6.7093     6.6460    34.5376    34.5450  1030.1567    27.0943 8.5113e-02      0.070  296.41553     0.0587    98.5442     3.7143     0.8298      6.502 1.0000e-12      24145         25 0.0000e+00
    666.803   20.28080 -106.20886    672.000     6.7022     6.7018     6.6391    34.5367    34.5442  1030.1615    27.0945 8.4801e-02      0.060  296.46369     0.0585    98.5484     3.7143     0.8293      6.503 1.0000e-12      24167         20 0.0000e+00
    667.793   20.28080 -106.20886    673.000     6.6937     6.6944     6.6305    34.5365    34.5438  1030.1672    27.0955 8.5163e-02      0.058  296.52226     0.0595    98.5257     3.7143     0.8284      6.505 1.0000e-12      24185         16 0.0000e+00
    668.784   20.28078 -106.20886    674.000     6.6810     6.6815     6.6178    34.5364    34.5437  1030.1735    27.0972 8.5871e-02      0.087  296.60823     0.0595    98.5239     3.7143     0.8280      6.506 1.0000e-12      24202         16 0.0000e+00
    669.775   20.28078 -106.20886    675.000     6.6775     6.6776     6.6142    34.5368    34.5442  1030.1789    27.0979 8.6502e-02      0.035  296.63123     0.0592    98.5327     3.7144     0.8275      6.506 1.0000e-12      24219         18 0.0000e+00
    670.765   20.28079 -106.20886    676.000     6.6714     6.6705     6.6081    34.5368    34.5440  1030.1844    27.0988 8.5984e-02      0.022  296.67242     0.0592    98.5316     3.7143     0.8270      6.506 1.0000e-12      24243         37 0.0000e+00
    671.756   20.28080 -106.20886    677.000     6.6806     6.6764     6.6171    34.5355    34.5428  1030.1865    27.0965 8.4791e-02      0.106  296.61341     0.0589    98.5378     3.7143     0.8276      6.508 1.0000e-12      24296         48 0.0000e+00
    672.747   20.28080 -106.20886    678.000     6.6479     6.6482     6.5844    34.5359    34.5430  1030.1962    27.1012 8.4546e-02      0.043  296.83489     0.0619    98.4640     3.7143     0.8264      6.511 1.0000e-12      24326         24 0.0000e+00
    673.737   20.28080 -106.20886    679.000     6.6415     6.6418     6.5780    34.5355    34.5428  1030.2014    27.1017 8.7988e-02      0.010  296.87906     0.0592    98.5310     3.7144     0.8257      6.511 1.0000e-12      24347         18 0.0000e+00
    674.728   20.28078 -106.20886    680.000     6.6383     6.6384     6.5747    34.5354    34.5426  1030.2063    27.1021 8.3690e-02      0.067  296.90080     0.0592    98.5316     3.7142     0.8252      6.511 1.0000e-12      24365         17 0.0000e+00
    675.719   20.28078 -106.20886    681.000     6.6301     6.6301     6.5665    34.5349    34.5422  1030.2116    27.1028 8.4034e-02      0.044  296.95809     0.0591    98.5331     3.7144     0.8246      6.511 1.0000e-12      24381         17 0.0000e+00
    676.709   20.28078 -106.20886    682.000     6.6050     6.6050     6.5414    34.5356    34.5428  1030.2205    27.1067 8.3241e-02      0.041  297.12738     0.0590    98.5368     3.7144     0.8234      6.511 1.0000e-12      24398         18 0.0000e+00
    677.700   20.28080 -106.20886    683.000     6.5956     6.5956     6.5319    34.5360    34.5432  1030.2267    27.1083 8.4875e-02      0.106  297.19072     0.0591    98.5331     3.7145     0.8224      6.511 1.0000e-12      24418         22 0.0000e+00
    678.690   20.28080 -106.20886    684.000     6.5915     6.5916     6.5278    34.5358    34.5432  1030.2317    27.1087 8.7229e-02      0.161  297.21892     0.0588    98.5425     3.7144     0.8215      6.513 1.0000e-12      24443         26 0.0000e+00
    679.681   20.28080 -106.20886    685.000     6.5885     6.5887     6.5247    34.5358    34.5431  1030.2367    27.1091 8.4394e-02     -0.005  297.23970     0.0601    98.5080     3.7143     0.8211      6.514 1.0000e-12      24472         30 0.0000e+00
    680.672   20.28079 -106.20886    686.000     6.5871     6.5871     6.5232    34.5357    34.5430  1030.2413    27.1092 8.4370e-02      0.068  297.24906     0.0585    98.5480     3.7144     0.8209      6.515 1.0000e-12      24501         30 0.0000e+00
    681.662   20.28078 -106.20886    687.000     6.5843     6.5844     6.5203    34.5357    34.5430  1030.2463    27.1096 8.3971e-02      0.061  297.26860     0.0584    98.5504     3.7143     0.8208      6.515 1.0000e-12      24528         26 0.0000e+00
    682.653   20.28078 -106.20886    688.000     6.5800     6.5803     6.5159    34.5355    34.5429  1030.2514    27.1100 8.4076e-02      0.038  297.29794     0.0585    98.5484     3.7144     0.8203      6.516 1.0000e-12      24552         21 0.0000e+00
    683.643   20.28078 -106.20886    689.000     6.5767     6.5772     6.5125    34.5357    34.5429  1030.2565    27.1106 8.6005e-02      0.059  297.32046     0.0584    98.5497     3.7145     0.8200      6.519 1.0000e-12      24573         21 0.0000e+00
    684.634   20.28078 -106.20886    690.000     6.5739     6.5739     6.5096    34.5357    34.5428  1030.2615    27.1110 8.6284e-02      0.022  297.33963     0.0585    98.5484     3.7145     0.8194      6.520 1.0000e-12      24593         18 0.0000e+00
    685.625   20.28078 -106.20886    691.000     6.5715     6.5718     6.5072    34.5355    34.5427  1030.2661    27.1111 8.6877e-02      0.105  297.35655     0.0585    98.5484     3.7144     0.8192      6.520 1.0000e-12      24612         21 0.0000e+00
    686.615   20.28078 -106.20886    692.000     6.5693     6.5694     6.5049    34.5351    34.5424  1030.2707    27.1111 8.6827e-02      0.050  297.37196     0.0585    98.5484     3.7145     0.8189      6.520 1.0000e-12      24637         27 0.0000e+00
    687.606   20.28078 -106.20886    693.000     6.5635     6.5633     6.4990    34.5349    34.5422  1030.2760    27.1118 8.3996e-02      0.048  297.41245     0.0585    98.5484     3.7143     0.8187      6.521 1.0000e-12      24667         30 0.0000e+00
    688.596   20.28078 -106.20886    694.000     6.5559     6.5565     6.4914    34.5345    34.5418  1030.2813    27.1124 8.4853e-02      0.049  297.46512     0.0584    98.5516     3.7143     0.8185      6.524 1.0000e-12      24695         25 0.0000e+00
