data/ctd-cnv/SKQ1617/SKQ1617-St15-P1/skq201617s-030avg.cnv
* Sea-Bird SBE 9 Data File:
* FileName = D:\CTD\SKQ201617S\SKQ201617S-030.hex
* Software Version Seasave V 7.22.5
* Temperature SN = 5773
* Conductivity SN = 2251
* Number of Bytes Per Scan = 37
* Number of Voltage Words = 4
* Number of Scans Averaged by the Deck Unit = 1
* NMEA Latitude = 20 18.32 N
* NMEA Longitude = 106 13.17 W
* NMEA UTC (Time) = Jan 06 2017  06:52:49
* NMEA baud rate = 4800
** Ship: R/V Sikuliaq
** Station Number: 030
** Station Name: Station 15
** Depth: 3009.35
** Operator: Justin - chocolate man
# nquan = 23
# nvalues = 2326                        
# units = specified
# name 0 = depSM: Depth [salt water, m]
# name 1 = latitude: Latitude [deg]
# name 2 = longitude: Longitude [deg]
# name 3 = prDM: Pressure, Digiquartz [db]
# name 4 = t090C: Temperature [ITS-90, deg C]
# name 5 = t190C: Temperature, 2 [ITS-90, deg C]
# name 6 = potemp090C: Potential Temperature [ITS-90, deg C]
# name 7 = sal00: Salinity, Practical [PSU]
# name 8 = sal11: Salinity, Practical, 2 [PSU]
# name 9 = density00: Density [density, kg/m^3]
# name 10 = sigma-t00: Density [sigma-t, kg/m^3 ]
# name 11 = flSP: Fluorescence, Seapoint
# name 12 = sbox0Mm/Kg: Oxygen, SBE 43 [umol/kg]
# name 13 = oxsolMm/Kg: Oxygen Saturation, Garcia & Gordon [umol/kg]
# name 14 = CStarAt0: Beam Attenuation, WET Labs C-Star [1/m]
# name 15 = CStarTr0: Beam Transmission, WET Labs C-Star [%]
# name 16 = v2: Voltage 2
# name 17 = v3: Voltage 3
# name 18 = ph: pH
# name 19 = par: PAR/Irradiance, Biospherical/Licor
# name 20 = scan: Scan Count
# name 21 = nbin: number of scans per bin
# name 22 = flag: flag
# span 0 =      2.982,   2300.963       
# span 1 =   20.30536,   20.30536       
# span 2 = -106.21946, -106.21944       
# span 3 =      3.000,   2328.000       
# span 4 =     1.9076,    26.1551       
# span 5 =     1.9082,    26.1549       
# span 6 =     1.7444,    26.1544       
# span 7 =    34.5214,    34.8198       
# span 8 =    34.5291,    34.8278       
# span 9 =  1022.7439,  1038.3987       
# span 10 =    22.7310,    27.6975      
# span 11 = 6.7822e-02, 3.7140e+00      
# span 12 =     -0.040,    199.378      
# span 13 =  203.28815,  332.29874      
# span 14 =     0.0556,     0.4327      
# span 15 =    89.7469,    98.6208      
# span 16 =     1.4176,     3.7138      
# span 17 =     0.4928,     2.2630      
# span 18 =     -2.845,     -2.038      
# span 19 = 1.0000e-12, 1.0000e-12      
# span 20 =       -599,      61004      
# span 21 =          7,        580      
# span 22 = 0.0000e+00, 0.0000e+00      
# interval = decibars: 1                
# start_time = Jan 06 2017 06:52:49 [NMEA time, header]
# bad_flag = -9.990e-29
*END*
[from data line 126]
    128.170   20.30536 -106.21944    129.000    13.2275    13.2271    13.2096    34.8171    34.8252  1026.7809    26.2053 1.2537e-01      0.476  257.04334     0.1318    96.7594     3.6941     1.3185     -2.446 1.0000e-12       7773         26 0.0000e+00
    129.163   20.30536 -106.21944    130.000    13.1967    13.1961    13.1787    34.8173    34.8256  1026.7918    26.2117 1.1830e-01      0.526  257.20377     0.1316    96.7646     3.6940     1.3165     -2.446 1.0000e-12       7797         23 0.0000e+00
    130.156   20.30536 -106.21944    131.000    13.1688    13.1678    13.1507    34.8193    34.8272  1026.8035    26.2189 1.1146e-01      0.524  257.34575     0.1316    96.7641     3.6944     1.3142     -2.446 1.0000e-12       7822         25 0.0000e+00
    131.149   20.30536 -106.21944    132.000    13.1534    13.1539    13.1352    34.8185    34.8267  1026.8105    26.2214 1.1179e-01      0.487  257.42767     0.1318    96.7580     3.6946     1.3123     -2.446 1.0000e-12       7846         25 0.0000e+00
    132.143   20.30536 -106.21944    133.000    13.1496    13.1500    13.1312    34.8178    34.8260  1026.8152    26.2216 1.0926e-01      0.579  257.44897     0.1310    96.7783     3.6946     1.3115     -2.451 1.0000e-12       7870         22 0.0000e+00
    133.136   20.30536 -106.21944    134.000    13.1424    13.1411    13.1239    34.8173    34.8253  1026.8207    26.2227 1.0850e-01      0.494  257.48734     0.1312    96.7727     3.6946     1.3104     -2.449 1.0000e-12       7892         21 0.0000e+00
    134.129   20.30536 -106.21944    135.000    13.1347    13.1352    13.1161    34.8165    34.8246  1026.8261    26.2236 1.0609e-01      0.523  257.52937     0.1311    96.7766     3.6947     1.3096     -2.448 1.0000e-12       7912         20 0.0000e+00
    135.122   20.30536 -106.21944    136.000    13.1335    13.1342    13.1147    34.8161    34.8243  1026.8306    26.2236 1.0537e-01      0.530  257.53623     0.1302    96.7983     3.6947     1.3088     -2.453 1.0000e-12       7932         21 0.0000e+00
    136.116   20.30536 -106.21944    137.000    13.1347    13.1357    13.1158    34.8160    34.8242  1026.8347    26.2232 1.0830e-01      0.454  257.52984     0.1307    96.7846     3.6946     1.3083     -2.448 1.0000e-12       7955         25 0.0000e+00
    137.109   20.30536 -106.21944    138.000    13.1339    13.1343    13.1149    34.8151    34.8234  1026.8386    26.2227 1.0908e-01      0.401  257.53569     0.1311    96.7764     3.6944     1.3084     -2.449 1.0000e-12       7982         28 0.0000e+00
    138.102   20.30536 -106.21944    139.000    13.1323    13.1327    13.1132    34.8152    34.8234  1026.8434    26.2231 1.0833e-01      0.433  257.54385     0.1317    96.7621     3.6944     1.3083     -2.448 1.0000e-12       8010         26 0.0000e+00
    139.095   20.30536 -106.21944    140.000    13.1297    13.1291    13.1105    34.8142    34.8223  1026.8476    26.2228 1.1015e-01      0.443  257.55934     0.1319    96.7564     3.6944     1.3082     -2.448 1.0000e-12       8037         25 0.0000e+00
    140.089   20.30536 -106.21944    141.000    13.1231    13.1239    13.1036    34.8132    34.8214  1026.8527    26.2234 1.0826e-01      0.435  257.59594     0.1314    96.7695     3.6944     1.3081     -2.448 1.0000e-12       8063         27 0.0000e+00
    141.082   20.30536 -106.21944    142.000    13.1044    13.1060    13.0849    34.8115    34.8199  1026.8597    26.2259 1.0737e-01      0.476  257.69679     0.1309    96.7804     3.6941     1.3070     -2.450 1.0000e-12       8091         29 0.0000e+00
    142.075   20.30536 -106.21944    143.000    13.0666    13.0656    13.0469    34.8104    34.8185  1026.8710    26.2326 1.0143e-01      0.425  257.89728     0.1307    96.7865     3.6943     1.3057     -2.452 1.0000e-12       8119         26 0.0000e+00
    143.068   20.30536 -106.21944    144.000    13.0422    13.0416    13.0224    34.8108    34.8187  1026.8807    26.2378 9.6779e-02      0.467  258.02442     0.1308    96.7839     3.6947     1.3036     -2.453 1.0000e-12       8143         23 0.0000e+00
    144.061   20.30536 -106.21944    145.000    12.9953    12.9937    12.9755    34.8106    34.8188  1026.8946    26.2471 9.3508e-02      0.488  258.27125     0.1306    96.7885     3.6947     1.3018     -2.454 1.0000e-12       8165         20 0.0000e+00
    145.054   20.30536 -106.21944    146.000    12.9609    12.9588    12.9409    34.8126    34.8209  1026.9075    26.2555 8.9710e-02      0.451  258.44899     0.1313    96.7709     3.6948     1.2986     -2.454 1.0000e-12       8186         21 0.0000e+00
    146.048   20.30536 -106.21944    147.000    12.9272    12.9271    12.9071    34.8128    34.8211  1026.9190    26.2625 8.8034e-02      0.444  258.62622     0.1304    96.7925     3.6951     1.2963     -2.458 1.0000e-12       8208         24 0.0000e+00
    147.041   20.30536 -106.21944    148.000    12.9094    12.9095    12.8892    34.8127    34.8208  1026.9270    26.2659 8.7376e-02      0.447  258.72031     0.1314    96.7682     3.6951     1.2941     -2.454 1.0000e-12       8234         28 0.0000e+00
    148.034   20.30536 -106.21944    149.000    12.9029    12.9025    12.8825    34.8114    34.8196  1026.9318    26.2663 8.6981e-02      0.439  258.75719     0.1311    96.7754     3.6948     1.2925     -2.455 1.0000e-12       8263         28 0.0000e+00
    149.027   20.30536 -106.21944    150.000    12.8446    12.8441    12.8242    34.8082    34.8165  1026.9455    26.2753 8.3842e-02      0.448  259.07136     0.1306    96.7870     3.6950     1.2908     -2.459 1.0000e-12       8290         26 0.0000e+00
    150.020   20.30536 -106.21944    151.000    12.8252    12.8252    12.8046    34.8076    34.8156  1026.9534    26.2787 8.2388e-02      0.479  259.17518     0.1314    96.7678     3.6952     1.2882     -2.458 1.0000e-12       8314         24 0.0000e+00
    151.013   20.30536 -106.21944    152.000    12.8154    12.8152    12.7947    34.8065    34.8146  1026.9590    26.2799 8.3773e-02      0.438  259.22902     0.1303    96.7950     3.6955     1.2863     -2.461 1.0000e-12       8337         24 0.0000e+00
    152.006   20.30536 -106.21944    153.000    12.7894    12.7887    12.7686    34.8046    34.8128  1026.9672    26.2835 8.2988e-02      0.430  259.37033     0.1303    96.7953     3.6955     1.2849     -2.461 1.0000e-12       8361         23 0.0000e+00
    153.000   20.30536 -106.21944    154.000    12.7399    12.7390    12.7191    34.8049    34.8131  1026.9818    26.2936 8.1209e-02      0.458  259.63241     0.1314    96.7690     3.6959     1.2828     -2.459 1.0000e-12       8384         23 0.0000e+00
    153.993   20.30536 -106.21944    155.000    12.7291    12.7292    12.7081    34.8054    34.8133  1026.9888    26.2961 8.0428e-02      0.446  259.68900     0.1309    96.7813     3.6958     1.2804     -2.464 1.0000e-12       8408         24 0.0000e+00
    154.986   20.30536 -106.21944    156.000    12.7260    12.7260    12.7049    34.8047    34.8128  1026.9934    26.2962 7.7747e-02      0.440  259.70661     0.1304    96.7929     3.6958     1.2792     -2.463 1.0000e-12       8431         23 0.0000e+00
    155.979   20.30536 -106.21944    157.000    12.7129    12.7127    12.6917    34.8041    34.8123  1027.0000    26.2983 7.7687e-02      0.446  259.77739     0.1301    96.8007     3.6959     1.2784     -2.464 1.0000e-12       8454         24 0.0000e+00
    156.972   20.30536 -106.21944    158.000    12.7045    12.7046    12.6832    34.8040    34.8120  1027.0061    26.2999 7.8333e-02      0.446  259.82193     0.1304    96.7935     3.6959     1.2774     -2.462 1.0000e-12       8480         26 0.0000e+00
    157.965   20.30536 -106.21944    159.000    12.6998    12.6997    12.6784    34.8033    34.8115  1027.0109    26.3002 7.9708e-02      0.446  259.84839     0.1303    96.7948     3.6959     1.2766     -2.463 1.0000e-12       8507         28 0.0000e+00
    158.958   20.30536 -106.21944    160.000    12.6898    12.6895    12.6682    34.8030    34.8111  1027.0172    26.3020 7.6751e-02      0.446  259.90261     0.1296    96.8113     3.6957     1.2762     -2.464 1.0000e-12       8534         27 0.0000e+00
    159.951   20.30536 -106.21944    161.000    12.6801    12.6801    12.6584    34.8035    34.8118  1027.0240    26.3044 7.6921e-02      0.460  259.95281     0.1301    96.8011     3.6958     1.2751     -2.464 1.0000e-12       8559         23 0.0000e+00
    160.944   20.30536 -106.21944    162.000    12.6791    12.6793    12.6573    34.8037    34.8117  1027.0288    26.3047 7.7247e-02      0.445  259.95795     0.1299    96.8046     3.6960     1.2744     -2.465 1.0000e-12       8581         22 0.0000e+00
    161.938   20.30536 -106.21944    163.000    12.6796    12.6797    12.6576    34.8041    34.8121  1027.0335    26.3049 7.5908e-02      0.429  259.95456     0.1303    96.7957     3.6960     1.2739     -2.463 1.0000e-12       8604         24 0.0000e+00
    162.931   20.30536 -106.21944    164.000    12.6755    12.6756    12.6534    34.8042    34.8122  1027.0388    26.3058 7.8245e-02      0.447  259.97607     0.1304    96.7934     3.6960     1.2740     -2.462 1.0000e-12       8631         31 0.0000e+00
    163.923   20.30536 -106.21944    165.000    12.6623    12.6622    12.6400    34.8035    34.8115  1027.0454    26.3079 7.6077e-02      0.443  260.04791     0.1303    96.7958     3.6957     1.2739     -2.464 1.0000e-12       8663         30 0.0000e+00
    164.917   20.30536 -106.21944    166.000    12.6646    12.6646    12.6422    34.8087    34.8168  1027.0534    26.3114 7.5639e-02      0.455  260.02620     0.1291    96.8244     3.6954     1.2727     -2.466 1.0000e-12       8691         23 0.0000e+00
    165.910   20.30536 -106.21944    167.000    12.6580    12.6579    12.6355    34.8101    34.8181  1027.0603    26.3138 7.2982e-02      0.434  260.05890     0.1303    96.7938     3.6960     1.2725     -2.465 1.0000e-12       8711         18 0.0000e+00
    166.903   20.30536 -106.21944    168.000    12.6521    12.6523    12.6295    34.8108    34.8191  1027.0665    26.3156 7.3461e-02      0.423  260.08859     0.1293    96.8201     3.6960     1.2714     -2.466 1.0000e-12       8729         19 0.0000e+00
    167.896   20.30536 -106.21944    169.000    12.6433    12.6441    12.6205    34.8109    34.8189  1027.0728    26.3173 7.0450e-02      0.442  260.13576     0.1297    96.8083     3.6963     1.2707     -2.466 1.0000e-12       8749         22 0.0000e+00
    168.889   20.30536 -106.21944    170.000    12.6304    12.6306    12.6075    34.8100    34.8179  1027.0792    26.3192 7.2284e-02      0.445  260.20621     0.1294    96.8176     3.6960     1.2702     -2.465 1.0000e-12       8776         31 0.0000e+00
    169.882   20.30536 -106.21944    171.000    12.6022    12.6025    12.5793    34.8083    34.8163  1027.0879    26.3234 7.2129e-02      0.433  260.35959     0.1294    96.8156     3.6960     1.2690     -2.466 1.0000e-12       8805         26 0.0000e+00
    170.875   20.30536 -106.21944    172.000    12.5875    12.5873    12.5644    34.8077    34.8156  1027.0948    26.3258 7.2393e-02      0.422  260.43928     0.1289    96.8277     3.6960     1.2674     -2.467 1.0000e-12       8829         21 0.0000e+00
    171.868   20.30536 -106.21944    173.000    12.5807    12.5806    12.5575    34.8072    34.8153  1027.1003    26.3268 7.2880e-02      0.441  260.47675     0.1294    96.8162     3.6961     1.2663     -2.467 1.0000e-12       8850         20 0.0000e+00
    172.861   20.30536 -106.21944    174.000    12.5782    12.5784    12.5549    34.8070    34.8151  1027.1051    26.3271 7.0930e-02      0.460  260.49011     0.1290    96.8265     3.6964     1.2652     -2.468 1.0000e-12       8870         19 0.0000e+00
    173.854   20.30536 -106.21944    175.000    12.5751    12.5752    12.5517    34.8065    34.8146  1027.1098    26.3273 7.2017e-02      0.419  260.50765     0.1296    96.8110     3.6964     1.2647     -2.467 1.0000e-12       8895         30 0.0000e+00
    174.847   20.30536 -106.21944    176.000    12.5698    12.5697    12.5462    34.8062    34.8142  1027.1151    26.3282 7.3373e-02      0.420  260.53701     0.1295    96.8129     3.6960     1.2645     -2.467 1.0000e-12       8928         34 0.0000e+00
    175.840   20.30536 -106.21944    177.000    12.5634    12.5634    12.5397    34.8054    34.8134  1027.1202    26.3288 7.1687e-02      0.350  260.57249     0.1295    96.8147     3.6961     1.2643     -2.465 1.0000e-12       8958         26 0.0000e+00
    176.834   20.30536 -106.21944    178.000    12.5409    12.5408    12.5171    34.8038    34.8120  1027.1280    26.3320 7.1039e-02      0.411  260.69570     0.1287    96.8337     3.6968     1.2630     -2.470 1.0000e-12       8982         23 0.0000e+00
    177.826   20.30536 -106.21944    179.000    12.5074    12.5070    12.4834    34.8016    34.8096  1027.1373    26.3368 7.3481e-02      0.439  260.87971     0.1281    96.8491     3.6969     1.2610     -2.472 1.0000e-12       9004         22 0.0000e+00
    178.819   20.30536 -106.21944    180.000    12.4942    12.4943    12.4701    34.8001    34.8082  1027.1433    26.3383 7.3412e-02      0.435  260.95318     0.1296    96.8123     3.6971     1.2594     -2.469 1.0000e-12       9027         25 0.0000e+00
    179.813   20.30536 -106.21944    181.000    12.4848    12.4851    12.4606    34.7985    34.8064  1027.1484    26.3388 7.2746e-02      0.397  261.00630     0.1298    96.8074     3.6971     1.2579     -2.471 1.0000e-12       9055         29 0.0000e+00
    180.805   20.30536 -106.21944    182.000    12.4733    12.4735    12.4490    34.7969    34.8047  1027.1539    26.3399 7.3448e-02      0.408  261.07103     0.1297    96.8085     3.6966     1.2567     -2.469 1.0000e-12       9083         24 0.0000e+00
    181.798   20.30536 -106.21944    183.000    12.4651    12.4652    12.4407    34.7976    34.8056  1027.1605    26.3420 7.1465e-02      0.416  261.11351     0.1288    96.8306     3.6972     1.2560     -2.473 1.0000e-12       9105         20 0.0000e+00
    182.791   20.30536 -106.21944    184.000    12.4540    12.4540    12.4295    34.7989    34.8070  1027.1682    26.3452 7.1334e-02      0.345  261.17100     0.1290    96.8261     3.6972     1.2551     -2.473 1.0000e-12       9125         21 0.0000e+00
    183.784   20.30536 -106.21944    185.000    12.4403    12.4403    12.4157    34.7977    34.8057  1027.1744    26.3470 7.2630e-02      0.359  261.24663     0.1292    96.8209     3.6972     1.2543     -2.473 1.0000e-12       9144         18 0.0000e+00
    184.778   20.30536 -106.21944    186.000    12.4127    12.4136    12.3880    34.7941    34.8018  1027.1816    26.3495 7.2495e-02      0.363  261.40181     0.1293    96.8193     3.6972     1.2525     -2.473 1.0000e-12       9167         24 0.0000e+00
    185.770   20.30536 -106.21944    187.000    12.3853    12.3854    12.3605    34.7931    34.8008  1027.1907    26.3541 6.9969e-02      0.411  261.55121     0.1299    96.8049     3.6972     1.2508     -2.472 1.0000e-12       9194         28 0.0000e+00
    186.763   20.30536 -106.21944    188.000    12.3709    12.3710    12.3459    34.7945    34.8025  1027.1991    26.3580 7.1197e-02      0.379  261.62646     0.1294    96.8173     3.6972     1.2494     -2.475 1.0000e-12       9221         25 0.0000e+00
    187.756   20.30536 -106.21944    189.000    12.3251    12.3251    12.3000    34.7915    34.7992  1027.2103    26.3645 7.1984e-02      0.367  261.87930     0.1299    96.8056     3.6972     1.2475     -2.475 1.0000e-12       9245         23 0.0000e+00
    188.749   20.30536 -106.21944    190.000    12.2982    12.2983    12.2731    34.7908    34.7987  1027.2195    26.3692 7.0662e-02      0.394  262.02578     0.1298    96.8059     3.6972     1.2453     -2.476 1.0000e-12       9268         25 0.0000e+00
