data/ctd-cnv/SKQ1617/SKQ1617-St15-P1/skq201617s-023avg.cnv
* Sea-Bird SBE 9 Data File:
* FileName = D:\CTD\SKQ201617S\SKQ201617S-023.hex
* Software Version Seasave V 7.22.5
* Temperature SN = 5773
* Conductivity SN = 2251
* Number of Bytes Per Scan = 37
* Number of Voltage Words = 4
* Number of Scans Averaged by the Deck Unit = 1
* NMEA Latitude = 20 11.82 N
* NMEA Longitude = 106 07.58 W
* NMEA UTC (Time) = Jan 03 2017  13:47:55
* NMEA baud rate = 4800
** Ship: R/V Sikuliaq
** Station Number: 023
** Station Name: Station 15
** Depth: 2609 m
** Operator: RML
# nquan = 23
# nvalues = 501                         
# units = specified
# name 0 = depSM: Depth [salt water, m]
# name 1 = latitude: Latitude [deg]
# name 2 = longitude: Longitude [deg]
# name 3 = prDM: Pressure, Digiquartz [db]
# name 4 = t090C: Temperature [ITS-90, deg C]
# name 5 = t190C: Temperature, 2 [ITS-90, deg C]
# name 6 = potemp090C: Potential Temperature [ITS-90, deg C]
# name 7 = sal00: Salinity, Practical [PSU]
# name 8 = sal11: Salinity, Practical, 2 [PSU]
# name 9 = density00: Density [density, kg/m^3]
# name 10 = sigma-t00: Density [sigma-t, kg/m^3 ]
# name 11 = flSP: Fluorescence, Seapoint
# name 12 = sbox0Mm/Kg: Oxygen, SBE 43 [umol/kg]
# name 13 = oxsolMm/Kg: Oxygen Saturation, Garcia & Gordon [umol/kg]
# name 14 = CStarAt0: Beam Attenuation, WET Labs C-Star [1/m]
# name 15 = CStarTr0: Beam Transmission, WET Labs C-Star [%]
# name 16 = v2: Voltage 2
# name 17 = v3: Voltage 3
# name 18 = ph: pH
# name 19 = par: PAR/Irradiance, Biospherical/Licor
# name 20 = scan: Scan Count
# name 21 = nbin: number of scans per bin
# name 22 = flag: flag
# span 0 =      3.975,    500.306       
# span 1 =   20.19704,   20.19706       
# span 2 = -106.12632, -106.12628       
# span 3 =      4.000,    504.000       
# span 4 =     8.0770,    25.7352       
# span 5 =     8.0768,    25.7352       
# span 6 =     8.0251,    25.7333       
# span 7 =    34.5456,    34.8225       
# span 8 =    34.5531,    34.8305       
# span 9 =  1022.8850,  1029.2068       
# span 10 =    22.8661,    26.9190      
# span 11 = 7.0581e-02, 5.7123e+00      
# span 12 =      0.132,    199.648      
# span 13 =  204.69370,  287.33663      
# span 14 =     0.0601,     0.5341      
# span 15 =    87.5045,    98.5095      
# span 16 =     1.4355,     3.7277      
# span 17 =     0.9310,     2.2328      
# span 18 =      4.718,      8.202      
# span 19 = 1.0000e-12, 3.0741e+01      
# span 20 =        559,      16949      
# span 21 =         16,        453      
# span 22 = 0.0000e+00, 0.0000e+00      
# interval = decibars: 1                
# start_time = Jan 03 2017 13:47:55 [NMEA time, header]
# bad_flag = -9.990e-29
*END*
[from data line 252]
    254.276   20.19706 -106.12630    256.000    11.4045    11.4048    11.3722    34.7349    34.7428  1027.6441    26.4951 7.1355e-02      0.273  267.04833     0.0713    98.2325     3.7193     1.1765      7.049 1.0000e-12      10029         23 0.0000e+00
    255.269   20.19706 -106.12630    257.000    11.3650    11.3649    11.3326    34.7319    34.7398  1027.6538    26.5001 7.8025e-02      0.177  267.27533     0.0712    98.2348     3.7194     1.1749      7.048 1.0000e-12      10051         22 0.0000e+00
    256.261   20.19706 -106.12630    258.000    11.3525    11.3526    11.3200    34.7318    34.7396  1027.6605    26.5022 7.2638e-02      0.289  267.34567     0.0710    98.2393     3.7195     1.1731      7.049 1.0000e-12      10074         23 0.0000e+00
    257.254   20.19706 -106.12630    259.000    11.3442    11.3443    11.3116    34.7307    34.7386  1027.6657    26.5030 7.3121e-02      0.285  267.39428     0.0704    98.2551     3.7198     1.1725      7.048 1.0000e-12      10099         27 0.0000e+00
    258.246   20.19706 -106.12630    260.000    11.3380    11.3383    11.3053    34.7304    34.7383  1027.6711    26.5039 7.3119e-02      0.298  267.42939     0.0709    98.2427     3.7193     1.1717      7.046 1.0000e-12      10126         26 0.0000e+00
    259.239   20.19706 -106.12630    261.000    11.3365    11.3367    11.3037    34.7301    34.7382  1027.6757    26.5039 7.3100e-02      0.154  267.43832     0.0710    98.2404     3.7195     1.1713      7.046 1.0000e-12      10151         23 0.0000e+00
    260.232   20.19706 -106.12630    262.000    11.3334    11.3336    11.3005    34.7299    34.7378  1027.6805    26.5043 7.3981e-02      0.203  267.45621     0.0712    98.2359     3.7196     1.1702      7.047 1.0000e-12      10173         21 0.0000e+00
    261.224   20.19706 -106.12630    263.000    11.3288    11.3291    11.2958    34.7297    34.7376  1027.6857    26.5050 7.4033e-02      0.278  267.48246     0.0706    98.2517     3.7198     1.1700      7.047 1.0000e-12      10192         19 0.0000e+00
    262.217   20.19706 -106.12630    264.000    11.3258    11.3260    11.2926    34.7294    34.7373  1027.6906    26.5053 7.4489e-02      0.217  267.50000     0.0705    98.2536     3.7201     1.1693      7.046 1.0000e-12      10212         21 0.0000e+00
    263.210   20.19706 -106.12630    265.000    11.3242    11.3240    11.2909    34.7292    34.7371  1027.6952    26.5055 7.3992e-02      0.206  267.50935     0.0709    98.2432     3.7198     1.1691      7.046 1.0000e-12      10235         25 0.0000e+00
    264.202   20.19706 -106.12630    266.000    11.3185    11.3180    11.2851    34.7286    34.7366  1027.7003    26.5060 7.4147e-02      0.210  267.54245     0.0704    98.2567     3.7195     1.1689      7.046 1.0000e-12      10262         29 0.0000e+00
    265.195   20.19706 -106.12630    267.000    11.3076    11.3079    11.2741    34.7277    34.7355  1027.7061    26.5073 7.2749e-02      0.202  267.60542     0.0710    98.2407     3.7193     1.1690      7.046 1.0000e-12      10293         30 0.0000e+00
    266.187   20.19706 -106.12630    268.000    11.2872    11.2875    11.2536    34.7262    34.7342  1027.7133    26.5100 7.4144e-02      0.231  267.72290     0.0711    98.2377     3.7194     1.1679      7.046 1.0000e-12      10321         26 0.0000e+00
    267.180   20.19706 -106.12630    269.000    11.2669    11.2671    11.2333    34.7246    34.7324  1027.7203    26.5124 7.1588e-02      0.181  267.84023     0.0709    98.2429     3.7199     1.1668      7.046 1.0000e-12      10346         23 0.0000e+00
    268.173   20.19706 -106.12630    270.000    11.2505    11.2508    11.2167    34.7241    34.7321  1027.7275    26.5151 7.2627e-02      0.230  267.93379     0.0710    98.2394     3.7203     1.1653      7.046 1.0000e-12      10368         22 0.0000e+00
    269.165   20.19706 -106.12630    271.000    11.2349    11.2350    11.2010    34.7236    34.7315  1027.7346    26.5175 7.4467e-02      0.220  268.02254     0.0705    98.2542     3.7203     1.1639      7.046 1.0000e-12      10390         22 0.0000e+00
    270.158   20.19706 -106.12630    272.000    11.2243    11.2244    11.1904    34.7228    34.7308  1027.7404    26.5188 7.5088e-02      0.209  268.08371     0.0703    98.2580     3.7203     1.1628      7.046 1.0000e-12      10413         26 0.0000e+00
    271.150   20.19706 -106.12630    273.000    11.2123    11.2123    11.1782    34.7219    34.7298  1027.7465    26.5204 7.3615e-02      0.263  268.15356     0.0696    98.2757     3.7201     1.1621      7.046 1.0000e-12      10441         29 0.0000e+00
    272.143   20.19706 -106.12630    274.000    11.1859    11.1861    11.1518    34.7205    34.7283  1027.7548    26.5240 7.2315e-02      0.194  268.30492     0.0703    98.2591     3.7200     1.1610      7.046 1.0000e-12      10469         25 0.0000e+00
    273.135   20.19706 -106.12630    275.000    11.1491    11.1489    11.1149    34.7184    34.7263  1027.7645    26.5291 7.4430e-02      0.188  268.51708     0.0702    98.2610     3.7204     1.1592      7.046 1.0000e-12      10493         23 0.0000e+00
    274.128   20.19706 -106.12630    276.000    11.1302    11.1305    11.0959    34.7186    34.7263  1027.7727    26.5327 7.3097e-02      0.229  268.62363     0.0702    98.2610     3.7204     1.1570      7.046 1.0000e-12      10514         22 0.0000e+00
    275.121   20.19706 -106.12630    277.000    11.1209    11.1211    11.0864    34.7176    34.7255  1027.7782    26.5337 7.4856e-02      0.258  268.67863     0.0702    98.2610     3.7206     1.1558      7.046 1.0000e-12      10536         21 0.0000e+00
    276.113   20.19706 -106.12630    278.000    11.1070    11.1071    11.0725    34.7172    34.7251  1027.7849    26.5359 7.0985e-02      0.210  268.75788     0.0702    98.2610     3.7204     1.1547      7.046 1.0000e-12      10558         23 0.0000e+00
    277.106   20.19706 -106.12630    279.000    11.0954    11.0958    11.0608    34.7168    34.7246  1027.7913    26.5377 7.3987e-02      0.252  268.82422     0.0704    98.2565     3.7204     1.1537      7.046 1.0000e-12      10581         23 0.0000e+00
    278.098   20.19706 -106.12630    280.000    11.0885    11.0886    11.0538    34.7163    34.7242  1027.7966    26.5385 7.2514e-02      0.219  268.86456     0.1219    97.0073     3.7204     1.1530      7.046 1.0000e-12      10606         25 0.0000e+00
    279.091   20.19706 -106.12630    281.000    11.0760    11.0764    11.0412    34.7154    34.7231  1027.8028    26.5401 7.4664e-02      0.132  268.93706     0.1022    97.4847     3.7204     1.1525      7.046 1.0000e-12      10633         29 0.0000e+00
    280.083   20.19706 -106.12630    282.000    11.0595    11.0597    11.0246    34.7154    34.7235  1027.8103    26.5431 7.3995e-02      0.239  269.03058     0.0699    98.2690     3.7204     1.1514      7.046 1.0000e-12      10661         25 0.0000e+00
    281.076   20.19706 -106.12630    283.000    11.0551    11.0553    11.0200    34.7152    34.7230  1027.8155    26.5438 7.3734e-02      0.224  269.05627     0.0695    98.2781     3.7204     1.1506      7.046 1.0000e-12      10685         23 0.0000e+00
    282.068   20.19706 -106.12630    284.000    11.0459    11.0461    11.0108    34.7141    34.7220  1027.8208    26.5445 7.3760e-02      0.213  269.11056     0.0692    98.2848     3.7206     1.1498      7.046 1.0000e-12      10708         22 0.0000e+00
    283.061   20.19706 -106.12630    285.000    11.0316    11.0317    10.9964    34.7134    34.7213  1027.8274    26.5466 7.4210e-02      0.205  269.19326     0.0693    98.2832     3.7205     1.1489      7.046 1.0000e-12      10732         27 0.0000e+00
    284.053   20.19706 -106.12630    286.000    11.0130    11.0133    10.9777    34.7122    34.7200  1027.8345    26.5491 7.3745e-02      0.194  269.30103     0.0697    98.2722     3.7204     1.1481      7.047 1.0000e-12      10761         30 0.0000e+00
    285.046   20.19706 -106.12630    287.000    11.0020    11.0019    10.9666    34.7118    34.7196  1027.8407    26.5507 7.3697e-02      0.254  269.36444     0.0697    98.2725     3.7204     1.1471      7.046 1.0000e-12      10789         25 0.0000e+00
    286.038   20.19706 -106.12630    288.000    10.9941    10.9945    10.9585    34.7110    34.7187  1027.8460    26.5516 7.2717e-02      0.197  269.41127     0.0700    98.2667     3.7205     1.1461      7.046 1.0000e-12      10813         22 0.0000e+00
    287.031   20.19706 -106.12630    289.000    10.9753    10.9771    10.9397    34.7095    34.7176  1027.8528    26.5538 7.4730e-02      0.158  269.52132     0.0703    98.2583     3.7207     1.1452      7.046 1.0000e-12      10833         20 0.0000e+00
    288.023   20.19706 -106.12630    290.000    10.9461    10.9473    10.9104    34.7089    34.7167  1027.8623    26.5586 7.3479e-02      0.254  269.68888     0.0703    98.2584     3.7208     1.1433      7.045 1.0000e-12      10852         20 0.0000e+00
    289.016   20.19706 -106.12630    291.000    10.9417    10.9419    10.9058    34.7087    34.7166  1027.8674    26.5592 7.4508e-02      0.186  269.71456     0.0701    98.2631     3.7209     1.1424      7.045 1.0000e-12      10873         23 0.0000e+00
    290.008   20.19706 -106.12630    292.000    10.9413    10.9416    10.9053    34.7083    34.7162  1027.8716    26.5590 7.2552e-02      0.187  269.71744     0.0699    98.2670     3.7207     1.1416      7.045 1.0000e-12      10899         26 0.0000e+00
    291.001   20.19706 -106.12630    293.000    10.9413    10.9416    10.9053    34.7080    34.7159  1027.8758    26.5587 7.4261e-02      0.190  269.71767     0.0695    98.2771     3.7204     1.1414      7.045 1.0000e-12      10926         29 0.0000e+00
    291.993   20.19706 -106.12630    294.000    10.9414    10.9418    10.9052    34.7078    34.7157  1027.8802    26.5585 7.4286e-02      0.206  269.71788     0.0697    98.2735     3.7206     1.1415      7.044 1.0000e-12      10953         25 0.0000e+00
    292.985   20.19706 -106.12630    295.000    10.9411    10.9417    10.9049    34.7075    34.7155  1027.8845    26.5584 7.5951e-02      0.183  269.71960     0.0691    98.2861     3.7206     1.1412      7.043 1.0000e-12      10977         22 0.0000e+00
    293.978   20.19706 -106.12630    296.000    10.9410    10.9413    10.9047    34.7074    34.7153  1027.8889    26.5583 7.5328e-02      0.173  269.72015     0.0698    98.2700     3.7208     1.1409      7.044 1.0000e-12      10999         23 0.0000e+00
    294.970   20.19706 -106.12630    297.000    10.9386    10.9392    10.9021    34.7071    34.7150  1027.8936    26.5585 7.3967e-02      0.176  269.73495     0.0694    98.2792     3.7209     1.1409      7.043 1.0000e-12      11023         27 0.0000e+00
    295.963   20.19706 -106.12630    298.000    10.9385    10.9386    10.9018    34.7070    34.7149  1027.8980    26.5584 7.3914e-02      0.196  269.73576     0.0699    98.2692     3.7206     1.1407      7.043 1.0000e-12      11052         28 0.0000e+00
    296.955   20.19706 -106.12630    299.000    10.9376    10.9377    10.9008    34.7067    34.7144  1027.9024    26.5583 7.3091e-02      0.188  269.74143     0.0700    98.2653     3.7204     1.1400      7.042 1.0000e-12      11078         24 0.0000e+00
    297.948   20.19706 -106.12630    300.000    10.9265    10.9269    10.8896    34.7057    34.7137  1027.9082    26.5596 7.3077e-02      0.243  269.80675     0.0695    98.2780     3.7207     1.1399      7.043 1.0000e-12      11100         20 0.0000e+00
    298.940   20.19706 -106.12630    301.000    10.9129    10.9128    10.8759    34.7050    34.7129  1027.9147    26.5615 7.2909e-02      0.187  269.88570     0.0701    98.2633     3.7213     1.1389      7.042 1.0000e-12      11120         21 0.0000e+00
    299.933   20.19706 -106.12630    302.000    10.8904    10.8903    10.8533    34.7035    34.7114  1027.9221    26.5644 7.4131e-02      0.201  270.01736     0.0699    98.2681     3.7210     1.1378      7.042 1.0000e-12      11144         26 0.0000e+00
    300.925   20.19706 -106.12630    303.000    10.8729    10.8731    10.8358    34.7032    34.7110  1027.9296    26.5673 7.3501e-02      0.155  270.11761     0.0698    98.2694     3.7210     1.1368      7.043 1.0000e-12      11171         28 0.0000e+00
    301.918   20.19706 -106.12630    304.000    10.8672    10.8676    10.8299    34.7027    34.7106  1027.9348    26.5679 7.4306e-02      0.202  270.15147     0.0692    98.2854     3.7210     1.1357      7.042 1.0000e-12      11198         25 0.0000e+00
    302.910   20.19706 -106.12630    305.000    10.8644    10.8646    10.8270    34.7024    34.7103  1027.9396    26.5682 7.1397e-02      0.194  270.16778     0.0691    98.2860     3.7215     1.1349      7.042 1.0000e-12      11222         24 0.0000e+00
    303.902   20.19706 -106.12630    306.000    10.8602    10.8603    10.8227    34.7018    34.7097  1027.9443    26.5685 7.2659e-02      0.170  270.19307     0.0692    98.2838     3.7210     1.1345      7.042 1.0000e-12      11246         24 0.0000e+00
    304.895   20.19706 -106.12630    307.000    10.8496    10.8497    10.8121    34.7011    34.7090  1027.9502    26.5698 7.4125e-02      0.180  270.25496     0.0696    98.2763     3.7213     1.1337      7.042 1.0000e-12      11269         22 0.0000e+00
    305.887   20.19706 -106.12630    308.000    10.8259    10.8259    10.7883    34.6991    34.7069  1027.9576    26.5726 7.4942e-02      0.174  270.39460     0.0703    98.2595     3.7216     1.1331      7.042 1.0000e-12      11291         22 0.0000e+00
    306.880   20.19706 -106.12632    309.000    10.8046    10.8045    10.7669    34.6985    34.7062  1027.9655    26.5758 7.3129e-02      0.189  270.51829     0.0703    98.2586     3.7216     1.1309      7.042 1.0000e-12      11312         22 0.0000e+00
    307.872   20.19706 -106.12632    310.000    10.7703    10.7703    10.7325    34.6959    34.7035  1027.9743    26.5800 7.2774e-02      0.221  270.71994     0.0702    98.2609     3.7216     1.1292      7.042 1.0000e-12      11334         22 0.0000e+00
    308.864   20.19706 -106.12632    311.000    10.7478    10.7479    10.7100    34.6952    34.7031  1027.9824    26.5834 7.2983e-02      0.191  270.85054     0.0702    98.2610     3.7215     1.1278      7.042 1.0000e-12      11358         27 0.0000e+00
    309.857   20.19706 -106.12632    312.000    10.7368    10.7362    10.6988    34.6939    34.7021  1027.9879    26.5844 7.1273e-02      0.171  270.91651     0.0702    98.2602     3.7215     1.1272      7.042 1.0000e-12      11389         31 0.0000e+00
    310.849   20.19706 -106.12632    313.000    10.7191    10.7191    10.6811    34.6933    34.7012  1027.9952    26.5871 7.2315e-02      0.174  271.01944     0.0700    98.2649     3.7216     1.1257      7.042 1.0000e-12      11418         27 0.0000e+00
    311.842   20.19706 -106.12630    314.000    10.7092    10.7093    10.6711    34.6925    34.7004  1028.0009    26.5882 7.3582e-02      0.182  271.07784     0.0695    98.2786     3.7216     1.1241      7.042 1.0000e-12      11444         24 0.0000e+00
    312.834   20.19706 -106.12630    315.000    10.7012    10.7015    10.6630    34.6921    34.6998  1028.0064    26.5893 7.2131e-02      0.214  271.12481     0.0693    98.2831     3.7216     1.1237      7.042 1.0000e-12      11469         26 0.0000e+00
    313.826   20.19706 -106.12630    316.000    10.6970    10.6974    10.6587    34.6915    34.6994  1028.0113    26.5896 7.3880e-02      0.221  271.15006     0.0695    98.2769     3.7216     1.1225      7.042 1.0000e-12      11493         23 0.0000e+00
    314.819   20.19706 -106.12630    317.000    10.6858    10.6862    10.6474    34.6902    34.6980  1028.0168    26.5906 7.1380e-02      0.153  271.21726     0.0692    98.2836     3.7216     1.1219      7.042 1.0000e-12      11516         23 0.0000e+00
