data/ctd-cnv/SKQ1617/SKQ1617-St15-P1/skq201617s-028avg.cnv
* Sea-Bird SBE 9 Data File:
* FileName = D:\CTD\SKQ201617S\SKQ201617S-028.hex
* Software Version Seasave V 7.22.5
* Temperature SN = 5773
* Conductivity SN = 2251
* Number of Bytes Per Scan = 37
* Number of Voltage Words = 4
* Number of Scans Averaged by the Deck Unit = 1
* NMEA Latitude = 20 16.59 N
* NMEA Longitude = 106 12.67 W
* NMEA UTC (Time) = Jan 05 2017  15:01:23
* NMEA baud rate = 4800
** Ship: R/V Sikuliaq
** Station Number: 028
** Station Name: Station 15
** Depth: 3351
** Operator: RML
# nquan = 23
# nvalues = 452                         
# units = specified
# name 0 = depSMignore: Depth [salt water, m]
# name 1 = latitude: Latitude [deg]
# name 2 = longitude: Longitude [deg]
# name 3 = prDM: Pressure, Digiquartz [db]
# name 4 = t090C: Temperature [ITS-90, deg C]
# name 5 = t190C: Temperature, 2 [ITS-90, deg C]
# name 6 = potemp090C: Potential Temperature [ITS-90, deg C]
# name 7 = sal00: Salinity, Practical [PSU]
# name 8 = sal11: Salinity, Practical, 2 [PSU]
# name 9 = density00: Density [density, kg/m^3]
# name 10 = sigma-t00: Density [sigma-t, kg/m^3 ]
# name 11 = flSP: Fluorescence, Seapoint
# name 12 = sbox0Mm/Kg: Oxygen, SBE 43 [umol/kg]
# name 13 = oxsolMm/Kg: Oxygen Saturation, Garcia & Gordon [umol/kg]
# name 14 = CStarAt0: Beam Attenuation, WET Labs C-Star [1/m]
# name 15 = CStarTr0: Beam Transmission, WET Labs C-Star [%]
# name 16 = v2: Voltage 2
# name 17 = v3: Voltage 3
# name 18 = ph: pH
# name 19 = par: PAR/Irradiance, Biospherical/Licor
# name 20 = scan: Scan Count
# name 21 = nbin: number of scans per bin
# name 22 = flag: flag
# span 0 =      2.982,    450.725       
# span 1 =   20.27654,   20.27654       
# span 2 = -106.21118, -106.21118       
# span 3 =      3.000,    454.000       
# span 4 =     8.9001,    26.0336       
# span 5 =     8.9002,    26.0331       
# span 6 =     8.8507,    26.0324       
# span 7 =    34.5404,    34.8230       
# span 8 =    34.5473,    34.8311       
# span 9 =  1022.7890,  1028.8696       
# span 10 =    22.7746,    26.8173      
# span 11 = 6.9255e-02, 6.3070e+00      
# span 12 =      0.134,    198.457      
# span 13 =  203.68558,  282.08057      
# span 14 =     0.0638,     0.5373      
# span 15 =    87.4347,    98.4185      
# span 16 =     1.4241,     3.7117      
# span 17 =     0.9906,     2.2535      
# span 18 =      6.452,      6.955      
# span 19 = -3.366e-08, 9.6445e+02      
# span 20 =        267,      15352      
# span 21 =         16,        497      
# span 22 = 0.0000e+00, 0.0000e+00      
# interval = decibars: 1                
# start_time = Jan 05 2017 15:01:23 [NMEA time, header]
# bad_flag = -9.990e-29
*END*
      2.982   20.27654 -106.21118      3.000    26.0288    26.0277    26.0281    34.6709    34.6815  1022.7890    22.7761 2.4057e-01    198.210  203.70186     0.1768    95.6752     1.4244     2.2520      6.955 9.6445e+02        267        497 0.0000e+00
      3.975   20.27654 -106.21118      4.000    26.0310    26.0295    26.0301    34.6710    34.6816  1022.7927    22.7755 2.2558e-01    198.106  203.69402     0.1733    95.7586     1.4243     2.2524      6.955 8.7428e+02        550         69 0.0000e+00
      4.969   20.27654 -106.21118      5.000    26.0336    26.0331    26.0324    34.6709    34.6814  1022.7961    22.7746 2.2034e-01    197.730  203.68558     0.1736    95.7516     1.4241     2.2528      6.955 7.1260e+02        610         77 0.0000e+00
      5.963   20.27654 -106.21118      6.000    26.0331    26.0330    26.0318    34.6709    34.6814  1022.8006    22.7748 2.2146e-01    198.041  203.68691     0.1778    95.6522     1.4242     2.2530      6.955 6.1710e+02        684         59 0.0000e+00
      6.957   20.27654 -106.21118      7.000    26.0296    26.0293    26.0281    34.6712    34.6817  1022.8062    22.7761 2.2320e-01    197.831  203.69836     0.1743    95.7358     1.4243     2.2531      6.955 5.7504e+02        732         46 0.0000e+00
      7.951   20.27654 -106.21118      8.000    26.0304    26.0299    26.0286    34.6712    34.6816  1022.8102    22.7758 2.3819e-01    197.972  203.69582     0.1760    95.6949     1.4244     2.2532      6.955 4.7792e+02        788         61 0.0000e+00
      8.945   20.27654 -106.21118      9.000    26.0294    26.0294    26.0274    34.6715    34.6818  1022.8151    22.7763 2.3322e-01    197.771  203.69868     0.1795    95.6109     1.4246     2.2530      6.955 4.1467e+02        845         56 0.0000e+00
      9.939   20.27654 -106.21118     10.000    26.0286    26.0285    26.0263    34.6715    34.6818  1022.8197    22.7766 2.5410e-01    197.664  203.70153     0.1745    95.7312     1.4245     2.2531      6.955 3.7381e+02        912         69 0.0000e+00
     10.932   20.27654 -106.21118     11.000    26.0290    26.0285    26.0266    34.6715    34.6819  1022.8238    22.7765 2.3600e-01    197.778  203.69994     0.1747    95.7266     1.4248     2.2529      6.954 3.4724e+02        973         61 0.0000e+00
     11.926   20.27654 -106.21118     12.000    26.0285    26.0287    26.0258    34.6717    34.6819  1022.8284    22.7768 2.4308e-01    197.619  203.70138     0.1746    95.7286     1.4248     2.2531      6.954 3.0836e+02       1038         56 0.0000e+00
     12.920   20.27654 -106.21118     13.000    26.0297    26.0293    26.0268    34.6717    34.6820  1022.8324    22.7764 2.5157e-01    197.490  203.69747     0.1745    95.7317     1.4244     2.2533      6.954 2.7730e+02       1086         51 0.0000e+00
     13.914   20.27654 -106.21118     14.000    26.0292    26.0290    26.0261    34.6711    34.6820  1022.8364    22.7761 2.5131e-01    197.617  203.69964     0.1756    95.7058     1.4247     2.2534      6.954 2.6671e+02       1151         74 0.0000e+00
     14.907   20.27654 -106.21118     15.000    26.0292    26.0291    26.0258    34.6718    34.6820  1022.8412    22.7766 2.4097e-01    197.722  203.69901     0.1758    95.6996     1.4248     2.2533      6.953 2.4264e+02       1213         52 0.0000e+00
     15.901   20.27654 -106.21118     16.000    26.0296    26.0295    26.0261    34.6718    34.6820  1022.8454    22.7765 2.6269e-01    197.926  203.69748     0.1766    95.6816     1.4248     2.2529      6.952 2.2015e+02       1379        331 0.0000e+00
     16.895   20.27654 -106.21118     17.000    26.0300    26.0297    26.0263    34.6719    34.6821  1022.8496    22.7764 2.3576e-01    198.416  203.69594     0.1750    95.7186     1.4248     2.2531      6.951 2.0334e+02       1619         67 0.0000e+00
     17.889   20.27654 -106.21118     18.000    26.0294    26.0294    26.0254    34.6719    34.6822  1022.8541    22.7766 2.3649e-01    197.605  203.69826     0.1726    95.7757     1.4246     2.2535      6.951 1.8087e+02       1664         47 0.0000e+00
     18.883   20.27654 -106.21118     19.000    26.0288    26.0279    26.0245    34.6720    34.6823  1022.8587    22.7769 2.5504e-01    197.719  203.70005     0.1762    95.6914     1.4248     2.2535      6.951 1.6672e+02       1709         50 0.0000e+00
     19.877   20.27654 -106.21118     20.000    26.0276    26.0273    26.0231    34.6721    34.6823  1022.8635    22.7774 2.4495e-01    197.628  203.70398     0.1776    95.6568     1.4249     2.2533      6.951 1.5680e+02       1768         59 0.0000e+00
     20.870   20.27654 -106.21118     21.000    26.0278    26.0278    26.0231    34.6721    34.6823  1022.8677    22.7773 2.4808e-01    198.457  203.70317     0.1757    95.7033     1.4249     2.2534      6.951 1.3908e+02       1823         48 0.0000e+00
     21.864   20.27654 -106.21118     22.000    26.0258    26.0260    26.0209    34.6723    34.6825  1022.8728    22.7781 2.5245e-01    197.930  203.70961     0.1743    95.7357     1.4249     2.2534      6.951 1.3349e+02       1864         38 0.0000e+00
     22.858   20.27654 -106.21118     23.000    26.0234    26.0233    26.0183    34.6724    34.6827  1022.8779    22.7789 2.6882e-01    197.787  203.71741     0.1764    95.6848     1.4249     2.2533      6.951 1.2122e+02       1909         59 0.0000e+00
     23.852   20.27654 -106.21118     24.000    26.0207    26.0204    26.0154    34.6725    34.6828  1022.8831    22.7798 2.7888e-01    197.902  203.72628     0.1738    95.7484     1.4252     2.2533      6.950 1.1042e+02       1986         61 0.0000e+00
     24.845   20.27654 -106.21118     25.000    25.9821    25.9793    25.9766    34.6744    34.6847  1022.9009    22.7933 2.6760e-01    198.308  203.85361     0.1757    95.7021     1.4260     2.2518      6.950 1.0607e+02       2024         29 0.0000e+00
     25.839   20.27654 -106.21118     26.000    25.9634    25.9611    25.9576    34.6757    34.6859  1022.9120    22.8001 2.7842e-01    197.234  203.91476     0.1798    95.6053     1.4273     2.2501      6.950 9.8146e+01       2053         32 0.0000e+00
     26.833   20.27654 -106.21118     27.000    25.9511    25.9495    25.9451    34.6759    34.6862  1022.9202    22.8040 2.8910e-01    198.199  203.95608     0.1806    95.5864     1.4275     2.2490      6.950 8.8998e+01       2097         58 0.0000e+00
     27.827   20.27654 -106.21118     28.000    25.8676    25.8711    25.8614    34.6752    34.6850  1022.9500    22.8294 3.0844e-01    198.024  204.23833     0.1868    95.4369     1.4289     2.2472      6.950 8.1883e+01       2167         59 0.0000e+00
     28.820   20.27654 -106.21118     29.000    25.8063    25.8049    25.7999    34.6733    34.6834  1022.9719    22.8470 3.4365e-01    197.381  204.44760     0.1866    95.4412     1.4326     2.2424      6.950 7.7783e+01       2213         41 0.0000e+00
     29.814   20.27654 -106.21118     30.000    25.7660    25.7651    25.7594    34.6707    34.6801  1022.9867    22.8575 4.0532e-01    196.100  204.58746     0.1906    95.3455     1.4357     2.2389      6.950 6.9877e+01       2255         48 0.0000e+00
     30.808   20.27654 -106.21118     31.000    25.5555    25.5526    25.5487    34.6620    34.6699  1023.0495    22.9159 4.4547e-01    196.415  205.31450     0.1959    95.2193     1.4414     2.2322      6.950 6.3273e+01       2311         54 0.0000e+00
     31.801   20.27654 -106.21118     32.000    25.3449    25.3469    25.3379    34.6579    34.6672  1023.1155    22.9775 5.3158e-01    194.562  206.03917     0.2071    94.9536     1.4528     2.2178      6.950 6.0014e+01       2357         43 0.0000e+00
     32.795   20.27654 -106.21118     33.000    25.3287    25.3283    25.3215    34.6555    34.6655  1023.1230    22.9807 5.0283e-01    192.715  206.09789     0.2085    94.9211     1.4565     2.2126      6.950 5.4485e+01       2399         42 0.0000e+00
     33.789   20.27654 -106.21118     34.000    25.3222    25.3202    25.3148    34.6539    34.6637  1023.1280    22.9815 5.4563e-01    193.614  206.12239     0.2106    94.8717     1.4581     2.2099      6.950 4.8646e+01       2447         54 0.0000e+00
     34.783   20.27654 -106.21118     35.000    25.2650    25.2617    25.2574    34.6516    34.6614  1023.1481    22.9972 5.4995e-01    193.161  206.32191     0.2125    94.8251     1.4602     2.2064      6.950 4.4218e+01       2503         55 0.0000e+00
     35.776   20.27654 -106.21118     36.000    25.1506    25.1497    25.1428    34.6475    34.6558  1023.1843    23.0290 5.8003e-01    193.686  206.72162     0.2168    94.7235     1.4639     2.2019      6.950 4.1394e+01       2555         45 0.0000e+00
     36.770   20.27654 -106.21118     37.000    23.8846    23.8663    23.8769    34.6006    34.6036  1023.5326    23.3726 1.2518e+00    193.509  211.24990     0.2507    93.9288     1.4939     2.1656      6.950 3.7476e+01       2600         44 0.0000e+00
     37.764   20.27654 -106.21118     38.000    22.2510    22.2368    22.2435    34.5711    34.5766  1023.9854    23.8204 3.4205e+00    184.473  217.32889     0.3484    91.6648     1.5618     2.0824      6.949 3.3894e+01       2641         41 0.0000e+00
     38.757   20.27654 -106.21118     39.000    21.4982    21.4946    21.4907    34.5776    34.5830  1024.2058    24.0361 6.3070e+00    167.675  220.19032     0.5373    87.4347     1.6520     2.0023      6.949 2.9764e+01       2688         48 0.0000e+00
     39.751   20.27654 -106.21118     40.000    20.7562    20.7209    20.7486    34.5821    34.5999  1024.4158    24.2415 3.0908e+00    143.521  223.10570     0.4455    89.5015     1.8009     1.9512      6.949 2.5303e+01       2739         55 0.0000e+00
     40.745   20.27654 -106.21118     41.000    20.4322    20.4278    20.4245    34.5879    34.5972  1024.5118    24.3329 1.9187e+00     93.083  224.39105     0.3268    92.1795     2.0240     1.9128      6.948 1.9818e+01       2799         55 0.0000e+00
     41.738   20.27654 -106.21118     42.000    19.7247    19.7208    19.7171    34.5904    34.5963  1024.7048    24.5211 1.1526e+00     94.205  227.27505     0.2270    94.4821     2.1633     1.8793      6.948 1.5491e+01       2845         41 0.0000e+00
     42.732   20.27654 -106.21118     43.000    19.2635    19.2590    19.2558    34.5835    34.5896  1024.8237    24.6355 8.7383e-01     82.506  229.20044     0.1895    95.3739     2.3114     1.8352      6.946 1.3108e+01       2886         45 0.0000e+00
     43.726   20.27654 -106.21118     44.000    19.0409    19.0358    19.0331    34.5657    34.5723  1024.8715    24.6788 8.1081e-01     71.324  230.16442     0.1792    95.6196     2.4033     1.8086      6.945 1.1362e+01       2934         47 0.0000e+00
     44.719   20.27654 -106.21118     45.000    18.8479    18.8464    18.8400    34.5607    34.5677  1024.9213    24.7240 7.4880e-01     68.967  230.98998     0.1741    95.7404     2.4682     1.7852      6.944 1.0170e+01       2980         44 0.0000e+00
     45.713   20.27654 -106.21118     46.000    18.7839    18.7823    18.7758    34.5548    34.5622  1024.9374    24.7357 8.0430e-01     64.979  231.27182     0.1675    95.8998     2.5058     1.7730      6.944 9.1630e+00       3027         51 0.0000e+00
     46.707   20.27654 -106.21118     47.000    18.6102    18.6089    18.6020    34.5507    34.5578  1024.9825    24.7763 7.3178e-01     63.454  232.02115     0.1642    95.9790     2.5329     1.7616      6.944 8.2540e+00       3082         53 0.0000e+00
     47.700   20.27654 -106.21118     48.000    18.4592    18.4572    18.4508    34.5468    34.5541  1025.0218    24.8112 6.7059e-01     59.909  232.67706     0.1620    96.0314     2.5771     1.7495      6.944 7.4795e+00       3133         53 0.0000e+00
     48.694   20.27654 -106.21118     49.000    18.2329    18.2307    18.2244    34.5415    34.5487  1025.0786    24.8634 6.6175e-01     56.978  233.66548     0.1614    96.0459     2.6229     1.7341      6.944 6.7538e+00       3188         53 0.0000e+00
     49.688   20.27654 -106.21118     50.000    17.9946    17.9942    17.9860    34.5404    34.5473  1025.1411    24.9214 5.7602e-01     53.213  234.70847     0.1557    96.1825     2.6798     1.7164      6.943 6.1606e+00       3233         38 0.0000e+00
     50.681   20.27654 -106.21118     51.000    17.5879    17.5847    17.5793    34.5504    34.5575  1025.2527    25.0283 5.0562e-01     50.056  236.48888     0.1515    96.2819     2.7687     1.6923      6.942 5.5889e+00       3270         38 0.0000e+00
     51.675   20.27654 -106.21118     52.000    17.4523    17.4513    17.4437    34.5508    34.5581  1025.2903    25.0614 5.2351e-01     41.761  237.09229     0.1454    96.4303     2.8611     1.6732      6.941 5.1037e+00       3312         48 0.0000e+00
     52.669   20.27654 -106.21118     53.000    17.3778    17.3794    17.3690    34.5470    34.5539  1025.3097    25.0764 5.5632e-01     37.994  237.43215     0.1421    96.5111     2.9075     1.6611      6.940 4.6949e+00       3370         62 0.0000e+00
     53.662   20.27654 -106.21118     54.000    17.2239    17.2240    17.2150    34.5500    34.5571  1025.3535    25.1156 4.7181e-01     37.746  238.11903     0.1418    96.5179     2.9385     1.6520      6.939 4.3153e+00       3427         51 0.0000e+00
     54.656   20.27654 -106.21118     55.000    17.1584    17.1579    17.1493    34.5530    34.5605  1025.3758    25.1335 4.5236e-01     35.521  238.40990     0.1391    96.5821     2.9774     1.6430      6.939 3.9632e+00       3472         44 0.0000e+00
     55.650   20.27654 -106.21118     56.000    17.1110    17.1115    17.1017    34.5521    34.5598  1025.3909    25.1441 4.6107e-01     33.608  238.62580     0.1389    96.5860     2.9971     1.6380      6.939 3.6254e+00       3522         53 0.0000e+00
     56.643   20.27654 -106.21118     57.000    17.0534    17.0530    17.0441    34.5549    34.5629  1025.4112    25.1599 4.3168e-01     33.218  238.88190     0.1388    96.5892     3.0152     1.6320      6.939 3.3244e+00       3568         39 0.0000e+00
     57.637   20.27654 -106.21118     58.000    17.0029    17.0023    16.9934    34.5556    34.5635  1025.4282    25.1725 4.4069e-01     32.026  239.11033     0.1376    96.6190     3.0327     1.6272      6.939 3.0636e+00       3609         48 0.0000e+00
     58.630   20.27654 -106.21118     59.000    16.9338    16.9354    16.9241    34.5572    34.5651  1025.4502    25.1900 4.5707e-01     30.745  239.42194     0.1363    96.6511     3.0535     1.6224      6.939 2.8373e+00       3668         58 0.0000e+00
     59.624   20.27654 -106.21118     60.000    16.8621    16.8620    16.8523    34.5593    34.5673  1025.4732    25.2086 4.0575e-01     29.919  239.74559     0.1356    96.6664     3.0705     1.6170      6.939 2.6333e+00       3715         42 0.0000e+00
     60.618   20.27654 -106.21118     61.000    16.7943    16.7950    16.7844    34.5622    34.5700  1025.4959    25.2268 4.0447e-01     29.225  240.05051     0.1383    96.6014     3.0904     1.6098      6.939 2.4319e+00       3757         47 0.0000e+00
     61.611   20.27654 -106.21118     62.000    16.6951    16.6998    16.6851    34.5660    34.5737  1025.5266    25.2530 4.2108e-01     27.858  240.49933     0.1328    96.7349     3.1080     1.6053      6.938 2.2492e+00       3816         62 0.0000e+00
     62.605   20.27654 -106.21118     63.000    16.6273    16.6268    16.6172    34.5712    34.5796  1025.5509    25.2729 3.3930e-01     26.706  240.80249     0.1314    96.7698     3.1327     1.5986      6.937 2.0901e+00       3865         36 0.0000e+00
     63.598   20.27654 -106.21118     64.000    16.5992    16.5992    16.5888    34.5750    34.5834  1025.5649    25.2824 3.3573e-01     25.781  240.92601     0.1306    96.7881     3.1572     1.5925      6.937 1.9335e+00       3901         40 0.0000e+00
