data/ctd-cnv/SKQ1617/SKQ1617-St15-P1/skq201617s-025avg.cnv
* Sea-Bird SBE 9 Data File:
* FileName = D:\CTD\SKQ201617S\SKQ201617S-025.hex
* Software Version Seasave V 7.22.5
* Temperature SN = 5773
* Conductivity SN = 2251
* Number of Bytes Per Scan = 37
* Number of Voltage Words = 4
* Number of Scans Averaged by the Deck Unit = 1
* NMEA Latitude = 20 13.36 N
* NMEA Longitude = 106 10.68 W
* NMEA UTC (Time) = Jan 04 2017  08:09:11
* NMEA baud rate = 4800
** Ship: R/V Sikuliaq
** Station Number: 025
** Station Name: Station 15
** Depth: 2463.99m
** Operator: RML
# nquan = 23
# nvalues = 260                         
# units = specified
# name 0 = depSMignore: Depth [salt water, m]
# name 1 = latitude: Latitude [deg]
# name 2 = longitude: Longitude [deg]
# name 3 = prDM: Pressure, Digiquartz [db]
# name 4 = t090C: Temperature [ITS-90, deg C]
# name 5 = t190C: Temperature, 2 [ITS-90, deg C]
# name 6 = potemp090C: Potential Temperature [ITS-90, deg C]
# name 7 = sal00: Salinity, Practical [PSU]
# name 8 = sal11: Salinity, Practical, 2 [PSU]
# name 9 = density00: Density [density, kg/m^3]
# name 10 = sigma-t00: Density [sigma-t, kg/m^3 ]
# name 11 = flSP: Fluorescence, Seapoint
# name 12 = sbox0Mm/Kg: Oxygen, SBE 43 [umol/kg]
# name 13 = oxsolMm/Kg: Oxygen Saturation, Garcia & Gordon [umol/kg]
# name 14 = CStarAt0: Beam Attenuation, WET Labs C-Star [1/m]
# name 15 = CStarTr0: Beam Transmission, WET Labs C-Star [%]
# name 16 = v2: Voltage 2
# name 17 = v3: Voltage 3
# name 18 = ph: pH
# name 19 = par: PAR/Irradiance, Biospherical/Licor
# name 20 = scan: Scan Count
# name 21 = nbin: number of scans per bin
# name 22 = flag: flag
# span 0 =      2.982,    260.231       
# span 1 =   20.22266,   20.22268       
# span 2 = -106.17808, -106.17806       
# span 3 =      3.000,    262.000       
# span 4 =    11.4519,    25.8682       
# span 5 =    11.4571,    25.8672       
# span 6 =    11.4188,    25.8671       
# span 7 =    34.5316,    34.8161       
# span 8 =    34.5408,    34.8243       
# span 9 =  1022.8540,  1027.6615       
# span 10 =    22.8331,    26.4859      
# span 11 = 6.9553e-02, 6.8173e+00      
# span 12 =      0.192,    199.421      
# span 13 =  204.22975,  266.78367      
# span 14 =     0.0725,     0.5678      
# span 15 =    86.7660,    98.2030      
# span 16 =     1.4292,     3.7118      
# span 17 =     1.1794,     2.2410      
# span 18 =      6.872,      6.963      
# span 19 = -6.936e-07, 5.3203e-01      
# span 20 =       -219,      16956      
# span 21 =         18,       1585      
# span 22 = 0.0000e+00, 0.0000e+00      
# interval = decibars: 1                
# start_time = Jan 04 2017 08:09:11 [NMEA time, header]
# bad_flag = -9.990e-29
*END*
[from data line 63]
     65.586   20.22266 -106.17808     66.000    16.3449    16.3454    16.3343    34.6627    34.6716  1025.7004    25.4089 2.0666e-01      7.210  241.95878     0.1217    97.0047     3.5487     1.5669      6.934 7.7047e-03       9848         56 0.0000e+00
     66.579   20.22266 -106.17807     67.000    16.1698    16.1702    16.1592    34.6542    34.6634  1025.7388    25.4427 1.9694e-01      6.843  242.78938     0.1259    96.9016     3.5519     1.5559      6.932 7.4511e-03       9903         48 0.0000e+00
     67.573   20.22266 -106.17806     68.000    16.1172    16.1164    16.1064    34.6477    34.6563  1025.7504    25.4498 2.0510e-01      8.542  243.04636     0.1210    97.0198     3.5202     1.5478      6.931 7.4903e-03       9947         48 0.0000e+00
     68.566   20.22266 -106.17806     69.000    16.0223    16.0235    16.0115    34.6412    34.6494  1025.7715    25.4665 2.1335e-01     10.057  243.50281     0.1216    97.0048     3.4967     1.5420      6.930 7.1462e-03      10002         59 0.0000e+00
     69.560   20.22266 -106.17806     70.000    15.9826    15.9825    15.9715    34.6374    34.6460  1025.7822    25.4727 1.9179e-01     10.872  243.69635     0.1222    96.9919     3.4791     1.5370      6.930 7.0473e-03      10059         39 0.0000e+00
     70.553   20.22266 -106.17806     71.000    15.8989    15.8989    15.8878    34.6384    34.6466  1025.8065    25.4925 1.8684e-01     11.169  244.08960     0.1209    97.0236     3.4706     1.5318      6.930 7.2449e-03      10090         29 0.0000e+00
     71.547   20.22266 -106.17806     72.000    15.8381    15.8374    15.8269    34.6482    34.6571  1025.8323    25.5138 1.8424e-01     11.202  244.36067     0.1202    97.0409     3.4776     1.5252      6.930 7.0610e-03      10122         38 0.0000e+00
     72.540   20.22266 -106.17806     73.000    15.7733    15.7755    15.7619    34.6537    34.6602  1025.8557    25.5327 1.9111e-01      9.736  244.65882     0.1199    97.0468     3.4953     1.5202      6.930 7.0129e-03      10176         70 0.0000e+00
     73.534   20.22266 -106.17807     74.000    15.7479    15.7487    15.7364    34.6730    34.6805  1025.8808    25.5533 1.6744e-01      7.907  244.74703     0.1190    97.0690     3.5124     1.5209      6.930 7.0543e-03      10247         61 0.0000e+00
     74.527   20.22266 -106.17808     75.000    15.7414    15.7409    15.7297    34.6756    34.6843  1025.8887    25.5568 1.6027e-01      5.748  244.77365     0.1183    97.0870     3.5579     1.5185      6.929 7.0171e-03      10294         40 0.0000e+00
     75.521   20.22266 -106.17808     76.000    15.7370    15.7365    15.7251    34.6751    34.6836  1025.8937    25.5574 1.6217e-01      5.372  244.79542     0.1179    97.0951     3.5793     1.5153      6.929 6.8299e-03      10336         44 0.0000e+00
     76.514   20.22266 -106.17808     77.000    15.7272    15.7277    15.7152    34.6739    34.6826  1025.8994    25.5587 1.5840e-01      5.534  244.84390     0.1182    97.0879     3.5847     1.5130      6.927 6.8654e-03      10382         45 0.0000e+00
     77.508   20.22266 -106.17806     78.000    15.7048    15.7039    15.6927    34.6719    34.6807  1025.9074    25.5622 1.5653e-01      5.676  244.95368     0.1191    97.0669     3.5837     1.5105      6.928 6.5328e-03      10424         38 0.0000e+00
     78.501   20.22266 -106.17806     79.000    15.6399    15.6454    15.6277    34.6750    34.6841  1025.9289    25.5792 1.6844e-01      5.860  245.25765     0.1188    97.0729     3.5811     1.5084      6.928 6.4956e-03      10471         65 0.0000e+00
     79.495   20.22266 -106.17806     80.000    15.5454    15.5480    15.5331    34.6894    34.6975  1025.9658    25.6115 1.5718e-01      5.209  245.68487     0.1191    97.0677     3.5864     1.5068      6.928 6.3991e-03      10547         61 0.0000e+00
     80.488   20.22266 -106.17806     81.000    15.5073    15.5075    15.4948    34.6998    34.7084  1025.9868    25.6281 1.2706e-01      4.212  245.84981     0.1183    97.0860     3.6131     1.5007      6.927 6.2387e-03      10589         38 0.0000e+00
     81.482   20.22266 -106.17806     82.000    15.4500    15.4497    15.4374    34.7116    34.7204  1026.0132    25.6500 1.2747e-01      3.434  246.10467     0.1191    97.0668     3.6383     1.4954      6.926 6.1069e-03      10627         40 0.0000e+00
     82.475   20.22266 -106.17806     83.000    15.4148    15.4149    15.4021    34.7154    34.7240  1026.0284    25.6607 1.2850e-01      2.332  246.26735     0.1163    97.1354     3.6582     1.4904      6.925 6.1570e-03      10665         36 0.0000e+00
     83.469   20.22266 -106.17806     84.000    15.3292    15.3317    15.3164    34.7211    34.7304  1026.0564    25.6842 1.4350e-01      1.780  246.67002     0.1169    97.1198     3.6708     1.4854      6.925 5.8986e-03      10708         54 0.0000e+00
     84.462   20.22266 -106.17806     85.000    15.2611    15.2679    15.2482    34.7245    34.7349  1026.0787    25.7020 1.6733e-01      1.369  246.99294     0.1182    97.0890     3.6784     1.4858      6.925 5.6744e-03      10780         65 0.0000e+00
     85.456   20.22266 -106.17806     86.000    15.1968    15.1968    15.1837    34.7272    34.7357  1026.0995    25.7183 1.7838e-01      1.331  247.29999     0.1200    97.0439     3.6821     1.4837      6.925 5.6202e-03      10831         47 0.0000e+00
     86.449   20.22266 -106.17806     87.000    15.1636    15.1634    15.1504    34.7308    34.7396  1026.1140    25.7283 2.0347e-01      1.219  247.45444     0.1209    97.0230     3.6864     1.4771      6.925 5.6522e-03      10877         45 0.0000e+00
     87.443   20.22266 -106.17806     88.000    15.1503    15.1510    15.1369    34.7308    34.7395  1026.1214    25.7313 2.1063e-01      1.044  247.51918     0.1227    96.9793     3.6891     1.4745      6.925 5.5960e-03      10926         51 0.0000e+00
     88.436   20.22266 -106.17806     89.000    15.1189    15.1188    15.1055    34.7313    34.7400  1026.1332    25.7386 2.0905e-01      1.059  247.67052     0.1235    96.9600     3.6906     1.4722      6.925 5.4807e-03      10971         41 0.0000e+00
     89.430   20.22266 -106.17806     90.000    15.0862    15.0867    15.0726    34.7328    34.7413  1026.1461    25.7470 2.1786e-01      0.956  247.82728     0.1246    96.9334     3.6920     1.4671      6.925 5.4576e-03      11012         43 0.0000e+00
     90.423   20.22266 -106.17806     91.000    15.0230    15.0280    15.0093    34.7369    34.7449  1026.1676    25.7640 2.6433e-01      0.940  248.12840     0.1301    96.8009     3.6932     1.4651      6.925 4.9935e-03      11060         51 0.0000e+00
     91.417   20.22266 -106.17806     92.000    14.8482    14.8503    14.8344    34.7505    34.7587  1026.2210    25.8127 3.9219e-01      0.825  248.96019     0.1396    96.5706     3.6956     1.4572      6.923 4.7328e-03      11109         47 0.0000e+00
     92.410   20.22266 -106.17806     93.000    14.8002    14.8017    14.7863    34.7510    34.7598  1026.2364    25.8236 4.2100e-01      0.821  249.19523     0.1373    96.6254     3.6979     1.4499      6.923 4.3762e-03      11162         52 0.0000e+00
     93.403   20.22266 -106.17806     94.000    14.7113    14.7134    14.6973    34.7574    34.7653  1026.2651    25.8478 4.8959e-01      0.671  249.62210     0.1386    96.5937     3.6987     1.4458      6.924 4.5737e-03      11207         40 0.0000e+00
     94.397   20.22266 -106.17806     95.000    14.6328    14.6302    14.6188    34.7701    34.7764  1026.2965    25.8746 6.4475e-01      0.710  249.98759     0.1434    96.4789     3.6993     1.4393      6.922 4.3686e-03      11264         75 0.0000e+00
     95.390   20.22266 -106.17806     96.000    14.5797    14.5806    14.5656    34.7684    34.7765  1026.3112    25.8848 6.4848e-01      0.687  250.25348     0.1438    96.4702     3.6988     1.4379      6.922 4.2074e-03      11322         35 0.0000e+00
     96.384   20.22266 -106.17806     97.000    14.5483    14.5484    14.5340    34.7704    34.7786  1026.3240    25.8931 6.5882e-01      0.704  250.40596     0.1444    96.4559     3.7004     1.4288      6.920 4.2951e-03      11352         33 0.0000e+00
     97.377   20.22266 -106.17806     98.000    14.5079    14.5287    14.4935    34.7774    34.7811  1026.3425    25.9071 7.0447e-01      0.648  250.59449     0.1461    96.4122     3.7007     1.4251      6.920 4.2114e-03      11399         61 0.0000e+00
     98.370   20.22266 -106.17806     99.000    14.4015    14.4071    14.3869    34.7786    34.7865  1026.3709    25.9309 6.6897e-01      0.638  251.12255     0.1447    96.4483     3.7004     1.4187      6.920 4.0280e-03      11453         38 0.0000e+00
     99.364   20.22266 -106.17806    100.000    14.3292    14.3295    14.3146    34.7827    34.7906  1026.3940    25.9495 6.6387e-01      0.671  251.47652     0.1443    96.4562     3.7011     1.4125      6.920 4.0999e-03      11490         46 0.0000e+00
    100.357   20.22266 -106.17806    101.000    14.3071    14.3038    14.2924    34.7813    34.7896  1026.4021    25.9531 6.6157e-01      0.606  251.58945     0.1441    96.4617     3.7009     1.4111      6.920 3.8936e-03      11551         61 0.0000e+00
    101.351   20.22266 -106.17806    102.000    14.2631    14.2631    14.2482    34.7792    34.7874  1026.4144    25.9608 6.1804e-01      0.554  251.81380     0.1430    96.4875     3.7007     1.4068      6.920 3.6032e-03      11596         35 0.0000e+00
    102.344   20.22266 -106.17806    103.000    14.2579    14.2580    14.2430    34.7784    34.7868  1026.4193    25.9613 6.1913e-01      0.587  251.84100     0.1427    96.4965     3.7019     1.4030      6.920 3.6757e-03      11631         36 0.0000e+00
    103.337   20.22266 -106.17806    104.000    14.2485    14.2484    14.2334    34.7777    34.7862  1026.4252    25.9628 6.1434e-01      0.580  251.88948     0.1428    96.4930     3.7021     1.4001      6.920 3.3084e-03      11667         35 0.0000e+00
    104.331   20.22266 -106.17806    105.000    14.2292    14.2291    14.2139    34.7778    34.7861  1026.4339    25.9670 5.9518e-01      0.572  251.98647     0.1418    96.5169     3.7021     1.3977      6.920 3.0421e-03      11702         31 0.0000e+00
    105.324   20.22266 -106.17806    106.000    14.1931    14.1928    14.1777    34.7777    34.7860  1026.4460    25.9746 5.6362e-01      0.581  252.16782     0.1432    96.4832     3.7028     1.3949      6.920 2.9148e-03      11731         27 0.0000e+00
    106.318   20.22266 -106.17806    107.000    14.1315    14.1321    14.1160    34.7793    34.7873  1026.4648    25.9889 5.2817e-01      0.582  252.47538     0.1409    96.5396     3.7033     1.3909      6.920 2.9872e-03      11755         22 0.0000e+00
    107.311   20.22266 -106.17806    108.000    14.0732    14.0752    14.0576    34.7836    34.7917  1026.4850    26.0045 5.0558e-01      0.583  252.76212     0.1394    96.5753     3.7033     1.3866      6.920 2.8629e-03      11778         24 0.0000e+00
    108.304   20.22266 -106.17806    109.000    14.0241    14.0250    14.0084    34.7843    34.7926  1026.5004    26.0153 4.8917e-01      0.583  253.00890     0.1401    96.5583     3.7035     1.3827      6.920 2.8624e-03      11804         25 0.0000e+00
    109.298   20.22266 -106.17806    110.000    13.9373    13.9359    13.9215    34.7871    34.7959  1026.5254    26.0357 4.3578e-01      0.580  253.44422     0.1391    96.5822     3.7033     1.3776      6.920 2.8625e-03      11833         30 0.0000e+00
    110.291   20.22266 -106.17806    111.000    13.8717    13.8712    13.8558    34.7904    34.7985  1026.5462    26.0520 3.9684e-01      0.605  253.77203     0.1376    96.6200     3.7041     1.3723      6.919 2.8624e-03      11860         24 0.0000e+00
    111.284   20.22266 -106.17806    112.000    13.8259    13.8252    13.8099    34.7951    34.8032  1026.5639    26.0652 3.7615e-01      0.596  253.99691     0.1387    96.5926     3.7045     1.3684      6.919 2.8624e-03      11884         24 0.0000e+00
    112.278   20.22266 -106.17806    113.000    13.7807    13.7797    13.7646    34.7977    34.8059  1026.5799    26.0767 3.5306e-01      0.591  254.22284     0.1382    96.6032     3.7045     1.3642      6.918 2.8624e-03      11907         23 0.0000e+00
    113.271   20.22266 -106.17806    114.000    13.7062    13.7052    13.6900    34.8027    34.8110  1026.6038    26.0959 3.1652e-01      0.591  254.59496     0.1378    96.6135     3.7045     1.3598      6.918 2.8624e-03      11930         24 0.0000e+00
    114.264   20.22266 -106.17806    115.000    13.6846    13.6846    13.6683    34.8030    34.8111  1026.6130    26.1007 3.0604e-01      0.587  254.70529     0.1373    96.6264     3.7045     1.3558      6.917 2.8624e-03      11955         25 0.0000e+00
    115.258   20.22266 -106.17806    116.000    13.6709    13.6711    13.6545    34.8029    34.8109  1026.6202    26.1034 3.0302e-01      0.576  254.77565     0.1375    96.6220     3.7045     1.3537      6.917 2.7602e-03      11982         28 0.0000e+00
    116.251   20.22266 -106.17806    117.000    13.6642    13.6643    13.6477    34.8030    34.8110  1026.6261    26.1048 3.0308e-01      0.592  254.80976     0.1383    96.6018     3.7045     1.3517      6.916 2.8115e-03      12010         27 0.0000e+00
    117.244   20.22266 -106.17806    118.000    13.6457    13.6457    13.6291    34.8030    34.8111  1026.6344    26.1087 2.8842e-01      0.581  254.90458     0.1367    96.6402     3.7045     1.3502      6.916 2.7590e-03      12037         27 0.0000e+00
    118.237   20.22266 -106.17806    119.000    13.5806    13.5804    13.5639    34.8070    34.8150  1026.6555    26.1252 2.5490e-01      0.585  255.23200     0.1360    96.6569     3.7049     1.3477      6.916 2.8041e-03      12062         24 0.0000e+00
    119.231   20.22266 -106.17806    120.000    13.5505    13.5506    13.5336    34.8090    34.8170  1026.6678    26.1330 2.4276e-01      0.590  255.38362     0.1356    96.6680     3.7053     1.3440      6.915 2.8625e-03      12087         25 0.0000e+00
    120.224   20.22266 -106.17806    121.000    13.5237    13.5241    13.5066    34.8084    34.8162  1026.6774    26.1380 2.3204e-01      0.550  255.52313     0.1375    96.6217     3.7057     1.3420      6.915 2.7556e-03      12112         26 0.0000e+00
    121.218   20.22266 -106.17806    122.000    13.4987    13.4986    13.4815    34.8084    34.8164  1026.6870    26.1432 2.1748e-01      0.596  255.65204     0.1354    96.6719     3.7057     1.3395      6.915 2.8614e-03      12137         24 0.0000e+00
    122.211   20.22266 -106.17806    123.000    13.4904    13.4903    13.4731    34.8083    34.8165  1026.6932    26.1448 2.1323e-01      0.586  255.69478     0.1346    96.6902     3.7056     1.3379      6.915 2.5880e-03      12159         20 0.0000e+00
    123.204   20.22266 -106.17806    124.000    13.4887    13.4887    13.4713    34.8080    34.8161  1026.6977    26.1450 2.1243e-01      0.554  255.70387     0.1346    96.6916     3.7057     1.3366      6.915 2.6322e-03      12179         18 0.0000e+00
    124.197   20.22266 -106.17806    125.000    13.4822    13.4824    13.4646    34.8073    34.8153  1026.7030    26.1457 2.1449e-01      0.552  255.73912     0.1350    96.6818     3.7057     1.3361      6.915 2.6211e-03      12200         23 0.0000e+00
    125.190   20.22266 -106.17806    126.000    13.4574    13.4575    13.4397    34.8075    34.8157  1026.7127    26.1510 2.0848e-01      0.533  255.86681     0.1354    96.6706     3.7056     1.3347      6.915 2.5756e-03      12226         29 0.0000e+00
    126.184   20.22266 -106.17806    127.000    13.4380    13.4382    13.4203    34.8082    34.8162  1026.7217    26.1555 1.9913e-01      0.583  255.96559     0.1347    96.6882     3.7056     1.3334      6.915 2.2281e-03      12256         29 0.0000e+00
