data/ctd-cnv/SKQ1617/SKQ1617-St15-P1/skq201617s-020avg.cnv
* Sea-Bird SBE 9 Data File:
* FileName = D:\CTD\SKQ201617S\SKQ201617S-020.hex
* Software Version Seasave V 7.22.5
* Temperature SN = 5773
* Conductivity SN = 2251
* Number of Bytes Per Scan = 37
* Number of Voltage Words = 4
* Number of Scans Averaged by the Deck Unit = 1
* NMEA Latitude = 20 10.70 N
* NMEA Longitude = 106 02.78 W
* NMEA UTC (Time) = Jan 02 2017  08:09:01
* NMEA baud rate = 4800
** Ship: R/V Sikuliaq
** Station Number: 020
** Station Name: Station 16
** Depth: 2465 m
** Operator: CAF
** UVP, zooplankton, Nicole incubations
# nquan = 23
# nvalues = 200                         
# units = specified
# name 0 = depSM: Depth [salt water, m]
# name 1 = latitude: Latitude [deg]
# name 2 = longitude: Longitude [deg]
# name 3 = prDM: Pressure, Digiquartz [db]
# name 4 = t090C: Temperature [ITS-90, deg C]
# name 5 = t190C: Temperature, 2 [ITS-90, deg C]
# name 6 = potemp090C: Potential Temperature [ITS-90, deg C]
# name 7 = sal00: Salinity, Practical [PSU]
# name 8 = sal11: Salinity, Practical, 2 [PSU]
# name 9 = density00: Density [density, kg/m^3]
# name 10 = sigma-t00: Density [sigma-t, kg/m^3 ]
# name 11 = flSP: Fluorescence, Seapoint
# name 12 = sbox0Mm/Kg: Oxygen, SBE 43 [umol/kg]
# name 13 = oxsolMm/Kg: Oxygen Saturation, Garcia & Gordon [umol/kg]
# name 14 = CStarAt0: Beam Attenuation, WET Labs C-Star [1/m]
# name 15 = CStarTr0: Beam Transmission, WET Labs C-Star [%]
# name 16 = v2: Voltage 2
# name 17 = v3: Voltage 3
# name 18 = ph: pH
# name 19 = par: PAR/Irradiance, Biospherical/Licor
# name 20 = scan: Scan Count
# name 21 = nbin: number of scans per bin
# name 22 = flag: flag
# span 0 =      2.981,    200.666       
# span 1 =   20.17788,   20.17821       
# span 2 = -106.04776, -106.04690       
# span 3 =      3.000,    202.000       
# span 4 =    12.3297,    25.8943       
# span 5 =    12.3283,    25.8958       
# span 6 =    12.3030,    25.8922       
# span 7 =    34.5089,    34.8090       
# span 8 =    34.5190,    34.8177       
# span 9 =  1022.8319,  1027.2641       
# span 10 =    22.8152,    26.3625      
# span 11 = 7.5178e-02, 6.9644e+00      
# span 12 =      0.146,    200.306      
# span 13 =  204.15856,  261.85713      
# span 14 =     0.0595,     0.6117      
# span 15 =    85.8187,    98.5238      
# span 16 =     1.4340,     3.7300      
# span 17 =     1.2454,     2.2449      
# span 18 =      7.769,      8.338      
# span 19 = -6.680e-08, 5.9004e-01      
# span 20 =       -277,      11884      
# span 21 =         29,        228      
# span 22 = 0.0000e+00, 0.0000e+00      
# interval = decibars: 1                
# start_time = Jan 02 2017 08:09:01 [NMEA time, header]
# bad_flag = -9.990e-29
*END*
[from data line 126]
    128.171   20.17798 -106.04754    129.000    13.5518    13.5517    13.5336    34.7974    34.8063  1026.6986    26.1237 2.4510e-01      0.438  255.39777     0.1297    96.8105     3.7250     1.3423      7.785 9.4683e-04       7918         42 0.0000e+00
    129.164   20.17798 -106.04754    130.000    13.5332    13.5329    13.5150    34.7980    34.8071  1026.7074    26.1280 2.3953e-01      0.420  255.49210     0.1302    96.7978     3.7257     1.3410      7.785 6.0547e-04       7961         46 0.0000e+00
    130.157   20.17798 -106.04754    131.000    13.5049    13.5027    13.4865    34.8005    34.8098  1026.7197    26.1358 2.2871e-01      0.402  255.63383     0.1291    96.8231     3.7254     1.3403      7.785 5.2524e-04       8015         57 0.0000e+00
    131.150   20.17798 -106.04754    132.000    13.4473    13.4456    13.4288    34.8036    34.8130  1026.7385    26.1500 2.0361e-01      0.414  255.92593     0.1296    96.8106     3.7251     1.3420      7.785 1.4603e-04       8077         65 0.0000e+00
    132.144   20.17798 -106.04754    133.000    13.4187    13.4184    13.4001    34.8029    34.8118  1026.7483    26.1553 1.9189e-01      0.393  256.07505     0.1298    96.8067     3.7242     1.3370      7.785 9.0392e-05       8132         49 0.0000e+00
    133.137   20.17798 -106.04754    134.000    13.4088    13.4088    13.3901    34.8028    34.8117  1026.7547    26.1573 1.8914e-01      0.387  256.12640     0.1303    96.7960     3.7247     1.3332      7.785 2.4008e-04       8179         45 0.0000e+00
    134.130   20.17798 -106.04754    135.000    13.3927    13.3921    13.3739    34.8030    34.8122  1026.7627    26.1607 1.8101e-01      0.358  256.20949     0.1303    96.7945     3.7255     1.3312      7.785 8.8687e-05       8219         34 0.0000e+00
    135.123   20.17797 -106.04755    136.000    13.3743    13.3741    13.3553    34.8041    34.8130  1026.7718    26.1653 1.7556e-01      0.407  256.30328     0.1305    96.7905     3.7255     1.3292      7.784 8.8862e-05       8255         37 0.0000e+00
    136.117   20.17796 -106.04756    137.000    13.3750    13.3757    13.3559    34.8033    34.8126  1026.7755    26.1646 1.7782e-01      0.338  256.30083     0.1304    96.7932     3.7261     1.3288      7.784 8.8881e-05       8302         63 0.0000e+00
    137.110   20.17796 -106.04756    138.000    13.3641    13.3502    13.3448    34.8029    34.8137  1026.7819    26.1665 1.7172e-01      0.311  256.35830     0.1302    96.7968     3.7258     1.3285      7.783 8.5318e-05       8369         53 0.0000e+00
    138.103   20.17796 -106.04756    139.000    13.3200    13.3191    13.3006    34.8052    34.8142  1026.7972    26.1773 1.5918e-01      0.333  256.58332     0.1297    96.8104     3.7264     1.3254      7.782 7.6320e-05       8412         42 0.0000e+00
    139.096   20.17796 -106.04756    140.000    13.3162    13.3069    13.2967    34.8060    34.8145  1026.8031    26.1787 1.5829e-01      0.308  256.60152     0.1305    96.7908     3.7265     1.3246      7.782 6.9315e-05       8475         70 0.0000e+00
    140.090   20.17796 -106.04756    141.000    13.2799    13.2796    13.2603    34.8056    34.8146  1026.8147    26.1857 1.5346e-01      0.308  256.79095     0.1303    96.7949     3.7265     1.3217      7.781 3.1989e-05       8526         38 0.0000e+00
    141.083   20.17796 -106.04757    142.000    13.2372    13.2355    13.2176    34.8070    34.8164  1026.8290    26.1955 1.4650e-01      0.334  257.01062     0.1305    96.7898     3.7268     1.3197      7.781 1.5918e-05       8567         44 0.0000e+00
    142.076   20.17796 -106.04758    143.000    13.1978    13.1977    13.1780    34.8086    34.8175  1026.8428    26.2048 1.3457e-01      0.365  257.21366     0.1293    96.8182     3.7266     1.3161      7.781 1.9643e-06       8609         37 0.0000e+00
    143.069   20.17796 -106.04758    144.000    13.1919    13.1921    13.1720    34.8083    34.8170  1026.8482    26.2056 1.3187e-01      0.335  257.24479     0.1299    96.8048     3.7260     1.3138      7.781 9.0320e-08       8641         31 0.0000e+00
    144.062   20.17796 -106.04758    145.000    13.1939    13.1912    13.1738    34.8083    34.8164  1026.8522    26.2053 1.3560e-01      0.308  257.23469     0.1301    96.8007     3.7264     1.3138      7.781 2.2137e-06       8690         74 0.0000e+00
    145.055   20.17796 -106.04758    146.000    13.1860    13.1793    13.1658    34.8073    34.8168  1026.8575    26.2061 1.3377e-01      0.306  257.27733     0.1306    96.7878     3.7262     1.3154      7.781 -6.680e-08       8763         58 0.0000e+00
    146.049   20.17796 -106.04758    147.000    13.1583    13.1578    13.1380    34.8074    34.8164  1026.8677    26.2118 1.2646e-01      0.311  257.42220     0.1299    96.8038     3.7258     1.3155      7.781 1.0000e-12       8821         48 0.0000e+00
    147.042   20.17796 -106.04758    148.000    13.1074    13.1066    13.0870    34.8081    34.8172  1026.8831    26.2226 1.1813e-01      0.314  257.68735     0.1293    96.8178     3.7263     1.3107      7.781 1.0000e-12       8860         37 0.0000e+00
    148.035   20.17796 -106.04758    149.000    13.0869    13.0868    13.0664    34.8088    34.8176  1026.8924    26.2273 1.1599e-01      0.312  257.79322     0.1295    96.8144     3.7270     1.3074      7.782 1.0000e-12       8901         42 0.0000e+00
    149.028   20.17796 -106.04758    150.000    13.0791    13.0791    13.0585    34.8086    34.8174  1026.8982    26.2287 1.1270e-01      0.304  257.83474     0.1301    96.8001     3.7275     1.3055      7.782 1.0000e-12       8941         37 0.0000e+00
    150.021   20.17795 -106.04759    151.000    13.0771    13.0762    13.0563    34.8088    34.8176  1026.9032    26.2292 1.1343e-01      0.309  257.84486     0.1298    96.8060     3.7271     1.3052      7.782 1.0000e-12       8991         75 0.0000e+00
    151.014   20.17794 -106.04760    152.000    13.0612    13.0514    13.0403    34.8079    34.8172  1026.9102    26.2317 1.0843e-01      0.309  257.92994     0.1293    96.8193     3.7265     1.3049      7.781 1.0000e-12       9061         44 0.0000e+00
    152.008   20.17794 -106.04760    153.000    13.0221    13.0217    13.0011    34.8090    34.8177  1026.9235    26.2405 1.0635e-01      0.310  258.13326     0.1295    96.8133     3.7275     1.3017      7.781 1.0000e-12       9104         54 0.0000e+00
    153.001   20.17794 -106.04760    154.000    13.0182    13.0182    12.9970    34.8085    34.8173  1026.9284    26.2409 1.0447e-01      0.310  258.15484     0.1298    96.8060     3.7274     1.3006      7.780 1.0000e-12       9161         47 0.0000e+00
    153.994   20.17794 -106.04760    155.000    13.0089    13.0091    12.9877    34.8081    34.8169  1026.9344    26.2424 1.1092e-01      0.310  258.20420     0.1291    96.8242     3.7275     1.2991      7.780 1.0000e-12       9199         36 0.0000e+00
    154.987   20.17794 -106.04760    156.000    12.9888    12.9885    12.9675    34.8084    34.8173  1026.9432    26.2467 1.0262e-01      0.310  258.30929     0.1291    96.8227     3.7276     1.2977      7.779 1.0000e-12       9240         48 0.0000e+00
    155.980   20.17794 -106.04760    157.000    12.9814    12.9818    12.9599    34.8086    34.8175  1026.9493    26.2483 1.0024e-01      0.301  258.34812     0.1295    96.8143     3.7270     1.2984      7.779 1.0000e-12       9298         59 0.0000e+00
    156.973   20.17794 -106.04761    158.000    12.9695    12.9697    12.9479    34.8084    34.8173  1026.9560    26.2506 9.9433e-02      0.308  258.41125     0.1300    96.8012     3.7266     1.2972      7.778 1.0000e-12       9351         46 0.0000e+00
    157.966   20.17794 -106.04762    159.000    12.9458    12.9457    12.9241    34.8083    34.8173  1026.9652    26.2552 9.6058e-02      0.277  258.53626     0.1299    96.8037     3.7277     1.2952      7.778 1.0000e-12       9397         47 0.0000e+00
    158.960   20.17794 -106.04762    160.000    12.9334    12.9332    12.9115    34.8075    34.8164  1026.9716    26.2571 9.5196e-02      0.286  258.60322     0.1288    96.8314     3.7276     1.2929      7.777 1.0000e-12       9443         41 0.0000e+00
    159.952   20.17794 -106.04762    161.000    12.9216    12.9216    12.8996    34.8071    34.8160  1026.9781    26.2591 9.4783e-02      0.311  258.66585     0.1293    96.8195     3.7274     1.2916      7.777 1.0000e-12       9484         47 0.0000e+00
    160.946   20.17794 -106.04762    162.000    12.9187    12.9166    12.8965    34.8074    34.8161  1026.9834    26.2600 9.5497e-02      0.264  258.68098     0.1295    96.8130     3.7277     1.2916      7.777 1.0000e-12       9545         71 0.0000e+00
    161.939   20.17794 -106.04762    163.000    12.9122    12.9124    12.8900    34.8060    34.8149  1026.9881    26.2602 9.4798e-02      0.313  258.71736     0.1298    96.8078     3.7276     1.2909      7.777 1.0000e-12       9603         43 0.0000e+00
    162.932   20.17794 -106.04762    164.000    12.9082    12.9082    12.8858    34.8056    34.8145  1026.9931    26.2607 9.4216e-02      0.210  258.73961     0.1289    96.8286     3.7277     1.2898      7.777 1.0000e-12       9646         43 0.0000e+00
    163.925   20.17794 -106.04762    165.000    12.9040    12.9040    12.8815    34.8053    34.8142  1026.9982    26.2613 9.4685e-02      0.300  258.76206     0.1290    96.8271     3.7278     1.2894      7.777 1.0000e-12       9695         45 0.0000e+00
    164.918   20.17794 -106.04764    166.000    12.9009    12.9011    12.8782    34.8051    34.8139  1027.0030    26.2617 9.1882e-02      0.230  258.77906     0.1286    96.8370     3.7269     1.2886      7.777 1.0000e-12       9736         39 0.0000e+00
    165.911   20.17794 -106.04764    167.000    12.8990    12.8991    12.8762    34.8049    34.8137  1027.0077    26.2619 9.2837e-02      0.261  258.78971     0.1295    96.8148     3.7277     1.2879      7.777 1.0000e-12       9781         52 0.0000e+00
    166.904   20.17794 -106.04764    168.000    12.8969    12.8971    12.8740    34.8047    34.8135  1027.0125    26.2622 9.3087e-02      0.249  258.80088     0.1288    96.8316     3.7277     1.2880      7.777 1.0000e-12       9834         51 0.0000e+00
    167.897   20.17793 -106.04764    169.000    12.8953    12.8955    12.8723    34.8045    34.8134  1027.0171    26.2624 9.3196e-02      0.232  258.80941     0.1292    96.8221     3.7277     1.2878      7.777 1.0000e-12       9885         52 0.0000e+00
    168.890   20.17792 -106.04764    170.000    12.8938    12.8931    12.8706    34.8045    34.8134  1027.0218    26.2627 9.3061e-02      0.251  258.81733     0.1288    96.8320     3.7277     1.2883      7.777 1.0000e-12       9942         59 0.0000e+00
    169.884   20.17792 -106.04764    171.000    12.8633    12.8617    12.8401    34.8046    34.8137  1027.0325    26.2688 9.0659e-02      0.244  258.97842     0.1286    96.8365     3.7276     1.2877      7.777 1.0000e-12       9997         44 0.0000e+00
    170.876   20.17792 -106.04765    172.000    12.8521    12.8514    12.8286    34.8043    34.8131  1027.0390    26.2708 9.0057e-02      0.253  259.03872     0.1291    96.8246     3.7277     1.2852      7.777 1.0000e-12      10037         37 0.0000e+00
    171.870   20.17792 -106.04766    173.000    12.8423    12.8422    12.8188    34.8042    34.8132  1027.0454    26.2727 8.9189e-02      0.227  259.09016     0.1291    96.8227     3.7283     1.2842      7.777 1.0000e-12      10080         52 0.0000e+00
    172.863   20.17792 -106.04766    174.000    12.8179    12.8176    12.7943    34.8043    34.8131  1027.0549    26.2776 8.7904e-02      0.245  259.21943     0.1293    96.8186     3.7277     1.2839      7.778 1.0000e-12      10130         46 0.0000e+00
    173.855   20.17792 -106.04766    175.000    12.7951    12.7948    12.7714    34.8046    34.8136  1027.0642    26.2824 8.5953e-02      0.191  259.33965     0.1291    96.8241     3.7278     1.2819      7.777 1.0000e-12      10178         51 0.0000e+00
    174.849   20.17792 -106.04766    176.000    12.7819    12.7820    12.7580    34.8046    34.8135  1027.0713    26.2851 8.6313e-02      0.258  259.40969     0.1287    96.8330     3.7280     1.2806      7.777 1.0000e-12      10229         48 0.0000e+00
    175.842   20.17792 -106.04766    177.000    12.7812    12.7816    12.7572    34.8046    34.8133  1027.0759    26.2852 8.5323e-02      0.195  259.41343     0.1289    96.8285     3.7284     1.2799      7.777 1.0000e-12      10279         57 0.0000e+00
    176.835   20.17792 -106.04767    178.000    12.7831    12.7806    12.7590    34.8046    34.8132  1027.0800    26.2848 8.6235e-02      0.215  259.40321     0.1285    96.8387     3.7278     1.2797      7.777 1.0000e-12      10346         52 0.0000e+00
    177.828   20.17792 -106.04768    179.000    12.7692    12.7690    12.7449    34.8047    34.8137  1027.0873    26.2876 8.4990e-02      0.188  259.47693     0.1288    96.8305     3.7287     1.2783      7.777 1.0000e-12      10384         35 0.0000e+00
    178.821   20.17792 -106.04768    180.000    12.7424    12.7418    12.7181    34.8073    34.8162  1027.0992    26.2949 8.1683e-02      0.222  259.61436     0.1285    96.8392     3.7288     1.2776      7.777 1.0000e-12      10428         52 0.0000e+00
    179.814   20.17792 -106.04768    181.000    12.7280    12.7279    12.7035    34.8072    34.8161  1027.1065    26.2977 8.2209e-02      0.217  259.69151     0.1284    96.8409     3.7288     1.2757      7.778 1.0000e-12      10476         41 0.0000e+00
    180.807   20.17790 -106.04768    182.000    12.7180    12.7177    12.6934    34.8073    34.8161  1027.1130    26.2998 8.0281e-02      0.171  259.74416     0.1289    96.8288     3.7289     1.2745      7.777 1.0000e-12      10516         46 0.0000e+00
    181.800   20.17790 -106.04768    183.000    12.6964    12.6926    12.6716    34.8072    34.8157  1027.1218    26.3040 7.9974e-02      0.200  259.85955     0.1285    96.8375     3.7287     1.2748      7.777 1.0000e-12      10575         61 0.0000e+00
    182.793   20.17790 -106.04769    184.000    12.6601    12.6594    12.6353    34.8043    34.8131  1027.1312    26.3089 8.0435e-02      0.197  260.05784     0.1285    96.8399     3.7287     1.2724      7.775 1.0000e-12      10627         50 0.0000e+00
    183.785   20.17790 -106.04770    185.000    12.6389    12.6387    12.6140    34.8032    34.8120  1027.1391    26.3122 7.8278e-02      0.179  260.17306     0.1281    96.8483     3.7288     1.2714      7.773 1.0000e-12      10688         61 0.0000e+00
    184.779   20.17790 -106.04770    186.000    12.6286    12.6287    12.6036    34.8015    34.8102  1027.1443    26.3129 8.0171e-02      0.192  260.23110     0.1284    96.8416     3.7288     1.2687      7.773 1.0000e-12      10736         39 0.0000e+00
    185.772   20.17790 -106.04770    187.000    12.6043    12.6035    12.5792    34.7996    34.8086  1027.1522    26.3163 7.7706e-02      0.188  260.36410     0.1289    96.8294     3.7289     1.2671      7.773 1.0000e-12      10774         39 0.0000e+00
    186.765   20.17790 -106.04770    188.000    12.5792    12.5791    12.5539    34.7993    34.8082  1027.1614    26.3210 7.9081e-02      0.171  260.49934     0.1282    96.8448     3.7289     1.2650      7.774 1.0000e-12      10812         40 0.0000e+00
    187.758   20.17790 -106.04770    189.000    12.5671    12.5675    12.5418    34.7989    34.8078  1027.1679    26.3230 7.7110e-02      0.227  260.56429     0.1281    96.8470     3.7289     1.2643      7.774 1.0000e-12      10861         57 0.0000e+00
    188.751   20.17790 -106.04771    190.000    12.5595    12.5592    12.5340    34.7978    34.8067  1027.1731    26.3237 7.7150e-02      0.146  260.60720     0.1290    96.8263     3.7288     1.2635      7.774 1.0000e-12      10919         49 0.0000e+00
