data/ctd-cnv/SKQ1617/SKQ1617-St15-P1/skq201617s-021avg.cnv
* Sea-Bird SBE 9 Data File:
* FileName = D:\CTD\SKQ201617S\SKQ201617S-021.hex
* Software Version Seasave V 7.22.5
* Temperature SN = 5773
* Conductivity SN = 2251
* Number of Bytes Per Scan = 37
* Number of Voltage Words = 4
* Number of Scans Averaged by the Deck Unit = 1
* NMEA Latitude = 20 12.18 N
* NMEA Longitude = 106 04.89 W
* NMEA UTC (Time) = Jan 02 2017  14:17:06
* NMEA baud rate = 4800
** Ship: R/V Sikuliaq
** Station Number: 021
** Station Name: Station 17
** Depth: 2580 m
** Operator: RML
# nquan = 23
# nvalues = 1007                        
# units = specified
# name 0 = depSMignore: Depth [salt water, m]
# name 1 = latitude: Latitude [deg]
# name 2 = longitude: Longitude [deg]
# name 3 = prDM: Pressure, Digiquartz [db]
# name 4 = t090C: Temperature [ITS-90, deg C]
# name 5 = t190C: Temperature, 2 [ITS-90, deg C]
# name 6 = potemp090C: Potential Temperature [ITS-90, deg C]
# name 7 = sal00: Salinity, Practical [PSU]
# name 8 = sal11: Salinity, Practical, 2 [PSU]
# name 9 = density00: Density [density, kg/m^3]
# name 10 = sigma-t00: Density [sigma-t, kg/m^3 ]
# name 11 = flSP: Fluorescence, Seapoint
# name 12 = sbox0Mm/Kg: Oxygen, SBE 43 [umol/kg]
# name 13 = oxsolMm/Kg: Oxygen Saturation, Garcia & Gordon [umol/kg]
# name 14 = CStarAt0: Beam Attenuation, WET Labs C-Star [1/m]
# name 15 = CStarTr0: Beam Transmission, WET Labs C-Star [%]
# name 16 = v2: Voltage 2
# name 17 = v3: Voltage 3
# name 18 = ph: pH
# name 19 = par: PAR/Irradiance, Biospherical/Licor
# name 20 = scan: Scan Count
# name 21 = nbin: number of scans per bin
# name 22 = flag: flag
# span 0 =      3.975,   1001.383       
# span 1 =   20.20294,   20.20338       
# span 2 = -106.08246, -106.08146       
# span 3 =      4.000,   1010.000       
# span 4 =     4.7454,    25.8065       
# span 5 =     4.7451,    25.8054       
# span 6 =     4.6632,    25.8036       
# span 7 =    34.5123,    34.8152       
# span 8 =    34.5147,    34.8236       
# span 9 =  1022.8637,  1031.9686       
# span 10 =    22.8420,    27.3308      
# span 11 = 7.0647e-02, 6.6386e+00      
# span 12 =     -0.027,    199.076      
# span 13 =  204.45602,  310.33012      
# span 14 =     0.0541,     0.5074      
# span 15 =    88.0881,    98.6567      
# span 16 =     1.4382,     3.7411      
# span 17 =     0.6888,     2.2375      
# span 18 =      2.756,      8.344      
# span 19 = 1.0000e-12, 2.2456e+02      
# span 20 =        561,      30512      
# span 21 =         13,       1147      
# span 22 = 0.0000e+00, 0.0000e+00      
# interval = decibars: 1                
# start_time = Jan 02 2017 14:17:06 [NMEA time, header]
# bad_flag = -9.990e-29
*END*
[from data line 693]
    691.571   20.20326 -106.08226    697.000     6.6400     6.6401     6.5748    34.5356    34.5436  1030.2833    27.1021 8.5453e-02      0.104  296.88884     0.0565    98.5989     3.7398     0.8245      3.475 1.0000e-12      20645         28 0.0000e+00
    692.562   20.20326 -106.08226    698.000     6.6383     6.6385     6.5730    34.5356    34.5433  1030.2880    27.1022 8.6573e-02      0.032  296.90057     0.0564    98.5999     3.7396     0.8242      3.467 1.0000e-12      20678         32 0.0000e+00
    693.552   20.20326 -106.08226    699.000     6.6362     6.6364     6.5708    34.5355    34.5434  1030.2928    27.1025 8.5386e-02      0.177  296.91516     0.0565    98.5993     3.7397     0.8241      3.463 1.0000e-12      20702         19 0.0000e+00
    694.543   20.20326 -106.08228    700.000     6.6349     6.6351     6.5694    34.5355    34.5434  1030.2975    27.1026 8.2473e-02      0.036  296.92384     0.0565    98.5992     3.7398     0.8237      3.461 1.0000e-12      20720         17 0.0000e+00
    695.533   20.20326 -106.08228    701.000     6.6337     6.6339     6.5681    34.5354    34.5433  1030.3021    27.1027 8.4254e-02     -0.018  296.93231     0.0557    98.6182     3.7397     0.8236      3.454 1.0000e-12      20736         15 0.0000e+00
    696.524   20.20326 -106.08228    702.000     6.6328     6.6330     6.5671    34.5354    34.5434  1030.3068    27.1028 8.5313e-02      0.125  296.93865     0.0561    98.6070     3.7399     0.8232      3.444 1.0000e-12      20752         17 0.0000e+00
    697.514   20.20326 -106.08228    703.000     6.6301     6.6305     6.5643    34.5353    34.5432  1030.3116    27.1031 8.4449e-02      0.094  296.95709     0.0562    98.6046     3.7399     0.8235      3.428 1.0000e-12      20773         28 0.0000e+00
    698.505   20.20326 -106.08228    704.000     6.6291     6.6293     6.5632    34.5351    34.5431  1030.3162    27.1031 8.2630e-02      0.088  296.96466     0.0573    98.5775     3.7397     0.8236      3.412 1.0000e-12      20809         38 0.0000e+00
    699.495   20.20326 -106.08228    705.000     6.6281     6.6284     6.5622    34.5351    34.5430  1030.3209    27.1033 8.5098e-02      0.026  296.97070     0.0568    98.5907     3.7395     0.8235      3.419 1.0000e-12      20839         23 0.0000e+00
    700.486   20.20326 -106.08228    706.000     6.6255     6.6257     6.5594    34.5351    34.5429  1030.3258    27.1036 8.6184e-02      0.097  296.98901     0.0563    98.6021     3.7397     0.8232      3.411 1.0000e-12      20861         21 0.0000e+00
    701.477   20.20326 -106.08228    707.000     6.6216     6.6219     6.5554    34.5349    34.5428  1030.3307    27.1039 8.5623e-02      0.115  297.01627     0.0560    98.6094     3.7397     0.8227      3.400 1.0000e-12      20883         24 0.0000e+00
    702.467   20.20326 -106.08228    708.000     6.6116     6.6118     6.5454    34.5349    34.5428  1030.3368    27.1053 8.4381e-02      0.050  297.08398     0.0564    98.6009     3.7399     0.8225      3.385 1.0000e-12      20913         36 0.0000e+00
    703.457   20.20326 -106.08228    709.000     6.6025     6.6028     6.5363    34.5347    34.5426  1030.3425    27.1064 8.5494e-02      0.149  297.14648     0.0564    98.5997     3.7397     0.8218      3.379 1.0000e-12      20948         28 0.0000e+00
    704.448   20.20326 -106.08228    710.000     6.5849     6.5851     6.5186    34.5349    34.5427  1030.3498    27.1089 8.6353e-02      0.017  297.26638     0.0563    98.6032     3.7397     0.8211      3.372 1.0000e-12      20971         21 0.0000e+00
    705.439   20.20326 -106.08228    711.000     6.5647     6.5650     6.4984    34.5352    34.5430  1030.3575    27.1118 8.5758e-02      0.040  297.40363     0.0563    98.6038     3.7399     0.8200      3.367 1.0000e-12      20990         17 0.0000e+00
    706.429   20.20326 -106.08228    712.000     6.5542     6.5548     6.4879    34.5353    34.5431  1030.3638    27.1133 8.5323e-02      0.070  297.47484     0.0561    98.6084     3.7399     0.8192      3.363 1.0000e-12      21007         17 0.0000e+00
    707.419   20.20326 -106.08228    713.000     6.5468     6.5469     6.4805    34.5351    34.5430  1030.3692    27.1141 8.6359e-02      0.076  297.52559     0.0558    98.6157     3.7399     0.8184      3.361 1.0000e-12      21025         19 0.0000e+00
    708.410   20.20326 -106.08228    714.000     6.5417     6.5420     6.4753    34.5349    34.5426  1030.3743    27.1146 8.4044e-02      0.087  297.56083     0.0561    98.6086     3.7399     0.8173      3.356 1.0000e-12      21046         24 0.0000e+00
    709.400   20.20326 -106.08228    715.000     6.5361     6.5364     6.4697    34.5347    34.5425  1030.3796    27.1152 8.5574e-02      0.180  297.59950     0.0563    98.6027     3.7399     0.8173      3.354 1.0000e-12      21071         25 0.0000e+00
    710.391   20.20326 -106.08228    716.000     6.5341     6.5343     6.4676    34.5345    34.5424  1030.3842    27.1153 8.6096e-02     -0.003  297.61346     0.0561    98.6085     3.7399     0.8164      3.352 1.0000e-12      21096         24 0.0000e+00
    711.381   20.20326 -106.08228    717.000     6.5332     6.5333     6.4665    34.5344    34.5422  1030.3888    27.1153 8.5594e-02      0.025  297.62058     0.0564    98.5997     3.7399     0.8163      3.350 1.0000e-12      21118         22 0.0000e+00
    712.372   20.20326 -106.08229    718.000     6.5306     6.5308     6.4639    34.5341    34.5419  1030.3935    27.1155 8.6697e-02      0.194  297.63845     0.0560    98.6109     3.7399     0.8162      3.341 1.0000e-12      21140         22 0.0000e+00
    713.362   20.20326 -106.08230    719.000     6.5253     6.5254     6.4584    34.5340    34.5418  1030.3988    27.1161 8.4966e-02      0.013  297.67556     0.0560    98.6091     3.7399     0.8162      3.331 1.0000e-12      21170         41 0.0000e+00
    714.353   20.20326 -106.08230    720.000     6.5205     6.5207     6.4536    34.5339    34.5417  1030.4039    27.1166 8.6572e-02      0.093  297.70821     0.0553    98.6258     3.7398     0.8161      3.327 1.0000e-12      21212         37 0.0000e+00
    715.343   20.20326 -106.08230    721.000     6.5120     6.5118     6.4450    34.5335    34.5412  1030.4095    27.1175 8.5519e-02      0.051  297.76745     0.0555    98.6211     3.7399     0.8155      3.327 1.0000e-12      21241         23 0.0000e+00
    716.334   20.20326 -106.08230    722.000     6.4808     6.4807     6.4140    34.5336    34.5415  1030.4187    27.1217 8.5120e-02      0.078  297.98050     0.0562    98.6044     3.7399     0.8143      3.327 1.0000e-12      21263         21 0.0000e+00
    717.324   20.20327 -106.08230    723.000     6.4641     6.4646     6.3973    34.5340    34.5418  1030.4260    27.1242 8.4446e-02      0.144  298.09387     0.0564    98.6007     3.7399     0.8132      3.326 1.0000e-12      21283         18 0.0000e+00
    718.315   20.20328 -106.08230    724.000     6.4605     6.4612     6.3935    34.5338    34.5416  1030.4309    27.1246 8.6521e-02      0.102  298.11977     0.0562    98.6066     3.7399     0.8126      3.323 1.0000e-12      21302         18 0.0000e+00
    719.305   20.20328 -106.08230    725.000     6.4583     6.4584     6.3912    34.5335    34.5412  1030.4355    27.1246 8.5494e-02      0.034  298.13544     0.0553    98.6262     3.7399     0.8116      3.322 1.0000e-12      21321         20 0.0000e+00
    720.295   20.20328 -106.08230    726.000     6.4566     6.4568     6.3895    34.5333    34.5413  1030.4402    27.1247 8.5297e-02      0.090  298.14707     0.0557    98.6169     3.7400     0.8113      3.361 1.0000e-12      21341         21 0.0000e+00
    721.286   20.20328 -106.08230    727.000     6.4558     6.4557     6.3886    34.5331    34.5410  1030.4447    27.1246 8.4654e-02      0.149  298.15311     0.0558    98.6152     3.7400     0.8111      3.528 1.0000e-12      21361         18 0.0000e+00
    722.276   20.20328 -106.08230    728.000     6.4525     6.4527     6.3852    34.5331    34.5408  1030.4497    27.1250 8.7089e-02      0.048  298.17609     0.0567    98.5911     3.7399     0.8109      3.731 1.0000e-12      21381         22 0.0000e+00
    723.267   20.20328 -106.08230    729.000     6.4480     6.4483     6.3807    34.5329    34.5407  1030.4547    27.1254 8.6103e-02      0.025  298.20699     0.0565    98.5973     3.7399     0.8106      3.881 1.0000e-12      21403         24 0.0000e+00
    724.257   20.20328 -106.08230    730.000     6.4426     6.4428     6.3751    34.5327    34.5405  1030.4599    27.1260 8.4625e-02      0.101  298.24506     0.0554    98.6251     3.7399     0.8102      3.961 1.0000e-12      21431         29 0.0000e+00
    725.247   20.20328 -106.08230    731.000     6.4328     6.4330     6.3653    34.5325    34.5403  1030.4657    27.1272 8.6048e-02      0.031  298.31239     0.0557    98.6176     3.7399     0.8101      3.990 1.0000e-12      21461         29 0.0000e+00
    726.238   20.20328 -106.08230    732.000     6.4257     6.4259     6.3581    34.5324    34.5402  1030.4712    27.1280 8.7022e-02      0.094  298.36161     0.0558    98.6156     3.7399     0.8092      4.008 1.0000e-12      21489         30 0.0000e+00
    727.228   20.20328 -106.08230    733.000     6.4099     6.4100     6.3424    34.5321    34.5399  1030.4778    27.1299 8.6059e-02      0.059  298.47036     0.0553    98.6271     3.7399     0.8087      4.033 1.0000e-12      21522         34 0.0000e+00
    728.218   20.20328 -106.08231    734.000     6.3957     6.3960     6.3282    34.5325    34.5402  1030.4848    27.1321 8.5556e-02      0.049  298.56715     0.0554    98.6247     3.7399     0.8078      4.046 1.0000e-12      21553         25 0.0000e+00
    729.209   20.20328 -106.08232    735.000     6.3900     6.3902     6.3224    34.5320    34.5398  1030.4898    27.1324 8.7117e-02      0.119  298.60731     0.0553    98.6268     3.7400     0.8074      4.055 1.0000e-12      21574         18 0.0000e+00
    730.199   20.20328 -106.08232    736.000     6.3822     6.3823     6.3145    34.5320    34.5399  1030.4955    27.1335 8.5074e-02      0.073  298.66119     0.0555    98.6221     3.7400     0.8067      4.063 1.0000e-12      21591         17 0.0000e+00
    731.190   20.20328 -106.08232    737.000     6.3782     6.3784     6.3105    34.5320    34.5397  1030.5005    27.1339 8.5875e-02      0.056  298.68855     0.0564    98.6008     3.7400     0.8063      4.066 1.0000e-12      21608         18 0.0000e+00
    732.180   20.20328 -106.08232    738.000     6.3749     6.3750     6.3071    34.5317    34.5396  1030.5054    27.1342 8.5650e-02      0.144  298.71186     0.0554    98.6250     3.7400     0.8054      4.073 1.0000e-12      21628         21 0.0000e+00
    733.170   20.20328 -106.08232    739.000     6.3675     6.3674     6.2996    34.5317    34.5395  1030.5110    27.1351 8.7073e-02      0.021  298.76347     0.0557    98.6168     3.7400     0.8053      4.079 1.0000e-12      21649         23 0.0000e+00
    734.161   20.20328 -106.08232    740.000     6.3584     6.3593     6.2905    34.5316    34.5394  1030.5168    27.1363 8.7215e-02      0.104  298.82609     0.0559    98.6118     3.7405     0.8045      4.090 1.0000e-12      21672         21 0.0000e+00
    735.151   20.20328 -106.08232    741.000     6.3527     6.3529     6.2847    34.5318    34.5396  1030.5223    27.1372 8.6609e-02      0.091  298.86496     0.0582    98.5556     3.7401     0.8041      4.093 1.0000e-12      21693         20 0.0000e+00
    736.141   20.20328 -106.08232    742.000     6.3448     6.3452     6.2767    34.5312    34.5391  1030.5276    27.1377 8.3552e-02      0.021  298.92065     0.0561    98.6060     3.7401     0.8037      4.093 1.0000e-12      21717         29 0.0000e+00
    737.132   20.20328 -106.08232    743.000     6.3330     6.3331     6.2649    34.5308    34.5390  1030.5335    27.1389 8.6675e-02      0.069  299.00302     0.0556    98.6191     3.7400     0.8038      4.074 1.0000e-12      21759         52 0.0000e+00
    738.122   20.20328 -106.08232    744.000     6.3220     6.3222     6.2539    34.5310    34.5388  1030.5398    27.1406 8.4496e-02      0.101  299.07793     0.0561    98.6086     3.7399     0.8031      4.019 1.0000e-12      21797         26 0.0000e+00
    739.112   20.20328 -106.08232    745.000     6.3186     6.3189     6.2504    34.5309    34.5388  1030.5448    27.1409 8.3719e-02      0.075  299.10165     0.0559    98.6132     3.7399     0.8024      4.015 1.0000e-12      21820         21 0.0000e+00
    740.103   20.20328 -106.08232    746.000     6.3160     6.3161     6.2477    34.5308    34.5387  1030.5496    27.1412 8.7321e-02      0.030  299.12024     0.0561    98.6067     3.7400     0.8021      4.015 1.0000e-12      21839         17 0.0000e+00
    741.093   20.20328 -106.08232    747.000     6.3052     6.3052     6.2369    34.5310    34.5387  1030.5559    27.1427 8.6891e-02      0.024  299.19443     0.0556    98.6197     3.7403     0.8015      4.015 1.0000e-12      21857         18 0.0000e+00
    742.083   20.20328 -106.08232    748.000     6.2991     6.2994     6.2307    34.5312    34.5389  1030.5615    27.1437 8.4919e-02      0.061  299.23577     0.0563    98.6024     3.7403     0.8007      4.017 1.0000e-12      21874         17 0.0000e+00
    743.074   20.20328 -106.08232    749.000     6.2968     6.2969     6.2283    34.5309    34.5388  1030.5661    27.1438 8.5784e-02      0.106  299.25271     0.0552    98.6291     3.7401     0.8003      4.020 1.0000e-12      21892         17 0.0000e+00
    744.064   20.20329 -106.08232    750.000     6.2904     6.2906     6.2219    34.5303    34.5382  1030.5711    27.1441 8.4888e-02      0.113  299.29786     0.0559    98.6133     3.7403     0.7998      4.022 1.0000e-12      21911         22 0.0000e+00
    745.054   20.20330 -106.08232    751.000     6.2842     6.2844     6.2156    34.5298    34.5377  1030.5762    27.1446 8.5473e-02      0.058  299.34196     0.0553    98.6280     3.7404     0.7991      4.027 1.0000e-12      21934         24 0.0000e+00
    746.045   20.20330 -106.08232    752.000     6.2702     6.2702     6.2016    34.5289    34.5369  1030.5820    27.1456 8.5095e-02      0.029  299.44037     0.0550    98.6338     3.7401     0.7989      4.034 1.0000e-12      21958         26 0.0000e+00
    747.035   20.20330 -106.08232    753.000     6.2632     6.2634     6.1945    34.5290    34.5368  1030.5877    27.1466 8.5802e-02      0.123  299.48893     0.0556    98.6188     3.7401     0.7980      4.043 1.0000e-12      21985         28 0.0000e+00
    748.025   20.20330 -106.08232    754.000     6.2510     6.2510     6.1823    34.5290    34.5368  1030.5940    27.1482 8.7058e-02      0.032  299.57328     0.0560    98.6090     3.7402     0.7977      4.053 1.0000e-12      22017         35 0.0000e+00
    749.015   20.20330 -106.08232    755.000     6.2426     6.2427     6.1738    34.5293    34.5373  1030.6001    27.1496 8.4165e-02      0.087  299.63099     0.0560    98.6100     3.7402     0.7974      4.062 1.0000e-12      22049         28 0.0000e+00
    750.006   20.20330 -106.08232    756.000     6.2356     6.2359     6.1669    34.5290    34.5368  1030.6053    27.1502 8.7171e-02      0.060  299.67958     0.0548    98.6375     3.7403     0.7967      4.070 1.0000e-12      22074         23 0.0000e+00
    750.996   20.20330 -106.08232    757.000     6.2323     6.2324     6.1634    34.5288    34.5366  1030.6102    27.1505 8.3262e-02      0.039  299.70334     0.0551    98.6306     3.7402     0.7959      4.075 1.0000e-12      22096         21 0.0000e+00
    751.986   20.20330 -106.08234    758.000     6.2289     6.2291     6.1599    34.5286    34.5365  1030.6151    27.1508 8.5892e-02      0.110  299.72724     0.0552    98.6281     3.7404     0.7957      4.081 1.0000e-12      22116         20 0.0000e+00
