data/ctd-cnv/SKQ1617/SKQ1617-St15-P1/skq201617s-021avg.cnv
* Sea-Bird SBE 9 Data File:
* FileName = D:\CTD\SKQ201617S\SKQ201617S-021.hex
* Software Version Seasave V 7.22.5
* Temperature SN = 5773
* Conductivity SN = 2251
* Number of Bytes Per Scan = 37
* Number of Voltage Words = 4
* Number of Scans Averaged by the Deck Unit = 1
* NMEA Latitude = 20 12.18 N
* NMEA Longitude = 106 04.89 W
* NMEA UTC (Time) = Jan 02 2017  14:17:06
* NMEA baud rate = 4800
** Ship: R/V Sikuliaq
** Station Number: 021
** Station Name: Station 17
** Depth: 2580 m
** Operator: RML
# nquan = 23
# nvalues = 1007                        
# units = specified
# name 0 = depSMignore: Depth [salt water, m]
# name 1 = latitude: Latitude [deg]
# name 2 = longitude: Longitude [deg]
# name 3 = prDM: Pressure, Digiquartz [db]
# name 4 = t090C: Temperature [ITS-90, deg C]
# name 5 = t190C: Temperature, 2 [ITS-90, deg C]
# name 6 = potemp090C: Potential Temperature [ITS-90, deg C]
# name 7 = sal00: Salinity, Practical [PSU]
# name 8 = sal11: Salinity, Practical, 2 [PSU]
# name 9 = density00: Density [density, kg/m^3]
# name 10 = sigma-t00: Density [sigma-t, kg/m^3 ]
# name 11 = flSP: Fluorescence, Seapoint
# name 12 = sbox0Mm/Kg: Oxygen, SBE 43 [umol/kg]
# name 13 = oxsolMm/Kg: Oxygen Saturation, Garcia & Gordon [umol/kg]
# name 14 = CStarAt0: Beam Attenuation, WET Labs C-Star [1/m]
# name 15 = CStarTr0: Beam Transmission, WET Labs C-Star [%]
# name 16 = v2: Voltage 2
# name 17 = v3: Voltage 3
# name 18 = ph: pH
# name 19 = par: PAR/Irradiance, Biospherical/Licor
# name 20 = scan: Scan Count
# name 21 = nbin: number of scans per bin
# name 22 = flag: flag
# span 0 =      3.975,   1001.383       
# span 1 =   20.20294,   20.20338       
# span 2 = -106.08246, -106.08146       
# span 3 =      4.000,   1010.000       
# span 4 =     4.7454,    25.8065       
# span 5 =     4.7451,    25.8054       
# span 6 =     4.6632,    25.8036       
# span 7 =    34.5123,    34.8152       
# span 8 =    34.5147,    34.8236       
# span 9 =  1022.8637,  1031.9686       
# span 10 =    22.8420,    27.3308      
# span 11 = 7.0647e-02, 6.6386e+00      
# span 12 =     -0.027,    199.076      
# span 13 =  204.45602,  310.33012      
# span 14 =     0.0541,     0.5074      
# span 15 =    88.0881,    98.6567      
# span 16 =     1.4382,     3.7411      
# span 17 =     0.6888,     2.2375      
# span 18 =      2.756,      8.344      
# span 19 = 1.0000e-12, 2.2456e+02      
# span 20 =        561,      30512      
# span 21 =         13,       1147      
# span 22 = 0.0000e+00, 0.0000e+00      
# interval = decibars: 1                
# start_time = Jan 02 2017 14:17:06 [NMEA time, header]
# bad_flag = -9.990e-29
*END*
[from data line 819]
    816.344   20.20332 -106.08238    823.000     5.7465     5.7467     5.6743    34.5227    34.5306  1030.9751    27.2074 8.4944e-02      0.084  303.11533     0.0547    98.6410     3.7410     0.7605      5.460 1.0000e-12      23670         26 0.0000e+00
    817.334   20.20332 -106.08238    824.000     5.7427     5.7429     5.6704    34.5225    34.5303  1030.9800    27.2076 8.4738e-02      0.082  303.14321     0.0544    98.6485     3.7411     0.7601      5.485 1.0000e-12      23698         30 0.0000e+00
    818.323   20.20332 -106.08238    825.000     5.7327     5.7328     5.6603    34.5225    34.5303  1030.9860    27.2089 8.2806e-02      0.119  303.21387     0.0557    98.6169     3.7410     0.7599      5.510 1.0000e-12      23729         29 0.0000e+00
    819.313   20.20332 -106.08238    826.000     5.7292     5.7295     5.6568    34.5225    34.5303  1030.9910    27.2093 8.6413e-02      0.037  303.23840     0.0544    98.6478     3.7411     0.7596      5.530 1.0000e-12      23754         23 0.0000e+00
    820.303   20.20332 -106.08238    827.000     5.7290     5.7292     5.6565    34.5225    34.5302  1030.9956    27.2093 8.6516e-02      0.082  303.24014     0.0549    98.6358     3.7411     0.7591      5.547 1.0000e-12      23775         21 0.0000e+00
    821.293   20.20332 -106.08238    828.000     5.7226     5.7225     5.6501    34.5218    34.5297  1031.0005    27.2096 8.6091e-02      0.192  303.28657     0.0544    98.6472     3.7411     0.7589      5.566 1.0000e-12      23798         24 0.0000e+00
    822.283   20.20332 -106.08238    829.000     5.6846     5.6861     5.6122    34.5231    34.5310  1031.0115    27.2153 8.5339e-02      0.060  303.55268     0.0545    98.6461     3.7410     0.7583      5.585 1.0000e-12      23824         27 0.0000e+00
    823.273   20.20332 -106.08238    830.000     5.6720     5.6721     5.5996    34.5234    34.5312  1031.0181    27.2172 8.5011e-02      0.124  303.64154     0.0545    98.6464     3.7408     0.7566      5.604 1.0000e-12      23850         24 0.0000e+00
    824.263   20.20332 -106.08238    831.000     5.6656     5.6659     5.5931    34.5234    34.5312  1031.0235    27.2179 8.6079e-02      0.120  303.68704     0.0543    98.6516     3.7404     0.7559      5.619 1.0000e-12      23871         20 0.0000e+00
    825.253   20.20332 -106.08240    832.000     5.6556     5.6557     5.5832    34.5234    34.5312  1031.0295    27.2191 8.6750e-02      0.164  303.75757     0.0543    98.6515     3.7404     0.7552      5.633 1.0000e-12      23891         19 0.0000e+00
    826.243   20.20332 -106.08240    833.000     5.6487     5.6487     5.5761    34.5233    34.5311  1031.0349    27.2199 8.5317e-02      0.194  303.80738     0.0552    98.6284     3.7400     0.7546      5.646 1.0000e-12      23911         21 0.0000e+00
    827.233   20.20332 -106.08240    834.000     5.6372     5.6372     5.5647    34.5232    34.5310  1031.0410    27.2212 8.6128e-02      0.143  303.88879     0.0544    98.6476     3.7399     0.7541      5.663 1.0000e-12      23934         27 0.0000e+00
    828.223   20.20332 -106.08240    835.000     5.6257     5.6257     5.5531    34.5231    34.5308  1031.0471    27.2226 8.4836e-02      0.157  303.97105     0.0547    98.6402     3.7399     0.7534      5.683 1.0000e-12      23964         31 0.0000e+00
    829.212   20.20332 -106.08240    836.000     5.6108     5.6110     5.5382    34.5228    34.5306  1031.0535    27.2242 8.5772e-02      0.240  304.07751     0.0553    98.6269     3.7399     0.7524      5.703 1.0000e-12      23991         24 0.0000e+00
    830.202   20.20332 -106.08240    837.000     5.6013     5.6016     5.5287    34.5228    34.5306  1031.0594    27.2253 8.5212e-02      0.239  304.14500     0.0549    98.6358     3.7397     0.7515      5.718 1.0000e-12      24015         23 0.0000e+00
    831.192   20.20332 -106.08240    838.000     5.5980     5.5982     5.5253    34.5227    34.5304  1031.0643    27.2257 8.2895e-02      0.323  304.16880     0.0558    98.6150     3.7387     0.7510      5.733 1.0000e-12      24038         24 0.0000e+00
    832.182   20.20332 -106.08240    839.000     5.5970     5.5971     5.5242    34.5224    34.5300  1031.0688    27.2256 8.3903e-02      0.240  304.17689     0.0568    98.5903     3.7387     0.7505      5.752 1.0000e-12      24066         31 0.0000e+00
    833.172   20.20332 -106.08240    840.000     5.5960     5.5963     5.5231    34.5222    34.5299  1031.0733    27.2255 8.4398e-02      0.293  304.18432     0.0544    98.6490     3.7387     0.7504      5.770 1.0000e-12      24094         25 0.0000e+00
    834.162   20.20332 -106.08240    841.000     5.5957     5.5961     5.5228    34.5222    34.5299  1031.0779    27.2255 8.5238e-02      0.215  304.18595     0.0559    98.6134     3.7386     0.7504      5.783 1.0000e-12      24117         19 0.0000e+00
    835.152   20.20332 -106.08240    842.000     5.5951     5.5954     5.5221    34.5220    34.5298  1031.0824    27.2255 8.6654e-02      0.249  304.19052     0.0542    98.6535     3.7387     0.7502      5.796 1.0000e-12      24136         20 0.0000e+00
    836.142   20.20332 -106.08240    843.000     5.5942     5.5945     5.5211    34.5220    34.5297  1031.0870    27.2256 8.5788e-02      0.257  304.19724     0.0542    98.6529     3.7386     0.7501      5.808 1.0000e-12      24155         19 0.0000e+00
    837.132   20.20332 -106.08240    844.000     5.5930     5.5933     5.5198    34.5218    34.5296  1031.0915    27.2255 8.6653e-02      0.277  304.20656     0.0546    98.6438     3.7387     0.7502      5.824 1.0000e-12      24181         33 0.0000e+00
    838.122   20.20332 -106.08240    845.000     5.5905     5.5909     5.5172    34.5216    34.5294  1031.0963    27.2257 8.4363e-02      0.245  304.22434     0.0543    98.6499     3.7385     0.7501      5.843 1.0000e-12      24216         31 0.0000e+00
    839.111   20.20332 -106.08240    846.000     5.5794     5.5801     5.5061    34.5215    34.5291  1031.1023    27.2270 8.4584e-02      0.214  304.30377     0.0547    98.6409     3.7382     0.7496      5.857 1.0000e-12      24241         22 0.0000e+00
    840.101   20.20332 -106.08240    847.000     5.5698     5.5700     5.4965    34.5215    34.5293  1031.1082    27.2282 8.5786e-02      0.243  304.37222     0.0553    98.6272     3.7379     0.7489      5.868 1.0000e-12      24261         21 0.0000e+00
    841.091   20.20332 -106.08240    848.000     5.5636     5.5638     5.4902    34.5221    34.5299  1031.1141    27.2294 8.6590e-02      0.300  304.41496     0.0552    98.6298     3.7376     0.7485      5.877 1.0000e-12      24280         17 0.0000e+00
    842.081   20.20332 -106.08240    849.000     5.5577     5.5579     5.4843    34.5216    34.5293  1031.1191    27.2298 8.6843e-02      0.264  304.45762     0.0546    98.6431     3.7376     0.7476      5.889 1.0000e-12      24301         24 0.0000e+00
    843.071   20.20332 -106.08240    850.000     5.5482     5.5480     5.4747    34.5210    34.5289  1031.1246    27.2305 8.5927e-02      0.333  304.52728     0.0546    98.6426     3.7375     0.7479      5.903 1.0000e-12      24328         28 0.0000e+00
    844.061   20.20332 -106.08240    851.000     5.5356     5.5354     5.4622    34.5212    34.5290  1031.1310    27.2321 8.6175e-02      0.371  304.61640     0.0551    98.6309     3.7373     0.7466      5.918 1.0000e-12      24357         25 0.0000e+00
    845.050   20.20332 -106.08240    852.000     5.5316     5.5318     5.4581    34.5214    34.5291  1031.1362    27.2327 8.7155e-02      0.315  304.64445     0.0555    98.6213     3.7365     0.7462      5.931 1.0000e-12      24381         24 0.0000e+00
    846.040   20.20332 -106.08241    853.000     5.5305     5.5307     5.4569    34.5213    34.5291  1031.1409    27.2328 8.6851e-02      0.469  304.65259     0.0557    98.6171     3.7363     0.7457      5.943 1.0000e-12      24404         24 0.0000e+00
    847.030   20.20332 -106.08242    854.000     5.5303     5.5301     5.4566    34.5211    34.5289  1031.1453    27.2326 8.7987e-02      0.536  304.65461     0.0549    98.6359     3.7362     0.7456      5.957 1.0000e-12      24432         32 0.0000e+00
    848.020   20.20332 -106.08242    855.000     5.5298     5.5298     5.4559    34.5209    34.5287  1031.1497    27.2325 8.6473e-02      0.419  304.65896     0.0550    98.6339     3.7361     0.7457      5.974 1.0000e-12      24464         29 0.0000e+00
    849.009   20.20332 -106.08242    856.000     5.5294     5.5296     5.4555    34.5209    34.5287  1031.1543    27.2326 8.7172e-02      0.469  304.66175     0.0550    98.6344     3.7360     0.7455      5.986 1.0000e-12      24490         24 0.0000e+00
    850.000   20.20332 -106.08242    857.000     5.5288     5.5291     5.4548    34.5208    34.5287  1031.1589    27.2327 8.9016e-02      0.468  304.66562     0.0553    98.6268     3.7362     0.7455      5.997 1.0000e-12      24512         20 0.0000e+00
    850.989   20.20332 -106.08242    858.000     5.5283     5.5287     5.4542    34.5208    34.5286  1031.1635    27.2327 8.7319e-02      0.409  304.66980     0.0560    98.6110     3.7362     0.7452      6.005 1.0000e-12      24530         18 0.0000e+00
    851.979   20.20332 -106.08242    859.000     5.5246     5.5247     5.4505    34.5206    34.5284  1031.1684    27.2330 8.7715e-02      0.430  304.69604     0.0559    98.6123     3.7363     0.7450      6.015 1.0000e-12      24549         18 0.0000e+00
    852.968   20.20332 -106.08242    860.000     5.5139     5.5146     5.4397    34.5208    34.5286  1031.1746    27.2344 8.9608e-02      0.425  304.77243     0.0552    98.6295     3.7362     0.7445      6.024 1.0000e-12      24569         22 0.0000e+00
    853.959   20.20332 -106.08242    861.000     5.5028     5.5028     5.4286    34.5213    34.5292  1031.1811    27.2361 9.0272e-02      0.448  304.85048     0.0552    98.6296     3.7356     0.7439      6.034 1.0000e-12      24594         28 0.0000e+00
    854.948   20.20332 -106.08242    862.000     5.4964     5.4966     5.4222    34.5217    34.5294  1031.1869    27.2373 8.7624e-02      0.434  304.89517     0.0553    98.6277     3.7353     0.7434      6.047 1.0000e-12      24623         27 0.0000e+00
    855.938   20.20332 -106.08242    863.000     5.4836     5.4837     5.4093    34.5210    34.5289  1031.1927    27.2383 8.6573e-02      0.435  304.98856     0.0551    98.6306     3.7350     0.7428      6.057 1.0000e-12      24649         28 0.0000e+00
    856.928   20.20332 -106.08242    864.000     5.4594     5.4595     5.3852    34.5221    34.5299  1031.2015    27.2421 8.5465e-02      0.448  305.15853     0.0556    98.6206     3.7350     0.7415      5.423 1.0000e-12      24676         28 0.0000e+00
    857.918   20.20332 -106.08242    865.000     5.4544     5.4548     5.3801    34.5221    34.5299  1031.2067    27.2426 8.6888e-02      0.439  305.19482     0.0568    98.5901     3.7344     0.7404      3.204 1.0000e-12      24705         29 0.0000e+00
    858.907   20.20332 -106.08242    866.000     5.4520     5.4521     5.3776    34.5220    34.5298  1031.2115    27.2429 8.6491e-02      0.555  305.21233     0.0553    98.6280     3.7338     0.7401      2.909 1.0000e-12      24733         26 0.0000e+00
    859.897   20.20332 -106.08242    867.000     5.4495     5.4497     5.3751    34.5219    34.5298  1031.2163    27.2431 8.6261e-02      0.480  305.23015     0.0554    98.6255     3.7338     0.7394      2.909 1.0000e-12      24756         20 0.0000e+00
    860.887   20.20332 -106.08242    868.000     5.4455     5.4457     5.3711    34.5220    34.5297  1031.2215    27.2436 8.6761e-02      0.561  305.25846     0.0561    98.6074     3.7338     0.7391      2.916 1.0000e-12      24775         19 0.0000e+00
    861.877   20.20332 -106.08242    869.000     5.4406     5.4407     5.3661    34.5221    34.5300  1031.2268    27.2443 8.5382e-02      0.580  305.29340     0.0557    98.6176     3.7338     0.7391      2.922 1.0000e-12      24796         23 0.0000e+00
    862.866   20.20332 -106.08242    870.000     5.4376     5.4378     5.3631    34.5221    34.5299  1031.2318    27.2447 8.9444e-02      0.714  305.31458     0.0556    98.6202     3.7338     0.7387      2.934 1.0000e-12      24823         32 0.0000e+00
    863.856   20.20332 -106.08242    871.000     5.4337     5.4338     5.3590    34.5219    34.5297  1031.2367    27.2450 8.6780e-02      0.611  305.34343     0.0560    98.6108     3.7336     0.7383      2.949 1.0000e-12      24853         25 0.0000e+00
    864.846   20.20334 -106.08242    872.000     5.4303     5.4302     5.3556    34.5220    34.5298  1031.2418    27.2455 8.6351e-02      0.645  305.36720     0.0553    98.6265     3.7333     0.7381      2.959 1.0000e-12      24876         21 0.0000e+00
    865.835   20.20334 -106.08242    873.000     5.4282     5.4284     5.3534    34.5219    34.5298  1031.2466    27.2457 8.5996e-02      0.652  305.38260     0.0554    98.6255     3.7330     0.7379      2.964 1.0000e-12      24895         19 0.0000e+00
    866.825   20.20334 -106.08242    874.000     5.4264     5.4268     5.3515    34.5219    34.5296  1031.2513    27.2459 8.8915e-02      0.551  305.39584     0.0565    98.5961     3.7328     0.7378      2.971 1.0000e-12      24916         21 0.0000e+00
    867.815   20.20334 -106.08242    875.000     5.4230     5.4233     5.3481    34.5219    34.5296  1031.2563    27.2463 8.7618e-02      0.636  305.41997     0.0558    98.6143     3.7327     0.7375      2.981 1.0000e-12      24939         25 0.0000e+00
    868.805   20.20334 -106.08242    876.000     5.4193     5.4196     5.3443    34.5217    34.5295  1031.2613    27.2466 8.7174e-02      0.688  305.44682     0.0559    98.6132     3.7326     0.7371      2.990 1.0000e-12      24964         25 0.0000e+00
    869.795   20.20334 -106.08242    877.000     5.4139     5.4139     5.3388    34.5218    34.5296  1031.2667    27.2473 8.5122e-02      0.626  305.48567     0.0562    98.6059     3.7326     0.7369      3.000 1.0000e-12      24989         25 0.0000e+00
    870.784   20.20334 -106.08242    878.000     5.4124     5.4127     5.3373    34.5218    34.5296  1031.2714    27.2474 8.7420e-02      0.637  305.49585     0.0561    98.6083     3.7325     0.7369      3.009 1.0000e-12      25014         27 0.0000e+00
    871.774   20.20334 -106.08242    879.000     5.4115     5.4116     5.3363    34.5217    34.5294  1031.2760    27.2475 8.6927e-02      0.651  305.50277     0.0559    98.6122     3.7323     0.7367      3.020 1.0000e-12      25042         29 0.0000e+00
    872.763   20.20334 -106.08242    880.000     5.4086     5.4091     5.3333    34.5215    34.5293  1031.2808    27.2477 8.8164e-02      0.662  305.52409     0.0556    98.6199     3.7323     0.7367      3.023 1.0000e-12      25073         30 0.0000e+00
    873.753   20.20334 -106.08242    881.000     5.4047     5.4050     5.3293    34.5216    34.5294  1031.2860    27.2483 8.7279e-02      0.616  305.55163     0.0553    98.6259     3.7321     0.7357      3.021 1.0000e-12      25100         24 0.0000e+00
    874.743   20.20334 -106.08242    882.000     5.4033     5.4034     5.3278    34.5216    34.5294  1031.2907    27.2484 8.7569e-02      0.615  305.56220     0.0563    98.6027     3.7316     0.7356      3.025 1.0000e-12      25123         21 0.0000e+00
    875.732   20.20334 -106.08242    883.000     5.4006     5.4005     5.3250    34.5215    34.5293  1031.2955    27.2486 8.7178e-02      0.651  305.58177     0.0558    98.6138     3.7316     0.7358      3.030 1.0000e-12      25143         20 0.0000e+00
    876.722   20.20334 -106.08242    884.000     5.3988     5.3992     5.3232    34.5215    34.5293  1031.3004    27.2489 8.6449e-02      0.747  305.59431     0.0554    98.6255     3.7316     0.7355      3.033 1.0000e-12      25162         20 0.0000e+00
