data/ctd-cnv/KM1919/KM1919-St22-P3/St22_P3_cast79-align-cellTM-derive-bin.cnv
* Sea-Bird SBE 9 Data File:
* FileName = C:\Users\otg\Desktop\CTD Data\km1920\St22_P3_cast79.hex
* Software Version Seasave V 7.26.7.107
* Temperature SN = 5554
* Conductivity SN = 3876
* Number of Bytes Per Scan = 41
* Number of Voltage Words = 4
* Number of Scans Averaged by the Deck Unit = 1
* NMEA Latitude = 22 02.46 N
* NMEA Longitude = 109 51.91 W
* NMEA UTC (Time) = Oct 18 2019  03:13:48
* NMEA baud rate = 4800
** Ship: Kilo Moana
** Station: St22  P3 cast 79
** Operator: gr
** sno catchers 270 and 570m
# nquan = 34
# nvalues = 619                         
# units = specified
# name 0 = scan: Scan Count
# name 1 = timeS: Time, Elapsed [seconds]
# name 2 = prDM: Pressure, Digiquartz [db]
# name 3 = longitude: Longitude [deg]
# name 4 = latitude: Latitude [deg]
# name 5 = depSM: Depth [salt water, m]
# name 6 = t090C: Temperature [ITS-90, deg C]
# name 7 = t190C: Temperature, 2 [ITS-90, deg C]
# name 8 = c0uS/cm: Conductivity [uS/cm]
# name 9 = c1S/m: Conductivity, 2 [S/m]
# name 10 = flECO-AFL: Fluorescence, WET Labs ECO-AFL/FL [mg/m^3]
# name 11 = CStarAt0: Beam Attenuation, WET Labs C-Star [1/m]
# name 12 = CStarTr0: Beam Transmission, WET Labs C-Star [%]
# name 13 = par: PAR/Irradiance, Biospherical/Licor
# name 14 = modError: Modulo Error Count
# name 15 = v0: Voltage 0
# name 16 = v1: Voltage 1
# name 17 = v2: Voltage 2
# name 18 = v3: Voltage 3
# name 19 = v4: Voltage 4
# name 20 = v5: Voltage 5
# name 21 = v6: Voltage 6
# name 22 = v7: Voltage 7
# name 23 = sbeox0V: Oxygen raw, SBE 43 [V]
# name 24 = sbeox1V: Oxygen raw, SBE 43, 2 [V]
# name 25 = sal00: Salinity, Practical [PSU]
# name 26 = sal11: Salinity, Practical, 2 [PSU]
# name 27 = sigma-é00: Density [sigma-theta, kg/m^3]
# name 28 = sigma-é11: Density, 2 [sigma-theta, kg/m^3]
# name 29 = sbeox0Mm/L: Oxygen, SBE 43 [umol/l], WS = 2
# name 30 = sbeox1Mm/L: Oxygen, SBE 43, 2 [umol/l], WS = 2
# name 31 = sbeox0PS: Oxygen, SBE 43 [% saturation], WS = 2
# name 32 = sbeox1PS: Oxygen, SBE 43, 2 [% saturation], WS = 2
# name 33 = flag: flag
# span 0 =         70,      33183       
# span 1 =      2.895,   1382.579       
# span 2 =      5.031,    627.858       
# span 3 = -109.86511, -109.86504       
# span 4 =   22.04108,   22.04124       
# span 5 =      5.000,    623.000       
# span 6 =     6.3786,    27.8406       
# span 7 =     6.3525,    27.8006       
# span 8 = 3.4552e+04, 5.5597e+04       
# span 9 =   3.459859,   5.567067       
# span 10 =     0.0395,     1.9684      
# span 11 =     0.0685,     0.1970      
# span 12 =    95.1939,    98.3012      
# span 13 = -3.258e-05, 2.1198e+00      
# span 14 =          0,          0      
# span 15 =     0.5030,     2.4499      
# span 16 =     0.5128,     2.4358      
# span 17 =     0.0549,     0.2478      
# span 18 =     0.1123,     0.1178      
# span 19 =     4.4285,     4.5729      
# span 20 =     0.0000,     0.0000      
# span 21 =     0.0080,     1.3459      
# span 22 =     0.0000,     0.0000      
# span 23 =     0.5025,     2.4479      
# span 24 =     0.5124,     2.4309      
# span 25 =    33.9690,    34.7629      
# span 26 =    34.0870,    34.8454      
# span 27 =    21.9010,    27.1219      
# span 28 =    22.0844,    27.1869      
# span 29 =      0.846,    232.255      
# span 30 =      0.847,    245.352      
# span 31 =      0.293,    104.740      
# span 32 =      0.291,    109.501      
# span 33 = 0.0000e+00, 0.0000e+00      
# interval = meters: 1                  
# start_time = Oct 18 2019 03:15:16 [NMEA time, first data scan]
# bad_flag = -9.990e-29
*END*
[from data line 470]
      24561   1023.327    478.532 -109.86508   22.04116    475.000     8.0383     7.9943 3.6047e+04   3.608081     0.0603     0.0718    98.2200 1.0000e-12          0     0.5031     0.5133     0.0570     0.1159     4.5692     0.0000     0.0085     0.0000     0.5026     0.5128    34.5551    34.6350    26.9260    26.9954      1.019      1.050      0.345      0.355 0.0000e+00
      24610   1025.390    479.541 -109.86508   22.04116    476.000     8.0002     7.9733 3.6010e+04   3.606097     0.0640     0.0717    98.2226 1.0000e-12          0     0.5031     0.5132     0.0574     0.1159     4.5693     0.0000     0.0085     0.0000     0.5026     0.5128    34.5536    34.6341    26.9305    26.9977      1.000      0.947      0.338      0.320 0.0000e+00
      24635   1026.411    480.549 -109.86508   22.04116    477.000     7.9977     7.9705 3.6009e+04   3.605832     0.0639     0.0720    98.2156 1.0000e-12          0     0.5031     0.5130     0.0574     0.1161     4.5690     0.0000     0.0085     0.0000     0.5026     0.5127    34.5540    34.6335    26.9312    26.9977      1.012      1.040      0.342      0.352 0.0000e+00
      24655   1027.230    481.558 -109.86508   22.04116    478.000     7.9935     7.9659 3.6005e+04   3.605480     0.0639     0.0720    98.2157 1.0000e-12          0     0.5031     0.5133     0.0574     0.1171     4.5690     0.0000     0.0085     0.0000     0.5026     0.5128    34.5538    34.6338    26.9317    26.9986      1.013      1.089      0.343      0.369 0.0000e+00
      24673   1028.007    482.567 -109.86508   22.04116    479.000     7.9844     7.9570 3.5997e+04   3.604683     0.0639     0.0720    98.2157 1.0000e-12          0     0.5032     0.5134     0.0574     0.1172     4.5690     0.0000     0.0085     0.0000     0.5026     0.5129    34.5535    34.6336    26.9328    26.9998      1.027      1.052      0.348      0.356 0.0000e+00
      24692   1028.796    483.575 -109.86508   22.04116    480.000     7.9791     7.9518 3.5993e+04   3.604207     0.0639     0.0720    98.2157 1.0000e-12          0     0.5031     0.5131     0.0574     0.1172     4.5690     0.0000     0.0085     0.0000     0.5027     0.5128    34.5533    34.6331    26.9335    27.0002      1.049      1.032      0.355      0.349 0.0000e+00
      24713   1029.661    484.584 -109.86508   22.04116    481.000     7.9699     7.9423 3.5984e+04   3.603419     0.0601     0.0718    98.2203 1.0000e-12          0     0.5031     0.5132     0.0570     0.1171     4.5692     0.0000     0.0085     0.0000     0.5027     0.5130    34.5530    34.6336    26.9346    27.0021      1.018      1.073      0.344      0.363 0.0000e+00
      24737   1030.648    485.592 -109.86508   22.04116    482.000     7.9570     7.9296 3.5973e+04   3.602259     0.0610     0.0712    98.2344 1.0000e-12          0     0.5031     0.5133     0.0571     0.1158     4.5699     0.0000     0.0085     0.0000     0.5026     0.5127    34.5532    34.6333    26.9367    27.0037      0.989      1.011      0.334      0.342 0.0000e+00
      24767   1031.931    486.601 -109.86508   22.04116    483.000     7.9398     7.9120 3.5958e+04   3.600788     0.0639     0.0717    98.2238 1.0000e-12          0     0.5031     0.5133     0.0574     0.1164     4.5694     0.0000     0.0085     0.0000     0.5026     0.5130    34.5533    34.6344    26.9393    27.0071      1.035      1.029      0.350      0.347 0.0000e+00
      24804   1033.467    487.610 -109.86508   22.04116    484.000     7.9046     7.8769 3.5924e+04   3.597498     0.0639     0.0714    98.2302 1.0000e-12          0     0.5031     0.5134     0.0574     0.1154     4.5697     0.0000     0.0085     0.0000     0.5026     0.5125    34.5510    34.6333    26.9428    27.0115      0.999      0.932      0.337      0.315 0.0000e+00
      24837   1034.831    488.618 -109.86508   22.04116    485.000     7.8734     7.8454 3.5894e+04   3.594467     0.0639     0.0712    98.2351 1.0000e-12          0     0.5031     0.5133     0.0574     0.1172     4.5699     0.0000     0.0085     0.0000     0.5026     0.5127    34.5493    34.6315    26.9460    27.0147      0.976      1.040      0.329      0.351 0.0000e+00
      24865   1036.006    489.627 -109.86508   22.04115    486.000     7.8498     7.8230 3.5872e+04   3.592232     0.0639     0.0709    98.2420 1.0000e-12          0     0.5031     0.5133     0.0574     0.1158     4.5702     0.0000     0.0085     0.0000     0.5025     0.5128    34.5481    34.6291    26.9485    27.0161      1.045      1.032      0.352      0.348 0.0000e+00
      24891   1037.091    490.636 -109.86508   22.04114    487.000     7.8418     7.8141 3.5864e+04   3.591345     0.0639     0.0708    98.2450 1.0000e-12          0     0.5031     0.5130     0.0574     0.1148     4.5703     0.0000     0.0085     0.0000     0.5026     0.5126    34.5476    34.6279    26.9494    27.0165      1.040      0.966      0.350      0.326 0.0000e+00
      24919   1038.234    491.644 -109.86508   22.04114    488.000     7.8306     7.8010 3.5854e+04   3.590198     0.0598     0.0706    98.2501 1.0000e-12          0     0.5031     0.5132     0.0570     0.1163     4.5706     0.0000     0.0085     0.0000     0.5026     0.5127    34.5468    34.6280    26.9503    27.0186      1.034      1.034      0.348      0.348 0.0000e+00
      24952   1039.645    492.653 -109.86508   22.04114    489.000     7.8110     7.7834 3.5835e+04   3.588439     0.0629     0.0709    98.2420 1.0000e-12          0     0.5030     0.5131     0.0573     0.1156     4.5702     0.0000     0.0085     0.0000     0.5026     0.5128    34.5455    34.6261    26.9522    27.0196      1.010      1.065      0.340      0.359 0.0000e+00
      24990   1041.188    493.662 -109.86508   22.04114    490.000     7.7896     7.7618 3.5815e+04   3.586510     0.0639     0.0704    98.2541 1.0000e-12          0     0.5031     0.5131     0.0574     0.1172     4.5708     0.0000     0.0085     0.0000     0.5027     0.5126    34.5445    34.6262    26.9546    27.0229      1.050      0.950      0.354      0.320 0.0000e+00
      25021   1042.511    494.670 -109.86508   22.04116    491.000     7.7702     7.7425 3.5797e+04   3.584712     0.0639     0.0710    98.2407 1.0000e-12          0     0.5031     0.5132     0.0574     0.1155     4.5701     0.0000     0.0085     0.0000     0.5026     0.5127    34.5443    34.6255    26.9572    27.0251      0.999      1.072      0.336      0.361 0.0000e+00
      25046   1043.560    495.679 -109.86508   22.04116    492.000     7.7620     7.7350 3.5790e+04   3.583980     0.0639     0.0709    98.2420 1.0000e-12          0     0.5031     0.5134     0.0574     0.1165     4.5702     0.0000     0.0085     0.0000     0.5027     0.5129    34.5445    34.6245    26.9586    27.0255      1.040      0.971      0.350      0.327 0.0000e+00
      25068   1044.446    496.688 -109.86508   22.04116    493.000     7.7561     7.7286 3.5786e+04   3.583508     0.0639     0.0709    98.2420 1.0000e-12          0     0.5032     0.5132     0.0574     0.1158     4.5702     0.0000     0.0085     0.0000     0.5026     0.5124    34.5453    34.6254    26.9601    27.0271      0.994      0.939      0.334      0.316 0.0000e+00
      25087   1045.267    497.696 -109.86508   22.04116    494.000     7.7474     7.7201 3.5778e+04   3.582759     0.0639     0.0709    98.2420 1.0000e-12          0     0.5031     0.5129     0.0574     0.1148     4.5702     0.0000     0.0085     0.0000     0.5026     0.5128    34.5453    34.6251    26.9615    27.0282      1.020      1.164      0.343      0.392 0.0000e+00
      25107   1046.085    498.705 -109.86508   22.04116    495.000     7.7409     7.7136 3.5773e+04   3.582235     0.0639     0.0709    98.2420 1.0000e-12          0     0.5031     0.5134     0.0574     0.1148     4.5702     0.0000     0.0085     0.0000     0.5026     0.5128    34.5454    34.6256    26.9625    27.0295      1.048      1.064      0.353      0.358 0.0000e+00
      25127   1046.926    499.714 -109.86508   22.04116    496.000     7.7235     7.6954 3.5757e+04   3.580749     0.0639     0.0709    98.2420 1.0000e-12          0     0.5032     0.5131     0.0574     0.1148     4.5702     0.0000     0.0085     0.0000     0.5027     0.5129    34.5452    34.6270    26.9648    27.0333      1.032      0.998      0.347      0.336 0.0000e+00
      25149   1047.852    500.722 -109.86508   22.04116    497.000     7.6985     7.6707 3.5733e+04   3.578427     0.0806     0.0702    98.2614 1.0000e-12          0     0.5031     0.5130     0.0590     0.1166     4.5711     0.0000     0.0085     0.0000     0.5026     0.5128    34.5436    34.6261    26.9672    27.0361      1.003      1.024      0.337      0.344 0.0000e+00
      25186   1049.356    501.731 -109.86508   22.04115    498.000     7.6676     7.6400 3.5703e+04   3.575313     0.0672     0.0706    98.2492 1.0000e-12          0     0.5031     0.5132     0.0577     0.1171     4.5705     0.0000     0.0085     0.0000     0.5026     0.5128    34.5413    34.6224    26.9699    27.0376      1.044      1.061      0.351      0.356 0.0000e+00
      25258   1052.378    502.740 -109.86508   22.04114    499.000     7.6749     7.6334 3.5711e+04   3.574612     0.0636     0.0709    98.2430 1.0000e-12          0     0.5031     0.5132     0.0574     0.1168     4.5702     0.0000     0.0085     0.0000     0.5026     0.5128    34.5422    34.6209    26.9696    27.0375      1.001      0.972      0.336      0.326 0.0000e+00
      25289   1053.658    503.749 -109.86508   22.04114    500.000     7.6405     7.6137 3.5678e+04   3.572784     0.0616     0.0709    98.2419 1.0000e-12          0     0.5032     0.5131     0.0572     0.1150     4.5702     0.0000     0.0085     0.0000     0.5026     0.5128    34.5404    34.6202    26.9732    27.0397      1.026      1.067      0.344      0.358 0.0000e+00
      25309   1054.500    504.757 -109.86510   22.04114    501.000     7.6269     7.5989 3.5666e+04   3.571618     0.0571     0.0702    98.2608 1.0000e-12          0     0.5031     0.5135     0.0567     0.1172     4.5711     0.0000     0.0085     0.0000     0.5026     0.5128    34.5396    34.6218    26.9745    27.0432      1.025      1.035      0.344      0.347 0.0000e+00
      25327   1055.249    505.766 -109.86510   22.04114    502.000     7.6108     7.5836 3.5652e+04   3.570133     0.0617     0.0707    98.2466 1.0000e-12          0     0.5031     0.5131     0.0572     0.1170     4.5704     0.0000     0.0085     0.0000     0.5026     0.5129    34.5399    34.6204    26.9771    27.0443      1.026      1.042      0.344      0.349 0.0000e+00
      25345   1055.996    506.775 -109.86510   22.04114    503.000     7.6083     7.5814 3.5651e+04   3.569955     0.0640     0.0710    98.2404 1.0000e-12          0     0.5031     0.5133     0.0574     0.1172     4.5701     0.0000     0.0085     0.0000     0.5026     0.5127    34.5409    34.6203    26.9782    27.0445      1.026      1.042      0.344      0.349 0.0000e+00
      25363   1056.762    507.784 -109.86510   22.04115    504.000     7.5894     7.5609 3.5634e+04   3.568439     0.0639     0.0709    98.2420 1.0000e-12          0     0.5031     0.5131     0.0574     0.1171     4.5702     0.0000     0.0085     0.0000     0.5026     0.5128    34.5410    34.6238    26.9811    27.0503      1.027      1.003      0.344      0.336 0.0000e+00
      25384   1057.610    508.792 -109.86510   22.04116    505.000     7.5764     7.5495 3.5625e+04   3.567443     0.0639     0.0709    98.2420 1.0000e-12          0     0.5031     0.5132     0.0574     0.1148     4.5702     0.0000     0.0085     0.0000     0.5026     0.5128    34.5438    34.6238    26.9851    27.0519      1.027      1.070      0.344      0.359 0.0000e+00
      25411   1058.730    509.801 -109.86508   22.04116    506.000     7.5670     7.5382 3.5618e+04   3.566650     0.0629     0.0709    98.2420 1.0000e-12          0     0.5031     0.5131     0.0573     0.1165     4.5702     0.0000     0.0085     0.0000     0.5026     0.5128    34.5446    34.6259    26.9871    27.0552      1.027      1.045      0.344      0.350 0.0000e+00
      25458   1060.693    510.810 -109.86508   22.04116    507.000     7.5410     7.5142 3.5593e+04   3.564277     0.0608     0.0704    98.2564 1.0000e-12          0     0.5031     0.5132     0.0571     0.1152     4.5709     0.0000     0.0085     0.0000     0.5026     0.5128    34.5436    34.6236    26.9901    27.0569      1.037      0.990      0.347      0.331 0.0000e+00
      25502   1062.550    511.818 -109.86508   22.04116    508.000     7.5298     7.5027 3.5585e+04   3.563430     0.0640     0.0707    98.2473 1.0000e-12          0     0.5031     0.5133     0.0574     0.1172     4.5704     0.0000     0.0085     0.0000     0.5026     0.5127    34.5455    34.6254    26.9932    27.0599      1.020      1.023      0.341      0.342 0.0000e+00
      25530   1063.691    512.827 -109.86508   22.04116    509.000     7.5245     7.4977 3.5582e+04   3.563082     0.0639     0.0702    98.2616 1.0000e-12          0     0.5031     0.5132     0.0574     0.1171     4.5711     0.0000     0.0085     0.0000     0.5026     0.5126    34.5470    34.6262    26.9951    27.0613      1.029      1.060      0.344      0.355 0.0000e+00
      25552   1064.619    513.836 -109.86508   22.04116    510.000     7.5066     7.4784 3.5567e+04   3.561676     0.0639     0.0699    98.2683 1.0000e-12          0     0.5032     0.5131     0.0574     0.1171     4.5714     0.0000     0.0085     0.0000     0.5026     0.5130    34.5474    34.6296    26.9981    27.0667      1.030      1.131      0.344      0.378 0.0000e+00
      25573   1065.519    514.845 -109.86508   22.04116    511.000     7.4873     7.4601 3.5549e+04   3.559859     0.0639     0.0702    98.2593 1.0000e-12          0     0.5031     0.5130     0.0574     0.1171     4.5710     0.0000     0.0085     0.0000     0.5026     0.5128    34.5474    34.6276    27.0008    27.0678      1.030      0.931      0.344      0.311 0.0000e+00
      25597   1066.508    515.854 -109.86508   22.04116    512.000     7.4832     7.4563 3.5546e+04   3.559488     0.0639     0.0704    98.2557 1.0000e-12          0     0.5031     0.5131     0.0574     0.1172     4.5708     0.0000     0.0085     0.0000     0.5026     0.5126    34.5474    34.6269    27.0014    27.0678      1.030      1.042      0.345      0.348 0.0000e+00
      25624   1067.624    516.862 -109.86509   22.04116    513.000     7.4786     7.4516 3.5542e+04   3.559088     0.0639     0.0704    98.2538 2.2301e-04          0     0.5031     0.5131     0.0574     0.1162     4.5707     0.0000     0.0095     0.0000     0.5026     0.5127    34.5471    34.6267    27.0019    27.0683      1.031      1.022      0.345      0.342 0.0000e+00
      25653   1068.833    517.871 -109.86510   22.04116    514.000     7.4710     7.4440 3.5536e+04   3.558484     0.0639     0.0699    98.2679 4.1713e-06          0     0.5031     0.5133     0.0574     0.1160     4.5714     0.0000     0.0085     0.0000     0.5026     0.5127    34.5471    34.6273    27.0029    27.0699      1.031      1.005      0.345      0.336 0.0000e+00
      25682   1070.058    518.880 -109.86510   22.04115    515.000     7.4531     7.4259 3.5520e+04   3.556884     0.0639     0.0699    98.2682 1.0000e-12          0     0.5031     0.5130     0.0574     0.1156     4.5714     0.0000     0.0085     0.0000     0.5026     0.5126    34.5471    34.6275    27.0054    27.0726      1.032      0.957      0.345      0.320 0.0000e+00
      25715   1071.428    519.889 -109.86510   22.04114    516.000     7.4477     7.4207 3.5515e+04   3.556347     0.0639     0.0699    98.2682 1.0000e-12          0     0.5031     0.5131     0.0574     0.1165     4.5714     0.0000     0.0085     0.0000     0.5026     0.5127    34.5466    34.6263    27.0059    27.0725      1.032      1.064      0.345      0.356 0.0000e+00
