data/ctd-cnv/KM1919/KM1919-St22-P3/St22_P3_cast83-align-cellTM-derive-bin.cnv
* Sea-Bird SBE 9 Data File:
* FileName = C:\Users\otg\Desktop\CTD Data\km1920\St22_P3_cast83.hex
* Software Version Seasave V 7.26.7.107
* Temperature SN = 5554
* Conductivity SN = 3876
* Number of Bytes Per Scan = 41
* Number of Voltage Words = 4
* Number of Scans Averaged by the Deck Unit = 1
* NMEA Latitude = 22 03.22 N
* NMEA Longitude = 109 48.47 W
* NMEA UTC (Time) = Oct 18 2019  19:01:49
* NMEA baud rate = 4800
** Ship: Kilo Moana
** Station: P3 Station 22 Cast 83
** Operator: jac
# nquan = 34
# nvalues = 1003                        
# units = specified
# name 0 = scan: Scan Count
# name 1 = timeS: Time, Elapsed [seconds]
# name 2 = prDM: Pressure, Digiquartz [db]
# name 3 = longitude: Longitude [deg]
# name 4 = latitude: Latitude [deg]
# name 5 = depSM: Depth [salt water, m]
# name 6 = t090C: Temperature [ITS-90, deg C]
# name 7 = t190C: Temperature, 2 [ITS-90, deg C]
# name 8 = c0uS/cm: Conductivity [uS/cm]
# name 9 = c1S/m: Conductivity, 2 [S/m]
# name 10 = flECO-AFL: Fluorescence, WET Labs ECO-AFL/FL [mg/m^3]
# name 11 = CStarAt0: Beam Attenuation, WET Labs C-Star [1/m]
# name 12 = CStarTr0: Beam Transmission, WET Labs C-Star [%]
# name 13 = par: PAR/Irradiance, Biospherical/Licor
# name 14 = modError: Modulo Error Count
# name 15 = v0: Voltage 0
# name 16 = v1: Voltage 1
# name 17 = v2: Voltage 2
# name 18 = v3: Voltage 3
# name 19 = v4: Voltage 4
# name 20 = v5: Voltage 5
# name 21 = v6: Voltage 6
# name 22 = v7: Voltage 7
# name 23 = sbeox0V: Oxygen raw, SBE 43 [V]
# name 24 = sbeox1V: Oxygen raw, SBE 43, 2 [V]
# name 25 = sal00: Salinity, Practical [PSU]
# name 26 = sal11: Salinity, Practical, 2 [PSU]
# name 27 = sigma-é00: Density [sigma-theta, kg/m^3]
# name 28 = sigma-é11: Density, 2 [sigma-theta, kg/m^3]
# name 29 = sbeox0Mm/L: Oxygen, SBE 43 [umol/l], WS = 2
# name 30 = sbeox1Mm/L: Oxygen, SBE 43, 2 [umol/l], WS = 2
# name 31 = sbeox0PS: Oxygen, SBE 43 [% saturation], WS = 2
# name 32 = sbeox1PS: Oxygen, SBE 43, 2 [% saturation], WS = 2
# name 33 = flag: flag
# span 0 =         47,      33999       
# span 1 =      1.920,   1416.572       
# span 2 =      1.007,   1011.750       
# span 3 = -109.80790, -109.80782       
# span 4 =   22.05370,   22.05398       
# span 5 =      1.000,   1003.000       
# span 6 =     4.7454,    27.5596       
# span 7 =     4.7225,    27.5191       
# span 8 = 3.3266e+04, 5.5253e+04       
# span 9 =   3.331208,   5.533014       
# span 10 =     0.0395,     1.3162      
# span 11 =     0.0275,     1.0836      
# span 12 =    78.3911,    99.0785      
# span 13 = -6.008e-05, 2.3094e+03      
# span 14 =          0,          0      
# span 15 =     0.5031,     2.4677      
# span 16 =     0.5133,     2.4562      
# span 17 =     0.0549,     0.1826      
# span 18 =     0.1128,     0.1195      
# span 19 =     3.6469,     4.6091      
# span 20 =     0.0000,     0.0000      
# span 21 =     0.0082,     4.3466      
# span 22 =     0.0000,     0.0000      
# span 23 =     0.5025,     2.4634      
# span 24 =     0.5130,     2.4562      
# span 25 =    33.9164,    34.7656      
# span 26 =    34.0119,    34.8491      
# span 27 =    22.2663,    27.3369      
# span 28 =    22.3433,    27.4005      
# span 29 =      0.784,    238.006      
# span 30 =      0.970,    249.064      
# span 31 =      0.270,    106.077      
# span 32 =      0.320,    110.469      
# span 33 = 0.0000e+00, 0.0000e+00      
# interval = meters: 1                  
# start_time = Oct 18 2019 19:10:20 [NMEA time, first data scan]
# bad_flag = -9.990e-29
*END*
[from data line 854]
      27957   1164.815    862.151 -109.80782   22.05393    855.000     5.3153     5.2898 3.3701e+04   3.374684     0.0607     0.0741    98.1649 1.0000e-12          0     0.5166     0.5265     0.0571     0.1177     4.5666     0.0000     0.0085     0.0000     0.5173     0.5263    34.5127    34.5914    27.2606    27.3260      4.287      4.033      1.363      1.282 0.0000e+00
      27989   1166.166    863.162 -109.80782   22.05392    856.000     5.3088     5.2834 3.3695e+04   3.374134     0.0519     0.0742    98.1623 1.0000e-12          0     0.5168     0.5265     0.0562     0.1176     4.5665     0.0000     0.0085     0.0000     0.5174     0.5267    34.5129    34.5911    27.2615    27.3265      4.019      4.017      1.277      1.277 0.0000e+00
      28019   1167.415    864.172 -109.80784   22.05392    857.000     5.3050     5.2795 3.3693e+04   3.373851     0.0641     0.0736    98.1775 1.0000e-12          0     0.5171     0.5266     0.0574     0.1176     4.5672     0.0000     0.0085     0.0000     0.5174     0.5267    34.5129    34.5914    27.2620    27.3272      4.005      4.034      1.273      1.282 0.0000e+00
      28045   1168.490    865.183 -109.80784   22.05392    858.000     5.2942     5.2682 3.3683e+04   3.372989     0.0593     0.0731    98.1885 1.0000e-12          0     0.5177     0.5269     0.0569     0.1171     4.5678     0.0000     0.0085     0.0000     0.5174     0.5269    34.5131    34.5927    27.2634    27.3295      4.007      4.096      1.273      1.302 0.0000e+00
      28067   1169.399    866.193 -109.80784   22.05392    859.000     5.2771     5.2512 3.3669e+04   3.371521     0.0473     0.0731    98.1895 1.0000e-12          0     0.5176     0.5270     0.0557     0.1171     4.5678     0.0000     0.0085     0.0000     0.5174     0.5269    34.5136    34.5928    27.2658    27.3316      4.043      4.087      1.284      1.298 0.0000e+00
      28088   1170.291    867.204 -109.80784   22.05392    860.000     5.2717     5.2462 3.3665e+04   3.371051     0.0635     0.0731    98.1895 1.0000e-12          0     0.5177     0.5271     0.0574     0.1171     4.5678     0.0000     0.0085     0.0000     0.5175     0.5271    34.5140    34.5921    27.2667    27.3316      4.018      4.166      1.276      1.323 0.0000e+00
      28113   1171.342    868.214 -109.80784   22.05392    861.000     5.2694     5.2441 3.3663e+04   3.370868     0.0639     0.0732    98.1867 1.0000e-12          0     0.5177     0.5271     0.0574     0.1174     4.5677     0.0000     0.0085     0.0000     0.5174     0.5272    34.5138    34.5917    27.2669    27.3316      4.108      4.102      1.305      1.303 0.0000e+00
      28152   1172.961    869.225 -109.80784   22.05392    862.000     5.2689     5.2437 3.3663e+04   3.370863     0.0539     0.0731    98.1894 8.1047e-06          0     0.5177     0.5274     0.0564     0.1172     4.5678     0.0000     0.0086     0.0000     0.5177     0.5273    34.5136    34.5915    27.2668    27.3315      4.246      4.142      1.348      1.315 0.0000e+00
      28205   1175.150    870.235 -109.80784   22.05393    863.000     5.2688     5.2436 3.3663e+04   3.370899     0.0550     0.0731    98.1889 -2.689e-07          0     0.5178     0.5276     0.0565     0.1175     4.5678     0.0000     0.0085     0.0000     0.5182     0.5274    34.5133    34.5915    27.2666    27.3316      4.300      4.196      1.365      1.332 0.0000e+00
      28246   1176.878    871.246 -109.80786   22.05394    864.000     5.2658     5.2405 3.3661e+04   3.370719     0.0641     0.0732    98.1880 1.0000e-12          0     0.5181     0.5278     0.0574     0.1176     4.5677     0.0000     0.0085     0.0000     0.5182     0.5276    34.5136    34.5922    27.2672    27.3324      4.095      4.113      1.300      1.306 0.0000e+00
      28276   1178.137    872.256 -109.80786   22.05394    865.000     5.2592     5.2338 3.3656e+04   3.370192     0.0580     0.0731    98.1895 1.0000e-12          0     0.5184     0.5277     0.0568     0.1171     4.5678     0.0000     0.0085     0.0000     0.5182     0.5276    34.5138    34.5925    27.2682    27.3335      4.286      4.265      1.361      1.354 0.0000e+00
      28300   1179.107    873.266 -109.80786   22.05394    866.000     5.2556     5.2302 3.3653e+04   3.369904     0.0530     0.0731    98.1895 1.0000e-12          0     0.5186     0.5280     0.0563     0.1171     4.5678     0.0000     0.0085     0.0000     0.5183     0.5277    34.5139    34.5925    27.2687    27.3339      4.201      4.308      1.334      1.368 0.0000e+00
      28321   1179.980    874.277 -109.80786   22.05394    867.000     5.2533     5.2280 3.3651e+04   3.369749     0.0639     0.0732    98.1869 1.0000e-12          0     0.5184     0.5280     0.0574     0.1172     4.5677     0.0000     0.0085     0.0000     0.5184     0.5281    34.5138    34.5924    27.2689    27.3341      4.390      4.298      1.394      1.364 0.0000e+00
      28342   1180.887    875.288 -109.80786   22.05394    868.000     5.2516     5.2262 3.3650e+04   3.369631     0.0445     0.0732    98.1861 1.0000e-12          0     0.5185     0.5279     0.0554     0.1175     4.5676     0.0000     0.0085     0.0000     0.5185     0.5278    34.5138    34.5924    27.2691    27.3343      4.238      4.038      1.345      1.282 0.0000e+00
      28369   1182.014    876.298 -109.80785   22.05394    869.000     5.2503     5.2250 3.3650e+04   3.369547     0.0595     0.0732    98.1863 1.3188e-04          0     0.5185     0.5281     0.0570     0.1172     4.5676     0.0000     0.0091     0.0000     0.5185     0.5278    34.5140    34.5922    27.2694    27.3344      4.325      4.339      1.373      1.377 0.0000e+00
      28407   1183.581    877.309 -109.80784   22.05394    870.000     5.2472     5.2219 3.3647e+04   3.369335     0.0552     0.0732    98.1877 5.4891e-06          0     0.5187     0.5282     0.0565     0.1173     4.5677     0.0000     0.0085     0.0000     0.5186     0.5281    34.5139    34.5924    27.2697    27.3349      4.226      4.320      1.341      1.371 0.0000e+00
      28456   1185.644    878.319 -109.80784   22.05394    871.000     5.2384     5.2130 3.3640e+04   3.368634     0.0524     0.0732    98.1864 1.0000e-12          0     0.5188     0.5282     0.0562     0.1174     4.5676     0.0000     0.0085     0.0000     0.5186     0.5282    34.5141    34.5931    27.2709    27.3365      4.277      4.259      1.357      1.351 0.0000e+00
      28490   1187.031    879.330 -109.80785   22.05394    872.000     5.2282     5.2027 3.3632e+04   3.367806     0.0640     0.0740    98.1687 8.9540e-05          0     0.5189     0.5284     0.0574     0.1178     4.5668     0.0000     0.0089     0.0000     0.5186     0.5282    34.5148    34.5937    27.2727    27.3382      4.255      4.388      1.350      1.392 0.0000e+00
      28515   1188.068    880.340 -109.80786   22.05394    873.000     5.2247     5.1994 3.3629e+04   3.367530     0.0639     0.0733    98.1858 1.3048e-06          0     0.5188     0.5284     0.0574     0.1176     4.5676     0.0000     0.0085     0.0000     0.5186     0.5285    34.5149    34.5934    27.2731    27.3383      4.256      4.423      1.350      1.403 0.0000e+00
      28538   1189.041    881.351 -109.80786   22.05394    874.000     5.2218     5.1964 3.3627e+04   3.367321     0.0639     0.0734    98.1822 1.0000e-12          0     0.5189     0.5285     0.0574     0.1177     4.5674     0.0000     0.0085     0.0000     0.5186     0.5283    34.5150    34.5936    27.2735    27.3388      4.257      4.275      1.350      1.356 0.0000e+00
      28561   1190.004    882.361 -109.80786   22.05394    875.000     5.2189     5.1935 3.3625e+04   3.367111     0.0639     0.0742    98.1642 1.0000e-12          0     0.5189     0.5286     0.0574     0.1177     4.5666     0.0000     0.0085     0.0000     0.5186     0.5284    34.5149    34.5936    27.2738    27.3392      4.283      4.336      1.358      1.375 0.0000e+00
      28585   1190.991    883.372 -109.80785   22.05394    876.000     5.2151     5.1897 3.3622e+04   3.366829     0.0639     0.0741    98.1653 1.0000e-12          0     0.5189     0.5286     0.0574     0.1177     4.5666     0.0000     0.0085     0.0000     0.5187     0.5284    34.5152    34.5938    27.2745    27.3398      4.374      4.412      1.387      1.399 0.0000e+00
      28611   1192.075    884.382 -109.80784   22.05394    877.000     5.2094     5.1838 3.3618e+04   3.366396     0.0639     0.0735    98.1788 1.0607e-04          0     0.5189     0.5287     0.0574     0.1173     4.5673     0.0000     0.0090     0.0000     0.5187     0.5286    34.5152    34.5944    27.2752    27.3410      4.391      4.415      1.392      1.400 0.0000e+00
      28654   1193.875    885.393 -109.80784   22.05394    878.000     5.1977     5.1725 3.3608e+04   3.365380     0.0568     0.0739    98.1707 6.4366e-05          0     0.5190     0.5287     0.0567     0.1173     4.5669     0.0000     0.0088     0.0000     0.5190     0.5288    34.5155    34.5939    27.2768    27.3419      4.487      4.487      1.422      1.422 0.0000e+00
      28716   1196.443    886.403 -109.80784   22.05394    879.000     5.1933     5.1680 3.3604e+04   3.365014     0.0547     0.0739    98.1701 -7.176e-06          0     0.5191     0.5290     0.0565     0.1174     4.5668     0.0000     0.0085     0.0000     0.5195     0.5289    34.5155    34.5938    27.2773    27.3424      4.575      4.476      1.450      1.419 0.0000e+00
      28743   1197.596    887.414 -109.80784   22.05394    880.000     5.1912     5.1659 3.3603e+04   3.364867     0.0576     0.0742    98.1641 1.0000e-12          0     0.5193     0.5291     0.0568     0.1171     4.5665     0.0000     0.0085     0.0000     0.5197     0.5292    34.5154    34.5938    27.2775    27.3426      4.633      4.575      1.469      1.450 0.0000e+00
      28764   1198.462    888.425 -109.80784   22.05396    881.000     5.1893     5.1639 3.3602e+04   3.364767     0.0639     0.0741    98.1657 1.0000e-12          0     0.5195     0.5293     0.0574     0.1174     4.5666     0.0000     0.0085     0.0000     0.5197     0.5291    34.5155    34.5942    27.2778    27.3432      4.577      4.549      1.451      1.442 0.0000e+00
      28783   1199.263    889.435 -109.80784   22.05396    882.000     5.1820     5.1563 3.3596e+04   3.364193     0.0639     0.0741    98.1647 1.0000e-12          0     0.5197     0.5292     0.0574     0.1180     4.5666     0.0000     0.0085     0.0000     0.5198     0.5293    34.5157    34.5950    27.2788    27.3446      4.526      4.595      1.434      1.456 0.0000e+00
      28803   1200.078    890.446 -109.80784   22.05396    883.000     5.1728     5.1471 3.3588e+04   3.363483     0.0639     0.0742    98.1632 1.0000e-12          0     0.5197     0.5292     0.0574     0.1180     4.5665     0.0000     0.0085     0.0000     0.5198     0.5295    34.5162    34.5958    27.2803    27.3464      4.501      4.641      1.426      1.470 0.0000e+00
      28824   1200.951    891.456 -109.80784   22.05396    884.000     5.1566     5.1309 3.3575e+04   3.362092     0.0639     0.0745    98.1542 1.0000e-12          0     0.5199     0.5295     0.0574     0.1172     4.5661     0.0000     0.0085     0.0000     0.5198     0.5294    34.5168    34.5961    27.2826    27.3485      4.504      4.624      1.426      1.464 0.0000e+00
      28847   1201.907    892.467 -109.80784   22.05396    885.000     5.1491     5.1238 3.3569e+04   3.361438     0.0476     0.0746    98.1523 1.0000e-12          0     0.5200     0.5294     0.0557     0.1172     4.5660     0.0000     0.0085     0.0000     0.5198     0.5296    34.5169    34.5953    27.2836    27.3487      4.505      4.616      1.427      1.462 0.0000e+00
      28884   1203.463    893.478 -109.80784   22.05396    886.000     5.1445     5.1186 3.3565e+04   3.360975     0.0597     0.0744    98.1573 1.0000e-12          0     0.5201     0.5296     0.0570     0.1174     4.5662     0.0000     0.0085     0.0000     0.5200     0.5297    34.5168    34.5948    27.2841    27.3489      4.653      4.694      1.473      1.486 0.0000e+00
      28959   1206.597    894.488 -109.80785   22.05396    887.000     5.1478     5.1230 3.3568e+04   3.361400     0.0644     0.0737    98.1759 1.0000e-12          0     0.5202     0.5300     0.0574     0.1173     4.5671     0.0000     0.0085     0.0000     0.5204     0.5299    34.5163    34.5947    27.2833    27.3483      4.984      4.661      1.578      1.476 0.0000e+00
      28983   1207.587    895.499 -109.80786   22.05396    888.000     5.1320     5.1066 3.3555e+04   3.360086     0.0639     0.0743    98.1617 1.0000e-12          0     0.5203     0.5301     0.0574     0.1173     4.5664     0.0000     0.0085     0.0000     0.5208     0.5301    34.5172    34.5961    27.2859    27.3513      4.641      4.794      1.469      1.517 0.0000e+00
      29003   1208.419    896.509 -109.80786   22.05396    889.000     5.1283     5.1030 3.3552e+04   3.359756     0.0639     0.0742    98.1632 1.0000e-12          0     0.5206     0.5301     0.0574     0.1178     4.5665     0.0000     0.0085     0.0000     0.5208     0.5301    34.5172    34.5954    27.2863    27.3512      4.871      4.884      1.542      1.546 0.0000e+00
      29022   1209.194    897.520 -109.80786   22.05396    890.000     5.1277     5.1026 3.3552e+04   3.359738     0.0639     0.0740    98.1676 1.0000e-12          0     0.5204     0.5302     0.0574     0.1176     4.5667     0.0000     0.0085     0.0000     0.5210     0.5306    34.5172    34.5952    27.2864    27.3511      4.860      4.885      1.538      1.546 0.0000e+00
      29040   1209.950    898.531 -109.80786   22.05396    891.000     5.1269     5.1018 3.3551e+04   3.359712     0.0639     0.0732    98.1869 1.0000e-12          0     0.5206     0.5302     0.0574     0.1178     4.5677     0.0000     0.0085     0.0000     0.5209     0.5304    34.5168    34.5952    27.2861    27.3512      4.685      4.692      1.483      1.485 0.0000e+00
      29059   1210.751    899.541 -109.80786   22.05396    892.000     5.1262     5.1010 3.3551e+04   3.359686     0.0639     0.0741    98.1644 1.0000e-12          0     0.5213     0.5303     0.0574     0.1176     4.5666     0.0000     0.0084     0.0000     0.5210     0.5303    34.5168    34.5951    27.2862    27.3513      4.885      4.823      1.546      1.527 0.0000e+00
      29081   1211.654    900.552 -109.80786   22.05396    893.000     5.1247     5.0995 3.3550e+04   3.359611     0.0639     0.0732    98.1876 1.0000e-12          0     0.5210     0.5303     0.0574     0.1175     4.5677     0.0000     0.0085     0.0000     0.5211     0.5304    34.5169    34.5954    27.2865    27.3517      4.810      4.776      1.522      1.512 0.0000e+00
      29110   1212.859    901.562 -109.80784   22.05396    894.000     5.1185     5.0935 3.3545e+04   3.359139     0.0639     0.0737    98.1757 1.0000e-12          0     0.5212     0.5307     0.0574     0.1173     4.5671     0.0000     0.0085     0.0000     0.5211     0.5306    34.5170    34.5956    27.2874    27.3526      4.771      4.890      1.510      1.547 0.0000e+00
      29170   1215.380    902.573 -109.80784   22.05396    895.000     5.1124     5.0870 3.3540e+04   3.358571     0.0568     0.0733    98.1848 1.0000e-12          0     0.5214     0.5308     0.0567     0.1174     4.5676     0.0000     0.0085     0.0000     0.5211     0.5307    34.5169    34.5953    27.2879    27.3530      4.766      4.854      1.508      1.536 0.0000e+00
      29221   1217.513    903.584 -109.80786   22.05396    896.000     5.1055     5.0803 3.3534e+04   3.358057     0.0641     0.0736    98.1778 1.0000e-12          0     0.5214     0.5310     0.0574     0.1174     4.5672     0.0000     0.0085     0.0000     0.5211     0.5308    34.5170    34.5958    27.2888    27.3543      4.772      4.880      1.509      1.543 0.0000e+00
