data/ctd-cnv/KM1919/KM1919-St22-P3/St22_P3_cast71-align-cellTM-derive-bin.cnv
* Sea-Bird SBE 9 Data File:
* FileName = C:\Users\otg\Desktop\CTD Data\km1920\St22_P3_cast71.hex
* Software Version Seasave V 7.26.7.107
* Temperature SN = 5554
* Conductivity SN = 3876
* Number of Bytes Per Scan = 41
* Number of Voltage Words = 4
* Number of Scans Averaged by the Deck Unit = 1
* NMEA Latitude = 21 55.29 N
* NMEA Longitude = 109 56.34 W
* NMEA UTC (Time) = Oct 16 2019  16:59:12
* NMEA baud rate = 4800
** Ship: Kilo Moana
** Station: St22  P3 cast 71
** Operator: gr
# nquan = 34
# nvalues = 259                         
# units = specified
# name 0 = scan: Scan Count
# name 1 = timeS: Time, Elapsed [seconds]
# name 2 = prDM: Pressure, Digiquartz [db]
# name 3 = longitude: Longitude [deg]
# name 4 = latitude: Latitude [deg]
# name 5 = depSM: Depth [salt water, m]
# name 6 = t090C: Temperature [ITS-90, deg C]
# name 7 = t190C: Temperature, 2 [ITS-90, deg C]
# name 8 = c0uS/cm: Conductivity [uS/cm]
# name 9 = c1S/m: Conductivity, 2 [S/m]
# name 10 = flECO-AFL: Fluorescence, WET Labs ECO-AFL/FL [mg/m^3]
# name 11 = CStarAt0: Beam Attenuation, WET Labs C-Star [1/m]
# name 12 = CStarTr0: Beam Transmission, WET Labs C-Star [%]
# name 13 = par: PAR/Irradiance, Biospherical/Licor
# name 14 = modError: Modulo Error Count
# name 15 = v0: Voltage 0
# name 16 = v1: Voltage 1
# name 17 = v2: Voltage 2
# name 18 = v3: Voltage 3
# name 19 = v4: Voltage 4
# name 20 = v5: Voltage 5
# name 21 = v6: Voltage 6
# name 22 = v7: Voltage 7
# name 23 = sbeox0V: Oxygen raw, SBE 43 [V]
# name 24 = sbeox1V: Oxygen raw, SBE 43, 2 [V]
# name 25 = sal00: Salinity, Practical [PSU]
# name 26 = sal11: Salinity, Practical, 2 [PSU]
# name 27 = sigma-é00: Density [sigma-theta, kg/m^3]
# name 28 = sigma-é11: Density, 2 [sigma-theta, kg/m^3]
# name 29 = sbeox0Mm/L: Oxygen, SBE 43 [umol/l], WS = 2
# name 30 = sbeox1Mm/L: Oxygen, SBE 43, 2 [umol/l], WS = 2
# name 31 = sbeox0PS: Oxygen, SBE 43 [% saturation], WS = 2
# name 32 = sbeox1PS: Oxygen, SBE 43, 2 [% saturation], WS = 2
# name 33 = flag: flag
# span 0 =        -12,       9967       
# span 1 =     -0.538,    415.252       
# span 2 =      3.019,    262.802       
# span 3 = -109.93892, -109.93890       
# span 4 =   21.92140,   21.92146       
# span 5 =      3.000,    261.000       
# span 6 =    11.1556,    27.6859       
# span 7 =    11.1261,    27.6424       
# span 8 = 3.9015e+04, 5.5376e+04       
# span 9 =   3.906839,   5.545127       
# span 10 =     0.0395,     1.2497      
# span 11 =     0.0600,     0.1459      
# span 12 =    96.4199,    98.5125      
# span 13 = -2.652e-06, 1.2840e+03      
# span 14 =          0,          0      
# span 15 =     0.5043,     2.4772      
# span 16 =     0.5157,     2.4728      
# span 17 =     0.0549,     0.1759      
# span 18 =     0.1123,     0.1153      
# span 19 =     4.4855,     4.5828      
# span 20 =     0.0000,     0.0000      
# span 21 =     0.0085,     4.0754      
# span 22 =     0.0000,     0.0000      
# span 23 =     0.5036,     2.4731      
# span 24 =     0.5148,     2.4673      
# span 25 =    33.9224,    34.7730      
# span 26 =    34.0087,    34.8589      
# span 27 =    22.2211,    26.5271      
# span 28 =    22.2992,    26.5955      
# span 29 =      1.017,    237.038      
# span 30 =      1.197,    248.283      
# span 31 =      0.370,    106.237      
# span 32 =      0.434,    111.399      
# span 33 = 0.0000e+00, 0.0000e+00      
# interval = meters: 1                  
# start_time = Oct 16 2019 17:05:46 [NMEA time, first data scan]
# bad_flag = -9.990e-29
*END*
[from data line 129]
       6047    251.931    132.870 -109.93890   21.92142    132.000    13.3428    13.3109 4.1093e+04   4.115034     0.0835     0.0657    98.3698 1.2605e-01          0     0.5079     0.5208     0.0593     0.1139     4.5761     0.0000     0.3657     0.0000     0.5072     0.5197    34.7508    34.8340    26.1343    26.2052      1.517      1.857      0.576      0.705 0.0000e+00
       6073    252.981    133.877 -109.93890   21.92142    133.000    13.3319    13.2997 4.1083e+04   4.114063     0.0882     0.0657    98.3712 1.2005e-01          0     0.5079     0.5204     0.0598     0.1136     4.5762     0.0000     0.3539     0.0000     0.5073     0.5195    34.7508    34.8346    26.1365    26.2080      1.869      1.994      0.710      0.757 0.0000e+00
       6101    254.182    134.883 -109.93890   21.92142    134.000    13.3147    13.2825 4.1068e+04   4.112524     0.0883     0.0669    98.3425 1.1387e-01          0     0.5079     0.5203     0.0598     0.1130     4.5749     0.0000     0.3415     0.0000     0.5094     0.5208    34.7515    34.8355    26.1406    26.2121      2.610      2.543      0.991      0.965 0.0000e+00
       6134    255.527    135.890 -109.93890   21.92142    135.000    13.3092    13.2772 4.1070e+04   4.112659     0.0871     0.0667    98.3471 1.0569e-01          0     0.5079     0.5204     0.0597     0.1131     4.5751     0.0000     0.3245     0.0000     0.5111     0.5229    34.7585    34.8412    26.1471    26.2177      2.220      2.717      0.843      1.031 0.0000e+00
       6164    256.780    136.897 -109.93890   21.92142    136.000    13.2698    13.2365 4.1034e+04   4.109176     0.0578     0.0610    98.4870 9.8249e-02          0     0.5084     0.5204     0.0568     0.1147     4.5816     0.0000     0.3084     0.0000     0.5105     0.5232    34.7594    34.8450    26.1559    26.2289      1.634      2.275      0.620      0.863 0.0000e+00
       6197    258.173    137.904 -109.93890   21.92142    137.000    13.2308    13.1983 4.0994e+04   4.105193     0.0515     0.0627    98.4449 9.0766e-02          0     0.5111     0.5225     0.0561     0.1148     4.5797     0.0000     0.2915     0.0000     0.5094     0.5219    34.7574    34.8418    26.1622    26.2342      1.550      2.051      0.587      0.777 0.0000e+00
       6232    259.619    138.911 -109.93890   21.92142    138.000    13.2109    13.1790 4.0975e+04   4.103290     0.0723     0.0677    98.3212 8.0268e-02          0     0.5118     0.5241     0.0582     0.1148     4.5739     0.0000     0.2668     0.0000     0.5085     0.5212    34.7573    34.8410    26.1662    26.2375      1.590      1.997      0.602      0.756 0.0000e+00
       6264    260.938    139.918 -109.93890   21.92142    139.000    13.1963    13.1638 4.0964e+04   4.102140     0.0753     0.0655    98.3750 7.1003e-02          0     0.5106     0.5233     0.0585     0.1132     4.5764     0.0000     0.2436     0.0000     0.5084     0.5206    34.7592    34.8437    26.1707    26.2426      1.683      2.041      0.638      0.773 0.0000e+00
       6294    262.189    140.925 -109.93890   21.92142    140.000    13.1668    13.1349 4.0936e+04   4.099392     0.0670     0.0657    98.3715 6.7048e-02          0     0.5098     0.5225     0.0577     0.1148     4.5762     0.0000     0.2335     0.0000     0.5084     0.5207    34.7599    34.8436    26.1772    26.2485      1.699      2.036      0.643      0.771 0.0000e+00
       6321    263.344    141.932 -109.93890   21.92142    141.000    13.1496    13.1172 4.0921e+04   4.097886     0.0715     0.0658    98.3675 5.5553e-02          0     0.5093     0.5218     0.0581     0.1141     4.5760     0.0000     0.2024     0.0000     0.5084     0.5206    34.7604    34.8452    26.1811    26.2533      1.700      2.050      0.643      0.776 0.0000e+00
       6350    264.522    142.939 -109.93890   21.92142    142.000    13.1221    13.0897 4.0895e+04   4.095299     0.0637     0.0656    98.3733 5.2379e-02          0     0.5092     0.5214     0.0574     0.1136     4.5763     0.0000     0.1934     0.0000     0.5084     0.5206    34.7610    34.8454    26.1871    26.2591      1.701      2.068      0.643      0.782 0.0000e+00
       6378    265.699    143.946 -109.93890   21.92142    143.000    13.1084    13.0766 4.0884e+04   4.094107     0.0635     0.0636    98.4225 4.5444e-02          0     0.5092     0.5215     0.0574     0.1140     4.5786     0.0000     0.1730     0.0000     0.5084     0.5206    34.7618    34.8457    26.1906    26.2619      1.588      2.034      0.600      0.769 0.0000e+00
       6406    266.890    144.953 -109.93890   21.92142    144.000    13.0962    13.0638 4.0874e+04   4.093138     0.0639     0.0637    98.4206 4.5093e-02          0     0.5092     0.5214     0.0574     0.1142     4.5785     0.0000     0.1719     0.0000     0.5076     0.5201    34.7640    34.8478    26.1947    26.2661      1.303      1.823      0.492      0.689 0.0000e+00
       6435    268.063    145.960 -109.93890   21.92142    145.000    13.0608    13.0285 4.0844e+04   4.090173     0.0635     0.0678    98.3176 4.5314e-02          0     0.5092     0.5214     0.0574     0.1131     4.5737     0.0000     0.1725     0.0000     0.5072     0.5196    34.7669    34.8516    26.2041    26.2762      1.504      1.839      0.568      0.694 0.0000e+00
       6463    269.234    146.967 -109.93890   21.92142    146.000    13.0412    13.0090 4.0827e+04   4.088519     0.0639     0.0719    98.2178 3.9730e-02          0     0.5092     0.5214     0.0574     0.1144     4.5691     0.0000     0.1554     0.0000     0.5072     0.5194    34.7688    34.8534    26.2095    26.2815      1.530      1.843      0.578      0.696 0.0000e+00
       6487    270.263    147.974 -109.93890   21.92142    147.000    13.0210    12.9886 4.0809e+04   4.086665     0.0634     0.0720    98.2168 3.6759e-02          0     0.5084     0.5212     0.0574     0.1147     4.5691     0.0000     0.1461     0.0000     0.5072     0.5194    34.7692    34.8541    26.2139    26.2862      1.531      1.750      0.578      0.660 0.0000e+00
       6512    271.312    148.981 -109.93890   21.92142    148.000    12.9843    12.9514 4.0776e+04   4.083408     0.0714     0.0720    98.2167 3.2112e-02          0     0.5079     0.5202     0.0581     0.1147     4.5690     0.0000     0.1309     0.0000     0.5071     0.5186    34.7709    34.8568    26.2226    26.2958      1.468      1.685      0.554      0.635 0.0000e+00
       6539    272.415    149.988 -109.93890   21.92142    149.000    12.9252    12.8907 4.0717e+04   4.077804     0.0762     0.0720    98.2157 2.9264e-02          0     0.5079     0.5203     0.0586     0.1147     4.5690     0.0000     0.1212     0.0000     0.5070     0.5186    34.7690    34.8589    26.2330    26.3095      1.478      1.727      0.557      0.651 0.0000e+00
       6568    273.618    150.995 -109.93890   21.92142    150.000    12.8706    12.8384 4.0664e+04   4.072178     0.0670     0.0732    98.1862 2.4522e-02          0     0.5079     0.5200     0.0577     0.1147     4.5676     0.0000     0.1049     0.0000     0.5071     0.5185    34.7676    34.8528    26.2428    26.3153      1.543      1.767      0.581      0.665 0.0000e+00
       6609    275.347    152.002 -109.93890   21.92142    151.000    12.8453    12.8128 4.0639e+04   4.069491     0.0754     0.0742    98.1636 2.2157e-02          0     0.5077     0.5193     0.0585     0.1146     4.5665     0.0000     0.0963     0.0000     0.5068     0.5185    34.7665    34.8503    26.2470    26.3184      1.440      1.769      0.541      0.665 0.0000e+00
       6653    277.173    153.009 -109.93890   21.92141    152.000    12.8098    12.7773 4.0603e+04   4.066170     0.0761     0.0746    98.1537 1.7983e-02          0     0.5078     0.5192     0.0586     0.1135     4.5661     0.0000     0.0810     0.0000     0.5071     0.5185    34.7649    34.8509    26.2529    26.3259      1.541      1.694      0.579      0.636 0.0000e+00
       6682    278.394    154.016 -109.93892   21.92140    153.000    12.7623    12.7283 4.0555e+04   4.061409     0.0756     0.0752    98.1367 1.3454e-02          0     0.5077     0.5193     0.0586     0.1147     4.5653     0.0000     0.0640     0.0000     0.5068     0.5183    34.7623    34.8501    26.2603    26.3351      1.355      1.714      0.509      0.643 0.0000e+00
       6706    279.371    155.023 -109.93892   21.92140    154.000    12.7189    12.6871 4.0512e+04   4.056974     0.0701     0.0752    98.1370 1.0080e-02          0     0.5074     0.5192     0.0580     0.1147     4.5653     0.0000     0.0509     0.0000     0.5063     0.5184    34.7605    34.8451    26.2675    26.3394      1.258      1.735      0.472      0.650 0.0000e+00
       6729    280.336    156.030 -109.93892   21.92140    155.000    12.7093    12.6778 4.0506e+04   4.056253     0.0660     0.0752    98.1381 6.1926e-03          0     0.5077     0.5193     0.0576     0.1148     4.5653     0.0000     0.0347     0.0000     0.5063     0.5182    34.7627    34.8464    26.2711    26.3422      1.409      1.673      0.528      0.627 0.0000e+00
       6753    281.346    157.037 -109.93892   21.92140    156.000    12.6921    12.6601 4.0493e+04   4.055001     0.0725     0.0752    98.1370 7.3892e-03          0     0.5076     0.5190     0.0582     0.1148     4.5653     0.0000     0.0399     0.0000     0.5063     0.5182    34.7659    34.8503    26.2770    26.3488      1.389      1.712      0.521      0.641 0.0000e+00
       6780    282.451    158.044 -109.93892   21.92140    157.000    12.6775    12.6463 4.0481e+04   4.053693     0.0559     0.0752    98.1360 5.0093e-03          0     0.5074     0.5191     0.0566     0.1148     4.5653     0.0000     0.0299     0.0000     0.5062     0.5182    34.7672    34.8501    26.2809    26.3513      1.397      1.716      0.523      0.643 0.0000e+00
       6808    283.616    159.051 -109.93892   21.92140    158.000    12.6733    12.6417 4.0480e+04   4.053637     0.0479     0.0753    98.1350 1.0535e-03          0     0.5070     0.5189     0.0558     0.1148     4.5652     0.0000     0.0133     0.0000     0.5061     0.5182    34.7701    34.8534    26.2841    26.3548      1.329      1.676      0.498      0.628 0.0000e+00
       6837    284.841    160.058 -109.93892   21.92141    159.000    12.6386    12.6059 4.0445e+04   4.050291     0.0635     0.0761    98.1146 3.0462e-03          0     0.5070     0.5189     0.0574     0.1148     4.5643     0.0000     0.0215     0.0000     0.5060     0.5180    34.7682    34.8539    26.2894    26.3623      1.386      1.691      0.519      0.633 0.0000e+00
       6868    286.132    161.065 -109.93892   21.92142    160.000    12.6116    12.5801 4.0420e+04   4.047657     0.0468     0.0754    98.1324 2.6777e-03          0     0.5069     0.5189     0.0556     0.1148     4.5651     0.0000     0.0200     0.0000     0.5061     0.5181    34.7687    34.8520    26.2951    26.3660      1.376      1.670      0.515      0.625 0.0000e+00
       6904    287.617    162.072 -109.93892   21.92142    161.000    12.5660    12.5334 4.0381e+04   4.043881     0.0705     0.0766    98.1036 9.4461e-05          0     0.5068     0.5188     0.0580     0.1147     4.5638     0.0000     0.0090     0.0000     0.5060     0.5179    34.7730    34.8585    26.3075    26.3802      1.365      1.630      0.510      0.609 0.0000e+00
       6943    289.239    163.079 -109.93892   21.92142    162.000    12.5350    12.5034 4.0350e+04   4.040641     0.0708     0.0774    98.0841 1.4154e-04          0     0.5068     0.5187     0.0581     0.1147     4.5629     0.0000     0.0091     0.0000     0.5060     0.5178    34.7710    34.8547    26.3120    26.3831      1.364      1.648      0.510      0.616 0.0000e+00
       6977    290.652    164.086 -109.93892   21.92142    163.000    12.5186    12.4868 4.0333e+04   4.038906     0.0638     0.0770    98.0928 -2.652e-06          0     0.5067     0.5187     0.0574     0.1148     4.5633     0.0000     0.0085     0.0000     0.5059     0.5176    34.7691    34.8529    26.3137    26.3850      1.343      1.633      0.502      0.610 0.0000e+00
       7003    291.754    165.093 -109.93892   21.92142    164.000    12.4971    12.4652 4.0310e+04   4.036640     0.0629     0.0763    98.1108 1.0000e-12          0     0.5067     0.5185     0.0573     0.1148     4.5641     0.0000     0.0085     0.0000     0.5060     0.5178    34.7666    34.8507    26.3160    26.3875      1.386      1.675      0.517      0.625 0.0000e+00
       7027    292.744    166.100 -109.93892   21.92142    165.000    12.4852    12.4545 4.0298e+04   4.035486     0.0639     0.0763    98.1107 1.0000e-12          0     0.5068     0.5184     0.0574     0.1147     4.5641     0.0000     0.0085     0.0000     0.5059     0.5178    34.7661    34.8490    26.3180    26.3883      1.328      1.674      0.496      0.625 0.0000e+00
       7049    293.686    167.108 -109.93892   21.92142    166.000    12.4795    12.4479 4.0294e+04   4.035084     0.0755     0.0764    98.1095 1.0000e-12          0     0.5067     0.5185     0.0585     0.1147     4.5640     0.0000     0.0085     0.0000     0.5058     0.5178    34.7671    34.8508    26.3199    26.3910      1.284      1.585      0.479      0.592 0.0000e+00
       7072    294.624    168.114 -109.93892   21.92142    167.000    12.4637    12.4323 4.0278e+04   4.033463     0.0659     0.0763    98.1107 1.0000e-12          0     0.5066     0.5183     0.0576     0.1148     4.5641     0.0000     0.0085     0.0000     0.5057     0.5173    34.7658    34.8493    26.3220    26.3929      1.328      1.529      0.495      0.571 0.0000e+00
       7097    295.671    169.122 -109.93892   21.92142    168.000    12.4526    12.4210 4.0268e+04   4.032379     0.0631     0.0763    98.1107 1.0000e-12          0     0.5067     0.5185     0.0573     0.1147     4.5641     0.0000     0.0085     0.0000     0.5058     0.5175    34.7660    34.8489    26.3244    26.3948      1.362      1.582      0.508      0.590 0.0000e+00
       7125    296.850    170.129 -109.93892   21.92142    169.000    12.4418    12.4105 4.0257e+04   4.031309     0.0635     0.0767    98.1018 1.0000e-12          0     0.5066     0.5186     0.0574     0.1148     4.5637     0.0000     0.0085     0.0000     0.5056     0.5171    34.7648    34.8478    26.3255    26.3961      1.139      1.549      0.425      0.578 0.0000e+00
       7155    298.090    171.136 -109.93892   21.92142    170.000    12.4277    12.3963 4.0243e+04   4.029851     0.0627     0.0772    98.0883 1.0000e-12          0     0.5064     0.5181     0.0573     0.1147     4.5631     0.0000     0.0085     0.0000     0.5052     0.5175    34.7635    34.8465    26.3273    26.3978      1.266      1.650      0.472      0.615 0.0000e+00
       7189    299.501    172.143 -109.93892   21.92142    171.000    12.4188    12.3875 4.0235e+04   4.029061     0.0636     0.0776    98.0781 1.0000e-12          0     0.5065     0.5181     0.0574     0.1147     4.5626     0.0000     0.0085     0.0000     0.5055     0.5172    34.7636    34.8466    26.3292    26.3996      1.296      1.530      0.483      0.570 0.0000e+00
       7224    300.968    173.150 -109.93892   21.92142    172.000    12.4028    12.3714 4.0219e+04   4.027535     0.0639     0.0767    98.1020 1.0000e-12          0     0.5061     0.5179     0.0574     0.1148     4.5637     0.0000     0.0085     0.0000     0.5054     0.5174    34.7630    34.8464    26.3318    26.4027      1.397      1.636      0.521      0.610 0.0000e+00
