data/ctd-cnv/KM1919/KM1919-St22-P3/St22_P3_cast64-align-cellTM-derive-bin.cnv
* Sea-Bird SBE 9 Data File:
* FileName = C:\Users\otg\Desktop\CTD Data\km1920\St22_P3_cast64.hex
* Software Version Seasave V 7.26.7.107
* Temperature SN = 5554
* Conductivity SN = 3876
* Number of Bytes Per Scan = 41
* Number of Voltage Words = 4
* Number of Scans Averaged by the Deck Unit = 1
* NMEA Latitude = 21 50.12 N
* NMEA Longitude = 109 59.52 W
* NMEA UTC (Time) = Oct 15 2019  12:04:38
* NMEA baud rate = 4800
** Ship: Kilo Moana
** Station: St22  P3 cast 64
** Operator: gr
# nquan = 34
# nvalues = 200                         
# units = specified
# name 0 = scan: Scan Count
# name 1 = timeS: Time, Elapsed [seconds]
# name 2 = prDM: Pressure, Digiquartz [db]
# name 3 = longitude: Longitude [deg]
# name 4 = latitude: Latitude [deg]
# name 5 = depSM: Depth [salt water, m]
# name 6 = t090C: Temperature [ITS-90, deg C]
# name 7 = t190C: Temperature, 2 [ITS-90, deg C]
# name 8 = c0uS/cm: Conductivity [uS/cm]
# name 9 = c1S/m: Conductivity, 2 [S/m]
# name 10 = flECO-AFL: Fluorescence, WET Labs ECO-AFL/FL [mg/m^3]
# name 11 = CStarAt0: Beam Attenuation, WET Labs C-Star [1/m]
# name 12 = CStarTr0: Beam Transmission, WET Labs C-Star [%]
# name 13 = par: PAR/Irradiance, Biospherical/Licor
# name 14 = modError: Modulo Error Count
# name 15 = v0: Voltage 0
# name 16 = v1: Voltage 1
# name 17 = v2: Voltage 2
# name 18 = v3: Voltage 3
# name 19 = v4: Voltage 4
# name 20 = v5: Voltage 5
# name 21 = v6: Voltage 6
# name 22 = v7: Voltage 7
# name 23 = sbeox0V: Oxygen raw, SBE 43 [V]
# name 24 = sbeox1V: Oxygen raw, SBE 43, 2 [V]
# name 25 = sal00: Salinity, Practical [PSU]
# name 26 = sal11: Salinity, Practical, 2 [PSU]
# name 27 = sigma-é00: Density [sigma-theta, kg/m^3]
# name 28 = sigma-é11: Density, 2 [sigma-theta, kg/m^3]
# name 29 = sbeox0Mm/L: Oxygen, SBE 43 [umol/l], WS = 2
# name 30 = sbeox1Mm/L: Oxygen, SBE 43, 2 [umol/l], WS = 2
# name 31 = sbeox0PS: Oxygen, SBE 43 [% saturation], WS = 2
# name 32 = sbeox1PS: Oxygen, SBE 43, 2 [% saturation], WS = 2
# name 33 = flag: flag
# span 0 =        314,      11575       
# span 1 =     13.028,    482.244       
# span 2 =      2.013,    202.357       
# span 3 = -109.99194, -109.99188       
# span 4 =   21.83532,   21.83534       
# span 5 =      2.000,    201.000       
# span 6 =    12.1411,    27.5428       
# span 7 =    12.1155,    27.5028       
# span 8 = 3.9982e+04, 5.5199e+04       
# span 9 =   4.004073,   5.527716       
# span 10 =     0.0418,     1.1247      
# span 11 =     0.0581,     0.1231      
# span 12 =    96.9693,    98.5571      
# span 13 = -5.321e-05, 4.5432e+00      
# span 14 =          0,          0      
# span 15 =     0.5042,     2.4730      
# span 16 =     0.5152,     2.4638      
# span 17 =     0.0552,     0.1635      
# span 18 =     0.1122,     0.1170      
# span 19 =     4.5110,     4.5849      
# span 20 =     0.0000,     0.0000      
# span 21 =     0.0082,     1.6718      
# span 22 =     0.0000,     0.0000      
# span 23 =     0.5034,     2.4725      
# span 24 =     0.5141,     2.4576      
# span 25 =    33.9251,    34.7741      
# span 26 =    34.0348,    34.8584      
# span 27 =    22.2489,    26.3837      
# span 28 =    22.3268,    26.4518      
# span 29 =      1.003,    241.863      
# span 30 =      1.004,    250.959      
# span 31 =      0.371,    106.116      
# span 32 =      0.372,    111.039      
# span 33 = 0.0000e+00, 0.0000e+00      
# interval = meters: 1                  
# start_time = Oct 15 2019 12:09:59 [NMEA time, first data scan]
# bad_flag = -9.990e-29
*END*
[from data line 43]
       3501    145.826     45.287 -109.99190   21.83534     45.000    19.3854    19.3398 4.6243e+04   4.631650     0.4563     0.1041    97.4317 1.0000e-12          0     2.3817     2.3728     0.0966     0.1148     4.5325     0.0000     0.0084     0.0000     2.3219     2.3215    34.1126    34.2106    24.2466    24.3332    226.587    239.113     96.431    101.735 0.0000e+00
       3533    147.186     46.293 -109.99190   21.83534     46.000    19.2451    19.2055 4.6105e+04   4.617636     0.5058     0.1072    97.3572 1.0000e-12          0     2.3636     2.3591     0.1016     0.1154     4.5291     0.0000     0.0084     0.0000     2.3057     2.3047    34.1125    34.2044    24.2826    24.3629    227.435    239.017     96.540    101.437 0.0000e+00
       3630    151.228     47.300 -109.99190   21.83534     47.000    19.1989    19.1604 4.6048e+04   4.611977     0.5770     0.1094    97.3023 1.0000e-12          0     2.3076     2.3049     0.1087     0.1151     4.5265     0.0000     0.0084     0.0000     2.2928     2.2917    34.1026    34.1942    24.2868    24.3667    225.231    238.011     95.517    100.920 0.0000e+00
       3708    154.459     48.306 -109.99190   21.83532     48.000    19.0289    18.9841 4.5866e+04   4.592969     0.6061     0.1089    97.3147 1.0000e-12          0     2.2994     2.2955     0.1116     0.1151     4.5271     0.0000     0.0082     0.0000     2.2163     2.2395    34.0908    34.1809    24.3212    24.4014    207.811    224.992     87.844     95.079 0.0000e+00
       3725    155.182     49.313 -109.99190   21.83532     49.000    18.8903    18.8350 4.5747e+04   4.582453     0.6330     0.1107    97.2706 1.0000e-12          0     2.2965     2.2940     0.1143     0.1157     4.5250     0.0000     0.0083     0.0000     2.1910     2.2084    34.1054    34.2159    24.3675    24.4659    209.597    223.178     88.378     94.070 0.0000e+00
       3746    156.048     50.319 -109.99190   21.83532     50.000    18.4805    18.4104 4.5314e+04   4.541521     0.6833     0.1133    97.2084 1.0000e-12          0     2.2884     2.2901     0.1193     0.1157     4.5221     0.0000     0.0085     0.0000     2.1761     2.1870    34.0800    34.2239    24.4508    24.5784    213.636    225.031     89.377     94.102 0.0000e+00
       3767    156.919     51.325 -109.99190   21.83532     51.000    17.9248    17.8671 4.4708e+04   4.480413     0.7990     0.1179    97.0947 1.0000e-12          0     2.2592     2.2750     0.1309     0.1156     4.5168     0.0000     0.0085     0.0000     2.1738     2.1793    34.0287    34.1586    24.5486    24.6622    218.132    228.472     90.278     94.527 0.0000e+00
       3843    160.092     52.332 -109.99189   21.83532     52.000    17.8567    17.7823 4.4635e+04   4.465163     0.9532     0.1187    97.0754 1.0000e-12          0     2.1782     2.1881     0.1463     0.1154     4.5160     0.0000     0.0084     0.0000     2.1640     2.1695    34.0224    34.0991    24.5605    24.6373    216.229    228.181     89.371     94.221 0.0000e+00
       3907    162.758     53.339 -109.99189   21.83532     53.000    17.6935    17.6853 4.4461e+04   4.459047     0.9619     0.1196    97.0546 1.0000e-12          0     2.1693     2.1752     0.1472     0.1150     4.5150     0.0000     0.0084     0.0000     2.1470     2.1519    34.0103    34.1277    24.5909    24.6828    213.460    225.010     87.949     92.759 0.0000e+00
       3927    163.596     54.345 -109.99190   21.83532     54.000    17.5210    17.4763 4.4276e+04   4.435190     0.9312     0.1185    97.0810 1.0000e-12          0     2.1647     2.1724     0.1441     0.1154     4.5162     0.0000     0.0084     0.0000     2.1375     2.1420    33.9954    34.0982    24.6212    24.7107    212.482    224.452     87.251     92.144 0.0000e+00
       3948    164.459     55.352 -109.99190   21.83532     55.000    17.4088    17.3692 4.4159e+04   4.423060     0.9308     0.1195    97.0573 1.0000e-12          0     2.1587     2.1654     0.1441     0.1158     4.5151     0.0000     0.0085     0.0000     2.1284     2.1346    33.9882    34.0835    24.6427    24.7252    212.451    224.482     87.047     91.960 0.0000e+00
       3972    165.454     56.358 -109.99190   21.83532     56.000    17.3513    17.3150 4.4102e+04   4.417102     0.9758     0.1219    96.9975 1.0000e-12          0     2.1529     2.1580     0.1486     0.1155     4.5123     0.0000     0.0085     0.0000     2.1218     2.1275    33.9874    34.0773    24.6559    24.7335    212.797    223.977     87.093     91.654 0.0000e+00
       4010    167.053     57.365 -109.99190   21.83532     57.000    17.3232    17.2963 4.4076e+04   4.414917     1.0313     0.1215    97.0080 1.0000e-12          0     2.1380     2.1432     0.1541     0.1156     4.5128     0.0000     0.0084     0.0000     2.1139     2.1179    33.9883    34.0738    24.6633    24.7353    212.035    223.103     86.734     91.262 0.0000e+00
       4087    170.261     58.371 -109.99190   21.83533     58.000    17.2830    17.2780 4.4039e+04   4.413564     1.0785     0.1202    97.0395 1.0000e-12          0     2.1146     2.1191     0.1589     0.1153     4.5143     0.0000     0.0084     0.0000     2.0856     2.0988    33.9892    34.0772    24.6736    24.7423    205.287    219.197     83.910     89.635 0.0000e+00
       4132    172.119     59.378 -109.99190   21.83534     59.000    17.1231    17.0772 4.3873e+04   4.394297     1.0775     0.1223    96.9892 1.0000e-12          0     2.1052     2.1111     0.1587     0.1152     4.5119     0.0000     0.0085     0.0000     2.0504     2.0674    33.9798    34.0795    24.7045    24.7918    201.246    214.343     82.001     87.313 0.0000e+00
       4155    173.096     60.384 -109.99190   21.83534     60.000    16.9906    16.9523 4.3736e+04   4.380589     1.0762     0.1216    97.0062 1.0000e-12          0     2.0954     2.1066     0.1586     0.1155     4.5127     0.0000     0.0083     0.0000     2.0400     2.0529    33.9730    34.0658    24.7306    24.8109    202.872    213.792     82.450     86.873 0.0000e+00
       4178    174.029     61.391 -109.99190   21.83534     61.000    16.9074    16.8671 4.3648e+04   4.371720     1.0632     0.1222    96.9905 1.0000e-12          0     2.0802     2.0953     0.1573     0.1153     4.5120     0.0000     0.0085     0.0000     2.0339     2.0419    33.9660    34.0604    24.7449    24.8268    202.421    213.215     82.132     86.493 0.0000e+00
       4204    175.110     62.398 -109.99190   21.83534     62.000    16.8038    16.7671 4.3536e+04   4.360551     1.0422     0.1202    97.0392 1.0000e-12          0     2.0595     2.0762     0.1552     0.1152     4.5142     0.0000     0.0084     0.0000     2.0245     2.0322    33.9556    34.0473    24.7612    24.8402    202.047    212.670     81.811     86.099 0.0000e+00
       4270    177.874     63.404 -109.99190   21.83533     63.000    16.6825    16.6158 4.3411e+04   4.344472     1.0823     0.1220    96.9959 1.0000e-12          0     2.0308     2.0396     0.1592     0.1155     4.5122     0.0000     0.0085     0.0000     1.9917     2.0027    33.9485    34.0348    24.7841    24.8659    192.600    207.459     77.803     83.738 0.0000e+00
       4338    180.691     64.411 -109.99190   21.83532     64.000    16.2451    16.2317 4.2962e+04   4.309068     1.1247     0.1231    96.9693 1.0000e-12          0     2.0102     2.0139     0.1635     0.1153     4.5110     0.0000     0.0084     0.0000     1.8746     1.9207    33.9251    34.0505    24.8673    24.9667    162.259    187.215     64.977     75.012 0.0000e+00
       4362    181.689     65.417 -109.99190   21.83532     65.000    16.0399    15.9948 4.2796e+04   4.287140     1.0918     0.1201    97.0420 1.0000e-12          0     1.9895     2.0011     0.1602     0.1153     4.5144     0.0000     0.0082     0.0000     1.7968     1.8517    33.9537    34.0590    24.9360    25.0274    152.853    176.138     60.978     70.251 0.0000e+00
       4383    182.587     66.424 -109.99190   21.83532     66.000    15.8789    15.8393 4.2668e+04   4.274263     0.9783     0.1112    97.2583 1.0000e-12          0     1.9650     1.9855     0.1489     0.1150     4.5244     0.0000     0.0084     0.0000     1.7406     1.7923    33.9775    34.0778    24.9909    25.0770    150.989    169.458     60.054     67.389 0.0000e+00
       4406    183.560     67.430 -109.99190   21.83532     67.000    15.7543    15.7166 4.2575e+04   4.264523     0.9072     0.1044    97.4252 1.0000e-12          0     1.9135     1.9512     0.1417     0.1153     4.5322     0.0000     0.0085     0.0000     1.6986     1.7409    34.0012    34.0963    25.0372    25.1189    151.482    166.198     60.111     65.940 0.0000e+00
       4445    185.153     68.437 -109.99190   21.83532     68.000    15.6843    15.6505 4.2521e+04   4.258684     0.8529     0.1006    97.5155 1.0000e-12          0     1.8021     1.8535     0.1363     0.1150     4.5364     0.0000     0.0085     0.0000     1.6559     1.6865    34.0126    34.1008    25.0618    25.1372    150.122    162.603     59.494     64.432 0.0000e+00
       4506    187.720     69.443 -109.99190   21.83533     69.000    15.6145    15.5763 4.2470e+04   4.253134     0.8528     0.0992    97.5490 1.0000e-12          0     1.6764     1.7135     0.1363     0.1149     4.5380     0.0000     0.0085     0.0000     1.5936     1.6221    34.0267    34.1149    25.0883    25.1647    141.083    154.570     55.839     61.165 0.0000e+00
       4543    189.231     70.450 -109.99190   21.83534     70.000    15.5357    15.4995 4.2411e+04   4.247545     0.7882     0.0978    97.5838 1.0000e-12          0     1.6428     1.6698     0.1298     0.1148     4.5396     0.0000     0.0084     0.0000     1.5557     1.5830    34.0418    34.1309    25.1175    25.1942    137.624    149.499     54.391     59.074 0.0000e+00
       4570    190.373     71.457 -109.99190   21.83534     71.000    15.4915    15.4572 4.2378e+04   4.244181     0.7678     0.0990    97.5559 1.0000e-12          0     1.6163     1.6437     0.1278     0.1150     4.5383     0.0000     0.0085     0.0000     1.5326     1.5581    34.0503    34.1370    25.1339    25.2083    135.530    146.792     53.520     57.958 0.0000e+00
       4603    191.752     72.463 -109.99190   21.83534     72.000    15.4504    15.4161 4.2348e+04   4.241143     0.7767     0.0974    97.5953 1.0000e-12          0     1.5792     1.6083     0.1287     0.1152     4.5401     0.0000     0.0084     0.0000     1.5083     1.5317    34.0584    34.1449    25.1493    25.2236    133.576    143.928     52.708     56.784 0.0000e+00
       4649    193.686     73.470 -109.99190   21.83534     73.000    15.4090    15.3751 4.2319e+04   4.238038     0.7695     0.0973    97.5974 1.0000e-12          0     1.5367     1.5626     0.1279     0.1150     4.5402     0.0000     0.0084     0.0000     1.4831     1.5024    34.0675    34.1522    25.1655    25.2383    131.952    140.875     52.027     55.537 0.0000e+00
       4699    195.763     74.477 -109.99190   21.83534     74.000    15.3823    15.3486 4.2302e+04   4.236178     0.7945     0.0972    97.5999 1.0000e-12          0     1.5008     1.5232     0.1305     0.1148     4.5404     0.0000     0.0084     0.0000     1.4644     1.4792    34.0746    34.1581    25.1770    25.2488    130.461    138.682     51.414     54.646 0.0000e+00
       4730    197.022     75.483 -109.99190   21.83534     75.000    15.3751    15.3416 4.2297e+04   4.235717     0.7419     0.0956    97.6388 1.0000e-12          0     1.4846     1.5045     0.1252     0.1148     4.5421     0.0000     0.0085     0.0000     1.4530     1.4692    34.0766    34.1597    25.1801    25.2515    127.210    137.192     50.127     54.051 0.0000e+00
       4754    198.022     76.490 -109.99190   21.83534     76.000    15.3714    15.3379 4.2296e+04   4.235564     0.7320     0.0953    97.6464 1.0000e-12          0     1.4749     1.4918     0.1242     0.1151     4.5425     0.0000     0.0084     0.0000     1.4367     1.4577    34.0783    34.1610    25.1823    25.2534    123.250    134.299     48.563     52.908 0.0000e+00
       4777    199.018     77.496 -109.99190   21.83534     77.000    15.3517    15.3169 4.2290e+04   4.234938     0.7276     0.0948    97.6583 1.0000e-12          0     1.4667     1.4819     0.1237     0.1148     4.5430     0.0000     0.0084     0.0000     1.4188     1.4413    34.0893    34.1734    25.1951    25.2676    120.972    131.094     47.650     51.628 0.0000e+00
       4809    200.342     78.503 -109.99190   21.83534     78.000    15.3172    15.2818 4.2273e+04   4.233289     0.7080     0.0937    97.6858 1.0000e-12          0     1.4547     1.4707     0.1218     0.1149     4.5444     0.0000     0.0085     0.0000     1.3999     1.4178    34.1040    34.1887    25.2141    25.2872    120.524    128.107     47.445     50.421 0.0000e+00
       4865    202.656     79.510 -109.99190   21.83534     79.000    15.2975    15.2504 4.2265e+04   4.231814     0.7128     0.0930    97.7025 1.0000e-12          0     1.4173     1.4390     0.1223     0.1148     4.5451     0.0000     0.0084     0.0000     1.3715     1.3844    34.1138    34.2023    25.2260    25.3046    115.047    123.888     45.274     48.735 0.0000e+00
       4921    205.021     80.516 -109.99190   21.83534     80.000    15.2642    15.2324 4.2258e+04   4.231725     0.6549     0.0910    97.7512 1.0000e-12          0     1.3880     1.4001     0.1165     0.1148     4.5474     0.0000     0.0084     0.0000     1.3212     1.3463    34.1353    34.2168    25.2500    25.3198    101.663    115.941     39.986     45.596 0.0000e+00
       4952    206.309     81.523 -109.99190   21.83534     81.000    15.2550    15.2216 4.2278e+04   4.233631     0.6219     0.0893    97.7912 1.0000e-12          0     1.3694     1.3827     0.1132     0.1147     4.5492     0.0000     0.0083     0.0000     1.2586     1.3025    34.1610    34.2430    25.2719    25.3424     79.334    102.866     31.203     40.452 0.0000e+00
       4977    207.318     82.530 -109.99190   21.83534     82.000    15.2517    15.2184 4.2318e+04   4.237495     0.6093     0.0876    97.8338 1.0000e-12          0     1.3520     1.3683     0.1119     0.1148     4.5512     0.0000     0.0083     0.0000     1.1636     1.2350    34.2000    34.2804    25.3027    25.3720     55.183     84.365     21.708     33.182 0.0000e+00
       5006    208.537     83.536 -109.99190   21.83534     83.000    15.3353    15.3081 4.2522e+04   4.257027     0.5808     0.0849    97.8989 1.0000e-12          0     1.3188     1.3449     0.1091     0.1148     4.5543     0.0000     0.0085     0.0000     1.0496     1.1220    34.3109    34.3780    25.3697    25.4274     49.756     67.352     19.620     26.551 0.0000e+00
       5060    210.805     84.543 -109.99190   21.83534     84.000    15.4111    15.3869 4.2701e+04   4.277819     0.5350     0.0832    97.9404 1.0000e-12          0     1.1637     1.2283     0.1045     0.1147     4.5562     0.0000     0.0084     0.0000     0.9283     0.9718    34.4051    34.4962    25.4254    25.5010     40.930     53.486     16.172     21.135 0.0000e+00
       5118    213.217     85.550 -109.99192   21.83534     85.000    15.4312    15.3990 4.2791e+04   4.284725     0.4936     0.0811    97.9915 1.0000e-12          0     0.9823     1.0323     0.1003     0.1148     4.5586     0.0000     0.0083     0.0000     0.8015     0.8539    34.4682    34.5474    25.4697    25.5378     24.947     38.393      9.865     15.179 0.0000e+00
       5156    214.807     86.556 -109.99192   21.83534     86.000    15.4402    15.4047 4.2879e+04   4.293892     0.4555     0.0793    98.0389 1.0000e-12          0     0.9023     0.9451     0.0965     0.1148     4.5608     0.0000     0.0084     0.0000     0.7458     0.7899    34.5398    34.6247    25.5229    25.5961     25.266     32.956      9.997     13.038 0.0000e+00
