data/ctd-cnv/KM1919/KM1919-St22-P3/St22_P3_cast80-align-cellTM-derive-bin.cnv
* Sea-Bird SBE 9 Data File:
* FileName = C:\Users\otg\Desktop\CTD Data\km1920\St22_P3_cast80.hex
* Software Version Seasave V 7.26.7.107
* Temperature SN = 5554
* Conductivity SN = 3876
* Number of Bytes Per Scan = 41
* Number of Voltage Words = 4
* Number of Scans Averaged by the Deck Unit = 1
* NMEA Latitude = 22 02.53 N
* NMEA Longitude = 109 51.90 W
* NMEA UTC (Time) = Oct 18 2019  07:01:16
* NMEA baud rate = 4800
** Ship: Kilo Moana
** Station: St22  P3 cast 80
** Operator: gr
** ctd for McLane pumps,
# nquan = 34
# nvalues = 1024                        
# units = specified
# name 0 = scan: Scan Count
# name 1 = timeS: Time, Elapsed [seconds]
# name 2 = prDM: Pressure, Digiquartz [db]
# name 3 = longitude: Longitude [deg]
# name 4 = latitude: Latitude [deg]
# name 5 = depSM: Depth [salt water, m]
# name 6 = t090C: Temperature [ITS-90, deg C]
# name 7 = t190C: Temperature, 2 [ITS-90, deg C]
# name 8 = c0uS/cm: Conductivity [uS/cm]
# name 9 = c1S/m: Conductivity, 2 [S/m]
# name 10 = flECO-AFL: Fluorescence, WET Labs ECO-AFL/FL [mg/m^3]
# name 11 = CStarAt0: Beam Attenuation, WET Labs C-Star [1/m]
# name 12 = CStarTr0: Beam Transmission, WET Labs C-Star [%]
# name 13 = par: PAR/Irradiance, Biospherical/Licor
# name 14 = modError: Modulo Error Count
# name 15 = v0: Voltage 0
# name 16 = v1: Voltage 1
# name 17 = v2: Voltage 2
# name 18 = v3: Voltage 3
# name 19 = v4: Voltage 4
# name 20 = v5: Voltage 5
# name 21 = v6: Voltage 6
# name 22 = v7: Voltage 7
# name 23 = sbeox0V: Oxygen raw, SBE 43 [V]
# name 24 = sbeox1V: Oxygen raw, SBE 43, 2 [V]
# name 25 = sal00: Salinity, Practical [PSU]
# name 26 = sal11: Salinity, Practical, 2 [PSU]
# name 27 = sigma-é00: Density [sigma-theta, kg/m^3]
# name 28 = sigma-é11: Density, 2 [sigma-theta, kg/m^3]
# name 29 = sbeox0Mm/L: Oxygen, SBE 43 [umol/l], WS = 2
# name 30 = sbeox1Mm/L: Oxygen, SBE 43, 2 [umol/l], WS = 2
# name 31 = sbeox0PS: Oxygen, SBE 43 [% saturation], WS = 2
# name 32 = sbeox1PS: Oxygen, SBE 43, 2 [% saturation], WS = 2
# name 33 = flag: flag
# span 0 =         62,     285686       
# span 1 =      2.559,  11903.551       
# span 2 =      2.013,   1033.996       
# span 3 = -109.86514, -109.86495       
# span 4 =   22.04200,   22.04254       
# span 5 =      2.000,   1025.000       
# span 6 =     4.4752,    27.7226       
# span 7 =     4.4511,    27.6823       
# span 8 = 3.3031e+04, 5.5492e+04       
# span 9 =   3.307486,   5.557007       
# span 10 =     0.0490,     2.3061      
# span 11 =     0.0676,     0.2082      
# span 12 =    94.9280,    98.3233      
# span 13 = -6.227e-05, 4.0808e+00      
# span 14 =          0,          0      
# span 15 =     0.5027,     2.6330      
# span 16 =     0.5129,     2.7828      
# span 17 =     0.0559,     0.2816      
# span 18 =     0.1136,     0.1212      
# span 19 =     4.4161,     4.5740      
# span 20 =    -0.0000,     0.0007      
# span 21 =     0.0071,     1.6268      
# span 22 =     0.0000,     0.0000      
# span 23 =     0.5022,     2.4567      
# span 24 =     0.5127,     2.8253      
# span 25 =    33.8474,    34.7599      
# span 26 =    33.3903,    34.8438      
# span 27 =    21.6219,    27.3629      
# span 28 =    21.2917,    27.4262      
# span 29 =      0.805,    243.013      
# span 30 =      0.910,    260.351      
# span 31 =      0.284,    105.959      
# span 32 =      0.315,    127.508      
# span 33 = 0.0000e+00, 0.0000e+00      
# interval = meters: 1                  
# start_time = Oct 18 2019 07:01:59 [NMEA time, first data scan]
# bad_flag = -9.990e-29
*END*
[from data line 939]
      53878   2244.863    949.067 -109.86512   22.04252    941.000     4.9338     4.9088 3.3400e+04   3.344543     0.0595     0.0692    98.2842 1.0000e-12          0     0.5267     0.5363     0.0570     0.1191     4.5721     0.0000     0.0085     0.0000     0.5274     0.5369    34.5167    34.5946    27.3086    27.3733      6.068      6.285      1.912      1.980 0.0000e+00
      53913   2246.328    950.078 -109.86512   22.04252    942.000     4.9331     4.9081 3.3400e+04   3.344509     0.0592     0.0688    98.2938 1.0000e-12          0     0.5272     0.5367     0.0569     0.1190     4.5726     0.0000     0.0085     0.0000     0.5274     0.5372    34.5166    34.5944    27.3086    27.3733      6.114      6.277      1.926      1.977 0.0000e+00
      53942   2247.541    951.089 -109.86512   22.04252    943.000     4.9316     4.9065 3.3399e+04   3.344460     0.0639     0.0688    98.2945 1.0000e-12          0     0.5275     0.5367     0.0574     0.1195     4.5726     0.0000     0.0084     0.0000     0.5274     0.5371    34.5165    34.5950    27.3088    27.3739      6.130      6.286      1.931      1.980 0.0000e+00
      53967   2248.580    952.099 -109.86512   22.04252    944.000     4.9233     4.8976 3.3392e+04   3.343770     0.0639     0.0688    98.2945 1.0000e-12          0     0.5275     0.5370     0.0574     0.1183     4.5726     0.0000     0.0085     0.0000     0.5277     0.5376    34.5167    34.5957    27.3099    27.3755      6.493      6.405      2.045      2.017 0.0000e+00
      53993   2249.654    953.110 -109.86512   22.04252    945.000     4.9156     4.8901 3.3386e+04   3.343097     0.0639     0.0688    98.2945 1.0000e-12          0     0.5275     0.5372     0.0574     0.1193     4.5726     0.0000     0.0085     0.0000     0.5282     0.5374    34.5170    34.5952    27.3110    27.3759      6.722      6.424      2.117      2.023 0.0000e+00
      54023   2250.922    954.121 -109.86512   22.04252    946.000     4.9126     4.8876 3.3384e+04   3.342888     0.0639     0.0688    98.2945 1.0000e-12          0     0.5275     0.5372     0.0574     0.1197     4.5726     0.0000     0.0085     0.0000     0.5285     0.5377    34.5170    34.5949    27.3113    27.3760      6.391      6.400      2.012      2.015 0.0000e+00
      54053   2252.180    955.132 -109.86514   22.04252    947.000     4.9096     4.8847 3.3381e+04   3.342690     0.0639     0.0688    98.2945 1.0000e-12          0     0.5278     0.5375     0.0574     0.1194     4.5726     0.0000     0.0085     0.0000     0.5286     0.5382    34.5170    34.5951    27.3117    27.3765      6.300      6.600      1.984      2.078 0.0000e+00
      54081   2253.321    956.143 -109.86514   22.04252    948.000     4.9086     4.8836 3.3381e+04   3.342608     0.0639     0.0688    98.2935 1.0000e-12          0     0.5285     0.5377     0.0574     0.1186     4.5726     0.0000     0.0085     0.0000     0.5286     0.5382    34.5171    34.5948    27.3119    27.3763      6.310      6.490      1.987      2.043 0.0000e+00
      54107   2254.417    957.154 -109.86512   22.04252    949.000     4.9086     4.8836 3.3381e+04   3.342670     0.0639     0.0688    98.2935 1.0000e-12          0     0.5286     0.5377     0.0574     0.1197     4.5726     0.0000     0.0085     0.0000     0.5286     0.5383    34.5170    34.5949    27.3118    27.3765      6.335      6.547      1.995      2.061 0.0000e+00
      54132   2255.446    958.165 -109.86512   22.04252    950.000     4.9082     4.8830 3.3382e+04   3.342678     0.0639     0.0690    98.2902 1.0000e-12          0     0.5287     0.5382     0.0574     0.1197     4.5724     0.0000     0.0084     0.0000     0.5286     0.5384    34.5178    34.5951    27.3125    27.3767      6.317      6.436      1.989      2.026 0.0000e+00
      54155   2256.434    959.176 -109.86512   22.04252    951.000     4.9037     4.8785 3.3378e+04   3.342338     0.0639     0.0690    98.2899 1.0000e-12          0     0.5286     0.5382     0.0574     0.1194     4.5724     0.0000     0.0084     0.0000     0.5286     0.5382    34.5171    34.5954    27.3124    27.3775      6.318      6.469      1.989      2.037 0.0000e+00
      54178   2257.378    960.187 -109.86512   22.04252    952.000     4.9021     4.8773 3.3378e+04   3.342251     0.0639     0.0693    98.2815 1.0000e-12          0     0.5287     0.5383     0.0574     0.1182     4.5720     0.0000     0.0084     0.0000     0.5286     0.5385    34.5179    34.5952    27.3133    27.3774      6.319      6.618      1.989      2.083 0.0000e+00
      54201   2258.319    961.198 -109.86512   22.04252    953.000     4.8999     4.8748 3.3376e+04   3.342115     0.0639     0.0689    98.2920 1.0000e-12          0     0.5287     0.5385     0.0574     0.1196     4.5725     0.0000     0.0085     0.0000     0.5286     0.5385    34.5179    34.5956    27.3135    27.3781      6.332      6.440      1.994      2.027 0.0000e+00
      54225   2259.349    962.209 -109.86512   22.04252    954.000     4.8920     4.8668 3.3369e+04   3.341486     0.0535     0.0688    98.2944 1.0000e-12          0     0.5287     0.5385     0.0564     0.1197     4.5726     0.0000     0.0084     0.0000     0.5287     0.5385    34.5176    34.5962    27.3142    27.3794      6.505      6.591      2.047      2.074 0.0000e+00
      54271   2261.251    963.220 -109.86512   22.04254    955.000     4.8877     4.8632 3.3366e+04   3.341127     0.0627     0.0688    98.2951 1.0000e-12          0     0.5287     0.5385     0.0573     0.1192     4.5726     0.0000     0.0085     0.0000     0.5292     0.5386    34.5178    34.5952    27.3148    27.3791      6.705      6.600      2.110      2.077 0.0000e+00
      54335   2263.904    964.231 -109.86512   22.04254    956.000     4.8794     4.8535 3.3359e+04   3.340459     0.0639     0.0693    98.2816 1.0000e-12          0     0.5290     0.5387     0.0574     0.1186     4.5720     0.0000     0.0085     0.0000     0.5298     0.5390    34.5182    34.5970    27.3162    27.3816      6.645      6.655      2.091      2.094 0.0000e+00
      54360   2264.960    965.241 -109.86512   22.04254    957.000     4.8757     4.8507 3.3356e+04   3.340184     0.0639     0.0688    98.2947 1.0000e-12          0     0.5292     0.5387     0.0574     0.1197     4.5726     0.0000     0.0084     0.0000     0.5299     0.5388    34.5180    34.5963    27.3164    27.3813      6.711      6.459      2.111      2.032 0.0000e+00
      54381   2265.817    966.252 -109.86512   22.04254    958.000     4.8738     4.8486 3.3355e+04   3.340071     0.0639     0.0688    98.2945 1.0000e-12          0     0.5296     0.5389     0.0574     0.1197     4.5726     0.0000     0.0085     0.0000     0.5299     0.5390    34.5182    34.5966    27.3168    27.3818      6.586      6.938      2.072      2.182 0.0000e+00
      54399   2266.571    967.263 -109.86512   22.04253    959.000     4.8675     4.8419 3.3350e+04   3.339570     0.0639     0.0687    98.2975 1.0000e-12          0     0.5296     0.5390     0.0574     0.1195     4.5728     0.0000     0.0085     0.0000     0.5299     0.5393    34.5184    34.5973    27.3177    27.3831      6.589      6.896      2.073      2.169 0.0000e+00
      54416   2267.295    968.274 -109.86512   22.04252    960.000     4.8631     4.8381 3.3347e+04   3.339235     0.0639     0.0688    98.2943 1.0000e-12          0     0.5299     0.5391     0.0574     0.1197     4.5726     0.0000     0.0085     0.0000     0.5299     0.5394    34.5185    34.5968    27.3182    27.3832      6.590      6.803      2.073      2.140 0.0000e+00
      54433   2268.008    969.285 -109.86512   22.04252    961.000     4.8610     4.8360 3.3345e+04   3.339080     0.0639     0.0696    98.2755 1.0000e-12          0     0.5297     0.5391     0.0574     0.1196     4.5717     0.0000     0.0084     0.0000     0.5299     0.5396    34.5187    34.5967    27.3186    27.3833      6.592      6.789      2.073      2.135 0.0000e+00
      54453   2268.814    970.296 -109.86512   22.04252    962.000     4.8601     4.8350 3.3345e+04   3.339024     0.0639     0.0688    98.2941 1.0000e-12          0     0.5299     0.5389     0.0574     0.1183     4.5726     0.0000     0.0085     0.0000     0.5299     0.5395    34.5186    34.5965    27.3187    27.3833      6.600      6.718      2.075      2.113 0.0000e+00
      54478   2269.879    971.307 -109.86512   22.04252    963.000     4.8572     4.8322 3.3343e+04   3.338813     0.0639     0.0688    98.2945 1.0000e-12          0     0.5299     0.5393     0.0574     0.1191     4.5726     0.0000     0.0085     0.0000     0.5301     0.5396    34.5183    34.5965    27.3188    27.3837      6.900      6.877      2.170      2.163 0.0000e+00
      54563   2273.428    972.318 -109.86512   22.04252    964.000     4.8594     4.8342 3.3346e+04   3.338983     0.0559     0.0685    98.3017 1.0000e-12          0     0.5300     0.5398     0.0566     0.1189     4.5730     0.0000     0.0085     0.0000     0.5303     0.5402    34.5195    34.5959    27.3194    27.3829      6.688      6.924      2.103      2.177 0.0000e+00
      54596   2274.804    973.329 -109.86512   22.04252    965.000     4.8547     4.8297 3.3342e+04   3.338678     0.0569     0.0688    98.2945 1.0000e-12          0     0.5301     0.5400     0.0567     0.1190     4.5726     0.0000     0.0084     0.0000     0.5309     0.5403    34.5194    34.5966    27.3199    27.3840      7.141      6.914      2.245      2.174 0.0000e+00
      54616   2275.615    974.340 -109.86512   22.04252    966.000     4.8542     4.8292 3.3342e+04   3.338675     0.0619     0.0688    98.2945 1.0000e-12          0     0.5306     0.5402     0.0572     0.1197     4.5726     0.0000     0.0085     0.0000     0.5308     0.5402    34.5194    34.5965    27.3200    27.3840      6.545      6.764      2.058      2.127 0.0000e+00
      54633   2276.333    975.351 -109.86512   22.04252    967.000     4.8538     4.8288 3.3342e+04   3.338694     0.0514     0.0687    98.2979 1.0000e-12          0     0.5302     0.5402     0.0562     0.1197     4.5728     0.0000     0.0084     0.0000     0.5305     0.5400    34.5193    34.5966    27.3200    27.3841      6.821      6.928      2.145      2.178 0.0000e+00
      54650   2277.024    976.362 -109.86512   22.04252    968.000     4.8536     4.8286 3.3343e+04   3.338706     0.0585     0.0685    98.3018 1.0000e-12          0     0.5302     0.5402     0.0569     0.1196     4.5730     0.0000     0.0085     0.0000     0.5310     0.5404    34.5194    34.5965    27.3201    27.3841      7.170      6.912      2.254      2.173 0.0000e+00
      54667   2277.755    977.373 -109.86512   22.04252    969.000     4.8534     4.8284 3.3343e+04   3.338738     0.0636     0.0685    98.3027 1.0000e-12          0     0.5305     0.5402     0.0574     0.1196     4.5730     0.0000     0.0085     0.0000     0.5310     0.5400    34.5196    34.5965    27.3203    27.3841      6.772      6.863      2.130      2.158 0.0000e+00
      54688   2278.633    978.384 -109.86512   22.04253    970.000     4.8529     4.8280 3.3343e+04   3.338732     0.0639     0.0680    98.3124 1.0000e-12          0     0.5310     0.5402     0.0574     0.1196     4.5735     0.0000     0.0085     0.0000     0.5308     0.5404    34.5196    34.5964    27.3204    27.3841      6.697      7.031      2.106      2.211 0.0000e+00
      54727   2280.268    979.395 -109.86512   22.04254    971.000     4.8528     4.8280 3.3343e+04   3.338756     0.0588     0.0683    98.3062 1.0000e-12          0     0.5308     0.5402     0.0569     0.1197     4.5732     0.0000     0.0085     0.0000     0.5310     0.5404    34.5193    34.5962    27.3201    27.3839      6.902      6.945      2.170      2.184 0.0000e+00
      54789   2282.846    980.406 -109.86512   22.04254    972.000     4.8515     4.8265 3.3342e+04   3.338690     0.0644     0.0687    98.2972 1.0000e-12          0     0.5309     0.5404     0.0574     0.1188     4.5727     0.0000     0.0085     0.0000     0.5311     0.5404    34.5192    34.5965    27.3202    27.3843      6.809      6.955      2.141      2.187 0.0000e+00
      54822   2284.215    981.417 -109.86512   22.04254    973.000     4.8472     4.8221 3.3339e+04   3.338373     0.0639     0.0681    98.3110 1.0000e-12          0     0.5311     0.5405     0.0574     0.1198     4.5734     0.0000     0.0085     0.0000     0.5311     0.5405    34.5194    34.5968    27.3209    27.3851      6.880      7.033      2.163      2.211 0.0000e+00
      54844   2285.137    982.428 -109.86512   22.04254    974.000     4.8434     4.8181 3.3336e+04   3.338101     0.0633     0.0688    98.2939 1.0000e-12          0     0.5311     0.5406     0.0573     0.1196     4.5726     0.0000     0.0084     0.0000     0.5311     0.5406    34.5195    34.5973    27.3214    27.3860      6.844      6.974      2.152      2.192 0.0000e+00
      54864   2285.957    983.439 -109.86512   22.04254    975.000     4.8384     4.8133 3.3332e+04   3.337711     0.0514     0.0685    98.3025 1.0000e-12          0     0.5311     0.5402     0.0562     0.1196     4.5730     0.0000     0.0084     0.0000     0.5311     0.5406    34.5200    34.5973    27.3223    27.3865      6.847      7.081      2.152      2.226 0.0000e+00
      54884   2286.785    984.450 -109.86512   22.04254    976.000     4.8299     4.8044 3.3325e+04   3.337061     0.0609     0.0680    98.3144 1.0000e-12          0     0.5310     0.5407     0.0571     0.1197     4.5736     0.0000     0.0085     0.0000     0.5311     0.5409    34.5194    34.5984    27.3228    27.3884      6.862      7.140      2.156      2.244 0.0000e+00
      54906   2287.706    985.461 -109.86512   22.04253    977.000     4.8196     4.7943 3.3316e+04   3.336194     0.0638     0.0685    98.3014 1.0000e-12          0     0.5311     0.5406     0.0574     0.1197     4.5729     0.0000     0.0085     0.0000     0.5311     0.5409    34.5195    34.5983    27.3241    27.3895      6.922      7.138      2.175      2.243 0.0000e+00
      54934   2288.884    986.472 -109.86512   22.04252    978.000     4.8137     4.7887 3.3311e+04   3.335686     0.0557     0.0686    98.2999 1.0000e-12          0     0.5311     0.5407     0.0566     0.1197     4.5729     0.0000     0.0085     0.0000     0.5312     0.5412    34.5196    34.5978    27.3248    27.3897      7.146      7.252      2.245      2.278 0.0000e+00
      54978   2290.717    987.483 -109.86512   22.04252    979.000     4.8073     4.7823 3.3306e+04   3.335134     0.0635     0.0688    98.2933 1.0000e-12          0     0.5311     0.5409     0.0574     0.1196     4.5726     0.0000     0.0085     0.0000     0.5321     0.5416    34.5195    34.5975    27.3254    27.3902      7.381      7.280      2.318      2.287 0.0000e+00
      55021   2292.509    988.494 -109.86512   22.04252    980.000     4.8019     4.7769 3.3302e+04   3.334698     0.0639     0.0682    98.3091 1.0000e-12          0     0.5313     0.5412     0.0574     0.1195     4.5733     0.0000     0.0084     0.0000     0.5323     0.5417    34.5195    34.5976    27.3261    27.3908      7.166      7.334      2.250      2.303 0.0000e+00
      55051   2293.738    989.505 -109.86512   22.04252    981.000     4.7999     4.7750 3.3300e+04   3.334559     0.0639     0.0685    98.3027 1.0000e-12          0     0.5321     0.5416     0.0574     0.1197     4.5730     0.0000     0.0085     0.0000     0.5323     0.5421    34.5196    34.5975    27.3264    27.3910      7.115      7.460      2.234      2.343 0.0000e+00
      55074   2294.695    990.517 -109.86512   22.04252    982.000     4.7995     4.7747 3.3300e+04   3.334569     0.0639     0.0688    98.2943 1.0000e-12          0     0.5322     0.5415     0.0574     0.1197     4.5726     0.0000     0.0085     0.0000     0.5324     0.5421    34.5195    34.5974    27.3264    27.3909      7.348      7.322      2.308      2.299 0.0000e+00
