data/ctd-cnv/KM1919/KM1919-St22-P3/St22_P3_cast81-align-cellTM-derive-bin.cnv
* Sea-Bird SBE 9 Data File:
* FileName = C:\Users\otg\Desktop\CTD Data\km1920\St22_P3_cast81.hex
* Software Version Seasave V 7.26.7.107
* Temperature SN = 5554
* Conductivity SN = 3876
* Number of Bytes Per Scan = 41
* Number of Voltage Words = 4
* Number of Scans Averaged by the Deck Unit = 1
* NMEA Latitude = 22 02.44 N
* NMEA Longitude = 109 50.26 W
* NMEA UTC (Time) = Oct 18 2019  12:03:30
* NMEA baud rate = 4800
** Ship: Kilo Moana
** Station: St22  P3 cast 81
** Operator: gr
# nquan = 34
# nvalues = 350                         
# units = specified
# name 0 = scan: Scan Count
# name 1 = timeS: Time, Elapsed [seconds]
# name 2 = prDM: Pressure, Digiquartz [db]
# name 3 = longitude: Longitude [deg]
# name 4 = latitude: Latitude [deg]
# name 5 = depSM: Depth [salt water, m]
# name 6 = t090C: Temperature [ITS-90, deg C]
# name 7 = t190C: Temperature, 2 [ITS-90, deg C]
# name 8 = c0uS/cm: Conductivity [uS/cm]
# name 9 = c1S/m: Conductivity, 2 [S/m]
# name 10 = flECO-AFL: Fluorescence, WET Labs ECO-AFL/FL [mg/m^3]
# name 11 = CStarAt0: Beam Attenuation, WET Labs C-Star [1/m]
# name 12 = CStarTr0: Beam Transmission, WET Labs C-Star [%]
# name 13 = par: PAR/Irradiance, Biospherical/Licor
# name 14 = modError: Modulo Error Count
# name 15 = v0: Voltage 0
# name 16 = v1: Voltage 1
# name 17 = v2: Voltage 2
# name 18 = v3: Voltage 3
# name 19 = v4: Voltage 4
# name 20 = v5: Voltage 5
# name 21 = v6: Voltage 6
# name 22 = v7: Voltage 7
# name 23 = sbeox0V: Oxygen raw, SBE 43 [V]
# name 24 = sbeox1V: Oxygen raw, SBE 43, 2 [V]
# name 25 = sal00: Salinity, Practical [PSU]
# name 26 = sal11: Salinity, Practical, 2 [PSU]
# name 27 = sigma-é00: Density [sigma-theta, kg/m^3]
# name 28 = sigma-é11: Density, 2 [sigma-theta, kg/m^3]
# name 29 = sbeox0Mm/L: Oxygen, SBE 43 [umol/l], WS = 2
# name 30 = sbeox1Mm/L: Oxygen, SBE 43, 2 [umol/l], WS = 2
# name 31 = sbeox0PS: Oxygen, SBE 43 [% saturation], WS = 2
# name 32 = sbeox1PS: Oxygen, SBE 43, 2 [% saturation], WS = 2
# name 33 = flag: flag
# span 0 =        -26,      16408       
# span 1 =     -1.124,    683.638       
# span 2 =      2.013,    353.503       
# span 3 = -109.83678, -109.83633       
# span 4 =   22.04042,   22.04090       
# span 5 =      2.000,    351.000       
# span 6 =     9.8941,    27.6096       
# span 7 =     9.8646,    27.5699       
# span 8 = 3.7793e+04, 5.5328e+04       
# span 9 =   3.784940,   5.540882       
# span 10 =     0.0447,     1.4041      
# span 11 =     0.0729,     0.1608      
# span 12 =    96.0601,    98.1933      
# span 13 = -3.432e-08, 4.5878e+00      
# span 14 =          0,          0      
# span 15 =     0.5032,     2.4482      
# span 16 =     0.5138,     2.4398      
# span 17 =     0.0554,     0.1914      
# span 18 =     0.1149,     0.1184      
# span 19 =     4.4687,     4.5680      
# span 20 = -9.920e-07,     0.0005      
# span 21 =     0.0073,     1.6772      
# span 22 =     0.0000,     0.0000      
# span 23 =     0.5024,     2.4523      
# span 24 =     0.5132,     2.4385      
# span 25 =    33.9362,    34.7653      
# span 26 =    34.0270,    34.8513      
# span 27 =    22.2612,    26.6927      
# span 28 =    22.3377,    26.7652      
# span 29 =      0.807,    233.451      
# span 30 =      0.996,    244.105      
# span 31 =      0.287,    104.966      
# span 32 =      0.352,    109.594      
# span 33 = 0.0000e+00, 0.0000e+00      
# interval = meters: 1                  
# start_time = Oct 18 2019 12:09:10 [NMEA time, first data scan]
# bad_flag = -9.990e-29
*END*
[from data line 342]
      15861    660.843    346.448 -109.83642   22.04084    344.000     9.9705     9.9417 3.7864e+04   3.791550     0.0639     0.0785    98.0547 1.0000e-12          0     0.5032     0.5140     0.0574     0.1172     4.5615     0.0000     0.0085     0.0000     0.5026     0.5132    34.6391    34.7192    26.6820    26.7494      0.971      0.996      0.343      0.352 0.0000e+00
      16007    666.901    347.456 -109.83640   22.04086    345.000     9.9677     9.9391 3.7862e+04   3.791360     0.0641     0.0782    98.0644 1.0000e-12          0     0.5033     0.5138     0.0574     0.1168     4.5620     0.0000     0.0085     0.0000     0.5025     0.5133    34.6392    34.7193    26.6825    26.7500      0.916      1.054      0.324      0.373 0.0000e+00
      16068    669.457    348.464 -109.83640   22.04086    346.000     9.9586     9.9299 3.7854e+04   3.790613     0.0639     0.0783    98.0595 1.0000e-12          0     0.5032     0.5138     0.0574     0.1171     4.5618     0.0000     0.0085     0.0000     0.5024     0.5132    34.6393    34.7201    26.6842    26.7522      0.919      1.051      0.325      0.372 0.0000e+00
      16113    671.348    349.472 -109.83639   22.04087    347.000     9.9494     9.9206 3.7846e+04   3.789776     0.0631     0.0784    98.0583 1.0000e-12          0     0.5032     0.5138     0.0573     0.1172     4.5617     0.0000     0.0085     0.0000     0.5024     0.5134    34.6393    34.7200    26.6858    26.7537      0.930      1.070      0.329      0.378 0.0000e+00
      16252    677.108    350.480 -109.83637   22.04089    348.000     9.9451     9.9162 3.7843e+04   3.789308     0.0623     0.0783    98.0599 1.0000e-12          0     0.5032     0.5139     0.0572     0.1172     4.5618     0.0000     0.0084     0.0000     0.5026     0.5133    34.6397    34.7189    26.6869    26.7536      0.953      1.030      0.337      0.364 0.0000e+00
      16352    681.289    351.488 -109.83636   22.04090    349.000     9.9375     9.9088 3.7836e+04   3.788736     0.0639     0.0784    98.0593 1.0000e-12          0     0.5033     0.5140     0.0574     0.1180     4.5618     0.0000     0.0085     0.0000     0.5026     0.5133    34.6398    34.7197    26.6882    26.7555      0.877      1.073      0.310      0.379 0.0000e+00
      16377    682.347    352.496 -109.83636   22.04090    350.000     9.9294     9.9017 3.7828e+04   3.788147     0.0648     0.0784    98.0592 1.0000e-12          0     0.5032     0.5139     0.0575     0.1182     4.5617     0.0000     0.0084     0.0000     0.5024     0.5133    34.6390    34.7200    26.6890    26.7570      0.878      1.027      0.310      0.363 0.0000e+00
      16408    683.638    353.503 -109.83633   22.04090    351.000     9.8941     9.8646 3.7793e+04   3.784940     0.0648     0.0778    98.0731 1.0000e-12          0     0.5033     0.5141     0.0575     0.1171     4.5624     0.0000     0.0085     0.0000     0.5024     0.5133    34.6361    34.7225    26.6927    26.7652      0.939      1.003      0.331      0.354 0.0000e+00
