data/ctd-cnv/KM1919/KM1919-St22-P3/St22_P3_cast83-align-cellTM-derive-bin.cnv
* Sea-Bird SBE 9 Data File:
* FileName = C:\Users\otg\Desktop\CTD Data\km1920\St22_P3_cast83.hex
* Software Version Seasave V 7.26.7.107
* Temperature SN = 5554
* Conductivity SN = 3876
* Number of Bytes Per Scan = 41
* Number of Voltage Words = 4
* Number of Scans Averaged by the Deck Unit = 1
* NMEA Latitude = 22 03.22 N
* NMEA Longitude = 109 48.47 W
* NMEA UTC (Time) = Oct 18 2019  19:01:49
* NMEA baud rate = 4800
** Ship: Kilo Moana
** Station: P3 Station 22 Cast 83
** Operator: jac
# nquan = 34
# nvalues = 1003                        
# units = specified
# name 0 = scan: Scan Count
# name 1 = timeS: Time, Elapsed [seconds]
# name 2 = prDM: Pressure, Digiquartz [db]
# name 3 = longitude: Longitude [deg]
# name 4 = latitude: Latitude [deg]
# name 5 = depSM: Depth [salt water, m]
# name 6 = t090C: Temperature [ITS-90, deg C]
# name 7 = t190C: Temperature, 2 [ITS-90, deg C]
# name 8 = c0uS/cm: Conductivity [uS/cm]
# name 9 = c1S/m: Conductivity, 2 [S/m]
# name 10 = flECO-AFL: Fluorescence, WET Labs ECO-AFL/FL [mg/m^3]
# name 11 = CStarAt0: Beam Attenuation, WET Labs C-Star [1/m]
# name 12 = CStarTr0: Beam Transmission, WET Labs C-Star [%]
# name 13 = par: PAR/Irradiance, Biospherical/Licor
# name 14 = modError: Modulo Error Count
# name 15 = v0: Voltage 0
# name 16 = v1: Voltage 1
# name 17 = v2: Voltage 2
# name 18 = v3: Voltage 3
# name 19 = v4: Voltage 4
# name 20 = v5: Voltage 5
# name 21 = v6: Voltage 6
# name 22 = v7: Voltage 7
# name 23 = sbeox0V: Oxygen raw, SBE 43 [V]
# name 24 = sbeox1V: Oxygen raw, SBE 43, 2 [V]
# name 25 = sal00: Salinity, Practical [PSU]
# name 26 = sal11: Salinity, Practical, 2 [PSU]
# name 27 = sigma-é00: Density [sigma-theta, kg/m^3]
# name 28 = sigma-é11: Density, 2 [sigma-theta, kg/m^3]
# name 29 = sbeox0Mm/L: Oxygen, SBE 43 [umol/l], WS = 2
# name 30 = sbeox1Mm/L: Oxygen, SBE 43, 2 [umol/l], WS = 2
# name 31 = sbeox0PS: Oxygen, SBE 43 [% saturation], WS = 2
# name 32 = sbeox1PS: Oxygen, SBE 43, 2 [% saturation], WS = 2
# name 33 = flag: flag
# span 0 =         47,      33999       
# span 1 =      1.920,   1416.572       
# span 2 =      1.007,   1011.750       
# span 3 = -109.80790, -109.80782       
# span 4 =   22.05370,   22.05398       
# span 5 =      1.000,   1003.000       
# span 6 =     4.7454,    27.5596       
# span 7 =     4.7225,    27.5191       
# span 8 = 3.3266e+04, 5.5253e+04       
# span 9 =   3.331208,   5.533014       
# span 10 =     0.0395,     1.3162      
# span 11 =     0.0275,     1.0836      
# span 12 =    78.3911,    99.0785      
# span 13 = -6.008e-05, 2.3094e+03      
# span 14 =          0,          0      
# span 15 =     0.5031,     2.4677      
# span 16 =     0.5133,     2.4562      
# span 17 =     0.0549,     0.1826      
# span 18 =     0.1128,     0.1195      
# span 19 =     3.6469,     4.6091      
# span 20 =     0.0000,     0.0000      
# span 21 =     0.0082,     4.3466      
# span 22 =     0.0000,     0.0000      
# span 23 =     0.5025,     2.4634      
# span 24 =     0.5130,     2.4562      
# span 25 =    33.9164,    34.7656      
# span 26 =    34.0119,    34.8491      
# span 27 =    22.2663,    27.3369      
# span 28 =    22.3433,    27.4005      
# span 29 =      0.784,    238.006      
# span 30 =      0.970,    249.064      
# span 31 =      0.270,    106.077      
# span 32 =      0.320,    110.469      
# span 33 = 0.0000e+00, 0.0000e+00      
# interval = meters: 1                  
# start_time = Oct 18 2019 19:10:20 [NMEA time, first data scan]
# bad_flag = -9.990e-29
*END*
[from data line 939]
      30471   1269.589    948.057 -109.80784   22.05396    940.000     4.9475     4.9224 3.3415e+04   3.346021     0.0639     0.0740    98.1678 7.0248e-05          0     0.5263     0.5357     0.0574     0.1173     4.5667     0.0000     0.0089     0.0000     0.5260     0.5356    34.5207    34.5981    27.3102    27.3745      5.787      5.875      1.824      1.852 0.0000e+00
      30495   1270.580    949.068 -109.80784   22.05396    941.000     4.9468     4.9220 3.3415e+04   3.346038     0.0639     0.0739    98.1709 3.1677e-04          0     0.5263     0.5357     0.0574     0.1175     4.5669     0.0000     0.0098     0.0000     0.5260     0.5357    34.5208    34.5982    27.3104    27.3747      5.788      5.952      1.824      1.876 0.0000e+00
      30529   1272.017    950.079 -109.80784   22.05396    942.000     4.9463     4.9213 3.3415e+04   3.346013     0.0485     0.0737    98.1743 5.8423e-04          0     0.5263     0.5358     0.0558     0.1172     4.5671     0.0000     0.0110     0.0000     0.5260     0.5357    34.5207    34.5981    27.3104    27.3747      5.789      5.919      1.824      1.865 0.0000e+00
      30576   1273.972    951.089 -109.80784   22.05396    943.000     4.9463     4.9212 3.3416e+04   3.346049     0.0530     0.0733    98.1843 -8.649e-06          0     0.5263     0.5359     0.0563     0.1175     4.5675     0.0000     0.0085     0.0000     0.5260     0.5358    34.5208    34.5981    27.3105    27.3747      5.790      5.897      1.825      1.858 0.0000e+00
      30612   1275.475    952.100 -109.80784   22.05394    944.000     4.9439     4.9187 3.3414e+04   3.345916     0.0620     0.0738    98.1724 3.4008e-04          0     0.5263     0.5359     0.0572     0.1175     4.5670     0.0000     0.0099     0.0000     0.5260     0.5357    34.5209    34.5987    27.3108    27.3754      5.791      5.960      1.825      1.878 0.0000e+00
      30639   1276.603    953.111 -109.80784   22.05394    945.000     4.9405     4.9154 3.3412e+04   3.345691     0.0407     0.0734    98.1817 -5.817e-06          0     0.5263     0.5359     0.0550     0.1177     4.5674     0.0000     0.0085     0.0000     0.5260     0.5358    34.5214    34.5989    27.3116    27.3760      5.792      5.923      1.825      1.866 0.0000e+00
      30662   1277.555    954.122 -109.80784   22.05394    946.000     4.9340     4.9089 3.3407e+04   3.345168     0.0643     0.0741    98.1655 1.3785e-04          0     0.5263     0.5361     0.0574     0.1178     4.5666     0.0000     0.0092     0.0000     0.5260     0.5357    34.5215    34.5991    27.3125    27.3769      5.798      5.918      1.827      1.864 0.0000e+00
      30684   1278.449    955.133 -109.80784   22.05394    947.000     4.9325     4.9073 3.3406e+04   3.345046     0.0639     0.0737    98.1753 -1.696e-06          0     0.5263     0.5359     0.0574     0.1176     4.5671     0.0000     0.0085     0.0000     0.5260     0.5358    34.5216    34.5990    27.3127    27.3770      5.948      6.025      1.874      1.898 0.0000e+00
      30705   1279.332    956.144 -109.80784   22.05394    948.000     4.9307     4.9054 3.3405e+04   3.344937     0.0639     0.0735    98.1804 1.1300e-04          0     0.5263     0.5359     0.0574     0.1176     4.5674     0.0000     0.0091     0.0000     0.5262     0.5360    34.5215    34.5991    27.3129    27.3774      5.942      5.977      1.872      1.883 0.0000e+00
      30727   1280.267    957.155 -109.80783   22.05394    949.000     4.9264     4.9011 3.3401e+04   3.344627     0.0517     0.0732    98.1873 3.2706e-04          0     0.5263     0.5360     0.0562     0.1176     4.5677     0.0000     0.0099     0.0000     0.5262     0.5359    34.5215    34.5995    27.3134    27.3781      6.040      5.936      1.903      1.870 0.0000e+00
      30755   1281.422    958.166 -109.80782   22.05394    950.000     4.9228     4.8977 3.3398e+04   3.344329     0.0412     0.0739    98.1708 8.7868e-04          0     0.5263     0.5360     0.0551     0.1175     4.5669     0.0000     0.0125     0.0000     0.5266     0.5360    34.5217    34.5990    27.3139    27.3781      6.050      6.112      1.906      1.925 0.0000e+00
      30791   1282.906    959.177 -109.80782   22.05394    951.000     4.9209     4.8959 3.3397e+04   3.344201     0.0606     0.0735    98.1800 6.0086e-04          0     0.5265     0.5361     0.0571     0.1176     4.5673     0.0000     0.0110     0.0000     0.5268     0.5360    34.5216    34.5989    27.3141    27.3783      6.158      5.967      1.940      1.879 0.0000e+00
      30830   1284.522    960.188 -109.80782   22.05394    952.000     4.9177     4.8926 3.3395e+04   3.343975     0.0512     0.0732    98.1882 2.3663e-05          0     0.5268     0.5362     0.0561     0.1173     4.5677     0.0000     0.0086     0.0000     0.5270     0.5362    34.5215    34.5992    27.3144    27.3789      6.068      6.081      1.911      1.915 0.0000e+00
      30864   1285.939    961.198 -109.80782   22.05394    953.000     4.9143     4.8892 3.3392e+04   3.343702     0.0396     0.0732    98.1876 -1.011e-06          0     0.5269     0.5362     0.0549     0.1174     4.5677     0.0000     0.0084     0.0000     0.5272     0.5364    34.5217    34.5991    27.3150    27.3792      6.140      6.174      1.933      1.944 0.0000e+00
      30889   1287.005    962.209 -109.80782   22.05394    954.000     4.9114     4.8861 3.3390e+04   3.343485     0.0624     0.0738    98.1727 2.7483e-04          0     0.5273     0.5363     0.0572     0.1177     4.5670     0.0000     0.0098     0.0000     0.5272     0.5364    34.5219    34.5993    27.3154    27.3797      6.050      6.121      1.905      1.928 0.0000e+00
      30911   1287.915    963.220 -109.80782   22.05394    955.000     4.9048     4.8818 3.3384e+04   3.343159     0.0449     0.0742    98.1634 6.2472e-06          0     0.5273     0.5363     0.0555     0.1174     4.5665     0.0000     0.0085     0.0000     0.5272     0.5367    34.5208    34.5994    27.3153    27.3803      6.044      6.283      1.903      1.978 0.0000e+00
      30932   1288.775    964.231 -109.80782   22.05394    956.000     4.9047     4.8795 3.3385e+04   3.343004     0.0549     0.0733    98.1846 1.1706e-03          0     0.5274     0.5364     0.0565     0.1173     4.5676     0.0000     0.0137     0.0000     0.5272     0.5368    34.5212    34.5995    27.3157    27.3806      6.044      6.155      1.903      1.938 0.0000e+00
      30956   1289.798    965.242 -109.80782   22.05394    957.000     4.9011     4.8761 3.3381e+04   3.342718     0.0509     0.0732    98.1861 1.2927e-03          0     0.5275     0.5367     0.0561     0.1174     4.5676     0.0000     0.0143     0.0000     0.5273     0.5367    34.5208    34.5993    27.3158    27.3808      6.117      6.194      1.925      1.950 0.0000e+00
      31010   1292.043    966.253 -109.80782   22.05394    958.000     4.8992     4.8744 3.3381e+04   3.342579     0.0507     0.0736    98.1777 2.9682e-04          0     0.5275     0.5368     0.0560     0.1175     4.5672     0.0000     0.0099     0.0000     0.5273     0.5370    34.5218    34.5989    27.3168    27.3808      6.152      6.276      1.937      1.975 0.0000e+00
      31045   1293.498    967.264 -109.80782   22.05394    959.000     4.8969     4.8716 3.3379e+04   3.342420     0.0639     0.0738    98.1737 1.2206e-03          0     0.5276     0.5369     0.0574     0.1178     4.5670     0.0000     0.0139     0.0000     0.5277     0.5371    34.5220    34.5994    27.3172    27.3815      6.665      6.276      2.098      1.975 0.0000e+00
      31066   1294.370    968.275 -109.80784   22.05394    960.000     4.8919     4.8663 3.3375e+04   3.342013     0.0639     0.0732    98.1876 2.5181e-04          0     0.5275     0.5371     0.0574     0.1176     4.5677     0.0000     0.0096     0.0000     0.5282     0.5373    34.5215    34.5997    27.3174    27.3823      6.554      6.306      2.063      1.985 0.0000e+00
      31084   1295.108    969.286 -109.80784   22.05394    961.000     4.8892     4.8644 3.3373e+04   3.341864     0.0639     0.0734    98.1829 5.2981e-04          0     0.5275     0.5372     0.0574     0.1175     4.5675     0.0000     0.0110     0.0000     0.5283     0.5371    34.5215    34.5995    27.3177    27.3824      6.389      6.233      2.011      1.962 0.0000e+00
      31100   1295.790    970.297 -109.80784   22.05394    962.000     4.8869     4.8609 3.3371e+04   3.341614     0.0639     0.0742    98.1633 3.4583e-04          0     0.5279     0.5373     0.0574     0.1175     4.5665     0.0000     0.0101     0.0000     0.5283     0.5373    34.5208    34.5997    27.3174    27.3829      6.292      6.274      1.980      1.974 0.0000e+00
      31117   1296.492    971.308 -109.80784   22.05394    963.000     4.8840     4.8591 3.3369e+04   3.341470     0.0639     0.0740    98.1688 2.3656e-04          0     0.5276     0.5373     0.0574     0.1195     4.5668     0.0000     0.0096     0.0000     0.5283     0.5373    34.5208    34.5994    27.3177    27.3829      6.319      6.318      1.988      1.988 0.0000e+00
      31137   1297.346    972.318 -109.80784   22.05394    964.000     4.8811     4.8572 3.3367e+04   3.341332     0.0639     0.0741    98.1656 6.6166e-04          0     0.5283     0.5373     0.0574     0.1182     4.5666     0.0000     0.0113     0.0000     0.5284     0.5373    34.5211    34.5993    27.3183    27.3831      6.355      6.365      2.000      2.003 0.0000e+00
      31173   1298.851    973.330 -109.80784   22.05394    965.000     4.8797     4.8549 3.3367e+04   3.341166     0.0639     0.0741    98.1658 1.0132e-04          0     0.5285     0.5374     0.0574     0.1175     4.5666     0.0000     0.0090     0.0000     0.5285     0.5377    34.5217    34.5993    27.3190    27.3833      6.342      6.436      1.996      2.025 0.0000e+00
      31226   1301.052    974.341 -109.80784   22.05394    966.000     4.8794     4.8545 3.3367e+04   3.341179     0.0523     1.0836    78.3911 2.6133e-04          0     0.5286     0.5377     0.0562     0.1176     3.6469     0.0000     0.0097     0.0000     0.5285     0.5377    34.5221    34.5993    27.3193    27.3834      6.316      6.372      1.988      2.005 0.0000e+00
      31274   1303.022    975.352 -109.80784   22.05394    967.000     4.8772     4.8521 3.3366e+04   3.341043     0.0644     0.0275    99.0785 6.8532e-04          0     0.5287     0.5380     0.0575     0.1176     4.6091     0.0000     0.0116     0.0000     0.5285     0.5379    34.5224    34.5997    27.3198    27.3840      6.327      6.530      1.991      2.054 0.0000e+00
      31305   1304.318    976.363 -109.80784   22.05394    968.000     4.8734     4.8483 3.3363e+04   3.340765     0.0639     0.0748    98.1469 2.1808e-04          0     0.5287     0.5380     0.0574     0.1176     4.5658     0.0000     0.0096     0.0000     0.5285     0.5380    34.5226    34.5999    27.3204    27.3846      6.359      6.470      2.001      2.035 0.0000e+00
      31325   1305.186    977.374 -109.80784   22.05394    969.000     4.8703     4.8452 3.3361e+04   3.340545     0.0639     0.0742    98.1632 1.6912e-03          0     0.5287     0.5380     0.0574     0.1174     4.5665     0.0000     0.0158     0.0000     0.5286     0.5382    34.5226    34.6001    27.3207    27.3851      6.315      6.442      1.987      2.027 0.0000e+00
      31343   1305.917    978.385 -109.80784   22.05394    970.000     4.8691     4.8440 3.3360e+04   3.340488     0.0639     0.0741    98.1647 2.1819e-03          0     0.5287     0.5380     0.0574     0.1192     4.5666     0.0000     0.0180     0.0000     0.5285     0.5380    34.5227    34.6001    27.3210    27.3852      6.291      6.404      1.979      2.014 0.0000e+00
      31360   1306.618    979.396 -109.80784   22.05394    971.000     4.8680     4.8430 3.3360e+04   3.340429     0.0639     0.0738    98.1736 1.2278e-04          0     0.5287     0.5384     0.0574     0.1190     4.5670     0.0000     0.0091     0.0000     0.5285     0.5381    34.5228    34.6000    27.3212    27.3853      6.318      6.518      1.987      2.050 0.0000e+00
      31377   1307.353    980.407 -109.80784   22.05394    972.000     4.8660     4.8408 3.3358e+04   3.340284     0.0639     0.0734    98.1829 1.1800e-03          0     0.5287     0.5382     0.0574     0.1174     4.5675     0.0000     0.0136     0.0000     0.5285     0.5381    34.5225    34.6001    27.3212    27.3856      6.455      6.507      2.031      2.047 0.0000e+00
      31399   1308.240    981.418 -109.80784   22.05394    973.000     4.8631     4.8380 3.3356e+04   3.340061     0.0639     0.0741    98.1663 6.5363e-05          0     0.5287     0.5384     0.0574     0.1173     4.5667     0.0000     0.0088     0.0000     0.5287     0.5383    34.5226    34.5999    27.3216    27.3858      6.472      6.567      2.036      2.065 0.0000e+00
      31433   1309.659    982.429 -109.80784   22.05394    974.000     4.8576     4.8323 3.3351e+04   3.339597     0.0639     0.0741    98.1655 6.3980e-04          0     0.5287     0.5384     0.0574     0.1173     4.5666     0.0000     0.0113     0.0000     0.5289     0.5383    34.5221    34.5999    27.3219    27.3865      6.699      6.490      2.107      2.041 0.0000e+00
      31484   1311.782    983.440 -109.80784   22.05394    975.000     4.8539     4.8290 3.3348e+04   3.339297     0.0562     0.0742    98.1637 1.3457e-03          0     0.5289     0.5386     0.0566     0.1174     4.5665     0.0000     0.0143     0.0000     0.5297     0.5385    34.5221    34.5993    27.3223    27.3864      6.756      6.605      2.125      2.077 0.0000e+00
      31521   1313.336    984.451 -109.80784   22.05394    976.000     4.8543     4.8292 3.3349e+04   3.339359     0.0544     0.0742    98.1632 3.7224e-05          0     0.5290     0.5386     0.0564     0.1174     4.5665     0.0000     0.0087     0.0000     0.5297     0.5386    34.5221    34.5994    27.3223    27.3864      6.561      6.592      2.063      2.073 0.0000e+00
      31547   1314.437    985.462 -109.80784   22.05394    977.000     4.8537     4.8288 3.3349e+04   3.339373     0.0471     0.0740    98.1687 5.1982e-08          0     0.5297     0.5387     0.0557     0.1174     4.5668     0.0000     0.0085     0.0000     0.5297     0.5389    34.5222    34.5995    27.3224    27.3865      6.567      6.815      2.065      2.143 0.0000e+00
      31571   1315.436    986.473 -109.80784   22.05394    978.000     4.8531     4.8281 3.3349e+04   3.339365     0.0558     0.0737    98.1752 1.0000e-12          0     0.5299     0.5388     0.0566     0.1174     4.5671     0.0000     0.0085     0.0000     0.5297     0.5389    34.5222    34.5996    27.3225    27.3867      6.568      6.708      2.065      2.109 0.0000e+00
      31595   1316.433    987.484 -109.80784   22.05394    979.000     4.8521     4.8268 3.3348e+04   3.339303     0.0485     0.0732    98.1881 9.0681e-04          0     0.5299     0.5389     0.0558     0.1174     4.5677     0.0000     0.0125     0.0000     0.5297     0.5392    34.5221    34.5997    27.3225    27.3869      6.569      6.720      2.066      2.113 0.0000e+00
      31628   1317.778    988.495 -109.80784   22.05394    980.000     4.8509     4.8258 3.3348e+04   3.339241     0.0576     0.0732    98.1882 7.2307e-04          0     0.5299     0.5390     0.0568     0.1174     4.5677     0.0000     0.0118     0.0000     0.5297     0.5391    34.5223    34.5996    27.3228    27.3870      6.570      6.652      2.066      2.092 0.0000e+00
      31666   1319.385    989.506 -109.80784   22.05394    981.000     4.8476     4.8225 3.3345e+04   3.339008     0.0531     0.0734    98.1834 4.0621e-04          0     0.5299     0.5393     0.0563     0.1173     4.5675     0.0000     0.0103     0.0000     0.5297     0.5391    34.5223    34.5998    27.3232    27.3875      6.571      6.754      2.066      2.123 0.0000e+00
