data/ctd-cnv/KM1919/KM1919-St22-P3/St22_P3_cast72-align-cellTM-derive-bin.cnv
* Sea-Bird SBE 9 Data File:
* FileName = C:\Users\otg\Desktop\CTD Data\km1920\St22_P3_cast72.hex
* Software Version Seasave V 7.26.7.107
* Temperature SN = 5554
* Conductivity SN = 3876
* Number of Bytes Per Scan = 41
* Number of Voltage Words = 4
* Number of Scans Averaged by the Deck Unit = 1
* NMEA Latitude = 21 55.15 N
* NMEA Longitude = 109 56.12 W
* NMEA UTC (Time) = Oct 16 2019  19:45:55
* NMEA baud rate = 4800
** Ship: Kilo Moana
** Station: St22  P3 cast 72
** Operator: jac
# nquan = 34
# nvalues = 502                         
# units = specified
# name 0 = scan: Scan Count
# name 1 = timeS: Time, Elapsed [seconds]
# name 2 = prDM: Pressure, Digiquartz [db]
# name 3 = longitude: Longitude [deg]
# name 4 = latitude: Latitude [deg]
# name 5 = depSM: Depth [salt water, m]
# name 6 = t090C: Temperature [ITS-90, deg C]
# name 7 = t190C: Temperature, 2 [ITS-90, deg C]
# name 8 = c0uS/cm: Conductivity [uS/cm]
# name 9 = c1S/m: Conductivity, 2 [S/m]
# name 10 = flECO-AFL: Fluorescence, WET Labs ECO-AFL/FL [mg/m^3]
# name 11 = CStarAt0: Beam Attenuation, WET Labs C-Star [1/m]
# name 12 = CStarTr0: Beam Transmission, WET Labs C-Star [%]
# name 13 = par: PAR/Irradiance, Biospherical/Licor
# name 14 = modError: Modulo Error Count
# name 15 = v0: Voltage 0
# name 16 = v1: Voltage 1
# name 17 = v2: Voltage 2
# name 18 = v3: Voltage 3
# name 19 = v4: Voltage 4
# name 20 = v5: Voltage 5
# name 21 = v6: Voltage 6
# name 22 = v7: Voltage 7
# name 23 = sbeox0V: Oxygen raw, SBE 43 [V]
# name 24 = sbeox1V: Oxygen raw, SBE 43, 2 [V]
# name 25 = sal00: Salinity, Practical [PSU]
# name 26 = sal11: Salinity, Practical, 2 [PSU]
# name 27 = sigma-é00: Density [sigma-theta, kg/m^3]
# name 28 = sigma-é11: Density, 2 [sigma-theta, kg/m^3]
# name 29 = sbeox0Mm/L: Oxygen, SBE 43 [umol/l], WS = 2
# name 30 = sbeox1Mm/L: Oxygen, SBE 43, 2 [umol/l], WS = 2
# name 31 = sbeox0PS: Oxygen, SBE 43 [% saturation], WS = 2
# name 32 = sbeox1PS: Oxygen, SBE 43, 2 [% saturation], WS = 2
# name 33 = flag: flag
# span 0 =        329,      18380       
# span 1 =     13.654,    765.801       
# span 2 =      1.006,    505.762       
# span 3 = -109.93536, -109.93532       
# span 4 =   21.91922,   21.91929       
# span 5 =      1.000,    502.000       
# span 6 =     7.8205,    27.7870       
# span 7 =     7.7913,    27.7375       
# span 8 = 3.5851e+04, 5.5484e+04       
# span 9 =   3.589895,   5.555195       
# span 10 =     0.0399,     1.4036      
# span 11 =     0.0578,     0.1462      
# span 12 =    96.4107,    98.5655      
# span 13 = -3.593e-06, 1.5720e+03      
# span 14 =          0,          0      
# span 15 =     0.5031,     2.4617      
# span 16 =     0.5137,     2.4521      
# span 17 =     0.0549,     0.1913      
# span 18 =     0.1121,     0.1151      
# span 19 =     4.4850,     4.5853      
# span 20 =     0.0000,     0.0000      
# span 21 =     0.0083,     4.1868      
# span 22 =     0.0000,     0.0000      
# span 23 =     0.5027,     2.4629      
# span 24 =     0.5132,     2.4499      
# span 25 =    33.9371,    34.7726      
# span 26 =    34.0259,    34.8571      
# span 27 =    22.1887,    26.9535      
# span 28 =    22.2684,    27.0200      
# span 29 =      0.835,    238.065      
# span 30 =      0.982,    249.268      
# span 31 =      0.285,    105.504      
# span 32 =      0.345,    110.421      
# span 33 = 0.0000e+00, 0.0000e+00      
# interval = meters: 1                  
# start_time = Oct 16 2019 19:51:47 [NMEA time, first data scan]
# bad_flag = -9.990e-29
*END*
[from data line 427]
      15890    662.057    431.130 -109.93534   21.91926    428.000     8.7901     8.7607 3.6744e+04   3.679505     0.0645     0.0599    98.5139 1.0000e-12          0     0.5039     0.5141     0.0575     0.1148     4.5828     0.0000     0.0085     0.0000     0.5033     0.5136    34.5808    34.6626    26.8306    26.8992      1.081      1.160      0.372      0.400 0.0000e+00
      15910    662.879    432.138 -109.93534   21.91926    429.000     8.7731     8.7447 3.6729e+04   3.677933     0.0683     0.0603    98.5047 1.0000e-12          0     0.5039     0.5143     0.0578     0.1147     4.5824     0.0000     0.0085     0.0000     0.5032     0.5138    34.5802    34.6612    26.8328    26.9007      1.065      1.206      0.367      0.415 0.0000e+00
      15934    663.855    433.147 -109.93534   21.91926    430.000     8.7705     8.7424 3.6727e+04   3.677726     0.0712     0.0603    98.5035 1.0000e-12          0     0.5039     0.5145     0.0581     0.1147     4.5824     0.0000     0.0085     0.0000     0.5032     0.5137    34.5807    34.6607    26.8336    26.9007      1.103      1.128      0.380      0.388 0.0000e+00
      15966    665.203    434.155 -109.93534   21.91926    431.000     8.7613     8.7328 3.6719e+04   3.676960     0.0721     0.0602    98.5076 1.0000e-12          0     0.5040     0.5143     0.0582     0.1147     4.5825     0.0000     0.0085     0.0000     0.5033     0.5138    34.5807    34.6616    26.8350    26.9030      1.109      1.202      0.382      0.414 0.0000e+00
      16011    667.072    435.164 -109.93534   21.91926    432.000     8.7268     8.6985 3.6686e+04   3.673681     0.0655     0.0603    98.5057 1.0000e-12          0     0.5039     0.5144     0.0576     0.1146     4.5825     0.0000     0.0085     0.0000     0.5033     0.5138    34.5788    34.6602    26.8390    26.9072      1.108      1.151      0.381      0.396 0.0000e+00
      16048    668.607    436.172 -109.93534   21.91926    433.000     8.7195     8.6915 3.6679e+04   3.673018     0.0647     0.0603    98.5044 1.0000e-12          0     0.5039     0.5145     0.0575     0.1145     4.5824     0.0000     0.0085     0.0000     0.5032     0.5136    34.5788    34.6595    26.8401    26.9078      1.036      1.126      0.356      0.387 0.0000e+00
      16073    669.679    437.180 -109.93534   21.91926    434.000     8.7101     8.6821 3.6671e+04   3.672179     0.0669     0.0603    98.5045 1.0000e-12          0     0.5039     0.5145     0.0577     0.1144     4.5824     0.0000     0.0085     0.0000     0.5031     0.5137    34.5786    34.6595    26.8414    26.9092      1.033      1.176      0.355      0.404 0.0000e+00
      16097    670.658    438.189 -109.93534   21.91926    435.000     8.6982     8.6687 3.6659e+04   3.670953     0.0684     0.0606    98.4960 1.0000e-12          0     0.5040     0.5145     0.0578     0.1146     4.5820     0.0000     0.0085     0.0000     0.5032     0.5137    34.5775    34.6592    26.8425    26.9111      1.129      1.149      0.388      0.395 0.0000e+00
      16122    671.719    439.197 -109.93534   21.91926    436.000     8.6708     8.6417 3.6632e+04   3.668445     0.0691     0.0613    98.4794 1.0000e-12          0     0.5040     0.5143     0.0579     0.1146     4.5813     0.0000     0.0085     0.0000     0.5030     0.5137    34.5756    34.6586    26.8452    26.9149      0.960      1.147      0.330      0.394 0.0000e+00
      16150    672.895    440.205 -109.93534   21.91926    437.000     8.6546     8.6271 3.6622e+04   3.667187     0.0681     0.0604    98.5031 1.0000e-12          0     0.5038     0.5143     0.0578     0.1147     4.5823     0.0000     0.0085     0.0000     0.5031     0.5135    34.5796    34.6592    26.8509    26.9176      1.111      1.061      0.381      0.364 0.0000e+00
      16180    674.129    441.214 -109.93534   21.91926    438.000     8.6629     8.6354 3.6633e+04   3.668267     0.0651     0.0603    98.5046 1.0000e-12          0     0.5038     0.5143     0.0575     0.1146     4.5824     0.0000     0.0085     0.0000     0.5031     0.5136    34.5826    34.6620    26.8520    26.9185      1.144      1.222      0.393      0.420 0.0000e+00
      16207    675.261    442.222 -109.93534   21.91926    439.000     8.6652     8.6376 3.6636e+04   3.668610     0.0648     0.0603    98.5045 1.0000e-12          0     0.5037     0.5143     0.0575     0.1144     4.5824     0.0000     0.0085     0.0000     0.5033     0.5135    34.5839    34.6630    26.8527    26.9190      1.156      1.053      0.397      0.361 0.0000e+00
      16233    676.342    443.231 -109.93534   21.91926    440.000     8.6664     8.6384 3.6640e+04   3.668960     0.0648     0.0603    98.5045 1.0000e-12          0     0.5038     0.5142     0.0575     0.1146     4.5824     0.0000     0.0085     0.0000     0.5031     0.5135    34.5856    34.6654    26.8539    26.9208      1.069      1.234      0.367      0.424 0.0000e+00
      16262    677.549    444.239 -109.93534   21.91926    441.000     8.6382     8.6094 3.6612e+04   3.666423     0.0635     0.0602    98.5061 1.0000e-12          0     0.5038     0.5142     0.0574     0.1146     4.5825     0.0000     0.0085     0.0000     0.5031     0.5137    34.5836    34.6665    26.8567    26.9262      1.016      1.184      0.349      0.406 0.0000e+00
      16294    678.865    445.248 -109.93534   21.91926    442.000     8.5984     8.5696 3.6572e+04   3.662389     0.0672     0.0603    98.5045 1.0000e-12          0     0.5039     0.5141     0.0577     0.1146     4.5824     0.0000     0.0085     0.0000     0.5032     0.5139    34.5798    34.6625    26.8599    26.9292      1.152      1.252      0.395      0.429 0.0000e+00
      16321    679.983    446.256 -109.93534   21.91926    443.000     8.5751     8.5465 3.6549e+04   3.660047     0.0678     0.0597    98.5179 1.0000e-12          0     0.5038     0.5142     0.0578     0.1147     4.5830     0.0000     0.0085     0.0000     0.5033     0.5138    34.5774    34.6599    26.8617    26.9308      1.061      1.182      0.364      0.405 0.0000e+00
      16346    681.034    447.264 -109.93534   21.91926    444.000     8.5361     8.5064 3.6510e+04   3.656286     0.0699     0.0598    98.5166 1.0000e-12          0     0.5039     0.5144     0.0580     0.1148     4.5830     0.0000     0.0085     0.0000     0.5031     0.5139    34.5744    34.6590    26.8653    26.9362      1.073      1.199      0.367      0.410 0.0000e+00
      16373    682.174    448.273 -109.93534   21.91926    445.000     8.5047     8.4758 3.6479e+04   3.653032     0.0666     0.0600    98.5111 1.0000e-12          0     0.5039     0.5145     0.0577     0.1147     4.5827     0.0000     0.0085     0.0000     0.5033     0.5139    34.5713    34.6540    26.8677    26.9371      1.078      1.076      0.369      0.368 0.0000e+00
      16402    683.372    449.281 -109.93534   21.91926    446.000     8.4862     8.4580 3.6460e+04   3.651167     0.0643     0.0596    98.5216 1.0000e-12          0     0.5039     0.5145     0.0574     0.1147     4.5832     0.0000     0.0085     0.0000     0.5032     0.5136    34.5696    34.6513    26.8692    26.9377      1.220      1.155      0.417      0.395 0.0000e+00
      16432    684.628    450.290 -109.93534   21.91926    447.000     8.4637     8.4351 3.6439e+04   3.649002     0.0664     0.0600    98.5113 1.0000e-12          0     0.5038     0.5145     0.0576     0.1147     4.5827     0.0000     0.0085     0.0000     0.5033     0.5136    34.5684    34.6504    26.8718    26.9405      1.010      1.187      0.345      0.406 0.0000e+00
      16465    685.981    451.298 -109.93534   21.91926    448.000     8.4505     8.4224 3.6430e+04   3.647968     0.0658     0.0608    98.4907 1.0000e-12          0     0.5039     0.5143     0.0576     0.1147     4.5818     0.0000     0.0085     0.0000     0.5032     0.5136    34.5709    34.6514    26.8758    26.9432      1.056      1.090      0.361      0.372 0.0000e+00
      16495    687.235    452.306 -109.93534   21.91926    449.000     8.4384     8.4108 3.6418e+04   3.646904     0.0670     0.0604    98.5021 1.0000e-12          0     0.5040     0.5142     0.0577     0.1148     4.5823     0.0000     0.0085     0.0000     0.5031     0.5137    34.5702    34.6510    26.8771    26.9447      1.070      1.242      0.366      0.424 0.0000e+00
      16521    688.336    453.315 -109.93534   21.91926    450.000     8.4259     8.3977 3.6407e+04   3.645753     0.0634     0.0598    98.5169 1.0000e-12          0     0.5037     0.5144     0.0573     0.1147     4.5830     0.0000     0.0085     0.0000     0.5031     0.5136    34.5697    34.6512    26.8786    26.9469      1.239      1.133      0.423      0.387 0.0000e+00
      16545    689.340    454.324 -109.93534   21.91926    451.000     8.4169     8.3888 3.6398e+04   3.644876     0.0639     0.0599    98.5133 1.0000e-12          0     0.5038     0.5142     0.0574     0.1147     4.5828     0.0000     0.0085     0.0000     0.5032     0.5136    34.5690    34.6501    26.8795    26.9474      0.933      1.126      0.319      0.385 0.0000e+00
      16568    690.291    455.332 -109.93534   21.91926    452.000     8.4085     8.3804 3.6390e+04   3.644032     0.0700     0.0596    98.5223 1.0000e-12          0     0.5037     0.5142     0.0580     0.1147     4.5832     0.0000     0.0085     0.0000     0.5029     0.5136    34.5680    34.6490    26.8800    26.9478      0.997      1.181      0.340      0.403 0.0000e+00
      16591    691.242    456.341 -109.93534   21.91926    453.000     8.3949     8.3679 3.6376e+04   3.642904     0.0663     0.0599    98.5146 1.0000e-12          0     0.5036     0.5144     0.0576     0.1146     4.5829     0.0000     0.0085     0.0000     0.5031     0.5137    34.5663    34.6488    26.8808    26.9496      1.191      1.168      0.407      0.399 0.0000e+00
      16616    692.294    457.349 -109.93534   21.91926    454.000     8.3844     8.3557 3.6366e+04   3.641603     0.0681     0.0592    98.5298 1.0000e-12          0     0.5040     0.5143     0.0578     0.1147     4.5836     0.0000     0.0085     0.0000     0.5031     0.5136    34.5655    34.6465    26.8818    26.9497      1.112      1.177      0.380      0.402 0.0000e+00
      16645    693.520    458.358 -109.93534   21.91926    455.000     8.3763     8.3480 3.6359e+04   3.640834     0.0671     0.0592    98.5307 1.0000e-12          0     0.5036     0.5143     0.0577     0.1150     4.5836     0.0000     0.0085     0.0000     0.5031     0.5136    34.5657    34.6454    26.8832    26.9501      1.028      1.091      0.351      0.372 0.0000e+00
      16679    694.901    459.366 -109.93534   21.91926    456.000     8.3688     8.3412 3.6352e+04   3.640240     0.0675     0.0592    98.5307 1.0000e-12          0     0.5037     0.5142     0.0578     0.1147     4.5836     0.0000     0.0085     0.0000     0.5030     0.5136    34.5650    34.6453    26.8838    26.9510      1.078      1.176      0.368      0.401 0.0000e+00
      16712    696.292    460.374 -109.93534   21.91926    457.000     8.3623     8.3344 3.6346e+04   3.639621     0.0631     0.0592    98.5307 1.0000e-12          0     0.5039     0.5144     0.0573     0.1146     4.5836     0.0000     0.0085     0.0000     0.5031     0.5135    34.5650    34.6450    26.8847    26.9518      0.994      1.119      0.339      0.382 0.0000e+00
      16742    697.539    461.383 -109.93534   21.91926    458.000     8.3569     8.3290 3.6342e+04   3.639171     0.0647     0.0591    98.5325 1.0000e-12          0     0.5037     0.5141     0.0575     0.1147     4.5837     0.0000     0.0085     0.0000     0.5028     0.5135    34.5646    34.6451    26.8853    26.9527      1.102      1.174      0.376      0.400 0.0000e+00
      16771    698.747    462.392 -109.93534   21.91926    459.000     8.3530     8.3252 3.6339e+04   3.638862     0.0677     0.0593    98.5280 1.0000e-12          0     0.5036     0.5143     0.0578     0.1147     4.5835     0.0000     0.0085     0.0000     0.5033     0.5136    34.5648    34.6450    26.8861    26.9532      1.255      1.175      0.428      0.401 0.0000e+00
      16800    699.962    463.400 -109.93534   21.91926    460.000     8.3498     8.3220 3.6337e+04   3.638654     0.0648     0.0599    98.5151 1.0000e-12          0     0.5036     0.5141     0.0575     0.1149     4.5829     0.0000     0.0085     0.0000     0.5033     0.5135    34.5661    34.6456    26.8876    26.9542      1.073      1.127      0.366      0.384 0.0000e+00
      16828    701.138    464.409 -109.93534   21.91926    461.000     8.3458     8.3177 3.6334e+04   3.638326     0.0657     0.0596    98.5215 1.0000e-12          0     0.5035     0.5141     0.0576     0.1148     4.5832     0.0000     0.0085     0.0000     0.5030     0.5137    34.5663    34.6458    26.8884    26.9550      1.084      1.175      0.369      0.401 0.0000e+00
      16855    702.235    465.417 -109.93534   21.91926    462.000     8.3408     8.3130 3.6331e+04   3.638006     0.0634     0.0600    98.5115 1.0000e-12          0     0.5039     0.5144     0.0574     0.1147     4.5827     0.0000     0.0085     0.0000     0.5032     0.5135    34.5669    34.6465    26.8896    26.9563      1.035      1.087      0.353      0.370 0.0000e+00
      16879    703.265    466.426 -109.93534   21.91926    463.000     8.3361     8.3084 3.6328e+04   3.637772     0.0655     0.0603    98.5044 1.0000e-12          0     0.5039     0.5142     0.0576     0.1150     4.5824     0.0000     0.0085     0.0000     0.5030     0.5135    34.5682    34.6481    26.8914    26.9583      1.024      1.177      0.349      0.401 0.0000e+00
      16903    704.230    467.434 -109.93534   21.91926    464.000     8.3241     8.2955 3.6320e+04   3.637040     0.0685     0.0599    98.5132 1.0000e-12          0     0.5039     0.5142     0.0578     0.1148     4.5828     0.0000     0.0085     0.0000     0.5032     0.5136    34.5708    34.6525    26.8952    26.9638      1.234      1.124      0.420      0.383 0.0000e+00
      16925    705.160    468.443 -109.93534   21.91926    465.000     8.2990     8.2712 3.6296e+04   3.634674     0.0654     0.0592    98.5314 1.0000e-12          0     0.5038     0.5142     0.0575     0.1147     4.5836     0.0000     0.0085     0.0000     0.5030     0.5135    34.5696    34.6507    26.8981    26.9660      0.835      1.147      0.285      0.391 0.0000e+00
      16948    706.106    469.451 -109.93534   21.91926    466.000     8.2932     8.2654 3.6290e+04   3.634116     0.0639     0.0596    98.5220 1.0000e-12          0     0.5037     0.5141     0.0574     0.1151     4.5832     0.0000     0.0085     0.0000     0.5029     0.5136    34.5690    34.6501    26.8985    26.9664      1.196      1.206      0.407      0.411 0.0000e+00
      16973    707.159    470.460 -109.93534   21.91926    467.000     8.2858     8.2585 3.6284e+04   3.633409     0.0648     0.0593    98.5287 1.0000e-12          0     0.5037     0.5142     0.0575     0.1150     4.5835     0.0000     0.0085     0.0000     0.5032     0.5137    34.5687    34.6488    26.8995    26.9665      1.126      1.119      0.383      0.381 0.0000e+00
      17003    708.402    471.468 -109.93534   21.91926    468.000     8.2838     8.2557 3.6283e+04   3.633183     0.0672     0.0590    98.5346 1.0000e-12          0     0.5037     0.5141     0.0577     0.1147     4.5838     0.0000     0.0085     0.0000     0.5031     0.5136    34.5693    34.6487    26.9003    26.9669      1.102      1.151      0.375      0.392 0.0000e+00
      17037    709.840    472.477 -109.93534   21.91926    469.000     8.2761     8.2483 3.6276e+04   3.632563     0.0642     0.0590    98.5355 1.0000e-12          0     0.5036     0.5143     0.0574     0.1147     4.5838     0.0000     0.0085     0.0000     0.5029     0.5135    34.5692    34.6489    26.9014    26.9681      0.974      1.128      0.332      0.384 0.0000e+00
