data/ctd-cnv/KM1919/KM1919-St22-P3/St22_P3_cast74-align-cellTM-derive-bin.cnv
* Sea-Bird SBE 9 Data File:
* FileName = C:\Users\otg\Desktop\CTD Data\km1920\St22_P3_cast74.hex
* Software Version Seasave V 7.26.7.107
* Temperature SN = 5554
* Conductivity SN = 3876
* Number of Bytes Per Scan = 41
* Number of Voltage Words = 4
* Number of Scans Averaged by the Deck Unit = 1
* NMEA Latitude = 21 57.57 N
* NMEA Longitude = 109 54.60 W
* NMEA UTC (Time) = Oct 17 2019  04:19:42
* NMEA baud rate = 4800
** Ship: Kilo Moana
** Station: St22  P3 cast 74
** Operator: KH
** Anchor for the GoFlow
# nquan = 34
# nvalues = 626                         
# units = specified
# name 0 = scan: Scan Count
# name 1 = timeS: Time, Elapsed [seconds]
# name 2 = prDM: Pressure, Digiquartz [db]
# name 3 = longitude: Longitude [deg]
# name 4 = latitude: Latitude [deg]
# name 5 = depSM: Depth [salt water, m]
# name 6 = t090C: Temperature [ITS-90, deg C]
# name 7 = t190C: Temperature, 2 [ITS-90, deg C]
# name 8 = c0uS/cm: Conductivity [uS/cm]
# name 9 = c1S/m: Conductivity, 2 [S/m]
# name 10 = flECO-AFL: Fluorescence, WET Labs ECO-AFL/FL [mg/m^3]
# name 11 = CStarAt0: Beam Attenuation, WET Labs C-Star [1/m]
# name 12 = CStarTr0: Beam Transmission, WET Labs C-Star [%]
# name 13 = par: PAR/Irradiance, Biospherical/Licor
# name 14 = modError: Modulo Error Count
# name 15 = v0: Voltage 0
# name 16 = v1: Voltage 1
# name 17 = v2: Voltage 2
# name 18 = v3: Voltage 3
# name 19 = v4: Voltage 4
# name 20 = v5: Voltage 5
# name 21 = v6: Voltage 6
# name 22 = v7: Voltage 7
# name 23 = sbeox0V: Oxygen raw, SBE 43 [V]
# name 24 = sbeox1V: Oxygen raw, SBE 43, 2 [V]
# name 25 = sal00: Salinity, Practical [PSU]
# name 26 = sal11: Salinity, Practical, 2 [PSU]
# name 27 = sigma-é00: Density [sigma-theta, kg/m^3]
# name 28 = sigma-é11: Density, 2 [sigma-theta, kg/m^3]
# name 29 = sbeox0Mm/L: Oxygen, SBE 43 [umol/l], WS = 2
# name 30 = sbeox1Mm/L: Oxygen, SBE 43, 2 [umol/l], WS = 2
# name 31 = sbeox0PS: Oxygen, SBE 43 [% saturation], WS = 2
# name 32 = sbeox1PS: Oxygen, SBE 43, 2 [% saturation], WS = 2
# name 33 = flag: flag
# span 0 =         31,      37632       
# span 1 =      1.237,   1567.952       
# span 2 =      5.031,    634.920       
# span 3 = -109.90994, -109.90981       
# span 4 =   21.95927,   21.95948       
# span 5 =      5.000,    630.000       
# span 6 =     6.5576,    27.8142       
# span 7 =     6.5390,    27.7745       
# span 8 = 3.4717e+04, 5.5482e+04       
# span 9 =   3.477037,   5.555373       
# span 10 =     0.0408,     1.4632      
# span 11 =     0.0571,     0.1498      
# span 12 =    96.3229,    98.5835      
# span 13 = 1.0000e-12, 2.1934e+00      
# span 14 =          0,          0      
# span 15 =     0.5031,     2.4424      
# span 16 =     0.5129,     2.4279      
# span 17 =     0.0550,     0.1973      
# span 18 =     0.1126,     0.1173      
# span 19 =     4.4810,     4.5861      
# span 20 =    -0.0000,     0.0004      
# span 21 =     0.0073,     1.3598      
# span 22 =     0.0000,     0.0000      
# span 23 =     0.5026,     2.4410      
# span 24 =     0.5125,     2.4246      
# span 25 =    33.9363,    34.7661      
# span 26 =    34.0292,    34.8522      
# span 27 =    22.1010,    27.0976      
# span 28 =    22.1730,    27.1616      
# span 29 =      0.854,    236.763      
# span 30 =      0.896,    247.900      
# span 31 =      0.290,    105.041      
# span 32 =      0.300,    108.994      
# span 33 = 0.0000e+00, 0.0000e+00      
# interval = meters: 1                  
# start_time = Oct 17 2019 04:21:19 [NMEA time, first data scan]
# bad_flag = -9.990e-29
*END*
         31      1.237      5.031 -109.90991   21.95946      5.000    27.8129    27.7741 5.5360e+04   5.543191     0.1658     0.0979    97.5820 2.1934e+00          0     1.9023     1.9250     0.0676     0.1142     4.5395     0.0000     1.3598     0.0000     1.9780     1.8904    34.5280    34.6069    22.1010    22.1730    173.397    165.839     85.662     81.911 0.0000e+00
         74      3.056      6.038 -109.90992   21.95946      6.000    27.8124    27.7745 5.5447e+04   5.549524     0.1480     0.0980    97.5814 1.8315e+00          0     1.8202     1.8398     0.0658     0.1138     4.5395     0.0000     1.2845     0.0000     2.2094     2.0953    34.5890    34.6508    22.1472    22.2059    191.004    190.473     94.389     94.101 0.0000e+00
        101      4.165      7.044 -109.90992   21.95946      7.000    27.8132    27.7718 5.5466e+04   5.551171     0.1371     0.0988    97.5594 1.4079e+00          0     1.8679     1.8315     0.0647     0.1147     4.5385     0.0000     1.1854     0.0000     2.2217     2.1456    34.6016    34.6640    22.1565    22.2168    183.619    190.229     90.748     93.984 0.0000e+00
        125      5.157      8.050 -109.90992   21.95948      8.000    27.8142    27.7728 5.5475e+04   5.552262     0.1371     0.0983    97.5727 1.5074e+00          0     2.0652     1.9166     0.0647     0.1136     4.5391     0.0000     1.2083     0.0000     2.1850     2.1533    34.6068    34.6707    22.1601    22.2216    172.246    186.413     85.131     92.103 0.0000e+00
        149      6.184      9.057 -109.90990   21.95948      9.000    27.8061    27.7657 5.5480e+04   5.553846     0.1371     0.0985    97.5660 1.1517e+00          0     2.1871     2.0629     0.0647     0.1136     4.5388     0.0000     1.1065     0.0000     2.1150     2.1168    34.6159    34.6867    22.1697    22.2360    162.265    178.007     80.191     87.948 0.0000e+00
        236      9.789     10.063 -109.90990   21.95948     10.000    27.8017    27.7639 5.5437e+04   5.549602     0.1452     0.0994    97.5456 9.2577e-01          0     2.0964     2.0831     0.0655     0.1136     4.5378     0.0000     1.0069     0.0000     1.9374     1.9290    34.5883    34.6579    22.1504    22.2151    154.975    159.994     76.571     79.033 0.0000e+00
        320     13.304     11.069 -109.90990   21.95948     11.000    27.8044    27.7644 5.5460e+04   5.552568     0.1493     0.1008    97.5109 6.8047e-01          0     1.9034     1.9118     0.0659     0.1136     4.5362     0.0000     0.8984     0.0000     2.1507     2.0450    34.6021    34.6781    22.1600    22.2302    190.590    186.968     94.180     92.369 0.0000e+00
        353     14.670     12.075 -109.90990   21.95948     12.000    27.7966    27.7559 5.5482e+04   5.555373     0.1371     0.0999    97.5333 7.0287e-01          0     1.8956     1.8822     0.0647     0.1136     4.5372     0.0000     0.9058     0.0000     2.2045     2.1116    34.6234    34.7039    22.1786    22.2524    183.406    182.488     90.629     90.156 0.0000e+00
        380     15.803     13.082 -109.90990   21.95947     13.000    27.7877    27.7485 5.5478e+04   5.555123     0.1371     0.0999    97.5322 5.4250e-01          0     2.0352     1.9162     0.0647     0.1136     4.5372     0.0000     0.8034     0.0000     2.1751     2.0812    34.6266    34.7073    22.1840    22.2574    177.406    180.171     87.653     89.002 0.0000e+00
        414     17.196     14.088 -109.90990   21.95946     14.000    27.7768    27.7336 5.5475e+04   5.554820     0.1371     0.1002    97.5249 5.1437e-01          0     2.1735     2.0780     0.0647     0.1136     4.5368     0.0000     0.7914     0.0000     2.2276     2.1739    34.6327    34.7158    22.1922    22.2687    195.511    199.981     96.584     98.768 0.0000e+00
        465     19.313     15.095 -109.90990   21.95946     15.000    27.6821    27.6447 5.5393e+04   5.547762     0.1466     0.1001    97.5283 4.2723e-01          0     2.1807     2.0925     0.0656     0.1142     4.5370     0.0001     0.7277     0.0000     2.3160     2.2962    34.6443    34.7317    22.2317    22.3096    197.949    207.151     97.643    102.170 0.0000e+00
        508     21.122     16.101 -109.90990   21.95946     16.000    27.6364    27.5960 5.5324e+04   5.539988     0.1414     0.0992    97.5507 3.7758e-01          0     2.2595     2.2146     0.0651     0.1147     4.5380     0.0004     0.6805     0.0000     2.3277     2.3081    34.6293    34.7126    22.2353    22.3111    197.955    207.144     97.564    102.073 0.0000e+00
        541     22.482     17.108 -109.90990   21.95948     17.000    27.6277    27.5874 5.5316e+04   5.539209     0.1495     0.1003    97.5227 2.3933e-01          0     2.3118     2.2911     0.0659     0.1147     4.5367     0.0002     0.5309     0.0000     2.3304     2.3160    34.6298    34.7132    22.2386    22.3143    197.969    207.769     97.557    102.367 0.0000e+00
        579     24.064     18.114 -109.90990   21.95948     18.000    27.6191    27.5790 5.5306e+04   5.538336     0.1524     0.1011    97.5040 2.3812e-01          0     2.3240     2.3045     0.0662     0.1154     4.5359     0.0003     0.5358     0.0000     2.3330     2.3172    34.6289    34.7129    22.2407    22.3169    197.807    207.587     97.464    102.263 0.0000e+00
        644     26.780     19.120 -109.90990   21.95948     19.000    27.6097    27.5760 5.5296e+04   5.538030     0.1673     0.1016    97.4925 1.7096e-01          0     2.3319     2.3165     0.0678     0.1147     4.5353     0.0003     0.4411     0.0000     2.3304     2.3163    34.6283    34.7127    22.2434    22.3178    197.696    207.669     97.393    102.298 0.0000e+00
        708     29.451     20.126 -109.90990   21.95948     20.000    27.5980    27.5614 5.5283e+04   5.536558     0.1671     0.1016    97.4932 1.2913e-01          0     2.3301     2.3142     0.0677     0.1147     4.5354     0.0003     0.3647     0.0000     2.3299     2.3158    34.6276    34.7129    22.2467    22.3227    198.013    207.111     97.530    101.999 0.0000e+00
        742     30.882     21.133 -109.90990   21.95948     21.000    27.5932    27.5531 5.5280e+04   5.535699     0.1749     0.1022    97.4794 1.1816e-01          0     2.3309     2.3176     0.0685     0.1147     4.5347     0.0002     0.3493     0.0000     2.3340     2.3104    34.6283    34.7126    22.2489    22.3253    198.528    207.104     97.777    101.981 0.0000e+00
        768     31.939     22.139 -109.90990   21.95948     22.000    27.5951    27.5554 5.5291e+04   5.536816     0.1825     0.1042    97.4292 9.8579e-02          0     2.3287     2.3195     0.0693     0.1148     4.5324     0.0004     0.3079     0.0000     2.3351     2.3150    34.6350    34.7185    22.2535    22.3291    198.252    208.021     97.647    102.440 0.0000e+00
        790     32.880     23.145 -109.90990   21.95946     23.000    27.5841    27.5433 5.5287e+04   5.536487     0.1679     0.1052    97.4036 7.4594e-02          0     2.3305     2.3156     0.0678     0.1147     4.5312     0.0002     0.2515     0.0000     2.3321     2.3179    34.6395    34.7249    22.2604    22.3379    197.723    208.113     97.371    102.468 0.0000e+00
        814     33.895     24.152 -109.90990   21.95946     24.000    27.5703    27.5301 5.5279e+04   5.535695     0.1685     0.1042    97.4272 6.4165e-02          0     2.3329     2.3111     0.0679     0.1148     4.5324     0.0001     0.2223     0.0000     2.3313     2.3176    34.6437    34.7288    22.2681    22.3451    198.171    207.849     97.572    102.319 0.0000e+00
        852     35.443     25.158 -109.90990   21.95946     25.000    27.5613    27.5195 5.5277e+04   5.535359     0.1685     0.1046    97.4176 5.6407e-02          0     2.3336     2.3149     0.0679     0.1147     4.5319     0.0003     0.2029     0.0000     2.3326     2.3153    34.6486    34.7340    22.2748    22.3525    198.172    207.723     97.561    102.242 0.0000e+00
        973     40.498     26.165 -109.90990   21.95946     26.000    27.5309    27.4907 5.5244e+04   5.532208     0.1661     0.1044    97.4235 9.4990e-03          0     2.3308     2.3160     0.0676     0.1149     4.5321     0.0004     0.0513     0.0000     2.3246     2.3098    34.6479    34.7328    22.2841    22.3610    196.366    206.471     96.623    101.577 0.0000e+00
       1006     41.870     27.171 -109.90990   21.95946     27.000    27.4301    27.3854 5.5122e+04   5.520926     0.1810     0.1045    97.4204 1.2182e-02          0     2.3301     2.3123     0.0691     0.1152     4.5320     0.0002     0.0562     0.0000     2.3052     2.2805    34.6358    34.7309    22.3076    22.3936    199.410    203.494     97.950     99.937 0.0000e+00
       1032     42.948     28.177 -109.90990   21.95946     28.000    27.0310    26.9533 5.4669e+04   5.479540     0.2188     0.1102    97.2815 3.2594e-03          0     2.3325     2.3111     0.0729     0.1156     4.5255     0.0001     0.0206     0.0000     2.3616     2.3021    34.6100    34.7586    22.4158    22.5524    212.261    213.294    103.557    104.010 0.0000e+00
       1060     44.113     29.184 -109.90990   21.95946     29.000    24.5992    24.4634 5.1848e+04   5.206161     0.3412     0.1246    96.9321 3.9710e-04          0     2.3185     2.3075     0.0851     0.1159     4.5093     0.0001     0.0092     0.0000     2.4104     2.3631    34.3854    34.6497    22.9947    23.2352    224.672    231.431    105.041    108.101 0.0000e+00
       1099     45.763     30.190 -109.90990   21.95946     30.000    22.6118    22.7098 4.9621e+04   4.989910     0.6200     0.1386    96.5949 1.3280e-05          0     2.3286     2.2895     0.1130     0.1158     4.4936     0.0002     0.0074     0.0000     2.4410     2.4114    34.2352    34.3739    23.4652    23.5429    232.010    240.749    104.738    108.956 0.0000e+00
       1149     47.852     31.196 -109.90990   21.95946     31.000    21.7676    21.9228 4.8703e+04   4.903238     0.5547     0.1359    96.6593 1.0000e-12          0     2.4183     2.3730     0.1065     0.1159     4.4966     0.0001     0.0073     0.0000     2.4331     2.4240    34.1842    34.3200    23.6643    23.7239    232.020    243.653    103.156    108.714 0.0000e+00
       1191     49.569     32.203 -109.90990   21.95946     32.000    21.1152    21.1170 4.8010e+04   4.816155     0.4901     0.1301    96.8006 1.0000e-12          0     2.4424     2.4147     0.1000     0.1150     4.5032     0.0001     0.0073     0.0000     2.4331     2.4246    34.1537    34.2728    23.8200    23.9101    236.763    247.900    104.022    108.994 0.0000e+00
       1284     53.448     33.209 -109.90990   21.95946     33.000    20.9885    21.0166 4.7898e+04   4.804662     0.4600     0.1233    96.9653 1.0000e-12          0     2.4306     2.4279     0.0970     0.1147     4.5108     0.0001     0.0074     0.0000     2.4188     2.4187    34.1652    34.2613    23.8633    23.9288    233.809    245.713    102.497    107.832 0.0000e+00
       1341     55.854     34.216 -109.90990   21.95946     34.000    20.7553    20.7170 4.7668e+04   4.775585     0.4556     0.1234    96.9608 1.0000e-12          0     2.4216     2.4258     0.0965     0.1147     4.5106     0.0001     0.0073     0.0000     2.4097     2.4007    34.1672    34.2687    23.9278    24.0153    233.850    244.998    102.086    106.941 0.0000e+00
       1369     57.012     35.222 -109.90990   21.95946     35.000    20.4823    20.4367 4.7381e+04   4.747305     0.4512     0.1220    96.9972 1.0000e-12          0     2.4158     2.4131     0.0961     0.1147     4.5123     0.0000     0.0073     0.0000     2.4002     2.3925    34.1550    34.2665    23.9915    24.0885    232.790    244.804    101.113    106.312 0.0000e+00
       1401     58.354     36.229 -109.90990   21.95946     36.000    20.0922    20.0462 4.6962e+04   4.705482     0.4342     0.1201    97.0424 1.0000e-12          0     2.4137     2.4060     0.0944     0.1147     4.5144 5.8594e-07     0.0073     0.0000     2.3864     2.3819    34.1301    34.2431    24.0758    24.1740    233.055    245.494    100.494    105.839 0.0000e+00
       1439     59.932     37.235 -109.90990   21.95946     37.000    19.7405    19.7095 4.6591e+04   4.668340     0.6069     0.1300    96.8033 1.0000e-12          0     2.4053     2.3969     0.1117     0.1147     4.5033     0.0000     0.0073     0.0000     2.3745     2.3732    34.1121    34.2132    24.1541    24.2393    234.520    246.503    100.463    105.600 0.0000e+00
       1500     62.460     38.242 -109.90989   21.95946     38.000    19.5445    19.5729 4.6382e+04   4.652760     0.6146     0.1251    96.9217 1.0000e-12          0     2.3825     2.3791     0.1125     0.1147     4.5088     0.0001     0.0074     0.0000     2.3703     2.3637    34.0994    34.1963    24.1952    24.2619    235.361    246.124    100.452    105.161 0.0000e+00
       1594     66.382     39.248 -109.90988   21.95946     39.000    19.4087    19.3834 4.6241e+04   4.632676     0.6256     0.1167    97.1262 1.0000e-12          0     2.3697     2.3602     0.1136     0.1147     4.5183     0.0001     0.0074     0.0000     2.3550     2.3516    34.0935    34.1855    24.2258    24.3025    232.816    244.454     99.113    104.076 0.0000e+00
       1624     67.633     40.255 -109.90990   21.95946     40.000    19.2936    19.2553 4.6122e+04   4.619381     0.5706     0.1193    97.0610 1.0000e-12          0     2.3652     2.3607     0.1080     0.1148     4.5153    -0.0000     0.0074     0.0000     2.3397     2.3384    34.0888    34.1801    24.2518    24.3313    229.973    243.142     97.692    103.268 0.0000e+00
       1653     68.823     41.261 -109.90990   21.95946     41.000    19.2041    19.1655 4.6029e+04   4.610367     0.5795     0.1180    97.0948 1.0000e-12          0     2.3601     2.3571     0.1090     0.1157     4.5169     0.0000     0.0075     0.0000     2.3264     2.3265    34.0848    34.1788    24.2717    24.3533    229.261    241.815     97.225    102.533 0.0000e+00
       1690     70.392     42.268 -109.90990   21.95946     42.000    19.0496    19.0258 4.5877e+04   4.595858     0.6140     0.1197    97.0528 1.0000e-12          0     2.3480     2.3445     0.1124     0.1148     4.5149     0.0000     0.0075     0.0000     2.3080     2.3141    34.0853    34.1728    24.3115    24.3844    227.593    241.180     96.241    101.994 0.0000e+00
       1763     73.402     43.274 -109.90990   21.95946     43.000    18.9948    18.9782 4.5851e+04   4.593179     0.7471     0.1286    96.8363 1.0000e-12          0     2.3136     2.3178     0.1257     0.1152     4.5049     0.0000     0.0075     0.0000     2.2833     2.2890    34.1085    34.1893    24.3431    24.4091    225.583    237.794     95.307    100.483 0.0000e+00
       1821     75.854     44.280 -109.90990   21.95946     44.000    18.9832    18.9533 4.5852e+04   4.592252     0.9904     0.1345    96.6941 1.0000e-12          0     2.2910     2.2983     0.1500     0.1158     4.4982 -7.215e-07     0.0075     0.0000     2.2561     2.2622    34.1186    34.2017    24.3538    24.4249    219.310    232.906     92.642     98.379 0.0000e+00
       1856     77.295     45.287 -109.90990   21.95946     45.000    18.8952    18.8576 4.5775e+04   4.585074     1.1848     0.1461    96.4133 1.0000e-12          0     2.2803     2.2851     0.1695     0.1159     4.4852     0.0000     0.0076     0.0000     2.2323     2.2381    34.1265    34.2206    24.3822    24.4636    218.530    230.620     92.165     97.251 0.0000e+00
       1891     78.729     46.294 -109.90990   21.95946     46.000    18.6807    18.6473 4.5546e+04   4.562454     1.4283     0.1498    96.3229 1.0000e-12          0     2.2663     2.2712     0.1938     0.1159     4.4810     0.0000     0.0074     0.0000     2.2222     2.2247    34.1114    34.2048    24.4247    24.5045    220.178    231.175     92.480     97.093 0.0000e+00
