data/ctd-cnv/KM1919/KM1919-St22-P3/St22_P3_cast66-align-cellTM-derive-bin.cnv
* Sea-Bird SBE 9 Data File:
* FileName = C:\Users\otg\Desktop\CTD Data\km1920\St22_P3_cast66.hex
* Software Version Seasave V 7.26.7.107
* Temperature SN = 5554
* Conductivity SN = 3876
* Number of Bytes Per Scan = 41
* Number of Voltage Words = 4
* Number of Scans Averaged by the Deck Unit = 1
* NMEA Latitude = 21 51.32 N
* NMEA Longitude = 109 58.82 W
* NMEA UTC (Time) = Oct 15 2019  19:43:42
* NMEA baud rate = 4800
** Ship: Kilo Moana
** Station: St22  P3 cast 66
** Operator: cf
# nquan = 34
# nvalues = 227                         
# units = specified
# name 0 = scan: Scan Count
# name 1 = timeS: Time, Elapsed [seconds]
# name 2 = prDM: Pressure, Digiquartz [db]
# name 3 = longitude: Longitude [deg]
# name 4 = latitude: Latitude [deg]
# name 5 = depSM: Depth [salt water, m]
# name 6 = t090C: Temperature [ITS-90, deg C]
# name 7 = t190C: Temperature, 2 [ITS-90, deg C]
# name 8 = c0uS/cm: Conductivity [uS/cm]
# name 9 = c1S/m: Conductivity, 2 [S/m]
# name 10 = flECO-AFL: Fluorescence, WET Labs ECO-AFL/FL [mg/m^3]
# name 11 = CStarAt0: Beam Attenuation, WET Labs C-Star [1/m]
# name 12 = CStarTr0: Beam Transmission, WET Labs C-Star [%]
# name 13 = par: PAR/Irradiance, Biospherical/Licor
# name 14 = modError: Modulo Error Count
# name 15 = v0: Voltage 0
# name 16 = v1: Voltage 1
# name 17 = v2: Voltage 2
# name 18 = v3: Voltage 3
# name 19 = v4: Voltage 4
# name 20 = v5: Voltage 5
# name 21 = v6: Voltage 6
# name 22 = v7: Voltage 7
# name 23 = sbeox0V: Oxygen raw, SBE 43 [V]
# name 24 = sbeox1V: Oxygen raw, SBE 43, 2 [V]
# name 25 = sal00: Salinity, Practical [PSU]
# name 26 = sal11: Salinity, Practical, 2 [PSU]
# name 27 = sigma-é00: Density [sigma-theta, kg/m^3]
# name 28 = sigma-é11: Density, 2 [sigma-theta, kg/m^3]
# name 29 = sbeox0Mm/L: Oxygen, SBE 43 [umol/l], WS = 2
# name 30 = sbeox1Mm/L: Oxygen, SBE 43, 2 [umol/l], WS = 2
# name 31 = sbeox0PS: Oxygen, SBE 43 [% saturation], WS = 2
# name 32 = sbeox1PS: Oxygen, SBE 43, 2 [% saturation], WS = 2
# name 33 = flag: flag
# span 0 =         75,      11388       
# span 1 =      3.063,    474.467       
# span 2 =      2.013,    229.555       
# span 3 = -109.98031, -109.98022       
# span 4 =   21.85522,   21.85534       
# span 5 =      2.000,    228.000       
# span 6 =    11.4948,    27.6296       
# span 7 =    11.4650,    27.5888       
# span 8 = 3.9342e+04, 5.5301e+04       
# span 9 =   3.939568,   5.537879       
# span 10 =     0.0437,     1.2804      
# span 11 =     0.0592,     0.1280      
# span 12 =    96.8495,    98.5308      
# span 13 = -3.165e-06, 1.3058e+03      
# span 14 =          0,          0      
# span 15 =     0.5043,     2.4975      
# span 16 =     0.5156,     2.4812      
# span 17 =     0.0553,     0.1791      
# span 18 =     0.1123,     0.1160      
# span 19 =     4.5054,     4.5836      
# span 20 =     0.0000,     0.0000      
# span 21 =     0.0080,     4.0867      
# span 22 =     0.0000,     0.0000      
# span 23 =     0.5035,     2.4936      
# span 24 =     0.5147,     2.4740      
# span 25 =    33.9338,    34.7761      
# span 26 =    34.0353,    34.8620      
# span 27 =    22.2310,    26.4795      
# span 28 =    22.3083,    26.5487      
# span 29 =      1.008,    238.947      
# span 30 =      1.211,    251.993      
# span 31 =      0.369,    107.098      
# span 32 =      0.442,    111.876      
# span 33 = 0.0000e+00, 0.0000e+00      
# interval = meters: 1                  
# start_time = Oct 15 2019 19:47:17 [NMEA time, first data scan]
# bad_flag = -9.990e-29
*END*
[from data line 214]
      10204    425.136    217.467 -109.98026   21.85528    216.000    11.6027    11.5718 3.9447e+04   3.950132     0.0578     0.0731    98.1906 1.0000e-12          0     0.5047     0.5165     0.0568     0.1148     4.5678     0.0000     0.0084     0.0000     0.5039     0.5157    34.7367    34.8190    26.4648    26.5345      1.042      1.371      0.382      0.502 0.0000e+00
      10226    426.057    218.474 -109.98026   21.85528    217.000    11.5885    11.5576 3.9433e+04   3.948787     0.0578     0.0729    98.1934 1.0000e-12          0     0.5051     0.5166     0.0568     0.1147     4.5680     0.0000     0.0083     0.0000     0.5040     0.5157    34.7361    34.8186    26.4670    26.5370      1.068      1.338      0.391      0.490 0.0000e+00
      10248    426.974    219.481 -109.98026   21.85528    218.000    11.5807    11.5503 3.9427e+04   3.948090     0.0590     0.0722    98.2110 1.0000e-12          0     0.5050     0.5165     0.0569     0.1148     4.5688     0.0000     0.0083     0.0000     0.5038     0.5154    34.7364    34.8182    26.4687    26.5380      1.128      1.274      0.413      0.467 0.0000e+00
      10291    428.768    220.488 -109.98026   21.85528    219.000    11.5760    11.5463 3.9422e+04   3.947689     0.0583     0.0722    98.2120 1.0000e-12          0     0.5047     0.5165     0.0568     0.1148     4.5688     0.0000     0.0083     0.0000     0.5038     0.5155    34.7361    34.8176    26.4694    26.5383      1.070      1.357      0.392      0.497 0.0000e+00
      10363    431.737    221.496 -109.98026   21.85528    220.000    11.5737    11.5432 3.9421e+04   3.947456     0.0586     0.0723    98.2078 1.0000e-12          0     0.5046     0.5163     0.0569     0.1148     4.5686     0.0000     0.0083     0.0000     0.5037     0.5156    34.7366    34.8177    26.4702    26.5390      1.009      1.337      0.369      0.490 0.0000e+00
      10415    433.928    222.503 -109.98026   21.85528    221.000    11.5558    11.5256 3.9404e+04   3.945821     0.0565     0.0725    98.2037 1.0000e-12          0     0.5046     0.5164     0.0567     0.1147     4.5685     0.0000     0.0085     0.0000     0.5036     0.5156    34.7362    34.8177    26.4733    26.5423      1.039      1.355      0.380      0.496 0.0000e+00
      10493    437.173    223.511 -109.98026   21.85528    222.000    11.5457    11.5156 3.9394e+04   3.944808     0.0567     0.0725    98.2039 1.0000e-12          0     0.5044     0.5164     0.0567     0.1147     4.5685     0.0000     0.0083     0.0000     0.5036     0.5154    34.7356    34.8167    26.4747    26.5434      1.057      1.326      0.387      0.485 0.0000e+00
      10582    440.868    224.518 -109.98026   21.85528    223.000    11.5357    11.5052 3.9384e+04   3.943793     0.0582     0.0722    98.2119 1.0000e-12          0     0.5044     0.5162     0.0568     0.1149     4.5688     0.0000     0.0084     0.0000     0.5036     0.5155    34.7348    34.8161    26.4759    26.5449      1.038      1.325      0.380      0.485 0.0000e+00
      10635    443.065    225.525 -109.98026   21.85528    224.000    11.5296    11.4994 3.9378e+04   3.943208     0.0584     0.0717    98.2239 1.0000e-12          0     0.5044     0.5163     0.0568     0.1148     4.5694     0.0000     0.0083     0.0000     0.5035     0.5152    34.7340    34.8153    26.4765    26.5453      1.024      1.288      0.375      0.471 0.0000e+00
      10685    445.166    226.533 -109.98026   21.85528    225.000    11.5207    11.4910 3.9369e+04   3.942372     0.0587     0.0722    98.2109 1.0000e-12          0     0.5044     0.5162     0.0569     0.1148     4.5688     0.0000     0.0083     0.0000     0.5035     0.5153    34.7329    34.8145    26.4773    26.5463      1.039      1.297      0.380      0.474 0.0000e+00
      10874    453.043    227.540 -109.98026   21.85528    226.000    11.5092    11.4758 3.9357e+04   3.940906     0.0581     0.0716    98.2249 1.0000e-12          0     0.5043     0.5161     0.0568     0.1149     4.5694     0.0000     0.0083     0.0000     0.5035     0.5152    34.7314    34.8139    26.4783    26.5487      1.039      1.314      0.380      0.480 0.0000e+00
      11022    459.226    228.547 -109.98026   21.85528    227.000    11.5013    11.4694 3.9349e+04   3.940011     0.0591     0.0717    98.2239 1.0000e-12          0     0.5043     0.5159     0.0569     0.1148     4.5694     0.0000     0.0084     0.0000     0.5035     0.5150    34.7303    34.8107    26.4790    26.5474      1.037      1.249      0.379      0.457 0.0000e+00
      11388    474.467    229.555 -109.98026   21.85528    228.000    11.4948    11.4650 3.9342e+04   3.939568     0.0598     0.0717    98.2226 1.0000e-12          0     0.5043     0.5156     0.0570     0.1148     4.5693     0.0000     0.0084     0.0000     0.5035     0.5147    34.7295    34.8100    26.4795    26.5476      1.037      1.211      0.379      0.442 0.0000e+00
