data/ctd-cnv/KM1919/KM1919-St22-P3/St22_P3_cast83-align-cellTM-derive-bin.cnv
* Sea-Bird SBE 9 Data File:
* FileName = C:\Users\otg\Desktop\CTD Data\km1920\St22_P3_cast83.hex
* Software Version Seasave V 7.26.7.107
* Temperature SN = 5554
* Conductivity SN = 3876
* Number of Bytes Per Scan = 41
* Number of Voltage Words = 4
* Number of Scans Averaged by the Deck Unit = 1
* NMEA Latitude = 22 03.22 N
* NMEA Longitude = 109 48.47 W
* NMEA UTC (Time) = Oct 18 2019  19:01:49
* NMEA baud rate = 4800
** Ship: Kilo Moana
** Station: P3 Station 22 Cast 83
** Operator: jac
# nquan = 34
# nvalues = 1003                        
# units = specified
# name 0 = scan: Scan Count
# name 1 = timeS: Time, Elapsed [seconds]
# name 2 = prDM: Pressure, Digiquartz [db]
# name 3 = longitude: Longitude [deg]
# name 4 = latitude: Latitude [deg]
# name 5 = depSM: Depth [salt water, m]
# name 6 = t090C: Temperature [ITS-90, deg C]
# name 7 = t190C: Temperature, 2 [ITS-90, deg C]
# name 8 = c0uS/cm: Conductivity [uS/cm]
# name 9 = c1S/m: Conductivity, 2 [S/m]
# name 10 = flECO-AFL: Fluorescence, WET Labs ECO-AFL/FL [mg/m^3]
# name 11 = CStarAt0: Beam Attenuation, WET Labs C-Star [1/m]
# name 12 = CStarTr0: Beam Transmission, WET Labs C-Star [%]
# name 13 = par: PAR/Irradiance, Biospherical/Licor
# name 14 = modError: Modulo Error Count
# name 15 = v0: Voltage 0
# name 16 = v1: Voltage 1
# name 17 = v2: Voltage 2
# name 18 = v3: Voltage 3
# name 19 = v4: Voltage 4
# name 20 = v5: Voltage 5
# name 21 = v6: Voltage 6
# name 22 = v7: Voltage 7
# name 23 = sbeox0V: Oxygen raw, SBE 43 [V]
# name 24 = sbeox1V: Oxygen raw, SBE 43, 2 [V]
# name 25 = sal00: Salinity, Practical [PSU]
# name 26 = sal11: Salinity, Practical, 2 [PSU]
# name 27 = sigma-é00: Density [sigma-theta, kg/m^3]
# name 28 = sigma-é11: Density, 2 [sigma-theta, kg/m^3]
# name 29 = sbeox0Mm/L: Oxygen, SBE 43 [umol/l], WS = 2
# name 30 = sbeox1Mm/L: Oxygen, SBE 43, 2 [umol/l], WS = 2
# name 31 = sbeox0PS: Oxygen, SBE 43 [% saturation], WS = 2
# name 32 = sbeox1PS: Oxygen, SBE 43, 2 [% saturation], WS = 2
# name 33 = flag: flag
# span 0 =         47,      33999       
# span 1 =      1.920,   1416.572       
# span 2 =      1.007,   1011.750       
# span 3 = -109.80790, -109.80782       
# span 4 =   22.05370,   22.05398       
# span 5 =      1.000,   1003.000       
# span 6 =     4.7454,    27.5596       
# span 7 =     4.7225,    27.5191       
# span 8 = 3.3266e+04, 5.5253e+04       
# span 9 =   3.331208,   5.533014       
# span 10 =     0.0395,     1.3162      
# span 11 =     0.0275,     1.0836      
# span 12 =    78.3911,    99.0785      
# span 13 = -6.008e-05, 2.3094e+03      
# span 14 =          0,          0      
# span 15 =     0.5031,     2.4677      
# span 16 =     0.5133,     2.4562      
# span 17 =     0.0549,     0.1826      
# span 18 =     0.1128,     0.1195      
# span 19 =     3.6469,     4.6091      
# span 20 =     0.0000,     0.0000      
# span 21 =     0.0082,     4.3466      
# span 22 =     0.0000,     0.0000      
# span 23 =     0.5025,     2.4634      
# span 24 =     0.5130,     2.4562      
# span 25 =    33.9164,    34.7656      
# span 26 =    34.0119,    34.8491      
# span 27 =    22.2663,    27.3369      
# span 28 =    22.3433,    27.4005      
# span 29 =      0.784,    238.006      
# span 30 =      0.970,    249.064      
# span 31 =      0.270,    106.077      
# span 32 =      0.320,    110.469      
# span 33 = 0.0000e+00, 0.0000e+00      
# interval = meters: 1                  
# start_time = Oct 18 2019 19:10:20 [NMEA time, first data scan]
# bad_flag = -9.990e-29
*END*
[from data line 385]
      14636    609.793    388.787 -109.80784   22.05386    386.000     9.2500     9.2221 3.7174e+04   3.722584     0.0654     0.0795    98.0320 1.0000e-12          0     0.5041     0.5150     0.0575     0.1149     4.5604     0.0000     0.0085     0.0000     0.5033     0.5143    34.6023    34.6834    26.7733    26.8413      1.137      1.241      0.396      0.432 0.0000e+00
      14659    610.770    389.795 -109.80784   22.05386    387.000     9.2386     9.2099 3.7163e+04   3.721468     0.0661     0.0795    98.0320 1.0000e-12          0     0.5041     0.5149     0.0576     0.1150     4.5604     0.0000     0.0085     0.0000     0.5033     0.5141    34.6018    34.6832    26.7748    26.8432      1.054      1.214      0.367      0.422 0.0000e+00
      14683    611.750    390.803 -109.80784   22.05386    388.000     9.2317     9.2036 3.7157e+04   3.720847     0.0649     0.0795    98.0320 1.0000e-12          0     0.5042     0.5148     0.0575     0.1146     4.5604     0.0000     0.0085     0.0000     0.5033     0.5144    34.6016    34.6823    26.7759    26.8436      1.059      1.228      0.368      0.427 0.0000e+00
      14711    612.908    391.811 -109.80784   22.05386    389.000     9.2235     9.1956 3.7150e+04   3.720196     0.0650     0.0795    98.0312 1.0000e-12          0     0.5039     0.5149     0.0575     0.1146     4.5604     0.0000     0.0085     0.0000     0.5031     0.5140    34.6018    34.6829    26.7773    26.8453      1.083      1.182      0.377      0.411 0.0000e+00
      14758    614.854    392.819 -109.80784   22.05386    390.000     9.2040     9.1762 3.7132e+04   3.718397     0.0652     0.0797    98.0266 1.0000e-12          0     0.5040     0.5148     0.0575     0.1149     4.5602     0.0000     0.0085     0.0000     0.5033     0.5141    34.6013    34.6825    26.7801    26.8482      1.065      1.204      0.370      0.419 0.0000e+00
      14814    617.204    393.828 -109.80784   22.05386    391.000     9.1821     9.1538 3.7111e+04   3.716242     0.0665     0.0796    98.0291 1.0000e-12          0     0.5040     0.5148     0.0577     0.1152     4.5603     0.0000     0.0085     0.0000     0.5034     0.5142    34.6001    34.6814    26.7827    26.8509      1.096      1.209      0.381      0.420 0.0000e+00
      14837    618.163    394.836 -109.80784   22.05386    392.000     9.1754     9.1467 3.7105e+04   3.715575     0.0645     0.0796    98.0307 1.0000e-12          0     0.5040     0.5147     0.0575     0.1147     4.5603     0.0000     0.0085     0.0000     0.5030     0.5140    34.5999    34.6809    26.7836    26.8517      0.953      1.184      0.331      0.411 0.0000e+00
      14854    618.895    395.844 -109.80784   22.05386    393.000     9.1603     9.1311 3.7090e+04   3.714240     0.0624     0.0795    98.0320 1.0000e-12          0     0.5039     0.5148     0.0573     0.1150     4.5604     0.0000     0.0085     0.0000     0.5031     0.5141    34.5990    34.6817    26.7854    26.8549      1.166      1.179      0.405      0.409 0.0000e+00
      14870    619.546    396.852 -109.80784   22.05386    394.000     9.1502     9.1220 3.7081e+04   3.713231     0.0630     0.0794    98.0342 1.0000e-12          0     0.5038     0.5146     0.0573     0.1150     4.5605     0.0000     0.0085     0.0000     0.5033     0.5140    34.5990    34.6795    26.7870    26.8546      1.116      1.145      0.388      0.397 0.0000e+00
      14885    620.151    397.860 -109.80784   22.05386    395.000     9.1505     9.1220 3.7082e+04   3.713257     0.0647     0.0794    98.0336 1.0000e-12          0     0.5041     0.5149     0.0575     0.1152     4.5605     0.0000     0.0085     0.0000     0.5031     0.5139    34.5989    34.6793    26.7869    26.8544      0.975      1.182      0.339      0.410 0.0000e+00
      14901    620.824    398.869 -109.80784   22.05386    396.000     9.1392     9.1094 3.7071e+04   3.712335     0.0639     0.0795    98.0320 1.0000e-12          0     0.5041     0.5148     0.0574     0.1152     4.5604     0.0000     0.0085     0.0000     0.5032     0.5140    34.5981    34.6815    26.7881    26.8582      1.034      1.220      0.359      0.423 0.0000e+00
      14924    621.810    399.877 -109.80784   22.05386    397.000     9.1052     9.0761 3.7038e+04   3.709071     0.0639     0.0794    98.0333 1.0000e-12          0     0.5038     0.5148     0.0574     0.1147     4.5605     0.0000     0.0085     0.0000     0.5031     0.5140    34.5962    34.6793    26.7921    26.8619      0.994      1.168      0.345      0.405 0.0000e+00
      14992    624.628    400.885 -109.80786   22.05386    398.000     9.1088     9.0943 3.7042e+04   3.710506     0.0639     0.0802    98.0140 1.0000e-12          0     0.5039     0.5146     0.0574     0.1152     4.5596     0.0000     0.0085     0.0000     0.5032     0.5140    34.5964    34.6762    26.7917    26.8565      1.149      1.175      0.399      0.408 0.0000e+00
      15026    626.053    401.893 -109.80786   22.05386    399.000     9.0784     9.0502 3.7013e+04   3.706487     0.0639     0.0795    98.0322 1.0000e-12          0     0.5036     0.5146     0.0574     0.1150     4.5604     0.0000     0.0085     0.0000     0.5030     0.5140    34.5955    34.6766    26.7959    26.8639      1.022      1.278      0.354      0.443 0.0000e+00
      15053    627.169    402.901 -109.80786   22.05386    400.000     9.0782     9.0503 3.7013e+04   3.706448     0.0622     0.0795    98.0329 1.0000e-12          0     0.5039     0.5147     0.0572     0.1151     4.5604     0.0000     0.0085     0.0000     0.5032     0.5141    34.5952    34.6757    26.7958    26.8632      1.080      1.168      0.374      0.405 0.0000e+00
      15080    628.309    403.910 -109.80786   22.05386    401.000     9.0772     9.0494 3.7013e+04   3.706401     0.0634     0.0795    98.0320 1.0000e-12          0     0.5041     0.5146     0.0574     0.1150     4.5604     0.0000     0.0085     0.0000     0.5030     0.5138    34.5949    34.6756    26.7957    26.8633      1.020      1.146      0.353      0.397 0.0000e+00
      15105    629.331    404.918 -109.80786   22.05386    402.000     9.0694     9.0409 3.7005e+04   3.705712     0.0639     0.0795    98.0331 1.0000e-12          0     0.5036     0.5145     0.0574     0.1152     4.5605     0.0000     0.0085     0.0000     0.5031     0.5139    34.5947    34.6762    26.7967    26.8651      1.020      1.194      0.354      0.414 0.0000e+00
      15127    630.248    405.926 -109.80786   22.05386    403.000     9.0552     9.0269 3.6992e+04   3.704406     0.0639     0.0794    98.0332 1.0000e-12          0     0.5038     0.5148     0.0574     0.1147     4.5605     0.0000     0.0085     0.0000     0.5028     0.5139    34.5939    34.6757    26.7984    26.8671      0.895      1.168      0.310      0.405 0.0000e+00
      15149    631.181    406.934 -109.80786   22.05386    404.000     9.0498     9.0206 3.6987e+04   3.703792     0.0639     0.0793    98.0378 1.0000e-12          0     0.5038     0.5145     0.0574     0.1147     4.5607     0.0000     0.0085     0.0000     0.5029     0.5139    34.5935    34.6749    26.7990    26.8674      1.162      1.222      0.402      0.423 0.0000e+00
      15177    632.322    407.943 -109.80786   22.05386    405.000     9.0410     9.0135 3.6979e+04   3.703097     0.0643     0.0794    98.0352 1.0000e-12          0     0.5038     0.5146     0.0574     0.1147     4.5606     0.0000     0.0085     0.0000     0.5032     0.5140    34.5933    34.6741    26.8002    26.8679      1.111      1.184      0.385      0.410 0.0000e+00
      15213    633.831    408.951 -109.80784   22.05386    406.000     9.0344     9.0060 3.6974e+04   3.702425     0.0632     0.0792    98.0387 1.0000e-12          0     0.5036     0.5145     0.0573     0.1146     4.5607     0.0000     0.0085     0.0000     0.5032     0.5139    34.5936    34.6739    26.8015    26.8690      1.088      1.197      0.377      0.414 0.0000e+00
      15246    635.225    409.959 -109.80784   22.05386    407.000     9.0282     8.9999 3.6969e+04   3.701896     0.0627     0.0790    98.0449 1.0000e-12          0     0.5038     0.5147     0.0573     0.1150     4.5610     0.0000     0.0085     0.0000     0.5032     0.5141    34.5938    34.6739    26.8027    26.8700      1.140      1.265      0.395      0.438 0.0000e+00
      15275    636.402    410.967 -109.80784   22.05386    408.000     9.0084     8.9803 3.6949e+04   3.700238     0.0644     0.0793    98.0367 1.0000e-12          0     0.5038     0.5146     0.0574     0.1149     4.5606     0.0000     0.0085     0.0000     0.5033     0.5141    34.5926    34.6752    26.8049    26.8741      1.084      1.137      0.375      0.394 0.0000e+00
      15299    637.405    411.976 -109.80784   22.05386    409.000     8.9856     8.9568 3.6928e+04   3.697950     0.0639     0.0794    98.0343 1.0000e-12          0     0.5038     0.5143     0.0574     0.1151     4.5605     0.0000     0.0085     0.0000     0.5032     0.5140    34.5918    34.6736    26.8079    26.8767      0.992      1.240      0.343      0.429 0.0000e+00
      15321    638.341    412.984 -109.80784   22.05386    410.000     8.9713     8.9427 3.6915e+04   3.696608     0.0675     0.0794    98.0354 1.0000e-12          0     0.5038     0.5148     0.0578     0.1150     4.5606     0.0000     0.0085     0.0000     0.5032     0.5140    34.5912    34.6729    26.8098    26.8783      1.091      1.137      0.377      0.393 0.0000e+00
      15347    639.397    413.992 -109.80784   22.05388    411.000     8.9498     8.9212 3.6894e+04   3.694559     0.0779     0.0792    98.0384 1.0000e-12          0     0.5040     0.5148     0.0588     0.1148     4.5607     0.0000     0.0085     0.0000     0.5031     0.5139    34.5905    34.6719    26.8127    26.8810      1.000      1.191      0.346      0.412 0.0000e+00
      15380    640.791    415.001 -109.80784   22.05388    412.000     8.9380     8.9096 3.6883e+04   3.693440     0.0632     0.0794    98.0348 1.0000e-12          0     0.5038     0.5146     0.0573     0.1151     4.5605     0.0000     0.0085     0.0000     0.5031     0.5137    34.5900    34.6710    26.8142    26.8821      1.158      1.100      0.400      0.380 0.0000e+00
      15418    642.390    416.009 -109.80784   22.05388    413.000     8.9235     8.8952 3.6870e+04   3.692082     0.0639     0.0794    98.0355 1.0000e-12          0     0.5038     0.5146     0.0574     0.1144     4.5606     0.0000     0.0085     0.0000     0.5034     0.5140    34.5896    34.6703    26.8162    26.8839      1.137      1.314      0.393      0.454 0.0000e+00
      15452    643.772    417.017 -109.80784   22.05388    414.000     8.9124     8.8839 3.6860e+04   3.691104     0.0634     0.0792    98.0398 1.0000e-12          0     0.5037     0.5145     0.0574     0.1149     4.5608     0.0000     0.0085     0.0000     0.5032     0.5141    34.5893    34.6707    26.8177    26.8860      0.962      1.101      0.332      0.380 0.0000e+00
      15476    644.802    418.025 -109.80784   22.05388    415.000     8.8770     8.8474 3.6825e+04   3.687831     0.0645     0.0792    98.0382 1.0000e-12          0     0.5038     0.5141     0.0575     0.1153     4.5607     0.0000     0.0085     0.0000     0.5032     0.5137    34.5871    34.6714    26.8215    26.8923      1.238      1.185      0.427      0.409 0.0000e+00
      15496    645.642    419.033 -109.80784   22.05388    416.000     8.8566     8.8275 3.6806e+04   3.685857     0.0639     0.0792    98.0386 1.0000e-12          0     0.5041     0.5147     0.0574     0.1150     4.5607     0.0000     0.0085     0.0000     0.5035     0.5141    34.5866    34.6697    26.8244    26.8941      1.191      1.290      0.411      0.445 0.0000e+00
      15516    646.446    420.042 -109.80784   22.05388    417.000     8.8132     8.7831 3.6764e+04   3.681779     0.0645     0.0791    98.0419 1.0000e-12          0     0.5040     0.5147     0.0575     0.1151     4.5609     0.0000     0.0085     0.0000     0.5033     0.5140    34.5837    34.6697    26.8290    26.9012      1.112      1.200      0.383      0.413 0.0000e+00
      15536    647.280    421.050 -109.80784   22.05388    418.000     8.7812     8.7517 3.6733e+04   3.678618     0.0639     0.0786    98.0538 1.0000e-12          0     0.5039     0.5148     0.0574     0.1148     4.5615     0.0000     0.0085     0.0000     0.5036     0.5142    34.5825    34.6667    26.8331    26.9038      1.026      1.219      0.353      0.420 0.0000e+00
      15557    648.173    422.059 -109.80784   22.05388    419.000     8.7532     8.7244 3.6707e+04   3.675895     0.0634     0.0791    98.0416 1.0000e-12          0     0.5038     0.5143     0.0573     0.1150     4.5609     0.0000     0.0085     0.0000     0.5030     0.5139    34.5815    34.6642    26.8368    26.9061      0.784      1.157      0.270      0.398 0.0000e+00
      15589    649.504    423.067 -109.80784   22.05388    420.000     8.7336     8.7052 3.6688e+04   3.673977     0.0631     0.0780    98.0699 1.0000e-12          0     0.5040     0.5146     0.0573     0.1146     4.5622     0.0000     0.0085     0.0000     0.5029     0.5139    34.5806    34.6624    26.8391    26.9077      1.078      1.192      0.371      0.410 0.0000e+00
      15643    651.739    424.075 -109.80784   22.05388    421.000     8.7167     8.6883 3.6673e+04   3.672311     0.0639     0.0779    98.0729 1.0000e-12          0     0.5037     0.5146     0.0574     0.1147     4.5623     0.0000     0.0085     0.0000     0.5029     0.5139    34.5800    34.6609    26.8413    26.9091      0.986      1.191      0.339      0.409 0.0000e+00
      15686    653.545    425.084 -109.80784   22.05388    422.000     8.7061     8.6779 3.6663e+04   3.671363     0.0642     0.0776    98.0788 1.0000e-12          0     0.5037     0.5145     0.0574     0.1151     4.5626     0.0000     0.0085     0.0000     0.5029     0.5139    34.5795    34.6605    26.8426    26.9105      1.139      1.167      0.392      0.401 0.0000e+00
      15718    654.885    426.092 -109.80784   22.05388    423.000     8.7005     8.6726 3.6658e+04   3.670837     0.0648     0.0784    98.0595 1.0000e-12          0     0.5034     0.5146     0.0575     0.1150     4.5617     0.0000     0.0085     0.0000     0.5032     0.5140    34.5793    34.6597    26.8434    26.9107      1.131      1.215      0.389      0.418 0.0000e+00
      15741    655.833    427.100 -109.80784   22.05388    424.000     8.7007     8.6728 3.6659e+04   3.670897     0.0639     0.0783    98.0609 1.0000e-12          0     0.5036     0.5145     0.0574     0.1149     4.5618     0.0000     0.0085     0.0000     0.5032     0.5138    34.5799    34.6597    26.8437    26.9107      1.124      1.196      0.386      0.411 0.0000e+00
      15759    656.596    428.109 -109.80784   22.05388    425.000     8.6956     8.6663 3.6654e+04   3.670498     0.0639     0.0776    98.0802 1.0000e-12          0     0.5034     0.5146     0.0574     0.1152     4.5627     0.0000     0.0085     0.0000     0.5031     0.5140    34.5794    34.6613    26.8442    26.9130      0.998      1.198      0.343      0.412 0.0000e+00
      15775    657.250    429.117 -109.80784   22.05388    426.000     8.6746     8.6453 3.6634e+04   3.668629     0.0639     0.0782    98.0633 1.0000e-12          0     0.5038     0.5146     0.0574     0.1151     4.5619     0.0000     0.0085     0.0000     0.5032     0.5138    34.5783    34.6617    26.8466    26.9166      0.957      1.157      0.329      0.397 0.0000e+00
