data/ctd-cnv/KM1919/KM1919-St22-P3/St22_P3_cast84-align-cellTM-derive-bin.cnv
* Sea-Bird SBE 9 Data File:
* FileName = C:\Users\otg\Desktop\CTD Data\km1920\St22_P3_cast84.hex
* Software Version Seasave V 7.26.7.107
* Temperature SN = 5554
* Conductivity SN = 3876
* Number of Bytes Per Scan = 41
* Number of Voltage Words = 4
* Number of Scans Averaged by the Deck Unit = 1
* NMEA Latitude = 22 03.39 N
* NMEA Longitude = 109 47.41 W
* NMEA UTC (Time) = Oct 18 2019  21:35:56
* NMEA baud rate = 4800
** Ship: Kilo Moana
** Station: P3 Station 22 Cast 84
** Operator: cf
# nquan = 34
# nvalues = 253                         
# units = specified
# name 0 = scan: Scan Count
# name 1 = timeS: Time, Elapsed [seconds]
# name 2 = prDM: Pressure, Digiquartz [db]
# name 3 = longitude: Longitude [deg]
# name 4 = latitude: Latitude [deg]
# name 5 = depSM: Depth [salt water, m]
# name 6 = t090C: Temperature [ITS-90, deg C]
# name 7 = t190C: Temperature, 2 [ITS-90, deg C]
# name 8 = c0uS/cm: Conductivity [uS/cm]
# name 9 = c1S/m: Conductivity, 2 [S/m]
# name 10 = flECO-AFL: Fluorescence, WET Labs ECO-AFL/FL [mg/m^3]
# name 11 = CStarAt0: Beam Attenuation, WET Labs C-Star [1/m]
# name 12 = CStarTr0: Beam Transmission, WET Labs C-Star [%]
# name 13 = par: PAR/Irradiance, Biospherical/Licor
# name 14 = modError: Modulo Error Count
# name 15 = v0: Voltage 0
# name 16 = v1: Voltage 1
# name 17 = v2: Voltage 2
# name 18 = v3: Voltage 3
# name 19 = v4: Voltage 4
# name 20 = v5: Voltage 5
# name 21 = v6: Voltage 6
# name 22 = v7: Voltage 7
# name 23 = sbeox0V: Oxygen raw, SBE 43 [V]
# name 24 = sbeox1V: Oxygen raw, SBE 43, 2 [V]
# name 25 = sal00: Salinity, Practical [PSU]
# name 26 = sal11: Salinity, Practical, 2 [PSU]
# name 27 = sigma-é00: Density [sigma-theta, kg/m^3]
# name 28 = sigma-é11: Density, 2 [sigma-theta, kg/m^3]
# name 29 = sbeox0Mm/L: Oxygen, SBE 43 [umol/l], WS = 2
# name 30 = sbeox1Mm/L: Oxygen, SBE 43, 2 [umol/l], WS = 2
# name 31 = sbeox0PS: Oxygen, SBE 43 [% saturation], WS = 2
# name 32 = sbeox1PS: Oxygen, SBE 43, 2 [% saturation], WS = 2
# name 33 = flag: flag
# span 0 =        311,      13351       
# span 1 =     12.907,    556.247       
# span 2 =      2.013,    255.751       
# span 3 = -109.79024, -109.79020       
# span 4 =   22.05652,   22.05678       
# span 5 =      2.000,    254.000       
# span 6 =    11.3909,    27.6055       
# span 7 =    11.3596,    27.5654       
# span 8 = 3.9248e+04, 5.5292e+04       
# span 9 =   3.930079,   5.537003       
# span 10 =     0.0452,     1.4735      
# span 11 =     0.0788,     0.1629      
# span 12 =    96.0098,    98.0477      
# span 13 = 1.0000e-12, 3.5509e+02      
# span 14 =          0,          0      
# span 15 =     0.5039,     2.4821      
# span 16 =     0.5146,     2.4556      
# span 17 =     0.0555,     0.1983      
# span 18 =     0.1135,     0.1165      
# span 19 =     4.4664,     4.5612      
# span 20 =     0.0000,     0.0000      
# span 21 =     0.0083,     3.5620      
# span 22 =     0.0000,     0.0000      
# span 23 =     0.5032,     2.4698      
# span 24 =     0.5139,     2.4570      
# span 25 =    33.9278,    34.7673      
# span 26 =    34.0174,    34.8504      
# span 27 =    22.2473,    26.4942      
# span 28 =    22.3243,    26.5631      
# span 29 =      0.964,    239.490      
# span 30 =      1.067,    250.756      
# span 31 =      0.352,    106.542      
# span 32 =      0.389,    110.505      
# span 33 = 0.0000e+00, 0.0000e+00      
# interval = meters: 1                  
# start_time = Oct 18 2019 21:39:26 [NMEA time, first data scan]
# bad_flag = -9.990e-29
*END*
[from data line 171]
       7708    321.136    174.159 -109.79022   22.05668    173.000    12.6290    12.5976 4.0432e+04   4.048794     0.0630     0.0904    97.7658 1.0000e-12          0     0.5116     0.5240     0.0573     0.1153     4.5481     0.0000     0.0084     0.0000     0.5086     0.5214    34.7589    34.8412    26.2844    26.3544      1.768      2.136      0.662      0.799 0.0000e+00
       7733    322.153    175.166 -109.79022   22.05668    174.000    12.6007    12.5683 4.0402e+04   4.045979     0.0634     0.0917    97.7333 1.0000e-12          0     0.5109     0.5236     0.0573     0.1152     4.5466     0.0000     0.0085     0.0000     0.5090     0.5211    34.7557    34.8409    26.2875    26.3600      1.964      2.168      0.735      0.811 0.0000e+00
       7758    323.209    176.173 -109.79022   22.05668    175.000    12.5613    12.5296 4.0360e+04   4.041804     0.0634     0.0906    97.7587 1.0000e-12          0     0.5104     0.5231     0.0574     0.1148     4.5477     0.0000     0.0085     0.0000     0.5093     0.5213    34.7510    34.8360    26.2916    26.3638      1.997      2.299      0.746      0.859 0.0000e+00
       7787    324.403    177.180 -109.79022   22.05668    176.000    12.5368    12.5055 4.0333e+04   4.039026     0.0632     0.0885    97.8123 1.0000e-12          0     0.5095     0.5223     0.0573     0.1147     4.5503     0.0000     0.0084     0.0000     0.5095     0.5215    34.7475    34.8312    26.2937    26.3648      1.814      2.251      0.678      0.841 0.0000e+00
       7821    325.845    178.187 -109.79022   22.05668    177.000    12.5112    12.4797 4.0310e+04   4.036711     0.0629     0.0868    97.8519 1.0000e-12          0     0.5099     0.5220     0.0573     0.1148     4.5521     0.0000     0.0085     0.0000     0.5087     0.5212    34.7478    34.8323    26.2990    26.3708      1.531      2.064      0.572      0.771 0.0000e+00
       7854    327.226    179.194 -109.79022   22.05668    178.000    12.4841    12.4522 4.0286e+04   4.034133     0.0598     0.0881    97.8220 1.0000e-12          0     0.5104     0.5224     0.0570     0.1147     4.5507     0.0000     0.0084     0.0000     0.5083     0.5208    34.7494    34.8325    26.3056    26.3763      1.685      2.041      0.628      0.762 0.0000e+00
       7882    328.394    180.201 -109.79022   22.05668    179.000    12.4684    12.4365 4.0271e+04   4.032599     0.0550     0.0891    97.7974 1.0000e-12          0     0.5103     0.5226     0.0565     0.1148     4.5496     0.0000     0.0085     0.0000     0.5083     0.5205    34.7490    34.8319    26.3083    26.3789      1.704      2.034      0.636      0.759 0.0000e+00
       7906    329.387    181.209 -109.79022   22.05668    180.000    12.4656    12.4351 4.0268e+04   4.032442     0.0625     0.0892    97.7956 1.0000e-12          0     0.5096     0.5219     0.0573     0.1147     4.5495     0.0000     0.0084     0.0000     0.5082     0.5203    34.7490    34.8312    26.3089    26.3787      1.682      1.992      0.627      0.743 0.0000e+00
       7927    330.259    182.216 -109.79022   22.05668    181.000    12.4578    12.4271 4.0261e+04   4.031814     0.0622     0.0892    97.7944 1.0000e-12          0     0.5092     0.5219     0.0572     0.1147     4.5494     0.0000     0.0084     0.0000     0.5082     0.5202    34.7484    34.8322    26.3100    26.3810      1.712      2.018      0.639      0.753 0.0000e+00
       7949    331.165    183.223 -109.79022   22.05668    182.000    12.4442    12.4145 4.0246e+04   4.030484     0.0512     0.0886    97.8094 1.0000e-12          0     0.5092     0.5215     0.0561     0.1147     4.5501     0.0000     0.0085     0.0000     0.5082     0.5201    34.7467    34.8305    26.3114    26.3822      1.669      2.015      0.622      0.751 0.0000e+00
       7974    332.216    184.230 -109.79022   22.05668    183.000    12.4364    12.4056 4.0240e+04   4.029598     0.0616     0.0873    97.8412 1.0000e-12          0     0.5092     0.5214     0.0572     0.1146     4.5516     0.0000     0.0085     0.0000     0.5081     0.5202    34.7476    34.8298    26.3136    26.3834      1.729      2.042      0.644      0.761 0.0000e+00
       8004    333.476    185.237 -109.79022   22.05668    184.000    12.4105    12.3785 4.0214e+04   4.027190     0.0552     0.0873    97.8405 1.0000e-12          0     0.5091     0.5211     0.0565     0.1147     4.5515     0.0000     0.0084     0.0000     0.5084     0.5203    34.7456    34.8312    26.3171    26.3898      1.929      2.140      0.719      0.797 0.0000e+00
       8045    335.147    186.245 -109.79022   22.05668    185.000    12.3538    12.3216 4.0152e+04   4.020863     0.0614     0.0852    97.8931 1.0000e-12          0     0.5090     0.5211     0.0572     0.1147     4.5540     0.0000     0.0084     0.0000     0.5093     0.5207    34.7381    34.8225    26.3223    26.3941      1.903      2.150      0.708      0.800 0.0000e+00
       8087    336.927    187.252 -109.79022   22.05668    186.000    12.3358    12.3055 4.0136e+04   4.019136     0.0559     0.0832    97.9405 1.0000e-12          0     0.5092     0.5211     0.0566     0.1147     4.5562     0.0000     0.0085     0.0000     0.5083     0.5206    34.7385    34.8203    26.3262    26.3955      1.339      2.019      0.498      0.751 0.0000e+00
       8116    338.106    188.259 -109.79022   22.05668    187.000    12.3368    12.3063 4.0142e+04   4.019752     0.0630     0.0845    97.9093 1.0000e-12          0     0.5102     0.5216     0.0573     0.1147     4.5547     0.0000     0.0085     0.0000     0.5072     0.5200    34.7430    34.8251    26.3295    26.3992      1.257      1.764      0.468      0.656 0.0000e+00
       8136    338.973    189.266 -109.79022   22.05668    188.000    12.3414    12.3101 4.0155e+04   4.020914     0.0639     0.0867    97.8564 1.0000e-12          0     0.5103     0.5216     0.0574     0.1146     4.5523     0.0000     0.0084     0.0000     0.5070     0.5192    34.7514    34.8324    26.3352    26.4041      1.391      1.654      0.517      0.615 0.0000e+00
       8157    339.834    190.273 -109.79022   22.05668    189.000    12.3346    12.3047 4.0151e+04   4.020536     0.0622     0.0893    97.7931 1.0000e-12          0     0.5095     0.5216     0.0572     0.1146     4.5493     0.0000     0.0085     0.0000     0.5066     0.5186    34.7529    34.8332    26.3376    26.4058      1.143      1.570      0.425      0.584 0.0000e+00
       8179    340.749    191.281 -109.79022   22.05668    190.000    12.3328    12.3014 4.0154e+04   4.021087     0.0517     0.0936    97.6863 1.0000e-12          0     0.5091     0.5214     0.0562     0.1147     4.5443     0.0000     0.0084     0.0000     0.5059     0.5181    34.7574    34.8412    26.3415    26.4127      1.165      1.631      0.433      0.607 0.0000e+00
       8205    341.837    192.288 -109.79022   22.05668    191.000    12.3152    12.2841 4.0136e+04   4.019187     0.0625     0.0946    97.6622 1.0000e-12          0     0.5079     0.5205     0.0573     0.1148     4.5432     0.0000     0.0085     0.0000     0.5055     0.5178    34.7558    34.8385    26.3437    26.4139      1.115      1.579      0.415      0.587 0.0000e+00
       8237    343.169    193.295 -109.79022   22.05668    192.000    12.3043    12.2736 4.0128e+04   4.018296     0.0632     0.0940    97.6766 1.0000e-12          0     0.5074     0.5195     0.0573     0.1148     4.5439     0.0000     0.0085     0.0000     0.5050     0.5177    34.7570    34.8392    26.3468    26.4166      1.085      1.628      0.404      0.605 0.0000e+00
       8272    344.605    194.302 -109.79022   22.05668    193.000    12.3026    12.2724 4.0130e+04   4.018549     0.0632     0.0952    97.6466 1.0000e-12          0     0.5066     0.5189     0.0573     0.1148     4.5425     0.0000     0.0084     0.0000     0.5047     0.5173    34.7607    34.8423    26.3500    26.4192      1.166      1.507      0.433      0.560 0.0000e+00
       8304    345.952    195.309 -109.79022   22.05668    194.000    12.3027    12.2723 4.0133e+04   4.018771     0.0635     0.0959    97.6306 1.0000e-12          0     0.5061     0.5185     0.0574     0.1147     4.5418     0.0000     0.0085     0.0000     0.5047     0.5171    34.7629    34.8442    26.3517    26.4207      1.193      1.533      0.443      0.570 0.0000e+00
       8335    347.268    196.317 -109.79022   22.05668    195.000    12.3023    12.2716 4.0134e+04   4.018838     0.0639     0.0956    97.6381 1.0000e-12          0     0.5056     0.5184     0.0574     0.1153     4.5421     0.0000     0.0084     0.0000     0.5047     0.5170    34.7637    34.8450    26.3524    26.4215      1.193      1.562      0.443      0.581 0.0000e+00
       8366    348.553    197.324 -109.79022   22.05668    196.000    12.3008    12.2703 4.0133e+04   4.018797     0.0625     0.0960    97.6284 1.0000e-12          0     0.5055     0.5180     0.0573     0.1152     4.5417     0.0000     0.0085     0.0000     0.5047     0.5171    34.7639    34.8454    26.3529    26.4221      1.193      1.542      0.444      0.573 0.0000e+00
       8390    349.532    198.331 -109.79022   22.05668    197.000    12.3022    12.2718 4.0136e+04   4.019030     0.0628     0.0956    97.6379 1.0000e-12          0     0.5055     0.5178     0.0573     0.1147     4.5421     0.0000     0.0084     0.0000     0.5047     0.5169    34.7648    34.8458    26.3533    26.4221      1.193      1.497      0.444      0.557 0.0000e+00
       8411    350.407    199.338 -109.79022   22.05668    198.000    12.2983    12.2669 4.0134e+04   4.018881     0.0639     0.0958    97.6338 1.0000e-12          0     0.5055     0.5178     0.0574     0.1148     4.5419     0.0000     0.0085     0.0000     0.5047     0.5169    34.7659    34.8485    26.3550    26.4252      1.193      1.524      0.444      0.567 0.0000e+00
       8431    351.256    200.345 -109.79022   22.05668    199.000    12.2847    12.2535 4.0122e+04   4.017779     0.0634     0.0967    97.6122 1.0000e-12          0     0.5055     0.5178     0.0573     0.1154     4.5409     0.0000     0.0084     0.0000     0.5047     0.5169    34.7673    34.8498    26.3587    26.4288      1.194      1.546      0.444      0.575 0.0000e+00
       8458    352.374    201.353 -109.79022   22.05668    200.000    12.2611    12.2304 4.0100e+04   4.015666     0.0721     0.0964    97.6196 1.0000e-12          0     0.5055     0.5178     0.0582     0.1153     4.5412     0.0000     0.0085     0.0000     0.5047     0.5169    34.7667    34.8504    26.3628    26.4338      1.195      1.520      0.444      0.565 0.0000e+00
       8542    355.888    202.360 -109.79022   22.05670    201.000    12.2655    12.2367 4.0104e+04   4.015930     0.0652     0.0964    97.6198 1.0000e-12          0     0.5055     0.5176     0.0575     0.1146     4.5413     0.0000     0.0084     0.0000     0.5047     0.5168    34.7659    34.8467    26.3614    26.4297      1.193      1.525      0.443      0.566 0.0000e+00
       8690    362.052    203.367 -109.79022   22.05670    202.000    12.2667    12.2319 4.0104e+04   4.015523     0.0645     0.0961    97.6258 1.0000e-12          0     0.5054     0.5175     0.0575     0.1147     4.5415     0.0000     0.0085     0.0000     0.5046     0.5165    34.7650    34.8468    26.3605    26.4307      1.175      1.467      0.436      0.545 0.0000e+00
       8823    367.570    204.374 -109.79022   22.05670    203.000    12.2218    12.1843 4.0061e+04   4.011129     0.0593     0.0960    97.6276 1.0000e-12          0     0.5054     0.5173     0.0569     0.1148     4.5416     0.0000     0.0084     0.0000     0.5044     0.5163    34.7646    34.8480    26.3689    26.4409      1.072      1.410      0.398      0.523 0.0000e+00
      10778    449.043    205.382 -109.79022   22.05676    204.000    12.1851    12.1567 4.0026e+04   4.008282     0.0606     0.0961    97.6252 1.0000e-12          0     0.5041     0.5157     0.0571     0.1149     4.5415     0.0000     0.0084     0.0000     0.5034     0.5148    34.7644    34.8456    26.3758    26.4443      1.012      1.197      0.375      0.444 0.0000e+00
      10650    443.720    206.389 -109.79022   22.05676    205.000    12.1787    12.1484 4.0020e+04   4.007508     0.0607     0.0957    97.6350 1.0000e-12          0     0.5043     0.5158     0.0571     0.1148     4.5420     0.0000     0.0085     0.0000     0.5035     0.5148    34.7642    34.8454    26.3769    26.4458      1.018      1.211      0.378      0.449 0.0000e+00
      10808    450.307    207.396 -109.79022   22.05676    206.000    12.1558    12.1237 3.9999e+04   4.005173     0.0623     0.0969    97.6063 1.0000e-12          0     0.5043     0.5157     0.0572     0.1148     4.5406     0.0000     0.0085     0.0000     0.5035     0.5149    34.7639    34.8454    26.3811    26.4505      1.019      1.221      0.378      0.452 0.0000e+00
      10940    455.791    208.403 -109.79022   22.05676    207.000    12.1322    12.1014 3.9976e+04   4.002996     0.0657     0.0953    97.6454 1.0000e-12          0     0.5043     0.5156     0.0576     0.1146     4.5424     0.0000     0.0084     0.0000     0.5035     0.5147    34.7630    34.8445    26.3850    26.4542      1.019      1.187      0.378      0.440 0.0000e+00
      10994    458.039    209.411 -109.79022   22.05676    208.000    12.1242    12.0939 3.9968e+04   4.002333     0.0589     0.0953    97.6442 1.0000e-12          0     0.5043     0.5156     0.0569     0.1148     4.5424     0.0000     0.0084     0.0000     0.5035     0.5147    34.7629    34.8447    26.3864    26.4557      1.020      1.196      0.378      0.443 0.0000e+00
      11036    459.810    210.418 -109.79022   22.05676    209.000    12.1136    12.0833 3.9958e+04   4.001343     0.0600     0.0951    97.6498 1.0000e-12          0     0.5043     0.5154     0.0570     0.1146     4.5426     0.0000     0.0085     0.0000     0.5035     0.5147    34.7626    34.8444    26.3883    26.4576      1.020      1.175      0.378      0.435 0.0000e+00
      11116    463.126    211.425 -109.79022   22.05674    210.000    12.1077    12.0740 3.9953e+04   4.000400     0.0629     0.0956    97.6379 1.0000e-12          0     0.5043     0.5155     0.0573     0.1147     4.5421     0.0000     0.0084     0.0000     0.5035     0.5147    34.7624    34.8436    26.3892    26.4587      1.018      1.199      0.377      0.444 0.0000e+00
      11173    465.514    212.433 -109.79022   22.05676    211.000    12.0943    12.0639 3.9940e+04   3.999506     0.0747     0.0954    97.6423 1.0000e-12          0     0.5043     0.5154     0.0585     0.1148     4.5423     0.0000     0.0085     0.0000     0.5035     0.5146    34.7617    34.8438    26.3913    26.4609      1.021      1.183      0.378      0.438 0.0000e+00
      11204    466.811    213.440 -109.79022   22.05676    212.000    12.0825    12.0526 3.9928e+04   3.998409     0.0597     0.0957    97.6359 1.0000e-12          0     0.5043     0.5155     0.0570     0.1148     4.5420     0.0000     0.0084     0.0000     0.5035     0.5147    34.7611    34.8433    26.3931    26.4626      1.021      1.210      0.378      0.448 0.0000e+00
      11236    468.108    214.447 -109.79022   22.05676    213.000    12.0686    12.0385 3.9915e+04   3.996970     0.0589     0.0955    97.6412 1.0000e-12          0     0.5043     0.5155     0.0569     0.1148     4.5422     0.0000     0.0085     0.0000     0.5035     0.5146    34.7603    34.8420    26.3951    26.4644      1.022      1.153      0.378      0.427 0.0000e+00
      11267    469.402    215.455 -109.79022   22.05676    214.000    12.0610    12.0308 3.9907e+04   3.996218     0.0614     0.0948    97.6583 1.0000e-12          0     0.5043     0.5155     0.0572     0.1146     4.5430     0.0000     0.0085     0.0000     0.5035     0.5146    34.7598    34.8414    26.3962    26.4654      1.022      1.176      0.378      0.435 0.0000e+00
