data/ctd-cnv/KM1919/KM1919-St22-P3/St22_P3_cast70-align-cellTM-derive-bin.cnv
* Sea-Bird SBE 9 Data File:
* FileName = C:\Users\otg\Desktop\CTD Data\km1920\St22_P3_cast70.hex
* Software Version Seasave V 7.26.7.107
* Temperature SN = 5554
* Conductivity SN = 3876
* Number of Bytes Per Scan = 41
* Number of Voltage Words = 4
* Number of Scans Averaged by the Deck Unit = 1
* NMEA Latitude = 21 53.28 N
* NMEA Longitude = 109 56.41 W
* NMEA UTC (Time) = Oct 16 2019  11:59:08
* NMEA baud rate = 4800
** Ship: Kilo Moana
** Station: St22  P3 cast 70
** Operator: gr
# nquan = 34
# nvalues = 570                         
# units = specified
# name 0 = scan: Scan Count
# name 1 = timeS: Time, Elapsed [seconds]
# name 2 = prDM: Pressure, Digiquartz [db]
# name 3 = longitude: Longitude [deg]
# name 4 = latitude: Latitude [deg]
# name 5 = depSM: Depth [salt water, m]
# name 6 = t090C: Temperature [ITS-90, deg C]
# name 7 = t190C: Temperature, 2 [ITS-90, deg C]
# name 8 = c0uS/cm: Conductivity [uS/cm]
# name 9 = c1S/m: Conductivity, 2 [S/m]
# name 10 = flECO-AFL: Fluorescence, WET Labs ECO-AFL/FL [mg/m^3]
# name 11 = CStarAt0: Beam Attenuation, WET Labs C-Star [1/m]
# name 12 = CStarTr0: Beam Transmission, WET Labs C-Star [%]
# name 13 = par: PAR/Irradiance, Biospherical/Licor
# name 14 = modError: Modulo Error Count
# name 15 = v0: Voltage 0
# name 16 = v1: Voltage 1
# name 17 = v2: Voltage 2
# name 18 = v3: Voltage 3
# name 19 = v4: Voltage 4
# name 20 = v5: Voltage 5
# name 21 = v6: Voltage 6
# name 22 = v7: Voltage 7
# name 23 = sbeox0V: Oxygen raw, SBE 43 [V]
# name 24 = sbeox1V: Oxygen raw, SBE 43, 2 [V]
# name 25 = sal00: Salinity, Practical [PSU]
# name 26 = sal11: Salinity, Practical, 2 [PSU]
# name 27 = sigma-é00: Density [sigma-theta, kg/m^3]
# name 28 = sigma-é11: Density, 2 [sigma-theta, kg/m^3]
# name 29 = sbeox0Mm/L: Oxygen, SBE 43 [umol/l], WS = 2
# name 30 = sbeox1Mm/L: Oxygen, SBE 43, 2 [umol/l], WS = 2
# name 31 = sbeox0PS: Oxygen, SBE 43 [% saturation], WS = 2
# name 32 = sbeox1PS: Oxygen, SBE 43, 2 [% saturation], WS = 2
# name 33 = flag: flag
# span 0 =         99,      19597       
# span 1 =      4.099,    816.519       
# span 2 =      2.013,    575.374       
# span 3 = -109.94014, -109.94002       
# span 4 =   21.88814,   21.88869       
# span 5 =      2.000,    571.000       
# span 6 =     7.2184,    27.6362       
# span 7 =     7.1940,    27.5958       
# span 8 = 3.5322e+04, 5.5319e+04       
# span 9 =   3.537210,   5.539730       
# span 10 =     0.0509,     1.2529      
# span 11 =     0.0563,     0.1336      
# span 12 =    96.7160,    98.6023      
# span 13 = -6.272e-05, 4.9097e+00      
# span 14 =          0,          0      
# span 15 =     0.5031,     2.4878      
# span 16 =     0.5130,     2.4774      
# span 17 =     0.0561,     0.1763      
# span 18 =     0.1148,     0.1180      
# span 19 =     4.4992,     4.5870      
# span 20 =     0.0000,     0.0000      
# span 21 =     0.0078,     1.6860      
# span 22 =     0.0000,     0.0000      
# span 23 =     0.5024,     2.4836      
# span 24 =     0.5123,     2.4739      
# span 25 =    33.9220,    34.7768      
# span 26 =    34.0100,    34.8611      
# span 27 =    22.2344,    27.0331      
# span 28 =    22.3111,    27.0983      
# span 29 =      0.690,    239.088      
# span 30 =      0.925,    250.398      
# span 31 =      0.236,    106.561      
# span 32 =      0.309,    111.457      
# span 33 = 0.0000e+00, 0.0000e+00      
# interval = meters: 1                  
# start_time = Oct 16 2019 12:02:10 [NMEA time, first data scan]
# bad_flag = -9.990e-29
*END*
[from data line 257]
      10522    438.385    260.786 -109.94006   21.88836    259.000    11.1385    11.1083 3.8994e+04   3.904882     0.0697     0.0717    98.2230 1.0000e-12          0     0.5044     0.5159     0.0580     0.1172     4.5693     0.0000     0.0085     0.0000     0.5036     0.5150    34.7063    34.7889    26.5276    26.5974      1.046      1.271      0.380      0.461 0.0000e+00
      10564    440.112    261.794 -109.94006   21.88836    260.000    11.1120    11.0820 3.8967e+04   3.902168     0.0607     0.0709    98.2421 1.0000e-12          0     0.5044     0.5159     0.0571     0.1172     4.5702     0.0000     0.0084     0.0000     0.5036     0.5148    34.7041    34.7863    26.5307    26.6001      1.052      1.212      0.381      0.439 0.0000e+00
      10595    441.429    262.802 -109.94006   21.88836    261.000    11.1001    11.0702 3.8956e+04   3.900987     0.0721     0.0706    98.2503 1.0000e-12          0     0.5044     0.5158     0.0582     0.1172     4.5706     0.0000     0.0085     0.0000     0.5035     0.5148    34.7033    34.7852    26.5322    26.6014      1.064      1.276      0.386      0.463 0.0000e+00
      10619    442.425    263.809 -109.94006   21.88836    262.000    11.0799    11.0496 3.8935e+04   3.899021     0.0637     0.0705    98.2516 1.0000e-12          0     0.5043     0.5158     0.0574     0.1172     4.5706     0.0000     0.0084     0.0000     0.5036     0.5150    34.7015    34.7847    26.5345    26.6048      1.084      1.339      0.393      0.485 0.0000e+00
      10639    443.265    264.817 -109.94006   21.88837    263.000    11.0649    11.0351 3.8920e+04   3.897395     0.0606     0.0709    98.2432 1.0000e-12          0     0.5045     0.5158     0.0571     0.1172     4.5703     0.0000     0.0085     0.0000     0.5036     0.5149    34.6995    34.7818    26.5357    26.6052      1.049      1.224      0.380      0.443 0.0000e+00
      10658    444.044    265.824 -109.94006   21.88838    264.000    11.0612    11.0313 3.8916e+04   3.896950     0.0600     0.0706    98.2489 1.0000e-12          0     0.5043     0.5154     0.0570     0.1172     4.5705     0.0000     0.0084     0.0000     0.5036     0.5148    34.6990    34.7805    26.5360    26.6049      1.044      1.235      0.378      0.447 0.0000e+00
      10679    444.899    266.832 -109.94006   21.88838    265.000    11.0489    11.0196 3.8903e+04   3.895855     0.0623     0.0706    98.2500 1.0000e-12          0     0.5044     0.5156     0.0572     0.1172     4.5706     0.0000     0.0084     0.0000     0.5035     0.5150    34.6970    34.7802    26.5367    26.6068      1.036      1.288      0.375      0.466 0.0000e+00
      10704    445.946    267.839 -109.94006   21.88838    266.000    11.0382    11.0086 3.8891e+04   3.894571     0.0622     0.0700    98.2667 1.0000e-12          0     0.5044     0.5158     0.0572     0.1171     4.5713     0.0000     0.0084     0.0000     0.5035     0.5148    34.6955    34.7774    26.5374    26.6066      1.077      1.199      0.390      0.434 0.0000e+00
      10734    447.196    268.847 -109.94006   21.88838    267.000    11.0234    10.9933 3.8876e+04   3.893070     0.0698     0.0701    98.2631 1.0000e-12          0     0.5044     0.5157     0.0580     0.1172     4.5712     0.0000     0.0085     0.0000     0.5036     0.5147    34.6934    34.7764    26.5385    26.6086      1.053      1.250      0.381      0.452 0.0000e+00
      10768    448.641    269.854 -109.94006   21.88838    268.000    10.9990    10.9685 3.8852e+04   3.890575     0.0623     0.0700    98.2668 1.0000e-12          0     0.5043     0.5156     0.0572     0.1172     4.5713     0.0000     0.0085     0.0000     0.5035     0.5147    34.6918    34.7745    26.5417    26.6116      1.047      1.220      0.379      0.441 0.0000e+00
      10806    450.207    270.862 -109.94006   21.88838    269.000    10.9765    10.9466 3.8829e+04   3.888273     0.0623     0.0701    98.2632 1.0000e-12          0     0.5044     0.5155     0.0572     0.1171     4.5712     0.0000     0.0085     0.0000     0.5035     0.5146    34.6897    34.7719    26.5441    26.6136      1.056      1.225      0.382      0.442 0.0000e+00
      10843    451.769    271.869 -109.94006   21.88838    270.000    10.9662    10.9365 3.8818e+04   3.887204     0.0664     0.0699    98.2683 1.0000e-12          0     0.5043     0.5155     0.0576     0.1172     4.5714     0.0000     0.0085     0.0000     0.5036     0.5148    34.6886    34.7703    26.5452    26.6141      1.093      1.251      0.395      0.452 0.0000e+00
      10873    452.981    272.877 -109.94006   21.88838    271.000    10.9631    10.9334 3.8816e+04   3.886905     0.0700     0.0701    98.2627 1.0000e-12          0     0.5043     0.5155     0.0580     0.1171     4.5711     0.0000     0.0085     0.0000     0.5035     0.5145    34.6888    34.7698    26.5459    26.6144      1.018      1.211      0.368      0.437 0.0000e+00
      10896    453.943    273.885 -109.94006   21.88838    272.000    10.9582    10.9285 3.8811e+04   3.886487     0.0661     0.0699    98.2682 1.0000e-12          0     0.5043     0.5154     0.0576     0.1172     4.5714     0.0000     0.0085     0.0000     0.5035     0.5147    34.6884    34.7699    26.5465    26.6153      1.057      1.243      0.382      0.449 0.0000e+00
      10918    454.879    274.892 -109.94006   21.88838    273.000    10.9451    10.9151 3.8799e+04   3.885253     0.0599     0.0701    98.2618 1.0000e-12          0     0.5043     0.5156     0.0570     0.1171     4.5711     0.0000     0.0085     0.0000     0.5035     0.5147    34.6877    34.7698    26.5483    26.6176      1.057      1.257      0.382      0.454 0.0000e+00
      10943    455.913    275.900 -109.94006   21.88838    274.000    10.9279    10.8977 3.8782e+04   3.883615     0.0634     0.0705    98.2525 1.0000e-12          0     0.5044     0.5155     0.0574     0.1172     4.5707     0.0000     0.0085     0.0000     0.5035     0.5146    34.6869    34.7694    26.5508    26.6205      1.058      1.196      0.382      0.432 0.0000e+00
      10972    457.113    276.908 -109.94005   21.88838    275.000    10.9028    10.8730 3.8758e+04   3.881203     0.0613     0.0702    98.2594 1.0000e-12          0     0.5043     0.5154     0.0571     0.1172     4.5710     0.0000     0.0085     0.0000     0.5035     0.5145    34.6857    34.7683    26.5544    26.6241      1.058      1.219      0.382      0.440 0.0000e+00
      11004    458.441    277.915 -109.94004   21.88838    276.000    10.8976    10.8682 3.8755e+04   3.880846     0.0704     0.0699    98.2682 1.0000e-12          0     0.5043     0.5155     0.0580     0.1172     4.5714     0.0000     0.0085     0.0000     0.5035     0.5148    34.6881    34.7689    26.5572    26.6254      1.059      1.244      0.382      0.449 0.0000e+00
      11032    459.631    278.923 -109.94004   21.88838    277.000    10.8919    10.8622 3.8752e+04   3.880517     0.0623     0.0699    98.2682 1.0000e-12          0     0.5043     0.5154     0.0572     0.1172     4.5714     0.0000     0.0084     0.0000     0.5035     0.5145    34.6893    34.7708    26.5592    26.6280      1.059      1.171      0.382      0.422 0.0000e+00
      11058    460.700    279.931 -109.94004   21.88838    278.000    10.8855    10.8558 3.8746e+04   3.879958     0.0755     0.0699    98.2682 1.0000e-12          0     0.5043     0.5154     0.0585     0.1172     4.5714     0.0000     0.0084     0.0000     0.5035     0.5146    34.6893    34.7708    26.5604    26.6292      1.059      1.241      0.382      0.448 0.0000e+00
      11081    461.657    280.938 -109.94004   21.88838    279.000    10.8755    10.8455 3.8736e+04   3.879021     0.0744     0.0699    98.2682 1.0000e-12          0     0.5043     0.5155     0.0584     0.1172     4.5714     0.0000     0.0085     0.0000     0.5035     0.5145    34.6887    34.7708    26.5617    26.6310      1.060      1.207      0.382      0.435 0.0000e+00
      11101    462.518    281.946 -109.94004   21.88838    280.000    10.8620    10.8321 3.8724e+04   3.877761     0.0633     0.0699    98.2682 1.0000e-12          0     0.5043     0.5155     0.0573     0.1173     4.5714     0.0000     0.0085     0.0000     0.5035     0.5146    34.6882    34.7704    26.5637    26.6332      1.060      1.230      0.382      0.443 0.0000e+00
      11122    463.387    282.953 -109.94004   21.88838    281.000    10.8459    10.8160 3.8709e+04   3.876217     0.0606     0.0699    98.2694 1.0000e-12          0     0.5043     0.5152     0.0571     0.1172     4.5715     0.0000     0.0085     0.0000     0.5035     0.5146    34.6879    34.7697    26.5664    26.6355      1.061      1.241      0.382      0.447 0.0000e+00
      11146    464.381    283.961 -109.94004   21.88838    282.000    10.8324    10.8026 3.8696e+04   3.874969     0.0662     0.0699    98.2682 1.0000e-12          0     0.5043     0.5154     0.0576     0.1172     4.5714     0.0000     0.0085     0.0000     0.5035     0.5146    34.6878    34.7695    26.5688    26.6378      1.061      1.211      0.382      0.436 0.0000e+00
      11179    465.730    284.969 -109.94004   21.88838    283.000    10.7987    10.7689 3.8663e+04   3.871764     0.0743     0.0699    98.2682 1.0000e-12          0     0.5043     0.5153     0.0584     0.1172     4.5714     0.0000     0.0084     0.0000     0.5035     0.5146    34.6855    34.7689    26.5730    26.6433      1.062      1.218      0.382      0.438 0.0000e+00
      11227    467.743    285.976 -109.94004   21.88840    284.000    10.7666    10.7371 3.8631e+04   3.868451     0.0736     0.0689    98.2914 1.0000e-12          0     0.5043     0.5154     0.0583     0.1172     4.5725     0.0000     0.0084     0.0000     0.5035     0.5145    34.6835    34.7655    26.5772    26.6463      1.063      1.214      0.382      0.437 0.0000e+00
      11272    469.614    286.984 -109.94004   21.88840    285.000    10.7563    10.7267 3.8621e+04   3.867423     0.0736     0.0688    98.2955 1.0000e-12          0     0.5043     0.5154     0.0584     0.1172     4.5726     0.0000     0.0085     0.0000     0.5035     0.5145    34.6832    34.7646    26.5788    26.6475      1.063      1.216      0.383      0.437 0.0000e+00
      11299    470.742    287.991 -109.94004   21.88840    286.000    10.7476    10.7182 3.8612e+04   3.866527     0.0725     0.0688    98.2945 1.0000e-12          0     0.5043     0.5152     0.0582     0.1171     4.5726     0.0000     0.0084     0.0000     0.5035     0.5145    34.6822    34.7633    26.5796    26.6480      1.064      1.189      0.383      0.428 0.0000e+00
      11322    471.709    288.999 -109.94004   21.88840    287.000    10.7295    10.6993 3.8594e+04   3.864820     0.0750     0.0688    98.2945 1.0000e-12          0     0.5043     0.5154     0.0585     0.1172     4.5726     0.0000     0.0084     0.0000     0.5035     0.5144    34.6802    34.7636    26.5813    26.6516      1.065      1.214      0.383      0.437 0.0000e+00
      11343    472.564    290.007 -109.94004   21.88840    288.000    10.7099    10.6800 3.8575e+04   3.862904     0.0724     0.0688    98.2945 1.0000e-12          0     0.5043     0.5152     0.0582     0.1172     4.5726     0.0000     0.0085     0.0000     0.5035     0.5144    34.6792    34.7622    26.5840    26.6540      1.065      1.210      0.383      0.435 0.0000e+00
      11361    473.350    291.015 -109.94004   21.88840    289.000    10.6972    10.6677 3.8562e+04   3.861618     0.0571     0.0689    98.2929 1.0000e-12          0     0.5043     0.5154     0.0567     0.1172     4.5725     0.0000     0.0085     0.0000     0.5035     0.5145    34.6785    34.7606    26.5857    26.6549      1.066      1.208      0.383      0.434 0.0000e+00
      11379    474.087    292.022 -109.94004   21.88840    290.000    10.6903    10.6607 3.8556e+04   3.860947     0.0690     0.0688    98.2946 1.0000e-12          0     0.5043     0.5153     0.0579     0.1171     4.5726     0.0000     0.0085     0.0000     0.5035     0.5144    34.6779    34.7600    26.5865    26.6557      1.066      1.242      0.383      0.446 0.0000e+00
      11398    474.858    293.030 -109.94002   21.88840    291.000    10.6798    10.6499 3.8545e+04   3.859919     0.0749     0.0688    98.2945 1.0000e-12          0     0.5043     0.5152     0.0585     0.1172     4.5726     0.0000     0.0084     0.0000     0.5035     0.5146    34.6769    34.7595    26.5876    26.6573      1.066      1.237      0.383      0.444 0.0000e+00
      11419    475.742    294.038 -109.94002   21.88840    292.000    10.6605    10.6300 3.8526e+04   3.858021     0.0736     0.0688    98.2945 1.0000e-12          0     0.5043     0.5153     0.0584     0.1172     4.5726     0.0000     0.0085     0.0000     0.5035     0.5146    34.6756    34.7589    26.5900    26.6603      1.067      1.216      0.383      0.436 0.0000e+00
      11448    476.961    295.045 -109.94002   21.88840    293.000    10.6169    10.5867 3.8482e+04   3.853659     0.0623     0.0687    98.2958 1.0000e-12          0     0.5043     0.5152     0.0572     0.1172     4.5727     0.0000     0.0085     0.0000     0.5035     0.5145    34.6721    34.7558    26.5950    26.6655      1.068      1.222      0.383      0.438 0.0000e+00
      11506    479.381    296.053 -109.94002   21.88840    294.000    10.5934    10.5660 3.8459e+04   3.851374     0.0730     0.0682    98.3089 1.0000e-12          0     0.5043     0.5153     0.0583     0.1171     4.5733     0.0000     0.0085     0.0000     0.5035     0.5145    34.6705    34.7520    26.5979    26.6663      1.069      1.219      0.383      0.437 0.0000e+00
      11547    481.075    297.061 -109.94004   21.88840    295.000    10.5844    10.5548 3.8450e+04   3.850311     0.0727     0.0677    98.3212 1.0000e-12          0     0.5043     0.5153     0.0583     0.1174     4.5739     0.0000     0.0085     0.0000     0.5035     0.5145    34.6697    34.7515    26.5988    26.6679      1.069      1.209      0.383      0.433 0.0000e+00
      11568    481.957    298.068 -109.94004   21.88840    296.000    10.5628    10.5325 3.8428e+04   3.848375     0.0749     0.0683    98.3073 1.0000e-12          0     0.5043     0.5152     0.0585     0.1172     4.5732     0.0000     0.0085     0.0000     0.5035     0.5145    34.6682    34.7528    26.6015    26.6728      1.070      1.217      0.383      0.436 0.0000e+00
      11588    482.783    299.076 -109.94004   21.88840    297.000    10.5300    10.5002 3.8395e+04   3.844931     0.0744     0.0684    98.3045 1.0000e-12          0     0.5043     0.5152     0.0584     0.1172     4.5731     0.0000     0.0085     0.0000     0.5035     0.5145    34.6655    34.7483    26.6052    26.6750      1.071      1.224      0.383      0.438 0.0000e+00
      11609    483.686    300.084 -109.94004   21.88842    298.000    10.5098    10.4800 3.8374e+04   3.842871     0.0736     0.0685    98.3023 1.0000e-12          0     0.5043     0.5153     0.0584     0.1172     4.5730     0.0000     0.0085     0.0000     0.5035     0.5145    34.6626    34.7463    26.6065    26.6770      1.072      1.166      0.383      0.417 0.0000e+00
      11636    484.798    301.092 -109.94003   21.88842    299.000    10.4719    10.4420 3.8336e+04   3.839038     0.0654     0.0682    98.3087 1.0000e-12          0     0.5043     0.5153     0.0575     0.1172     4.5733     0.0000     0.0084     0.0000     0.5035     0.5144    34.6602    34.7434    26.6113    26.6814      1.073      1.200      0.383      0.429 0.0000e+00
