data/ctd-cnv/KM1919/KM1919-St22-P3/St22_P3_cast85-align-cellTM-derive-bin.cnv
* Sea-Bird SBE 9 Data File:
* FileName = C:\Users\otg\Desktop\CTD Data\km1920\St22_P3_cast85.hex
* Software Version Seasave V 7.26.7.107
* Temperature SN = 5554
* Conductivity SN = 3876
* Number of Bytes Per Scan = 41
* Number of Voltage Words = 4
* Number of Scans Averaged by the Deck Unit = 1
* NMEA Latitude = 22 03.75 N
* NMEA Longitude = 109 47.12 W
* NMEA UTC (Time) = Oct 19 2019  00:10:12
* NMEA baud rate = 4800
** Ship: Kilo Moana
** Station: P3 Station 22 Cast 85
** Operator: cf
# nquan = 34
# nvalues = 253                         
# units = specified
# name 0 = scan: Scan Count
# name 1 = timeS: Time, Elapsed [seconds]
# name 2 = prDM: Pressure, Digiquartz [db]
# name 3 = longitude: Longitude [deg]
# name 4 = latitude: Latitude [deg]
# name 5 = depSM: Depth [salt water, m]
# name 6 = t090C: Temperature [ITS-90, deg C]
# name 7 = t190C: Temperature, 2 [ITS-90, deg C]
# name 8 = c0uS/cm: Conductivity [uS/cm]
# name 9 = c1S/m: Conductivity, 2 [S/m]
# name 10 = flECO-AFL: Fluorescence, WET Labs ECO-AFL/FL [mg/m^3]
# name 11 = CStarAt0: Beam Attenuation, WET Labs C-Star [1/m]
# name 12 = CStarTr0: Beam Transmission, WET Labs C-Star [%]
# name 13 = par: PAR/Irradiance, Biospherical/Licor
# name 14 = modError: Modulo Error Count
# name 15 = v0: Voltage 0
# name 16 = v1: Voltage 1
# name 17 = v2: Voltage 2
# name 18 = v3: Voltage 3
# name 19 = v4: Voltage 4
# name 20 = v5: Voltage 5
# name 21 = v6: Voltage 6
# name 22 = v7: Voltage 7
# name 23 = sbeox0V: Oxygen raw, SBE 43 [V]
# name 24 = sbeox1V: Oxygen raw, SBE 43, 2 [V]
# name 25 = sal00: Salinity, Practical [PSU]
# name 26 = sal11: Salinity, Practical, 2 [PSU]
# name 27 = sigma-é00: Density [sigma-theta, kg/m^3]
# name 28 = sigma-é11: Density, 2 [sigma-theta, kg/m^3]
# name 29 = sbeox0Mm/L: Oxygen, SBE 43 [umol/l], WS = 2
# name 30 = sbeox1Mm/L: Oxygen, SBE 43, 2 [umol/l], WS = 2
# name 31 = sbeox0PS: Oxygen, SBE 43 [% saturation], WS = 2
# name 32 = sbeox1PS: Oxygen, SBE 43, 2 [% saturation], WS = 2
# name 33 = flag: flag
# span 0 =       -375,      11584       
# span 1 =    -15.671,    482.635       
# span 2 =      2.012,    255.751       
# span 3 = -109.78536, -109.78532       
# span 4 =   22.06224,   22.06236       
# span 5 =      2.000,    254.000       
# span 6 =    11.3183,    27.5538       
# span 7 =    11.2825,    27.5142       
# span 8 = 3.9177e+04, 5.5245e+04       
# span 9 =   3.922414,   5.532297       
# span 10 =     0.0415,     1.4132      
# span 11 =     0.0816,     0.1832      
# span 12 =    95.5229,    97.9797      
# span 13 = -3.207e-06, 8.0291e+01      
# span 14 =          0,          0      
# span 15 =     0.5043,     2.4702      
# span 16 =     0.5152,     2.4533      
# span 17 =     0.0551,     0.1923      
# span 18 =     0.1135,     0.1172      
# span 19 =     4.4437,     4.5580      
# span 20 =    -0.0000,     0.0000      
# span 21 =     0.0083,     2.9245      
# span 22 =     0.0000,     0.0000      
# span 23 =     0.5035,     2.4727      
# span 24 =     0.5144,     2.4586      
# span 25 =    33.9407,    34.7674      
# span 26 =    34.0339,    34.8507      
# span 27 =    22.2638,    26.5057      
# span 28 =    22.3402,    26.5748      
# span 29 =      0.978,    237.993      
# span 30 =      1.175,    248.242      
# span 31 =      0.357,    106.134      
# span 32 =      0.428,    111.045      
# span 33 = 0.0000e+00, 0.0000e+00      
# interval = meters: 1                  
# start_time = Oct 19 2019 00:13:16 [NMEA time, first data scan]
# bad_flag = -9.990e-29
*END*
[from data line 43]
       3072    127.941     45.287 -109.78532   22.06230     45.000    19.3218    19.3076 4.6143e+04   4.623477     0.7391     0.1495    96.3324 4.1975e+00          0     2.3731     2.3545     0.1249     0.1152     4.4814     0.0000     1.6467     0.0000     2.3754     2.3609    34.0815    34.1693    24.2392    24.3099    237.751    247.985    101.044    105.421 0.0000e+00
       3146    131.039     46.294 -109.78532   22.06230     46.000    19.2335    19.2215 4.6043e+04   4.613822     0.6951     0.1452    96.4347 3.9128e+00          0     2.3757     2.3605     0.1205     0.1155     4.4862     0.0000     1.6170     0.0000     2.3748     2.3621    34.0705    34.1597    24.2535    24.3246    237.561    248.242    100.792    105.355 0.0000e+00
       3205    133.483     47.300 -109.78532   22.06230     47.000    19.1156    19.1132 4.5913e+04   4.602092     0.6541     0.1414    96.5250 3.6609e+00          0     2.3756     2.3610     0.1164     0.1158     4.4903     0.0000     1.5888     0.0000     2.3501     2.3509    34.0592    34.1509    24.2750    24.3456    231.530    245.458     98.011    103.959 0.0000e+00
       3247    135.232     48.307 -109.78532   22.06230     48.000    18.8360    18.8618 4.5626e+04   4.576479     0.6469     0.1405    96.5475 3.4371e+00          0     2.3738     2.3631     0.1157     0.1159     4.4914     0.0000     1.5621     0.0000     2.3294     2.3323    34.0494    34.1441    24.3384    24.4042    232.549    244.032     97.924    102.868 0.0000e+00
       3295    137.238     49.313 -109.78532   22.06230     49.000    18.7333    18.7456 4.5525e+04   4.564042     0.7345     0.1430    96.4890 3.2101e+00          0     2.3464     2.3483     0.1244     0.1160     4.4887     0.0000     1.5333     0.0000     2.3191     2.3154    34.0495    34.1357    24.3643    24.4271    232.396    243.306     97.672    102.334 0.0000e+00
       3343    139.236     50.320 -109.78532   22.06230     50.000    18.6903    18.6648 4.5482e+04   4.556047     0.7856     0.1448    96.4448 3.0497e+00          0     2.3263     2.3268     0.1295     0.1160     4.4866     0.0000     1.5118     0.0000     2.3107     2.3069    34.0483    34.1351    24.3742    24.4470    231.679    242.808     97.292    101.969 0.0000e+00
       3379    140.753     51.326 -109.78532   22.06230     51.000    18.6410    18.6155 4.5433e+04   4.551041     0.8206     0.1467    96.4003 2.8760e+00          0     2.3191     2.3151     0.1331     0.1159     4.4845     0.0000     1.4870     0.0000     2.3059     2.2998    34.0473    34.1334    24.3859    24.4581    231.948    242.058     97.314    101.560 0.0000e+00
       3445    143.485     52.333 -109.78532   22.06229     52.000    18.6017    18.5795 4.5394e+04   4.547157     0.9004     0.1494    96.3339 2.6429e+00          0     2.3086     2.3032     0.1411     0.1159     4.4815     0.0000     1.4515     0.0000     2.2998     2.2933    34.0463    34.1303    24.3950    24.4648    231.374    241.968     97.002    101.451 0.0000e+00
       3541    147.484     53.339 -109.78532   22.06228     53.000    18.5741    18.5423 4.5366e+04   4.543326     0.9063     0.1477    96.3756 2.4369e+00          0     2.2982     2.2924     0.1416     0.1154     4.4834     0.0000     1.4178     0.0000     2.2911     2.2855    34.0455    34.1286    24.4013    24.4728    229.618    240.991     96.215    100.970 0.0000e+00
       3590    149.528     54.346 -109.78532   22.06228     54.000    18.5451    18.5229 4.5337e+04   4.541411     0.8894     0.1464    96.4077 2.2585e+00          0     2.2954     2.2881     0.1399     0.1159     4.4849     0.0000     1.3861     0.0000     2.2716     2.2752    34.0452    34.1281    24.4084    24.4773    224.945    238.385     94.205     99.842 0.0000e+00
       3635    151.432     55.352 -109.78532   22.06229     55.000    18.4219    18.4282 4.5219e+04   4.532752     0.9327     0.1503    96.3112 2.1158e+00          0     2.2885     2.2848     0.1442     0.1159     4.4804     0.0000     1.3589     0.0000     2.2491     2.2553    34.0471    34.1334    24.4406    24.5050    223.395    235.875     93.341     98.618 0.0000e+00
       3677    153.148     56.359 -109.78532   22.06230     56.000    18.3615    18.3561 4.5161e+04   4.525352     0.9949     0.1499    96.3222 1.9713e+00          0     2.2698     2.2742     0.1505     0.1159     4.4809     0.0000     1.3296     0.0000     2.2346     2.2390    34.0479    34.1304    24.4562    24.5207    223.070    234.401     93.099     97.867 0.0000e+00
       3728    155.300     57.366 -109.78532   22.06230     57.000    18.3168    18.3051 4.5116e+04   4.520405     1.0256     0.1498    96.3237 1.8224e+00          0     2.2465     2.2520     0.1536     0.1159     4.4810     0.0000     1.2970     0.0000     2.2278     2.2287    34.0464    34.1307    24.4662    24.5336    222.907    233.949     92.952     97.585 0.0000e+00
       3806    158.532     58.372 -109.78532   22.06230     58.000    18.2589    18.2397 4.5059e+04   4.513981     1.1213     0.1510    96.2951 1.6808e+00          0     2.2280     2.2288     0.1631     0.1159     4.4797     0.0000     1.2640     0.0000     2.2055     2.2086    34.0461    34.1304    24.4803    24.5496    218.419    230.654     90.981     96.091 0.0000e+00
       3851    160.402     59.379 -109.78532   22.06230     59.000    18.0464    18.0673 4.4837e+04   4.496767     1.2226     0.1565    96.1625 1.5597e+00          0     2.2208     2.2210     0.1732     0.1159     4.4735     0.0000     1.2333     0.0000     2.1898     2.1921    34.0340    34.1276    24.5234    24.5899    218.370    229.365     90.590     95.242 0.0000e+00
       3901    162.480     60.385 -109.78532   22.06230     60.000    17.9253    17.9244 4.4707e+04   4.481054     1.3648     0.1651    95.9586 1.4299e+00          0     2.2004     2.2041     0.1875     0.1159     4.4640     0.0000     1.1979     0.0000     2.1707     2.1764    34.0244    34.1130    24.5457    24.6138    213.506    227.645     88.364     94.264 0.0000e+00
       3945    164.328     61.392 -109.78532   22.06230     61.000    17.8083    17.8035 4.4586e+04   4.468523     1.3909     0.1659    95.9392 1.3160e+00          0     2.1870     2.1887     0.1901     0.1159     4.4631     0.0000     1.1643     0.0000     2.1150     2.1451    34.0183    34.1067    24.5696    24.6385    199.150    219.777     82.237     90.795 0.0000e+00
       3982    165.863     62.398 -109.78532   22.06230     62.000    17.4035    17.4843 4.4179e+04   4.437897     1.3899     0.1570    96.1518 1.2029e+00          0     2.1733     2.1776     0.1900     0.1159     4.4730     0.0000     1.1281     0.0000     2.0551     2.0949    34.0072    34.1116    24.6586    24.7193    196.476    213.456     80.501     87.651 0.0000e+00
       4029    167.843     63.405 -109.78532   22.06230     63.000    17.0848    17.1538 4.3848e+04   4.402680     1.4132     0.1539    96.2262 1.0957e+00          0     2.1126     2.1414     0.1923     0.1159     4.4765     0.0000     1.0907     0.0000     2.0173     2.0459    33.9896    34.0859    24.7212    24.7787    196.767    210.189     80.122     85.753 0.0000e+00
       4102    170.872     64.411 -109.78532   22.06230     64.000    16.9101    16.9339 4.3673e+04   4.380198     1.4015     0.1515    96.2834 1.0044e+00          0     2.0211     2.0542     0.1912     0.1165     4.4791     0.0000     1.0564     0.0000     1.9633     1.9860    33.9842    34.0764    24.7583    24.8235    188.352    202.838     76.437     82.398 0.0000e+00
       4147    172.750     65.418 -109.78532   22.06230     65.000    16.6766    16.6919 4.3433e+04   4.355443     1.3738     0.1477    96.3762 9.2140e-01          0     1.9954     2.0185     0.1884     0.1160     4.4834     0.0000     1.0223     0.0000     1.9196     1.9460    33.9723    34.0654    24.8039    24.8718    183.762    198.080     74.232     80.085 0.0000e+00
       4191    174.580     66.425 -109.78532   22.06230     66.000    16.5893    16.5929 4.3351e+04   4.345406     1.3190     0.1441    96.4624 8.4285e-01          0     1.9574     1.9814     0.1829     0.1159     4.4874     0.0000     0.9874     0.0000     1.8825     1.9086    33.9739    34.0614    24.8255    24.8918    179.505    193.534     72.391     78.095 0.0000e+00
       4237    176.501     67.431 -109.78532   22.06230     67.000    16.4658    16.4836 4.3230e+04   4.335022     1.2957     0.1411    96.5332 7.6215e-01          0     1.9144     1.9409     0.1806     0.1160     4.4907     0.0000     0.9486     0.0000     1.8406     1.8712    33.9727    34.0630    24.8532    24.9184    172.372    188.282     69.348     75.816 0.0000e+00
       4279    178.264     68.438 -109.78532   22.06230     68.000    16.2189    16.2709 4.2984e+04   4.314214     1.2551     0.1388    96.5898 6.9862e-01          0     1.8791     1.9051     0.1765     0.1159     4.4934     0.0000     0.9153     0.0000     1.7903     1.8304    33.9655    34.0609    24.9044    24.9659    165.431    182.197     66.233     73.062 0.0000e+00
       4326    180.202     69.444 -109.78532   22.06230     69.000    15.8890    15.9568 4.2654e+04   4.282926     1.1252     0.1349    96.6845 6.3878e-01          0     1.8346     1.8666     0.1635     0.1160     4.4978     0.0000     0.8814     0.0000     1.7371     1.7764    33.9546    34.0526    24.9711    25.0310    159.526    174.914     63.455     69.711 0.0000e+00
       4389    182.821     70.451 -109.78532   22.06230     70.000    15.5284    15.5708 4.2297e+04   4.244234     1.0291     0.1293    96.8198 5.7692e-01          0     1.7610     1.8024     0.1539     0.1160     4.5041     0.0000     0.8435     0.0000     1.6589     1.7023    33.9457    34.0394    25.0452    25.1079    148.064    165.147     58.473     65.312 0.0000e+00
       4433    184.677     71.458 -109.78532   22.06230     71.000    15.1864    15.2649 4.1964e+04   4.214779     0.9336     0.1250    96.9222 5.2791e-01          0     1.7101     1.7495     0.1443     0.1160     4.5088     0.0000     0.8106     0.0000     1.6057     1.6502    33.9407    34.0389    25.1168    25.1753    145.707    159.926     57.153     62.867 0.0000e+00
       4502    187.545     72.464 -109.78532   22.06230     72.000    15.0202    15.0338 4.1819e+04   4.192054     0.7908     0.1190    97.0686 4.7875e-01          0     1.6216     1.6671     0.1301     0.1155     4.5156     0.0000     0.7754     0.0000     1.5295     1.5783    33.9535    34.0339    25.1631    25.2222    128.181    147.110     50.115     57.562 0.0000e+00
       4549    189.518     73.471 -109.78532   22.06230     73.000    14.9997    14.9696 4.1892e+04   4.194977     0.7696     0.1182    97.0891 4.4083e-01          0     1.5819     1.6216     0.1279     0.1158     4.5166     0.0000     0.7458     0.0000     1.4318     1.4850    34.0377    34.1160    25.2325    25.2995    114.104    130.181     44.618     50.898 0.0000e+00
       4581    190.836     74.478 -109.78532   22.06230     74.000    14.9788    14.9464 4.1918e+04   4.197724     0.7024     0.1154    97.1551 4.0697e-01          0     1.5383     1.5876     0.1212     0.1155     4.5197     0.0000     0.7176     0.0000     1.3871     1.4305    34.0791    34.1610    25.2690    25.3392    113.784    126.119     44.485     49.301 0.0000e+00
       4631    192.896     75.484 -109.78532   22.06230     75.000    14.9802    14.9503 4.1944e+04   4.200101     0.6404     0.1127    97.2216 3.6747e-01          0     1.4410     1.4928     0.1150     0.1152     4.5227     0.0000     0.6822     0.0000     1.3493     1.3817    34.1007    34.1787    25.2854    25.3520    112.963    122.980     44.172     48.083 0.0000e+00
       4694    195.555     76.491 -109.78532   22.06230     76.000    14.9917    14.9612 4.1977e+04   4.203271     0.6559     0.1114    97.2544 3.3510e-01          0     1.3617     1.3974     0.1166     0.1148     4.5243     0.0000     0.6510     0.0000     1.3150     1.3425    34.1202    34.1976    25.2979    25.3642    108.920    118.841     42.606     46.480 0.0000e+00
       4751    197.906     77.498 -109.78532   22.06230     77.000    14.9510    14.9351 4.1954e+04   4.202653     0.6297     0.1109    97.2652 3.0750e-01          0     1.3293     1.3574     0.1140     0.1148     4.5248     0.0000     0.6226     0.0000     1.2769     1.3084    34.1348    34.2145    25.3181    25.3830    101.168    112.233     39.545     43.878 0.0000e+00
       4792    199.632     78.504 -109.78532   22.06230     78.000    14.9002    14.8675 4.1929e+04   4.198947     0.6076     0.1103    97.2804 2.8020e-01          0     1.3081     1.3359     0.1118     0.1148     4.5255     0.0000     0.5924     0.0000     1.2421     1.2715    34.1562    34.2397    25.3457    25.4171     97.191    106.472     37.957     41.575 0.0000e+00
       4822    200.871     79.511 -109.78532   22.06230     79.000    14.8588    14.8252 4.1901e+04   4.196067     0.5972     0.1091    97.3087 2.5593e-01          0     1.2878     1.3188     0.1107     0.1147     4.5268     0.0000     0.5636     0.0000     1.2228     1.2485    34.1665    34.2501    25.3627    25.4344     95.920    104.443     37.432     40.752 0.0000e+00
       4862    202.542     80.518 -109.78532   22.06230     80.000    14.8261    14.7993 4.1880e+04   4.194220     0.5757     0.1074    97.3509 2.2984e-01          0     1.2542     1.2845     0.1086     0.1152     4.5288     0.0000     0.5303     0.0000     1.2028     1.2270    34.1753    34.2557    25.3766    25.4443     94.576    102.604     36.885     40.015 0.0000e+00
       4935    205.592     81.524 -109.78532   22.06230     81.000    14.8021    14.7773 4.1872e+04   4.193512     0.5565     0.1049    97.4126 2.0565e-01          0     1.2081     1.2325     0.1066     0.1147     4.5316     0.0000     0.4973     0.0000     1.1772     1.1987    34.1885    34.2682    25.3920    25.4588     92.082     99.281     35.898     38.704 0.0000e+00
       4998    208.206     82.531 -109.78532   22.06230     82.000    14.7725    14.7466 4.1854e+04   4.191888     0.5358     0.1039    97.4343 1.8544e-01          0     1.1840     1.2064     0.1046     0.1154     4.5327     0.0000     0.4674     0.0000     1.1540     1.1747    34.1983    34.2799    25.4059    25.4745     87.824     95.129     34.220     37.066 0.0000e+00
       5034    209.723     83.537 -109.78532   22.06230     83.000    14.7465    14.7136 4.1843e+04   4.190205     0.5162     0.1024    97.4734 1.6537e-01          0     1.1732     1.1942     0.1027     0.1148     4.5345     0.0000     0.4355     0.0000     1.1385     1.1577    34.2107    34.2933    25.4211    25.4920     86.438     92.991     33.665     36.212 0.0000e+00
       5071    211.230     84.544 -109.78532   22.06230     84.000    14.7335    14.7010 4.1839e+04   4.189688     0.4817     0.1023    97.4752 1.5473e-01          0     1.1593     1.1801     0.0992     0.1147     4.5345     0.0000     0.4177     0.0000     1.1270     1.1449    34.2178    34.2993    25.4295    25.4993     85.201     91.703     33.176     35.703 0.0000e+00
       5126    213.546     85.551 -109.78532   22.06230     85.000    14.7140    14.6917 4.1831e+04   4.189491     0.4767     0.1013    97.4988 1.4034e-01          0     1.1366     1.1554     0.0987     0.1147     4.5356     0.0000     0.3925     0.0000     1.1066     1.1276    34.2274    34.3052    25.4411    25.5059     81.765     89.093     31.828     34.681 0.0000e+00
       5180    215.809     86.558 -109.78534   22.06230     86.000    14.6794    14.6562 4.1813e+04   4.187744     0.4578     0.0990    97.5537 1.3452e-01          0     1.1188     1.1375     0.0968     0.1147     4.5382     0.0000     0.3817     0.0000     1.0878     1.1079    34.2406    34.3203    25.4588    25.5252     80.109     86.163     31.164     33.520 0.0000e+00
