data/ctd-cnv/KM1919/KM1919-St22-P3/St22_P3_cast76-align-cellTM-derive-bin.cnv
* Sea-Bird SBE 9 Data File:
* FileName = C:\Users\otg\Desktop\CTD Data\km1920\St22_P3_cast76.hex
* Software Version Seasave V 7.26.7.107
* Temperature SN = 5554
* Conductivity SN = 3876
* Number of Bytes Per Scan = 41
* Number of Voltage Words = 4
* Number of Scans Averaged by the Deck Unit = 1
* NMEA Latitude = 21 58.90 N
* NMEA Longitude = 109 55.13 W
* NMEA UTC (Time) = Oct 17 2019  12:53:29
* NMEA baud rate = 4800
** Ship: Kilo Moana
** Station: St22  P3 cast 76
** Operator: gr
# nquan = 34
# nvalues = 1001                        
# units = specified
# name 0 = scan: Scan Count
# name 1 = timeS: Time, Elapsed [seconds]
# name 2 = prDM: Pressure, Digiquartz [db]
# name 3 = longitude: Longitude [deg]
# name 4 = latitude: Latitude [deg]
# name 5 = depSM: Depth [salt water, m]
# name 6 = t090C: Temperature [ITS-90, deg C]
# name 7 = t190C: Temperature, 2 [ITS-90, deg C]
# name 8 = c0uS/cm: Conductivity [uS/cm]
# name 9 = c1S/m: Conductivity, 2 [S/m]
# name 10 = flECO-AFL: Fluorescence, WET Labs ECO-AFL/FL [mg/m^3]
# name 11 = CStarAt0: Beam Attenuation, WET Labs C-Star [1/m]
# name 12 = CStarTr0: Beam Transmission, WET Labs C-Star [%]
# name 13 = par: PAR/Irradiance, Biospherical/Licor
# name 14 = modError: Modulo Error Count
# name 15 = v0: Voltage 0
# name 16 = v1: Voltage 1
# name 17 = v2: Voltage 2
# name 18 = v3: Voltage 3
# name 19 = v4: Voltage 4
# name 20 = v5: Voltage 5
# name 21 = v6: Voltage 6
# name 22 = v7: Voltage 7
# name 23 = sbeox0V: Oxygen raw, SBE 43 [V]
# name 24 = sbeox1V: Oxygen raw, SBE 43, 2 [V]
# name 25 = sal00: Salinity, Practical [PSU]
# name 26 = sal11: Salinity, Practical, 2 [PSU]
# name 27 = sigma-é00: Density [sigma-theta, kg/m^3]
# name 28 = sigma-é11: Density, 2 [sigma-theta, kg/m^3]
# name 29 = sbeox0Mm/L: Oxygen, SBE 43 [umol/l], WS = 2
# name 30 = sbeox1Mm/L: Oxygen, SBE 43, 2 [umol/l], WS = 2
# name 31 = sbeox0PS: Oxygen, SBE 43 [% saturation], WS = 2
# name 32 = sbeox1PS: Oxygen, SBE 43, 2 [% saturation], WS = 2
# name 33 = flag: flag
# span 0 =       -138,      32734       
# span 1 =     -5.800,   1363.856       
# span 2 =      1.007,   1009.723       
# span 3 = -109.91486, -109.91478       
# span 4 =   21.97956,   21.98034       
# span 5 =      1.000,   1001.000       
# span 6 =     4.5977,    27.7084       
# span 7 =     4.5729,    27.6686       
# span 8 = 3.3130e+04, 5.5477e+04       
# span 9 =   3.317509,   5.555528       
# span 10 =     0.0391,     1.3300      
# span 11 =     0.0560,     0.1421      
# span 12 =    96.5090,    98.6098      
# span 13 = 1.0000e-12, 6.8453e+00      
# span 14 =          0,          0      
# span 15 =     0.5031,     2.4546      
# span 16 =     0.5130,     2.4354      
# span 17 =     0.0549,     0.1840      
# span 18 =     0.0653,     0.3356      
# span 19 =     4.4896,     4.5873      
# span 20 =     0.0000,     0.0000      
# span 21 =     0.0081,     1.8516      
# span 22 =     0.0000,     0.0000      
# span 23 =     0.5025,     2.4565      
# span 24 =     0.5123,     2.4382      
# span 25 =    33.9543,    34.7676      
# span 26 =    34.0413,    34.8520      
# span 27 =    22.2538,    27.3503      
# span 28 =    22.3306,    27.4146      
# span 29 =      0.842,    233.257      
# span 30 =      0.676,    246.291      
# span 31 =      0.290,    105.310      
# span 32 =      0.230,    109.609      
# span 33 = 0.0000e+00, 0.0000e+00      
# interval = meters: 1                  
# start_time = Oct 17 2019 13:07:23 [NMEA time, first data scan]
# bad_flag = -9.990e-29
*END*
[from data line 171]
       8135    338.923    173.151 -109.91480   21.98010    172.000    12.5399    12.5089 4.0318e+04   4.037368     0.0572     0.0642    98.4076 1.0000e-12          0     0.5153     0.5263     0.0567     0.1131     4.5779     0.0000     0.0084     0.0000     0.5138     0.5258    34.7311    34.8138    26.2803    26.3505      2.226      2.751      0.832      1.028 0.0000e+00
       8170    340.359    174.158 -109.91480   21.98009    173.000    12.5300    12.4992 4.0310e+04   4.036683     0.0408     0.0662    98.3597 1.0000e-12          0     0.5153     0.5274     0.0550     0.1144     4.5757     0.0000     0.0084     0.0000     0.5134     0.5255    34.7327    34.8157    26.2835    26.3540      2.559      2.823      0.956      1.054 0.0000e+00
       8212    342.105    175.165 -109.91480   21.98008    174.000    12.5167    12.4852 4.0296e+04   4.035270     0.0560     0.0703    98.2581 1.0000e-12          0     0.5148     0.5268     0.0566     0.1146     4.5710     0.0000     0.0085     0.0000     0.5147     0.5260    34.7310    34.8146    26.2848    26.3558      3.185      3.189      1.189      1.191 0.0000e+00
       8250    343.714    176.172 -109.91480   21.98008    175.000    12.4236    12.3906 4.0194e+04   4.025531     0.0635     0.0702    98.2600 1.0000e-12          0     0.5140     0.5263     0.0574     0.1138     4.5710     0.0000     0.0085     0.0000     0.5169     0.5277    34.7183    34.8079    26.2932    26.3691      3.612      3.595      1.346      1.339 0.0000e+00
       8280    344.951    177.179 -109.91480   21.98008    176.000    12.3736    12.3433 4.0139e+04   4.019610     0.0516     0.0678    98.3194 1.0000e-12          0     0.5147     0.5262     0.0561     0.1125     4.5738     0.0000     0.0085     0.0000     0.5183     0.5294    34.7106    34.7941    26.2969    26.3676      3.657      3.853      1.361      1.434 0.0000e+00
       8304    345.963    178.186 -109.91480   21.98008    177.000    12.3592    12.3288 4.0122e+04   4.018103     0.0502     0.0667    98.3466 1.0000e-12          0     0.5158     0.5272     0.0560     0.1134     4.5751     0.0000     0.0085     0.0000     0.5193     0.5302    34.7076    34.7926    26.2974    26.3693      3.689      3.868      1.373      1.439 0.0000e+00
       8327    346.902    179.194 -109.91480   21.98008    178.000    12.3402    12.3088 4.0102e+04   4.015886     0.0554     0.0665    98.3527 1.0000e-12          0     0.5172     0.5281     0.0565     0.1147     4.5754     0.0000     0.0085     0.0000     0.5198     0.5310    34.7050    34.7893    26.2991    26.3706      3.564      3.967      1.326      1.475 0.0000e+00
       8351    347.897    180.200 -109.91480   21.98008    179.000    12.3196    12.2887 4.0080e+04   4.013774     0.0465     0.0657    98.3697 1.0000e-12          0     0.5185     0.5293     0.0556     0.1145     4.5761     0.0000     0.0085     0.0000     0.5197     0.5316    34.7027    34.7870    26.3013    26.3728      3.522      3.906      1.309      1.452 0.0000e+00
       8382    349.218    181.208 -109.91480   21.98008    180.000    12.3163    12.2861 4.0081e+04   4.013700     0.0503     0.0641    98.4103 1.0000e-12          0     0.5197     0.5308     0.0560     0.1147     4.5780     0.0000     0.0085     0.0000     0.5203     0.5317    34.7061    34.7883    26.3046    26.3743      3.601      3.892      1.339      1.447 0.0000e+00
       8439    351.598    182.215 -109.91480   21.98008    181.000    12.2937    12.2618 4.0060e+04   4.011570     0.0391     0.0638    98.4172 1.0000e-12          0     0.5207     0.5322     0.0549     0.1125     4.5784     0.0000     0.0085     0.0000     0.5191     0.5312    34.7065    34.7898    26.3093    26.3801      2.758      3.520      1.025      1.308 0.0000e+00
       8485    353.513    183.222 -109.91480   21.98008    182.000    12.2664    12.2363 4.0042e+04   4.009742     0.0513     0.0635    98.4260 1.0000e-12          0     0.5213     0.5327     0.0561     0.1136     4.5788     0.0000     0.0085     0.0000     0.5161     0.5289    34.7142    34.7953    26.3206    26.3894      2.169      2.915      0.806      1.083 0.0000e+00
       8509    354.483    184.229 -109.91480   21.98008    183.000    12.2553    12.2237 4.0037e+04   4.009349     0.0529     0.0635    98.4257 1.0000e-12          0     0.5205     0.5324     0.0563     0.1147     4.5788     0.0000     0.0085     0.0000     0.5146     0.5274    34.7189    34.8028    26.3264    26.3976      2.225      2.756      0.826      1.023 0.0000e+00
       8527    355.259    185.236 -109.91480   21.98008    184.000    12.2380    12.2067 4.0020e+04   4.007576     0.0393     0.0635    98.4257 1.0000e-12          0     0.5197     0.5320     0.0549     0.1147     4.5788     0.0000     0.0085     0.0000     0.5144     0.5267    34.7182    34.8009    26.3293    26.3995      2.236      2.764      0.830      1.026 0.0000e+00
       8546    356.043    186.244 -109.91480   21.98010    185.000    12.2211    12.1891 4.0003e+04   4.006039     0.0639     0.0635    98.4257 1.0000e-12          0     0.5184     0.5310     0.0574     0.1148     4.5788     0.0000     0.0085     0.0000     0.5133     0.5258    34.7167    34.8019    26.3313    26.4037      2.156      2.649      0.800      0.983 0.0000e+00
       8572    357.122    187.251 -109.91480   21.98010    186.000    12.1708    12.1395 3.9955e+04   4.001237     0.0602     0.0635    98.4250 1.0000e-12          0     0.5166     0.5294     0.0570     0.1131     4.5788     0.0000     0.0085     0.0000     0.5129     0.5251    34.7164    34.8011    26.3408    26.4126      2.134      2.596      0.791      0.962 0.0000e+00
       8616    358.959    188.258 -109.91480   21.98010    187.000    12.1533    12.1228 3.9939e+04   3.999434     0.0405     0.0640    98.4114 1.0000e-12          0     0.5147     0.5272     0.0550     0.1136     4.5781     0.0000     0.0085     0.0000     0.5120     0.5241    34.7165    34.7986    26.3443    26.4139      2.068      2.507      0.766      0.929 0.0000e+00
       8660    360.786    189.265 -109.91480   21.98010    188.000    12.1519    12.1214 3.9940e+04   3.999543     0.0636     0.0640    98.4134 1.0000e-12          0     0.5135     0.5257     0.0574     0.1148     4.5782     0.0000     0.0085     0.0000     0.5109     0.5231    34.7186    34.8006    26.3462    26.4157      1.977      2.364      0.733      0.876 0.0000e+00
       8694    362.207    190.272 -109.91480   21.98008    189.000    12.1516    12.1211 3.9943e+04   3.999745     0.0632     0.0644    98.4017 1.0000e-12          0     0.5128     0.5249     0.0573     0.1147     4.5776     0.0000     0.0085     0.0000     0.5106     0.5225    34.7210    34.8024    26.3481    26.4172      1.712      2.213      0.634      0.820 0.0000e+00
       8724    363.444    191.280 -109.91480   21.98008    190.000    12.1532    12.1227 3.9946e+04   4.000016     0.0634     0.0645    98.3995 1.0000e-12          0     0.5121     0.5244     0.0574     0.1148     4.5775     0.0000     0.0085     0.0000     0.5091     0.5216    34.7219    34.8031    26.3486    26.4175      1.281      1.965      0.475      0.728 0.0000e+00
       8751    364.584    192.287 -109.91480   21.98008    191.000    12.1521    12.1216 3.9955e+04   4.000968     0.0405     0.0647    98.3954 1.0000e-12          0     0.5116     0.5237     0.0550     0.1148     4.5773     0.0000     0.0085     0.0000     0.5077     0.5201    34.7311    34.8130    26.3559    26.4254      1.153      1.641      0.427      0.608 0.0000e+00
       8778    365.704    193.294 -109.91480   21.98008    192.000    12.1360    12.1055 3.9946e+04   4.000094     0.0622     0.0713    98.2333 1.0000e-12          0     0.5113     0.5232     0.0572     0.1146     4.5698     0.0000     0.0085     0.0000     0.5070     0.5191    34.7371    34.8190    26.3637    26.4332      1.264      1.601      0.468      0.593 0.0000e+00
       8811    367.093    194.301 -109.91480   21.98008    193.000    12.1352    12.1047 3.9948e+04   4.000248     0.0639     0.0743    98.1585 1.0000e-12          0     0.5098     0.5221     0.0574     0.1148     4.5663     0.0000     0.0085     0.0000     0.5059     0.5181    34.7392    34.8208    26.3655    26.4348      1.078      1.531      0.400      0.567 0.0000e+00
       8851    368.753    195.308 -109.91480   21.98008    194.000    12.1323    12.1019 3.9946e+04   4.000015     0.0632     0.0746    98.1521 1.0000e-12          0     0.5078     0.5202     0.0573     0.1147     4.5660     0.0000     0.0085     0.0000     0.5051     0.5173    34.7395    34.8207    26.3664    26.4352      1.069      1.545      0.396      0.572 0.0000e+00
       8883    370.086    196.316 -109.91480   21.98008    195.000    12.1291    12.0986 3.9943e+04   3.999795     0.0597     0.0739    98.1705 1.0000e-12          0     0.5071     0.5191     0.0570     0.1147     4.5669     0.0000     0.0085     0.0000     0.5048     0.5172    34.7396    34.8212    26.3670    26.4363      1.187      1.523      0.439      0.564 0.0000e+00
       8911    371.246    197.323 -109.91480   21.98008    196.000    12.1145    12.0832 3.9929e+04   3.998454     0.0459     0.0733    98.1855 1.0000e-12          0     0.5063     0.5184     0.0556     0.1148     4.5676     0.0000     0.0085     0.0000     0.5048     0.5170    34.7388    34.8221    26.3692    26.4399      1.213      1.525      0.449      0.565 0.0000e+00
       8938    372.363    198.330 -109.91480   21.98008    197.000    12.0868    12.0555 3.9901e+04   3.995733     0.0640     0.0741    98.1651 1.0000e-12          0     0.5057     0.5181     0.0574     0.1146     4.5666     0.0000     0.0085     0.0000     0.5048     0.5168    34.7374    34.8210    26.3735    26.4444      1.214      1.430      0.449      0.529 0.0000e+00
       8963    373.406    199.337 -109.91480   21.98008    198.000    12.0802    12.0499 3.9901e+04   3.995570     0.0629     0.0745    98.1549 1.0000e-12          0     0.5055     0.5179     0.0573     0.1148     4.5661     0.0000     0.0085     0.0000     0.5048     0.5166    34.7428    34.8242    26.3790    26.4480      1.182      1.433      0.437      0.530 0.0000e+00
       8990    374.526    200.345 -109.91480   21.98008    199.000    12.0724    12.0415 3.9894e+04   3.994989     0.0640     0.0758    98.1235 1.0000e-12          0     0.5055     0.5176     0.0574     0.1151     4.5647     0.0000     0.0085     0.0000     0.5047     0.5164    34.7431    34.8260    26.3808    26.4510      1.220      1.491      0.451      0.552 0.0000e+00
       9016    375.609    201.352 -109.91480   21.98008    200.000    12.0570    12.0258 3.9878e+04   3.993436     0.0631     0.0762    98.1136 1.0000e-12          0     0.5055     0.5177     0.0573     0.1148     4.5642     0.0000     0.0085     0.0000     0.5048     0.5165    34.7415    34.8250    26.3824    26.4533      1.213      1.458      0.449      0.539 0.0000e+00
       9048    376.968    202.359 -109.91480   21.98008    201.000    12.0321    12.0010 3.9852e+04   3.990730     0.0633     0.0753    98.1348 1.0000e-12          0     0.5054     0.5172     0.0573     0.1147     4.5652     0.0000     0.0085     0.0000     0.5047     0.5166    34.7385    34.8214    26.3849    26.4552      1.206      1.467      0.446      0.542 0.0000e+00
       9113    379.677    203.366 -109.91480   21.98006    202.000    12.0070    11.9711 3.9826e+04   3.987458     0.0634     0.0746    98.1524 1.0000e-12          0     0.5055     0.5172     0.0573     0.1148     4.5660     0.0000     0.0085     0.0000     0.5048     0.5163    34.7359    34.8170    26.3877    26.4575      1.217      1.473      0.450      0.544 0.0000e+00
       9156    381.449    204.373 -109.91481   21.98006    203.000    11.9695    11.9388 3.9785e+04   3.984133     0.0624     0.0741    98.1648 1.0000e-12          0     0.5055     0.5172     0.0573     0.1147     4.5666     0.0000     0.0085     0.0000     0.5048     0.5161    34.7307    34.8143    26.3908    26.4616      1.230      1.376      0.454      0.508 0.0000e+00
       9176    382.295    205.381 -109.91482   21.98006    204.000    11.9629    11.9325 3.9780e+04   3.983512     0.0633     0.0733    98.1851 1.0000e-12          0     0.5055     0.5169     0.0573     0.1147     4.5676     0.0000     0.0085     0.0000     0.5048     0.5164    34.7316    34.8137    26.3927    26.4623      1.219      1.514      0.450      0.559 0.0000e+00
       9193    382.983    206.388 -109.91482   21.98006    205.000    11.9572    11.9267 3.9775e+04   3.983039     0.0639     0.0731    98.1892 1.0000e-12          0     0.5055     0.5172     0.0574     0.1146     4.5678     0.0000     0.0085     0.0000     0.5048     0.5164    34.7317    34.8140    26.3940    26.4637      1.213      1.403      0.448      0.518 0.0000e+00
       9210    383.704    207.395 -109.91482   21.98006    206.000    11.9509    11.9205 3.9770e+04   3.982531     0.0639     0.0741    98.1656 1.0000e-12          0     0.5054     0.5172     0.0574     0.1148     4.5667     0.0000     0.0085     0.0000     0.5048     0.5160    34.7318    34.8144    26.3952    26.4652      1.182      1.323      0.436      0.488 0.0000e+00
       9231    384.581    208.403 -109.91482   21.98006    207.000    11.9245    11.8935 3.9746e+04   3.980276     0.0639     0.0742    98.1633 1.0000e-12          0     0.5055     0.5171     0.0574     0.1146     4.5665     0.0000     0.0085     0.0000     0.5046     0.5161    34.7330    34.8171    26.4012    26.4725      1.118      1.389      0.412      0.512 0.0000e+00
       9269    386.185    209.410 -109.91482   21.98006    208.000    11.9046    11.8741 3.9731e+04   3.978681     0.0631     0.0739    98.1701 1.0000e-12          0     0.5055     0.5170     0.0573     0.1147     4.5668     0.0000     0.0084     0.0000     0.5045     0.5159    34.7368    34.8192    26.4080    26.4778      1.158      1.389      0.427      0.512 0.0000e+00
       9327    388.570    210.417 -109.91482   21.98006    209.000    11.8739    11.8420 3.9699e+04   3.975455     0.0637     0.0742    98.1617 1.0000e-12          0     0.5053     0.5166     0.0574     0.1148     4.5665     0.0000     0.0085     0.0000     0.5044     0.5160    34.7330    34.8173    26.4109    26.4824      1.146      1.387      0.422      0.511 0.0000e+00
       9357    389.840    211.425 -109.91482   21.98006    210.000    11.8412    11.8108 3.9662e+04   3.971804     0.0635     0.0724    98.2072 1.0000e-12          0     0.5053     0.5167     0.0574     0.1146     4.5686     0.0000     0.0085     0.0000     0.5044     0.5158    34.7275    34.8103    26.4128    26.4829      1.043      1.397      0.384      0.514 0.0000e+00
       9383    390.909    212.432 -109.91482   21.98006    211.000    11.8359    11.8054 3.9658e+04   3.971357     0.0634     0.0705    98.2535 1.0000e-12          0     0.5052     0.5165     0.0573     0.1147     4.5707     0.0000     0.0085     0.0000     0.5040     0.5159    34.7277    34.8105    26.4139    26.4841      1.080      1.405      0.398      0.517 0.0000e+00
       9408    391.939    213.439 -109.91482   21.98006    212.000    11.8230    11.7927 3.9645e+04   3.970011     0.0634     0.0712    98.2359 1.0000e-12          0     0.5051     0.5168     0.0574     0.1146     4.5699     0.0000     0.0085     0.0000     0.5041     0.5158    34.7264    34.8088    26.4154    26.4852      1.068      1.307      0.393      0.481 0.0000e+00
       9436    393.128    214.446 -109.91482   21.98006    213.000    11.8270    11.7973 3.9652e+04   3.970610     0.0628     0.0710    98.2403 1.0000e-12          0     0.5051     0.5165     0.0573     0.1148     4.5701     0.0000     0.0085     0.0000     0.5040     0.5157    34.7291    34.8100    26.4168    26.4852      1.121      1.385      0.413      0.510 0.0000e+00
