data/ctd-cnv/KM1919/KM1919-St22-P3/St22_P3_cast64-align-cellTM-derive-bin.cnv
* Sea-Bird SBE 9 Data File:
* FileName = C:\Users\otg\Desktop\CTD Data\km1920\St22_P3_cast64.hex
* Software Version Seasave V 7.26.7.107
* Temperature SN = 5554
* Conductivity SN = 3876
* Number of Bytes Per Scan = 41
* Number of Voltage Words = 4
* Number of Scans Averaged by the Deck Unit = 1
* NMEA Latitude = 21 50.12 N
* NMEA Longitude = 109 59.52 W
* NMEA UTC (Time) = Oct 15 2019  12:04:38
* NMEA baud rate = 4800
** Ship: Kilo Moana
** Station: St22  P3 cast 64
** Operator: gr
# nquan = 34
# nvalues = 200                         
# units = specified
# name 0 = scan: Scan Count
# name 1 = timeS: Time, Elapsed [seconds]
# name 2 = prDM: Pressure, Digiquartz [db]
# name 3 = longitude: Longitude [deg]
# name 4 = latitude: Latitude [deg]
# name 5 = depSM: Depth [salt water, m]
# name 6 = t090C: Temperature [ITS-90, deg C]
# name 7 = t190C: Temperature, 2 [ITS-90, deg C]
# name 8 = c0uS/cm: Conductivity [uS/cm]
# name 9 = c1S/m: Conductivity, 2 [S/m]
# name 10 = flECO-AFL: Fluorescence, WET Labs ECO-AFL/FL [mg/m^3]
# name 11 = CStarAt0: Beam Attenuation, WET Labs C-Star [1/m]
# name 12 = CStarTr0: Beam Transmission, WET Labs C-Star [%]
# name 13 = par: PAR/Irradiance, Biospherical/Licor
# name 14 = modError: Modulo Error Count
# name 15 = v0: Voltage 0
# name 16 = v1: Voltage 1
# name 17 = v2: Voltage 2
# name 18 = v3: Voltage 3
# name 19 = v4: Voltage 4
# name 20 = v5: Voltage 5
# name 21 = v6: Voltage 6
# name 22 = v7: Voltage 7
# name 23 = sbeox0V: Oxygen raw, SBE 43 [V]
# name 24 = sbeox1V: Oxygen raw, SBE 43, 2 [V]
# name 25 = sal00: Salinity, Practical [PSU]
# name 26 = sal11: Salinity, Practical, 2 [PSU]
# name 27 = sigma-é00: Density [sigma-theta, kg/m^3]
# name 28 = sigma-é11: Density, 2 [sigma-theta, kg/m^3]
# name 29 = sbeox0Mm/L: Oxygen, SBE 43 [umol/l], WS = 2
# name 30 = sbeox1Mm/L: Oxygen, SBE 43, 2 [umol/l], WS = 2
# name 31 = sbeox0PS: Oxygen, SBE 43 [% saturation], WS = 2
# name 32 = sbeox1PS: Oxygen, SBE 43, 2 [% saturation], WS = 2
# name 33 = flag: flag
# span 0 =        314,      11575       
# span 1 =     13.028,    482.244       
# span 2 =      2.013,    202.357       
# span 3 = -109.99194, -109.99188       
# span 4 =   21.83532,   21.83534       
# span 5 =      2.000,    201.000       
# span 6 =    12.1411,    27.5428       
# span 7 =    12.1155,    27.5028       
# span 8 = 3.9982e+04, 5.5199e+04       
# span 9 =   4.004073,   5.527716       
# span 10 =     0.0418,     1.1247      
# span 11 =     0.0581,     0.1231      
# span 12 =    96.9693,    98.5571      
# span 13 = -5.321e-05, 4.5432e+00      
# span 14 =          0,          0      
# span 15 =     0.5042,     2.4730      
# span 16 =     0.5152,     2.4638      
# span 17 =     0.0552,     0.1635      
# span 18 =     0.1122,     0.1170      
# span 19 =     4.5110,     4.5849      
# span 20 =     0.0000,     0.0000      
# span 21 =     0.0082,     1.6718      
# span 22 =     0.0000,     0.0000      
# span 23 =     0.5034,     2.4725      
# span 24 =     0.5141,     2.4576      
# span 25 =    33.9251,    34.7741      
# span 26 =    34.0348,    34.8584      
# span 27 =    22.2489,    26.3837      
# span 28 =    22.3268,    26.4518      
# span 29 =      1.003,    241.863      
# span 30 =      1.004,    250.959      
# span 31 =      0.371,    106.116      
# span 32 =      0.372,    111.039      
# span 33 = 0.0000e+00, 0.0000e+00      
# interval = meters: 1                  
# start_time = Oct 15 2019 12:09:59 [NMEA time, first data scan]
# bad_flag = -9.990e-29
*END*
[from data line 86]
       5224    217.636     88.570 -109.99192   21.83534     88.000    15.3614    15.3235 4.2815e+04   4.287667     0.4322     0.0763    98.1104 1.0000e-12          0     0.7650     0.8138     0.0942     0.1148     4.5641     0.0000     0.0085     0.0000     0.6812     0.7203    34.5505    34.6393    25.5487    25.6254     17.733     24.770      7.006      9.784 0.0000e+00
       5254    218.889     89.576 -109.99192   21.83534     89.000    15.2160    15.1779 4.2696e+04   4.276001     0.4237     0.0769    98.0949 1.0000e-12          0     0.7343     0.7748     0.0934     0.1141     4.5634     0.0000     0.0084     0.0000     0.6606     0.6941    34.5699    34.6620    25.5958    25.6752     18.210     22.851      7.175      9.002 0.0000e+00
       5301    220.834     90.583 -109.99192   21.83534     90.000    15.1761    15.1377 4.2658e+04   4.271465     0.3840     0.0753    98.1354 1.0000e-12          0     0.6904     0.7288     0.0894     0.1141     4.5652     0.0000     0.0085     0.0000     0.6470     0.6734    34.5711    34.6561    25.6056    25.6795     18.941     22.120      7.457      8.706 0.0000e+00
       5363    223.428     91.590 -109.99192   21.83534     91.000    15.1459    15.1128 4.2630e+04   4.269290     0.3706     0.0784    98.0575 1.0000e-12          0     0.6509     0.6798     0.0880     0.1147     4.5616     0.0000     0.0085     0.0000     0.6425     0.6615    34.5714    34.6580    25.6125    25.6865     21.388     22.654      8.415      8.912 0.0000e+00
       5393    224.653     92.597 -109.99192   21.83534     92.000    15.0150    14.9720 4.2487e+04   4.255429     0.3701     0.0748    98.1481 1.0000e-12          0     0.6457     0.6707     0.0880     0.1147     4.5658     0.0000     0.0085     0.0000     0.6473     0.6652    34.5568    34.6564    25.6300    25.7162     21.113     23.511      8.285      9.223 0.0000e+00
       5419    225.730     93.603 -109.99192   21.83534     93.000    14.8677    14.8306 4.2325e+04   4.239087     0.3511     0.0736    98.1784 1.0000e-12          0     0.6418     0.6650     0.0861     0.1132     4.5673     0.0000     0.0084     0.0000     0.6450     0.6650    34.5393    34.6325    25.6486    25.7287     19.269     22.612      7.538      8.844 0.0000e+00
       5451    227.067     94.610 -109.99192   21.83534     94.000    14.7917    14.7571 4.2259e+04   4.232209     0.3404     0.0726    98.2012 1.0000e-12          0     0.6448     0.6635     0.0850     0.1138     4.5683     0.0000     0.0085     0.0000     0.6378     0.6600    34.5458    34.6346    25.6702    25.7462     17.090     21.157      6.676      8.263 0.0000e+00
       5508    229.478     95.617 -109.99192   21.83533     95.000    14.7300    14.7040 4.2218e+04   4.228356     0.3280     0.0728    98.1955 1.0000e-12          0     0.6448     0.6649     0.0837     0.1141     4.5681     0.0000     0.0085     0.0000     0.6107     0.6388    34.5630    34.6463    25.6968    25.7667     10.520     15.837      4.105      6.179 0.0000e+00
       5557    231.485     96.623 -109.99192   21.83532     96.000    14.7207    14.6876 4.2252e+04   4.231059     0.3100     0.0734    98.1830 1.0000e-12          0     0.6315     0.6558     0.0820     0.1147     4.5675     0.0000     0.0084     0.0000     0.5848     0.6111    34.6018    34.6852    25.7288    25.8003      8.678     12.249      3.386      4.779 0.0000e+00
       5590    232.886     97.630 -109.99192   21.83532     97.000    14.6960    14.6623 4.2236e+04   4.229580     0.3014     0.0738    98.1726 1.0000e-12          0     0.6125     0.6410     0.0811     0.1138     4.5670     0.0000     0.0085     0.0000     0.5739     0.5980    34.6089    34.6939    25.7397    25.8126      8.288     11.192      3.232      4.365 0.0000e+00
       5618    234.028     98.637 -109.99192   21.83532     98.000    14.6640    14.6293 4.2212e+04   4.227209     0.2940     0.0720    98.2160 1.0000e-12          0     0.5959     0.6239     0.0804     0.1134     4.5690     0.0000     0.0085     0.0000     0.5672     0.5898    34.6147    34.7011    25.7511    25.8253      7.982     10.490      3.111      4.088 0.0000e+00
       5644    235.129     99.644 -109.99192   21.83532     99.000    14.6231    14.5890 4.2180e+04   4.224113     0.2868     0.0718    98.2215 1.0000e-12          0     0.5843     0.6103     0.0797     0.1148     4.5693     0.0000     0.0085     0.0000     0.5626     0.5838    34.6221    34.7083    25.7657    25.8396      7.948     10.064      3.096      3.919 0.0000e+00
       5673    236.348    100.650 -109.99192   21.83532    100.000    14.6088    14.5759 4.2171e+04   4.223016     0.2807     0.0707    98.2482 1.0000e-12          0     0.5750     0.5992     0.0791     0.1148     4.5705     0.0000     0.0084     0.0000     0.5595     0.5794    34.6254    34.7096    25.7713    25.8434      7.982      9.825      3.108      3.825 0.0000e+00
       5727    238.580    101.657 -109.99192   21.83532    101.000    14.5857    14.5638 4.2150e+04   4.221822     0.2687     0.0705    98.2532 1.0000e-12          0     0.5641     0.5855     0.0778     0.1139     4.5707     0.0000     0.0084     0.0000     0.5558     0.5748    34.6271    34.7090    25.7776    25.8456      7.562      9.447      2.943      3.677 0.0000e+00
       5786    241.057    102.664 -109.99192   21.83532    102.000    14.5651    14.5348 4.2138e+04   4.220101     0.2729     0.0705    98.2534 1.0000e-12          0     0.5582     0.5771     0.0783     0.1148     4.5707     0.0000     0.0084     0.0000     0.5500     0.5690    34.6336    34.7188    25.7871    25.8594      6.635      8.385      2.582      3.262 0.0000e+00
       5821    242.484    103.671 -109.99192   21.83532    103.000    14.5431    14.5084 4.2123e+04   4.218201     0.2555     0.0697    98.2734 1.0000e-12          0     0.5562     0.5752     0.0765     0.1147     4.5716     0.0000     0.0084     0.0000     0.5479     0.5655    34.6395    34.7245    25.7964    25.8695      6.661      8.083      2.590      3.143 0.0000e+00
       5850    243.715    104.678 -109.99192   21.83532    104.000    14.5046    14.4677 4.2087e+04   4.214427     0.2480     0.0695    98.2766 1.0000e-12          0     0.5530     0.5720     0.0758     0.1148     4.5718     0.0000     0.0085     0.0000     0.5460     0.5633    34.6403    34.7258    25.8053    25.8793      6.278      7.833      2.440      3.043 0.0000e+00
       5878    244.870    105.684 -109.99192   21.83532    105.000    14.4904    14.4585 4.2076e+04   4.213555     0.2308     0.0691    98.2876 1.0000e-12          0     0.5503     0.5688     0.0741     0.1147     4.5723     0.0000     0.0085     0.0000     0.5439     0.5614    34.6423    34.7256    25.8099    25.8811      5.679      7.488      2.206      2.909 0.0000e+00
       5909    246.151    106.691 -109.99192   21.83532    106.000    14.4816    14.4495 4.2074e+04   4.213323     0.2255     0.0693    98.2837 1.0000e-12          0     0.5485     0.5661     0.0736     0.1147     4.5721     0.0000     0.0084     0.0000     0.5398     0.5582    34.6474    34.7311    25.8158    25.8873      4.827      6.790      1.875      2.637 0.0000e+00
       5954    248.054    107.698 -109.99192   21.83532    107.000    14.4048    14.3933 4.2014e+04   4.209143     0.2123     0.0679    98.3156 1.0000e-12          0     0.5452     0.5627     0.0722     0.1147     4.5736     0.0000     0.0085     0.0000     0.5347     0.5535    34.6613    34.7426    25.8430    25.9082      4.576      6.251      1.775      2.425 0.0000e+00
       6005    250.155    108.705 -109.99192   21.83532    108.000    14.3777    14.3488 4.1993e+04   4.205661     0.1814     0.0668    98.3454 1.0000e-12          0     0.5391     0.5576     0.0691     0.1133     4.5750     0.0000     0.0085     0.0000     0.5312     0.5491    34.6653    34.7500    25.8519    25.9235      4.265      5.710      1.653      2.214 0.0000e+00
       6039    251.604    109.712 -109.99192   21.83532    109.000    14.3490    14.3149 4.1970e+04   4.202936     0.1782     0.0667    98.3470 1.0000e-12          0     0.5353     0.5543     0.0688     0.1144     4.5751     0.0000     0.0085     0.0000     0.5291     0.5466    34.6690    34.7549    25.8608    25.9345      3.897      5.343      1.510      2.070 0.0000e+00
       6069    252.826    110.718 -109.99192   21.83532    110.000    14.2925    14.2551 4.1923e+04   4.198248     0.1765     0.0661    98.3616 1.0000e-12          0     0.5334     0.5515     0.0687     0.1140     4.5758     0.0000     0.0085     0.0000     0.5267     0.5437    34.6764    34.7649    25.8786    25.9549      3.416      4.740      1.322      1.834 0.0000e+00
       6099    254.102    111.725 -109.99190   21.83532    111.000    14.2135    14.1803 4.1852e+04   4.191602     0.1607     0.0646    98.3967 1.0000e-12          0     0.5314     0.5491     0.0671     0.1124     4.5774     0.0000     0.0084     0.0000     0.5239     0.5409    34.6813    34.7703    25.8992    25.9749      3.225      4.457      1.246      1.722 0.0000e+00
       6144    255.957    112.732 -109.99190   21.83532    112.000    14.1208    14.0917 4.1768e+04   4.183312     0.1408     0.0633    98.4307 1.0000e-12          0     0.5282     0.5455     0.0651     0.1142     4.5790     0.0000     0.0085     0.0000     0.5237     0.5386    34.6857    34.7728    25.9222    25.9957      4.292      4.703      1.655      1.814 0.0000e+00
       6196    258.121    113.739 -109.99190   21.83532    113.000    13.9911    13.9648 4.1630e+04   4.170251     0.1296     0.0630    98.4373 1.0000e-12          0     0.5241     0.5407     0.0640     0.1133     4.5793     0.0000     0.0085     0.0000     0.5270     0.5421    34.6738    34.7656    25.9403    26.0167      4.448      5.584      1.711      2.148 0.0000e+00
       6235    259.767    114.745 -109.99190   21.83532    114.000    13.9096    13.8768 4.1550e+04   4.160907     0.1281     0.0636    98.4239 1.0000e-12          0     0.5247     0.5393     0.0638     0.1147     4.5787     0.0000     0.0084     0.0000     0.5255     0.5394    34.6727    34.7576    25.9565    26.0290      3.439      4.265      1.321      1.638 0.0000e+00
       6266    261.028    115.752 -109.99190   21.83532    115.000    13.9001    13.8672 4.1549e+04   4.160842     0.1249     0.0631    98.4342 1.0000e-12          0     0.5276     0.5411     0.0635     0.1148     4.5792     0.0000     0.0084     0.0000     0.5228     0.5385    34.6805    34.7653    25.9645    26.0370      2.635      4.236      1.012      1.626 0.0000e+00
       6294    262.196    116.759 -109.99190   21.83532    116.000    13.8891    13.8567 4.1545e+04   4.160366     0.1249     0.0624    98.4518 1.0000e-12          0     0.5277     0.5438     0.0635     0.1147     4.5800     0.0000     0.0085     0.0000     0.5194     0.5358    34.6857    34.7699    25.9709    26.0428      2.244      3.595      0.862      1.380 0.0000e+00
       6321    263.330    117.766 -109.99190   21.83532    117.000    13.8779    13.8455 4.1548e+04   4.160619     0.1235     0.0628    98.4417 1.0000e-12          0     0.5263     0.5400     0.0634     0.1146     4.5795     0.0000     0.0085     0.0000     0.5170     0.5330    34.6982    34.7820    25.9829    26.0545      2.128      3.253      0.817      1.248 0.0000e+00
       6355    264.734    118.773 -109.99190   21.83532    118.000    13.8630    13.8322 4.1545e+04   4.160330     0.1069     0.0613    98.4796 1.0000e-12          0     0.5230     0.5388     0.0617     0.1136     4.5813     0.0000     0.0084     0.0000     0.5155     0.5307    34.7087    34.7910    25.9942    26.0642      2.371      3.170      0.910      1.217 0.0000e+00
       6426    267.690    119.779 -109.99192   21.83532    119.000    13.8317    13.8214 4.1529e+04   4.160187     0.0952     0.0591    98.5339 1.0000e-12          0     0.5166     0.5323     0.0605     0.1131     4.5838     0.0000     0.0085     0.0000     0.5152     0.5294    34.7211    34.7990    26.0103    26.0727      2.803      3.398      1.075      1.304 0.0000e+00
       6469    269.496    120.786 -109.99192   21.83532    120.000    13.7800    13.7425 4.1489e+04   4.154684     0.0908     0.0592    98.5317 1.0000e-12          0     0.5154     0.5302     0.0601     0.1123     4.5837     0.0000     0.0085     0.0000     0.5156     0.5297    34.7307    34.8187    26.0285    26.1044      2.698      3.395      1.034      1.301 0.0000e+00
       6494    270.523    121.793 -109.99192   21.83532    121.000    13.7414    13.7086 4.1454e+04   4.151242     0.0878     0.0586    98.5439 1.0000e-12          0     0.5160     0.5301     0.0597     0.1144     4.5843     0.0000     0.0084     0.0000     0.5155     0.5297    34.7320    34.8168    26.0375    26.1099      2.707      3.340      1.037      1.279 0.0000e+00
       6516    271.469    122.800 -109.99192   21.83532    122.000    13.7177    13.6844 4.1433e+04   4.149234     0.0779     0.0583    98.5533 1.0000e-12          0     0.5165     0.5304     0.0588     0.1147     4.5847     0.0000     0.0084     0.0000     0.5156     0.5293    34.7340    34.8196    26.0440    26.1171      2.506      3.274      0.959      1.253 0.0000e+00
       6540    272.454    123.807 -109.99192   21.83532    123.000    13.6932    13.6598 4.1412e+04   4.147133     0.0674     0.0588    98.5402 1.0000e-12          0     0.5165     0.5305     0.0577     0.1148     4.5841     0.0000     0.0085     0.0000     0.5146     0.5292    34.7363    34.8219    26.0509    26.1240      2.281      3.179      0.872      1.216 0.0000e+00
       6569    273.660    124.814 -109.99192   21.83532    124.000    13.6704    13.6376 4.1394e+04   4.145247     0.0724     0.0591    98.5339 1.0000e-12          0     0.5165     0.5305     0.0582     0.1147     4.5838     0.0000     0.0084     0.0000     0.5142     0.5282    34.7390    34.8239    26.0577    26.1302      2.263      3.010      0.865      1.151 0.0000e+00
       6639    276.583    125.821 -109.99190   21.83532    125.000    13.6444    13.6295 4.1372e+04   4.144363     0.0780     0.0597    98.5178 1.0000e-12          0     0.5154     0.5295     0.0588     0.1140     4.5830     0.0000     0.0084     0.0000     0.5121     0.5271    34.7418    34.8226    26.0653    26.1309      1.897      2.831      0.725      1.082 0.0000e+00
       6699    279.086    126.827 -109.99190   21.83532    126.000    13.6292    13.5894 4.1358e+04   4.141128     0.0891     0.0626    98.4470 1.0000e-12          0     0.5137     0.5284     0.0599     0.1148     4.5798     0.0000     0.0085     0.0000     0.5099     0.5243    34.7417    34.8283    26.0684    26.1436      1.663      2.260      0.635      0.863 0.0000e+00
       6723    280.067    127.834 -109.99190   21.83532    127.000    13.6057    13.5730 4.1335e+04   4.139326     0.0981     0.0636    98.4240 1.0000e-12          0     0.5129     0.5280     0.0608     0.1147     4.5787     0.0000     0.0085     0.0000     0.5104     0.5245    34.7414    34.8259    26.0730    26.1452      2.619      3.403      1.000      1.299 0.0000e+00
       6744    280.944    128.841 -109.99190   21.83532    128.000    13.5822    13.5494 4.1317e+04   4.137512     0.1005     0.0655    98.3768 1.0000e-12          0     0.5123     0.5276     0.0611     0.1147     4.5765     0.0000     0.0085     0.0000     0.5124     0.5286    34.7452    34.8299    26.0809    26.1532      3.118      3.114      1.190      1.188 0.0000e+00
       6764    281.805    129.848 -109.99190   21.83532    129.000    13.5396    13.5038 4.1282e+04   4.134253     0.0946     0.0636    98.4226 1.0000e-12          0     0.5115     0.5263     0.0605     0.1146     4.5787     0.0000     0.0084     0.0000     0.5141     0.5239    34.7509    34.8404    26.0941    26.1707      3.208      2.241      1.223      0.855 0.0000e+00
