data/ctd-cnv/KM1919/KM1919-St22-P3/St22_P3_cast80-align-cellTM-derive-bin.cnv
* Sea-Bird SBE 9 Data File:
* FileName = C:\Users\otg\Desktop\CTD Data\km1920\St22_P3_cast80.hex
* Software Version Seasave V 7.26.7.107
* Temperature SN = 5554
* Conductivity SN = 3876
* Number of Bytes Per Scan = 41
* Number of Voltage Words = 4
* Number of Scans Averaged by the Deck Unit = 1
* NMEA Latitude = 22 02.53 N
* NMEA Longitude = 109 51.90 W
* NMEA UTC (Time) = Oct 18 2019  07:01:16
* NMEA baud rate = 4800
** Ship: Kilo Moana
** Station: St22  P3 cast 80
** Operator: gr
** ctd for McLane pumps,
# nquan = 34
# nvalues = 1024                        
# units = specified
# name 0 = scan: Scan Count
# name 1 = timeS: Time, Elapsed [seconds]
# name 2 = prDM: Pressure, Digiquartz [db]
# name 3 = longitude: Longitude [deg]
# name 4 = latitude: Latitude [deg]
# name 5 = depSM: Depth [salt water, m]
# name 6 = t090C: Temperature [ITS-90, deg C]
# name 7 = t190C: Temperature, 2 [ITS-90, deg C]
# name 8 = c0uS/cm: Conductivity [uS/cm]
# name 9 = c1S/m: Conductivity, 2 [S/m]
# name 10 = flECO-AFL: Fluorescence, WET Labs ECO-AFL/FL [mg/m^3]
# name 11 = CStarAt0: Beam Attenuation, WET Labs C-Star [1/m]
# name 12 = CStarTr0: Beam Transmission, WET Labs C-Star [%]
# name 13 = par: PAR/Irradiance, Biospherical/Licor
# name 14 = modError: Modulo Error Count
# name 15 = v0: Voltage 0
# name 16 = v1: Voltage 1
# name 17 = v2: Voltage 2
# name 18 = v3: Voltage 3
# name 19 = v4: Voltage 4
# name 20 = v5: Voltage 5
# name 21 = v6: Voltage 6
# name 22 = v7: Voltage 7
# name 23 = sbeox0V: Oxygen raw, SBE 43 [V]
# name 24 = sbeox1V: Oxygen raw, SBE 43, 2 [V]
# name 25 = sal00: Salinity, Practical [PSU]
# name 26 = sal11: Salinity, Practical, 2 [PSU]
# name 27 = sigma-é00: Density [sigma-theta, kg/m^3]
# name 28 = sigma-é11: Density, 2 [sigma-theta, kg/m^3]
# name 29 = sbeox0Mm/L: Oxygen, SBE 43 [umol/l], WS = 2
# name 30 = sbeox1Mm/L: Oxygen, SBE 43, 2 [umol/l], WS = 2
# name 31 = sbeox0PS: Oxygen, SBE 43 [% saturation], WS = 2
# name 32 = sbeox1PS: Oxygen, SBE 43, 2 [% saturation], WS = 2
# name 33 = flag: flag
# span 0 =         62,     285686       
# span 1 =      2.559,  11903.551       
# span 2 =      2.013,   1033.996       
# span 3 = -109.86514, -109.86495       
# span 4 =   22.04200,   22.04254       
# span 5 =      2.000,   1025.000       
# span 6 =     4.4752,    27.7226       
# span 7 =     4.4511,    27.6823       
# span 8 = 3.3031e+04, 5.5492e+04       
# span 9 =   3.307486,   5.557007       
# span 10 =     0.0490,     2.3061      
# span 11 =     0.0676,     0.2082      
# span 12 =    94.9280,    98.3233      
# span 13 = -6.227e-05, 4.0808e+00      
# span 14 =          0,          0      
# span 15 =     0.5027,     2.6330      
# span 16 =     0.5129,     2.7828      
# span 17 =     0.0559,     0.2816      
# span 18 =     0.1136,     0.1212      
# span 19 =     4.4161,     4.5740      
# span 20 =    -0.0000,     0.0007      
# span 21 =     0.0071,     1.6268      
# span 22 =     0.0000,     0.0000      
# span 23 =     0.5022,     2.4567      
# span 24 =     0.5127,     2.8253      
# span 25 =    33.8474,    34.7599      
# span 26 =    33.3903,    34.8438      
# span 27 =    21.6219,    27.3629      
# span 28 =    21.2917,    27.4262      
# span 29 =      0.805,    243.013      
# span 30 =      0.910,    260.351      
# span 31 =      0.284,    105.959      
# span 32 =      0.315,    127.508      
# span 33 = 0.0000e+00, 0.0000e+00      
# interval = meters: 1                  
# start_time = Oct 18 2019 07:01:59 [NMEA time, first data scan]
# bad_flag = -9.990e-29
*END*
[from data line 897]
      52669   2194.492    906.615 -109.86510   22.04252    899.000     5.1036     5.0784 3.3532e+04   3.357673     0.0639     0.0692    98.2859 1.0000e-12          0     0.5224     0.5324     0.0574     0.1197     4.5722     0.0000     0.0085     0.0000     0.5225     0.5322    34.5148    34.5919    27.2874    27.3514      5.046      5.202      1.597      1.645 0.0000e+00
      52699   2195.753    907.626 -109.86510   22.04252    900.000     5.1026     5.0775 3.3532e+04   3.357642     0.0531     0.0696    98.2759 1.0000e-12          0     0.5225     0.5324     0.0563     0.1194     4.5718     0.0000     0.0085     0.0000     0.5225     0.5324    34.5148    34.5919    27.2875    27.3515      5.048      5.180      1.597      1.638 0.0000e+00
      52727   2196.912    908.636 -109.86510   22.04252    901.000     5.1006     5.0756 3.3530e+04   3.357545     0.0640     0.0689    98.2917 1.0000e-12          0     0.5226     0.5323     0.0574     0.1180     4.5725     0.0000     0.0085     0.0000     0.5225     0.5322    34.5147    34.5922    27.2877    27.3520      5.049      5.133      1.597      1.623 0.0000e+00
      52750   2197.893    909.647 -109.86510   22.04252    902.000     5.0896     5.0639 3.3520e+04   3.356622     0.0639     0.0690    98.2900 1.0000e-12          0     0.5226     0.5324     0.0574     0.1195     4.5724     0.0000     0.0084     0.0000     0.5225     0.5324    34.5142    34.5932    27.2885    27.3541      5.051      5.355      1.597      1.693 0.0000e+00
      52772   2198.802    910.658 -109.86510   22.04252    903.000     5.0855     5.0604 3.3517e+04   3.356292     0.0639     0.0688    98.2943 1.0000e-12          0     0.5226     0.5325     0.0574     0.1178     4.5726     0.0000     0.0085     0.0000     0.5225     0.5327    34.5142    34.5925    27.2890    27.3540      5.097      5.314      1.612      1.680 0.0000e+00
      52797   2199.840    911.668 -109.86510   22.04251    904.000     5.0851     5.0600 3.3517e+04   3.356277     0.0537     0.0689    98.2919 1.0000e-12          0     0.5226     0.5325     0.0564     0.1179     4.5725     0.0000     0.0084     0.0000     0.5226     0.5325    34.5143    34.5922    27.2891    27.3538      5.071      5.206      1.603      1.646 0.0000e+00
      52831   2201.251    912.679 -109.86510   22.04250    905.000     5.0845     5.0594 3.3518e+04   3.356272     0.0639     0.0695    98.2781 1.0000e-12          0     0.5226     0.5325     0.0574     0.1179     4.5719     0.0000     0.0085     0.0000     0.5225     0.5328    34.5153    34.5923    27.2900    27.3539      5.079      5.312      1.606      1.679 0.0000e+00
      52865   2202.670    913.690 -109.86510   22.04251    906.000     5.0839     5.0589 3.3518e+04   3.356266     0.0639     0.0695    98.2782 1.0000e-12          0     0.5226     0.5329     0.0574     0.1181     4.5719     0.0000     0.0085     0.0000     0.5227     0.5327    34.5153    34.5923    27.2901    27.3540      5.406      5.272      1.709      1.667 0.0000e+00
      52891   2203.736    914.700 -109.86510   22.04252    907.000     5.0747     5.0486 3.3509e+04   3.355529     0.0639     0.0694    98.2792 1.0000e-12          0     0.5227     0.5327     0.0574     0.1188     4.5719     0.0000     0.0084     0.0000     0.5233     0.5328    34.5147    34.5939    27.2906    27.3565      5.530      5.389      1.748      1.704 0.0000e+00
      52913   2204.665    915.711 -109.86510   22.04252    908.000     5.0635     5.0379 3.3500e+04   3.354603     0.0639     0.0698    98.2696 1.0000e-12          0     0.5226     0.5328     0.0574     0.1197     4.5715     0.0000     0.0084     0.0000     0.5233     0.5331    34.5150    34.5937    27.2922    27.3576      5.295      5.432      1.673      1.716 0.0000e+00
      52935   2205.590    916.722 -109.86510   22.04252    909.000     5.0585     5.0333 3.3496e+04   3.354183     0.0601     0.0690    98.2906 1.0000e-12          0     0.5227     0.5329     0.0570     0.1196     4.5724     0.0000     0.0085     0.0000     0.5234     0.5331    34.5153    34.5932    27.2931    27.3577      5.285      5.406      1.670      1.708 0.0000e+00
      52961   2206.669    917.733 -109.86510   22.04252    910.000     5.0572     5.0321 3.3496e+04   3.354109     0.0562     0.0696    98.2755 1.0000e-12          0     0.5230     0.5330     0.0566     0.1191     4.5717     0.0000     0.0085     0.0000     0.5235     0.5333    34.5152    34.5930    27.2931    27.3577      5.401      5.415      1.707      1.711 0.0000e+00
      52997   2208.175    918.743 -109.86510   22.04252    911.000     5.0564     5.0312 3.3495e+04   3.354068     0.0637     0.0689    98.2923 1.0000e-12          0     0.5235     0.5332     0.0574     0.1182     4.5725     0.0000     0.0084     0.0000     0.5236     0.5333    34.5150    34.5930    27.2930    27.3578      5.347      5.402      1.690      1.707 0.0000e+00
      53043   2210.095    919.754 -109.86510   22.04252    912.000     5.0515     5.0262 3.3491e+04   3.353708     0.0639     0.0688    98.2946 1.0000e-12          0     0.5235     0.5334     0.0574     0.1197     4.5726     0.0000     0.0085     0.0000     0.5237     0.5334    34.5151    34.5935    27.2937    27.3588      5.297      5.445      1.674      1.720 0.0000e+00
      53079   2211.565    920.765 -109.86512   22.04252    913.000     5.0489     5.0242 3.3490e+04   3.353543     0.0639     0.0688    98.2945 1.0000e-12          0     0.5238     0.5335     0.0574     0.1182     4.5726     0.0000     0.0085     0.0000     0.5237     0.5335    34.5153    34.5932    27.2942    27.3588      5.300      5.410      1.674      1.709 0.0000e+00
      53105   2212.650    921.775 -109.86512   22.04252    914.000     5.0412     5.0159 3.3483e+04   3.352969     0.0639     0.0688    98.2945 1.0000e-12          0     0.5238     0.5334     0.0574     0.1176     4.5726     0.0000     0.0085     0.0000     0.5237     0.5335    34.5154    34.5947    27.2951    27.3609      5.302      5.484      1.675      1.732 0.0000e+00
      53127   2213.575    922.786 -109.86512   22.04252    915.000     5.0268     5.0017 3.3471e+04   3.351718     0.0639     0.0688    98.2945 1.0000e-12          0     0.5238     0.5336     0.0574     0.1181     4.5726     0.0000     0.0085     0.0000     0.5237     0.5337    34.5156    34.5944    27.2970    27.3623      5.314      5.514      1.678      1.741 0.0000e+00
      53147   2214.417    923.797 -109.86512   22.04252    916.000     5.0212     4.9952 3.3466e+04   3.351121     0.0639     0.0687    98.2973 1.0000e-12          0     0.5238     0.5336     0.0574     0.1190     4.5727     0.0000     0.0085     0.0000     0.5237     0.5336    34.5156    34.5938    27.2976    27.3626      5.818      5.545      1.837      1.750 0.0000e+00
      53166   2215.223    924.808 -109.86512   22.04252    917.000     5.0159     4.9905 3.3462e+04   3.350746     0.0639     0.0687    98.2958 1.0000e-12          0     0.5238     0.5335     0.0574     0.1196     4.5727     0.0000     0.0085     0.0000     0.5246     0.5339    34.5155    34.5937    27.2981    27.3631      5.943      5.757      1.876      1.817 0.0000e+00
      53186   2216.029    925.819 -109.86512   22.04252    918.000     5.0137     4.9884 3.3461e+04   3.350616     0.0627     0.0687    98.2958 1.0000e-12          0     0.5238     0.5336     0.0573     0.1196     4.5727     0.0000     0.0085     0.0000     0.5244     0.5343    34.5157    34.5939    27.2985    27.3635      5.620      5.844      1.774      1.845 0.0000e+00
      53208   2216.954    926.829 -109.86512   22.04252    919.000     5.0086     4.9833 3.3457e+04   3.350197     0.0527     0.0687    98.2966 1.0000e-12          0     0.5238     0.5337     0.0563     0.1196     4.5727     0.0000     0.0085     0.0000     0.5248     0.5343    34.5157    34.5938    27.2992    27.3640      5.737      5.575      1.811      1.759 0.0000e+00
      53252   2218.788    927.840 -109.86512   22.04252    920.000     5.0073     4.9815 3.3456e+04   3.350031     0.0623     0.0689    98.2932 1.0000e-12          0     0.5244     0.5341     0.0572     0.1183     4.5726     0.0000     0.0085     0.0000     0.5249     0.5346    34.5156    34.5933    27.2992    27.3638      5.577      5.712      1.760      1.802 0.0000e+00
      53322   2221.690    928.851 -109.86512   22.04252    921.000     5.0066     4.9802 3.3456e+04   3.349987     0.0639     0.0681    98.3115 1.0000e-12          0     0.5250     0.5345     0.0574     0.1192     4.5734     0.0000     0.0085     0.0000     0.5249     0.5347    34.5157    34.5937    27.2994    27.3643      5.578      5.728      1.761      1.807 0.0000e+00
      53350   2222.876    929.861 -109.86512   22.04252    922.000     5.0012     4.9762 3.3451e+04   3.349681     0.0639     0.0682    98.3086 1.0000e-12          0     0.5250     0.5348     0.0574     0.1189     4.5733     0.0000     0.0085     0.0000     0.5249     0.5350    34.5157    34.5938    27.3000    27.3648      5.546      5.781      1.750      1.824 0.0000e+00
      53373   2223.843    930.872 -109.86512   22.04252    923.000     4.9995     4.9744 3.3450e+04   3.349568     0.0573     0.0687    98.2970 1.0000e-12          0     0.5250     0.5347     0.0568     0.1189     4.5727     0.0000     0.0084     0.0000     0.5250     0.5349    34.5157    34.5938    27.3002    27.3650      5.785      5.696      1.825      1.797 0.0000e+00
      53394   2224.688    931.883 -109.86512   22.04252    924.000     4.9985     4.9734 3.3450e+04   3.349529     0.0517     0.0686    98.2989 1.0000e-12          0     0.5250     0.5350     0.0562     0.1176     4.5728     0.0000     0.0085     0.0000     0.5252     0.5348    34.5158    34.5939    27.3004    27.3652      5.554      5.844      1.752      1.844 0.0000e+00
      53413   2225.501    932.894 -109.86512   22.04252    925.000     4.9964     4.9708 3.3449e+04   3.349385     0.0517     0.0682    98.3078 1.0000e-12          0     0.5251     0.5348     0.0562     0.1182     4.5733     0.0000     0.0084     0.0000     0.5250     0.5352    34.5162    34.5944    27.3010    27.3659      5.507      5.898      1.737      1.861 0.0000e+00
      53433   2226.333    933.904 -109.86512   22.04252    926.000     4.9892     4.9639 3.3442e+04   3.348822     0.0627     0.0678    98.3182 1.0000e-12          0     0.5250     0.5351     0.0573     0.1196     4.5738     0.0000     0.0084     0.0000     0.5251     0.5352    34.5158    34.5946    27.3015    27.3669      5.859      5.785      1.848      1.825 0.0000e+00
      53456   2227.287    934.915 -109.86512   22.04252    927.000     4.9858     4.9608 3.3440e+04   3.348559     0.0547     0.0684    98.3030 1.0000e-12          0     0.5251     0.5350     0.0565     0.1185     4.5730     0.0000     0.0085     0.0000     0.5254     0.5353    34.5160    34.5942    27.3021    27.3669      5.975      5.978      1.885      1.886 0.0000e+00
      53489   2228.673    935.926 -109.86512   22.04252    928.000     4.9841     4.9594 3.3439e+04   3.348458     0.0619     0.0688    98.2948 1.0000e-12          0     0.5252     0.5351     0.0572     0.1194     4.5726     0.0000     0.0085     0.0000     0.5257     0.5354    34.5158    34.5940    27.3021    27.3670      5.794      5.872      1.827      1.852 0.0000e+00
      53531   2230.432    936.937 -109.86512   22.04252    929.000     4.9832     4.9580 3.3439e+04   3.348371     0.0564     0.0686    98.2987 1.0000e-12          0     0.5254     0.5353     0.0567     0.1186     4.5728     0.0000     0.0084     0.0000     0.5258     0.5356    34.5166    34.5939    27.3029    27.3670      5.856      5.926      1.847      1.869 0.0000e+00
      53564   2231.776    937.948 -109.86512   22.04252    930.000     4.9813     4.9564 3.3438e+04   3.348282     0.0626     0.0688    98.2935 1.0000e-12          0     0.5259     0.5357     0.0573     0.1194     4.5726     0.0000     0.0085     0.0000     0.5261     0.5356    34.5171    34.5941    27.3035    27.3674      5.960      5.903      1.880      1.862 0.0000e+00
      53591   2232.906    938.959 -109.86512   22.04252    931.000     4.9810     4.9562 3.3438e+04   3.348300     0.0639     0.0688    98.2954 1.0000e-12          0     0.5258     0.5356     0.0574     0.1181     4.5726     0.0000     0.0085     0.0000     0.5261     0.5358    34.5171    34.5940    27.3035    27.3674      5.758      5.902      1.816      1.861 0.0000e+00
      53618   2234.040    939.969 -109.86512   22.04252    932.000     4.9798     4.9548 3.3438e+04   3.348235     0.0639     0.0686    98.2985 1.0000e-12          0     0.5258     0.5357     0.0574     0.1196     4.5728     0.0000     0.0085     0.0000     0.5261     0.5357    34.5171    34.5942    27.3036    27.3676      5.901      6.016      1.861      1.897 0.0000e+00
      53647   2235.238    940.980 -109.86512   22.04252    933.000     4.9790     4.9541 3.3437e+04   3.348213     0.0639     0.0687    98.2962 1.0000e-12          0     0.5262     0.5358     0.0574     0.1197     4.5727     0.0000     0.0085     0.0000     0.5262     0.5358    34.5170    34.5941    27.3037    27.3677      5.824      5.822      1.837      1.836 0.0000e+00
      53676   2236.479    941.991 -109.86512   22.04252    934.000     4.9765     4.9513 3.3436e+04   3.348059     0.0639     0.0688    98.2945 1.0000e-12          0     0.5262     0.5359     0.0574     0.1197     4.5726     0.0000     0.0085     0.0000     0.5262     0.5358    34.5172    34.5947    27.3041    27.3685      5.818      5.991      1.835      1.889 0.0000e+00
      53704   2237.642    943.002 -109.86512   22.04252    935.000     4.9684     4.9433 3.3429e+04   3.347387     0.0639     0.0688    98.2945 1.0000e-12          0     0.5263     0.5358     0.0574     0.1197     4.5726     0.0000     0.0085     0.0000     0.5262     0.5358    34.5172    34.5948    27.3050    27.3695      5.820      5.939      1.835      1.872 0.0000e+00
      53734   2238.860    944.013 -109.86512   22.04252    936.000     4.9665     4.9416 3.3428e+04   3.347247     0.0639     0.0687    98.2963 1.0000e-12          0     0.5263     0.5359     0.0574     0.1195     4.5727     0.0000     0.0085     0.0000     0.5262     0.5360    34.5177    34.5944    27.3057    27.3693      5.821      6.018      1.835      1.897 0.0000e+00
      53763   2240.085    945.023 -109.86512   22.04252    937.000     4.9652     4.9396 3.3427e+04   3.347166     0.0639     0.0698    98.2696 1.0000e-12          0     0.5263     0.5359     0.0574     0.1196     4.5715     0.0000     0.0085     0.0000     0.5262     0.5360    34.5173    34.5950    27.3056    27.3701      5.929      5.987      1.869      1.887 0.0000e+00
      53790   2241.212    946.034 -109.86512   22.04252    938.000     4.9507     4.9252 3.3414e+04   3.345927     0.0639     0.0688    98.2936 1.0000e-12          0     0.5263     0.5359     0.0574     0.1196     4.5726     0.0000     0.0085     0.0000     0.5264     0.5361    34.5164    34.5951    27.3065    27.3718      6.146      6.196      1.937      1.953 0.0000e+00
      53816   2242.295    947.045 -109.86512   22.04252    939.000     4.9439     4.9183 3.3408e+04   3.345390     0.0639     0.0688    98.2935 1.0000e-12          0     0.5263     0.5360     0.0574     0.1196     4.5726     0.0000     0.0085     0.0000     0.5269     0.5366    34.5166    34.5956    27.3074    27.3730      6.379      6.296      2.010      1.984 0.0000e+00
