data/ctd-cnv/KM1919/KM1919-St22-P3/St22_P3_cast68-align-cellTM-derive-bin.cnv
* Sea-Bird SBE 9 Data File:
* FileName = C:\Users\otg\Desktop\CTD Data\km1920\St22_P3_cast68.hex
* Software Version Seasave V 7.26.7.107
* Temperature SN = 5554
* Conductivity SN = 3876
* Number of Bytes Per Scan = 41
* Number of Voltage Words = 4
* Number of Scans Averaged by the Deck Unit = 1
* NMEA Latitude = 21 53.37 N
* NMEA Longitude = 109 56.50 W
* NMEA UTC (Time) = Oct 16 2019  04:28:05
* NMEA baud rate = 4800
** Ship: Kilo Moana
** Station: St22  P3 cast 68
** Operator: rk
** sno catchers
# nquan = 34
# nvalues = 348                         
# units = specified
# name 0 = scan: Scan Count
# name 1 = timeS: Time, Elapsed [seconds]
# name 2 = prDM: Pressure, Digiquartz [db]
# name 3 = longitude: Longitude [deg]
# name 4 = latitude: Latitude [deg]
# name 5 = depSM: Depth [salt water, m]
# name 6 = t090C: Temperature [ITS-90, deg C]
# name 7 = t190C: Temperature, 2 [ITS-90, deg C]
# name 8 = c0uS/cm: Conductivity [uS/cm]
# name 9 = c1S/m: Conductivity, 2 [S/m]
# name 10 = flECO-AFL: Fluorescence, WET Labs ECO-AFL/FL [mg/m^3]
# name 11 = CStarAt0: Beam Attenuation, WET Labs C-Star [1/m]
# name 12 = CStarTr0: Beam Transmission, WET Labs C-Star [%]
# name 13 = par: PAR/Irradiance, Biospherical/Licor
# name 14 = modError: Modulo Error Count
# name 15 = v0: Voltage 0
# name 16 = v1: Voltage 1
# name 17 = v2: Voltage 2
# name 18 = v3: Voltage 3
# name 19 = v4: Voltage 4
# name 20 = v5: Voltage 5
# name 21 = v6: Voltage 6
# name 22 = v7: Voltage 7
# name 23 = sbeox0V: Oxygen raw, SBE 43 [V]
# name 24 = sbeox1V: Oxygen raw, SBE 43, 2 [V]
# name 25 = sal00: Salinity, Practical [PSU]
# name 26 = sal11: Salinity, Practical, 2 [PSU]
# name 27 = sigma-é00: Density [sigma-theta, kg/m^3]
# name 28 = sigma-é11: Density, 2 [sigma-theta, kg/m^3]
# name 29 = sbeox0Mm/L: Oxygen, SBE 43 [umol/l], WS = 2
# name 30 = sbeox1Mm/L: Oxygen, SBE 43, 2 [umol/l], WS = 2
# name 31 = sbeox0PS: Oxygen, SBE 43 [% saturation], WS = 2
# name 32 = sbeox1PS: Oxygen, SBE 43, 2 [% saturation], WS = 2
# name 33 = flag: flag
# span 0 =         -9,      25903       
# span 1 =     -0.412,   1079.238       
# span 2 =      7.044,    356.524       
# span 3 = -109.94162, -109.94148       
# span 4 =   21.88945,   21.88954       
# span 5 =      7.000,    354.000       
# span 6 =     9.7880,    27.8058       
# span 7 =     9.7564,    27.8340       
# span 8 = 3.7677e+04, 5.5270e+04       
# span 9 =   3.772479,   5.545953       
# span 10 =     0.0414,     1.1264      
# span 11 =     0.0603,     0.1254      
# span 12 =    96.9136,    98.5046      
# span 13 = -6.310e-04, 1.9423e+00      
# span 14 =          0,          0      
# span 15 =     0.5032,     2.5084      
# span 16 =     0.5139,     2.4982      
# span 17 =     0.0551,     0.1636      
# span 18 =     0.1135,     0.1173      
# span 19 =     4.5084,     4.5824      
# span 20 =     0.0000,     0.0000      
# span 21 =     0.0049,     1.3251      
# span 22 =     0.0000,     0.0000      
# span 23 =     0.5027,     2.5106      
# span 24 =     0.5133,     2.4956      
# span 25 =    33.9323,    34.7754      
# span 26 =    34.0187,    34.8577      
# span 27 =    21.7952,    26.6966      
# span 28 =    22.0708,    26.7638      
# span 29 =      0.903,    241.430      
# span 30 =      1.021,    252.534      
# span 31 =      0.320,    108.341      
# span 32 =      0.362,    113.298      
# span 33 = 0.0000e+00, 0.0000e+00      
# interval = meters: 1                  
# start_time = Oct 16 2019 04:30:01 [NMEA time, first data scan]
# bad_flag = -9.990e-29
*END*
[from data line 171]
      15135    630.597    179.192 -109.94158   21.88952    178.000    12.3633    12.3316 4.0152e+04   4.020895     0.0565     0.0688    98.2935 1.0000e-12          0     0.5104     0.5218     0.0566     0.1146     4.5726     0.0000     0.0085     0.0000     0.5096     0.5207    34.7318    34.8166    26.3154    26.3874      2.013      2.189      0.749      0.815 0.0000e+00
      15177    632.328    180.199 -109.94158   21.88952    179.000    12.3209    12.2889 4.0106e+04   4.016314     0.0414     0.0656    98.3722 1.0000e-12          0     0.5096     0.5213     0.0551     0.1145     4.5763     0.0000     0.0085     0.0000     0.5099     0.5215    34.7264    34.8114    26.3195    26.3916      1.995      2.383      0.742      0.886 0.0000e+00
      15209    633.687    181.207 -109.94158   21.88952    180.000    12.2644    12.2326 4.0047e+04   4.010481     0.0478     0.0653    98.3796 1.0000e-12          0     0.5102     0.5214     0.0558     0.1147     4.5766     0.0000     0.0084     0.0000     0.5096     0.5216    34.7217    34.8068    26.3268    26.3989      1.607      2.088      0.597      0.775 0.0000e+00
      15242    635.032    182.214 -109.94158   21.88952    181.000    12.2773    12.2475 4.0070e+04   4.012295     0.0579     0.0640    98.4114 1.0000e-12          0     0.5104     0.5217     0.0568     0.1148     4.5781     0.0000     0.0085     0.0000     0.5080     0.5202    34.7311    34.8101    26.3316    26.3987      1.199      1.684      0.446      0.625 0.0000e+00
      15282    636.721    183.221 -109.94158   21.88952    182.000    12.3215    12.2931 4.0133e+04   4.018704     0.0563     0.0705    98.2534 1.0000e-12          0     0.5105     0.5222     0.0566     0.1147     4.5708     0.0000     0.0084     0.0000     0.5068     0.5186    34.7504    34.8294    26.3381    26.4049      1.209      1.564      0.450      0.581 0.0000e+00
      15331    638.741    184.228 -109.94158   21.88952    183.000    12.3440    12.3133 4.0164e+04   4.021815     0.0575     0.0775    98.0827 1.0000e-12          0     0.5085     0.5206     0.0568     0.1148     4.5628     0.0000     0.0085     0.0000     0.5058     0.5176    34.7590    34.8403    26.3404    26.4095      1.189      1.542      0.442      0.574 0.0000e+00
      15364    640.129    185.235 -109.94158   21.88952    184.000    12.3407    12.3103 4.0162e+04   4.021717     0.0570     0.0771    98.0905 1.0000e-12          0     0.5074     0.5192     0.0567     0.1147     4.5632     0.0000     0.0085     0.0000     0.5052     0.5172    34.7596    34.8417    26.3416    26.4112      1.094      1.501      0.407      0.558 0.0000e+00
      15391    641.237    186.242 -109.94158   21.88952    185.000    12.3225    12.2917 4.0146e+04   4.020247     0.0564     0.0774    98.0847 1.0000e-12          0     0.5068     0.5187     0.0566     0.1148     4.5629     0.0000     0.0085     0.0000     0.5051     0.5170    34.7612    34.8443    26.3463    26.4168      1.250      1.535      0.465      0.571 0.0000e+00
      15417    642.327    187.250 -109.94158   21.88952    186.000    12.2870    12.2549 4.0111e+04   4.016836     0.0536     0.0771    98.0914 1.0000e-12          0     0.5064     0.5181     0.0564     0.1148     4.5632     0.0000     0.0085     0.0000     0.5049     0.5172    34.7596    34.8450    26.3520    26.4245      1.161      1.579      0.431      0.587 0.0000e+00
      15446    643.560    188.257 -109.94158   21.88952    187.000    12.2681    12.2376 4.0092e+04   4.014813     0.0532     0.0767    98.1013 1.0000e-12          0     0.5058     0.5178     0.0563     0.1148     4.5637     0.0000     0.0085     0.0000     0.5049     0.5169    34.7588    34.8411    26.3550    26.4248      1.220      1.468      0.453      0.545 0.0000e+00
      15486    645.212    189.264 -109.94158   21.88952    188.000    12.2636    12.2330 4.0088e+04   4.014351     0.0574     0.0763    98.1107 1.0000e-12          0     0.5056     0.5177     0.0567     0.1148     4.5641     0.0000     0.0085     0.0000     0.5049     0.5169    34.7583    34.8405    26.3556    26.4253      1.223      1.536      0.454      0.570 0.0000e+00
      15529    647.014    190.271 -109.94158   21.88952    189.000    12.2487    12.2179 4.0074e+04   4.012972     0.0562     0.0763    98.1101 1.0000e-12          0     0.5055     0.5176     0.0566     0.1148     4.5641     0.0000     0.0084     0.0000     0.5049     0.5168    34.7579    34.8407    26.3581    26.4284      1.223      1.522      0.454      0.565 0.0000e+00
      15566    648.536    191.278 -109.94158   21.88952    190.000    12.2332    12.2015 4.0059e+04   4.011440     0.0558     0.0764    98.1091 1.0000e-12          0     0.5055     0.5175     0.0566     0.1148     4.5640     0.0000     0.0084     0.0000     0.5049     0.5168    34.7573    34.8407    26.3606    26.4315      1.229      1.513      0.456      0.561 0.0000e+00
      15597    649.815    192.286 -109.94158   21.88952    191.000    12.2158    12.1832 4.0042e+04   4.009548     0.0538     0.0763    98.1106 1.0000e-12          0     0.5055     0.5174     0.0564     0.1148     4.5641     0.0000     0.0084     0.0000     0.5049     0.5168    34.7563    34.8390    26.3633    26.4337      1.235      1.509      0.458      0.560 0.0000e+00
      15631    651.233    193.293 -109.94158   21.88952    192.000    12.1817    12.1500 4.0006e+04   4.006317     0.0544     0.0762    98.1121 1.0000e-12          0     0.5055     0.5174     0.0564     0.1148     4.5642     0.0000     0.0085     0.0000     0.5049     0.5168    34.7531    34.8380    26.3674    26.4394      1.200      1.474      0.445      0.546 0.0000e+00
      15669    652.817    194.300 -109.94158   21.88952    193.000    12.1441    12.1133 3.9967e+04   4.002328     0.0534     0.0749    98.1444 1.0000e-12          0     0.5055     0.5174     0.0563     0.1148     4.5656     0.0000     0.0085     0.0000     0.5049     0.5165    34.7499    34.8330    26.3721    26.4426      1.238      1.458      0.459      0.540 0.0000e+00
      15708    654.454    195.307 -109.94158   21.88952    194.000    12.1360    12.1057 3.9960e+04   4.001527     0.0565     0.0742    98.1638 1.0000e-12          0     0.5055     0.5174     0.0566     0.1148     4.5665     0.0000     0.0084     0.0000     0.5049     0.5166    34.7498    34.8319    26.3736    26.4432      1.227      1.477      0.455      0.547 0.0000e+00
      15746    656.056    196.314 -109.94158   21.88952    195.000    12.1312    12.1009 3.9957e+04   4.001207     0.0564     0.0745    98.1561 1.0000e-12          0     0.5055     0.5170     0.0566     0.1148     4.5662     0.0000     0.0085     0.0000     0.5049     0.5164    34.7512    34.8328    26.3757    26.4449      1.228      1.430      0.455      0.530 0.0000e+00
      15777    657.343    197.322 -109.94158   21.88952    196.000    12.1281    12.0980 3.9956e+04   4.001064     0.0551     0.0751    98.1387 1.0000e-12          0     0.5055     0.5171     0.0565     0.1148     4.5654     0.0000     0.0085     0.0000     0.5049     0.5160    34.7521    34.8337    26.3770    26.4461      1.215      1.385      0.450      0.513 0.0000e+00
      15804    658.461    198.329 -109.94158   21.88952    197.000    12.1266    12.0961 3.9955e+04   4.001077     0.0546     0.0752    98.1370 1.0000e-12          0     0.5055     0.5171     0.0565     0.1148     4.5653     0.0000     0.0085     0.0000     0.5048     0.5164    34.7529    34.8351    26.3779    26.4476      1.224      1.494      0.454      0.553 0.0000e+00
      15830    659.545    199.336 -109.94158   21.88952    198.000    12.1162    12.0852 3.9946e+04   4.000163     0.0543     0.0752    98.1361 1.0000e-12          0     0.5055     0.5171     0.0564     0.1148     4.5653     0.0000     0.0085     0.0000     0.5049     0.5163    34.7527    34.8360    26.3798    26.4504      1.238      1.424      0.458      0.527 0.0000e+00
      15861    660.825    200.343 -109.94158   21.88952    199.000    12.0918    12.0610 3.9922e+04   3.997823     0.0535     0.0752    98.1362 1.0000e-12          0     0.5055     0.5167     0.0563     0.1148     4.5653     0.0000     0.0085     0.0000     0.5049     0.5162    34.7520    34.8353    26.3840    26.4545      1.229      1.393      0.455      0.515 0.0000e+00
      15908    662.775    201.351 -109.94158   21.88952    200.000    12.0719    12.0416 3.9902e+04   3.995761     0.0598     0.0752    98.1370 1.0000e-12          0     0.5055     0.5169     0.0570     0.1148     4.5653     0.0000     0.0085     0.0000     0.5049     0.5161    34.7507    34.8329    26.3868    26.4564      1.219      1.422      0.451      0.526 0.0000e+00
      15963    665.078    202.358 -109.94158   21.88952    201.000    12.0676    12.0375 3.9898e+04   3.995311     0.0542     0.0752    98.1370 1.0000e-12          0     0.5055     0.5167     0.0564     0.1148     4.5653     0.0000     0.0084     0.0000     0.5049     0.5162    34.7500    34.8319    26.3870    26.4564      1.243      1.453      0.460      0.537 0.0000e+00
      15994    666.394    203.365 -109.94158   21.88952    202.000    12.0628    12.0323 3.9894e+04   3.994889     0.0530     0.0752    98.1370 1.0000e-12          0     0.5055     0.5168     0.0563     0.1148     4.5653     0.0000     0.0085     0.0000     0.5049     0.5162    34.7505    34.8323    26.3884    26.4577      1.207      1.426      0.446      0.527 0.0000e+00
      16019    667.433    204.372 -109.94158   21.88952    203.000    12.0327    12.0009 3.9863e+04   3.991952     0.0532     0.0760    98.1174 1.0000e-12          0     0.5055     0.5166     0.0563     0.1147     4.5644     0.0000     0.0085     0.0000     0.5049     0.5161    34.7474    34.8325    26.3918    26.4639      1.238      1.391      0.458      0.514 0.0000e+00
      16043    668.408    205.380 -109.94158   21.88953    204.000    12.0060    11.9749 3.9836e+04   3.989264     0.0508     0.0747    98.1513 1.0000e-12          0     0.5055     0.5168     0.0561     0.1148     4.5660     0.0000     0.0085     0.0000     0.5048     0.5161    34.7460    34.8302    26.3958    26.4671      1.210      1.459      0.447      0.539 0.0000e+00
      16068    669.448    206.387 -109.94158   21.88954    205.000    11.9914    11.9611 3.9823e+04   3.987863     0.0539     0.0742    98.1629 1.0000e-12          0     0.5055     0.5168     0.0564     0.1148     4.5665     0.0000     0.0085     0.0000     0.5048     0.5161    34.7465    34.8289    26.3989    26.4687      1.221      1.373      0.451      0.507 0.0000e+00
      16099    670.759    207.394 -109.94158   21.88954    206.000    11.9764    11.9454 3.9808e+04   3.986274     0.0625     0.0742    98.1632 1.0000e-12          0     0.5055     0.5167     0.0573     0.1148     4.5665     0.0000     0.0085     0.0000     0.5049     0.5160    34.7452    34.8277    26.4008    26.4708      1.243      1.428      0.459      0.527 0.0000e+00
      16139    672.418    208.401 -109.94158   21.88954    207.000    11.9585    11.9279 3.9791e+04   3.984643     0.0529     0.0800    98.0209 1.0000e-12          0     0.5054     0.5168     0.0563     0.1148     4.5599     0.0000     0.0085     0.0000     0.5049     0.5161    34.7455    34.8277    26.4045    26.4741      1.207      1.397      0.446      0.516 0.0000e+00
      16183    674.246    209.409 -109.94158   21.88954    208.000    11.9450    11.9151 3.9779e+04   3.983437     0.0621     0.0742    98.1635 1.0000e-12          0     0.5055     0.5166     0.0572     0.1148     4.5665     0.0000     0.0085     0.0000     0.5047     0.5159    34.7458    34.8274    26.4073    26.4764      1.207      1.388      0.446      0.512 0.0000e+00
      16229    676.178    210.416 -109.94158   21.88954    209.000    11.9423    11.9127 3.9777e+04   3.983212     0.0546     0.0737    98.1747 1.0000e-12          0     0.5054     0.5167     0.0565     0.1148     4.5671     0.0000     0.0085     0.0000     0.5049     0.5160    34.7455    34.8270    26.4076    26.4765      1.256      1.402      0.464      0.517 0.0000e+00
      16268    677.780    211.423 -109.94158   21.88954    210.000    11.9407    11.9105 3.9776e+04   3.983053     0.0614     0.0742    98.1633 1.0000e-12          0     0.5054     0.5165     0.0571     0.1148     4.5665     0.0000     0.0085     0.0000     0.5048     0.5160    34.7457    34.8270    26.4081    26.4770      1.213      1.402      0.447      0.517 0.0000e+00
      16298    679.048    212.430 -109.94158   21.88954    211.000    11.9372    11.9069 3.9773e+04   3.982789     0.0516     0.0747    98.1495 1.0000e-12          0     0.5054     0.5166     0.0562     0.1148     4.5659     0.0000     0.0085     0.0000     0.5049     0.5157    34.7456    34.8274    26.4087    26.4780      1.185      1.336      0.437      0.493 0.0000e+00
      16321    680.008    213.438 -109.94158   21.88954    212.000    11.9233    11.8925 3.9761e+04   3.981621     0.0529     0.0742    98.1633 1.0000e-12          0     0.5055     0.5165     0.0563     0.1148     4.5665     0.0000     0.0085     0.0000     0.5047     0.5159    34.7461    34.8291    26.4118    26.4821      1.176      1.405      0.434      0.518 0.0000e+00
      16341    680.829    214.445 -109.94158   21.88954    213.000    11.8970    11.8655 3.9737e+04   3.979320     0.0511     0.0747    98.1505 1.0000e-12          0     0.5055     0.5166     0.0561     0.1148     4.5659     0.0000     0.0084     0.0000     0.5046     0.5158    34.7469    34.8314    26.4174    26.4890      1.196      1.362      0.441      0.502 0.0000e+00
      16362    681.705    215.453 -109.94158   21.88954    214.000    11.8856    11.8554 3.9728e+04   3.978257     0.0497     0.0751    98.1409 1.0000e-12          0     0.5054     0.5166     0.0559     0.1148     4.5655     0.0000     0.0085     0.0000     0.5047     0.5157    34.7481    34.8300    26.4204    26.4898      1.236      1.369      0.456      0.505 0.0000e+00
      16390    682.872    216.460 -109.94158   21.88954    215.000    11.8806    11.8506 3.9723e+04   3.977801     0.0545     0.0743    98.1616 1.0000e-12          0     0.5054     0.5164     0.0564     0.1148     4.5664     0.0000     0.0084     0.0000     0.5047     0.5159    34.7477    34.8296    26.4212    26.4905      1.199      1.401      0.442      0.516 0.0000e+00
      16431    684.594    217.467 -109.94156   21.88954    216.000    11.8798    11.8497 3.9723e+04   3.977739     0.0539     0.0742    98.1626 1.0000e-12          0     0.5053     0.5164     0.0564     0.1148     4.5665     0.0000     0.0084     0.0000     0.5046     0.5158    34.7479    34.8294    26.4215    26.4905      1.160      1.390      0.428      0.512 0.0000e+00
      16476    686.456    218.474 -109.94156   21.88954    217.000    11.8735    11.8435 3.9718e+04   3.977278     0.0643     0.0741    98.1646 1.0000e-12          0     0.5053     0.5165     0.0574     0.1148     4.5666     0.0000     0.0084     0.0000     0.5046     0.5159    34.7483    34.8302    26.4230    26.4923      1.201      1.394      0.442      0.514 0.0000e+00
      16515    688.098    219.482 -109.94156   21.88954    218.000    11.8540    11.8236 3.9699e+04   3.975439     0.0543     0.0742    98.1626 1.0000e-12          0     0.5052     0.5164     0.0564     0.1148     4.5665     0.0000     0.0083     0.0000     0.5046     0.5159    34.7477    34.8304    26.4262    26.4963      1.227      1.376      0.452      0.507 0.0000e+00
      16557    689.840    220.489 -109.94156   21.88954    219.000    11.8367    11.8063 3.9682e+04   3.973789     0.0513     0.0745    98.1560 1.0000e-12          0     0.5052     0.5165     0.0561     0.1148     4.5662     0.0000     0.0085     0.0000     0.5046     0.5158    34.7473    34.8300    26.4292    26.4993      1.198      1.373      0.441      0.505 0.0000e+00
