data/ctd-cnv/KM1919/KM1919-St22-P3/St22_P3_cast73-align-cellTM-derive-bin.cnv
* Sea-Bird SBE 9 Data File:
* FileName = C:\Users\otg\Desktop\CTD Data\km1920\St22_P3_cast73.hex
* Software Version Seasave V 7.26.7.107
* Temperature SN = 5554
* Conductivity SN = 3876
* Number of Bytes Per Scan = 41
* Number of Voltage Words = 4
* Number of Scans Averaged by the Deck Unit = 1
* NMEA Latitude = 21 56.61 N
* NMEA Longitude = 109 54.46 W
* NMEA UTC (Time) = Oct 17 2019  01:54:05
* NMEA baud rate = 4800
** Ship: Kilo Moana
** Station: St22  P3 cast 73
** Operator: gr
# nquan = 34
# nvalues = 299                         
# units = specified
# name 0 = scan: Scan Count
# name 1 = timeS: Time, Elapsed [seconds]
# name 2 = prDM: Pressure, Digiquartz [db]
# name 3 = longitude: Longitude [deg]
# name 4 = latitude: Latitude [deg]
# name 5 = depSM: Depth [salt water, m]
# name 6 = t090C: Temperature [ITS-90, deg C]
# name 7 = t190C: Temperature, 2 [ITS-90, deg C]
# name 8 = c0uS/cm: Conductivity [uS/cm]
# name 9 = c1S/m: Conductivity, 2 [S/m]
# name 10 = flECO-AFL: Fluorescence, WET Labs ECO-AFL/FL [mg/m^3]
# name 11 = CStarAt0: Beam Attenuation, WET Labs C-Star [1/m]
# name 12 = CStarTr0: Beam Transmission, WET Labs C-Star [%]
# name 13 = par: PAR/Irradiance, Biospherical/Licor
# name 14 = modError: Modulo Error Count
# name 15 = v0: Voltage 0
# name 16 = v1: Voltage 1
# name 17 = v2: Voltage 2
# name 18 = v3: Voltage 3
# name 19 = v4: Voltage 4
# name 20 = v5: Voltage 5
# name 21 = v6: Voltage 6
# name 22 = v7: Voltage 7
# name 23 = sbeox0V: Oxygen raw, SBE 43 [V]
# name 24 = sbeox1V: Oxygen raw, SBE 43, 2 [V]
# name 25 = sal00: Salinity, Practical [PSU]
# name 26 = sal11: Salinity, Practical, 2 [PSU]
# name 27 = sigma-é00: Density [sigma-theta, kg/m^3]
# name 28 = sigma-é11: Density, 2 [sigma-theta, kg/m^3]
# name 29 = sbeox0Mm/L: Oxygen, SBE 43 [umol/l], WS = 2
# name 30 = sbeox1Mm/L: Oxygen, SBE 43, 2 [umol/l], WS = 2
# name 31 = sbeox0PS: Oxygen, SBE 43 [% saturation], WS = 2
# name 32 = sbeox1PS: Oxygen, SBE 43, 2 [% saturation], WS = 2
# name 33 = flag: flag
# span 0 =        173,      15486       
# span 1 =      7.175,    645.200       
# span 2 =      2.013,    302.100       
# span 3 = -109.90770, -109.90764       
# span 4 =   21.94318,   21.94325       
# span 5 =      2.000,    300.000       
# span 6 =    10.4529,    27.8849       
# span 7 =    10.4230,    27.8441       
# span 8 = 3.8320e+04, 5.5587e+04       
# span 9 =   3.837530,   5.566477       
# span 10 =     0.0394,     1.4161      
# span 11 =     0.0601,     0.1447      
# span 12 =    96.4465,    98.5087      
# span 13 = -1.008e-05, 4.8659e+00      
# span 14 =          0,          0      
# span 15 =     0.5041,     2.4903      
# span 16 =     0.5141,     2.4699      
# span 17 =     0.0549,     0.1926      
# span 18 =     0.1125,     0.1158      
# span 19 =     4.4867,     4.5826      
# span 20 =     0.0000,     0.0000      
# span 21 =     0.0080,     1.6870      
# span 22 =     0.0000,     0.0000      
# span 23 =     0.5033,     2.4676      
# span 24 =     0.5133,     2.4482      
# span 25 =    33.9401,    34.7672      
# span 26 =    34.0380,    34.8545      
# span 27 =    22.1574,    26.6157      
# span 28 =    22.2346,    26.6870      
# span 29 =      0.925,    239.077      
# span 30 =      0.916,    250.384      
# span 31 =      0.343,    106.406      
# span 32 =      0.329,    111.067      
# span 33 = 0.0000e+00, 0.0000e+00      
# interval = meters: 1                  
# start_time = Oct 17 2019 02:02:34 [NMEA time, first data scan]
# bad_flag = -9.990e-29
*END*
        173      7.175      2.013 -109.90770   21.94322      2.000    27.8809    27.8403 5.5582e+04   5.566010     0.1481     0.1042    97.4291 4.8659e+00          0     2.3422     2.3241     0.0658     0.1147     4.5324     0.0000     1.6870     0.0000     2.3413     2.3256    34.6341    34.7193    22.1585    22.2357    197.429    207.458     97.699    102.642 0.0000e+00
        490     20.370      3.019 -109.90769   21.94322      3.000    27.8823    27.8441 5.5583e+04   5.566477     0.1367     0.1068    97.3650 4.1820e+00          0     2.3459     2.3181     0.0647     0.1148     4.5294     0.0000     1.6136     0.0000     2.3438     2.3301    34.6341    34.7194    22.1581    22.2346    197.494    207.618     97.734    102.728 0.0000e+00
        668     27.812      4.025 -109.90768   21.94322      4.000    27.8849    27.8430 5.5587e+04   5.566416     0.1364     0.1025    97.4704 3.0654e+00          0     2.3455     2.3312     0.0646     0.1148     4.5343     0.0000     1.4962     0.0000     2.3422     2.3257    34.6342    34.7195    22.1574    22.2352    197.791    207.111     97.885    102.475 0.0000e+00
        727     30.270      5.031 -109.90768   21.94322      5.000    27.8724    27.8306 5.5573e+04   5.565260     0.1356     0.1027    97.4652 2.7198e+00          0     2.3440     2.3320     0.0646     0.1147     4.5341     0.0000     1.4425     0.0000     2.3424     2.3272    34.6336    34.7203    22.1611    22.2399    197.580    207.478     97.760    102.636 0.0000e+00
        798     33.216      6.038 -109.90768   21.94322      6.000    27.8804    27.8395 5.5583e+04   5.566073     0.1361     0.1042    97.4286 1.9068e+00          0     2.3420     2.3262     0.0646     0.1147     4.5324     0.0000     1.3003     0.0000     2.3387     2.3242    34.6341    34.7191    22.1590    22.2362    197.258    207.192     97.614    102.509 0.0000e+00
        896     37.305      7.044 -109.90768   21.94322      7.000    27.8500    27.8029 5.5549e+04   5.562950     0.1546     0.1037    97.4410 1.4327e+00          0     2.3384     2.3265     0.0665     0.1147     4.5330     0.0000     1.1790     0.0000     2.3394     2.3270    34.6323    34.7238    22.1675    22.2517    198.057    207.942     97.959    102.822 0.0000e+00
        921     38.317      8.050 -109.90768   21.94322      8.000    27.8067    27.7622 5.5501e+04   5.557164     0.1372     0.1031    97.4548 1.5452e+00          0     2.3347     2.3223     0.0647     0.1147     4.5336     0.0000     1.2242     0.0000     2.3426     2.3276    34.6306    34.7130    22.1804    22.2569    197.911    208.102     97.816    102.826 0.0000e+00
        964     40.141      9.057 -109.90768   21.94322      9.000    27.8271    27.7797 5.5524e+04   5.559474     0.1365     0.1031    97.4541 1.0732e+00          0     2.3390     2.3249     0.0646     0.1148     4.5336     0.0000     1.0757     0.0000     2.3392     2.3278    34.6312    34.7160    22.1744    22.2535    197.778    207.802     97.784    102.709 0.0000e+00
       1027     42.736     10.063 -109.90768   21.94322     10.000    27.8039    27.7651 5.5499e+04   5.558296     0.1460     0.1034    97.4485 9.7250e-01          0     2.3398     2.3285     0.0656     0.1148     4.5333     0.0000     1.0264     0.0000     2.3410     2.3236    34.6304    34.7182    22.1813    22.2600    197.870    207.406     97.792    102.490 0.0000e+00
       1113     46.316     11.069 -109.90768   21.94322     11.000    27.7188    27.6820 5.5404e+04   5.548776     0.1402     0.1047    97.4165 7.3615e-01          0     2.3408     2.3243     0.0650     0.1148     4.5318     0.0000     0.9295     0.0000     2.3396     2.3242    34.6261    34.7124    22.2058    22.2826    198.164    207.897     97.798    102.589 0.0000e+00
       1186     49.373     12.076 -109.90768   21.94322     12.000    27.6695    27.6283 5.5354e+04   5.543421     0.1416     0.1031    97.4549 5.0985e-01          0     2.3388     2.3256     0.0651     0.1148     4.5336     0.0000     0.7935     0.0000     2.3395     2.3239    34.6272    34.7141    22.2227    22.3014    198.019    208.094     97.648    102.596 0.0000e+00
       1218     50.709     13.082 -109.90768   21.94322     13.000    27.6611    27.6207 5.5347e+04   5.542656     0.1437     0.1037    97.4398 4.7116e-01          0     2.3400     2.3232     0.0653     0.1147     4.5329     0.0000     0.7614     0.0000     2.3362     2.3211    34.6280    34.7141    22.2261    22.3039    198.008    207.420     97.630    102.251 0.0000e+00
       1256     52.289     14.088 -109.90768   21.94322     14.000    27.6558    27.6155 5.5342e+04   5.542169     0.1526     0.1037    97.4406 4.8810e-01          0     2.3399     2.3236     0.0663     0.1147     4.5330     0.0000     0.7752     0.0000     2.3385     2.3201    34.6284    34.7142    22.2282    22.3058    198.500    207.756     97.863    102.408 0.0000e+00
       1339     55.763     15.095 -109.90768   21.94320     15.000    27.6534    27.6133 5.5341e+04   5.542016     0.1530     0.1047    97.4158 3.6594e-01          0     2.3370     2.3207     0.0663     0.1147     4.5318     0.0000     0.6699     0.0000     2.3353     2.3200    34.6291    34.7144    22.2296    22.3068    197.926    207.793     97.577    102.423 0.0000e+00
       1447     60.256     16.101 -109.90768   21.94320     16.000    27.6496    27.6095 5.5339e+04   5.541755     0.1864     0.1050    97.4096 3.1384e-01          0     2.3345     2.3203     0.0696     0.1148     4.5315     0.0000     0.6286     0.0000     2.3387     2.3209    34.6297    34.7151    22.2313    22.3086    199.110    207.846     98.155    102.443 0.0000e+00
       1487     61.903     17.107 -109.90768   21.94320     17.000    27.6472    27.6071 5.5338e+04   5.541723     0.1670     0.1045    97.4202 2.2232e-01          0     2.3347     2.3204     0.0677     0.1147     4.5320     0.0000     0.5125     0.0000     2.3400     2.3227    34.6308    34.7164    22.2330    22.3104    198.240    208.126     97.723    102.578 0.0000e+00
       1541     64.164     18.113 -109.90768   21.94320     18.000    27.6426    27.6026 5.5335e+04   5.541398     0.1586     0.1049    97.4104 2.3445e-01          0     2.3397     2.3213     0.0669     0.1148     4.5315     0.0000     0.5282     0.0000     2.3377     2.3208    34.6316    34.7170    22.2352    22.3124    198.555    208.078     97.871    102.547 0.0000e+00
       1599     66.566     19.120 -109.90768   21.94320     19.000    27.6375    27.5977 5.5330e+04   5.540977     0.1580     0.1053    97.4011 1.7238e-01          0     2.3378     2.3206     0.0668     0.1147     4.5311     0.0000     0.4422     0.0000     2.3365     2.3224    34.6317    34.7174    22.2370    22.3143    198.072    208.116     97.625    102.558 0.0000e+00
       1701     70.848     20.126 -109.90769   21.94320     20.000    27.6339    27.5940 5.5327e+04   5.540575     0.1646     0.1046    97.4189 1.6638e-01          0     2.3366     2.3231     0.0675     0.1147     4.5319     0.0000     0.4325     0.0000     2.3333     2.3218    34.6321    34.7170    22.2385    22.3153    197.993    208.141     97.581    102.563 0.0000e+00
       1751     72.905     21.133 -109.90770   21.94320     21.000    27.6287    27.5888 5.5322e+04   5.540057     0.1595     0.1055    97.3983 1.1951e-01          0     2.3348     2.3222     0.0670     0.1147     4.5310     0.0000     0.3442     0.0000     2.3358     2.3216    34.6320    34.7169    22.2402    22.3170    198.552    208.370     97.847    102.667 0.0000e+00
       1822     75.868     22.139 -109.90770   21.94320     22.000    27.6254    27.5859 5.5319e+04   5.539779     0.1574     0.1058    97.3908 8.6655e-02          0     2.3339     2.3208     0.0668     0.1147     4.5306     0.0000     0.2745     0.0000     2.3385     2.3250    34.6318    34.7168    22.2412    22.3180    198.436    208.475     97.785    102.714 0.0000e+00
       1866     77.722     23.145 -109.90769   21.94320     23.000    27.6157    27.5752 5.5309e+04   5.538804     0.1746     0.1057    97.3916 6.7806e-02          0     2.3382     2.3248     0.0685     0.1147     4.5306     0.0000     0.2309     0.0000     2.3350     2.3211    34.6317    34.7176    22.2443    22.3221    198.315    208.075     97.710    102.499 0.0000e+00
       1903     79.249     24.152 -109.90768   21.94320     24.000    27.6036    27.5633 5.5296e+04   5.537508     0.1746     0.1059    97.3870 6.2445e-02          0     2.3386     2.3251     0.0685     0.1141     4.5304     0.0000     0.2172     0.0000     2.3377     2.3213    34.6310    34.7170    22.2478    22.3255    198.701    208.469     97.880    102.673 0.0000e+00
       1987     82.744     25.158 -109.90769   21.94320     25.000    27.5923    27.5515 5.5282e+04   5.536074     0.1796     0.1070    97.3617 3.6034e-02          0     2.3352     2.3222     0.0690     0.1145     4.5293     0.0000     0.1404     0.0000     2.3354     2.3214    34.6295    34.7153    22.2504    22.3281    198.434    208.369     97.730    102.603 0.0000e+00
       2079     86.583     26.164 -109.90770   21.94320     26.000    27.5482    27.5079 5.5230e+04   5.531170     0.1817     0.1073    97.3538 2.0177e-02          0     2.3366     2.3198     0.0692     0.1147     4.5289     0.0000     0.0852     0.0000     2.3323     2.3206    34.6251    34.7126    22.2614    22.3403    198.371    208.239     97.625    102.464 0.0000e+00
       2110     87.884     27.171 -109.90770   21.94320     27.000    27.5029    27.4608 5.5180e+04   5.526306     0.1924     0.1088    97.3168 6.4496e-03          0     2.3372     2.3195     0.0702     0.1148     4.5272     0.0000     0.0343     0.0000     2.3382     2.3179    34.6228    34.7130    22.2744    22.3558    200.205    208.397     98.453    102.462 0.0000e+00
       2155     89.734     28.177 -109.90769   21.94320     28.000    27.1356    27.0870 5.4749e+04   5.484333     0.2312     0.1157    97.1499 4.4578e-03          0     2.3336     2.3211     0.0741     0.1148     4.5194     0.0000     0.0272     0.0000     2.3580     2.3337    34.5894    34.6928    22.3671    22.4605    204.489    212.862     99.930    103.998 0.0000e+00
       2247     93.602     29.184 -109.90768   21.94320     29.000    26.3431    26.3236 5.3840e+04   5.394578     0.4606     0.1314    96.7693 3.3828e-04          0     2.3587     2.3367     0.0970     0.1147     4.5017     0.0000     0.0098     0.0000     2.3787     2.3584    34.5293    34.6203    22.5728    22.6473    208.493    217.654    100.518    104.952 0.0000e+00
       2348     97.790     30.190 -109.90768   21.94320     30.000    25.1539    25.0839 5.2471e+04   5.261515     0.5789     0.1372    96.6289 -1.008e-05          0     2.3871     2.3670     0.1089     0.1148     4.4952     0.0000     0.0082     0.0000     2.4124     2.3684    34.4281    34.5877    22.8639    23.0057    222.277    225.894    104.972    106.645 0.0000e+00
       2377     98.980     31.197 -109.90768   21.94320     31.000    23.3539    23.2624 5.0440e+04   5.062563     0.6118     0.1419    96.5138 1.0000e-12          0     2.3852     2.3629     0.1122     0.1148     4.4898     0.0000     0.0085     0.0000     2.4503     2.4115    34.2859    34.4989    23.2905    23.4785    232.315    240.893    106.276    110.154 0.0000e+00
       2413    100.506     32.203 -109.90768   21.94319     32.000    22.4636    22.3982 4.9455e+04   4.954976     0.6441     0.1447    96.4465 1.0000e-12          0     2.3981     2.3646     0.1154     0.1155     4.4867     0.0000     0.0085     0.0000     2.4676     2.4478    34.2227    34.3478    23.4983    23.6118    236.341    246.802    106.406    111.067 0.0000e+00
       2527    105.259     33.209 -109.90768   21.94318     33.000    21.9911    21.9794 4.8963e+04   4.910951     0.4222     0.1325    96.7414 1.0000e-12          0     2.4903     2.4699     0.0932     0.1147     4.5004     0.0000     0.0083     0.0000     2.4575     2.4482    34.2109    34.3352    23.6225    23.7200    231.953    244.292    103.555    109.119 0.0000e+00
       2559    106.596     34.216 -109.90768   21.94318     34.000    21.3827    21.3376 4.8319e+04   4.841574     0.4910     0.1374    96.6235 1.0000e-12          0     2.4706     2.4550     0.1001     0.1147     4.4949     0.0000     0.0083     0.0000     2.4385     2.4334    34.1854    34.2981    23.7714    23.8694    235.776    246.952    104.109    109.027 0.0000e+00
       2597    108.167     35.222 -109.90768   21.94318     35.000    21.1108    21.0618 4.8042e+04   4.811881     0.5537     0.1346    96.6925 1.0000e-12          0     2.4539     2.4450     0.1064     0.1148     4.4981     0.0000     0.0082     0.0000     2.4388     2.4354    34.1813    34.2821    23.8425    23.9325    236.844    249.064    104.068    109.404 0.0000e+00
       2679    111.585     36.229 -109.90768   21.94318     36.000    21.0069    20.9899 4.7942e+04   4.805010     0.5394     0.1273    96.8671 1.0000e-12          0     2.4362     2.4328     0.1050     0.1147     4.5063     0.0000     0.0082     0.0000     2.4288     2.4230    34.1839    34.2845    23.8726    23.9538    235.947    246.807    103.479    108.274 0.0000e+00
       2730    113.719     37.235 -109.90768   21.94318     37.000    20.6739    20.6055 4.7595e+04   4.765300     0.4579     0.1196    97.0551 1.0000e-12          0     2.4322     2.4292     0.0968     0.1148     4.5150     0.0000     0.0082     0.0000     2.4264     2.4215    34.1724    34.2747    23.9537    24.0499    236.967    249.252    103.297    108.582 0.0000e+00
       2789    116.182     38.242 -109.90768   21.94318     38.000    20.4338    20.3696 4.7341e+04   4.738519     0.3508     0.1111    97.2605 1.0000e-12          0     2.4285     2.4207     0.0860     0.1147     4.5246     0.0000     0.0084     0.0000     2.4165     2.4133    34.1607    34.2486    24.0089    24.0929    236.427    248.194    102.605    107.642 0.0000e+00
       2835    118.087     39.248 -109.90768   21.94318     39.000    20.1306    20.0888 4.7010e+04   4.709310     0.3952     0.1124    97.2284 1.0000e-12          0     2.4237     2.4207     0.0905     0.1147     4.5231     0.0000     0.0083     0.0000     2.4085     2.3971    34.1373    34.2386    24.0714    24.1596    237.339    247.545    102.418    106.804 0.0000e+00
       2871    119.572     40.254 -109.90768   21.94318     40.000    19.8730    19.8319 4.6732e+04   4.681380     0.4756     0.1165    97.1298 1.0000e-12          0     2.4169     2.4140     0.0986     0.1147     4.5185     0.0000     0.0081     0.0000     2.4066     2.3951    34.1185    34.2193    24.1246    24.2122    239.077    249.770    102.670    107.244 0.0000e+00
       2914    121.356     41.261 -109.90768   21.94318     41.000    19.7600    19.7235 4.6612e+04   4.668309     0.5244     0.1175    97.1061 1.0000e-12          0     2.4096     2.3996     0.1034     0.1137     4.5174     0.0000     0.0083     0.0000     2.4052     2.3966    34.1118    34.2001    24.1490    24.2259    238.967    250.384    102.405    107.282 0.0000e+00
       3020    125.773     42.267 -109.90768   21.94318     42.000    19.6612    19.6101 4.6512e+04   4.657510     0.5431     0.1167    97.1260 1.0000e-12          0     2.4027     2.3943     0.1053     0.1145     4.5183     0.0000     0.0082     0.0000     2.3787     2.3688    34.1100    34.2036    24.1733    24.2579    234.014    245.183    100.100    104.836 0.0000e+00
       3076    128.117     43.274 -109.90768   21.94318     43.000    19.2463    19.2076 4.6065e+04   4.614052     0.5278     0.1166    97.1285 1.0000e-12          0     2.3860     2.3790     0.1038     0.1144     4.5184     0.0000     0.0082     0.0000     2.3504     2.3489    34.0797    34.1741    24.2571    24.3391    230.609    244.831     97.870    103.890 0.0000e+00
