data/ctd-cnv/KM1919/KM1919-St22-P3/St22_P3_cast78-align-cellTM-derive-bin.cnv
* Sea-Bird SBE 9 Data File:
* FileName = C:\Users\otg\Desktop\CTD Data\km1920\St22_P3_cast78.hex
* Software Version Seasave V 7.26.7.107
* Temperature SN = 5554
* Conductivity SN = 3876
* Number of Bytes Per Scan = 41
* Number of Voltage Words = 4
* Number of Scans Averaged by the Deck Unit = 1
* NMEA Latitude = 21 59.69 N
* NMEA Longitude = 109 53.25 W
* NMEA UTC (Time) = Oct 17 2019  20:23:44
* NMEA baud rate = 4800
** Ship: Kilo Moana
** Station: St22  P3 cast 78
** Operator: gr
# nquan = 34
# nvalues = 252                         
# units = specified
# name 0 = scan: Scan Count
# name 1 = timeS: Time, Elapsed [seconds]
# name 2 = prDM: Pressure, Digiquartz [db]
# name 3 = longitude: Longitude [deg]
# name 4 = latitude: Latitude [deg]
# name 5 = depSM: Depth [salt water, m]
# name 6 = t090C: Temperature [ITS-90, deg C]
# name 7 = t190C: Temperature, 2 [ITS-90, deg C]
# name 8 = c0uS/cm: Conductivity [uS/cm]
# name 9 = c1S/m: Conductivity, 2 [S/m]
# name 10 = flECO-AFL: Fluorescence, WET Labs ECO-AFL/FL [mg/m^3]
# name 11 = CStarAt0: Beam Attenuation, WET Labs C-Star [1/m]
# name 12 = CStarTr0: Beam Transmission, WET Labs C-Star [%]
# name 13 = par: PAR/Irradiance, Biospherical/Licor
# name 14 = modError: Modulo Error Count
# name 15 = v0: Voltage 0
# name 16 = v1: Voltage 1
# name 17 = v2: Voltage 2
# name 18 = v3: Voltage 3
# name 19 = v4: Voltage 4
# name 20 = v5: Voltage 5
# name 21 = v6: Voltage 6
# name 22 = v7: Voltage 7
# name 23 = sbeox0V: Oxygen raw, SBE 43 [V]
# name 24 = sbeox1V: Oxygen raw, SBE 43, 2 [V]
# name 25 = sal00: Salinity, Practical [PSU]
# name 26 = sal11: Salinity, Practical, 2 [PSU]
# name 27 = sigma-é00: Density [sigma-theta, kg/m^3]
# name 28 = sigma-é11: Density, 2 [sigma-theta, kg/m^3]
# name 29 = sbeox0Mm/L: Oxygen, SBE 43 [umol/l], WS = 2
# name 30 = sbeox1Mm/L: Oxygen, SBE 43, 2 [umol/l], WS = 2
# name 31 = sbeox0PS: Oxygen, SBE 43 [% saturation], WS = 2
# name 32 = sbeox1PS: Oxygen, SBE 43, 2 [% saturation], WS = 2
# name 33 = flag: flag
# span 0 =       -252,      14274       
# span 1 =    -10.542,    594.703       
# span 2 =      2.013,    254.743       
# span 3 = -109.88752, -109.88730       
# span 4 =   21.99441,   21.99474       
# span 5 =      2.000,    253.000       
# span 6 =    11.2825,    27.8499       
# span 7 =    11.2571,    27.8137       
# span 8 = 3.9137e+04, 5.5596e+04       
# span 9 =   3.919312,   5.567396       
# span 10 =     0.0411,     1.5274      
# span 11 =     0.0661,     0.1549      
# span 12 =    96.2004,    98.3601      
# span 13 = -2.139e-06, 2.7146e+03      
# span 14 =          0,          0      
# span 15 =     0.5038,     2.4563      
# span 16 =     0.5139,     2.4498      
# span 17 =     0.0551,     0.2037      
# span 18 =     0.1123,     0.1153      
# span 19 =     4.4752,     4.5757      
# span 20 =     0.0000,     0.0000      
# span 21 =     0.0080,     4.6119      
# span 22 =     0.0000,     0.0000      
# span 23 =     0.5031,     2.4603      
# span 24 =     0.5134,     2.4444      
# span 25 =    33.9312,    34.7660      
# span 26 =    34.0224,    34.8500      
# span 27 =    22.1924,    26.5078      
# span 28 =    22.2654,    26.5748      
# span 29 =      0.859,    238.171      
# span 30 =      0.979,    249.492      
# span 31 =      0.313,    105.322      
# span 32 =      0.357,    110.546      
# span 33 = 0.0000e+00, 0.0000e+00      
# interval = meters: 1                  
# start_time = Oct 17 2019 20:27:22 [NMEA time, first data scan]
# bad_flag = -9.990e-29
*END*
[from data line 43]
       2964    123.449     45.287 -109.88746   21.99468     45.000    19.0551    19.0154 4.5860e+04   4.592184     0.5369     0.1229    96.9745 3.6518e+01          0     2.3638     2.3575     0.1047     0.1136     4.5113     0.0000     2.5772     0.0000     2.3500     2.3459    34.0656    34.1496    24.2952    24.3694    234.608    246.434     99.206    104.182 0.0000e+00
       3035    126.405     46.293 -109.88746   21.99468     46.000    18.9052    18.8711 4.5703e+04   4.577816     0.5723     0.1230    96.9713 3.5007e+01          0     2.3529     2.3471     0.1082     0.1143     4.5111     0.0000     2.5591     0.0000     2.3251     2.3272    34.0572    34.1483    24.3268    24.4050    230.154    243.174     97.046    102.526 0.0000e+00
       3073    128.008     47.300 -109.88746   21.99468     47.000    18.7659    18.6987 4.5560e+04   4.559704     0.5916     0.1251    96.9210 3.3121e+01          0     2.3446     2.3425     0.1102     0.1136     4.5088     0.0000     2.5350     0.0000     2.3064     2.3097    34.0520    34.1388    24.3579    24.4411    228.388    241.917     96.048    101.662 0.0000e+00
       3134    130.541     48.307 -109.88746   21.99468     48.000    18.5817    18.5831 4.5375e+04   4.548498     0.7076     0.1305    96.7898 3.1165e+01          0     2.3176     2.3198     0.1218     0.1148     4.5027     0.0000     2.5087     0.0000     2.2717     2.2812    34.0488    34.1400    24.4017    24.4711    223.746    237.517     93.770     99.598 0.0000e+00
       3180    132.477     49.313 -109.88746   21.99468     49.000    18.4141    18.3811 4.5207e+04   4.528628     0.8230     0.1307    96.7852 2.9578e+01          0     2.2940     2.3009     0.1333     0.1148     4.5025     0.0000     2.4861     0.0000     2.2344     2.2461    34.0454    34.1399    24.4409    24.5214    218.189    232.209     91.151     97.003 0.0000e+00
       3215    133.915     50.320 -109.88746   21.99468     50.000    18.2305    18.1838 4.5027e+04   4.510054     0.9240     0.1354    96.6710 2.8265e+01          0     2.2737     2.2826     0.1434     0.1138     4.4971     0.0000     2.4664     0.0000     2.2103     2.2143    34.0457    34.1465    24.4866    24.5753    218.075    229.334     90.789     95.450 0.0000e+00
       3283    136.730     51.326 -109.88746   21.99468     51.000    18.0457    17.9682 4.4843e+04   4.487039     1.2922     0.1460    96.4155 2.6376e+01          0     2.2235     2.2303     0.1802     0.1147     4.4852     0.0000     2.4363     0.0000     2.1720     2.1773    34.0429    34.1307    24.5301    24.6162    214.066    226.786     88.809     93.997 0.0000e+00
       3362    140.059     52.333 -109.88746   21.99468     52.000    17.8314    17.7942 4.4628e+04   4.469568     1.4410     0.1438    96.4679 2.3882e+01          0     2.1729     2.1778     0.1951     0.1138     4.4877     0.0000     2.3936     0.0000     2.1370     2.1443    34.0375    34.1268    24.5783    24.6558    212.510    224.025     87.802     92.544 0.0000e+00
       3395    141.425     53.339 -109.88746   21.99466     53.000    17.7355    17.6974 4.4527e+04   4.459333     1.4547     0.1455    96.4284 2.2801e+01          0     2.1561     2.1639     0.1965     0.1147     4.4859     0.0000     2.3734     0.0000     2.1308     2.1355    34.0314    34.1200    24.5970    24.6741    212.384    223.335     87.586     92.085 0.0000e+00
       3436    143.143     54.346 -109.88745   21.99466     54.000    17.7056    17.6653 4.4498e+04   4.455759     1.4810     0.1453    96.4331 2.1189e+01          0     2.1405     2.1480     0.1991     0.1145     4.4861     0.0000     2.3416     0.0000     2.1206     2.1251    34.0312    34.1160    24.6041    24.6788    210.935    222.253     86.940     91.581 0.0000e+00
       3490    145.378     55.352 -109.88744   21.99466     55.000    17.6313    17.6116 4.4423e+04   4.450381     1.5274     0.1490    96.3448 1.9368e+01          0     2.1281     2.1327     0.2037     0.1144     4.4820     0.0000     2.3029     0.0000     2.1057     2.1116    34.0288    34.1146    24.6203    24.6908    208.634    220.249     85.868     90.662 0.0000e+00
       3547    147.730     56.359 -109.88744   21.99466     56.000    17.4644    17.4416 4.4242e+04   4.432868     1.5024     0.1405    96.5469 1.8522e+01          0     2.1142     2.1190     0.2012     0.1144     4.4914     0.0000     2.2837     0.0000     2.0801     2.0875    34.0129    34.1066    24.6483    24.7256    203.945    216.443     83.664     88.802 0.0000e+00
       3596    149.805     57.365 -109.88744   21.99466     57.000    17.2643    17.2335 4.4034e+04   4.410809     1.4979     0.1387    96.5918 1.7108e+01          0     2.0971     2.1037     0.2008     0.1139     4.4935     0.0000     2.2491     0.0000     2.0434     2.0567    34.0012    34.0913    24.6872    24.7637    198.378    212.369     81.064     86.777 0.0000e+00
       3655    152.259     58.372 -109.88744   21.99466     58.000    17.0122    17.0050 4.3771e+04   4.387151     1.4463     0.1367    96.6402 1.5534e+01          0     2.0634     2.0732     0.1956     0.1148     4.4957     0.0000     2.2077     0.0000     1.9892     2.0109    33.9859    34.0790    24.7354    24.8085    191.138    205.627     77.719     83.647 0.0000e+00
       3698    154.032     59.378 -109.88744   21.99466     59.000    16.7850    16.7435 4.3538e+04   4.360943     1.4259     0.1400    96.5602 1.4657e+01          0     2.0294     2.0451     0.1936     0.1147     4.4920     0.0000     2.1826     0.0000     1.9517     1.9707    33.9743    34.0719    24.7799    24.8645    187.909    200.897     76.067     81.308 0.0000e+00
       3736    155.633     60.385 -109.88744   21.99466     60.000    16.6609    16.6196 4.3415e+04   4.348030     1.4234     0.1319    96.7555 1.3814e+01          0     1.9920     2.0134     0.1933     0.1141     4.5011     0.0000     2.1570     0.0000     1.9193     1.9373    33.9717    34.0639    24.8069    24.8873    184.334    197.527     74.440     79.749 0.0000e+00
       3783    157.590     61.392 -109.88744   21.99466     61.000    16.4999    16.4831 4.3257e+04   4.333725     1.3855     0.1303    96.7945 1.2758e+01          0     1.9507     1.9696     0.1895     0.1134     4.5029     0.0000     2.1226     0.0000     1.8894     1.9083    33.9692    34.0542    24.8424    24.9116    183.166    195.569     73.736     78.745 0.0000e+00
       3840    159.959     62.398 -109.88744   21.99466     62.000    16.4402    16.4370 4.3200e+04   4.329547     1.3080     0.1280    96.8497 1.1774e+01          0     1.9051     1.9235     0.1818     0.1145     4.5055     0.0000     2.0882     0.0000     1.8605     1.8814    33.9696    34.0565    24.8565    24.9240    179.625    191.816     72.227     77.165 0.0000e+00
       3895    162.255     63.405 -109.88744   21.99466     63.000    16.3460    16.3242 4.3113e+04   4.319011     1.2906     0.1269    96.8762 1.1271e+01          0     1.8756     1.8957     0.1801     0.1142     4.5067     0.0000     2.0694     0.0000     1.8346     1.8501    33.9734    34.0597    24.8812    24.9525    176.976    187.595     71.034     75.303 0.0000e+00
       3942    164.219     64.411 -109.88744   21.99466     64.000    16.2943    16.2596 4.3069e+04   4.313131     1.2890     0.1251    96.9199 1.0582e+01          0     1.8516     1.8717     0.1799     0.1141     4.5087     0.0000     2.0422     0.0000     1.8175     1.8282    33.9784    34.0626    24.8969    24.9696    176.340    186.017     70.709     74.577 0.0000e+00
       3994    166.369     65.418 -109.88744   21.99466     65.000    16.2889    16.2540 4.3070e+04   4.312956     1.2600     0.1253    96.9154 9.7988e+00          0     1.8286     1.8425     0.1770     0.1147     4.5085     0.0000     2.0091     0.0000     1.8054     1.8149    33.9829    34.0654    24.9017    24.9731    174.771    184.668     70.074     74.029 0.0000e+00
       4047    168.591     66.424 -109.88744   21.99466     66.000    16.2819    16.2483 4.3070e+04   4.313054     1.2430     0.1244    96.9377 9.3466e+00          0     1.8128     1.8223     0.1753     0.1138     4.5096     0.0000     1.9889     0.0000     1.7896     1.8001    33.9889    34.0708    24.9080    24.9786    171.649    182.124     68.816     73.004 0.0000e+00
       4092    170.451     67.431 -109.88744   21.99466     67.000    16.2752    16.2409 4.3077e+04   4.313636     1.2116     0.1236    96.9568 8.7671e+00          0     1.8019     1.8116     0.1722     0.1141     4.5105     0.0000     1.9613     0.0000     1.7671     1.7805    33.9998    34.0819    24.9179    24.9889    166.523    177.939     66.756     71.321 0.0000e+00
       4146    172.719     68.438 -109.88744   21.99464     68.000    16.2637    16.2296 4.3090e+04   4.315015     1.2035     0.1204    97.0334 8.1324e+00          0     1.7835     1.7951     0.1714     0.1147     4.5140     0.0000     1.9291     0.0000     1.7216     1.7414    34.0211    34.1034    24.9369    25.0080    157.332    170.715     63.066     68.419 0.0000e+00
       4188    174.465     69.444 -109.88744   21.99464     69.000    16.2219    16.1864 4.3072e+04   4.313296     1.1669     0.1213    97.0141 7.6259e+00          0     1.7595     1.7734     0.1677     0.1148     4.5131     0.0000     1.9015     0.0000     1.6721     1.6987    34.0408    34.1248    24.9617    25.0344    148.505    163.101     59.486     65.321 0.0000e+00
       4228    176.139     70.451 -109.88744   21.99466     70.000    15.9624    15.9271 4.2812e+04   4.290498     1.1217     0.1207    97.0271 7.1162e+00          0     1.7232     1.7428     0.1632     0.1140     4.5137     0.0000     1.8718     0.0000     1.6286     1.6543    34.0317    34.1450    25.0134    25.1086    147.100    159.021     58.621     63.373 0.0000e+00
       4294    178.879     71.458 -109.88744   21.99466     71.000    15.0859    15.2385 4.1863e+04   4.212590     0.9470     0.1106    97.2738 6.6326e+00          0     1.6479     1.6741     0.1457     0.1146     4.5252     0.0000     1.8417     0.0000     1.5885     1.6132    33.9367    34.0420    25.1358    25.1834    147.122    157.606     57.592     61.924 0.0000e+00
       4356    181.471     72.464 -109.88744   21.99466     72.000    14.9905    14.9708 4.1766e+04   4.184746     0.8188     0.1056    97.3941 6.2220e+00          0     1.5991     1.6240     0.1329     0.1140     4.5307     0.0000     1.8144     0.0000     1.5578     1.5795    33.9312    34.0224    25.1524    25.2270    141.800    152.787     55.401     59.704 0.0000e+00
       4393    183.010     73.471 -109.88746   21.99466     73.000    14.8926    14.8568 4.1674e+04   4.174093     0.8053     0.1071    97.3596 5.9103e+00          0     1.5813     1.6061     0.1315     0.1130     4.5292     0.0000     1.7925     0.0000     1.5271     1.5508    33.9324    34.0246    25.1746    25.2534    135.213    147.358     52.725     57.453 0.0000e+00
       4428    184.467     74.477 -109.88746   21.99466     74.000    14.7506    14.7144 4.1551e+04   4.161871     0.7901     0.1056    97.3950 5.5954e+00          0     1.5653     1.5870     0.1300     0.1130     4.5308     0.0000     1.7690     0.0000     1.4928     1.5184    33.9439    34.0371    25.2142    25.2938    129.548    142.583     50.377     55.438 0.0000e+00
       4466    186.055     75.484 -109.88746   21.99466     75.000    14.6549    14.6238 4.1481e+04   4.154193     0.7685     0.1030    97.4574 5.1720e+00          0     1.5375     1.5605     0.1279     0.1136     4.5337     0.0000     1.7354     0.0000     1.4475     1.4780    33.9626    34.0459    25.2492    25.3201    122.349    135.630     47.491     52.640 0.0000e+00
       4517    188.160     76.491 -109.88745   21.99466     76.000    14.7572    14.7161 4.1649e+04   4.169179     0.7132     0.0999    97.5325 4.8984e+00          0     1.4868     1.5137     0.1223     0.1141     4.5372     0.0000     1.7124     0.0000     1.3893     1.4260    34.0267    34.1016    25.2767    25.3433    114.616    129.293     44.597     50.290 0.0000e+00
       4601    191.667     77.497 -109.88744   21.99464     77.000    14.9111    14.8530 4.1888e+04   4.189955     0.6958     0.0999    97.5323 4.5434e+00          0     1.3894     1.4260     0.1206     0.1134     4.5372     0.0000     1.6804     0.0000     1.3140     1.3527    34.1099    34.1708    25.3076    25.3672    107.549    118.376     42.000     46.191 0.0000e+00
       4660    194.116     78.504 -109.88744   21.99464     78.000    14.8669    14.8328 4.1857e+04   4.191611     0.6934     0.0978    97.5836 4.3151e+00          0     1.3313     1.3753     0.1204     0.1139     4.5396     0.0000     1.6585     0.0000     1.2681     1.2991    34.1198    34.2032    25.3248    25.3966     98.850    109.720     38.570     42.805 0.0000e+00
       4697    195.666     79.511 -109.88744   21.99464     79.000    14.7475    14.7143 4.1772e+04   4.183538     0.6563     0.0951    97.6507 4.0650e+00          0     1.3081     1.3422     0.1166     0.1134     4.5427     0.0000     1.6331     0.0000     1.2321     1.2620    34.1462    34.2333    25.3710    25.4454     93.545    104.664     36.419     40.743 0.0000e+00
       4735    197.255     80.517 -109.88744   21.99464     80.000    14.7716    14.7394 4.1822e+04   4.187833     0.6014     0.0935    97.6896 3.7586e+00          0     1.2771     1.3084     0.1111     0.1135     4.5445     0.0000     1.5999     0.0000     1.1891     1.2225    34.1706    34.2501    25.3847    25.4530     85.983     97.807     33.496     38.097 0.0000e+00
       4769    198.679     81.524 -109.88744   21.99464     81.000    14.7850    14.7533 4.1878e+04   4.193436     0.5679     0.0926    97.7132 3.4766e+00          0     1.2441     1.2736     0.1078     0.1128     4.5456     0.0000     1.5669     0.0000     1.1518     1.1829    34.2096    34.2886    25.4119    25.4797     83.745     92.769     32.641     36.153 0.0000e+00
       4807    200.267     82.531 -109.88744   21.99464     82.000    14.8028    14.7705 4.1921e+04   4.197801     0.5411     0.0899    97.7790 3.2392e+00          0     1.2031     1.2354     0.1051     0.1128     4.5487     0.0000     1.5371     0.0000     1.1301     1.1545    34.2323    34.3130    25.4256    25.4948     84.615     91.381     32.996     35.630 0.0000e+00
       4888    203.612     83.537 -109.88746   21.99464     83.000    14.8045    14.7753 4.1928e+04   4.198555     0.5368     0.0887    97.8066 2.9997e+00          0     1.1326     1.1583     0.1047     0.1128     4.5500     0.0000     1.5048     0.0000     1.1117     1.1305    34.2371    34.3152    25.4290    25.4955     84.443     90.358     32.931     35.235 0.0000e+00
       4952    206.309     84.544 -109.88746   21.99464     84.000    14.7950    14.7621 4.1924e+04   4.198105     0.5216     0.0889    97.8023 2.7779e+00          0     1.1152     1.1342     0.1032     0.1127     4.5498     0.0000     1.4726     0.0000     1.1011     1.1175    34.2412    34.3223    25.4343    25.5039     82.870     88.136     32.313     34.361 0.0000e+00
       4987    207.751     85.551 -109.88746   21.99464     85.000    14.8000    14.7676 4.1935e+04   4.199215     0.4880     0.0878    97.8289 2.6122e+00          0     1.1103     1.1295     0.0998     0.1124     4.5510     0.0000     1.4468     0.0000     1.0958     1.1100    34.2463    34.3272    25.4371    25.5065     82.318     87.279     32.102     34.031 0.0000e+00
       5024    209.309     86.557 -109.88746   21.99464     86.000    14.8106    14.7805 4.1950e+04   4.200976     0.4885     0.0871    97.8446 2.4699e+00          0     1.1037     1.1208     0.0998     0.1126     4.5517     0.0000     1.4233     0.0000     1.0903     1.1041    34.2502    34.3316    25.4378    25.5071     81.410     86.734     31.755     33.829 0.0000e+00
