data/ctd-cnv/KM1919/KM1919-St22-P3/St22_P3_cast66-align-cellTM-derive-bin.cnv
* Sea-Bird SBE 9 Data File:
* FileName = C:\Users\otg\Desktop\CTD Data\km1920\St22_P3_cast66.hex
* Software Version Seasave V 7.26.7.107
* Temperature SN = 5554
* Conductivity SN = 3876
* Number of Bytes Per Scan = 41
* Number of Voltage Words = 4
* Number of Scans Averaged by the Deck Unit = 1
* NMEA Latitude = 21 51.32 N
* NMEA Longitude = 109 58.82 W
* NMEA UTC (Time) = Oct 15 2019  19:43:42
* NMEA baud rate = 4800
** Ship: Kilo Moana
** Station: St22  P3 cast 66
** Operator: cf
# nquan = 34
# nvalues = 227                         
# units = specified
# name 0 = scan: Scan Count
# name 1 = timeS: Time, Elapsed [seconds]
# name 2 = prDM: Pressure, Digiquartz [db]
# name 3 = longitude: Longitude [deg]
# name 4 = latitude: Latitude [deg]
# name 5 = depSM: Depth [salt water, m]
# name 6 = t090C: Temperature [ITS-90, deg C]
# name 7 = t190C: Temperature, 2 [ITS-90, deg C]
# name 8 = c0uS/cm: Conductivity [uS/cm]
# name 9 = c1S/m: Conductivity, 2 [S/m]
# name 10 = flECO-AFL: Fluorescence, WET Labs ECO-AFL/FL [mg/m^3]
# name 11 = CStarAt0: Beam Attenuation, WET Labs C-Star [1/m]
# name 12 = CStarTr0: Beam Transmission, WET Labs C-Star [%]
# name 13 = par: PAR/Irradiance, Biospherical/Licor
# name 14 = modError: Modulo Error Count
# name 15 = v0: Voltage 0
# name 16 = v1: Voltage 1
# name 17 = v2: Voltage 2
# name 18 = v3: Voltage 3
# name 19 = v4: Voltage 4
# name 20 = v5: Voltage 5
# name 21 = v6: Voltage 6
# name 22 = v7: Voltage 7
# name 23 = sbeox0V: Oxygen raw, SBE 43 [V]
# name 24 = sbeox1V: Oxygen raw, SBE 43, 2 [V]
# name 25 = sal00: Salinity, Practical [PSU]
# name 26 = sal11: Salinity, Practical, 2 [PSU]
# name 27 = sigma-é00: Density [sigma-theta, kg/m^3]
# name 28 = sigma-é11: Density, 2 [sigma-theta, kg/m^3]
# name 29 = sbeox0Mm/L: Oxygen, SBE 43 [umol/l], WS = 2
# name 30 = sbeox1Mm/L: Oxygen, SBE 43, 2 [umol/l], WS = 2
# name 31 = sbeox0PS: Oxygen, SBE 43 [% saturation], WS = 2
# name 32 = sbeox1PS: Oxygen, SBE 43, 2 [% saturation], WS = 2
# name 33 = flag: flag
# span 0 =         75,      11388       
# span 1 =      3.063,    474.467       
# span 2 =      2.013,    229.555       
# span 3 = -109.98031, -109.98022       
# span 4 =   21.85522,   21.85534       
# span 5 =      2.000,    228.000       
# span 6 =    11.4948,    27.6296       
# span 7 =    11.4650,    27.5888       
# span 8 = 3.9342e+04, 5.5301e+04       
# span 9 =   3.939568,   5.537879       
# span 10 =     0.0437,     1.2804      
# span 11 =     0.0592,     0.1280      
# span 12 =    96.8495,    98.5308      
# span 13 = -3.165e-06, 1.3058e+03      
# span 14 =          0,          0      
# span 15 =     0.5043,     2.4975      
# span 16 =     0.5156,     2.4812      
# span 17 =     0.0553,     0.1791      
# span 18 =     0.1123,     0.1160      
# span 19 =     4.5054,     4.5836      
# span 20 =     0.0000,     0.0000      
# span 21 =     0.0080,     4.0867      
# span 22 =     0.0000,     0.0000      
# span 23 =     0.5035,     2.4936      
# span 24 =     0.5147,     2.4740      
# span 25 =    33.9338,    34.7761      
# span 26 =    34.0353,    34.8620      
# span 27 =    22.2310,    26.4795      
# span 28 =    22.3083,    26.5487      
# span 29 =      1.008,    238.947      
# span 30 =      1.211,    251.993      
# span 31 =      0.369,    107.098      
# span 32 =      0.442,    111.876      
# span 33 = 0.0000e+00, 0.0000e+00      
# interval = meters: 1                  
# start_time = Oct 15 2019 19:47:17 [NMEA time, first data scan]
# bad_flag = -9.990e-29
*END*
[from data line 171]
       8773    365.484    174.156 -109.98030   21.85532    173.000    12.5003    12.4691 4.0326e+04   4.038107     0.0583     0.0763    98.1107 1.0000e-12          0     0.5055     0.5181     0.0568     0.1147     4.5641     0.0000     0.0083     0.0000     0.5047     0.5172    34.7750    34.8573    26.3222    26.3921      1.184      1.612      0.442      0.602 0.0000e+00
       8799    366.578    175.163 -109.98030   21.85532    174.000    12.4656    12.4329 4.0290e+04   4.034742     0.0603     0.0763    98.1107 1.0000e-12          0     0.5055     0.5179     0.0570     0.1145     4.5641     0.0000     0.0085     0.0000     0.5047     0.5172    34.7721    34.8581    26.3267    26.3998      1.185      1.576      0.442      0.588 0.0000e+00
       8826    367.708    176.171 -109.98030   21.85532    175.000    12.4183    12.3858 4.0241e+04   4.029903     0.0603     0.0763    98.1097 1.0000e-12          0     0.5055     0.5178     0.0570     0.1147     4.5641     0.0000     0.0083     0.0000     0.5047     0.5173    34.7686    34.8546    26.3332    26.4063      1.198      1.597      0.446      0.595 0.0000e+00
       8855    368.910    177.178 -109.98030   21.85532    176.000    12.3938    12.3624 4.0217e+04   4.027353     0.0549     0.0763    98.1098 1.0000e-12          0     0.5055     0.5180     0.0565     0.1146     4.5641     0.0000     0.0082     0.0000     0.5047     0.5171    34.7674    34.8513    26.3371    26.4083      1.189      1.551      0.443      0.577 0.0000e+00
       8885    370.159    178.185 -109.98030   21.85532    177.000    12.3571    12.3242 4.0182e+04   4.023921     0.0582     0.0763    98.1107 1.0000e-12          0     0.5055     0.5180     0.0568     0.1147     4.5641     0.0000     0.0085     0.0000     0.5047     0.5173    34.7669    34.8532    26.3438    26.4172      1.183      1.581      0.440      0.588 0.0000e+00
       8913    371.351    179.192 -109.98030   21.85532    178.000    12.3155    12.2836 4.0138e+04   4.019583     0.0600     0.0753    98.1351 1.0000e-12          0     0.5055     0.5182     0.0570     0.1148     4.5652     0.0000     0.0084     0.0000     0.5047     0.5170    34.7629    34.8485    26.3488    26.4214      1.190      1.512      0.443      0.562 0.0000e+00
       8942    372.539    180.199 -109.98029   21.85532    179.000    12.2806    12.2485 4.0104e+04   4.016131     0.0576     0.0754    98.1334 1.0000e-12          0     0.5055     0.5179     0.0568     0.1146     4.5651     0.0000     0.0083     0.0000     0.5047     0.5171    34.7615    34.8472    26.3545    26.4273      1.191      1.574      0.443      0.585 0.0000e+00
       8974    373.875    181.206 -109.98028   21.85532    180.000    12.2475    12.2153 4.0071e+04   4.012655     0.0594     0.0759    98.1212 1.0000e-12          0     0.5055     0.5180     0.0569     0.1148     4.5646     0.0000     0.0085     0.0000     0.5047     0.5169    34.7598    34.8440    26.3596    26.4311      1.192      1.509      0.443      0.560 0.0000e+00
       9008    375.297    182.213 -109.98028   21.85532    181.000    12.2269    12.1952 4.0049e+04   4.010593     0.0694     0.0752    98.1373 1.0000e-12          0     0.5055     0.5178     0.0579     0.1148     4.5653     0.0000     0.0085     0.0000     0.5047     0.5169    34.7580    34.8423    26.3622    26.4337      1.193      1.541      0.443      0.572 0.0000e+00
       9038    376.526    183.221 -109.98028   21.85532    182.000    12.2001    12.1687 4.0023e+04   4.007881     0.0642     0.0754    98.1320 1.0000e-12          0     0.5055     0.5179     0.0574     0.1147     4.5651     0.0000     0.0085     0.0000     0.5047     0.5169    34.7564    34.8401    26.3662    26.4372      1.194      1.505      0.443      0.558 0.0000e+00
       9064    377.634    184.228 -109.98028   21.85531    183.000    12.1883    12.1575 4.0012e+04   4.006782     0.0571     0.0752    98.1371 1.0000e-12          0     0.5055     0.5177     0.0567     0.1148     4.5653     0.0000     0.0083     0.0000     0.5047     0.5167    34.7569    34.8395    26.3688    26.4389      1.194      1.467      0.443      0.544 0.0000e+00
       9090    378.711    185.235 -109.98028   21.85530    184.000    12.1765    12.1451 4.0001e+04   4.005762     0.0605     0.0752    98.1370 1.0000e-12          0     0.5055     0.5177     0.0571     0.1148     4.5653     0.0000     0.0083     0.0000     0.5047     0.5168    34.7568    34.8406    26.3711    26.4422      1.184      1.546      0.439      0.573 0.0000e+00
       9116    379.784    186.242 -109.98027   21.85530    185.000    12.1353    12.1031 3.9959e+04   4.001742     0.0544     0.0752    98.1380 1.0000e-12          0     0.5055     0.5178     0.0564     0.1148     4.5653     0.0000     0.0085     0.0000     0.5047     0.5167    34.7539    34.8403    26.3767    26.4500      1.181      1.461      0.438      0.541 0.0000e+00
       9144    380.963    187.249 -109.98026   21.85530    186.000    12.1139    12.0824 3.9939e+04   3.999430     0.0566     0.0746    98.1516 1.0000e-12          0     0.5055     0.5175     0.0567     0.1148     4.5660     0.0000     0.0085     0.0000     0.5047     0.5166    34.7534    34.8367    26.3804    26.4512      1.163      1.521      0.431      0.563 0.0000e+00
       9184    382.623    188.256 -109.98026   21.85530    187.000    12.0930    12.0613 3.9918e+04   3.997351     0.0578     0.0743    98.1617 1.0000e-12          0     0.5055     0.5176     0.0568     0.1148     4.5664     0.0000     0.0082     0.0000     0.5046     0.5169    34.7523    34.8357    26.3836    26.4545      1.186      1.544      0.439      0.571 0.0000e+00
       9234    384.690    189.264 -109.98026   21.85530    188.000    12.0656    12.0343 3.9891e+04   3.994698     0.0566     0.0742    98.1626 1.0000e-12          0     0.5054     0.5174     0.0567     0.1148     4.5665     0.0000     0.0085     0.0000     0.5045     0.5166    34.7514    34.8347    26.3882    26.4589      1.155      1.440      0.427      0.533 0.0000e+00
       9265    385.992    190.271 -109.98026   21.85530    189.000    12.0614    12.0309 3.9889e+04   3.994414     0.0576     0.0742    98.1642 1.0000e-12          0     0.5054     0.5177     0.0568     0.1148     4.5666     0.0000     0.0085     0.0000     0.5046     0.5166    34.7528    34.8346    26.3901    26.4595      1.204      1.511      0.445      0.559 0.0000e+00
       9289    387.008    191.278 -109.98026   21.85530    190.000    12.0556    12.0247 3.9884e+04   3.994005     0.0561     0.0740    98.1669 1.0000e-12          0     0.5054     0.5176     0.0566     0.1147     4.5667     0.0000     0.0085     0.0000     0.5047     0.5166    34.7528    34.8360    26.3912    26.4618      1.215      1.450      0.449      0.536 0.0000e+00
       9311    387.910    192.285 -109.98026   21.85530    191.000    12.0367    12.0051 3.9865e+04   3.992131     0.0605     0.0735    98.1807 1.0000e-12          0     0.5054     0.5174     0.0571     0.1147     4.5674     0.0000     0.0085     0.0000     0.5046     0.5164    34.7512    34.8356    26.3936    26.4652      1.154      1.430      0.427      0.529 0.0000e+00
       9332    388.792    193.292 -109.98026   21.85530    192.000    12.0137    11.9821 3.9842e+04   3.989777     0.0608     0.0733    98.1842 1.0000e-12          0     0.5053     0.5174     0.0571     0.1147     4.5675     0.0000     0.0084     0.0000     0.5045     0.5165    34.7497    34.8336    26.3968    26.4681      1.171      1.549      0.433      0.572 0.0000e+00
       9354    389.706    194.300 -109.98026   21.85530    193.000    11.9948    11.9636 3.9823e+04   3.987873     0.0581     0.0731    98.1895 1.0000e-12          0     0.5053     0.5175     0.0568     0.1147     4.5678     0.0000     0.0084     0.0000     0.5045     0.5166    34.7487    34.8319    26.3997    26.4704      1.185      1.482      0.438      0.547 0.0000e+00
       9380    390.785    195.307 -109.98026   21.85530    194.000    11.9826    11.9518 3.9812e+04   3.986727     0.0580     0.0735    98.1796 1.0000e-12          0     0.5054     0.5174     0.0568     0.1148     4.5673     0.0000     0.0084     0.0000     0.5046     0.5164    34.7487    34.8313    26.4021    26.4721      1.193      1.398      0.440      0.516 0.0000e+00
       9415    392.262    196.314 -109.98026   21.85530    195.000    11.9726    11.9419 3.9802e+04   3.985775     0.0594     0.0742    98.1637 1.0000e-12          0     0.5054     0.5173     0.0569     0.1148     4.5665     0.0000     0.0084     0.0000     0.5046     0.5163    34.7482    34.8309    26.4036    26.4737      1.183      1.446      0.437      0.534 0.0000e+00
       9462    394.216    197.321 -109.98026   21.85530    196.000    11.9622    11.9317 3.9793e+04   3.984797     0.0591     0.0733    98.1854 1.0000e-12          0     0.5054     0.5172     0.0569     0.1148     4.5676     0.0000     0.0084     0.0000     0.5045     0.5163    34.7486    34.8304    26.4059    26.4752      1.151      1.434      0.425      0.529 0.0000e+00
       9495    395.603    198.328 -109.98026   21.85530    197.000    11.9531    11.9222 3.9785e+04   3.983968     0.0563     0.0745    98.1547 1.0000e-12          0     0.5055     0.5170     0.0566     0.1148     4.5661     0.0000     0.0084     0.0000     0.5045     0.5162    34.7482    34.8307    26.4074    26.4773      1.192      1.453      0.440      0.536 0.0000e+00
       9523    396.730    199.336 -109.98026   21.85530    198.000    11.9434    11.9127 3.9775e+04   3.983038     0.0569     0.0742    98.1632 1.0000e-12          0     0.5053     0.5170     0.0567     0.1149     4.5665     0.0000     0.0083     0.0000     0.5045     0.5163    34.7479    34.8301    26.4090    26.4787      1.139      1.379      0.420      0.509 0.0000e+00
       9551    397.929    200.343 -109.98026   21.85530    199.000    11.9350    11.9041 3.9767e+04   3.982205     0.0552     0.0742    98.1641 1.0000e-12          0     0.5053     0.5172     0.0565     0.1148     4.5665     0.0000     0.0083     0.0000     0.5044     0.5159    34.7473    34.8295    26.4101    26.4799      1.165      1.366      0.430      0.504 0.0000e+00
       9585    399.340    201.350 -109.98026   21.85530    200.000    11.9189    11.8881 3.9752e+04   3.980669     0.0575     0.0742    98.1639 1.0000e-12          0     0.5053     0.5171     0.0568     0.1148     4.5665     0.0000     0.0084     0.0000     0.5045     0.5162    34.7465    34.8291    26.4126    26.4827      1.191      1.479      0.439      0.546 0.0000e+00
       9625    400.988    202.357 -109.98026   21.85530    201.000    11.8979    11.8668 3.9732e+04   3.978688     0.0591     0.0732    98.1875 1.0000e-12          0     0.5053     0.5168     0.0569     0.1147     4.5677     0.0000     0.0082     0.0000     0.5045     0.5162    34.7463    34.8292    26.4165    26.4868      1.186      1.450      0.437      0.535 0.0000e+00
       9669    402.828    203.365 -109.98026   21.85530    202.000    11.8598    11.8281 3.9696e+04   3.975129     0.0603     0.0738    98.1736 1.0000e-12          0     0.5053     0.5169     0.0570     0.1148     4.5670     0.0000     0.0083     0.0000     0.5046     0.5162    34.7462    34.8302    26.4236    26.4949      1.171      1.419      0.431      0.523 0.0000e+00
       9702    404.218    204.372 -109.98026   21.85530    203.000    11.8362    11.8052 3.9674e+04   3.972951     0.0589     0.0731    98.1890 1.0000e-12          0     0.5053     0.5169     0.0569     0.1147     4.5678     0.0000     0.0084     0.0000     0.5045     0.5160    34.7461    34.8299    26.4280    26.4990      1.153      1.387      0.424      0.511 0.0000e+00
       9727    405.239    205.379 -109.98026   21.85530    204.000    11.8105    11.7789 3.9649e+04   3.970490     0.0580     0.0731    98.1895 1.0000e-12          0     0.5053     0.5172     0.0568     0.1148     4.5678     0.0000     0.0084     0.0000     0.5043     0.5161    34.7455    34.8299    26.4324    26.5040      1.128      1.429      0.415      0.526 0.0000e+00
       9748    406.125    206.386 -109.98026   21.85530    205.000    11.7856    11.7544 3.9625e+04   3.968051     0.0616     0.0730    98.1907 1.0000e-12          0     0.5054     0.5169     0.0572     0.1148     4.5679     0.0000     0.0083     0.0000     0.5044     0.5161    34.7451    34.8286    26.4368    26.5076      1.166      1.368      0.429      0.503 0.0000e+00
       9771    407.094    207.394 -109.98026   21.85530    206.000    11.7749    11.7444 3.9615e+04   3.966998     0.0569     0.0731    98.1895 1.0000e-12          0     0.5053     0.5169     0.0567     0.1150     4.5678     0.0000     0.0082     0.0000     0.5044     0.5157    34.7448    34.8271    26.4386    26.5083      1.177      1.356      0.433      0.498 0.0000e+00
       9808    408.613    208.401 -109.98026   21.85530    207.000    11.7717    11.7416 3.9612e+04   3.966718     0.0581     0.0732    98.1878 1.0000e-12          0     0.5052     0.5169     0.0568     0.1149     4.5677     0.0000     0.0083     0.0000     0.5043     0.5159    34.7447    34.8266    26.4392    26.5085      1.090      1.373      0.401      0.505 0.0000e+00
       9895    412.261    209.408 -109.98026   21.85529    208.000    11.7685    11.7394 3.9610e+04   3.966602     0.0582     0.0734    98.1824 1.0000e-12          0     0.5051     0.5166     0.0568     0.1147     4.5674     0.0000     0.0083     0.0000     0.5043     0.5158    34.7447    34.8271    26.4398    26.5093      1.192      1.400      0.438      0.515 0.0000e+00
       9946    414.361    210.415 -109.98026   21.85528    209.000    11.7465    11.7156 3.9589e+04   3.964378     0.0675     0.0731    98.1898 1.0000e-12          0     0.5050     0.5166     0.0577     0.1150     4.5678     0.0000     0.0085     0.0000     0.5044     0.5158    34.7445    34.8271    26.4438    26.5138      1.116      1.349      0.410      0.496 0.0000e+00
       9972    415.467    211.423 -109.98026   21.85528    210.000    11.7300    11.6989 3.9573e+04   3.962751     0.0567     0.0731    98.1895 1.0000e-12          0     0.5051     0.5165     0.0567     0.1147     4.5678     0.0000     0.0082     0.0000     0.5041     0.5157    34.7433    34.8264    26.4460    26.5164      1.111      1.385      0.408      0.509 0.0000e+00
       9995    416.403    212.430 -109.98026   21.85528    211.000    11.7155    11.6847 3.9558e+04   3.961309     0.0581     0.0731    98.1895 1.0000e-12          0     0.5052     0.5167     0.0568     0.1149     4.5678     0.0000     0.0082     0.0000     0.5042     0.5158    34.7424    34.8251    26.4480    26.5181      1.224      1.415      0.449      0.520 0.0000e+00
      10017    417.328    213.437 -109.98026   21.85528    212.000    11.6992    11.6675 3.9543e+04   3.959853     0.0560     0.0731    98.1884 1.0000e-12          0     0.5051     0.5167     0.0566     0.1150     4.5677     0.0000     0.0083     0.0000     0.5045     0.5160    34.7423    34.8265    26.4510    26.5225      1.138      1.442      0.418      0.529 0.0000e+00
      10041    418.325    214.445 -109.98026   21.85528    213.000    11.6515    11.6192 3.9495e+04   3.955115     0.0590     0.0726    98.2009 1.0000e-12          0     0.5050     0.5165     0.0569     0.1148     4.5683     0.0000     0.0085     0.0000     0.5040     0.5159    34.7392    34.8248    26.4575    26.5302      1.008      1.346      0.370      0.493 0.0000e+00
      10074    419.691    215.452 -109.98026   21.85530    214.000    11.6322    11.6005 3.9476e+04   3.952990     0.0576     0.0731    98.1901 1.0000e-12          0     0.5051     0.5167     0.0568     0.1147     4.5678     0.0000     0.0084     0.0000     0.5039     0.5156    34.7385    34.8210    26.4607    26.5307      1.069      1.317      0.392      0.483 0.0000e+00
