data/ctd-cnv/KM1919/KM1919-St22-P3/St22_P3_cast68-align-cellTM-derive-bin.cnv
* Sea-Bird SBE 9 Data File:
* FileName = C:\Users\otg\Desktop\CTD Data\km1920\St22_P3_cast68.hex
* Software Version Seasave V 7.26.7.107
* Temperature SN = 5554
* Conductivity SN = 3876
* Number of Bytes Per Scan = 41
* Number of Voltage Words = 4
* Number of Scans Averaged by the Deck Unit = 1
* NMEA Latitude = 21 53.37 N
* NMEA Longitude = 109 56.50 W
* NMEA UTC (Time) = Oct 16 2019  04:28:05
* NMEA baud rate = 4800
** Ship: Kilo Moana
** Station: St22  P3 cast 68
** Operator: rk
** sno catchers
# nquan = 34
# nvalues = 348                         
# units = specified
# name 0 = scan: Scan Count
# name 1 = timeS: Time, Elapsed [seconds]
# name 2 = prDM: Pressure, Digiquartz [db]
# name 3 = longitude: Longitude [deg]
# name 4 = latitude: Latitude [deg]
# name 5 = depSM: Depth [salt water, m]
# name 6 = t090C: Temperature [ITS-90, deg C]
# name 7 = t190C: Temperature, 2 [ITS-90, deg C]
# name 8 = c0uS/cm: Conductivity [uS/cm]
# name 9 = c1S/m: Conductivity, 2 [S/m]
# name 10 = flECO-AFL: Fluorescence, WET Labs ECO-AFL/FL [mg/m^3]
# name 11 = CStarAt0: Beam Attenuation, WET Labs C-Star [1/m]
# name 12 = CStarTr0: Beam Transmission, WET Labs C-Star [%]
# name 13 = par: PAR/Irradiance, Biospherical/Licor
# name 14 = modError: Modulo Error Count
# name 15 = v0: Voltage 0
# name 16 = v1: Voltage 1
# name 17 = v2: Voltage 2
# name 18 = v3: Voltage 3
# name 19 = v4: Voltage 4
# name 20 = v5: Voltage 5
# name 21 = v6: Voltage 6
# name 22 = v7: Voltage 7
# name 23 = sbeox0V: Oxygen raw, SBE 43 [V]
# name 24 = sbeox1V: Oxygen raw, SBE 43, 2 [V]
# name 25 = sal00: Salinity, Practical [PSU]
# name 26 = sal11: Salinity, Practical, 2 [PSU]
# name 27 = sigma-é00: Density [sigma-theta, kg/m^3]
# name 28 = sigma-é11: Density, 2 [sigma-theta, kg/m^3]
# name 29 = sbeox0Mm/L: Oxygen, SBE 43 [umol/l], WS = 2
# name 30 = sbeox1Mm/L: Oxygen, SBE 43, 2 [umol/l], WS = 2
# name 31 = sbeox0PS: Oxygen, SBE 43 [% saturation], WS = 2
# name 32 = sbeox1PS: Oxygen, SBE 43, 2 [% saturation], WS = 2
# name 33 = flag: flag
# span 0 =         -9,      25903       
# span 1 =     -0.412,   1079.238       
# span 2 =      7.044,    356.524       
# span 3 = -109.94162, -109.94148       
# span 4 =   21.88945,   21.88954       
# span 5 =      7.000,    354.000       
# span 6 =     9.7880,    27.8058       
# span 7 =     9.7564,    27.8340       
# span 8 = 3.7677e+04, 5.5270e+04       
# span 9 =   3.772479,   5.545953       
# span 10 =     0.0414,     1.1264      
# span 11 =     0.0603,     0.1254      
# span 12 =    96.9136,    98.5046      
# span 13 = -6.310e-04, 1.9423e+00      
# span 14 =          0,          0      
# span 15 =     0.5032,     2.5084      
# span 16 =     0.5139,     2.4982      
# span 17 =     0.0551,     0.1636      
# span 18 =     0.1135,     0.1173      
# span 19 =     4.5084,     4.5824      
# span 20 =     0.0000,     0.0000      
# span 21 =     0.0049,     1.3251      
# span 22 =     0.0000,     0.0000      
# span 23 =     0.5027,     2.5106      
# span 24 =     0.5133,     2.4956      
# span 25 =    33.9323,    34.7754      
# span 26 =    34.0187,    34.8577      
# span 27 =    21.7952,    26.6966      
# span 28 =    22.0708,    26.7638      
# span 29 =      0.903,    241.430      
# span 30 =      1.021,    252.534      
# span 31 =      0.320,    108.341      
# span 32 =      0.362,    113.298      
# span 33 = 0.0000e+00, 0.0000e+00      
# interval = meters: 1                  
# start_time = Oct 16 2019 04:30:01 [NMEA time, first data scan]
# bad_flag = -9.990e-29
*END*
[from data line 342]
      24699   1029.096    351.484 -109.94148   21.88946    349.000     9.9364     9.9076 3.7827e+04   3.788052     0.0595     0.0657    98.3697 1.0000e-12          0     0.5037     0.5141     0.0570     0.1172     4.5761     0.0000     0.0084     0.0000     0.5030     0.5136    34.6315    34.7139    26.6820    26.7512      1.030      1.063      0.364      0.375 0.0000e+00
      24733   1030.509    352.492 -109.94148   21.88946    350.000     9.9277     9.8995 3.7819e+04   3.787190     0.0634     0.0656    98.3737 1.0000e-12          0     0.5038     0.5141     0.0574     0.1152     4.5763     0.0000     0.0084     0.0000     0.5027     0.5135    34.6311    34.7124    26.6831    26.7514      0.927      1.072      0.328      0.379 0.0000e+00
      24839   1034.907    353.500 -109.94148   21.88946    351.000     9.9123     9.8900 3.7803e+04   3.786221     0.0606     0.0658    98.3690 1.0000e-12          0     0.5033     0.5139     0.0571     0.1172     4.5761     0.0000     0.0084     0.0000     0.5032     0.5136    34.6293    34.7112    26.6844    26.7521      1.105      1.120      0.390      0.396 0.0000e+00
      24909   1037.814    354.508 -109.94148   21.88946    352.000     9.8505     9.8216 3.7740e+04   3.779395     0.0639     0.0657    98.3713 1.0000e-12          0     0.5036     0.5140     0.0574     0.1171     4.5762     0.0000     0.0084     0.0000     0.5031     0.5136    34.6231    34.7065    26.6899    26.7599      0.907      1.090      0.320      0.384 0.0000e+00
      24946   1039.374    355.516 -109.94148   21.88946    353.000     9.8155     9.7861 3.7704e+04   3.775782     0.0627     0.0659    98.3665 1.0000e-12          0     0.5038     0.5141     0.0573     0.1171     4.5760     0.0000     0.0083     0.0000     0.5029     0.5136    34.6197    34.7032    26.6931    26.7633      0.944      1.075      0.332      0.379 0.0000e+00
      25903   1079.238    356.524 -109.94150   21.88945    354.000     9.7880     9.7564 3.7677e+04   3.772479     0.0629     0.0650    98.3880 1.0000e-12          0     0.5032     0.5139     0.0573     0.1167     4.5770     0.0000     0.0084     0.0000     0.5027     0.5133    34.6182    34.6974    26.6966    26.7638      0.960      1.029      0.338      0.362 0.0000e+00
