data/ctd-cnv/KM1919/KM1919-St22-P3/St22_P3_cast73-align-cellTM-derive-bin.cnv
* Sea-Bird SBE 9 Data File:
* FileName = C:\Users\otg\Desktop\CTD Data\km1920\St22_P3_cast73.hex
* Software Version Seasave V 7.26.7.107
* Temperature SN = 5554
* Conductivity SN = 3876
* Number of Bytes Per Scan = 41
* Number of Voltage Words = 4
* Number of Scans Averaged by the Deck Unit = 1
* NMEA Latitude = 21 56.61 N
* NMEA Longitude = 109 54.46 W
* NMEA UTC (Time) = Oct 17 2019  01:54:05
* NMEA baud rate = 4800
** Ship: Kilo Moana
** Station: St22  P3 cast 73
** Operator: gr
# nquan = 34
# nvalues = 299                         
# units = specified
# name 0 = scan: Scan Count
# name 1 = timeS: Time, Elapsed [seconds]
# name 2 = prDM: Pressure, Digiquartz [db]
# name 3 = longitude: Longitude [deg]
# name 4 = latitude: Latitude [deg]
# name 5 = depSM: Depth [salt water, m]
# name 6 = t090C: Temperature [ITS-90, deg C]
# name 7 = t190C: Temperature, 2 [ITS-90, deg C]
# name 8 = c0uS/cm: Conductivity [uS/cm]
# name 9 = c1S/m: Conductivity, 2 [S/m]
# name 10 = flECO-AFL: Fluorescence, WET Labs ECO-AFL/FL [mg/m^3]
# name 11 = CStarAt0: Beam Attenuation, WET Labs C-Star [1/m]
# name 12 = CStarTr0: Beam Transmission, WET Labs C-Star [%]
# name 13 = par: PAR/Irradiance, Biospherical/Licor
# name 14 = modError: Modulo Error Count
# name 15 = v0: Voltage 0
# name 16 = v1: Voltage 1
# name 17 = v2: Voltage 2
# name 18 = v3: Voltage 3
# name 19 = v4: Voltage 4
# name 20 = v5: Voltage 5
# name 21 = v6: Voltage 6
# name 22 = v7: Voltage 7
# name 23 = sbeox0V: Oxygen raw, SBE 43 [V]
# name 24 = sbeox1V: Oxygen raw, SBE 43, 2 [V]
# name 25 = sal00: Salinity, Practical [PSU]
# name 26 = sal11: Salinity, Practical, 2 [PSU]
# name 27 = sigma-é00: Density [sigma-theta, kg/m^3]
# name 28 = sigma-é11: Density, 2 [sigma-theta, kg/m^3]
# name 29 = sbeox0Mm/L: Oxygen, SBE 43 [umol/l], WS = 2
# name 30 = sbeox1Mm/L: Oxygen, SBE 43, 2 [umol/l], WS = 2
# name 31 = sbeox0PS: Oxygen, SBE 43 [% saturation], WS = 2
# name 32 = sbeox1PS: Oxygen, SBE 43, 2 [% saturation], WS = 2
# name 33 = flag: flag
# span 0 =        173,      15486       
# span 1 =      7.175,    645.200       
# span 2 =      2.013,    302.100       
# span 3 = -109.90770, -109.90764       
# span 4 =   21.94318,   21.94325       
# span 5 =      2.000,    300.000       
# span 6 =    10.4529,    27.8849       
# span 7 =    10.4230,    27.8441       
# span 8 = 3.8320e+04, 5.5587e+04       
# span 9 =   3.837530,   5.566477       
# span 10 =     0.0394,     1.4161      
# span 11 =     0.0601,     0.1447      
# span 12 =    96.4465,    98.5087      
# span 13 = -1.008e-05, 4.8659e+00      
# span 14 =          0,          0      
# span 15 =     0.5041,     2.4903      
# span 16 =     0.5141,     2.4699      
# span 17 =     0.0549,     0.1926      
# span 18 =     0.1125,     0.1158      
# span 19 =     4.4867,     4.5826      
# span 20 =     0.0000,     0.0000      
# span 21 =     0.0080,     1.6870      
# span 22 =     0.0000,     0.0000      
# span 23 =     0.5033,     2.4676      
# span 24 =     0.5133,     2.4482      
# span 25 =    33.9401,    34.7672      
# span 26 =    34.0380,    34.8545      
# span 27 =    22.1574,    26.6157      
# span 28 =    22.2346,    26.6870      
# span 29 =      0.925,    239.077      
# span 30 =      0.916,    250.384      
# span 31 =      0.343,    106.406      
# span 32 =      0.329,    111.067      
# span 33 = 0.0000e+00, 0.0000e+00      
# interval = meters: 1                  
# start_time = Oct 17 2019 02:02:34 [NMEA time, first data scan]
# bad_flag = -9.990e-29
*END*
[from data line 129]
       7497    312.354    131.863 -109.90764   21.94320    131.000    13.2496    13.2170 4.1007e+04   4.106568     0.0884     0.0682    98.3094 1.0000e-12          0     0.5096     0.5221     0.0598     0.1139     4.5733     0.0000     0.0085     0.0000     0.5071     0.5194    34.7549    34.8402    26.1563    26.2290      1.489      1.796      0.565      0.681 0.0000e+00
       7529    313.659    132.870 -109.90766   21.94320    132.000    13.2303    13.1979 4.0990e+04   4.104850     0.0803     0.0697    98.2738 1.0000e-12          0     0.5091     0.5211     0.0590     0.1139     4.5717     0.0000     0.0085     0.0000     0.5075     0.5194    34.7559    34.8411    26.1610    26.2336      1.816      1.864      0.688      0.706 0.0000e+00
       7557    314.827    133.877 -109.90766   21.94320    133.000    13.1864    13.1540 4.0951e+04   4.100907     0.0770     0.0704    98.2546 1.0000e-12          0     0.5082     0.5207     0.0587     0.1148     4.5708     0.0000     0.0085     0.0000     0.5082     0.5194    34.7587    34.8435    26.1721    26.2444      1.841      1.945      0.697      0.736 0.0000e+00
       7590    316.207    134.884 -109.90766   21.94320    134.000    13.1627    13.1308 4.0930e+04   4.098812     0.0730     0.0673    98.3319 1.0000e-12          0     0.5079     0.5201     0.0583     0.1130     4.5744     0.0000     0.0085     0.0000     0.5084     0.5197    34.7604    34.8444    26.1783    26.2498      1.698      1.934      0.643      0.732 0.0000e+00
       7631    317.937    135.891 -109.90766   21.94320    135.000    13.1433    13.1115 4.0913e+04   4.097023     0.0632     0.0661    98.3607 1.0000e-12          0     0.5088     0.5201     0.0573     0.1127     4.5757     0.0000     0.0085     0.0000     0.5083     0.5198    34.7610    34.8447    26.1826    26.2539      1.611      1.944      0.609      0.735 0.0000e+00
       7670    319.538    136.898 -109.90766   21.94319    136.000    13.1146    13.0824 4.0887e+04   4.094533     0.0636     0.0659    98.3657 1.0000e-12          0     0.5092     0.5205     0.0574     0.1141     4.5760     0.0000     0.0085     0.0000     0.5074     0.5195    34.7623    34.8474    26.1895    26.2619      1.294      1.788      0.489      0.676 0.0000e+00
       7710    321.214    137.904 -109.90766   21.94318    137.000    13.0707    13.0388 4.0849e+04   4.090671     0.0634     0.0679    98.3164 1.0000e-12          0     0.5091     0.5205     0.0574     0.1138     4.5737     0.0000     0.0085     0.0000     0.5071     0.5189    34.7663    34.8503    26.2014    26.2729      1.488      1.683      0.562      0.636 0.0000e+00
       7772    323.773    138.911 -109.90766   21.94318    138.000    13.0569    13.0266 4.0837e+04   4.089418     0.0730     0.0701    98.2621 1.0000e-12          0     0.5080     0.5200     0.0583     0.1126     4.5711     0.0000     0.0085     0.0000     0.5069     0.5181    34.7668    34.8492    26.2046    26.2745      1.454      1.655      0.549      0.625 0.0000e+00
       7816    325.644    139.918 -109.90766   21.94318    139.000    13.0505    13.0187 4.0831e+04   4.088823     0.0754     0.0697    98.2729 1.0000e-12          0     0.5079     0.5192     0.0585     0.1144     4.5716     0.0000     0.0085     0.0000     0.5068     0.5182    34.7668    34.8503    26.2059    26.2770      1.470      1.722      0.555      0.650 0.0000e+00
       7841    326.686    140.925 -109.90766   21.94318    140.000    13.0165    12.9831 4.0799e+04   4.085832     0.0756     0.0695    98.2774 1.0000e-12          0     0.5076     0.5191     0.0585     0.1147     4.5718     0.0000     0.0085     0.0000     0.5070     0.5183    34.7667    34.8541    26.2127    26.2871      1.457      1.713      0.550      0.646 0.0000e+00
       7865    327.661    141.932 -109.90766   21.94318    141.000    12.9634    12.9298 4.0749e+04   4.080762     0.0761     0.0704    98.2545 1.0000e-12          0     0.5076     0.5188     0.0586     0.1147     4.5708     0.0000     0.0085     0.0000     0.5066     0.5181    34.7672    34.8545    26.2238    26.2981      1.329      1.591      0.501      0.600 0.0000e+00
       7888    328.632    142.939 -109.90766   21.94318    142.000    12.9134    12.8804 4.0697e+04   4.075715     0.0756     0.0717    98.2226 1.0000e-12          0     0.5078     0.5190     0.0585     0.1148     4.5693     0.0000     0.0085     0.0000     0.5065     0.5179    34.7639    34.8513    26.2312    26.3055      1.407      1.616      0.530      0.608 0.0000e+00
       7913    329.668    143.946 -109.90766   21.94318    143.000    12.8785    12.8463 4.0662e+04   4.072010     0.0847     0.0732    98.1869 1.0000e-12          0     0.5077     0.5189     0.0594     0.1148     4.5677     0.0000     0.0085     0.0000     0.5064     0.5178    34.7620    34.8470    26.2367    26.3090      1.436      1.649      0.540      0.620 0.0000e+00
       7946    331.045    144.953 -109.90766   21.94318    144.000    12.8595    12.8274 4.0641e+04   4.069816     0.0854     0.0741    98.1655 1.0000e-12          0     0.5074     0.5189     0.0595     0.1147     4.5666     0.0000     0.0085     0.0000     0.5064     0.5178    34.7588    34.8430    26.2380    26.3097      1.331      1.623      0.500      0.610 0.0000e+00
       8005    333.487    145.960 -109.90766   21.94319    145.000    12.8235    12.8001 4.0602e+04   4.066788     0.0753     0.0734    98.1814 1.0000e-12          0     0.5072     0.5187     0.0585     0.1147     4.5674     0.0000     0.0085     0.0000     0.5061     0.5175    34.7542    34.8388    26.2416    26.3119      1.360      1.581      0.511      0.594 0.0000e+00
       8054    335.534    146.967 -109.90766   21.94320    146.000    12.8106    12.7801 4.0588e+04   4.064546     0.0728     0.0731    98.1888 1.0000e-12          0     0.5070     0.5184     0.0583     0.1128     4.5678     0.0000     0.0085     0.0000     0.5060     0.5176    34.7523    34.8353    26.2427    26.3131      1.339      1.650      0.503      0.620 0.0000e+00
       8081    336.668    147.974 -109.90766   21.94320    147.000    12.8097    12.7773 4.0588e+04   4.064333     0.0666     0.0734    98.1823 1.0000e-12          0     0.5069     0.5185     0.0577     0.1135     4.5674     0.0000     0.0085     0.0000     0.5061     0.5175    34.7528    34.8354    26.2434    26.3138      1.511      1.632      0.568      0.613 0.0000e+00
       8106    337.708    148.981 -109.90766   21.94320    148.000    12.8017    12.7683 4.0579e+04   4.063341     0.0709     0.0734    98.1834 1.0000e-12          0     0.5068     0.5182     0.0581     0.1148     4.5675     0.0000     0.0085     0.0000     0.5067     0.5179    34.7506    34.8338    26.2433    26.3143      1.754      1.704      0.659      0.640 0.0000e+00
       8134    338.860    149.988 -109.90766   21.94320    149.000    12.7909    12.7588 4.0567e+04   4.062322     0.0628     0.0729    98.1936 1.0000e-12          0     0.5068     0.5184     0.0573     0.1148     4.5680     0.0000     0.0085     0.0000     0.5072     0.5179    34.7487    34.8324    26.2439    26.3152      1.597      1.763      0.600      0.662 0.0000e+00
       8167    340.234    150.995 -109.90766   21.94320    150.000    12.7260    12.6928 4.0497e+04   4.055446     0.0639     0.0707    98.2478 1.0000e-12          0     0.5068     0.5185     0.0574     0.1147     4.5705     0.0000     0.0085     0.0000     0.5072     0.5184    34.7412    34.8270    26.2510    26.3240      1.542      1.801      0.578      0.675 0.0000e+00
       8203    341.761    152.002 -109.90766   21.94320    151.000    12.7198    12.6890 4.0493e+04   4.054945     0.0720     0.0692    98.2844 1.0000e-12          0     0.5078     0.5186     0.0582     0.1144     4.5721     0.0000     0.0085     0.0000     0.5072     0.5186    34.7430    34.8252    26.2536    26.3234      1.542      1.769      0.578      0.663 0.0000e+00
       8237    343.185    153.009 -109.90766   21.94320    152.000    12.7137    12.6822 4.0491e+04   4.054644     0.0634     0.0702    98.2612 1.0000e-12          0     0.5079     0.5191     0.0574     0.1128     4.5711     0.0000     0.0085     0.0000     0.5072     0.5182    34.7457    34.8282    26.2570    26.3271      1.530      1.656      0.573      0.621 0.0000e+00
       8271    344.593    154.016 -109.90766   21.94320    153.000    12.7053    12.6758 4.0487e+04   4.054386     0.0639     0.0718    98.2207 1.0000e-12          0     0.5079     0.5193     0.0574     0.1141     4.5692     0.0000     0.0085     0.0000     0.5070     0.5180    34.7494    34.8312    26.2615    26.3308      1.417      1.612      0.531      0.604 0.0000e+00
       8305    345.993    155.023 -109.90766   21.94320    154.000    12.7053    12.6734 4.0492e+04   4.054633     0.0655     0.0735    98.1800 1.0000e-12          0     0.5079     0.5192     0.0576     0.1146     4.5673     0.0000     0.0085     0.0000     0.5065     0.5177    34.7542    34.8353    26.2653    26.3345      1.177      1.589      0.441      0.595 0.0000e+00
       8335    347.234    156.030 -109.90766   21.94320    155.000    12.7111    12.6783 4.0500e+04   4.055296     0.0759     0.0740    98.1675 1.0000e-12          0     0.5079     0.5190     0.0586     0.1141     4.5667     0.0000     0.0085     0.0000     0.5059     0.5175    34.7552    34.8368    26.2649    26.3347      1.291      1.509      0.484      0.566 0.0000e+00
       8361    348.330    157.037 -109.90766   21.94320    156.000    12.7114    12.6830 4.0501e+04   4.055894     0.0710     0.0740    98.1673 1.0000e-12          0     0.5077     0.5188     0.0581     0.1134     4.5667     0.0000     0.0085     0.0000     0.5059     0.5171    34.7565    34.8377    26.2659    26.3345      1.330      1.443      0.499      0.541 0.0000e+00
       8391    349.600    158.044 -109.90766   21.94320    157.000    12.7173    12.6871 4.0509e+04   4.056523     0.0699     0.0740    98.1681 1.0000e-12          0     0.5071     0.5185     0.0580     0.1146     4.5667     0.0000     0.0085     0.0000     0.5058     0.5170    34.7578    34.8395    26.2657    26.3351      1.282      1.524      0.481      0.572 0.0000e+00
       8439    351.573    159.051 -109.90766   21.94318    158.000    12.7168    12.6855 4.0509e+04   4.056405     0.0695     0.0748    98.1471 1.0000e-12          0     0.5067     0.5180     0.0580     0.1132     4.5658     0.0000     0.0085     0.0000     0.5056     0.5169    34.7576    34.8394    26.2658    26.3354      1.296      1.506      0.486      0.565 0.0000e+00
       8485    353.480    160.058 -109.90766   21.94318    159.000    12.7133    12.6807 4.0509e+04   4.056362     0.0728     0.0756    98.1286 1.0000e-12          0     0.5065     0.5178     0.0583     0.1146     4.5649     0.0000     0.0085     0.0000     0.5056     0.5169    34.7606    34.8431    26.2688    26.3392      1.298      1.507      0.487      0.565 0.0000e+00
       8514    354.714    161.065 -109.90766   21.94318    160.000    12.6879    12.6562 4.0485e+04   4.054152     0.0668     0.0771    98.0925 1.0000e-12          0     0.5066     0.5177     0.0577     0.1147     4.5633     0.0000     0.0085     0.0000     0.5055     0.5169    34.7606    34.8441    26.2738    26.3448      1.281      1.518      0.480      0.569 0.0000e+00
       8537    355.676    162.072 -109.90766   21.94319    161.000    12.6624    12.6289 4.0459e+04   4.051603     0.0751     0.0766    98.1040 1.0000e-12          0     0.5063     0.5177     0.0585     0.1148     4.5638     0.0000     0.0085     0.0000     0.5054     0.5169    34.7582    34.8444    26.2770    26.3505      1.257      1.487      0.471      0.557 0.0000e+00
       8561    356.669    163.079 -109.90766   21.94320    162.000    12.6113    12.5789 4.0405e+04   4.046288     0.0756     0.0763    98.1097 1.0000e-12          0     0.5063     0.5177     0.0586     0.1147     4.5641     0.0000     0.0085     0.0000     0.5054     0.5169    34.7532    34.8392    26.2832    26.3563      1.177      1.524      0.440      0.570 0.0000e+00
       8588    357.775    164.087 -109.90766   21.94320    163.000    12.5795    12.5476 4.0372e+04   4.042946     0.0726     0.0759    98.1207 1.0000e-12          0     0.5064     0.5177     0.0583     0.1147     4.5646     0.0000     0.0085     0.0000     0.5051     0.5168    34.7511    34.8355    26.2878    26.3596      1.129      1.451      0.422      0.542 0.0000e+00
       8628    359.476    165.093 -109.90766   21.94320    164.000    12.5661    12.5352 4.0358e+04   4.041437     0.0643     0.0750    98.1424 1.0000e-12          0     0.5062     0.5177     0.0574     0.1142     4.5655     0.0000     0.0085     0.0000     0.5049     0.5166    34.7495    34.8320    26.2893    26.3594      1.208      1.473      0.452      0.551 0.0000e+00
       8692    362.124    166.101 -109.90766   21.94320    165.000    12.5584    12.5261 4.0352e+04   4.040624     0.0637     0.0756    98.1265 1.0000e-12          0     0.5057     0.5174     0.0574     0.1144     4.5648     0.0000     0.0085     0.0000     0.5050     0.5167    34.7498    34.8322    26.2910    26.3613      1.241      1.522      0.464      0.569 0.0000e+00
       8729    363.673    167.108 -109.90766   21.94320    166.000    12.5403    12.5090 4.0335e+04   4.039087     0.0635     0.0739    98.1695 1.0000e-12          0     0.5058     0.5175     0.0574     0.1148     4.5668     0.0000     0.0085     0.0000     0.5051     0.5169    34.7499    34.8328    26.2947    26.3651      1.213      1.505      0.453      0.562 0.0000e+00
       8756    364.776    168.115 -109.90766   21.94320    167.000    12.5286    12.4977 4.0323e+04   4.037861     0.0639     0.0733    98.1846 1.0000e-12          0     0.5059     0.5175     0.0574     0.1148     4.5676     0.0000     0.0085     0.0000     0.5048     0.5166    34.7489    34.8310    26.2962    26.3660      1.151      1.400      0.430      0.523 0.0000e+00
       8780    365.805    169.122 -109.90766   21.94320    168.000    12.5267    12.4956 4.0325e+04   4.038079     0.0639     0.0732    98.1864 1.0000e-12          0     0.5057     0.5175     0.0574     0.1149     4.5676     0.0000     0.0085     0.0000     0.5047     0.5164    34.7520    34.8347    26.2990    26.3693      1.137      1.457      0.425      0.544 0.0000e+00
       8806    366.887    170.129 -109.90766   21.94320    169.000    12.5164    12.4856 4.0316e+04   4.037179     0.0635     0.0740    98.1681 1.0000e-12          0     0.5058     0.5177     0.0574     0.1148     4.5667     0.0000     0.0085     0.0000     0.5047     0.5165    34.7527    34.8348    26.3016    26.3713      1.183      1.390      0.442      0.519 0.0000e+00
       8833    368.011    171.136 -109.90766   21.94320    170.000    12.5154    12.4847 4.0316e+04   4.037156     0.0634     0.0735    98.1793 1.0000e-12          0     0.5056     0.5175     0.0574     0.1148     4.5673     0.0000     0.0085     0.0000     0.5047     0.5164    34.7531    34.8349    26.3021    26.3716      1.192      1.431      0.445      0.534 0.0000e+00
       8863    369.249    172.143 -109.90766   21.94320    171.000    12.5138    12.4830 4.0316e+04   4.037118     0.0632     0.0731    98.1895 1.0000e-12          0     0.5056     0.5173     0.0573     0.1147     4.5678     0.0000     0.0085     0.0000     0.5047     0.5162    34.7543    34.8358    26.3034    26.3727      1.188      1.432      0.443      0.535 0.0000e+00
