data/ctd-cnv/KM1919/KM1919-St22-P3/St22_P3_cast79-align-cellTM-derive-bin.cnv
* Sea-Bird SBE 9 Data File:
* FileName = C:\Users\otg\Desktop\CTD Data\km1920\St22_P3_cast79.hex
* Software Version Seasave V 7.26.7.107
* Temperature SN = 5554
* Conductivity SN = 3876
* Number of Bytes Per Scan = 41
* Number of Voltage Words = 4
* Number of Scans Averaged by the Deck Unit = 1
* NMEA Latitude = 22 02.46 N
* NMEA Longitude = 109 51.91 W
* NMEA UTC (Time) = Oct 18 2019  03:13:48
* NMEA baud rate = 4800
** Ship: Kilo Moana
** Station: St22  P3 cast 79
** Operator: gr
** sno catchers 270 and 570m
# nquan = 34
# nvalues = 619                         
# units = specified
# name 0 = scan: Scan Count
# name 1 = timeS: Time, Elapsed [seconds]
# name 2 = prDM: Pressure, Digiquartz [db]
# name 3 = longitude: Longitude [deg]
# name 4 = latitude: Latitude [deg]
# name 5 = depSM: Depth [salt water, m]
# name 6 = t090C: Temperature [ITS-90, deg C]
# name 7 = t190C: Temperature, 2 [ITS-90, deg C]
# name 8 = c0uS/cm: Conductivity [uS/cm]
# name 9 = c1S/m: Conductivity, 2 [S/m]
# name 10 = flECO-AFL: Fluorescence, WET Labs ECO-AFL/FL [mg/m^3]
# name 11 = CStarAt0: Beam Attenuation, WET Labs C-Star [1/m]
# name 12 = CStarTr0: Beam Transmission, WET Labs C-Star [%]
# name 13 = par: PAR/Irradiance, Biospherical/Licor
# name 14 = modError: Modulo Error Count
# name 15 = v0: Voltage 0
# name 16 = v1: Voltage 1
# name 17 = v2: Voltage 2
# name 18 = v3: Voltage 3
# name 19 = v4: Voltage 4
# name 20 = v5: Voltage 5
# name 21 = v6: Voltage 6
# name 22 = v7: Voltage 7
# name 23 = sbeox0V: Oxygen raw, SBE 43 [V]
# name 24 = sbeox1V: Oxygen raw, SBE 43, 2 [V]
# name 25 = sal00: Salinity, Practical [PSU]
# name 26 = sal11: Salinity, Practical, 2 [PSU]
# name 27 = sigma-é00: Density [sigma-theta, kg/m^3]
# name 28 = sigma-é11: Density, 2 [sigma-theta, kg/m^3]
# name 29 = sbeox0Mm/L: Oxygen, SBE 43 [umol/l], WS = 2
# name 30 = sbeox1Mm/L: Oxygen, SBE 43, 2 [umol/l], WS = 2
# name 31 = sbeox0PS: Oxygen, SBE 43 [% saturation], WS = 2
# name 32 = sbeox1PS: Oxygen, SBE 43, 2 [% saturation], WS = 2
# name 33 = flag: flag
# span 0 =         70,      33183       
# span 1 =      2.895,   1382.579       
# span 2 =      5.031,    627.858       
# span 3 = -109.86511, -109.86504       
# span 4 =   22.04108,   22.04124       
# span 5 =      5.000,    623.000       
# span 6 =     6.3786,    27.8406       
# span 7 =     6.3525,    27.8006       
# span 8 = 3.4552e+04, 5.5597e+04       
# span 9 =   3.459859,   5.567067       
# span 10 =     0.0395,     1.9684      
# span 11 =     0.0685,     0.1970      
# span 12 =    95.1939,    98.3012      
# span 13 = -3.258e-05, 2.1198e+00      
# span 14 =          0,          0      
# span 15 =     0.5030,     2.4499      
# span 16 =     0.5128,     2.4358      
# span 17 =     0.0549,     0.2478      
# span 18 =     0.1123,     0.1178      
# span 19 =     4.4285,     4.5729      
# span 20 =     0.0000,     0.0000      
# span 21 =     0.0080,     1.3459      
# span 22 =     0.0000,     0.0000      
# span 23 =     0.5025,     2.4479      
# span 24 =     0.5124,     2.4309      
# span 25 =    33.9690,    34.7629      
# span 26 =    34.0870,    34.8454      
# span 27 =    21.9010,    27.1219      
# span 28 =    22.0844,    27.1869      
# span 29 =      0.846,    232.255      
# span 30 =      0.847,    245.352      
# span 31 =      0.293,    104.740      
# span 32 =      0.291,    109.501      
# span 33 = 0.0000e+00, 0.0000e+00      
# interval = meters: 1                  
# start_time = Oct 18 2019 03:15:16 [NMEA time, first data scan]
# bad_flag = -9.990e-29
*END*
[from data line 299]
      16031    667.920    306.133 -109.86506   22.04122    304.000    10.4795    10.4505 3.8354e+04   3.840718     0.0703     0.0806    98.0057 1.0000e-12          0     0.5043     0.5149     0.0580     0.1168     4.5592     0.0000     0.0085     0.0000     0.5037     0.5144    34.6689    34.7501    26.6168    26.6852      1.086      1.198      0.388      0.428 0.0000e+00
      16073    669.672    307.141 -109.86506   22.04122    305.000    10.4760    10.4470 3.8351e+04   3.840406     0.0683     0.0800    98.0198 1.0000e-12          0     0.5043     0.5149     0.0578     0.1149     4.5598     0.0000     0.0085     0.0000     0.5037     0.5143    34.6691    34.7498    26.6176    26.6856      1.112      1.192      0.398      0.426 0.0000e+00
      16124    671.801    308.149 -109.86506   22.04122    306.000    10.4654    10.4358 3.8341e+04   3.839429     0.0635     0.0798    98.0258 1.0000e-12          0     0.5043     0.5150     0.0574     0.1148     4.5601     0.0000     0.0085     0.0000     0.5037     0.5143    34.6680    34.7501    26.6186    26.6878      1.105      1.204      0.395      0.430 0.0000e+00
      16149    672.854    309.157 -109.86506   22.04122    307.000    10.4495    10.4201 3.8325e+04   3.837872     0.0651     0.0795    98.0321 1.0000e-12          0     0.5043     0.5149     0.0575     0.1148     4.5604     0.0000     0.0085     0.0000     0.5037     0.5143    34.6671    34.7489    26.6207    26.6897      1.106      1.200      0.395      0.429 0.0000e+00
      16169    673.649    310.164 -109.86506   22.04122    308.000    10.4202    10.3892 3.8296e+04   3.835106     0.0666     0.0795    98.0320 1.0000e-12          0     0.5043     0.5150     0.0577     0.1148     4.5604     0.0000     0.0085     0.0000     0.5037     0.5143    34.6644    34.7500    26.6238    26.6959      1.080      1.199      0.386      0.428 0.0000e+00
      16186    674.375    311.172 -109.86506   22.04122    309.000    10.3969    10.3669 3.8273e+04   3.832744     0.0696     0.0795    98.0320 1.0000e-12          0     0.5043     0.5148     0.0580     0.1148     4.5604     0.0000     0.0085     0.0000     0.5036     0.5142    34.6632    34.7469    26.6269    26.6974      1.099      1.143      0.392      0.408 0.0000e+00
      16204    675.111    312.180 -109.86506   22.04122    310.000    10.3767    10.3468 3.8253e+04   3.830732     0.0615     0.0795    98.0320 1.0000e-12          0     0.5043     0.5150     0.0572     0.1148     4.5604     0.0000     0.0085     0.0000     0.5037     0.5143    34.6619    34.7453    26.6294    26.6997      1.130      1.211      0.403      0.432 0.0000e+00
      16225    676.003    313.188 -109.86506   22.04122    311.000    10.3593    10.3299 3.8236e+04   3.828985     0.0657     0.0795    98.0320 1.0000e-12          0     0.5043     0.5149     0.0576     0.1148     4.5604     0.0000     0.0085     0.0000     0.5037     0.5141    34.6611    34.7433    26.6318    26.7011      1.110      1.107      0.395      0.395 0.0000e+00
      16259    677.404    314.196 -109.86506   22.04122    312.000    10.3460    10.3168 3.8223e+04   3.827681     0.0656     0.0795    98.0320 1.0000e-12          0     0.5043     0.5149     0.0576     0.1148     4.5604     0.0000     0.0085     0.0000     0.5037     0.5141    34.6604    34.7421    26.6336    26.7025      1.109      1.140      0.395      0.406 0.0000e+00
      16306    679.360    315.203 -109.86506   22.04122    313.000    10.3307    10.3014 3.8209e+04   3.826183     0.0650     0.0798    98.0250 1.0000e-12          0     0.5043     0.5148     0.0575     0.1148     4.5601     0.0000     0.0085     0.0000     0.5037     0.5141    34.6594    34.7412    26.6355    26.7044      1.099      1.161      0.392      0.414 0.0000e+00
      16340    680.797    316.211 -109.86506   22.04122    314.000    10.3228    10.2937 3.8202e+04   3.825423     0.0592     0.0796    98.0292 1.0000e-12          0     0.5043     0.5148     0.0569     0.1149     4.5603     0.0000     0.0085     0.0000     0.5037     0.5142    34.6596    34.7404    26.6371    26.7052      1.114      1.305      0.397      0.465 0.0000e+00
      16364    681.794    317.219 -109.86506   22.04122    315.000    10.3197    10.2906 3.8199e+04   3.825162     0.0583     0.0795    98.0321 1.0000e-12          0     0.5043     0.5145     0.0569     0.1148     4.5604     0.0000     0.0085     0.0000     0.5037     0.5142    34.6592    34.7403    26.6373    26.7056      1.120      1.095      0.399      0.390 0.0000e+00
      16386    682.706    318.227 -109.86506   22.04122    316.000    10.2982    10.2679 3.8178e+04   3.823253     0.0681     0.0795    98.0331 1.0000e-12          0     0.5043     0.5148     0.0578     0.1148     4.5605     0.0000     0.0085     0.0000     0.5037     0.5142    34.6580    34.7422    26.6401    26.7111      1.111      1.182      0.396      0.421 0.0000e+00
      16409    683.683    319.235 -109.86506   22.04122    317.000    10.2561    10.2257 3.8136e+04   3.819071     0.0673     0.0792    98.0402 1.0000e-12          0     0.5043     0.5145     0.0577     0.1148     4.5608     0.0000     0.0085     0.0000     0.5037     0.5143    34.6556    34.7396    26.6455    26.7164      1.113      1.183      0.396      0.421 0.0000e+00
      16436    684.802    320.243 -109.86506   22.04122    318.000    10.2399    10.2108 3.8121e+04   3.817374     0.0615     0.0788    98.0489 1.0000e-12          0     0.5043     0.5151     0.0572     0.1148     4.5612     0.0000     0.0085     0.0000     0.5037     0.5141    34.6546    34.7363    26.6476    26.7163      1.096      1.175      0.390      0.418 0.0000e+00
      16472    686.274    321.250 -109.86506   22.04122    319.000    10.2303    10.2013 3.8111e+04   3.816481     0.0639     0.0784    98.0581 1.0000e-12          0     0.5043     0.5147     0.0574     0.1148     4.5617     0.0000     0.0085     0.0000     0.5037     0.5141    34.6538    34.7357    26.6486    26.7175      1.116      1.137      0.397      0.404 0.0000e+00
      16511    687.934    322.258 -109.86506   22.04122    320.000    10.2124    10.1832 3.8094e+04   3.814703     0.0602     0.0783    98.0598 1.0000e-12          0     0.5043     0.5146     0.0570     0.1149     4.5618     0.0000     0.0085     0.0000     0.5036     0.5140    34.6528    34.7346    26.6509    26.7198      1.069      1.156      0.380      0.411 0.0000e+00
      16540    689.120    323.266 -109.86506   22.04122    321.000    10.2095    10.1805 3.8093e+04   3.814474     0.0605     0.0784    98.0582 1.0000e-12          0     0.5043     0.5148     0.0571     0.1148     4.5617     0.0000     0.0085     0.0000     0.5037     0.5142    34.6539    34.7343    26.6523    26.7201      1.134      1.187      0.403      0.422 0.0000e+00
      16563    690.089    324.274 -109.86506   22.04122    322.000    10.2007    10.1710 3.8085e+04   3.813711     0.0606     0.0787    98.0512 1.0000e-12          0     0.5043     0.5148     0.0571     0.1148     4.5614     0.0000     0.0085     0.0000     0.5037     0.5140    34.6540    34.7353    26.6539    26.7224      1.112      1.116      0.395      0.397 0.0000e+00
      16584    690.974    325.282 -109.86506   22.04122    323.000    10.1934    10.1644 3.8078e+04   3.813043     0.0638     0.0786    98.0544 1.0000e-12          0     0.5042     0.5146     0.0574     0.1149     4.5615     0.0000     0.0085     0.0000     0.5036     0.5140    34.6534    34.7344    26.6547    26.7229      1.122      1.150      0.399      0.409 0.0000e+00
      16605    691.835    326.290 -109.86506   22.04122    324.000    10.1892    10.1601 3.8074e+04   3.812684     0.0645     0.0785    98.0568 1.0000e-12          0     0.5042     0.5145     0.0575     0.1149     4.5616     0.0000     0.0085     0.0000     0.5037     0.5140    34.6531    34.7343    26.6553    26.7236      1.126      1.171      0.400      0.416 0.0000e+00
      16625    692.675    327.297 -109.86506   22.04122    325.000    10.1735    10.1441 3.8059e+04   3.811255     0.0681     0.0784    98.0582 1.0000e-12          0     0.5043     0.5149     0.0578     0.1148     4.5617     0.0000     0.0085     0.0000     0.5037     0.5142    34.6522    34.7347    26.6572    26.7267      1.116      1.215      0.396      0.432 0.0000e+00
      16646    693.542    328.305 -109.86506   22.04122    326.000    10.1588    10.1291 3.8045e+04   3.809804     0.0651     0.0784    98.0582 1.0000e-12          0     0.5042     0.5145     0.0575     0.1148     4.5617     0.0000     0.0085     0.0000     0.5037     0.5140    34.6514    34.7338    26.6591    26.7286      1.103      1.137      0.392      0.404 0.0000e+00
      16671    694.582    329.313 -109.86506   22.04122    327.000    10.1136    10.0830 3.8000e+04   3.805386     0.0673     0.0781    98.0655 1.0000e-12          0     0.5043     0.5146     0.0577     0.1148     4.5620     0.0000     0.0085     0.0000     0.5037     0.5142    34.6482    34.7325    26.6644    26.7355      1.065      1.171      0.378      0.415 0.0000e+00
      16733    697.182    330.321 -109.86506   22.04122    328.000    10.1225    10.0905 3.8009e+04   3.805764     0.0638     0.0779    98.0717 1.0000e-12          0     0.5043     0.5147     0.0574     0.1149     4.5623     0.0000     0.0085     0.0000     0.5036     0.5140    34.6486    34.7288    26.6632    26.7313      1.121      1.170      0.398      0.415 0.0000e+00
      16791    699.580    331.329 -109.86506   22.04122    329.000    10.0877    10.0587 3.7976e+04   3.802912     0.0604     0.0785    98.0563 1.0000e-12          0     0.5041     0.5144     0.0571     0.1148     4.5616     0.0000     0.0085     0.0000     0.5037     0.5141    34.6477    34.7297    26.6685    26.7375      1.125      1.168      0.399      0.414 0.0000e+00
      16810    700.372    332.337 -109.86506   22.04122    330.000    10.0757    10.0465 3.7965e+04   3.801761     0.0603     0.0777    98.0760 1.0000e-12          0     0.5043     0.5145     0.0570     0.1149     4.5625     0.0000     0.0085     0.0000     0.5036     0.5140    34.6473    34.7293    26.6702    26.7392      1.079      1.096      0.382      0.388 0.0000e+00
      16826    701.029    333.345 -109.86506   22.04122    331.000    10.0634    10.0339 3.7952e+04   3.800608     0.0624     0.0784    98.0593 1.0000e-12          0     0.5042     0.5151     0.0572     0.1148     4.5617     0.0000     0.0085     0.0000     0.5036     0.5139    34.6461    34.7291    26.6714    26.7412      1.091      1.157      0.387      0.410 0.0000e+00
      16840    701.626    334.353 -109.86506   22.04122    332.000    10.0316    10.0012 3.7920e+04   3.797470     0.0606     0.0779    98.0705 1.0000e-12          0     0.5043     0.5148     0.0571     0.1148     4.5623     0.0000     0.0085     0.0000     0.5037     0.5142    34.6428    34.7280    26.6743    26.7460      1.073      1.154      0.380      0.409 0.0000e+00
      16854    702.223    335.361 -109.86506   22.04122    333.000    10.0207     9.9913 3.7910e+04   3.796317     0.0647     0.0774    98.0844 1.0000e-12          0     0.5042     0.5144     0.0575     0.1149     4.5629     0.0000     0.0085     0.0000     0.5034     0.5137    34.6430    34.7253    26.6763    26.7456      1.078      1.085      0.382      0.384 0.0000e+00
      16871    702.903    336.368 -109.86506   22.04122    334.000    10.0100     9.9809 3.7900e+04   3.795279     0.0677     0.0774    98.0845 1.0000e-12          0     0.5043     0.5148     0.0578     0.1149     4.5629     0.0000     0.0085     0.0000     0.5036     0.5140    34.6427    34.7242    26.6779    26.7465      1.162      1.245      0.411      0.441 0.0000e+00
      16895    703.913    337.376 -109.86506   22.04122    335.000    10.0013     9.9723 3.7892e+04   3.794441     0.0652     0.0772    98.0903 1.0000e-12          0     0.5043     0.5146     0.0575     0.1148     4.5632     0.0000     0.0085     0.0000     0.5036     0.5141    34.6418    34.7234    26.6788    26.7474      1.096      1.144      0.388      0.405 0.0000e+00
      16945    706.016    338.384 -109.86506   22.04122    336.000     9.9900     9.9612 3.7881e+04   3.793319     0.0639     0.0770    98.0946 1.0000e-12          0     0.5042     0.5146     0.0574     0.1148     4.5634     0.0000     0.0085     0.0000     0.5036     0.5139    34.6411    34.7222    26.6801    26.7483      1.120      1.109      0.396      0.392 0.0000e+00
      16995    708.074    339.392 -109.86506   22.04122    337.000     9.9844     9.9556 3.7877e+04   3.792914     0.0643     0.0773    98.0872 1.0000e-12          0     0.5042     0.5146     0.0574     0.1148     4.5630     0.0000     0.0085     0.0000     0.5037     0.5137    34.6421    34.7230    26.6819    26.7499      1.125      1.147      0.398      0.406 0.0000e+00
      17025    709.315    340.400 -109.86506   22.04122    338.000     9.9811     9.9524 3.7874e+04   3.792642     0.0651     0.0774    98.0845 1.0000e-12          0     0.5042     0.5145     0.0575     0.1146     4.5629     0.0000     0.0085     0.0000     0.5036     0.5139    34.6420    34.7228    26.6823    26.7504      1.078      1.148      0.381      0.406 0.0000e+00
      17052    710.450    341.408 -109.86506   22.04122    339.000     9.9684     9.9389 3.7862e+04   3.791539     0.0663     0.0774    98.0845 1.0000e-12          0     0.5043     0.5144     0.0576     0.1148     4.5629     0.0000     0.0085     0.0000     0.5037     0.5139    34.6415    34.7241    26.6841    26.7536      1.156      1.198      0.409      0.423 0.0000e+00
      17075    711.407    342.416 -109.86506   22.04122    340.000     9.9404     9.9107 3.7834e+04   3.788730     0.0593     0.0774    98.0845 1.0000e-12          0     0.5042     0.5143     0.0569     0.1145     4.5629     0.0000     0.0085     0.0000     0.5037     0.5141    34.6392    34.7220    26.6871    26.7568      1.130      1.110      0.399      0.392 0.0000e+00
      17095    712.258    343.424 -109.86506   22.04122    341.000     9.9271     9.8981 3.7821e+04   3.787381     0.0644     0.0774    98.0845 1.0000e-12          0     0.5042     0.5145     0.0575     0.1147     4.5629     0.0000     0.0085     0.0000     0.5036     0.5137    34.6384    34.7198    26.6887    26.7572      1.060      1.094      0.374      0.386 0.0000e+00
      17117    713.146    344.432 -109.86506   22.04122    342.000     9.9108     9.8810 3.7806e+04   3.785873     0.0644     0.0774    98.0845 1.0000e-12          0     0.5042     0.5146     0.0575     0.1149     4.5629     0.0000     0.0085     0.0000     0.5036     0.5138    34.6375    34.7203    26.6908    26.7605      1.121      1.175      0.396      0.415 0.0000e+00
      17143    714.234    345.440 -109.86506   22.04122    343.000     9.8920     9.8629 3.7787e+04   3.783986     0.0647     0.0774    98.0845 1.0000e-12          0     0.5043     0.5146     0.0575     0.1148     4.5629     0.0000     0.0085     0.0000     0.5035     0.5139    34.6360    34.7180    26.6928    26.7618      1.079      1.123      0.381      0.396 0.0000e+00
      17178    715.709    346.448 -109.86506   22.04122    344.000     9.8743     9.8457 3.7769e+04   3.782229     0.0648     0.0774    98.0851 1.0000e-12          0     0.5042     0.5144     0.0575     0.1147     4.5629     0.0000     0.0085     0.0000     0.5036     0.5138    34.6342    34.7161    26.6944    26.7632      1.101      1.101      0.388      0.389 0.0000e+00
      17215    717.248    347.456 -109.86506   22.04122    345.000     9.8661     9.8375 3.7762e+04   3.781371     0.0646     0.0771    98.0908 1.0000e-12          0     0.5042     0.5146     0.0575     0.1147     4.5632     0.0000     0.0085     0.0000     0.5036     0.5137    34.6342    34.7147    26.6958    26.7635      1.111      1.075      0.392      0.379 0.0000e+00
