data/ctd-cnv/KM1919/KM1919-St22-P3/St22_P3_cast81-align-cellTM-derive-bin.cnv
* Sea-Bird SBE 9 Data File:
* FileName = C:\Users\otg\Desktop\CTD Data\km1920\St22_P3_cast81.hex
* Software Version Seasave V 7.26.7.107
* Temperature SN = 5554
* Conductivity SN = 3876
* Number of Bytes Per Scan = 41
* Number of Voltage Words = 4
* Number of Scans Averaged by the Deck Unit = 1
* NMEA Latitude = 22 02.44 N
* NMEA Longitude = 109 50.26 W
* NMEA UTC (Time) = Oct 18 2019  12:03:30
* NMEA baud rate = 4800
** Ship: Kilo Moana
** Station: St22  P3 cast 81
** Operator: gr
# nquan = 34
# nvalues = 350                         
# units = specified
# name 0 = scan: Scan Count
# name 1 = timeS: Time, Elapsed [seconds]
# name 2 = prDM: Pressure, Digiquartz [db]
# name 3 = longitude: Longitude [deg]
# name 4 = latitude: Latitude [deg]
# name 5 = depSM: Depth [salt water, m]
# name 6 = t090C: Temperature [ITS-90, deg C]
# name 7 = t190C: Temperature, 2 [ITS-90, deg C]
# name 8 = c0uS/cm: Conductivity [uS/cm]
# name 9 = c1S/m: Conductivity, 2 [S/m]
# name 10 = flECO-AFL: Fluorescence, WET Labs ECO-AFL/FL [mg/m^3]
# name 11 = CStarAt0: Beam Attenuation, WET Labs C-Star [1/m]
# name 12 = CStarTr0: Beam Transmission, WET Labs C-Star [%]
# name 13 = par: PAR/Irradiance, Biospherical/Licor
# name 14 = modError: Modulo Error Count
# name 15 = v0: Voltage 0
# name 16 = v1: Voltage 1
# name 17 = v2: Voltage 2
# name 18 = v3: Voltage 3
# name 19 = v4: Voltage 4
# name 20 = v5: Voltage 5
# name 21 = v6: Voltage 6
# name 22 = v7: Voltage 7
# name 23 = sbeox0V: Oxygen raw, SBE 43 [V]
# name 24 = sbeox1V: Oxygen raw, SBE 43, 2 [V]
# name 25 = sal00: Salinity, Practical [PSU]
# name 26 = sal11: Salinity, Practical, 2 [PSU]
# name 27 = sigma-é00: Density [sigma-theta, kg/m^3]
# name 28 = sigma-é11: Density, 2 [sigma-theta, kg/m^3]
# name 29 = sbeox0Mm/L: Oxygen, SBE 43 [umol/l], WS = 2
# name 30 = sbeox1Mm/L: Oxygen, SBE 43, 2 [umol/l], WS = 2
# name 31 = sbeox0PS: Oxygen, SBE 43 [% saturation], WS = 2
# name 32 = sbeox1PS: Oxygen, SBE 43, 2 [% saturation], WS = 2
# name 33 = flag: flag
# span 0 =        -26,      16408       
# span 1 =     -1.124,    683.638       
# span 2 =      2.013,    353.503       
# span 3 = -109.83678, -109.83633       
# span 4 =   22.04042,   22.04090       
# span 5 =      2.000,    351.000       
# span 6 =     9.8941,    27.6096       
# span 7 =     9.8646,    27.5699       
# span 8 = 3.7793e+04, 5.5328e+04       
# span 9 =   3.784940,   5.540882       
# span 10 =     0.0447,     1.4041      
# span 11 =     0.0729,     0.1608      
# span 12 =    96.0601,    98.1933      
# span 13 = -3.432e-08, 4.5878e+00      
# span 14 =          0,          0      
# span 15 =     0.5032,     2.4482      
# span 16 =     0.5138,     2.4398      
# span 17 =     0.0554,     0.1914      
# span 18 =     0.1149,     0.1184      
# span 19 =     4.4687,     4.5680      
# span 20 = -9.920e-07,     0.0005      
# span 21 =     0.0073,     1.6772      
# span 22 =     0.0000,     0.0000      
# span 23 =     0.5024,     2.4523      
# span 24 =     0.5132,     2.4385      
# span 25 =    33.9362,    34.7653      
# span 26 =    34.0270,    34.8513      
# span 27 =    22.2612,    26.6927      
# span 28 =    22.3377,    26.7652      
# span 29 =      0.807,    233.451      
# span 30 =      0.996,    244.105      
# span 31 =      0.287,    104.966      
# span 32 =      0.352,    109.594      
# span 33 = 0.0000e+00, 0.0000e+00      
# interval = meters: 1                  
# start_time = Oct 18 2019 12:09:10 [NMEA time, first data scan]
# bad_flag = -9.990e-29
*END*
[from data line 129]
       7011    292.081    131.864 -109.83676   22.04044    131.000    13.4087    13.3695 4.1151e+04   4.120646     0.0886     0.0782    98.0642 1.0000e-12          0     0.5150     0.5277     0.0598     0.1151     4.5620     0.0000     0.0083     0.0000     0.5090     0.5219    34.7459    34.8338    26.1170    26.1931      1.215      1.823      0.462      0.693 0.0000e+00
       7033    292.998    132.871 -109.83676   22.04044    132.000    13.3791    13.3464 4.1125e+04   4.118235     0.0904     0.0777    98.0765 1.0000e-12          0     0.5145     0.5273     0.0600     0.1158     4.5625     0.0000     0.0083     0.0000     0.5082     0.5208    34.7480    34.8318    26.1247    26.1963      1.272      1.807      0.484      0.687 0.0000e+00
       7055    293.928    133.877 -109.83676   22.04044    133.000    13.3641    13.3317 4.1112e+04   4.116832     0.0999     0.0788    98.0478 1.0000e-12          0     0.5126     0.5258     0.0610     0.1161     4.5612     0.0000     0.0084     0.0000     0.5072     0.5201    34.7488    34.8316    26.1284    26.1991      1.241      1.746      0.472      0.663 0.0000e+00
       7082    295.041    134.885 -109.83676   22.04044    134.000    13.3555    13.3236 4.1105e+04   4.116096     0.0874     0.0794    98.0339 1.0000e-12          0     0.5107     0.5234     0.0597     0.1169     4.5605     0.0000     0.0084     0.0000     0.5071     0.5194    34.7491    34.8316    26.1305    26.2008      1.486      1.745      0.565      0.663 0.0000e+00
       7179    299.089    135.891 -109.83676   22.04044    135.000    13.3605    13.3285 4.1109e+04   4.116474     0.0952     0.0787    98.0523 1.0000e-12          0     0.5076     0.5200     0.0605     0.1157     4.5614     0.0000     0.0083     0.0000     0.5068     0.5186    34.7488    34.8302    26.1292    26.1987      1.415      1.713      0.538      0.651 0.0000e+00
       7238    301.540    136.898 -109.83676   22.04044    136.000    13.3456    13.3030 4.1097e+04   4.114597     0.0979     0.0784    98.0595 1.0000e-12          0     0.5076     0.5196     0.0608     0.1159     4.5618     0.0000     0.0084     0.0000     0.5065     0.5183    34.7501    34.8354    26.1333    26.2080      1.415      1.681      0.538      0.638 0.0000e+00
       7260    302.459    137.905 -109.83676   22.04044    137.000    13.3104    13.2773 4.1066e+04   4.112343     0.0878     0.0778    98.0742 1.0000e-12          0     0.5075     0.5194     0.0597     0.1159     4.5624     0.0000     0.0084     0.0000     0.5066     0.5184    34.7530    34.8372    26.1427    26.2146      1.356      1.700      0.515      0.645 0.0000e+00
       7285    303.511    138.912 -109.83676   22.04044    138.000    13.2873    13.2550 4.1047e+04   4.110341     0.0900     0.0776    98.0798 1.0000e-12          0     0.5076     0.5193     0.0600     0.1159     4.5627     0.0000     0.0081     0.0000     0.5062     0.5181    34.7551    34.8382    26.1490    26.2200      1.306      1.635      0.496      0.620 0.0000e+00
       7318    304.890    139.919 -109.83676   22.04044    139.000    13.2632    13.2311 4.1023e+04   4.108095     0.1000     0.0791    98.0422 1.0000e-12          0     0.5074     0.5191     0.0610     0.1159     4.5609     0.0000     0.0082     0.0000     0.5061     0.5181    34.7546    34.8384    26.1536    26.2250      1.292      1.646      0.490      0.624 0.0000e+00
       7411    308.758    140.926 -109.83676   22.04044    140.000    13.2640    13.2323 4.1025e+04   4.107987     0.0972     0.0803    98.0120 1.0000e-12          0     0.5068     0.5189     0.0607     0.1158     4.5595     0.0000     0.0083     0.0000     0.5059     0.5180    34.7547    34.8359    26.1535    26.2228      1.360      1.674      0.516      0.635 0.0000e+00
       7468    311.129    141.933 -109.83676   22.04044    141.000    13.2342    13.1935 4.0998e+04   4.104818     0.0984     0.0795    98.0327 1.0000e-12          0     0.5066     0.5188     0.0609     0.1159     4.5604     0.0000     0.0084     0.0000     0.5060     0.5180    34.7563    34.8410    26.1608    26.2346      1.295      1.646      0.491      0.624 0.0000e+00
       7487    311.904    142.940 -109.83676   22.04044    142.000    13.1998    13.1659 4.0966e+04   4.102476     0.0880     0.0805    98.0091 1.0000e-12          0     0.5067     0.5188     0.0598     0.1160     4.5594     0.0000     0.0084     0.0000     0.5060     0.5180    34.7572    34.8436    26.1685    26.2423      1.314      1.629      0.498      0.617 0.0000e+00
       7507    312.757    143.947 -109.83676   22.04044    143.000    13.1467    13.1131 4.0919e+04   4.097753     0.0883     0.0806    98.0057 1.0000e-12          0     0.5068     0.5189     0.0598     0.1159     4.5592     0.0000     0.0083     0.0000     0.5057     0.5179    34.7601    34.8468    26.1815    26.2555      1.207      1.602      0.457      0.606 0.0000e+00
       7540    314.127    144.954 -109.83676   22.04044    144.000    13.1192    13.0887 4.0895e+04   4.095328     0.0775     0.0806    98.0057 1.0000e-12          0     0.5068     0.5189     0.0587     0.1159     4.5592     0.0000     0.0083     0.0000     0.5056     0.5176    34.7626    34.8458    26.1890    26.2596      1.251      1.551      0.473      0.586 0.0000e+00
       7644    318.450    145.961 -109.83676   22.04044    145.000    13.1402    13.0927 4.0915e+04   4.095653     0.0764     0.0808    97.9993 1.0000e-12          0     0.5063     0.5183     0.0586     0.1162     4.5589     0.0000     0.0084     0.0000     0.5054     0.5176    34.7615    34.8448    26.1840    26.2580      1.318      1.624      0.498      0.614 0.0000e+00
       7693    320.511    146.968 -109.83676   22.04044    146.000    13.0596    13.0256 4.0841e+04   4.089907     0.0739     0.0809    97.9983 1.0000e-12          0     0.5061     0.5184     0.0584     0.1159     4.5589     0.0000     0.0083     0.0000     0.5059     0.5176    34.7653    34.8513    26.2031    26.2766      1.388      1.620      0.524      0.611 0.0000e+00
       7717    321.496    147.975 -109.83676   22.04044    147.000    13.0307    12.9983 4.0812e+04   4.087023     0.0740     0.0825    97.9575 1.0000e-12          0     0.5062     0.5184     0.0584     0.1159     4.5570     0.0000     0.0084     0.0000     0.5059     0.5177    34.7637    34.8485    26.2077    26.2799      1.373      1.647      0.518      0.621 0.0000e+00
       7739    322.402    148.982 -109.83678   22.04044    148.000    12.9656    12.9316 4.0741e+04   4.080236     0.0638     0.0838    97.9267 1.0000e-12          0     0.5064     0.5182     0.0574     0.1159     4.5556     0.0000     0.0083     0.0000     0.5061     0.5178    34.7552    34.8447    26.2142    26.2904      1.431      1.661      0.539      0.626 0.0000e+00
       7764    323.462    149.989 -109.83678   22.04044    149.000    12.9298    12.8978 4.0703e+04   4.076089     0.0625     0.0832    97.9417 1.0000e-12          0     0.5066     0.5185     0.0573     0.1158     4.5563     0.0000     0.0083     0.0000     0.5062     0.5179    34.7510    34.8359    26.2181    26.2903      1.416      1.714      0.533      0.645 0.0000e+00
       7872    327.971    150.996 -109.83677   22.04044    150.000    12.9494    12.9069 4.0724e+04   4.076602     0.0760     0.0798    98.0245 1.0000e-12          0     0.5070     0.5187     0.0586     0.1165     4.5601     0.0000     0.0084     0.0000     0.5066     0.5181    34.7526    34.8320    26.2155    26.2854      1.562      1.695      0.589      0.639 0.0000e+00
       7910    329.544    152.003 -109.83678   22.04044    151.000    12.8912    12.8601 4.0660e+04   4.072121     0.0673     0.0800    98.0194 1.0000e-12          0     0.5070     0.5188     0.0577     0.1164     4.5598     0.0000     0.0084     0.0000     0.5075     0.5186    34.7450    34.8318    26.2212    26.2947      1.927      1.967      0.725      0.740 0.0000e+00
       7935    330.598    153.010 -109.83678   22.04044    152.000    12.8587    12.8267 4.0623e+04   4.068118     0.0698     0.0790    98.0428 1.0000e-12          0     0.5072     0.5188     0.0580     0.1160     4.5609     0.0000     0.0084     0.0000     0.5084     0.5196    34.7392    34.8240    26.2232    26.2953      1.980      2.147      0.744      0.807 0.0000e+00
       7961    331.654    154.017 -109.83678   22.04044    153.000    12.8430    12.8123 4.0606e+04   4.066386     0.0672     0.0783    98.0604 1.0000e-12          0     0.5078     0.5189     0.0577     0.1160     4.5618     0.0000     0.0084     0.0000     0.5091     0.5202    34.7363    34.8202    26.2241    26.2953      2.148      2.188      0.807      0.823 0.0000e+00
       8016    333.938    155.024 -109.83678   22.04044    154.000    12.8352    12.8022 4.0598e+04   4.065112     0.0631     0.0772    98.0894 1.0000e-12          0     0.5090     0.5201     0.0573     0.1157     4.5631     0.0000     0.0084     0.0000     0.5095     0.5207    34.7352    34.8170    26.2248    26.2948      1.952      2.160      0.734      0.812 0.0000e+00
       8109    337.815    156.031 -109.83678   22.04044    155.000    12.8374    12.8025 4.0601e+04   4.065319     0.0625     0.0773    98.0867 1.0000e-12          0     0.5105     0.5216     0.0573     0.1162     4.5630     0.0000     0.0084     0.0000     0.5093     0.5211    34.7358    34.8182    26.2249    26.2957      1.478      2.011      0.556      0.756 0.0000e+00
       8132    338.780    157.038 -109.83678   22.04044    156.000    12.8070    12.7749 4.0575e+04   4.063002     0.0624     0.0779    98.0712 1.0000e-12          0     0.5104     0.5218     0.0572     0.1168     4.5623     0.0000     0.0085     0.0000     0.5078     0.5200    34.7388    34.8210    26.2332    26.3033      1.131      1.642      0.425      0.617 0.0000e+00
       8155    339.752    158.045 -109.83678   22.04044    157.000    12.8160    12.7853 4.0609e+04   4.066414     0.0634     0.0809    97.9973 1.0000e-12          0     0.5104     0.5218     0.0573     0.1162     4.5588     0.0000     0.0085     0.0000     0.5071     0.5188    34.7621    34.8437    26.2496    26.3189      1.344      1.506      0.505      0.566 0.0000e+00
       8181    340.849    159.052 -109.83678   22.04044    158.000    12.7986    12.7668 4.0592e+04   4.064904     0.0659     0.0926    97.7128 1.0000e-12          0     0.5103     0.5219     0.0576     0.1167     4.5456     0.0000     0.0085     0.0000     0.5068     0.5181    34.7622    34.8459    26.2531    26.3243      1.379      1.546      0.518      0.581 0.0000e+00
       8236    343.128    160.059 -109.83678   22.04044    159.000    12.7701    12.7413 4.0561e+04   4.061918     0.0648     0.0900    97.7766 1.0000e-12          0     0.5084     0.5200     0.0575     0.1163     4.5486     0.0000     0.0085     0.0000     0.5065     0.5179    34.7577    34.8404    26.2554    26.3251      1.428      1.641      0.536      0.616 0.0000e+00
       8332    347.131    161.066 -109.83678   22.04042    160.000    12.7667    12.7175 4.0556e+04   4.059730     0.0686     0.0869    97.8519 1.0000e-12          0     0.5070     0.5184     0.0579     0.1161     4.5521     0.0000     0.0084     0.0000     0.5078     0.5186    34.7560    34.8410    26.2546    26.3303      2.185      2.075      0.820      0.779 0.0000e+00
       8365    348.515    162.073 -109.83678   22.04042    161.000    12.6517    12.6032 4.0431e+04   4.047481     0.0617     0.0844    97.9118 1.0000e-12          0     0.5070     0.5188     0.0572     0.1172     4.5548     0.0000     0.0085     0.0000     0.5104     0.5209    34.7414    34.8286    26.2661    26.3432      2.842      2.696      1.064      1.009 0.0000e+00
       8388    349.442    163.080 -109.83678   22.04044    162.000    12.5724    12.5385 4.0343e+04   4.040394     0.0628     0.0833    97.9378 1.0000e-12          0     0.5077     0.5189     0.0573     0.1168     4.5561     0.0000     0.0084     0.0000     0.5120     0.5226    34.7297    34.8198    26.2727    26.3492      3.152      2.970      1.178      1.110 0.0000e+00
       8408    350.278    164.088 -109.83678   22.04044    163.000    12.5409    12.5098 4.0310e+04   4.036501     0.0621     0.0822    97.9652 1.0000e-12          0     0.5081     0.5190     0.0572     0.1158     4.5573     0.0000     0.0085     0.0000     0.5139     0.5241    34.7264    34.8084    26.2763    26.3460      3.581      3.312      1.338      1.237 0.0000e+00
       8430    351.217    165.095 -109.83678   22.04044    164.000    12.5104    12.4744 4.0278e+04   4.033934     0.0521     0.0816    97.9789 1.0000e-12          0     0.5097     0.5203     0.0562     0.1159     4.5580     0.0000     0.0084     0.0000     0.5161     0.5263    34.7237    34.8160    26.2802    26.3588      3.596      3.595      1.343      1.342 0.0000e+00
       8502    354.205    166.102 -109.83678   22.04044    165.000    12.4666    12.4195 4.0227e+04   4.026402     0.0576     0.0783    98.0612 1.0000e-12          0     0.5152     0.5258     0.0568     0.1160     4.5618     0.0000     0.0084     0.0000     0.5170     0.5286    34.7147    34.7938    26.2817    26.3523      3.233      3.549      1.206      1.323 0.0000e+00
       8580    357.442    167.109 -109.83678   22.04044    166.000    12.3930    12.3640 4.0145e+04   4.021159     0.0617     0.0775    98.0821 1.0000e-12          0     0.5171     0.5292     0.0572     0.1159     4.5628     0.0000     0.0084     0.0000     0.5192     0.5308    34.7030    34.7942    26.2870    26.3634      3.128      3.707      1.165      1.380 0.0000e+00
       8612    358.779    168.116 -109.83678   22.04044    167.000    12.3675    12.3378 4.0125e+04   4.017875     0.0516     0.0755    98.1301 1.0000e-12          0     0.5179     0.5295     0.0562     0.1168     4.5650     0.0000     0.0084     0.0000     0.5176     0.5298    34.7069    34.7863    26.2950    26.3624      2.618      3.255      0.974      1.211 0.0000e+00
       8645    360.163    169.123 -109.83678   22.04044    168.000    12.3643    12.3350 4.0130e+04   4.018894     0.0561     0.0752    98.1362 1.0000e-12          0     0.5199     0.5312     0.0566     0.1159     4.5653     0.0000     0.0084     0.0000     0.5165     0.5288    34.7143    34.7983    26.3014    26.3723      2.598      3.121      0.967      1.161 0.0000e+00
       8679    361.587    170.130 -109.83678   22.04044    169.000    12.3599    12.3292 4.0126e+04   4.018147     0.0534     0.0759    98.1212 1.0000e-12          0     0.5192     0.5312     0.0564     0.1150     4.5646     0.0000     0.0084     0.0000     0.5157     0.5279    34.7142    34.7960    26.3022    26.3716      2.744      3.175      1.021      1.181 0.0000e+00
       8723    363.404    171.137 -109.83678   22.04044    170.000    12.3600    12.3296 4.0127e+04   4.018203     0.0565     0.0753    98.1349 1.0000e-12          0     0.5175     0.5296     0.0567     0.1158     4.5652     0.0000     0.0085     0.0000     0.5154     0.5275    34.7144    34.7958    26.3023    26.3714      2.509      3.055      0.934      1.137 0.0000e+00
       8791    366.235    172.144 -109.83678   22.04044    171.000    12.3840    12.3546 4.0162e+04   4.021483     0.0546     0.0761    98.1161 1.0000e-12          0     0.5164     0.5285     0.0565     0.1159     4.5643     0.0000     0.0084     0.0000     0.5114     0.5247    34.7260    34.8039    26.3068    26.3729      1.250      2.106      0.466      0.784 0.0000e+00
