data/ctd-cnv/KM1919/KM1919-St22-P3/St22_P3_cast71-align-cellTM-derive-bin.cnv
* Sea-Bird SBE 9 Data File:
* FileName = C:\Users\otg\Desktop\CTD Data\km1920\St22_P3_cast71.hex
* Software Version Seasave V 7.26.7.107
* Temperature SN = 5554
* Conductivity SN = 3876
* Number of Bytes Per Scan = 41
* Number of Voltage Words = 4
* Number of Scans Averaged by the Deck Unit = 1
* NMEA Latitude = 21 55.29 N
* NMEA Longitude = 109 56.34 W
* NMEA UTC (Time) = Oct 16 2019  16:59:12
* NMEA baud rate = 4800
** Ship: Kilo Moana
** Station: St22  P3 cast 71
** Operator: gr
# nquan = 34
# nvalues = 259                         
# units = specified
# name 0 = scan: Scan Count
# name 1 = timeS: Time, Elapsed [seconds]
# name 2 = prDM: Pressure, Digiquartz [db]
# name 3 = longitude: Longitude [deg]
# name 4 = latitude: Latitude [deg]
# name 5 = depSM: Depth [salt water, m]
# name 6 = t090C: Temperature [ITS-90, deg C]
# name 7 = t190C: Temperature, 2 [ITS-90, deg C]
# name 8 = c0uS/cm: Conductivity [uS/cm]
# name 9 = c1S/m: Conductivity, 2 [S/m]
# name 10 = flECO-AFL: Fluorescence, WET Labs ECO-AFL/FL [mg/m^3]
# name 11 = CStarAt0: Beam Attenuation, WET Labs C-Star [1/m]
# name 12 = CStarTr0: Beam Transmission, WET Labs C-Star [%]
# name 13 = par: PAR/Irradiance, Biospherical/Licor
# name 14 = modError: Modulo Error Count
# name 15 = v0: Voltage 0
# name 16 = v1: Voltage 1
# name 17 = v2: Voltage 2
# name 18 = v3: Voltage 3
# name 19 = v4: Voltage 4
# name 20 = v5: Voltage 5
# name 21 = v6: Voltage 6
# name 22 = v7: Voltage 7
# name 23 = sbeox0V: Oxygen raw, SBE 43 [V]
# name 24 = sbeox1V: Oxygen raw, SBE 43, 2 [V]
# name 25 = sal00: Salinity, Practical [PSU]
# name 26 = sal11: Salinity, Practical, 2 [PSU]
# name 27 = sigma-é00: Density [sigma-theta, kg/m^3]
# name 28 = sigma-é11: Density, 2 [sigma-theta, kg/m^3]
# name 29 = sbeox0Mm/L: Oxygen, SBE 43 [umol/l], WS = 2
# name 30 = sbeox1Mm/L: Oxygen, SBE 43, 2 [umol/l], WS = 2
# name 31 = sbeox0PS: Oxygen, SBE 43 [% saturation], WS = 2
# name 32 = sbeox1PS: Oxygen, SBE 43, 2 [% saturation], WS = 2
# name 33 = flag: flag
# span 0 =        -12,       9967       
# span 1 =     -0.538,    415.252       
# span 2 =      3.019,    262.802       
# span 3 = -109.93892, -109.93890       
# span 4 =   21.92140,   21.92146       
# span 5 =      3.000,    261.000       
# span 6 =    11.1556,    27.6859       
# span 7 =    11.1261,    27.6424       
# span 8 = 3.9015e+04, 5.5376e+04       
# span 9 =   3.906839,   5.545127       
# span 10 =     0.0395,     1.2497      
# span 11 =     0.0600,     0.1459      
# span 12 =    96.4199,    98.5125      
# span 13 = -2.652e-06, 1.2840e+03      
# span 14 =          0,          0      
# span 15 =     0.5043,     2.4772      
# span 16 =     0.5157,     2.4728      
# span 17 =     0.0549,     0.1759      
# span 18 =     0.1123,     0.1153      
# span 19 =     4.4855,     4.5828      
# span 20 =     0.0000,     0.0000      
# span 21 =     0.0085,     4.0754      
# span 22 =     0.0000,     0.0000      
# span 23 =     0.5036,     2.4731      
# span 24 =     0.5148,     2.4673      
# span 25 =    33.9224,    34.7730      
# span 26 =    34.0087,    34.8589      
# span 27 =    22.2211,    26.5271      
# span 28 =    22.2992,    26.5955      
# span 29 =      1.017,    237.038      
# span 30 =      1.197,    248.283      
# span 31 =      0.370,    106.237      
# span 32 =      0.434,    111.399      
# span 33 = 0.0000e+00, 0.0000e+00      
# interval = meters: 1                  
# start_time = Oct 16 2019 17:05:46 [NMEA time, first data scan]
# bad_flag = -9.990e-29
*END*
[from data line 171]
       7288    303.638    175.164 -109.93892   21.92142    174.000    12.3218    12.2898 4.0138e+04   4.019495     0.0635     0.0763    98.1107 1.0000e-12          0     0.5060     0.5179     0.0574     0.1147     4.5641     0.0000     0.0085     0.0000     0.5053     0.5172    34.7584    34.8435    26.3440    26.4163      1.195      1.617      0.445      0.601 0.0000e+00
       7317    304.845    176.171 -109.93892   21.92142    175.000    12.3134    12.2826 4.0130e+04   4.018536     0.0635     0.0760    98.1172 1.0000e-12          0     0.5064     0.5180     0.0574     0.1148     4.5644     0.0000     0.0085     0.0000     0.5053     0.5172    34.7580    34.8405    26.3453    26.4153      1.179      1.536      0.438      0.571 0.0000e+00
       7345    305.985    177.178 -109.93892   21.92142    176.000    12.2902    12.2581 4.0106e+04   4.016244     0.0639     0.0757    98.1249 1.0000e-12          0     0.5063     0.5179     0.0574     0.1148     4.5647     0.0000     0.0085     0.0000     0.5048     0.5171    34.7565    34.8407    26.3487    26.4202      1.162      1.548      0.432      0.575 0.0000e+00
       7371    307.103    178.186 -109.93892   21.92142    177.000    12.2793    12.2484 4.0097e+04   4.015304     0.0635     0.0752    98.1370 1.0000e-12          0     0.5061     0.5179     0.0574     0.1148     4.5653     0.0000     0.0085     0.0000     0.5050     0.5170    34.7575    34.8402    26.3516    26.4218      1.242      1.527      0.462      0.567 0.0000e+00
       7401    308.342    179.193 -109.93892   21.92142    178.000    12.2765    12.2458 4.0096e+04   4.015162     0.0635     0.0752    98.1370 1.0000e-12          0     0.5061     0.5180     0.0574     0.1148     4.5653     0.0000     0.0085     0.0000     0.5049     0.5170    34.7585    34.8407    26.3529    26.4227      1.247      1.578      0.464      0.586 0.0000e+00
       7432    309.626    180.200 -109.93892   21.92142    179.000    12.2616    12.2297 4.0083e+04   4.013988     0.0435     0.0752    98.1361 1.0000e-12          0     0.5056     0.5178     0.0553     0.1148     4.5653     0.0000     0.0085     0.0000     0.5051     0.5172    34.7592    34.8440    26.3564    26.4284      1.278      1.601      0.475      0.595 0.0000e+00
       7458    310.691    181.207 -109.93892   21.92142    180.000    12.2226    12.1906 4.0045e+04   4.010123     0.0614     0.0762    98.1128 1.0000e-12          0     0.5058     0.5177     0.0571     0.1147     4.5642     0.0000     0.0085     0.0000     0.5049     0.5171    34.7578    34.8424    26.3628    26.4347      1.128      1.539      0.419      0.571 0.0000e+00
       7481    311.678    182.214 -109.93892   21.92142    181.000    12.2029    12.1714 4.0026e+04   4.008136     0.0639     0.0760    98.1188 1.0000e-12          0     0.5055     0.5178     0.0574     0.1148     4.5645     0.0000     0.0085     0.0000     0.5048     0.5170    34.7572    34.8406    26.3662    26.4370      1.182      1.485      0.438      0.551 0.0000e+00
       7507    312.758    183.221 -109.93892   21.92142    182.000    12.1953    12.1646 4.0019e+04   4.007397     0.0635     0.0763    98.1108 1.0000e-12          0     0.5057     0.5178     0.0574     0.1148     4.5641     0.0000     0.0085     0.0000     0.5048     0.5168    34.7573    34.8393    26.3677    26.4373      1.209      1.525      0.448      0.566 0.0000e+00
       7538    314.054    184.228 -109.93892   21.92142    183.000    12.1952    12.1646 4.0019e+04   4.007432     0.0639     0.0753    98.1338 1.0000e-12          0     0.5057     0.5179     0.0574     0.1148     4.5652     0.0000     0.0085     0.0000     0.5048     0.5169    34.7573    34.8392    26.3678    26.4373      1.209      1.538      0.448      0.570 0.0000e+00
       7573    315.491    185.236 -109.93892   21.92142    184.000    12.1863    12.1550 4.0012e+04   4.006693     0.0632     0.0752    98.1370 1.0000e-12          0     0.5055     0.5176     0.0573     0.1141     4.5653     0.0000     0.0085     0.0000     0.5048     0.5169    34.7577    34.8405    26.3699    26.4402      1.209      1.522      0.448      0.565 0.0000e+00
       7606    316.855    186.243 -109.93892   21.92142    185.000    12.1574    12.1262 3.9982e+04   4.003824     0.0627     0.0752    98.1370 1.0000e-12          0     0.5055     0.5176     0.0573     0.1142     4.5653     0.0000     0.0085     0.0000     0.5048     0.5169    34.7553    34.8391    26.3736    26.4446      1.210      1.571      0.449      0.582 0.0000e+00
       7634    318.045    187.250 -109.93892   21.92142    186.000    12.1450    12.1140 3.9970e+04   4.002589     0.0639     0.0752    98.1370 1.0000e-12          0     0.5055     0.5176     0.0574     0.1148     4.5653     0.0000     0.0085     0.0000     0.5048     0.5170    34.7545    34.8380    26.3753    26.4461      1.211      1.496      0.449      0.554 0.0000e+00
       7663    319.269    188.257 -109.93892   21.92142    187.000    12.1254    12.0943 3.9950e+04   4.000614     0.0454     0.0752    98.1370 1.0000e-12          0     0.5055     0.5176     0.0555     0.1147     4.5653     0.0000     0.0085     0.0000     0.5048     0.5168    34.7528    34.8366    26.3778    26.4489      1.211      1.520      0.449      0.563 0.0000e+00
       7700    320.797    189.265 -109.93892   21.92142    188.000    12.1097    12.0793 3.9934e+04   3.998919     0.0637     0.0752    98.1370 1.0000e-12          0     0.5055     0.5177     0.0574     0.1147     4.5653     0.0000     0.0085     0.0000     0.5048     0.5168    34.7514    34.8338    26.3798    26.4496      1.201      1.523      0.445      0.564 0.0000e+00
       7738    322.365    190.271 -109.93892   21.92142    189.000    12.0944    12.0632 3.9918e+04   3.997466     0.0635     0.0750    98.1428 1.0000e-12          0     0.5055     0.5175     0.0574     0.1148     4.5656     0.0000     0.0085     0.0000     0.5048     0.5168    34.7504    34.8341    26.3819    26.4529      1.221      1.519      0.452      0.562 0.0000e+00
       7766    323.537    191.279 -109.93892   21.92142    190.000    12.0768    12.0465 3.9901e+04   3.995616     0.0629     0.0739    98.1714 1.0000e-12          0     0.5055     0.5176     0.0573     0.1148     4.5669     0.0000     0.0085     0.0000     0.5048     0.5168    34.7498    34.8313    26.3849    26.4539      1.213      1.535      0.449      0.568 0.0000e+00
       7789    324.482    192.286 -109.93892   21.92142    191.000    12.0731    12.0416 3.9901e+04   3.995651     0.0633     0.0739    98.1704 1.0000e-12          0     0.5055     0.5174     0.0573     0.1147     4.5669     0.0000     0.0085     0.0000     0.5048     0.5168    34.7524    34.8358    26.3876    26.4584      1.213      1.478      0.449      0.547 0.0000e+00
       7809    325.346    193.293 -109.93892   21.92142    192.000    12.0402    12.0079 3.9868e+04   3.992476     0.0639     0.0743    98.1617 1.0000e-12          0     0.5054     0.5176     0.0574     0.1147     4.5664     0.0000     0.0085     0.0000     0.5048     0.5166    34.7501    34.8359    26.3922    26.4649      1.180      1.455      0.436      0.538 0.0000e+00
       7829    326.155    194.300 -109.93892   21.92142    193.000    12.0219    11.9910 3.9850e+04   3.990598     0.0639     0.0744    98.1592 1.0000e-12          0     0.5055     0.5175     0.0574     0.1150     4.5663     0.0000     0.0085     0.0000     0.5047     0.5167    34.7500    34.8329    26.3955    26.4659      1.165      1.582      0.431      0.584 0.0000e+00
       7849    327.006    195.308 -109.93892   21.92142    194.000    12.0153    11.9845 3.9844e+04   3.989964     0.0627     0.0743    98.1595 1.0000e-12          0     0.5055     0.5175     0.0573     0.1153     4.5663     0.0000     0.0085     0.0000     0.5047     0.5168    34.7496    34.8324    26.3965    26.4667      1.235      1.495      0.456      0.552 0.0000e+00
       7876    328.142    196.315 -109.93892   21.92142    195.000    12.0004    11.9695 3.9830e+04   3.988542     0.0639     0.0742    98.1624 1.0000e-12          0     0.5055     0.5175     0.0574     0.1147     4.5665     0.0000     0.0085     0.0000     0.5048     0.5166    34.7491    34.8321    26.3990    26.4694      1.228      1.464      0.453      0.541 0.0000e+00
       7929    330.330    197.322 -109.93892   21.92143    196.000    11.9915    11.9593 3.9822e+04   3.987460     0.0635     0.0748    98.1480 1.0000e-12          0     0.5054     0.5174     0.0574     0.1148     4.5658     0.0000     0.0085     0.0000     0.5048     0.5165    34.7488    34.8307    26.4005    26.4702      1.212      1.489      0.448      0.550 0.0000e+00
       7979    332.413    198.329 -109.93892   21.92144    197.000    11.9706    11.9397 3.9801e+04   3.985576     0.0635     0.0738    98.1729 1.0000e-12          0     0.5055     0.5172     0.0574     0.1147     4.5670     0.0000     0.0085     0.0000     0.5048     0.5166    34.7476    34.8301    26.4035    26.4735      1.200      1.497      0.443      0.553 0.0000e+00
       8005    333.498    199.337 -109.93892   21.92144    198.000    11.9446    11.9129 3.9774e+04   3.983024     0.0634     0.0742    98.1632 1.0000e-12          0     0.5054     0.5173     0.0573     0.1147     4.5665     0.0000     0.0085     0.0000     0.5047     0.5165    34.7452    34.8298    26.4066    26.4784      1.204      1.464      0.444      0.540 0.0000e+00
       8027    334.408    200.344 -109.93892   21.92144    199.000    11.9262    11.8953 3.9756e+04   3.981199     0.0593     0.0739    98.1706 1.0000e-12          0     0.5055     0.5171     0.0569     0.1148     4.5669     0.0000     0.0085     0.0000     0.5047     0.5167    34.7449    34.8280    26.4099    26.4804      1.203      1.528      0.444      0.563 0.0000e+00
       8049    335.313    201.351 -109.93892   21.92144    200.000    11.9007    11.8687 3.9733e+04   3.978925     0.0395     0.0739    98.1704 1.0000e-12          0     0.5055     0.5173     0.0549     0.1147     4.5669     0.0000     0.0085     0.0000     0.5047     0.5164    34.7452    34.8302    26.4150    26.4872      1.224      1.372      0.451      0.506 0.0000e+00
       8072    336.282    202.358 -109.93892   21.92144    201.000    11.8810    11.8506 3.9715e+04   3.977014     0.0637     0.0742    98.1631 1.0000e-12          0     0.5054     0.5172     0.0574     0.1148     4.5665     0.0000     0.0085     0.0000     0.5047     0.5162    34.7458    34.8280    26.4192    26.4889      1.166      1.464      0.430      0.539 0.0000e+00
       8097    337.322    203.365 -109.93892   21.92144    202.000    11.8777    11.8473 3.9712e+04   3.976704     0.0634     0.0742    98.1642 1.0000e-12          0     0.5055     0.5172     0.0574     0.1146     4.5665     0.0000     0.0085     0.0000     0.5046     0.5165    34.7455    34.8276    26.4196    26.4893      1.139      1.488      0.420      0.548 0.0000e+00
       8125    338.493    204.373 -109.93892   21.92144    203.000    11.8725    11.8417 3.9708e+04   3.976304     0.0625     0.0742    98.1632 1.0000e-12          0     0.5054     0.5173     0.0573     0.1148     4.5665     0.0000     0.0085     0.0000     0.5046     0.5162    34.7455    34.8286    26.4206    26.4911      1.209      1.409      0.446      0.519 0.0000e+00
       8153    339.674    205.380 -109.93892   21.92144    204.000    11.8499    11.8191 3.9686e+04   3.974184     0.0639     0.0742    98.1632 1.0000e-12          0     0.5055     0.5169     0.0574     0.1148     4.5665     0.0000     0.0085     0.0000     0.5047     0.5162    34.7453    34.8285    26.4248    26.4953      1.270      1.422      0.468      0.524 0.0000e+00
       8189    341.149    206.387 -109.93892   21.92144    205.000    11.8401    11.8087 3.9678e+04   3.973173     0.0636     0.0742    98.1621 1.0000e-12          0     0.5053     0.5171     0.0574     0.1147     4.5664     0.0000     0.0085     0.0000     0.5048     0.5162    34.7456    34.8278    26.4269    26.4968      1.211      1.425      0.446      0.525 0.0000e+00
       8238    343.226    207.395 -109.93892   21.92144    206.000    11.8290    11.7981 3.9668e+04   3.972207     0.0702     0.0742    98.1639 1.0000e-12          0     0.5054     0.5169     0.0580     0.1147     4.5665     0.0000     0.0085     0.0000     0.5046     0.5161    34.7459    34.8279    26.4293    26.4989      1.188      1.409      0.437      0.519 0.0000e+00
       8273    344.652    208.402 -109.93892   21.92144    207.000    11.8129    11.7822 3.9653e+04   3.970791     0.0636     0.0744    98.1588 1.0000e-12          0     0.5055     0.5167     0.0574     0.1148     4.5663     0.0000     0.0085     0.0000     0.5046     0.5160    34.7459    34.8285    26.4323    26.5023      1.208      1.399      0.445      0.515 0.0000e+00
       8295    345.595    209.409 -109.93892   21.92144    208.000    11.8008    11.7700 3.9642e+04   3.969658     0.0639     0.0749    98.1449 1.0000e-12          0     0.5054     0.5168     0.0574     0.1147     4.5657     0.0000     0.0085     0.0000     0.5047     0.5161    34.7457    34.8283    26.4345    26.5045      1.209      1.417      0.445      0.521 0.0000e+00
       8316    346.453    210.416 -109.93892   21.92144    209.000    11.7898    11.7589 3.9632e+04   3.968629     0.0632     0.0746    98.1525 1.0000e-12          0     0.5053     0.5169     0.0573     0.1151     4.5660     0.0000     0.0085     0.0000     0.5047     0.5159    34.7457    34.8283    26.4366    26.5066      1.181      1.398      0.435      0.514 0.0000e+00
       8336    347.278    211.424 -109.93892   21.92144    210.000    11.7757    11.7448 3.9618e+04   3.967305     0.0628     0.0749    98.1456 1.0000e-12          0     0.5053     0.5168     0.0573     0.1150     4.5657     0.0000     0.0085     0.0000     0.5045     0.5161    34.7453    34.8280    26.4390    26.5091      1.116      1.440      0.410      0.529 0.0000e+00
       8357    348.182    212.431 -109.93892   21.92144    211.000    11.7648    11.7342 3.9608e+04   3.966260     0.0638     0.0745    98.1556 1.0000e-12          0     0.5054     0.5167     0.0574     0.1148     4.5662     0.0000     0.0085     0.0000     0.5045     0.5161    34.7451    34.8272    26.4409    26.5105      1.152      1.393      0.423      0.512 0.0000e+00
       8388    349.447    213.438 -109.93892   21.92144    212.000    11.7572    11.7268 3.9601e+04   3.965526     0.0627     0.0737    98.1745 1.0000e-12          0     0.5054     0.5167     0.0573     0.1152     4.5671     0.0000     0.0085     0.0000     0.5045     0.5159    34.7448    34.8266    26.4421    26.5114      1.209      1.410      0.444      0.518 0.0000e+00
       8439    351.591    214.446 -109.93892   21.92144    213.000    11.7523    11.7218 3.9596e+04   3.965048     0.0637     0.0738    98.1739 1.0000e-12          0     0.5052     0.5167     0.0574     0.1148     4.5670     0.0000     0.0085     0.0000     0.5046     0.5159    34.7443    34.8261    26.4427    26.5120      1.192      1.384      0.438      0.509 0.0000e+00
       8486    353.541    215.453 -109.93892   21.92144    214.000    11.7435    11.7129 3.9588e+04   3.964250     0.0636     0.0733    98.1843 1.0000e-12          0     0.5053     0.5167     0.0574     0.1147     4.5675     0.0000     0.0085     0.0000     0.5045     0.5159    34.7437    34.8262    26.4439    26.5137      1.202      1.417      0.442      0.521 0.0000e+00
       8517    354.833    216.460 -109.93892   21.92144    215.000    11.7245    11.6936 3.9568e+04   3.962371     0.0634     0.0733    98.1853 1.0000e-12          0     0.5053     0.5167     0.0574     0.1148     4.5676     0.0000     0.0085     0.0000     0.5046     0.5160    34.7419    34.8254    26.4461    26.5168      1.117      1.430      0.410      0.525 0.0000e+00
