data/ctd-cnv/KM1919/KM1919-St22-P3/St22_P3_cast64-align-cellTM-derive-bin.cnv
* Sea-Bird SBE 9 Data File:
* FileName = C:\Users\otg\Desktop\CTD Data\km1920\St22_P3_cast64.hex
* Software Version Seasave V 7.26.7.107
* Temperature SN = 5554
* Conductivity SN = 3876
* Number of Bytes Per Scan = 41
* Number of Voltage Words = 4
* Number of Scans Averaged by the Deck Unit = 1
* NMEA Latitude = 21 50.12 N
* NMEA Longitude = 109 59.52 W
* NMEA UTC (Time) = Oct 15 2019  12:04:38
* NMEA baud rate = 4800
** Ship: Kilo Moana
** Station: St22  P3 cast 64
** Operator: gr
# nquan = 34
# nvalues = 200                         
# units = specified
# name 0 = scan: Scan Count
# name 1 = timeS: Time, Elapsed [seconds]
# name 2 = prDM: Pressure, Digiquartz [db]
# name 3 = longitude: Longitude [deg]
# name 4 = latitude: Latitude [deg]
# name 5 = depSM: Depth [salt water, m]
# name 6 = t090C: Temperature [ITS-90, deg C]
# name 7 = t190C: Temperature, 2 [ITS-90, deg C]
# name 8 = c0uS/cm: Conductivity [uS/cm]
# name 9 = c1S/m: Conductivity, 2 [S/m]
# name 10 = flECO-AFL: Fluorescence, WET Labs ECO-AFL/FL [mg/m^3]
# name 11 = CStarAt0: Beam Attenuation, WET Labs C-Star [1/m]
# name 12 = CStarTr0: Beam Transmission, WET Labs C-Star [%]
# name 13 = par: PAR/Irradiance, Biospherical/Licor
# name 14 = modError: Modulo Error Count
# name 15 = v0: Voltage 0
# name 16 = v1: Voltage 1
# name 17 = v2: Voltage 2
# name 18 = v3: Voltage 3
# name 19 = v4: Voltage 4
# name 20 = v5: Voltage 5
# name 21 = v6: Voltage 6
# name 22 = v7: Voltage 7
# name 23 = sbeox0V: Oxygen raw, SBE 43 [V]
# name 24 = sbeox1V: Oxygen raw, SBE 43, 2 [V]
# name 25 = sal00: Salinity, Practical [PSU]
# name 26 = sal11: Salinity, Practical, 2 [PSU]
# name 27 = sigma-é00: Density [sigma-theta, kg/m^3]
# name 28 = sigma-é11: Density, 2 [sigma-theta, kg/m^3]
# name 29 = sbeox0Mm/L: Oxygen, SBE 43 [umol/l], WS = 2
# name 30 = sbeox1Mm/L: Oxygen, SBE 43, 2 [umol/l], WS = 2
# name 31 = sbeox0PS: Oxygen, SBE 43 [% saturation], WS = 2
# name 32 = sbeox1PS: Oxygen, SBE 43, 2 [% saturation], WS = 2
# name 33 = flag: flag
# span 0 =        314,      11575       
# span 1 =     13.028,    482.244       
# span 2 =      2.013,    202.357       
# span 3 = -109.99194, -109.99188       
# span 4 =   21.83532,   21.83534       
# span 5 =      2.000,    201.000       
# span 6 =    12.1411,    27.5428       
# span 7 =    12.1155,    27.5028       
# span 8 = 3.9982e+04, 5.5199e+04       
# span 9 =   4.004073,   5.527716       
# span 10 =     0.0418,     1.1247      
# span 11 =     0.0581,     0.1231      
# span 12 =    96.9693,    98.5571      
# span 13 = -5.321e-05, 4.5432e+00      
# span 14 =          0,          0      
# span 15 =     0.5042,     2.4730      
# span 16 =     0.5152,     2.4638      
# span 17 =     0.0552,     0.1635      
# span 18 =     0.1122,     0.1170      
# span 19 =     4.5110,     4.5849      
# span 20 =     0.0000,     0.0000      
# span 21 =     0.0082,     1.6718      
# span 22 =     0.0000,     0.0000      
# span 23 =     0.5034,     2.4725      
# span 24 =     0.5141,     2.4576      
# span 25 =    33.9251,    34.7741      
# span 26 =    34.0348,    34.8584      
# span 27 =    22.2489,    26.3837      
# span 28 =    22.3268,    26.4518      
# span 29 =      1.003,    241.863      
# span 30 =      1.004,    250.959      
# span 31 =      0.371,    106.116      
# span 32 =      0.372,    111.039      
# span 33 = 0.0000e+00, 0.0000e+00      
# interval = meters: 1                  
# start_time = Oct 15 2019 12:09:59 [NMEA time, first data scan]
# bad_flag = -9.990e-29
*END*
[from data line 171]
       8422    350.879    174.156 -109.99190   21.83532    173.000    12.5153    12.4847 4.0327e+04   4.038303     0.0634     0.0688    98.2934 1.0000e-12          0     0.5055     0.5180     0.0573     0.1147     4.5726     0.0000     0.0085     0.0000     0.5047     0.5170    34.7625    34.8447    26.3095    26.3793      1.184      1.531      0.442      0.572 0.0000e+00
       8472    352.960    175.163 -109.99190   21.83532    174.000    12.5115    12.4800 4.0324e+04   4.037890     0.0562     0.0688    98.2945 1.0000e-12          0     0.5055     0.5178     0.0566     0.1148     4.5726     0.0000     0.0085     0.0000     0.5047     0.5169    34.7622    34.8447    26.3101    26.3803      1.184      1.510      0.442      0.564 0.0000e+00
       8510    354.527    176.171 -109.99190   21.83532    175.000    12.5003    12.4684 4.0312e+04   4.036726     0.0592     0.0684    98.3041 1.0000e-12          0     0.5055     0.5178     0.0569     0.1147     4.5731     0.0000     0.0085     0.0000     0.5047     0.5168    34.7610    34.8438    26.3113    26.3818      1.194      1.509      0.446      0.563 0.0000e+00
       8534    355.549    177.178 -109.99190   21.83532    176.000    12.4879    12.4562 4.0299e+04   4.035538     0.0570     0.0671    98.3358 1.0000e-12          0     0.5055     0.5176     0.0567     0.1147     4.5746     0.0000     0.0084     0.0000     0.5048     0.5170    34.7597    34.8432    26.3128    26.3837      1.211      1.648      0.452      0.615 0.0000e+00
       8556    356.443    178.184 -109.99190   21.83532    177.000    12.4790    12.4483 4.0291e+04   4.034687     0.0632     0.0667    98.3468 1.0000e-12          0     0.5055     0.5178     0.0573     0.1147     4.5751     0.0000     0.0084     0.0000     0.5048     0.5172    34.7594    34.8419    26.3143    26.3843      1.212      1.574      0.452      0.587 0.0000e+00
       8577    357.327    179.192 -109.99190   21.83532    178.000    12.4814    12.4509 4.0298e+04   4.035341     0.0521     0.0660    98.3643 1.0000e-12          0     0.5055     0.5176     0.0562     0.1146     4.5759     0.0000     0.0085     0.0000     0.5048     0.5171    34.7633    34.8453    26.3169    26.3865      1.173      1.504      0.438      0.561 0.0000e+00
       8598    358.214    180.199 -109.99190   21.83532    179.000    12.4665    12.4338 4.0288e+04   4.034516     0.0522     0.0665    98.3526 1.0000e-12          0     0.5055     0.5176     0.0562     0.1147     4.5754     0.0000     0.0085     0.0000     0.5047     0.5170    34.7676    34.8528    26.3232    26.3957      1.167      1.544      0.435      0.576 0.0000e+00
       8623    359.240    181.206 -109.99190   21.83532    180.000    12.4421    12.4104 4.0265e+04   4.032067     0.0599     0.0724    98.2078 1.0000e-12          0     0.5055     0.5179     0.0570     0.1148     4.5686     0.0000     0.0085     0.0000     0.5047     0.5171    34.7672    34.8505    26.3277    26.3984      1.214      1.544      0.452      0.576 0.0000e+00
       8654    360.527    182.213 -109.99190   21.83532    181.000    12.4165    12.3851 4.0238e+04   4.029503     0.0589     0.0713    98.2323 1.0000e-12          0     0.5056     0.5179     0.0569     0.1148     4.5698     0.0000     0.0085     0.0000     0.5048     0.5170    34.7645    34.8487    26.3306    26.4020      1.182      1.552      0.441      0.578 0.0000e+00
       8709    362.838    183.220 -109.99190   21.83532    182.000    12.3951    12.3698 4.0217e+04   4.027718     0.0614     0.0671    98.3373 1.0000e-12          0     0.5055     0.5178     0.0571     0.1146     4.5747     0.0000     0.0085     0.0000     0.5047     0.5169    34.7636    34.8453    26.3340    26.4024      1.188      1.521      0.443      0.567 0.0000e+00
       8766    365.214    184.227 -109.99190   21.83532    183.000    12.3892    12.3583 4.0212e+04   4.026889     0.0596     0.0668    98.3455 1.0000e-12          0     0.5055     0.5179     0.0570     0.1147     4.5750     0.0000     0.0085     0.0000     0.5047     0.5169    34.7638    34.8476    26.3354    26.4064      1.189      1.534      0.443      0.572 0.0000e+00
       8793    366.335    185.235 -109.99190   21.83532    184.000    12.3762    12.3451 4.0201e+04   4.025696     0.0565     0.0667    98.3460 1.0000e-12          0     0.5055     0.5177     0.0566     0.1147     4.5751     0.0000     0.0085     0.0000     0.5047     0.5168    34.7653    34.8479    26.3391    26.4092      1.189      1.518      0.443      0.565 0.0000e+00
       8818    367.363    186.242 -109.99190   21.83532    185.000    12.3666    12.3350 4.0194e+04   4.025035     0.0450     0.0688    98.2950 1.0000e-12          0     0.5055     0.5177     0.0555     0.1146     4.5727     0.0000     0.0084     0.0000     0.5047     0.5169    34.7664    34.8504    26.3418    26.4131      1.178      1.476      0.439      0.549 0.0000e+00
       8843    368.416    187.249 -109.99190   21.83532    186.000    12.3479    12.3168 4.0176e+04   4.023163     0.0595     0.0735    98.1810 1.0000e-12          0     0.5055     0.5177     0.0570     0.1148     4.5673     0.0000     0.0085     0.0000     0.5047     0.5166    34.7658    34.8488    26.3450    26.4154      1.183      1.460      0.440      0.543 0.0000e+00
       8872    369.612    188.256 -109.99190   21.83532    187.000    12.3339    12.3020 4.0162e+04   4.021787     0.0596     0.0742    98.1633 1.0000e-12          0     0.5055     0.5177     0.0570     0.1148     4.5665     0.0000     0.0085     0.0000     0.5047     0.5166    34.7649    34.8487    26.3470    26.4183      1.185      1.429      0.441      0.531 0.0000e+00
       8917    371.517    189.263 -109.99190   21.83532    188.000    12.3071    12.2806 4.0135e+04   4.019473     0.0613     0.0718    98.2216 1.0000e-12          0     0.5055     0.5175     0.0571     0.1148     4.5693     0.0000     0.0085     0.0000     0.5046     0.5164    34.7637    34.8459    26.3513    26.4202      1.168      1.464      0.434      0.544 0.0000e+00
       8995    374.746    190.271 -109.99190   21.83532    189.000    12.3009    12.2801 4.0129e+04   4.019619     0.0621     0.0725    98.2037 1.0000e-12          0     0.5054     0.5172     0.0572     0.1148     4.5684     0.0000     0.0085     0.0000     0.5046     0.5163    34.7633    34.8473    26.3522    26.4215      1.157      1.396      0.430      0.519 0.0000e+00
       9027    376.071    191.278 -109.99190   21.83532    190.000    12.2561    12.2238 4.0084e+04   4.014109     0.0627     0.0742    98.1630 1.0000e-12          0     0.5054     0.5173     0.0573     0.1148     4.5665     0.0000     0.0085     0.0000     0.5045     0.5164    34.7608    34.8459    26.3590    26.4312      1.168      1.457      0.434      0.541 0.0000e+00
       9055    377.260    192.285 -109.99192   21.83532    191.000    12.2202    12.1888 4.0049e+04   4.010558     0.0686     0.0751    98.1391 1.0000e-12          0     0.5054     0.5173     0.0579     0.1148     4.5654     0.0000     0.0085     0.0000     0.5045     0.5163    34.7596    34.8435    26.3650    26.4362      1.144      1.425      0.424      0.529 0.0000e+00
       9085    378.505    193.292 -109.99192   21.83532    192.000    12.2133    12.1827 4.0043e+04   4.009891     0.0598     0.0737    98.1751 1.0000e-12          0     0.5053     0.5170     0.0570     0.1148     4.5671     0.0000     0.0084     0.0000     0.5044     0.5161    34.7600    34.8423    26.3666    26.4364      1.153      1.414      0.428      0.525 0.0000e+00
       9120    379.954    194.299 -109.99192   21.83532    193.000    12.2136    12.1830 4.0045e+04   4.010033     0.0613     0.0731    98.1899 1.0000e-12          0     0.5053     0.5171     0.0571     0.1148     4.5678     0.0000     0.0085     0.0000     0.5044     0.5163    34.7612    34.8430    26.3676    26.4369      1.145      1.527      0.425      0.567 0.0000e+00
       9177    382.348    195.307 -109.99192   21.83532    194.000    12.2098    12.1816 4.0044e+04   4.010089     0.0586     0.0697    98.2728 1.0000e-12          0     0.5052     0.5171     0.0569     0.1147     4.5716     0.0000     0.0085     0.0000     0.5043     0.5166    34.7627    34.8444    26.3694    26.4383      1.135      1.432      0.421      0.532 0.0000e+00
       9238    384.861    196.314 -109.99192   21.83534    195.000    12.2030    12.1725 4.0038e+04   4.009320     0.0563     0.0690    98.2895 1.0000e-12          0     0.5051     0.5175     0.0566     0.1147     4.5724     0.0000     0.0085     0.0000     0.5044     0.5161    34.7629    34.8449    26.3710    26.4405      1.108      1.373      0.411      0.509 0.0000e+00
       9275    386.404    197.321 -109.99194   21.83534    196.000    12.1911    12.1606 4.0027e+04   4.008212     0.0584     0.0698    98.2705 1.0000e-12          0     0.5051     0.5172     0.0568     0.1147     4.5715     0.0000     0.0085     0.0000     0.5042     0.5159    34.7631    34.8448    26.3734    26.4427      1.086      1.357      0.403      0.503 0.0000e+00
       9369    390.338    198.328 -109.99193   21.83534    197.000    12.1910    12.1606 4.0028e+04   4.008272     0.0593     0.0705    98.2535 1.0000e-12          0     0.5051     0.5167     0.0569     0.1148     4.5707     0.0000     0.0085     0.0000     0.5042     0.5161    34.7632    34.8450    26.3736    26.4429      1.151      1.420      0.427      0.527 0.0000e+00
       9429    392.852    199.335 -109.99192   21.83534    198.000    12.1775    12.1471 4.0016e+04   4.007182     0.0591     0.0699    98.2680 1.0000e-12          0     0.5051     0.5170     0.0569     0.1148     4.5714     0.0000     0.0085     0.0000     0.5043     0.5157    34.7645    34.8465    26.3772    26.4467      1.116      1.343      0.414      0.498 0.0000e+00
       9484    395.127    200.343 -109.99192   21.83534    199.000    12.1663    12.1388 4.0006e+04   4.006404     0.0575     0.0705    98.2526 1.0000e-12          0     0.5050     0.5167     0.0568     0.1147     4.5707     0.0000     0.0085     0.0000     0.5040     0.5157    34.7646    34.8462    26.3795    26.4481      1.051      1.360      0.390      0.504 0.0000e+00
       9995    416.411    201.350 -109.99192   21.83532    200.000    12.1503    12.1198 3.9992e+04   4.004628     0.0562     0.0723    98.2087 1.0000e-12          0     0.5044     0.5163     0.0566     0.1148     4.5687     0.0000     0.0085     0.0000     0.5036     0.5155    34.7650    34.8463    26.3829    26.4518      1.034      1.307      0.383      0.484 0.0000e+00
      11575    482.244    202.357 -109.99191   21.83533    201.000    12.1411    12.1155 3.9982e+04   4.004073     0.0550     0.0723    98.2075 1.0000e-12          0     0.5042     0.5152     0.0565     0.1148     4.5686     0.0000     0.0084     0.0000     0.5034     0.5141    34.7638    34.8445    26.3837    26.4513      1.003      1.004      0.371      0.372 0.0000e+00
