data/ctd-cnv/KM1919/KM1919-St22-P3/St22_P3_cast81-align-cellTM-derive-bin.cnv
* Sea-Bird SBE 9 Data File:
* FileName = C:\Users\otg\Desktop\CTD Data\km1920\St22_P3_cast81.hex
* Software Version Seasave V 7.26.7.107
* Temperature SN = 5554
* Conductivity SN = 3876
* Number of Bytes Per Scan = 41
* Number of Voltage Words = 4
* Number of Scans Averaged by the Deck Unit = 1
* NMEA Latitude = 22 02.44 N
* NMEA Longitude = 109 50.26 W
* NMEA UTC (Time) = Oct 18 2019  12:03:30
* NMEA baud rate = 4800
** Ship: Kilo Moana
** Station: St22  P3 cast 81
** Operator: gr
# nquan = 34
# nvalues = 350                         
# units = specified
# name 0 = scan: Scan Count
# name 1 = timeS: Time, Elapsed [seconds]
# name 2 = prDM: Pressure, Digiquartz [db]
# name 3 = longitude: Longitude [deg]
# name 4 = latitude: Latitude [deg]
# name 5 = depSM: Depth [salt water, m]
# name 6 = t090C: Temperature [ITS-90, deg C]
# name 7 = t190C: Temperature, 2 [ITS-90, deg C]
# name 8 = c0uS/cm: Conductivity [uS/cm]
# name 9 = c1S/m: Conductivity, 2 [S/m]
# name 10 = flECO-AFL: Fluorescence, WET Labs ECO-AFL/FL [mg/m^3]
# name 11 = CStarAt0: Beam Attenuation, WET Labs C-Star [1/m]
# name 12 = CStarTr0: Beam Transmission, WET Labs C-Star [%]
# name 13 = par: PAR/Irradiance, Biospherical/Licor
# name 14 = modError: Modulo Error Count
# name 15 = v0: Voltage 0
# name 16 = v1: Voltage 1
# name 17 = v2: Voltage 2
# name 18 = v3: Voltage 3
# name 19 = v4: Voltage 4
# name 20 = v5: Voltage 5
# name 21 = v6: Voltage 6
# name 22 = v7: Voltage 7
# name 23 = sbeox0V: Oxygen raw, SBE 43 [V]
# name 24 = sbeox1V: Oxygen raw, SBE 43, 2 [V]
# name 25 = sal00: Salinity, Practical [PSU]
# name 26 = sal11: Salinity, Practical, 2 [PSU]
# name 27 = sigma-é00: Density [sigma-theta, kg/m^3]
# name 28 = sigma-é11: Density, 2 [sigma-theta, kg/m^3]
# name 29 = sbeox0Mm/L: Oxygen, SBE 43 [umol/l], WS = 2
# name 30 = sbeox1Mm/L: Oxygen, SBE 43, 2 [umol/l], WS = 2
# name 31 = sbeox0PS: Oxygen, SBE 43 [% saturation], WS = 2
# name 32 = sbeox1PS: Oxygen, SBE 43, 2 [% saturation], WS = 2
# name 33 = flag: flag
# span 0 =        -26,      16408       
# span 1 =     -1.124,    683.638       
# span 2 =      2.013,    353.503       
# span 3 = -109.83678, -109.83633       
# span 4 =   22.04042,   22.04090       
# span 5 =      2.000,    351.000       
# span 6 =     9.8941,    27.6096       
# span 7 =     9.8646,    27.5699       
# span 8 = 3.7793e+04, 5.5328e+04       
# span 9 =   3.784940,   5.540882       
# span 10 =     0.0447,     1.4041      
# span 11 =     0.0729,     0.1608      
# span 12 =    96.0601,    98.1933      
# span 13 = -3.432e-08, 4.5878e+00      
# span 14 =          0,          0      
# span 15 =     0.5032,     2.4482      
# span 16 =     0.5138,     2.4398      
# span 17 =     0.0554,     0.1914      
# span 18 =     0.1149,     0.1184      
# span 19 =     4.4687,     4.5680      
# span 20 = -9.920e-07,     0.0005      
# span 21 =     0.0073,     1.6772      
# span 22 =     0.0000,     0.0000      
# span 23 =     0.5024,     2.4523      
# span 24 =     0.5132,     2.4385      
# span 25 =    33.9362,    34.7653      
# span 26 =    34.0270,    34.8513      
# span 27 =    22.2612,    26.6927      
# span 28 =    22.3377,    26.7652      
# span 29 =      0.807,    233.451      
# span 30 =      0.996,    244.105      
# span 31 =      0.287,    104.966      
# span 32 =      0.352,    109.594      
# span 33 = 0.0000e+00, 0.0000e+00      
# interval = meters: 1                  
# start_time = Oct 18 2019 12:09:10 [NMEA time, first data scan]
# bad_flag = -9.990e-29
*END*
[from data line 257]
      11886    495.190    260.789 -109.83674   22.04058    259.000    11.1951    11.1647 3.9053e+04   3.910788     0.0536     0.0855    97.8845 1.0000e-12          0     0.5043     0.5153     0.0564     0.1172     4.5536     0.0000     0.0085     0.0000     0.5036     0.5144    34.7108    34.7943    26.5208    26.5913      1.047      1.200      0.380      0.436 0.0000e+00
      11918    496.548    261.797 -109.83674   22.04058    260.000    11.1869    11.1573 3.9045e+04   3.909890     0.0562     0.0854    97.8874 1.0000e-12          0     0.5043     0.5153     0.0566     0.1171     4.5537     0.0000     0.0085     0.0000     0.5036     0.5145    34.7106    34.7920    26.5221    26.5909      1.069      1.203      0.388      0.437 0.0000e+00
      11967    498.599    262.804 -109.83674   22.04058    261.000    11.1744    11.1447 3.9033e+04   3.908673     0.0606     0.0855    97.8844 1.0000e-12          0     0.5043     0.5151     0.0571     0.1172     4.5536     0.0000     0.0085     0.0000     0.5036     0.5145    34.7098    34.7914    26.5238    26.5927      1.050      1.186      0.381      0.430 0.0000e+00
      12006    500.190    263.811 -109.83674   22.04058    262.000    11.1592    11.1293 3.9017e+04   3.907138     0.0579     0.0854    97.8872 1.0000e-12          0     0.5043     0.5152     0.0568     0.1172     4.5537     0.0000     0.0085     0.0000     0.5036     0.5143    34.7083    34.7902    26.5254    26.5946      1.061      1.133      0.385      0.411 0.0000e+00
      12033    501.313    264.819 -109.83674   22.04058    263.000    11.1470    11.1170 3.9005e+04   3.905901     0.0626     0.0849    97.9007 1.0000e-12          0     0.5043     0.5153     0.0573     0.1172     4.5543     0.0000     0.0084     0.0000     0.5036     0.5145    34.7071    34.7890    26.5267    26.5959      1.081      1.226      0.392      0.445 0.0000e+00
      12064    502.634    265.827 -109.83674   22.04058    264.000    11.1289    11.0989 3.8987e+04   3.904089     0.0545     0.0847    97.9062 1.0000e-12          0     0.5043     0.5152     0.0565     0.1172     4.5546     0.0000     0.0085     0.0000     0.5036     0.5145    34.7059    34.7877    26.5291    26.5982      1.067      1.177      0.387      0.427 0.0000e+00
      12104    504.276    266.834 -109.83674   22.04058    265.000    11.1185    11.0889 3.8977e+04   3.903084     0.0577     0.0843    97.9143 1.0000e-12          0     0.5043     0.5150     0.0568     0.1175     4.5550     0.0000     0.0085     0.0000     0.5036     0.5144    34.7052    34.7867    26.5305    26.5993      1.058      1.226      0.384      0.444 0.0000e+00
      12134    505.537    267.842 -109.83674   22.04058    266.000    11.1011    11.0711 3.8960e+04   3.901487     0.0668     0.0849    97.9010 1.0000e-12          0     0.5043     0.5151     0.0577     0.1179     4.5543     0.0000     0.0085     0.0000     0.5035     0.5144    34.7047    34.7872    26.5333    26.6029      1.046      1.133      0.379      0.411 0.0000e+00
      12161    506.652    268.850 -109.83674   22.04060    267.000    11.0894    11.0597 3.8949e+04   3.900323     0.0677     0.0848    97.9025 1.0000e-12          0     0.5043     0.5151     0.0578     0.1172     4.5544     0.0000     0.0085     0.0000     0.5036     0.5144    34.7044    34.7859    26.5352    26.6040      1.072      1.209      0.389      0.438 0.0000e+00
      12194    508.033    269.857 -109.83674   22.04060    268.000    11.0819    11.0525 3.8942e+04   3.899582     0.0677     0.0841    97.9202 1.0000e-12          0     0.5043     0.5153     0.0578     0.1172     4.5553     0.0000     0.0085     0.0000     0.5036     0.5145    34.7039    34.7848    26.5361    26.6045      1.077      1.204      0.390      0.436 0.0000e+00
      12242    510.024    270.865 -109.83672   22.04060    269.000    11.0798    11.0501 3.8941e+04   3.899381     0.0537     0.0842    97.9183 1.0000e-12          0     0.5042     0.5151     0.0564     0.1172     4.5552     0.0000     0.0085     0.0000     0.5036     0.5144    34.7039    34.7847    26.5365    26.6048      1.069      1.144      0.387      0.414 0.0000e+00
      12280    511.619    271.872 -109.83672   22.04060    270.000    11.0759    11.0461 3.8938e+04   3.899076     0.0667     0.0843    97.9142 1.0000e-12          0     0.5043     0.5153     0.0577     0.1172     4.5550     0.0000     0.0085     0.0000     0.5036     0.5141    34.7040    34.7850    26.5374    26.6058      1.059      1.139      0.383      0.412 0.0000e+00
      12304    512.608    272.880 -109.83672   22.04060    271.000    11.0695    11.0397 3.8932e+04   3.898450     0.0554     0.0841    97.9193 1.0000e-12          0     0.5043     0.5151     0.0566     0.1172     4.5552     0.0000     0.0084     0.0000     0.5035     0.5142    34.7036    34.7844    26.5383    26.6066      1.052      1.163      0.381      0.421 0.0000e+00
      12324    513.465    273.887 -109.83672   22.04060    272.000    11.0650    11.0355 3.8927e+04   3.898044     0.0662     0.0846    97.9087 1.0000e-12          0     0.5043     0.5152     0.0576     0.1171     4.5547     0.0000     0.0084     0.0000     0.5036     0.5143    34.7032    34.7839    26.5388    26.6069      1.065      1.188      0.386      0.430 0.0000e+00
      12347    514.422    274.895 -109.83672   22.04060    273.000    11.0617    11.0319 3.8924e+04   3.897765     0.0618     0.0842    97.9178 1.0000e-12          0     0.5043     0.5149     0.0572     0.1172     4.5551     0.0000     0.0085     0.0000     0.5035     0.5143    34.7030    34.7840    26.5392    26.6077      1.008      1.180      0.365      0.427 0.0000e+00
      12393    516.321    275.903 -109.83672   22.04061    274.000    11.0487    11.0192 3.8912e+04   3.896471     0.0584     0.0841    97.9206 1.0000e-12          0     0.5043     0.5149     0.0569     0.1171     4.5553     0.0000     0.0085     0.0000     0.5035     0.5142    34.7019    34.7827    26.5407    26.6090      1.074      1.165      0.389      0.422 0.0000e+00
      12450    518.725    276.910 -109.83672   22.04062    275.000    11.0399    11.0098 3.8903e+04   3.895609     0.0621     0.0838    97.9272 1.0000e-12          0     0.5042     0.5150     0.0572     0.1172     4.5556     0.0000     0.0085     0.0000     0.5036     0.5144    34.7013    34.7825    26.5419    26.6106      1.048      1.162      0.379      0.420 0.0000e+00
      12479    519.898    277.918 -109.83672   22.04062    276.000    11.0213    10.9908 3.8885e+04   3.893826     0.0590     0.0840    97.9231 1.0000e-12          0     0.5042     0.5149     0.0569     0.1172     4.5554     0.0000     0.0085     0.0000     0.5035     0.5143    34.7000    34.7824    26.5443    26.6139      1.063      1.222      0.385      0.442 0.0000e+00
      12506    521.027    278.925 -109.83671   22.04062    277.000    10.9833    10.9528 3.8846e+04   3.890130     0.0663     0.0848    97.9041 1.0000e-12          0     0.5043     0.5150     0.0576     0.1172     4.5545     0.0000     0.0084     0.0000     0.5036     0.5142    34.6973    34.7810    26.5490    26.6197      1.083      1.097      0.391      0.397 0.0000e+00
      12537    522.345    279.933 -109.83670   22.04062    278.000    10.9650    10.9355 3.8828e+04   3.888166     0.0660     0.0847    97.9059 1.0000e-12          0     0.5043     0.5150     0.0576     0.1172     4.5546     0.0000     0.0085     0.0000     0.5036     0.5143    34.6960    34.7773    26.5513    26.6200      1.070      1.207      0.387      0.436 0.0000e+00
      12573    523.832    280.941 -109.83670   22.04062    279.000    10.9518    10.9220 3.8815e+04   3.886893     0.0586     0.0849    97.9001 1.0000e-12          0     0.5042     0.5151     0.0569     0.1172     4.5543     0.0000     0.0085     0.0000     0.5036     0.5142    34.6949    34.7770    26.5529    26.6221      1.078      1.105      0.390      0.399 0.0000e+00
      12612    525.455    281.949 -109.83670   22.04062    280.000    10.9134    10.8840 3.8776e+04   3.883174     0.0615     0.0848    97.9025 1.0000e-12          0     0.5043     0.5149     0.0572     0.1175     4.5544     0.0000     0.0084     0.0000     0.5036     0.5141    34.6922    34.7754    26.5577    26.6278      1.054      1.130      0.380      0.408 0.0000e+00
      12661    527.481    282.956 -109.83670   22.04062    281.000    10.8885    10.8591 3.8752e+04   3.880597     0.0547     0.0842    97.9167 1.0000e-12          0     0.5043     0.5149     0.0565     0.1177     4.5551     0.0000     0.0084     0.0000     0.5035     0.5141    34.6909    34.7727    26.5611    26.6301      1.029      1.151      0.371      0.415 0.0000e+00
      12700    529.111    283.964 -109.83670   22.04062    282.000    10.8795    10.8498 3.8744e+04   3.879725     0.0676     0.0846    97.9087 1.0000e-12          0     0.5043     0.5147     0.0578     0.1179     4.5547     0.0000     0.0085     0.0000     0.5034     0.5141    34.6911    34.7724    26.5629    26.6316      1.006      1.209      0.363      0.436 0.0000e+00
      12722    530.053    284.971 -109.83670   22.04062    283.000    10.8663    10.8364 3.8731e+04   3.878436     0.0667     0.0838    97.9267 1.0000e-12          0     0.5042     0.5148     0.0577     0.1170     4.5556     0.0000     0.0085     0.0000     0.5034     0.5144    34.6897    34.7718    26.5642    26.6335      1.111      1.159      0.400      0.418 0.0000e+00
      12742    530.861    285.979 -109.83670   22.04063    284.000    10.8585    10.8291 3.8723e+04   3.877670     0.0640     0.0838    97.9269 1.0000e-12          0     0.5042     0.5148     0.0574     0.1172     4.5556     0.0000     0.0084     0.0000     0.5035     0.5140    34.6893    34.7706    26.5653    26.6339      1.083      1.018      0.390      0.367 0.0000e+00
      12761    531.678    286.987 -109.83670   22.04064    285.000    10.8531    10.8237 3.8718e+04   3.877135     0.0689     0.0838    97.9269 1.0000e-12          0     0.5041     0.5147     0.0579     0.1172     4.5556     0.0000     0.0085     0.0000     0.5035     0.5139    34.6889    34.7699    26.5660    26.6344      1.024      1.133      0.369      0.409 0.0000e+00
      12785    532.682    287.994 -109.83669   22.04064    286.000    10.8479    10.8185 3.8713e+04   3.876672     0.0679     0.0838    97.9269 1.0000e-12          0     0.5040     0.5149     0.0578     0.1171     4.5556     0.0000     0.0085     0.0000     0.5034     0.5140    34.6884    34.7697    26.5665    26.6352      1.024      1.110      0.369      0.400 0.0000e+00
      12836    534.784    289.002 -109.83668   22.04064    287.000    10.8418    10.8120 3.8708e+04   3.876015     0.0649     0.0836    97.9314 1.0000e-12          0     0.5042     0.5148     0.0575     0.1171     4.5558     0.0000     0.0085     0.0000     0.5035     0.5140    34.6881    34.7688    26.5674    26.6357      1.069      1.132      0.385      0.408 0.0000e+00
      12911    537.926    290.010 -109.83668   22.04064    288.000    10.8369    10.8029 3.8704e+04   3.875277     0.0618     0.0836    97.9305 1.0000e-12          0     0.5041     0.5145     0.0572     0.1172     4.5558     0.0000     0.0084     0.0000     0.5035     0.5140    34.6884    34.7696    26.5686    26.6379      1.039      1.130      0.374      0.407 0.0000e+00
      12940    539.128    291.017 -109.83668   22.04064    289.000    10.8201    10.7907 3.8688e+04   3.874132     0.0585     0.0838    97.9268 1.0000e-12          0     0.5043     0.5146     0.0569     0.1183     4.5556     0.0000     0.0085     0.0000     0.5036     0.5141    34.6880    34.7693    26.5712    26.6399      1.153      1.204      0.415      0.434 0.0000e+00
      12961    539.999    292.025 -109.83668   22.04064    290.000    10.8014    10.7713 3.8669e+04   3.872316     0.0639     0.0838    97.9269 1.0000e-12          0     0.5041     0.5146     0.0574     0.1174     4.5556     0.0000     0.0085     0.0000     0.5036     0.5141    34.6861    34.7690    26.5731    26.6432      1.027      1.150      0.370      0.414 0.0000e+00
      12981    540.828    293.033 -109.83668   22.04064    291.000    10.7878    10.7580 3.8656e+04   3.870977     0.0584     0.0838    97.9269 1.0000e-12          0     0.5043     0.5149     0.0569     0.1172     4.5556     0.0000     0.0084     0.0000     0.5034     0.5142    34.6852    34.7678    26.5749    26.6446      1.061      1.133      0.382      0.408 0.0000e+00
      13006    541.874    294.040 -109.83668   22.04064    292.000    10.7662    10.7367 3.8635e+04   3.868873     0.0616     0.0836    97.9316 1.0000e-12          0     0.5041     0.5146     0.0572     0.1172     4.5558     0.0000     0.0084     0.0000     0.5035     0.5140    34.6844    34.7665    26.5781    26.6474      1.031      1.125      0.371      0.405 0.0000e+00
      13063    544.268    295.048 -109.83668   22.04064    293.000    10.7523    10.7256 3.8621e+04   3.867658     0.0657     0.0828    97.9516 1.0000e-12          0     0.5043     0.5148     0.0576     0.1171     4.5567     0.0000     0.0085     0.0000     0.5034     0.5140    34.6836    34.7644    26.5800    26.6477      1.068      1.115      0.384      0.401 0.0000e+00
      13112    546.285    296.056 -109.83667   22.04064    294.000    10.7435    10.7141 3.8612e+04   3.866602     0.0598     0.0827    97.9533 1.0000e-12          0     0.5041     0.5147     0.0570     0.1172     4.5568     0.0000     0.0085     0.0000     0.5034     0.5138    34.6826    34.7643    26.5808    26.6497      0.992      1.119      0.357      0.402 0.0000e+00
      13138    547.377    297.063 -109.83666   22.04064    295.000    10.7401    10.7108 3.8610e+04   3.866260     0.0624     0.0825    97.9591 1.0000e-12          0     0.5041     0.5145     0.0573     0.1179     4.5571     0.0000     0.0085     0.0000     0.5034     0.5141    34.6829    34.7635    26.5817    26.6497      1.060      1.109      0.381      0.399 0.0000e+00
      13162    548.372    298.072 -109.83666   22.04064    296.000    10.7302    10.7002 3.8600e+04   3.865385     0.0658     0.0821    97.9668 1.0000e-12          0     0.5041     0.5148     0.0576     0.1175     4.5574     0.0000     0.0085     0.0000     0.5033     0.5138    34.6822    34.7644    26.5829    26.6523      1.023      1.047      0.368      0.376 0.0000e+00
      13187    549.409    299.079 -109.83666   22.04064    297.000    10.7116    10.6819 3.8582e+04   3.863562     0.0666     0.0823    97.9622 1.0000e-12          0     0.5040     0.5144     0.0577     0.1179     4.5572     0.0000     0.0085     0.0000     0.5035     0.5138    34.6809    34.7630    26.5852    26.6545      1.107      1.088      0.398      0.391 0.0000e+00
      13215    550.600    300.087 -109.83666   22.04064    298.000    10.7029    10.6737 3.8574e+04   3.862672     0.0644     0.0826    97.9561 1.0000e-12          0     0.5041     0.5147     0.0574     0.1175     4.5569     0.0000     0.0085     0.0000     0.5034     0.5137    34.6804    34.7614    26.5863    26.6547      1.011      1.078      0.363      0.387 0.0000e+00
      13248    551.961    301.095 -109.83665   22.04064    299.000    10.7008    10.6716 3.8572e+04   3.862466     0.0568     0.0828    97.9511 1.0000e-12          0     0.5040     0.5144     0.0567     0.1171     4.5567     0.0000     0.0085     0.0000     0.5034     0.5137    34.6805    34.7609    26.5868    26.6547      1.057      1.078      0.380      0.387 0.0000e+00
