data/ctd-cnv/KM1919/KM1919-St22-P3/St22_P3_cast79-align-cellTM-derive-bin.cnv
* Sea-Bird SBE 9 Data File:
* FileName = C:\Users\otg\Desktop\CTD Data\km1920\St22_P3_cast79.hex
* Software Version Seasave V 7.26.7.107
* Temperature SN = 5554
* Conductivity SN = 3876
* Number of Bytes Per Scan = 41
* Number of Voltage Words = 4
* Number of Scans Averaged by the Deck Unit = 1
* NMEA Latitude = 22 02.46 N
* NMEA Longitude = 109 51.91 W
* NMEA UTC (Time) = Oct 18 2019  03:13:48
* NMEA baud rate = 4800
** Ship: Kilo Moana
** Station: St22  P3 cast 79
** Operator: gr
** sno catchers 270 and 570m
# nquan = 34
# nvalues = 619                         
# units = specified
# name 0 = scan: Scan Count
# name 1 = timeS: Time, Elapsed [seconds]
# name 2 = prDM: Pressure, Digiquartz [db]
# name 3 = longitude: Longitude [deg]
# name 4 = latitude: Latitude [deg]
# name 5 = depSM: Depth [salt water, m]
# name 6 = t090C: Temperature [ITS-90, deg C]
# name 7 = t190C: Temperature, 2 [ITS-90, deg C]
# name 8 = c0uS/cm: Conductivity [uS/cm]
# name 9 = c1S/m: Conductivity, 2 [S/m]
# name 10 = flECO-AFL: Fluorescence, WET Labs ECO-AFL/FL [mg/m^3]
# name 11 = CStarAt0: Beam Attenuation, WET Labs C-Star [1/m]
# name 12 = CStarTr0: Beam Transmission, WET Labs C-Star [%]
# name 13 = par: PAR/Irradiance, Biospherical/Licor
# name 14 = modError: Modulo Error Count
# name 15 = v0: Voltage 0
# name 16 = v1: Voltage 1
# name 17 = v2: Voltage 2
# name 18 = v3: Voltage 3
# name 19 = v4: Voltage 4
# name 20 = v5: Voltage 5
# name 21 = v6: Voltage 6
# name 22 = v7: Voltage 7
# name 23 = sbeox0V: Oxygen raw, SBE 43 [V]
# name 24 = sbeox1V: Oxygen raw, SBE 43, 2 [V]
# name 25 = sal00: Salinity, Practical [PSU]
# name 26 = sal11: Salinity, Practical, 2 [PSU]
# name 27 = sigma-é00: Density [sigma-theta, kg/m^3]
# name 28 = sigma-é11: Density, 2 [sigma-theta, kg/m^3]
# name 29 = sbeox0Mm/L: Oxygen, SBE 43 [umol/l], WS = 2
# name 30 = sbeox1Mm/L: Oxygen, SBE 43, 2 [umol/l], WS = 2
# name 31 = sbeox0PS: Oxygen, SBE 43 [% saturation], WS = 2
# name 32 = sbeox1PS: Oxygen, SBE 43, 2 [% saturation], WS = 2
# name 33 = flag: flag
# span 0 =         70,      33183       
# span 1 =      2.895,   1382.579       
# span 2 =      5.031,    627.858       
# span 3 = -109.86511, -109.86504       
# span 4 =   22.04108,   22.04124       
# span 5 =      5.000,    623.000       
# span 6 =     6.3786,    27.8406       
# span 7 =     6.3525,    27.8006       
# span 8 = 3.4552e+04, 5.5597e+04       
# span 9 =   3.459859,   5.567067       
# span 10 =     0.0395,     1.9684      
# span 11 =     0.0685,     0.1970      
# span 12 =    95.1939,    98.3012      
# span 13 = -3.258e-05, 2.1198e+00      
# span 14 =          0,          0      
# span 15 =     0.5030,     2.4499      
# span 16 =     0.5128,     2.4358      
# span 17 =     0.0549,     0.2478      
# span 18 =     0.1123,     0.1178      
# span 19 =     4.4285,     4.5729      
# span 20 =     0.0000,     0.0000      
# span 21 =     0.0080,     1.3459      
# span 22 =     0.0000,     0.0000      
# span 23 =     0.5025,     2.4479      
# span 24 =     0.5124,     2.4309      
# span 25 =    33.9690,    34.7629      
# span 26 =    34.0870,    34.8454      
# span 27 =    21.9010,    27.1219      
# span 28 =    22.0844,    27.1869      
# span 29 =      0.846,    232.255      
# span 30 =      0.847,    245.352      
# span 31 =      0.293,    104.740      
# span 32 =      0.291,    109.501      
# span 33 = 0.0000e+00, 0.0000e+00      
# interval = meters: 1                  
# start_time = Oct 18 2019 03:15:16 [NMEA time, first data scan]
# bad_flag = -9.990e-29
*END*
         70      2.895      5.031 -109.86510   22.04108      5.000    27.8406    27.7986 5.5027e+04   5.530498     0.1760     0.1225    96.9848 2.1198e+00          0     1.6577     1.6699     0.0686     0.1140     4.5117     0.0000     1.3459     0.0000     1.5678     1.6844    34.2739    34.4996    21.9010    22.0844    113.605    139.433     56.068     68.856 0.0000e+00
        261     10.828      6.038 -109.86510   22.04108      6.000    27.8382    27.8006 5.5108e+04   5.552372     0.1725     0.1259    96.9029 1.8138e+00          0     1.5535     1.8419     0.0683     0.1148     4.5079     0.0000     1.2803     0.0000     1.6176     1.9044    34.3319    34.6515    21.9454    22.1980    130.088    161.181     64.224     79.664 0.0000e+00
        351     14.574      7.044 -109.86510   22.04108      7.000    27.8299    27.7914 5.5468e+04   5.560423     0.1617     0.1220    96.9968 1.5293e+00          0     1.5591     1.8238     0.0672     0.1148     4.5123     0.0000     1.2164     0.0000     2.1059     2.1153    34.5906    34.7146    22.1427    22.2486    190.994    190.668     94.411     94.257 0.0000e+00
        381     15.837      8.050 -109.86510   22.04108      8.000    27.8402    27.8005 5.5570e+04   5.564313     0.1493     0.1214    97.0109 1.3033e+00          0     1.6296     1.8411     0.0659     0.1148     4.5129     0.0000     1.1370     0.0000     2.1442     2.1457    34.6542    34.7349    22.1873    22.2609    173.852    187.875     85.984     92.901 0.0000e+00
        411     17.081      9.057 -109.86510   22.04108      9.000    27.8293    27.7967 5.5597e+04   5.567067     0.1493     0.1215    97.0082 9.7575e-01          0     1.9344     2.0260     0.0659     0.1141     4.5128     0.0000     1.0308     0.0000     2.0928     2.1447    34.6810    34.7568    22.2111    22.2787    165.576    186.083     81.888     92.020 0.0000e+00
        451     18.750     10.063 -109.86510   22.04108     10.000    27.8139    27.7789 5.5578e+04   5.566732     0.1572     0.1221    96.9939 8.8156e-01          0     2.1311     2.1332     0.0667     0.1136     4.5121     0.0000     1.0012     0.0000     2.0378     2.1101    34.6790    34.7673    22.2147    22.2925    159.291    179.458     78.760     88.724 0.0000e+00
        530     22.030     11.069 -109.86510   22.04108     11.000    27.8104    27.7784 5.5560e+04   5.565520     0.1701     0.1216    97.0066 7.0614e-01          0     2.0416     2.1097     0.0680     0.1144     4.5127     0.0000     0.9054     0.0000     1.9780     2.0095    34.6680    34.7589    22.2076    22.2863    165.275    172.508     81.708     85.283 0.0000e+00
        598     24.886     12.076 -109.86510   22.04108     12.000    27.8093    27.7686 5.5573e+04   5.565561     0.1666     0.1204    97.0345 5.0355e-01          0     1.9185     1.9988     0.0677     0.1148     4.5140     0.0000     0.7926     0.0000     2.2015     2.1458    34.6778    34.7662    22.2154    22.2951    185.824    189.879     91.871     93.859 0.0000e+00
        622     25.892     13.082 -109.86510   22.04108     13.000    27.8048    27.7639 5.5582e+04   5.565492     0.1622     0.1213    97.0130 5.9394e-01          0     1.9141     1.9587     0.0673     0.1137     4.5130     0.0000     0.8527     0.0000     2.1694     2.1201    34.6873    34.7689    22.2240    22.2987    172.066    181.164     85.067     89.546 0.0000e+00
        646     26.884     14.088 -109.86510   22.04108     14.000    27.7826    27.7450 5.5572e+04   5.565288     0.1519     0.1215    97.0083 3.8855e-01          0     2.0699     2.0179     0.0662     0.1145     4.5128     0.0000     0.6896     0.0000     2.1090     2.0943    34.6967    34.7811    22.2385    22.3141    165.811    178.797     81.949     88.354 0.0000e+00
        705     29.352     15.094 -109.86510   22.04108     15.000    27.7153    27.6710 5.5508e+04   5.557750     0.1694     0.1234    96.9634 3.6240e-01          0     2.1359     2.1005     0.0679     0.1150     4.5107     0.0000     0.6655     0.0000     2.2263     2.2025    34.7006    34.7826    22.2633    22.3393    192.740    198.777     95.153     98.107 0.0000e+00
        794     33.022     16.101 -109.86510   22.04108     16.000    27.6340    27.5927 5.5398e+04   5.546990     0.1850     0.1233    96.9643 2.7681e-01          0     2.2588     2.2266     0.0695     0.1158     4.5108     0.0000     0.5791     0.0000     2.3343     2.3157    34.6834    34.7644    22.2768    22.3511    198.025    207.736     97.625    102.389 0.0000e+00
        832     34.622     17.107 -109.86510   22.04108     17.000    27.6194    27.5787 5.5382e+04   5.545619     0.1768     0.1264    96.8894 2.2525e-01          0     2.3212     2.2937     0.0687     0.1158     4.5073     0.0000     0.5137     0.0000     2.3326     2.3168    34.6823    34.7648    22.2807    22.3560    197.474    207.572     97.329    102.285 0.0000e+00
        865     36.010     18.114 -109.86510   22.04108     18.000    27.6083    27.5677 5.5366e+04   5.544433     0.1920     0.1260    96.8984 2.1694e-01          0     2.3291     2.3095     0.0702     0.1158     4.5077     0.0000     0.5025     0.0000     2.3271     2.3170    34.6792    34.7643    22.2821    22.3593    197.210    207.636     97.179    102.298 0.0000e+00
        897     37.335     19.120 -109.86510   22.04108     19.000    27.5873    27.5462 5.5336e+04   5.541388     0.1965     0.1263    96.8922 1.8650e-01          0     2.3327     2.3151     0.0706     0.1157     4.5074     0.0000     0.4610     0.0000     2.3296     2.3147    34.6729    34.7585    22.2842    22.3619    197.533    207.109     97.301    101.999 0.0000e+00
       1011     42.065     20.127 -109.86510   22.04108     20.000    27.5800    27.5379 5.5325e+04   5.539938     0.1973     0.1246    96.9327 1.0548e-01          0     2.3274     2.3152     0.0707     0.1155     4.5093     0.0000     0.3276     0.0000     2.3344     2.3144    34.6705    34.7541    22.2849    22.3614    198.501    207.630     97.765    102.239 0.0000e+00
       1057     44.007     21.133 -109.86510   22.04110     21.000    27.5531    27.5145 5.5288e+04   5.537077     0.1965     0.1260    96.8990 9.5094e-02          0     2.3355     2.3145     0.0706     0.1156     4.5077     0.0000     0.2979     0.0000     2.3300     2.3141    34.6638    34.7510    22.2885    22.3667    197.427    207.608     97.190    102.186 0.0000e+00
       1076     44.798     22.139 -109.86510   22.04110     22.000    27.5300    27.4885 5.5256e+04   5.533706     0.1762     0.1237    96.9560 9.1673e-02          0     2.3366     2.3158     0.0686     0.1157     4.5104     0.0000     0.2934     0.0000     2.3277     2.3149    34.6579    34.7462    22.2917    22.3715    197.639    207.760     97.253    102.215 0.0000e+00
       1095     45.603     23.146 -109.86510   22.04110     23.000    27.5076    27.4667 5.5228e+04   5.530758     0.1744     0.1247    96.9288 6.7194e-02          0     2.3367     2.3147     0.0685     0.1154     4.5092     0.0000     0.2331     0.0000     2.3285     2.3148    34.6543    34.7412    22.2963    22.3748    198.333    208.101     97.557    102.343 0.0000e+00
       1118     46.559     24.152 -109.86510   22.04110     24.000    27.4817    27.4416 5.5199e+04   5.527986     0.1767     0.1241    96.9455 7.2853e-02          0     2.3327     2.3140     0.0687     0.1149     4.5099     0.0000     0.2470     0.0000     2.3317     2.3182    34.6528    34.7400    22.3035    22.3821    198.738    208.525     97.714    102.508 0.0000e+00
       1208     50.300     25.158 -109.86509   22.04110     25.000    27.4643    27.4160 5.5175e+04   5.524349     0.2230     0.1248    96.9268 2.8282e-02          0     2.3300     2.3169     0.0733     0.1158     4.5091     0.0000     0.1118     0.0000     2.3289     2.3186    34.6487    34.7330    22.3062    22.3852    198.157    208.500     97.398    102.448 0.0000e+00
       1295     53.908     26.165 -109.86508   22.04110     26.000    27.4038    27.3639 5.5102e+04   5.518554     0.2154     0.1259    96.9002 1.4426e-02          0     2.3271     2.3193     0.0725     0.1159     4.5078     0.0000     0.0632     0.0000     2.3349     2.3187    34.6412    34.7304    22.3201    22.4000    200.410    208.985     98.403    102.597 0.0000e+00
       1316     54.776     27.171 -109.86508   22.04110     27.000    27.3166    27.2722 5.4998e+04   5.508814     0.2183     0.1288    96.8306 3.1311e-03          0     2.3265     2.3200     0.0728     0.1172     4.5046     0.0000     0.0204     0.0000     2.3440     2.3212    34.6321    34.7292    22.3414    22.4287    201.870    209.792     98.972    102.837 0.0000e+00
       1336     55.613     28.177 -109.86508   22.04110     28.000    27.1919    27.1499 5.4851e+04   5.494170     0.2473     0.1304    96.7938 -3.258e-05          0     2.3282     2.3178     0.0757     0.1156     4.5029     0.0000     0.0082     0.0000     2.3517     2.3259    34.6202    34.7160    22.3724    22.4580    203.687    211.409     99.651    103.413 0.0000e+00
       1356     56.466     29.184 -109.86508   22.04110     29.000    26.9614    26.9129 5.4581e+04   5.469088     0.2717     0.1312    96.7746 1.0000e-12          0     2.3296     2.3176     0.0782     0.1157     4.5019     0.0000     0.0083     0.0000     2.3631     2.3361    34.5988    34.7138    22.4300    22.5321    205.875    214.034    100.325    104.284 0.0000e+00
       1382     57.534     30.190 -109.86508   22.04110     30.000    26.6468    26.5971 5.4223e+04   5.432290     0.3270     0.1355    96.6689 1.0000e-12          0     2.3374     2.3196     0.0837     0.1157     4.4971     0.0000     0.0081     0.0000     2.3717     2.3501    34.5776    34.6864    22.5139    22.6116    206.764    216.493    100.221    104.914 0.0000e+00
       1441     60.008     31.197 -109.86508   22.04110     31.000    26.2528    26.2030 5.3777e+04   5.386533     0.4376     0.1439    96.4674 1.0000e-12          0     2.3616     2.3374     0.0948     0.1161     4.4877     0.0000     0.0083     0.0000     2.3901     2.3662    34.5512    34.6526    22.6180    22.7100    211.475    219.662    101.815    105.730 0.0000e+00
       1507     62.738     32.203 -109.86508   22.04110     32.000    25.6495    25.6079 5.3093e+04   5.320409     0.4501     0.1534    96.2365 1.0000e-12          0     2.3799     2.3608     0.0960     0.1158     4.4769     0.0000     0.0083     0.0000     2.4162     2.3914    34.5090    34.6214    22.7736    22.8713    215.979    224.832    102.911    107.123 0.0000e+00
       1543     64.259     33.210 -109.86508   22.04110     33.000    25.1509    25.1079 5.2517e+04   5.263824     0.5339     0.1647    95.9644 1.0000e-12          0     2.3996     2.3704     0.1044     0.1157     4.4643     0.0000     0.0084     0.0000     2.4293     2.4006    34.4635    34.5860    22.8921    22.9977    220.499    228.287    104.154    107.828 0.0000e+00
       1575     65.600     34.216 -109.86508   22.04110     34.000    24.4660    24.4200 5.1726e+04   5.186701     0.5440     0.1682    95.8806 1.0000e-12          0     2.4126     2.3869     0.1054     0.1178     4.4604     0.0000     0.0082     0.0000     2.4380     2.4129    34.3994    34.5399    23.0502    23.1702    222.355    232.245    103.772    108.387 0.0000e+00
       1607     66.931     35.222 -109.86508   22.04110     35.000    23.9518    23.9057 5.1142e+04   5.124958     0.5547     0.1697    95.8451 1.0000e-12          0     2.4200     2.3943     0.1064     0.1164     4.4587     0.0000     0.0084     0.0000     2.4388     2.4164    34.3561    34.4726    23.1703    23.2721    225.616    234.450    104.338    108.410 0.0000e+00
       1644     68.463     36.229 -109.86508   22.04110     36.000    23.3556    23.3051 5.0473e+04   5.060015     0.5741     0.1660    95.9348 1.0000e-12          0     2.4361     2.4077     0.1084     0.1158     4.4629     0.0000     0.0083     0.0000     2.4479     2.4278    34.3085    34.4455    23.3084    23.4268    228.907    239.337    104.740    109.501 0.0000e+00
       1697     70.666     37.235 -109.86508   22.04110     37.000    22.3954    22.3423 4.9412e+04   4.952396     0.5634     0.1660    95.9331 1.0000e-12          0     2.4411     2.4185     0.1073     0.1160     4.4628     0.0000     0.0083     0.0000     2.4473     2.4309    34.2413    34.3705    23.5322    23.6452    231.898    242.310    104.295    108.956 0.0000e+00
       1758     73.207     38.242 -109.86508   22.04110     38.000    21.4077    21.3701 4.8363e+04   4.848083     0.5655     0.1677    95.8931 1.0000e-12          0     2.4499     2.4358     0.1075     0.1152     4.4610     0.0000     0.0084     0.0000     2.4331     2.4253    34.1993    34.3227    23.7756    23.8797    232.255    245.352    102.610    108.402 0.0000e+00
       1791     74.584     39.248 -109.86508   22.04110     39.000    21.1940    21.1561 4.8137e+04   4.823073     0.5652     0.1634    95.9955 1.0000e-12          0     2.4464     2.4285     0.1075     0.1165     4.4657     0.0000     0.0082     0.0000     2.4113     2.4101    34.1895    34.2944    23.8263    23.9165    230.095    243.200    101.259    107.019 0.0000e+00
       1826     76.028     40.255 -109.86508   22.04110     40.000    20.7973    20.7541 4.7742e+04   4.784545     0.5727     0.1634    95.9955 1.0000e-12          0     2.4389     2.4274     0.1082     0.1156     4.4657     0.0000     0.0083     0.0000     2.3954     2.3925    34.1908    34.3087    23.9346    24.0360    231.259    243.164    101.044    106.237 0.0000e+00
       1892     78.782     41.261 -109.86508   22.04110     41.000    20.5229    20.4781 4.7485e+04   4.755999     0.6812     0.1639    95.9854 1.0000e-12          0     2.4035     2.4018     0.1191     0.1154     4.4652     0.0000     0.0083     0.0000     2.3735     2.3710    34.2045    34.3012    24.0187    24.1044    229.237    241.865     99.672    105.137 0.0000e+00
       1950     81.220     42.268 -109.86508   22.04110     42.000    20.3008    20.2647 4.7267e+04   4.735428     0.7281     0.1648    95.9617 1.0000e-12          0     2.3822     2.3784     0.1238     0.1167     4.4642     0.0000     0.0081     0.0000     2.3361     2.3407    34.2070    34.3072    24.0797    24.1656    224.148    237.614     97.066    102.892 0.0000e+00
       1985     82.659     43.274 -109.86508   22.04110     43.000    20.0039    19.9641 4.6978e+04   4.707786     0.8178     0.1715    95.8020 1.0000e-12          0     2.3713     2.3689     0.1328     0.1172     4.4567     0.0000     0.0084     0.0000     2.3173     2.3210    34.2126    34.3264    24.1622    24.2594    224.043    236.841     96.499    102.005 0.0000e+00
       2022     84.227     44.281 -109.86508   22.04110     44.000    19.6526    19.6137 4.6597e+04   4.668626     0.9432     0.1772    95.6675 1.0000e-12          0     2.3444     2.3481     0.1454     0.1170     4.4504     0.0000     0.0083     0.0000     2.3001     2.3044    34.1862    34.2914    24.2338    24.3241    224.387    237.114     96.009    101.446 0.0000e+00
       2061     85.854     45.287 -109.86508   22.04112     45.000    19.3103    19.2708 4.6216e+04   4.630345     1.1147     0.1795    95.6116 1.0000e-12          0     2.3211     2.3248     0.1625     0.1152     4.4479     0.0000     0.0083     0.0000     2.2870     2.2942    34.1517    34.2565    24.2958    24.3859    224.558    237.454     95.457    100.928 0.0000e+00
       2098     87.368     46.294 -109.86508   22.04112     46.000    19.1978    19.1603 4.6103e+04   4.618049     1.3752     0.1890    95.3857 1.0000e-12          0     2.3032     2.3073     0.1885     0.1151     4.4374     0.0000     0.0082     0.0000     2.2762     2.2792    34.1497    34.2451    24.3231    24.4055    224.300    235.654     95.147     99.950 0.0000e+00
