data/ctd-cnv/KM1919/KM1919-St22-P3/St22_P3_cast68-align-cellTM-derive-bin.cnv
* Sea-Bird SBE 9 Data File:
* FileName = C:\Users\otg\Desktop\CTD Data\km1920\St22_P3_cast68.hex
* Software Version Seasave V 7.26.7.107
* Temperature SN = 5554
* Conductivity SN = 3876
* Number of Bytes Per Scan = 41
* Number of Voltage Words = 4
* Number of Scans Averaged by the Deck Unit = 1
* NMEA Latitude = 21 53.37 N
* NMEA Longitude = 109 56.50 W
* NMEA UTC (Time) = Oct 16 2019  04:28:05
* NMEA baud rate = 4800
** Ship: Kilo Moana
** Station: St22  P3 cast 68
** Operator: rk
** sno catchers
# nquan = 34
# nvalues = 348                         
# units = specified
# name 0 = scan: Scan Count
# name 1 = timeS: Time, Elapsed [seconds]
# name 2 = prDM: Pressure, Digiquartz [db]
# name 3 = longitude: Longitude [deg]
# name 4 = latitude: Latitude [deg]
# name 5 = depSM: Depth [salt water, m]
# name 6 = t090C: Temperature [ITS-90, deg C]
# name 7 = t190C: Temperature, 2 [ITS-90, deg C]
# name 8 = c0uS/cm: Conductivity [uS/cm]
# name 9 = c1S/m: Conductivity, 2 [S/m]
# name 10 = flECO-AFL: Fluorescence, WET Labs ECO-AFL/FL [mg/m^3]
# name 11 = CStarAt0: Beam Attenuation, WET Labs C-Star [1/m]
# name 12 = CStarTr0: Beam Transmission, WET Labs C-Star [%]
# name 13 = par: PAR/Irradiance, Biospherical/Licor
# name 14 = modError: Modulo Error Count
# name 15 = v0: Voltage 0
# name 16 = v1: Voltage 1
# name 17 = v2: Voltage 2
# name 18 = v3: Voltage 3
# name 19 = v4: Voltage 4
# name 20 = v5: Voltage 5
# name 21 = v6: Voltage 6
# name 22 = v7: Voltage 7
# name 23 = sbeox0V: Oxygen raw, SBE 43 [V]
# name 24 = sbeox1V: Oxygen raw, SBE 43, 2 [V]
# name 25 = sal00: Salinity, Practical [PSU]
# name 26 = sal11: Salinity, Practical, 2 [PSU]
# name 27 = sigma-é00: Density [sigma-theta, kg/m^3]
# name 28 = sigma-é11: Density, 2 [sigma-theta, kg/m^3]
# name 29 = sbeox0Mm/L: Oxygen, SBE 43 [umol/l], WS = 2
# name 30 = sbeox1Mm/L: Oxygen, SBE 43, 2 [umol/l], WS = 2
# name 31 = sbeox0PS: Oxygen, SBE 43 [% saturation], WS = 2
# name 32 = sbeox1PS: Oxygen, SBE 43, 2 [% saturation], WS = 2
# name 33 = flag: flag
# span 0 =         -9,      25903       
# span 1 =     -0.412,   1079.238       
# span 2 =      7.044,    356.524       
# span 3 = -109.94162, -109.94148       
# span 4 =   21.88945,   21.88954       
# span 5 =      7.000,    354.000       
# span 6 =     9.7880,    27.8058       
# span 7 =     9.7564,    27.8340       
# span 8 = 3.7677e+04, 5.5270e+04       
# span 9 =   3.772479,   5.545953       
# span 10 =     0.0414,     1.1264      
# span 11 =     0.0603,     0.1254      
# span 12 =    96.9136,    98.5046      
# span 13 = -6.310e-04, 1.9423e+00      
# span 14 =          0,          0      
# span 15 =     0.5032,     2.5084      
# span 16 =     0.5139,     2.4982      
# span 17 =     0.0551,     0.1636      
# span 18 =     0.1135,     0.1173      
# span 19 =     4.5084,     4.5824      
# span 20 =     0.0000,     0.0000      
# span 21 =     0.0049,     1.3251      
# span 22 =     0.0000,     0.0000      
# span 23 =     0.5027,     2.5106      
# span 24 =     0.5133,     2.4956      
# span 25 =    33.9323,    34.7754      
# span 26 =    34.0187,    34.8577      
# span 27 =    21.7952,    26.6966      
# span 28 =    22.0708,    26.7638      
# span 29 =      0.903,    241.430      
# span 30 =      1.021,    252.534      
# span 31 =      0.320,    108.341      
# span 32 =      0.362,    113.298      
# span 33 = 0.0000e+00, 0.0000e+00      
# interval = meters: 1                  
# start_time = Oct 16 2019 04:30:01 [NMEA time, first data scan]
# bad_flag = -9.990e-29
*END*
[from data line 86]
      12011    500.417     93.604 -109.94158   21.88952     93.000    14.6194    14.5866 4.2064e+04   4.212455     0.3374     0.0725    98.2037 1.0000e-12          0     0.6756     0.6897     0.0847     0.1146     4.5685     0.0000     0.0085     0.0000     0.6549     0.6732    34.5213    34.6058    25.6885    25.7608     19.974     22.883      7.775      8.906 0.0000e+00
      12045    501.831     94.610 -109.94158   21.88952     94.000    14.5828    14.5489 4.2032e+04   4.209386     0.3107     0.0723    98.2088 1.0000e-12          0     0.6699     0.6868     0.0821     0.1148     4.5687     0.0000     0.0085     0.0000     0.6474     0.6654    34.5242    34.6109    25.6986    25.7728     19.105     21.862      7.431      8.502 0.0000e+00
      12094    503.856     95.617 -109.94158   21.88952     95.000    14.4562    14.4217 4.1915e+04   4.197686     0.3072     0.0709    98.2433 1.0000e-12          0     0.6563     0.6744     0.0817     0.1146     4.5703     0.0000     0.0085     0.0000     0.6399     0.6563    34.5288    34.6163    25.7293    25.8043     19.349     21.198      7.507      8.223 0.0000e+00
      12239    509.907     96.624 -109.94158   21.88952     96.000    14.4424    14.4196 4.1910e+04   4.198172     0.3557     0.0697    98.2730 1.0000e-12          0     0.6357     0.6498     0.0866     0.1147     4.5716     0.0000     0.0084     0.0000     0.6164     0.6395    34.5356    34.6223    25.7375    25.8093     10.605     16.351      4.115      6.345 0.0000e+00
      12272    511.280     97.631 -109.94158   21.88952     97.000    14.4320    14.4015 4.1971e+04   4.202264     0.2849     0.0699    98.2666 1.0000e-12          0     0.6343     0.6519     0.0795     0.1147     4.5713     0.0000     0.0085     0.0000     0.5831     0.6078    34.6006    34.6758    25.7899    25.8546      7.681     11.216      2.980      4.350 0.0000e+00
      12329    513.671     98.637 -109.94158   21.88952     98.000    14.4446    14.4124 4.2008e+04   4.206594     0.2666     0.0699    98.2683 1.0000e-12          0     0.6006     0.6272     0.0776     0.1147     4.5714     0.0000     0.0085     0.0000     0.5627     0.5834    34.6232    34.7056    25.8047    25.8753      7.131      9.344      2.768      3.626 0.0000e+00
      12372    515.454     99.644 -109.94158   21.88952     99.000    14.4313    14.3984 4.2006e+04   4.206485     0.2464     0.0697    98.2733 1.0000e-12          0     0.5755     0.5991     0.0756     0.1146     4.5716     0.0000     0.0085     0.0000     0.5557     0.5739    34.6327    34.7168    25.8150    25.8870      7.281      8.880      2.825      3.445 0.0000e+00
      12399    516.575    100.651 -109.94158   21.88952    100.000    14.4024    14.3700 4.1975e+04   4.203445     0.2254     0.0696    98.2756 1.0000e-12          0     0.5670     0.5889     0.0736     0.1147     4.5717     0.0000     0.0085     0.0000     0.5532     0.5705    34.6300    34.7138    25.8191    25.8907      7.195      8.628      2.790      3.345 0.0000e+00
      12423    517.568    101.658 -109.94158   21.88952    101.000    14.3726    14.3388 4.1952e+04   4.201207     0.2265     0.0688    98.2942 1.0000e-12          0     0.5610     0.5811     0.0737     0.1147     4.5726     0.0000     0.0084     0.0000     0.5516     0.5681    34.6349    34.7207    25.8293    25.9028      7.287      8.559      2.824      3.317 0.0000e+00
      12446    518.555    102.664 -109.94158   21.88952    102.000    14.3089    14.2748 4.1890e+04   4.195219     0.2252     0.0690    98.2889 1.0000e-12          0     0.5577     0.5763     0.0736     0.1145     4.5723     0.0000     0.0085     0.0000     0.5509     0.5669    34.6343    34.7224    25.8424    25.9177      7.302      8.537      2.827      3.304 0.0000e+00
      12486    520.218    103.671 -109.94158   21.88952    103.000    14.2715    14.2389 4.1855e+04   4.191334     0.2092     0.0684    98.3036 1.0000e-12          0     0.5539     0.5711     0.0719     0.1146     4.5731     0.0000     0.0084     0.0000     0.5497     0.5650    34.6346    34.7184    25.8506    25.9222      7.185      8.312      2.779      3.214 0.0000e+00
      12585    524.342    104.678 -109.94158   21.88952    104.000    14.2831    14.2704 4.1878e+04   4.195139     0.2326     0.0683    98.3055 1.0000e-12          0     0.5497     0.5646     0.0743     0.1147     4.5731     0.0000     0.0084     0.0000     0.5411     0.5587    34.6451    34.7248    25.8563    25.9205      4.830      6.772      1.869      2.621 0.0000e+00
      12610    525.382    105.685 -109.94158   21.88952    105.000    14.2449    14.2126 4.1851e+04   4.191106     0.2055     0.0675    98.3260 1.0000e-12          0     0.5491     0.5642     0.0716     0.1148     4.5741     0.0000     0.0084     0.0000     0.5382     0.5545    34.6547    34.7390    25.8718    25.9438      5.369      6.428      2.076      2.485 0.0000e+00
      12633    526.336    106.691 -109.94158   21.88952    106.000    14.2218    14.1895 4.1831e+04   4.189036     0.1743     0.0667    98.3458 1.0000e-12          0     0.5459     0.5630     0.0684     0.1146     4.5750     0.0000     0.0085     0.0000     0.5373     0.5528    34.6560    34.7402    25.8778    25.9496      5.230      6.426      2.021      2.483 0.0000e+00
      12655    527.239    107.698 -109.94158   21.88952    107.000    14.2055    14.1727 4.1814e+04   4.187349     0.1618     0.0667    98.3470 1.0000e-12          0     0.5425     0.5602     0.0672     0.1147     4.5751     0.0000     0.0084     0.0000     0.5357     0.5518    34.6547    34.7393    25.8802    25.9525      4.294      6.062      1.659      2.342 0.0000e+00
      12679    528.251    108.705 -109.94158   21.88952    108.000    14.1060    14.0685 4.1720e+04   4.178559     0.1755     0.0667    98.3470 1.0000e-12          0     0.5400     0.5568     0.0686     0.1147     4.5751     0.0000     0.0085     0.0000     0.5308     0.5486    34.6564    34.7513    25.9026    25.9838      2.642      4.996      1.019      1.926 0.0000e+00
      12711    529.565    109.712 -109.94158   21.88952    109.000    13.9732    13.9399 4.1619e+04   4.168081     0.1620     0.0658    98.3678 1.0000e-12          0     0.5382     0.5540     0.0672     0.1147     4.5761     0.0000     0.0085     0.0000     0.5239     0.5417    34.6816    34.7695    25.9499    26.0249      2.205      3.819      0.848      1.469 0.0000e+00
      12755    531.407    110.718 -109.94158   21.88952    110.000    13.9304    13.8981 4.1603e+04   4.166303     0.1349     0.0622    98.4574 1.0000e-12          0     0.5332     0.5504     0.0645     0.1146     4.5802     0.0000     0.0085     0.0000     0.5185     0.5352    34.7056    34.7904    25.9775    26.0498      2.163      3.409      0.831      1.310 0.0000e+00
      12800    533.291    111.725 -109.94158   21.88952    111.000    13.8734    13.8407 4.1556e+04   4.161728     0.1104     0.0613    98.4792 1.0000e-12          0     0.5235     0.5412     0.0621     0.1146     4.5812     0.0000     0.0085     0.0000     0.5149     0.5306    34.7126    34.7992    25.9948    26.0686      2.014      2.950      0.773      1.132 0.0000e+00
      12834    534.707    112.732 -109.94158   21.88952    112.000    13.8413    13.8095 4.1524e+04   4.158380     0.0871     0.0609    98.4889 1.0000e-12          0     0.5197     0.5364     0.0597     0.1146     4.5817     0.0000     0.0084     0.0000     0.5131     0.5282    34.7115    34.7959    26.0007    26.0725      1.897      2.783      0.728      1.068 0.0000e+00
      12862    535.883    113.739 -109.94158   21.88952    113.000    13.8234    13.7913 4.1511e+04   4.157005     0.0879     0.0603    98.5046 1.0000e-12          0     0.5170     0.5332     0.0598     0.1140     4.5824     0.0000     0.0085     0.0000     0.5120     0.5270    34.7145    34.7991    26.0068    26.0789      1.790      2.723      0.686      1.044 0.0000e+00
      12892    537.132    114.746 -109.94158   21.88952    114.000    13.7902    13.7573 4.1485e+04   4.154471     0.0883     0.0604    98.5022 1.0000e-12          0     0.5150     0.5307     0.0598     0.1135     4.5823     0.0000     0.0085     0.0000     0.5109     0.5258    34.7196    34.8058    26.0177    26.0911      1.881      2.523      0.721      0.967 0.0000e+00
      12933    538.845    115.753 -109.94158   21.88950    115.000    13.7430    13.7109 4.1444e+04   4.150374     0.0917     0.0612    98.4820 1.0000e-12          0     0.5132     0.5282     0.0602     0.1139     4.5814     0.0000     0.0085     0.0000     0.5109     0.5248    34.7245    34.8092    26.0312    26.1034      2.023      2.605      0.774      0.997 0.0000e+00
      12981    540.843    116.759 -109.94158   21.88950    116.000    13.7051    13.6730 4.1415e+04   4.147342     0.0986     0.0613    98.4788 1.0000e-12          0     0.5116     0.5263     0.0609     0.1142     4.5812     0.0000     0.0085     0.0000     0.5109     0.5247    34.7306    34.8148    26.0438    26.1156      2.032      2.633      0.777      1.007 0.0000e+00
      13017    542.349    117.766 -109.94158   21.88950    117.000    13.6937    13.6622 4.1406e+04   4.146370     0.0883     0.0613    98.4782 1.0000e-12          0     0.5116     0.5254     0.0598     0.1137     4.5812     0.0000     0.0085     0.0000     0.5109     0.5245    34.7321    34.8150    26.0474    26.1181      1.975      2.522      0.755      0.965 0.0000e+00
      13048    543.625    118.773 -109.94157   21.88950    118.000    13.6908    13.6595 4.1405e+04   4.146318     0.0878     0.0613    98.4782 1.0000e-12          0     0.5116     0.5254     0.0598     0.1136     4.5812     0.0000     0.0085     0.0000     0.5103     0.5239    34.7339    34.8166    26.0494    26.1199      1.645      2.392      0.629      0.915 0.0000e+00
      13077    544.849    119.780 -109.94156   21.88950    119.000    13.6699    13.6380 4.1387e+04   4.144629     0.0958     0.0617    98.4682 1.0000e-12          0     0.5116     0.5254     0.0606     0.1144     4.5807     0.0000     0.0085     0.0000     0.5097     0.5233    34.7351    34.8198    26.0547    26.1268      1.732      2.306      0.662      0.882 0.0000e+00
      13111    546.261    120.787 -109.94156   21.88950    120.000    13.6228    13.5902 4.1346e+04   4.140542     0.0999     0.0647    98.3941 1.0000e-12          0     0.5115     0.5249     0.0610     0.1147     4.5773     0.0000     0.0085     0.0000     0.5089     0.5225    34.7392    34.8246    26.0676    26.1404      1.527      2.138      0.583      0.817 0.0000e+00
      13156    548.135    121.794 -109.94156   21.88950    121.000    13.5995    13.5682 4.1323e+04   4.138138     0.1056     0.0666    98.3501 1.0000e-12          0     0.5105     0.5241     0.0616     0.1145     4.5752     0.0000     0.0085     0.0000     0.5085     0.5218    34.7384    34.8216    26.0718    26.1426      1.676      2.138      0.640      0.816 0.0000e+00
      13211    550.403    122.801 -109.94156   21.88950    122.000    13.5633    13.5309 4.1289e+04   4.134829     0.1088     0.0665    98.3525 1.0000e-12          0     0.5093     0.5228     0.0619     0.1145     4.5754     0.0000     0.0084     0.0000     0.5085     0.5211    34.7384    34.8241    26.0793    26.1523      1.645      2.058      0.628      0.785 0.0000e+00
      13241    551.668    123.807 -109.94156   21.88950    123.000    13.5160    13.4839 4.1245e+04   4.130368     0.1231     0.0673    98.3308 1.0000e-12          0     0.5092     0.5226     0.0633     0.1148     4.5744     0.0000     0.0085     0.0000     0.5083     0.5208    34.7397    34.8245    26.0900    26.1623      1.703      2.043      0.649      0.779 0.0000e+00
      13264    552.604    124.814 -109.94156   21.88950    124.000    13.4949    13.4631 4.1229e+04   4.128698     0.1127     0.0667    98.3457 1.0000e-12          0     0.5092     0.5222     0.0623     0.1146     4.5750     0.0000     0.0084     0.0000     0.5085     0.5211    34.7434    34.8274    26.0973    26.1687      2.064      2.275      0.786      0.867 0.0000e+00
      13284    553.449    125.821 -109.94156   21.88950    125.000    13.4830    13.4514 4.1223e+04   4.128023     0.1121     0.0667    98.3470 1.0000e-12          0     0.5092     0.5219     0.0622     0.1147     4.5751     0.0000     0.0084     0.0000     0.5099     0.5217    34.7483    34.8312    26.1035    26.1742      2.615      2.545      0.996      0.969 0.0000e+00
      13305    554.317    126.828 -109.94156   21.88950    126.000    13.4607    13.4285 4.1208e+04   4.126665     0.1018     0.0667    98.3470 1.0000e-12          0     0.5090     0.5219     0.0612     0.1145     4.5751     0.0000     0.0084     0.0000     0.5114     0.5229    34.7544    34.8389    26.1129    26.1848      2.878      2.836      1.096      1.080 0.0000e+00
      13335    555.592    127.835 -109.94156   21.88950    127.000    13.4461    13.4142 4.1196e+04   4.125407     0.0919     0.0637    98.4212 1.0000e-12          0     0.5092     0.5217     0.0602     0.1146     4.5786     0.0000     0.0084     0.0000     0.5130     0.5247    34.7560    34.8397    26.1171    26.1884      2.649      2.935      1.008      1.117 0.0000e+00
      13447    560.260    128.842 -109.94156   21.88950    128.000    13.4525    13.4319 4.1203e+04   4.126790     0.0731     0.0604    98.5004 1.0000e-12          0     0.5148     0.5263     0.0583     0.1146     4.5822     0.0000     0.0085     0.0000     0.5137     0.5253    34.7558    34.8361    26.1156    26.1821      2.446      2.769      0.931      1.054 0.0000e+00
      13478    561.542    129.849 -109.94156   21.88950    129.000    13.4106    13.3787 4.1165e+04   4.122416     0.0684     0.0614    98.4750 1.0000e-12          0     0.5140     0.5253     0.0578     0.1144     4.5811     0.0000     0.0085     0.0000     0.5139     0.5262    34.7581    34.8430    26.1260    26.1982      2.357      2.947      0.897      1.121 0.0000e+00
      13500    562.445    130.856 -109.94156   21.88950    130.000    13.3824    13.3500 4.1138e+04   4.119696     0.0605     0.0614    98.4754 1.0000e-12          0     0.5140     0.5255     0.0571     0.1147     4.5811     0.0000     0.0085     0.0000     0.5135     0.5262    34.7582    34.8432    26.1319    26.2043      2.298      2.800      0.874      1.064 0.0000e+00
      13518    563.213    131.862 -109.94156   21.88950    131.000    13.3723    13.3408 4.1129e+04   4.118660     0.0633     0.0616    98.4708 1.0000e-12          0     0.5144     0.5262     0.0573     0.1148     4.5809     0.0000     0.0085     0.0000     0.5134     0.5259    34.7583    34.8414    26.1341    26.2047      2.290      2.737      0.871      1.040 0.0000e+00
      13536    563.941    132.870 -109.94156   21.88950    132.000    13.3662    13.3355 4.1123e+04   4.118120     0.0624     0.0613    98.4783 1.0000e-12          0     0.5146     0.5268     0.0572     0.1146     4.5812     0.0000     0.0085     0.0000     0.5130     0.5257    34.7578    34.8407    26.1349    26.2054      1.999      2.635      0.760      1.001 0.0000e+00
      13554    564.727    133.876 -109.94156   21.88950    133.000    13.3637    13.3323 4.1121e+04   4.117799     0.0613     0.0624    98.4527 1.0000e-12          0     0.5147     0.5268     0.0571     0.1146     4.5800     0.0000     0.0084     0.0000     0.5122     0.5248    34.7572    34.8401    26.1350    26.2056      1.782      2.458      0.677      0.934 0.0000e+00
      13586    566.034    134.883 -109.94156   21.88950    134.000    13.3548    13.3243 4.1112e+04   4.116991     0.0612     0.0630    98.4382 1.0000e-12          0     0.5141     0.5268     0.0571     0.1146     4.5794     0.0000     0.0085     0.0000     0.5111     0.5239    34.7567    34.8394    26.1365    26.2067      1.899      2.366      0.721      0.899 0.0000e+00
