data/ctd-cnv/KM1919/KM1919-St22-P3/St22_P3_cast73-align-cellTM-derive-bin.cnv
* Sea-Bird SBE 9 Data File:
* FileName = C:\Users\otg\Desktop\CTD Data\km1920\St22_P3_cast73.hex
* Software Version Seasave V 7.26.7.107
* Temperature SN = 5554
* Conductivity SN = 3876
* Number of Bytes Per Scan = 41
* Number of Voltage Words = 4
* Number of Scans Averaged by the Deck Unit = 1
* NMEA Latitude = 21 56.61 N
* NMEA Longitude = 109 54.46 W
* NMEA UTC (Time) = Oct 17 2019  01:54:05
* NMEA baud rate = 4800
** Ship: Kilo Moana
** Station: St22  P3 cast 73
** Operator: gr
# nquan = 34
# nvalues = 299                         
# units = specified
# name 0 = scan: Scan Count
# name 1 = timeS: Time, Elapsed [seconds]
# name 2 = prDM: Pressure, Digiquartz [db]
# name 3 = longitude: Longitude [deg]
# name 4 = latitude: Latitude [deg]
# name 5 = depSM: Depth [salt water, m]
# name 6 = t090C: Temperature [ITS-90, deg C]
# name 7 = t190C: Temperature, 2 [ITS-90, deg C]
# name 8 = c0uS/cm: Conductivity [uS/cm]
# name 9 = c1S/m: Conductivity, 2 [S/m]
# name 10 = flECO-AFL: Fluorescence, WET Labs ECO-AFL/FL [mg/m^3]
# name 11 = CStarAt0: Beam Attenuation, WET Labs C-Star [1/m]
# name 12 = CStarTr0: Beam Transmission, WET Labs C-Star [%]
# name 13 = par: PAR/Irradiance, Biospherical/Licor
# name 14 = modError: Modulo Error Count
# name 15 = v0: Voltage 0
# name 16 = v1: Voltage 1
# name 17 = v2: Voltage 2
# name 18 = v3: Voltage 3
# name 19 = v4: Voltage 4
# name 20 = v5: Voltage 5
# name 21 = v6: Voltage 6
# name 22 = v7: Voltage 7
# name 23 = sbeox0V: Oxygen raw, SBE 43 [V]
# name 24 = sbeox1V: Oxygen raw, SBE 43, 2 [V]
# name 25 = sal00: Salinity, Practical [PSU]
# name 26 = sal11: Salinity, Practical, 2 [PSU]
# name 27 = sigma-é00: Density [sigma-theta, kg/m^3]
# name 28 = sigma-é11: Density, 2 [sigma-theta, kg/m^3]
# name 29 = sbeox0Mm/L: Oxygen, SBE 43 [umol/l], WS = 2
# name 30 = sbeox1Mm/L: Oxygen, SBE 43, 2 [umol/l], WS = 2
# name 31 = sbeox0PS: Oxygen, SBE 43 [% saturation], WS = 2
# name 32 = sbeox1PS: Oxygen, SBE 43, 2 [% saturation], WS = 2
# name 33 = flag: flag
# span 0 =        173,      15486       
# span 1 =      7.175,    645.200       
# span 2 =      2.013,    302.100       
# span 3 = -109.90770, -109.90764       
# span 4 =   21.94318,   21.94325       
# span 5 =      2.000,    300.000       
# span 6 =    10.4529,    27.8849       
# span 7 =    10.4230,    27.8441       
# span 8 = 3.8320e+04, 5.5587e+04       
# span 9 =   3.837530,   5.566477       
# span 10 =     0.0394,     1.4161      
# span 11 =     0.0601,     0.1447      
# span 12 =    96.4465,    98.5087      
# span 13 = -1.008e-05, 4.8659e+00      
# span 14 =          0,          0      
# span 15 =     0.5041,     2.4903      
# span 16 =     0.5141,     2.4699      
# span 17 =     0.0549,     0.1926      
# span 18 =     0.1125,     0.1158      
# span 19 =     4.4867,     4.5826      
# span 20 =     0.0000,     0.0000      
# span 21 =     0.0080,     1.6870      
# span 22 =     0.0000,     0.0000      
# span 23 =     0.5033,     2.4676      
# span 24 =     0.5133,     2.4482      
# span 25 =    33.9401,    34.7672      
# span 26 =    34.0380,    34.8545      
# span 27 =    22.1574,    26.6157      
# span 28 =    22.2346,    26.6870      
# span 29 =      0.925,    239.077      
# span 30 =      0.916,    250.384      
# span 31 =      0.343,    106.406      
# span 32 =      0.329,    111.067      
# span 33 = 0.0000e+00, 0.0000e+00      
# interval = meters: 1                  
# start_time = Oct 17 2019 02:02:34 [NMEA time, first data scan]
# bad_flag = -9.990e-29
*END*
[from data line 257]
      11713    487.994    260.787 -109.90768   21.94320    259.000    11.2235    11.1939 3.9081e+04   3.913481     0.0639     0.0720    98.2157 1.0000e-12          0     0.5043     0.5152     0.0574     0.1150     4.5690     0.0000     0.0085     0.0000     0.5036     0.5145    34.7126    34.7935    26.5170    26.5854      1.064      1.190      0.386      0.432 0.0000e+00
      11744    489.299    261.795 -109.90768   21.94320    260.000    11.2174    11.1875 3.9076e+04   3.912958     0.0639     0.0720    98.2157 1.0000e-12          0     0.5043     0.5151     0.0574     0.1148     4.5690     0.0000     0.0085     0.0000     0.5036     0.5144    34.7126    34.7939    26.5181    26.5869      1.064      1.173      0.387      0.426 0.0000e+00
      11798    491.553    262.802 -109.90768   21.94320    261.000    11.2047    11.1750 3.9064e+04   3.911795     0.0679     0.0720    98.2152 1.0000e-12          0     0.5043     0.5152     0.0578     0.1146     4.5690     0.0000     0.0085     0.0000     0.5036     0.5145    34.7121    34.7937    26.5201    26.5890      1.071      1.226      0.389      0.445 0.0000e+00
      11839    493.252    263.810 -109.90768   21.94320    262.000    11.1957    11.1657 3.9055e+04   3.910874     0.0637     0.0722    98.2100 1.0000e-12          0     0.5043     0.5151     0.0574     0.1148     4.5687     0.0000     0.0085     0.0000     0.5036     0.5146    34.7118    34.7930    26.5215    26.5902      1.066      1.240      0.387      0.450 0.0000e+00
      11864    494.286    264.818 -109.90768   21.94320    263.000    11.1822    11.1517 3.9043e+04   3.909664     0.0722     0.0725    98.2028 1.0000e-12          0     0.5043     0.5152     0.0582     0.1147     4.5684     0.0000     0.0085     0.0000     0.5036     0.5146    34.7113    34.7937    26.5236    26.5933      1.057      1.169      0.384      0.424 0.0000e+00
      11890    495.361    265.825 -109.90768   21.94320    264.000    11.1530    11.1221 3.9013e+04   3.906854     0.0660     0.0730    98.1928 1.0000e-12          0     0.5043     0.5152     0.0576     0.1151     4.5680     0.0000     0.0085     0.0000     0.5036     0.5144    34.7089    34.7933    26.5271    26.5984      1.066      1.182      0.387      0.429 0.0000e+00
      11918    496.526    266.833 -109.90768   21.94320    265.000    11.1290    11.0989 3.8989e+04   3.904319     0.0639     0.0722    98.2109 1.0000e-12          0     0.5043     0.5153     0.0574     0.1148     4.5688     0.0000     0.0085     0.0000     0.5036     0.5145    34.7071    34.7895    26.5300    26.5997      1.067      1.199      0.387      0.435 0.0000e+00
      11949    497.854    267.840 -109.90768   21.94320    266.000    11.1199    11.0902 3.8980e+04   3.903348     0.0650     0.0724    98.2057 1.0000e-12          0     0.5043     0.5153     0.0575     0.1152     4.5685     0.0000     0.0085     0.0000     0.5036     0.5145    34.7061    34.7876    26.5309    26.5998      1.067      1.215      0.387      0.441 0.0000e+00
      11984    499.275    268.848 -109.90768   21.94320    267.000    11.1103    11.0806 3.8971e+04   3.902522     0.0710     0.0724    98.2050 1.0000e-12          0     0.5043     0.5152     0.0581     0.1148     4.5685     0.0000     0.0085     0.0000     0.5036     0.5145    34.7058    34.7880    26.5324    26.6019      1.068      1.163      0.387      0.422 0.0000e+00
      12013    500.518    269.855 -109.90768   21.94320    268.000    11.0835    11.0544 3.8944e+04   3.900062     0.0639     0.0724    98.2070 1.0000e-12          0     0.5043     0.5152     0.0574     0.1147     4.5686     0.0000     0.0085     0.0000     0.5036     0.5144    34.7045    34.7879    26.5363    26.6065      1.068      1.203      0.387      0.436 0.0000e+00
      12045    501.844    270.863 -109.90768   21.94320    269.000    11.0598    11.0298 3.8920e+04   3.897533     0.0636     0.0725    98.2045 1.0000e-12          0     0.5043     0.5153     0.0574     0.1147     4.5685     0.0000     0.0085     0.0000     0.5036     0.5144    34.7025    34.7855    26.5391    26.6092      1.069      1.168      0.387      0.423 0.0000e+00
      12085    503.483    271.870 -109.90768   21.94320    270.000    11.0465    11.0169 3.8908e+04   3.896204     0.0633     0.0720    98.2159 1.0000e-12          0     0.5043     0.5151     0.0573     0.1147     4.5690     0.0000     0.0085     0.0000     0.5036     0.5143    34.7025    34.7840    26.5415    26.6104      1.070      1.199      0.387      0.434 0.0000e+00
      12124    505.123    272.878 -109.90768   21.94320    271.000    11.0310    11.0012 3.8893e+04   3.894724     0.0701     0.0722    98.2101 1.0000e-12          0     0.5043     0.5152     0.0580     0.1147     4.5687     0.0000     0.0085     0.0000     0.5036     0.5146    34.7016    34.7837    26.5437    26.6130      1.070      1.206      0.387      0.436 0.0000e+00
      12158    506.535    273.886 -109.90768   21.94320    272.000    11.0104    10.9797 3.8873e+04   3.892790     0.0633     0.0723    98.2084 1.0000e-12          0     0.5043     0.5150     0.0573     0.1147     4.5687     0.0000     0.0085     0.0000     0.5036     0.5144    34.7003    34.7843    26.5464    26.6174      1.071      1.179      0.387      0.426 0.0000e+00
      12186    507.723    274.893 -109.90768   21.94319    273.000    10.9692    10.9392 3.8832e+04   3.888656     0.0639     0.0731    98.1896 1.0000e-12          0     0.5043     0.5152     0.0574     0.1149     4.5678     0.0000     0.0085     0.0000     0.5036     0.5143    34.6980    34.7809    26.5520    26.6220      1.072      1.173      0.387      0.424 0.0000e+00
      12215    508.913    275.901 -109.90768   21.94318    274.000    10.9616    10.9320 3.8824e+04   3.887839     0.0635     0.0724    98.2058 1.0000e-12          0     0.5043     0.5152     0.0574     0.1149     4.5685     0.0000     0.0085     0.0000     0.5036     0.5143    34.6971    34.7791    26.5527    26.6219      1.072      1.155      0.387      0.417 0.0000e+00
      12248    510.301    276.909 -109.90768   21.94318    275.000    10.9559    10.9263 3.8819e+04   3.887291     0.0706     0.0727    98.1992 1.0000e-12          0     0.5043     0.5151     0.0581     0.1150     4.5682     0.0000     0.0085     0.0000     0.5036     0.5144    34.6971    34.7786    26.5537    26.6225      1.073      1.211      0.387      0.437 0.0000e+00
      12281    511.659    277.916 -109.90768   21.94318    276.000    10.9483    10.9186 3.8812e+04   3.886555     0.0638     0.0728    98.1973 1.0000e-12          0     0.5043     0.5150     0.0574     0.1149     4.5682     0.0000     0.0085     0.0000     0.5036     0.5143    34.6967    34.7781    26.5548    26.6236      1.073      1.139      0.388      0.411 0.0000e+00
      12308    512.788    278.924 -109.90768   21.94318    277.000    10.9430    10.9134 3.8807e+04   3.886047     0.0644     0.0721    98.2138 1.0000e-12          0     0.5043     0.5150     0.0575     0.1153     4.5689     0.0000     0.0085     0.0000     0.5036     0.5142    34.6960    34.7775    26.5552    26.6241      1.073      1.173      0.388      0.424 0.0000e+00
      12331    513.746    279.931 -109.90768   21.94318    278.000    10.9351    10.9055 3.8800e+04   3.885350     0.0740     0.0722    98.2121 1.0000e-12          0     0.5043     0.5151     0.0584     0.1147     4.5688     0.0000     0.0085     0.0000     0.5036     0.5144    34.6957    34.7776    26.5564    26.6256      1.074      1.194      0.388      0.431 0.0000e+00
      12356    514.782    280.939 -109.90768   21.94318    279.000    10.9112    10.8811 3.8776e+04   3.883044     0.0718     0.0720    98.2156 1.0000e-12          0     0.5043     0.5151     0.0582     0.1147     4.5690     0.0000     0.0085     0.0000     0.5036     0.5142    34.6944    34.7773    26.5597    26.6297      1.074      1.155      0.388      0.417 0.0000e+00
      12403    516.760    281.947 -109.90768   21.94319    280.000    10.8984    10.8689 3.8764e+04   3.881706     0.0662     0.0718    98.2193 1.0000e-12          0     0.5043     0.5150     0.0576     0.1149     4.5692     0.0000     0.0085     0.0000     0.5036     0.5142    34.6936    34.7749    26.5614    26.6301      1.075      1.142      0.388      0.412 0.0000e+00
      12470    519.524    282.954 -109.90768   21.94320    281.000    10.8878    10.8582 3.8753e+04   3.880706     0.0693     0.0721    98.2141 1.0000e-12          0     0.5043     0.5149     0.0579     0.1150     4.5689     0.0000     0.0085     0.0000     0.5036     0.5143    34.6927    34.7747    26.5626    26.6318      1.075      1.213      0.388      0.438 0.0000e+00
      12500    520.772    283.962 -109.90768   21.94320    282.000    10.8733    10.8435 3.8738e+04   3.879247     0.0648     0.0720    98.2157 1.0000e-12          0     0.5043     0.5147     0.0575     0.1148     4.5690     0.0000     0.0085     0.0000     0.5036     0.5142    34.6913    34.7735    26.5642    26.6336      1.076      1.167      0.388      0.421 0.0000e+00
      12525    521.829    284.970 -109.90768   21.94320    283.000    10.8630    10.8334 3.8728e+04   3.878225     0.0685     0.0720    98.2168 1.0000e-12          0     0.5043     0.5149     0.0579     0.1149     4.5691     0.0000     0.0085     0.0000     0.5036     0.5142    34.6903    34.7724    26.5653    26.6346      1.076      1.116      0.388      0.402 0.0000e+00
      12549    522.841    285.977 -109.90768   21.94320    284.000    10.8449    10.8142 3.8710e+04   3.876520     0.0712     0.0720    98.2146 1.0000e-12          0     0.5043     0.5151     0.0581     0.1148     4.5690     0.0000     0.0085     0.0000     0.5036     0.5142    34.6888    34.7731    26.5674    26.6386      1.077      1.172      0.388      0.422 0.0000e+00
      12574    523.895    286.985 -109.90768   21.94320    285.000    10.8022    10.7715 3.8666e+04   3.872164     0.0715     0.0720    98.2157 1.0000e-12          0     0.5043     0.5150     0.0582     0.1148     4.5690     0.0000     0.0085     0.0000     0.5036     0.5142    34.6849    34.7696    26.5719    26.6435      1.078      1.147      0.388      0.413 0.0000e+00
      12602    525.061    287.993 -109.90768   21.94320    286.000    10.7670    10.7368 3.8631e+04   3.868517     0.0698     0.0713    98.2330 1.0000e-12          0     0.5043     0.5149     0.0580     0.1149     4.5698     0.0000     0.0085     0.0000     0.5036     0.5143    34.6822    34.7655    26.5761    26.6464      1.079      1.213      0.388      0.436 0.0000e+00
      12636    526.476    289.000 -109.90766   21.94320    287.000    10.7379    10.7078 3.8601e+04   3.865532     0.0658     0.0718    98.2206 1.0000e-12          0     0.5043     0.5149     0.0576     0.1153     4.5692     0.0000     0.0085     0.0000     0.5036     0.5141    34.6792    34.7626    26.5790    26.6494      1.080      1.131      0.388      0.407 0.0000e+00
      12699    529.064    290.008 -109.90766   21.94320    288.000    10.7185    10.6891 3.8582e+04   3.863595     0.0646     0.0716    98.2258 1.0000e-12          0     0.5043     0.5149     0.0575     0.1150     4.5695     0.0000     0.0085     0.0000     0.5036     0.5144    34.6788    34.7605    26.5821    26.6510      1.081      1.156      0.388      0.416 0.0000e+00
      12775    532.259    291.016 -109.90767   21.94320    289.000    10.6986    10.6686 3.8564e+04   3.861713     0.0669     0.0710    98.2388 1.0000e-12          0     0.5043     0.5157     0.0577     0.1148     4.5701     0.0000     0.0085     0.0000     0.5036     0.5137    34.6784    34.7606    26.5853    26.6548      1.081      1.222      0.388      0.439 0.0000e+00
      12803    533.397    292.023 -109.90768   21.94320    290.000    10.6661    10.6357 3.8531e+04   3.858629     0.0704     0.0712    98.2345 1.0000e-12          0     0.5043     0.5148     0.0580     0.1150     4.5699     0.0000     0.0085     0.0000     0.5036     0.5140    34.6764    34.7605    26.5896    26.6605      1.082      0.916      0.388      0.329 0.0000e+00
      12835    534.765    293.031 -109.90767   21.94320    291.000    10.6511    10.6221 3.8517e+04   3.857066     0.0720     0.0725    98.2024 1.0000e-12          0     0.5043     0.5143     0.0582     0.1147     4.5683     0.0000     0.0085     0.0000     0.5036     0.5138    34.6756    34.7573    26.5916    26.6605      1.083      1.194      0.389      0.428 0.0000e+00
      12904    537.607    294.039 -109.90766   21.94320    292.000    10.6419    10.6127 3.8508e+04   3.856128     0.0645     0.0705    98.2513 1.0000e-12          0     0.5043     0.5146     0.0575     0.1149     4.5706     0.0000     0.0085     0.0000     0.5036     0.5138    34.6752    34.7563    26.5930    26.6613      1.083      1.086      0.389      0.390 0.0000e+00
      12968    540.309    295.046 -109.90766   21.94320    293.000    10.6305    10.6013 3.8497e+04   3.855043     0.0689     0.0705    98.2527 1.0000e-12          0     0.5043     0.5146     0.0579     0.1151     4.5707     0.0000     0.0085     0.0000     0.5036     0.5140    34.6740    34.7558    26.5941    26.6630      1.083      1.170      0.389      0.420 0.0000e+00
      13042    543.365    296.054 -109.90768   21.94320    294.000    10.6166    10.5856 3.8483e+04   3.853454     0.0696     0.0704    98.2548 1.0000e-12          0     0.5043     0.5146     0.0580     0.1148     4.5708     0.0000     0.0085     0.0000     0.5036     0.5139    34.6735    34.7543    26.5961    26.6646      1.078      1.104      0.386      0.396 0.0000e+00
      13123    546.750    297.062 -109.90768   21.94320    295.000    10.5844    10.5553 3.8451e+04   3.850508     0.0688     0.0704    98.2546 1.0000e-12          0     0.5043     0.5145     0.0579     0.1149     4.5708     0.0000     0.0085     0.0000     0.5036     0.5141    34.6704    34.7530    26.5994    26.6690      1.086      1.177      0.389      0.422 0.0000e+00
      13165    548.503    298.069 -109.90768   21.94320    296.000    10.5494    10.5198 3.8414e+04   3.846843     0.0709     0.0707    98.2460 1.0000e-12          0     0.5043     0.5146     0.0581     0.1151     4.5704     0.0000     0.0085     0.0000     0.5036     0.5141    34.6669    34.7495    26.6029    26.6724      1.060      1.122      0.380      0.402 0.0000e+00
      13203    550.080    299.077 -109.90768   21.94320    297.000    10.4939    10.4642 3.8358e+04   3.841365     0.0716     0.0707    98.2477 1.0000e-12          0     0.5043     0.5148     0.0582     0.1147     4.5705     0.0000     0.0085     0.0000     0.5036     0.5139    34.6625    34.7467    26.6092    26.6801      1.092      1.103      0.391      0.394 0.0000e+00
      13341    555.839    300.085 -109.90768   21.94320    298.000    10.4924    10.4712 3.8357e+04   3.841753     0.0682     0.0694    98.2793 1.0000e-12          0     0.5043     0.5145     0.0578     0.1148     4.5719     0.0000     0.0085     0.0000     0.5036     0.5139    34.6623    34.7434    26.6093    26.6763      1.085      1.118      0.388      0.400 0.0000e+00
      13442    560.062    301.093 -109.90768   21.94320    299.000    10.4529    10.4230 3.8320e+04   3.837530     0.0706     0.0699    98.2670 1.0000e-12          0     0.5043     0.5144     0.0581     0.1149     4.5713     0.0000     0.0085     0.0000     0.5036     0.5138    34.6616    34.7463    26.6157    26.6870      1.065      1.064      0.380      0.380 0.0000e+00
      15486    645.200    302.100 -109.90766   21.94325    300.000    10.4807    10.4552 3.8348e+04   3.840313     0.0645     0.0696    98.2755 1.0000e-12          0     0.5041     0.5141     0.0575     0.1149     4.5717     0.0000     0.0085     0.0000     0.5033     0.5133    34.6630    34.7433    26.6119    26.6790      1.064      1.036      0.380      0.370 0.0000e+00
