data/ctd-cnv/KM1919/KM1919-St22-P3/St22_P3_cast64-align-cellTM-derive-bin.cnv
* Sea-Bird SBE 9 Data File:
* FileName = C:\Users\otg\Desktop\CTD Data\km1920\St22_P3_cast64.hex
* Software Version Seasave V 7.26.7.107
* Temperature SN = 5554
* Conductivity SN = 3876
* Number of Bytes Per Scan = 41
* Number of Voltage Words = 4
* Number of Scans Averaged by the Deck Unit = 1
* NMEA Latitude = 21 50.12 N
* NMEA Longitude = 109 59.52 W
* NMEA UTC (Time) = Oct 15 2019  12:04:38
* NMEA baud rate = 4800
** Ship: Kilo Moana
** Station: St22  P3 cast 64
** Operator: gr
# nquan = 34
# nvalues = 200                         
# units = specified
# name 0 = scan: Scan Count
# name 1 = timeS: Time, Elapsed [seconds]
# name 2 = prDM: Pressure, Digiquartz [db]
# name 3 = longitude: Longitude [deg]
# name 4 = latitude: Latitude [deg]
# name 5 = depSM: Depth [salt water, m]
# name 6 = t090C: Temperature [ITS-90, deg C]
# name 7 = t190C: Temperature, 2 [ITS-90, deg C]
# name 8 = c0uS/cm: Conductivity [uS/cm]
# name 9 = c1S/m: Conductivity, 2 [S/m]
# name 10 = flECO-AFL: Fluorescence, WET Labs ECO-AFL/FL [mg/m^3]
# name 11 = CStarAt0: Beam Attenuation, WET Labs C-Star [1/m]
# name 12 = CStarTr0: Beam Transmission, WET Labs C-Star [%]
# name 13 = par: PAR/Irradiance, Biospherical/Licor
# name 14 = modError: Modulo Error Count
# name 15 = v0: Voltage 0
# name 16 = v1: Voltage 1
# name 17 = v2: Voltage 2
# name 18 = v3: Voltage 3
# name 19 = v4: Voltage 4
# name 20 = v5: Voltage 5
# name 21 = v6: Voltage 6
# name 22 = v7: Voltage 7
# name 23 = sbeox0V: Oxygen raw, SBE 43 [V]
# name 24 = sbeox1V: Oxygen raw, SBE 43, 2 [V]
# name 25 = sal00: Salinity, Practical [PSU]
# name 26 = sal11: Salinity, Practical, 2 [PSU]
# name 27 = sigma-é00: Density [sigma-theta, kg/m^3]
# name 28 = sigma-é11: Density, 2 [sigma-theta, kg/m^3]
# name 29 = sbeox0Mm/L: Oxygen, SBE 43 [umol/l], WS = 2
# name 30 = sbeox1Mm/L: Oxygen, SBE 43, 2 [umol/l], WS = 2
# name 31 = sbeox0PS: Oxygen, SBE 43 [% saturation], WS = 2
# name 32 = sbeox1PS: Oxygen, SBE 43, 2 [% saturation], WS = 2
# name 33 = flag: flag
# span 0 =        314,      11575       
# span 1 =     13.028,    482.244       
# span 2 =      2.013,    202.357       
# span 3 = -109.99194, -109.99188       
# span 4 =   21.83532,   21.83534       
# span 5 =      2.000,    201.000       
# span 6 =    12.1411,    27.5428       
# span 7 =    12.1155,    27.5028       
# span 8 = 3.9982e+04, 5.5199e+04       
# span 9 =   4.004073,   5.527716       
# span 10 =     0.0418,     1.1247      
# span 11 =     0.0581,     0.1231      
# span 12 =    96.9693,    98.5571      
# span 13 = -5.321e-05, 4.5432e+00      
# span 14 =          0,          0      
# span 15 =     0.5042,     2.4730      
# span 16 =     0.5152,     2.4638      
# span 17 =     0.0552,     0.1635      
# span 18 =     0.1122,     0.1170      
# span 19 =     4.5110,     4.5849      
# span 20 =     0.0000,     0.0000      
# span 21 =     0.0082,     1.6718      
# span 22 =     0.0000,     0.0000      
# span 23 =     0.5034,     2.4725      
# span 24 =     0.5141,     2.4576      
# span 25 =    33.9251,    34.7741      
# span 26 =    34.0348,    34.8584      
# span 27 =    22.2489,    26.3837      
# span 28 =    22.3268,    26.4518      
# span 29 =      1.003,    241.863      
# span 30 =      1.004,    250.959      
# span 31 =      0.371,    106.116      
# span 32 =      0.372,    111.039      
# span 33 = 0.0000e+00, 0.0000e+00      
# interval = meters: 1                  
# start_time = Oct 15 2019 12:09:59 [NMEA time, first data scan]
# bad_flag = -9.990e-29
*END*
        314     13.028      2.013 -109.99194   21.83534      2.000    27.5354    27.4955 5.5183e+04   5.526130     0.1311     0.0924    97.7160 4.5432e+00          0     2.3330     2.3169     0.0641     0.1158     4.5457     0.0000     1.6718     0.0000     2.3319     2.3142    34.6083    34.6934    22.2511    22.3280    197.738    207.260     97.284    101.950 0.0000e+00
        684     28.454      3.019 -109.99194   21.83534      3.000    27.5364    27.4961 5.5184e+04   5.526235     0.1353     0.0920    97.7264 3.9626e+00          0     2.3326     2.3129     0.0645     0.1157     4.5462     0.0000     1.6104     0.0000     2.3341     2.3166    34.6085    34.6934    22.2510    22.3279    198.018    207.491     97.423    102.065 0.0000e+00
        700     29.133      4.025 -109.99194   21.83534      4.000    27.5365    27.4967 5.5185e+04   5.526305     0.1298     0.0915    97.7391 3.1081e+00          0     2.3332     2.3160     0.0640     0.1161     4.5468     0.0000     1.5096     0.0000     2.3333     2.3171    34.6083    34.6932    22.2509    22.3276    197.897    207.792     97.364    102.214 0.0000e+00
        800     33.283      5.031 -109.99194   21.83534      5.000    27.5384    27.4976 5.5188e+04   5.526463     0.1390     0.0960    97.6278 2.2030e+00          0     2.3338     2.3180     0.0649     0.1162     4.5416     0.0000     1.3737     0.0000     2.3331     2.3163    34.6087    34.6933    22.2506    22.3275    197.744    207.168     97.292    101.909 0.0000e+00
        846     35.192      6.038 -109.99194   21.83534      6.000    27.5389    27.4991 5.5188e+04   5.526720     0.1420     0.0921    97.7247 1.7804e+00          0     2.3342     2.3196     0.0652     0.1160     4.5462     0.0000     1.2616     0.0000     2.3267     2.3109    34.6086    34.6938    22.2505    22.3274    197.352    206.879     97.100    101.769 0.0000e+00
        901     37.499      7.044 -109.99194   21.83534      7.000    27.5374    27.4977 5.5187e+04   5.526593     0.1377     0.0912    97.7458 1.6814e+00          0     2.3306     2.3125     0.0648     0.1159     4.5471     0.0000     1.2471     0.0000     2.3332     2.3124    34.6087    34.6936    22.2511    22.3278    198.313    207.253     97.570    101.951 0.0000e+00
        964     40.112      8.050 -109.99194   21.83534      8.000    27.5371    27.4971 5.5187e+04   5.526567     0.1333     0.0913    97.7434 1.3863e+00          0     2.3321     2.3120     0.0643     0.1154     4.5470     0.0000     1.1785     0.0000     2.3335     2.3145    34.6087    34.6935    22.2513    22.3280    198.149    207.391     97.489    102.017 0.0000e+00
       1096     45.606      9.057 -109.99194   21.83534      9.000    27.5385    27.4990 5.5186e+04   5.526797     0.1378     0.0922    97.7215 1.0326e+00          0     2.3316     2.3158     0.0648     0.1150     4.5460     0.0000     1.0629     0.0000     2.3310     2.3177    34.6060    34.6935    22.2489    22.3275    197.462    207.684     97.152    102.165 0.0000e+00
       1139     47.421     10.063 -109.99194   21.83534     10.000    27.5411    27.5013 5.5193e+04   5.527134     0.1290     0.0911    97.7480 9.2924e-01          0     2.3279     2.3165     0.0639     0.1157     4.5472     0.0000     1.0157     0.0000     2.3335     2.3167    34.6088    34.6938    22.2502    22.3271    198.048    207.708     97.446    102.181 0.0000e+00
       1211     50.420     11.069 -109.99194   21.83534     11.000    27.5416    27.5016 5.5194e+04   5.527203     0.1357     0.0931    97.6990 7.8601e-01          0     2.3331     2.3172     0.0646     0.1153     4.5450     0.0000     0.9577     0.0000     2.3310     2.3167    34.6089    34.6938    22.2502    22.3270    197.874    207.657     97.361    102.156 0.0000e+00
       1326     55.223     12.075 -109.99194   21.83534     12.000    27.5425    27.5025 5.5195e+04   5.527362     0.1380     0.0921    97.7233 6.1949e-01          0     2.3318     2.3165     0.0648     0.1153     4.5461     0.0000     0.8660     0.0000     2.3333     2.3158    34.6090    34.6940    22.2501    22.3269    198.197    207.627     97.522    102.143 0.0000e+00
       1450     60.376     13.082 -109.99194   21.83534     13.000    27.5428    27.5028 5.5196e+04   5.527421     0.1330     0.0922    97.7224 4.7383e-01          0     2.3357     2.3137     0.0643     0.1157     4.5460     0.0000     0.7651     0.0000     2.3348     2.3164    34.6088    34.6938    22.2499    22.3268    198.238    207.370     97.542    102.017 0.0000e+00
       1493     62.178     14.088 -109.99194   21.83534     14.000    27.5418    27.5025 5.5195e+04   5.527422     0.1334     0.0932    97.6985 4.3938e-01          0     2.3340     2.3174     0.0643     0.1159     4.5449     0.0000     0.7347     0.0000     2.3311     2.3114    34.6086    34.6938    22.2502    22.3270    197.743    207.292     97.297    101.978 0.0000e+00
       1526     63.533     15.095 -109.99194   21.83534     15.000    27.5424    27.5022 5.5196e+04   5.527465     0.1317     0.0923    97.7196 4.0301e-01          0     2.3346     2.3179     0.0642     0.1159     4.5459     0.0000     0.7041     0.0000     2.3324     2.3141    34.6090    34.6940    22.2503    22.3273    198.187    207.638     97.517    102.148 0.0000e+00
       1613     67.161     16.101 -109.99194   21.83534     16.000    27.5419    27.5019 5.5196e+04   5.527459     0.1322     0.0921    97.7251 3.0758e-01          0     2.3318     2.3152     0.0642     0.1158     4.5462     0.0000     0.6179     0.0000     2.3307     2.3160    34.6089    34.6939    22.2505    22.3274    197.927    207.656     97.388    102.156 0.0000e+00
       1717     71.483     17.107 -109.99194   21.83534     17.000    27.5409    27.5009 5.5195e+04   5.527378     0.1325     0.0938    97.6828 2.2536e-01          0     2.3320     2.3168     0.0643     0.1159     4.5442     0.0000     0.5198     0.0000     2.3311     2.3099    34.6087    34.6938    22.2507    22.3277    198.110    207.367     97.476    102.012 0.0000e+00
       1749     72.841     18.114 -109.99194   21.83534     18.000    27.5418    27.5020 5.5197e+04   5.527572     0.1332     0.0918    97.7316 2.0862e-01          0     2.3295     2.3158     0.0643     0.1160     4.5465     0.0000     0.4969     0.0000     2.3293     2.3145    34.6089    34.6940    22.2507    22.3275    197.803    207.845     97.327    102.249 0.0000e+00
       1795     74.762     19.120 -109.99194   21.83534     19.000    27.5423    27.5025 5.5199e+04   5.527716     0.1315     0.0921    97.7252 1.4223e-01          0     2.3308     2.3104     0.0642     0.1153     4.5462     0.0000     0.3908     0.0000     2.3325     2.3163    34.6094    34.6944    22.2510    22.3278    198.243    207.923     97.544    102.288 0.0000e+00
       1847     76.903     20.126 -109.99194   21.83534     20.000    27.5389    27.4994 5.5195e+04   5.527383     0.1303     0.0913    97.7434 1.2194e-01          0     2.3301     2.3156     0.0640     0.1152     4.5470     0.0000     0.3471     0.0000     2.3303     2.3165    34.6089    34.6940    22.2518    22.3286    197.950    207.827     97.394    102.236 0.0000e+00
       1911     79.579     21.132 -109.99194   21.83534     21.000    27.5269    27.4912 5.5180e+04   5.526394     0.1299     0.0919    97.7297 8.9307e-02          0     2.3313     2.3163     0.0640     0.1152     4.5464     0.0000     0.2859     0.0000     2.3304     2.3182    34.6069    34.6928    22.2542    22.3304    198.222    208.230     97.508    102.420 0.0000e+00
       1992     82.973     22.139 -109.99194   21.83534     22.000    27.5223    27.4827 5.5174e+04   5.525282     0.1307     0.0912    97.7449 8.3177e-02          0     2.3306     2.3180     0.0641     0.1159     4.5471     0.0000     0.2672     0.0000     2.3319     2.3177    34.6059    34.6910    22.2550    22.3318    198.287    208.154     97.532    102.367 0.0000e+00
       2141     89.169     23.145 -109.99192   21.83534     23.000    27.4984    27.4563 5.5145e+04   5.522494     0.1341     0.0920    97.7260 3.7756e-02          0     2.3310     2.3181     0.0644     0.1160     4.5462     0.0000     0.1489     0.0000     2.3461     2.3220    34.6032    34.6905    22.2608    22.3400    202.644    209.796     99.634    103.130 0.0000e+00
       2160     89.955     24.152 -109.99192   21.83534     24.000    27.4043    27.3570 5.5042e+04   5.513810     0.1315     0.0935    97.6902 3.3816e-02          0     2.3324     2.3206     0.0641     0.1159     4.5446     0.0000     0.1347     0.0000     2.3644     2.3357    34.5990    34.7025    22.2880    22.3811    205.279    212.637    100.770    104.361 0.0000e+00
       2181     90.820     25.158 -109.99192   21.83534     25.000    27.0754    27.0204 5.4654e+04   5.474727     0.1470     0.0948    97.6568 3.0355e-02          0     2.3301     2.3194     0.0657     0.1160     4.5430     0.0000     0.1215     0.0000     2.3803     2.3515    34.5678    34.6750    22.3700    22.4683    207.004    215.614    101.049    105.219 0.0000e+00
       2210     92.050     26.165 -109.99192   21.83534     26.000    26.8675    26.8198 5.4413e+04   5.450174     0.1828     0.0993    97.5484 1.1422e-02          0     2.3416     2.3208     0.0693     0.1159     4.5379     0.0000     0.0533     0.0000     2.3826     2.3658    34.5499    34.6491    22.4228    22.5127    206.329    217.125    100.363    105.589 0.0000e+00
       2394     99.692     27.171 -109.99192   21.83534     27.000    26.4095    26.3482 5.3884e+04   5.398596     0.2213     0.1005    97.5194 -5.321e-05          0     2.3796     2.3624     0.0732     0.1170     4.5366     0.0000     0.0084     0.0000     2.4117     2.3899    34.5124    34.6317    22.5393    22.6485    212.189    222.034    102.406    107.120 0.0000e+00
       2422    100.873     28.177 -109.99192   21.83534     28.000    26.0343    25.9824 5.3442e+04   5.353918     0.2741     0.1058    97.3894 3.7600e-07          0     2.3877     2.3613     0.0784     0.1169     4.5305     0.0000     0.0083     0.0000     2.4187     2.4009    34.4741    34.5835    22.6279    22.7265    216.756    224.491    103.931    107.614 0.0000e+00
       2458    102.378     29.184 -109.99192   21.83534     29.000    25.3721    25.5653 5.2686e+04   5.303864     0.2960     0.1087    97.3204 1.0000e-12          0     2.4053     2.3820     0.0806     0.1160     4.5274     0.0000     0.0084     0.0000     2.4560     2.4163    34.4208    34.5335    22.7915    22.8178    223.542    229.089    105.960    109.015 0.0000e+00
       2578    107.372     30.190 -109.99192   21.83534     30.000    24.0691    24.0049 5.1186e+04   5.133216     0.3312     0.1104    97.2771 1.0000e-12          0     2.4511     2.4353     0.0841     0.1164     4.5253     0.0000     0.0084     0.0000     2.4725     2.4570    34.3009    34.4604    23.0944    23.2342    226.873    239.321    105.096    110.863 0.0000e+00
       2634    109.694     31.196 -109.99192   21.83534     31.000    22.7414    22.6753 4.9728e+04   4.985165     0.3085     0.1076    97.3465 1.0000e-12          0     2.4554     2.4395     0.0818     0.1160     4.5286     0.0000     0.0085     0.0000     2.4707     2.4571    34.2173    34.3647    23.4158    23.5464    234.188    245.499    105.955    111.039 0.0000e+00
       2702    112.555     32.203 -109.99191   21.83534     32.000    22.2977    22.2504 4.9340e+04   4.942976     0.2686     0.1020    97.4830 1.0000e-12          0     2.4694     2.4501     0.0779     0.1156     4.5349     0.0000     0.0084     0.0000     2.4695     2.4576    34.2642    34.3715    23.5769    23.6718    234.718    245.948    105.395    110.415 0.0000e+00
       2799    116.585     33.209 -109.99190   21.83534     33.000    21.6340    21.5984 4.8632e+04   4.876067     0.2895     0.0995    97.5446 1.0000e-12          0     2.4730     2.4638     0.0800     0.1159     4.5378     0.0000     0.0083     0.0000     2.4526     2.4375    34.2336    34.3635    23.7389    23.8475    236.666    246.377    105.003    109.325 0.0000e+00
       2819    117.418     34.216 -109.99190   21.83534     34.000    21.3073    21.2521 4.8248e+04   4.834131     0.2442     0.1006    97.5182 1.0000e-12          0     2.4638     2.4564     0.0754     0.1158     4.5366     0.0000     0.0083     0.0000     2.4557     2.4396    34.1887    34.3073    23.7946    23.8999    239.283    249.044    105.516    109.788 0.0000e+00
       2840    118.312     35.222 -109.99190   21.83534     35.000    21.0393    20.9917 4.7931e+04   4.802298     0.2570     0.1021    97.4816 1.0000e-12          0     2.4574     2.4472     0.0767     0.1159     4.5348     0.0000     0.0084     0.0000     2.4618     2.4427    34.1500    34.2617    23.8381    23.9360    241.863    250.959    106.116    110.085 0.0000e+00
       2943    122.574     36.228 -109.99191   21.83534     36.000    21.0299    20.9485 4.7922e+04   4.794642     0.3101     0.1033    97.4507 1.0000e-12          0     2.4611     2.4465     0.0820     0.1155     4.5334     0.0000     0.0083     0.0000     2.4568     2.4464    34.1496    34.2347    23.8403    23.9272    238.814    250.635    104.760    109.839 0.0000e+00
       3037    126.521     37.235 -109.99192   21.83534     37.000    20.7276    20.6864 4.7605e+04   4.767906     0.3141     0.1033    97.4516 1.0000e-12          0     2.4537     2.4452     0.0824     0.1159     4.5335     0.0000     0.0083     0.0000     2.4343     2.4266    34.1377    34.2305    23.9129    23.9946    236.899    248.330    103.347    108.311 0.0000e+00
       3065    127.653     38.241 -109.99192   21.83534     38.000    20.5966    20.5491 4.7518e+04   4.759407     0.3297     0.1035    97.4455 1.0000e-12          0     2.4493     2.4406     0.0839     0.1154     4.5332     0.0000     0.0084     0.0000     2.4285     2.4189    34.1723    34.2724    23.9743    24.0633    237.418    248.873    103.348    108.304 0.0000e+00
       3094    128.885     39.248 -109.99190   21.83534     39.000    20.4113    20.3680 4.7316e+04   4.739389     0.3376     0.1070    97.3608 1.0000e-12          0     2.4424     2.4345     0.0847     0.1154     4.5292     0.0000     0.0084     0.0000     2.4265     2.4209    34.1588    34.2566    24.0135    24.0995    239.118    250.592    103.729    108.683 0.0000e+00
       3184    132.625     40.254 -109.99190   21.83534     40.000    20.2730    20.2192 4.7168e+04   4.722261     0.3802     0.1024    97.4727 1.0000e-12          0     2.4284     2.4189     0.0890     0.1152     4.5344     0.0000     0.0084     0.0000     2.4190     2.4099    34.1497    34.2379    24.0433    24.1247    237.533    248.823    102.776    107.612 0.0000e+00
       3271    136.237     41.261 -109.99190   21.83533     41.000    20.0333    19.9955 4.6935e+04   4.701516     0.4005     0.1015    97.4944 1.0000e-12          0     2.4211     2.4124     0.0911     0.1153     4.5354     0.0000     0.0084     0.0000     2.3960     2.3866    34.1543    34.2503    24.1100    24.1931    235.572    246.832    101.484    106.321 0.0000e+00
       3300    137.458     42.267 -109.99190   21.83532     42.000    19.8200    19.7768 4.6702e+04   4.677872     0.3901     0.1015    97.4943 1.0000e-12          0     2.4108     2.4071     0.0900     0.1159     4.5354     0.0000     0.0083     0.0000     2.3903     2.3832    34.1368    34.2347    24.1526    24.2385    236.672    247.927    101.549    106.355 0.0000e+00
       3365    140.158     43.274 -109.99190   21.83532     43.000    19.7591    19.7185 4.6635e+04   4.670191     0.4068     0.1019    97.4850 1.0000e-12          0     2.3969     2.3899     0.0917     0.1156     4.5350     0.0000     0.0084     0.0000     2.3867     2.3786    34.1309    34.2189    24.1639    24.2416    236.212    247.406    101.234    106.008 0.0000e+00
