data/ctd-cnv/KM1919/KM1919-St22-P3/St22_P3_cast67-align-cellTM-derive-bin.cnv
* Sea-Bird SBE 9 Data File:
* FileName = C:\Users\otg\Desktop\CTD Data\km1920\St22_P3_cast67.hex
* Software Version Seasave V 7.26.7.107
* Temperature SN = 5554
* Conductivity SN = 3876
* Number of Bytes Per Scan = 41
* Number of Voltage Words = 4
* Number of Scans Averaged by the Deck Unit = 1
* NMEA Latitude = 21 51.85 N
* NMEA Longitude = 109 58.13 W
* NMEA UTC (Time) = Oct 15 2019  22:06:32
* NMEA baud rate = 4800
** Ship: Kilo Moana
** Station: St22  P3 cast 67
** Operator: cf
** Al deep cast
# nquan = 34
# nvalues = 2999                        
# units = specified
# name 0 = scan: Scan Count
# name 1 = timeS: Time, Elapsed [seconds]
# name 2 = prDM: Pressure, Digiquartz [db]
# name 3 = longitude: Longitude [deg]
# name 4 = latitude: Latitude [deg]
# name 5 = depSM: Depth [salt water, m]
# name 6 = t090C: Temperature [ITS-90, deg C]
# name 7 = t190C: Temperature, 2 [ITS-90, deg C]
# name 8 = c0uS/cm: Conductivity [uS/cm]
# name 9 = c1S/m: Conductivity, 2 [S/m]
# name 10 = flECO-AFL: Fluorescence, WET Labs ECO-AFL/FL [mg/m^3]
# name 11 = CStarAt0: Beam Attenuation, WET Labs C-Star [1/m]
# name 12 = CStarTr0: Beam Transmission, WET Labs C-Star [%]
# name 13 = par: PAR/Irradiance, Biospherical/Licor
# name 14 = modError: Modulo Error Count
# name 15 = v0: Voltage 0
# name 16 = v1: Voltage 1
# name 17 = v2: Voltage 2
# name 18 = v3: Voltage 3
# name 19 = v4: Voltage 4
# name 20 = v5: Voltage 5
# name 21 = v6: Voltage 6
# name 22 = v7: Voltage 7
# name 23 = sbeox0V: Oxygen raw, SBE 43 [V]
# name 24 = sbeox1V: Oxygen raw, SBE 43, 2 [V]
# name 25 = sal00: Salinity, Practical [PSU]
# name 26 = sal11: Salinity, Practical, 2 [PSU]
# name 27 = sigma-é00: Density [sigma-theta, kg/m^3]
# name 28 = sigma-é11: Density, 2 [sigma-theta, kg/m^3]
# name 29 = sbeox0Mm/L: Oxygen, SBE 43 [umol/l], WS = 2
# name 30 = sbeox1Mm/L: Oxygen, SBE 43, 2 [umol/l], WS = 2
# name 31 = sbeox0PS: Oxygen, SBE 43 [% saturation], WS = 2
# name 32 = sbeox1PS: Oxygen, SBE 43, 2 [% saturation], WS = 2
# name 33 = flag: flag
# span 0 =        645,      84249       
# span 1 =     26.816,   3510.347       
# span 2 =      3.019,   3041.581       
# span 3 = -109.96882, -109.96852       
# span 4 =   21.86380,   21.86424       
# span 5 =      3.000,   3001.000       
# span 6 =     1.6768,    27.6667       
# span 7 =     1.6546,    27.6354       
# span 8 = 3.1440e+04, 5.5344e+04       
# span 9 =   3.148176,   5.543287       
# span 10 =     0.0135,     1.2903      
# span 11 =     0.0485,     0.1341      
# span 12 =    96.7016,    98.7945      
# span 13 = 1.0000e-12, 1.0000e-12      
# span 14 =          0,          0      
# span 15 =     0.5031,     2.4958      
# span 16 =     0.5131,     2.4814      
# span 17 =     0.0524,     0.1800      
# span 18 =     0.1123,     0.1231      
# span 19 =     4.4986,     4.5959      
# span 20 =    -0.0000,     0.0006      
# span 21 =     0.0000,     0.0000      
# span 22 =     0.0000,     0.0000      
# span 23 =     0.5025,     2.4916      
# span 24 =     0.5126,     2.4817      
# span 25 =    33.9368,    34.7741      
# span 26 =    34.0300,    34.8611      
# span 27 =    22.2213,    27.7509      
# span 28 =    22.2958,    27.8130      
# span 29 =      0.783,    239.098      
# span 30 =      0.906,    251.285      
# span 31 =      0.269,    107.283      
# span 32 =      0.299,    111.806      
# span 33 = 0.0000e+00, 0.0000e+00      
# interval = meters: 1                  
# start_time = Oct 15 2019 22:10:52 [NMEA time, first data scan]
# bad_flag = -9.990e-29
*END*
[from data line 1366]
      39028   1626.134   1382.143 -109.96862   21.86396   1369.000     3.4544     3.4303 3.2320e+04   3.236354     0.0621     0.0537    98.6657 1.0000e-12          0     0.6336     0.6412     0.0572     0.1197     4.5899     0.0000     0.0000     0.0000     0.6351     0.6432    34.5752    34.6520    27.5130    27.5765     30.729     31.169      9.345      9.478 0.0000e+00
      39055   1627.253   1383.156 -109.96862   21.86396   1370.000     3.4517     3.4276 3.2319e+04   3.236170     0.0634     0.0529    98.6851 1.0000e-12          0     0.6337     0.6417     0.0574     0.1198     4.5908     0.0000     0.0000     0.0000     0.6357     0.6435    34.5755    34.6521    27.5135    27.5769     30.631     31.195      9.315      9.486 0.0000e+00
      39080   1628.271   1384.169 -109.96862   21.86396   1371.000     3.4511     3.4271 3.2319e+04   3.236164     0.0520     0.0534    98.6743 1.0000e-12          0     0.6340     0.6421     0.0562     0.1197     4.5903     0.0000     0.0000     0.0000     0.6358     0.6436    34.5757    34.6520    27.5137    27.5769     30.411     31.196      9.248      9.486 0.0000e+00
      39102   1629.195   1385.182 -109.96862   21.86396   1372.000     3.4482     3.4238 3.2316e+04   3.235945     0.0517     0.0532    98.6787 1.0000e-12          0     0.6340     0.6424     0.0562     0.1197     4.5905     0.0000     0.0000     0.0000     0.6359     0.6440    34.5750    34.6524    27.5135    27.5775     30.509     31.574      9.277      9.600 0.0000e+00
      39124   1630.112   1386.195 -109.96862   21.86397   1373.000     3.4468     3.4229 3.2315e+04   3.235823     0.0595     0.0537    98.6656 1.0000e-12          0     0.6346     0.6424     0.0570     0.1197     4.5899     0.0000     0.0000     0.0000     0.6360     0.6442    34.5752    34.6514    27.5137    27.5768     30.360     31.403      9.231      9.548 0.0000e+00
      39148   1631.122   1387.208 -109.96862   21.86398   1374.000     3.4479     3.4240 3.2317e+04   3.236013     0.0638     0.0539    98.6621 1.0000e-12          0     0.6348     0.6427     0.0574     0.1197     4.5897     0.0000     0.0000     0.0000     0.6358     0.6445    34.5755    34.6520    27.5139    27.5772     30.396     31.501      9.243      9.578 0.0000e+00
      39179   1632.419   1388.221 -109.96862   21.86398   1375.000     3.4471     3.4231 3.2317e+04   3.235991     0.0639     0.0538    98.6634 1.0000e-12          0     0.6349     0.6430     0.0574     0.1196     4.5898     0.0000     0.0000     0.0000     0.6363     0.6447    34.5753    34.6522    27.5139    27.5774     30.860     31.416      9.384      9.552 0.0000e+00
      39213   1633.821   1389.234 -109.96862   21.86398   1376.000     3.4450     3.4210 3.2316e+04   3.235878     0.0635     0.0531    98.6808 1.0000e-12          0     0.6351     0.6435     0.0574     0.1197     4.5906     0.0000     0.0000     0.0000     0.6365     0.6450    34.5760    34.6525    27.5146    27.5779     30.754     31.481      9.351      9.572 0.0000e+00
      39240   1634.953   1390.247 -109.96862   21.86398   1377.000     3.4439     3.4199 3.2315e+04   3.235832     0.0611     0.0535    98.6720 1.0000e-12          0     0.6350     0.6439     0.0571     0.1197     4.5902     0.0000     0.0000     0.0000     0.6368     0.6449    34.5759    34.6526    27.5146    27.5781     30.766     31.563      9.354      9.596 0.0000e+00
      39264   1635.954   1391.260 -109.96862   21.86398   1378.000     3.4424     3.4183 3.2314e+04   3.235734     0.0519     0.0534    98.6729 1.0000e-12          0     0.6355     0.6438     0.0562     0.1197     4.5902     0.0000     0.0000     0.0000     0.6370     0.6452    34.5758    34.6527    27.5147    27.5783     30.736     31.598      9.345      9.606 0.0000e+00
      39287   1636.909   1392.273 -109.96862   21.86397   1379.000     3.4396     3.4155 3.2312e+04   3.235540     0.0517     0.0532    98.6782 1.0000e-12          0     0.6355     0.6441     0.0562     0.1197     4.5905     0.0000     0.0000     0.0000     0.6370     0.6452    34.5758    34.6528    27.5150    27.5787     30.616     31.498      9.308      9.575 0.0000e+00
      39310   1637.855   1393.285 -109.96862   21.86396   1380.000     3.4364     3.4124 3.2310e+04   3.235283     0.0631     0.0528    98.6873 1.0000e-12          0     0.6359     0.6441     0.0573     0.1197     4.5910     0.0000     0.0000     0.0000     0.6370     0.6455    34.5757    34.6525    27.5152    27.5787     30.622     31.700      9.309      9.636 0.0000e+00
      39332   1638.803   1394.298 -109.96862   21.86396   1381.000     3.4356     3.4115 3.2309e+04   3.235249     0.0634     0.0534    98.6744 1.0000e-12          0     0.6359     0.6442     0.0573     0.1197     4.5903     0.0000     0.0000     0.0000     0.6370     0.6456    34.5757    34.6525    27.5153    27.5789     30.856     31.750      9.380      9.651 0.0000e+00
      39356   1639.808   1395.312 -109.96862   21.86396   1382.000     3.4324     3.4083 3.2307e+04   3.235039     0.0536     0.0530    98.6831 1.0000e-12          0     0.6361     0.6445     0.0564     0.1197     4.5907     0.0000     0.0000     0.0000     0.6375     0.6457    34.5759    34.6529    27.5158    27.5795     31.384     31.709      9.539      9.638 0.0000e+00
      39382   1640.860   1396.324 -109.96862   21.86396   1383.000     3.4298     3.4058 3.2305e+04   3.234853     0.0517     0.0528    98.6881 1.0000e-12          0     0.6361     0.6445     0.0562     0.1196     4.5910     0.0000     0.0000     0.0000     0.6380     0.6458    34.5759    34.6528    27.5160    27.5796     31.190     31.971      9.480      9.717 0.0000e+00
      39408   1641.950   1397.338 -109.96862   21.86396   1384.000     3.4286     3.4046 3.2305e+04   3.234789     0.0608     0.0529    98.6860 1.0000e-12          0     0.6361     0.6446     0.0571     0.1196     4.5909     0.0000     0.0000     0.0000     0.6380     0.6464    34.5760    34.6528    27.5162    27.5798     31.046     32.051      9.436      9.741 0.0000e+00
      39434   1643.062   1398.350 -109.96862   21.86396   1385.000     3.4270     3.4028 3.2304e+04   3.234684     0.0539     0.0538    98.6638 1.0000e-12          0     0.6364     0.6449     0.0564     0.1197     4.5898     0.0000     0.0000     0.0000     0.6382     0.6467    34.5761    34.6529    27.5165    27.5800     30.978     32.028      9.415      9.733 0.0000e+00
      39462   1644.209   1399.363 -109.96862   21.86396   1386.000     3.4240     3.3999 3.2302e+04   3.234529     0.0625     0.0544    98.6484 1.0000e-12          0     0.6371     0.6451     0.0573     0.1197     4.5891     0.0000     0.0000     0.0000     0.6382     0.6468    34.5767    34.6536    27.5173    27.5809     31.112     31.895      9.455      9.692 0.0000e+00
      39489   1645.336   1400.376 -109.96862   21.86396   1387.000     3.4198     3.3957 3.2299e+04   3.234238     0.0639     0.0542    98.6544 1.0000e-12          0     0.6372     0.6454     0.0574     0.1197     4.5894     0.0000     0.0000     0.0000     0.6385     0.6469    34.5773    34.6541    27.5181    27.5816     31.440     32.028      9.554      9.732 0.0000e+00
      39515   1646.414   1401.390 -109.96862   21.86396   1388.000     3.4172     3.3932 3.2298e+04   3.234069     0.0639     0.0539    98.6609 1.0000e-12          0     0.6374     0.6459     0.0574     0.1197     4.5897     0.0000     0.0000     0.0000     0.6392     0.6470    34.5775    34.6541    27.5186    27.5819     31.832     32.276      9.672      9.807 0.0000e+00
      39541   1647.480   1402.403 -109.96862   21.86396   1389.000     3.4166     3.3927 3.2297e+04   3.234075     0.0526     0.0539    98.6620 1.0000e-12          0     0.6374     0.6459     0.0563     0.1197     4.5897     0.0000     0.0000     0.0000     0.6394     0.6474    34.5776    34.6543    27.5187    27.5821     31.439     32.177      9.553      9.776 0.0000e+00
      39568   1648.645   1403.415 -109.96862   21.86396   1390.000     3.4143     3.3903 3.2296e+04   3.233942     0.0639     0.0539    98.6611 1.0000e-12          0     0.6376     0.6459     0.0574     0.1196     4.5897     0.0000     0.0000     0.0000     0.6395     0.6476    34.5781    34.6546    27.5193    27.5826     31.231     32.305      9.489      9.815 0.0000e+00
      39600   1649.975   1404.429 -109.96862   21.86396   1391.000     3.4106     3.3866 3.2293e+04   3.233672     0.0593     0.0539    98.6620 1.0000e-12          0     0.6381     0.6463     0.0569     0.1196     4.5897     0.0000     0.0000     0.0000     0.6395     0.6480    34.5780    34.6548    27.5196    27.5831     31.341     32.524      9.522      9.880 0.0000e+00
      39631   1651.262   1405.442 -109.96862   21.86396   1392.000     3.4069     3.3830 3.2291e+04   3.233388     0.0578     0.0539    98.6620 1.0000e-12          0     0.6386     0.6465     0.0568     0.1197     4.5897     0.0000     0.0000     0.0000     0.6398     0.6485    34.5782    34.6548    27.5201    27.5835     31.929     32.459      9.699      9.860 0.0000e+00
      39655   1652.262   1406.455 -109.96862   21.86396   1393.000     3.4060     3.3820 3.2290e+04   3.233334     0.0640     0.0539    98.6620 1.0000e-12          0     0.6386     0.6467     0.0574     0.1197     4.5897     0.0000     0.0000     0.0000     0.6403     0.6489    34.5779    34.6547    27.5199    27.5835     31.977     32.800      9.714      9.963 0.0000e+00
      39675   1653.079   1407.468 -109.96862   21.86396   1394.000     3.4051     3.3811 3.2290e+04   3.233310     0.0613     0.0538    98.6634 1.0000e-12          0     0.6386     0.6471     0.0571     0.1197     4.5898     0.0000     0.0000     0.0000     0.6407     0.6489    34.5782    34.6548    27.5202    27.5837     31.800     32.641      9.660      9.914 0.0000e+00
      39693   1653.833   1408.481 -109.96862   21.86396   1395.000     3.4038     3.3795 3.2289e+04   3.233241     0.0517     0.0539    98.6620 1.0000e-12          0     0.6386     0.6471     0.0562     0.1197     4.5897     0.0000     0.0000     0.0000     0.6407     0.6494    34.5781    34.6551    27.5204    27.5841     31.967     32.626      9.710      9.910 0.0000e+00
      39710   1654.539   1409.494 -109.96862   21.86396   1396.000     3.3972     3.3727 3.2283e+04   3.232714     0.0603     0.0539    98.6620 1.0000e-12          0     0.6388     0.6479     0.0570     0.1197     4.5897     0.0000     0.0000     0.0000     0.6412     0.6491    34.5771    34.6556    27.5202    27.5851     32.279     32.636      9.803      9.911 0.0000e+00
      39727   1655.248   1410.507 -109.96862   21.86396   1397.000     3.3911     3.3670 3.2278e+04   3.232219     0.0610     0.0539    98.6620 1.0000e-12          0     0.6392     0.6474     0.0571     0.1197     4.5897     0.0000     0.0000     0.0000     0.6414     0.6495    34.5772    34.6551    27.5208    27.5853     32.441     33.033      9.851     10.030 0.0000e+00
      39745   1656.017   1411.520 -109.96862   21.86396   1398.000     3.3901     3.3660 3.2278e+04   3.232190     0.0520     0.0539    98.6620 1.0000e-12          0     0.6396     0.6480     0.0562     0.1198     4.5897     0.0000     0.0000     0.0000     0.6420     0.6499    34.5775    34.6554    27.5211    27.5855     32.281     33.105      9.802     10.052 0.0000e+00
      39771   1657.096   1412.533 -109.96862   21.86396   1399.000     3.3872     3.3631 3.2276e+04   3.231968     0.0542     0.0539    98.6620 1.0000e-12          0     0.6398     0.6483     0.0564     0.1198     4.5897     0.0000     0.0000     0.0000     0.6420     0.6504    34.5775    34.6553    27.5215    27.5858     31.964     33.064      9.705     10.039 0.0000e+00
      39843   1660.092   1413.546 -109.96862   21.86396   1400.000     3.3903     3.3662 3.2280e+04   3.232246     0.0610     0.0542    98.6545 1.0000e-12          0     0.6411     0.6492     0.0571     0.1195     4.5894     0.0000     0.0000     0.0000     0.6428     0.6508    34.5786    34.6548    27.5221    27.5851     32.554     33.055      9.885     10.037 0.0000e+00
      39873   1661.318   1414.559 -109.96862   21.86396   1401.000     3.3833     3.3594 3.2275e+04   3.231780     0.0640     0.0539    98.6621 1.0000e-12          0     0.6411     0.6497     0.0574     0.1197     4.5897     0.0000     0.0000     0.0000     0.6431     0.6513    34.5796    34.6559    27.5235    27.5866     32.189     33.311      9.773     10.113 0.0000e+00
      39893   1662.176   1415.572 -109.96862   21.86396   1402.000     3.3819     3.3578 3.2274e+04   3.231724     0.0528     0.0539    98.6620 1.0000e-12          0     0.6413     0.6498     0.0563     0.1197     4.5897     0.0000     0.0000     0.0000     0.6432     0.6517    34.5796    34.6564    27.5237    27.5872     32.178     33.177      9.769     10.072 0.0000e+00
      39911   1662.931   1416.585 -109.96862   21.86396   1403.000     3.3770     3.3527 3.2270e+04   3.231350     0.0584     0.0539    98.6620 1.0000e-12          0     0.6415     0.6497     0.0569     0.1197     4.5897     0.0000     0.0000     0.0000     0.6432     0.6514    34.5793    34.6567    27.5239    27.5880     32.368     33.144      9.826     10.060 0.0000e+00
      39929   1663.653   1417.598 -109.96862   21.86396   1404.000     3.3704     3.3461 3.2264e+04   3.230857     0.0640     0.0539    98.6620 1.0000e-12          0     0.6419     0.6501     0.0574     0.1199     4.5897     0.0000     0.0000     0.0000     0.6434     0.6517    34.5789    34.6574    27.5242    27.5891     33.064     33.713     10.035     10.231 0.0000e+00
      39946   1664.374   1418.611 -109.96862   21.86396   1405.000     3.3673     3.3431 3.2262e+04   3.230620     0.0639     0.0539    98.6620 1.0000e-12          0     0.6421     0.6504     0.0574     0.1197     4.5897     0.0000     0.0000     0.0000     0.6443     0.6525    34.5791    34.6571    27.5247    27.5892     33.221     33.670     10.082     10.218 0.0000e+00
      39965   1665.147   1419.624 -109.96862   21.86396   1406.000     3.3646     3.3405 3.2260e+04   3.230441     0.0633     0.0538    98.6633 1.0000e-12          0     0.6421     0.6504     0.0573     0.1197     4.5898     0.0000     0.0000     0.0000     0.6444     0.6523    34.5795    34.6572    27.5252    27.5895     32.715     33.473      9.928     10.157 0.0000e+00
      39986   1666.052   1420.637 -109.96862   21.86396   1407.000     3.3616     3.3375 3.2258e+04   3.230221     0.0582     0.0542    98.6549 1.0000e-12          0     0.6422     0.6506     0.0568     0.1197     4.5894     0.0000     0.0000     0.0000     0.6447     0.6528    34.5796    34.6573    27.5256    27.5898     33.281     33.805     10.099     10.257 0.0000e+00
      40014   1667.199   1421.651 -109.96862   21.86396   1408.000     3.3596     3.3357 3.2257e+04   3.230100     0.0582     0.0544    98.6490 1.0000e-12          0     0.6426     0.6510     0.0568     0.1197     4.5891     0.0000     0.0000     0.0000     0.6455     0.6533    34.5797    34.6573    27.5259    27.5900     33.229     33.895     10.083     10.284 0.0000e+00
      40048   1668.632   1422.664 -109.96862   21.86396   1409.000     3.3531     3.3290 3.2252e+04   3.229635     0.0641     0.0539    98.6625 1.0000e-12          0     0.6435     0.6515     0.0574     0.1197     4.5897     0.0000     0.0000     0.0000     0.6459     0.6539    34.5798    34.6583    27.5266    27.5915     33.440     34.049     10.145     10.329 0.0000e+00
      40082   1670.042   1423.677 -109.96862   21.86396   1410.000     3.3430     3.3189 3.2244e+04   3.228836     0.0605     0.0540    98.6587 1.0000e-12          0     0.6441     0.6519     0.0571     0.1197     4.5896     0.0000     0.0000     0.0000     0.6468     0.6544    34.5812    34.6588    27.5286    27.5928     33.475     34.217     10.153     10.378 0.0000e+00
