data/ctd-cnv/KM1919/KM1919-St22-P3/St22_P3_cast66-align-cellTM-derive-bin.cnv
* Sea-Bird SBE 9 Data File:
* FileName = C:\Users\otg\Desktop\CTD Data\km1920\St22_P3_cast66.hex
* Software Version Seasave V 7.26.7.107
* Temperature SN = 5554
* Conductivity SN = 3876
* Number of Bytes Per Scan = 41
* Number of Voltage Words = 4
* Number of Scans Averaged by the Deck Unit = 1
* NMEA Latitude = 21 51.32 N
* NMEA Longitude = 109 58.82 W
* NMEA UTC (Time) = Oct 15 2019  19:43:42
* NMEA baud rate = 4800
** Ship: Kilo Moana
** Station: St22  P3 cast 66
** Operator: cf
# nquan = 34
# nvalues = 227                         
# units = specified
# name 0 = scan: Scan Count
# name 1 = timeS: Time, Elapsed [seconds]
# name 2 = prDM: Pressure, Digiquartz [db]
# name 3 = longitude: Longitude [deg]
# name 4 = latitude: Latitude [deg]
# name 5 = depSM: Depth [salt water, m]
# name 6 = t090C: Temperature [ITS-90, deg C]
# name 7 = t190C: Temperature, 2 [ITS-90, deg C]
# name 8 = c0uS/cm: Conductivity [uS/cm]
# name 9 = c1S/m: Conductivity, 2 [S/m]
# name 10 = flECO-AFL: Fluorescence, WET Labs ECO-AFL/FL [mg/m^3]
# name 11 = CStarAt0: Beam Attenuation, WET Labs C-Star [1/m]
# name 12 = CStarTr0: Beam Transmission, WET Labs C-Star [%]
# name 13 = par: PAR/Irradiance, Biospherical/Licor
# name 14 = modError: Modulo Error Count
# name 15 = v0: Voltage 0
# name 16 = v1: Voltage 1
# name 17 = v2: Voltage 2
# name 18 = v3: Voltage 3
# name 19 = v4: Voltage 4
# name 20 = v5: Voltage 5
# name 21 = v6: Voltage 6
# name 22 = v7: Voltage 7
# name 23 = sbeox0V: Oxygen raw, SBE 43 [V]
# name 24 = sbeox1V: Oxygen raw, SBE 43, 2 [V]
# name 25 = sal00: Salinity, Practical [PSU]
# name 26 = sal11: Salinity, Practical, 2 [PSU]
# name 27 = sigma-é00: Density [sigma-theta, kg/m^3]
# name 28 = sigma-é11: Density, 2 [sigma-theta, kg/m^3]
# name 29 = sbeox0Mm/L: Oxygen, SBE 43 [umol/l], WS = 2
# name 30 = sbeox1Mm/L: Oxygen, SBE 43, 2 [umol/l], WS = 2
# name 31 = sbeox0PS: Oxygen, SBE 43 [% saturation], WS = 2
# name 32 = sbeox1PS: Oxygen, SBE 43, 2 [% saturation], WS = 2
# name 33 = flag: flag
# span 0 =         75,      11388       
# span 1 =      3.063,    474.467       
# span 2 =      2.013,    229.555       
# span 3 = -109.98031, -109.98022       
# span 4 =   21.85522,   21.85534       
# span 5 =      2.000,    228.000       
# span 6 =    11.4948,    27.6296       
# span 7 =    11.4650,    27.5888       
# span 8 = 3.9342e+04, 5.5301e+04       
# span 9 =   3.939568,   5.537879       
# span 10 =     0.0437,     1.2804      
# span 11 =     0.0592,     0.1280      
# span 12 =    96.8495,    98.5308      
# span 13 = -3.165e-06, 1.3058e+03      
# span 14 =          0,          0      
# span 15 =     0.5043,     2.4975      
# span 16 =     0.5156,     2.4812      
# span 17 =     0.0553,     0.1791      
# span 18 =     0.1123,     0.1160      
# span 19 =     4.5054,     4.5836      
# span 20 =     0.0000,     0.0000      
# span 21 =     0.0080,     4.0867      
# span 22 =     0.0000,     0.0000      
# span 23 =     0.5035,     2.4936      
# span 24 =     0.5147,     2.4740      
# span 25 =    33.9338,    34.7761      
# span 26 =    34.0353,    34.8620      
# span 27 =    22.2310,    26.4795      
# span 28 =    22.3083,    26.5487      
# span 29 =      1.008,    238.947      
# span 30 =      1.211,    251.993      
# span 31 =      0.369,    107.098      
# span 32 =      0.442,    111.876      
# span 33 = 0.0000e+00, 0.0000e+00      
# interval = meters: 1                  
# start_time = Oct 15 2019 19:47:17 [NMEA time, first data scan]
# bad_flag = -9.990e-29
*END*
[from data line 129]
       7508    312.790    131.862 -109.98028   21.85530    131.000    13.4262    13.3932 4.1180e+04   4.123947     0.0535     0.0596    98.5215 1.5351e-01          0     0.5133     0.5254     0.0564     0.1123     4.5832     0.0000     0.4157     0.0000     0.5144     0.5276    34.7575    34.8434    26.1224    26.1957      2.537      3.135      0.965      1.193 0.0000e+00
       7545    314.344    132.869 -109.98028   21.85530    132.000    13.3947    13.3629 4.1153e+04   4.121096     0.0520     0.0593    98.5288 1.4372e-01          0     0.5147     0.5275     0.0562     0.1138     4.5835     0.0000     0.3986     0.0000     0.5144     0.5274    34.7602    34.8438    26.1310    26.2022      2.556      2.998      0.972      1.140 0.0000e+00
       7589    316.177    133.876 -109.98028   21.85530    133.000    13.3764    13.3443 4.1137e+04   4.119438     0.0526     0.0613    98.4799 1.3513e-01          0     0.5154     0.5284     0.0563     0.1140     4.5813     0.0000     0.3829     0.0000     0.5145     0.5271    34.7610    34.8446    26.1354    26.2066      2.626      3.030      0.998      1.152 0.0000e+00
       7628    317.809    134.883 -109.98028   21.85530    134.000    13.3586    13.3266 4.1120e+04   4.117812     0.0513     0.0595    98.5235 1.2802e-01          0     0.5153     0.5282     0.0561     0.1139     4.5833     0.0000     0.3695     0.0000     0.5152     0.5276    34.7611    34.8451    26.1391    26.2106      2.845      3.258      1.081      1.238 0.0000e+00
       7655    318.905    135.890 -109.98028   21.85530    135.000    13.3376    13.3051 4.1100e+04   4.115839     0.0556     0.0592    98.5308 1.2466e-01          0     0.5153     0.5280     0.0566     0.1123     4.5836     0.0000     0.3630     0.0000     0.5147     0.5279    34.7609    34.8457    26.1432    26.2155      2.139      3.057      0.812      1.161 0.0000e+00
       7676    319.773    136.897 -109.98028   21.85530    136.000    13.3172    13.2845 4.1081e+04   4.113914     0.0437     0.0598    98.5165 1.1417e-01          0     0.5153     0.5280     0.0553     0.1123     4.5830     0.0000     0.3422     0.0000     0.5137     0.5271    34.7607    34.8459    26.1473    26.2199      1.806      2.658      0.686      1.009 0.0000e+00
       7696    320.611    137.904 -109.98028   21.85530    137.000    13.2638    13.2285 4.1028e+04   4.108899     0.0456     0.0593    98.5284 1.0726e-01          0     0.5153     0.5278     0.0556     0.1123     4.5835     0.0000     0.3278     0.0000     0.5122     0.5259    34.7593    34.8493    26.1571    26.2339      1.624      2.442      0.616      0.926 0.0000e+00
       7717    321.482    138.911 -109.98028   21.85530    138.000    13.2130    13.1796 4.0980e+04   4.103960     0.0478     0.0630    98.4387 9.6430e-02          0     0.5164     0.5285     0.0558     0.1144     4.5794     0.0000     0.3043     0.0000     0.5112     0.5246    34.7594    34.8469    26.1674    26.2419      1.716      2.215      0.650      0.839 0.0000e+00
       7746    322.724    139.917 -109.98027   21.85530    139.000    13.1341    13.1015 4.0905e+04   4.096646     0.0679     0.0635    98.4262 9.2860e-02          0     0.5151     0.5283     0.0578     0.1141     4.5788     0.0000     0.2964     0.0000     0.5103     0.5232    34.7607    34.8486    26.1844    26.2591      1.674      2.223      0.633      0.841 0.0000e+00
       7792    324.606    140.924 -109.98026   21.85530    140.000    13.1049    13.0758 4.0880e+04   4.093928     0.0525     0.0624    98.4518 8.3542e-02          0     0.5124     0.5260     0.0563     0.1127     4.5800     0.0000     0.2747     0.0000     0.5090     0.5221    34.7624    34.8460    26.1916    26.2622      1.488      2.108      0.563      0.797 0.0000e+00
       7832    326.291    141.931 -109.98026   21.85530    141.000    13.0960    13.0642 4.0872e+04   4.092948     0.0627     0.0627    98.4454 8.1392e-02          0     0.5111     0.5238     0.0573     0.1141     4.5797     0.0000     0.2695     0.0000     0.5079     0.5209    34.7634    34.8469    26.1942    26.2653      1.322      1.847      0.500      0.698 0.0000e+00
       7857    327.348    142.938 -109.98026   21.85530    142.000    13.0847    13.0528 4.0864e+04   4.092080     0.0629     0.0660    98.3641 7.0868e-02          0     0.5104     0.5233     0.0573     0.1123     4.5759     0.0000     0.2434     0.0000     0.5071     0.5201    34.7652    34.8487    26.1979    26.2690      1.375      1.837      0.519      0.694 0.0000e+00
       7880    328.286    143.945 -109.98026   21.85530    143.000    13.0652    13.0324 4.0846e+04   4.090335     0.0623     0.0696    98.2756 6.7078e-02          0     0.5097     0.5229     0.0572     0.1129     4.5717     0.0000     0.2336     0.0000     0.5071     0.5196    34.7656    34.8505    26.2022    26.2745      1.513      1.771      0.572      0.669 0.0000e+00
       7905    329.341    144.952 -109.98026   21.85530    144.000    13.0410    13.0083 4.0823e+04   4.088064     0.0634     0.0684    98.3051 5.8647e-02          0     0.5091     0.5221     0.0574     0.1144     4.5731     0.0000     0.2108     0.0000     0.5071     0.5192    34.7656    34.8505    26.2070    26.2794      1.497      1.782      0.565      0.673 0.0000e+00
       7943    330.896    145.959 -109.98026   21.85530    145.000    13.0144    12.9841 4.0800e+04   4.085833     0.0606     0.0690    98.2902 5.1874e-02          0     0.5080     0.5210     0.0571     0.1147     4.5724     0.0000     0.1918     0.0000     0.5069     0.5191    34.7680    34.8511    26.2143    26.2847      1.384      1.779      0.522      0.671 0.0000e+00
       7989    332.824    146.966 -109.98026   21.85530    146.000    13.0014    12.9701 4.0788e+04   4.084630     0.0616     0.0688    98.2950 4.6839e-02          0     0.5079     0.5200     0.0572     0.1148     4.5726     0.0000     0.1771     0.0000     0.5067     0.5186    34.7682    34.8521    26.2171    26.2883      1.423      1.721      0.537      0.649 0.0000e+00
       8016    333.951    147.973 -109.98026   21.85530    147.000    12.9823    12.9503 4.0772e+04   4.082841     0.0630     0.0688    98.2945 4.3557e-02          0     0.5079     0.5200     0.0573     0.1148     4.5726     0.0000     0.1673     0.0000     0.5061     0.5185    34.7692    34.8529    26.2216    26.2929      1.201      1.698      0.453      0.640 0.0000e+00
       8039    334.905    148.980 -109.98026   21.85530    148.000    12.9763    12.9451 4.0767e+04   4.082368     0.0627     0.0688    98.2945 3.3979e-02          0     0.5074     0.5197     0.0573     0.1147     4.5726     0.0000     0.1370     0.0000     0.5060     0.5183    34.7703    34.8527    26.2238    26.2938      1.339      1.655      0.505      0.624 0.0000e+00
       8062    335.870    149.987 -109.98027   21.85530    149.000    12.9748    12.9437 4.0767e+04   4.082381     0.0639     0.0699    98.2689 3.1934e-02          0     0.5075     0.5196     0.0574     0.1148     4.5714     0.0000     0.1303     0.0000     0.5062     0.5182    34.7712    34.8537    26.2248    26.2949      1.426      1.690      0.538      0.637 0.0000e+00
       8086    336.893    150.994 -109.98028   21.85530    150.000    12.9690    12.9374 4.0763e+04   4.081991     0.0619     0.0699    98.2682 3.1651e-02          0     0.5073     0.5193     0.0572     0.1147     4.5714     0.0000     0.1293     0.0000     0.5061     0.5182    34.7722    34.8553    26.2267    26.2975      1.382      1.715      0.521      0.646 0.0000e+00
       8110    337.880    152.001 -109.98028   21.85530    151.000    12.9614    12.9300 4.0758e+04   4.081474     0.0639     0.0708    98.2464 2.5440e-02          0     0.5069     0.5193     0.0574     0.1146     4.5704     0.0000     0.1082     0.0000     0.5060     0.5183    34.7741    34.8568    26.2297    26.3002      1.326      1.710      0.500      0.645 0.0000e+00
       8135    338.908    153.008 -109.98028   21.85530    152.000    12.9257    12.8913 4.0723e+04   4.078329     0.0706     0.0717    98.2231 2.0250e-02          0     0.5067     0.5190     0.0581     0.1148     4.5693     0.0000     0.0896     0.0000     0.5061     0.5181    34.7732    34.8620    26.2362    26.3119      1.353      1.666      0.510      0.627 0.0000e+00
       8162    340.022    154.015 -109.98028   21.85530    153.000    12.8713    12.8393 4.0670e+04   4.072805     0.0663     0.0729    98.1934 1.8421e-02          0     0.5069     0.5190     0.0576     0.1148     4.5680     0.0000     0.0829     0.0000     0.5060     0.5181    34.7720    34.8567    26.2461    26.3182      1.341      1.710      0.504      0.644 0.0000e+00
       8204    341.779    155.022 -109.98029   21.85532    154.000    12.8425    12.8154 4.0641e+04   4.070273     0.0646     0.0743    98.1595 1.3506e-02          0     0.5069     0.5190     0.0575     0.1136     4.5663     0.0000     0.0643     0.0000     0.5059     0.5183    34.7700    34.8541    26.2504    26.3209      1.349      1.728      0.507      0.650 0.0000e+00
       8252    343.778    156.029 -109.98030   21.85532    155.000    12.7877    12.7529 4.0584e+04   4.064271     0.0713     0.0742    98.1626 6.1481e-03          0     0.5068     0.5190     0.0581     0.1148     4.5665     0.0000     0.0348     0.0000     0.5060     0.5182    34.7652    34.8539    26.2576    26.3332      1.338      1.677      0.503      0.630 0.0000e+00
       8279    344.931    157.036 -109.98030   21.85532    156.000    12.7031    12.6698 4.0496e+04   4.055384     0.0584     0.0750    98.1425 1.6181e-03          0     0.5066     0.5190     0.0568     0.1147     4.5656     0.0000     0.0155     0.0000     0.5059     0.5180    34.7584    34.8451    26.2691    26.3428      1.329      1.671      0.498      0.626 0.0000e+00
       8301    345.837    158.043 -109.98030   21.85532    157.000    12.6843    12.6524 4.0476e+04   4.053438     0.0727     0.0744    98.1570 5.7211e-03          0     0.5067     0.5191     0.0583     0.1147     4.5662     0.0000     0.0332     0.0000     0.5058     0.5180    34.7565    34.8420    26.2713    26.3439      1.271      1.669      0.476      0.625 0.0000e+00
       8322    346.696    159.050 -109.98030   21.85532    158.000    12.6760    12.6458 4.0473e+04   4.053046     0.0657     0.0743    98.1607 4.2466e-03          0     0.5068     0.5190     0.0576     0.1147     4.5664     0.0000     0.0268     0.0000     0.5056     0.5180    34.7611    34.8439    26.2765    26.3466      1.260      1.689      0.472      0.633 0.0000e+00
       8346    347.694    160.057 -109.98030   21.85532    159.000    12.6823    12.6511 4.0488e+04   4.054442     0.0599     0.0752    98.1368 1.8998e-03          0     0.5067     0.5189     0.0570     0.1148     4.5653     0.0000     0.0168     0.0000     0.5056     0.5180    34.7695    34.8519    26.2818    26.3519      1.290      1.639      0.484      0.614 0.0000e+00
       8377    348.989    161.064 -109.98030   21.85532    160.000    12.6689    12.6372 4.0477e+04   4.053344     0.0565     0.0760    98.1177 5.8075e-04          0     0.5066     0.5189     0.0567     0.1147     4.5644     0.0000     0.0110     0.0000     0.5055     0.5178    34.7708    34.8539    26.2855    26.3562      1.227      1.619      0.460      0.607 0.0000e+00
       8416    350.608    162.071 -109.98030   21.85532    161.000    12.6600    12.6288 4.0469e+04   4.052537     0.0621     0.0763    98.1113 -1.412e-06          0     0.5064     0.5188     0.0572     0.1148     4.5641     0.0000     0.0083     0.0000     0.5052     0.5177    34.7708    34.8535    26.2873    26.3575      1.149      1.645      0.430      0.616 0.0000e+00
       8451    352.069    163.079 -109.98030   21.85532    162.000    12.6531    12.6219 4.0462e+04   4.051814     0.0647     0.0763    98.1107 1.7767e-04          0     0.5063     0.5186     0.0575     0.1147     4.5641     0.0000     0.0092     0.0000     0.5048     0.5176    34.7701    34.8524    26.2881    26.3581      1.203      1.609      0.451      0.603 0.0000e+00
       8480    353.291    164.086 -109.98030   21.85532    163.000    12.6493    12.6181 4.0459e+04   4.051546     0.0596     0.0763    98.1117 -3.165e-06          0     0.5061     0.5184     0.0570     0.1147     4.5641     0.0000     0.0082     0.0000     0.5050     0.5177    34.7700    34.8530    26.2888    26.3593      1.245      1.685      0.466      0.631 0.0000e+00
       8507    354.407    165.093 -109.98030   21.85532    164.000    12.6332    12.6007 4.0444e+04   4.050069     0.0617     0.0763    98.1107 4.4527e-05          0     0.5059     0.5187     0.0572     0.1147     4.5641     0.0000     0.0086     0.0000     0.5051     0.5177    34.7698    34.8544    26.2919    26.3639      1.162      1.573      0.435      0.589 0.0000e+00
       8533    355.504    166.100 -109.98030   21.85532    165.000    12.5981    12.5663 4.0412e+04   4.046788     0.0562     0.0763    98.1107 -1.531e-07          0     0.5056     0.5184     0.0566     0.1148     4.5641     0.0000     0.0085     0.0000     0.5048     0.5174    34.7707    34.8543    26.2994    26.3706      1.224      1.575      0.458      0.589 0.0000e+00
       8558    356.555    167.107 -109.98030   21.85532    166.000    12.5881    12.5571 4.0405e+04   4.046067     0.0608     0.0763    98.1107 1.0000e-12          0     0.5058     0.5185     0.0571     0.1126     4.5641     0.0000     0.0084     0.0000     0.5050     0.5176    34.7731    34.8555    26.3033    26.3733      1.218      1.619      0.456      0.606 0.0000e+00
       8583    357.594    168.114 -109.98030   21.85532    167.000    12.5839    12.5525 4.0402e+04   4.045863     0.0437     0.0765    98.1064 1.0000e-12          0     0.5059     0.5186     0.0553     0.1145     4.5639     0.0000     0.0084     0.0000     0.5049     0.5173    34.7742    34.8573    26.3050    26.3756      1.166      1.534      0.436      0.574 0.0000e+00
       8609    358.669    169.121 -109.98030   21.85534    168.000    12.5623    12.5308 4.0380e+04   4.043715     0.0541     0.0761    98.1143 1.0000e-12          0     0.5056     0.5183     0.0564     0.1147     4.5643     0.0000     0.0084     0.0000     0.5047     0.5172    34.7721    34.8563    26.3076    26.3791      1.141      1.564      0.426      0.585 0.0000e+00
       8643    360.087    170.128 -109.98030   21.85534    169.000    12.5562    12.5253 4.0378e+04   4.043354     0.0596     0.0761    98.1164 1.0000e-12          0     0.5057     0.5182     0.0570     0.1148     4.5644     0.0000     0.0084     0.0000     0.5047     0.5171    34.7757    34.8575    26.3116    26.3812      1.181      1.531      0.442      0.572 0.0000e+00
       8689    362.005    171.135 -109.98030   21.85533    170.000    12.5495    12.5186 4.0373e+04   4.042818     0.0592     0.0768    98.0980 1.0000e-12          0     0.5056     0.5182     0.0569     0.1147     4.5635     0.0000     0.0085     0.0000     0.5047     0.5173    34.7760    34.8582    26.3133    26.3830      1.182      1.604      0.442      0.600 0.0000e+00
       8722    363.373    172.142 -109.98030   21.85532    171.000    12.5320    12.4999 4.0356e+04   4.041253     0.0580     0.0767    98.1001 1.0000e-12          0     0.5055     0.5180     0.0568     0.1148     4.5636     0.0000     0.0085     0.0000     0.5047     0.5170    34.7761    34.8599    26.3168    26.3881      1.183      1.466      0.442      0.548 0.0000e+00
