data/ctd-cnv/KM1919/KM1919-St22-P3/St22_P3_cast75-align-cellTM-derive-bin.cnv
* Sea-Bird SBE 9 Data File:
* FileName = C:\Users\otg\Desktop\CTD Data\km1920\St22_P3_cast75.hex
* Software Version Seasave V 7.26.7.107
* Temperature SN = 5554
* Conductivity SN = 3876
* Number of Bytes Per Scan = 41
* Number of Voltage Words = 4
* Number of Scans Averaged by the Deck Unit = 1
* NMEA Latitude = 21 57.76 N
* NMEA Longitude = 109 54.74 W
* NMEA UTC (Time) = Oct 17 2019  10:59:11
* NMEA baud rate = 4800
** Ship: Kilo Moana
** Station: St22  P3 cast 75
** Operator: CF
** productivity cast
# nquan = 34
# nvalues = 199                         
# units = specified
# name 0 = scan: Scan Count
# name 1 = timeS: Time, Elapsed [seconds]
# name 2 = prDM: Pressure, Digiquartz [db]
# name 3 = longitude: Longitude [deg]
# name 4 = latitude: Latitude [deg]
# name 5 = depSM: Depth [salt water, m]
# name 6 = t090C: Temperature [ITS-90, deg C]
# name 7 = t190C: Temperature, 2 [ITS-90, deg C]
# name 8 = c0uS/cm: Conductivity [uS/cm]
# name 9 = c1S/m: Conductivity, 2 [S/m]
# name 10 = flECO-AFL: Fluorescence, WET Labs ECO-AFL/FL [mg/m^3]
# name 11 = CStarAt0: Beam Attenuation, WET Labs C-Star [1/m]
# name 12 = CStarTr0: Beam Transmission, WET Labs C-Star [%]
# name 13 = par: PAR/Irradiance, Biospherical/Licor
# name 14 = modError: Modulo Error Count
# name 15 = v0: Voltage 0
# name 16 = v1: Voltage 1
# name 17 = v2: Voltage 2
# name 18 = v3: Voltage 3
# name 19 = v4: Voltage 4
# name 20 = v5: Voltage 5
# name 21 = v6: Voltage 6
# name 22 = v7: Voltage 7
# name 23 = sbeox0V: Oxygen raw, SBE 43 [V]
# name 24 = sbeox1V: Oxygen raw, SBE 43, 2 [V]
# name 25 = sal00: Salinity, Practical [PSU]
# name 26 = sal11: Salinity, Practical, 2 [PSU]
# name 27 = sigma-é00: Density [sigma-theta, kg/m^3]
# name 28 = sigma-é11: Density, 2 [sigma-theta, kg/m^3]
# name 29 = sbeox0Mm/L: Oxygen, SBE 43 [umol/l], WS = 2
# name 30 = sbeox1Mm/L: Oxygen, SBE 43, 2 [umol/l], WS = 2
# name 31 = sbeox0PS: Oxygen, SBE 43 [% saturation], WS = 2
# name 32 = sbeox1PS: Oxygen, SBE 43, 2 [% saturation], WS = 2
# name 33 = flag: flag
# span 0 =        324,       9877       
# span 1 =     13.460,    411.507       
# span 2 =      2.012,    201.352       
# span 3 = -109.91241, -109.91140       
# span 4 =   21.96464,   21.96528       
# span 5 =      2.000,    200.000       
# span 6 =    11.9281,    27.6969       
# span 7 =    11.8985,    27.6567       
# span 8 = 3.9737e+04, 5.5436e+04       
# span 9 =   3.979327,   5.551471       
# span 10 =     0.0394,     1.3558      
# span 11 =     0.0626,     0.1420      
# span 12 =    96.5125,    98.4463      
# span 13 = -3.266e-05, 4.9445e+00      
# span 14 =          0,          0      
# span 15 =     0.5054,     2.4545      
# span 16 =     0.5169,     2.4496      
# span 17 =     0.0549,     0.1866      
# span 18 =     0.1122,     0.1159      
# span 19 =     4.4898,     4.5797      
# span 20 =     0.0000,     0.0000      
# span 21 =     0.0081,     1.7010      
# span 22 =     0.0000,     0.0000      
# span 23 =     0.5047,     2.4553      
# span 24 =     0.5160,     2.4453      
# span 25 =    33.9318,    34.7700      
# span 26 =    34.0167,    34.8528      
# span 27 =    22.2413,    26.3933      
# span 28 =    22.3183,    26.4629      
# span 29 =      1.005,    233.182      
# span 30 =      1.370,    244.929      
# span 31 =      0.372,    105.426      
# span 32 =      0.514,    110.090      
# span 33 = 0.0000e+00, 0.0000e+00      
# interval = meters: 1                  
# start_time = Oct 17 2019 11:05:22 [NMEA time, first data scan]
# bad_flag = -9.990e-29
*END*
[from data line 129]
       7064    294.297    131.863 -109.91166   21.96506    131.000    13.3750    13.3446 4.1121e+04   4.117747     0.0880     0.0670    98.3388 1.0000e-12          0     0.5080     0.5209     0.0598     0.1143     4.5747     0.0000     0.0084     0.0000     0.5071     0.5191    34.7479    34.8293    26.1255    26.1946      1.499      1.777      0.570      0.675 0.0000e+00
       7115    296.414    132.870 -109.91166   21.96506    132.000    13.3706    13.3419 4.1117e+04   4.117603     0.0883     0.0675    98.3250 1.0000e-12          0     0.5079     0.5202     0.0598     0.1138     4.5741     0.0000     0.0085     0.0000     0.5069     0.5186    34.7482    34.8299    26.1266    26.1957      1.435      1.650      0.545      0.627 0.0000e+00
       7148    297.794    133.877 -109.91164   21.96508    133.000    13.3659    13.3340 4.1113e+04   4.116980     0.0768     0.0672    98.3330 1.0000e-12          0     0.5079     0.5198     0.0587     0.1125     4.5745     0.0000     0.0085     0.0000     0.5070     0.5185    34.7484    34.8308    26.1278    26.1981      1.489      1.739      0.566      0.661 0.0000e+00
       7175    298.922    134.884 -109.91164   21.96508    134.000    13.3605    13.3281 4.1109e+04   4.116548     0.0870     0.0667    98.3471 1.0000e-12          0     0.5079     0.5198     0.0597     0.1147     4.5751     0.0000     0.0084     0.0000     0.5068     0.5184    34.7492    34.8317    26.1295    26.2000      1.432      1.692      0.544      0.643 0.0000e+00
       7204    300.143    135.891 -109.91164   21.96508    135.000    13.3004    13.2655 4.1057e+04   4.111494     0.0758     0.0667    98.3470 1.0000e-12          0     0.5077     0.5193     0.0586     0.1148     4.5751     0.0000     0.0084     0.0000     0.5067     0.5183    34.7537    34.8408    26.1452    26.2198      1.361      1.666      0.517      0.632 0.0000e+00
       7266    302.693    136.898 -109.91164   21.96508    136.000    13.2571    13.2309 4.1018e+04   4.107970     0.0884     0.0679    98.3151 1.0000e-12          0     0.5076     0.5192     0.0598     0.1147     4.5736     0.0000     0.0085     0.0000     0.5062     0.5181    34.7563    34.8387    26.1560    26.2252      1.343      1.661      0.509      0.630 0.0000e+00
       7350    306.223    137.905 -109.91162   21.96510    137.000    13.1702    13.1572 4.0936e+04   4.101278     0.0892     0.0694    98.2812 1.0000e-12          0     0.5068     0.5189     0.0599     0.1147     4.5720     0.0000     0.0085     0.0000     0.5061     0.5181    34.7576    34.8424    26.1747    26.2430      1.309      1.665      0.496      0.631 0.0000e+00
       7390    307.877    138.911 -109.91162   21.96510    138.000    13.1416    13.1137 4.0908e+04   4.097025     0.0920     0.0701    98.2642 1.0000e-12          0     0.5070     0.5189     0.0602     0.1148     4.5712     0.0000     0.0084     0.0000     0.5059     0.5180    34.7563    34.8415    26.1795    26.2511      1.321      1.673      0.500      0.633 0.0000e+00
       7425    309.328    139.919 -109.91162   21.96510    139.000    13.1074    13.0754 4.0874e+04   4.093191     0.0947     0.0713    98.2333 1.0000e-12          0     0.5069     0.5189     0.0605     0.1147     4.5698     0.0000     0.0085     0.0000     0.5059     0.5180    34.7557    34.8398    26.1859    26.2574      1.301      1.609      0.492      0.608 0.0000e+00
       7459    310.770    140.926 -109.91162   21.96510    140.000    13.0951    13.0635 4.0863e+04   4.091991     0.0946     0.0720    98.2154 1.0000e-12          0     0.5068     0.5188     0.0605     0.1148     4.5690     0.0000     0.0084     0.0000     0.5058     0.5176    34.7561    34.8389    26.1887    26.2592      1.334      1.586      0.504      0.599 0.0000e+00
       7493    312.177    141.933 -109.91162   21.96510    141.000    13.0836    13.0520 4.0853e+04   4.090942     0.0811     0.0724    98.2063 1.0000e-12          0     0.5067     0.5188     0.0591     0.1147     4.5686     0.0000     0.0084     0.0000     0.5058     0.5176    34.7564    34.8390    26.1913    26.2616      1.286      1.518      0.486      0.573 0.0000e+00
       7527    313.587    142.939 -109.91162   21.96510    142.000    13.0709    13.0398 4.0843e+04   4.090004     0.0837     0.0728    98.1955 1.0000e-12          0     0.5066     0.5186     0.0593     0.1147     4.5681     0.0000     0.0085     0.0000     0.5055     0.5173    34.7580    34.8409    26.1951    26.2656      1.252      1.553      0.473      0.586 0.0000e+00
       7596    316.444    143.946 -109.91160   21.96510    143.000    13.0469    13.0239 4.0822e+04   4.088608     0.0791     0.0723    98.2091 1.0000e-12          0     0.5065     0.5183     0.0589     0.1147     4.5687     0.0000     0.0084     0.0000     0.5053     0.5173    34.7598    34.8418    26.2014    26.2694      1.213      1.556      0.458      0.587 0.0000e+00
       7651    318.765    144.953 -109.91160   21.96511    144.000    13.0108    12.9824 4.0789e+04   4.085034     0.0848     0.0721    98.2140 1.0000e-12          0     0.5064     0.5180     0.0595     0.1148     4.5689     0.0000     0.0085     0.0000     0.5051     0.5172    34.7614    34.8455    26.2099    26.2807      1.189      1.530      0.448      0.577 0.0000e+00
       7680    319.976    145.960 -109.91160   21.96512    145.000    13.0033    12.9721 4.0783e+04   4.083982     0.0780     0.0724    98.2055 1.0000e-12          0     0.5060     0.5182     0.0588     0.1148     4.5685     0.0000     0.0084     0.0000     0.5053     0.5170    34.7621    34.8445    26.2120    26.2820      1.178      1.491      0.444      0.562 0.0000e+00
       7727    321.923    146.967 -109.91158   21.96512    146.000    12.9956    12.9680 4.0776e+04   4.083538     0.0842     0.0727    98.1994 1.0000e-12          0     0.5060     0.5180     0.0594     0.1147     4.5683     0.0000     0.0084     0.0000     0.5049     0.5170    34.7617    34.8437    26.2132    26.2822      1.157      1.500      0.436      0.566 0.0000e+00
       7796    324.804    147.974 -109.91158   21.96512    147.000    12.9829    12.9540 4.0765e+04   4.082356     0.0746     0.0719    98.2175 1.0000e-12          0     0.5057     0.5178     0.0585     0.1147     4.5691     0.0000     0.0085     0.0000     0.5048     0.5170    34.7624    34.8448    26.2163    26.2859      1.176      1.510      0.443      0.569 0.0000e+00
       7827    326.071    148.981 -109.91158   21.96513    148.000    12.9791    12.9476 4.0769e+04   4.082484     0.0748     0.0714    98.2304 1.0000e-12          0     0.5056     0.5177     0.0585     0.1148     4.5697     0.0000     0.0085     0.0000     0.5047     0.5169    34.7690    34.8515    26.2222    26.2924      1.167      1.508      0.440      0.568 0.0000e+00
       7855    327.268    149.988 -109.91158   21.96514    149.000    12.9636    12.9323 4.0755e+04   4.081186     0.0748     0.0715    98.2270 1.0000e-12          0     0.5055     0.5178     0.0585     0.1148     4.5695     0.0000     0.0085     0.0000     0.5047     0.5169    34.7700    34.8528    26.2261    26.2965      1.197      1.471      0.451      0.554 0.0000e+00
       7888    328.641    150.995 -109.91156   21.96514    150.000    12.9386    12.9060 4.0730e+04   4.078638     0.0780     0.0724    98.2062 1.0000e-12          0     0.5056     0.5177     0.0588     0.1147     4.5686     0.0000     0.0085     0.0000     0.5048     0.5168    34.7684    34.8522    26.2299    26.3013      1.183      1.484      0.446      0.559 0.0000e+00
       7927    330.231    152.002 -109.91156   21.96514    151.000    12.9101    12.8799 4.0699e+04   4.075695     0.0809     0.0732    98.1861 1.0000e-12          0     0.5055     0.5177     0.0591     0.1148     4.5676     0.0000     0.0085     0.0000     0.5047     0.5167    34.7647    34.8478    26.2327    26.3032      1.158      1.482      0.436      0.558 0.0000e+00
       7984    332.605    153.009 -109.91156   21.96514    152.000    12.8861    12.8620 4.0674e+04   4.073689     0.0765     0.0738    98.1721 1.0000e-12          0     0.5056     0.5176     0.0586     0.1147     4.5669     0.0000     0.0085     0.0000     0.5047     0.5167    34.7621    34.8447    26.2355    26.3043      1.170      1.469      0.441      0.553 0.0000e+00
       8070    336.212    154.016 -109.91155   21.96514    153.000    12.8517    12.8258 4.0636e+04   4.069931     0.0761     0.0736    98.1772 1.0000e-12          0     0.5055     0.5176     0.0586     0.1148     4.5672     0.0000     0.0085     0.0000     0.5047     0.5167    34.7573    34.8417    26.2386    26.3092      1.172      1.510      0.441      0.568 0.0000e+00
       8105    337.656    155.023 -109.91154   21.96514    154.000    12.8299    12.7981 4.0611e+04   4.066639     0.0761     0.0736    98.1785 1.0000e-12          0     0.5055     0.5175     0.0586     0.1147     4.5673     0.0000     0.0084     0.0000     0.5047     0.5168    34.7528    34.8353    26.2395    26.3098      1.173      1.479      0.441      0.556 0.0000e+00
       8130    338.724    156.030 -109.91154   21.96514    155.000    12.8089    12.7764 4.0587e+04   4.064438     0.0761     0.0733    98.1836 1.0000e-12          0     0.5055     0.5175     0.0586     0.1147     4.5675     0.0000     0.0082     0.0000     0.5047     0.5167    34.7490    34.8338    26.2408    26.3130      1.173      1.442      0.441      0.542 0.0000e+00
       8153    339.671    157.037 -109.91154   21.96514    156.000    12.7844    12.7529 4.0566e+04   4.062221     0.0697     0.0726    98.2008 1.0000e-12          0     0.5055     0.5175     0.0580     0.1147     4.5683     0.0000     0.0085     0.0000     0.5047     0.5167    34.7509    34.8338    26.2472    26.3177      1.174      1.479      0.441      0.555 0.0000e+00
       8176    340.632    158.044 -109.91154   21.96514    157.000    12.7671    12.7340 4.0553e+04   4.061137     0.0681     0.0739    98.1687 1.0000e-12          0     0.5055     0.5177     0.0578     0.1148     4.5668     0.0000     0.0085     0.0000     0.5047     0.5165    34.7545    34.8404    26.2534    26.3266      1.175      1.374      0.441      0.516 0.0000e+00
       8205    341.839    159.052 -109.91154   21.96514    158.000    12.7289    12.6979 4.0517e+04   4.057328     0.0755     0.0744    98.1589 1.0000e-12          0     0.5055     0.5175     0.0585     0.1147     4.5663     0.0000     0.0085     0.0000     0.5047     0.5165    34.7539    34.8368    26.2605    26.3309      1.168      1.491      0.438      0.559 0.0000e+00
       8284    345.130    160.059 -109.91153   21.96515    159.000    12.7290    12.6989 4.0519e+04   4.057590     0.0662     0.0752    98.1370 1.0000e-12          0     0.5055     0.5173     0.0576     0.1147     4.5653     0.0000     0.0085     0.0000     0.5047     0.5163    34.7560    34.8380    26.2621    26.3317      1.167      1.391      0.438      0.522 0.0000e+00
       8364    348.446    161.066 -109.91152   21.96516    160.000    12.7072    12.6806 4.0501e+04   4.056134     0.0763     0.0758    98.1229 1.0000e-12          0     0.5055     0.5170     0.0586     0.1148     4.5647     0.0000     0.0084     0.0000     0.5047     0.5161    34.7581    34.8405    26.2681    26.3372      1.189      1.370      0.446      0.514 0.0000e+00
       8407    350.248    162.073 -109.91152   21.96516    161.000    12.6968    12.6677 4.0491e+04   4.054862     0.0758     0.0761    98.1148 1.0000e-12          0     0.5054     0.5171     0.0586     0.1148     4.5643     0.0000     0.0085     0.0000     0.5047     0.5162    34.7572    34.8398    26.2695    26.3393      1.163      1.417      0.436      0.531 0.0000e+00
       8441    351.666    163.080 -109.91152   21.96516    162.000    12.6815    12.6498 4.0475e+04   4.053113     0.0670     0.0753    98.1348 1.0000e-12          0     0.5055     0.5169     0.0577     0.1130     4.5652     0.0000     0.0084     0.0000     0.5047     0.5160    34.7561    34.8391    26.2717    26.3423      1.219      1.433      0.457      0.537 0.0000e+00
       8468    352.790    164.087 -109.91152   21.96518    163.000    12.6657    12.6345 4.0460e+04   4.051710     0.0729     0.0756    98.1278 1.0000e-12          0     0.5055     0.5170     0.0583     0.1143     4.5649     0.0000     0.0084     0.0000     0.5051     0.5168    34.7555    34.8394    26.2743    26.3456      1.788      1.673      0.670      0.627 0.0000e+00
       8494    353.895    165.094 -109.91151   21.96518    164.000    12.6300    12.5954 4.0421e+04   4.047616     0.0756     0.0760    98.1190 1.0000e-12          0     0.5055     0.5170     0.0586     0.1147     4.5645     0.0000     0.0084     0.0000     0.5073     0.5176    34.7512    34.8358    26.2781    26.3505      2.502      2.053      0.937      0.768 0.0000e+00
       8527    355.238    166.101 -109.91150   21.96518    165.000    12.5418    12.5059 4.0322e+04   4.037966     0.0621     0.0732    98.1861 1.0000e-12          0     0.5055     0.5170     0.0572     0.1147     4.5676     0.0000     0.0085     0.0000     0.5099     0.5200    34.7362    34.8253    26.2837    26.3599      2.590      2.532      0.968      0.946 0.0000e+00
       8568    356.973    167.108 -109.91150   21.96518    166.000    12.4958    12.4695 4.0271e+04   4.032998     0.0493     0.0675    98.3280 1.0000e-12          0     0.5072     0.5179     0.0559     0.1148     4.5742     0.0000     0.0085     0.0000     0.5116     0.5221    34.7292    34.8107    26.2873    26.3557      2.495      2.585      0.931      0.965 0.0000e+00
       8619    359.065    168.115 -109.91150   21.96518    167.000    12.4753    12.4556 4.0252e+04   4.031876     0.0476     0.0664    98.3539 1.0000e-12          0     0.5109     0.5212     0.0557     0.1148     4.5754     0.0000     0.0085     0.0000     0.5123     0.5231    34.7293    34.8124    26.2914    26.3597      2.445      2.583      0.912      0.964 0.0000e+00
       8724    363.467    169.122 -109.91150   21.96518    168.000    12.4568    12.4227 4.0233e+04   4.028587     0.0510     0.0663    98.3577 1.0000e-12          0     0.5136     0.5245     0.0561     0.1147     4.5756     0.0000     0.0084     0.0000     0.5139     0.5246    34.7280    34.8106    26.2940    26.3648      2.732      2.862      1.019      1.067 0.0000e+00
       8767    365.257    170.129 -109.91150   21.96518    169.000    12.4055    12.3741 4.0179e+04   4.023485     0.0424     0.0661    98.3611 1.0000e-12          0     0.5139     0.5247     0.0552     0.1148     4.5757     0.0000     0.0084     0.0000     0.5143     0.5253    34.7226    34.8060    26.2998    26.3707      2.411      2.867      0.898      1.068 0.0000e+00
       8793    366.354    171.136 -109.91150   21.96518    170.000    12.4027    12.3715 4.0178e+04   4.023223     0.0418     0.0657    98.3712 1.0000e-12          0     0.5140     0.5251     0.0552     0.1147     4.5762     0.0000     0.0085     0.0000     0.5135     0.5251    34.7243    34.8055    26.3018    26.3708      2.072      2.593      0.772      0.966 0.0000e+00
       8822    367.534    172.143 -109.91150   21.96518    171.000    12.4063    12.3760 4.0186e+04   4.024023     0.0556     0.0656    98.3724 1.0000e-12          0     0.5152     0.5257     0.0566     0.1147     4.5763     0.0000     0.0084     0.0000     0.5123     0.5240    34.7277    34.8086    26.3037    26.3724      1.833      2.328      0.683      0.867 0.0000e+00
