data/ctd-cnv/KM1919/KM1919-St22-P3/St22_P3_cast65-align-cellTM-derive-bin.cnv
* Sea-Bird SBE 9 Data File:
* FileName = C:\Users\otg\Desktop\CTD Data\km1920\St22_P3_cast65.hex
* Software Version Seasave V 7.26.7.107
* Temperature SN = 5554
* Conductivity SN = 3876
* Number of Bytes Per Scan = 41
* Number of Voltage Words = 4
* Number of Scans Averaged by the Deck Unit = 1
* NMEA Latitude = 21 50.59 N
* NMEA Longitude = 109 59.06 W
* NMEA UTC (Time) = Oct 15 2019  15:01:25
* NMEA baud rate = 4800
** Ship: Kilo Moana
** Station: St22  P3 cast 65
** Operator: cf
** Al's cast
# nquan = 34
# nvalues = 503                         
# units = specified
# name 0 = scan: Scan Count
# name 1 = timeS: Time, Elapsed [seconds]
# name 2 = prDM: Pressure, Digiquartz [db]
# name 3 = longitude: Longitude [deg]
# name 4 = latitude: Latitude [deg]
# name 5 = depSM: Depth [salt water, m]
# name 6 = t090C: Temperature [ITS-90, deg C]
# name 7 = t190C: Temperature, 2 [ITS-90, deg C]
# name 8 = c0uS/cm: Conductivity [uS/cm]
# name 9 = c1S/m: Conductivity, 2 [S/m]
# name 10 = flECO-AFL: Fluorescence, WET Labs ECO-AFL/FL [mg/m^3]
# name 11 = CStarAt0: Beam Attenuation, WET Labs C-Star [1/m]
# name 12 = CStarTr0: Beam Transmission, WET Labs C-Star [%]
# name 13 = par: PAR/Irradiance, Biospherical/Licor
# name 14 = modError: Modulo Error Count
# name 15 = v0: Voltage 0
# name 16 = v1: Voltage 1
# name 17 = v2: Voltage 2
# name 18 = v3: Voltage 3
# name 19 = v4: Voltage 4
# name 20 = v5: Voltage 5
# name 21 = v6: Voltage 6
# name 22 = v7: Voltage 7
# name 23 = sbeox0V: Oxygen raw, SBE 43 [V]
# name 24 = sbeox1V: Oxygen raw, SBE 43, 2 [V]
# name 25 = sal00: Salinity, Practical [PSU]
# name 26 = sal11: Salinity, Practical, 2 [PSU]
# name 27 = sigma-é00: Density [sigma-theta, kg/m^3]
# name 28 = sigma-é11: Density, 2 [sigma-theta, kg/m^3]
# name 29 = sbeox0Mm/L: Oxygen, SBE 43 [umol/l], WS = 2
# name 30 = sbeox1Mm/L: Oxygen, SBE 43, 2 [umol/l], WS = 2
# name 31 = sbeox0PS: Oxygen, SBE 43 [% saturation], WS = 2
# name 32 = sbeox1PS: Oxygen, SBE 43, 2 [% saturation], WS = 2
# name 33 = flag: flag
# span 0 =         37,      19027       
# span 1 =      1.509,    792.753       
# span 2 =      1.006,    506.768       
# span 3 = -109.98438, -109.98430       
# span 4 =   21.84316,   21.84320       
# span 5 =      1.000,    503.000       
# span 6 =     7.8930,    27.5914       
# span 7 =     7.8679,    27.5442       
# span 8 = 3.5917e+04, 5.5241e+04       
# span 9 =   3.596751,   5.531272       
# span 10 =     0.0427,     1.1143      
# span 11 =     0.0568,     0.1218      
# span 12 =    97.0000,    98.5906      
# span 13 = -1.170e-05, 9.4394e+02      
# span 14 =          0,          0      
# span 15 =     0.5031,     2.5084      
# span 16 =     0.5129,     2.4988      
# span 17 =     0.0552,     0.1624      
# span 18 =     0.1123,     0.1177      
# span 19 =     4.5124,     4.5864      
# span 20 =     0.0000,     0.0000      
# span 21 =     0.0081,     3.9211      
# span 22 =     0.0000,     0.0000      
# span 23 =     0.5024,     2.5097      
# span 24 =     0.5123,     2.5013      
# span 25 =    33.9520,    34.7764      
# span 26 =    34.0611,    34.8597      
# span 27 =    22.2329,    26.9413      
# span 28 =    22.3127,    27.0067      
# span 29 =      0.840,    240.291      
# span 30 =      0.858,    251.472      
# span 31 =      0.293,    108.199      
# span 32 =      0.291,    113.373      
# span 33 = 0.0000e+00, 0.0000e+00      
# interval = meters: 1                  
# start_time = Oct 15 2019 15:04:34 [NMEA time, first data scan]
# bad_flag = -9.990e-29
*END*
[from data line 43]
       1904     79.280     44.280 -109.98438   21.84320     44.000    19.9298    19.9359 4.6793e+04   4.691489     0.4230     0.1039    97.4348 2.4947e+01          0     2.4173     2.4132     0.0933     0.1154     4.5327     0.0000     2.4123     0.0000     2.3961     2.3931    34.1212    34.2158    24.1120    24.1826    235.891    248.211    101.409    106.777 0.0000e+00
       1963     81.730     45.287 -109.98438   21.84320     45.000    19.8303    19.8142 4.6715e+04   4.680778     0.4272     0.1009    97.5100 2.3053e+01          0     2.4029     2.3960     0.0937     0.1151     4.5361     0.0000     2.3783     0.0000     2.3790     2.3772    34.1379    34.2270    24.1508    24.2229    234.153    246.100    100.488    105.639 0.0000e+00
       1999     83.240     46.293 -109.98438   21.84320     46.000    19.7152    19.6894 4.6590e+04   4.667984     0.4267     0.1004    97.5216 2.1531e+01          0     2.3934     2.3917     0.0937     0.1147     4.5367     0.0000     2.3487     0.0000     2.3683     2.3686    34.1287    34.2235    24.1738    24.2529    232.806    245.835     99.693    105.281 0.0000e+00
       2027     84.421     47.300 -109.98438   21.84320     47.000    19.6123    19.5734 4.6480e+04   4.655428     0.4379     0.1027    97.4636 2.0229e+01          0     2.3847     2.3838     0.0948     0.1151     4.5340     0.0000     2.3217     0.0000     2.3562     2.3593    34.1216    34.2147    24.1951    24.2763    231.632    244.717     98.998    104.573 0.0000e+00
       2057     85.651     48.306 -109.98438   21.84320     48.000    19.5448    19.5079 4.6409e+04   4.648112     0.4512     0.1020    97.4809 1.8983e+01          0     2.3761     2.3737     0.0961     0.1154     4.5348     0.0000     2.2942     0.0000     2.3449     2.3482    34.1182    34.2077    24.2100    24.2878    230.866    243.416     98.545    103.887 0.0000e+00
       2095     87.232     49.313 -109.98438   21.84320     49.000    19.4954    19.4711 4.6362e+04   4.644332     0.4821     0.1021    97.4801 1.7807e+01          0     2.3631     2.3648     0.0992     0.1151     4.5348     0.0000     2.2666     0.0000     2.3335     2.3355    34.1196    34.2063    24.2239    24.2963    229.657    242.135     97.941    103.269 0.0000e+00
       2138     89.056     50.319 -109.98438   21.84320     50.000    19.4366    19.4205 4.6307e+04   4.639676     0.4929     0.1021    97.4807 1.6745e+01          0     2.3459     2.3491     0.1003     0.1150     4.5348     0.0000     2.2401     0.0000     2.3089     2.3162    34.1214    34.2089    24.2405    24.3114    223.452    238.385     95.192    101.576 0.0000e+00
       2179     90.748     51.326 -109.98438   21.84320     51.000    19.2736    19.2729 4.6145e+04   4.625975     0.5029     0.1027    97.4660 1.5653e+01          0     2.3335     2.3354     0.1013     0.1153     4.5341     0.0000     2.2109     0.0000     2.2667     2.2810    34.1211    34.2164    24.2821    24.3550    217.994    232.777     92.587     98.920 0.0000e+00
       2215     92.258     52.332 -109.98438   21.84319     52.000    19.0308    18.9920 4.5910e+04   4.598715     0.5806     0.1077    97.3438 1.4653e+01          0     2.3155     2.3209     0.1090     0.1152     4.5284     0.0000     2.1825     0.0000     2.2374     2.2482    34.1250    34.2208    24.3470    24.4301    217.301    230.433     91.879     97.416 0.0000e+00
       2245     93.488     53.339 -109.98438   21.84318     53.000    18.9711    18.9346 4.5854e+04   4.592323     0.6467     0.1105    97.2763 1.3737e+01          0     2.2864     2.2994     0.1157     0.1149     4.5253     0.0000     2.1546     0.0000     2.2179     2.2262    34.1268    34.2145    24.3636    24.4399    215.578    228.280     91.049     96.399 0.0000e+00
       2272     94.616     54.345 -109.98438   21.84318     54.000    18.9606    18.9245 4.5847e+04   4.591495     0.6861     0.1112    97.2593 1.2788e+01          0     2.2578     2.2720     0.1196     0.1151     4.5245     0.0000     2.1237     0.0000     2.2036     2.2102    34.1289    34.2156    24.3679    24.4433    215.047    227.154     90.808     95.906 0.0000e+00
       2319     96.567     55.352 -109.98438   21.84318     55.000    18.8942    18.8737 4.5776e+04   4.586073     0.7808     0.1155    97.1552 1.1694e+01          0     2.2252     2.2345     0.1291     0.1152     4.5196     0.0000     2.0851     0.0000     2.1942     2.1961    34.1240    34.2119    24.3810    24.4534    216.420    226.780     91.272     95.655 0.0000e+00
       2385     99.344     56.358 -109.98438   21.84318     56.000    18.7104    18.7200 4.5571e+04   4.569511     0.8375     0.1159    97.1438 1.0838e+01          0     2.1940     2.1982     0.1347     0.1152     4.5191     0.0000     2.0526     0.0000     2.1910     2.1868    34.1041    34.2001    24.4121    24.4832    216.266    226.748     90.884     95.360 0.0000e+00
       2418    100.719     57.365 -109.98438   21.84318     57.000    18.5966    18.5576 4.5445e+04   4.551746     0.8551     0.1158    97.1456 1.0118e+01          0     2.1923     2.1924     0.1365     0.1151     4.5192     0.0000     2.0229     0.0000     2.1821     2.1816    34.0920    34.1853    24.4314    24.5125    215.465    226.373     90.348     94.905 0.0000e+00
       2448    101.967     58.371 -109.98438   21.84318     58.000    18.3467    18.2985 4.5173e+04   4.525501     0.8289     0.1160    97.1419 9.3684e+00          0     2.1936     2.1891     0.1339     0.1152     4.5190     0.0000     1.9898     0.0000     2.1761     2.1755    34.0698    34.1788    24.4767    24.5720    215.893    226.739     90.091     94.592 0.0000e+00
       2478    103.214     59.378 -109.98438   21.84318     59.000    18.0778    18.0355 4.4880e+04   4.495546     0.8427     0.1157    97.1501 8.7210e+00          0     2.1879     2.1861     0.1353     0.1152     4.5194     0.0000     1.9591     0.0000     2.1721     2.1712    34.0442    34.1438    24.5235    24.6101    217.624    227.837     90.339     94.560 0.0000e+00
       2509    104.502     60.384 -109.98438   21.84318     60.000    17.8568    17.8154 4.4639e+04   4.471373     0.9025     0.1167    97.1258 8.1053e+00          0     2.1809     2.1804     0.1413     0.1152     4.5183     0.0000     1.9276     0.0000     2.1705     2.1689    34.0228    34.1215    24.5612    24.6469    217.488    228.543     89.894     94.445 0.0000e+00
       2554    106.356     61.391 -109.98438   21.84318     61.000    17.7370    17.7439 4.4512e+04   4.462479     0.9544     0.1183    97.0859 7.4709e+00          0     2.1733     2.1724     0.1465     0.1151     4.5164     0.0000     1.8927     0.0000     2.1514     2.1572    34.0145    34.1050    24.5840    24.6517    212.733    225.434     87.725     93.025 0.0000e+00
       2600    108.281     62.398 -109.98438   21.84318     62.000    17.5401    17.5239 4.4313e+04   4.440969     0.9898     0.1208    97.0251 6.9237e+00          0     2.1689     2.1683     0.1499     0.1152     4.5136     0.0000     1.8601     0.0000     2.1247     2.1305    34.0082    34.1048    24.6268    24.7047    210.277    222.258     86.383     91.330 0.0000e+00
       2633    109.675     63.404 -109.98438   21.84318     63.000    17.4189    17.3809 4.4185e+04   4.425441     1.0440     0.1202    97.0393 6.4332e+00          0     2.1546     2.1603     0.1554     0.1151     4.5143     0.0000     1.8287     0.0000     2.1057     2.1144    33.9997    34.0911    24.6494    24.7286    207.631    220.633     85.094     90.408 0.0000e+00
       2662    110.885     64.411 -109.98438   21.84318     64.000    17.3110    17.2715 4.4070e+04   4.414202     1.0436     0.1215    97.0081 5.9398e+00          0     2.1363     2.1434     0.1554     0.1150     4.5128     0.0000     1.7944     0.0000     2.0880     2.0966    33.9906    34.0859    24.6682    24.7508    206.510    218.615     84.456     89.390 0.0000e+00
       2696    112.303     65.417 -109.98438   21.84318     65.000    17.1301    17.0924 4.3881e+04   4.395098     1.0703     0.1214    97.0112 5.4390e+00          0     2.1183     2.1244     0.1580     0.1151     4.5130     0.0000     1.7569     0.0000     2.0743     2.0814    33.9786    34.0714    24.7022    24.7822    207.106    218.392     84.400     88.985 0.0000e+00
       2738    114.047     66.424 -109.98438   21.84318     66.000    17.0753    17.0544 4.3821e+04   4.390256     1.0723     0.1203    97.0380 4.9949e+00          0     2.0929     2.1017     0.1583     0.1152     4.5142     0.0000     1.7205     0.0000     2.0497     2.0650    33.9730    34.0611    24.7109    24.7834    197.622    214.537     80.449     87.345 0.0000e+00
       2787    116.095     67.430 -109.98436   21.84318     67.000    16.6760    16.7554 4.3415e+04   4.361856     1.0887     0.1218    97.0000 4.6201e+00          0     2.0725     2.0794     0.1599     0.1152     4.5124     0.0000     1.6874     0.0000     1.9543     1.9995    33.9557    34.0667    24.7911    24.8579    175.502    198.510     70.897     80.365 0.0000e+00
       2827    117.751     68.437 -109.98436   21.84318     68.000    16.1346    16.1111 4.2887e+04   4.299127     1.1143     0.1202    97.0385 4.2696e+00          0     2.0470     2.0638     0.1624     0.1151     4.5142     0.0000     1.6539     0.0000     1.8515     1.9027    33.9520    34.0643    24.9133    25.0050    163.627    184.622     65.398     73.807 0.0000e+00
       2860    119.105     69.444 -109.98436   21.84318     69.000    15.9770    15.9375 4.2761e+04   4.283293     1.0834     0.1125    97.2262 3.9336e+00          0     1.9854     2.0253     0.1593     0.1150     4.5230     0.0000     1.6191     0.0000     1.7790     1.8242    33.9750    34.0725    24.9669    25.0508    159.164    176.098     63.426     70.162 0.0000e+00
       2886    120.214     70.450 -109.98436   21.84318     70.000    15.8488    15.8115 4.2656e+04   4.272557     1.0009     0.1071    97.3588 3.6275e+00          0     1.9155     1.9660     0.1511     0.1150     4.5291     0.0000     1.5848     0.0000     1.7385     1.7756    33.9908    34.0850    25.0081    25.0889    158.742    173.021     63.105     68.771 0.0000e+00
       2911    121.266     71.457 -109.98436   21.84318     71.000    15.7993    15.7642 4.2614e+04   4.268081     0.9175     0.1026    97.4671 3.3403e+00          0     1.8506     1.9021     0.1427     0.1150     4.5342     0.0000     1.5500     0.0000     1.7106     1.7419    33.9956    34.0854    25.0230    25.1000    157.262    170.505     62.458     67.708 0.0000e+00
       2938    122.395     72.463 -109.98436   21.84318     72.000    15.7682    15.7329 4.2589e+04   4.265501     0.8818     0.1018    97.4879 3.0769e+00          0     1.7891     1.8357     0.1392     0.1150     4.5351     0.0000     1.5154     0.0000     1.6838     1.7130    34.0001    34.0890    25.0334    25.1098    153.772    167.718     61.036     66.562 0.0000e+00
       2976    123.943     73.470 -109.98435   21.84318     73.000    15.6918    15.6796 4.2528e+04   4.261109     0.8482     0.1004    97.5220 2.8137e+00          0     1.7335     1.7694     0.1358     0.1149     4.5367     0.0000     1.4777     0.0000     1.6484     1.6841    34.0109    34.0953    25.0590    25.1267    150.735    165.529     59.745     65.627 0.0000e+00
       3041    126.658     74.477 -109.98434   21.84318     74.000    15.6126    15.6255 4.2468e+04   4.257195     0.8501     0.0997    97.5382 2.5672e+00          0     1.6653     1.6956     0.1360     0.1148     4.5375     0.0000     1.4397     0.0000     1.6016     1.6343    34.0249    34.1068    25.0875    25.1476    145.220    156.902     57.474     62.144 0.0000e+00
       3078    128.213     75.483 -109.98435   21.84316     75.000    15.5642    15.5301 4.2432e+04   4.249640     0.8890     0.0990    97.5554 2.4017e+00          0     1.6340     1.6729     0.1399     0.1149     4.5383     0.0000     1.4117     0.0000     1.5640     1.5966    34.0340    34.1212    25.1053    25.1801    133.249    149.971     52.689     59.293 0.0000e+00
       3102    129.210     76.490 -109.98436   21.84316     76.000    15.5342    15.4977 4.2409e+04   4.247200     0.7896     0.0974    97.5948 2.2261e+00          0     1.6179     1.6546     0.1299     0.1147     4.5401     0.0000     1.3800     0.0000     1.5176     1.5591    34.0388    34.1270    25.1158    25.1917    124.363    141.644     49.147     55.967 0.0000e+00
       3124    130.140     77.497 -109.98436   21.84316     77.000    15.4398    15.4021 4.2350e+04   4.241439     0.8114     0.0983    97.5726 2.0499e+00          0     1.6024     1.6330     0.1322     0.1148     4.5391     0.0000     1.3457     0.0000     1.4788     1.5188    34.0673    34.1578    25.1587    25.2367    122.367    136.510     48.277     53.847 0.0000e+00
       3151    131.253     78.503 -109.98436   21.84316     78.000    15.3793    15.3441 4.2323e+04   4.238500     0.7411     0.0957    97.6350 1.8845e+00          0     1.5784     1.6085     0.1251     0.1148     4.5420     0.0000     1.3109     0.0000     1.4471     1.4810    34.0948    34.1814    25.1933    25.2678    122.820    134.051     48.406     52.824 0.0000e+00
       3203    133.426     79.510 -109.98436   21.84316     79.000    15.3567    15.3338 4.2312e+04   4.238003     0.7110     0.0927    97.7102 1.7163e+00          0     1.4906     1.5300     0.1221     0.1148     4.5455     0.0000     1.2725     0.0000     1.4145     1.4399    34.1042    34.1855    25.2056    25.2732    122.025    131.590     48.074     51.845 0.0000e+00
       3256    135.628     80.516 -109.98436   21.84316     80.000    15.3497    15.3218 4.2316e+04   4.238013     0.6989     0.0922    97.7207 1.5869e+00          0     1.4309     1.4601     0.1209     0.1148     4.5460     0.0000     1.2404     0.0000     1.3807     1.4080    34.1132    34.1956    25.2141    25.2837    112.928    125.631     44.486     49.488 0.0000e+00
       3287    136.930     81.523 -109.98436   21.84316     81.000    15.3493    15.3165 4.2331e+04   4.238928     0.6867     0.0913    97.7421 1.4741e+00          0     1.4147     1.4400     0.1197     0.1148     4.5470     0.0000     1.2103     0.0000     1.3390     1.3730    34.1271    34.2081    25.2249    25.2946    100.569    117.090     39.620     46.122 0.0000e+00
       3315    138.070     82.530 -109.98436   21.84316     82.000    15.3485    15.3142 4.2371e+04   4.243039     0.6554     0.0907    97.7584 1.3654e+00          0     1.4014     1.4247     0.1165     0.1148     4.5477     0.0000     1.1793     0.0000     1.2712     1.3260    34.1634    34.2468    25.2531    25.3249     77.550    104.228     30.559     41.064 0.0000e+00
       3342    139.213     83.536 -109.98436   21.84316     83.000    15.3495    15.3173 4.2425e+04   4.247786     0.6175     0.0877    97.8305 1.2683e+00          0     1.3787     1.4067     0.1128     0.1148     4.5511     0.0000     1.1494     0.0000     1.1623     1.2424    34.2104    34.2866    25.2891    25.3549     59.558     87.139     23.475     34.341 0.0000e+00
       3379    140.737     84.543 -109.98436   21.84316     84.000    15.4564    15.4122 4.2679e+04   4.270131     0.5768     0.0853    97.8904 1.1623e+00          0     1.3221     1.3614     0.1087     0.1148     4.5538     0.0000     1.1143     0.0000     1.0546     1.1353    34.3463    34.4046    25.3701    25.4248     56.150     75.309     22.198     29.756 0.0000e+00
       3438    143.217     85.550 -109.98436   21.84316     85.000    15.4882    15.4548 4.2766e+04   4.281355     0.5303     0.0842    97.9167 1.0609e+00          0     1.1247     1.2080     0.1040     0.1148     4.5551     0.0000     1.0781     0.0000     0.9276     1.0032    34.3964    34.4680    25.4016    25.4642     40.491     58.393     16.023     23.101 0.0000e+00
