data/ctd-cnv/KM1919/KM1919-St22-P3/St22_P3_cast72-align-cellTM-derive-bin.cnv
* Sea-Bird SBE 9 Data File:
* FileName = C:\Users\otg\Desktop\CTD Data\km1920\St22_P3_cast72.hex
* Software Version Seasave V 7.26.7.107
* Temperature SN = 5554
* Conductivity SN = 3876
* Number of Bytes Per Scan = 41
* Number of Voltage Words = 4
* Number of Scans Averaged by the Deck Unit = 1
* NMEA Latitude = 21 55.15 N
* NMEA Longitude = 109 56.12 W
* NMEA UTC (Time) = Oct 16 2019  19:45:55
* NMEA baud rate = 4800
** Ship: Kilo Moana
** Station: St22  P3 cast 72
** Operator: jac
# nquan = 34
# nvalues = 502                         
# units = specified
# name 0 = scan: Scan Count
# name 1 = timeS: Time, Elapsed [seconds]
# name 2 = prDM: Pressure, Digiquartz [db]
# name 3 = longitude: Longitude [deg]
# name 4 = latitude: Latitude [deg]
# name 5 = depSM: Depth [salt water, m]
# name 6 = t090C: Temperature [ITS-90, deg C]
# name 7 = t190C: Temperature, 2 [ITS-90, deg C]
# name 8 = c0uS/cm: Conductivity [uS/cm]
# name 9 = c1S/m: Conductivity, 2 [S/m]
# name 10 = flECO-AFL: Fluorescence, WET Labs ECO-AFL/FL [mg/m^3]
# name 11 = CStarAt0: Beam Attenuation, WET Labs C-Star [1/m]
# name 12 = CStarTr0: Beam Transmission, WET Labs C-Star [%]
# name 13 = par: PAR/Irradiance, Biospherical/Licor
# name 14 = modError: Modulo Error Count
# name 15 = v0: Voltage 0
# name 16 = v1: Voltage 1
# name 17 = v2: Voltage 2
# name 18 = v3: Voltage 3
# name 19 = v4: Voltage 4
# name 20 = v5: Voltage 5
# name 21 = v6: Voltage 6
# name 22 = v7: Voltage 7
# name 23 = sbeox0V: Oxygen raw, SBE 43 [V]
# name 24 = sbeox1V: Oxygen raw, SBE 43, 2 [V]
# name 25 = sal00: Salinity, Practical [PSU]
# name 26 = sal11: Salinity, Practical, 2 [PSU]
# name 27 = sigma-é00: Density [sigma-theta, kg/m^3]
# name 28 = sigma-é11: Density, 2 [sigma-theta, kg/m^3]
# name 29 = sbeox0Mm/L: Oxygen, SBE 43 [umol/l], WS = 2
# name 30 = sbeox1Mm/L: Oxygen, SBE 43, 2 [umol/l], WS = 2
# name 31 = sbeox0PS: Oxygen, SBE 43 [% saturation], WS = 2
# name 32 = sbeox1PS: Oxygen, SBE 43, 2 [% saturation], WS = 2
# name 33 = flag: flag
# span 0 =        329,      18380       
# span 1 =     13.654,    765.801       
# span 2 =      1.006,    505.762       
# span 3 = -109.93536, -109.93532       
# span 4 =   21.91922,   21.91929       
# span 5 =      1.000,    502.000       
# span 6 =     7.8205,    27.7870       
# span 7 =     7.7913,    27.7375       
# span 8 = 3.5851e+04, 5.5484e+04       
# span 9 =   3.589895,   5.555195       
# span 10 =     0.0399,     1.4036      
# span 11 =     0.0578,     0.1462      
# span 12 =    96.4107,    98.5655      
# span 13 = -3.593e-06, 1.5720e+03      
# span 14 =          0,          0      
# span 15 =     0.5031,     2.4617      
# span 16 =     0.5137,     2.4521      
# span 17 =     0.0549,     0.1913      
# span 18 =     0.1121,     0.1151      
# span 19 =     4.4850,     4.5853      
# span 20 =     0.0000,     0.0000      
# span 21 =     0.0083,     4.1868      
# span 22 =     0.0000,     0.0000      
# span 23 =     0.5027,     2.4629      
# span 24 =     0.5132,     2.4499      
# span 25 =    33.9371,    34.7726      
# span 26 =    34.0259,    34.8571      
# span 27 =    22.1887,    26.9535      
# span 28 =    22.2684,    27.0200      
# span 29 =      0.835,    238.065      
# span 30 =      0.982,    249.268      
# span 31 =      0.285,    105.504      
# span 32 =      0.345,    110.421      
# span 33 = 0.0000e+00, 0.0000e+00      
# interval = meters: 1                  
# start_time = Oct 16 2019 19:51:47 [NMEA time, first data scan]
# bad_flag = -9.990e-29
*END*
        329     13.654      1.006 -109.93532   21.91923      1.000    27.7583    27.7290 5.5434e+04   5.553934     0.0400     0.0994    97.5448 1.5720e+03          0     2.3394     2.3305     0.0550     0.1123     4.5378     0.0000     4.1868     0.0000     2.3393     2.3298    34.6214    34.7169    22.1887    22.2700    197.735    208.114     97.647    102.778 0.0000e+00
        863     35.910      2.013 -109.93532   21.91924      2.000    27.7526    27.7193 5.5451e+04   5.553338     0.0619     0.0989    97.5579 1.0170e+03          0     2.3371     2.3268     0.0572     0.1141     4.5384     0.0000     4.0096     0.0000     2.3334     2.3293    34.6367    34.7196    22.2021    22.2753    197.209    208.090     97.386    102.751 0.0000e+00
        784     32.629      3.019 -109.93532   21.91924      3.000    27.7113    27.6693 5.5398e+04   5.547794     0.0638     0.0979    97.5844 9.7590e+02          0     2.3336     2.3268     0.0574     0.1142     4.5396     0.0000     3.9814     0.0000     2.3365     2.3326    34.6302    34.7172    22.2108    22.2898    197.119    208.930     97.272    103.080 0.0000e+00
        819     34.083      4.025 -109.93532   21.91924      4.000    27.6929    27.6599 5.5379e+04   5.546576     0.0639     0.0990    97.5559 6.5184e+02          0     2.3359     2.3284     0.0574     0.1139     4.5383     0.0000     3.7684     0.0000     2.3362     2.3319    34.6295    34.7153    22.2162    22.2915    198.116    208.557     97.734    102.879 0.0000e+00
        884     36.782      5.031 -109.93532   21.91924      5.000    27.7006    27.6564 5.5387e+04   5.545999     0.0688     0.0990    97.5552 2.2825e+02          0     2.3360     2.3327     0.0579     0.1141     4.5383     0.0000     3.3851     0.0000     2.3433     2.3329    34.6293    34.7135    22.2136    22.2914    198.395    208.904     97.884    103.043 0.0000e+00
        934     38.868      6.038 -109.93532   21.91924      6.000    27.7683    27.7234 5.5463e+04   5.553286     0.0638     0.0984    97.5702 2.5796e+02          0     2.3417     2.3306     0.0574     0.1140     4.5390     0.0000     3.4197     0.0000     2.3420     2.3311    34.6324    34.7150    22.1941    22.2708    198.181    208.413     97.889    102.915 0.0000e+00
       1011     42.089      7.044 -109.93533   21.91924      7.000    27.7694    27.7375 5.5465e+04   5.555195     0.0671     0.0978    97.5854 3.0018e+02          0     2.3415     2.3328     0.0577     0.1138     4.5397     0.0000     3.4722     0.0000     2.3382     2.3321    34.6327    34.7177    22.1941    22.2684    197.651    208.473     97.630    102.970 0.0000e+00
       1088     45.280      8.050 -109.93534   21.91924      8.000    27.7493    27.7162 5.5442e+04   5.552836     0.0653     0.0973    97.5978 3.6290e+02          0     2.3380     2.3317     0.0575     0.1140     4.5403     0.0000     3.5495     0.0000     2.3399     2.3321    34.6314    34.7166    22.1997    22.2745    197.870    208.613     97.705    103.003 0.0000e+00
       1145     47.651      9.057 -109.93534   21.91924      9.000    27.7870    27.7198 5.5484e+04   5.553449     0.0765     0.0976    97.5905 2.6272e+02          0     2.3388     2.3319     0.0586     0.1137     4.5399     0.0000     3.4240     0.0000     2.3333     2.3315    34.6330    34.7179    22.1887    22.2744    196.981    208.420     97.327    102.914 0.0000e+00
       1180     49.120     10.063 -109.93534   21.91924     10.000    27.7521    27.7110 5.5446e+04   5.552479     0.0761     0.0996    97.5415 2.4675e+02          0     2.3418     2.3319     0.0586     0.1143     4.5376     0.0000     3.4012     0.0000     2.3338     2.3293    34.6318    34.7173    22.1992    22.2769    197.492    208.319     97.522    102.849 0.0000e+00
       1218     50.727     11.069 -109.93534   21.91924     11.000    27.7607    27.7146 5.5456e+04   5.552771     0.0633     0.0982    97.5738 2.4952e+02          0     2.3346     2.3317     0.0573     0.1131     4.5392     0.0000     3.4040     0.0000     2.3385     2.3318    34.6321    34.7164    22.1968    22.2751    198.357    208.779     97.964    103.082 0.0000e+00
       1337     55.684     12.075 -109.93534   21.91924     12.000    27.7444    27.7016 5.5439e+04   5.551466     0.0695     0.0980    97.5805 1.6732e+02          0     2.3409     2.3319     0.0580     0.1146     4.5395     0.0000     3.2413     0.0000     2.3384     2.3295    34.6315    34.7165    22.2017    22.2795    197.573    208.280     97.550    102.813 0.0000e+00
       1366     56.859     13.082 -109.93534   21.91924     13.000    27.6464    27.6029 5.5331e+04   5.541628     0.0638     0.0982    97.5751 1.5750e+02          0     2.3397     2.3315     0.0574     0.1128     4.5392     0.0000     3.2112     0.0000     2.3343     2.3277    34.6280    34.7200    22.2308    22.3141    197.765    208.601     97.485    102.807 0.0000e+00
       1395     58.096     14.088 -109.93534   21.91924     14.000    27.6274    27.5868 5.5310e+04   5.538943     0.0709     0.0988    97.5594 1.8186e+02          0     2.3383     2.3296     0.0581     0.1129     4.5385     0.0000     3.2716     0.0000     2.3374     2.3288    34.6264    34.7127    22.2359    22.3139    198.564    208.927     97.848    102.936 0.0000e+00
       1429     59.504     15.095 -109.93534   21.91924     15.000    27.6209    27.5807 5.5303e+04   5.538280     0.0860     0.1001    97.5292 1.7177e+02          0     2.3369     2.3288     0.0596     0.1143     4.5371     0.0000     3.2474     0.0000     2.3362     2.3307    34.6262    34.7122    22.2379    22.3156    197.927    209.273     97.524    103.096 0.0000e+00
       1468     61.140     16.101 -109.93534   21.91924     16.000    27.6165    27.5763 5.5299e+04   5.537764     0.0940     0.1006    97.5168 1.6920e+02          0     2.3361     2.3284     0.0604     0.1137     4.5365     0.0000     3.2420     0.0000     2.3352     2.3311    34.6261    34.7115    22.2393    22.3166    198.314    209.190     97.707    103.047 0.0000e+00
       1565     65.162     17.107 -109.93534   21.91924     17.000    27.6156    27.5752 5.5298e+04   5.537649     0.0934     0.0991    97.5534 1.5365e+02          0     2.3364     2.3314     0.0603     0.1144     4.5382     0.0000     3.1991     0.0000     2.3347     2.3309    34.6260    34.7112    22.2396    22.3168    198.117    209.073     97.609    102.987 0.0000e+00
       1639     68.243     18.114 -109.93534   21.91924     18.000    27.6109    27.5707 5.5293e+04   5.537219     0.0991     0.1014    97.4966 1.3973e+02          0     2.3312     2.3327     0.0610     0.1135     4.5355     0.0000     3.1592     0.0000     2.3368     2.3258    34.6259    34.7112    22.2411    22.3183    198.160    208.749     97.623    102.820 0.0000e+00
       1680     69.972     19.120 -109.93534   21.91924     19.000    27.6089    27.5686 5.5292e+04   5.537048     0.1021     0.0997    97.5369 1.4166e+02          0     2.3355     2.3284     0.0613     0.1147     4.5374     0.0000     3.1642     0.0000     2.3320     2.3300    34.6260    34.7112    22.2420    22.3191    197.754    209.305     97.419    103.091 0.0000e+00
       1744     72.640     20.126 -109.93532   21.91922     20.000    27.6060    27.5659 5.5289e+04   5.536767     0.1088     0.1002    97.5270 1.3628e+02          0     2.3342     2.3282     0.0619     0.1131     4.5369     0.0000     3.1477     0.0000     2.3305     2.3289    34.6256    34.7110    22.2427    22.3199    197.650    208.960     97.363    102.916 0.0000e+00
       1826     76.039     21.133 -109.93532   21.91922     21.000    27.6043    27.5643 5.5288e+04   5.536654     0.1187     0.1015    97.4938 1.2791e+02          0     2.3307     2.3291     0.0629     0.1125     4.5354     0.0000     3.1206     0.0000     2.3326     2.3266    34.6263    34.7111    22.2438    22.3206    198.314    208.984     97.688    102.925 0.0000e+00
       1873     78.000     22.139 -109.93532   21.91922     22.000    27.6019    27.5618 5.5286e+04   5.536444     0.1128     0.1019    97.4852 1.3064e+02          0     2.3293     2.3266     0.0623     0.1147     4.5350     0.0000     3.1292     0.0000     2.3296     2.3284    34.6264    34.7112    22.2447    22.3215    197.227    209.046     97.149    102.951 0.0000e+00
       1938     80.723     23.145 -109.93532   21.91922     23.000    27.5968    27.5561 5.5280e+04   5.535739     0.1230     0.1010    97.5058 1.2399e+02          0     2.3303     2.3279     0.0633     0.1145     4.5359     0.0000     3.1069     0.0000     2.3278     2.3299    34.6254    34.7101    22.2457    22.3226    197.687    209.293     97.367    103.063 0.0000e+00
       2024     84.306     24.152 -109.93532   21.91922     24.000    27.5827    27.5423 5.5262e+04   5.534193     0.1255     0.1004    97.5222 1.1706e+02          0     2.3232     2.3299     0.0636     0.1137     4.5367     0.0000     3.0824     0.0000     2.3351     2.3161    34.6231    34.7091    22.2486    22.3264    201.179    207.811     99.062    102.309 0.0000e+00
       2059     85.745     25.158 -109.93532   21.91922     25.000    27.0883    27.0416 5.4695e+04   5.485024     0.1391     0.1047    97.4173 1.1430e+02          0     2.3336     2.3312     0.0649     0.1125     4.5319     0.0000     3.0720     0.0000     2.3803     2.3506    34.5866    34.7321    22.3791    22.5035    209.077    216.810    102.085    105.864 0.0000e+00
       2106     87.709     26.165 -109.93532   21.91922     26.000    26.0838    26.0399 5.3503e+04   5.360428     0.2282     0.1179    97.0950 1.1757e+02          0     2.3433     2.3241     0.0738     0.1145     4.5169     0.0000     3.0843     0.0000     2.4031     2.3819    34.4812    34.5876    22.6173    22.7112    212.992    222.250    102.213    106.641 0.0000e+00
       2177     90.651     27.171 -109.93532   21.91922     27.000    25.6027    25.5614 5.2965e+04   5.307080     0.2923     0.1272    96.8700 1.1474e+02          0     2.4017     2.3790     0.0802     0.1148     4.5064     0.0000     3.0736     0.0000     2.4202     2.3993    34.4521    34.5606    22.7447    22.8393    216.481    226.066    103.034    107.587 0.0000e+00
       2243     93.424     28.177 -109.93532   21.91922     28.000    24.8502    24.8053 5.2112e+04   5.221002     0.4993     0.1420    96.5123 1.1111e+02          0     2.4161     2.3947     0.1009     0.1139     4.4897     0.0000     3.0597     0.0000     2.4375     2.4195    34.3945    34.5017    22.9309    23.0254    221.604    231.085    104.101    108.538 0.0000e+00
       2300     95.794     29.184 -109.93532   21.91922     29.000    24.4030    24.3609 5.1609e+04   5.171089     0.5668     0.1462    96.4107 1.0658e+02          0     2.4305     2.4150     0.1077     0.1148     4.4850     0.0000     3.0417     0.0000     2.4512     2.4333    34.3619    34.4702    23.0405    23.1349    225.384    235.475    105.048    109.740 0.0000e+00
       2348     97.805     30.190 -109.93532   21.91922     30.000    23.9670    23.9238 5.1119e+04   5.121244     0.4941     0.1343    96.6980 1.0076e+02          0     2.4419     2.4214     0.1004     0.1148     4.4984     0.0000     3.0172     0.0000     2.4586     2.4497    34.3279    34.4321    23.1442    23.2358    226.444    238.490    104.733    110.287 0.0000e+00
       2415    100.571     31.197 -109.93532   21.91923     31.000    23.5595    23.5078 5.0676e+04   5.076559     0.4370     0.1338    96.7104 9.5965e+01          0     2.4583     2.4452     0.0947     0.1148     4.4990     0.0000     2.9962     0.0000     2.4518     2.4428    34.3068    34.4156    23.2477    23.3452    227.743    238.417    104.577    109.449 0.0000e+00
       2467    102.763     32.203 -109.93532   21.91924     32.000    22.6850    22.6459 4.9731e+04   4.985018     0.4309     0.1358    96.6627 9.2799e+01          0     2.4534     2.4497     0.0941     0.1148     4.4967     0.0000     2.9815     0.0000     2.4569     2.4442    34.2633    34.3864    23.4668    23.5713    232.838    243.139    105.268    109.928 0.0000e+00
       2514    104.702     33.209 -109.93532   21.91924     33.000    22.2893    22.2382 4.9295e+04   4.938181     0.3887     0.1287    96.8339 8.3179e+01          0     2.4530     2.4418     0.0899     0.1148     4.5047     0.0000     2.9340     0.0000     2.4629     2.4499    34.2355    34.3434    23.5577    23.6540    235.034    246.057    105.504    110.421 0.0000e+00
       2592    107.972     34.216 -109.93532   21.91924     34.000    21.8667    21.7916 4.8833e+04   4.888363     0.3457     0.1249    96.9257 8.1824e+01          0     2.4617     2.4492     0.0856     0.1141     4.5090     0.0000     2.9267     0.0000     2.4538     2.4498    34.2073    34.3064    23.6546    23.7507    234.460    247.000    104.442    109.944 0.0000e+00
       2662    110.864     35.222 -109.93532   21.91922     35.000    21.4229    21.3881 4.8360e+04   4.844940     0.3369     0.1203    97.0376 7.5769e+01          0     2.4561     2.4521     0.0847     0.1148     4.5142     0.0000     2.8938     0.0000     2.4410     2.4414    34.1852    34.2842    23.7604    23.8452    234.621    247.652    103.674    109.427 0.0000e+00
       2697    112.341     36.229 -109.93532   21.91922     36.000    21.2399    21.2007 4.8176e+04   4.826092     0.3369     0.1242    96.9425 7.3363e+01          0     2.4498     2.4461     0.0847     0.1148     4.5098     0.0000     2.8797     0.0000     2.4327     2.4345    34.1850    34.2838    23.8103    23.8961    234.939    247.373    103.473    108.936 0.0000e+00
       2732    113.781     37.235 -109.93532   21.91922     37.000    21.0669    21.0283 4.8001e+04   4.808438     0.3142     0.1188    97.0734 6.9074e+01          0     2.4441     2.4431     0.0824     0.1148     4.5158     0.0000     2.8535     0.0000     2.4309     2.4299    34.1835    34.2808    23.8562    23.9407    236.461    248.275    103.819    108.992 0.0000e+00
       2810    117.045     38.241 -109.93532   21.91923     38.000    20.9662    20.9005 4.7897e+04   4.794331     0.3422     0.1171    97.1141 6.5308e+01          0     2.4326     2.4329     0.0852     0.1134     4.5177     0.0000     2.8292     0.0000     2.4294     2.4268    34.1803    34.2701    23.8811    23.9672    236.178    248.263    103.504    108.728 0.0000e+00
       2904    120.961     39.248 -109.93532   21.91924     39.000    20.7900    20.7575 4.7722e+04   4.780293     0.3646     0.1171    97.1162 6.1279e+01          0     2.4308     2.4287     0.0875     0.1149     4.5178     0.0000     2.8017     0.0000     2.4054     2.4048    34.1811    34.2721    23.9293    24.0073    231.899    244.780    101.305    106.927 0.0000e+00
       2936    122.280     40.254 -109.93534   21.91924     40.000    20.6182    20.5798 4.7544e+04   4.762745     0.4019     0.1223    96.9893 5.9160e+01          0     2.4287     2.4220     0.0912     0.1148     4.5120     0.0000     2.7864     0.0000     2.3986     2.3968    34.1754    34.2738    23.9711    24.0563    234.923    246.163    102.303    107.186 0.0000e+00
       2964    123.463     41.261 -109.93534   21.91924     41.000    20.2758    20.2335 4.7180e+04   4.727398     0.4001     0.1189    97.0710 5.6793e+01          0     2.4172     2.4148     0.0910     0.1148     4.5157     0.0000     2.7687     0.0000     2.4034     2.3980    34.1569    34.2676    24.0480    24.1436    238.065    248.679    103.015    107.595 0.0000e+00
       3020    125.800     42.267 -109.93534   21.91924     42.000    20.1294    20.0561 4.7018e+04   4.705659     0.3909     0.1123    97.2326 5.3470e+01          0     2.4052     2.4022     0.0901     0.1141     4.5233     0.0000     2.7424     0.0000     2.4038     2.4013    34.1436    34.2344    24.0766    24.1651    237.395    249.268    102.443    107.480 0.0000e+00
