data/ctd-cnv/KM1919/KM1919-St22-P3/St22_P3_cast72-align-cellTM-derive-bin.cnv
* Sea-Bird SBE 9 Data File:
* FileName = C:\Users\otg\Desktop\CTD Data\km1920\St22_P3_cast72.hex
* Software Version Seasave V 7.26.7.107
* Temperature SN = 5554
* Conductivity SN = 3876
* Number of Bytes Per Scan = 41
* Number of Voltage Words = 4
* Number of Scans Averaged by the Deck Unit = 1
* NMEA Latitude = 21 55.15 N
* NMEA Longitude = 109 56.12 W
* NMEA UTC (Time) = Oct 16 2019  19:45:55
* NMEA baud rate = 4800
** Ship: Kilo Moana
** Station: St22  P3 cast 72
** Operator: jac
# nquan = 34
# nvalues = 502                         
# units = specified
# name 0 = scan: Scan Count
# name 1 = timeS: Time, Elapsed [seconds]
# name 2 = prDM: Pressure, Digiquartz [db]
# name 3 = longitude: Longitude [deg]
# name 4 = latitude: Latitude [deg]
# name 5 = depSM: Depth [salt water, m]
# name 6 = t090C: Temperature [ITS-90, deg C]
# name 7 = t190C: Temperature, 2 [ITS-90, deg C]
# name 8 = c0uS/cm: Conductivity [uS/cm]
# name 9 = c1S/m: Conductivity, 2 [S/m]
# name 10 = flECO-AFL: Fluorescence, WET Labs ECO-AFL/FL [mg/m^3]
# name 11 = CStarAt0: Beam Attenuation, WET Labs C-Star [1/m]
# name 12 = CStarTr0: Beam Transmission, WET Labs C-Star [%]
# name 13 = par: PAR/Irradiance, Biospherical/Licor
# name 14 = modError: Modulo Error Count
# name 15 = v0: Voltage 0
# name 16 = v1: Voltage 1
# name 17 = v2: Voltage 2
# name 18 = v3: Voltage 3
# name 19 = v4: Voltage 4
# name 20 = v5: Voltage 5
# name 21 = v6: Voltage 6
# name 22 = v7: Voltage 7
# name 23 = sbeox0V: Oxygen raw, SBE 43 [V]
# name 24 = sbeox1V: Oxygen raw, SBE 43, 2 [V]
# name 25 = sal00: Salinity, Practical [PSU]
# name 26 = sal11: Salinity, Practical, 2 [PSU]
# name 27 = sigma-é00: Density [sigma-theta, kg/m^3]
# name 28 = sigma-é11: Density, 2 [sigma-theta, kg/m^3]
# name 29 = sbeox0Mm/L: Oxygen, SBE 43 [umol/l], WS = 2
# name 30 = sbeox1Mm/L: Oxygen, SBE 43, 2 [umol/l], WS = 2
# name 31 = sbeox0PS: Oxygen, SBE 43 [% saturation], WS = 2
# name 32 = sbeox1PS: Oxygen, SBE 43, 2 [% saturation], WS = 2
# name 33 = flag: flag
# span 0 =        329,      18380       
# span 1 =     13.654,    765.801       
# span 2 =      1.006,    505.762       
# span 3 = -109.93536, -109.93532       
# span 4 =   21.91922,   21.91929       
# span 5 =      1.000,    502.000       
# span 6 =     7.8205,    27.7870       
# span 7 =     7.7913,    27.7375       
# span 8 = 3.5851e+04, 5.5484e+04       
# span 9 =   3.589895,   5.555195       
# span 10 =     0.0399,     1.4036      
# span 11 =     0.0578,     0.1462      
# span 12 =    96.4107,    98.5655      
# span 13 = -3.593e-06, 1.5720e+03      
# span 14 =          0,          0      
# span 15 =     0.5031,     2.4617      
# span 16 =     0.5137,     2.4521      
# span 17 =     0.0549,     0.1913      
# span 18 =     0.1121,     0.1151      
# span 19 =     4.4850,     4.5853      
# span 20 =     0.0000,     0.0000      
# span 21 =     0.0083,     4.1868      
# span 22 =     0.0000,     0.0000      
# span 23 =     0.5027,     2.4629      
# span 24 =     0.5132,     2.4499      
# span 25 =    33.9371,    34.7726      
# span 26 =    34.0259,    34.8571      
# span 27 =    22.1887,    26.9535      
# span 28 =    22.2684,    27.0200      
# span 29 =      0.835,    238.065      
# span 30 =      0.982,    249.268      
# span 31 =      0.285,    105.504      
# span 32 =      0.345,    110.421      
# span 33 = 0.0000e+00, 0.0000e+00      
# interval = meters: 1                  
# start_time = Oct 16 2019 19:51:47 [NMEA time, first data scan]
# bad_flag = -9.990e-29
*END*
[from data line 129]
       7329    305.347    130.856 -109.93534   21.91924    130.000    13.3735    13.3405 4.1119e+04   4.117786     0.1051     0.0667    98.3470 1.6509e-01          0     0.5079     0.5213     0.0615     0.1124     4.5751     0.0000     0.4352     0.0000     0.5071     0.5203    34.7484    34.8338    26.1261    26.1989      1.501      1.887      0.571      0.717 0.0000e+00
       7358    306.543    131.863 -109.93534   21.91924    131.000    13.3137    13.2783 4.1065e+04   4.112382     0.0887     0.0667    98.3470 1.5311e-01          0     0.5079     0.5212     0.0598     0.1124     4.5751     0.0000     0.4150     0.0000     0.5071     0.5197    34.7507    34.8392    26.1401    26.2158      1.504      1.862      0.571      0.707 0.0000e+00
       7404    308.450    132.870 -109.93534   21.91924    132.000    13.2670    13.2351 4.1022e+04   4.107935     0.0859     0.0667    98.3476 1.4377e-01          0     0.5079     0.5211     0.0596     0.1125     4.5751     0.0000     0.3987     0.0000     0.5071     0.5197    34.7525    34.8362    26.1510    26.2223      1.505      1.882      0.571      0.714 0.0000e+00
       7438    309.875    133.877 -109.93534   21.91924    133.000    13.2569    13.2253 4.1015e+04   4.107243     0.0828     0.0667    98.3470 1.3387e-01          0     0.5079     0.5205     0.0593     0.1124     4.5751     0.0000     0.3805     0.0000     0.5071     0.5194    34.7551    34.8382    26.1551    26.2258      1.506      1.859      0.571      0.705 0.0000e+00
       7464    310.962    134.884 -109.93534   21.91924    134.000    13.2568    13.2253 4.1016e+04   4.107274     0.0812     0.0667    98.3470 1.2756e-01          0     0.5079     0.5204     0.0591     0.1126     4.5751     0.0000     0.3686     0.0000     0.5071     0.5195    34.7554    34.8381    26.1554    26.2257      1.506      1.915      0.571      0.726 0.0000e+00
       7487    311.936    135.890 -109.93534   21.91924    135.000    13.2532    13.2217 4.1013e+04   4.107057     0.0794     0.0667    98.3482 1.2161e-01          0     0.5079     0.5207     0.0589     0.1125     4.5752     0.0000     0.3571     0.0000     0.5071     0.5194    34.7555    34.8389    26.1562    26.2271      1.506      1.891      0.571      0.717 0.0000e+00
       7511    312.920    136.897 -109.93534   21.91924    136.000    13.2309    13.1982 4.0993e+04   4.105129     0.0776     0.0667    98.3470 1.1273e-01          0     0.5079     0.5201     0.0587     0.1125     4.5751     0.0000     0.3392     0.0000     0.5071     0.5197    34.7565    34.8417    26.1615    26.2341      1.507      1.991      0.571      0.755 0.0000e+00
       7539    314.065    137.904 -109.93534   21.91924    137.000    13.2006    13.1683 4.0966e+04   4.102367     0.0765     0.0659    98.3664 1.0473e-01          0     0.5079     0.5202     0.0586     0.1127     4.5760     0.0000     0.3225     0.0000     0.5071     0.5198    34.7583    34.8425    26.1690    26.2408      1.509      1.913      0.571      0.724 0.0000e+00
       7568    315.295    138.911 -109.93534   21.91924    138.000    13.1719    13.1403 4.0940e+04   4.100003     0.0765     0.0660    98.3634 9.5028e-02          0     0.5079     0.5203     0.0586     0.1127     4.5759     0.0000     0.3012     0.0000     0.5071     0.5195    34.7598    34.8453    26.1760    26.2487      1.510      1.800      0.571      0.681 0.0000e+00
       7598    316.558    139.918 -109.93534   21.91924    139.000    13.1327    13.1006 4.0905e+04   4.096280     0.0658     0.0674    98.3286 8.7661e-02          0     0.5079     0.5204     0.0576     0.1125     4.5743     0.0000     0.2844     0.0000     0.5071     0.5193    34.7619    34.8460    26.1856    26.2572      1.511      1.857      0.572      0.702 0.0000e+00
       7626    317.708    140.925 -109.93534   21.91924    140.000    13.1282    13.0966 4.0902e+04   4.095850     0.0758     0.0688    98.2939 8.0565e-02          0     0.5079     0.5208     0.0586     0.1125     4.5726     0.0000     0.2676     0.0000     0.5071     0.5192    34.7625    34.8452    26.1870    26.2574      1.500      1.802      0.568      0.682 0.0000e+00
       7650    318.715    141.932 -109.93534   21.91924    141.000    13.1138    13.0807 4.0889e+04   4.094689     0.0766     0.0688    98.2945 7.0430e-02          0     0.5079     0.5203     0.0586     0.1126     4.5726     0.0000     0.2424     0.0000     0.5071     0.5191    34.7632    34.8483    26.1905    26.2631      1.504      1.808      0.569      0.683 0.0000e+00
       7674    319.708    142.939 -109.93534   21.91924    142.000    13.0786    13.0455 4.0859e+04   4.091711     0.0776     0.0688    98.2945 6.9416e-02          0     0.5079     0.5202     0.0587     0.1128     4.5726     0.0000     0.2396     0.0000     0.5071     0.5191    34.7662    34.8519    26.1999    26.2730      1.525      1.844      0.576      0.697 0.0000e+00
       7702    320.868    143.946 -109.93534   21.91924    143.000    13.0428    13.0105 4.0828e+04   4.088604     0.0661     0.0688    98.2945 6.1481e-02          0     0.5079     0.5201     0.0576     0.1124     4.5726     0.0000     0.2186     0.0000     0.5071     0.5190    34.7693    34.8541    26.2096    26.2817      1.507      1.758      0.569      0.664 0.0000e+00
       7736    322.276    144.953 -109.93533   21.91924    144.000    13.0096    12.9772 4.0798e+04   4.085572     0.0639     0.0689    98.2909 5.3894e-02          0     0.5079     0.5198     0.0574     0.1125     4.5724     0.0000     0.1976     0.0000     0.5070     0.5188    34.7705    34.8554    26.2171    26.2894      1.459      1.797      0.550      0.678 0.0000e+00
       7772    323.785    145.960 -109.93532   21.91924    145.000    12.9796    12.9472 4.0767e+04   4.082450     0.0639     0.0699    98.2683 5.1594e-02          0     0.5079     0.5199     0.0574     0.1127     4.5714     0.0000     0.1911     0.0000     0.5068     0.5187    34.7680    34.8529    26.2212    26.2935      1.476      1.763      0.557      0.665 0.0000e+00
       7808    325.277    146.967 -109.93532   21.91924    146.000    12.9377    12.9046 4.0726e+04   4.078506     0.0721     0.0704    98.2552 4.4201e-02          0     0.5079     0.5195     0.0582     0.1126     4.5708     0.0000     0.1691     0.0000     0.5069     0.5188    34.7675    34.8540    26.2293    26.3029      1.448      1.805      0.545      0.680 0.0000e+00
       7846    326.856    147.974 -109.93532   21.91924    147.000    12.8839    12.8519 4.0672e+04   4.072933     0.0632     0.0716    98.2258 3.6824e-02          0     0.5077     0.5197     0.0573     0.1127     4.5695     0.0000     0.1461     0.0000     0.5067     0.5186    34.7645    34.8489    26.2377    26.3094      1.444      1.708      0.543      0.643 0.0000e+00
       7887    328.582    148.981 -109.93532   21.91924    148.000    12.8641    12.8320 4.0653e+04   4.070988     0.0759     0.0720    98.2169 3.7981e-02          0     0.5077     0.5196     0.0586     0.1126     4.5691     0.0000     0.1499     0.0000     0.5064     0.5185    34.7642    34.8482    26.2414    26.3129      1.331      1.766      0.501      0.664 0.0000e+00
       7916    329.787    149.988 -109.93532   21.91924    149.000    12.8424    12.8106 4.0633e+04   4.068996     0.0726     0.0720    98.2156 3.5538e-02          0     0.5075     0.5194     0.0583     0.1124     4.5690     0.0000     0.1421     0.0000     0.5064     0.5185    34.7651    34.8484    26.2464    26.3174      1.464      1.676      0.550      0.630 0.0000e+00
       7936    330.628    150.995 -109.93532   21.91924    150.000    12.8301    12.7991 4.0624e+04   4.068213     0.0637     0.0720    98.2157 2.9753e-02          0     0.5075     0.5193     0.0574     0.1126     4.5690     0.0000     0.1230     0.0000     0.5064     0.5180    34.7666    34.8512    26.2501    26.3218      1.419      1.644      0.533      0.618 0.0000e+00
       7955    331.408    152.002 -109.93532   21.91924    151.000    12.8099    12.7789 4.0604e+04   4.066235     0.0639     0.0720    98.2157 2.6521e-02          0     0.5076     0.5192     0.0574     0.1123     4.5690     0.0000     0.1118     0.0000     0.5064     0.5182    34.7664    34.8504    26.2540    26.3252      1.339      1.747      0.503      0.656 0.0000e+00
       7974    332.201    153.009 -109.93532   21.91924    152.000    12.8016    12.7701 4.0596e+04   4.065252     0.0490     0.0721    98.2144 2.4417e-02          0     0.5071     0.5193     0.0559     0.1128     4.5689     0.0000     0.1043     0.0000     0.5061     0.5182    34.7654    34.8487    26.2549    26.3257      1.246      1.673      0.468      0.629 0.0000e+00
       7996    333.109    154.016 -109.93532   21.91924    153.000    12.7949    12.7633 4.0589e+04   4.064600     0.0568     0.0724    98.2058 1.7823e-02          0     0.5072     0.5193     0.0567     0.1125     4.5685     0.0000     0.0808     0.0000     0.5059     0.5181    34.7648    34.8483    26.2558    26.3268      1.377      1.672      0.517      0.628 0.0000e+00
       8024    334.299    155.023 -109.93532   21.91924    154.000    12.7878    12.7571 4.0584e+04   4.064022     0.0681     0.0730    98.1923 1.6927e-02          0     0.5073     0.5189     0.0578     0.1126     4.5679     0.0000     0.0773     0.0000     0.5061     0.5180    34.7655    34.8481    26.2577    26.3279      1.389      1.666      0.522      0.626 0.0000e+00
       8078    336.529    156.030 -109.93532   21.91924    155.000    12.7848    12.7514 4.0582e+04   4.063559     0.0635     0.0730    98.1917 1.2641e-02          0     0.5069     0.5189     0.0574     0.1133     4.5679     0.0000     0.0607     0.0000     0.5060     0.5181    34.7662    34.8485    26.2589    26.3293      1.340      1.697      0.503      0.637 0.0000e+00
       8137    338.986    157.037 -109.93532   21.91924    156.000    12.7747    12.7435 4.0574e+04   4.062988     0.0636     0.0727    98.1999 1.4988e-02          0     0.5069     0.5188     0.0574     0.1124     4.5683     0.0000     0.0700     0.0000     0.5059     0.5180    34.7678    34.8499    26.2621    26.3320      1.351      1.672      0.507      0.628 0.0000e+00
       8164    340.124    158.044 -109.93532   21.91924    157.000    12.7712    12.7398 4.0572e+04   4.062767     0.0639     0.0728    98.1958 5.4122e-03          0     0.5067     0.5189     0.0574     0.1125     4.5681     0.0000     0.0314     0.0000     0.5059     0.5180    34.7681    34.8507    26.2631    26.3334      1.332      1.614      0.500      0.606 0.0000e+00
       8187    341.083    159.051 -109.93532   21.91924    158.000    12.7558    12.7236 4.0558e+04   4.061471     0.0758     0.0731    98.1896 2.3881e-03          0     0.5068     0.5189     0.0586     0.1125     4.5678     0.0000     0.0191     0.0000     0.5058     0.5177    34.7689    34.8529    26.2668    26.3383      1.331      1.600      0.499      0.600 0.0000e+00
       8210    342.031    160.058 -109.93532   21.91924    159.000    12.7418    12.7105 4.0546e+04   4.060216     0.0640     0.0735    98.1805 3.4782e-03          0     0.5067     0.5188     0.0574     0.1124     4.5674     0.0000     0.0237     0.0000     0.5058     0.5178    34.7701    34.8525    26.2706    26.3406      1.371      1.735      0.515      0.651 0.0000e+00
       8234    343.037    161.065 -109.93532   21.91924    160.000    12.7355    12.7041 4.0543e+04   4.059901     0.0639     0.0742    98.1633 3.1223e-03          0     0.5067     0.5188     0.0574     0.1127     4.5665     0.0000     0.0220     0.0000     0.5059     0.5181    34.7724    34.8550    26.2736    26.3439      1.362      1.659      0.511      0.622 0.0000e+00
       8260    344.109    162.072 -109.93532   21.91924    161.000    12.7154    12.6832 4.0524e+04   4.058156     0.0622     0.0747    98.1496 1.1885e-04          0     0.5067     0.5186     0.0572     0.1125     4.5659     0.0000     0.0090     0.0000     0.5059     0.5178    34.7726    34.8571    26.2778    26.3496      1.323      1.627      0.496      0.610 0.0000e+00
       8289    345.313    163.079 -109.93532   21.91924    162.000    12.6847    12.6528 4.0492e+04   4.054979     0.0729     0.0746    98.1526 4.9319e-07          0     0.5067     0.5186     0.0583     0.1144     4.5660     0.0000     0.0084     0.0000     0.5058     0.5177    34.7697    34.8543    26.2816    26.3535      1.351      1.591      0.506      0.596 0.0000e+00
       8321    346.672    164.086 -109.93532   21.91924    163.000    12.6564    12.6244 4.0464e+04   4.052076     0.0629     0.0742    98.1626 2.6621e-04          0     0.5067     0.5188     0.0573     0.1141     4.5665     0.0000     0.0096     0.0000     0.5057     0.5177    34.7681    34.8522    26.2859    26.3574      1.283      1.693      0.481      0.634 0.0000e+00
       8354    348.060    165.093 -109.93532   21.91924    164.000    12.6356    12.6041 4.0444e+04   4.050040     0.0635     0.0745    98.1560 -3.593e-06          0     0.5066     0.5185     0.0574     0.1138     4.5662     0.0000     0.0085     0.0000     0.5058     0.5178    34.7675    34.8510    26.2896    26.3606      1.326      1.626      0.497      0.609 0.0000e+00
       8388    349.459    166.100 -109.93532   21.91924    165.000    12.6129    12.5812 4.0422e+04   4.047871     0.0636     0.0752    98.1375 1.0000e-12          0     0.5067     0.5184     0.0574     0.1131     4.5653     0.0000     0.0085     0.0000     0.5057     0.5176    34.7669    34.8509    26.2936    26.3650      1.306      1.620      0.489      0.606 0.0000e+00
       8424    350.971    167.108 -109.93532   21.91924    166.000    12.5877    12.5564 4.0398e+04   4.045457     0.0636     0.0752    98.1370 1.0000e-12          0     0.5065     0.5186     0.0574     0.1135     4.5653     0.0000     0.0085     0.0000     0.5055     0.5176    34.7672    34.8503    26.2988    26.3694      1.234      1.573      0.461      0.588 0.0000e+00
       8458    352.396    168.115 -109.93532   21.91924    167.000    12.5778    12.5467 4.0389e+04   4.044531     0.0639     0.0752    98.1370 1.0000e-12          0     0.5064     0.5185     0.0574     0.1134     4.5653     0.0000     0.0085     0.0000     0.5053     0.5174    34.7672    34.8499    26.3008    26.3710      1.248      1.621      0.467      0.606 0.0000e+00
       8486    353.556    169.122 -109.93532   21.91924    168.000    12.5706    12.5394 4.0383e+04   4.043948     0.0635     0.0752    98.1370 1.0000e-12          0     0.5064     0.5185     0.0574     0.1126     4.5653     0.0000     0.0084     0.0000     0.5052     0.5175    34.7675    34.8506    26.3025    26.3731      1.212      1.560      0.453      0.583 0.0000e+00
       8512    354.632    170.129 -109.93532   21.91924    169.000    12.5566    12.5251 4.0371e+04   4.042723     0.0629     0.0766    98.1034 1.0000e-12          0     0.5064     0.5183     0.0573     0.1126     4.5638     0.0000     0.0083     0.0000     0.5052     0.5172    34.7680    34.8516    26.3056    26.3766      1.244      1.569      0.465      0.586 0.0000e+00
       8538    355.714    171.136 -109.93532   21.91924    170.000    12.5431    12.5117 4.0359e+04   4.041550     0.0639     0.0752    98.1372 1.0000e-12          0     0.5062     0.5182     0.0574     0.1128     4.5653     0.0000     0.0084     0.0000     0.5050     0.5175    34.7686    34.8523    26.3087    26.3798      1.209      1.628      0.452      0.608 0.0000e+00
