data/ctd-cnv/KM1919/KM1919-St22-P3/St22_P3_cast70-align-cellTM-derive-bin.cnv
* Sea-Bird SBE 9 Data File:
* FileName = C:\Users\otg\Desktop\CTD Data\km1920\St22_P3_cast70.hex
* Software Version Seasave V 7.26.7.107
* Temperature SN = 5554
* Conductivity SN = 3876
* Number of Bytes Per Scan = 41
* Number of Voltage Words = 4
* Number of Scans Averaged by the Deck Unit = 1
* NMEA Latitude = 21 53.28 N
* NMEA Longitude = 109 56.41 W
* NMEA UTC (Time) = Oct 16 2019  11:59:08
* NMEA baud rate = 4800
** Ship: Kilo Moana
** Station: St22  P3 cast 70
** Operator: gr
# nquan = 34
# nvalues = 570                         
# units = specified
# name 0 = scan: Scan Count
# name 1 = timeS: Time, Elapsed [seconds]
# name 2 = prDM: Pressure, Digiquartz [db]
# name 3 = longitude: Longitude [deg]
# name 4 = latitude: Latitude [deg]
# name 5 = depSM: Depth [salt water, m]
# name 6 = t090C: Temperature [ITS-90, deg C]
# name 7 = t190C: Temperature, 2 [ITS-90, deg C]
# name 8 = c0uS/cm: Conductivity [uS/cm]
# name 9 = c1S/m: Conductivity, 2 [S/m]
# name 10 = flECO-AFL: Fluorescence, WET Labs ECO-AFL/FL [mg/m^3]
# name 11 = CStarAt0: Beam Attenuation, WET Labs C-Star [1/m]
# name 12 = CStarTr0: Beam Transmission, WET Labs C-Star [%]
# name 13 = par: PAR/Irradiance, Biospherical/Licor
# name 14 = modError: Modulo Error Count
# name 15 = v0: Voltage 0
# name 16 = v1: Voltage 1
# name 17 = v2: Voltage 2
# name 18 = v3: Voltage 3
# name 19 = v4: Voltage 4
# name 20 = v5: Voltage 5
# name 21 = v6: Voltage 6
# name 22 = v7: Voltage 7
# name 23 = sbeox0V: Oxygen raw, SBE 43 [V]
# name 24 = sbeox1V: Oxygen raw, SBE 43, 2 [V]
# name 25 = sal00: Salinity, Practical [PSU]
# name 26 = sal11: Salinity, Practical, 2 [PSU]
# name 27 = sigma-é00: Density [sigma-theta, kg/m^3]
# name 28 = sigma-é11: Density, 2 [sigma-theta, kg/m^3]
# name 29 = sbeox0Mm/L: Oxygen, SBE 43 [umol/l], WS = 2
# name 30 = sbeox1Mm/L: Oxygen, SBE 43, 2 [umol/l], WS = 2
# name 31 = sbeox0PS: Oxygen, SBE 43 [% saturation], WS = 2
# name 32 = sbeox1PS: Oxygen, SBE 43, 2 [% saturation], WS = 2
# name 33 = flag: flag
# span 0 =         99,      19597       
# span 1 =      4.099,    816.519       
# span 2 =      2.013,    575.374       
# span 3 = -109.94014, -109.94002       
# span 4 =   21.88814,   21.88869       
# span 5 =      2.000,    571.000       
# span 6 =     7.2184,    27.6362       
# span 7 =     7.1940,    27.5958       
# span 8 = 3.5322e+04, 5.5319e+04       
# span 9 =   3.537210,   5.539730       
# span 10 =     0.0509,     1.2529      
# span 11 =     0.0563,     0.1336      
# span 12 =    96.7160,    98.6023      
# span 13 = -6.272e-05, 4.9097e+00      
# span 14 =          0,          0      
# span 15 =     0.5031,     2.4878      
# span 16 =     0.5130,     2.4774      
# span 17 =     0.0561,     0.1763      
# span 18 =     0.1148,     0.1180      
# span 19 =     4.4992,     4.5870      
# span 20 =     0.0000,     0.0000      
# span 21 =     0.0078,     1.6860      
# span 22 =     0.0000,     0.0000      
# span 23 =     0.5024,     2.4836      
# span 24 =     0.5123,     2.4739      
# span 25 =    33.9220,    34.7768      
# span 26 =    34.0100,    34.8611      
# span 27 =    22.2344,    27.0331      
# span 28 =    22.3111,    27.0983      
# span 29 =      0.690,    239.088      
# span 30 =      0.925,    250.398      
# span 31 =      0.236,    106.561      
# span 32 =      0.309,    111.457      
# span 33 = 0.0000e+00, 0.0000e+00      
# interval = meters: 1                  
# start_time = Oct 16 2019 12:02:10 [NMEA time, first data scan]
# bad_flag = -9.990e-29
*END*
[from data line 129]
       6923    288.412    131.862 -109.94008   21.88828    131.000    13.4316    13.3994 4.1176e+04   4.123458     0.1128     0.0646    98.3994 1.0000e-12          0     0.5092     0.5227     0.0623     0.1155     4.5775     0.0000     0.0085     0.0000     0.5082     0.5216    34.7486    34.8331    26.1145    26.1864      1.577      2.196      0.600      0.836 0.0000e+00
       6953    289.660    132.869 -109.94008   21.88828    132.000    13.4067    13.3744 4.1151e+04   4.121044     0.1024     0.0643    98.4057 1.0000e-12          0     0.5091     0.5226     0.0613     0.1154     4.5779     0.0000     0.0085     0.0000     0.5078     0.5214    34.7475    34.8327    26.1187    26.1913      1.449      2.045      0.551      0.778 0.0000e+00
       6986    291.040    133.876 -109.94008   21.88828    133.000    13.3766    13.3445 4.1124e+04   4.118261     0.0968     0.0664    98.3536 1.0000e-12          0     0.5092     0.5224     0.0607     0.1153     4.5754     0.0000     0.0084     0.0000     0.5073     0.5208    34.7492    34.8333    26.1262    26.1979      1.609      2.053      0.612      0.780 0.0000e+00
       7015    292.258    134.883 -109.94008   21.88828    134.000    13.3642    13.3323 4.1114e+04   4.117183     0.0881     0.0663    98.3569 1.0000e-12          0     0.5089     0.5226     0.0598     0.1152     4.5755     0.0000     0.0085     0.0000     0.5081     0.5209    34.7503    34.8339    26.1296    26.2008      1.800      2.147      0.684      0.816 0.0000e+00
       7038    293.214    135.890 -109.94008   21.88828    135.000    13.3488    13.3168 4.1103e+04   4.116084     0.0883     0.0688    98.2952 1.0000e-12          0     0.5088     0.5222     0.0598     0.1152     4.5727     0.0000     0.0084     0.0000     0.5083     0.5211    34.7533    34.8373    26.1350    26.2066      1.712      2.054      0.650      0.780 0.0000e+00
       7058    294.049    136.897 -109.94008   21.88828    136.000    13.3170    13.2840 4.1075e+04   4.113390     0.0883     0.0653    98.3811 1.0000e-12          0     0.5081     0.5219     0.0598     0.1152     4.5767     0.0000     0.0084     0.0000     0.5082     0.5206    34.7552    34.8414    26.1431    26.2165      1.629      2.021      0.619      0.767 0.0000e+00
       7078    294.870    137.904 -109.94008   21.88828    137.000    13.2925    13.2605 4.1053e+04   4.111033     0.0759     0.0649    98.3900 1.0000e-12          0     0.5082     0.5218     0.0586     0.1151     4.5771     0.0000     0.0084     0.0000     0.5081     0.5209    34.7562    34.8402    26.1488    26.2204      1.642      2.080      0.623      0.789 0.0000e+00
       7099    295.740    138.911 -109.94008   21.88828    138.000    13.2870    13.2554 4.1048e+04   4.110504     0.0738     0.0660    98.3648 1.0000e-12          0     0.5089     0.5217     0.0584     0.1151     4.5759     0.0000     0.0084     0.0000     0.5082     0.5206    34.7561    34.8394    26.1499    26.2208      1.709      2.036      0.648      0.773 0.0000e+00
       7123    296.754    139.918 -109.94008   21.88828    139.000    13.2710    13.2389 4.1033e+04   4.109085     0.0756     0.0662    98.3598 1.0000e-12          0     0.5091     0.5219     0.0586     0.1151     4.5757     0.0000     0.0085     0.0000     0.5083     0.5207    34.7564    34.8407    26.1534    26.2252      1.885      2.176      0.715      0.825 0.0000e+00
       7151    297.916    140.925 -109.94008   21.88828    140.000    13.2509    13.2193 4.1015e+04   4.107213     0.0752     0.0664    98.3532 1.0000e-12          0     0.5091     0.5217     0.0585     0.1152     4.5754     0.0000     0.0085     0.0000     0.5097     0.5216    34.7573    34.8404    26.1582    26.2290      2.662      2.627      1.009      0.996 0.0000e+00
       7178    299.035    141.932 -109.94008   21.88828    141.000    13.2454    13.2138 4.1012e+04   4.106830     0.0851     0.0643    98.4042 1.0000e-12          0     0.5090     0.5214     0.0595     0.1152     4.5777     0.0000     0.0084     0.0000     0.5121     0.5237    34.7590    34.8415    26.1606    26.2309      3.022      3.078      1.146      1.167 0.0000e+00
       7203    300.080    142.939 -109.94008   21.88828    142.000    13.2234    13.1909 4.0996e+04   4.105448     0.0698     0.0618    98.4665 1.0000e-12          0     0.5092     0.5215     0.0580     0.1152     4.5807     0.0000     0.0085     0.0000     0.5133     0.5254    34.7635    34.8490    26.1686    26.2414      2.759      3.212      1.046      1.217 0.0000e+00
       7228    301.145    143.946 -109.94008   21.88829    143.000    13.1812    13.1491 4.0956e+04   4.101530     0.0549     0.0595    98.5228 1.0000e-12          0     0.5100     0.5222     0.0565     0.1153     4.5832     0.0000     0.0085     0.0000     0.5139     0.5264    34.7643    34.8497    26.1778    26.2504      2.497      3.073      0.945      1.163 0.0000e+00
       7262    302.523    144.953 -109.94008   21.88830    144.000    13.1524    13.1205 4.0930e+04   4.098708     0.0600     0.0608    98.4905 1.0000e-12          0     0.5129     0.5245     0.0570     0.1155     4.5818     0.0000     0.0085     0.0000     0.5133     0.5264    34.7650    34.8487    26.1841    26.2554      2.162      2.777      0.818      1.051 0.0000e+00
       7295    303.920    145.960 -109.94008   21.88830    145.000    13.1018    13.0691 4.0881e+04   4.093975     0.0509     0.0603    98.5045 1.0000e-12          0     0.5144     0.5267     0.0561     0.1163     4.5824     0.0000     0.0084     0.0000     0.5122     0.5251    34.7642    34.8505    26.1938    26.2672      1.889      2.505      0.714      0.947 0.0000e+00
       7329    305.328    146.967 -109.94008   21.88830    146.000    13.0537    13.0218 4.0837e+04   4.089465     0.0517     0.0603    98.5045 1.0000e-12          0     0.5144     0.5274     0.0562     0.1151     4.5824     0.0000     0.0085     0.0000     0.5110     0.5239    34.7660    34.8506    26.2049    26.2768      1.712      2.290      0.646      0.865 0.0000e+00
       7367    306.904    147.974 -109.94008   21.88830    147.000    13.0298    12.9980 4.0815e+04   4.087199     0.0517     0.0613    98.4785 1.0000e-12          0     0.5135     0.5265     0.0562     0.1153     4.5812     0.0000     0.0084     0.0000     0.5095     0.5227    34.7666    34.8505    26.2102    26.2816      1.400      2.149      0.528      0.811 0.0000e+00
       7399    308.243    148.981 -109.94008   21.88830    148.000    13.0096    12.9779 4.0796e+04   4.085353     0.0563     0.0639    98.4163 1.0000e-12          0     0.5123     0.5255     0.0567     0.1151     4.5784     0.0000     0.0085     0.0000     0.5083     0.5213    34.7666    34.8509    26.2142    26.2859      1.390      1.846      0.525      0.696 0.0000e+00
       7421    309.185    149.987 -109.94008   21.88830    149.000    12.9887    12.9569 4.0778e+04   4.083583     0.0637     0.0668    98.3449 1.0000e-12          0     0.5116     0.5243     0.0574     0.1151     4.5750     0.0000     0.0084     0.0000     0.5075     0.5205    34.7688    34.8530    26.2201    26.2917      1.241      1.816      0.468      0.685 0.0000e+00
       7443    310.097    150.995 -109.94008   21.88830    150.000    12.9706    12.9388 4.0764e+04   4.082106     0.0645     0.0701    98.2641 1.0000e-12          0     0.5107     0.5238     0.0575     0.1149     4.5712     0.0000     0.0084     0.0000     0.5071     0.5197    34.7715    34.8552    26.2259    26.2971      1.452      1.755      0.548      0.662 0.0000e+00
       7467    311.077    152.001 -109.94008   21.88830    151.000    12.9571    12.9257 4.0753e+04   4.080968     0.0758     0.0710    98.2394 1.0000e-12          0     0.5096     0.5228     0.0586     0.1151     4.5701     0.0000     0.0085     0.0000     0.5071     0.5194    34.7730    34.8560    26.2297    26.3003      1.520      1.791      0.573      0.675 0.0000e+00
       7493    312.178    153.009 -109.94008   21.88830    152.000    12.9470    12.9155 4.0744e+04   4.080072     0.0725     0.0713    98.2324 1.0000e-12          0     0.5089     0.5217     0.0582     0.1167     4.5698     0.0000     0.0085     0.0000     0.5071     0.5191    34.7732    34.8563    26.2319    26.3027      1.520      1.801      0.573      0.679 0.0000e+00
       7524    313.439    154.016 -109.94008   21.88830    153.000    12.9317    12.9001 4.0730e+04   4.078775     0.0683     0.0716    98.2243 1.0000e-12          0     0.5080     0.5208     0.0578     0.1151     4.5694     0.0000     0.0085     0.0000     0.5071     0.5191    34.7736    34.8577    26.2354    26.3069      1.503      1.846      0.566      0.695 0.0000e+00
       7553    314.668    155.023 -109.94008   21.88830    154.000    12.9166    12.8854 4.0717e+04   4.077351     0.0743     0.0720    98.2155 1.0000e-12          0     0.5079     0.5201     0.0584     0.1159     4.5690     0.0000     0.0085     0.0000     0.5071     0.5190    34.7742    34.8572    26.2389    26.3094      1.530      1.704      0.576      0.642 0.0000e+00
       7578    315.704    156.030 -109.94008   21.88830    155.000    12.8823    12.8490 4.0682e+04   4.074013     0.0756     0.0721    98.2135 1.0000e-12          0     0.5079     0.5199     0.0586     0.1172     4.5689     0.0000     0.0084     0.0000     0.5070     0.5185    34.7720    34.8585    26.2440    26.3177      1.412      1.715      0.531      0.645 0.0000e+00
       7604    316.802    157.037 -109.94008   21.88830    156.000    12.8500    12.8185 4.0651e+04   4.070848     0.0753     0.0735    98.1803 1.0000e-12          0     0.5079     0.5199     0.0585     0.1172     4.5673     0.0000     0.0085     0.0000     0.5065     0.5185    34.7719    34.8559    26.2504    26.3217      1.290      1.726      0.485      0.649 0.0000e+00
       7638    318.225    158.044 -109.94008   21.88828    157.000    12.8348    12.8040 4.0636e+04   4.069313     0.0758     0.0742    98.1635 1.0000e-12          0     0.5079     0.5196     0.0586     0.1156     4.5665     0.0000     0.0085     0.0000     0.5066     0.5183    34.7712    34.8542    26.2529    26.3234      1.471      1.666      0.553      0.626 0.0000e+00
       7677    319.832    159.051 -109.94008   21.88828    158.000    12.8304    12.7991 4.0632e+04   4.068808     0.0839     0.0741    98.1654 1.0000e-12          0     0.5076     0.5193     0.0594     0.1164     4.5666     0.0000     0.0085     0.0000     0.5066     0.5182    34.7711    34.8534    26.2538    26.3237      1.507      1.725      0.567      0.648 0.0000e+00
       7710    321.227    160.058 -109.94008   21.88828    159.000    12.8187    12.7863 4.0620e+04   4.067598     0.0756     0.0737    98.1752 1.0000e-12          0     0.5073     0.5193     0.0586     0.1149     4.5671     0.0000     0.0085     0.0000     0.5066     0.5183    34.7697    34.8533    26.2550    26.3262      1.362      1.723      0.512      0.648 0.0000e+00
       7738    322.377    161.065 -109.94008   21.88828    160.000    12.7496    12.7162 4.0550e+04   4.061005     0.0747     0.0782    98.0641 1.0000e-12          0     0.5073     0.5190     0.0585     0.1166     4.5619     0.0000     0.0085     0.0000     0.5063     0.5182    34.7662    34.8544    26.2660    26.3409      1.361      1.692      0.511      0.635 0.0000e+00
       7764    323.479    162.072 -109.94008   21.88828    161.000    12.7241    12.6929 4.0526e+04   4.058237     0.0662     0.0752    98.1370 1.0000e-12          0     0.5074     0.5189     0.0576     0.1172     4.5653     0.0000     0.0084     0.0000     0.5064     0.5181    34.7661    34.8489    26.2710    26.3413      1.388      1.677      0.521      0.629 0.0000e+00
       7790    324.532    163.079 -109.94008   21.88828    162.000    12.7216    12.6904 4.0525e+04   4.058203     0.0731     0.0753    98.1337 1.0000e-12          0     0.5075     0.5192     0.0583     0.1172     4.5651     0.0000     0.0084     0.0000     0.5060     0.5180    34.7674    34.8505    26.2725    26.3431      1.348      1.652      0.506      0.619 0.0000e+00
       7814    325.546    164.086 -109.94008   21.88828    163.000    12.7064    12.6749 4.0510e+04   4.056783     0.0751     0.0760    98.1180 1.0000e-12          0     0.5072     0.5189     0.0585     0.1172     4.5644     0.0000     0.0084     0.0000     0.5062     0.5179    34.7666    34.8507    26.2749    26.3464      1.406      1.666      0.527      0.625 0.0000e+00
       7839    326.565    165.093 -109.94008   21.88828    164.000    12.6789    12.6468 4.0482e+04   4.053988     0.0665     0.0762    98.1129 1.0000e-12          0     0.5070     0.5189     0.0577     0.1172     4.5642     0.0000     0.0085     0.0000     0.5063     0.5181    34.7646    34.8495    26.2788    26.3510      1.424      1.737      0.534      0.651 0.0000e+00
       7865    327.666    166.100 -109.94008   21.88829    165.000    12.6749    12.6438 4.0486e+04   4.054063     0.0625     0.0755    98.1302 1.0000e-12          0     0.5071     0.5189     0.0573     0.1155     4.5650     0.0000     0.0085     0.0000     0.5063     0.5180    34.7711    34.8525    26.2847    26.3540      1.413      1.663      0.529      0.623 0.0000e+00
       7895    328.899    167.107 -109.94008   21.88830    166.000    12.6609    12.6296 4.0475e+04   4.053072     0.0616     0.0763    98.1106 1.0000e-12          0     0.5070     0.5187     0.0572     0.1167     4.5641     0.0000     0.0084     0.0000     0.5061     0.5181    34.7730    34.8557    26.2889    26.3592      1.333      1.701      0.499      0.637 0.0000e+00
       7926    330.210    168.114 -109.94008   21.88830    167.000    12.6370    12.6053 4.0452e+04   4.050888     0.0648     0.0763    98.1107 1.0000e-12          0     0.5070     0.5189     0.0575     0.1172     4.5641     0.0000     0.0084     0.0000     0.5061     0.5179    34.7728    34.8568    26.2935    26.3649      1.373      1.631      0.514      0.611 0.0000e+00
       7953    331.349    169.121 -109.94008   21.88830    168.000    12.6042    12.5725 4.0422e+04   4.047945     0.0738     0.0763    98.1107 1.0000e-12          0     0.5071     0.5188     0.0584     0.1168     4.5641     0.0000     0.0085     0.0000     0.5060     0.5179    34.7739    34.8584    26.3009    26.3726      1.355      1.652      0.507      0.618 0.0000e+00
       7977    332.354    170.128 -109.94008   21.88830    169.000    12.5720    12.5398 4.0394e+04   4.045126     0.0632     0.0763    98.1095 1.0000e-12          0     0.5070     0.5188     0.0573     0.1148     4.5640     0.0000     0.0084     0.0000     0.5061     0.5178    34.7759    34.8611    26.3087    26.3811      1.375      1.671      0.514      0.625 0.0000e+00
       8002    333.363    171.135 -109.94008   21.88830    170.000    12.5455    12.5139 4.0370e+04   4.042666     0.0634     0.0772    98.0886 1.0000e-12          0     0.5069     0.5188     0.0574     0.1150     4.5631     0.0000     0.0085     0.0000     0.5059     0.5178    34.7768    34.8610    26.3146    26.3862      1.340      1.651      0.501      0.617 0.0000e+00
       8032    334.613    172.142 -109.94008   21.88830    171.000    12.5179    12.4866 4.0343e+04   4.039908     0.0632     0.0766    98.1033 1.0000e-12          0     0.5068     0.5187     0.0573     0.1170     4.5638     0.0000     0.0084     0.0000     0.5061     0.5177    34.7759    34.8593    26.3193    26.3902      1.414      1.595      0.528      0.595 0.0000e+00
