data/ctd-cnv/KM1919/KM1919-St22-P3/St22_P3_cast65-align-cellTM-derive-bin.cnv
* Sea-Bird SBE 9 Data File:
* FileName = C:\Users\otg\Desktop\CTD Data\km1920\St22_P3_cast65.hex
* Software Version Seasave V 7.26.7.107
* Temperature SN = 5554
* Conductivity SN = 3876
* Number of Bytes Per Scan = 41
* Number of Voltage Words = 4
* Number of Scans Averaged by the Deck Unit = 1
* NMEA Latitude = 21 50.59 N
* NMEA Longitude = 109 59.06 W
* NMEA UTC (Time) = Oct 15 2019  15:01:25
* NMEA baud rate = 4800
** Ship: Kilo Moana
** Station: St22  P3 cast 65
** Operator: cf
** Al's cast
# nquan = 34
# nvalues = 503                         
# units = specified
# name 0 = scan: Scan Count
# name 1 = timeS: Time, Elapsed [seconds]
# name 2 = prDM: Pressure, Digiquartz [db]
# name 3 = longitude: Longitude [deg]
# name 4 = latitude: Latitude [deg]
# name 5 = depSM: Depth [salt water, m]
# name 6 = t090C: Temperature [ITS-90, deg C]
# name 7 = t190C: Temperature, 2 [ITS-90, deg C]
# name 8 = c0uS/cm: Conductivity [uS/cm]
# name 9 = c1S/m: Conductivity, 2 [S/m]
# name 10 = flECO-AFL: Fluorescence, WET Labs ECO-AFL/FL [mg/m^3]
# name 11 = CStarAt0: Beam Attenuation, WET Labs C-Star [1/m]
# name 12 = CStarTr0: Beam Transmission, WET Labs C-Star [%]
# name 13 = par: PAR/Irradiance, Biospherical/Licor
# name 14 = modError: Modulo Error Count
# name 15 = v0: Voltage 0
# name 16 = v1: Voltage 1
# name 17 = v2: Voltage 2
# name 18 = v3: Voltage 3
# name 19 = v4: Voltage 4
# name 20 = v5: Voltage 5
# name 21 = v6: Voltage 6
# name 22 = v7: Voltage 7
# name 23 = sbeox0V: Oxygen raw, SBE 43 [V]
# name 24 = sbeox1V: Oxygen raw, SBE 43, 2 [V]
# name 25 = sal00: Salinity, Practical [PSU]
# name 26 = sal11: Salinity, Practical, 2 [PSU]
# name 27 = sigma-é00: Density [sigma-theta, kg/m^3]
# name 28 = sigma-é11: Density, 2 [sigma-theta, kg/m^3]
# name 29 = sbeox0Mm/L: Oxygen, SBE 43 [umol/l], WS = 2
# name 30 = sbeox1Mm/L: Oxygen, SBE 43, 2 [umol/l], WS = 2
# name 31 = sbeox0PS: Oxygen, SBE 43 [% saturation], WS = 2
# name 32 = sbeox1PS: Oxygen, SBE 43, 2 [% saturation], WS = 2
# name 33 = flag: flag
# span 0 =         37,      19027       
# span 1 =      1.509,    792.753       
# span 2 =      1.006,    506.768       
# span 3 = -109.98438, -109.98430       
# span 4 =   21.84316,   21.84320       
# span 5 =      1.000,    503.000       
# span 6 =     7.8930,    27.5914       
# span 7 =     7.8679,    27.5442       
# span 8 = 3.5917e+04, 5.5241e+04       
# span 9 =   3.596751,   5.531272       
# span 10 =     0.0427,     1.1143      
# span 11 =     0.0568,     0.1218      
# span 12 =    97.0000,    98.5906      
# span 13 = -1.170e-05, 9.4394e+02      
# span 14 =          0,          0      
# span 15 =     0.5031,     2.5084      
# span 16 =     0.5129,     2.4988      
# span 17 =     0.0552,     0.1624      
# span 18 =     0.1123,     0.1177      
# span 19 =     4.5124,     4.5864      
# span 20 =     0.0000,     0.0000      
# span 21 =     0.0081,     3.9211      
# span 22 =     0.0000,     0.0000      
# span 23 =     0.5024,     2.5097      
# span 24 =     0.5123,     2.5013      
# span 25 =    33.9520,    34.7764      
# span 26 =    34.0611,    34.8597      
# span 27 =    22.2329,    26.9413      
# span 28 =    22.3127,    27.0067      
# span 29 =      0.840,    240.291      
# span 30 =      0.858,    251.472      
# span 31 =      0.293,    108.199      
# span 32 =      0.291,    113.373      
# span 33 = 0.0000e+00, 0.0000e+00      
# interval = meters: 1                  
# start_time = Oct 15 2019 15:04:34 [NMEA time, first data scan]
# bad_flag = -9.990e-29
*END*
[from data line 86]
       3512    146.303     87.563 -109.98435   21.84316     87.000    15.4948    15.4629 4.2904e+04   4.296092     0.4698     0.0805    98.0072 9.2578e-01          0     0.9501     1.0270     0.0980     0.1148     4.5593     0.0000     1.0242     0.0000     0.7841     0.8385    34.5137    34.5928    25.4905    25.5586     29.051     37.676     11.505     14.919 0.0000e+00
       3537    147.349     88.570 -109.98434   21.84316     88.000    15.5195    15.4871 4.2953e+04   4.300954     0.4360     0.0787    98.0515 8.5380e-01          0     0.8941     0.9698     0.0946     0.1148     4.5614     0.0000     0.9926     0.0000     0.7607     0.8042    34.5352    34.6149    25.5016    25.5703     29.757     36.111     11.792     14.308 0.0000e+00
       3561    148.350     89.576 -109.98434   21.84316     89.000    15.5160    15.4809 4.2955e+04   4.301455     0.4258     0.0775    98.0827 7.8452e-01          0     0.8412     0.9115     0.0936     0.1148     4.5628     0.0000     0.9597     0.0000     0.7462     0.7828    34.5400    34.6245    25.5062    25.5791     30.065     35.367     11.914     14.012 0.0000e+00
       3590    149.539     90.583 -109.98434   21.84316     90.000    15.4851    15.4519 4.2924e+04   4.298395     0.4233     0.0779    98.0706 7.2255e-01          0     0.7946     0.8519     0.0933     0.1147     4.5623     0.0000     0.9281     0.0000     0.7358     0.7670    34.5390    34.6221    25.5123    25.5838     30.227     34.726     11.971     13.750 0.0000e+00
       3648    151.960     91.590 -109.98434   21.84316     91.000    15.4711    15.4418 4.2911e+04   4.297426     0.4243     0.0772    98.0902 6.6986e-01          0     0.7473     0.7838     0.0934     0.1148     4.5632     0.0000     0.8994     0.0000     0.7160     0.7453    34.5390    34.6219    25.5155    25.5858     25.028     31.518      9.909     12.478 0.0000e+00
       3701    154.176     92.596 -109.98434   21.84316     92.000    15.4078    15.3701 4.2866e+04   4.293032     0.4305     0.0864    97.8620 6.2692e-01          0     0.7295     0.7566     0.0940     0.1148     4.5525     0.0000     0.8745     0.0000     0.6701     0.7073    34.5536    34.6450    25.5409    25.6197     15.928     23.042      6.298      9.110 0.0000e+00
       3726    155.205     93.603 -109.98434   21.84316     93.000    15.1746    15.1347 4.2662e+04   4.272788     0.4212     0.0763    98.1105 5.8573e-01          0     0.7231     0.7500     0.0931     0.1148     4.5641     0.0000     0.8491     0.0000     0.6529     0.6855    34.5742    34.6695    25.6084    25.6907     17.016     21.607      6.699      8.505 0.0000e+00
       3749    156.180     94.610 -109.98434   21.84316     94.000    15.1167    15.0815 4.2605e+04   4.266815     0.3783     0.0751    98.1404 5.3949e-01          0     0.7079     0.7398     0.0889     0.1146     4.5655     0.0000     0.8187     0.0000     0.6438     0.6723    34.5735    34.6620    25.6206    25.6966     17.825     21.268      7.009      8.362 0.0000e+00
       3774    157.212     95.617 -109.98434   21.84316     95.000    15.0725    15.0374 4.2559e+04   4.262221     0.3437     0.0747    98.1506 4.9408e-01          0     0.6813     0.7184     0.0854     0.1148     4.5659     0.0000     0.7867     0.0000     0.6389     0.6638    34.5705    34.6590    25.6281    25.7040     18.468     21.182      7.256      8.321 0.0000e+00
       3806    158.529     96.623 -109.98434   21.84316     96.000    15.0320    14.9981 4.2518e+04   4.257952     0.3437     0.0734    98.1825 4.5805e-01          0     0.6566     0.6899     0.0854     0.1148     4.5675     0.0000     0.7594     0.0000     0.6364     0.6581    34.5681    34.6545    25.6351    25.7092     18.977     21.196      7.449      8.320 0.0000e+00
       3855    160.593     97.630 -109.98434   21.84316     97.000    14.9782    14.9616 4.2460e+04   4.253823     0.3435     0.0731    98.1905 4.2571e-01          0     0.6399     0.6652     0.0854     0.1148     4.5678     0.0000     0.7335     0.0000     0.6359     0.6541    34.5630    34.6489    25.6430    25.7129     18.921     21.154      7.420      8.297 0.0000e+00
       3902    162.526     98.637 -109.98434   21.84316     98.000    14.9248    14.8984 4.2403e+04   4.247408     0.3389     0.0722    98.2108 3.9591e-01          0     0.6367     0.6573     0.0849     0.1148     4.5688     0.0000     0.7081     0.0000     0.6221     0.6469    34.5579    34.6462    25.6508    25.7246     11.641     17.699      4.560      6.933 0.0000e+00
       3934    163.880     99.644 -109.98434   21.84316     99.000    14.8831    14.8487 4.2393e+04   4.245231     0.3394     0.0735    98.1808 3.6577e-01          0     0.6372     0.6552     0.0849     0.1148     4.5674     0.0000     0.6807     0.0000     0.5978     0.6262    34.5851    34.6701    25.6809    25.7539      8.383     13.327      3.281      5.216 0.0000e+00
       3967    165.269    100.651 -109.98434   21.84316    100.000    14.8299    14.7956 4.2375e+04   4.243560     0.3221     0.0739    98.1702 3.4189e-01          0     0.6324     0.6531     0.0832     0.1147     4.5668     0.0000     0.6578     0.0000     0.5810     0.6070    34.6155    34.7018    25.7159    25.7899      8.231     11.616      3.219      4.542 0.0000e+00
       4004    166.807    101.657 -109.98434   21.84316    101.000    14.7987    14.7654 4.2351e+04   4.241077     0.3022     0.0729    98.1945 3.1387e-01          0     0.6083     0.6362     0.0812     0.1147     4.5680     0.0000     0.6293     0.0000     0.5702     0.5934    34.6208    34.7056    25.7268    25.7994      8.144     10.773      3.183      4.210 0.0000e+00
       4045    168.503    102.664 -109.98434   21.84316    102.000    14.7774    14.7455 4.2337e+04   4.239761     0.3009     0.0720    98.2150 2.9243e-01          0     0.5849     0.6113     0.0811     0.1148     4.5690     0.0000     0.6061     0.0000     0.5625     0.5838    34.6271    34.7109    25.7363    25.8078      7.725     10.035      3.018      3.920 0.0000e+00
       4091    170.418    103.671 -109.98434   21.84316    103.000    14.7632    14.7358 4.2331e+04   4.239418     0.2862     0.0716    98.2249 2.7057e-01          0     0.5705     0.5935     0.0796     0.1147     4.5694     0.0000     0.5812     0.0000     0.5556     0.5763    34.6334    34.7160    25.7443    25.8139      6.898      9.108      2.695      3.558 0.0000e+00
       4130    172.029    104.678 -109.98434   21.84316    104.000    14.7166    14.6837 4.2294e+04   4.235563     0.2787     0.0710    98.2388 2.5243e-01          0     0.5632     0.5843     0.0789     0.1148     4.5701     0.0000     0.5593     0.0000     0.5498     0.5698    34.6411    34.7267    25.7603    25.8335      6.007      8.165      2.344      3.186 0.0000e+00
       4160    173.275    105.684 -109.98434   21.84316    105.000    14.6820    14.6473 4.2267e+04   4.232685     0.2620     0.0705    98.2530 2.3414e-01          0     0.5588     0.5797     0.0772     0.1148     4.5707     0.0000     0.5360     0.0000     0.5452     0.5649    34.6461    34.7325    25.7717    25.8458      5.470      7.463      2.133      2.910 0.0000e+00
       4186    174.367    106.691 -109.98434   21.84316    106.000    14.6401    14.6058 4.2234e+04   4.229445     0.2408     0.0700    98.2652 2.0981e-01          0     0.5550     0.5753     0.0751     0.1148     4.5713     0.0000     0.5030     0.0000     0.5416     0.5610    34.6537    34.7394    25.7866    25.8601      5.056      6.982      1.971      2.721 0.0000e+00
       4212    175.477    107.698 -109.98434   21.84316    107.000    14.6141    14.5806 4.2212e+04   4.227156     0.2300     0.0688    98.2939 1.9231e-01          0     0.5510     0.5710     0.0740     0.1147     4.5726     0.0000     0.4777     0.0000     0.5381     0.5570    34.6557    34.7406    25.7938    25.8665      4.686      6.442      1.825      2.509 0.0000e+00
       4243    176.736    108.705 -109.98434   21.84316    108.000    14.5078    14.4701 4.2119e+04   4.218259     0.2176     0.0688    98.2953 1.7528e-01          0     0.5463     0.5659     0.0728     0.1148     4.5726     0.0000     0.4516     0.0000     0.5349     0.5532    34.6647    34.7573    25.8236    25.9031      4.626      6.086      1.798      2.365 0.0000e+00
       4277    178.181    109.711 -109.98434   21.84316    109.000    14.4460    14.4130 4.2061e+04   4.212242     0.2018     0.0662    98.3599 1.6165e-01          0     0.5415     0.5607     0.0712     0.1147     4.5757     0.0000     0.4295     0.0000     0.5330     0.5503    34.6666    34.7527    25.8383    25.9118      4.675      5.937      1.815      2.305 0.0000e+00
       4334    180.533    110.718 -109.98434   21.84316    110.000    14.4060    14.3855 4.2023e+04   4.209376     0.1855     0.0654    98.3771 1.4882e-01          0     0.5354     0.5535     0.0696     0.1147     4.5765     0.0000     0.4076     0.0000     0.5307     0.5473    34.6665    34.7505    25.8468    25.9161      4.488      5.684      1.741      2.205 0.0000e+00
       4387    182.734    111.725 -109.98434   21.84316    111.000    14.3800    14.3492 4.2000e+04   4.206146     0.1934     0.0661    98.3619 1.3857e-01          0     0.5328     0.5496     0.0703     0.1148     4.5758     0.0000     0.3892     0.0000     0.5292     0.5453    34.6684    34.7529    25.8539    25.9257      4.291      5.341      1.664      2.071 0.0000e+00
       4420    184.143    112.732 -109.98434   21.84316    112.000    14.3714    14.3387 4.1994e+04   4.205298     0.1848     0.0656    98.3741 1.3273e-01          0     0.5315     0.5482     0.0695     0.1148     4.5763     0.0000     0.3784     0.0000     0.5281     0.5436    34.6707    34.7541    25.8575    25.9289      4.196      5.209      1.626      2.019 0.0000e+00
       4450    185.358    113.738 -109.98434   21.84316    113.000    14.3635    14.3308 4.1988e+04   4.204690     0.1793     0.0656    98.3732 1.2199e-01          0     0.5308     0.5470     0.0689     0.1148     4.5763     0.0000     0.3578     0.0000     0.5278     0.5430    34.6717    34.7551    25.8600    25.9314      4.234      5.156      1.641      1.998 0.0000e+00
       4475    186.399    114.745 -109.98434   21.84316    114.000    14.3577    14.3247 4.1983e+04   4.204184     0.1801     0.0645    98.3991 1.1373e-01          0     0.5299     0.5460     0.0690     0.1148     4.5775     0.0000     0.3413     0.0000     0.5269     0.5423    34.6716    34.7556    25.8612    25.9331      3.755      4.966      1.455      1.925 0.0000e+00
       4499    187.429    115.752 -109.98434   21.84316    115.000    14.3326    14.2979 4.1960e+04   4.202037     0.1698     0.0642    98.4080 1.0540e-01          0     0.5292     0.5447     0.0680     0.1147     4.5779     0.0000     0.3239     0.0000     0.5252     0.5410    34.6729    34.7594    25.8676    25.9417      3.309      4.578      1.282      1.773 0.0000e+00
       4525    188.485    116.759 -109.98434   21.84316    116.000    14.2314    14.1938 4.1874e+04   4.193724     0.1648     0.0645    98.4006 1.0154e-01          0     0.5287     0.5439     0.0675     0.1147     4.5776     0.0000     0.3155     0.0000     0.5233     0.5391    34.6837    34.7757    25.8974    25.9764      3.244      4.313      1.254      1.667 0.0000e+00
       4563    190.087    117.766 -109.98434   21.84318    117.000    14.1881    14.1558 4.1836e+04   4.189585     0.1406     0.0630    98.4367 9.2050e-02          0     0.5275     0.5429     0.0650     0.1137     4.5793     0.0000     0.2945     0.0000     0.5219     0.5372    34.6869    34.7712    25.9091    25.9810      3.241      4.226      1.252      1.632 0.0000e+00
       4618    192.386    118.773 -109.98434   21.84318    118.000    14.1668    14.1362 4.1815e+04   4.187650     0.1375     0.0628    98.4418 8.2388e-02          0     0.5238     0.5394     0.0647     0.1146     4.5795     0.0000     0.2720     0.0000     0.5206     0.5355    34.6859    34.7705    25.9129    25.9847      3.305      4.079      1.276      1.575 0.0000e+00
       4661    194.170    119.780 -109.98434   21.84318    119.000    14.1212    14.0866 4.1773e+04   4.183335     0.1411     0.0622    98.4563 7.5653e-02          0     0.5223     0.5376     0.0651     0.1147     4.5802     0.0000     0.2554     0.0000     0.5213     0.5352    34.6879    34.7748    25.9240    25.9984      4.100      4.373      1.581      1.686 0.0000e+00
       4698    195.693    120.786 -109.98434   21.84318    120.000    13.9997    13.9643 4.1654e+04   4.172100     0.1273     0.0613    98.4787 6.7953e-02          0     0.5215     0.5365     0.0637     0.1147     4.5812     0.0000     0.2359     0.0000     0.5245     0.5373    34.6856    34.7804    25.9478    26.0285      4.440      4.880      1.709      1.878 0.0000e+00
       4736    197.292    121.793 -109.98434   21.84318    121.000    13.8841    13.8516 4.1529e+04   4.158879     0.1249     0.0625    98.4503 6.0643e-02          0     0.5217     0.5360     0.0635     0.1147     4.5799     0.0000     0.2165     0.0000     0.5235     0.5380    34.6730    34.7585    25.9622    26.0352      3.077      4.410      1.181      1.693 0.0000e+00
       4773    198.821    122.800 -109.98434   21.84318    122.000    13.8926    13.8604 4.1550e+04   4.160843     0.1185     0.0633    98.4301 5.3918e-02          0     0.5247     0.5376     0.0629     0.1135     4.5790     0.0000     0.1977     0.0000     0.5198     0.5353    34.6852    34.7685    25.9699    26.0411      2.211      3.565      0.849      1.369 0.0000e+00
       4802    200.030    123.807 -109.98434   21.84318    123.000    13.8814    13.8485 4.1549e+04   4.160704     0.1126     0.0631    98.4353 4.6019e-02          0     0.5258     0.5391     0.0623     0.1139     4.5792     0.0000     0.1747     0.0000     0.5166     0.5323    34.6936    34.7776    25.9788    26.0506      1.917      3.042      0.736      1.168 0.0000e+00
       4826    201.030    124.814 -109.98434   21.84318    124.000    13.8655    13.8331 4.1543e+04   4.160115     0.1040     0.0617    98.4695 4.2865e-02          0     0.5241     0.5387     0.0614     0.1147     4.5808     0.0000     0.1650     0.0000     0.5149     0.5297    34.7019    34.7856    25.9886    26.0600      1.896      2.765      0.728      1.061 0.0000e+00
       4852    202.130    125.821 -109.98434   21.84318    125.000    13.8486    13.8156 4.1537e+04   4.159546     0.0922     0.0596    98.5218 3.6231e-02          0     0.5212     0.5366     0.0602     0.1131     4.5832     0.0000     0.1442     0.0000     0.5132     0.5280    34.7113    34.7958    25.9994    26.0716      2.137      2.895      0.820      1.111 0.0000e+00
       4889    203.675    126.828 -109.98434   21.84318    126.000    13.8091    13.7756 4.1512e+04   4.157133     0.0883     0.0585    98.5469 2.5875e-02          0     0.5173     0.5328     0.0598     0.1138     4.5844     0.0000     0.1095     0.0000     0.5139     0.5276    34.7235    34.8091    26.0171    26.0902      2.708      3.083      1.038      1.182 0.0000e+00
       4932    205.464    127.835 -109.98434   21.84318    127.000    13.7516    13.7184 4.1465e+04   4.152355     0.0800     0.0586    98.5445 2.7614e-02          0     0.5144     0.5292     0.0590     0.1139     4.5843     0.0000     0.1157     0.0000     0.5144     0.5278    34.7306    34.8159    26.0346    26.1074      2.531      3.124      0.969      1.196 0.0000e+00
       4984    207.635    128.841 -109.98436   21.84318    128.000    13.7259    13.7023 4.1442e+04   4.150773     0.0841     0.0585    98.5482 2.1912e-02          0     0.5150     0.5286     0.0594     0.1147     4.5845     0.0000     0.0956     0.0000     0.5137     0.5276    34.7322    34.8153    26.0411    26.1103      2.255      3.024      0.863      1.158 0.0000e+00
