data/ctd-cnv/KM1919/KM1919-St22-P3/St22_P3_cast84-align-cellTM-derive-bin.cnv
* Sea-Bird SBE 9 Data File:
* FileName = C:\Users\otg\Desktop\CTD Data\km1920\St22_P3_cast84.hex
* Software Version Seasave V 7.26.7.107
* Temperature SN = 5554
* Conductivity SN = 3876
* Number of Bytes Per Scan = 41
* Number of Voltage Words = 4
* Number of Scans Averaged by the Deck Unit = 1
* NMEA Latitude = 22 03.39 N
* NMEA Longitude = 109 47.41 W
* NMEA UTC (Time) = Oct 18 2019  21:35:56
* NMEA baud rate = 4800
** Ship: Kilo Moana
** Station: P3 Station 22 Cast 84
** Operator: cf
# nquan = 34
# nvalues = 253                         
# units = specified
# name 0 = scan: Scan Count
# name 1 = timeS: Time, Elapsed [seconds]
# name 2 = prDM: Pressure, Digiquartz [db]
# name 3 = longitude: Longitude [deg]
# name 4 = latitude: Latitude [deg]
# name 5 = depSM: Depth [salt water, m]
# name 6 = t090C: Temperature [ITS-90, deg C]
# name 7 = t190C: Temperature, 2 [ITS-90, deg C]
# name 8 = c0uS/cm: Conductivity [uS/cm]
# name 9 = c1S/m: Conductivity, 2 [S/m]
# name 10 = flECO-AFL: Fluorescence, WET Labs ECO-AFL/FL [mg/m^3]
# name 11 = CStarAt0: Beam Attenuation, WET Labs C-Star [1/m]
# name 12 = CStarTr0: Beam Transmission, WET Labs C-Star [%]
# name 13 = par: PAR/Irradiance, Biospherical/Licor
# name 14 = modError: Modulo Error Count
# name 15 = v0: Voltage 0
# name 16 = v1: Voltage 1
# name 17 = v2: Voltage 2
# name 18 = v3: Voltage 3
# name 19 = v4: Voltage 4
# name 20 = v5: Voltage 5
# name 21 = v6: Voltage 6
# name 22 = v7: Voltage 7
# name 23 = sbeox0V: Oxygen raw, SBE 43 [V]
# name 24 = sbeox1V: Oxygen raw, SBE 43, 2 [V]
# name 25 = sal00: Salinity, Practical [PSU]
# name 26 = sal11: Salinity, Practical, 2 [PSU]
# name 27 = sigma-é00: Density [sigma-theta, kg/m^3]
# name 28 = sigma-é11: Density, 2 [sigma-theta, kg/m^3]
# name 29 = sbeox0Mm/L: Oxygen, SBE 43 [umol/l], WS = 2
# name 30 = sbeox1Mm/L: Oxygen, SBE 43, 2 [umol/l], WS = 2
# name 31 = sbeox0PS: Oxygen, SBE 43 [% saturation], WS = 2
# name 32 = sbeox1PS: Oxygen, SBE 43, 2 [% saturation], WS = 2
# name 33 = flag: flag
# span 0 =        311,      13351       
# span 1 =     12.907,    556.247       
# span 2 =      2.013,    255.751       
# span 3 = -109.79024, -109.79020       
# span 4 =   22.05652,   22.05678       
# span 5 =      2.000,    254.000       
# span 6 =    11.3909,    27.6055       
# span 7 =    11.3596,    27.5654       
# span 8 = 3.9248e+04, 5.5292e+04       
# span 9 =   3.930079,   5.537003       
# span 10 =     0.0452,     1.4735      
# span 11 =     0.0788,     0.1629      
# span 12 =    96.0098,    98.0477      
# span 13 = 1.0000e-12, 3.5509e+02      
# span 14 =          0,          0      
# span 15 =     0.5039,     2.4821      
# span 16 =     0.5146,     2.4556      
# span 17 =     0.0555,     0.1983      
# span 18 =     0.1135,     0.1165      
# span 19 =     4.4664,     4.5612      
# span 20 =     0.0000,     0.0000      
# span 21 =     0.0083,     3.5620      
# span 22 =     0.0000,     0.0000      
# span 23 =     0.5032,     2.4698      
# span 24 =     0.5139,     2.4570      
# span 25 =    33.9278,    34.7673      
# span 26 =    34.0174,    34.8504      
# span 27 =    22.2473,    26.4942      
# span 28 =    22.3243,    26.5631      
# span 29 =      0.964,    239.490      
# span 30 =      1.067,    250.756      
# span 31 =      0.352,    106.542      
# span 32 =      0.389,    110.505      
# span 33 = 0.0000e+00, 0.0000e+00      
# interval = meters: 1                  
# start_time = Oct 18 2019 21:39:26 [NMEA time, first data scan]
# bad_flag = -9.990e-29
*END*
[from data line 43]
       2694    112.193     45.287 -109.79022   22.05660     45.000    19.8678    19.8271 4.6721e+04   4.678583     0.3933     0.1309    96.7799 1.9340e+01          0     2.4131     2.4018     0.0904     0.1147     4.5022     0.0000     2.3023     0.0000     2.4068     2.4014    34.1119    34.1985    24.1212    24.1979    238.913    250.756    102.586    107.645 0.0000e+00
       2750    114.540     46.294 -109.79020   22.05662     46.000    19.8038    19.7626 4.6652e+04   4.671130     0.4167     0.1339    96.7083 1.8369e+01          0     2.4087     2.4010     0.0927     0.1147     4.4989     0.0000     2.2801     0.0000     2.4014     2.4000    34.1071    34.1896    24.1343    24.2079    238.414    250.447    102.248    107.379 0.0000e+00
       2811    117.098     47.300 -109.79020   22.05662     47.000    19.7138    19.6777 4.6553e+04   4.662301     0.4062     0.1297    96.8101 1.7477e+01          0     2.4036     2.4012     0.0916     0.1152     4.5036     0.0000     2.2586     0.0000     2.3927     2.3898    34.0990    34.1860    24.1515    24.2273    236.733    248.882    101.354    106.540 0.0000e+00
       2866    119.376     48.307 -109.79020   22.05662     48.000    19.4043    19.3602 4.6221e+04   4.629195     0.4186     0.1307    96.7854 1.6865e+01          0     2.3991     2.3964     0.0929     0.1147     4.5025     0.0000     2.2432     0.0000     2.3767     2.3762    34.0773    34.1724    24.2149    24.2988    235.833    248.349    100.379    105.680 0.0000e+00
       2906    121.034     49.313 -109.79020   22.05662     49.000    19.1777    19.1356 4.5977e+04   4.604720     0.4909     0.1311    96.7762 1.6258e+01          0     2.3899     2.3874     0.1001     0.1147     4.5020     0.0000     2.2273     0.0000     2.3635     2.3645    34.0605    34.1536    24.2603    24.3421    234.913    247.828     99.559    105.008 0.0000e+00
       2946    122.716     50.320 -109.79020   22.05662     50.000    19.0104    18.9619 4.5802e+04   4.586170     0.4917     0.1293    96.8184 1.5512e+01          0     2.3778     2.3771     0.1002     0.1147     4.5040     0.0000     2.2070     0.0000     2.3516     2.3553    34.0524    34.1417    24.2967    24.3772    234.652    247.658     99.134    104.590 0.0000e+00
       3003    125.087     51.326 -109.79020   22.05660     51.000    18.9108    18.8901 4.5705e+04   4.578759     0.5328     0.1311    96.7753 1.4371e+01          0     2.3592     2.3614     0.1043     0.1147     4.5020     0.0000     2.1740     0.0000     2.3178     2.3274    34.0528    34.1387    24.3222    24.3931    227.156    242.190     95.790    102.143 0.0000e+00
       3069    127.837     52.333 -109.79020   22.05660     52.000    18.6345    18.6496 4.5439e+04   4.556097     0.6177     0.1338    96.7106 1.3187e+01          0     2.3337     2.3400     0.1127     0.1148     4.4990     0.0000     2.1370     0.0000     2.2658     2.2816    34.0574    34.1474    24.3953    24.4603    223.209    237.394     93.642     99.675 0.0000e+00
       3128    130.272     53.339 -109.79020   22.05660     53.000    18.4702    18.4307 4.5267e+04   4.534051     0.7020     0.1355    96.6687 1.2217e+01          0     2.2826     2.2982     0.1212     0.1152     4.4970     0.0000     2.1042     0.0000     2.2376     2.2484    34.0484    34.1430    24.4294    24.5117    222.240    234.382     92.943     98.004 0.0000e+00
       3164    131.794     54.346 -109.79020   22.05660     54.000    18.3518    18.3136 4.5148e+04   4.521621     0.7677     0.1385    96.5960 1.1483e+01          0     2.2596     2.2751     0.1278     0.1152     4.4937     0.0000     2.0774     0.0000     2.2288     2.2341    34.0455    34.1350    24.4567    24.5346    222.493    234.209     92.840     97.711 0.0000e+00
       3203    133.406     55.352 -109.79020   22.05660     55.000    18.2653    18.2195 4.5056e+04   4.511410     0.8832     0.1418    96.5177 1.0658e+01          0     2.2417     2.2534     0.1393     0.1153     4.4900     0.0000     2.0452     0.0000     2.2205     2.2258    34.0394    34.1265    24.4735    24.5514    221.550    233.912     92.293     97.410 0.0000e+00
       3266    136.056     56.359 -109.79020   22.05660     56.000    18.2034    18.1853 4.4994e+04   4.507813     1.0687     0.1480    96.3680 9.8195e+00          0     2.2251     2.2298     0.1579     0.1150     4.4830     0.0000     2.0101     0.0000     2.1998     2.2101    34.0380    34.1242    24.4877    24.5582    217.523    230.928     90.509     96.103 0.0000e+00
       3326    138.554     57.366 -109.79020   22.05660     57.000    18.0093    17.9927 4.4790e+04   4.487983     1.2821     0.1558    96.1799 9.1148e+00          0     2.2095     2.2181     0.1792     0.1154     4.4743     0.0000     1.9780     0.0000     2.1535     2.1690    34.0254    34.1160    24.5258    24.5992    208.416    222.892     86.396     92.419 0.0000e+00
       3378    140.691     58.372 -109.79020   22.05660     58.000    17.7572    17.6927 4.4540e+04   4.458622     1.4050     0.1577    96.1345 8.4776e+00          0     2.1841     2.1971     0.1915     0.1154     4.4722     0.0000     1.9469     0.0000     2.1010     2.1126    34.0228    34.1160    24.5853    24.6724    202.538    216.294     83.557     89.172 0.0000e+00
       3426    142.695     59.379 -109.79020   22.05660     59.000    17.6002    17.5333 4.4386e+04   4.442891     1.4641     0.1565    96.1641 7.8998e+00          0     2.1368     2.1515     0.1974     0.1159     4.4736     0.0000     1.9166     0.0000     2.0431     2.0613    34.0215    34.1146    24.6223    24.7098    194.197    209.817     79.876     86.239 0.0000e+00
       3471    144.569     60.385 -109.79020   22.05660     60.000    17.1193    17.0714 4.3885e+04   4.396373     1.4735     0.1529    96.2480 7.3178e+00          0     2.0921     2.1034     0.1983     0.1159     4.4775     0.0000     1.8838     0.0000     2.0017     2.0209    33.9931    34.1020    24.7156    24.8104    195.873    208.278     79.812     84.845 0.0000e+00
       3513    146.319     61.392 -109.79020   22.05660     61.000    17.0162    16.9687 4.3774e+04   4.382818     1.4238     0.1465    96.4035 6.7254e+00          0     2.0397     2.0582     0.1934     0.1154     4.4847     0.0000     1.8475     0.0000     1.9911     2.0026    33.9840    34.0708    24.7331    24.8109    197.158    207.723     80.172     84.436 0.0000e+00
       3590    149.536     62.398 -109.79020   22.05660     62.000    16.9757    16.9253 4.3739e+04   4.379076     1.3543     0.1444    96.4544 6.1382e+00          0     1.9891     2.0029     0.1864     0.1156     4.4871     0.0000     1.8088     0.0000     1.9619     1.9705    33.9872    34.0747    24.7451    24.8241    191.325    202.682     77.742     82.320 0.0000e+00
       3642    151.694     63.405 -109.79020   22.05660     63.000    16.8165    16.7734 4.3576e+04   4.363409     1.3667     0.1431    96.4853 5.7205e+00          0     1.9774     1.9864     0.1877     0.1148     4.4885     0.0000     1.7785     0.0000     1.9429     1.9497    33.9796    34.0666    24.7767    24.8536    191.411    201.521     77.534     81.605 0.0000e+00
       3688    153.633     64.411 -109.79020   22.05660     64.000    16.7670    16.7005 4.3524e+04   4.355824     1.3236     0.1412    96.5314 5.3116e+00          0     1.9543     1.9625     0.1834     0.1156     4.4906     0.0000     1.7469     0.0000     1.9331     1.9385    33.9753    34.0619    24.7851    24.8671    189.337    200.268     76.620     80.981 0.0000e+00
       3735    155.585     65.418 -109.79020   22.05662     65.000    16.6549    16.6130 4.3409e+04   4.347011     1.3007     0.1376    96.6189 4.9613e+00          0     1.9409     1.9472     0.1811     0.1160     4.4947     0.0000     1.7178     0.0000     1.9002     1.9140    33.9696    34.0587    24.8068    24.8850    180.916    194.342     73.050     78.450 0.0000e+00
       3775    157.250     66.425 -109.79020   22.05662     66.000    16.2992    16.2503 4.3043e+04   4.311163     1.2377     0.1376    96.6193 4.5984e+00          0     1.9323     1.9380     0.1748     0.1148     4.4947     0.0000     1.6854     0.0000     1.8684     1.8831    33.9497    34.0523    24.8737    24.9639    179.614    191.921     72.017     76.926 0.0000e+00
       3828    159.455     67.431 -109.79020   22.05662     67.000    16.1800    16.1340 4.2921e+04   4.297394     1.2074     0.1340    96.7049 4.1965e+00          0     1.8924     1.9066     0.1717     0.1147     4.4987     0.0000     1.6466     0.0000     1.8163     1.8395    33.9433    34.0298    24.8962    24.9732    168.080    183.862     67.234     73.519 0.0000e+00
       3879    161.589     68.438 -109.79020   22.05662     68.000    15.7303    15.6948 4.2475e+04   4.255696     1.1499     0.1337    96.7128 3.8296e+00          0     1.8540     1.8698     0.1660     0.1160     4.4991     0.0000     1.6078     0.0000     1.7440     1.7752    33.9318    34.0358    24.9892    25.0772    160.526    174.997     63.642     69.376 0.0000e+00
       3926    163.559     69.445 -109.79020   22.05662     69.000    15.5073    15.4593 4.2256e+04   4.231000     1.0806     0.1302    96.7977 3.4992e+00          0     1.7954     1.8220     0.1590     0.1149     4.5030     0.0000     1.5695     0.0000     1.7085     1.7264    33.9278    34.0174    25.0360    25.1157    161.643    171.380     63.803     67.620 0.0000e+00
       3998    166.552     70.451 -109.79021   22.05662     70.000    15.4262    15.3495 4.2188e+04   4.221077     0.9931     0.1253    96.9170 3.1857e+00          0     1.7141     1.7365     0.1503     0.1147     4.5086     0.0000     1.5301     0.0000     1.6635     1.6796    33.9360    34.0228    25.0603    25.1441    152.812    166.228     60.225     65.447 0.0000e+00
       4059    169.068     71.458 -109.79022   22.05661     71.000    15.2612    15.2466 4.2053e+04   4.213244     0.9669     0.1238    96.9537 2.9475e+00          0     1.6824     1.6931     0.1477     0.1148     4.5103     0.0000     1.4975     0.0000     1.5737     1.6193    33.9566    34.0410    25.1127    25.1809    129.111    150.837     50.724     59.273 0.0000e+00
       4098    170.722     72.464 -109.79022   22.05660     72.000    15.0987    15.0701 4.1966e+04   4.203354     0.9084     0.1218    97.0006 2.7372e+00          0     1.6489     1.6706     0.1418     0.1156     4.5125     0.0000     1.4663     0.0000     1.4769     1.5300    34.0187    34.1048    25.1963    25.2688    118.756    135.545     46.522     53.098 0.0000e+00
       4136    172.276     73.471 -109.79022   22.05660     73.000    15.0731    15.0436 4.1999e+04   4.206074     0.7951     0.1168    97.1215 2.5345e+00          0     1.5852     1.6273     0.1305     0.1148     4.5181     0.0000     1.4340     0.0000     1.4323     1.4669    34.0707    34.1521    25.2420    25.3111    122.237    131.776     47.877     51.609 0.0000e+00
       4200    174.962     74.478 -109.79022   22.05660     74.000    15.0824    15.0441 4.2015e+04   4.207648     0.7214     0.1133    97.2070 2.3256e+00          0     1.4529     1.4980     0.1231     0.1147     4.5221     0.0000     1.3982     0.0000     1.3948     1.4131    34.0761    34.1656    25.2441    25.3215    120.322    128.972     47.138     50.516 0.0000e+00
       4259    177.412     75.484 -109.79022   22.05660     75.000    15.0544    15.0332 4.2005e+04   4.207406     0.7132     0.1126    97.2264 2.1527e+00          0     1.4074     1.4275     0.1223     0.1154     4.5230     0.0000     1.3661     0.0000     1.3675     1.3887    34.0918    34.1725    25.2623    25.3292    116.478    126.170     45.611     49.410 0.0000e+00
       4301    179.151     76.491 -109.79022   22.05660     76.000    15.0292    15.0026 4.1990e+04   4.205543     0.6919     0.1136    97.2003 1.9992e+00          0     1.3872     1.4057     0.1202     0.1147     4.5218     0.0000     1.3354     0.0000     1.3431     1.3672    34.0995    34.1820    25.2739    25.3432    111.733    121.737     43.733     47.647 0.0000e+00
       4338    180.708     77.498 -109.79022   22.05660     77.000    15.0008    14.9676 4.1981e+04   4.204071     0.6704     0.1115    97.2513 1.8648e+00          0     1.3704     1.3912     0.1180     0.1147     4.5241     0.0000     1.3067     0.0000     1.3182     1.3432    34.1152    34.1989    25.2921    25.3639    108.397    118.235     42.407     46.249 0.0000e+00
       4376    182.299     78.504 -109.79022   22.05660     78.000    14.9740    14.9464 4.1968e+04   4.203071     0.6560     0.1102    97.2815 1.7297e+00          0     1.3490     1.3728     0.1166     0.1147     4.5255     0.0000     1.2756     0.0000     1.2950     1.3209    34.1272    34.2080    25.3073    25.3755    106.375    115.758     41.597     45.264 0.0000e+00
       4442    185.053     79.511 -109.79022   22.05661     79.000    14.9530    14.9266 4.1962e+04   4.202431     0.6540     0.1092    97.3060 1.5841e+00          0     1.3070     1.3322     0.1164     0.1148     4.5267     0.0000     1.2395     0.0000     1.2732     1.2951    34.1392    34.2191    25.3212    25.3885    105.659    113.211     41.303     44.253 0.0000e+00
       4529    188.680     80.518 -109.79022   22.05662     80.000    14.9354    14.9065 4.1953e+04   4.201521     0.6557     0.1086    97.3207 1.4591e+00          0     1.2706     1.2926     0.1166     0.1147     4.5274     0.0000     1.2063     0.0000     1.2492     1.2684    34.1464    34.2280    25.3306    25.3997    100.598    108.989     39.312     42.588 0.0000e+00
       4561    189.992     81.524 -109.79022   22.05662     81.000    14.8968    14.8611 4.1923e+04   4.198164     0.6620     0.1087    97.3193 1.3680e+00          0     1.2651     1.2846     0.1172     0.1148     4.5273     0.0000     1.1800     0.0000     1.2282     1.2512    34.1522    34.2370    25.3434    25.4166     96.251    105.189     37.586     41.069 0.0000e+00
       4586    191.046     82.531 -109.79022   22.05662     82.000    14.8423    14.8068 4.1885e+04   4.194410     0.6217     0.1070    97.3601 1.2755e+00          0     1.2592     1.2778     0.1132     0.1149     4.5292     0.0000     1.1517     0.0000     1.2139     1.2353    34.1646    34.2500    25.3649    25.4384     95.622    103.281     37.303     40.283 0.0000e+00
       4615    192.262     83.538 -109.79022   22.05662     83.000    14.8211    14.7880 4.1874e+04   4.193206     0.5834     0.1033    97.4499 1.1751e+00          0     1.2469     1.2671     0.1093     0.1155     4.5334     0.0000     1.1187     0.0000     1.2020     1.2220    34.1727    34.2552    25.3757    25.4465     95.375    102.514     37.192     39.970 0.0000e+00
       4674    194.689     84.544 -109.79022   22.05663     84.000    14.8134    14.7841 4.1872e+04   4.193210     0.5642     0.1031    97.4545 1.0801e+00          0     1.2147     1.2358     0.1074     0.1148     4.5336     0.0000     1.0850     0.0000     1.1900     1.2069    34.1776    34.2582    25.3812    25.4497     94.966    101.397     37.028     39.532 0.0000e+00
       4764    198.457     85.551 -109.79022   22.05664     85.000    14.7920    14.7695 4.1864e+04   4.192825     0.5642     0.1026    97.4678 1.0105e+00          0     1.1884     1.2039     0.1074     0.1147     4.5342     0.0000     1.0588     0.0000     1.1573     1.1835    34.1889    34.2671    25.3945    25.4598     85.421     95.704     33.295     37.304 0.0000e+00
       4805    200.170     86.558 -109.79022   22.05664     86.000    14.7486    14.7208 4.1857e+04   4.191719     0.5463     0.1010    97.5078 9.3822e-01          0     1.1808     1.1991     0.1056     0.1147     4.5360     0.0000     1.0295     0.0000     1.1209     1.1494    34.2204    34.2996    25.4282    25.4953     80.175     89.119     31.229     34.710 0.0000e+00
