data/ctd-cnv/KM1919/KM1919-St22-P3/St22_P3_cast74-align-cellTM-derive-bin.cnv
* Sea-Bird SBE 9 Data File:
* FileName = C:\Users\otg\Desktop\CTD Data\km1920\St22_P3_cast74.hex
* Software Version Seasave V 7.26.7.107
* Temperature SN = 5554
* Conductivity SN = 3876
* Number of Bytes Per Scan = 41
* Number of Voltage Words = 4
* Number of Scans Averaged by the Deck Unit = 1
* NMEA Latitude = 21 57.57 N
* NMEA Longitude = 109 54.60 W
* NMEA UTC (Time) = Oct 17 2019  04:19:42
* NMEA baud rate = 4800
** Ship: Kilo Moana
** Station: St22  P3 cast 74
** Operator: KH
** Anchor for the GoFlow
# nquan = 34
# nvalues = 626                         
# units = specified
# name 0 = scan: Scan Count
# name 1 = timeS: Time, Elapsed [seconds]
# name 2 = prDM: Pressure, Digiquartz [db]
# name 3 = longitude: Longitude [deg]
# name 4 = latitude: Latitude [deg]
# name 5 = depSM: Depth [salt water, m]
# name 6 = t090C: Temperature [ITS-90, deg C]
# name 7 = t190C: Temperature, 2 [ITS-90, deg C]
# name 8 = c0uS/cm: Conductivity [uS/cm]
# name 9 = c1S/m: Conductivity, 2 [S/m]
# name 10 = flECO-AFL: Fluorescence, WET Labs ECO-AFL/FL [mg/m^3]
# name 11 = CStarAt0: Beam Attenuation, WET Labs C-Star [1/m]
# name 12 = CStarTr0: Beam Transmission, WET Labs C-Star [%]
# name 13 = par: PAR/Irradiance, Biospherical/Licor
# name 14 = modError: Modulo Error Count
# name 15 = v0: Voltage 0
# name 16 = v1: Voltage 1
# name 17 = v2: Voltage 2
# name 18 = v3: Voltage 3
# name 19 = v4: Voltage 4
# name 20 = v5: Voltage 5
# name 21 = v6: Voltage 6
# name 22 = v7: Voltage 7
# name 23 = sbeox0V: Oxygen raw, SBE 43 [V]
# name 24 = sbeox1V: Oxygen raw, SBE 43, 2 [V]
# name 25 = sal00: Salinity, Practical [PSU]
# name 26 = sal11: Salinity, Practical, 2 [PSU]
# name 27 = sigma-é00: Density [sigma-theta, kg/m^3]
# name 28 = sigma-é11: Density, 2 [sigma-theta, kg/m^3]
# name 29 = sbeox0Mm/L: Oxygen, SBE 43 [umol/l], WS = 2
# name 30 = sbeox1Mm/L: Oxygen, SBE 43, 2 [umol/l], WS = 2
# name 31 = sbeox0PS: Oxygen, SBE 43 [% saturation], WS = 2
# name 32 = sbeox1PS: Oxygen, SBE 43, 2 [% saturation], WS = 2
# name 33 = flag: flag
# span 0 =         31,      37632       
# span 1 =      1.237,   1567.952       
# span 2 =      5.031,    634.920       
# span 3 = -109.90994, -109.90981       
# span 4 =   21.95927,   21.95948       
# span 5 =      5.000,    630.000       
# span 6 =     6.5576,    27.8142       
# span 7 =     6.5390,    27.7745       
# span 8 = 3.4717e+04, 5.5482e+04       
# span 9 =   3.477037,   5.555373       
# span 10 =     0.0408,     1.4632      
# span 11 =     0.0571,     0.1498      
# span 12 =    96.3229,    98.5835      
# span 13 = 1.0000e-12, 2.1934e+00      
# span 14 =          0,          0      
# span 15 =     0.5031,     2.4424      
# span 16 =     0.5129,     2.4279      
# span 17 =     0.0550,     0.1973      
# span 18 =     0.1126,     0.1173      
# span 19 =     4.4810,     4.5861      
# span 20 =    -0.0000,     0.0004      
# span 21 =     0.0073,     1.3598      
# span 22 =     0.0000,     0.0000      
# span 23 =     0.5026,     2.4410      
# span 24 =     0.5125,     2.4246      
# span 25 =    33.9363,    34.7661      
# span 26 =    34.0292,    34.8522      
# span 27 =    22.1010,    27.0976      
# span 28 =    22.1730,    27.1616      
# span 29 =      0.854,    236.763      
# span 30 =      0.896,    247.900      
# span 31 =      0.290,    105.041      
# span 32 =      0.300,    108.994      
# span 33 = 0.0000e+00, 0.0000e+00      
# interval = meters: 1                  
# start_time = Oct 17 2019 04:21:19 [NMEA time, first data scan]
# bad_flag = -9.990e-29
*END*
[from data line 257]
      16046    668.537    263.810 -109.90992   21.95940    262.000    11.1017    11.0719 3.8961e+04   3.901563     0.0635     0.0731    98.1903 1.0000e-12          0     0.5055     0.5169     0.0574     0.1148     4.5678     0.0000     0.0085     0.0000     0.5049     0.5161    34.7063    34.7889    26.5343    26.6041      1.275      1.436      0.462      0.521 0.0000e+00
      16078    669.888    264.818 -109.90991   21.95940    263.000    11.0830    11.0531 3.8942e+04   3.899604     0.0616     0.0725    98.2029 1.0000e-12          0     0.5055     0.5166     0.0572     0.1161     4.5684     0.0000     0.0085     0.0000     0.5048     0.5160    34.7049    34.7868    26.5366    26.6058      1.236      1.422      0.448      0.515 0.0000e+00
      16109    671.156    265.825 -109.90990   21.95940    264.000    11.0773    11.0480 3.8936e+04   3.899035     0.0590     0.0724    98.2070 1.0000e-12          0     0.5054     0.5166     0.0569     0.1154     4.5686     0.0000     0.0085     0.0000     0.5048     0.5159    34.7041    34.7855    26.5370    26.6057      1.249      1.432      0.452      0.519 0.0000e+00
      16136    672.302    266.833 -109.90990   21.95940    265.000    11.0757    11.0461 3.8935e+04   3.898894     0.0653     0.0727    98.1986 1.0000e-12          0     0.5055     0.5167     0.0575     0.1148     4.5682     0.0000     0.0085     0.0000     0.5047     0.5159    34.7041    34.7855    26.5374    26.6061      1.205      1.448      0.436      0.524 0.0000e+00
      16162    673.392    267.841 -109.90990   21.95940    266.000    11.0663    11.0365 3.8926e+04   3.898014     0.0662     0.0727    98.1986 1.0000e-12          0     0.5055     0.5165     0.0576     0.1148     4.5682     0.0000     0.0084     0.0000     0.5047     0.5159    34.7038    34.7853    26.5389    26.6078      1.206      1.413      0.437      0.512 0.0000e+00
      16189    674.512    268.848 -109.90990   21.95940    267.000    11.0597    11.0301 3.8920e+04   3.897373     0.0675     0.0731    98.1894 1.0000e-12          0     0.5054     0.5165     0.0578     0.1148     4.5678     0.0000     0.0085     0.0000     0.5046     0.5159    34.7034    34.7845    26.5397    26.6083      1.205      1.430      0.436      0.518 0.0000e+00
      16216    675.618    269.856 -109.90990   21.95940    268.000    11.0536    11.0241 3.8914e+04   3.896793     0.0648     0.0731    98.1895 1.0000e-12          0     0.5054     0.5165     0.0575     0.1148     4.5678     0.0000     0.0085     0.0000     0.5047     0.5159    34.7028    34.7840    26.5404    26.6090      1.300      1.442      0.471      0.522 0.0000e+00
      16242    676.703    270.863 -109.90990   21.95940    269.000    11.0506    11.0212 3.8912e+04   3.896527     0.0529     0.0731    98.1895 1.0000e-12          0     0.5053     0.5165     0.0563     0.1148     4.5678     0.0000     0.0085     0.0000     0.5048     0.5159    34.7026    34.7836    26.5408    26.6093      1.229      1.403      0.445      0.508 0.0000e+00
      16269    677.814    271.871 -109.90990   21.95940    270.000    11.0488    11.0194 3.8910e+04   3.896397     0.0535     0.0731    98.1895 1.0000e-12          0     0.5051     0.5165     0.0564     0.1146     4.5678     0.0000     0.0085     0.0000     0.5046     0.5158    34.7022    34.7836    26.5409    26.6096      1.235      1.436      0.447      0.520 0.0000e+00
      16298    679.034    272.878 -109.90990   21.95940    271.000    11.0414    11.0117 3.8903e+04   3.895753     0.0584     0.0729    98.1945 1.0000e-12          0     0.5053     0.5165     0.0568     0.1147     4.5680     0.0000     0.0085     0.0000     0.5047     0.5159    34.7019    34.7840    26.5420    26.6113      1.225      1.434      0.443      0.519 0.0000e+00
      16329    680.314    273.886 -109.90990   21.95940    272.000    11.0184    10.9891 3.8881e+04   3.893665     0.0580     0.0727    98.1986 1.0000e-12          0     0.5054     0.5165     0.0568     0.1148     4.5682     0.0000     0.0085     0.0000     0.5047     0.5160    34.7008    34.7842    26.5453    26.6155      1.275      1.467      0.461      0.530 0.0000e+00
      16356    681.461    274.894 -109.90990   21.95940    273.000    10.9929    10.9632 3.8856e+04   3.890989     0.0530     0.0730    98.1913 1.0000e-12          0     0.5052     0.5164     0.0563     0.1148     4.5679     0.0000     0.0085     0.0000     0.5048     0.5159    34.6995    34.7815    26.5489    26.6181      1.227      1.412      0.444      0.510 0.0000e+00
      16380    682.443    275.901 -109.90990   21.95940    274.000    10.9849    10.9555 3.8848e+04   3.890224     0.0544     0.0727    98.2000 1.0000e-12          0     0.5053     0.5165     0.0564     0.1148     4.5683     0.0000     0.0085     0.0000     0.5047     0.5160    34.6992    34.7807    26.5501    26.6189      1.234      1.437      0.446      0.520 0.0000e+00
      16401    683.334    276.909 -109.90990   21.95940    275.000    10.9815    10.9517 3.8845e+04   3.889893     0.0569     0.0724    98.2057 1.0000e-12          0     0.5053     0.5165     0.0567     0.1148     4.5685     0.0000     0.0085     0.0000     0.5046     0.5158    34.6990    34.7806    26.5506    26.6195      1.121      1.348      0.405      0.487 0.0000e+00
      16424    684.277    277.916 -109.90990   21.95940    276.000    10.9778    10.9484 3.8842e+04   3.889589     0.0571     0.0720    98.2145 1.0000e-12          0     0.5054     0.5166     0.0567     0.1148     4.5689     0.0000     0.0085     0.0000     0.5044     0.5157    34.6989    34.7802    26.5512    26.6198      1.209      1.375      0.437      0.497 0.0000e+00
      16452    685.467    278.924 -109.90990   21.95940    277.000    10.9730    10.9436 3.8838e+04   3.889147     0.0626     0.0720    98.2157 1.0000e-12          0     0.5053     0.5165     0.0573     0.1148     4.5690     0.0000     0.0085     0.0000     0.5046     0.5157    34.6984    34.7798    26.5517    26.6205      1.324      1.444      0.478      0.522 0.0000e+00
      16491    687.091    279.932 -109.90990   21.95940    278.000    10.9645    10.9352 3.8829e+04   3.888359     0.0630     0.0726    98.2017 1.0000e-12          0     0.5052     0.5164     0.0573     0.1148     4.5684     0.0000     0.0085     0.0000     0.5047     0.5158    34.6977    34.7795    26.5528    26.6218      1.222      1.414      0.441      0.511 0.0000e+00
      16532    688.772    280.939 -109.90990   21.95940    279.000    10.9544    10.9250 3.8820e+04   3.887343     0.0625     0.0726    98.2015 1.0000e-12          0     0.5052     0.5163     0.0573     0.1148     4.5683     0.0000     0.0085     0.0000     0.5046     0.5158    34.6975    34.7785    26.5544    26.6228      1.151      1.440      0.416      0.520 0.0000e+00
      16559    689.914    281.947 -109.90990   21.95940    280.000    10.9452    10.9156 3.8811e+04   3.886471     0.0607     0.0728    98.1963 1.0000e-12          0     0.5053     0.5165     0.0571     0.1148     4.5681     0.0000     0.0085     0.0000     0.5046     0.5158    34.6967    34.7783    26.5554    26.6244      1.209      1.397      0.437      0.505 0.0000e+00
      16581    690.819    282.955 -109.90990   21.95940    281.000    10.9338    10.9040 3.8799e+04   3.885366     0.0581     0.0728    98.1957 1.0000e-12          0     0.5053     0.5165     0.0568     0.1148     4.5681     0.0000     0.0084     0.0000     0.5044     0.5157    34.6954    34.7778    26.5565    26.6261      1.242      1.372      0.448      0.496 0.0000e+00
      16600    691.629    283.962 -109.90990   21.95940    282.000    10.9175    10.8875 3.8783e+04   3.883789     0.0664     0.0726    98.2010 1.0000e-12          0     0.5053     0.5163     0.0576     0.1148     4.5683     0.0000     0.0085     0.0000     0.5046     0.5157    34.6943    34.7773    26.5586    26.6287      1.221      1.432      0.440      0.517 0.0000e+00
      16619    692.421    284.970 -109.90990   21.95940    283.000    10.9039    10.8741 3.8770e+04   3.882418     0.0652     0.0720    98.2158 1.0000e-12          0     0.5051     0.5164     0.0575     0.1148     4.5690     0.0000     0.0084     0.0000     0.5044     0.5158    34.6935    34.7758    26.5605    26.6299      1.224      1.402      0.442      0.506 0.0000e+00
      16640    693.310    285.977 -109.90990   21.95940    284.000    10.8803    10.8499 3.8747e+04   3.880107     0.0664     0.0720    98.2157 1.0000e-12          0     0.5051     0.5164     0.0576     0.1148     4.5690     0.0000     0.0085     0.0000     0.5047     0.5157    34.6919    34.7753    26.5634    26.6338      1.244      1.408      0.449      0.508 0.0000e+00
      16668    694.453    286.985 -109.90990   21.95940    285.000    10.8650    10.8349 3.8732e+04   3.878501     0.0659     0.0719    98.2182 1.0000e-12          0     0.5050     0.5163     0.0576     0.1147     4.5691     0.0000     0.0084     0.0000     0.5045     0.5158    34.6914    34.7729    26.5658    26.6347      1.198      1.433      0.432      0.517 0.0000e+00
      16699    695.737    287.993 -109.90990   21.95940    286.000    10.8495    10.8176 3.8717e+04   3.876902     0.0655     0.0718    98.2216 1.0000e-12          0     0.5051     0.5164     0.0576     0.1148     4.5693     0.0000     0.0085     0.0000     0.5045     0.5158    34.6907    34.7729    26.5681    26.6378      1.206      1.441      0.435      0.519 0.0000e+00
      16728    696.963    289.000 -109.90990   21.95940    287.000    10.8183    10.7857 3.8686e+04   3.873751     0.0664     0.0721    98.2142 1.0000e-12          0     0.5053     0.5163     0.0576     0.1148     4.5689     0.0000     0.0085     0.0000     0.5045     0.5159    34.6883    34.7711    26.5718    26.6421      1.154      1.393      0.416      0.502 0.0000e+00
      16760    698.299    290.008 -109.90990   21.95940    288.000    10.7945    10.7649 3.8662e+04   3.871565     0.0612     0.0713    98.2325 1.0000e-12          0     0.5051     0.5164     0.0571     0.1148     4.5698     0.0000     0.0085     0.0000     0.5043     0.5155    34.6862    34.7685    26.5744    26.6438      1.203      1.362      0.433      0.490 0.0000e+00
      16797    699.852    291.016 -109.90990   21.95940    289.000    10.7841    10.7549 3.8651e+04   3.870494     0.0568     0.0707    98.2482 1.0000e-12          0     0.5051     0.5164     0.0567     0.1148     4.5705     0.0000     0.0085     0.0000     0.5043     0.5156    34.6855    34.7668    26.5757    26.6443      1.136      1.390      0.409      0.500 0.0000e+00
      16832    701.298    292.024 -109.90990   21.95940    290.000    10.7784    10.7490 3.8646e+04   3.869947     0.0657     0.0706    98.2508 1.0000e-12          0     0.5049     0.5162     0.0576     0.1148     4.5706     0.0000     0.0085     0.0000     0.5043     0.5157    34.6853    34.7664    26.5766    26.6451      1.240      1.407      0.446      0.506 0.0000e+00
      16858    702.356    293.031 -109.90990   21.95940    291.000    10.7690    10.7395 3.8637e+04   3.869077     0.0650     0.0711    98.2384 1.0000e-12          0     0.5049     0.5163     0.0575     0.1148     4.5700     0.0000     0.0085     0.0000     0.5045     0.5156    34.6847    34.7664    26.5778    26.6467      1.240      1.379      0.446      0.496 0.0000e+00
      16878    703.219    294.039 -109.90990   21.95940    292.000    10.7517    10.7219 3.8620e+04   3.867397     0.0645     0.0742    98.1623 1.0000e-12          0     0.5050     0.5161     0.0575     0.1148     4.5665     0.0000     0.0085     0.0000     0.5043     0.5156    34.6833    34.7658    26.5799    26.6494      1.136      1.396      0.409      0.502 0.0000e+00
      16898    704.047    295.047 -109.90990   21.95940    293.000    10.7368    10.7071 3.8605e+04   3.865911     0.0651     0.0704    98.2540 1.0000e-12          0     0.5049     0.5162     0.0575     0.1148     4.5708     0.0000     0.0084     0.0000     0.5044     0.5155    34.6817    34.7644    26.5812    26.6510      1.175      1.387      0.422      0.499 0.0000e+00
      16919    704.913    296.054 -109.90990   21.95940    294.000    10.7190    10.6882 3.8587e+04   3.864122     0.0594     0.0699    98.2673 1.0000e-12          0     0.5048     0.5163     0.0569     0.1147     4.5714     0.0000     0.0085     0.0000     0.5042     0.5157    34.6806    34.7640    26.5835    26.6540      1.138      1.432      0.409      0.515 0.0000e+00
      16942    705.871    297.062 -109.90990   21.95940    295.000    10.7019    10.6740 3.8571e+04   3.862600     0.0606     0.0704    98.2564 1.0000e-12          0     0.5050     0.5162     0.0571     0.1148     4.5709     0.0000     0.0085     0.0000     0.5043     0.5155    34.6797    34.7618    26.5860    26.6549      1.230      1.356      0.442      0.487 0.0000e+00
      16970    707.031    298.070 -109.90990   21.95940    296.000    10.6883    10.6572 3.8557e+04   3.860962     0.0645     0.0704    98.2555 1.0000e-12          0     0.5050     0.5162     0.0575     0.1148     4.5708     0.0000     0.0085     0.0000     0.5042     0.5156    34.6785    34.7608    26.5875    26.6571      1.123      1.438      0.403      0.516 0.0000e+00
      17004    708.441    299.078 -109.90990   21.95940    297.000    10.6724    10.6438 3.8541e+04   3.859640     0.0592     0.0703    98.2566 1.0000e-12          0     0.5048     0.5162     0.0569     0.1149     4.5709     0.0000     0.0085     0.0000     0.5042     0.5156    34.6775    34.7598    26.5895    26.6587      1.159      1.353      0.416      0.486 0.0000e+00
      17038    709.871    300.085 -109.90990   21.95940    298.000    10.6490    10.6204 3.8519e+04   3.857386     0.0618     0.0700    98.2668 1.0000e-12          0     0.5049     0.5161     0.0572     0.1164     4.5713     0.0000     0.0085     0.0000     0.5041     0.5155    34.6762    34.7589    26.5926    26.6622      1.192      1.361      0.428      0.488 0.0000e+00
      17070    711.205    301.093 -109.90990   21.95940    299.000    10.6340    10.6054 3.8504e+04   3.855867     0.0557     0.0701    98.2620 1.0000e-12          0     0.5047     0.5163     0.0566     0.1147     4.5711     0.0000     0.0085     0.0000     0.5043     0.5156    34.6753    34.7575    26.5946    26.6637      1.212      1.416      0.435      0.508 0.0000e+00
      17098    712.378    302.101 -109.90990   21.95940    300.000    10.6153    10.5855 3.8485e+04   3.853879     0.0569     0.0699    98.2681 1.0000e-12          0     0.5047     0.5161     0.0567     0.1148     4.5714     0.0000     0.0085     0.0000     0.5041     0.5154    34.6736    34.7560    26.5966    26.6661      1.080      1.346      0.387      0.482 0.0000e+00
      17124    713.456    303.108 -109.90990   21.95940    301.000    10.6041    10.5749 3.8474e+04   3.852741     0.0647     0.0699    98.2682 1.0000e-12          0     0.5047     0.5161     0.0575     0.1148     4.5714     0.0000     0.0085     0.0000     0.5041     0.5155    34.6722    34.7541    26.5975    26.6665      1.102      1.393      0.395      0.499 0.0000e+00
      17150    714.541    304.116 -109.90990   21.95940    302.000    10.5970    10.5677 3.8467e+04   3.852033     0.0607     0.0700    98.2653 1.0000e-12          0     0.5049     0.5161     0.0571     0.1148     4.5713     0.0000     0.0085     0.0000     0.5038     0.5153    34.6723    34.7534    26.5988    26.6672      1.125      1.380      0.403      0.495 0.0000e+00
