data/ctd-cnv/KM1919/KM1919-St22-P3/St22_P3_cast78-align-cellTM-derive-bin.cnv
* Sea-Bird SBE 9 Data File:
* FileName = C:\Users\otg\Desktop\CTD Data\km1920\St22_P3_cast78.hex
* Software Version Seasave V 7.26.7.107
* Temperature SN = 5554
* Conductivity SN = 3876
* Number of Bytes Per Scan = 41
* Number of Voltage Words = 4
* Number of Scans Averaged by the Deck Unit = 1
* NMEA Latitude = 21 59.69 N
* NMEA Longitude = 109 53.25 W
* NMEA UTC (Time) = Oct 17 2019  20:23:44
* NMEA baud rate = 4800
** Ship: Kilo Moana
** Station: St22  P3 cast 78
** Operator: gr
# nquan = 34
# nvalues = 252                         
# units = specified
# name 0 = scan: Scan Count
# name 1 = timeS: Time, Elapsed [seconds]
# name 2 = prDM: Pressure, Digiquartz [db]
# name 3 = longitude: Longitude [deg]
# name 4 = latitude: Latitude [deg]
# name 5 = depSM: Depth [salt water, m]
# name 6 = t090C: Temperature [ITS-90, deg C]
# name 7 = t190C: Temperature, 2 [ITS-90, deg C]
# name 8 = c0uS/cm: Conductivity [uS/cm]
# name 9 = c1S/m: Conductivity, 2 [S/m]
# name 10 = flECO-AFL: Fluorescence, WET Labs ECO-AFL/FL [mg/m^3]
# name 11 = CStarAt0: Beam Attenuation, WET Labs C-Star [1/m]
# name 12 = CStarTr0: Beam Transmission, WET Labs C-Star [%]
# name 13 = par: PAR/Irradiance, Biospherical/Licor
# name 14 = modError: Modulo Error Count
# name 15 = v0: Voltage 0
# name 16 = v1: Voltage 1
# name 17 = v2: Voltage 2
# name 18 = v3: Voltage 3
# name 19 = v4: Voltage 4
# name 20 = v5: Voltage 5
# name 21 = v6: Voltage 6
# name 22 = v7: Voltage 7
# name 23 = sbeox0V: Oxygen raw, SBE 43 [V]
# name 24 = sbeox1V: Oxygen raw, SBE 43, 2 [V]
# name 25 = sal00: Salinity, Practical [PSU]
# name 26 = sal11: Salinity, Practical, 2 [PSU]
# name 27 = sigma-é00: Density [sigma-theta, kg/m^3]
# name 28 = sigma-é11: Density, 2 [sigma-theta, kg/m^3]
# name 29 = sbeox0Mm/L: Oxygen, SBE 43 [umol/l], WS = 2
# name 30 = sbeox1Mm/L: Oxygen, SBE 43, 2 [umol/l], WS = 2
# name 31 = sbeox0PS: Oxygen, SBE 43 [% saturation], WS = 2
# name 32 = sbeox1PS: Oxygen, SBE 43, 2 [% saturation], WS = 2
# name 33 = flag: flag
# span 0 =       -252,      14274       
# span 1 =    -10.542,    594.703       
# span 2 =      2.013,    254.743       
# span 3 = -109.88752, -109.88730       
# span 4 =   21.99441,   21.99474       
# span 5 =      2.000,    253.000       
# span 6 =    11.2825,    27.8499       
# span 7 =    11.2571,    27.8137       
# span 8 = 3.9137e+04, 5.5596e+04       
# span 9 =   3.919312,   5.567396       
# span 10 =     0.0411,     1.5274      
# span 11 =     0.0661,     0.1549      
# span 12 =    96.2004,    98.3601      
# span 13 = -2.139e-06, 2.7146e+03      
# span 14 =          0,          0      
# span 15 =     0.5038,     2.4563      
# span 16 =     0.5139,     2.4498      
# span 17 =     0.0551,     0.2037      
# span 18 =     0.1123,     0.1153      
# span 19 =     4.4752,     4.5757      
# span 20 =     0.0000,     0.0000      
# span 21 =     0.0080,     4.6119      
# span 22 =     0.0000,     0.0000      
# span 23 =     0.5031,     2.4603      
# span 24 =     0.5134,     2.4444      
# span 25 =    33.9312,    34.7660      
# span 26 =    34.0224,    34.8500      
# span 27 =    22.1924,    26.5078      
# span 28 =    22.2654,    26.5748      
# span 29 =      0.859,    238.171      
# span 30 =      0.979,    249.492      
# span 31 =      0.313,    105.322      
# span 32 =      0.357,    110.546      
# span 33 = 0.0000e+00, 0.0000e+00      
# interval = meters: 1                  
# start_time = Oct 17 2019 20:27:22 [NMEA time, first data scan]
# bad_flag = -9.990e-29
*END*
       -252    -10.542      2.013 -109.88750   21.99472      2.000    27.8243    27.7894 5.5560e+04   5.565130     0.1076     0.1165    97.1297 2.7146e+03          0     2.3368     2.3196     0.0619     0.1150     4.5184     0.0000     4.6119     0.0000     2.3342     2.3211    34.6607    34.7506    22.1969    22.2759    196.901    207.003     97.362    102.350 0.0000e+00
        289     11.980      3.019 -109.88750   21.99472      3.000    27.8295    27.7837 5.5568e+04   5.563929     0.0925     0.1156    97.1503 7.0200e+02          0     2.3372     2.3253     0.0602     0.1146     4.5194     0.0000     3.8644     0.0000     2.3376     2.3211    34.6619    34.7461    22.1962    22.2744    197.388    206.841     97.611    102.258 0.0000e+00
        677     28.183      4.025 -109.88750   21.99472      4.000    27.7881    27.7403 5.5520e+04   5.558951     0.1022     0.1164    97.1333 9.2655e+02          0     2.3370     2.3217     0.0613     0.1148     4.5186     0.0000     3.9688     0.0000     2.3409     2.3227    34.6591    34.7429    22.2076    22.2862    198.002    206.950     97.847    102.237 0.0000e+00
        699     29.075      5.031 -109.88750   21.99472      5.000    27.7960    27.7643 5.5530e+04   5.561853     0.1020     0.1153    97.1581 4.4922e+02          0     2.3364     2.3216     0.0613     0.1147     4.5198     0.0000     3.6338     0.0000     2.3386     2.3193    34.6597    34.7453    22.2056    22.2803    197.210    206.831     97.469    102.220 0.0000e+00
        766     31.867      6.038 -109.88750   21.99472      6.000    27.7925    27.7517 5.5527e+04   5.560407     0.1042     0.1166    97.1285 1.5371e+02          0     2.3407     2.3212     0.0615     0.1147     4.5184     0.0000     3.2110     0.0000     2.3352     2.3229    34.6598    34.7442    22.2068    22.2836    197.461    207.219     97.587    102.390 0.0000e+00
        843     35.067      7.044 -109.88750   21.99474      7.000    27.8241    27.7780 5.5563e+04   5.563535     0.0961     0.1159    97.1445 1.4481e+02          0     2.3352     2.3221     0.0606     0.1144     4.5191     0.0000     3.1750     0.0000     2.3381     2.3161    34.6612    34.7464    22.1977    22.2768    197.403    206.655     97.610    102.156 0.0000e+00
        895     37.260      8.050 -109.88752   21.99474      8.000    27.8185    27.7712 5.5557e+04   5.562476     0.1006     0.1158    97.1477 1.3004e+02          0     2.3365     2.3144     0.0611     0.1147     4.5193     0.0000     3.1281     0.0000     2.3311     2.3211    34.6612    34.7437    22.1996    22.2771    196.407    207.084     97.109    102.355 0.0000e+00
        922     38.383      9.057 -109.88750   21.99474      9.000    27.8499    27.8137 5.5596e+04   5.567396     0.1005     0.1150    97.1649 1.3394e+02          0     2.3378     2.3141     0.0611     0.1144     4.5201     0.0000     3.1409     0.0000     2.3341     2.3223    34.6650    34.7465    22.1924    22.2654    197.304    207.237     97.605    102.504 0.0000e+00
       1032     42.970     10.063 -109.88750   21.99472     10.000    27.7394    27.6954 5.5465e+04   5.554526     0.0984     0.1180    97.0937 1.2839e+02          0     2.3303     2.3232     0.0609     0.1143     4.5168     0.0000     3.1219     0.0000     2.3301     2.3209    34.6542    34.7432    22.2202    22.3014    196.612    207.122     97.080    102.246 0.0000e+00
       1120     46.640     11.069 -109.88750   21.99472     11.000    27.6879    27.6477 5.5407e+04   5.548774     0.0895     0.1183    97.0870 1.1988e+02          0     2.3298     2.3204     0.0599     0.1137     4.5165     0.0000     3.0927     0.0000     2.3338     2.3137    34.6511    34.7378    22.2347    22.3129    197.965    206.689     97.664    101.950 0.0000e+00
       1154     48.040     12.076 -109.88750   21.99472     12.000    27.6779    27.6377 5.5396e+04   5.547596     0.0927     0.1183    97.0869 1.1618e+02          0     2.3316     2.3231     0.0603     0.1143     4.5165     0.0000     3.0791     0.0000     2.3349     2.3183    34.6503    34.7366    22.2374    22.3153    197.890    207.855     97.610    102.507 0.0000e+00
       1200     49.968     13.082 -109.88750   21.99472     13.000    27.6706    27.6291 5.5388e+04   5.546594     0.0999     0.1176    97.1042 1.1303e+02          0     2.3331     2.3158     0.0610     0.1140     4.5173     0.0000     3.0672     0.0000     2.3333     2.3208    34.6500    34.7355    22.2396    22.3174    197.407    207.628     97.360    102.380 0.0000e+00
       1325     55.152     14.088 -109.88750   21.99472     14.000    27.6633    27.6235 5.5382e+04   5.546067     0.1209     0.1181    97.0917 1.0320e+02          0     2.3312     2.3199     0.0631     0.1143     4.5167     0.0000     3.0278     0.0000     2.3380     2.3166    34.6505    34.7357    22.2424    22.3194    197.995    207.581     97.639    102.348 0.0000e+00
       1347     56.101     15.095 -109.88750   21.99472     15.000    27.6569    27.6166 5.5375e+04   5.545364     0.1148     0.1184    97.0829 1.0122e+02          0     2.3345     2.3155     0.0625     0.1148     4.5163     0.0000     3.0194     0.0000     2.3295     2.3195    34.6503    34.7356    22.2444    22.3216    196.324    207.725     96.804    102.407 0.0000e+00
       1373     57.166     16.101 -109.88750   21.99472     16.000    27.6433    27.6023 5.5361e+04   5.544157     0.1127     0.1185    97.0799 1.0214e+02          0     2.3375     2.3140     0.0623     0.1137     4.5162     0.0000     3.0233     0.0000     2.3254     2.3204    34.6504    34.7373    22.2489    22.3276    197.205    207.923     97.217    102.482 0.0000e+00
       1403     58.402     17.107 -109.88750   21.99472     17.000    27.6046    27.5637 5.5319e+04   5.539939     0.1127     0.1156    97.1526 1.0079e+02          0     2.3369     2.3187     0.0623     0.1147     4.5195     0.0000     3.0175     0.0000     2.3316     2.3213    34.6488    34.7359    22.2604    22.3391    198.600    208.249     97.842    102.576 0.0000e+00
       1477     61.501     18.114 -109.88750   21.99472     18.000    27.5874    27.5467 5.5301e+04   5.537937     0.1078     0.1129    97.2175 9.9490e+01          0     2.3319     2.3212     0.0618     0.1145     4.5226     0.0000     3.0119     0.0000     2.3344     2.3222    34.6485    34.7341    22.2658    22.3433    198.165    208.250     97.600    102.547 0.0000e+00
       1560     64.957     19.120 -109.88750   21.99472     19.000    27.5785    27.5381 5.5293e+04   5.537112     0.1127     0.1129    97.2166 9.6949e+01          0     2.3358     2.3220     0.0623     0.1139     4.5225     0.0000     3.0007     0.0000     2.3343     2.3167    34.6492    34.7343    22.2692    22.3463    198.245    207.167     97.625    101.999 0.0000e+00
       1599     66.584     20.126 -109.88750   21.99472     20.000    27.5736    27.5330 5.5288e+04   5.536588     0.1140     0.1123    97.2323 9.4168e+01          0     2.3317     2.3218     0.0624     0.1148     4.5232     0.0000     2.9880     0.0000     2.3305     2.3146    34.6488    34.7341    22.2706    22.3479    197.867    207.734     97.431    102.270 0.0000e+00
       1666     69.363     21.133 -109.88750   21.99472     21.000    27.5700    27.5297 5.5285e+04   5.536382     0.1171     0.1124    97.2298 9.3635e+01          0     2.3320     2.3153     0.0627     0.1147     4.5231     0.0000     2.9856     0.0000     2.3334     2.3178    34.6496    34.7348    22.2724    22.3495    198.313    208.012     97.645    102.401 0.0000e+00
       1729     72.018     22.139 -109.88750   21.99472     22.000    27.5605    27.5204 5.5277e+04   5.535420     0.1255     0.1119    97.2412 9.1013e+01          0     2.3331     2.3173     0.0636     0.1148     4.5237     0.0000     2.9733     0.0000     2.3344     2.3185    34.6502    34.7346    22.2760    22.3525    198.467    207.813     97.706    102.288 0.0000e+00
       1774     73.871     23.145 -109.88750   21.99472     23.000    27.5444    27.5067 5.5258e+04   5.533962     0.1409     0.1130    97.2146 9.0365e+01          0     2.3340     2.3189     0.0651     0.1148     4.5224     0.0000     2.9702     0.0000     2.3369     2.3192    34.6487    34.7342    22.2802    22.3567    198.907    208.460     97.895    102.583 0.0000e+00
       1842     76.706     24.152 -109.88750   21.99472     24.000    27.5114    27.4748 5.5218e+04   5.530333     0.1305     0.1130    97.2154 8.8389e+01          0     2.3357     2.3175     0.0640     0.1148     4.5225     0.0000     2.9605     0.0000     2.3338     2.3200    34.6441    34.7319    22.2875    22.3653    198.440    208.243     97.610    102.421 0.0000e+00
       1889     78.660     25.158 -109.88750   21.99470     25.000    27.4444    27.4047 5.5136e+04   5.522055     0.1385     0.1153    97.1587 8.5997e+01          0     2.3372     2.3220     0.0648     0.1148     4.5198     0.0000     2.9486     0.0000     2.3378     2.3171    34.6362    34.7251    22.3031    22.3828    200.195    208.606     98.361    102.477 0.0000e+00
       1927     80.243     26.165 -109.88750   21.99470     26.000    27.2122    27.1851 5.4852e+04   5.496416     0.1620     0.1179    97.0959 8.5278e+01          0     2.3330     2.3191     0.0672     0.1147     4.5169     0.0000     2.9450     0.0000     2.3572     2.3282    34.6064    34.7063    22.3554    22.4392    204.341    211.415     99.995    103.469 0.0000e+00
       1992     82.956     27.171 -109.88750   21.99470     27.000    26.5025    26.5608 5.4004e+04   5.424327     0.2323     0.1294    96.8167 8.3520e+01          0     2.3487     2.3235     0.0742     0.1141     4.5039     0.0000     2.9360     0.0000     2.3778     2.3488    34.5288    34.6571    22.5223    22.6004    208.834    216.243    100.948    104.707 0.0000e+00
       2065     85.997     28.177 -109.88750   21.99470     28.000    25.2191    25.3437 5.2527e+04   5.284480     0.2962     0.1369    96.6364 8.3090e+01          0     2.3701     2.3493     0.0806     0.1148     4.4955     0.0000     2.9337     0.0000     2.4122     2.3884    34.4210    34.5599    22.8390    22.9056    217.932    226.524    103.038    107.411 0.0000e+00
       2113     87.997     29.184 -109.88749   21.99470     29.000    24.2247    24.4145 5.1410e+04   5.179489     0.3456     0.1476    96.3779 7.8850e+01          0     2.3958     2.3612     0.0856     0.1150     4.4835     0.0000     2.9109     0.0000     2.4353     2.3989    34.3486    34.4918    23.0828    23.1348    225.305    230.655    104.674    107.601 0.0000e+00
       2167     90.234     30.190 -109.88748   21.99470     30.000    22.7506    22.7973 4.9789e+04   5.004026     0.4204     0.1549    96.2004 7.5091e+01          0     2.4189     2.3953     0.0930     0.1151     4.4752     0.0000     2.8899     0.0000     2.4545     2.4253    34.2573    34.4150    23.4436    23.5496    232.448    241.759    105.211    109.614 0.0000e+00
       2204     91.789     31.197 -109.88748   21.99470     31.000    22.1608    22.1202 4.9144e+04   4.925260     0.3994     0.1484    96.3592 7.4075e+01          0     2.4394     2.3998     0.0909     0.1147     4.4826     0.0000     2.8839     0.0000     2.4603     2.4444    34.2199    34.3366    23.5820    23.6820    235.184    246.859    105.322    110.546 0.0000e+00
       2253     93.816     32.203 -109.88748   21.99470     32.000    21.9612    21.9539 4.8942e+04   4.906625     0.3660     0.1402    96.5556 6.9250e+01          0     2.4535     2.4259     0.0876     0.1148     4.4918     0.0000     2.8544     0.0000     2.4512     2.4435    34.2183    34.3218    23.6365    23.7172    233.173    245.272    104.052    109.502 0.0000e+00
       2331     97.083     33.210 -109.88748   21.99470     33.000    21.5318    21.6130 4.8496e+04   4.871256     0.3762     0.1398    96.5656 6.4428e+01          0     2.4563     2.4498     0.0886     0.1147     4.4922     0.0000     2.8235     0.0000     2.4274     2.4217    34.2068    34.3139    23.7467    23.8058    233.123    243.723    103.226    108.144 0.0000e+00
       2369     98.659     34.216 -109.88748   21.99470     34.000    21.0989    21.1186 4.8027e+04   4.818168     0.4126     0.1435    96.4762 6.1035e+01          0     2.4405     2.4363     0.0923     0.1148     4.4881     0.0000     2.7998     0.0000     2.4219     2.4159    34.1793    34.2870    23.8441    23.9207    233.310    245.151    102.492    107.800 0.0000e+00
       2422    100.861     35.222 -109.88748   21.99470     35.000    20.9851    20.9289 4.7911e+04   4.798068     0.4242     0.1422    96.5068 5.7226e+01          0     2.4280     2.4219     0.0934     0.1147     4.4895     0.0000     2.7719     0.0000     2.4043     2.4036    34.1775    34.2782    23.8737    23.9655    231.188    244.204    101.351    107.012 0.0000e+00
       2491    103.734     36.229 -109.88748   21.99470     36.000    20.6196    20.5247 4.7540e+04   4.757778     0.4604     0.1417    96.5181 5.4979e+01          0     2.4102     2.4070     0.0971     0.1148     4.4900     0.0000     2.7546     0.0000     2.3740     2.3753    34.1723    34.2797    23.9680    24.0752    229.722    242.236    100.038    105.373 0.0000e+00
       2535    105.580     37.235 -109.88748   21.99470     37.000    20.0476    19.9922 4.6933e+04   4.700232     0.5614     0.1459    96.4198 5.1195e+01          0     2.3916     2.3937     0.1071     0.1153     4.4855     0.0000     2.7236     0.0000     2.3703     2.3674    34.1420    34.2439    24.0966    24.1889    233.805    244.478    100.741    105.297 0.0000e+00
       2586    107.698     38.242 -109.88748   21.99470     38.000    19.8730    19.8337 4.6751e+04   4.682879     0.5937     0.1417    96.5186 4.8718e+01          0     2.3728     2.3735     0.1104     0.1142     4.4900     0.0000     2.7022     0.0000     2.3730     2.3647    34.1353    34.2308    24.1374    24.2205    235.212    245.550    101.020    105.443 0.0000e+00
       2644    110.128     39.248 -109.88748   21.99470     39.000    19.6459    19.6340 4.6496e+04   4.660606     0.5444     0.1347    96.6889 4.7131e+01          0     2.3717     2.3647     0.1054     0.1147     4.4980     0.0000     2.6879     0.0000     2.3790     2.3678    34.1101    34.2106    24.1772    24.2570    237.596    247.370    101.602    105.822 0.0000e+00
       2698    112.388     40.255 -109.88746   21.99470     40.000    19.4327    19.4270 4.6251e+04   4.635993     0.4291     0.1233    96.9652 4.4786e+01          0     2.3749     2.3650     0.0939     0.1147     4.5108     0.0000     2.6657     0.0000     2.3838     2.3729    34.0820    34.1768    24.2109    24.2848    238.171    249.228    101.431    106.189 0.0000e+00
       2751    114.588     41.261 -109.88746   21.99470     41.000    19.4008    19.3670 4.6220e+04   4.629385     0.4385     0.1226    96.9812 4.3242e+01          0     2.3821     2.3700     0.0948     0.1145     4.5116     0.0000     2.6506     0.0000     2.3797     2.3777    34.0826    34.1710    24.2196    24.2958    237.732    249.492    101.185    106.179 0.0000e+00
       2809    117.002     42.268 -109.88746   21.99469     42.000    19.3265    19.3091 4.6143e+04   4.623276     0.4582     0.1235    96.9609 4.1874e+01          0     2.3812     2.3766     0.0968     0.1136     4.5106     0.0000     2.6366     0.0000     2.3761     2.3712    34.0792    34.1676    24.2362    24.3081    237.187    248.319    100.812    105.565 0.0000e+00
       2864    119.301     43.274 -109.88746   21.99468     43.000    19.2273    19.2068 4.6038e+04   4.612634     0.4999     0.1247    96.9316 3.9370e+01          0     2.3785     2.3753     0.1010     0.1140     4.5093     0.0000     2.6099     0.0000     2.3672     2.3599    34.0730    34.1629    24.2568    24.3308    236.078    247.032    100.152    104.816 0.0000e+00
