data/ctd-cnv/KM1919/KM1919-St22-P3/St22_P3_cast68-align-cellTM-derive-bin.cnv
* Sea-Bird SBE 9 Data File:
* FileName = C:\Users\otg\Desktop\CTD Data\km1920\St22_P3_cast68.hex
* Software Version Seasave V 7.26.7.107
* Temperature SN = 5554
* Conductivity SN = 3876
* Number of Bytes Per Scan = 41
* Number of Voltage Words = 4
* Number of Scans Averaged by the Deck Unit = 1
* NMEA Latitude = 21 53.37 N
* NMEA Longitude = 109 56.50 W
* NMEA UTC (Time) = Oct 16 2019  04:28:05
* NMEA baud rate = 4800
** Ship: Kilo Moana
** Station: St22  P3 cast 68
** Operator: rk
** sno catchers
# nquan = 34
# nvalues = 348                         
# units = specified
# name 0 = scan: Scan Count
# name 1 = timeS: Time, Elapsed [seconds]
# name 2 = prDM: Pressure, Digiquartz [db]
# name 3 = longitude: Longitude [deg]
# name 4 = latitude: Latitude [deg]
# name 5 = depSM: Depth [salt water, m]
# name 6 = t090C: Temperature [ITS-90, deg C]
# name 7 = t190C: Temperature, 2 [ITS-90, deg C]
# name 8 = c0uS/cm: Conductivity [uS/cm]
# name 9 = c1S/m: Conductivity, 2 [S/m]
# name 10 = flECO-AFL: Fluorescence, WET Labs ECO-AFL/FL [mg/m^3]
# name 11 = CStarAt0: Beam Attenuation, WET Labs C-Star [1/m]
# name 12 = CStarTr0: Beam Transmission, WET Labs C-Star [%]
# name 13 = par: PAR/Irradiance, Biospherical/Licor
# name 14 = modError: Modulo Error Count
# name 15 = v0: Voltage 0
# name 16 = v1: Voltage 1
# name 17 = v2: Voltage 2
# name 18 = v3: Voltage 3
# name 19 = v4: Voltage 4
# name 20 = v5: Voltage 5
# name 21 = v6: Voltage 6
# name 22 = v7: Voltage 7
# name 23 = sbeox0V: Oxygen raw, SBE 43 [V]
# name 24 = sbeox1V: Oxygen raw, SBE 43, 2 [V]
# name 25 = sal00: Salinity, Practical [PSU]
# name 26 = sal11: Salinity, Practical, 2 [PSU]
# name 27 = sigma-é00: Density [sigma-theta, kg/m^3]
# name 28 = sigma-é11: Density, 2 [sigma-theta, kg/m^3]
# name 29 = sbeox0Mm/L: Oxygen, SBE 43 [umol/l], WS = 2
# name 30 = sbeox1Mm/L: Oxygen, SBE 43, 2 [umol/l], WS = 2
# name 31 = sbeox0PS: Oxygen, SBE 43 [% saturation], WS = 2
# name 32 = sbeox1PS: Oxygen, SBE 43, 2 [% saturation], WS = 2
# name 33 = flag: flag
# span 0 =         -9,      25903       
# span 1 =     -0.412,   1079.238       
# span 2 =      7.044,    356.524       
# span 3 = -109.94162, -109.94148       
# span 4 =   21.88945,   21.88954       
# span 5 =      7.000,    354.000       
# span 6 =     9.7880,    27.8058       
# span 7 =     9.7564,    27.8340       
# span 8 = 3.7677e+04, 5.5270e+04       
# span 9 =   3.772479,   5.545953       
# span 10 =     0.0414,     1.1264      
# span 11 =     0.0603,     0.1254      
# span 12 =    96.9136,    98.5046      
# span 13 = -6.310e-04, 1.9423e+00      
# span 14 =          0,          0      
# span 15 =     0.5032,     2.5084      
# span 16 =     0.5139,     2.4982      
# span 17 =     0.0551,     0.1636      
# span 18 =     0.1135,     0.1173      
# span 19 =     4.5084,     4.5824      
# span 20 =     0.0000,     0.0000      
# span 21 =     0.0049,     1.3251      
# span 22 =     0.0000,     0.0000      
# span 23 =     0.5027,     2.5106      
# span 24 =     0.5133,     2.4956      
# span 25 =    33.9323,    34.7754      
# span 26 =    34.0187,    34.8577      
# span 27 =    21.7952,    26.6966      
# span 28 =    22.0708,    26.7638      
# span 29 =      0.903,    241.430      
# span 30 =      1.021,    252.534      
# span 31 =      0.320,    108.341      
# span 32 =      0.362,    113.298      
# span 33 = 0.0000e+00, 0.0000e+00      
# interval = meters: 1                  
# start_time = Oct 16 2019 04:30:01 [NMEA time, first data scan]
# bad_flag = -9.990e-29
*END*
         -9     -0.412      7.044 -109.94158   21.88952      7.000    27.6814    27.6459 5.5196e+04   5.524937     0.1249     0.0972    97.5998 1.9423e+00          0     1.8585     1.8403     0.0635     0.1148     4.5404     0.0000     1.3251     0.0000     1.9644     1.9490    34.5086    34.5723    22.1293    22.1887    161.902    167.522     79.797     82.551 0.0000e+00
         38      1.525      8.050 -109.94158   21.88952      8.000    27.6909    27.6496 5.5042e+04   5.523455     0.1249     0.0986    97.5657 1.3665e+00          0     1.9364     1.8632     0.0635     0.1148     4.5388     0.0000     1.1766     0.0000     1.8408     1.8552    34.3929    34.5588    22.0392    22.1774    137.803    150.197     67.890     74.013 0.0000e+00
        147      6.080      9.057 -109.94158   21.88952      9.000    27.7139    27.6759 5.4619e+04   5.518381     0.1249     0.0997    97.5386 1.0440e+00          0     1.8080     1.8410     0.0635     0.1145     4.5375     0.0000     1.0663     0.0000     1.6754     1.7344    34.0782    34.5034    21.7952    22.1273    127.828    142.791     62.888     70.374 0.0000e+00
        205      8.493     10.063 -109.94158   21.88952     10.000    27.8058    27.8340 5.5104e+04   5.533952     0.1266     0.1040    97.4349 8.3432e-01          0     1.6902     1.7470     0.0637     0.1148     4.5326     0.0000     0.9814     0.0000     1.8280     1.9271    34.3517    34.4964    21.9712    22.0708    157.603    171.967     77.772     84.968 0.0000e+00
        263     10.931     11.069 -109.94158   21.88952     11.000    27.7646    27.7535 5.5230e+04   5.545953     0.1296     0.1001    97.5282 7.7874e-01          0     1.7659     1.8398     0.0640     0.1142     4.5370     0.0000     0.9512     0.0000     1.8498     1.9361    34.4700    34.6398    22.0735    22.2048    144.633    163.431     71.373     80.710 0.0000e+00
        365     15.167     12.076 -109.94158   21.88952     12.000    27.6676    27.6294 5.5256e+04   5.538403     0.1251     0.0983    97.5720 6.2618e-01          0     1.8372     1.9251     0.0635     0.1139     4.5391     0.0000     0.8646     0.0000     1.7491     1.9586    34.5594    34.6779    22.1723    22.2738    131.036    167.595     64.591     82.614 0.0000e+00
       1734     72.228     13.082 -109.94158   21.88950     13.000    27.5850    27.5437 5.5220e+04   5.533326     0.1353     0.0982    97.5763 5.4790e-01          0     2.2197     2.2791     0.0645     0.1157     4.5393     0.0000     0.8179     0.0000     2.3266     2.3184    34.5951    34.7053    22.2259    22.3222    205.339    210.138    101.112    103.461 0.0000e+00
       2053     85.498     14.088 -109.94158   21.88950     14.000    27.5930    27.5527 5.5270e+04   5.534879     0.1415     0.1074    97.3505 4.3156e-01          0     2.3292     2.3177     0.0651     0.1149     4.5288 3.2976e-07     0.7325     0.0000     2.3344     2.3197    34.6239    34.7093    22.2451    22.3224    198.438    207.751     97.729    102.297 0.0000e+00
       2105     87.669     15.094 -109.94158   21.88951     15.000    27.5891    27.5491 5.5268e+04   5.534603     0.1423     0.0990    97.5548 3.5777e-01          0     2.3328     2.3238     0.0652     0.1159     4.5383     0.0000     0.6673     0.0000     2.3368     2.3192    34.6248    34.7097    22.2472    22.3239    198.383    207.938     97.697    102.383 0.0000e+00
       2179     90.737     16.101 -109.94158   21.88952     16.000    27.5862    27.5459 5.5265e+04   5.534312     0.1454     0.1002    97.5265 3.3927e-01          0     2.3369     2.3210     0.0655     0.1153     4.5369     0.0000     0.6494     0.0000     2.3358     2.3185    34.6249    34.7097    22.2482    22.3251    198.271    207.772     97.637    102.296 0.0000e+00
       2273     94.684     17.107 -109.94158   21.88952     17.000    27.5790    27.5381 5.5257e+04   5.533396     0.1478     0.1010    97.5064 2.4916e-01          0     2.3352     2.3173     0.0658     0.1155     4.5360     0.0000     0.5494     0.0000     2.3366     2.3189    34.6240    34.7087    22.2499    22.3269    198.508    207.963     97.741    102.377 0.0000e+00
       2381     99.162     18.113 -109.94158   21.88952     18.000    27.5732    27.5330 5.5250e+04   5.532844     0.1477     0.1013    97.5009 2.1627e-01          0     2.3367     2.3190     0.0657     0.1158     4.5357     0.0000     0.5067     0.0000     2.3349     2.3194    34.6234    34.7083    22.2515    22.3283    198.240    208.122     97.600    102.446 0.0000e+00
       2454    102.205     19.120 -109.94158   21.88952     19.000    27.5688    27.5288 5.5246e+04   5.532368     0.1494     0.1008    97.5114 1.6440e-01          0     2.3351     2.3192     0.0659     0.1159     4.5362     0.0000     0.4304     0.0000     2.3332     2.3181    34.6230    34.7077    22.2526    22.3293    198.030    207.774     97.489    102.267 0.0000e+00
       2526    105.203     20.126 -109.94158   21.88951     20.000    27.5624    27.5222 5.5238e+04   5.531649     0.1553     0.1010    97.5060 1.5532e-01          0     2.3334     2.3186     0.0665     0.1155     4.5360     0.0000     0.4159     0.0000     2.3308     2.3187    34.6223    34.7073    22.2543    22.3312    197.839    208.105     97.384    102.419 0.0000e+00
       2607    108.574     21.133 -109.94158   21.88950     21.000    27.5542    27.5143 5.5229e+04   5.530706     0.1572     0.1016    97.4930 1.1236e-01          0     2.3313     2.3185     0.0667     0.1156     4.5354     0.0000     0.3375     0.0000     2.3273     2.3194    34.6214    34.7061    22.2563    22.3330    197.611    208.132     97.259    102.418 0.0000e+00
       2658    110.699     22.139 -109.94160   21.88950     22.000    27.5501    27.5097 5.5226e+04   5.530348     0.1688     0.1018    97.4879 8.2067e-02          0     2.3279     2.3194     0.0679     0.1159     4.5351     0.0000     0.2694     0.0000     2.3280     2.3170    34.6219    34.7067    22.2581    22.3349    198.672    207.942     97.774    102.317 0.0000e+00
       2697    112.344     23.145 -109.94160   21.88950     23.000    27.5056    27.4589 5.5172e+04   5.525512     0.1722     0.1020    97.4817 6.2622e-02          0     2.3273     2.3190     0.0682     0.1159     4.5348     0.0000     0.2209     0.0000     2.3543     2.3232    34.6167    34.7099    22.2686    22.3538    205.109    210.475    100.865    103.478 0.0000e+00
       2732    113.800     24.152 -109.94160   21.88950     24.000    27.1087    27.0460 5.4713e+04   5.482395     0.1924     0.1037    97.4391 2.6793e-02          0     2.3263     2.3174     0.0702     0.1158     4.5329     0.0000     0.1120     0.0000     2.3986     2.3539    34.5849    34.7108    22.3721    22.4869    212.358    216.645    103.727    105.787 0.0000e+00
       2764    115.122     25.158 -109.94160   21.88950     25.000    26.2059    26.1670 5.3654e+04   5.381440     0.2264     0.1115    97.2499 3.1506e-02          0     2.3371     2.3172     0.0736     0.1159     4.5241     0.0000     0.1277     0.0000     2.4355     2.3855    34.4988    34.6445    22.5923    22.7144    217.385    224.362    104.547    107.915 0.0000e+00
       2834    118.062     26.164 -109.94161   21.88950     26.000    25.4087    24.8080 5.2719e+04   5.218525     0.3129     0.1163    97.1352 8.4158e-03          0     2.4119     2.3744     0.0823     0.1159     4.5187     0.0000     0.0417     0.0000     2.4419     2.4334    34.4177    34.4811    22.7772    23.0077    220.397    233.771    104.513    109.777 0.0000e+00
       2917    121.507     27.171 -109.94161   21.88950     27.000    23.1412    23.1644 5.0117e+04   5.035645     0.3801     0.1168    97.1216 -6.310e-04          0     2.4273     2.4389     0.0890     0.1159     4.5181     0.0000     0.0049     0.0000     2.4940     2.4771    34.2077    34.3721    23.2951    23.4119    236.457    246.652    107.753    112.536 0.0000e+00
       2944    122.645     28.177 -109.94160   21.88950     28.000    22.6660    22.6151 4.9590e+04   4.969632     0.4058     0.1233    96.9652 -1.176e-06          0     2.4491     2.4382     0.0916     0.1159     4.5108     0.0000     0.0077     0.0000     2.4987     2.4831    34.1710    34.2929    23.4020    23.5090    239.051    248.696    107.983    112.319 0.0000e+00
       2975    123.914     29.184 -109.94160   21.88950     29.000    22.2979    22.2438 4.9199e+04   4.930691     0.4618     0.1254    96.9136 1.0000e-12          0     2.4786     2.4591     0.0972     0.1159     4.5084     0.0000     0.0076     0.0000     2.5106     2.4956    34.1549    34.2818    23.4938    23.6054    241.430    252.534    108.341    113.298 0.0000e+00
       3033    126.337     30.190 -109.94160   21.88950     30.000    22.0017    21.9601 4.8883e+04   4.897524     0.4529     0.1225    96.9831 1.0000e-12          0     2.5012     2.4861     0.0963     0.1159     4.5117     0.0000     0.0078     0.0000     2.5007     2.4939    34.1406    34.2462    23.5661    23.6579    238.893    251.555    106.631    112.269 0.0000e+00
       3103    129.251     31.197 -109.94160   21.88950     31.000    21.4868    21.4492 4.8358e+04   4.845971     0.4374     0.1243    96.9395 1.0000e-12          0     2.5084     2.4982     0.0947     0.1159     4.5096     0.0000     0.0076     0.0000     2.4803     2.4745    34.1343    34.2449    23.7039    23.7983    239.484    250.956    105.912    110.983 0.0000e+00
       3138    130.711     32.203 -109.94160   21.88950     32.000    21.2493    21.2123 4.8136e+04   4.822543     0.4141     0.1175    97.1055 1.0000e-12          0     2.4923     2.4903     0.0924     0.1159     4.5174     0.0000     0.0077     0.0000     2.4747     2.4666    34.1471    34.2476    23.7786    23.8652    239.720    251.519    105.574    110.762 0.0000e+00
       3172    132.113     33.209 -109.94160   21.88950     33.000    21.1683    21.1274 4.8057e+04   4.813691     0.3714     0.1128    97.2190 1.0000e-12          0     2.4833     2.4793     0.0882     0.1154     4.5226     0.0000     0.0077     0.0000     2.4664     2.4598    34.1482    34.2446    23.8016    23.8861    238.597    250.978    104.927    110.352 0.0000e+00
       3225    134.326     34.216 -109.94160   21.88950     34.000    21.1067    21.0383 4.8010e+04   4.805845     0.3666     0.1152    97.1608 1.0000e-12          0     2.4737     2.4660     0.0877     0.1158     4.5199     0.0000     0.0076     0.0000     2.4549     2.4515    34.1593    34.2530    23.8269    23.9167    238.400    250.467    104.730    109.956 0.0000e+00
       3293    137.146     35.222 -109.94161   21.88950     35.000    20.9126    20.8935 4.7819e+04   4.791397     0.3846     0.1151    97.1631 1.0000e-12          0     2.4567     2.4540     0.0895     0.1159     4.5200     0.0000     0.0076     0.0000     2.4497     2.4393    34.1615    34.2533    23.8811    23.9561    239.096    249.880    104.670    109.412 0.0000e+00
       3335    138.925     36.229 -109.94162   21.88950     36.000    20.8046    20.7665 4.7709e+04   4.778235     0.3884     0.1142    97.1848 1.0000e-12          0     2.4524     2.4464     0.0899     0.1158     4.5210     0.0000     0.0078     0.0000     2.4471     2.4373    34.1598    34.2494    23.9089    23.9875    239.222    250.476    104.519    109.418 0.0000e+00
       3369    140.341     37.235 -109.94162   21.88950     37.000    20.7631    20.7247 4.7675e+04   4.774767     0.3839     0.1121    97.2373 1.0000e-12          0     2.4500     2.4397     0.0894     0.1149     4.5235     0.0000     0.0077     0.0000     2.4444     2.4355    34.1656    34.2548    23.9246    24.0029    238.470    250.229    104.116    109.231 0.0000e+00
       3406    141.869     38.242 -109.94162   21.88950     38.000    20.7047    20.6603 4.7624e+04   4.769177     0.3806     0.1107    97.2710 1.0000e-12          0     2.4480     2.4378     0.0891     0.1158     4.5250     0.0000     0.0078     0.0000     2.4345     2.4308    34.1710    34.2614    23.9444    24.0252    237.393    249.812    103.539    108.926 0.0000e+00
       3454    143.892     39.248 -109.94162   21.88950     39.000    20.5475    20.4733 4.7458e+04   4.749721     0.3978     0.1113    97.2568 1.0000e-12          0     2.4431     2.4351     0.0908     0.1153     4.5244     0.0000     0.0080     0.0000     2.4272     2.4238    34.1634    34.2550    23.9807    24.0703    237.279    249.515    103.190    108.423 0.0000e+00
       3506    146.054     40.254 -109.94162   21.88950     40.000    20.3156    20.2586 4.7204e+04   4.726837     0.4179     0.1096    97.2962 1.0000e-12          0     2.4319     2.4287     0.0928     0.1152     4.5263     0.0000     0.0080     0.0000     2.4120     2.4107    34.1445    34.2431    24.0280    24.1182    235.245    248.113    101.862    107.385 0.0000e+00
       3545    147.677     41.261 -109.94162   21.88950     41.000    20.1103    20.0656 4.7001e+04   4.707677     0.4214     0.1119    97.2410 1.0000e-12          0     2.4256     2.4223     0.0931     0.1146     4.5237     0.0000     0.0081     0.0000     2.3975     2.3950    34.1456    34.2435    24.0831    24.1695    234.977    246.757    101.366    106.422 0.0000e+00
       3581    149.177     42.267 -109.94161   21.88950     42.000    19.8006    19.7545 4.6661e+04   4.673806     0.4394     0.1083    97.3291 1.0000e-12          0     2.4158     2.4138     0.0949     0.1152     4.5278     0.0000     0.0079     0.0000     2.3874     2.3794    34.1185    34.2196    24.1436    24.2327    235.297    245.970    100.912    105.463 0.0000e+00
       3621    150.842     43.274 -109.94160   21.88950     43.000    19.5605    19.5112 4.6395e+04   4.647036     0.4877     0.1103    97.2791 1.0000e-12          0     2.3997     2.3981     0.0998     0.1158     4.5254     0.0000     0.0081     0.0000     2.3735     2.3652    34.0952    34.1978    24.1881    24.2792    233.833    246.160     99.827    105.058 0.0000e+00
       3663    152.563     44.280 -109.94160   21.88950     44.000    19.2887    19.2478 4.6107e+04   4.618121     0.5379     0.1112    97.2582 1.0000e-12          0     2.3879     2.3808     0.1048     0.1152     4.5244     0.0000     0.0080     0.0000     2.3553     2.3561    34.0791    34.1745    24.2458    24.3291    232.089    245.960     98.576    104.447 0.0000e+00
       3700    154.111     45.287 -109.94160   21.88950     45.000    19.2341    19.1978 4.6059e+04   4.612940     0.5658     0.1124    97.2287 1.0000e-12          0     2.3760     2.3664     0.1075     0.1156     4.5231     0.0000     0.0080     0.0000     2.3279     2.3375    34.0843    34.1721    24.2638    24.3402    226.192    241.398     95.977    102.413 0.0000e+00
       3733    155.486     46.293 -109.94160   21.88950     46.000    19.2087    19.1699 4.6056e+04   4.612383     0.6115     0.1133    97.2064 1.0000e-12          0     2.3614     2.3593     0.1122     0.1146     4.5221     0.0000     0.0078     0.0000     2.2986     2.3060    34.1018    34.1901    24.2837    24.3611    223.591    236.587     94.838    100.331 0.0000e+00
       3777    157.340     47.300 -109.94160   21.88950     47.000    19.1111    19.0621 4.5977e+04   4.603630     0.6749     0.1142    97.1845 1.0000e-12          0     2.3332     2.3408     0.1185     0.1146     4.5210     0.0000     0.0081     0.0000     2.2659     2.2682    34.1158    34.2057    24.3193    24.4005    220.295    233.058     93.278     98.646 0.0000e+00
       3824    159.298     48.306 -109.94160   21.88950     48.000    18.9170    18.8748 4.5782e+04   4.585117     0.7106     0.1150    97.1652 1.0000e-12          0     2.2928     2.2989     0.1221     0.1148     4.5201     0.0000     0.0079     0.0000     2.2354     2.2397    34.1129    34.2056    24.3665    24.4479    218.532    231.039     92.197     97.450 0.0000e+00
