data/ctd-cnv/KM1919/KM1919-St22-P3/St22_P3_cast79-align-cellTM-derive-bin.cnv
* Sea-Bird SBE 9 Data File:
* FileName = C:\Users\otg\Desktop\CTD Data\km1920\St22_P3_cast79.hex
* Software Version Seasave V 7.26.7.107
* Temperature SN = 5554
* Conductivity SN = 3876
* Number of Bytes Per Scan = 41
* Number of Voltage Words = 4
* Number of Scans Averaged by the Deck Unit = 1
* NMEA Latitude = 22 02.46 N
* NMEA Longitude = 109 51.91 W
* NMEA UTC (Time) = Oct 18 2019  03:13:48
* NMEA baud rate = 4800
** Ship: Kilo Moana
** Station: St22  P3 cast 79
** Operator: gr
** sno catchers 270 and 570m
# nquan = 34
# nvalues = 619                         
# units = specified
# name 0 = scan: Scan Count
# name 1 = timeS: Time, Elapsed [seconds]
# name 2 = prDM: Pressure, Digiquartz [db]
# name 3 = longitude: Longitude [deg]
# name 4 = latitude: Latitude [deg]
# name 5 = depSM: Depth [salt water, m]
# name 6 = t090C: Temperature [ITS-90, deg C]
# name 7 = t190C: Temperature, 2 [ITS-90, deg C]
# name 8 = c0uS/cm: Conductivity [uS/cm]
# name 9 = c1S/m: Conductivity, 2 [S/m]
# name 10 = flECO-AFL: Fluorescence, WET Labs ECO-AFL/FL [mg/m^3]
# name 11 = CStarAt0: Beam Attenuation, WET Labs C-Star [1/m]
# name 12 = CStarTr0: Beam Transmission, WET Labs C-Star [%]
# name 13 = par: PAR/Irradiance, Biospherical/Licor
# name 14 = modError: Modulo Error Count
# name 15 = v0: Voltage 0
# name 16 = v1: Voltage 1
# name 17 = v2: Voltage 2
# name 18 = v3: Voltage 3
# name 19 = v4: Voltage 4
# name 20 = v5: Voltage 5
# name 21 = v6: Voltage 6
# name 22 = v7: Voltage 7
# name 23 = sbeox0V: Oxygen raw, SBE 43 [V]
# name 24 = sbeox1V: Oxygen raw, SBE 43, 2 [V]
# name 25 = sal00: Salinity, Practical [PSU]
# name 26 = sal11: Salinity, Practical, 2 [PSU]
# name 27 = sigma-é00: Density [sigma-theta, kg/m^3]
# name 28 = sigma-é11: Density, 2 [sigma-theta, kg/m^3]
# name 29 = sbeox0Mm/L: Oxygen, SBE 43 [umol/l], WS = 2
# name 30 = sbeox1Mm/L: Oxygen, SBE 43, 2 [umol/l], WS = 2
# name 31 = sbeox0PS: Oxygen, SBE 43 [% saturation], WS = 2
# name 32 = sbeox1PS: Oxygen, SBE 43, 2 [% saturation], WS = 2
# name 33 = flag: flag
# span 0 =         70,      33183       
# span 1 =      2.895,   1382.579       
# span 2 =      5.031,    627.858       
# span 3 = -109.86511, -109.86504       
# span 4 =   22.04108,   22.04124       
# span 5 =      5.000,    623.000       
# span 6 =     6.3786,    27.8406       
# span 7 =     6.3525,    27.8006       
# span 8 = 3.4552e+04, 5.5597e+04       
# span 9 =   3.459859,   5.567067       
# span 10 =     0.0395,     1.9684      
# span 11 =     0.0685,     0.1970      
# span 12 =    95.1939,    98.3012      
# span 13 = -3.258e-05, 2.1198e+00      
# span 14 =          0,          0      
# span 15 =     0.5030,     2.4499      
# span 16 =     0.5128,     2.4358      
# span 17 =     0.0549,     0.2478      
# span 18 =     0.1123,     0.1178      
# span 19 =     4.4285,     4.5729      
# span 20 =     0.0000,     0.0000      
# span 21 =     0.0080,     1.3459      
# span 22 =     0.0000,     0.0000      
# span 23 =     0.5025,     2.4479      
# span 24 =     0.5124,     2.4309      
# span 25 =    33.9690,    34.7629      
# span 26 =    34.0870,    34.8454      
# span 27 =    21.9010,    27.1219      
# span 28 =    22.0844,    27.1869      
# span 29 =      0.846,    232.255      
# span 30 =      0.847,    245.352      
# span 31 =      0.293,    104.740      
# span 32 =      0.291,    109.501      
# span 33 = 0.0000e+00, 0.0000e+00      
# interval = meters: 1                  
# start_time = Oct 18 2019 03:15:16 [NMEA time, first data scan]
# bad_flag = -9.990e-29
*END*
[from data line 257]
      14863    619.241    263.812 -109.86506   22.04124    262.000    11.1420    11.1122 3.9000e+04   3.905373     0.0607     0.0840    97.9221 1.0000e-12          0     0.5043     0.5154     0.0571     0.1147     4.5554     0.0000     0.0085     0.0000     0.5036     0.5146    34.7069    34.7888    26.5274    26.5966      1.066      1.210      0.387      0.439 0.0000e+00
      14895    620.571    264.819 -109.86506   22.04123    263.000    11.1339    11.1044 3.8992e+04   3.904578     0.0664     0.0841    97.9190 1.0000e-12          0     0.5043     0.5154     0.0576     0.1144     4.5552     0.0000     0.0085     0.0000     0.5036     0.5146    34.7061    34.7878    26.5284    26.5973      1.066      1.196      0.387      0.434 0.0000e+00
      14928    621.961    265.827 -109.86506   22.04122    264.000    11.1296    11.0998 3.8988e+04   3.904152     0.0632     0.0839    97.9253 1.0000e-12          0     0.5043     0.5153     0.0573     0.1149     4.5555     0.0000     0.0085     0.0000     0.5036     0.5145    34.7059    34.7875    26.5290    26.5979      1.067      1.236      0.387      0.448 0.0000e+00
      14961    623.343    266.834 -109.86506   22.04122    265.000    11.1207    11.0908 3.8979e+04   3.903361     0.0675     0.0838    97.9269 1.0000e-12          0     0.5043     0.5153     0.0577     0.1148     4.5556     0.0000     0.0085     0.0000     0.5036     0.5148    34.7056    34.7876    26.5304    26.5997      1.087      1.237      0.394      0.448 0.0000e+00
      14994    624.720    267.842 -109.86506   22.04122    266.000    11.0938    11.0635 3.8953e+04   3.900747     0.0603     0.0838    97.9260 1.0000e-12          0     0.5043     0.5153     0.0570     0.1148     4.5556     0.0000     0.0085     0.0000     0.5036     0.5146    34.7041    34.7870    26.5341    26.6042      1.052      1.219      0.381      0.442 0.0000e+00
      15023    625.904    268.849 -109.86506   22.04122    267.000    11.0571    11.0258 3.8916e+04   3.897080     0.0625     0.0840    97.9226 1.0000e-12          0     0.5043     0.5151     0.0573     0.1148     4.5554     0.0000     0.0085     0.0000     0.5036     0.5145    34.7015    34.7857    26.5388    26.6100      1.069      1.155      0.387      0.418 0.0000e+00
      15046    626.862    269.857 -109.86506   22.04122    268.000    11.0484    11.0189 3.8908e+04   3.896194     0.0657     0.0838    97.9270 1.0000e-12          0     0.5043     0.5157     0.0576     0.1148     4.5556     0.0000     0.0085     0.0000     0.5036     0.5146    34.7013    34.7829    26.5402    26.6091      1.069      1.273      0.387      0.461 0.0000e+00
      15065    627.678    270.865 -109.86506   22.04122    269.000    11.0463    11.0167 3.8907e+04   3.896010     0.0704     0.0838    97.9269 1.0000e-12          0     0.5044     0.5152     0.0580     0.1148     4.5556     0.0000     0.0085     0.0000     0.5036     0.5147    34.7017    34.7828    26.5409    26.6094      1.069      1.248      0.387      0.452 0.0000e+00
      15084    628.444    271.872 -109.86506   22.04122    270.000    11.0427    11.0125 3.8903e+04   3.895721     0.0722     0.0838    97.9269 1.0000e-12          0     0.5043     0.5154     0.0582     0.1148     4.5556     0.0000     0.0085     0.0000     0.5036     0.5147    34.7014    34.7834    26.5413    26.6107      1.070      1.216      0.387      0.440 0.0000e+00
      15103    629.237    272.880 -109.86506   22.04122    271.000    11.0190    10.9880 3.8880e+04   3.893510     0.0619     0.0838    97.9269 1.0000e-12          0     0.5043     0.5152     0.0572     0.1149     4.5556     0.0000     0.0085     0.0000     0.5036     0.5146    34.6995    34.7840    26.5442    26.6156      1.070      1.206      0.387      0.436 0.0000e+00
      15127    630.238    273.887 -109.86506   22.04122    272.000    10.9772    10.9460 3.8838e+04   3.889437     0.0588     0.0838    97.9269 1.0000e-12          0     0.5043     0.5152     0.0569     0.1148     4.5556     0.0000     0.0085     0.0000     0.5036     0.5146    34.6973    34.7828    26.5500    26.6222      1.085      1.230      0.392      0.445 0.0000e+00
      15174    632.218    274.895 -109.86506   22.04122    273.000    10.9331    10.9034 3.8794e+04   3.884852     0.0648     0.0838    97.9265 1.0000e-12          0     0.5043     0.5153     0.0575     0.1148     4.5556     0.0000     0.0085     0.0000     0.5037     0.5146    34.6944    34.7768    26.5557    26.6252      1.100      1.211      0.397      0.437 0.0000e+00
      15227    634.434    275.903 -109.86506   22.04122    274.000    10.9255    10.8955 3.8787e+04   3.884085     0.0717     0.0831    97.9430 1.0000e-12          0     0.5043     0.5153     0.0582     0.1148     4.5563     0.0000     0.0085     0.0000     0.5037     0.5146    34.6940    34.7762    26.5567    26.6262      1.088      1.244      0.393      0.449 0.0000e+00
      15254    635.536    276.910 -109.86506   22.04122    275.000    10.9016    10.8709 3.8763e+04   3.881803     0.0730     0.0836    97.9323 1.0000e-12          0     0.5043     0.5152     0.0583     0.1149     4.5558     0.0000     0.0085     0.0000     0.5037     0.5147    34.6924    34.7763    26.5598    26.6306      1.090      1.227      0.393      0.443 0.0000e+00
      15274    636.374    277.918 -109.86506   22.04122    276.000    10.8700    10.8391 3.8731e+04   3.878678     0.0735     0.0827    97.9532 1.0000e-12          0     0.5043     0.5153     0.0583     0.1148     4.5568     0.0000     0.0085     0.0000     0.5037     0.5145    34.6897    34.7747    26.5634    26.6351      1.091      1.205      0.393      0.435 0.0000e+00
      15292    637.127    278.925 -109.86506   22.04122    277.000    10.8531    10.8232 3.8714e+04   3.876919     0.0734     0.0827    97.9532 1.0000e-12          0     0.5043     0.5152     0.0583     0.1148     4.5568     0.0000     0.0084     0.0000     0.5037     0.5146    34.6884    34.7718    26.5654    26.6357      1.091      1.217      0.393      0.439 0.0000e+00
      15311    637.904    279.933 -109.86506   22.04122    278.000    10.8361    10.8050 3.8697e+04   3.875206     0.0697     0.0827    97.9532 1.0000e-12          0     0.5043     0.5154     0.0580     0.1148     4.5568     0.0000     0.0085     0.0000     0.5037     0.5145    34.6871    34.7715    26.5675    26.6388      1.092      1.182      0.393      0.426 0.0000e+00
      15332    638.800    280.941 -109.86506   22.04122    279.000    10.8228    10.7937 3.8685e+04   3.873895     0.0725     0.0834    97.9370 1.0000e-12          0     0.5043     0.5153     0.0582     0.1148     4.5561     0.0000     0.0085     0.0000     0.5037     0.5145    34.6867    34.7686    26.5696    26.6386      1.092      1.226      0.393      0.442 0.0000e+00
      15359    639.921    281.948 -109.86506   22.04122    280.000    10.8182    10.7888 3.8681e+04   3.873487     0.0640     0.0827    97.9538 1.0000e-12          0     0.5043     0.5153     0.0574     0.1148     4.5568     0.0000     0.0085     0.0000     0.5037     0.5146    34.6871    34.7687    26.5707    26.6395      1.092      1.219      0.393      0.439 0.0000e+00
      15390    641.214    282.956 -109.86506   22.04122    281.000    10.8050    10.7754 3.8669e+04   3.872287     0.0693     0.0827    97.9532 1.0000e-12          0     0.5043     0.5152     0.0579     0.1148     4.5568     0.0000     0.0085     0.0000     0.5037     0.5146    34.6867    34.7689    26.5728    26.6421      1.093      1.225      0.394      0.441 0.0000e+00
      15423    642.590    283.964 -109.86506   22.04122    282.000    10.7885    10.7588 3.8653e+04   3.870705     0.0719     0.0826    97.9547 1.0000e-12          0     0.5043     0.5152     0.0582     0.1148     4.5569     0.0000     0.0085     0.0000     0.5037     0.5145    34.6860    34.7684    26.5752    26.6447      1.093      1.157      0.394      0.417 0.0000e+00
      15460    644.124    284.971 -109.86506   22.04122    283.000    10.7680    10.7384 3.8633e+04   3.868713     0.0655     0.0827    97.9532 1.0000e-12          0     0.5043     0.5152     0.0576     0.1149     4.5568     0.0000     0.0085     0.0000     0.5037     0.5144    34.6850    34.7673    26.5780    26.6475      1.094      1.221      0.394      0.439 0.0000e+00
      15496    645.633    285.979 -109.86506   22.04122    284.000    10.7564    10.7270 3.8622e+04   3.867573     0.0619     0.0827    97.9540 1.0000e-12          0     0.5043     0.5151     0.0572     0.1148     4.5568     0.0000     0.0085     0.0000     0.5037     0.5145    34.6841    34.7662    26.5794    26.6487      1.095      1.192      0.394      0.429 0.0000e+00
      15524    646.800    286.987 -109.86506   22.04122    285.000    10.7452    10.7158 3.8611e+04   3.866502     0.0688     0.0827    97.9532 1.0000e-12          0     0.5043     0.5150     0.0579     0.1148     4.5568     0.0000     0.0085     0.0000     0.5037     0.5143    34.6839    34.7657    26.5813    26.6503      1.095      1.169      0.394      0.420 0.0000e+00
      15547    647.750    287.994 -109.86506   22.04122    286.000    10.7274    10.6970 3.8593e+04   3.864789     0.0598     0.0827    97.9532 1.0000e-12          0     0.5043     0.5152     0.0570     0.1148     4.5568     0.0000     0.0085     0.0000     0.5037     0.5145    34.6823    34.7659    26.5833    26.6538      1.096      1.257      0.394      0.452 0.0000e+00
      15569    648.656    289.002 -109.86506   22.04122    287.000    10.7086    10.6782 3.8575e+04   3.862909     0.0617     0.0822    97.9640 1.0000e-12          0     0.5043     0.5151     0.0572     0.1149     4.5573     0.0000     0.0085     0.0000     0.5037     0.5144    34.6810    34.7644    26.5856    26.6560      1.096      1.171      0.394      0.421 0.0000e+00
      15595    649.745    290.010 -109.86506   22.04122    288.000    10.6865    10.6569 3.8553e+04   3.860670     0.0668     0.0824    97.9601 1.0000e-12          0     0.5043     0.5151     0.0577     0.1148     4.5571     0.0000     0.0085     0.0000     0.5037     0.5144    34.6794    34.7618    26.5883    26.6577      1.097      1.193      0.394      0.428 0.0000e+00
      15631    651.267    291.017 -109.86506   22.04122    289.000    10.6724    10.6429 3.8539e+04   3.859294     0.0696     0.0816    97.9787 1.0000e-12          0     0.5043     0.5151     0.0580     0.1149     4.5580     0.0000     0.0085     0.0000     0.5037     0.5144    34.6786    34.7608    26.5902    26.6595      1.096      1.195      0.394      0.429 0.0000e+00
      15665    652.687    292.025 -109.86506   22.04122    290.000    10.6526    10.6229 3.8520e+04   3.857391     0.0686     0.0819    97.9734 1.0000e-12          0     0.5043     0.5151     0.0579     0.1150     4.5577     0.0000     0.0085     0.0000     0.5036     0.5143    34.6776    34.7602    26.5929    26.6626      1.073      1.209      0.385      0.434 0.0000e+00
      15689    653.664    293.033 -109.86506   22.04122    291.000    10.6451    10.6158 3.8513e+04   3.856628     0.0649     0.0816    97.9796 1.0000e-12          0     0.5043     0.5151     0.0575     0.1150     4.5580     0.0000     0.0084     0.0000     0.5037     0.5145    34.6771    34.7588    26.5939    26.6628      1.123      1.251      0.403      0.449 0.0000e+00
      15708    654.458    294.041 -109.86506   22.04122    292.000    10.6357    10.6058 3.8504e+04   3.855792     0.0680     0.0816    97.9794 1.0000e-12          0     0.5043     0.5151     0.0578     0.1149     4.5580     0.0000     0.0085     0.0000     0.5037     0.5145    34.6764    34.7595    26.5950    26.6650      1.098      1.189      0.394      0.426 0.0000e+00
      15726    655.192    295.048 -109.86506   22.04122    293.000    10.6239    10.5944 3.8492e+04   3.854626     0.0598     0.0816    97.9794 1.0000e-12          0     0.5043     0.5149     0.0570     0.1149     4.5580     0.0000     0.0085     0.0000     0.5037     0.5144    34.6757    34.7582    26.5966    26.6660      1.099      1.170      0.394      0.420 0.0000e+00
      15745    655.999    296.056 -109.86506   22.04122    294.000    10.6161    10.5865 3.8485e+04   3.853857     0.0714     0.0816    97.9794 1.0000e-12          0     0.5043     0.5152     0.0581     0.1148     4.5580     0.0000     0.0085     0.0000     0.5037     0.5144    34.6751    34.7575    26.5975    26.6669      1.093      1.163      0.391      0.417 0.0000e+00
      15771    657.099    297.064 -109.86506   22.04122    295.000    10.6095    10.5803 3.8479e+04   3.853208     0.0628     0.0816    97.9794 1.0000e-12          0     0.5043     0.5151     0.0573     0.1148     4.5580     0.0000     0.0085     0.0000     0.5037     0.5144    34.6755    34.7564    26.5989    26.6672      1.088      1.211      0.390      0.434 0.0000e+00
      15818    659.042    298.071 -109.86506   22.04122    296.000    10.6072    10.5783 3.8477e+04   3.853035     0.0685     0.0816    97.9789 1.0000e-12          0     0.5043     0.5151     0.0579     0.1148     4.5580     0.0000     0.0085     0.0000     0.5037     0.5143    34.6751    34.7561    26.5991    26.6673      1.107      1.160      0.396      0.416 0.0000e+00
      15866    661.025    299.079 -109.86506   22.04122    297.000    10.6025    10.5731 3.8473e+04   3.852626     0.0624     0.0813    97.9860 1.0000e-12          0     0.5043     0.5150     0.0573     0.1149     4.5583     0.0000     0.0085     0.0000     0.5037     0.5143    34.6749    34.7565    26.5998    26.6686      1.100      1.247      0.394      0.447 0.0000e+00
      15896    662.284    300.087 -109.86506   22.04122    298.000    10.5914    10.5618 3.8462e+04   3.851606     0.0615     0.0814    97.9834 1.0000e-12          0     0.5043     0.5152     0.0572     0.1148     4.5582     0.0000     0.0085     0.0000     0.5037     0.5143    34.6743    34.7565    26.6013    26.6706      1.101      1.185      0.395      0.425 0.0000e+00
      15921    663.339    301.095 -109.86506   22.04122    299.000    10.5689    10.5383 3.8441e+04   3.849580     0.0692     0.0816    97.9793 1.0000e-12          0     0.5043     0.5150     0.0579     0.1148     4.5580     0.0000     0.0085     0.0000     0.5037     0.5144    34.6738    34.7580    26.6049    26.6759      1.102      1.180      0.395      0.423 0.0000e+00
      15944    664.279    302.102 -109.86506   22.04122    300.000    10.5286    10.4984 3.8401e+04   3.845564     0.0678     0.0815    97.9818 1.0000e-12          0     0.5043     0.5148     0.0578     0.1148     4.5581     0.0000     0.0085     0.0000     0.5037     0.5143    34.6711    34.7551    26.6098    26.6807      1.103      1.194      0.395      0.427 0.0000e+00
      15965    665.148    303.110 -109.86506   22.04122    301.000    10.5110    10.4811 3.8384e+04   3.843752     0.0669     0.0806    98.0058 1.0000e-12          0     0.5043     0.5152     0.0577     0.1149     4.5592     0.0000     0.0085     0.0000     0.5037     0.5144    34.6700    34.7529    26.6121    26.6820      1.104      1.226      0.395      0.439 0.0000e+00
      15985    666.008    304.118 -109.86506   22.04122    302.000    10.4931    10.4632 3.8366e+04   3.842097     0.0680     0.0806    98.0057 1.0000e-12          0     0.5043     0.5149     0.0578     0.1149     4.5592     0.0000     0.0085     0.0000     0.5037     0.5144    34.6692    34.7528    26.6146    26.6851      1.104      1.128      0.395      0.403 0.0000e+00
