data/ctd-cnv/KM1919/KM1919-St22-P3/St22_P3_cast83-align-cellTM-derive-bin.cnv
* Sea-Bird SBE 9 Data File:
* FileName = C:\Users\otg\Desktop\CTD Data\km1920\St22_P3_cast83.hex
* Software Version Seasave V 7.26.7.107
* Temperature SN = 5554
* Conductivity SN = 3876
* Number of Bytes Per Scan = 41
* Number of Voltage Words = 4
* Number of Scans Averaged by the Deck Unit = 1
* NMEA Latitude = 22 03.22 N
* NMEA Longitude = 109 48.47 W
* NMEA UTC (Time) = Oct 18 2019  19:01:49
* NMEA baud rate = 4800
** Ship: Kilo Moana
** Station: P3 Station 22 Cast 83
** Operator: jac
# nquan = 34
# nvalues = 1003                        
# units = specified
# name 0 = scan: Scan Count
# name 1 = timeS: Time, Elapsed [seconds]
# name 2 = prDM: Pressure, Digiquartz [db]
# name 3 = longitude: Longitude [deg]
# name 4 = latitude: Latitude [deg]
# name 5 = depSM: Depth [salt water, m]
# name 6 = t090C: Temperature [ITS-90, deg C]
# name 7 = t190C: Temperature, 2 [ITS-90, deg C]
# name 8 = c0uS/cm: Conductivity [uS/cm]
# name 9 = c1S/m: Conductivity, 2 [S/m]
# name 10 = flECO-AFL: Fluorescence, WET Labs ECO-AFL/FL [mg/m^3]
# name 11 = CStarAt0: Beam Attenuation, WET Labs C-Star [1/m]
# name 12 = CStarTr0: Beam Transmission, WET Labs C-Star [%]
# name 13 = par: PAR/Irradiance, Biospherical/Licor
# name 14 = modError: Modulo Error Count
# name 15 = v0: Voltage 0
# name 16 = v1: Voltage 1
# name 17 = v2: Voltage 2
# name 18 = v3: Voltage 3
# name 19 = v4: Voltage 4
# name 20 = v5: Voltage 5
# name 21 = v6: Voltage 6
# name 22 = v7: Voltage 7
# name 23 = sbeox0V: Oxygen raw, SBE 43 [V]
# name 24 = sbeox1V: Oxygen raw, SBE 43, 2 [V]
# name 25 = sal00: Salinity, Practical [PSU]
# name 26 = sal11: Salinity, Practical, 2 [PSU]
# name 27 = sigma-é00: Density [sigma-theta, kg/m^3]
# name 28 = sigma-é11: Density, 2 [sigma-theta, kg/m^3]
# name 29 = sbeox0Mm/L: Oxygen, SBE 43 [umol/l], WS = 2
# name 30 = sbeox1Mm/L: Oxygen, SBE 43, 2 [umol/l], WS = 2
# name 31 = sbeox0PS: Oxygen, SBE 43 [% saturation], WS = 2
# name 32 = sbeox1PS: Oxygen, SBE 43, 2 [% saturation], WS = 2
# name 33 = flag: flag
# span 0 =         47,      33999       
# span 1 =      1.920,   1416.572       
# span 2 =      1.007,   1011.750       
# span 3 = -109.80790, -109.80782       
# span 4 =   22.05370,   22.05398       
# span 5 =      1.000,   1003.000       
# span 6 =     4.7454,    27.5596       
# span 7 =     4.7225,    27.5191       
# span 8 = 3.3266e+04, 5.5253e+04       
# span 9 =   3.331208,   5.533014       
# span 10 =     0.0395,     1.3162      
# span 11 =     0.0275,     1.0836      
# span 12 =    78.3911,    99.0785      
# span 13 = -6.008e-05, 2.3094e+03      
# span 14 =          0,          0      
# span 15 =     0.5031,     2.4677      
# span 16 =     0.5133,     2.4562      
# span 17 =     0.0549,     0.1826      
# span 18 =     0.1128,     0.1195      
# span 19 =     3.6469,     4.6091      
# span 20 =     0.0000,     0.0000      
# span 21 =     0.0082,     4.3466      
# span 22 =     0.0000,     0.0000      
# span 23 =     0.5025,     2.4634      
# span 24 =     0.5130,     2.4562      
# span 25 =    33.9164,    34.7656      
# span 26 =    34.0119,    34.8491      
# span 27 =    22.2663,    27.3369      
# span 28 =    22.3433,    27.4005      
# span 29 =      0.784,    238.006      
# span 30 =      0.970,    249.064      
# span 31 =      0.270,    106.077      
# span 32 =      0.320,    110.469      
# span 33 = 0.0000e+00, 0.0000e+00      
# interval = meters: 1                  
# start_time = Oct 18 2019 19:10:20 [NMEA time, first data scan]
# bad_flag = -9.990e-29
*END*
[from data line 598]
      20675    861.415    603.636 -109.80784   22.05394    599.000     6.6325     6.6062 3.4776e+04   3.482379     0.0617     0.0751    98.1408 1.0000e-12          0     0.5043     0.5149     0.0572     0.1149     4.5655     0.0000     0.0085     0.0000     0.5038     0.5144    34.5118    34.5907    27.0918    27.1576      1.261      1.381      0.414      0.453 0.0000e+00
      20723    863.434    604.645 -109.80784   22.05394    600.000     6.6305     6.6040 3.4775e+04   3.482195     0.0632     0.0749    98.1449 1.0000e-12          0     0.5044     0.5147     0.0573     0.1158     4.5657     0.0000     0.0085     0.0000     0.5038     0.5142    34.5118    34.5904    27.0921    27.1576      1.314      1.368      0.431      0.449 0.0000e+00
      20775    865.598    605.655 -109.80784   22.05394    601.000     6.6303     6.6038 3.4775e+04   3.482225     0.0639     0.0749    98.1446 1.0000e-12          0     0.5044     0.5150     0.0574     0.1164     4.5656     0.0000     0.0085     0.0000     0.5039     0.5143    34.5116    34.5904    27.0920    27.1577      1.290      1.305      0.423      0.428 0.0000e+00
      20804    866.800    606.664 -109.80784   22.05394    602.000     6.6305     6.6043 3.4776e+04   3.482323     0.0639     0.0749    98.1461 1.0000e-12          0     0.5043     0.5148     0.0574     0.1148     4.5657     0.0000     0.0085     0.0000     0.5039     0.5142    34.5116    34.5906    27.0920    27.1577      1.355      1.344      0.444      0.440 0.0000e+00
      20825    867.652    607.673 -109.80784   22.05394    603.000     6.6296     6.6028 3.4775e+04   3.482249     0.0639     0.0747    98.1507 1.0000e-12          0     0.5044     0.5148     0.0574     0.1151     4.5659     0.0000     0.0085     0.0000     0.5040     0.5143    34.5116    34.5907    27.0920    27.1580      1.353      1.416      0.444      0.464 0.0000e+00
      20842    868.370    608.682 -109.80784   22.05394    604.000     6.6285     6.6017 3.4774e+04   3.482165     0.0639     0.0747    98.1492 1.0000e-12          0     0.5045     0.5150     0.0574     0.1172     4.5659     0.0000     0.0085     0.0000     0.5040     0.5143    34.5113    34.5904    27.0920    27.1580      1.218      1.445      0.399      0.474 0.0000e+00
      20857    869.011    609.691 -109.80784   22.05394    605.000     6.6203     6.5927 3.4767e+04   3.481517     0.0639     0.0745    98.1565 1.0000e-12          0     0.5043     0.5150     0.0574     0.1171     4.5662     0.0000     0.0085     0.0000     0.5038     0.5145    34.5110    34.5918    27.0928    27.1603      1.283      1.426      0.421      0.467 0.0000e+00
      20873    869.673    610.701 -109.80784   22.05394    606.000     6.6118     6.5845 3.4760e+04   3.480759     0.0639     0.0743    98.1599 1.0000e-12          0     0.5044     0.5147     0.0574     0.1172     4.5663     0.0000     0.0085     0.0000     0.5040     0.5144    34.5108    34.5912    27.0938    27.1609      1.419      1.420      0.465      0.465 0.0000e+00
      20892    870.442    611.710 -109.80782   22.05396    607.000     6.6046     6.5782 3.4754e+04   3.480148     0.0639     0.0744    98.1574 1.0000e-12          0     0.5044     0.5148     0.0574     0.1154     4.5662     0.0000     0.0085     0.0000     0.5040     0.5145    34.5110    34.5903    27.0949    27.1610      1.399      1.378      0.458      0.451 0.0000e+00
      20924    871.799    612.719 -109.80782   22.05396    608.000     6.6026     6.5759 3.4752e+04   3.479941     0.0639     0.0742    98.1621 1.0000e-12          0     0.5044     0.5149     0.0574     0.1149     4.5664     0.0000     0.0085     0.0000     0.5040     0.5144    34.5108    34.5898    27.0951    27.1610      1.305      1.395      0.428      0.457 0.0000e+00
      20981    874.158    613.728 -109.80782   22.05396    609.000     6.5912     6.5646 3.4742e+04   3.478962     0.0639     0.0742    98.1632 1.0000e-12          0     0.5045     0.5150     0.0574     0.1158     4.5665     0.0000     0.0085     0.0000     0.5042     0.5144    34.5105    34.5899    27.0964    27.1625      1.403      1.368      0.459      0.448 0.0000e+00
      21032    876.285    614.738 -109.80782   22.05394    610.000     6.5812     6.5548 3.4733e+04   3.478061     0.0612     0.0742    98.1625 1.0000e-12          0     0.5045     0.5151     0.0571     0.1148     4.5665     0.0000     0.0085     0.0000     0.5042     0.5145    34.5102    34.5893    27.0975    27.1634      1.376      1.421      0.451      0.465 0.0000e+00
      21060    877.467    615.747 -109.80782   22.05394    611.000     6.5760     6.5494 3.4729e+04   3.477651     0.0639     0.0742    98.1632 1.0000e-12          0     0.5047     0.5150     0.0574     0.1149     4.5665     0.0000     0.0085     0.0000     0.5042     0.5145    34.5101    34.5897    27.0981    27.1644      1.406      1.399      0.460      0.458 0.0000e+00
      21081    878.334    616.756 -109.80782   22.05394    612.000     6.5670     6.5402 3.4721e+04   3.476849     0.0639     0.0745    98.1561 1.0000e-12          0     0.5046     0.5148     0.0574     0.1150     4.5662     0.0000     0.0085     0.0000     0.5042     0.5144    34.5099    34.5896    27.0992    27.1656      1.523      1.451      0.499      0.475 0.0000e+00
      21099    879.066    617.765 -109.80782   22.05394    613.000     6.5603     6.5337 3.4715e+04   3.476303     0.0639     0.0742    98.1632 1.0000e-12          0     0.5046     0.5151     0.0574     0.1171     4.5665     0.0000     0.0085     0.0000     0.5046     0.5146    34.5101    34.5896    27.1002    27.1664      1.512      1.521      0.495      0.498 0.0000e+00
      21116    879.784    618.775 -109.80782   22.05394    614.000     6.5541     6.5275 3.4710e+04   3.475767     0.0611     0.0742    98.1632 1.0000e-12          0     0.5050     0.5150     0.0571     0.1158     4.5665     0.0000     0.0085     0.0000     0.5044     0.5148    34.5102    34.5894    27.1011    27.1671      1.284      1.491      0.420      0.488 0.0000e+00
      21134    880.555    619.784 -109.80782   22.05394    615.000     6.5462     6.5193 3.4703e+04   3.475115     0.0602     0.0742    98.1619 1.0000e-12          0     0.5046     0.5152     0.0570     0.1156     4.5664     0.0000     0.0085     0.0000     0.5044     0.5147    34.5099    34.5899    27.1019    27.1686      1.537      1.399      0.503      0.458 0.0000e+00
      21162    881.689    620.793 -109.80782   22.05394    616.000     6.5297     6.5031 3.4689e+04   3.473618     0.0637     0.0750    98.1419 1.0000e-12          0     0.5048     0.5151     0.0574     0.1161     4.5655     0.0000     0.0085     0.0000     0.5046     0.5146    34.5099    34.5892    27.1041    27.1702      1.436      1.405      0.469      0.459 0.0000e+00
      21212    883.794    621.803 -109.80782   22.05394    617.000     6.5194     6.4929 3.4680e+04   3.472672     0.0616     0.0741    98.1653 1.0000e-12          0     0.5050     0.5153     0.0572     0.1157     4.5666     0.0000     0.0085     0.0000     0.5046     0.5147    34.5096    34.5885    27.1052    27.1710      1.572      1.464      0.514      0.479 0.0000e+00
      21250    885.381    622.812 -109.80782   22.05394    618.000     6.5057     6.4789 3.4668e+04   3.471527     0.0640     0.0744    98.1592 1.0000e-12          0     0.5051     0.5151     0.0574     0.1155     4.5663     0.0000     0.0085     0.0000     0.5048     0.5146    34.5099    34.5894    27.1073    27.1735      1.395      1.364      0.456      0.446 0.0000e+00
      21273    886.320    623.821 -109.80782   22.05394    619.000     6.4963     6.4699 3.4660e+04   3.470695     0.0639     0.0747    98.1488 1.0000e-12          0     0.5049     0.5153     0.0574     0.1165     4.5658     0.0000     0.0085     0.0000     0.5049     0.5145    34.5099    34.5887    27.1085    27.1742      1.559      1.339      0.509      0.438 0.0000e+00
      21293    887.172    624.830 -109.80782   22.05394    620.000     6.4941     6.4676 3.4658e+04   3.470503     0.0615     0.0746    98.1539 1.0000e-12          0     0.5053     0.5153     0.0572     0.1163     4.5661     0.0000     0.0085     0.0000     0.5047     0.5144    34.5096    34.5885    27.1086    27.1743      1.434      1.446      0.468      0.473 0.0000e+00
      21315    888.093    625.840 -109.80782   22.05394    621.000     6.4878     6.4613 3.4652e+04   3.469986     0.0578     0.0742    98.1620 1.0000e-12          0     0.5054     0.5154     0.0568     0.1151     4.5664     0.0000     0.0085     0.0000     0.5049     0.5147    34.5094    34.5886    27.1093    27.1753      1.518      1.547      0.496      0.505 0.0000e+00
      21343    889.250    626.849 -109.80782   22.05394    622.000     6.4834     6.4571 3.4649e+04   3.469623     0.0612     0.0742    98.1624 1.0000e-12          0     0.5052     0.5151     0.0571     0.1148     4.5665     0.0000     0.0085     0.0000     0.5049     0.5147    34.5096    34.5883    27.1100    27.1756      1.488      1.383      0.486      0.452 0.0000e+00
      21375    890.573    627.858 -109.80782   22.05394    623.000     6.4771     6.4506 3.4644e+04   3.469110     0.0639     0.0743    98.1607 1.0000e-12          0     0.5053     0.5150     0.0574     0.1149     4.5664     0.0000     0.0085     0.0000     0.5048     0.5147    34.5094    34.5886    27.1107    27.1767      1.473      1.543      0.481      0.504 0.0000e+00
      21407    891.929    628.868 -109.80782   22.05394    624.000     6.4698     6.4434 3.4638e+04   3.468521     0.0591     0.0745    98.1566 7.1795e-05          0     0.5053     0.5153     0.0569     0.1149     4.5662     0.0000     0.0088     0.0000     0.5049     0.5149    34.5100    34.5889    27.1121    27.1779      1.535      1.483      0.501      0.484 0.0000e+00
      21447    893.581    629.877 -109.80782   22.05394    625.000     6.4628     6.4364 3.4632e+04   3.467898     0.0641     0.0742    98.1635 9.6894e-06          0     0.5054     0.5152     0.0574     0.1149     4.5665     0.0000     0.0086     0.0000     0.5049     0.5148    34.5095    34.5885    27.1127    27.1785      1.439      1.488      0.470      0.486 0.0000e+00
      21481    895.017    630.886 -109.80782   22.05394    626.000     6.4564     6.4300 3.4626e+04   3.467402     0.0598     0.0742    98.1632 -6.800e-07          0     0.5054     0.5155     0.0570     0.1148     4.5665     0.0000     0.0085     0.0000     0.5048     0.5148    34.5097    34.5890    27.1137    27.1797      1.594      1.476      0.520      0.482 0.0000e+00
      21505    895.999    631.896 -109.80782   22.05394    627.000     6.4524     6.4261 3.4623e+04   3.467059     0.0623     0.0742    98.1632 1.0000e-12          0     0.5054     0.5153     0.0572     0.1148     4.5665     0.0000     0.0085     0.0000     0.5050     0.5149    34.5097    34.5887    27.1142    27.1800      1.506      1.532      0.492      0.500 0.0000e+00
      21525    896.819    632.905 -109.80782   22.05394    628.000     6.4485     6.4219 3.4620e+04   3.466765     0.0639     0.0737    98.1754 1.0000e-12          0     0.5054     0.5153     0.0574     0.1148     4.5671     0.0000     0.0085     0.0000     0.5049     0.5151    34.5096    34.5891    27.1147    27.1809      1.508      1.531      0.492      0.500 0.0000e+00
      21544    897.608    633.915 -109.80782   22.05394    629.000     6.4388     6.4121 3.4612e+04   3.465963     0.0633     0.0752    98.1379 1.0000e-12          0     0.5053     0.5154     0.0573     0.1155     4.5653     0.0000     0.0085     0.0000     0.5050     0.5149    34.5099    34.5895    27.1162    27.1826      1.516      1.427      0.495      0.466 0.0000e+00
      21566    898.532    634.924 -109.80782   22.05394    630.000     6.4312     6.4048 3.4606e+04   3.465278     0.0600     0.0738    98.1723 1.0000e-12          0     0.5054     0.5153     0.0570     0.1167     4.5670     0.0000     0.0085     0.0000     0.5050     0.5150    34.5098    34.5889    27.1171    27.1830      1.478      1.564      0.482      0.510 0.0000e+00
      21596    899.802    635.933 -109.80782   22.05394    631.000     6.4263     6.4000 3.4601e+04   3.464857     0.0638     0.0742    98.1634 1.0000e-12          0     0.5055     0.5155     0.0574     0.1149     4.5665     0.0000     0.0085     0.0000     0.5050     0.5150    34.5096    34.5885    27.1176    27.1834      1.538      1.480      0.502      0.483 0.0000e+00
      21637    901.488    636.942 -109.80782   22.05394    632.000     6.4218     6.3955 3.4598e+04   3.464480     0.0590     0.0738    98.1732 1.0000e-12          0     0.5055     0.5154     0.0569     0.1155     4.5670     0.0000     0.0085     0.0000     0.5050     0.5149    34.5096    34.5883    27.1182    27.1838      1.490      1.494      0.486      0.487 0.0000e+00
      21684    903.475    637.952 -109.80782   22.05394    633.000     6.4165     6.3901 3.4593e+04   3.464052     0.0615     0.0743    98.1601 1.0000e-12          0     0.5055     0.5154     0.0572     0.1156     4.5664     0.0000     0.0085     0.0000     0.5050     0.5149    34.5094    34.5885    27.1187    27.1847      1.534      1.510      0.500      0.492 0.0000e+00
      21715    904.754    638.961 -109.80782   22.05394    634.000     6.4071     6.3806 3.4585e+04   3.463233     0.0585     0.0746    98.1537 1.0000e-12          0     0.5055     0.5154     0.0569     0.1172     4.5661     0.0000     0.0085     0.0000     0.5050     0.5150    34.5091    34.5886    27.1198    27.1860      1.519      1.514      0.495      0.494 0.0000e+00
      21740    905.801    639.970 -109.80782   22.05394    635.000     6.3996     6.3732 3.4578e+04   3.462565     0.0592     0.0742    98.1625 1.0000e-12          0     0.5054     0.5155     0.0569     0.1172     4.5665     0.0000     0.0085     0.0000     0.5050     0.5150    34.5091    34.5881    27.1207    27.1866      1.515      1.515      0.494      0.494 0.0000e+00
      21764    906.790    640.980 -109.80782   22.05394    636.000     6.3977     6.3715 3.4577e+04   3.462444     0.0634     0.0745    98.1541 1.0000e-12          0     0.5054     0.5153     0.0573     0.1171     4.5661     0.0000     0.0085     0.0000     0.5050     0.5150    34.5094    34.5880    27.1212    27.1868      1.516      1.521      0.494      0.496 0.0000e+00
      21788    907.787    641.989 -109.80782   22.05394    637.000     6.3937     6.3672 3.4574e+04   3.462160     0.0639     0.0742    98.1633 1.0000e-12          0     0.5055     0.5156     0.0574     0.1149     4.5665     0.0000     0.0085     0.0000     0.5050     0.5151    34.5094    34.5887    27.1218    27.1878      1.491      1.486      0.486      0.484 0.0000e+00
      21812    908.773    642.999 -109.80782   22.05394    638.000     6.3865     6.3600 3.4568e+04   3.461575     0.0583     0.0747    98.1512 1.0000e-12          0     0.5055     0.5154     0.0568     0.1169     4.5659     0.0000     0.0085     0.0000     0.5049     0.5149    34.5093    34.5889    27.1227    27.1890      1.511      1.566      0.493      0.510 0.0000e+00
      21838    909.881    644.008 -109.80782   22.05394    639.000     6.3790     6.3527 3.4562e+04   3.460903     0.0618     0.0745    98.1542 1.0000e-12          0     0.5055     0.5155     0.0572     0.1172     4.5661     0.0000     0.0085     0.0000     0.5050     0.5151    34.5095    34.5883    27.1238    27.1895      1.534      1.533      0.500      0.500 0.0000e+00
      21874    911.358    645.018 -109.80782   22.05394    640.000     6.3715     6.3450 3.4555e+04   3.460275     0.0640     0.0742    98.1621 1.0000e-12          0     0.5055     0.5156     0.0574     0.1171     4.5664     0.0000     0.0085     0.0000     0.5050     0.5151    34.5093    34.5886    27.1246    27.1907      1.534      1.563      0.500      0.509 0.0000e+00
