data/ctd-cnv/KM1919/KM1919-St22-P3/St22_P3_cast85-align-cellTM-derive-bin.cnv
* Sea-Bird SBE 9 Data File:
* FileName = C:\Users\otg\Desktop\CTD Data\km1920\St22_P3_cast85.hex
* Software Version Seasave V 7.26.7.107
* Temperature SN = 5554
* Conductivity SN = 3876
* Number of Bytes Per Scan = 41
* Number of Voltage Words = 4
* Number of Scans Averaged by the Deck Unit = 1
* NMEA Latitude = 22 03.75 N
* NMEA Longitude = 109 47.12 W
* NMEA UTC (Time) = Oct 19 2019  00:10:12
* NMEA baud rate = 4800
** Ship: Kilo Moana
** Station: P3 Station 22 Cast 85
** Operator: cf
# nquan = 34
# nvalues = 253                         
# units = specified
# name 0 = scan: Scan Count
# name 1 = timeS: Time, Elapsed [seconds]
# name 2 = prDM: Pressure, Digiquartz [db]
# name 3 = longitude: Longitude [deg]
# name 4 = latitude: Latitude [deg]
# name 5 = depSM: Depth [salt water, m]
# name 6 = t090C: Temperature [ITS-90, deg C]
# name 7 = t190C: Temperature, 2 [ITS-90, deg C]
# name 8 = c0uS/cm: Conductivity [uS/cm]
# name 9 = c1S/m: Conductivity, 2 [S/m]
# name 10 = flECO-AFL: Fluorescence, WET Labs ECO-AFL/FL [mg/m^3]
# name 11 = CStarAt0: Beam Attenuation, WET Labs C-Star [1/m]
# name 12 = CStarTr0: Beam Transmission, WET Labs C-Star [%]
# name 13 = par: PAR/Irradiance, Biospherical/Licor
# name 14 = modError: Modulo Error Count
# name 15 = v0: Voltage 0
# name 16 = v1: Voltage 1
# name 17 = v2: Voltage 2
# name 18 = v3: Voltage 3
# name 19 = v4: Voltage 4
# name 20 = v5: Voltage 5
# name 21 = v6: Voltage 6
# name 22 = v7: Voltage 7
# name 23 = sbeox0V: Oxygen raw, SBE 43 [V]
# name 24 = sbeox1V: Oxygen raw, SBE 43, 2 [V]
# name 25 = sal00: Salinity, Practical [PSU]
# name 26 = sal11: Salinity, Practical, 2 [PSU]
# name 27 = sigma-é00: Density [sigma-theta, kg/m^3]
# name 28 = sigma-é11: Density, 2 [sigma-theta, kg/m^3]
# name 29 = sbeox0Mm/L: Oxygen, SBE 43 [umol/l], WS = 2
# name 30 = sbeox1Mm/L: Oxygen, SBE 43, 2 [umol/l], WS = 2
# name 31 = sbeox0PS: Oxygen, SBE 43 [% saturation], WS = 2
# name 32 = sbeox1PS: Oxygen, SBE 43, 2 [% saturation], WS = 2
# name 33 = flag: flag
# span 0 =       -375,      11584       
# span 1 =    -15.671,    482.635       
# span 2 =      2.012,    255.751       
# span 3 = -109.78536, -109.78532       
# span 4 =   22.06224,   22.06236       
# span 5 =      2.000,    254.000       
# span 6 =    11.3183,    27.5538       
# span 7 =    11.2825,    27.5142       
# span 8 = 3.9177e+04, 5.5245e+04       
# span 9 =   3.922414,   5.532297       
# span 10 =     0.0415,     1.4132      
# span 11 =     0.0816,     0.1832      
# span 12 =    95.5229,    97.9797      
# span 13 = -3.207e-06, 8.0291e+01      
# span 14 =          0,          0      
# span 15 =     0.5043,     2.4702      
# span 16 =     0.5152,     2.4533      
# span 17 =     0.0551,     0.1923      
# span 18 =     0.1135,     0.1172      
# span 19 =     4.4437,     4.5580      
# span 20 =    -0.0000,     0.0000      
# span 21 =     0.0083,     2.9245      
# span 22 =     0.0000,     0.0000      
# span 23 =     0.5035,     2.4727      
# span 24 =     0.5144,     2.4586      
# span 25 =    33.9407,    34.7674      
# span 26 =    34.0339,    34.8507      
# span 27 =    22.2638,    26.5057      
# span 28 =    22.3402,    26.5748      
# span 29 =      0.978,    237.993      
# span 30 =      1.175,    248.242      
# span 31 =      0.357,    106.134      
# span 32 =      0.428,    111.045      
# span 33 = 0.0000e+00, 0.0000e+00      
# interval = meters: 1                  
# start_time = Oct 19 2019 00:13:16 [NMEA time, first data scan]
# bad_flag = -9.990e-29
*END*
[from data line 129]
       7017    292.341    131.864 -109.78532   22.06226    131.000    13.2467    13.2146 4.0897e+04   4.095749     0.0635     0.0820    97.9703 1.0000e-12          0     0.5384     0.5495     0.0574     0.1147     4.5576     0.0000     0.0084     0.0000     0.5480     0.5589    34.6533    34.7399    26.0782    26.1518      8.021      8.422      3.039      3.190 0.0000e+00
       7068    294.447    132.871 -109.78532   22.06226    132.000    13.1962    13.1645 4.0851e+04   4.090872     0.0632     0.0816    97.9785 1.0000e-12          0     0.5461     0.5564     0.0573     0.1138     4.5580     0.0000     0.0085     0.0000     0.5495     0.5610    34.6553    34.7390    26.0900    26.1613      7.893      8.399      2.987      3.179 0.0000e+00
       7101    295.833    133.878 -109.78532   22.06226    133.000    13.1805    13.1486 4.0839e+04   4.089696     0.0630     0.0817    97.9764 1.0000e-12          0     0.5492     0.5599     0.0573     0.1146     4.5579     0.0000     0.0084     0.0000     0.5505     0.5621    34.6575    34.7420    26.0949    26.1668      8.358      8.621      3.162      3.261 0.0000e+00
       7125    296.821    134.885 -109.78532   22.06226    134.000    13.1523    13.1202 4.0809e+04   4.086746     0.0516     0.0821    97.9674 1.0000e-12          0     0.5499     0.5615     0.0562     0.1148     4.5575     0.0000     0.0085     0.0000     0.5521     0.5629    34.6543    34.7396    26.0981    26.1707      8.907      8.997      3.368      3.402 0.0000e+00
       7144    297.638    135.892 -109.78532   22.06226    135.000    13.1344    13.1021 4.0790e+04   4.084861     0.0517     0.0819    97.9721 1.0000e-12          0     0.5502     0.5616     0.0562     0.1147     4.5577     0.0000     0.0085     0.0000     0.5541     0.5647    34.6527    34.7378    26.1006    26.1730      9.583      9.484      3.622      3.584 0.0000e+00
       7164    298.440    136.898 -109.78532   22.06226    136.000    13.0849    13.0500 4.0740e+04   4.080370     0.0517     0.0821    97.9683 1.0000e-12          0     0.5507     0.5623     0.0562     0.1147     4.5575     0.0000     0.0084     0.0000     0.5569     0.5667    34.6499    34.7424    26.1084    26.1871     10.290     10.081      3.885      3.806 0.0000e+00
       7185    299.333    137.905 -109.78532   22.06226    137.000    13.0086    12.9752 4.0658e+04   4.071745     0.0512     0.0831    97.9430 1.0000e-12          0     0.5514     0.5628     0.0561     0.1146     4.5563     0.0000     0.0085     0.0000     0.5600     0.5700    34.6408    34.7284    26.1166    26.1912     10.502     10.557      3.959      3.979 0.0000e+00
       7215    300.569    138.912 -109.78532   22.06226    138.000    12.9244    12.8904 4.0567e+04   4.062968     0.0513     0.0826    97.9553 1.0000e-12          0     0.5536     0.5644     0.0562     0.1141     4.5569     0.0000     0.0084     0.0000     0.5626     0.5730    34.6314    34.7221    26.1262    26.2032     10.129     10.695      3.812      4.024 0.0000e+00
       7257    302.318    139.919 -109.78534   22.06226    139.000    12.8559    12.8245 4.0505e+04   4.056251     0.0512     0.0822    97.9641 1.0000e-12          0     0.5590     0.5689     0.0561     0.1135     4.5573     0.0000     0.0084     0.0000     0.5616     0.5741    34.6341    34.7180    26.1419    26.2132      8.258      9.970      3.103      3.746 0.0000e+00
       7302    304.192    140.926 -109.78534   22.06226    140.000    12.8731    12.8431 4.0537e+04   4.059054     0.0415     0.0816    97.9797 1.0000e-12          0     0.5637     0.5742     0.0551     0.1145     4.5580     0.0000     0.0085     0.0000     0.5513     0.5678    34.6485    34.7273    26.1497    26.2167      4.412      7.373      1.659      2.771 0.0000e+00
       7329    305.326    141.933 -109.78534   22.06226    141.000    12.9250    12.8955 4.0618e+04   4.067015     0.0518     0.0816    97.9794 1.0000e-12          0     0.5636     0.5752     0.0562     0.1148     4.5580     0.0000     0.0084     0.0000     0.5411     0.5591    34.6776    34.7547    26.1619    26.2276      2.949      5.620      1.110      2.115 0.0000e+00
       7352    306.284    142.940 -109.78534   22.06226    142.000    12.9537    12.9236 4.0663e+04   4.071582     0.0511     0.0818    97.9758 1.0000e-12          0     0.5613     0.5746     0.0561     0.1148     4.5578     0.0000     0.0085     0.0000     0.5340     0.5518    34.6942    34.7721    26.1691    26.2355      2.640      4.720      0.994      1.778 0.0000e+00
       7374    307.223    143.947 -109.78534   22.06226    143.000    12.9703    12.9394 4.0695e+04   4.074959     0.0608     0.0820    97.9707 1.0000e-12          0     0.5556     0.5711     0.0571     0.1148     4.5576     0.0000     0.0085     0.0000     0.5287     0.5457    34.7094    34.7894    26.1777    26.2458      2.488      4.046      0.938      1.524 0.0000e+00
       7398    308.210    144.954 -109.78534   22.06226    144.000    12.9727    12.9415 4.0704e+04   4.075891     0.0613     0.0827    97.9535 1.0000e-12          0     0.5473     0.5647     0.0571     0.1148     4.5568     0.0000     0.0084     0.0000     0.5245     0.5405    34.7151    34.7959    26.1816    26.2505      2.498      3.776      0.942      1.423 0.0000e+00
       7425    309.331    145.961 -109.78534   22.06226    145.000    12.9709    12.9396 4.0709e+04   4.076448     0.0638     0.0834    97.9369 1.0000e-12          0     0.5381     0.5561     0.0574     0.1146     4.5561     0.0000     0.0084     0.0000     0.5213     0.5365    34.7212    34.8025    26.1867    26.2560      2.598      3.560      0.979      1.341 0.0000e+00
       7458    310.700    146.968 -109.78534   22.06226    146.000    12.9524    12.9212 4.0693e+04   4.074971     0.0685     0.0826    97.9557 1.0000e-12          0     0.5298     0.5467     0.0579     0.1138     4.5569     0.0000     0.0084     0.0000     0.5190     0.5332    34.7222    34.8050    26.1912    26.2616      2.727      3.464      1.027      1.305 0.0000e+00
       7504    312.645    147.975 -109.78534   22.06226    147.000    12.9469    12.9155 4.0692e+04   4.074656     0.0712     0.0841    97.9207 1.0000e-12          0     0.5225     0.5378     0.0581     0.1141     4.5553     0.0000     0.0085     0.0000     0.5173     0.5307    34.7257    34.8067    26.1950    26.2641      2.973      3.422      1.120      1.289 0.0000e+00
       7544    314.302    148.982 -109.78534   22.06226    148.000    12.9257    12.8932 4.0671e+04   4.072866     0.0619     0.0843    97.9137 1.0000e-12          0     0.5196     0.5338     0.0572     0.1148     4.5550     0.0000     0.0084     0.0000     0.5191     0.5310    34.7251    34.8098    26.1988    26.2710      3.983      3.971      1.500      1.495 0.0000e+00
       7571    315.410    149.989 -109.78534   22.06226    149.000    12.8172    12.7810 4.0555e+04   4.061807     0.0629     0.0847    97.9038 1.0000e-12          0     0.5187     0.5323     0.0573     0.1147     4.5545     0.0000     0.0084     0.0000     0.5205     0.5324    34.7131    34.8070    26.2111    26.2911      3.782      4.201      1.421      1.578 0.0000e+00
       7592    316.297    150.996 -109.78534   22.06226    150.000    12.7640    12.7322 4.0501e+04   4.055882     0.0581     0.0833    97.9396 1.0000e-12          0     0.5178     0.5313     0.0568     0.1146     4.5562     0.0000     0.0085     0.0000     0.5208     0.5331    34.7104    34.7947    26.2196    26.2913      3.537      4.140      1.327      1.553 0.0000e+00
       7613    317.177    152.003 -109.78534   22.06227    151.000    12.7562    12.7249 4.0495e+04   4.055187     0.0529     0.0834    97.9365 1.0000e-12          0     0.5189     0.5313     0.0563     0.1147     4.5560     0.0000     0.0085     0.0000     0.5206     0.5331    34.7109    34.7945    26.2216    26.2925      3.595      4.077      1.349      1.530 0.0000e+00
       7637    318.182    153.010 -109.78534   22.06228    152.000    12.7564    12.7256 4.0501e+04   4.055612     0.0610     0.0846    97.9082 1.0000e-12          0     0.5206     0.5325     0.0571     0.1146     4.5547     0.0000     0.0084     0.0000     0.5213     0.5335    34.7164    34.7974    26.2258    26.2947      4.003      4.221      1.502      1.584 0.0000e+00
       7666    319.377    154.017 -109.78534   22.06228    153.000    12.7387    12.7058 4.0484e+04   4.054186     0.0513     0.0824    97.9600 1.0000e-12          0     0.5216     0.5336     0.0562     0.1147     4.5571     0.0000     0.0085     0.0000     0.5224     0.5344    34.7161    34.8015    26.2291    26.3019      4.134      4.417      1.550      1.657 0.0000e+00
       7693    320.510    155.024 -109.78534   22.06228    154.000    12.7000    12.6681 4.0442e+04   4.049912     0.0508     0.0819    97.9727 1.0000e-12          0     0.5215     0.5340     0.0561     0.1147     4.5577     0.0000     0.0085     0.0000     0.5229     0.5348    34.7106    34.7949    26.2325    26.3042      3.942      4.422      1.477      1.657 0.0000e+00
       7722    321.701    156.031 -109.78534   22.06228    155.000    12.6878    12.6558 4.0434e+04   4.049028     0.0513     0.0826    97.9562 1.0000e-12          0     0.5222     0.5344     0.0562     0.1147     4.5569     0.0000     0.0084     0.0000     0.5233     0.5352    34.7141    34.7974    26.2377    26.3085      4.206      4.417      1.576      1.655 0.0000e+00
       7760    323.275    157.038 -109.78534   22.06227    156.000    12.6228    12.5910 4.0369e+04   4.042720     0.0514     0.0825    97.9575 1.0000e-12          0     0.5235     0.5353     0.0562     0.1145     4.5570     0.0000     0.0084     0.0000     0.5242     0.5361    34.7105    34.7962    26.2477    26.3204      4.116      4.643      1.540      1.737 0.0000e+00
       7801    325.012    158.045 -109.78534   22.06226    157.000    12.5899    12.5584 4.0336e+04   4.039250     0.0511     0.0817    97.9776 1.0000e-12          0     0.5240     0.5360     0.0561     0.1140     4.5579     0.0000     0.0085     0.0000     0.5232     0.5359    34.7091    34.7926    26.2531    26.3240      3.239      4.171      1.211      1.559 0.0000e+00
       7837    326.494    159.052 -109.78534   22.06226    158.000    12.5947    12.5644 4.0355e+04   4.040800     0.0513     0.0823    97.9634 1.0000e-12          0     0.5250     0.5367     0.0562     0.1147     4.5573     0.0000     0.0085     0.0000     0.5202     0.5337    34.7223    34.8015    26.2624    26.3297      2.650      3.561      0.991      1.332 0.0000e+00
       7864    327.641    160.059 -109.78534   22.06226    159.000    12.6118    12.5813 4.0380e+04   4.043455     0.0517     0.0849    97.8998 1.0000e-12          0     0.5250     0.5372     0.0562     0.1146     4.5543     0.0000     0.0085     0.0000     0.5185     0.5317    34.7305    34.8109    26.2654    26.3338      2.782      3.393      1.041      1.269 0.0000e+00
       7886    328.556    161.066 -109.78534   22.06226    160.000    12.6252    12.5913 4.0400e+04   4.045082     0.0623     0.0860    97.8714 1.0000e-12          0     0.5241     0.5368     0.0572     0.1147     4.5530     0.0000     0.0084     0.0000     0.5181     0.5310    34.7368    34.8169    26.2677    26.3365      3.086      3.513      1.155      1.314 0.0000e+00
       7907    329.421    162.074 -109.78534   22.06226    161.000    12.5865    12.5535 4.0355e+04   4.041301     0.0639     0.0867    97.8556 1.0000e-12          0     0.5222     0.5355     0.0574     0.1146     4.5522     0.0000     0.0084     0.0000     0.5181     0.5306    34.7292    34.8151    26.2694    26.3426      3.181      3.576      1.190      1.337 0.0000e+00
       7928    330.289    163.081 -109.78534   22.06226    162.000    12.5762    12.5460 4.0344e+04   4.040036     0.0570     0.0850    97.8980 1.0000e-12          0     0.5206     0.5341     0.0567     0.1146     4.5542     0.0000     0.0084     0.0000     0.5182     0.5306    34.7270    34.8094    26.2698    26.3396      3.314      3.674      1.239      1.373 0.0000e+00
       7951    331.259    164.088 -109.78534   22.06228    163.000    12.5747    12.5425 4.0343e+04   4.039656     0.0514     0.0851    97.8945 1.0000e-12          0     0.5192     0.5325     0.0562     0.1146     4.5540     0.0000     0.0084     0.0000     0.5188     0.5307    34.7271    34.8086    26.2702    26.3397      3.513      3.695      1.313      1.381 0.0000e+00
       7981    332.492    165.095 -109.78534   22.06228    164.000    12.5688    12.5394 4.0336e+04   4.039407     0.0513     0.0845    97.9112 1.0000e-12          0     0.5189     0.5316     0.0562     0.1147     4.5548     0.0000     0.0084     0.0000     0.5192     0.5311    34.7260    34.8086    26.2705    26.3403      3.413      3.800      1.275      1.420 0.0000e+00
       8021    334.147    166.102 -109.78534   22.06228    165.000    12.5483    12.5171 4.0314e+04   4.036932     0.0508     0.0838    97.9265 1.0000e-12          0     0.5192     0.5315     0.0561     0.1139     4.5556     0.0000     0.0085     0.0000     0.5189     0.5310    34.7232    34.8050    26.2724    26.3419      2.796      3.572      1.044      1.334 0.0000e+00
       8058    335.709    167.109 -109.78534   22.06228    166.000    12.5558    12.5262 4.0326e+04   4.038040     0.0517     0.0838    97.9269 1.0000e-12          0     0.5201     0.5316     0.0562     0.1147     4.5556     0.0000     0.0084     0.0000     0.5159     0.5294    34.7275    34.8068    26.2743    26.3416      1.825      2.877      0.682      1.075 0.0000e+00
       8085    336.845    168.116 -109.78534   22.06228    167.000    12.5884    12.5580 4.0376e+04   4.042854     0.0517     0.0849    97.9016 1.0000e-12          0     0.5201     0.5322     0.0562     0.1146     4.5544     0.0000     0.0084     0.0000     0.5136     0.5270    34.7446    34.8233    26.2812    26.3482      1.974      2.581      0.738      0.965 0.0000e+00
       8108    337.788    169.123 -109.78534   22.06228    168.000    12.5911    12.5602 4.0385e+04   4.043900     0.0586     0.0900    97.7745 1.0000e-12          0     0.5196     0.5320     0.0569     0.1146     4.5484     0.0000     0.0085     0.0000     0.5131     0.5259    34.7500    34.8309    26.2849    26.3537      2.131      2.546      0.797      0.952 0.0000e+00
       8131    338.733    170.130 -109.78534   22.06228    169.000    12.5505    12.5169 4.0342e+04   4.040109     0.0634     0.0893    97.7934 1.0000e-12          0     0.5179     0.5310     0.0573     0.1146     4.5494     0.0000     0.0084     0.0000     0.5121     0.5247    34.7457    34.8341    26.2895    26.3646      1.650      2.366      0.617      0.884 0.0000e+00
       8153    339.671    171.137 -109.78534   22.06228    170.000    12.4868    12.4553 4.0275e+04   4.033365     0.0591     0.0884    97.8141 1.0000e-12          0     0.5157     0.5292     0.0569     0.1147     4.5503     0.0000     0.0085     0.0000     0.5110     0.5237    34.7401    34.8257    26.2976    26.3702      1.706      2.232      0.637      0.833 0.0000e+00
       8176    340.640    172.144 -109.78534   22.06228    171.000    12.4834    12.4529 4.0280e+04   4.033503     0.0532     0.0880    97.8244 1.0000e-12          0     0.5141     0.5276     0.0563     0.1147     4.5508     0.0000     0.0085     0.0000     0.5102     0.5227    34.7471    34.8288    26.3037    26.3732      1.587      2.122      0.592      0.792 0.0000e+00
