data/ctd-cnv/KM1919/KM1919-St22-P3/St22_P3_cast65-align-cellTM-derive-bin.cnv
* Sea-Bird SBE 9 Data File:
* FileName = C:\Users\otg\Desktop\CTD Data\km1920\St22_P3_cast65.hex
* Software Version Seasave V 7.26.7.107
* Temperature SN = 5554
* Conductivity SN = 3876
* Number of Bytes Per Scan = 41
* Number of Voltage Words = 4
* Number of Scans Averaged by the Deck Unit = 1
* NMEA Latitude = 21 50.59 N
* NMEA Longitude = 109 59.06 W
* NMEA UTC (Time) = Oct 15 2019  15:01:25
* NMEA baud rate = 4800
** Ship: Kilo Moana
** Station: St22  P3 cast 65
** Operator: cf
** Al's cast
# nquan = 34
# nvalues = 503                         
# units = specified
# name 0 = scan: Scan Count
# name 1 = timeS: Time, Elapsed [seconds]
# name 2 = prDM: Pressure, Digiquartz [db]
# name 3 = longitude: Longitude [deg]
# name 4 = latitude: Latitude [deg]
# name 5 = depSM: Depth [salt water, m]
# name 6 = t090C: Temperature [ITS-90, deg C]
# name 7 = t190C: Temperature, 2 [ITS-90, deg C]
# name 8 = c0uS/cm: Conductivity [uS/cm]
# name 9 = c1S/m: Conductivity, 2 [S/m]
# name 10 = flECO-AFL: Fluorescence, WET Labs ECO-AFL/FL [mg/m^3]
# name 11 = CStarAt0: Beam Attenuation, WET Labs C-Star [1/m]
# name 12 = CStarTr0: Beam Transmission, WET Labs C-Star [%]
# name 13 = par: PAR/Irradiance, Biospherical/Licor
# name 14 = modError: Modulo Error Count
# name 15 = v0: Voltage 0
# name 16 = v1: Voltage 1
# name 17 = v2: Voltage 2
# name 18 = v3: Voltage 3
# name 19 = v4: Voltage 4
# name 20 = v5: Voltage 5
# name 21 = v6: Voltage 6
# name 22 = v7: Voltage 7
# name 23 = sbeox0V: Oxygen raw, SBE 43 [V]
# name 24 = sbeox1V: Oxygen raw, SBE 43, 2 [V]
# name 25 = sal00: Salinity, Practical [PSU]
# name 26 = sal11: Salinity, Practical, 2 [PSU]
# name 27 = sigma-é00: Density [sigma-theta, kg/m^3]
# name 28 = sigma-é11: Density, 2 [sigma-theta, kg/m^3]
# name 29 = sbeox0Mm/L: Oxygen, SBE 43 [umol/l], WS = 2
# name 30 = sbeox1Mm/L: Oxygen, SBE 43, 2 [umol/l], WS = 2
# name 31 = sbeox0PS: Oxygen, SBE 43 [% saturation], WS = 2
# name 32 = sbeox1PS: Oxygen, SBE 43, 2 [% saturation], WS = 2
# name 33 = flag: flag
# span 0 =         37,      19027       
# span 1 =      1.509,    792.753       
# span 2 =      1.006,    506.768       
# span 3 = -109.98438, -109.98430       
# span 4 =   21.84316,   21.84320       
# span 5 =      1.000,    503.000       
# span 6 =     7.8930,    27.5914       
# span 7 =     7.8679,    27.5442       
# span 8 = 3.5917e+04, 5.5241e+04       
# span 9 =   3.596751,   5.531272       
# span 10 =     0.0427,     1.1143      
# span 11 =     0.0568,     0.1218      
# span 12 =    97.0000,    98.5906      
# span 13 = -1.170e-05, 9.4394e+02      
# span 14 =          0,          0      
# span 15 =     0.5031,     2.5084      
# span 16 =     0.5129,     2.4988      
# span 17 =     0.0552,     0.1624      
# span 18 =     0.1123,     0.1177      
# span 19 =     4.5124,     4.5864      
# span 20 =     0.0000,     0.0000      
# span 21 =     0.0081,     3.9211      
# span 22 =     0.0000,     0.0000      
# span 23 =     0.5024,     2.5097      
# span 24 =     0.5123,     2.5013      
# span 25 =    33.9520,    34.7764      
# span 26 =    34.0611,    34.8597      
# span 27 =    22.2329,    26.9413      
# span 28 =    22.3127,    27.0067      
# span 29 =      0.840,    240.291      
# span 30 =      0.858,    251.472      
# span 31 =      0.293,    108.199      
# span 32 =      0.291,    113.373      
# span 33 = 0.0000e+00, 0.0000e+00      
# interval = meters: 1                  
# start_time = Oct 15 2019 15:04:34 [NMEA time, first data scan]
# bad_flag = -9.990e-29
*END*
[from data line 299]
      10906    454.373    302.099 -109.98432   21.84318    300.000    10.6937    10.6641 3.8563e+04   3.861688     0.0697     0.0679    98.3166 1.0000e-12          0     0.5043     0.5145     0.0580     0.1148     4.5737     0.0000     0.0084     0.0000     0.5034     0.5139    34.6780    34.7598    26.5862    26.6552      1.083      1.075      0.389      0.386 0.0000e+00
      10955    456.419    303.106 -109.98432   21.84316    301.000    10.6820    10.6528 3.8552e+04   3.860610     0.0632     0.0677    98.3198 1.0000e-12          0     0.5042     0.5147     0.0573     0.1148     4.5739     0.0000     0.0083     0.0000     0.5035     0.5138    34.6777    34.7592    26.5880    26.6567      1.068      1.100      0.383      0.395 0.0000e+00
      11013    458.823    304.114 -109.98432   21.84316    302.000    10.6721    10.6427 3.8544e+04   3.859684     0.0588     0.0677    98.3207 1.0000e-12          0     0.5042     0.5144     0.0569     0.1148     4.5739     0.0000     0.0084     0.0000     0.5034     0.5139    34.6780    34.7590    26.5900    26.6584      1.060      1.117      0.381      0.401 0.0000e+00
      11044    460.115    305.122 -109.98432   21.84316    303.000    10.6607    10.6310 3.8533e+04   3.858615     0.0560     0.0677    98.3207 1.0000e-12          0     0.5043     0.5146     0.0566     0.1148     4.5739     0.0000     0.0085     0.0000     0.5035     0.5136    34.6776    34.7590    26.5917    26.6605      1.043      1.035      0.374      0.371 0.0000e+00
      11066    461.050    306.130 -109.98432   21.84316    304.000    10.6513    10.6218 3.8525e+04   3.857744     0.0575     0.0677    98.3207 1.0000e-12          0     0.5042     0.5144     0.0568     0.1149     4.5739     0.0000     0.0085     0.0000     0.5033     0.5136    34.6773    34.7586    26.5932    26.6618      1.042      1.048      0.374      0.376 0.0000e+00
      11086    461.879    307.137 -109.98432   21.84316    305.000    10.6421    10.6123 3.8515e+04   3.856852     0.0549     0.0677    98.3207 1.0000e-12          0     0.5042     0.5146     0.0565     0.1148     4.5739     0.0000     0.0085     0.0000     0.5035     0.5136    34.6757    34.7581    26.5936    26.6631      1.087      1.099      0.390      0.394 0.0000e+00
      11105    462.651    308.145 -109.98432   21.84316    306.000    10.6301    10.5996 3.8502e+04   3.855695     0.0606     0.0677    98.3207 1.0000e-12          0     0.5042     0.5147     0.0571     0.1148     4.5739     0.0000     0.0082     0.0000     0.5034     0.5137    34.6744    34.7581    26.5948    26.6654      1.026      1.104      0.368      0.396 0.0000e+00
      11123    463.399    309.153 -109.98432   21.84316    307.000    10.6054    10.5747 3.8478e+04   3.853196     0.0571     0.0677    98.3207 1.0000e-12          0     0.5043     0.5143     0.0567     0.1148     4.5739     0.0000     0.0085     0.0000     0.5034     0.5136    34.6725    34.7562    26.5976    26.6683      1.070      1.075      0.384      0.385 0.0000e+00
      11144    464.295    310.160 -109.98432   21.84316    308.000    10.5778    10.5477 3.8449e+04   3.850361     0.0654     0.0678    98.3188 1.0000e-12          0     0.5042     0.5144     0.0575     0.1148     4.5738     0.0000     0.0083     0.0000     0.5034     0.5136    34.6692    34.7529    26.5999    26.6705      1.029      1.035      0.369      0.371 0.0000e+00
      11197    466.499    311.168 -109.98432   21.84316    309.000    10.5785    10.5450 3.8450e+04   3.849920     0.0639     0.0673    98.3314 1.0000e-12          0     0.5042     0.5143     0.0574     0.1148     4.5744     0.0000     0.0084     0.0000     0.5034     0.5136    34.6696    34.7506    26.6001    26.6692      1.070      1.071      0.383      0.384 0.0000e+00
      11259    469.077    312.176 -109.98432   21.84316    310.000    10.5542    10.5211 3.8426e+04   3.847618     0.0659     0.0687    98.2973 1.0000e-12          0     0.5042     0.5142     0.0576     0.1148     4.5728     0.0000     0.0084     0.0000     0.5035     0.5138    34.6673    34.7496    26.6027    26.6727      1.055      1.159      0.378      0.415 0.0000e+00
      11289    470.332    313.184 -109.98432   21.84316    311.000    10.5336    10.5038 3.8406e+04   3.845896     0.0605     0.0674    98.3287 1.0000e-12          0     0.5041     0.5144     0.0571     0.1148     4.5743     0.0000     0.0085     0.0000     0.5034     0.5136    34.6665    34.7483    26.6057    26.6747      1.060      0.990      0.380      0.354 0.0000e+00
      11318    471.547    314.192 -109.98432   21.84316    312.000    10.5202    10.4907 3.8393e+04   3.844663     0.0618     0.0676    98.3234 1.0000e-12          0     0.5043     0.5142     0.0572     0.1148     4.5740     0.0000     0.0085     0.0000     0.5034     0.5135    34.6662    34.7480    26.6078    26.6767      1.044      1.069      0.374      0.383 0.0000e+00
      11348    472.792    315.199 -109.98432   21.84316    313.000    10.5033    10.4735 3.8377e+04   3.843060     0.0614     0.0677    98.3207 1.0000e-12          0     0.5043     0.5147     0.0571     0.1148     4.5739     0.0000     0.0083     0.0000     0.5035     0.5136    34.6655    34.7477    26.6102    26.6795      1.110      1.066      0.397      0.381 0.0000e+00
      11375    473.909    316.207 -109.98432   21.84316    314.000    10.4954    10.4661 3.8371e+04   3.842372     0.0610     0.0671    98.3353 1.0000e-12          0     0.5043     0.5143     0.0571     0.1148     4.5746     0.0000     0.0084     0.0000     0.5035     0.5135    34.6660    34.7474    26.6120    26.6806      1.037      1.109      0.371      0.397 0.0000e+00
      11400    474.950    317.215 -109.98432   21.84316    315.000    10.4845    10.4548 3.8361e+04   3.841427     0.0552     0.0667    98.3460 1.0000e-12          0     0.5042     0.5142     0.0565     0.1148     4.5751     0.0000     0.0085     0.0000     0.5034     0.5138    34.6660    34.7482    26.6140    26.6832      1.012      1.119      0.362      0.400 0.0000e+00
      11425    476.012    318.223 -109.98432   21.84316    316.000    10.4545    10.4242 3.8330e+04   3.838526     0.0628     0.0668    98.3451 1.0000e-12          0     0.5042     0.5144     0.0573     0.1148     4.5750     0.0000     0.0085     0.0000     0.5032     0.5137    34.6632    34.7476    26.6170    26.6881      1.022      1.067      0.365      0.381 0.0000e+00
      11455    477.236    319.231 -109.98432   21.84316    317.000    10.4263    10.3966 3.8302e+04   3.835567     0.0587     0.0667    98.3461 1.0000e-12          0     0.5043     0.5142     0.0569     0.1148     4.5751     0.0000     0.0083     0.0000     0.5034     0.5136    34.6607    34.7435    26.6200    26.6898      1.090      1.084      0.389      0.387 0.0000e+00
      11486    478.555    320.238 -109.98432   21.84316    318.000    10.4143    10.3850 3.8290e+04   3.834332     0.0562     0.0667    98.3470 1.0000e-12          0     0.5041     0.5144     0.0566     0.1148     4.5751     0.0000     0.0083     0.0000     0.5033     0.5135    34.6597    34.7417    26.6213    26.6904      1.009      1.011      0.360      0.361 0.0000e+00
      11517    479.847    321.246 -109.98432   21.84316    319.000    10.3983    10.3686 3.8274e+04   3.832792     0.0578     0.0667    98.3470 1.0000e-12          0     0.5041     0.5144     0.0568     0.1148     4.5751     0.0000     0.0085     0.0000     0.5033     0.5134    34.6583    34.7413    26.6230    26.6930      1.069      1.039      0.382      0.371 0.0000e+00
      11547    481.078    322.254 -109.98432   21.84316    320.000    10.3703    10.3406 3.8246e+04   3.830004     0.0697     0.0666    98.3488 1.0000e-12          0     0.5042     0.5144     0.0580     0.1147     4.5752     0.0000     0.0084     0.0000     0.5032     0.5135    34.6563    34.7394    26.6264    26.6963      0.940      1.070      0.335      0.382 0.0000e+00
      11581    482.504    323.262 -109.98432   21.84316    321.000    10.3546    10.3252 3.8230e+04   3.828410     0.0682     0.0666    98.3496 1.0000e-12          0     0.5041     0.5142     0.0578     0.1148     4.5752     0.0000     0.0084     0.0000     0.5032     0.5136    34.6549    34.7375    26.6280    26.6975      1.058      1.133      0.377      0.404 0.0000e+00
      11630    484.530    324.270 -109.98432   21.84316    322.000    10.3366    10.3076 3.8213e+04   3.826582     0.0619     0.0666    98.3485 1.0000e-12          0     0.5040     0.5142     0.0572     0.1148     4.5752     0.0000     0.0085     0.0000     0.5032     0.5135    34.6539    34.7353    26.6304    26.6989      1.050      1.026      0.374      0.366 0.0000e+00
      11671    486.240    325.278 -109.98432   21.84316    323.000    10.3318    10.3023 3.8209e+04   3.826114     0.0585     0.0667    98.3470 1.0000e-12          0     0.5040     0.5143     0.0569     0.1148     4.5751     0.0000     0.0083     0.0000     0.5034     0.5135    34.6539    34.7352    26.6312    26.6998      1.082      1.085      0.386      0.387 0.0000e+00
      11696    487.274    326.285 -109.98432   21.84316    324.000    10.3198    10.2903 3.8197e+04   3.825003     0.0700     0.0667    98.3470 1.0000e-12          0     0.5041     0.5144     0.0580     0.1149     4.5751     0.0000     0.0083     0.0000     0.5033     0.5137    34.6529    34.7349    26.6326    26.7017      1.073      1.175      0.382      0.419 0.0000e+00
      11716    488.112    327.293 -109.98432   21.84316    325.000    10.3072    10.2770 3.8185e+04   3.823744     0.0602     0.0666    98.3483 1.0000e-12          0     0.5040     0.5142     0.0570     0.1148     4.5752     0.0000     0.0084     0.0000     0.5034     0.5138    34.6521    34.7344    26.6341    26.7036      1.080      1.096      0.385      0.390 0.0000e+00
      11736    488.944    328.301 -109.98432   21.84316    326.000    10.2838    10.2529 3.8161e+04   3.821528     0.0656     0.0664    98.3544 1.0000e-12          0     0.5040     0.5143     0.0576     0.1149     4.5754     0.0000     0.0083     0.0000     0.5034     0.5134    34.6500    34.7345    26.6365    26.7078      1.019      0.935      0.363      0.333 0.0000e+00
      11761    489.983    329.309 -109.98432   21.84316    327.000    10.2290    10.1982 3.8106e+04   3.816127     0.0604     0.0665    98.3515 1.0000e-12          0     0.5041     0.5142     0.0570     0.1148     4.5753     0.0000     0.0084     0.0000     0.5031     0.5135    34.6458    34.7316    26.6428    26.7150      0.887      1.100      0.315      0.391 0.0000e+00
      11797    491.497    330.317 -109.98432   21.84316    328.000    10.2076    10.1788 3.8085e+04   3.813779     0.0645     0.0651    98.3840 1.0000e-12          0     0.5042     0.5144     0.0575     0.1148     4.5768     0.0000     0.0085     0.0000     0.5030     0.5135    34.6443    34.7258    26.6453    26.7138      1.017      1.075      0.361      0.382 0.0000e+00
      11837    493.155    331.325 -109.98432   21.84316    329.000    10.2057    10.1765 3.8083e+04   3.813555     0.0667     0.0653    98.3814 1.0000e-12          0     0.5042     0.5141     0.0577     0.1148     4.5767     0.0000     0.0082     0.0000     0.5031     0.5134    34.6440    34.7252    26.6454    26.7138      1.101      1.021      0.391      0.363 0.0000e+00
      11872    494.641    332.332 -109.98432   21.84316    330.000    10.2014    10.1723 3.8080e+04   3.813307     0.0692     0.0650    98.3866 1.0000e-12          0     0.5038     0.5142     0.0579     0.1148     4.5769     0.0000     0.0082     0.0000     0.5032     0.5135    34.6451    34.7263    26.6470    26.7154      1.026      1.096      0.364      0.389 0.0000e+00
      11913    496.333    333.340 -109.98432   21.84316    331.000    10.1716    10.1421 3.8052e+04   3.810642     0.0673     0.0651    98.3846 1.0000e-12          0     0.5038     0.5142     0.0577     0.1148     4.5768     0.0000     0.0085     0.0000     0.5032     0.5135    34.6443    34.7277    26.6515    26.7217      1.043      1.044      0.370      0.371 0.0000e+00
      11949    497.832    334.348 -109.98432   21.84316    332.000    10.1370    10.1093 3.8016e+04   3.807148     0.0657     0.0652    98.3825 1.0000e-12          0     0.5040     0.5142     0.0576     0.1148     4.5767     0.0000     0.0083     0.0000     0.5034     0.5134    34.6398    34.7230    26.6540    26.7237      1.092      1.028      0.387      0.365 0.0000e+00
      11977    498.982    335.356 -109.98432   21.84316    333.000    10.1244    10.0956 3.8002e+04   3.805626     0.0585     0.0647    98.3947 1.0000e-12          0     0.5040     0.5143     0.0569     0.1148     4.5773     0.0000     0.0085     0.0000     0.5032     0.5134    34.6378    34.7202    26.6546    26.7238      0.885      1.091      0.314      0.387 0.0000e+00
      12001    499.985    336.364 -109.98432   21.84316    334.000    10.1192    10.0905 3.7997e+04   3.805020     0.0581     0.0646    98.3972 1.0000e-12          0     0.5040     0.5142     0.0568     0.1148     4.5774     0.0000     0.0084     0.0000     0.5029     0.5135    34.6372    34.7185    26.6550    26.7234      1.050      1.026      0.373      0.364 0.0000e+00
      12025    500.990    337.372 -109.98432   21.84316    335.000    10.1189    10.0899 3.7998e+04   3.804990     0.0696     0.0646    98.3973 1.0000e-12          0     0.5041     0.5141     0.0580     0.1148     4.5774     0.0000     0.0083     0.0000     0.5034     0.5133    34.6379    34.7183    26.6556    26.7234      1.161      1.059      0.412      0.375 0.0000e+00
      12051    502.065    338.380 -109.98432   21.84316    336.000    10.1146    10.0858 3.7994e+04   3.804692     0.0698     0.0648    98.3926 1.0000e-12          0     0.5042     0.5141     0.0580     0.1170     4.5772     0.0000     0.0085     0.0000     0.5031     0.5135    34.6374    34.7188    26.6560    26.7244      0.928      1.091      0.329      0.387 0.0000e+00
      12081    503.327    339.388 -109.98432   21.84316    337.000    10.1032    10.0744 3.7983e+04   3.803615     0.0577     0.0645    98.3996 1.0000e-12          0     0.5037     0.5142     0.0568     0.1148     4.5775     0.0000     0.0084     0.0000     0.5033     0.5135    34.6367    34.7182    26.6574    26.7259      1.146      1.063      0.406      0.377 0.0000e+00
      12115    504.742    340.396 -109.98432   21.84316    338.000    10.0971    10.0680 3.7978e+04   3.803007     0.0656     0.0645    98.3995 1.0000e-12          0     0.5042     0.5140     0.0576     0.1148     4.5775     0.0000     0.0083     0.0000     0.5032     0.5134    34.6365    34.7177    26.6583    26.7267      0.886      1.033      0.314      0.366 0.0000e+00
      12148    506.122    341.404 -109.98432   21.84316    339.000    10.0856    10.0565 3.7968e+04   3.802082     0.0572     0.0645    98.3995 1.0000e-12          0     0.5039     0.5142     0.0567     0.1148     4.5775     0.0000     0.0084     0.0000     0.5031     0.5133    34.6376    34.7189    26.6611    26.7296      1.073      1.032      0.380      0.366 0.0000e+00
      12180    507.454    342.412 -109.98432   21.84316    340.000    10.0792    10.0503 3.7963e+04   3.801619     0.0661     0.0639    98.4159 1.0000e-12          0     0.5042     0.5142     0.0576     0.1148     4.5783     0.0000     0.0084     0.0000     0.5031     0.5133    34.6383    34.7196    26.6628    26.7313      1.048      1.036      0.371      0.367 0.0000e+00
      12218    509.044    343.419 -109.98432   21.84316    341.000    10.0632    10.0340 3.7948e+04   3.800167     0.0626     0.0635    98.4249 1.0000e-12          0     0.5038     0.5141     0.0573     0.1148     4.5788     0.0000     0.0084     0.0000     0.5031     0.5134    34.6378    34.7200    26.6652    26.7344      1.010      1.069      0.358      0.379 0.0000e+00
