data/ctd-cnv/KM1919/KM1919-St22-P3/St22_P3_cast75-align-cellTM-derive-bin.cnv
* Sea-Bird SBE 9 Data File:
* FileName = C:\Users\otg\Desktop\CTD Data\km1920\St22_P3_cast75.hex
* Software Version Seasave V 7.26.7.107
* Temperature SN = 5554
* Conductivity SN = 3876
* Number of Bytes Per Scan = 41
* Number of Voltage Words = 4
* Number of Scans Averaged by the Deck Unit = 1
* NMEA Latitude = 21 57.76 N
* NMEA Longitude = 109 54.74 W
* NMEA UTC (Time) = Oct 17 2019  10:59:11
* NMEA baud rate = 4800
** Ship: Kilo Moana
** Station: St22  P3 cast 75
** Operator: CF
** productivity cast
# nquan = 34
# nvalues = 199                         
# units = specified
# name 0 = scan: Scan Count
# name 1 = timeS: Time, Elapsed [seconds]
# name 2 = prDM: Pressure, Digiquartz [db]
# name 3 = longitude: Longitude [deg]
# name 4 = latitude: Latitude [deg]
# name 5 = depSM: Depth [salt water, m]
# name 6 = t090C: Temperature [ITS-90, deg C]
# name 7 = t190C: Temperature, 2 [ITS-90, deg C]
# name 8 = c0uS/cm: Conductivity [uS/cm]
# name 9 = c1S/m: Conductivity, 2 [S/m]
# name 10 = flECO-AFL: Fluorescence, WET Labs ECO-AFL/FL [mg/m^3]
# name 11 = CStarAt0: Beam Attenuation, WET Labs C-Star [1/m]
# name 12 = CStarTr0: Beam Transmission, WET Labs C-Star [%]
# name 13 = par: PAR/Irradiance, Biospherical/Licor
# name 14 = modError: Modulo Error Count
# name 15 = v0: Voltage 0
# name 16 = v1: Voltage 1
# name 17 = v2: Voltage 2
# name 18 = v3: Voltage 3
# name 19 = v4: Voltage 4
# name 20 = v5: Voltage 5
# name 21 = v6: Voltage 6
# name 22 = v7: Voltage 7
# name 23 = sbeox0V: Oxygen raw, SBE 43 [V]
# name 24 = sbeox1V: Oxygen raw, SBE 43, 2 [V]
# name 25 = sal00: Salinity, Practical [PSU]
# name 26 = sal11: Salinity, Practical, 2 [PSU]
# name 27 = sigma-é00: Density [sigma-theta, kg/m^3]
# name 28 = sigma-é11: Density, 2 [sigma-theta, kg/m^3]
# name 29 = sbeox0Mm/L: Oxygen, SBE 43 [umol/l], WS = 2
# name 30 = sbeox1Mm/L: Oxygen, SBE 43, 2 [umol/l], WS = 2
# name 31 = sbeox0PS: Oxygen, SBE 43 [% saturation], WS = 2
# name 32 = sbeox1PS: Oxygen, SBE 43, 2 [% saturation], WS = 2
# name 33 = flag: flag
# span 0 =        324,       9877       
# span 1 =     13.460,    411.507       
# span 2 =      2.012,    201.352       
# span 3 = -109.91241, -109.91140       
# span 4 =   21.96464,   21.96528       
# span 5 =      2.000,    200.000       
# span 6 =    11.9281,    27.6969       
# span 7 =    11.8985,    27.6567       
# span 8 = 3.9737e+04, 5.5436e+04       
# span 9 =   3.979327,   5.551471       
# span 10 =     0.0394,     1.3558      
# span 11 =     0.0626,     0.1420      
# span 12 =    96.5125,    98.4463      
# span 13 = -3.266e-05, 4.9445e+00      
# span 14 =          0,          0      
# span 15 =     0.5054,     2.4545      
# span 16 =     0.5169,     2.4496      
# span 17 =     0.0549,     0.1866      
# span 18 =     0.1122,     0.1159      
# span 19 =     4.4898,     4.5797      
# span 20 =     0.0000,     0.0000      
# span 21 =     0.0081,     1.7010      
# span 22 =     0.0000,     0.0000      
# span 23 =     0.5047,     2.4553      
# span 24 =     0.5160,     2.4453      
# span 25 =    33.9318,    34.7700      
# span 26 =    34.0167,    34.8528      
# span 27 =    22.2413,    26.3933      
# span 28 =    22.3183,    26.4629      
# span 29 =      1.005,    233.182      
# span 30 =      1.370,    244.929      
# span 31 =      0.372,    105.426      
# span 32 =      0.514,    110.090      
# span 33 = 0.0000e+00, 0.0000e+00      
# interval = meters: 1                  
# start_time = Oct 17 2019 11:05:22 [NMEA time, first data scan]
# bad_flag = -9.990e-29
*END*
[from data line 86]
       5065    211.013     88.571 -109.91188   21.96494     88.000    14.7391    14.7058 4.2133e+04   4.219239     0.4055     0.0750    98.1412 1.0000e-12          0     0.8649     0.9150     0.0916     0.1147     4.5655     0.0000     0.0083     0.0000     0.7647     0.8023    34.4798    34.5640    25.6305    25.7026     26.965     36.346     10.518     14.175 0.0000e+00
       5099    212.406     89.577 -109.91188   21.96494     89.000    14.6556    14.6197 4.2076e+04   4.214265     0.3362     0.0743    98.1614 1.0000e-12          0     0.8170     0.8599     0.0846     0.1146     4.5664     0.0000     0.0084     0.0000     0.7212     0.7621    34.5019    34.5945    25.6656    25.7448     20.245     29.369      7.885     11.437 0.0000e+00
       5134    213.866     90.584 -109.91187   21.96494     90.000    14.5651    14.5320 4.2008e+04   4.206767     0.3163     0.0746    98.1521 1.0000e-12          0     0.7818     0.8191     0.0826     0.1146     4.5660     0.0000     0.0084     0.0000     0.6882     0.7227    34.5194    34.6035    25.6986    25.7706     20.699     26.062      8.048     10.131 0.0000e+00
       5174    215.549     91.591 -109.91186   21.96494     91.000    14.4942    14.4593 4.1940e+04   4.200146     0.2973     0.0741    98.1658 1.0000e-12          0     0.7334     0.7734     0.0807     0.1146     4.5667     0.0000     0.0085     0.0000     0.6715     0.6982    34.5190    34.6071    25.7135    25.7890     22.046     25.390      8.559      9.856 0.0000e+00
       5230    217.872     92.597 -109.91186   21.96494     92.000    14.4223    14.3897 4.1876e+04   4.193600     0.3230     0.0729    98.1943 1.0000e-12          0     0.6819     0.7142     0.0833     0.1144     4.5680     0.0000     0.0085     0.0000     0.6576     0.6813    34.5238    34.6085    25.7326    25.8050     19.182     23.647      7.437      9.167 0.0000e+00
       5275    219.751     93.604 -109.91186   21.96494     93.000    14.3881    14.3552 4.1856e+04   4.191454     0.2992     0.0726    98.2014 1.0000e-12          0     0.6682     0.6919     0.0809     0.1122     4.5683     0.0000     0.0085     0.0000     0.6364     0.6623    34.5358    34.6192    25.7492    25.8206     15.556     19.821      6.027      7.679 0.0000e+00
       5314    221.385     94.611 -109.91185   21.96495     94.000    14.3761    14.3431 4.1861e+04   4.191869     0.2586     0.0712    98.2344 1.0000e-12          0     0.6575     0.6817     0.0768     0.1123     4.5699     0.0000     0.0085     0.0000     0.6248     0.6470    34.5502    34.6335    25.7629    25.8342     15.776     18.760      6.112      7.267 0.0000e+00
       5396    224.799     95.617 -109.91184   21.96496     95.000    14.3370    14.3203 4.1835e+04   4.190568     0.2603     0.0719    98.2174 1.0000e-12          0     0.6246     0.6479     0.0770     0.1150     4.5691     0.0000     0.0084     0.0000     0.6043     0.6285    34.5611    34.6415    25.7797    25.8453     12.443     16.296      4.817      6.310 0.0000e+00
       5442    226.696     96.624 -109.91184   21.96496     96.000    14.2469    14.2125 4.1768e+04   4.182792     0.2363     0.0709    98.2426 1.0000e-12          0     0.6158     0.6382     0.0746     0.1147     4.5702     0.0000     0.0084     0.0000     0.5921     0.6139    34.5791    34.6659    25.8127    25.8870     11.711     14.075      4.526      5.438 0.0000e+00
       5474    228.028     97.631 -109.91184   21.96496     97.000    14.2158    14.1832 4.1744e+04   4.180279     0.2102     0.0703    98.2574 1.0000e-12          0     0.6064     0.6312     0.0720     0.1138     4.5709     0.0000     0.0084     0.0000     0.5876     0.6073    34.5851    34.6684    25.8240    25.8952     11.893     13.820      4.593      5.337 0.0000e+00
       5506    229.375     98.638 -109.91182   21.96496     98.000    14.2124    14.1800 4.1742e+04   4.179982     0.1992     0.0695    98.2773 1.0000e-12          0     0.5971     0.6205     0.0709     0.1138     4.5718     0.0000     0.0085     0.0000     0.5854     0.6031    34.5854    34.6682    25.8250    25.8957     11.893     13.504      4.593      5.215 0.0000e+00
       5536    230.645     99.645 -109.91182   21.96496     99.000    14.2090    14.1768 4.1740e+04   4.179775     0.1942     0.0695    98.2767 1.0000e-12          0     0.5912     0.6121     0.0704     0.1128     4.5718     0.0000     0.0085     0.0000     0.5831     0.6005    34.5860    34.6687    25.8261    25.8969     11.668     13.382      4.506      5.167 0.0000e+00
       5571    232.087    100.651 -109.91182   21.96496    100.000    14.2027    14.1701 4.1735e+04   4.179277     0.1987     0.0699    98.2684 1.0000e-12          0     0.5874     0.6063     0.0708     0.1137     4.5714     0.0000     0.0084     0.0000     0.5818     0.5981    34.5872    34.6697    25.8284    25.8991     11.827     13.162      4.567      5.082 0.0000e+00
       5675    236.433    101.658 -109.91181   21.96498    101.000    14.2124    14.1799 4.1762e+04   4.181840     0.1982     0.0690    98.2895 1.0000e-12          0     0.5819     0.5974     0.0708     0.1126     4.5724     0.0000     0.0085     0.0000     0.5658     0.5850    34.6024    34.6843    25.8382    25.9083      6.284      9.550      2.427      3.688 0.0000e+00
       5723    238.423    102.665 -109.91180   21.96498    102.000    14.2083    14.1761 4.1805e+04   4.186207     0.1949     0.0686    98.2993 1.0000e-12          0     0.5777     0.5952     0.0705     0.1148     4.5728     0.0000     0.0084     0.0000     0.5459     0.5652    34.6456    34.7278    25.8724    25.9427      4.986      6.909      1.926      2.669 0.0000e+00
       5757    239.821    103.672 -109.91180   21.96498    103.000    14.1782    14.1441 4.1781e+04   4.183914     0.1942     0.0679    98.3162 1.0000e-12          0     0.5628     0.5839     0.0704     0.1135     4.5737     0.0000     0.0085     0.0000     0.5410     0.5586    34.6501    34.7349    25.8823    25.9550      5.312      6.716      2.051      2.593 0.0000e+00
       5790    241.212    104.678 -109.91180   21.96498    104.000    14.1483    14.1157 4.1753e+04   4.181016     0.1719     0.0678    98.3184 1.0000e-12          0     0.5509     0.5709     0.0682     0.1141     4.5738     0.0000     0.0084     0.0000     0.5389     0.5554    34.6506    34.7332    25.8891    25.9597      5.738      6.748      2.214      2.603 0.0000e+00
       5826    242.723    105.685 -109.91180   21.96498    105.000    14.1426    14.1094 4.1747e+04   4.180412     0.1694     0.0685    98.3016 1.0000e-12          0     0.5436     0.5620     0.0680     0.1133     4.5730     0.0000     0.0084     0.0000     0.5394     0.5544    34.6498    34.7328    25.8896    25.9608      6.301      7.063      2.431      2.725 0.0000e+00
       5881    244.984    106.692 -109.91178   21.96498    106.000    14.0122    13.9691 4.1619e+04   4.167173     0.1700     0.0676    98.3245 1.0000e-12          0     0.5397     0.5559     0.0680     0.1137     4.5741     0.0000     0.0084     0.0000     0.5389     0.5543    34.6474    34.7358    25.9153    25.9926      5.602      6.817      2.156      2.623 0.0000e+00
       5927    246.919    107.699 -109.91178   21.96499    107.000    13.9592    13.9269 4.1580e+04   4.163796     0.1564     0.0666    98.3491 1.0000e-12          0     0.5407     0.5555     0.0666     0.1128     4.5752     0.0000     0.0085     0.0000     0.5381     0.5523    34.6585    34.7421    25.9350    26.0063      6.389      6.820      2.456      2.621 0.0000e+00
       5957    248.177    108.705 -109.91178   21.96500    108.000    13.8394    13.8009 4.1463e+04   4.152652     0.1945     0.0656    98.3726 1.0000e-12          0     0.5402     0.5557     0.0705     0.1138     4.5763     0.0000     0.0084     0.0000     0.5403     0.5541    34.6571    34.7517    25.9589    26.0400      6.672      7.476      2.559      2.866 0.0000e+00
       6033    251.318    109.712 -109.91176   21.96500    109.000    13.7857    13.7330 4.1402e+04   4.143966     0.1196     0.0654    98.3772 1.0000e-12          0     0.5403     0.5549     0.0630     0.1128     4.5765     0.0000     0.0084     0.0000     0.5430     0.5572    34.6488    34.7316    25.9636    26.0386      7.008      7.757      2.684      2.970 0.0000e+00
       6109    254.494    110.719 -109.91176   21.96500    110.000    13.7094    13.6762 4.1325e+04   4.138406     0.1124     0.0653    98.3811 1.0000e-12          0     0.5431     0.5575     0.0623     0.1127     4.5767     0.0000     0.0085     0.0000     0.5463     0.5596    34.6448    34.7305    25.9764    26.0495      7.501      8.001      2.869      3.059 0.0000e+00
       6132    255.471    111.726 -109.91176   21.96500    111.000    13.6807    13.6477 4.1299e+04   4.135784     0.1127     0.0657    98.3718 1.0000e-12          0     0.5446     0.5585     0.0623     0.1148     4.5762     0.0000     0.0084     0.0000     0.5473     0.5598    34.6461    34.7314    25.9834    26.0562      7.571      8.082      2.894      3.089 0.0000e+00
       6156    256.466    112.732 -109.91176   21.96502    112.000    13.6658    13.6330 4.1286e+04   4.134379     0.1127     0.0656    98.3722 1.0000e-12          0     0.5457     0.5595     0.0623     0.1148     4.5763     0.0000     0.0085     0.0000     0.5481     0.5604    34.6471    34.7311    25.9873    26.0590      7.577      8.207      2.896      3.135 0.0000e+00
       6185    257.655    113.740 -109.91174   21.96502    113.000    13.6442    13.6114 4.1263e+04   4.132106     0.1090     0.0656    98.3732 1.0000e-12          0     0.5469     0.5601     0.0619     0.1139     4.5763     0.0000     0.0084     0.0000     0.5478     0.5608    34.6444    34.7290    25.9897    26.0619      7.053      8.004      2.694      3.056 0.0000e+00
       6224    259.274    114.746 -109.91174   21.96502    114.000    13.6222    13.5875 4.1247e+04   4.130341     0.1008     0.0647    98.3937 1.0000e-12          0     0.5483     0.5608     0.0611     0.1136     4.5772     0.0000     0.0083     0.0000     0.5466     0.5596    34.6496    34.7337    25.9982    26.0704      6.824      7.684      2.605      2.933 0.0000e+00
       6328    263.625    115.753 -109.91173   21.96502    115.000    13.6085    13.5723 4.1243e+04   4.129540     0.0947     0.0651    98.3862 1.0000e-12          0     0.5472     0.5604     0.0605     0.1138     4.5769     0.0000     0.0084     0.0000     0.5422     0.5560    34.6571    34.7396    26.0069    26.0781      5.809      6.968      2.217      2.659 0.0000e+00
       6376    265.642    116.760 -109.91172   21.96502    116.000    13.6077    13.5767 4.1257e+04   4.131305     0.0880     0.0649    98.3905 1.0000e-12          0     0.5452     0.5583     0.0598     0.1148     4.5771     0.0000     0.0085     0.0000     0.5371     0.5515    34.6704    34.7517    26.0174    26.0866      4.907      6.033      1.873      2.303 0.0000e+00
       6402    266.728    117.767 -109.91172   21.96502    117.000    13.6073    13.5742 4.1260e+04   4.131691     0.0883     0.0645    98.3997 1.0000e-12          0     0.5437     0.5575     0.0598     0.1147     4.5775     0.0000     0.0084     0.0000     0.5353     0.5493    34.6741    34.7572    26.0203    26.0914      5.033      5.834      1.921      2.227 0.0000e+00
       6431    267.898    118.774 -109.91172   21.96502    118.000    13.5668    13.5332 4.1224e+04   4.128234     0.0960     0.0643    98.4050 1.0000e-12          0     0.5407     0.5551     0.0606     0.1127     4.5778     0.0000     0.0084     0.0000     0.5341     0.5476    34.6763    34.7616    26.0304    26.1033      4.976      5.790      1.898      2.208 0.0000e+00
       6467    269.406    119.781 -109.91172   21.96502    119.000    13.5438    13.5119 4.1205e+04   4.126204     0.0884     0.0638    98.4188 1.0000e-12          0     0.5374     0.5517     0.0598     0.1123     4.5785     0.0000     0.0084     0.0000     0.5329     0.5462    34.6785    34.7614    26.0368    26.1076      4.960      5.649      1.891      2.153 0.0000e+00
       6540    272.463    120.787 -109.91172   21.96502    120.000    13.5410    13.5066 4.1206e+04   4.126108     0.0883     0.0641    98.4095 1.0000e-12          0     0.5341     0.5475     0.0598     0.1135     4.5780     0.0000     0.0084     0.0000     0.5301     0.5433    34.6817    34.7649    26.0399    26.1114      4.299      5.139      1.639      1.959 0.0000e+00
       6617    275.653    121.794 -109.91170   21.96502    121.000    13.5203    13.4886 4.1199e+04   4.125652     0.0869     0.0630    98.4373 1.0000e-12          0     0.5317     0.5445     0.0597     0.1122     4.5793     0.0000     0.0085     0.0000     0.5256     0.5392    34.6935    34.7766    26.0534    26.1241      3.640      4.433      1.387      1.689 0.0000e+00
       6643    276.761    122.801 -109.91170   21.96502    122.000    13.4962    13.4639 4.1180e+04   4.123723     0.0792     0.0626    98.4463 1.0000e-12          0     0.5300     0.5432     0.0589     0.1129     4.5797     0.0000     0.0085     0.0000     0.5249     0.5380    34.6973    34.7805    26.0612    26.1323      3.636      4.447      1.385      1.694 0.0000e+00
       6668    277.796    123.808 -109.91170   21.96503    123.000    13.4790    13.4464 4.1162e+04   4.122006     0.0852     0.0629    98.4411 1.0000e-12          0     0.5284     0.5420     0.0595     0.1148     4.5795     0.0000     0.0085     0.0000     0.5234     0.5373    34.6954    34.7799    26.0633    26.1354      3.206      4.207      1.221      1.602 0.0000e+00
       6696    278.979    124.815 -109.91170   21.96504    124.000    13.4744    13.4431 4.1165e+04   4.122025     0.0815     0.0635    98.4265 1.0000e-12          0     0.5268     0.5401     0.0591     0.1147     4.5788     0.0000     0.0085     0.0000     0.5218     0.5355    34.7017    34.7827    26.0692    26.1383      3.177      3.984      1.210      1.517 0.0000e+00
       6767    281.922    125.822 -109.91168   21.96504    125.000    13.4809    13.4493 4.1174e+04   4.122944     0.0822     0.0630    98.4372 1.0000e-12          0     0.5235     0.5371     0.0592     0.1135     4.5793     0.0000     0.0085     0.0000     0.5203     0.5336    34.7041    34.7853    26.0698    26.1390      3.181      3.840      1.211      1.462 0.0000e+00
       6836    284.776    126.829 -109.91168   21.96504    126.000    13.4666    13.4361 4.1166e+04   4.122430     0.0884     0.0631    98.4361 1.0000e-12          0     0.5214     0.5345     0.0598     0.1131     4.5793     0.0000     0.0085     0.0000     0.5170     0.5311    34.7097    34.7920    26.0770    26.1470      1.845      3.054      0.702      1.163 0.0000e+00
       6872    286.284    127.835 -109.91168   21.96504    127.000    13.4307    13.3998 4.1149e+04   4.120608     0.0849     0.0634    98.4279 1.0000e-12          0     0.5210     0.5341     0.0595     0.1146     4.5789     0.0000     0.0085     0.0000     0.5125     0.5271    34.7258    34.8076    26.0968    26.1665      1.221      2.194      0.464      0.835 0.0000e+00
       6908    287.812    128.842 -109.91168   21.96504    128.000    13.4043    13.3720 4.1143e+04   4.120005     0.0887     0.0689    98.2918 1.0000e-12          0     0.5190     0.5327     0.0599     0.1132     4.5725     0.0000     0.0084     0.0000     0.5098     0.5234    34.7431    34.8268    26.1156    26.1871      1.357      1.934      0.516      0.735 0.0000e+00
       6943    289.235    129.849 -109.91167   21.96504    129.000    13.3803    13.3488 4.1124e+04   4.118132     0.0993     0.0722    98.2121 1.0000e-12          0     0.5148     0.5296     0.0610     0.1143     4.5688     0.0000     0.0085     0.0000     0.5082     0.5214    34.7473    34.8299    26.1238    26.1942      1.260      1.850      0.479      0.703 0.0000e+00
