data/ctd-cnv/KM1919/KM1919-St22-P3/St22_P3_cast70-align-cellTM-derive-bin.cnv
* Sea-Bird SBE 9 Data File:
* FileName = C:\Users\otg\Desktop\CTD Data\km1920\St22_P3_cast70.hex
* Software Version Seasave V 7.26.7.107
* Temperature SN = 5554
* Conductivity SN = 3876
* Number of Bytes Per Scan = 41
* Number of Voltage Words = 4
* Number of Scans Averaged by the Deck Unit = 1
* NMEA Latitude = 21 53.28 N
* NMEA Longitude = 109 56.41 W
* NMEA UTC (Time) = Oct 16 2019  11:59:08
* NMEA baud rate = 4800
** Ship: Kilo Moana
** Station: St22  P3 cast 70
** Operator: gr
# nquan = 34
# nvalues = 570                         
# units = specified
# name 0 = scan: Scan Count
# name 1 = timeS: Time, Elapsed [seconds]
# name 2 = prDM: Pressure, Digiquartz [db]
# name 3 = longitude: Longitude [deg]
# name 4 = latitude: Latitude [deg]
# name 5 = depSM: Depth [salt water, m]
# name 6 = t090C: Temperature [ITS-90, deg C]
# name 7 = t190C: Temperature, 2 [ITS-90, deg C]
# name 8 = c0uS/cm: Conductivity [uS/cm]
# name 9 = c1S/m: Conductivity, 2 [S/m]
# name 10 = flECO-AFL: Fluorescence, WET Labs ECO-AFL/FL [mg/m^3]
# name 11 = CStarAt0: Beam Attenuation, WET Labs C-Star [1/m]
# name 12 = CStarTr0: Beam Transmission, WET Labs C-Star [%]
# name 13 = par: PAR/Irradiance, Biospherical/Licor
# name 14 = modError: Modulo Error Count
# name 15 = v0: Voltage 0
# name 16 = v1: Voltage 1
# name 17 = v2: Voltage 2
# name 18 = v3: Voltage 3
# name 19 = v4: Voltage 4
# name 20 = v5: Voltage 5
# name 21 = v6: Voltage 6
# name 22 = v7: Voltage 7
# name 23 = sbeox0V: Oxygen raw, SBE 43 [V]
# name 24 = sbeox1V: Oxygen raw, SBE 43, 2 [V]
# name 25 = sal00: Salinity, Practical [PSU]
# name 26 = sal11: Salinity, Practical, 2 [PSU]
# name 27 = sigma-é00: Density [sigma-theta, kg/m^3]
# name 28 = sigma-é11: Density, 2 [sigma-theta, kg/m^3]
# name 29 = sbeox0Mm/L: Oxygen, SBE 43 [umol/l], WS = 2
# name 30 = sbeox1Mm/L: Oxygen, SBE 43, 2 [umol/l], WS = 2
# name 31 = sbeox0PS: Oxygen, SBE 43 [% saturation], WS = 2
# name 32 = sbeox1PS: Oxygen, SBE 43, 2 [% saturation], WS = 2
# name 33 = flag: flag
# span 0 =         99,      19597       
# span 1 =      4.099,    816.519       
# span 2 =      2.013,    575.374       
# span 3 = -109.94014, -109.94002       
# span 4 =   21.88814,   21.88869       
# span 5 =      2.000,    571.000       
# span 6 =     7.2184,    27.6362       
# span 7 =     7.1940,    27.5958       
# span 8 = 3.5322e+04, 5.5319e+04       
# span 9 =   3.537210,   5.539730       
# span 10 =     0.0509,     1.2529      
# span 11 =     0.0563,     0.1336      
# span 12 =    96.7160,    98.6023      
# span 13 = -6.272e-05, 4.9097e+00      
# span 14 =          0,          0      
# span 15 =     0.5031,     2.4878      
# span 16 =     0.5130,     2.4774      
# span 17 =     0.0561,     0.1763      
# span 18 =     0.1148,     0.1180      
# span 19 =     4.4992,     4.5870      
# span 20 =     0.0000,     0.0000      
# span 21 =     0.0078,     1.6860      
# span 22 =     0.0000,     0.0000      
# span 23 =     0.5024,     2.4836      
# span 24 =     0.5123,     2.4739      
# span 25 =    33.9220,    34.7768      
# span 26 =    34.0100,    34.8611      
# span 27 =    22.2344,    27.0331      
# span 28 =    22.3111,    27.0983      
# span 29 =      0.690,    239.088      
# span 30 =      0.925,    250.398      
# span 31 =      0.236,    106.561      
# span 32 =      0.309,    111.457      
# span 33 = 0.0000e+00, 0.0000e+00      
# interval = meters: 1                  
# start_time = Oct 16 2019 12:02:10 [NMEA time, first data scan]
# bad_flag = -9.990e-29
*END*
[from data line 427]
      15006    625.220    432.138 -109.94002   21.88852    429.000     8.7323     8.7042 3.6681e+04   3.673189     0.0551     0.0603    98.5045 1.0000e-12          0     0.5040     0.5140     0.0565     0.1171     4.5824     0.0000     0.0084     0.0000     0.5033     0.5133    34.5696    34.6509    26.8308    26.8990      1.170      1.096      0.402      0.377 0.0000e+00
      15027    626.071    433.146 -109.94002   21.88852    430.000     8.7261     8.6981 3.6676e+04   3.672721     0.0615     0.0603    98.5045 1.0000e-12          0     0.5036     0.5139     0.0572     0.1171     4.5824     0.0000     0.0083     0.0000     0.5032     0.5133    34.5707    34.6514    26.8327    26.9003      0.953      1.089      0.328      0.374 0.0000e+00
      15046    626.896    434.154 -109.94002   21.88852    431.000     8.7265     8.6986 3.6680e+04   3.672975     0.0673     0.0603    98.5045 1.0000e-12          0     0.5039     0.5140     0.0577     0.1171     4.5824     0.0000     0.0082     0.0000     0.5030     0.5133    34.5735    34.6531    26.8348    26.9017      0.923      1.049      0.318      0.361 0.0000e+00
      15066    627.719    435.163 -109.94002   21.88852    432.000     8.7135     8.6853 3.6668e+04   3.671846     0.0644     0.0603    98.5045 1.0000e-12          0     0.5036     0.5140     0.0575     0.1171     4.5824     0.0000     0.0083     0.0000     0.5029     0.5132    34.5733    34.6537    26.8367    26.9042      1.027      1.083      0.353      0.372 0.0000e+00
      15087    628.594    436.171 -109.94003   21.88852    433.000     8.7177     8.6901 3.6678e+04   3.672735     0.0650     0.0596    98.5206 1.0000e-12          0     0.5040     0.5139     0.0575     0.1171     4.5831     0.0000     0.0085     0.0000     0.5029     0.5132    34.5786    34.6579    26.8403    26.9068      1.133      1.054      0.389      0.362 0.0000e+00
      15113    629.686    437.179 -109.94004   21.88852    434.000     8.7178     8.6895 3.6679e+04   3.672915     0.0635     0.0595    98.5239 1.0000e-12          0     0.5039     0.5140     0.0574     0.1172     4.5833     0.0000     0.0084     0.0000     0.5032     0.5133    34.5797    34.6599    26.8411    26.9084      1.120      1.109      0.385      0.381 0.0000e+00
      15154    631.355    438.188 -109.94004   21.88852    435.000     8.7063     8.6801 3.6668e+04   3.672099     0.0611     0.0598    98.5154 1.0000e-12          0     0.5036     0.5138     0.0571     0.1172     4.5829     0.0000     0.0084     0.0000     0.5030     0.5132    34.5790    34.6600    26.8424    26.9100      1.051      1.072      0.361      0.368 0.0000e+00
      15200    633.307    439.196 -109.94004   21.88854    436.000     8.6780     8.6511 3.6641e+04   3.669315     0.0655     0.0599    98.5131 1.0000e-12          0     0.5039     0.5139     0.0576     0.1172     4.5828     0.0000     0.0085     0.0000     0.5031     0.5133    34.5776    34.6586    26.8457    26.9134      1.042      1.072      0.358      0.368 0.0000e+00
      15233    634.679    440.205 -109.94004   21.88854    437.000     8.6652     8.6370 3.6629e+04   3.667929     0.0643     0.0603    98.5055 1.0000e-12          0     0.5038     0.5138     0.0574     0.1172     4.5824     0.0000     0.0083     0.0000     0.5028     0.5133    34.5766    34.6573    26.8469    26.9146      0.991      1.149      0.340      0.395 0.0000e+00
      15257    635.685    441.213 -109.94004   21.88854    438.000     8.6558     8.6277 3.6621e+04   3.667159     0.0645     0.0600    98.5106 1.0000e-12          0     0.5038     0.5138     0.0575     0.1172     4.5827     0.0000     0.0084     0.0000     0.5030     0.5133    34.5772    34.6579    26.8489    26.9165      1.121      1.054      0.385      0.362 0.0000e+00
      15278    636.529    442.221 -109.94004   21.88854    439.000     8.6472     8.6190 3.6613e+04   3.666391     0.0570     0.0603    98.5046 1.0000e-12          0     0.5037     0.5139     0.0567     0.1171     4.5824     0.0000     0.0084     0.0000     0.5030     0.5133    34.5771    34.6578    26.8502    26.9178      1.005      1.099      0.345      0.377 0.0000e+00
      15296    637.291    443.230 -109.94004   21.88854    440.000     8.6399     8.6119 3.6607e+04   3.665747     0.0539     0.0603    98.5045 1.0000e-12          0     0.5039     0.5138     0.0564     0.1172     4.5824     0.0000     0.0085     0.0000     0.5029     0.5133    34.5770    34.6575    26.8512    26.9187      1.013      1.132      0.348      0.388 0.0000e+00
      15313    637.994    444.238 -109.94004   21.88854    441.000     8.6290     8.6030 3.6597e+04   3.665010     0.0657     0.0598    98.5162 1.0000e-12          0     0.5033     0.5139     0.0576     0.1172     4.5829     0.0000     0.0082     0.0000     0.5029     0.5134    34.5767    34.6579    26.8527    26.9204      0.952      1.113      0.327      0.382 0.0000e+00
      15329    638.675    445.247 -109.94004   21.88854    442.000     8.6186     8.5910 3.6588e+04   3.663824     0.0653     0.0602    98.5075 1.0000e-12          0     0.5036     0.5140     0.0575     0.1172     4.5825     0.0000     0.0085     0.0000     0.5028     0.5134    34.5764    34.6567    26.8541    26.9214      0.989      1.086      0.339      0.372 0.0000e+00
      15346    639.371    446.255 -109.94004   21.88854    443.000     8.6135     8.5851 3.6583e+04   3.663341     0.0653     0.0599    98.5137 1.0000e-12          0     0.5037     0.5139     0.0575     0.1171     4.5828     0.0000     0.0084     0.0000     0.5028     0.5132    34.5761    34.6569    26.8546    26.9225      1.104      1.110      0.379      0.381 0.0000e+00
      15365    640.172    447.264 -109.94004   21.88854    444.000     8.6059     8.5778 3.6577e+04   3.662733     0.0645     0.0594    98.5269 1.0000e-12          0     0.5036     0.5139     0.0575     0.1172     4.5834     0.0000     0.0085     0.0000     0.5028     0.5135    34.5768    34.6572    26.8564    26.9238      0.913      1.072      0.313      0.367 0.0000e+00
      15390    641.209    448.272 -109.94004   21.88856    445.000     8.5968     8.5689 3.6569e+04   3.661952     0.0651     0.0599    98.5132 1.0000e-12          0     0.5036     0.5140     0.0575     0.1172     4.5828     0.0000     0.0085     0.0000     0.5028     0.5132    34.5770    34.6571    26.8580    26.9252      1.242      1.102      0.426      0.378 0.0000e+00
      15433    642.995    449.280 -109.94004   21.88856    446.000     8.5876     8.5598 3.6561e+04   3.661186     0.0650     0.0598    98.5152 1.0000e-12          0     0.5035     0.5140     0.0575     0.1172     4.5829     0.0000     0.0084     0.0000     0.5031     0.5134    34.5771    34.6575    26.8595    26.9269      1.081      1.101      0.371      0.377 0.0000e+00
      15483    645.102    450.289 -109.94004   21.88856    447.000     8.5719     8.5423 3.6546e+04   3.659521     0.0642     0.0593    98.5284 1.0000e-12          0     0.5036     0.5139     0.0574     0.1172     4.5835     0.0000     0.0083     0.0000     0.5029     0.5134    34.5759    34.6565    26.8610    26.9288      1.014      1.094      0.348      0.375 0.0000e+00
      15514    646.392    451.297 -109.94004   21.88856    448.000     8.5604     8.5329 3.6535e+04   3.658605     0.0648     0.0592    98.5297 1.0000e-12          0     0.5038     0.5140     0.0575     0.1171     4.5836     0.0000     0.0083     0.0000     0.5034     0.5132    34.5747    34.6556    26.8619    26.9296      1.148      1.059      0.393      0.363 0.0000e+00
      15537    647.345    452.306 -109.94004   21.88856    449.000     8.5501     8.5209 3.6524e+04   3.657376     0.0639     0.0592    98.5307 1.0000e-12          0     0.5039     0.5139     0.0574     0.1172     4.5836     0.0000     0.0082     0.0000     0.5025     0.5131    34.5733    34.6539    26.8624    26.9301      0.690      1.112      0.236      0.381 0.0000e+00
      15556    648.114    453.314 -109.94004   21.88856    450.000     8.5468     8.5190 3.6523e+04   3.657277     0.0653     0.0597    98.5186 1.0000e-12          0     0.5037     0.5139     0.0575     0.1172     4.5830     0.0000     0.0085     0.0000     0.5027     0.5135    34.5742    34.6543    26.8636    26.9307      1.194      1.134      0.409      0.388 0.0000e+00
      15572    648.795    454.323 -109.94004   21.88856    451.000     8.5449     8.5169 3.6521e+04   3.657193     0.0639     0.0593    98.5290 1.0000e-12          0     0.5037     0.5138     0.0574     0.1172     4.5835     0.0000     0.0080     0.0000     0.5031     0.5132    34.5741    34.6550    26.8638    26.9316      1.158      1.021      0.397      0.350 0.0000e+00
      15588    649.456    455.331 -109.94004   21.88856    452.000     8.5362     8.5074 3.6514e+04   3.656401     0.0653     0.0593    98.5292 1.0000e-12          0     0.5035     0.5139     0.0575     0.1172     4.5835     0.0000     0.0084     0.0000     0.5028     0.5133    34.5741    34.6555    26.8652    26.9335      0.795      1.085      0.272      0.371 0.0000e+00
      15605    650.180    456.340 -109.94004   21.88856    453.000     8.5289     8.5010 3.6507e+04   3.655786     0.0658     0.0595    98.5227 1.0000e-12          0     0.5040     0.5140     0.0576     0.1171     4.5832     0.0000     0.0085     0.0000     0.5025     0.5133    34.5741    34.6547    26.8664    26.9339      1.051      1.082      0.360      0.370 0.0000e+00
      15628    651.109    457.348 -109.94004   21.88856    454.000     8.5180     8.4899 3.6498e+04   3.654838     0.0654     0.0599    98.5151 1.0000e-12          0     0.5034     0.5138     0.0575     0.1173     4.5829     0.0000     0.0085     0.0000     0.5030     0.5133    34.5741    34.6551    26.8681    26.9359      1.161      1.084      0.397      0.371 0.0000e+00
      15660    652.442    458.357 -109.94004   21.88856    455.000     8.5063     8.4785 3.6487e+04   3.653791     0.0656     0.0595    98.5242 1.0000e-12          0     0.5037     0.5139     0.0576     0.1175     4.5833     0.0000     0.0084     0.0000     0.5029     0.5132    34.5742    34.6548    26.8699    26.9374      1.034      1.127      0.354      0.386 0.0000e+00
      15696    653.962    459.365 -109.94004   21.88856    456.000     8.4915     8.4637 3.6474e+04   3.652452     0.0642     0.0597    98.5189 1.0000e-12          0     0.5033     0.5138     0.0574     0.1172     4.5831     0.0000     0.0084     0.0000     0.5030     0.5134    34.5739    34.6546    26.8720    26.9396      1.168      1.115      0.400      0.382 0.0000e+00
      15726    655.202    460.374 -109.94004   21.88856    457.000     8.4761     8.4471 3.6459e+04   3.650920     0.0643     0.0599    98.5138 1.0000e-12          0     0.5036     0.5138     0.0574     0.1175     4.5828     0.0000     0.0085     0.0000     0.5030     0.5134    34.5732    34.6542    26.8738    26.9418      0.936      1.099      0.320      0.376 0.0000e+00
      15752    656.308    461.382 -109.94004   21.88856    458.000     8.4586     8.4280 3.6443e+04   3.649129     0.0639     0.0597    98.5196 1.0000e-12          0     0.5037     0.5140     0.0574     0.1172     4.5831     0.0000     0.0085     0.0000     0.5029     0.5132    34.5722    34.6535    26.8758    26.9442      0.940      1.053      0.321      0.360 0.0000e+00
      15778    657.386    462.391 -109.94004   21.88856    459.000     8.4337     8.4052 3.6419e+04   3.646950     0.0648     0.0592    98.5296 1.0000e-12          0     0.5036     0.5140     0.0575     0.1172     4.5835     0.0000     0.0085     0.0000     0.5028     0.5133    34.5710    34.6523    26.8786    26.9468      1.118      1.109      0.382      0.379 0.0000e+00
      15803    658.435    463.399 -109.94004   21.88856    460.000     8.4189     8.3897 3.6405e+04   3.645394     0.0649     0.0591    98.5338 1.0000e-12          0     0.5039     0.5140     0.0575     0.1172     4.5838     0.0000     0.0084     0.0000     0.5028     0.5133    34.5703    34.6506    26.8803    26.9478      0.998      1.137      0.341      0.388 0.0000e+00
      15828    659.459    464.408 -109.94004   21.88856    461.000     8.4047     8.3794 3.6391e+04   3.644446     0.0660     0.0590    98.5353 1.0000e-12          0     0.5037     0.5139     0.0576     0.1172     4.5838     0.0000     0.0084     0.0000     0.5029     0.5133    34.5689    34.6501    26.8814    26.9490      1.093      1.094      0.373      0.373 0.0000e+00
      15851    660.402    465.416 -109.94004   21.88856    462.000     8.3908     8.3594 3.6378e+04   3.642575     0.0644     0.0592    98.5307 1.0000e-12          0     0.5033     0.5138     0.0575     0.1172     4.5836     0.0000     0.0084     0.0000     0.5028     0.5135    34.5681    34.6495    26.8829    26.9516      0.986      1.135      0.336      0.387 0.0000e+00
      15872    661.278    466.425 -109.94004   21.88856    463.000     8.3750     8.3464 3.6363e+04   3.641259     0.0655     0.0592    98.5307 1.0000e-12          0     0.5037     0.5138     0.0576     0.1171     4.5836     0.0000     0.0084     0.0000     0.5028     0.5132    34.5667    34.6478    26.8843    26.9523      1.136      1.019      0.388      0.347 0.0000e+00
      15892    662.137    467.433 -109.94004   21.88856    464.000     8.3686     8.3406 3.6357e+04   3.640682     0.0646     0.0592    98.5307 1.0000e-12          0     0.5034     0.5140     0.0575     0.1174     4.5836     0.0000     0.0084     0.0000     0.5030     0.5132    34.5665    34.6469    26.8851    26.9525      1.096      1.099      0.374      0.375 0.0000e+00
      15916    663.129    468.442 -109.94004   21.88856    465.000     8.3662     8.3385 3.6355e+04   3.640489     0.0639     0.0592    98.5307 1.0000e-12          0     0.5036     0.5139     0.0574     0.1173     4.5836     0.0000     0.0084     0.0000     0.5029     0.5133    34.5667    34.6464    26.8856    26.9524      0.934      1.144      0.319      0.390 0.0000e+00
      15945    664.338    469.450 -109.94003   21.88856    466.000     8.3506     8.3241 3.6340e+04   3.639292     0.0647     0.0592    98.5307 1.0000e-12          0     0.5035     0.5140     0.0575     0.1172     4.5836     0.0000     0.0084     0.0000     0.5027     0.5133    34.5656    34.6474    26.8872    26.9554      1.025      1.055      0.349      0.360 0.0000e+00
      15977    665.667    470.459 -109.94002   21.88856    467.000     8.3178     8.2897 3.6310e+04   3.636058     0.0647     0.0598    98.5172 1.0000e-12          0     0.5037     0.5138     0.0575     0.1172     4.5830     0.0000     0.0083     0.0000     0.5028     0.5132    34.5649    34.6463    26.8916    26.9598      1.076      1.117      0.367      0.381 0.0000e+00
      16009    666.982    471.467 -109.94002   21.88856    468.000     8.3007     8.2729 3.6294e+04   3.634529     0.0643     0.0595    98.5241 1.0000e-12          0     0.5034     0.5139     0.0574     0.1172     4.5833     0.0000     0.0083     0.0000     0.5029     0.5132    34.5646    34.6462    26.8940    26.9622      1.009      1.027      0.343      0.350 0.0000e+00
      16037    668.176    472.476 -109.94002   21.88856    469.000     8.2822     8.2545 3.6277e+04   3.632758     0.0626     0.0592    98.5306 1.0000e-12          0     0.5035     0.5138     0.0573     0.1172     4.5836     0.0000     0.0085     0.0000     0.5027     0.5132    34.5638    34.6449    26.8962    26.9640      1.024      1.073      0.349      0.365 0.0000e+00
      16064    669.278    473.485 -109.94004   21.88856    470.000     8.2728     8.2451 3.6268e+04   3.631865     0.0578     0.0592    98.5296 1.0000e-12          0     0.5034     0.5138     0.0568     0.1172     4.5835     0.0000     0.0085     0.0000     0.5029     0.5131    34.5633    34.6442    26.8972    26.9649      1.075      1.138      0.366      0.387 0.0000e+00
