data/ctd-cnv/KM1919/KM1919-St22-P3/St22_P3_cast71-align-cellTM-derive-bin.cnv
* Sea-Bird SBE 9 Data File:
* FileName = C:\Users\otg\Desktop\CTD Data\km1920\St22_P3_cast71.hex
* Software Version Seasave V 7.26.7.107
* Temperature SN = 5554
* Conductivity SN = 3876
* Number of Bytes Per Scan = 41
* Number of Voltage Words = 4
* Number of Scans Averaged by the Deck Unit = 1
* NMEA Latitude = 21 55.29 N
* NMEA Longitude = 109 56.34 W
* NMEA UTC (Time) = Oct 16 2019  16:59:12
* NMEA baud rate = 4800
** Ship: Kilo Moana
** Station: St22  P3 cast 71
** Operator: gr
# nquan = 34
# nvalues = 259                         
# units = specified
# name 0 = scan: Scan Count
# name 1 = timeS: Time, Elapsed [seconds]
# name 2 = prDM: Pressure, Digiquartz [db]
# name 3 = longitude: Longitude [deg]
# name 4 = latitude: Latitude [deg]
# name 5 = depSM: Depth [salt water, m]
# name 6 = t090C: Temperature [ITS-90, deg C]
# name 7 = t190C: Temperature, 2 [ITS-90, deg C]
# name 8 = c0uS/cm: Conductivity [uS/cm]
# name 9 = c1S/m: Conductivity, 2 [S/m]
# name 10 = flECO-AFL: Fluorescence, WET Labs ECO-AFL/FL [mg/m^3]
# name 11 = CStarAt0: Beam Attenuation, WET Labs C-Star [1/m]
# name 12 = CStarTr0: Beam Transmission, WET Labs C-Star [%]
# name 13 = par: PAR/Irradiance, Biospherical/Licor
# name 14 = modError: Modulo Error Count
# name 15 = v0: Voltage 0
# name 16 = v1: Voltage 1
# name 17 = v2: Voltage 2
# name 18 = v3: Voltage 3
# name 19 = v4: Voltage 4
# name 20 = v5: Voltage 5
# name 21 = v6: Voltage 6
# name 22 = v7: Voltage 7
# name 23 = sbeox0V: Oxygen raw, SBE 43 [V]
# name 24 = sbeox1V: Oxygen raw, SBE 43, 2 [V]
# name 25 = sal00: Salinity, Practical [PSU]
# name 26 = sal11: Salinity, Practical, 2 [PSU]
# name 27 = sigma-é00: Density [sigma-theta, kg/m^3]
# name 28 = sigma-é11: Density, 2 [sigma-theta, kg/m^3]
# name 29 = sbeox0Mm/L: Oxygen, SBE 43 [umol/l], WS = 2
# name 30 = sbeox1Mm/L: Oxygen, SBE 43, 2 [umol/l], WS = 2
# name 31 = sbeox0PS: Oxygen, SBE 43 [% saturation], WS = 2
# name 32 = sbeox1PS: Oxygen, SBE 43, 2 [% saturation], WS = 2
# name 33 = flag: flag
# span 0 =        -12,       9967       
# span 1 =     -0.538,    415.252       
# span 2 =      3.019,    262.802       
# span 3 = -109.93892, -109.93890       
# span 4 =   21.92140,   21.92146       
# span 5 =      3.000,    261.000       
# span 6 =    11.1556,    27.6859       
# span 7 =    11.1261,    27.6424       
# span 8 = 3.9015e+04, 5.5376e+04       
# span 9 =   3.906839,   5.545127       
# span 10 =     0.0395,     1.2497      
# span 11 =     0.0600,     0.1459      
# span 12 =    96.4199,    98.5125      
# span 13 = -2.652e-06, 1.2840e+03      
# span 14 =          0,          0      
# span 15 =     0.5043,     2.4772      
# span 16 =     0.5157,     2.4728      
# span 17 =     0.0549,     0.1759      
# span 18 =     0.1123,     0.1153      
# span 19 =     4.4855,     4.5828      
# span 20 =     0.0000,     0.0000      
# span 21 =     0.0085,     4.0754      
# span 22 =     0.0000,     0.0000      
# span 23 =     0.5036,     2.4731      
# span 24 =     0.5148,     2.4673      
# span 25 =    33.9224,    34.7730      
# span 26 =    34.0087,    34.8589      
# span 27 =    22.2211,    26.5271      
# span 28 =    22.2992,    26.5955      
# span 29 =      1.017,    237.038      
# span 30 =      1.197,    248.283      
# span 31 =      0.370,    106.237      
# span 32 =      0.434,    111.399      
# span 33 = 0.0000e+00, 0.0000e+00      
# interval = meters: 1                  
# start_time = Oct 16 2019 17:05:46 [NMEA time, first data scan]
# bad_flag = -9.990e-29
*END*
[from data line 214]
       8561    356.676    218.475 -109.93892   21.92144    217.000    11.7050    11.6746 3.9549e+04   3.960360     0.0633     0.0731    98.1895 1.0000e-12          0     0.5052     0.5166     0.0573     0.1147     4.5678     0.0000     0.0085     0.0000     0.5046     0.5160    34.7408    34.8226    26.4489    26.5182      1.327      1.396      0.487      0.512 0.0000e+00
       8584    357.608    219.482 -109.93892   21.92144    218.000    11.6948    11.6637 3.9539e+04   3.959430     0.0630     0.0731    98.1895 1.0000e-12          0     0.5053     0.5167     0.0573     0.1148     4.5678     0.0000     0.0085     0.0000     0.5047     0.5158    34.7401    34.8233    26.4503    26.5208      1.196      1.361      0.439      0.499 0.0000e+00
       8612    358.803    220.490 -109.93892   21.92144    219.000    11.6748    11.6443 3.9520e+04   3.957445     0.0635     0.0732    98.1878 1.0000e-12          0     0.5052     0.5167     0.0574     0.1149     4.5677     0.0000     0.0085     0.0000     0.5046     0.5158    34.7394    34.8215    26.4535    26.5231      1.200      1.384      0.440      0.508 0.0000e+00
       8644    360.120    221.497 -109.93892   21.92144    220.000    11.6708    11.6406 3.9516e+04   3.957051     0.0680     0.0731    98.1886 1.0000e-12          0     0.5052     0.5166     0.0578     0.1149     4.5678     0.0000     0.0085     0.0000     0.5046     0.5159    34.7391    34.8207    26.4540    26.5231      1.187      1.412      0.435      0.518 0.0000e+00
       8673    361.319    222.504 -109.93892   21.92144    221.000    11.6678    11.6375 3.9514e+04   3.956839     0.0691     0.0731    98.1895 1.0000e-12          0     0.5053     0.5165     0.0579     0.1147     4.5678     0.0000     0.0085     0.0000     0.5046     0.5158    34.7392    34.8211    26.4547    26.5241      1.154      1.370      0.423      0.502 0.0000e+00
       8704    362.605    223.512 -109.93892   21.92144    222.000    11.6611    11.6313 3.9508e+04   3.956395     0.0635     0.0732    98.1864 1.0000e-12          0     0.5053     0.5165     0.0574     0.1147     4.5676     0.0000     0.0085     0.0000     0.5044     0.5158    34.7396    34.8221    26.4563    26.5260      1.207      1.392      0.443      0.510 0.0000e+00
       8736    363.961    224.519 -109.93892   21.92144    223.000    11.6423    11.6117 3.9490e+04   3.954542     0.0692     0.0732    98.1870 1.0000e-12          0     0.5053     0.5166     0.0579     0.1148     4.5677     0.0000     0.0085     0.0000     0.5044     0.5158    34.7391    34.8219    26.4594    26.5295      1.032      1.376      0.378      0.505 0.0000e+00
       8772    365.468    225.526 -109.93892   21.92144    224.000    11.6251    11.5946 3.9474e+04   3.952850     0.0506     0.0735    98.1807 1.0000e-12          0     0.5052     0.5165     0.0560     0.1147     4.5674     0.0000     0.0085     0.0000     0.5042     0.5157    34.7384    34.8208    26.4621    26.5319      1.206      1.385      0.442      0.507 0.0000e+00
       8811    367.081    226.534 -109.93892   21.92144    225.000    11.6157    11.5852 3.9464e+04   3.951914     0.0637     0.0734    98.1830 1.0000e-12          0     0.5053     0.5165     0.0574     0.1147     4.5675     0.0000     0.0085     0.0000     0.5045     0.5158    34.7374    34.8200    26.4632    26.5330      1.228      1.376      0.450      0.504 0.0000e+00
       8845    368.506    227.541 -109.93892   21.92144    226.000    11.5858    11.5539 3.9433e+04   3.948806     0.0639     0.0731    98.1888 1.0000e-12          0     0.5048     0.5164     0.0574     0.1149     4.5678     0.0000     0.0085     0.0000     0.5045     0.5158    34.7342    34.8184    26.4663    26.5376      1.179      1.421      0.432      0.520 0.0000e+00
       8872    369.625    228.548 -109.93892   21.92144    227.000    11.5561    11.5252 3.9401e+04   3.945632     0.0629     0.0731    98.1895 1.0000e-12          0     0.5051     0.5165     0.0573     0.1148     4.5678     0.0000     0.0085     0.0000     0.5045     0.5158    34.7303    34.8136    26.4688    26.5393      1.212      1.390      0.443      0.509 0.0000e+00
       8897    370.662    229.556 -109.93892   21.92144    228.000    11.5506    11.5205 3.9397e+04   3.945074     0.0624     0.0731    98.1895 1.0000e-12          0     0.5052     0.5165     0.0572     0.1149     4.5678     0.0000     0.0085     0.0000     0.5047     0.5159    34.7305    34.8121    26.4700    26.5390      1.202      1.429      0.440      0.523 0.0000e+00
       8923    371.740    230.563 -109.93892   21.92144    229.000    11.5332    11.5029 3.9379e+04   3.943549     0.0640     0.0731    98.1895 1.0000e-12          0     0.5052     0.5165     0.0574     0.1151     4.5678     0.0000     0.0085     0.0000     0.5044     0.5159    34.7287    34.8132    26.4718    26.5432      1.114      1.390      0.408      0.509 0.0000e+00
       8949    372.833    231.571 -109.93892   21.92144    230.000    11.4872    11.4551 3.9331e+04   3.938720     0.0639     0.0733    98.1843 1.0000e-12          0     0.5052     0.5165     0.0574     0.1147     4.5675     0.0000     0.0085     0.0000     0.5045     0.5157    34.7243    34.8100    26.4769    26.5496      1.202      1.352      0.439      0.494 0.0000e+00
       8974    373.883    232.578 -109.93892   21.92144    231.000    11.4468    11.4149 3.9287e+04   3.934234     0.0678     0.0727    98.1980 1.0000e-12          0     0.5053     0.5166     0.0578     0.1148     4.5682     0.0000     0.0085     0.0000     0.5043     0.5158    34.7184    34.8031    26.4799    26.5516      1.039      1.424      0.379      0.520 0.0000e+00
       9000    374.958    233.585 -109.93892   21.92144    232.000    11.4259    11.3954 3.9264e+04   3.932052     0.0701     0.0720    98.2151 1.0000e-12          0     0.5052     0.5166     0.0580     0.1148     4.5690     0.0000     0.0085     0.0000     0.5041     0.5158    34.7149    34.7995    26.4810    26.5525      1.142      1.361      0.417      0.497 0.0000e+00
       9035    376.399    234.593 -109.93892   21.92144    233.000    11.4059    11.3758 3.9242e+04   3.929703     0.0621     0.0713    98.2322 1.0000e-12          0     0.5052     0.5165     0.0572     0.1147     4.5698     0.0000     0.0085     0.0000     0.5041     0.5156    34.7120    34.7942    26.4824    26.5520      1.083      1.355      0.395      0.494 0.0000e+00
       9075    378.078    235.600 -109.93892   21.92144    234.000    11.4016    11.3718 3.9239e+04   3.929269     0.0639     0.0702    98.2594 1.0000e-12          0     0.5048     0.5165     0.0574     0.1147     4.5710     0.0000     0.0085     0.0000     0.5038     0.5157    34.7118    34.7933    26.4831    26.5521      1.096      1.408      0.400      0.513 0.0000e+00
       9111    379.579    236.608 -109.93892   21.92144    235.000    11.3947    11.3648 3.9232e+04   3.928666     0.0715     0.0702    98.2613 1.0000e-12          0     0.5048     0.5163     0.0581     0.1147     4.5711     0.0000     0.0085     0.0000     0.5041     0.5157    34.7116    34.7934    26.4842    26.5534      1.124      1.321      0.410      0.482 0.0000e+00
       9144    380.974    237.615 -109.93892   21.92144    236.000    11.3895    11.3587 3.9228e+04   3.928147     0.0643     0.0703    98.2574 1.0000e-12          0     0.5047     0.5164     0.0574     0.1147     4.5709     0.0000     0.0085     0.0000     0.5038     0.5156    34.7122    34.7937    26.4857    26.5548      1.038      1.388      0.378      0.506 0.0000e+00
       9178    382.358    238.622 -109.93892   21.92144    237.000    11.3782    11.3479 3.9217e+04   3.927119     0.0639     0.0713    98.2319 1.0000e-12          0     0.5048     0.5165     0.0574     0.1147     4.5697     0.0000     0.0085     0.0000     0.5039     0.5156    34.7114    34.7932    26.4872    26.5565      1.157      1.390      0.422      0.507 0.0000e+00
       9211    383.758    239.630 -109.93892   21.92144    238.000    11.3693    11.3390 3.9209e+04   3.926299     0.0711     0.0720    98.2158 1.0000e-12          0     0.5046     0.5162     0.0581     0.1150     4.5690     0.0000     0.0085     0.0000     0.5039     0.5156    34.7110    34.7931    26.4886    26.5580      1.021      1.353      0.372      0.493 0.0000e+00
       9242    385.025    240.637 -109.93892   21.92144    239.000    11.3585    11.3290 3.9198e+04   3.925240     0.0652     0.0720    98.2157 1.0000e-12          0     0.5044     0.5163     0.0575     0.1148     4.5690     0.0000     0.0085     0.0000     0.5039     0.5155    34.7097    34.7916    26.4896    26.5587      1.151      1.349      0.419      0.492 0.0000e+00
       9269    386.161    241.645 -109.93892   21.92144    240.000    11.3497    11.3209 3.9189e+04   3.924455     0.0624     0.0714    98.2304 1.0000e-12          0     0.5047     0.5165     0.0573     0.1148     4.5697     0.0000     0.0085     0.0000     0.5039     0.5158    34.7087    34.7910    26.4904    26.5597      1.064      1.428      0.388      0.520 0.0000e+00
       9294    387.199    242.652 -109.93892   21.92144    241.000    11.3349    11.3036 3.9174e+04   3.922803     0.0639     0.0708    98.2454 1.0000e-12          0     0.5046     0.5163     0.0574     0.1146     4.5704     0.0000     0.0085     0.0000     0.5037     0.5156    34.7073    34.7905    26.4920    26.5626      1.063      1.334      0.387      0.486 0.0000e+00
       9320    388.295    243.660 -109.93892   21.92144    242.000    11.3174    11.2873 3.9158e+04   3.921191     0.0635     0.0687    98.2973 1.0000e-12          0     0.5045     0.5163     0.0574     0.1147     4.5728     0.0000     0.0085     0.0000     0.5038     0.5156    34.7080    34.7894    26.4958    26.5647      1.055      1.348      0.384      0.491 0.0000e+00
       9352    389.621    244.667 -109.93892   21.92144    243.000    11.3175    11.2877 3.9161e+04   3.921496     0.0632     0.0687    98.2960 1.0000e-12          0     0.5046     0.5164     0.0573     0.1148     4.5727     0.0000     0.0085     0.0000     0.5037     0.5155    34.7102    34.7916    26.4976    26.5664      1.105      1.357      0.402      0.494 0.0000e+00
       9384    390.961    245.675 -109.93892   21.92144    244.000    11.3095    11.2792 3.9155e+04   3.920921     0.0631     0.0698    98.2715 1.0000e-12          0     0.5045     0.5163     0.0573     0.1148     4.5715     0.0000     0.0085     0.0000     0.5039     0.5155    34.7113    34.7935    26.4999    26.5694      1.131      1.347      0.412      0.490 0.0000e+00
       9415    392.243    246.682 -109.93892   21.92144    245.000    11.2952    11.2646 3.9140e+04   3.919447     0.0630     0.0706    98.2492 1.0000e-12          0     0.5044     0.5163     0.0573     0.1151     4.5705     0.0000     0.0085     0.0000     0.5036     0.5155    34.7099    34.7922    26.5015    26.5711      1.017      1.343      0.370      0.489 0.0000e+00
       9443    393.436    247.690 -109.93892   21.92144    246.000    11.2867    11.2565 3.9132e+04   3.918564     0.0635     0.0699    98.2679 1.0000e-12          0     0.5044     0.5162     0.0574     0.1148     4.5714     0.0000     0.0085     0.0000     0.5038     0.5155    34.7087    34.7906    26.5021    26.5714      1.102      1.374      0.401      0.500 0.0000e+00
       9473    394.658    248.697 -109.93892   21.92144    247.000    11.2593    11.2286 3.9105e+04   3.916004     0.0632     0.0699    98.2682 1.0000e-12          0     0.5046     0.5162     0.0573     0.1147     4.5714     0.0000     0.0085     0.0000     0.5038     0.5155    34.7073    34.7911    26.5060    26.5769      1.114      1.353      0.405      0.492 0.0000e+00
       9516    396.461    249.704 -109.93892   21.92144    248.000    11.2279    11.1979 3.9073e+04   3.912675     0.0634     0.0702    98.2594 1.0000e-12          0     0.5044     0.5162     0.0574     0.1148     4.5710     0.0000     0.0085     0.0000     0.5037     0.5156    34.7047    34.7866    26.5098    26.5791      1.046      1.353      0.380      0.492 0.0000e+00
       9558    398.215    250.712 -109.93892   21.92144    249.000    11.2152    11.1849 3.9060e+04   3.911345     0.0632     0.0709    98.2415 1.0000e-12          0     0.5045     0.5162     0.0573     0.1147     4.5702     0.0000     0.0085     0.0000     0.5037     0.5154    34.7032    34.7852    26.5109    26.5803      1.059      1.369      0.385      0.497 0.0000e+00
       9586    399.373    251.719 -109.93892   21.92144    250.000    11.1996    11.1694 3.9044e+04   3.909741     0.0678     0.0710    98.2388 1.0000e-12          0     0.5045     0.5163     0.0578     0.1148     4.5701     0.0000     0.0085     0.0000     0.5036     0.5157    34.7017    34.7835    26.5127    26.5819      1.058      1.401      0.384      0.509 0.0000e+00
       9610    400.378    252.727 -109.93892   21.92144    251.000    11.1946    11.1646 3.9039e+04   3.909300     0.0710     0.0709    98.2409 1.0000e-12          0     0.5044     0.5163     0.0581     0.1151     4.5701     0.0000     0.0085     0.0000     0.5036     0.5154    34.7016    34.7832    26.5135    26.5825      1.070      1.216      0.389      0.442 0.0000e+00
       9635    401.435    253.734 -109.93892   21.92144    252.000    11.1883    11.1588 3.9035e+04   3.908905     0.0636     0.0709    98.2410 1.0000e-12          0     0.5044     0.5160     0.0574     0.1149     4.5702     0.0000     0.0085     0.0000     0.5036     0.5151    34.7033    34.7843    26.5160    26.5844      1.075      1.302      0.390      0.473 0.0000e+00
       9663    402.574    254.742 -109.93892   21.92144    253.000    11.1946    11.1656 3.9045e+04   3.909881     0.0639     0.0709    98.2410 1.0000e-12          0     0.5043     0.5163     0.0574     0.1147     4.5702     0.0000     0.0085     0.0000     0.5036     0.5154    34.7068    34.7871    26.5176    26.5854      1.067      1.346      0.388      0.489 0.0000e+00
       9690    403.692    255.749 -109.93892   21.92144    254.000    11.2016    11.1716 3.9055e+04   3.910757     0.0686     0.0709    98.2420 1.0000e-12          0     0.5043     0.5163     0.0579     0.1147     4.5702     0.0000     0.0085     0.0000     0.5037     0.5153    34.7094    34.7897    26.5183    26.5864      1.096      1.375      0.398      0.499 0.0000e+00
       9716    404.795    256.757 -109.93892   21.92144    255.000    11.2014    11.1716 3.9056e+04   3.910996     0.0698     0.0709    98.2420 1.0000e-12          0     0.5043     0.5157     0.0580     0.1147     4.5702     0.0000     0.0085     0.0000     0.5036     0.5154    34.7102    34.7917    26.5191    26.5879      1.060      1.273      0.385      0.462 0.0000e+00
       9744    405.974    257.765 -109.93892   21.92144    256.000    11.1832    11.1531 3.9039e+04   3.909315     0.0702     0.0709    98.2420 1.0000e-12          0     0.5043     0.5160     0.0580     0.1148     4.5702     0.0000     0.0085     0.0000     0.5038     0.5150    34.7099    34.7919    26.5222    26.5915      1.112      1.274      0.404      0.462 0.0000e+00
       9776    407.273    258.772 -109.93892   21.92144    257.000    11.1753    11.1453 3.9032e+04   3.908545     0.0652     0.0709    98.2412 1.0000e-12          0     0.5044     0.5161     0.0575     0.1147     4.5702     0.0000     0.0085     0.0000     0.5036     0.5153    34.7100    34.7912    26.5237    26.5924      1.023      1.377      0.371      0.500 0.0000e+00
       9820    409.131    259.780 -109.93892   21.92144    258.000    11.1708    11.1410 3.9028e+04   3.908128     0.0639     0.0714    98.2298 1.0000e-12          0     0.5044     0.5158     0.0574     0.1148     4.5696     0.0000     0.0085     0.0000     0.5036     0.5152    34.7098    34.7908    26.5244    26.5928      1.064      1.287      0.386      0.467 0.0000e+00
