data/ctd-cnv/KM1919/KM1919-St22-P3/St22_P3_cast74-align-cellTM-derive-bin.cnv
* Sea-Bird SBE 9 Data File:
* FileName = C:\Users\otg\Desktop\CTD Data\km1920\St22_P3_cast74.hex
* Software Version Seasave V 7.26.7.107
* Temperature SN = 5554
* Conductivity SN = 3876
* Number of Bytes Per Scan = 41
* Number of Voltage Words = 4
* Number of Scans Averaged by the Deck Unit = 1
* NMEA Latitude = 21 57.57 N
* NMEA Longitude = 109 54.60 W
* NMEA UTC (Time) = Oct 17 2019  04:19:42
* NMEA baud rate = 4800
** Ship: Kilo Moana
** Station: St22  P3 cast 74
** Operator: KH
** Anchor for the GoFlow
# nquan = 34
# nvalues = 626                         
# units = specified
# name 0 = scan: Scan Count
# name 1 = timeS: Time, Elapsed [seconds]
# name 2 = prDM: Pressure, Digiquartz [db]
# name 3 = longitude: Longitude [deg]
# name 4 = latitude: Latitude [deg]
# name 5 = depSM: Depth [salt water, m]
# name 6 = t090C: Temperature [ITS-90, deg C]
# name 7 = t190C: Temperature, 2 [ITS-90, deg C]
# name 8 = c0uS/cm: Conductivity [uS/cm]
# name 9 = c1S/m: Conductivity, 2 [S/m]
# name 10 = flECO-AFL: Fluorescence, WET Labs ECO-AFL/FL [mg/m^3]
# name 11 = CStarAt0: Beam Attenuation, WET Labs C-Star [1/m]
# name 12 = CStarTr0: Beam Transmission, WET Labs C-Star [%]
# name 13 = par: PAR/Irradiance, Biospherical/Licor
# name 14 = modError: Modulo Error Count
# name 15 = v0: Voltage 0
# name 16 = v1: Voltage 1
# name 17 = v2: Voltage 2
# name 18 = v3: Voltage 3
# name 19 = v4: Voltage 4
# name 20 = v5: Voltage 5
# name 21 = v6: Voltage 6
# name 22 = v7: Voltage 7
# name 23 = sbeox0V: Oxygen raw, SBE 43 [V]
# name 24 = sbeox1V: Oxygen raw, SBE 43, 2 [V]
# name 25 = sal00: Salinity, Practical [PSU]
# name 26 = sal11: Salinity, Practical, 2 [PSU]
# name 27 = sigma-é00: Density [sigma-theta, kg/m^3]
# name 28 = sigma-é11: Density, 2 [sigma-theta, kg/m^3]
# name 29 = sbeox0Mm/L: Oxygen, SBE 43 [umol/l], WS = 2
# name 30 = sbeox1Mm/L: Oxygen, SBE 43, 2 [umol/l], WS = 2
# name 31 = sbeox0PS: Oxygen, SBE 43 [% saturation], WS = 2
# name 32 = sbeox1PS: Oxygen, SBE 43, 2 [% saturation], WS = 2
# name 33 = flag: flag
# span 0 =         31,      37632       
# span 1 =      1.237,   1567.952       
# span 2 =      5.031,    634.920       
# span 3 = -109.90994, -109.90981       
# span 4 =   21.95927,   21.95948       
# span 5 =      5.000,    630.000       
# span 6 =     6.5576,    27.8142       
# span 7 =     6.5390,    27.7745       
# span 8 = 3.4717e+04, 5.5482e+04       
# span 9 =   3.477037,   5.555373       
# span 10 =     0.0408,     1.4632      
# span 11 =     0.0571,     0.1498      
# span 12 =    96.3229,    98.5835      
# span 13 = 1.0000e-12, 2.1934e+00      
# span 14 =          0,          0      
# span 15 =     0.5031,     2.4424      
# span 16 =     0.5129,     2.4279      
# span 17 =     0.0550,     0.1973      
# span 18 =     0.1126,     0.1173      
# span 19 =     4.4810,     4.5861      
# span 20 =    -0.0000,     0.0004      
# span 21 =     0.0073,     1.3598      
# span 22 =     0.0000,     0.0000      
# span 23 =     0.5026,     2.4410      
# span 24 =     0.5125,     2.4246      
# span 25 =    33.9363,    34.7661      
# span 26 =    34.0292,    34.8522      
# span 27 =    22.1010,    27.0976      
# span 28 =    22.1730,    27.1616      
# span 29 =      0.854,    236.763      
# span 30 =      0.896,    247.900      
# span 31 =      0.290,    105.041      
# span 32 =      0.300,    108.994      
# span 33 = 0.0000e+00, 0.0000e+00      
# interval = meters: 1                  
# start_time = Oct 17 2019 04:21:19 [NMEA time, first data scan]
# bad_flag = -9.990e-29
*END*
[from data line 171]
      13744    572.613    177.179 -109.90990   21.95938    176.000    12.2455    12.2129 4.0030e+04   4.008916     0.0605     0.0655    98.3757 1.0000e-12          0     0.5167     0.5298     0.0571     0.1147     4.5764     0.0000     0.0085     0.0000     0.5146     0.5268    34.7243    34.8117    26.3323    26.4064      2.667      3.152      0.990      1.170 0.0000e+00
      13762    573.362    178.186 -109.90990   21.95938    177.000    12.1901    12.1568 3.9971e+04   4.003081     0.0556     0.0665    98.3529 1.0000e-12          0     0.5164     0.5290     0.0566     0.1147     4.5754     0.0000     0.0084     0.0000     0.5146     0.5274    34.7179    34.8068    26.3381    26.4134      2.670      3.225      0.990      1.196 0.0000e+00
      13782    574.212    179.193 -109.90990   21.95938    178.000    12.1313    12.0993 3.9909e+04   3.996667     0.0585     0.0643    98.4050 1.0000e-12          0     0.5154     0.5285     0.0569     0.1147     4.5778     0.0000     0.0085     0.0000     0.5146     0.5271    34.7114    34.7976    26.3443    26.4174      2.510      3.000      0.930      1.111 0.0000e+00
      13813    575.489    180.200 -109.90990   21.95938    179.000    12.1151    12.0846 3.9897e+04   3.995355     0.0508     0.0635    98.4250 1.0000e-12          0     0.5153     0.5277     0.0561     0.1148     4.5788     0.0000     0.0084     0.0000     0.5135     0.5263    34.7149    34.7981    26.3501    26.4206      2.026      2.746      0.750      1.017 0.0000e+00
      13853    577.168    181.207 -109.90990   21.95938    180.000    12.1057    12.0757 3.9895e+04   3.994929     0.0454     0.0639    98.4159 1.0000e-12          0     0.5153     0.5279     0.0555     0.1146     4.5783     0.0000     0.0085     0.0000     0.5112     0.5245    34.7207    34.8017    26.3565    26.4252      1.458      2.258      0.540      0.836 0.0000e+00
      13887    578.595    182.215 -109.90989   21.95938    181.000    12.1222    12.0925 3.9928e+04   3.998282     0.0517     0.0675    98.3252 1.0000e-12          0     0.5146     0.5273     0.0562     0.1147     4.5741     0.0000     0.0084     0.0000     0.5093     0.5224    34.7375    34.8183    26.3664    26.4349      1.394      1.982      0.516      0.734 0.0000e+00
      13916    579.799    183.222 -109.90988   21.95938    182.000    12.1145    12.0838 3.9925e+04   3.998104     0.0587     0.0722    98.2115 1.0000e-12          0     0.5133     0.5263     0.0569     0.1146     4.5688     0.0000     0.0084     0.0000     0.5085     0.5210    34.7412    34.8242    26.3708    26.4411      1.577      1.945      0.584      0.720 0.0000e+00
      13940    580.798    184.229 -109.90988   21.95938    183.000    12.0899    12.0591 3.9899e+04   3.995584     0.0561     0.0743    98.1606 1.0000e-12          0     0.5116     0.5249     0.0566     0.1147     4.5664     0.0000     0.0085     0.0000     0.5081     0.5206    34.7388    34.8223    26.3736    26.4444      1.445      1.986      0.535      0.735 0.0000e+00
      13962    581.689    185.236 -109.90988   21.95938    184.000    12.0768    12.0467 3.9885e+04   3.994158     0.0585     0.0733    98.1844 1.0000e-12          0     0.5105     0.5235     0.0569     0.1148     4.5675     0.0000     0.0084     0.0000     0.5076     0.5202    34.7365    34.8195    26.3744    26.4446      1.516      1.942      0.561      0.718 0.0000e+00
      13984    582.630    186.243 -109.90988   21.95938    185.000    12.0691    12.0386 3.9877e+04   3.993270     0.0576     0.0729    98.1948 1.0000e-12          0     0.5094     0.5223     0.0568     0.1148     4.5680     0.0000     0.0085     0.0000     0.5076     0.5199    34.7353    34.8180    26.3750    26.4450      1.770      1.998      0.655      0.739 0.0000e+00
      14008    583.619    187.251 -109.90988   21.95938    186.000    12.0577    12.0261 3.9864e+04   3.991959     0.0578     0.0721    98.2141 1.0000e-12          0     0.5090     0.5216     0.0568     0.1148     4.5689     0.0000     0.0085     0.0000     0.5082     0.5201    34.7332    34.8165    26.3755    26.4462      1.973      2.058      0.730      0.761 0.0000e+00
      14032    584.616    188.258 -109.90988   21.95938    187.000    12.0262    11.9950 3.9829e+04   3.988719     0.0575     0.0697    98.2722 1.0000e-12          0     0.5085     0.5210     0.0568     0.1148     4.5716     0.0000     0.0084     0.0000     0.5085     0.5201    34.7282    34.8134    26.3777    26.4498      1.811      2.145      0.669      0.793 0.0000e+00
      14056    585.610    189.265 -109.90988   21.95938    188.000    11.9973    11.9665 3.9798e+04   3.985432     0.0551     0.0681    98.3123 1.0000e-12          0     0.5082     0.5208     0.0565     0.1148     4.5734     0.0000     0.0085     0.0000     0.5085     0.5205    34.7239    34.8076    26.3798    26.4507      1.772      2.193      0.655      0.810 0.0000e+00
      14080    586.633    190.272 -109.90988   21.95938    189.000    11.9889    11.9588 3.9790e+04   3.984585     0.0567     0.0673    98.3307 1.0000e-12          0     0.5085     0.5207     0.0567     0.1148     4.5744     0.0000     0.0085     0.0000     0.5085     0.5206    34.7236    34.8061    26.3813    26.4510      1.771      2.136      0.654      0.789 0.0000e+00
      14107    587.738    191.279 -109.90988   21.95938    190.000    11.9760    11.9450 3.9777e+04   3.983231     0.0549     0.0670    98.3401 1.0000e-12          0     0.5091     0.5207     0.0565     0.1148     4.5748     0.0000     0.0085     0.0000     0.5085     0.5206    34.7224    34.8053    26.3828    26.4531      1.787      2.124      0.660      0.784 0.0000e+00
      14136    588.975    192.287 -109.90988   21.95938    191.000    11.9545    11.9248 3.9755e+04   3.981158     0.0566     0.0663    98.3568 1.0000e-12          0     0.5092     0.5212     0.0567     0.1147     4.5755     0.0000     0.0085     0.0000     0.5085     0.5205    34.7209    34.8035    26.3857    26.4555      1.756      2.050      0.648      0.756 0.0000e+00
      14169    590.314    193.294 -109.90988   21.95938    192.000    11.9523    11.9224 3.9757e+04   3.981151     0.0574     0.0671    98.3346 1.0000e-12          0     0.5092     0.5213     0.0568     0.1146     4.5745     0.0000     0.0085     0.0000     0.5082     0.5202    34.7239    34.8052    26.3885    26.4573      1.459      1.972      0.538      0.728 0.0000e+00
      14199    591.580    194.301 -109.90988   21.95938    193.000    11.9556    11.9258 3.9764e+04   3.981851     0.0474     0.0682    98.3098 1.0000e-12          0     0.5092     0.5212     0.0557     0.1147     4.5734     0.0000     0.0085     0.0000     0.5074     0.5197    34.7274    34.8084    26.3906    26.4592      1.450      1.885      0.535      0.696 0.0000e+00
      14228    592.809    195.308 -109.90988   21.95938    194.000    11.9569    11.9268 3.9768e+04   3.982267     0.0599     0.0697    98.2739 1.0000e-12          0     0.5092     0.5211     0.0570     0.1147     4.5717     0.0000     0.0085     0.0000     0.5073     0.5193    34.7294    34.8111    26.3920    26.4612      1.593      1.810      0.588      0.668 0.0000e+00
      14256    593.976    196.315 -109.90988   21.95938    195.000    11.9518    11.9217 3.9764e+04   3.981876     0.0571     0.0704    98.2553 1.0000e-12          0     0.5088     0.5209     0.0567     0.1148     4.5708     0.0000     0.0085     0.0000     0.5073     0.5191    34.7302    34.8117    26.3936    26.4626      1.577      1.776      0.582      0.655 0.0000e+00
      14282    595.046    197.322 -109.90988   21.95938    196.000    11.9479    11.9177 3.9762e+04   3.981687     0.0448     0.0719    98.2187 1.0000e-12          0     0.5079     0.5203     0.0555     0.1147     4.5691     0.0000     0.0085     0.0000     0.5072     0.5185    34.7313    34.8131    26.3952    26.4645      1.502      1.685      0.554      0.622 0.0000e+00
      14306    596.043    198.330 -109.90988   21.95938    197.000    11.9406    11.9105 3.9756e+04   3.981071     0.0566     0.0728    98.1976 1.0000e-12          0     0.5079     0.5201     0.0567     0.1147     4.5682     0.0000     0.0085     0.0000     0.5069     0.5184    34.7318    34.8134    26.3969    26.4661      1.282      1.784      0.473      0.658 0.0000e+00
      14328    596.968    199.337 -109.90988   21.95938    198.000    11.9399    11.9095 3.9762e+04   3.981672     0.0469     0.0740    98.1688 1.0000e-12          0     0.5079     0.5196     0.0557     0.1148     4.5668     0.0000     0.0084     0.0000     0.5063     0.5185    34.7379    34.8198    26.4019    26.4713      1.336      1.747      0.493      0.644 0.0000e+00
      14349    597.847    200.344 -109.90988   21.95938    199.000    11.9156    11.8843 3.9736e+04   3.979199     0.0649     0.0751    98.1408 1.0000e-12          0     0.5078     0.5195     0.0575     0.1148     4.5655     0.0000     0.0085     0.0000     0.5065     0.5182    34.7344    34.8187    26.4038    26.4753      1.461      1.719      0.539      0.634 0.0000e+00
      14371    598.746    201.352 -109.90988   21.95938    200.000    11.8760    11.8442 3.9693e+04   3.975051     0.0618     0.0743    98.1603 1.0000e-12          0     0.5078     0.5191     0.0572     0.1148     4.5664     0.0000     0.0085     0.0000     0.5062     0.5183    34.7289    34.8152    26.4070    26.4802      1.320      1.777      0.486      0.655 0.0000e+00
      14395    599.741    202.359 -109.90988   21.95938    201.000    11.8437    11.8129 3.9661e+04   3.971687     0.0579     0.0718    98.2199 1.0000e-12          0     0.5073     0.5191     0.0568     0.1148     4.5692     0.0000     0.0085     0.0000     0.5062     0.5181    34.7274    34.8111    26.4120    26.4829      1.428      1.678      0.526      0.618 0.0000e+00
      14423    600.919    203.366 -109.90988   21.95938    202.000    11.8265    11.7964 3.9645e+04   3.970037     0.0584     0.0702    98.2593 1.0000e-12          0     0.5070     0.5189     0.0569     0.1148     4.5710     0.0000     0.0085     0.0000     0.5061     0.5180    34.7277    34.8100    26.4155    26.4851      1.401      1.724      0.516      0.634 0.0000e+00
      14457    602.346    204.373 -109.90988   21.95938    203.000    11.8236    11.7936 3.9643e+04   3.969782     0.0557     0.0711    98.2382 1.0000e-12          0     0.5068     0.5188     0.0566     0.1148     4.5700     0.0000     0.0084     0.0000     0.5061     0.5178    34.7281    34.8096    26.4164    26.4854      1.396      1.628      0.513      0.599 0.0000e+00
      14493    603.836    205.381 -109.90988   21.95938    204.000    11.8222    11.7922 3.9643e+04   3.969693     0.0478     0.0709    98.2412 1.0000e-12          0     0.5067     0.5186     0.0558     0.1148     4.5702     0.0000     0.0085     0.0000     0.5059     0.5177    34.7284    34.8097    26.4169    26.4858      1.370      1.698      0.504      0.625 0.0000e+00
      14523    605.070    206.388 -109.90988   21.95938    205.000    11.8195    11.7897 3.9640e+04   3.969468     0.0579     0.0715    98.2269 1.0000e-12          0     0.5067     0.5186     0.0568     0.1148     4.5695     0.0000     0.0084     0.0000     0.5060     0.5177    34.7280    34.8094    26.4171    26.4860      1.426      1.641      0.525      0.604 0.0000e+00
      14548    606.106    207.395 -109.90988   21.95938    206.000    11.8169    11.7871 3.9638e+04   3.969301     0.0591     0.0718    98.2204 1.0000e-12          0     0.5067     0.5184     0.0569     0.1147     4.5692     0.0000     0.0085     0.0000     0.5060     0.5174    34.7281    34.8097    26.4177    26.4868      1.358      1.604      0.500      0.590 0.0000e+00
      14570    607.054    208.402 -109.90988   21.95938    207.000    11.8113    11.7809 3.9634e+04   3.968912     0.0616     0.0717    98.2233 1.0000e-12          0     0.5065     0.5182     0.0572     0.1147     4.5693     0.0000     0.0084     0.0000     0.5059     0.5177    34.7285    34.8113    26.4191    26.4892      1.357      1.715      0.499      0.631 0.0000e+00
      14591    607.934    209.410 -109.90988   21.95938    208.000    11.7743    11.7427 3.9597e+04   3.965366     0.0650     0.0704    98.2562 1.0000e-12          0     0.5065     0.5183     0.0575     0.1148     4.5708     0.0000     0.0084     0.0000     0.5059     0.5176    34.7270    34.8119    26.4250    26.4969      1.412      1.688      0.519      0.621 0.0000e+00
      14612    608.794    210.417 -109.90988   21.95938    209.000    11.7638    11.7335 3.9588e+04   3.964242     0.0578     0.0699    98.2677 1.0000e-12          0     0.5066     0.5183     0.0568     0.1148     4.5714     0.0000     0.0085     0.0000     0.5059     0.5176    34.7273    34.8090    26.4271    26.4964      1.288      1.930      0.473      0.709 0.0000e+00
      14634    609.704    211.424 -109.90988   21.95938    210.000    11.7636    11.7335 3.9590e+04   3.964361     0.0605     0.0693    98.2821 1.0000e-12          0     0.5065     0.5181     0.0571     0.1148     4.5720     0.0000     0.0085     0.0000     0.5055     0.5194    34.7291    34.8097    26.4286    26.4970      1.320      2.401      0.485      0.882 0.0000e+00
      14660    610.775    212.431 -109.90988   21.95938    211.000    11.7441    11.7136 3.9570e+04   3.962672     0.0661     0.0699    98.2687 1.0000e-12          0     0.5065     0.5182     0.0576     0.1148     4.5714     0.0000     0.0085     0.0000     0.5058     0.5189    34.7272    34.8114    26.4309    26.5020      1.374      1.633      0.505      0.600 0.0000e+00
      14696    612.274    213.439 -109.90988   21.95938    212.000    11.7129    11.6827 3.9537e+04   3.959314     0.0623     0.0699    98.2682 1.0000e-12          0     0.5064     0.5184     0.0572     0.1148     4.5714     0.0000     0.0085     0.0000     0.5054     0.5178    34.7240    34.8069    26.4342    26.5044      1.239      1.113      0.455      0.409 0.0000e+00
      14740    614.124    214.446 -109.90988   21.95938    213.000    11.7066    11.6768 3.9536e+04   3.959015     0.0529     0.0698    98.2696 1.0000e-12          0     0.5064     0.5201     0.0563     0.1148     4.5715     0.0000     0.0085     0.0000     0.5053     0.5149    34.7281    34.8091    26.4387    26.5071      1.259      1.379      0.462      0.506 0.0000e+00
      14771    615.409    215.453 -109.90988   21.95938    214.000    11.7080    11.6785 3.9542e+04   3.959645     0.0527     0.0714    98.2319 1.0000e-12          0     0.5060     0.5192     0.0563     0.1148     4.5697     0.0000     0.0085     0.0000     0.5053     0.5167    34.7326    34.8132    26.4419    26.5101      1.277      2.062      0.469      0.757 0.0000e+00
      14792    616.275    216.461 -109.90988   21.95938    215.000    11.7137    11.6842 3.9552e+04   3.960489     0.0550     0.0721    98.2138 1.0000e-12          0     0.5059     0.5174     0.0565     0.1148     4.5689     0.0000     0.0085     0.0000     0.5050     0.5185    34.7361    34.8158    26.4435    26.5110      1.248      1.943      0.458      0.713 0.0000e+00
      14809    617.016    217.468 -109.90988   21.95938    216.000    11.7215    11.6918 3.9565e+04   3.961838     0.0685     0.0729    98.1953 1.0000e-12          0     0.5061     0.5152     0.0579     0.1148     4.5681     0.0000     0.0084     0.0000     0.5053     0.5169    34.7414    34.8215    26.4462    26.5141      1.378      1.015      0.506      0.373 0.0000e+00
      14826    617.706    218.475 -109.90988   21.95938    217.000    11.7181    11.6877 3.9563e+04   3.961706     0.0680     0.0755    98.1304 1.0000e-12          0     0.5058     0.5157     0.0578     0.1148     4.5650     0.0000     0.0085     0.0000     0.5052     0.5163    34.7418    34.8235    26.4473    26.5165      1.239      1.284      0.455      0.471 0.0000e+00
