data/ctd-cnv/KM1919/KM1919-St22-P3/St22_P3_cast67-align-cellTM-derive-bin.cnv
* Sea-Bird SBE 9 Data File:
* FileName = C:\Users\otg\Desktop\CTD Data\km1920\St22_P3_cast67.hex
* Software Version Seasave V 7.26.7.107
* Temperature SN = 5554
* Conductivity SN = 3876
* Number of Bytes Per Scan = 41
* Number of Voltage Words = 4
* Number of Scans Averaged by the Deck Unit = 1
* NMEA Latitude = 21 51.85 N
* NMEA Longitude = 109 58.13 W
* NMEA UTC (Time) = Oct 15 2019  22:06:32
* NMEA baud rate = 4800
** Ship: Kilo Moana
** Station: St22  P3 cast 67
** Operator: cf
** Al deep cast
# nquan = 34
# nvalues = 2999                        
# units = specified
# name 0 = scan: Scan Count
# name 1 = timeS: Time, Elapsed [seconds]
# name 2 = prDM: Pressure, Digiquartz [db]
# name 3 = longitude: Longitude [deg]
# name 4 = latitude: Latitude [deg]
# name 5 = depSM: Depth [salt water, m]
# name 6 = t090C: Temperature [ITS-90, deg C]
# name 7 = t190C: Temperature, 2 [ITS-90, deg C]
# name 8 = c0uS/cm: Conductivity [uS/cm]
# name 9 = c1S/m: Conductivity, 2 [S/m]
# name 10 = flECO-AFL: Fluorescence, WET Labs ECO-AFL/FL [mg/m^3]
# name 11 = CStarAt0: Beam Attenuation, WET Labs C-Star [1/m]
# name 12 = CStarTr0: Beam Transmission, WET Labs C-Star [%]
# name 13 = par: PAR/Irradiance, Biospherical/Licor
# name 14 = modError: Modulo Error Count
# name 15 = v0: Voltage 0
# name 16 = v1: Voltage 1
# name 17 = v2: Voltage 2
# name 18 = v3: Voltage 3
# name 19 = v4: Voltage 4
# name 20 = v5: Voltage 5
# name 21 = v6: Voltage 6
# name 22 = v7: Voltage 7
# name 23 = sbeox0V: Oxygen raw, SBE 43 [V]
# name 24 = sbeox1V: Oxygen raw, SBE 43, 2 [V]
# name 25 = sal00: Salinity, Practical [PSU]
# name 26 = sal11: Salinity, Practical, 2 [PSU]
# name 27 = sigma-é00: Density [sigma-theta, kg/m^3]
# name 28 = sigma-é11: Density, 2 [sigma-theta, kg/m^3]
# name 29 = sbeox0Mm/L: Oxygen, SBE 43 [umol/l], WS = 2
# name 30 = sbeox1Mm/L: Oxygen, SBE 43, 2 [umol/l], WS = 2
# name 31 = sbeox0PS: Oxygen, SBE 43 [% saturation], WS = 2
# name 32 = sbeox1PS: Oxygen, SBE 43, 2 [% saturation], WS = 2
# name 33 = flag: flag
# span 0 =        645,      84249       
# span 1 =     26.816,   3510.347       
# span 2 =      3.019,   3041.581       
# span 3 = -109.96882, -109.96852       
# span 4 =   21.86380,   21.86424       
# span 5 =      3.000,   3001.000       
# span 6 =     1.6768,    27.6667       
# span 7 =     1.6546,    27.6354       
# span 8 = 3.1440e+04, 5.5344e+04       
# span 9 =   3.148176,   5.543287       
# span 10 =     0.0135,     1.2903      
# span 11 =     0.0485,     0.1341      
# span 12 =    96.7016,    98.7945      
# span 13 = 1.0000e-12, 1.0000e-12      
# span 14 =          0,          0      
# span 15 =     0.5031,     2.4958      
# span 16 =     0.5131,     2.4814      
# span 17 =     0.0524,     0.1800      
# span 18 =     0.1123,     0.1231      
# span 19 =     4.4986,     4.5959      
# span 20 =    -0.0000,     0.0006      
# span 21 =     0.0000,     0.0000      
# span 22 =     0.0000,     0.0000      
# span 23 =     0.5025,     2.4916      
# span 24 =     0.5126,     2.4817      
# span 25 =    33.9368,    34.7741      
# span 26 =    34.0300,    34.8611      
# span 27 =    22.2213,    27.7509      
# span 28 =    22.2958,    27.8130      
# span 29 =      0.783,    239.098      
# span 30 =      0.906,    251.285      
# span 31 =      0.269,    107.283      
# span 32 =      0.299,    111.806      
# span 33 = 0.0000e+00, 0.0000e+00      
# interval = meters: 1                  
# start_time = Oct 15 2019 22:10:52 [NMEA time, first data scan]
# bad_flag = -9.990e-29
*END*
[from data line 1494]
      42328   1763.633   1511.836 -109.96860   21.86392   1497.000     3.1244     3.1005 3.2097e+04   3.213988     0.0519     0.0542    98.6551 1.0000e-12          0     0.6740     0.6819     0.0562     0.1198     4.5894     0.0000     0.0000     0.0000     0.6765     0.6840    34.5911    34.6676    27.5574    27.6206     40.783     41.342     12.305     12.472 0.0000e+00
      42349   1764.512   1512.850 -109.96860   21.86392   1498.000     3.1219     3.0980 3.2095e+04   3.213837     0.0517     0.0540    98.6593 1.0000e-12          0     0.6740     0.6820     0.0562     0.1201     4.5896     0.0000     0.0000     0.0000     0.6766     0.6843    34.5911    34.6679    27.5577    27.6212     40.312     41.731     12.161     12.589 0.0000e+00
      42370   1765.375   1513.863 -109.96860   21.86392   1499.000     3.1193     3.0956 3.2094e+04   3.213675     0.0517     0.0540    98.6582 1.0000e-12          0     0.6743     0.6824     0.0562     0.1206     4.5896     0.0000     0.0000     0.0000     0.6765     0.6845    34.5914    34.6680    27.5581    27.6214     40.276     41.816     12.150     12.614 0.0000e+00
      42391   1766.258   1514.877 -109.96860   21.86392   1500.000     3.1162     3.0921 3.2091e+04   3.213430     0.0517     0.0532    98.6784 1.0000e-12          0     0.6743     0.6828     0.0562     0.1204     4.5905     0.0000     0.0000     0.0000     0.6766     0.6849    34.5913    34.6682    27.5583    27.6219     40.314     41.823     12.160     12.615 0.0000e+00
      42413   1767.169   1515.890 -109.96860   21.86392   1501.000     3.1145     3.0906 3.2091e+04   3.213324     0.0585     0.0534    98.6738 1.0000e-12          0     0.6751     0.6826     0.0569     0.1204     4.5903     0.0000     0.0000     0.0000     0.6767     0.6851    34.5918    34.6681    27.5589    27.6220     40.452     41.703     12.202     12.578 0.0000e+00
      42436   1768.144   1516.904 -109.96860   21.86392   1502.000     3.1129     3.0891 3.2089e+04   3.213239     0.0639     0.0529    98.6852 1.0000e-12          0     0.6752     0.6829     0.0574     0.1200     4.5908     0.0000     0.0000     0.0000     0.6769     0.6853    34.5914    34.6681    27.5587    27.6221     41.143     41.902     12.410     12.638 0.0000e+00
      42466   1769.371   1517.917 -109.96860   21.86392   1503.000     3.1120     3.0881 3.2089e+04   3.213197     0.0558     0.0530    98.6830 1.0000e-12          0     0.6752     0.6835     0.0566     0.1205     4.5907     0.0000     0.0000     0.0000     0.6777     0.6855    34.5915    34.6681    27.5589    27.6222     40.915     41.921     12.340     12.643 0.0000e+00
      42506   1771.038   1518.931 -109.96858   21.86392   1504.000     3.1102     3.0863 3.2088e+04   3.213091     0.0515     0.0529    98.6870 1.0000e-12          0     0.6753     0.6838     0.0562     0.1203     4.5909     0.0000     0.0000     0.0000     0.6778     0.6862    34.5917    34.6683    27.5592    27.6225     40.653     42.130     12.261     12.705 0.0000e+00
      42538   1772.361   1519.944 -109.96858   21.86392   1505.000     3.1079     3.0840 3.2087e+04   3.212945     0.0517     0.0528    98.6883 1.0000e-12          0     0.6762     0.6842     0.0562     0.1200     4.5910     0.0000     0.0000     0.0000     0.6779     0.6863    34.5917    34.6685    27.5594    27.6229     40.925     41.981     12.342     12.660 0.0000e+00
      42561   1773.339   1520.958 -109.96858   21.86392   1506.000     3.1054     3.0813 3.2085e+04   3.212758     0.0517     0.0529    98.6847 1.0000e-12          0     0.6763     0.6843     0.0562     0.1197     4.5908     0.0000     0.0000     0.0000     0.6784     0.6863    34.5920    34.6686    27.5599    27.6233     41.461     42.016     12.503     12.670 0.0000e+00
      42581   1774.158   1521.972 -109.96858   21.86392   1507.000     3.1029     3.0790 3.2083e+04   3.212612     0.0524     0.0531    98.6811 1.0000e-12          0     0.6764     0.6847     0.0563     0.1197     4.5906     0.0000     0.0000     0.0000     0.6789     0.6865    34.5920    34.6688    27.5601    27.6236     41.385     42.182     12.479     12.719 0.0000e+00
      42600   1774.970   1522.985 -109.96858   21.86392   1508.000     3.1000     3.0759 3.2081e+04   3.212417     0.0638     0.0529    98.6868 1.0000e-12          0     0.6765     0.6848     0.0574     0.1204     4.5909     0.0000     0.0000     0.0000     0.6791     0.6867    34.5922    34.6692    27.5606    27.6242     41.080     42.276     12.387     12.746 0.0000e+00
      42621   1775.853   1523.999 -109.96858   21.86392   1509.000     3.0956     3.0717 3.2078e+04   3.212064     0.0534     0.0528    98.6882 1.0000e-12          0     0.6765     0.6849     0.0564     0.1201     4.5910     0.0000     0.0000     0.0000     0.6791     0.6871    34.5923    34.6689    27.5610    27.6244     40.948     42.598     12.346     12.842 0.0000e+00
      42649   1776.982   1525.013 -109.96858   21.86392   1510.000     3.0927     3.0688 3.2076e+04   3.211851     0.0608     0.0528    98.6882 1.0000e-12          0     0.6771     0.6850     0.0571     0.1203     4.5910     0.0000     0.0000     0.0000     0.6794     0.6875    34.5923    34.6688    27.5613    27.6246     41.758     42.543     12.589     12.825 0.0000e+00
      42684   1778.452   1526.026 -109.96858   21.86392   1511.000     3.0914     3.0676 3.2075e+04   3.211769     0.0595     0.0528    98.6889 1.0000e-12          0     0.6777     0.6852     0.0570     0.1203     4.5910     0.0000     0.0000     0.0000     0.6803     0.6880    34.5924    34.6686    27.5615    27.6245     41.474     42.762     12.503     12.890 0.0000e+00
      42715   1779.748   1527.040 -109.96858   21.86392   1512.000     3.0913     3.0675 3.2075e+04   3.211802     0.0517     0.0527    98.6903 1.0000e-12          0     0.6777     0.6858     0.0562     0.1197     4.5911     0.0000     0.0000     0.0000     0.6803     0.6885    34.5921    34.6687    27.5613    27.6246     41.334     42.496     12.461     12.810 0.0000e+00
      42738   1780.719   1528.053 -109.96858   21.86392   1513.000     3.0912     3.0673 3.2076e+04   3.211841     0.0555     0.0527    98.6918 1.0000e-12          0     0.6781     0.6863     0.0566     0.1200     4.5912     0.0000     0.0000     0.0000     0.6805     0.6883    34.5923    34.6688    27.5615    27.6247     41.646     42.791     12.555     12.899 0.0000e+00
      42758   1781.556   1529.067 -109.96858   21.86392   1514.000     3.0903     3.0665 3.2075e+04   3.211816     0.0630     0.0527    98.6897 1.0000e-12          0     0.6789     0.6864     0.0573     0.1205     4.5911     0.0000     0.0000     0.0000     0.6809     0.6889    34.5924    34.6689    27.5616    27.6249     41.772     42.823     12.592     12.908 0.0000e+00
      42778   1782.386   1530.080 -109.96858   21.86392   1515.000     3.0896     3.0658 3.2075e+04   3.211792     0.0518     0.0528    98.6882 1.0000e-12          0     0.6789     0.6869     0.0562     0.1206     4.5910     0.0000     0.0000     0.0000     0.6811     0.6889    34.5922    34.6688    27.5616    27.6249     41.906     42.703     12.632     12.872 0.0000e+00
      42800   1783.291   1531.094 -109.96858   21.86392   1516.000     3.0893     3.0657 3.2075e+04   3.211812     0.0611     0.0528    98.6882 1.0000e-12          0     0.6789     0.6871     0.0571     0.1200     4.5910     0.0000     0.0000     0.0000     0.6813     0.6892    34.5922    34.6687    27.5616    27.6248     41.646     42.800     12.554     12.901 0.0000e+00
      42826   1784.370   1532.108 -109.96858   21.86392   1517.000     3.0892     3.0654 3.2075e+04   3.211832     0.0638     0.0528    98.6882 1.0000e-12          0     0.6792     0.6871     0.0574     0.1198     4.5910     0.0000     0.0000     0.0000     0.6815     0.6893    34.5921    34.6687    27.5615    27.6249     41.553     42.860     12.526     12.919 0.0000e+00
      42856   1785.609   1533.121 -109.96858   21.86392   1518.000     3.0881     3.0644 3.2075e+04   3.211806     0.0523     0.0528    98.6882 1.0000e-12          0     0.6796     0.6875     0.0563     0.1204     4.5910     0.0000     0.0000     0.0000     0.6815     0.6895    34.5923    34.6689    27.5618    27.6251     41.480     42.906     12.503     12.933 0.0000e+00
      42884   1786.778   1534.135 -109.96858   21.86392   1519.000     3.0834     3.0593 3.2072e+04   3.211474     0.0512     0.0528    98.6882 1.0000e-12          0     0.6800     0.6877     0.0561     0.1197     4.5910     0.0000     0.0000     0.0000     0.6815     0.6896    34.5926    34.6699    27.5625    27.6264     41.544     43.063     12.521     12.978 0.0000e+00
      42909   1787.853   1535.149 -109.96858   21.86392   1520.000     3.0761     3.0519 3.2066e+04   3.210899     0.0526     0.0529    98.6852 1.0000e-12          0     0.6801     0.6878     0.0563     0.1197     4.5909     0.0000     0.0000     0.0000     0.6815     0.6902    34.5933    34.6703    27.5637    27.6273     41.910     43.214     12.630     13.022 0.0000e+00
      42938   1789.042   1536.162 -109.96858   21.86392   1521.000     3.0717     3.0477 3.2063e+04   3.210555     0.0599     0.0528    98.6881 1.0000e-12          0     0.6801     0.6880     0.0570     0.1205     4.5910     0.0000     0.0000     0.0000     0.6823     0.6905    34.5936    34.6701    27.5644    27.6276     42.620     43.318     12.842     13.052 0.0000e+00
      42976   1790.620   1537.176 -109.96858   21.86392   1522.000     3.0709     3.0472 3.2063e+04   3.210540     0.0592     0.0528    98.6882 1.0000e-12          0     0.6801     0.6883     0.0569     0.1203     4.5910     0.0000     0.0000     0.0000     0.6828     0.6907    34.5937    34.6699    27.5645    27.6275     41.899     43.272     12.625     13.037 0.0000e+00
      43009   1791.983   1538.190 -109.96858   21.86392   1523.000     3.0705     3.0469 3.2063e+04   3.210558     0.0516     0.0532    98.6797 1.0000e-12          0     0.6804     0.6887     0.0562     0.1205     4.5906     0.0000     0.0000     0.0000     0.6829     0.6913    34.5937    34.6700    27.5646    27.6276     42.208     43.513     12.718     13.110 0.0000e+00
      43030   1792.881   1539.203 -109.96858   21.86392   1524.000     3.0696     3.0459 3.2062e+04   3.210525     0.0517     0.0530    98.6838 1.0000e-12          0     0.6812     0.6894     0.0562     0.1200     4.5908     0.0000     0.0000     0.0000     0.6833     0.6914    34.5936    34.6701    27.5645    27.6278     42.880     43.303     12.920     13.046 0.0000e+00
      43048   1793.645   1540.217 -109.96858   21.86392   1525.000     3.0690     3.0453 3.2062e+04   3.210520     0.0517     0.0539    98.6620 1.0000e-12          0     0.6813     0.6890     0.0562     0.1202     4.5897     0.0000     0.0000     0.0000     0.6839     0.6913    34.5938    34.6702    27.5647    27.6279     42.604     43.299     12.837     13.045 0.0000e+00
      43066   1794.358   1541.230 -109.96858   21.86392   1526.000     3.0682     3.0445 3.2062e+04   3.210507     0.0517     0.0531    98.6817 1.0000e-12          0     0.6813     0.6894     0.0562     0.1203     4.5907     0.0000     0.0000     0.0000     0.6839     0.6915    34.5937    34.6704    27.5648    27.6282     42.130     43.357     12.694     13.062 0.0000e+00
      43083   1795.085   1542.244 -109.96858   21.86392   1527.000     3.0674     3.0435 3.2062e+04   3.210483     0.0639     0.0529    98.6868 1.0000e-12          0     0.6813     0.6896     0.0574     0.1203     4.5909     0.0000     0.0000     0.0000     0.6839     0.6914    34.5940    34.6706    27.5651    27.6284     42.197     43.571     12.713     13.127 0.0000e+00
      43103   1795.905   1543.258 -109.96858   21.86392   1528.000     3.0658     3.0417 3.2061e+04   3.210372     0.0639     0.0528    98.6882 1.0000e-12          0     0.6815     0.6899     0.0574     0.1203     4.5910     0.0000     0.0000     0.0000     0.6840     0.6919    34.5939    34.6706    27.5652    27.6286     42.240     43.884     12.726     13.220 0.0000e+00
      43128   1796.948   1544.272 -109.96858   21.86392   1529.000     3.0653     3.0415 3.2061e+04   3.210376     0.0560     0.0535    98.6721 1.0000e-12          0     0.6823     0.6899     0.0566     0.1204     4.5902     0.0000     0.0000     0.0000     0.6841     0.6924    34.5940    34.6704    27.5653    27.6285     42.302     43.715     12.744     13.169 0.0000e+00
      43163   1798.397   1545.285 -109.96858   21.86392   1530.000     3.0651     3.0414 3.2061e+04   3.210402     0.0517     0.0529    98.6848 1.0000e-12          0     0.6824     0.6901     0.0562     0.1206     4.5908     0.0000     0.0000     0.0000     0.6842     0.6925    34.5938    34.6704    27.5652    27.6285     42.250     43.687     12.729     13.161 0.0000e+00
      43200   1799.952   1546.299 -109.96858   21.86392   1531.000     3.0651     3.0414 3.2062e+04   3.210448     0.0517     0.0529    98.6852 1.0000e-12          0     0.6826     0.6907     0.0562     0.1203     4.5909     0.0000     0.0000     0.0000     0.6846     0.6928    34.5938    34.6704    27.5652    27.6285     42.894     43.755     12.923     13.181 0.0000e+00
      43230   1801.197   1547.313 -109.96858   21.86392   1532.000     3.0645     3.0409 3.2062e+04   3.210455     0.0517     0.0530    98.6842 1.0000e-12          0     0.6827     0.6909     0.0562     0.1205     4.5908     0.0000     0.0000     0.0000     0.6850     0.6929    34.5941    34.6706    27.5655    27.6287     42.621     43.786     12.840     13.190 0.0000e+00
      43255   1802.250   1548.326 -109.96858   21.86392   1533.000     3.0637     3.0399 3.2061e+04   3.210421     0.0590     0.0537    98.6660 1.0000e-12          0     0.6827     0.6912     0.0569     0.1198     4.5899     0.0000     0.0000     0.0000     0.6852     0.6930    34.5941    34.6707    27.5655    27.6288     42.651     43.920     12.849     13.230 0.0000e+00
      43277   1803.185   1549.340 -109.96858   21.86392   1534.000     3.0630     3.0393 3.2061e+04   3.210419     0.0639     0.0533    98.6774 1.0000e-12          0     0.6828     0.6912     0.0574     0.1200     4.5905     0.0000     0.0000     0.0000     0.6853     0.6933    34.5940    34.6708    27.5655    27.6290     42.547     43.649     12.818     13.149 0.0000e+00
      43298   1804.056   1550.354 -109.96858   21.86392   1535.000     3.0617     3.0377 3.2061e+04   3.210359     0.0609     0.0535    98.6712 1.0000e-12          0     0.6835     0.6913     0.0571     0.1206     4.5902     0.0000     0.0000     0.0000     0.6853     0.6929    34.5944    34.6712    27.5660    27.6295     42.467     43.912     12.793     13.228 0.0000e+00
      43319   1804.914   1551.368 -109.96858   21.86392   1536.000     3.0577     3.0338 3.2058e+04   3.210103     0.0517     0.0530    98.6832 1.0000e-12          0     0.6835     0.6915     0.0562     0.1202     4.5908     0.0000     0.0000     0.0000     0.6853     0.6937    34.5945    34.6717    27.5665    27.6303     42.762     44.230     12.880     13.322 0.0000e+00
      43341   1805.849   1552.381 -109.96858   21.86392   1537.000     3.0539     3.0302 3.2055e+04   3.209811     0.0631     0.0531    98.6809 1.0000e-12          0     0.6837     0.6916     0.0573     0.1204     4.5906     0.0000     0.0000     0.0000     0.6857     0.6936    34.5949    34.6715    27.5671    27.6304     43.240     43.962     13.023     13.240 0.0000e+00
      43366   1806.888   1553.395 -109.96858   21.86392   1538.000     3.0521     3.0284 3.2054e+04   3.209697     0.0520     0.0536    98.6697 1.0000e-12          0     0.6838     0.6917     0.0562     0.1206     4.5901     0.0000     0.0000     0.0000     0.6862     0.6938    34.5950    34.6716    27.5674    27.6307     43.293     44.151     13.039     13.296 0.0000e+00
