data/ctd-cnv/KM1919/KM1919-St22-P3/St22_P3_cast70-align-cellTM-derive-bin.cnv
* Sea-Bird SBE 9 Data File:
* FileName = C:\Users\otg\Desktop\CTD Data\km1920\St22_P3_cast70.hex
* Software Version Seasave V 7.26.7.107
* Temperature SN = 5554
* Conductivity SN = 3876
* Number of Bytes Per Scan = 41
* Number of Voltage Words = 4
* Number of Scans Averaged by the Deck Unit = 1
* NMEA Latitude = 21 53.28 N
* NMEA Longitude = 109 56.41 W
* NMEA UTC (Time) = Oct 16 2019  11:59:08
* NMEA baud rate = 4800
** Ship: Kilo Moana
** Station: St22  P3 cast 70
** Operator: gr
# nquan = 34
# nvalues = 570                         
# units = specified
# name 0 = scan: Scan Count
# name 1 = timeS: Time, Elapsed [seconds]
# name 2 = prDM: Pressure, Digiquartz [db]
# name 3 = longitude: Longitude [deg]
# name 4 = latitude: Latitude [deg]
# name 5 = depSM: Depth [salt water, m]
# name 6 = t090C: Temperature [ITS-90, deg C]
# name 7 = t190C: Temperature, 2 [ITS-90, deg C]
# name 8 = c0uS/cm: Conductivity [uS/cm]
# name 9 = c1S/m: Conductivity, 2 [S/m]
# name 10 = flECO-AFL: Fluorescence, WET Labs ECO-AFL/FL [mg/m^3]
# name 11 = CStarAt0: Beam Attenuation, WET Labs C-Star [1/m]
# name 12 = CStarTr0: Beam Transmission, WET Labs C-Star [%]
# name 13 = par: PAR/Irradiance, Biospherical/Licor
# name 14 = modError: Modulo Error Count
# name 15 = v0: Voltage 0
# name 16 = v1: Voltage 1
# name 17 = v2: Voltage 2
# name 18 = v3: Voltage 3
# name 19 = v4: Voltage 4
# name 20 = v5: Voltage 5
# name 21 = v6: Voltage 6
# name 22 = v7: Voltage 7
# name 23 = sbeox0V: Oxygen raw, SBE 43 [V]
# name 24 = sbeox1V: Oxygen raw, SBE 43, 2 [V]
# name 25 = sal00: Salinity, Practical [PSU]
# name 26 = sal11: Salinity, Practical, 2 [PSU]
# name 27 = sigma-é00: Density [sigma-theta, kg/m^3]
# name 28 = sigma-é11: Density, 2 [sigma-theta, kg/m^3]
# name 29 = sbeox0Mm/L: Oxygen, SBE 43 [umol/l], WS = 2
# name 30 = sbeox1Mm/L: Oxygen, SBE 43, 2 [umol/l], WS = 2
# name 31 = sbeox0PS: Oxygen, SBE 43 [% saturation], WS = 2
# name 32 = sbeox1PS: Oxygen, SBE 43, 2 [% saturation], WS = 2
# name 33 = flag: flag
# span 0 =         99,      19597       
# span 1 =      4.099,    816.519       
# span 2 =      2.013,    575.374       
# span 3 = -109.94014, -109.94002       
# span 4 =   21.88814,   21.88869       
# span 5 =      2.000,    571.000       
# span 6 =     7.2184,    27.6362       
# span 7 =     7.1940,    27.5958       
# span 8 = 3.5322e+04, 5.5319e+04       
# span 9 =   3.537210,   5.539730       
# span 10 =     0.0509,     1.2529      
# span 11 =     0.0563,     0.1336      
# span 12 =    96.7160,    98.6023      
# span 13 = -6.272e-05, 4.9097e+00      
# span 14 =          0,          0      
# span 15 =     0.5031,     2.4878      
# span 16 =     0.5130,     2.4774      
# span 17 =     0.0561,     0.1763      
# span 18 =     0.1148,     0.1180      
# span 19 =     4.4992,     4.5870      
# span 20 =     0.0000,     0.0000      
# span 21 =     0.0078,     1.6860      
# span 22 =     0.0000,     0.0000      
# span 23 =     0.5024,     2.4836      
# span 24 =     0.5123,     2.4739      
# span 25 =    33.9220,    34.7768      
# span 26 =    34.0100,    34.8611      
# span 27 =    22.2344,    27.0331      
# span 28 =    22.3111,    27.0983      
# span 29 =      0.690,    239.088      
# span 30 =      0.925,    250.398      
# span 31 =      0.236,    106.561      
# span 32 =      0.309,    111.457      
# span 33 = 0.0000e+00, 0.0000e+00      
# interval = meters: 1                  
# start_time = Oct 16 2019 12:02:10 [NMEA time, first data scan]
# bad_flag = -9.990e-29
*END*
[from data line 342]
      12812    533.801    346.445 -109.94006   21.88846    344.000     9.9017     9.8719 3.7786e+04   3.784003     0.0694     0.0648    98.3925 1.0000e-12          0     0.5043     0.5148     0.0579     0.1172     4.5772     0.0000     0.0084     0.0000     0.5036     0.5138    34.6256    34.7090    26.6831    26.7533      1.094      1.069      0.386      0.377 0.0000e+00
      12837    534.844    347.452 -109.94006   21.88846    345.000     9.8827     9.8538 3.7767e+04   3.782034     0.0725     0.0645    98.3994 1.0000e-12          0     0.5043     0.5147     0.0582     0.1172     4.5775     0.0000     0.0085     0.0000     0.5035     0.5136    34.6240    34.7058    26.6851    26.7538      1.103      1.116      0.389      0.394 0.0000e+00
      12861    535.829    348.460 -109.94006   21.88846    346.000     9.8754     9.8466 3.7760e+04   3.781290     0.0597     0.0640    98.4131 1.0000e-12          0     0.5043     0.5145     0.0570     0.1171     4.5782     0.0000     0.0085     0.0000     0.5036     0.5138    34.6233    34.7047    26.6858    26.7542      1.101      1.129      0.388      0.398 0.0000e+00
      12884    536.779    349.468 -109.94006   21.88846    347.000     9.8729     9.8441 3.7759e+04   3.781073     0.0651     0.0635    98.4258 1.0000e-12          0     0.5043     0.5147     0.0575     0.1170     4.5788     0.0000     0.0085     0.0000     0.5035     0.5137    34.6234    34.7044    26.6863    26.7544      1.076      1.079      0.379      0.381 0.0000e+00
      12906    537.694    350.476 -109.94006   21.88846    348.000     9.8721     9.8432 3.7758e+04   3.780998     0.0723     0.0635    98.4246 1.0000e-12          0     0.5043     0.5143     0.0582     0.1171     4.5787     0.0000     0.0085     0.0000     0.5036     0.5136    34.6232    34.7040    26.6863    26.7543      1.111      1.113      0.392      0.392 0.0000e+00
      12928    538.626    351.484 -109.94006   21.88846    349.000     9.8691     9.8398 3.7756e+04   3.780745     0.0706     0.0635    98.4257 1.0000e-12          0     0.5042     0.5144     0.0581     0.1173     4.5788     0.0000     0.0085     0.0000     0.5034     0.5138    34.6232    34.7043    26.6868    26.7551      1.050      1.173      0.371      0.414 0.0000e+00
      12951    539.590    352.492 -109.94006   21.88846    350.000     9.8636     9.8347 3.7751e+04   3.780249     0.0710     0.0637    98.4203 1.0000e-12          0     0.5043     0.5146     0.0581     0.1172     4.5785     0.0000     0.0085     0.0000     0.5035     0.5138    34.6233    34.7036    26.6878    26.7554      1.136      1.113      0.401      0.392 0.0000e+00
      12974    540.557    353.500 -109.94006   21.88847    351.000     9.8534     9.8244 3.7741e+04   3.779343     0.0703     0.0635    98.4256 1.0000e-12          0     0.5042     0.5142     0.0580     0.1171     4.5788     0.0000     0.0085     0.0000     0.5035     0.5137    34.6223    34.7038    26.6888    26.7574      1.140      1.139      0.402      0.402 0.0000e+00
      12997    541.505    354.508 -109.94006   21.88848    352.000     9.8440     9.8153 3.7732e+04   3.778403     0.0695     0.0635    98.4257 1.0000e-12          0     0.5042     0.5145     0.0579     0.1170     4.5788     0.0000     0.0083     0.0000     0.5036     0.5138    34.6218    34.7024    26.6900    26.7578      1.117      1.118      0.394      0.394 0.0000e+00
      13020    542.458    355.516 -109.94006   21.88848    353.000     9.8245     9.7951 3.7712e+04   3.776565     0.0694     0.0635    98.4257 1.0000e-12          0     0.5042     0.5144     0.0579     0.1172     4.5788     0.0000     0.0084     0.0000     0.5036     0.5137    34.6196    34.7025    26.6916    26.7613      1.063      1.022      0.375      0.360 0.0000e+00
      13044    543.479    356.524 -109.94006   21.88848    354.000     9.8028     9.7740 3.7691e+04   3.774377     0.0573     0.0635    98.4257 1.0000e-12          0     0.5042     0.5145     0.0567     0.1172     4.5788     0.0000     0.0085     0.0000     0.5035     0.5136    34.6180    34.6999    26.6940    26.7629      1.139      1.112      0.401      0.392 0.0000e+00
      13074    544.691    357.532 -109.94006   21.88848    355.000     9.7846     9.7557 3.7673e+04   3.772632     0.0692     0.0636    98.4240 1.0000e-12          0     0.5043     0.5146     0.0579     0.1172     4.5787     0.0000     0.0085     0.0000     0.5036     0.5137    34.6171    34.6992    26.6963    26.7653      1.103      1.122      0.388      0.395 0.0000e+00
      13108    546.131    358.540 -109.94006   21.88848    356.000     9.7528     9.7240 3.7644e+04   3.769713     0.0648     0.0635    98.4250 1.0000e-12          0     0.5042     0.5143     0.0575     0.1172     4.5788     0.0000     0.0083     0.0000     0.5036     0.5137    34.6172    34.6992    26.7017    26.7707      1.113      1.150      0.392      0.405 0.0000e+00
      13141    547.516    359.548 -109.94006   21.88848    357.000     9.7358     9.7070 3.7628e+04   3.768043     0.0647     0.0638    98.4184 1.0000e-12          0     0.5043     0.5144     0.0575     0.1172     4.5784     0.0000     0.0085     0.0000     0.5036     0.5137    34.6162    34.6980    26.7038    26.7726      1.109      1.060      0.390      0.373 0.0000e+00
      13168    548.615    360.556 -109.94006   21.88848    358.000     9.7200     9.6912 3.7613e+04   3.766495     0.0695     0.0631    98.4357 1.0000e-12          0     0.5043     0.5144     0.0580     0.1172     4.5793     0.0000     0.0085     0.0000     0.5036     0.5136    34.6154    34.6968    26.7058    26.7743      1.109      1.100      0.390      0.387 0.0000e+00
      13192    549.605    361.564 -109.94006   21.88848    359.000     9.7128     9.6841 3.7606e+04   3.765843     0.0697     0.0635    98.4266 1.0000e-12          0     0.5042     0.5143     0.0580     0.1172     4.5788     0.0000     0.0085     0.0000     0.5035     0.5136    34.6151    34.6966    26.7069    26.7754      1.125      1.084      0.396      0.381 0.0000e+00
      13213    550.509    362.572 -109.94006   21.88848    360.000     9.6978     9.6688 3.7592e+04   3.764534     0.0679     0.0625    98.4485 1.0000e-12          0     0.5043     0.5146     0.0578     0.1172     4.5798     0.0000     0.0083     0.0000     0.5036     0.5134    34.6149    34.6973    26.7092    26.7785      1.108      1.081      0.389      0.380 0.0000e+00
      13235    551.436    363.580 -109.94006   21.88848    361.000     9.6832     9.6542 3.7579e+04   3.763135     0.0709     0.0624    98.4509 1.0000e-12          0     0.5042     0.5143     0.0581     0.1172     4.5800     0.0000     0.0085     0.0000     0.5035     0.5138    34.6145    34.6966    26.7113    26.7804      1.083      1.191      0.380      0.418 0.0000e+00
      13258    552.390    364.588 -109.94006   21.88848    362.000     9.6605     9.6316 3.7557e+04   3.760974     0.0695     0.0629    98.4389 1.0000e-12          0     0.5042     0.5143     0.0580     0.1172     4.5794     0.0000     0.0085     0.0000     0.5035     0.5135    34.6134    34.6957    26.7143    26.7835      1.090      1.042      0.382      0.366 0.0000e+00
      13282    553.370    365.596 -109.94006   21.88848    363.000     9.6533     9.6248 3.7553e+04   3.760447     0.0703     0.0635    98.4252 1.0000e-12          0     0.5043     0.5143     0.0580     0.1171     4.5788     0.0000     0.0085     0.0000     0.5035     0.5137    34.6162    34.6964    26.7177    26.7851      1.119      1.191      0.393      0.418 0.0000e+00
      13306    554.394    366.604 -109.94006   21.88848    364.000     9.6464     9.6177 3.7548e+04   3.760013     0.0551     0.0635    98.4257 1.0000e-12          0     0.5043     0.5143     0.0565     0.1172     4.5788     0.0000     0.0083     0.0000     0.5035     0.5138    34.6168    34.6983    26.7193    26.7878      1.044      1.091      0.366      0.383 0.0000e+00
      13336    555.624    367.612 -109.94006   21.88848    365.000     9.6321     9.6032 3.7534e+04   3.758645     0.0594     0.0635    98.4257 1.0000e-12          0     0.5042     0.5143     0.0569     0.1172     4.5788     0.0000     0.0084     0.0000     0.5034     0.5135    34.6160    34.6977    26.7211    26.7897      1.075      1.044      0.377      0.366 0.0000e+00
      13376    557.308    368.620 -109.94006   21.88848    366.000     9.6282     9.5998 3.7532e+04   3.758333     0.0615     0.0633    98.4315 1.0000e-12          0     0.5042     0.5144     0.0572     0.1171     4.5791     0.0000     0.0085     0.0000     0.5034     0.5136    34.6174    34.6973    26.7229    26.7901      1.143      1.153      0.401      0.405 0.0000e+00
      13413    558.839    369.628 -109.94006   21.88848    367.000     9.6283     9.5996 3.7534e+04   3.758575     0.0593     0.0635    98.4254 1.0000e-12          0     0.5041     0.5142     0.0569     0.1171     4.5788     0.0000     0.0084     0.0000     0.5036     0.5136    34.6189    34.6996    26.7240    26.7919      1.133      1.080      0.397      0.379 0.0000e+00
      13438    559.877    370.636 -109.94006   21.88848    368.000     9.6136     9.5846 3.7521e+04   3.757292     0.0674     0.0629    98.4391 1.0000e-12          0     0.5041     0.5142     0.0577     0.1171     4.5794     0.0000     0.0085     0.0000     0.5036     0.5137    34.6186    34.7003    26.7263    26.7949      1.141      1.128      0.400      0.396 0.0000e+00
      13458    560.710    371.644 -109.94006   21.88848    369.000     9.6013     9.5726 3.7510e+04   3.756155     0.0645     0.0635    98.4257 1.0000e-12          0     0.5042     0.5142     0.0575     0.1171     4.5788     0.0000     0.0085     0.0000     0.5036     0.5135    34.6188    34.6997    26.7284    26.7965      1.066      1.015      0.374      0.356 0.0000e+00
      13476    561.457    372.652 -109.94006   21.88848    370.000     9.5911     9.5620 3.7500e+04   3.755252     0.0661     0.0630    98.4381 1.0000e-12          0     0.5042     0.5145     0.0576     0.1172     4.5794     0.0000     0.0081     0.0000     0.5034     0.5134    34.6183    34.7002    26.7298    26.7986      1.067      1.040      0.374      0.365 0.0000e+00
      13493    562.164    373.661 -109.94006   21.88848    371.000     9.5730     9.5439 3.7483e+04   3.753506     0.0603     0.0629    98.4412 1.0000e-12          0     0.5042     0.5142     0.0570     0.1171     4.5795     0.0000     0.0085     0.0000     0.5035     0.5135    34.6173    34.6992    26.7320    26.8008      1.075      1.132      0.377      0.397 0.0000e+00
      13510    562.875    374.669 -109.94006   21.88848    372.000     9.5557     9.5269 3.7465e+04   3.751792     0.0526     0.0625    98.4503 1.0000e-12          0     0.5043     0.5144     0.0563     0.1172     4.5799     0.0000     0.0085     0.0000     0.5034     0.5134    34.6152    34.6974    26.7333    26.8023      1.067      1.116      0.374      0.391 0.0000e+00
      13529    563.673    375.677 -109.94006   21.88848    373.000     9.5447     9.5161 3.7454e+04   3.750684     0.0667     0.0624    98.4519 1.0000e-12          0     0.5043     0.5144     0.0577     0.1172     4.5800     0.0000     0.0083     0.0000     0.5035     0.5136    34.6142    34.6960    26.7343    26.8029      1.195      1.142      0.419      0.400 0.0000e+00
      13555    564.758    376.685 -109.94006   21.88849    374.000     9.5354     9.5068 3.7446e+04   3.749758     0.0662     0.0624    98.4520 1.0000e-12          0     0.5042     0.5141     0.0576     0.1172     4.5800     0.0000     0.0083     0.0000     0.5036     0.5134    34.6140    34.6949    26.7357    26.8037      1.116      1.003      0.391      0.351 0.0000e+00
      13596    566.478    377.693 -109.94006   21.88850    375.000     9.5088     9.4802 3.7419e+04   3.747108     0.0614     0.0629    98.4403 1.0000e-12          0     0.5041     0.5142     0.0571     0.1172     4.5795     0.0000     0.0085     0.0000     0.5035     0.5133    34.6111    34.6928    26.7378    26.8064      1.128      1.076      0.395      0.377 0.0000e+00
      13638    568.216    378.701 -109.94006   21.88850    376.000     9.4975     9.4687 3.7408e+04   3.745953     0.0549     0.0624    98.4519 1.0000e-12          0     0.5043     0.5142     0.0565     0.1172     4.5800     0.0000     0.0083     0.0000     0.5036     0.5134    34.6105    34.6915    26.7392    26.8073      1.078      1.104      0.377      0.386 0.0000e+00
      13666    569.386    379.709 -109.94006   21.88850    377.000     9.4585     9.4291 3.7369e+04   3.742195     0.0685     0.0632    98.4333 1.0000e-12          0     0.5042     0.5140     0.0579     0.1172     4.5791     0.0000     0.0084     0.0000     0.5034     0.5135    34.6072    34.6905    26.7431    26.8130      1.113      1.155      0.389      0.404 0.0000e+00
      13689    570.345    380.717 -109.94006   21.88850    378.000     9.4424     9.4140 3.7354e+04   3.740629     0.0680     0.0640    98.4114 1.0000e-12          0     0.5042     0.5140     0.0578     0.1175     4.5781     0.0000     0.0084     0.0000     0.5036     0.5136    34.6070    34.6884    26.7456    26.8139      1.187      1.093      0.415      0.382 0.0000e+00
      13710    571.204    381.725 -109.94006   21.88850    379.000     9.4288     9.3996 3.7341e+04   3.739248     0.0684     0.0633    98.4284 1.0000e-12          0     0.5043     0.5141     0.0578     0.1172     4.5789     0.0000     0.0084     0.0000     0.5036     0.5135    34.6058    34.6877    26.7469    26.8157      0.997      1.111      0.348      0.388 0.0000e+00
      13729    572.019    382.734 -109.94006   21.88850    380.000     9.4085     9.3795 3.7320e+04   3.737305     0.0644     0.0626    98.4469 1.0000e-12          0     0.5043     0.5142     0.0575     0.1172     4.5798     0.0000     0.0082     0.0000     0.5032     0.5136    34.6040    34.6865    26.7488    26.8181      1.073      1.109      0.375      0.387 0.0000e+00
      13749    572.841    383.742 -109.94006   21.88850    381.000     9.3855     9.3566 3.7298e+04   3.735121     0.0662     0.0626    98.4483 1.0000e-12          0     0.5041     0.5142     0.0576     0.1172     4.5798     0.0000     0.0084     0.0000     0.5035     0.5135    34.6024    34.6855    26.7513    26.8211      1.207      0.994      0.421      0.347 0.0000e+00
      13770    573.712    384.750 -109.94006   21.88850    382.000     9.3753     9.3470 3.7291e+04   3.734179     0.0674     0.0624    98.4520 1.0000e-12          0     0.5043     0.5143     0.0577     0.1172     4.5800     0.0000     0.0084     0.0000     0.5035     0.5133    34.6046    34.6846    26.7547    26.8220      1.114      1.052      0.389      0.367 0.0000e+00
      13793    574.648    385.758 -109.94006   21.88850    383.000     9.3720     9.3433 3.7289e+04   3.734064     0.0671     0.0624    98.4520 1.0000e-12          0     0.5043     0.5142     0.0577     0.1171     4.5800     0.0000     0.0084     0.0000     0.5035     0.5134    34.6053    34.6865    26.7558    26.8241      1.051      1.144      0.367      0.399 0.0000e+00
      13818    575.715    386.766 -109.94006   21.88848    384.000     9.3623     9.3337 3.7279e+04   3.733093     0.0644     0.0624    98.4529 1.0000e-12          0     0.5041     0.5143     0.0574     0.1170     4.5800     0.0000     0.0085     0.0000     0.5035     0.5135    34.6043    34.6853    26.7567    26.8247      1.181      1.097      0.412      0.382 0.0000e+00
      13847    576.914    387.774 -109.94006   21.88848    385.000     9.3530     9.3244 3.7270e+04   3.732206     0.0626     0.0621    98.4592 1.0000e-12          0     0.5043     0.5140     0.0573     0.1172     4.5803     0.0000     0.0084     0.0000     0.5036     0.5134    34.6031    34.6846    26.7573    26.8257      1.109      1.046      0.387      0.365 0.0000e+00
