data/ctd-cnv/KM1919/KM1919-St22-P3/St22_P3_cast78-align-cellTM-derive-bin.cnv
* Sea-Bird SBE 9 Data File:
* FileName = C:\Users\otg\Desktop\CTD Data\km1920\St22_P3_cast78.hex
* Software Version Seasave V 7.26.7.107
* Temperature SN = 5554
* Conductivity SN = 3876
* Number of Bytes Per Scan = 41
* Number of Voltage Words = 4
* Number of Scans Averaged by the Deck Unit = 1
* NMEA Latitude = 21 59.69 N
* NMEA Longitude = 109 53.25 W
* NMEA UTC (Time) = Oct 17 2019  20:23:44
* NMEA baud rate = 4800
** Ship: Kilo Moana
** Station: St22  P3 cast 78
** Operator: gr
# nquan = 34
# nvalues = 252                         
# units = specified
# name 0 = scan: Scan Count
# name 1 = timeS: Time, Elapsed [seconds]
# name 2 = prDM: Pressure, Digiquartz [db]
# name 3 = longitude: Longitude [deg]
# name 4 = latitude: Latitude [deg]
# name 5 = depSM: Depth [salt water, m]
# name 6 = t090C: Temperature [ITS-90, deg C]
# name 7 = t190C: Temperature, 2 [ITS-90, deg C]
# name 8 = c0uS/cm: Conductivity [uS/cm]
# name 9 = c1S/m: Conductivity, 2 [S/m]
# name 10 = flECO-AFL: Fluorescence, WET Labs ECO-AFL/FL [mg/m^3]
# name 11 = CStarAt0: Beam Attenuation, WET Labs C-Star [1/m]
# name 12 = CStarTr0: Beam Transmission, WET Labs C-Star [%]
# name 13 = par: PAR/Irradiance, Biospherical/Licor
# name 14 = modError: Modulo Error Count
# name 15 = v0: Voltage 0
# name 16 = v1: Voltage 1
# name 17 = v2: Voltage 2
# name 18 = v3: Voltage 3
# name 19 = v4: Voltage 4
# name 20 = v5: Voltage 5
# name 21 = v6: Voltage 6
# name 22 = v7: Voltage 7
# name 23 = sbeox0V: Oxygen raw, SBE 43 [V]
# name 24 = sbeox1V: Oxygen raw, SBE 43, 2 [V]
# name 25 = sal00: Salinity, Practical [PSU]
# name 26 = sal11: Salinity, Practical, 2 [PSU]
# name 27 = sigma-é00: Density [sigma-theta, kg/m^3]
# name 28 = sigma-é11: Density, 2 [sigma-theta, kg/m^3]
# name 29 = sbeox0Mm/L: Oxygen, SBE 43 [umol/l], WS = 2
# name 30 = sbeox1Mm/L: Oxygen, SBE 43, 2 [umol/l], WS = 2
# name 31 = sbeox0PS: Oxygen, SBE 43 [% saturation], WS = 2
# name 32 = sbeox1PS: Oxygen, SBE 43, 2 [% saturation], WS = 2
# name 33 = flag: flag
# span 0 =       -252,      14274       
# span 1 =    -10.542,    594.703       
# span 2 =      2.013,    254.743       
# span 3 = -109.88752, -109.88730       
# span 4 =   21.99441,   21.99474       
# span 5 =      2.000,    253.000       
# span 6 =    11.2825,    27.8499       
# span 7 =    11.2571,    27.8137       
# span 8 = 3.9137e+04, 5.5596e+04       
# span 9 =   3.919312,   5.567396       
# span 10 =     0.0411,     1.5274      
# span 11 =     0.0661,     0.1549      
# span 12 =    96.2004,    98.3601      
# span 13 = -2.139e-06, 2.7146e+03      
# span 14 =          0,          0      
# span 15 =     0.5038,     2.4563      
# span 16 =     0.5139,     2.4498      
# span 17 =     0.0551,     0.2037      
# span 18 =     0.1123,     0.1153      
# span 19 =     4.4752,     4.5757      
# span 20 =     0.0000,     0.0000      
# span 21 =     0.0080,     4.6119      
# span 22 =     0.0000,     0.0000      
# span 23 =     0.5031,     2.4603      
# span 24 =     0.5134,     2.4444      
# span 25 =    33.9312,    34.7660      
# span 26 =    34.0224,    34.8500      
# span 27 =    22.1924,    26.5078      
# span 28 =    22.2654,    26.5748      
# span 29 =      0.859,    238.171      
# span 30 =      0.979,    249.492      
# span 31 =      0.313,    105.322      
# span 32 =      0.357,    110.546      
# span 33 = 0.0000e+00, 0.0000e+00      
# interval = meters: 1                  
# start_time = Oct 17 2019 20:27:22 [NMEA time, first data scan]
# bad_flag = -9.990e-29
*END*
[from data line 86]
       5141    214.164     88.571 -109.88746   21.99462     88.000    14.8753    14.8422 4.2057e+04   4.210992     0.5001     0.0872    97.8423 2.1239e+00          0     1.0846     1.0997     0.1010     0.1126     4.5516     0.0000     1.3606     0.0000     1.0384     1.0614    34.2901    34.3678    25.4547    25.5217     69.114     77.084     27.000     30.108 0.0000e+00
       5184    215.940     89.577 -109.88746   21.99462     89.000    14.9135    14.8816 4.2126e+04   4.218034     0.4556     0.0849    97.9008 2.0185e+00          0     1.0668     1.0856     0.0966     0.1126     4.5543     0.0000     1.3394     0.0000     1.0098     1.0326    34.3191    34.3968    25.4687    25.5356     65.985     72.852     25.802     28.483 0.0000e+00
       5229    217.813     90.584 -109.88746   21.99462     90.000    14.9355    14.9042 4.2167e+04   4.222488     0.4479     0.0842    97.9165 1.9028e+00          0     1.0361     1.0592     0.0958     0.1126     4.5551     0.0000     1.3150     0.0000     0.9843     1.0057    34.3366    34.4170    25.4775    25.5463     62.955     69.472     24.631     27.177 0.0000e+00
       5290    220.366     91.591 -109.88746   21.99462     91.000    14.9646    14.9322 4.2220e+04   4.227551     0.4408     0.0836    97.9321 1.7978e+00          0     0.9973     1.0191     0.0951     0.1126     4.5558     0.0000     1.2917     0.0000     0.9484     0.9724    34.3588    34.4381    25.4883    25.5565     55.021     63.931     21.542     25.026 0.0000e+00
       5338    222.367     92.597 -109.88746   21.99462     92.000    15.0026    14.9707 4.2287e+04   4.233876     0.4203     0.0836    97.9301 1.7041e+00          0     0.9711     0.9925     0.0930     0.1125     4.5557     0.0000     1.2696     0.0000     0.8732     0.9184    34.3858    34.4613    25.5009    25.5660     32.152     48.451     12.599     18.983 0.0000e+00
       5379    224.103     93.604 -109.88746   21.99462     93.000    15.1314    15.1001 4.2520e+04   4.256671     0.4128     0.0827    97.9545 1.6030e+00          0     0.9439     0.9694     0.0923     0.1124     4.5568     0.0000     1.2445     0.0000     0.7843     0.8317    34.4834    34.5538    25.5479    25.6090     25.153     35.747      9.888     14.049 0.0000e+00
       5440    226.631     94.611 -109.88746   21.99461     94.000    15.2305    15.1966 4.2676e+04   4.272809     0.3957     0.0810    97.9942 1.4751e+00          0     0.8325     0.8812     0.0906     0.1125     4.5587     0.0000     1.2107     0.0000     0.7153     0.7506    34.5370    34.6145    25.5674    25.6347     22.891     29.455      9.020     11.604 0.0000e+00
       5496    228.940     95.618 -109.88746   21.99460     95.000    15.1386    15.0984 4.2604e+04   4.266934     0.3890     0.0806    98.0064 1.3925e+00          0     0.7404     0.7800     0.0899     0.1124     4.5592     0.0000     1.1872     0.0000     0.6777     0.7061    34.5526    34.6477    25.5997    25.6818     21.468     25.320      8.444      9.958 0.0000e+00
       5561    231.650     96.624 -109.88746   21.99460     96.000    14.9333    14.8950 4.2390e+04   4.244721     0.3464     0.0783    98.0618 1.3008e+00          0     0.6927     0.7235     0.0856     0.1124     4.5618     0.0000     1.1596     0.0000     0.6648     0.6859    34.5396    34.6255    25.6347    25.7093     21.728     24.623      8.511      9.643 0.0000e+00
       5634    234.694     97.631 -109.88745   21.99460     97.000    14.8054    14.7684 4.2263e+04   4.232463     0.3356     0.0784    98.0580 1.1985e+00          0     0.6667     0.6875     0.0845     0.1125     4.5617     0.0000     1.1267     0.0000     0.6495     0.6702    34.5368    34.6256    25.6604    25.7369     17.859     22.049      6.978      8.613 0.0000e+00
       5665    235.981     98.638 -109.88744   21.99460     98.000    14.6580    14.6189 4.2120e+04   4.218643     0.3168     0.0789    98.0474 1.1299e+00          0     0.6626     0.6819     0.0827     0.1124     4.5611     0.0000     1.1031     0.0000     0.6334     0.6579    34.5362    34.6318    25.6918    25.7740     14.028     18.910      5.465      7.366 0.0000e+00
       5699    237.399     99.645 -109.88744   21.99460     99.000    14.4803    14.4445 4.1969e+04   4.203344     0.3011     0.0763    98.1095 1.0612e+00          0     0.6554     0.6753     0.0811     0.1124     4.5640     0.0000     1.0780     0.0000     0.6205     0.6394    34.5555    34.6465    25.7449    25.8228     15.405     16.650      5.980      6.463 0.0000e+00
       5791    241.268    100.651 -109.88744   21.99458    100.000    14.5129    14.4478 4.2015e+04   4.205269     0.2719     0.0763    98.1096 9.7659e-01          0     0.6193     0.6382     0.0782     0.1125     4.5640     0.0000     1.0454     0.0000     0.5985     0.6150    34.5684    34.6609    25.7479    25.8332     10.987     14.592      4.269      5.665 0.0000e+00
       5843    243.431    101.658 -109.88744   21.99458    101.000    14.2611    14.2247 4.1791e+04   4.185450     0.2429     0.0761    98.1164 9.2777e-01          0     0.6114     0.6258     0.0753     0.1124     4.5644     0.0000     1.0250     0.0000     0.5826     0.6015    34.5857    34.6774    25.8149    25.8935     10.338     12.702      3.997      4.910 0.0000e+00
       5883    245.071    102.665 -109.88744   21.99458    102.000    14.2063    14.1728 4.1743e+04   4.180304     0.2146     0.0751    98.1401 8.5117e-01          0     0.5927     0.6130     0.0724     0.1124     4.5654     0.0000     0.9913     0.0000     0.5741     0.5934    34.5902    34.6760    25.8301    25.9034      8.652     11.305      3.341      4.365 0.0000e+00
       5936    247.311    103.672 -109.88744   21.99459    103.000    14.1371    14.1033 4.1701e+04   4.176015     0.2301     0.0751    98.1383 7.8350e-01          0     0.5816     0.6005     0.0740     0.1123     4.5654     0.0000     0.9592     0.0000     0.5616     0.5804    34.6126    34.6983    25.8620    25.9353      7.537      9.471      2.907      3.652 0.0000e+00
       5999    249.929    104.679 -109.88744   21.99460    104.000    14.1264    14.0925 4.1701e+04   4.175956     0.2024     0.0747    98.1509 7.2212e-01          0     0.5671     0.5862     0.0712     0.1124     4.5659     0.0000     0.9279     0.0000     0.5535     0.5701    34.6224    34.7071    25.8719    25.9444      6.331      8.194      2.441      3.159 0.0000e+00
       6075    253.087    105.685 -109.88744   21.99460    105.000    14.1482    14.1184 4.1763e+04   4.182475     0.1774     0.0737    98.1751 6.7589e-01          0     0.5559     0.5721     0.0688     0.1123     4.5671     0.0000     0.9029     0.0000     0.5343     0.5529    34.6595    34.7439    25.8960    25.9675      2.886      5.092      1.114      1.965 0.0000e+00
       6114    254.694    106.692 -109.88744   21.99458    106.000    14.1317    14.0992 4.1769e+04   4.182698     0.1510     0.0718    98.2194 6.3268e-01          0     0.5488     0.5657     0.0661     0.1125     4.5692     0.0000     0.8779     0.0000     0.5276     0.5448    34.6802    34.7628    25.9155    25.9862      3.085      4.488      1.190      1.731 0.0000e+00
       6148    256.122    107.699 -109.88744   21.99458    107.000    14.0992    14.0653 4.1748e+04   4.180760     0.1334     0.0715    98.2284 5.9034e-01          0     0.5378     0.5565     0.0643     0.1123     4.5696     0.0000     0.8520     0.0000     0.5237     0.5403    34.6892    34.7751    25.9293    26.0028      3.053      4.257      1.177      1.641 0.0000e+00
       6183    257.603    108.706 -109.88744   21.99458    108.000    14.0622    14.0296 4.1720e+04   4.177877     0.1369     0.0721    98.2132 5.5342e-01          0     0.5306     0.5483     0.0647     0.1123     4.5688     0.0000     0.8280     0.0000     0.5218     0.5374    34.6961    34.7801    25.9425    26.0142      3.187      4.091      1.228      1.576 0.0000e+00
       6296    262.294    109.712 -109.88743   21.99457    109.000    14.0538    14.0154 4.1716e+04   4.176869     0.1120     0.0684    98.3037 5.1514e-01          0     0.5208     0.5358     0.0622     0.1123     4.5730     0.0000     0.8020     0.0000     0.5189     0.5334    34.6990    34.7831    25.9465    26.0196      2.954      3.789      1.138      1.459 0.0000e+00
       6347    264.428    110.719 -109.88742   21.99456    110.000    13.9705    13.9367 4.1643e+04   4.170251     0.1122     0.0699    98.2681 5.0101e-01          0     0.5207     0.5354     0.0622     0.1123     4.5714     0.0000     0.7917     0.0000     0.5176     0.5319    34.7063    34.7922    25.9696    26.0431      2.671      3.549      1.027      1.365 0.0000e+00
       6373    265.513    111.726 -109.88742   21.99456    111.000    13.9236    13.8906 4.1606e+04   4.166629     0.0895     0.0691    98.2880 4.7614e-01          0     0.5199     0.5349     0.0599     0.1123     4.5723     0.0000     0.7734     0.0000     0.5167     0.5313    34.7140    34.7997    25.9854    26.0586      2.465      3.359      0.947      1.291 0.0000e+00
       6407    266.922    112.733 -109.88742   21.99456    112.000    13.8857    13.8521 4.1566e+04   4.162488     0.0883     0.0674    98.3278 4.5361e-01          0     0.5189     0.5335     0.0598     0.1123     4.5742     0.0000     0.7560     0.0000     0.5153     0.5298    34.7099    34.7956    25.9902    26.0634      2.333      3.106      0.896      1.192 0.0000e+00
       6468    269.463    113.740 -109.88742   21.99456    113.000    13.8665    13.8266 4.1546e+04   4.159668     0.0922     0.0671    98.3360 4.2274e-01          0     0.5171     0.5316     0.0602     0.1123     4.5746     0.0000     0.7309     0.0000     0.5139     0.5279    34.7087    34.7920    25.9933    26.0660      2.264      2.950      0.869      1.132 0.0000e+00
       6541    272.502    114.747 -109.88742   21.99456    114.000    13.8398    13.8081 4.1522e+04   4.157993     0.0769     0.0679    98.3163 3.7416e-01          0     0.5150     0.5288     0.0587     0.1123     4.5736     0.0000     0.6884     0.0000     0.5123     0.5261    34.7101    34.7927    25.9999    26.0704      1.905      2.641      0.731      1.013 0.0000e+00
       6592    274.614    115.753 -109.88742   21.99456    115.000    13.8223    13.7894 4.1509e+04   4.156667     0.0824     0.0676    98.3236 3.2510e-01          0     0.5139     0.5278     0.0592     0.1123     4.5740     0.0000     0.6409     0.0000     0.5108     0.5244    34.7130    34.7968    26.0059    26.0775      1.918      2.442      0.736      0.936 0.0000e+00
       6636    276.475    116.760 -109.88742   21.99456    116.000    13.7937    13.7616 4.1484e+04   4.154196     0.0878     0.0661    98.3601 2.8657e-01          0     0.5126     0.5266     0.0597     0.1123     4.5757     0.0000     0.5995     0.0000     0.5108     0.5238    34.7149    34.7985    26.0134    26.0846      1.941      2.401      0.744      0.920 0.0000e+00
       6681    278.326    117.767 -109.88742   21.99456    117.000    13.7813    13.7494 4.1474e+04   4.153130     0.0854     0.0667    98.3477 2.4726e-01          0     0.5116     0.5252     0.0595     0.1123     4.5751     0.0000     0.5527     0.0000     0.5098     0.5231    34.7168    34.7991    26.0174    26.0877      1.672      2.344      0.641      0.898 0.0000e+00
       6739    280.763    118.774 -109.88742   21.99456    118.000    13.7727    13.7393 4.1469e+04   4.152499     0.0781     0.0666    98.3506 2.1260e-01          0     0.5112     0.5243     0.0588     0.1123     4.5753     0.0000     0.5066     0.0000     0.5095     0.5227    34.7193    34.8020    26.0211    26.0920      1.874      2.322      0.718      0.889 0.0000e+00
       6812    283.798    119.781 -109.88742   21.99454    119.000    13.7312    13.6967 4.1427e+04   4.148412     0.0829     0.0667    98.3458 1.7565e-01          0     0.5104     0.5236     0.0593     0.1123     4.5750     0.0000     0.4522     0.0000     0.5113     0.5235    34.7171    34.8020    26.0280    26.1009      2.344      2.645      0.897      1.012 0.0000e+00
       6855    285.564    120.788 -109.88742   21.99454    120.000    13.6675    13.6355 4.1360e+04   4.141774     0.0883     0.0676    98.3236 1.5577e-01          0     0.5105     0.5234     0.0598     0.1123     4.5740     0.0000     0.4195     0.0000     0.5104     0.5238    34.7113    34.7949    26.0368    26.1081      1.469      2.303      0.562      0.880 0.0000e+00
       6891    287.083    121.795 -109.88740   21.99454    121.000    13.6261    13.5931 4.1336e+04   4.139607     0.0883     0.0698    98.2710 1.4439e-01          0     0.5121     0.5242     0.0598     0.1123     4.5716     0.0000     0.3997     0.0000     0.5087     0.5223    34.7266    34.8128    26.0572    26.1307      1.380      1.983      0.527      0.757 0.0000e+00
       6940    289.123    122.801 -109.88740   21.99454    122.000    13.5769    13.5446 4.1295e+04   4.135211     0.1171     0.0722    98.2107 1.3179e-01          0     0.5112     0.5244     0.0627     0.1123     4.5688     0.0000     0.3766     0.0000     0.5075     0.5205    34.7317    34.8151    26.0713    26.1425      1.363      1.873      0.520      0.715 0.0000e+00
       7001    291.669    123.808 -109.88740   21.99454    123.000    13.5639    13.5318 4.1287e+04   4.134415     0.1225     0.0723    98.2085 1.2322e-01          0     0.5088     0.5220     0.0633     0.1123     4.5687     0.0000     0.3601     0.0000     0.5071     0.5197    34.7361    34.8189    26.0774    26.1481      1.504      1.859      0.574      0.709 0.0000e+00
       7070    294.541    124.815 -109.88740   21.99454    124.000    13.5540    13.5211 4.1288e+04   4.134463     0.1074     0.0712    98.2366 1.2249e-01          0     0.5079     0.5206     0.0618     0.1123     4.5700     0.0000     0.3588     0.0000     0.5079     0.5202    34.7454    34.8287    26.0867    26.1579      1.799      2.083      0.686      0.794 0.0000e+00
       7117    296.513    125.822 -109.88740   21.99454    125.000    13.5111    13.4786 4.1252e+04   4.131021     0.1066     0.0688    98.2955 1.2088e-01          0     0.5080     0.5205     0.0617     0.1123     4.5727     0.0000     0.3556     0.0000     0.5083     0.5207    34.7500    34.8347    26.0990    26.1713      1.599      2.043      0.610      0.779 0.0000e+00
       7150    297.878    126.829 -109.88740   21.99454    126.000    13.4570    13.4239 4.1202e+04   4.126148     0.0934     0.0693    98.2833 1.1139e-01          0     0.5089     0.5210     0.0603     0.1123     4.5721     0.0000     0.3364     0.0000     0.5076     0.5203    34.7520    34.8382    26.1117    26.1853      1.318      1.877      0.502      0.714 0.0000e+00
       7190    299.562    127.836 -109.88740   21.99454    127.000    13.4242    13.3927 4.1173e+04   4.123040     0.1001     0.0731    98.1891 1.0894e-01          0     0.5092     0.5215     0.0611     0.1124     4.5678     0.0000     0.3313     0.0000     0.5071     0.5196    34.7537    34.8370    26.1198    26.1907      1.469      1.827      0.559      0.695 0.0000e+00
       7257    302.314    128.843 -109.88740   21.99454    128.000    13.4248    13.3919 4.1174e+04   4.122891     0.0901     0.0734    98.1829 1.0278e-01          0     0.5082     0.5208     0.0600     0.1123     4.5675     0.0000     0.3182     0.0000     0.5071     0.5193    34.7537    34.8359    26.1197    26.1900      1.499      1.815      0.570      0.691 0.0000e+00
       7330    305.365    129.850 -109.88740   21.99454    129.000    13.4040    13.3710 4.1154e+04   4.121076     0.0883     0.0731    98.1897 1.0352e-01          0     0.5079     0.5201     0.0598     0.1134     4.5678     0.0000     0.3199     0.0000     0.5071     0.5190    34.7534    34.8374    26.1237    26.1955      1.500      1.775      0.571      0.675 0.0000e+00
