data/ctd-cnv/KM1919/KM1919-St22-P3/St22_P3_cast65-align-cellTM-derive-bin.cnv
* Sea-Bird SBE 9 Data File:
* FileName = C:\Users\otg\Desktop\CTD Data\km1920\St22_P3_cast65.hex
* Software Version Seasave V 7.26.7.107
* Temperature SN = 5554
* Conductivity SN = 3876
* Number of Bytes Per Scan = 41
* Number of Voltage Words = 4
* Number of Scans Averaged by the Deck Unit = 1
* NMEA Latitude = 21 50.59 N
* NMEA Longitude = 109 59.06 W
* NMEA UTC (Time) = Oct 15 2019  15:01:25
* NMEA baud rate = 4800
** Ship: Kilo Moana
** Station: St22  P3 cast 65
** Operator: cf
** Al's cast
# nquan = 34
# nvalues = 503                         
# units = specified
# name 0 = scan: Scan Count
# name 1 = timeS: Time, Elapsed [seconds]
# name 2 = prDM: Pressure, Digiquartz [db]
# name 3 = longitude: Longitude [deg]
# name 4 = latitude: Latitude [deg]
# name 5 = depSM: Depth [salt water, m]
# name 6 = t090C: Temperature [ITS-90, deg C]
# name 7 = t190C: Temperature, 2 [ITS-90, deg C]
# name 8 = c0uS/cm: Conductivity [uS/cm]
# name 9 = c1S/m: Conductivity, 2 [S/m]
# name 10 = flECO-AFL: Fluorescence, WET Labs ECO-AFL/FL [mg/m^3]
# name 11 = CStarAt0: Beam Attenuation, WET Labs C-Star [1/m]
# name 12 = CStarTr0: Beam Transmission, WET Labs C-Star [%]
# name 13 = par: PAR/Irradiance, Biospherical/Licor
# name 14 = modError: Modulo Error Count
# name 15 = v0: Voltage 0
# name 16 = v1: Voltage 1
# name 17 = v2: Voltage 2
# name 18 = v3: Voltage 3
# name 19 = v4: Voltage 4
# name 20 = v5: Voltage 5
# name 21 = v6: Voltage 6
# name 22 = v7: Voltage 7
# name 23 = sbeox0V: Oxygen raw, SBE 43 [V]
# name 24 = sbeox1V: Oxygen raw, SBE 43, 2 [V]
# name 25 = sal00: Salinity, Practical [PSU]
# name 26 = sal11: Salinity, Practical, 2 [PSU]
# name 27 = sigma-é00: Density [sigma-theta, kg/m^3]
# name 28 = sigma-é11: Density, 2 [sigma-theta, kg/m^3]
# name 29 = sbeox0Mm/L: Oxygen, SBE 43 [umol/l], WS = 2
# name 30 = sbeox1Mm/L: Oxygen, SBE 43, 2 [umol/l], WS = 2
# name 31 = sbeox0PS: Oxygen, SBE 43 [% saturation], WS = 2
# name 32 = sbeox1PS: Oxygen, SBE 43, 2 [% saturation], WS = 2
# name 33 = flag: flag
# span 0 =         37,      19027       
# span 1 =      1.509,    792.753       
# span 2 =      1.006,    506.768       
# span 3 = -109.98438, -109.98430       
# span 4 =   21.84316,   21.84320       
# span 5 =      1.000,    503.000       
# span 6 =     7.8930,    27.5914       
# span 7 =     7.8679,    27.5442       
# span 8 = 3.5917e+04, 5.5241e+04       
# span 9 =   3.596751,   5.531272       
# span 10 =     0.0427,     1.1143      
# span 11 =     0.0568,     0.1218      
# span 12 =    97.0000,    98.5906      
# span 13 = -1.170e-05, 9.4394e+02      
# span 14 =          0,          0      
# span 15 =     0.5031,     2.5084      
# span 16 =     0.5129,     2.4988      
# span 17 =     0.0552,     0.1624      
# span 18 =     0.1123,     0.1177      
# span 19 =     4.5124,     4.5864      
# span 20 =     0.0000,     0.0000      
# span 21 =     0.0081,     3.9211      
# span 22 =     0.0000,     0.0000      
# span 23 =     0.5024,     2.5097      
# span 24 =     0.5123,     2.5013      
# span 25 =    33.9520,    34.7764      
# span 26 =    34.0611,    34.8597      
# span 27 =    22.2329,    26.9413      
# span 28 =    22.3127,    27.0067      
# span 29 =      0.840,    240.291      
# span 30 =      0.858,    251.472      
# span 31 =      0.293,    108.199      
# span 32 =      0.291,    113.373      
# span 33 = 0.0000e+00, 0.0000e+00      
# interval = meters: 1                  
# start_time = Oct 15 2019 15:04:34 [NMEA time, first data scan]
# bad_flag = -9.990e-29
*END*
[from data line 129]
       5074    211.374    130.855 -109.98436   21.84318    130.000    13.6822    13.6512 4.1406e+04   4.146527     0.0846     0.0581    98.5559 2.0785e-02          0     0.5144     0.5287     0.0594     0.1131     4.5848     0.0000     0.0915     0.0000     0.5141     0.5277    34.7370    34.8210    26.0539    26.1254      2.564      3.202      0.980      1.224 0.0000e+00
       5095    212.269    131.862 -109.98436   21.84318    131.000    13.6667    13.6338 4.1394e+04   4.145207     0.0763     0.0590    98.5350 1.1842e-02          0     0.5140     0.5281     0.0586     0.1144     4.5838     0.0000     0.0577     0.0000     0.5142     0.5274    34.7394    34.8241    26.0590    26.1314      2.365      2.932      0.904      1.121 0.0000e+00
       5116    213.109    132.869 -109.98436   21.84318    132.000    13.6477    13.6136 4.1378e+04   4.143676     0.0761     0.0581    98.5571 9.0161e-03          0     0.5141     0.5278     0.0586     0.1123     4.5849     0.0000     0.0467     0.0000     0.5134     0.5271    34.7415    34.8277    26.0646    26.1383      2.174      2.905      0.831      1.110 0.0000e+00
       5137    213.987    133.876 -109.98436   21.84318    133.000    13.6122    13.5786 4.1348e+04   4.140645     0.0651     0.0581    98.5570 7.2554e-03          0     0.5147     0.5278     0.0575     0.1123     4.5849     0.0000     0.0395     0.0000     0.5133     0.5268    34.7453    34.8306    26.0749    26.1478      2.315      2.872      0.884      1.097 0.0000e+00
       5164    215.105    134.883 -109.98436   21.84318    134.000    13.5938    13.5613 4.1332e+04   4.139031     0.0727     0.0585    98.5464 7.3362e-03          0     0.5150     0.5285     0.0583     0.1141     4.5844     0.0000     0.0399     0.0000     0.5132     0.5264    34.7468    34.8308    26.0799    26.1516      2.361      2.863      0.902      1.093 0.0000e+00
       5216    217.307    135.890 -109.98435   21.84318    135.000    13.5797    13.5493 4.1320e+04   4.137919     0.0759     0.0591    98.5332 1.5797e-03          0     0.5142     0.5277     0.0586     0.1139     4.5837     0.0000     0.0154     0.0000     0.5132     0.5260    34.7480    34.8309    26.0838    26.1541      2.368      2.809      0.904      1.072 0.0000e+00
       5283    220.082    136.897 -109.98434   21.84318    136.000    13.5661    13.5338 4.1309e+04   4.136728     0.0758     0.0584    98.5491 7.1632e-04          0     0.5140     0.5270     0.0586     0.1147     4.5845     0.0000     0.0115     0.0000     0.5140     0.5268    34.7496    34.8334    26.0878    26.1593      2.876      3.264      1.097      1.245 0.0000e+00
       5317    221.489    137.904 -109.98436   21.84318    137.000    13.5349    13.5011 4.1283e+04   4.134095     0.0757     0.0583    98.5523 1.0566e-03          0     0.5140     0.5267     0.0586     0.1148     4.5847     0.0000     0.0132     0.0000     0.5155     0.5282    34.7525    34.8380    26.0965    26.1696      2.941      3.338      1.122      1.273 0.0000e+00
       5344    222.638    138.911 -109.98436   21.84318    138.000    13.5020    13.4694 4.1255e+04   4.131208     0.0638     0.0585    98.5482 -1.170e-05          0     0.5140     0.5270     0.0574     0.1148     4.5845     0.0000     0.0084     0.0000     0.5158     0.5287    34.7554    34.8393    26.1055    26.1771      2.986      3.407      1.138      1.298 0.0000e+00
       5370    223.721    139.917 -109.98436   21.84318    139.000    13.4815    13.4489 4.1236e+04   4.129365     0.0621     0.0591    98.5321 1.0000e-12          0     0.5153     0.5278     0.0572     0.1148     4.5837     0.0000     0.0085     0.0000     0.5166     0.5290    34.7560    34.8403    26.1102    26.1821      3.069      3.408      1.169      1.298 0.0000e+00
       5398    224.856    140.924 -109.98436   21.84318    140.000    13.4672    13.4349 4.1223e+04   4.128016     0.0521     0.0583    98.5534 1.0000e-12          0     0.5163     0.5290     0.0562     0.1148     4.5847     0.0000     0.0084     0.0000     0.5168     0.5294    34.7565    34.8399    26.1136    26.1847      2.989      3.490      1.138      1.329 0.0000e+00
       5429    226.181    141.931 -109.98436   21.84318    141.000    13.4526    13.4204 4.1210e+04   4.126744     0.0510     0.0581    98.5569 1.0000e-12          0     0.5168     0.5295     0.0561     0.1148     4.5849     0.0000     0.0084     0.0000     0.5173     0.5297    34.7573    34.8408    26.1172    26.1884      3.046      3.453      1.160      1.314 0.0000e+00
       5464    227.628    142.938 -109.98436   21.84318    142.000    13.4386    13.4063 4.1198e+04   4.125530     0.0510     0.0585    98.5491 1.0000e-12          0     0.5176     0.5300     0.0561     0.1148     4.5845     0.0000     0.0084     0.0000     0.5167     0.5298    34.7578    34.8418    26.1205    26.1921      2.340      3.290      0.891      1.252 0.0000e+00
       5498    229.036    143.945 -109.98436   21.84318    143.000    13.4041    13.3714 4.1168e+04   4.122519     0.0427     0.0580    98.5604 1.0000e-12          0     0.5179     0.5305     0.0552     0.1147     4.5850     0.0000     0.0085     0.0000     0.5143     0.5278    34.7605    34.8448    26.1296    26.2015      1.992      2.737      0.758      1.041 0.0000e+00
       5536    230.614    144.952 -109.98436   21.84318    144.000    13.3790    13.3466 4.1147e+04   4.120434     0.0632     0.0602    98.5051 1.0000e-12          0     0.5180     0.5307     0.0573     0.1148     4.5824     0.0000     0.0085     0.0000     0.5132     0.5264    34.7634    34.8473    26.1370    26.2086      2.301      2.747      0.875      1.044 0.0000e+00
       5581    232.494    145.959 -109.98436   21.84318    145.000    13.3440    13.3116 4.1116e+04   4.117400     0.0606     0.0596    98.5223 1.0000e-12          0     0.5152     0.5289     0.0571     0.1148     4.5832     0.0000     0.0084     0.0000     0.5131     0.5255    34.7658    34.8503    26.1460    26.2180      2.300      2.723      0.874      1.034 0.0000e+00
       5622    234.193    146.966 -109.98436   21.84318    146.000    13.3209    13.2891 4.1095e+04   4.115192     0.0593     0.0584    98.5496 1.0000e-12          0     0.5140     0.5273     0.0569     0.1147     4.5845     0.0000     0.0084     0.0000     0.5130     0.5254    34.7667    34.8495    26.1514    26.2221      2.419      2.778      0.919      1.055 0.0000e+00
       5655    235.596    147.973 -109.98436   21.84318    147.000    13.2984    13.2657 4.1072e+04   4.113027     0.0544     0.0581    98.5567 1.0000e-12          0     0.5140     0.5265     0.0565     0.1147     4.5849     0.0000     0.0085     0.0000     0.5132     0.5254    34.7654    34.8501    26.1550    26.2272      2.553      2.863      0.969      1.087 0.0000e+00
       5691    237.071    148.980 -109.98436   21.84318    148.000    13.2661    13.2336 4.1039e+04   4.109709     0.0637     0.0581    98.5570 1.0000e-12          0     0.5137     0.5263     0.0574     0.1147     4.5849     0.0000     0.0085     0.0000     0.5142     0.5263    34.7629    34.8476    26.1597    26.2319      2.926      3.146      1.110      1.193 0.0000e+00
       5722    238.375    149.987 -109.98436   21.84318    149.000    13.2423    13.2100 4.1016e+04   4.107395     0.0548     0.0581    98.5570 1.0000e-12          0     0.5139     0.5263     0.0565     0.1148     4.5849     0.0000     0.0085     0.0000     0.5155     0.5273    34.7629    34.8469    26.1645    26.2361      2.952      3.291      1.119      1.247 0.0000e+00
       5749    239.516    150.994 -109.98436   21.84318    150.000    13.2274    13.1955 4.1003e+04   4.106023     0.0512     0.0581    98.5570 1.0000e-12          0     0.5141     0.5264     0.0562     0.1148     4.5849     0.0000     0.0085     0.0000     0.5156     0.5277    34.7637    34.8467    26.1682    26.2389      2.759      3.198      1.046      1.212 0.0000e+00
       5783    240.907    152.001 -109.98436   21.84318    151.000    13.2036    13.1713 4.0982e+04   4.103994     0.0505     0.0593    98.5273 1.0000e-12          0     0.5156     0.5274     0.0561     0.1147     4.5835     0.0000     0.0084     0.0000     0.5153     0.5277    34.7646    34.8493    26.1737    26.2458      2.486      3.066      0.942      1.161 0.0000e+00
       5828    242.775    153.008 -109.98436   21.84318    152.000    13.1707    13.1388 4.0950e+04   4.100760     0.0507     0.0589    98.5376 1.0000e-12          0     0.5164     0.5286     0.0561     0.1135     4.5840     0.0000     0.0084     0.0000     0.5144     0.5270    34.7644    34.8480    26.1802    26.2514      2.461      2.940      0.932      1.113 0.0000e+00
       5881    244.990    154.015 -109.98436   21.84318    153.000    13.1438    13.1123 4.0925e+04   4.098248     0.0510     0.0583    98.5518 1.0000e-12          0     0.5159     0.5284     0.0561     0.1143     4.5846     0.0000     0.0085     0.0000     0.5134     0.5260    34.7645    34.8480    26.1858    26.2568      2.047      2.658      0.774      1.005 0.0000e+00
       5920    246.612    155.022 -109.98436   21.84318    154.000    13.1124    13.0798 4.0895e+04   4.095176     0.0505     0.0592    98.5304 1.0000e-12          0     0.5152     0.5278     0.0561     0.1135     4.5836     0.0000     0.0085     0.0000     0.5113     0.5244    34.7640    34.8482    26.1917    26.2636      1.439      2.274      0.544      0.860 0.0000e+00
       5947    247.751    156.029 -109.98436   21.84318    155.000    13.0785    13.0453 4.0862e+04   4.092002     0.0502     0.0595    98.5242 1.0000e-12          0     0.5148     0.5275     0.0560     0.1132     4.5833     0.0000     0.0084     0.0000     0.5096     0.5225    34.7633    34.8493    26.1980    26.2714      1.317      1.888      0.498      0.713 0.0000e+00
       5972    248.784    157.036 -109.98436   21.84318    156.000    13.0294    12.9961 4.0816e+04   4.087629     0.0512     0.0620    98.4633 1.0000e-12          0     0.5140     0.5265     0.0561     0.1136     4.5805     0.0000     0.0085     0.0000     0.5084     0.5212    34.7648    34.8525    26.2091    26.2837      1.287      1.827      0.486      0.690 0.0000e+00
       5996    249.803    158.043 -109.98436   21.84318    157.000    12.9928    12.9594 4.0782e+04   4.083915     0.0571     0.0647    98.3945 1.0000e-12          0     0.5126     0.5256     0.0567     0.1148     4.5773     0.0000     0.0084     0.0000     0.5074     0.5203    34.7653    34.8504    26.2169    26.2895      1.234      1.783      0.466      0.672 0.0000e+00
       6023    250.916    159.050 -109.98436   21.84318    158.000    12.9669    12.9341 4.0759e+04   4.081709     0.0634     0.0654    98.3779 1.0000e-12          0     0.5110     0.5241     0.0573     0.1147     4.5765     0.0000     0.0083     0.0000     0.5071     0.5195    34.7667    34.8522    26.2231    26.2959      1.483      1.677      0.559      0.632 0.0000e+00
       6058    252.389    160.057 -109.98436   21.84318    159.000    12.9430    12.9115 4.0740e+04   4.079674     0.0630     0.0674    98.3286 1.0000e-12          0     0.5092     0.5220     0.0573     0.1148     4.5742     0.0000     0.0085     0.0000     0.5069     0.5187    34.7700    34.8533    26.2305    26.3013      1.366      1.679      0.515      0.633 0.0000e+00
       6106    254.393    161.064 -109.98436   21.84318    160.000    12.9378    12.9065 4.0737e+04   4.079316     0.0625     0.0700    98.2655 1.0000e-12          0     0.5078     0.5203     0.0573     0.1148     4.5713     0.0000     0.0084     0.0000     0.5063     0.5182    34.7712    34.8540    26.2325    26.3029      1.280      1.636      0.482      0.616 0.0000e+00
       6142    255.880    162.071 -109.98436   21.84318    161.000    12.9254    12.8935 4.0726e+04   4.078243     0.0635     0.0699    98.2682 1.0000e-12          0     0.5076     0.5195     0.0574     0.1148     4.5714     0.0000     0.0084     0.0000     0.5058     0.5181    34.7719    34.8553    26.2356    26.3066      1.281      1.693      0.482      0.638 0.0000e+00
       6180    257.478    163.078 -109.98436   21.84318    162.000    12.9087    12.8771 4.0710e+04   4.076665     0.0698     0.0712    98.2365 1.0000e-12          0     0.5072     0.5191     0.0580     0.1147     4.5699     0.0000     0.0084     0.0000     0.5058     0.5180    34.7716    34.8550    26.2386    26.3096      1.314      1.679      0.495      0.632 0.0000e+00
       6242    260.038    164.085 -109.98436   21.84318    163.000    12.8678    12.8435 4.0671e+04   4.073530     0.0621     0.0723    98.2087 1.0000e-12          0     0.5068     0.5188     0.0572     0.1148     4.5687     0.0000     0.0084     0.0000     0.5057     0.5181    34.7713    34.8555    26.2466    26.3167      1.307      1.678      0.492      0.631 0.0000e+00
       6287    261.901    165.093 -109.98436   21.84318    164.000    12.8072    12.7744 4.0612e+04   4.066972     0.0635     0.0729    98.1943 1.0000e-12          0     0.5067     0.5188     0.0574     0.1148     4.5680     0.0000     0.0085     0.0000     0.5055     0.5179    34.7706    34.8561    26.2581    26.3309      1.262      1.679      0.474      0.631 0.0000e+00
       6310    262.892    166.100 -109.98436   21.84318    165.000    12.7879    12.7558 4.0595e+04   4.065171     0.0627     0.0742    98.1633 1.0000e-12          0     0.5066     0.5188     0.0573     0.1148     4.5665     0.0000     0.0084     0.0000     0.5057     0.5178    34.7712    34.8556    26.2625    26.3342      1.341      1.577      0.504      0.592 0.0000e+00
       6330    263.698    167.107 -109.98436   21.84318    166.000    12.7731    12.7413 4.0581e+04   4.063866     0.0715     0.0742    98.1632 1.0000e-12          0     0.5066     0.5189     0.0581     0.1147     4.5665     0.0000     0.0084     0.0000     0.5055     0.5176    34.7719    34.8560    26.2660    26.3375      1.194      1.556      0.448      0.584 0.0000e+00
       6349    264.484    168.114 -109.98436   21.84318    167.000    12.7479    12.7153 4.0559e+04   4.061743     0.0712     0.0752    98.1368 1.0000e-12          0     0.5067     0.5187     0.0581     0.1148     4.5653     0.0000     0.0085     0.0000     0.5053     0.5177    34.7732    34.8592    26.2720    26.3451      1.061      1.665      0.398      0.625 0.0000e+00
       6371    265.427    169.121 -109.98436   21.84318    168.000    12.7298    12.6987 4.0544e+04   4.060115     0.0615     0.0761    98.1153 1.0000e-12          0     0.5064     0.5189     0.0572     0.1148     4.5643     0.0000     0.0084     0.0000     0.5050     0.5175    34.7748    34.8585    26.2768    26.3479      1.205      1.556      0.452      0.584 0.0000e+00
       6404    266.806    170.128 -109.98436   21.84318    169.000    12.7080    12.6768 4.0524e+04   4.058164     0.0635     0.0768    98.0992 1.0000e-12          0     0.5065     0.5185     0.0574     0.1148     4.5636     0.0000     0.0084     0.0000     0.5054     0.5174    34.7758    34.8597    26.2819    26.3531      1.443      1.570      0.541      0.589 0.0000e+00
       6460    269.124    171.135 -109.98436   21.84318    170.000    12.6924    12.6630 4.0510e+04   4.056827     0.0627     0.0763    98.1108 1.0000e-12          0     0.5059     0.5184     0.0573     0.1147     4.5641     0.0000     0.0084     0.0000     0.5050     0.5174    34.7764    34.8591    26.2855    26.3554      1.064      1.569      0.399      0.588 0.0000e+00
