data/ctd-cnv/KM1919/KM1919-St22-P3/St22_P3_cast76-align-cellTM-derive-bin.cnv
* Sea-Bird SBE 9 Data File:
* FileName = C:\Users\otg\Desktop\CTD Data\km1920\St22_P3_cast76.hex
* Software Version Seasave V 7.26.7.107
* Temperature SN = 5554
* Conductivity SN = 3876
* Number of Bytes Per Scan = 41
* Number of Voltage Words = 4
* Number of Scans Averaged by the Deck Unit = 1
* NMEA Latitude = 21 58.90 N
* NMEA Longitude = 109 55.13 W
* NMEA UTC (Time) = Oct 17 2019  12:53:29
* NMEA baud rate = 4800
** Ship: Kilo Moana
** Station: St22  P3 cast 76
** Operator: gr
# nquan = 34
# nvalues = 1001                        
# units = specified
# name 0 = scan: Scan Count
# name 1 = timeS: Time, Elapsed [seconds]
# name 2 = prDM: Pressure, Digiquartz [db]
# name 3 = longitude: Longitude [deg]
# name 4 = latitude: Latitude [deg]
# name 5 = depSM: Depth [salt water, m]
# name 6 = t090C: Temperature [ITS-90, deg C]
# name 7 = t190C: Temperature, 2 [ITS-90, deg C]
# name 8 = c0uS/cm: Conductivity [uS/cm]
# name 9 = c1S/m: Conductivity, 2 [S/m]
# name 10 = flECO-AFL: Fluorescence, WET Labs ECO-AFL/FL [mg/m^3]
# name 11 = CStarAt0: Beam Attenuation, WET Labs C-Star [1/m]
# name 12 = CStarTr0: Beam Transmission, WET Labs C-Star [%]
# name 13 = par: PAR/Irradiance, Biospherical/Licor
# name 14 = modError: Modulo Error Count
# name 15 = v0: Voltage 0
# name 16 = v1: Voltage 1
# name 17 = v2: Voltage 2
# name 18 = v3: Voltage 3
# name 19 = v4: Voltage 4
# name 20 = v5: Voltage 5
# name 21 = v6: Voltage 6
# name 22 = v7: Voltage 7
# name 23 = sbeox0V: Oxygen raw, SBE 43 [V]
# name 24 = sbeox1V: Oxygen raw, SBE 43, 2 [V]
# name 25 = sal00: Salinity, Practical [PSU]
# name 26 = sal11: Salinity, Practical, 2 [PSU]
# name 27 = sigma-é00: Density [sigma-theta, kg/m^3]
# name 28 = sigma-é11: Density, 2 [sigma-theta, kg/m^3]
# name 29 = sbeox0Mm/L: Oxygen, SBE 43 [umol/l], WS = 2
# name 30 = sbeox1Mm/L: Oxygen, SBE 43, 2 [umol/l], WS = 2
# name 31 = sbeox0PS: Oxygen, SBE 43 [% saturation], WS = 2
# name 32 = sbeox1PS: Oxygen, SBE 43, 2 [% saturation], WS = 2
# name 33 = flag: flag
# span 0 =       -138,      32734       
# span 1 =     -5.800,   1363.856       
# span 2 =      1.007,   1009.723       
# span 3 = -109.91486, -109.91478       
# span 4 =   21.97956,   21.98034       
# span 5 =      1.000,   1001.000       
# span 6 =     4.5977,    27.7084       
# span 7 =     4.5729,    27.6686       
# span 8 = 3.3130e+04, 5.5477e+04       
# span 9 =   3.317509,   5.555528       
# span 10 =     0.0391,     1.3300      
# span 11 =     0.0560,     0.1421      
# span 12 =    96.5090,    98.6098      
# span 13 = 1.0000e-12, 6.8453e+00      
# span 14 =          0,          0      
# span 15 =     0.5031,     2.4546      
# span 16 =     0.5130,     2.4354      
# span 17 =     0.0549,     0.1840      
# span 18 =     0.0653,     0.3356      
# span 19 =     4.4896,     4.5873      
# span 20 =     0.0000,     0.0000      
# span 21 =     0.0081,     1.8516      
# span 22 =     0.0000,     0.0000      
# span 23 =     0.5025,     2.4565      
# span 24 =     0.5123,     2.4382      
# span 25 =    33.9543,    34.7676      
# span 26 =    34.0413,    34.8520      
# span 27 =    22.2538,    27.3503      
# span 28 =    22.3306,    27.4146      
# span 29 =      0.842,    233.257      
# span 30 =      0.676,    246.291      
# span 31 =      0.290,    105.310      
# span 32 =      0.230,    109.609      
# span 33 = 0.0000e+00, 0.0000e+00      
# interval = meters: 1                  
# start_time = Oct 17 2019 13:07:23 [NMEA time, first data scan]
# bad_flag = -9.990e-29
*END*
[from data line 769]
      25327   1055.256    776.277 -109.91482   21.97968    770.000     5.6265     5.6004 3.3937e+04   3.398352     0.0502     0.0581    98.5570 1.0000e-12          0     0.5128     0.5225     0.0560     0.1149     4.5849     0.0000     0.0085     0.0000     0.5127     0.5221    34.5055    34.5850    27.2168    27.2829      3.266      3.122      1.046      1.000 0.0000e+00
      25345   1055.987    777.287 -109.91482   21.97968    771.000     5.6223     5.5965 3.3934e+04   3.397992     0.0538     0.0581    98.5570 1.0000e-12          0     0.5129     0.5223     0.0564     0.1172     4.5849     0.0000     0.0085     0.0000     0.5128     0.5222    34.5057    34.5844    27.2175    27.2829      3.115      3.057      0.997      0.979 0.0000e+00
      25362   1056.718    778.297 -109.91482   21.97968    772.000     5.6173     5.5914 3.3930e+04   3.397591     0.0584     0.0581    98.5570 1.0000e-12          0     0.5129     0.5224     0.0568     0.1171     4.5849     0.0000     0.0085     0.0000     0.5127     0.5221    34.5058    34.5846    27.2182    27.2837      3.200      3.023      1.025      0.968 0.0000e+00
      25381   1057.521    779.307 -109.91482   21.97968    773.000     5.6077     5.5818 3.3922e+04   3.396797     0.0638     0.0581    98.5570 1.0000e-12          0     0.5128     0.5225     0.0574     0.1171     4.5849     0.0000     0.0085     0.0000     0.5131     0.5223    34.5060    34.5850    27.2195    27.2851      3.413      3.020      1.093      0.967 0.0000e+00
      25405   1058.519    780.317 -109.91482   21.97968    774.000     5.6051     5.5795 3.3920e+04   3.396565     0.0639     0.0577    98.5669 1.0000e-12          0     0.5130     0.5223     0.0574     0.1172     4.5854     0.0000     0.0085     0.0000     0.5133     0.5222    34.5060    34.5841    27.2198    27.2848      3.369      2.947      1.078      0.943 0.0000e+00
      25441   1059.997    781.327 -109.91482   21.97968    775.000     5.6022     5.5767 3.3917e+04   3.396358     0.0570     0.0579    98.5626 1.0000e-12          0     0.5132     0.5226     0.0567     0.1171     4.5852     0.0000     0.0085     0.0000     0.5135     0.5223    34.5057    34.5842    27.2199    27.2851      3.250      3.153      1.040      1.009 0.0000e+00
      25487   1061.923    782.338 -109.91482   21.97968    776.000     5.5920     5.5662 3.3909e+04   3.395504     0.0560     0.0576    98.5704 1.0000e-12          0     0.5138     0.5226     0.0566     0.1172     4.5855     0.0000     0.0085     0.0000     0.5136     0.5225    34.5059    34.5847    27.2213    27.2868      3.221      3.043      1.030      0.974 0.0000e+00
      25526   1063.535    783.347 -109.91482   21.97968    777.000     5.5824     5.5570 3.3901e+04   3.394711     0.0549     0.0580    98.5583 1.0000e-12          0     0.5138     0.5226     0.0565     0.1172     4.5850     0.0000     0.0085     0.0000     0.5136     0.5225    34.5063    34.5846    27.2228    27.2879      3.212      3.064      1.028      0.980 0.0000e+00
      25552   1064.615    784.358 -109.91482   21.97969    778.000     5.5819     5.5565 3.3901e+04   3.394697     0.0643     0.0581    98.5582 1.0000e-12          0     0.5140     0.5232     0.0574     0.1172     4.5850     0.0000     0.0085     0.0000     0.5136     0.5226    34.5064    34.5845    27.2230    27.2878      3.213      3.132      1.028      1.002 0.0000e+00
      25572   1065.476    785.368 -109.91482   21.97970    779.000     5.5821     5.5566 3.3901e+04   3.394744     0.0639     0.0581    98.5582 1.0000e-12          0     0.5140     0.5226     0.0574     0.1172     4.5850     0.0000     0.0085     0.0000     0.5136     0.5225    34.5060    34.5844    27.2227    27.2878      3.213      3.098      1.028      0.991 0.0000e+00
      25592   1066.286    786.378 -109.91482   21.97970    780.000     5.5823     5.5568 3.3902e+04   3.394817     0.0639     0.0581    98.5570 1.0000e-12          0     0.5140     0.5230     0.0574     0.1172     4.5849     0.0000     0.0085     0.0000     0.5136     0.5227    34.5063    34.5845    27.2229    27.2879      3.214      3.165      1.028      1.013 0.0000e+00
      25612   1067.116    787.388 -109.91482   21.97970    781.000     5.5824     5.5568 3.3903e+04   3.394871     0.0639     0.0581    98.5570 1.0000e-12          0     0.5140     0.5230     0.0574     0.1171     4.5849     0.0000     0.0085     0.0000     0.5136     0.5228    34.5063    34.5846    27.2228    27.2880      3.214      3.104      1.028      0.993 0.0000e+00
      25634   1068.056    788.398 -109.91482   21.97970    782.000     5.5824     5.5569 3.3903e+04   3.394918     0.0611     0.0587    98.5429 1.0000e-12          0     0.5140     0.5230     0.0571     0.1172     4.5842     0.0000     0.0085     0.0000     0.5136     0.5227    34.5065    34.5845    27.2231    27.2879      3.214      3.101      1.028      0.992 0.0000e+00
      25666   1069.391    789.408 -109.91482   21.97970    783.000     5.5835     5.5582 3.3905e+04   3.395085     0.0490     0.0583    98.5527 1.0000e-12          0     0.5140     0.5230     0.0559     0.1172     4.5847     0.0000     0.0084     0.0000     0.5136     0.5228    34.5073    34.5846    27.2235    27.2878      3.206      3.128      1.025      1.001 0.0000e+00
      25717   1071.516    790.418 -109.91482   21.97968    784.000     5.5850     5.5595 3.3907e+04   3.395258     0.0593     0.0581    98.5572 1.0000e-12          0     0.5140     0.5231     0.0569     0.1171     4.5849     0.0000     0.0085     0.0000     0.5136     0.5227    34.5072    34.5848    27.2233    27.2878      3.218      3.058      1.030      0.978 0.0000e+00
      25758   1073.222    791.428 -109.91482   21.97968    785.000     5.5852     5.5597 3.3908e+04   3.395337     0.0541     0.0581    98.5570 1.0000e-12          0     0.5140     0.5233     0.0564     0.1178     4.5849     0.0000     0.0085     0.0000     0.5136     0.5227    34.5075    34.5850    27.2235    27.2879      3.215      3.162      1.029      1.012 0.0000e+00
      25781   1074.156    792.438 -109.91482   21.97968    786.000     5.5852     5.5595 3.3908e+04   3.395377     0.0551     0.0581    98.5570 1.0000e-12          0     0.5140     0.5229     0.0565     0.1171     4.5849     0.0000     0.0084     0.0000     0.5136     0.5225    34.5072    34.5851    27.2233    27.2881      3.216      2.985      1.029      0.955 0.0000e+00
      25799   1074.901    793.448 -109.91482   21.97968    787.000     5.5846     5.5587 3.3908e+04   3.395369     0.0612     0.0583    98.5526 1.0000e-12          0     0.5139     0.5233     0.0571     0.1170     4.5847     0.0000     0.0085     0.0000     0.5136     0.5227    34.5076    34.5854    27.2237    27.2884      3.216      3.168      1.029      1.014 0.0000e+00
      25815   1075.598    794.459 -109.91482   21.97968    788.000     5.5820     5.5561 3.3906e+04   3.395200     0.0638     0.0583    98.5524 1.0000e-12          0     0.5140     0.5230     0.0574     0.1172     4.5847     0.0000     0.0085     0.0000     0.5136     0.5228    34.5075    34.5856    27.2240    27.2889      3.217      3.096      1.029      0.990 0.0000e+00
      25833   1076.329    795.468 -109.91482   21.97968    789.000     5.5799     5.5546 3.3905e+04   3.395114     0.0639     0.0581    98.5568 1.0000e-12          0     0.5140     0.5229     0.0574     0.1172     4.5849     0.0000     0.0085     0.0000     0.5136     0.5226    34.5078    34.5857    27.2245    27.2892      3.217      3.157      1.029      1.010 0.0000e+00
      25854   1077.190    796.479 -109.91482   21.97968    790.000     5.5701     5.5450 3.3897e+04   3.394379     0.0639     0.0582    98.5536 1.0000e-12          0     0.5140     0.5232     0.0574     0.1170     4.5847     0.0000     0.0085     0.0000     0.5136     0.5227    34.5076    34.5867    27.2255    27.2911      3.219      3.089      1.029      0.988 0.0000e+00
      25884   1078.468    797.489 -109.91482   21.97968    791.000     5.5631     5.5372 3.3891e+04   3.393679     0.0579     0.0584    98.5494 1.0000e-12          0     0.5140     0.5230     0.0568     0.1171     4.5845     0.0000     0.0085     0.0000     0.5136     0.5227    34.5073    34.5861    27.2261    27.2916      3.261      3.150      1.043      1.007 0.0000e+00
      25926   1080.200    798.499 -109.91483   21.97968    792.000     5.5545     5.5289 3.3883e+04   3.392959     0.0572     0.0587    98.5432 1.0000e-12          0     0.5140     0.5231     0.0567     0.1171     4.5842     0.0000     0.0085     0.0000     0.5137     0.5228    34.5073    34.5860    27.2271    27.2925      3.255      3.135      1.041      1.002 0.0000e+00
      25968   1081.949    799.509 -109.91484   21.97968    793.000     5.5484     5.5227 3.3878e+04   3.392449     0.0605     0.0582    98.5557 1.0000e-12          0     0.5140     0.5231     0.0571     0.1171     4.5848     0.0000     0.0085     0.0000     0.5137     0.5230    34.5073    34.5860    27.2279    27.2933      3.241      3.204      1.036      1.024 0.0000e+00
      26007   1083.591    800.519 -109.91484   21.97968    794.000     5.5371     5.5115 3.3868e+04   3.391523     0.0621     0.0581    98.5570 1.0000e-12          0     0.5140     0.5232     0.0572     0.1172     4.5849     0.0000     0.0085     0.0000     0.5137     0.5232    34.5074    34.5865    27.2293    27.2951      3.242      3.380      1.036      1.080 0.0000e+00
      26035   1084.734    801.529 -109.91484   21.97968    795.000     5.5311     5.5060 3.3864e+04   3.391037     0.0558     0.0581    98.5570 1.0000e-12          0     0.5140     0.5233     0.0566     0.1171     4.5849     0.0000     0.0085     0.0000     0.5137     0.5234    34.5077    34.5861    27.2303    27.2954      3.249      3.196      1.038      1.021 0.0000e+00
      26056   1085.640    802.540 -109.91484   21.97968    796.000     5.5301     5.5048 3.3863e+04   3.390964     0.0522     0.0581    98.5570 1.0000e-12          0     0.5140     0.5233     0.0562     0.1173     4.5849     0.0000     0.0085     0.0000     0.5137     0.5232    34.5077    34.5860    27.2305    27.2955      3.299      3.162      1.054      1.010 0.0000e+00
      26076   1086.447    803.550 -109.91484   21.97968    797.000     5.5282     5.5030 3.3862e+04   3.390858     0.0592     0.0580    98.5599 1.0000e-12          0     0.5140     0.5233     0.0569     0.1173     4.5850     0.0000     0.0085     0.0000     0.5138     0.5233    34.5075    34.5861    27.2305    27.2958      3.403      3.279      1.087      1.048 0.0000e+00
      26094   1087.207    804.560 -109.91484   21.97968    798.000     5.5266     5.5016 3.3861e+04   3.390750     0.0639     0.0581    98.5570 1.0000e-12          0     0.5140     0.5237     0.0574     0.1171     4.5849     0.0000     0.0085     0.0000     0.5140     0.5232    34.5075    34.5859    27.2307    27.2958      3.562      3.215      1.138      1.027 0.0000e+00
      26113   1087.985    805.570 -109.91484   21.97968    799.000     5.5255     5.5000 3.3860e+04   3.390653     0.0639     0.0581    98.5570 1.0000e-12          0     0.5140     0.5238     0.0574     0.1172     4.5849     0.0000     0.0085     0.0000     0.5142     0.5233    34.5074    34.5858    27.2308    27.2960      3.672      3.287      1.173      1.050 0.0000e+00
      26134   1088.878    806.580 -109.91484   21.97968    800.000     5.5240     5.4993 3.3859e+04   3.390605     0.0546     0.0580    98.5591 1.0000e-12          0     0.5140     0.5237     0.0565     0.1171     4.5850     0.0000     0.0085     0.0000     0.5144     0.5234    34.5071    34.5856    27.2307    27.2958      3.251      3.330      1.039      1.064 0.0000e+00
      26166   1090.202    807.590 -109.91484   21.97968    801.000     5.5221     5.4964 3.3858e+04   3.390386     0.0633     0.0577    98.5663 1.0000e-12          0     0.5142     0.5236     0.0573     0.1172     4.5853     0.0000     0.0085     0.0000     0.5144     0.5235    34.5071    34.5855    27.2310    27.2962      3.576      3.273      1.142      1.046 0.0000e+00
      26213   1092.187    808.601 -109.91484   21.97968    802.000     5.5190     5.4937 3.3856e+04   3.390178     0.0623     0.0578    98.5643 1.0000e-12          0     0.5147     0.5238     0.0572     0.1171     4.5852     0.0000     0.0085     0.0000     0.5146     0.5235    34.5076    34.5854    27.2318    27.2964      3.494      3.297      1.116      1.053 0.0000e+00
      26249   1093.670    809.611 -109.91484   21.97968    803.000     5.5110     5.4869 3.3848e+04   3.389631     0.0573     0.0582    98.5550 1.0000e-12          0     0.5147     0.5238     0.0567     0.1171     4.5848     0.0000     0.0085     0.0000     0.5148     0.5236    34.5067    34.5856    27.2320    27.2974      3.493      3.397      1.116      1.085 0.0000e+00
      26275   1094.757    810.621 -109.91484   21.97968    804.000     5.5084     5.4827 3.3846e+04   3.389265     0.0638     0.0580    98.5590 1.0000e-12          0     0.5150     0.5238     0.0574     0.1171     4.5850     0.0000     0.0085     0.0000     0.5148     0.5239    34.5066    34.5853    27.2322    27.2977      3.527      3.572      1.126      1.141 0.0000e+00
      26299   1095.756    811.631 -109.91484   21.97968    805.000     5.5060     5.4805 3.3845e+04   3.389103     0.0628     0.0579    98.5629 1.0000e-12          0     0.5150     0.5240     0.0573     0.1171     4.5852     0.0000     0.0085     0.0000     0.5149     0.5239    34.5066    34.5852    27.2326    27.2979      3.494      3.221      1.116      1.028 0.0000e+00
      26323   1096.755    812.641 -109.91484   21.97968    806.000     5.5033     5.4778 3.3842e+04   3.388887     0.0540     0.0580    98.5591 1.0000e-12          0     0.5151     0.5239     0.0564     0.1172     4.5850     0.0000     0.0085     0.0000     0.5149     0.5240    34.5064    34.5851    27.2327    27.2981      3.461      3.434      1.105      1.097 0.0000e+00
      26348   1097.772    813.652 -109.91484   21.97968    807.000     5.4997     5.4741 3.3840e+04   3.388600     0.0572     0.0581    98.5571 1.0000e-12          0     0.5152     0.5241     0.0567     0.1172     4.5849     0.0000     0.0085     0.0000     0.5149     0.5239    34.5062    34.5850    27.2331    27.2985      3.464      3.348      1.106      1.069 0.0000e+00
      26373   1098.834    814.662 -109.91484   21.97968    808.000     5.4899     5.4636 3.3831e+04   3.387765     0.0629     0.0581    98.5570 1.0000e-12          0     0.5153     0.5245     0.0573     0.1172     4.5849     0.0000     0.0085     0.0000     0.5149     0.5241    34.5063    34.5858    27.2343    27.3004      3.510      3.559      1.120      1.136 0.0000e+00
      26399   1099.924    815.672 -109.91484   21.97968    809.000     5.4756     5.4497 3.3819e+04   3.386514     0.0587     0.0581    98.5570 1.0000e-12          0     0.5153     0.5242     0.0569     0.1172     4.5849     0.0000     0.0084     0.0000     0.5149     0.5243    34.5064    34.5853    27.2361    27.3016      3.572      3.508      1.140      1.119 0.0000e+00
      26430   1101.209    816.682 -109.91484   21.97968    810.000     5.4699     5.4443 3.3814e+04   3.386005     0.0595     0.0581    98.5570 1.0000e-12          0     0.5153     0.5243     0.0570     0.1171     4.5849     0.0000     0.0085     0.0000     0.5151     0.5245    34.5061    34.5846    27.2365    27.3017      3.606      3.616      1.151      1.154 0.0000e+00
