data/ctd-cnv/KM1919/KM1919-St22-P3/St22_P3_cast80-align-cellTM-derive-bin.cnv
* Sea-Bird SBE 9 Data File:
* FileName = C:\Users\otg\Desktop\CTD Data\km1920\St22_P3_cast80.hex
* Software Version Seasave V 7.26.7.107
* Temperature SN = 5554
* Conductivity SN = 3876
* Number of Bytes Per Scan = 41
* Number of Voltage Words = 4
* Number of Scans Averaged by the Deck Unit = 1
* NMEA Latitude = 22 02.53 N
* NMEA Longitude = 109 51.90 W
* NMEA UTC (Time) = Oct 18 2019  07:01:16
* NMEA baud rate = 4800
** Ship: Kilo Moana
** Station: St22  P3 cast 80
** Operator: gr
** ctd for McLane pumps,
# nquan = 34
# nvalues = 1024                        
# units = specified
# name 0 = scan: Scan Count
# name 1 = timeS: Time, Elapsed [seconds]
# name 2 = prDM: Pressure, Digiquartz [db]
# name 3 = longitude: Longitude [deg]
# name 4 = latitude: Latitude [deg]
# name 5 = depSM: Depth [salt water, m]
# name 6 = t090C: Temperature [ITS-90, deg C]
# name 7 = t190C: Temperature, 2 [ITS-90, deg C]
# name 8 = c0uS/cm: Conductivity [uS/cm]
# name 9 = c1S/m: Conductivity, 2 [S/m]
# name 10 = flECO-AFL: Fluorescence, WET Labs ECO-AFL/FL [mg/m^3]
# name 11 = CStarAt0: Beam Attenuation, WET Labs C-Star [1/m]
# name 12 = CStarTr0: Beam Transmission, WET Labs C-Star [%]
# name 13 = par: PAR/Irradiance, Biospherical/Licor
# name 14 = modError: Modulo Error Count
# name 15 = v0: Voltage 0
# name 16 = v1: Voltage 1
# name 17 = v2: Voltage 2
# name 18 = v3: Voltage 3
# name 19 = v4: Voltage 4
# name 20 = v5: Voltage 5
# name 21 = v6: Voltage 6
# name 22 = v7: Voltage 7
# name 23 = sbeox0V: Oxygen raw, SBE 43 [V]
# name 24 = sbeox1V: Oxygen raw, SBE 43, 2 [V]
# name 25 = sal00: Salinity, Practical [PSU]
# name 26 = sal11: Salinity, Practical, 2 [PSU]
# name 27 = sigma-é00: Density [sigma-theta, kg/m^3]
# name 28 = sigma-é11: Density, 2 [sigma-theta, kg/m^3]
# name 29 = sbeox0Mm/L: Oxygen, SBE 43 [umol/l], WS = 2
# name 30 = sbeox1Mm/L: Oxygen, SBE 43, 2 [umol/l], WS = 2
# name 31 = sbeox0PS: Oxygen, SBE 43 [% saturation], WS = 2
# name 32 = sbeox1PS: Oxygen, SBE 43, 2 [% saturation], WS = 2
# name 33 = flag: flag
# span 0 =         62,     285686       
# span 1 =      2.559,  11903.551       
# span 2 =      2.013,   1033.996       
# span 3 = -109.86514, -109.86495       
# span 4 =   22.04200,   22.04254       
# span 5 =      2.000,   1025.000       
# span 6 =     4.4752,    27.7226       
# span 7 =     4.4511,    27.6823       
# span 8 = 3.3031e+04, 5.5492e+04       
# span 9 =   3.307486,   5.557007       
# span 10 =     0.0490,     2.3061      
# span 11 =     0.0676,     0.2082      
# span 12 =    94.9280,    98.3233      
# span 13 = -6.227e-05, 4.0808e+00      
# span 14 =          0,          0      
# span 15 =     0.5027,     2.6330      
# span 16 =     0.5129,     2.7828      
# span 17 =     0.0559,     0.2816      
# span 18 =     0.1136,     0.1212      
# span 19 =     4.4161,     4.5740      
# span 20 =    -0.0000,     0.0007      
# span 21 =     0.0071,     1.6268      
# span 22 =     0.0000,     0.0000      
# span 23 =     0.5022,     2.4567      
# span 24 =     0.5127,     2.8253      
# span 25 =    33.8474,    34.7599      
# span 26 =    33.3903,    34.8438      
# span 27 =    21.6219,    27.3629      
# span 28 =    21.2917,    27.4262      
# span 29 =      0.805,    243.013      
# span 30 =      0.910,    260.351      
# span 31 =      0.284,    105.959      
# span 32 =      0.315,    127.508      
# span 33 = 0.0000e+00, 0.0000e+00      
# interval = meters: 1                  
# start_time = Oct 18 2019 07:01:59 [NMEA time, first data scan]
# bad_flag = -9.990e-29
*END*
[from data line 811]
      50155   2089.740    819.716 -109.86512   22.04248    813.000     5.5160     5.4906 3.3859e+04   3.390445     0.0639     0.0691    98.2881 1.0000e-12          0     0.5140     0.5238     0.0574     0.1173     4.5723     0.0000     0.0084     0.0000     0.5139     0.5236    34.5089    34.5862    27.2333    27.2975      3.290      3.354      1.051      1.071 0.0000e+00
      50190   2091.220    820.727 -109.86512   22.04248    814.000     5.5160     5.4905 3.3860e+04   3.390487     0.0639     0.0689    98.2917 1.0000e-12          0     0.5140     0.5238     0.0574     0.1173     4.5725     0.0000     0.0084     0.0000     0.5139     0.5237    34.5090    34.5862    27.2334    27.2976      3.291      3.292      1.051      1.051 0.0000e+00
      50227   2092.753    821.737 -109.86512   22.04248    815.000     5.5165     5.4913 3.3860e+04   3.390595     0.0555     0.0690    98.2901 1.0000e-12          0     0.5140     0.5238     0.0566     0.1174     4.5724     0.0000     0.0085     0.0000     0.5139     0.5236    34.5088    34.5862    27.2331    27.2975      3.291      3.286      1.051      1.050 0.0000e+00
      50263   2094.241    822.747 -109.86512   22.04248    816.000     5.5116     5.4866 3.3857e+04   3.390309     0.0638     0.0688    98.2945 1.0000e-12          0     0.5140     0.5239     0.0574     0.1174     4.5726     0.0000     0.0085     0.0000     0.5139     0.5237    34.5093    34.5872    27.2342    27.2988      3.292      3.364      1.051      1.074 0.0000e+00
      50296   2095.641    823.757 -109.86512   22.04248    817.000     5.5063     5.4795 3.3853e+04   3.389723     0.0639     0.0688    98.2945 1.0000e-12          0     0.5140     0.5238     0.0574     0.1176     4.5726     0.0000     0.0085     0.0000     0.5139     0.5237    34.5097    34.5874    27.2351    27.2998      3.293      3.281      1.052      1.048 0.0000e+00
      50326   2096.862    824.768 -109.86512   22.04248    818.000     5.4981     5.4724 3.3845e+04   3.389125     0.0639     0.0688    98.2945 1.0000e-12          0     0.5140     0.5238     0.0574     0.1176     4.5726     0.0000     0.0084     0.0000     0.5139     0.5236    34.5088    34.5873    27.2354    27.3006      3.294      3.297      1.052      1.052 0.0000e+00
      50353   2097.982    825.778 -109.86512   22.04248    819.000     5.4961     5.4707 3.3844e+04   3.389004     0.0639     0.0689    98.2915 1.0000e-12          0     0.5140     0.5239     0.0574     0.1194     4.5725     0.0000     0.0085     0.0000     0.5139     0.5238    34.5086    34.5871    27.2355    27.3007      3.348      3.431      1.069      1.095 0.0000e+00
      50380   2099.122    826.788 -109.86512   22.04248    820.000     5.4943     5.4688 3.3843e+04   3.388883     0.0639     0.0700    98.2656 1.0000e-12          0     0.5140     0.5239     0.0574     0.1196     4.5713     0.0000     0.0084     0.0000     0.5141     0.5236    34.5093    34.5872    27.2363    27.3010      3.413      3.237      1.089      1.033 0.0000e+00
      50409   2100.319    827.798 -109.86512   22.04248    821.000     5.4912     5.4657 3.3841e+04   3.388645     0.0635     0.0696    98.2750 1.0000e-12          0     0.5140     0.5238     0.0574     0.1190     4.5717     0.0000     0.0085     0.0000     0.5140     0.5237    34.5092    34.5872    27.2365    27.3014      3.236      3.373      1.033      1.077 0.0000e+00
      50438   2101.561    828.809 -109.86512   22.04248    822.000     5.4887     5.4631 3.3839e+04   3.388453     0.0639     0.0688    98.2941 1.0000e-12          0     0.5140     0.5240     0.0574     0.1183     4.5726     0.0000     0.0085     0.0000     0.5141     0.5238    34.5097    34.5872    27.2373    27.3017      3.392      3.389      1.083      1.082 0.0000e+00
      50466   2102.710    829.819 -109.86512   22.04248    823.000     5.4870     5.4616 3.3838e+04   3.388361     0.0639     0.0688    98.2945 1.0000e-12          0     0.5142     0.5238     0.0574     0.1186     4.5726     0.0000     0.0085     0.0000     0.5141     0.5238    34.5098    34.5872    27.2376    27.3019      3.553      3.365      1.134      1.074 0.0000e+00
      50490   2103.710    830.829 -109.86512   22.04248    824.000     5.4847     5.4590 3.3837e+04   3.388195     0.0639     0.0688    98.2945 1.0000e-12          0     0.5141     0.5239     0.0574     0.1172     4.5726     0.0000     0.0084     0.0000     0.5144     0.5240    34.5100    34.5874    27.2380    27.3024      3.574      3.532      1.141      1.127 0.0000e+00
      50512   2104.637    831.840 -109.86512   22.04248    825.000     5.4823     5.4568 3.3835e+04   3.388029     0.0639     0.0689    98.2922 1.0000e-12          0     0.5141     0.5240     0.0574     0.1179     4.5725     0.0000     0.0084     0.0000     0.5146     0.5240    34.5099    34.5873    27.2383    27.3026      3.608      3.381      1.152      1.079 0.0000e+00
      50534   2105.553    832.850 -109.86512   22.04248    826.000     5.4804     5.4551 3.3834e+04   3.387922     0.0639     0.0688    98.2945 1.0000e-12          0     0.5142     0.5241     0.0574     0.1195     4.5726     0.0000     0.0084     0.0000     0.5146     0.5241    34.5098    34.5873    27.2384    27.3028      3.414      3.436      1.090      1.096 0.0000e+00
      50557   2106.492    833.860 -109.86512   22.04248    827.000     5.4780     5.4526 3.3832e+04   3.387745     0.0639     0.0687    98.2977 1.0000e-12          0     0.5144     0.5240     0.0574     0.1177     4.5728     0.0000     0.0085     0.0000     0.5147     0.5240    34.5099    34.5874    27.2387    27.3032      3.675      3.372      1.173      1.076 0.0000e+00
      50596   2108.106    834.870 -109.86512   22.04248    828.000     5.4711     5.4462 3.3826e+04   3.387203     0.0639     0.0685    98.3006 1.0000e-12          0     0.5147     0.5242     0.0574     0.1176     4.5729     0.0000     0.0085     0.0000     0.5148     0.5241    34.5094    34.5873    27.2393    27.3039      3.516      3.436      1.122      1.096 0.0000e+00
      50659   2110.767    835.881 -109.86512   22.04248    829.000     5.4622     5.4335 3.3818e+04   3.386195     0.0639     0.0680    98.3138 1.0000e-12          0     0.5151     0.5242     0.0574     0.1174     4.5736     0.0000     0.0085     0.0000     0.5150     0.5245    34.5094    34.5883    27.2403    27.3062      3.633      3.643      1.159      1.162 0.0000e+00
      50692   2112.123    836.891 -109.86512   22.04248    830.000     5.4511     5.4256 3.3808e+04   3.385486     0.0639     0.0688    98.2934 1.0000e-12          0     0.5150     0.5243     0.0574     0.1174     4.5725     0.0000     0.0085     0.0000     0.5151     0.5244    34.5091    34.5878    27.2414    27.3068      3.526      3.412      1.124      1.088 0.0000e+00
      50716   2113.134    837.901 -109.86512   22.04248    831.000     5.4451     5.4197 3.3804e+04   3.384968     0.0639     0.0687    98.2958 1.0000e-12          0     0.5150     0.5243     0.0574     0.1179     4.5727     0.0000     0.0084     0.0000     0.5150     0.5244    34.5091    34.5875    27.2421    27.3072      3.538      3.654      1.128      1.165 0.0000e+00
      50735   2113.936    838.912 -109.86512   22.04248    832.000     5.4409     5.4153 3.3800e+04   3.384651     0.0639     0.0687    98.2958 1.0000e-12          0     0.5151     0.5246     0.0574     0.1197     4.5727     0.0000     0.0084     0.0000     0.5151     0.5248    34.5091    34.5879    27.2427    27.3081      3.560      3.659      1.135      1.167 0.0000e+00
      50754   2114.699    839.922 -109.86512   22.04248    833.000     5.4378     5.4123 3.3798e+04   3.384419     0.0639     0.0687    98.2960 1.0000e-12          0     0.5152     0.5247     0.0574     0.1179     4.5727     0.0000     0.0084     0.0000     0.5151     0.5247    34.5094    34.5877    27.2432    27.3083      3.537      3.580      1.128      1.141 0.0000e+00
      50773   2115.485    840.932 -109.86512   22.04248    834.000     5.4348     5.4095 3.3796e+04   3.384224     0.0639     0.0687    98.2958 1.0000e-12          0     0.5153     0.5246     0.0574     0.1185     4.5727     0.0000     0.0085     0.0000     0.5151     0.5249    34.5095    34.5879    27.2436    27.3088      3.537      3.585      1.128      1.143 0.0000e+00
      50793   2116.327    841.943 -109.86512   22.04248    835.000     5.4327     5.4071 3.3794e+04   3.384051     0.0639     0.0686    98.2982 1.0000e-12          0     0.5152     0.5245     0.0574     0.1196     4.5728     0.0000     0.0084     0.0000     0.5151     0.5248    34.5094    34.5879    27.2439    27.3091      3.538      3.505      1.128      1.117 0.0000e+00
      50815   2117.261    842.953 -109.86512   22.04250    836.000     5.4277     5.4021 3.3791e+04   3.383659     0.0639     0.0688    98.2956 1.0000e-12          0     0.5153     0.5248     0.0574     0.1193     4.5727     0.0000     0.0084     0.0000     0.5151     0.5249    34.5097    34.5881    27.2447    27.3098      3.539      3.651      1.128      1.164 0.0000e+00
      50844   2118.442    843.964 -109.86512   22.04250    837.000     5.4208     5.3959 3.3785e+04   3.383167     0.0636     0.0682    98.3095 1.0000e-12          0     0.5153     0.5249     0.0574     0.1175     4.5733     0.0000     0.0085     0.0000     0.5151     0.5249    34.5098    34.5883    27.2456    27.3108      3.579      3.648      1.141      1.162 0.0000e+00
      50881   2120.010    844.974 -109.86512   22.04250    838.000     5.4122     5.3865 3.3778e+04   3.382336     0.0566     0.0687    98.2962 1.0000e-12          0     0.5153     0.5248     0.0567     0.1187     4.5727     0.0000     0.0085     0.0000     0.5152     0.5251    34.5097    34.5880    27.2466    27.3116      3.651      3.741      1.163      1.192 0.0000e+00
      50932   2122.144    845.984 -109.86510   22.04250    839.000     5.4068     5.3814 3.3773e+04   3.381910     0.0641     0.0684    98.3046 1.0000e-12          0     0.5153     0.5251     0.0574     0.1177     4.5731     0.0000     0.0085     0.0000     0.5156     0.5254    34.5097    34.5879    27.2472    27.3122      3.849      3.663      1.226      1.167 0.0000e+00
      50972   2123.811    846.995 -109.86510   22.04250    840.000     5.4026     5.3771 3.3770e+04   3.381608     0.0639     0.0687    98.2962 1.0000e-12          0     0.5154     0.5253     0.0574     0.1173     4.5727     0.0000     0.0085     0.0000     0.5161     0.5255    34.5098    34.5883    27.2478    27.3130      3.858      3.817      1.229      1.216 0.0000e+00
      50998   2124.881    848.005 -109.86510   22.04250    841.000     5.3966     5.3710 3.3765e+04   3.381126     0.0602     0.0688    98.2945 1.0000e-12          0     0.5158     0.5256     0.0570     0.1176     4.5726     0.0000     0.0085     0.0000     0.5159     0.5256    34.5101    34.5886    27.2488    27.3140      3.816      3.867      1.215      1.232 0.0000e+00
      51022   2125.864    849.015 -109.86510   22.04250    842.000     5.3891     5.3634 3.3759e+04   3.380495     0.0514     0.0688    98.2957 1.0000e-12          0     0.5156     0.5254     0.0562     0.1181     4.5727     0.0000     0.0085     0.0000     0.5162     0.5258    34.5100    34.5887    27.2496    27.3150      3.877      3.793      1.235      1.208 0.0000e+00
      51045   2126.844    850.026 -109.86510   22.04250    843.000     5.3844     5.3590 3.3755e+04   3.380109     0.0517     0.0688    98.2945 1.0000e-12          0     0.5162     0.5255     0.0562     0.1194     4.5726     0.0000     0.0085     0.0000     0.5163     0.5259    34.5098    34.5883    27.2500    27.3152      3.831      3.956      1.220      1.260 0.0000e+00
      51069   2127.832    851.036 -109.86510   22.04250    844.000     5.3814     5.3560 3.3753e+04   3.379878     0.0517     0.0688    98.2945 1.0000e-12          0     0.5161     0.5255     0.0562     0.1176     4.5726     0.0000     0.0084     0.0000     0.5163     0.5262    34.5100    34.5882    27.2505    27.3155      3.778      3.857      1.203      1.228 0.0000e+00
      51093   2128.844    852.046 -109.86510   22.04250    845.000     5.3769     5.3513 3.3749e+04   3.379517     0.0526     0.0688    98.2945 1.0000e-12          0     0.5164     0.5260     0.0563     0.1174     4.5726     0.0000     0.0085     0.0000     0.5163     0.5259    34.5098    34.5884    27.2509    27.3162      3.779      3.761      1.203      1.197 0.0000e+00
      51119   2129.912    853.057 -109.86510   22.04250    846.000     5.3682     5.3426 3.3742e+04   3.378793     0.0636     0.0688    98.2945 1.0000e-12          0     0.5165     0.5260     0.0574     0.1177     4.5726     0.0000     0.0085     0.0000     0.5163     0.5261    34.5098    34.5886    27.2520    27.3174      3.781      3.970      1.203      1.264 0.0000e+00
      51149   2131.165    854.067 -109.86510   22.04248    847.000     5.3569     5.3312 3.3732e+04   3.377824     0.0602     0.0688    98.2945 1.0000e-12          0     0.5165     0.5263     0.0570     0.1190     4.5726     0.0000     0.0084     0.0000     0.5163     0.5264    34.5098    34.5888    27.2533    27.3189      3.885      3.963      1.236      1.261 0.0000e+00
      51185   2132.674    855.078 -109.86510   22.04248    848.000     5.3435     5.3180 3.3720e+04   3.376622     0.0589     0.0688    98.2945 1.0000e-12          0     0.5165     0.5262     0.0569     0.1175     4.5726     0.0000     0.0085     0.0000     0.5167     0.5267    34.5099    34.5880    27.2550    27.3199      4.247      4.203      1.351      1.337 0.0000e+00
      51218   2134.056    856.088 -109.86510   22.04248    849.000     5.3402     5.3149 3.3718e+04   3.376383     0.0639     0.0694    98.2799 1.0000e-12          0     0.5165     0.5265     0.0574     0.1177     4.5719     0.0000     0.0085     0.0000     0.5175     0.5271    34.5100    34.5880    27.2555    27.3202      4.221      4.057      1.343      1.291 0.0000e+00
      51249   2135.330    857.099 -109.86510   22.04248    850.000     5.3369     5.3115 3.3716e+04   3.376138     0.0609     0.0689    98.2918 1.0000e-12          0     0.5166     0.5266     0.0571     0.1191     4.5725     0.0000     0.0085     0.0000     0.5174     0.5272    34.5101    34.5882    27.2559    27.3208      4.149      4.154      1.320      1.321 0.0000e+00
      51279   2136.601    858.109 -109.86510   22.04249    851.000     5.3307     5.3053 3.3711e+04   3.375659     0.0571     0.0689    98.2910 1.0000e-12          0     0.5170     0.5271     0.0567     0.1179     4.5724     0.0000     0.0085     0.0000     0.5176     0.5273    34.5101    34.5886    27.2567    27.3219      4.053      4.057      1.289      1.290 0.0000e+00
      51309   2137.851    859.119 -109.86510   22.04250    852.000     5.3237     5.2982 3.3705e+04   3.375088     0.0639     0.0697    98.2720 1.0000e-12          0     0.5175     0.5272     0.0574     0.1187     4.5716     0.0000     0.0085     0.0000     0.5176     0.5270    34.5104    34.5889    27.2577    27.3230      4.040      4.079      1.284      1.297 0.0000e+00
      51337   2139.005    860.130 -109.86510   22.04250    853.000     5.3141     5.2886 3.3697e+04   3.374267     0.0567     0.0691    98.2867 1.0000e-12          0     0.5176     0.5274     0.0567     0.1197     4.5722     0.0000     0.0085     0.0000     0.5176     0.5275    34.5106    34.5889    27.2591    27.3241      4.041      4.223      1.285      1.342 0.0000e+00
      51361   2139.994    861.140 -109.86510   22.04250    854.000     5.3098     5.2844 3.3693e+04   3.373932     0.0517     0.0690    98.2899 1.0000e-12          0     0.5177     0.5274     0.0562     0.1185     4.5724     0.0000     0.0085     0.0000     0.5176     0.5275    34.5105    34.5888    27.2595    27.3245      4.067      4.178      1.293      1.328 0.0000e+00
