data/ctd-cnv/KM1919/KM1919-St22-P3/St22_P3_cast69-align-cellTM-derive-bin.cnv
* Sea-Bird SBE 9 Data File:
* FileName = C:\Users\otg\Desktop\CTD Data\km1920\St22_P3_cast69.hex
* Software Version Seasave V 7.26.7.107
* Temperature SN = 5554
* Conductivity SN = 3876
* Number of Bytes Per Scan = 41
* Number of Voltage Words = 4
* Number of Scans Averaged by the Deck Unit = 1
* NMEA Latitude = 21 53.34 N
* NMEA Longitude = 109 56.42 W
* NMEA UTC (Time) = Oct 16 2019  07:03:53
* NMEA baud rate = 4800
** Ship: Kilo Moana
** Station: St22  P3 cast 69
** Operator: jac
# nquan = 34
# nvalues = 501                         
# units = specified
# name 0 = scan: Scan Count
# name 1 = timeS: Time, Elapsed [seconds]
# name 2 = prDM: Pressure, Digiquartz [db]
# name 3 = longitude: Longitude [deg]
# name 4 = latitude: Latitude [deg]
# name 5 = depSM: Depth [salt water, m]
# name 6 = t090C: Temperature [ITS-90, deg C]
# name 7 = t190C: Temperature, 2 [ITS-90, deg C]
# name 8 = c0uS/cm: Conductivity [uS/cm]
# name 9 = c1S/m: Conductivity, 2 [S/m]
# name 10 = flECO-AFL: Fluorescence, WET Labs ECO-AFL/FL [mg/m^3]
# name 11 = CStarAt0: Beam Attenuation, WET Labs C-Star [1/m]
# name 12 = CStarTr0: Beam Transmission, WET Labs C-Star [%]
# name 13 = par: PAR/Irradiance, Biospherical/Licor
# name 14 = modError: Modulo Error Count
# name 15 = v0: Voltage 0
# name 16 = v1: Voltage 1
# name 17 = v2: Voltage 2
# name 18 = v3: Voltage 3
# name 19 = v4: Voltage 4
# name 20 = v5: Voltage 5
# name 21 = v6: Voltage 6
# name 22 = v7: Voltage 7
# name 23 = sbeox0V: Oxygen raw, SBE 43 [V]
# name 24 = sbeox1V: Oxygen raw, SBE 43, 2 [V]
# name 25 = sal00: Salinity, Practical [PSU]
# name 26 = sal11: Salinity, Practical, 2 [PSU]
# name 27 = sigma-é00: Density [sigma-theta, kg/m^3]
# name 28 = sigma-é11: Density, 2 [sigma-theta, kg/m^3]
# name 29 = sbeox0Mm/L: Oxygen, SBE 43 [umol/l], WS = 2
# name 30 = sbeox1Mm/L: Oxygen, SBE 43, 2 [umol/l], WS = 2
# name 31 = sbeox0PS: Oxygen, SBE 43 [% saturation], WS = 2
# name 32 = sbeox1PS: Oxygen, SBE 43, 2 [% saturation], WS = 2
# name 33 = flag: flag
# span 0 =        400,      18033       
# span 1 =     16.629,    751.336       
# span 2 =      2.012,    505.761       
# span 3 = -109.94046, -109.94038       
# span 4 =   21.88888,   21.88897       
# span 5 =      2.000,    502.000       
# span 6 =     7.8035,    27.7951       
# span 7 =     7.7783,    27.7615       
# span 8 = 3.5836e+04, 5.5491e+04       
# span 9 =   3.588660,   5.558084       
# span 10 =     0.0395,     1.1087      
# span 11 =     0.0581,     0.1293      
# span 12 =    96.8187,    98.5578      
# span 13 = -1.892e-05, 5.1726e+00      
# span 14 =          0,          0      
# span 15 =     0.5031,     2.4776      
# span 16 =     0.5138,     2.4659      
# span 17 =     0.0549,     0.1619      
# span 18 =     0.1123,     0.1171      
# span 19 =     4.5040,     4.5849      
# span 20 =     0.0000,     0.0000      
# span 21 =     0.0079,     1.7235      
# span 22 =     0.0000,     0.0000      
# span 23 =     0.5024,     2.4773      
# span 24 =     0.5132,     2.4681      
# span 25 =    33.9315,    34.7752      
# span 26 =    34.0268,    34.8615      
# span 27 =    22.1859,    26.9558      
# span 28 =    22.2632,    27.0215      
# span 29 =      0.846,    239.691      
# span 30 =      1.074,    251.696      
# span 31 =      0.290,    106.473      
# span 32 =      0.366,    111.538      
# span 33 = 0.0000e+00, 0.0000e+00      
# interval = meters: 1                  
# start_time = Oct 16 2019 07:08:40 [NMEA time, first data scan]
# bad_flag = -9.990e-29
*END*
[from data line 342]
      12330    513.691    346.444 -109.94042   21.88890    344.000     9.9903     9.9617 3.7877e+04   3.793047     0.0686     0.0656    98.3732 1.0000e-12          0     0.5043     0.5153     0.0579     0.1148     4.5763     0.0000     0.0085     0.0000     0.5036     0.5145    34.6337    34.7153    26.6744    26.7431      1.083      1.216      0.383      0.430 0.0000e+00
      12361    515.020    347.452 -109.94042   21.88890    345.000     9.9798     9.9505 3.7867e+04   3.791975     0.0685     0.0656    98.3725 1.0000e-12          0     0.5043     0.5153     0.0579     0.1147     4.5763     0.0000     0.0084     0.0000     0.5036     0.5147    34.6325    34.7146    26.6753    26.7444      1.113      1.331      0.393      0.471 0.0000e+00
      12403    516.764    348.460 -109.94042   21.88890    346.000     9.9498     9.9194 3.7837e+04   3.789085     0.0556     0.0656    98.3732 1.0000e-12          0     0.5043     0.5153     0.0566     0.1148     4.5763     0.0000     0.0084     0.0000     0.5036     0.5146    34.6306    34.7145    26.6789    26.7496      1.116      1.208      0.394      0.427 0.0000e+00
      12433    517.989    349.468 -109.94042   21.88890    347.000     9.9161     9.8869 3.7806e+04   3.785808     0.0692     0.0656    98.3720 1.0000e-12          0     0.5042     0.5152     0.0579     0.1148     4.5762     0.0000     0.0085     0.0000     0.5036     0.5145    34.6306    34.7117    26.6846    26.7530      1.110      1.284      0.392      0.453 0.0000e+00
      12454    518.887    350.476 -109.94042   21.88890    348.000     9.9106     9.8812 3.7801e+04   3.785317     0.0690     0.0656    98.3732 1.0000e-12          0     0.5043     0.5155     0.0579     0.1148     4.5763     0.0000     0.0085     0.0000     0.5036     0.5147    34.6300    34.7117    26.6851    26.7539      1.110      1.284      0.392      0.453 0.0000e+00
      12472    519.628    351.484 -109.94042   21.88890    349.000     9.8954     9.8654 3.7786e+04   3.783913     0.0704     0.0656    98.3732 1.0000e-12          0     0.5042     0.5154     0.0580     0.1148     4.5763     0.0000     0.0082     0.0000     0.5036     0.5146    34.6289    34.7121    26.6868    26.7569      1.093      1.273      0.386      0.449 0.0000e+00
      12489    520.337    352.492 -109.94042   21.88890    350.000     9.8734     9.8435 3.7765e+04   3.781787     0.0603     0.0656    98.3732 1.0000e-12          0     0.5043     0.5153     0.0570     0.1148     4.5763     0.0000     0.0085     0.0000     0.5035     0.5147    34.6278    34.7109    26.6896    26.7597      1.088      1.259      0.384      0.444 0.0000e+00
      12507    521.070    353.500 -109.94042   21.88890    351.000     9.8401     9.8084 3.7730e+04   3.778520     0.0508     0.0655    98.3746 1.0000e-12          0     0.5043     0.5153     0.0561     0.1148     4.5764     0.0000     0.0085     0.0000     0.5036     0.5146    34.6236    34.7107    26.6920    26.7654      1.130      1.233      0.398      0.435 0.0000e+00
      12528    521.972    354.508 -109.94042   21.88890    352.000     9.8127     9.7831 3.7702e+04   3.775477     0.0547     0.0649    98.3905 1.0000e-12          0     0.5043     0.5152     0.0565     0.1147     4.5771     0.0000     0.0084     0.0000     0.5036     0.5144    34.6210    34.7033    26.6947    26.7639      1.115      1.196      0.392      0.421 0.0000e+00
      12570    523.712    355.516 -109.94042   21.88890    353.000     9.7888     9.7574 3.7678e+04   3.772810     0.0610     0.0648    98.3935 1.0000e-12          0     0.5043     0.5153     0.0571     0.1146     4.5772     0.0000     0.0085     0.0000     0.5036     0.5145    34.6183    34.7003    26.6965    26.7659      1.105      1.257      0.389      0.442 0.0000e+00
      12633    526.322    356.524 -109.94042   21.88890    354.000     9.7748     9.7435 3.7664e+04   3.771300     0.0629     0.0645    98.3999 1.0000e-12          0     0.5042     0.5151     0.0573     0.1146     4.5775     0.0000     0.0084     0.0000     0.5035     0.5145    34.6171    34.6978    26.6980    26.7663      1.099      1.255      0.387      0.442 0.0000e+00
      12665    527.665    357.532 -109.94042   21.88890    355.000     9.7659     9.7366 3.7655e+04   3.770726     0.0614     0.0640    98.4113 1.0000e-12          0     0.5043     0.5153     0.0571     0.1146     4.5781     0.0000     0.0085     0.0000     0.5036     0.5145    34.6161    34.6980    26.6987    26.7676      1.123      1.284      0.395      0.452 0.0000e+00
      12688    528.626    358.540 -109.94042   21.88890    356.000     9.7487     9.7187 3.7638e+04   3.769138     0.0691     0.0645    98.3992 1.0000e-12          0     0.5043     0.5151     0.0579     0.1147     4.5775     0.0000     0.0084     0.0000     0.5036     0.5146    34.6149    34.6985    26.7007    26.7710      1.099      1.249      0.387      0.439 0.0000e+00
      12709    529.479    359.548 -109.94042   21.88890    357.000     9.7210     9.6913 3.7611e+04   3.766438     0.0684     0.0638    98.4179 1.0000e-12          0     0.5042     0.5152     0.0578     0.1148     4.5784     0.0000     0.0084     0.0000     0.5035     0.5145    34.6134    34.6966    26.7041    26.7742      1.027      1.249      0.361      0.439 0.0000e+00
      12728    530.284    360.556 -109.94042   21.88890    358.000     9.7062     9.6764 3.7598e+04   3.764996     0.0539     0.0638    98.4178 1.0000e-12          0     0.5042     0.5152     0.0564     0.1148     4.5784     0.0000     0.0085     0.0000     0.5034     0.5145    34.6132    34.6957    26.7065    26.7759      1.089      1.263      0.383      0.444 0.0000e+00
      12747    531.087    361.564 -109.94042   21.88890    359.000     9.6932     9.6637 3.7585e+04   3.763749     0.0529     0.0644    98.4012 1.0000e-12          0     0.5042     0.5151     0.0563     0.1148     4.5776     0.0000     0.0085     0.0000     0.5035     0.5145    34.6128    34.6947    26.7083    26.7773      1.086      1.237      0.382      0.435 0.0000e+00
      12767    531.937    362.573 -109.94042   21.88890    360.000     9.6860     9.6572 3.7579e+04   3.763059     0.0570     0.0645    98.3996 1.0000e-12          0     0.5043     0.5153     0.0567     0.1148     4.5775     0.0000     0.0083     0.0000     0.5034     0.5144    34.6123    34.6934    26.7092    26.7774      1.108      1.183      0.389      0.415 0.0000e+00
      12791    532.933    363.580 -109.94042   21.88890    361.000     9.6820     9.6532 3.7575e+04   3.762677     0.0524     0.0639    98.4158 1.0000e-12          0     0.5042     0.5152     0.0562     0.1148     4.5783     0.0000     0.0085     0.0000     0.5036     0.5144    34.6118    34.6928    26.7095    26.7776      1.165      1.287      0.409      0.452 0.0000e+00
      12824    534.311    364.588 -109.94042   21.88890    362.000     9.6782     9.6494 3.7572e+04   3.762352     0.0650     0.0642    98.4077 1.0000e-12          0     0.5042     0.5152     0.0575     0.1148     4.5779     0.0000     0.0085     0.0000     0.5035     0.5144    34.6121    34.6927    26.7103    26.7781      1.086      1.234      0.381      0.433 0.0000e+00
      12865    536.006    365.596 -109.94042   21.88890    363.000     9.6519     9.6221 3.7546e+04   3.759957     0.0605     0.0635    98.4255 1.0000e-12          0     0.5042     0.5150     0.0570     0.1148     4.5788     0.0000     0.0085     0.0000     0.5035     0.5144    34.6102    34.6939    26.7132    26.7837      1.135      1.230      0.398      0.432 0.0000e+00
      12898    537.388    366.604 -109.94042   21.88890    364.000     9.6003     9.5704 3.7494e+04   3.754663     0.0610     0.0635    98.4248 1.0000e-12          0     0.5043     0.5153     0.0571     0.1148     4.5788     0.0000     0.0085     0.0000     0.5036     0.5143    34.6062    34.6888    26.7187    26.7882      1.132      1.187      0.397      0.416 0.0000e+00
      12923    538.435    367.612 -109.94042   21.88890    365.000     9.5918     9.5632 3.7486e+04   3.753760     0.0683     0.0635    98.4257 1.0000e-12          0     0.5042     0.5150     0.0578     0.1148     4.5788     0.0000     0.0084     0.0000     0.5036     0.5144    34.6053    34.6860    26.7194    26.7872      1.077      1.334      0.378      0.468 0.0000e+00
      12946    539.374    368.620 -109.94042   21.88890    366.000     9.5838     9.5545 3.7478e+04   3.753034     0.0666     0.0629    98.4406 1.0000e-12          0     0.5041     0.5150     0.0577     0.1147     4.5795     0.0000     0.0084     0.0000     0.5035     0.5145    34.6042    34.6863    26.7199    26.7890      1.112      1.281      0.390      0.449 0.0000e+00
      12969    540.333    369.628 -109.94042   21.88890    367.000     9.5611     9.5314 3.7456e+04   3.750891     0.0603     0.0625    98.4505 1.0000e-12          0     0.5043     0.5152     0.0570     0.1148     4.5799     0.0000     0.0085     0.0000     0.5035     0.5145    34.6031    34.6862    26.7228    26.7927      1.080      1.262      0.378      0.442 0.0000e+00
      12997    541.493    370.637 -109.94042   21.88890    368.000     9.5126     9.4825 3.7409e+04   3.746274     0.0615     0.0624    98.4520 1.0000e-12          0     0.5043     0.5149     0.0571     0.1148     4.5800     0.0000     0.0084     0.0000     0.5034     0.5144    34.6003    34.6852    26.7286    26.8000      1.082      1.205      0.378      0.422 0.0000e+00
      13033    543.002    371.645 -109.94042   21.88890    369.000     9.4790     9.4501 3.7377e+04   3.742941     0.0573     0.0624    98.4520 1.0000e-12          0     0.5042     0.5152     0.0567     0.1148     4.5800     0.0000     0.0083     0.0000     0.5035     0.5144    34.5992    34.6816    26.7333    26.8025      1.048      1.244      0.367      0.435 0.0000e+00
      13069    544.513    372.653 -109.94042   21.88890    370.000     9.4689     9.4405 3.7368e+04   3.741993     0.0691     0.0624    98.4520 1.0000e-12          0     0.5042     0.5152     0.0579     0.1148     4.5800     0.0000     0.0084     0.0000     0.5033     0.5143    34.5992    34.6806    26.7350    26.8033      1.154      1.158      0.404      0.405 0.0000e+00
      13097    545.675    373.661 -109.94042   21.88890    371.000     9.4644     9.4358 3.7364e+04   3.741583     0.0668     0.0622    98.4573 1.0000e-12          0     0.5041     0.5150     0.0577     0.1148     4.5802     0.0000     0.0085     0.0000     0.5035     0.5143    34.5995    34.6805    26.7360    26.8040      1.074      1.261      0.375      0.441 0.0000e+00
      13120    546.635    374.669 -109.94042   21.88890    372.000     9.4605     9.4318 3.7361e+04   3.741278     0.0598     0.0624    98.4519 1.0000e-12          0     0.5043     0.5152     0.0570     0.1147     4.5800     0.0000     0.0085     0.0000     0.5034     0.5141    34.5994    34.6807    26.7365    26.8048      1.147      1.152      0.401      0.403 0.0000e+00
      13141    547.509    375.677 -109.94042   21.88890    373.000     9.4541     9.4254 3.7355e+04   3.740690     0.0558     0.0626    98.4466 1.0000e-12          0     0.5038     0.5150     0.0566     0.1148     4.5798     0.0000     0.0085     0.0000     0.5035     0.5141    34.5988    34.6804    26.7372    26.8057      1.106      1.213      0.386      0.424 0.0000e+00
      13162    548.387    376.685 -109.94042   21.88890    374.000     9.4466     9.4177 3.7348e+04   3.739978     0.0683     0.0626    98.4463 1.0000e-12          0     0.5041     0.5146     0.0578     0.1148     4.5797     0.0000     0.0085     0.0000     0.5034     0.5143    34.5987    34.6799    26.7383    26.8066      1.021      1.276      0.357      0.446 0.0000e+00
      13188    549.464    377.693 -109.94042   21.88890    375.000     9.4401     9.4114 3.7343e+04   3.739375     0.0502     0.0624    98.4519 1.0000e-12          0     0.5041     0.5150     0.0560     0.1148     4.5800     0.0000     0.0085     0.0000     0.5032     0.5143    34.5988    34.6793    26.7395    26.8072      1.099      1.218      0.384      0.426 0.0000e+00
      13219    550.740    378.701 -109.94042   21.88890    376.000     9.4351     9.4065 3.7338e+04   3.738917     0.0560     0.0624    98.4513 1.0000e-12          0     0.5042     0.5148     0.0566     0.1148     4.5800     0.0000     0.0085     0.0000     0.5035     0.5142    34.5983    34.6789    26.7399    26.8076      1.058      1.233      0.369      0.431 0.0000e+00
      13263    552.573    379.710 -109.94042   21.88890    377.000     9.4264     9.3976 3.7329e+04   3.738082     0.0589     0.0619    98.4643 1.0000e-12          0     0.5041     0.5150     0.0569     0.1148     4.5806     0.0000     0.0085     0.0000     0.5033     0.5142    34.5975    34.6784    26.7408    26.8088      1.096      1.214      0.383      0.424 0.0000e+00
      13322    555.049    380.718 -109.94042   21.88890    378.000     9.4177     9.3892 3.7323e+04   3.737395     0.0598     0.0616    98.4709 1.0000e-12          0     0.5040     0.5149     0.0570     0.1147     4.5809     0.0000     0.0084     0.0000     0.5034     0.5142    34.5988    34.6790    26.7432    26.8106      1.114      1.192      0.389      0.416 0.0000e+00
      13355    556.400    381.725 -109.94042   21.88890    379.000     9.3970     9.3670 3.7302e+04   3.735413     0.0698     0.0620    98.4608 1.0000e-12          0     0.5041     0.5147     0.0580     0.1148     4.5804     0.0000     0.0085     0.0000     0.5033     0.5143    34.5967    34.6794    26.7450    26.8146      1.051      1.264      0.367      0.441 0.0000e+00
      13376    557.296    382.733 -109.94042   21.88890    380.000     9.3768     9.3500 3.7282e+04   3.733637     0.0632     0.0624    98.4520 1.0000e-12          0     0.5040     0.5150     0.0573     0.1148     4.5800     0.0000     0.0082     0.0000     0.5034     0.5142    34.5950    34.6771    26.7469    26.8155      1.204      1.212      0.420      0.423 0.0000e+00
      13395    558.075    383.742 -109.94042   21.88890    381.000     9.3603     9.3306 3.7266e+04   3.731789     0.0536     0.0624    98.4520 1.0000e-12          0     0.5039     0.5150     0.0564     0.1148     4.5800     0.0000     0.0083     0.0000     0.5036     0.5142    34.5939    34.6762    26.7488    26.8180      1.154      1.163      0.403      0.406 0.0000e+00
      13413    558.848    384.750 -109.94042   21.88890    382.000     9.3497     9.3211 3.7257e+04   3.730818     0.0687     0.0651    98.3843 1.0000e-12          0     0.5042     0.5147     0.0579     0.1148     4.5768     0.0000     0.0084     0.0000     0.5035     0.5141    34.5940    34.6749    26.7506    26.8186      1.050      1.205      0.366      0.420 0.0000e+00
      13434    559.718    385.758 -109.94042   21.88890    383.000     9.3432     9.3136 3.7254e+04   3.730593     0.0559     0.0646    98.3978 1.0000e-12          0     0.5040     0.5150     0.0566     0.1148     4.5774     0.0000     0.0083     0.0000     0.5034     0.5142    34.5967    34.6793    26.7538    26.8232      1.122      1.213      0.391      0.423 0.0000e+00
      13462    560.863    386.766 -109.94042   21.88890    384.000     9.2979     9.2682 3.7208e+04   3.726097     0.0620     0.0630    98.4377 1.0000e-12          0     0.5042     0.5149     0.0572     0.1148     4.5793     0.0000     0.0085     0.0000     0.5033     0.5142    34.5928    34.6761    26.7581    26.8282      0.964      1.249      0.336      0.435 0.0000e+00
      13507    562.765    387.774 -109.94042   21.88890    385.000     9.2794     9.2511 3.7190e+04   3.724170     0.0663     0.0621    98.4593 1.0000e-12          0     0.5042     0.5148     0.0576     0.1147     4.5803     0.0000     0.0085     0.0000     0.5033     0.5141    34.5915    34.6723    26.7601    26.8280      1.174      1.172      0.409      0.408 0.0000e+00
