data/ctd-cnv/KM1919/KM1919-St22-P3/St22_P3_cast69-align-cellTM-derive-bin.cnv
* Sea-Bird SBE 9 Data File:
* FileName = C:\Users\otg\Desktop\CTD Data\km1920\St22_P3_cast69.hex
* Software Version Seasave V 7.26.7.107
* Temperature SN = 5554
* Conductivity SN = 3876
* Number of Bytes Per Scan = 41
* Number of Voltage Words = 4
* Number of Scans Averaged by the Deck Unit = 1
* NMEA Latitude = 21 53.34 N
* NMEA Longitude = 109 56.42 W
* NMEA UTC (Time) = Oct 16 2019  07:03:53
* NMEA baud rate = 4800
** Ship: Kilo Moana
** Station: St22  P3 cast 69
** Operator: jac
# nquan = 34
# nvalues = 501                         
# units = specified
# name 0 = scan: Scan Count
# name 1 = timeS: Time, Elapsed [seconds]
# name 2 = prDM: Pressure, Digiquartz [db]
# name 3 = longitude: Longitude [deg]
# name 4 = latitude: Latitude [deg]
# name 5 = depSM: Depth [salt water, m]
# name 6 = t090C: Temperature [ITS-90, deg C]
# name 7 = t190C: Temperature, 2 [ITS-90, deg C]
# name 8 = c0uS/cm: Conductivity [uS/cm]
# name 9 = c1S/m: Conductivity, 2 [S/m]
# name 10 = flECO-AFL: Fluorescence, WET Labs ECO-AFL/FL [mg/m^3]
# name 11 = CStarAt0: Beam Attenuation, WET Labs C-Star [1/m]
# name 12 = CStarTr0: Beam Transmission, WET Labs C-Star [%]
# name 13 = par: PAR/Irradiance, Biospherical/Licor
# name 14 = modError: Modulo Error Count
# name 15 = v0: Voltage 0
# name 16 = v1: Voltage 1
# name 17 = v2: Voltage 2
# name 18 = v3: Voltage 3
# name 19 = v4: Voltage 4
# name 20 = v5: Voltage 5
# name 21 = v6: Voltage 6
# name 22 = v7: Voltage 7
# name 23 = sbeox0V: Oxygen raw, SBE 43 [V]
# name 24 = sbeox1V: Oxygen raw, SBE 43, 2 [V]
# name 25 = sal00: Salinity, Practical [PSU]
# name 26 = sal11: Salinity, Practical, 2 [PSU]
# name 27 = sigma-é00: Density [sigma-theta, kg/m^3]
# name 28 = sigma-é11: Density, 2 [sigma-theta, kg/m^3]
# name 29 = sbeox0Mm/L: Oxygen, SBE 43 [umol/l], WS = 2
# name 30 = sbeox1Mm/L: Oxygen, SBE 43, 2 [umol/l], WS = 2
# name 31 = sbeox0PS: Oxygen, SBE 43 [% saturation], WS = 2
# name 32 = sbeox1PS: Oxygen, SBE 43, 2 [% saturation], WS = 2
# name 33 = flag: flag
# span 0 =        400,      18033       
# span 1 =     16.629,    751.336       
# span 2 =      2.012,    505.761       
# span 3 = -109.94046, -109.94038       
# span 4 =   21.88888,   21.88897       
# span 5 =      2.000,    502.000       
# span 6 =     7.8035,    27.7951       
# span 7 =     7.7783,    27.7615       
# span 8 = 3.5836e+04, 5.5491e+04       
# span 9 =   3.588660,   5.558084       
# span 10 =     0.0395,     1.1087      
# span 11 =     0.0581,     0.1293      
# span 12 =    96.8187,    98.5578      
# span 13 = -1.892e-05, 5.1726e+00      
# span 14 =          0,          0      
# span 15 =     0.5031,     2.4776      
# span 16 =     0.5138,     2.4659      
# span 17 =     0.0549,     0.1619      
# span 18 =     0.1123,     0.1171      
# span 19 =     4.5040,     4.5849      
# span 20 =     0.0000,     0.0000      
# span 21 =     0.0079,     1.7235      
# span 22 =     0.0000,     0.0000      
# span 23 =     0.5024,     2.4773      
# span 24 =     0.5132,     2.4681      
# span 25 =    33.9315,    34.7752      
# span 26 =    34.0268,    34.8615      
# span 27 =    22.1859,    26.9558      
# span 28 =    22.2632,    27.0215      
# span 29 =      0.846,    239.691      
# span 30 =      1.074,    251.696      
# span 31 =      0.290,    106.473      
# span 32 =      0.366,    111.538      
# span 33 = 0.0000e+00, 0.0000e+00      
# interval = meters: 1                  
# start_time = Oct 16 2019 07:08:40 [NMEA time, first data scan]
# bad_flag = -9.990e-29
*END*
[from data line 299]
      11120    463.306    303.107 -109.94039   21.88890    301.000    10.5784    10.5483 3.8445e+04   3.849897     0.0727     0.0695    98.2770 1.0000e-12          0     0.5043     0.5159     0.0583     0.1148     4.5718     0.0000     0.0085     0.0000     0.5036     0.5152    34.6681    34.7509    26.5988    26.6687      1.086      1.355      0.389      0.485 0.0000e+00
      11143    464.233    304.115 -109.94040   21.88890    302.000    10.5586    10.5283 3.8425e+04   3.847967     0.0743     0.0689    98.2919 1.0000e-12          0     0.5043     0.5158     0.0584     0.1148     4.5725     0.0000     0.0084     0.0000     0.5036     0.5151    34.6664    34.7500    26.6010    26.6715      1.065      1.352      0.382      0.484 0.0000e+00
      11162    465.021    305.122 -109.94040   21.88890    303.000    10.5477    10.5180 3.8415e+04   3.846790     0.0666     0.0691    98.2872 1.0000e-12          0     0.5043     0.5163     0.0577     0.1148     4.5723     0.0000     0.0085     0.0000     0.5035     0.5154    34.6655    34.7474    26.6023    26.6713      1.073      1.329      0.384      0.476 0.0000e+00
      11180    465.774    306.130 -109.94040   21.88890    304.000    10.5368    10.5073 3.8404e+04   3.845822     0.0602     0.0689    98.2930 1.0000e-12          0     0.5043     0.5158     0.0570     0.1148     4.5725     0.0000     0.0085     0.0000     0.5036     0.5149    34.6646    34.7474    26.6035    26.6732      1.111      1.260      0.398      0.451 0.0000e+00
      11198    466.542    307.138 -109.94040   21.88890    305.000    10.5290    10.4996 3.8397e+04   3.845061     0.0728     0.0688    98.2944 1.0000e-12          0     0.5043     0.5159     0.0583     0.1147     4.5726     0.0000     0.0083     0.0000     0.5036     0.5152    34.6643    34.7466    26.6046    26.6739      1.089      1.306      0.389      0.467 0.0000e+00
      11219    467.433    308.146 -109.94040   21.88890    306.000    10.5128    10.4821 3.8382e+04   3.843613     0.0731     0.0688    98.2945 1.0000e-12          0     0.5043     0.5159     0.0583     0.1147     4.5726     0.0000     0.0084     0.0000     0.5036     0.5148    34.6642    34.7483    26.6074    26.6784      1.088      1.243      0.389      0.445 0.0000e+00
      11250    468.726    309.154 -109.94039   21.88890    307.000    10.4716    10.4412 3.8341e+04   3.839461     0.0704     0.0690    98.2905 1.0000e-12          0     0.5043     0.5159     0.0580     0.1148     4.5724     0.0000     0.0085     0.0000     0.5036     0.5151    34.6615    34.7449    26.6125    26.6829      1.090      1.337      0.389      0.478 0.0000e+00
      11297    470.666    310.161 -109.94038   21.88890    308.000    10.4514    10.4220 3.8320e+04   3.837315     0.0680     0.0682    98.3093 1.0000e-12          0     0.5043     0.5158     0.0578     0.1147     4.5733     0.0000     0.0085     0.0000     0.5036     0.5148    34.6596    34.7411    26.6146    26.6833      1.090      1.246      0.390      0.445 0.0000e+00
      11339    472.407    311.169 -109.94039   21.88890    309.000    10.4257    10.3983 3.8295e+04   3.835095     0.0737     0.0687    98.2964 1.0000e-12          0     0.5043     0.5158     0.0584     0.1148     4.5727     0.0000     0.0085     0.0000     0.5036     0.5150    34.6582    34.7407    26.6180    26.6871      1.091      1.364      0.390      0.487 0.0000e+00
      11365    473.497    312.177 -109.94040   21.88890    310.000    10.4076    10.3781 3.8278e+04   3.833272     0.0656     0.0688    98.2945 1.0000e-12          0     0.5043     0.5157     0.0576     0.1147     4.5726     0.0000     0.0084     0.0000     0.5036     0.5149    34.6574    34.7411    26.6205    26.6910      1.092      1.189      0.390      0.424 0.0000e+00
      11389    474.480    313.185 -109.94040   21.88890    311.000    10.3892    10.3595 3.8260e+04   3.831340     0.0598     0.0688    98.2945 1.0000e-12          0     0.5043     0.5155     0.0570     0.1146     4.5726     0.0000     0.0085     0.0000     0.5036     0.5146    34.6567    34.7389    26.6232    26.6925      1.092      1.240      0.390      0.442 0.0000e+00
      11413    475.509    314.192 -109.94040   21.88890    312.000    10.3839    10.3547 3.8255e+04   3.830821     0.0566     0.0683    98.3072 1.0000e-12          0     0.5043     0.5156     0.0567     0.1148     4.5732     0.0000     0.0085     0.0000     0.5036     0.5148    34.6565    34.7377    26.6240    26.6924      1.093      1.360      0.390      0.485 0.0000e+00
      11440    476.617    315.200 -109.94040   21.88890    313.000    10.3778    10.3484 3.8249e+04   3.830247     0.0667     0.0679    98.3149 1.0000e-12          0     0.5043     0.5159     0.0577     0.1146     4.5736     0.0000     0.0084     0.0000     0.5036     0.5150    34.6557    34.7375    26.6244    26.6934      1.093      1.334      0.390      0.476 0.0000e+00
      11471    477.897    316.208 -109.94040   21.88890    314.000    10.3696    10.3400 3.8243e+04   3.829516     0.0631     0.0677    98.3207 1.0000e-12          0     0.5043     0.5154     0.0573     0.1147     4.5739     0.0000     0.0085     0.0000     0.5036     0.5149    34.6564    34.7377    26.6264    26.6950      1.093      1.253      0.390      0.447 0.0000e+00
      11505    479.314    317.216 -109.94040   21.88890    315.000    10.3546    10.3249 3.8228e+04   3.828044     0.0579     0.0677    98.3207 1.0000e-12          0     0.5043     0.5156     0.0568     0.1148     4.5739     0.0000     0.0085     0.0000     0.5036     0.5149    34.6552    34.7368    26.6282    26.6969      1.094      1.280      0.390      0.456 0.0000e+00
      11537    480.676    318.224 -109.94040   21.88890    316.000    10.3417    10.3124 3.8215e+04   3.826831     0.0628     0.0677    98.3207 1.0000e-12          0     0.5043     0.5156     0.0573     0.1148     4.5739     0.0000     0.0085     0.0000     0.5036     0.5147    34.6545    34.7359    26.6299    26.6985      1.089      1.282      0.388      0.457 0.0000e+00
      11564    481.804    319.232 -109.94040   21.88890    317.000    10.3336    10.3047 3.8207e+04   3.826018     0.0736     0.0678    98.3172 1.0000e-12          0     0.5043     0.5156     0.0584     0.1148     4.5737     0.0000     0.0084     0.0000     0.5035     0.5149    34.6536    34.7346    26.6306    26.6988      1.070      1.313      0.381      0.468 0.0000e+00
      11586    482.727    320.239 -109.94040   21.88890    318.000    10.3313    10.3021 3.8205e+04   3.825798     0.0702     0.0680    98.3131 1.0000e-12          0     0.5043     0.5155     0.0580     0.1148     4.5735     0.0000     0.0085     0.0000     0.5036     0.5148    34.6529    34.7344    26.6304    26.6991      1.105      1.233      0.394      0.439 0.0000e+00
      11606    483.562    321.247 -109.94040   21.88890    319.000    10.3194    10.2897 3.8193e+04   3.824654     0.0578     0.0680    98.3141 1.0000e-12          0     0.5043     0.5155     0.0568     0.1148     4.5736     0.0000     0.0085     0.0000     0.5035     0.5147    34.6520    34.7342    26.6318    26.7011      1.076      1.227      0.383      0.437 0.0000e+00
      11627    484.410    322.255 -109.94040   21.88890    320.000    10.3130    10.2837 3.8188e+04   3.824006     0.0719     0.0677    98.3207 1.0000e-12          0     0.5043     0.5155     0.0582     0.1148     4.5739     0.0000     0.0085     0.0000     0.5036     0.5148    34.6518    34.7329    26.6327    26.7012      1.120      1.315      0.399      0.468 0.0000e+00
      11651    485.411    323.263 -109.94040   21.88890    321.000    10.3068    10.2775 3.8181e+04   3.823431     0.0603     0.0678    98.3178 1.0000e-12          0     0.5043     0.5156     0.0570     0.1148     4.5738     0.0000     0.0084     0.0000     0.5036     0.5147    34.6511    34.7325    26.6333    26.7019      1.080      1.215      0.385      0.433 0.0000e+00
      11691    487.065    324.271 -109.94040   21.88890    322.000    10.2984    10.2694 3.8173e+04   3.822606     0.0573     0.0677    98.3201 1.0000e-12          0     0.5043     0.5155     0.0567     0.1147     4.5739     0.0000     0.0085     0.0000     0.5036     0.5148    34.6502    34.7315    26.6341    26.7025      1.087      1.303      0.387      0.464 0.0000e+00
      11742    489.229    325.278 -109.94040   21.88890    323.000    10.2933    10.2632 3.8169e+04   3.822062     0.0731     0.0677    98.3207 1.0000e-12          0     0.5043     0.5154     0.0583     0.1147     4.5739     0.0000     0.0084     0.0000     0.5036     0.5148    34.6508    34.7315    26.6355    26.7037      1.096      1.286      0.390      0.458 0.0000e+00
      11776    490.605    326.287 -109.94040   21.88890    324.000    10.2768    10.2438 3.8153e+04   3.820299     0.0644     0.0677    98.3207 1.0000e-12          0     0.5043     0.5155     0.0574     0.1148     4.5739     0.0000     0.0084     0.0000     0.5035     0.5148    34.6495    34.7316    26.6373    26.7071      1.106      1.283      0.394      0.457 0.0000e+00
      11799    491.580    327.294 -109.94040   21.88890    325.000    10.2570    10.2270 3.8133e+04   3.818604     0.0682     0.0677    98.3207 1.0000e-12          0     0.5042     0.5155     0.0578     0.1148     4.5739     0.0000     0.0084     0.0000     0.5036     0.5148    34.6476    34.7301    26.6392    26.7088      1.102      1.269      0.392      0.452 0.0000e+00
      11819    492.412    328.302 -109.94040   21.88890    326.000    10.2389    10.2084 3.8115e+04   3.816897     0.0682     0.0667    98.3462 1.0000e-12          0     0.5043     0.5156     0.0578     0.1148     4.5751     0.0000     0.0085     0.0000     0.5036     0.5148    34.6464    34.7300    26.6415    26.7120      1.098      1.251      0.391      0.445 0.0000e+00
      11839    493.251    329.310 -109.94040   21.88890    327.000    10.2074    10.1772 3.8084e+04   3.813838     0.0597     0.0676    98.3236 1.0000e-12          0     0.5042     0.5155     0.0570     0.1148     4.5740     0.0000     0.0085     0.0000     0.5036     0.5147    34.6446    34.7284    26.6455    26.7161      1.099      1.263      0.391      0.449 0.0000e+00
      11862    494.193    330.318 -109.94040   21.88890    328.000    10.1977    10.1685 3.8076e+04   3.812896     0.0725     0.0668    98.3440 1.0000e-12          0     0.5043     0.5155     0.0582     0.1146     4.5750     0.0000     0.0084     0.0000     0.5036     0.5148    34.6451    34.7266    26.6476    26.7163      1.097      1.285      0.390      0.457 0.0000e+00
      11891    495.403    331.326 -109.94040   21.88890    329.000    10.1898    10.1605 3.8069e+04   3.812156     0.0572     0.0674    98.3281 1.0000e-12          0     0.5043     0.5155     0.0567     0.1148     4.5742     0.0000     0.0085     0.0000     0.5036     0.5147    34.6453    34.7263    26.6491    26.7174      1.080      1.270      0.384      0.451 0.0000e+00
      11926    496.864    332.334 -109.94040   21.88890    330.000    10.1817    10.1526 3.8062e+04   3.811382     0.0545     0.0677    98.3208 1.0000e-12          0     0.5043     0.5154     0.0564     0.1148     4.5739     0.0000     0.0085     0.0000     0.5035     0.5146    34.6447    34.7256    26.6501    26.7182      1.068      1.240      0.379      0.440 0.0000e+00
      11967    498.594    333.341 -109.94040   21.88890    331.000    10.1761    10.1470 3.8056e+04   3.810843     0.0678     0.0670    98.3383 1.0000e-12          0     0.5043     0.5155     0.0578     0.1148     4.5747     0.0000     0.0084     0.0000     0.5036     0.5146    34.6440    34.7250    26.6505    26.7187      1.116      1.274      0.396      0.452 0.0000e+00
      12007    500.247    334.349 -109.94040   21.88890    332.000    10.1691    10.1399 3.8049e+04   3.810186     0.0610     0.0670    98.3397 1.0000e-12          0     0.5043     0.5153     0.0571     0.1148     4.5748     0.0000     0.0085     0.0000     0.5036     0.5147    34.6435    34.7247    26.6513    26.7197      1.109      1.239      0.394      0.440 0.0000e+00
      12033    501.329    335.357 -109.94040   21.88890    333.000    10.1623    10.1327 3.8043e+04   3.809604     0.0544     0.0667    98.3470 1.0000e-12          0     0.5042     0.5153     0.0564     0.1146     4.5751     0.0000     0.0083     0.0000     0.5036     0.5146    34.6432    34.7252    26.6523    26.7214      1.079      1.278      0.383      0.454 0.0000e+00
      12054    502.209    336.365 -109.94040   21.88890    334.000    10.1488    10.1192 3.8030e+04   3.808356     0.0620     0.0667    98.3470 1.0000e-12          0     0.5043     0.5153     0.0572     0.1147     4.5751     0.0000     0.0084     0.0000     0.5035     0.5147    34.6425    34.7249    26.6541    26.7235      1.069      1.276      0.379      0.453 0.0000e+00
      12074    503.025    337.373 -109.94040   21.88890    335.000    10.1353    10.1058 3.8017e+04   3.807019     0.0706     0.0667    98.3470 1.0000e-12          0     0.5042     0.5155     0.0581     0.1148     4.5751     0.0000     0.0085     0.0000     0.5035     0.5146    34.6416    34.7237    26.6557    26.7249      1.132      1.227      0.402      0.435 0.0000e+00
      12095    503.907    338.381 -109.94040   21.88890    336.000    10.1259    10.0966 3.8008e+04   3.806080     0.0689     0.0667    98.3470 1.0000e-12          0     0.5043     0.5153     0.0579     0.1148     4.5751     0.0000     0.0084     0.0000     0.5036     0.5146    34.6408    34.7225    26.6567    26.7255      1.092      1.333      0.387      0.473 0.0000e+00
      12120    504.971    339.389 -109.94040   21.88890    337.000    10.1178    10.0887 3.8000e+04   3.805293     0.0575     0.0667    98.3470 1.0000e-12          0     0.5043     0.5153     0.0567     0.1146     4.5751     0.0000     0.0085     0.0000     0.5036     0.5148    34.6403    34.7216    26.6577    26.7262      1.098      1.246      0.390      0.442 0.0000e+00
      12154    506.371    340.397 -109.94042   21.88890    338.000    10.1103    10.0811 3.7993e+04   3.804582     0.0708     0.0669    98.3426 1.0000e-12          0     0.5042     0.5154     0.0581     0.1148     4.5749     0.0000     0.0085     0.0000     0.5035     0.5146    34.6398    34.7212    26.6587    26.7272      1.083      1.241      0.384      0.440 0.0000e+00
      12189    507.852    341.405 -109.94042   21.88890    339.000    10.0908    10.0612 3.7975e+04   3.802777     0.0686     0.0666    98.3492 1.0000e-12          0     0.5043     0.5155     0.0579     0.1148     4.5752     0.0000     0.0085     0.0000     0.5036     0.5145    34.6390    34.7214    26.6614    26.7308      1.125      1.203      0.398      0.426 0.0000e+00
      12223    509.258    342.412 -109.94042   21.88890    340.000    10.0788    10.0499 3.7964e+04   3.801566     0.0553     0.0667    98.3470 1.0000e-12          0     0.5043     0.5153     0.0565     0.1145     4.5751     0.0000     0.0083     0.0000     0.5036     0.5147    34.6388    34.7195    26.6633    26.7312      1.105      1.334      0.391      0.473 0.0000e+00
      12255    510.568    343.421 -109.94042   21.88890    341.000    10.0742    10.0450 3.7959e+04   3.801189     0.0589     0.0667    98.3470 1.0000e-12          0     0.5043     0.5153     0.0569     0.1148     4.5751     0.0000     0.0085     0.0000     0.5036     0.5146    34.6382    34.7199    26.6636    26.7324      1.105      1.242      0.392      0.440 0.0000e+00
      12282    511.700    344.429 -109.94042   21.88890    342.000    10.0530    10.0230 3.7939e+04   3.799233     0.0606     0.0667    98.3470 1.0000e-12          0     0.5043     0.5150     0.0571     0.1148     4.5751     0.0000     0.0085     0.0000     0.5036     0.5145    34.6377    34.7206    26.6668    26.7367      1.106      1.242      0.392      0.440 0.0000e+00
