data/ctd-cnv/KM1919/KM1919-St22-P3/St22_P3_cast67-align-cellTM-derive-bin.cnv
* Sea-Bird SBE 9 Data File:
* FileName = C:\Users\otg\Desktop\CTD Data\km1920\St22_P3_cast67.hex
* Software Version Seasave V 7.26.7.107
* Temperature SN = 5554
* Conductivity SN = 3876
* Number of Bytes Per Scan = 41
* Number of Voltage Words = 4
* Number of Scans Averaged by the Deck Unit = 1
* NMEA Latitude = 21 51.85 N
* NMEA Longitude = 109 58.13 W
* NMEA UTC (Time) = Oct 15 2019  22:06:32
* NMEA baud rate = 4800
** Ship: Kilo Moana
** Station: St22  P3 cast 67
** Operator: cf
** Al deep cast
# nquan = 34
# nvalues = 2999                        
# units = specified
# name 0 = scan: Scan Count
# name 1 = timeS: Time, Elapsed [seconds]
# name 2 = prDM: Pressure, Digiquartz [db]
# name 3 = longitude: Longitude [deg]
# name 4 = latitude: Latitude [deg]
# name 5 = depSM: Depth [salt water, m]
# name 6 = t090C: Temperature [ITS-90, deg C]
# name 7 = t190C: Temperature, 2 [ITS-90, deg C]
# name 8 = c0uS/cm: Conductivity [uS/cm]
# name 9 = c1S/m: Conductivity, 2 [S/m]
# name 10 = flECO-AFL: Fluorescence, WET Labs ECO-AFL/FL [mg/m^3]
# name 11 = CStarAt0: Beam Attenuation, WET Labs C-Star [1/m]
# name 12 = CStarTr0: Beam Transmission, WET Labs C-Star [%]
# name 13 = par: PAR/Irradiance, Biospherical/Licor
# name 14 = modError: Modulo Error Count
# name 15 = v0: Voltage 0
# name 16 = v1: Voltage 1
# name 17 = v2: Voltage 2
# name 18 = v3: Voltage 3
# name 19 = v4: Voltage 4
# name 20 = v5: Voltage 5
# name 21 = v6: Voltage 6
# name 22 = v7: Voltage 7
# name 23 = sbeox0V: Oxygen raw, SBE 43 [V]
# name 24 = sbeox1V: Oxygen raw, SBE 43, 2 [V]
# name 25 = sal00: Salinity, Practical [PSU]
# name 26 = sal11: Salinity, Practical, 2 [PSU]
# name 27 = sigma-é00: Density [sigma-theta, kg/m^3]
# name 28 = sigma-é11: Density, 2 [sigma-theta, kg/m^3]
# name 29 = sbeox0Mm/L: Oxygen, SBE 43 [umol/l], WS = 2
# name 30 = sbeox1Mm/L: Oxygen, SBE 43, 2 [umol/l], WS = 2
# name 31 = sbeox0PS: Oxygen, SBE 43 [% saturation], WS = 2
# name 32 = sbeox1PS: Oxygen, SBE 43, 2 [% saturation], WS = 2
# name 33 = flag: flag
# span 0 =        645,      84249       
# span 1 =     26.816,   3510.347       
# span 2 =      3.019,   3041.581       
# span 3 = -109.96882, -109.96852       
# span 4 =   21.86380,   21.86424       
# span 5 =      3.000,   3001.000       
# span 6 =     1.6768,    27.6667       
# span 7 =     1.6546,    27.6354       
# span 8 = 3.1440e+04, 5.5344e+04       
# span 9 =   3.148176,   5.543287       
# span 10 =     0.0135,     1.2903      
# span 11 =     0.0485,     0.1341      
# span 12 =    96.7016,    98.7945      
# span 13 = 1.0000e-12, 1.0000e-12      
# span 14 =          0,          0      
# span 15 =     0.5031,     2.4958      
# span 16 =     0.5131,     2.4814      
# span 17 =     0.0524,     0.1800      
# span 18 =     0.1123,     0.1231      
# span 19 =     4.4986,     4.5959      
# span 20 =    -0.0000,     0.0006      
# span 21 =     0.0000,     0.0000      
# span 22 =     0.0000,     0.0000      
# span 23 =     0.5025,     2.4916      
# span 24 =     0.5126,     2.4817      
# span 25 =    33.9368,    34.7741      
# span 26 =    34.0300,    34.8611      
# span 27 =    22.2213,    27.7509      
# span 28 =    22.2958,    27.8130      
# span 29 =      0.783,    239.098      
# span 30 =      0.906,    251.285      
# span 31 =      0.269,    107.283      
# span 32 =      0.299,    111.806      
# span 33 = 0.0000e+00, 0.0000e+00      
# interval = meters: 1                  
# start_time = Oct 15 2019 22:10:52 [NMEA time, first data scan]
# bad_flag = -9.990e-29
*END*
[from data line 2603]
      70643   2943.420   2638.781 -109.96868   21.86404   2606.000     1.7981     1.7752 3.1448e+04   3.148984     0.0267     0.0496    98.7670 1.0000e-12          0     0.8791     0.8858     0.0537     0.1221     4.5946     0.0000     0.0000     0.0000     0.8858     0.8924    34.6639    34.7398    27.7324    27.7950    105.700    108.302     30.869     31.627 0.0000e+00
      70669   2944.504   2639.800 -109.96868   21.86404   2607.000     1.7967     1.7738 3.1447e+04   3.148924     0.0262     0.0496    98.7670 1.0000e-12          0     0.8791     0.8862     0.0536     0.1221     4.5946     0.0000     0.0000     0.0000     0.8862     0.8924    34.6641    34.7400    27.7327    27.7953    105.659    108.566     30.856     31.703 0.0000e+00
      70693   2945.498   2640.819 -109.96868   21.86404   2608.000     1.7953     1.7723 3.1446e+04   3.148845     0.0267     0.0496    98.7670 1.0000e-12          0     0.8792     0.8860     0.0536     0.1220     4.5946     0.0000     0.0000     0.0000     0.8864     0.8927    34.6640    34.7402    27.7327    27.7956    105.183    108.566     30.716     31.702 0.0000e+00
      70715   2946.427   2641.838 -109.96868   21.86404   2609.000     1.7943     1.7716 3.1446e+04   3.148810     0.0272     0.0496    98.7670 1.0000e-12          0     0.8795     0.8866     0.0537     0.1221     4.5946     0.0000     0.0000     0.0000     0.8864     0.8927    34.6643    34.7400    27.7331    27.7955    105.084    108.892     30.686     31.797 0.0000e+00
      70737   2947.318   2642.857 -109.96868   21.86404   2610.000     1.7943     1.7715 3.1447e+04   3.148846     0.0266     0.0496    98.7670 1.0000e-12          0     0.8799     0.8862     0.0536     0.1210     4.5946     0.0000     0.0000     0.0000     0.8864     0.8931    34.6641    34.7400    27.7329    27.7955    105.393    108.867     30.776     31.789 0.0000e+00
      70758   2948.189   2643.875 -109.96868   21.86404   2611.000     1.7942     1.7714 3.1447e+04   3.148873     0.0272     0.0496    98.7670 1.0000e-12          0     0.8802     0.8864     0.0537     0.1216     4.5946     0.0000     0.0000     0.0000     0.8867     0.8933    34.6644    34.7400    27.7332    27.7955    105.152    109.142     30.706     31.870 0.0000e+00
      70779   2949.080   2644.894 -109.96868   21.86404   2612.000     1.7939     1.7711 3.1447e+04   3.148882     0.0266     0.0496    98.7670 1.0000e-12          0     0.8803     0.8867     0.0536     0.1221     4.5946     0.0000     0.0000     0.0000     0.8865     0.8936    34.6643    34.7400    27.7331    27.7955    105.268    108.900     30.740     31.799 0.0000e+00
      70803   2950.065   2645.913 -109.96868   21.86404   2613.000     1.7938     1.7710 3.1447e+04   3.148910     0.0272     0.0493    98.7751 1.0000e-12          0     0.8803     0.8869     0.0537     0.1216     4.5950     0.0000     0.0000     0.0000     0.8870     0.8935    34.6641    34.7400    27.7330    27.7956    106.332    108.751     31.050     31.755 0.0000e+00
      70833   2951.351   2646.932 -109.96868   21.86404   2614.000     1.7936     1.7708 3.1448e+04   3.148929     0.0272     0.0494    98.7712 1.0000e-12          0     0.8805     0.8872     0.0537     0.1216     4.5948     0.0000     0.0000     0.0000     0.8872     0.8936    34.6642    34.7399    27.7331    27.7955    105.633    108.909     30.846     31.801 0.0000e+00
      70878   2953.228   2647.951 -109.96868   21.86404   2615.000     1.7937     1.7710 3.1448e+04   3.148981     0.0266     0.0496    98.7669 1.0000e-12          0     0.8807     0.8876     0.0536     0.1213     4.5946     0.0000     0.0000     0.0000     0.8875     0.8939    34.6642    34.7398    27.7330    27.7954    105.626    109.036     30.844     31.838 0.0000e+00
      70918   2954.856   2648.970 -109.96868   21.86404   2616.000     1.7931     1.7701 3.1448e+04   3.148961     0.0272     0.0496    98.7670 1.0000e-12          0     0.8812     0.8875     0.0537     0.1221     4.5946     0.0000     0.0000     0.0000     0.8875     0.8939    34.6642    34.7401    27.7331    27.7957    105.555    108.868     30.823     31.788 0.0000e+00
      70943   2955.923   2649.989 -109.96868   21.86404   2617.000     1.7918     1.7691 3.1447e+04   3.148914     0.0272     0.0493    98.7752 1.0000e-12          0     0.8814     0.8879     0.0537     0.1220     4.5950     0.0000     0.0000     0.0000     0.8876     0.8942    34.6643    34.7401    27.7333    27.7958    105.481    109.217     30.800     31.890 0.0000e+00
      70964   2956.795   2651.008 -109.96868   21.86404   2618.000     1.7916     1.7688 3.1447e+04   3.148931     0.0272     0.0495    98.7697 1.0000e-12          0     0.8816     0.8879     0.0537     0.1221     4.5947     0.0000     0.0000     0.0000     0.8876     0.8940    34.6644    34.7402    27.7334    27.7959    105.495    108.825     30.804     31.775 0.0000e+00
      70982   2957.549   2652.026 -109.96868   21.86404   2619.000     1.7912     1.7683 3.1448e+04   3.148935     0.0272     0.0494    98.7728 1.0000e-12          0     0.8815     0.8880     0.0537     0.1220     4.5949     0.0000     0.0000     0.0000     0.8876     0.8942    34.6647    34.7402    27.7337    27.7960    105.510    109.208     30.808     31.886 0.0000e+00
      71000   2958.273   2653.045 -109.96867   21.86404   2620.000     1.7910     1.7681 3.1448e+04   3.148950     0.0272     0.0495    98.7702 1.0000e-12          0     0.8816     0.8880     0.0537     0.1221     4.5947     0.0000     0.0000     0.0000     0.8876     0.8943    34.6646    34.7402    27.7336    27.7960    105.525    109.435     30.812     31.953 0.0000e+00
      71017   2958.991   2654.064 -109.96866   21.86404   2621.000     1.7908     1.7679 3.1448e+04   3.148975     0.0265     0.0496    98.7671 1.0000e-12          0     0.8816     0.8880     0.0536     0.1220     4.5946     0.0000     0.0000     0.0000     0.8876     0.8944    34.6646    34.7402    27.7336    27.7960    105.539    109.179     30.817     31.878 0.0000e+00
      71034   2959.719   2655.083 -109.96866   21.86404   2622.000     1.7907     1.7678 3.1448e+04   3.149003     0.0265     0.0494    98.7714 1.0000e-12          0     0.8816     0.8882     0.0536     0.1221     4.5948     0.0000     0.0000     0.0000     0.8876     0.8944    34.6644    34.7402    27.7335    27.7960    105.554    109.368     30.821     31.933 0.0000e+00
      71053   2960.493   2656.102 -109.96866   21.86404   2623.000     1.7908     1.7678 3.1449e+04   3.149052     0.0272     0.0487    98.7903 1.0000e-12          0     0.8816     0.8881     0.0537     0.1221     4.5957     0.0000     0.0000     0.0000     0.8876     0.8947    34.6646    34.7403    27.7337    27.7961    105.739    109.444     30.875     31.955 0.0000e+00
      71074   2961.368   2657.121 -109.96866   21.86404   2624.000     1.7907     1.7678 3.1449e+04   3.149079     0.0266     0.0492    98.7777 1.0000e-12          0     0.8816     0.8881     0.0536     0.1221     4.5951     0.0000     0.0000     0.0000     0.8877     0.8947    34.6644    34.7402    27.7335    27.7960    106.105    109.289     30.982     31.910 0.0000e+00
      71102   2962.534   2658.140 -109.96866   21.86404   2625.000     1.7902     1.7674 3.1449e+04   3.149085     0.0272     0.0486    98.7926 1.0000e-12          0     0.8816     0.8883     0.0537     0.1211     4.5958     0.0000     0.0000     0.0000     0.8881     0.8949    34.6643    34.7402    27.7335    27.7961    106.433    109.475     31.077     31.964 0.0000e+00
      71150   2964.546   2659.159 -109.96866   21.86404   2626.000     1.7898     1.7670 3.1449e+04   3.149081     0.0267     0.0491    98.7797 1.0000e-12          0     0.8817     0.8887     0.0537     0.1221     4.5952    -0.0000     0.0000     0.0000     0.8885     0.8951    34.6643    34.7401    27.7335    27.7960    106.123    109.549     30.986     31.985 0.0000e+00
      71193   2966.340   2660.178 -109.96868   21.86404   2627.000     1.7898     1.7671 3.1449e+04   3.149121     0.0268     0.0513    98.7258 1.0000e-12          0     0.8822     0.8889     0.0537     0.1220     4.5927     0.0000     0.0000     0.0000     0.8888     0.8950    34.6640    34.7400    27.7333    27.7960    106.060    109.170     30.968     31.874 0.0000e+00
      71221   2967.495   2661.196 -109.96868   21.86404   2628.000     1.7896     1.7668 3.1450e+04   3.149150     0.0267     0.0487    98.7919 1.0000e-12          0     0.8824     0.8889     0.0537     0.1221     4.5957     0.0000     0.0000     0.0000     0.8887     0.8952    34.6645    34.7402    27.7337    27.7961    105.827    109.437     30.900     31.952 0.0000e+00
      71244   2968.468   2662.215 -109.96868   21.86404   2629.000     1.7895     1.7664 3.1450e+04   3.149161     0.0266     0.0486    98.7932 1.0000e-12          0     0.8824     0.8891     0.0536     0.1221     4.5958     0.0000     0.0000     0.0000     0.8887     0.8952    34.6644    34.7403    27.7336    27.7962    106.239    109.480     31.020     31.964 0.0000e+00
      71265   2969.332   2663.234 -109.96868   21.86404   2630.000     1.7889     1.7660 3.1450e+04   3.149168     0.0266     0.0487    98.7904 1.0000e-12          0     0.8827     0.8892     0.0536     0.1220     4.5957     0.0000     0.0000     0.0000     0.8888     0.8950    34.6645    34.7403    27.7337    27.7963    106.237    109.699     31.019     32.028 0.0000e+00
      71285   2970.151   2664.253 -109.96868   21.86404   2631.000     1.7889     1.7660 3.1450e+04   3.149210     0.0273     0.0490    98.7817 1.0000e-12          0     0.8827     0.8890     0.0537     0.1220     4.5953     0.0000     0.0000     0.0000     0.8889     0.8957    34.6644    34.7404    27.7337    27.7963    105.912    109.828     30.924     32.066 0.0000e+00
      71304   2970.944   2665.272 -109.96868   21.86404   2632.000     1.7889     1.7662 3.1451e+04   3.149260     0.0272     0.0495    98.7709 1.0000e-12          0     0.8825     0.8891     0.0537     0.1220     4.5948     0.0001     0.0000     0.0000     0.8887     0.8952    34.6646    34.7403    27.7339    27.7963    105.671    109.146     30.854     31.867 0.0000e+00
      71325   2971.815   2666.291 -109.96868   21.86404   2633.000     1.7888     1.7659 3.1451e+04   3.149279     0.0272     0.0492    98.7769 1.0000e-12          0     0.8826     0.8891     0.0537     0.1221     4.5951     0.0000     0.0000     0.0000     0.8887     0.8952    34.6645    34.7403    27.7338    27.7963    106.082    109.502     30.973     31.970 0.0000e+00
      71348   2972.809   2667.310 -109.96868   21.86404   2634.000     1.7881     1.7655 3.1451e+04   3.149278     0.0272     0.0493    98.7743 1.0000e-12          0     0.8828     0.8890     0.0537     0.1221     4.5949     0.0000     0.0000     0.0000     0.8887     0.8953    34.6646    34.7403    27.7339    27.7963    105.697    109.641     30.861     32.011 0.0000e+00
      71375   2973.928   2668.329 -109.96868   21.86404   2635.000     1.7883     1.7654 3.1451e+04   3.149306     0.0272     0.0488    98.7879 1.0000e-12          0     0.8828     0.8895     0.0537     0.1221     4.5956     0.0000     0.0000     0.0000     0.8886     0.8954    34.6642    34.7402    27.7336    27.7963    106.438    109.694     31.077     32.026 0.0000e+00
      71402   2975.043   2669.348 -109.96868   21.86404   2636.000     1.7875     1.7646 3.1451e+04   3.149290     0.0272     0.0490    98.7838 1.0000e-12          0     0.8825     0.8892     0.0537     0.1220     4.5954     0.0000     0.0000     0.0000     0.8889     0.8953    34.6645    34.7404    27.7339    27.7965    106.074    109.637     30.970     32.009 0.0000e+00
      71426   2976.055   2670.367 -109.96868   21.86404   2637.000     1.7866     1.7638 3.1451e+04   3.149261     0.0272     0.0490    98.7818 1.0000e-12          0     0.8826     0.8893     0.0537     0.1220     4.5953     0.0000     0.0000     0.0000     0.8887     0.8956    34.6648    34.7404    27.7342    27.7966    106.186    109.891     31.002     32.082 0.0000e+00
      71450   2977.037   2671.386 -109.96868   21.86404   2638.000     1.7868     1.7640 3.1451e+04   3.149310     0.0272     0.0495    98.7690 1.0000e-12          0     0.8824     0.8892     0.0537     0.1221     4.5947     0.0000     0.0000     0.0000     0.8889     0.8955    34.6645    34.7404    27.7340    27.7965    106.300    109.606     31.036     31.999 0.0000e+00
      71474   2978.032   2672.405 -109.96868   21.86404   2639.000     1.7861     1.7635 3.1451e+04   3.149312     0.0272     0.0488    98.7890 1.0000e-12          0     0.8828     0.8893     0.0537     0.1221     4.5956     0.0000     0.0000     0.0000     0.8889     0.8957    34.6647    34.7404    27.7341    27.7966    106.158    109.795     30.994     32.054 0.0000e+00
      71499   2979.074   2673.424 -109.96868   21.86404   2640.000     1.7859     1.7630 3.1451e+04   3.149302     0.0272     0.0491    98.7790 1.0000e-12          0     0.8827     0.8894     0.0537     0.1213     4.5951     0.0000     0.0000     0.0000     0.8889     0.8956    34.6646    34.7404    27.7341    27.7966    106.175    109.945     30.998     32.097 0.0000e+00
      71527   2980.235   2674.443 -109.96868   21.86404   2641.000     1.7855     1.7626 3.1451e+04   3.149311     0.0264     0.0492    98.7783 1.0000e-12          0     0.8828     0.8894     0.0536     0.1217     4.5951     0.0000     0.0000     0.0000     0.8889     0.8958    34.6645    34.7404    27.7341    27.7966    106.190    109.864     31.003     32.074 0.0000e+00
      71559   2981.581   2675.462 -109.96868   21.86404   2642.000     1.7853     1.7624 3.1452e+04   3.149330     0.0272     0.0487    98.7902 1.0000e-12          0     0.8828     0.8894     0.0537     0.1221     4.5957     0.0000     0.0000     0.0000     0.8889     0.8959    34.6647    34.7404    27.7343    27.7967    106.205    110.021     31.007     32.119 0.0000e+00
      71593   2983.002   2676.481 -109.96868   21.86404   2643.000     1.7852     1.7624 3.1452e+04   3.149366     0.0218     0.0486    98.7932 1.0000e-12          0     0.8828     0.8896     0.0532     0.1216     4.5958     0.0000     0.0000     0.0000     0.8889     0.8960    34.6648    34.7403    27.7343    27.7966    106.219    109.943     31.011     32.096 0.0000e+00
      71623   2984.252   2677.500 -109.96868   21.86404   2644.000     1.7852     1.7624 3.1452e+04   3.149408     0.0215     0.0489    98.7865 1.0000e-12          0     0.8828     0.8897     0.0531     0.1215     4.5955     0.0000     0.0000     0.0000     0.8889     0.8962    34.6644    34.7403    27.7341    27.7967    106.234    110.042     31.015     32.125 0.0000e+00
      71648   2985.280   2678.519 -109.96868   21.86404   2645.000     1.7849     1.7620 3.1452e+04   3.149419     0.0274     0.0491    98.7793 1.0000e-12          0     0.8828     0.8898     0.0537     0.1221     4.5952     0.0000     0.0000     0.0000     0.8889     0.8961    34.6642    34.7405    27.7339    27.7968    106.287    109.890     31.030     32.081 0.0000e+00
      71669   2986.163   2679.538 -109.96868   21.86404   2646.000     1.7843     1.7614 3.1452e+04   3.149418     0.0232     0.0488    98.7874 1.0000e-12          0     0.8828     0.8899     0.0533     0.1221     4.5955     0.0000     0.0000     0.0000     0.8890     0.8962    34.6646    34.7406    27.7343    27.7970    106.342    110.090     31.046     32.138 0.0000e+00
      71689   2986.997   2680.557 -109.96868   21.86404   2647.000     1.7837     1.7609 3.1452e+04   3.149409     0.0152     0.0486    98.7930 1.0000e-12          0     0.8828     0.8899     0.0525     0.1220     4.5958     0.0000     0.0000     0.0000     0.8889     0.8961    34.6646    34.7406    27.7343    27.7970    106.229    109.871     31.012     32.074 0.0000e+00
