data/ctd-cnv/KM1919/KM1919-St22-P3/St22_P3_cast66-align-cellTM-derive-bin.cnv
* Sea-Bird SBE 9 Data File:
* FileName = C:\Users\otg\Desktop\CTD Data\km1920\St22_P3_cast66.hex
* Software Version Seasave V 7.26.7.107
* Temperature SN = 5554
* Conductivity SN = 3876
* Number of Bytes Per Scan = 41
* Number of Voltage Words = 4
* Number of Scans Averaged by the Deck Unit = 1
* NMEA Latitude = 21 51.32 N
* NMEA Longitude = 109 58.82 W
* NMEA UTC (Time) = Oct 15 2019  19:43:42
* NMEA baud rate = 4800
** Ship: Kilo Moana
** Station: St22  P3 cast 66
** Operator: cf
# nquan = 34
# nvalues = 227                         
# units = specified
# name 0 = scan: Scan Count
# name 1 = timeS: Time, Elapsed [seconds]
# name 2 = prDM: Pressure, Digiquartz [db]
# name 3 = longitude: Longitude [deg]
# name 4 = latitude: Latitude [deg]
# name 5 = depSM: Depth [salt water, m]
# name 6 = t090C: Temperature [ITS-90, deg C]
# name 7 = t190C: Temperature, 2 [ITS-90, deg C]
# name 8 = c0uS/cm: Conductivity [uS/cm]
# name 9 = c1S/m: Conductivity, 2 [S/m]
# name 10 = flECO-AFL: Fluorescence, WET Labs ECO-AFL/FL [mg/m^3]
# name 11 = CStarAt0: Beam Attenuation, WET Labs C-Star [1/m]
# name 12 = CStarTr0: Beam Transmission, WET Labs C-Star [%]
# name 13 = par: PAR/Irradiance, Biospherical/Licor
# name 14 = modError: Modulo Error Count
# name 15 = v0: Voltage 0
# name 16 = v1: Voltage 1
# name 17 = v2: Voltage 2
# name 18 = v3: Voltage 3
# name 19 = v4: Voltage 4
# name 20 = v5: Voltage 5
# name 21 = v6: Voltage 6
# name 22 = v7: Voltage 7
# name 23 = sbeox0V: Oxygen raw, SBE 43 [V]
# name 24 = sbeox1V: Oxygen raw, SBE 43, 2 [V]
# name 25 = sal00: Salinity, Practical [PSU]
# name 26 = sal11: Salinity, Practical, 2 [PSU]
# name 27 = sigma-é00: Density [sigma-theta, kg/m^3]
# name 28 = sigma-é11: Density, 2 [sigma-theta, kg/m^3]
# name 29 = sbeox0Mm/L: Oxygen, SBE 43 [umol/l], WS = 2
# name 30 = sbeox1Mm/L: Oxygen, SBE 43, 2 [umol/l], WS = 2
# name 31 = sbeox0PS: Oxygen, SBE 43 [% saturation], WS = 2
# name 32 = sbeox1PS: Oxygen, SBE 43, 2 [% saturation], WS = 2
# name 33 = flag: flag
# span 0 =         75,      11388       
# span 1 =      3.063,    474.467       
# span 2 =      2.013,    229.555       
# span 3 = -109.98031, -109.98022       
# span 4 =   21.85522,   21.85534       
# span 5 =      2.000,    228.000       
# span 6 =    11.4948,    27.6296       
# span 7 =    11.4650,    27.5888       
# span 8 = 3.9342e+04, 5.5301e+04       
# span 9 =   3.939568,   5.537879       
# span 10 =     0.0437,     1.2804      
# span 11 =     0.0592,     0.1280      
# span 12 =    96.8495,    98.5308      
# span 13 = -3.165e-06, 1.3058e+03      
# span 14 =          0,          0      
# span 15 =     0.5043,     2.4975      
# span 16 =     0.5156,     2.4812      
# span 17 =     0.0553,     0.1791      
# span 18 =     0.1123,     0.1160      
# span 19 =     4.5054,     4.5836      
# span 20 =     0.0000,     0.0000      
# span 21 =     0.0080,     4.0867      
# span 22 =     0.0000,     0.0000      
# span 23 =     0.5035,     2.4936      
# span 24 =     0.5147,     2.4740      
# span 25 =    33.9338,    34.7761      
# span 26 =    34.0353,    34.8620      
# span 27 =    22.2310,    26.4795      
# span 28 =    22.3083,    26.5487      
# span 29 =      1.008,    238.947      
# span 30 =      1.211,    251.993      
# span 31 =      0.369,    107.098      
# span 32 =      0.442,    111.876      
# span 33 = 0.0000e+00, 0.0000e+00      
# interval = meters: 1                  
# start_time = Oct 15 2019 19:47:17 [NMEA time, first data scan]
# bad_flag = -9.990e-29
*END*
[from data line 86]
       5583    232.592     88.570 -109.98028   21.85528     88.000    15.7572    15.7256 4.3168e+04   4.322728     0.5081     0.0805    98.0076 2.7251e+00          0     0.8036     0.8385     0.1018     0.1139     4.5593     0.0000     1.4645     0.0000     0.7769     0.8000    34.5202    34.6011    25.4367    25.5061     36.473     40.645     14.520     16.179 0.0000e+00
       5653    235.486     89.577 -109.98026   21.85528     89.000    15.7387    15.7120 4.3157e+04   4.322014     0.4998     0.0798    98.0260 2.5963e+00          0     0.7794     0.8031     0.1010     0.1148     4.5601     0.0000     1.4443     0.0000     0.7535     0.7809    34.5267    34.6061    25.4460    25.5131     31.082     36.879     12.370     14.676 0.0000e+00
       5694    237.211     90.583 -109.98026   21.85528     90.000    15.6863    15.6620 4.3123e+04   4.319019     0.4925     0.0797    98.0265 2.4349e+00          0     0.7724     0.7948     0.1003     0.1147     4.5601     0.0000     1.4174     0.0000     0.7365     0.7621    34.5411    34.6228    25.4688    25.5373     30.166     34.376     11.994     13.668 0.0000e+00
       5766    240.195     91.590 -109.98026   21.85528     91.000    15.6708    15.6396 4.3110e+04   4.317140     0.5087     0.0789    98.0455 2.2598e+00          0     0.7457     0.7697     0.1019     0.1144     4.5611     0.0000     1.3860     0.0000     0.7252     0.7457    34.5426    34.6252    25.4735    25.5442     28.841     32.707     11.464     12.999 0.0000e+00
       5874    244.719     92.597 -109.98026   21.85528     92.000    15.5904    15.5520 4.3046e+04   4.310956     0.4798     0.0776    98.0783 2.1425e+00          0     0.7271     0.7421     0.0990     0.1148     4.5626     0.0000     1.3642     0.0000     0.6679     0.7017    34.5556    34.6463    25.5016    25.5800     12.829     21.466      5.092      8.518 0.0000e+00
       5901    245.822     93.603 -109.98026   21.85528     93.000    15.3701    15.3296 4.2863e+04   4.292820     0.4479     0.0764    98.1075 2.0197e+00          0     0.7197     0.7374     0.0958     0.1148     4.5640     0.0000     1.3397     0.0000     0.6379     0.6689    34.5839    34.6784    25.5726    25.6544     13.361     17.839      5.280      7.049 0.0000e+00
       5926    246.892     94.610 -109.98026   21.85528     94.000    15.2392    15.2011 4.2747e+04   4.281660     0.3952     0.0765    98.1049 1.8851e+00          0     0.7034     0.7280     0.0905     0.1147     4.5638     0.0000     1.3111     0.0000     0.6268     0.6521    34.5941    34.6908    25.6095    25.6924     15.172     18.066      5.981      7.121 0.0000e+00
       5958    248.203     95.617 -109.98026   21.85528     95.000    15.0868    15.0526 4.2580e+04   4.264609     0.3663     0.0754    98.1327 1.7601e+00          0     0.6660     0.6988     0.0876     0.1147     4.5651     0.0000     1.2828     0.0000     0.6205     0.6420    34.5765    34.6672    25.6295    25.7069     15.819     18.115      6.217      7.118 0.0000e+00
       6086    253.542     96.624 -109.98026   21.85528     96.000    15.0616    15.0261 4.2555e+04   4.260717     0.3846     0.0739    98.1712 1.6228e+00          0     0.6083     0.6275     0.0895     0.1147     4.5669     0.0000     1.2499     0.0000     0.6135     0.6299    34.5759    34.6549    25.6346    25.7033     16.702     18.197      6.561      7.146 0.0000e+00
       6144    255.969     97.630 -109.98026   21.85528     97.000    14.9951    14.9619 4.2487e+04   4.254978     0.3512     0.0742    98.1622 1.5337e+00          0     0.6155     0.6336     0.0861     0.1141     4.5665     0.0000     1.2265     0.0000     0.6179     0.6321    34.5722    34.6592    25.6464    25.7207     16.898     18.664      6.629      7.320 0.0000e+00
       6175    257.249     98.637 -109.98026   21.85528     98.000    14.8256    14.7864 4.2302e+04   4.236780     0.3424     0.0733    98.1840 1.4422e+00          0     0.6143     0.6313     0.0853     0.1124     4.5675     0.0000     1.2014     0.0000     0.6136     0.6315    34.5534    34.6487    25.6688    25.7509     14.416     17.620      5.636      6.887 0.0000e+00
       6237    259.845     99.644 -109.98026   21.85528     99.000    14.7767    14.7528 4.2276e+04   4.234162     0.3302     0.0725    98.2030 1.3462e+00          0     0.6149     0.6316     0.0840     0.1125     4.5684     0.0000     1.1735     0.0000     0.5991     0.6201    34.5726    34.6543    25.6943    25.7625     12.297     15.269      4.803      5.964 0.0000e+00
       6321    263.346    100.651 -109.98026   21.85529    100.000    14.7174    14.6958 4.2240e+04   4.231040     0.3250     0.0731    98.1899 1.2538e+00          0     0.6005     0.6220     0.0835     0.1149     4.5678     0.0000     1.1448     0.0000     0.5811     0.6013    34.5923    34.6761    25.7224    25.7917      9.242     12.178      3.606      4.752 0.0000e+00
       6354    264.694    101.657 -109.98026   21.85530    101.000    14.7083    14.6773 4.2242e+04   4.229866     0.3161     0.0741    98.1660 1.1773e+00          0     0.5919     0.6138     0.0826     0.1137     4.5666     0.0000     1.1195     0.0000     0.5690     0.5904    34.6019    34.6815    25.7318    25.7999      7.150     10.008      2.789      3.904 0.0000e+00
       6422    267.528    102.664 -109.98026   21.85530    102.000    14.7244    14.6920 4.2277e+04   4.233585     0.3180     0.0731    98.1895 1.0856e+00          0     0.5757     0.5962     0.0828     0.1133     4.5678     0.0000     1.0868     0.0000     0.5608     0.5785    34.6193    34.7020    25.7418    25.8125      7.829      9.472      3.056      3.696 0.0000e+00
       6536    272.285    103.671 -109.98026   21.85530    103.000    14.7002    14.6632 4.2265e+04   4.232016     0.3393     0.0735    98.1797 1.0256e+00          0     0.5591     0.5743     0.0849     0.1147     4.5673     0.0000     1.0647     0.0000     0.5503     0.5664    34.6293    34.7129    25.7547    25.8272      5.863      7.858      2.287      3.065 0.0000e+00
       6558    273.201    104.678 -109.98026   21.85530    104.000    14.6959    14.6632 4.2270e+04   4.232825     0.2913     0.0718    98.2194 9.8344e-01          0     0.5589     0.5734     0.0801     0.1148     4.5692     0.0000     1.0480     0.0000     0.5450     0.5623    34.6377    34.7199    25.7622    25.8327      5.070      7.064      1.978      2.755 0.0000e+00
       6581    274.173    105.684 -109.98026   21.85530    105.000    14.6568    14.6202 4.2244e+04   4.230399     0.2645     0.0720    98.2168 9.2516e-01          0     0.5563     0.5713     0.0774     0.1147     4.5691     0.0000     1.0240     0.0000     0.5415     0.5587    34.6479    34.7358    25.7785    25.8542      5.338      6.790      2.081      2.646 0.0000e+00
       6640    276.643    106.691 -109.98026   21.85530    106.000    14.6139    14.5719 4.2206e+04   4.225742     0.2532     0.0698    98.2697 8.4099e-01          0     0.5475     0.5637     0.0763     0.1140     4.5715     0.0000     0.9862     0.0000     0.5396     0.5551    34.6512    34.7358    25.7903    25.8647      5.614      6.711      2.187      2.613 0.0000e+00
       6745    280.992    107.698 -109.98026   21.85530    107.000    14.5550    14.5022 4.2157e+04   4.220161     0.2711     0.0700    98.2666 7.7012e-01          0     0.5391     0.5538     0.0781     0.1148     4.5713     0.0000     0.9527     0.0000     0.5341     0.5505    34.6577    34.7464    25.8081    25.8879      3.782      5.611      1.472      2.182 0.0000e+00
       6768    281.962    108.705 -109.98026   21.85530    108.000    14.4475    14.4097 4.2065e+04   4.212600     0.2260     0.0689    98.2911 7.2486e-01          0     0.5397     0.5541     0.0736     0.1132     4.5724     0.0000     0.9294     0.0000     0.5299     0.5466    34.6693    34.7594    25.8400    25.9177      3.698      4.987      1.435      1.936 0.0000e+00
       6791    282.925    109.712 -109.98026   21.85530    109.000    14.4088    14.3754 4.2031e+04   4.209127     0.1935     0.0674    98.3279 6.8802e-01          0     0.5391     0.5540     0.0703     0.1123     4.5742     0.0000     0.9096     0.0000     0.5283     0.5438    34.6723    34.7577    25.8507    25.9237      3.807      4.800      1.477      1.862 0.0000e+00
       6815    283.911    110.718 -109.98026   21.85530    110.000    14.3922    14.3588 4.2017e+04   4.207642     0.1816     0.0658    98.3693 6.4411e-01          0     0.5361     0.5523     0.0692     0.1136     4.5761     0.0000     0.8845     0.0000     0.5267     0.5421    34.6736    34.7585    25.8553    25.9280      3.663      4.735      1.420      1.836 0.0000e+00
       6847    285.266    111.725 -109.98026   21.85530    111.000    14.3452    14.3118 4.1974e+04   4.203487     0.1785     0.0658    98.3676 6.0284e-01          0     0.5315     0.5480     0.0689     0.1131     4.5760     0.0000     0.8598     0.0000     0.5252     0.5402    34.6758    34.7619    25.8670    25.9406      3.696      4.617      1.432      1.789 0.0000e+00
       6912    287.951    112.732 -109.98026   21.85530    112.000    14.2696    14.2577 4.1905e+04   4.198470     0.1655     0.0641    98.4109 5.6458e-01          0     0.5269     0.5420     0.0676     0.1123     4.5781     0.0000     0.8355     0.0000     0.5235     0.5384    34.6790    34.7638    25.8856    25.9536      3.426      4.410      1.326      1.706 0.0000e+00
       6963    290.067    113.739 -109.98028   21.85530    113.000    14.1580    14.1223 4.1804e+04   4.186539     0.1671     0.0645    98.3994 5.3227e-01          0     0.5251     0.5401     0.0677     0.1131     4.5775     0.0000     0.8138     0.0000     0.5203     0.5357    34.6852    34.7748    25.9140    25.9908      2.646      3.791      1.021      1.463 0.0000e+00
       6993    291.314    114.745 -109.98028   21.85530    114.000    14.0219    13.9829 4.1686e+04   4.175131     0.1318     0.0632    98.4333 4.9091e-01          0     0.5247     0.5394     0.0642     0.1147     4.5791     0.0000     0.7843     0.0000     0.5184     0.5335    34.6979    34.7943    25.9525    26.0351      2.444      3.433      0.941      1.321 0.0000e+00
       7020    292.461    115.752 -109.98028   21.85530    115.000    13.9351    13.9017 4.1603e+04   4.166402     0.1181     0.0613    98.4775 4.5904e-01          0     0.5232     0.5382     0.0628     0.1134     4.5812     0.0000     0.7602     0.0000     0.5165     0.5313    34.6988    34.7860    25.9714    26.0458      2.310      3.204      0.888      1.231 0.0000e+00
       7049    293.669    116.759 -109.98028   21.85530    116.000    13.9031    13.8698 4.1574e+04   4.163404     0.1028     0.0606    98.4972 4.3223e-01          0     0.5210     0.5363     0.0613     0.1123     4.5821     0.0000     0.7388     0.0000     0.5157     0.5303    34.7003    34.7864    25.9793    26.0528      2.645      3.314      1.016      1.273 0.0000e+00
       7088    295.311    117.766 -109.98028   21.85530    117.000    13.8989    13.8671 4.1583e+04   4.164137     0.0895     0.0602    98.5072 4.0846e-01          0     0.5183     0.5334     0.0599     0.1132     4.5825     0.0000     0.7189     0.0000     0.5160     0.5300    34.7121    34.7953    25.9893    26.0602      2.803      3.466      1.077      1.331 0.0000e+00
       7134    297.218    118.773 -109.98028   21.85530    118.000    13.8912    13.8593 4.1581e+04   4.164033     0.0860     0.0602    98.5063 3.7765e-01          0     0.5165     0.5310     0.0596     0.1127     4.5825     0.0000     0.6917     0.0000     0.5158     0.5302    34.7168    34.8010    25.9946    26.0663      2.694      3.427      1.035      1.316 0.0000e+00
       7174    298.884    119.780 -109.98028   21.85530    119.000    13.8268    13.7937 4.1524e+04   4.158417     0.0754     0.0600    98.5122 3.6331e-01          0     0.5169     0.5309     0.0585     0.1123     4.5828     0.0000     0.6785     0.0000     0.5157     0.5298    34.7216    34.8076    26.0117    26.0851      2.649      3.252      1.016      1.247 0.0000e+00
       7202    300.048    120.786 -109.98028   21.85530    120.000    13.7766    13.7415 4.1485e+04   4.154604     0.0661     0.0598    98.5165 3.4400e-01          0     0.5166     0.5310     0.0576     0.1123     4.5829     0.0000     0.6599     0.0000     0.5154     0.5290    34.7299    34.8189    26.0286    26.1047      2.288      3.104      0.877      1.189 0.0000e+00
       7227    301.094    121.793 -109.98028   21.85530    121.000    13.7393    13.7066 4.1452e+04   4.151194     0.0708     0.0600    98.5107 3.1962e-01          0     0.5167     0.5309     0.0581     0.1139     4.5827     0.0000     0.6353     0.0000     0.5139     0.5282    34.7327    34.8182    26.0385    26.1115      1.818      2.891      0.696      1.107 0.0000e+00
       7251    302.095    122.800 -109.98028   21.85530    122.000    13.6928    13.6574 4.1411e+04   4.147273     0.0751     0.0598    98.5159 2.9907e-01          0     0.5166     0.5309     0.0585     0.1133     4.5829     0.0000     0.6134     0.0000     0.5122     0.5270    34.7360    34.8258    26.0507    26.1275      1.575      2.546      0.603      0.974 0.0000e+00
       7274    303.037    123.807 -109.98026   21.85530    123.000    13.6261    13.5920 4.1348e+04   4.140803     0.0818     0.0594    98.5261 2.7888e-01          0     0.5165     0.5300     0.0592     0.1134     4.5834     0.0000     0.5909     0.0000     0.5109     0.5252    34.7364    34.8241    26.0648    26.1397      1.580      2.254      0.604      0.861 0.0000e+00
       7299    304.073    124.814 -109.98026   21.85530    124.000    13.5808    13.5473 4.1308e+04   4.136767     0.0918     0.0637    98.4196 2.5965e-01          0     0.5156     0.5295     0.0602     0.1137     4.5785     0.0000     0.5682     0.0000     0.5099     0.5238    34.7394    34.8265    26.0765    26.1508      1.556      2.140      0.594      0.817 0.0000e+00
       7334    305.529    125.821 -109.98026   21.85530    125.000    13.5551    13.5227 4.1286e+04   4.134519     0.1080     0.0671    98.3372 2.4184e-01          0     0.5131     0.5278     0.0618     0.1140     4.5747     0.0000     0.5460     0.0000     0.5094     0.5228    34.7422    34.8274    26.0840    26.1566      1.806      2.273      0.689      0.867 0.0000e+00
       7377    307.347    126.828 -109.98026   21.85530    126.000    13.4999    13.4670 4.1239e+04   4.129818     0.1129     0.0688    98.2942 2.2386e-01          0     0.5109     0.5248     0.0623     0.1148     4.5726     0.0000     0.5225     0.0000     0.5101     0.5229    34.7475    34.8335    26.0995    26.1728      2.331      2.574      0.888      0.981 0.0000e+00
       7404    308.474    127.835 -109.98026   21.85530    127.000    13.4803    13.4480 4.1224e+04   4.128244     0.0972     0.0644    98.4038 2.0572e-01          0     0.5102     0.5237     0.0607     0.1132     4.5777     0.0000     0.4973     0.0000     0.5113     0.5238    34.7512    34.8355    26.1064    26.1783      2.584      2.769      0.984      1.055 0.0000e+00
       7428    309.454    128.842 -109.98026   21.85530    128.000    13.4732    13.4413 4.1220e+04   4.127741     0.0826     0.0624    98.4508 1.9331e-01          0     0.5102     0.5234     0.0592     0.1136     4.5799     0.0000     0.4793     0.0000     0.5127     0.5248    34.7529    34.8366    26.1092    26.1805      2.752      3.086      1.048      1.175 0.0000e+00
       7453    310.479    129.848 -109.98026   21.85530    129.000    13.4656    13.4337 4.1215e+04   4.127195     0.0757     0.0610    98.4855 1.7298e-01          0     0.5105     0.5235     0.0586     0.1135     4.5815     0.0000     0.4479     0.0000     0.5134     0.5265    34.7548    34.8379    26.1122    26.1831      2.764      3.254      1.052      1.239 0.0000e+00
