data/ctd-cnv/KM1919/KM1919-St22-P3/St22_P3_cast69-align-cellTM-derive-bin.cnv
* Sea-Bird SBE 9 Data File:
* FileName = C:\Users\otg\Desktop\CTD Data\km1920\St22_P3_cast69.hex
* Software Version Seasave V 7.26.7.107
* Temperature SN = 5554
* Conductivity SN = 3876
* Number of Bytes Per Scan = 41
* Number of Voltage Words = 4
* Number of Scans Averaged by the Deck Unit = 1
* NMEA Latitude = 21 53.34 N
* NMEA Longitude = 109 56.42 W
* NMEA UTC (Time) = Oct 16 2019  07:03:53
* NMEA baud rate = 4800
** Ship: Kilo Moana
** Station: St22  P3 cast 69
** Operator: jac
# nquan = 34
# nvalues = 501                         
# units = specified
# name 0 = scan: Scan Count
# name 1 = timeS: Time, Elapsed [seconds]
# name 2 = prDM: Pressure, Digiquartz [db]
# name 3 = longitude: Longitude [deg]
# name 4 = latitude: Latitude [deg]
# name 5 = depSM: Depth [salt water, m]
# name 6 = t090C: Temperature [ITS-90, deg C]
# name 7 = t190C: Temperature, 2 [ITS-90, deg C]
# name 8 = c0uS/cm: Conductivity [uS/cm]
# name 9 = c1S/m: Conductivity, 2 [S/m]
# name 10 = flECO-AFL: Fluorescence, WET Labs ECO-AFL/FL [mg/m^3]
# name 11 = CStarAt0: Beam Attenuation, WET Labs C-Star [1/m]
# name 12 = CStarTr0: Beam Transmission, WET Labs C-Star [%]
# name 13 = par: PAR/Irradiance, Biospherical/Licor
# name 14 = modError: Modulo Error Count
# name 15 = v0: Voltage 0
# name 16 = v1: Voltage 1
# name 17 = v2: Voltage 2
# name 18 = v3: Voltage 3
# name 19 = v4: Voltage 4
# name 20 = v5: Voltage 5
# name 21 = v6: Voltage 6
# name 22 = v7: Voltage 7
# name 23 = sbeox0V: Oxygen raw, SBE 43 [V]
# name 24 = sbeox1V: Oxygen raw, SBE 43, 2 [V]
# name 25 = sal00: Salinity, Practical [PSU]
# name 26 = sal11: Salinity, Practical, 2 [PSU]
# name 27 = sigma-é00: Density [sigma-theta, kg/m^3]
# name 28 = sigma-é11: Density, 2 [sigma-theta, kg/m^3]
# name 29 = sbeox0Mm/L: Oxygen, SBE 43 [umol/l], WS = 2
# name 30 = sbeox1Mm/L: Oxygen, SBE 43, 2 [umol/l], WS = 2
# name 31 = sbeox0PS: Oxygen, SBE 43 [% saturation], WS = 2
# name 32 = sbeox1PS: Oxygen, SBE 43, 2 [% saturation], WS = 2
# name 33 = flag: flag
# span 0 =        400,      18033       
# span 1 =     16.629,    751.336       
# span 2 =      2.012,    505.761       
# span 3 = -109.94046, -109.94038       
# span 4 =   21.88888,   21.88897       
# span 5 =      2.000,    502.000       
# span 6 =     7.8035,    27.7951       
# span 7 =     7.7783,    27.7615       
# span 8 = 3.5836e+04, 5.5491e+04       
# span 9 =   3.588660,   5.558084       
# span 10 =     0.0395,     1.1087      
# span 11 =     0.0581,     0.1293      
# span 12 =    96.8187,    98.5578      
# span 13 = -1.892e-05, 5.1726e+00      
# span 14 =          0,          0      
# span 15 =     0.5031,     2.4776      
# span 16 =     0.5138,     2.4659      
# span 17 =     0.0549,     0.1619      
# span 18 =     0.1123,     0.1171      
# span 19 =     4.5040,     4.5849      
# span 20 =     0.0000,     0.0000      
# span 21 =     0.0079,     1.7235      
# span 22 =     0.0000,     0.0000      
# span 23 =     0.5024,     2.4773      
# span 24 =     0.5132,     2.4681      
# span 25 =    33.9315,    34.7752      
# span 26 =    34.0268,    34.8615      
# span 27 =    22.1859,    26.9558      
# span 28 =    22.2632,    27.0215      
# span 29 =      0.846,    239.691      
# span 30 =      1.074,    251.696      
# span 31 =      0.290,    106.473      
# span 32 =      0.366,    111.538      
# span 33 = 0.0000e+00, 0.0000e+00      
# interval = meters: 1                  
# start_time = Oct 16 2019 07:08:40 [NMEA time, first data scan]
# bad_flag = -9.990e-29
*END*
[from data line 385]
      13599    566.579    389.791 -109.94042   21.88890    387.000     9.2525     9.2238 3.7164e+04   3.721507     0.0655     0.0617    98.4696 1.0000e-12          0     0.5040     0.5148     0.0576     0.1148     4.5808     0.0000     0.0084     0.0000     0.5034     0.5142    34.5893    34.6701    26.7628    26.8307      1.133      1.242      0.394      0.432 0.0000e+00
      13626    567.701    390.799 -109.94042   21.88890    388.000     9.2405     9.2115 3.7152e+04   3.720339     0.0672     0.0617    98.4679 1.0000e-12          0     0.5043     0.5148     0.0577     0.1147     4.5807     0.0000     0.0085     0.0000     0.5033     0.5143    34.5880    34.6695    26.7637    26.8322      1.048      1.208      0.365      0.420 0.0000e+00
      13647    568.592    391.807 -109.94042   21.88890    389.000     9.2288     9.2000 3.7141e+04   3.719190     0.0676     0.0620    98.4623 1.0000e-12          0     0.5039     0.5143     0.0578     0.1147     4.5805     0.0000     0.0085     0.0000     0.5033     0.5139    34.5873    34.6682    26.7651    26.8331      1.018      1.080      0.354      0.376 0.0000e+00
      13666    569.361    392.815 -109.94043   21.88890    390.000     9.2226     9.1939 3.7136e+04   3.718699     0.0693     0.0613    98.4783 1.0000e-12          0     0.5040     0.5150     0.0579     0.1148     4.5812     0.0000     0.0085     0.0000     0.5032     0.5141    34.5876    34.6685    26.7664    26.8344      1.064      1.280      0.370      0.445 0.0000e+00
      13683    570.098    393.823 -109.94044   21.88890    391.000     9.2201     9.1918 3.7135e+04   3.718545     0.0606     0.0614    98.4768 1.0000e-12          0     0.5042     0.5147     0.0571     0.1148     4.5811     0.0000     0.0082     0.0000     0.5031     0.5141    34.5883    34.6685    26.7673    26.8347      1.057      1.161      0.367      0.404 0.0000e+00
      13703    570.899    394.832 -109.94044   21.88890    392.000     9.2196     9.1914 3.7136e+04   3.718710     0.0525     0.0620    98.4623 1.0000e-12          0     0.5040     0.5150     0.0562     0.1148     4.5805     0.0000     0.0084     0.0000     0.5033     0.5138    34.5900    34.6702    26.7687    26.8361      1.160      1.107      0.403      0.385 0.0000e+00
      13731    572.063    395.840 -109.94044   21.88890    393.000     9.2220     9.1938 3.7142e+04   3.719214     0.0589     0.0618    98.4664 1.0000e-12          0     0.5039     0.5146     0.0569     0.1147     4.5807     0.0000     0.0084     0.0000     0.5033     0.5139    34.5930    34.6726    26.7708    26.8376      1.074      1.169      0.373      0.406 0.0000e+00
      13784    574.288    396.848 -109.94044   21.88890    394.000     9.2236     9.1952 3.7146e+04   3.719599     0.0631     0.0619    98.4642 1.0000e-12          0     0.5040     0.5146     0.0573     0.1148     4.5806     0.0000     0.0084     0.0000     0.5032     0.5140    34.5951    34.6748    26.7721    26.8391      1.055      1.217      0.367      0.423 0.0000e+00
      13826    576.030    397.856 -109.94044   21.88890    395.000     9.2113     9.1828 3.7135e+04   3.718551     0.0679     0.0617    98.4676 1.0000e-12          0     0.5040     0.5146     0.0578     0.1148     4.5807     0.0000     0.0083     0.0000     0.5033     0.5140    34.5949    34.6755    26.7740    26.8417      1.212      1.217      0.421      0.423 0.0000e+00
      13854    577.209    398.864 -109.94044   21.88890    396.000     9.2043     9.1757 3.7128e+04   3.717925     0.0696     0.0617    98.4692 1.0000e-12          0     0.5039     0.5147     0.0580     0.1148     4.5808     0.0000     0.0084     0.0000     0.5033     0.5142    34.5948    34.6753    26.7751    26.8427      1.000      1.251      0.348      0.435 0.0000e+00
      13880    578.294    399.872 -109.94044   21.88890    397.000     9.1874     9.1584 3.7111e+04   3.716372     0.0675     0.0619    98.4636 1.0000e-12          0     0.5040     0.5147     0.0578     0.1147     4.5805     0.0000     0.0084     0.0000     0.5032     0.5140    34.5930    34.6755    26.7764    26.8457      1.054      1.164      0.366      0.404 0.0000e+00
      13907    579.421    400.881 -109.94044   21.88890    398.000     9.1440     9.1141 3.7067e+04   3.711958     0.0621     0.0620    98.4617 1.0000e-12          0     0.5040     0.5145     0.0572     0.1148     4.5804     0.0000     0.0084     0.0000     0.5034     0.5141    34.5884    34.6721    26.7798    26.8501      1.203      1.169      0.418      0.406 0.0000e+00
      13935    580.585    401.889 -109.94044   21.88890    399.000     9.1211     9.0923 3.7043e+04   3.709550     0.0551     0.0611    98.4837 1.0000e-12          0     0.5041     0.5149     0.0565     0.1148     4.5814     0.0000     0.0084     0.0000     0.5034     0.5140    34.5850    34.6677    26.7808    26.8502      1.100      1.251      0.382      0.434 0.0000e+00
      13965    581.846    402.897 -109.94044   21.88890    400.000     9.0934     9.0644 3.7015e+04   3.706699     0.0617     0.0610    98.4855 1.0000e-12          0     0.5039     0.5146     0.0572     0.1148     4.5815     0.0000     0.0083     0.0000     0.5035     0.5141    34.5822    34.6646    26.7831    26.8523      1.111      1.160      0.385      0.402 0.0000e+00
      13997    583.173    403.905 -109.94044   21.88890    401.000     9.0667     9.0361 3.6988e+04   3.704161     0.0501     0.0613    98.4779 1.0000e-12          0     0.5040     0.5147     0.0560     0.1148     4.5812     0.0000     0.0084     0.0000     0.5034     0.5141    34.5796    34.6651    26.7854    26.8572      1.135      1.290      0.393      0.447 0.0000e+00
      14027    584.426    404.914 -109.94044   21.88891    402.000     9.0068     8.9776 3.6930e+04   3.698268     0.0651     0.0616    98.4719 1.0000e-12          0     0.5041     0.5147     0.0575     0.1148     4.5809     0.0000     0.0083     0.0000     0.5032     0.5143    34.5768    34.6600    26.7928    26.8625      0.888      1.207      0.307      0.418 0.0000e+00
      14055    585.575    405.922 -109.94044   21.88892    403.000     8.9841     8.9551 3.6909e+04   3.696064     0.0675     0.0619    98.4647 1.0000e-12          0     0.5042     0.5146     0.0578     0.1148     4.5806     0.0000     0.0085     0.0000     0.5032     0.5142    34.5758    34.6583    26.7955    26.8648      1.211      1.212      0.419      0.419 0.0000e+00
      14079    586.601    406.930 -109.94044   21.88892    404.000     8.9722     8.9437 3.6897e+04   3.694890     0.0672     0.0609    98.4889 1.0000e-12          0     0.5041     0.5148     0.0577     0.1148     4.5817     0.0000     0.0083     0.0000     0.5031     0.5139    34.5751    34.6567    26.7969    26.8654      0.986      1.173      0.341      0.406 0.0000e+00
      14102    587.553    407.938 -109.94044   21.88892    405.000     8.9607     8.9320 3.6886e+04   3.693841     0.0649     0.0613    98.4783 1.0000e-12          0     0.5041     0.5150     0.0575     0.1148     4.5812     0.0000     0.0083     0.0000     0.5032     0.5140    34.5745    34.6566    26.7983    26.8672      1.124      1.165      0.388      0.403 0.0000e+00
      14127    588.571    408.946 -109.94044   21.88892    406.000     8.9455     8.9169 3.6873e+04   3.692456     0.0549     0.0611    98.4828 1.0000e-12          0     0.5037     0.5147     0.0565     0.1148     4.5814     0.0000     0.0085     0.0000     0.5033     0.5139    34.5747    34.6564    26.8009    26.8695      1.032      1.150      0.357      0.397 0.0000e+00
      14160    589.948    409.955 -109.94044   21.88892    407.000     8.9388     8.9107 3.6868e+04   3.691867     0.0510     0.0611    98.4822 1.0000e-12          0     0.5040     0.5147     0.0561     0.1148     4.5814     0.0000     0.0084     0.0000     0.5030     0.5139    34.5754    34.6558    26.8025    26.8700      1.050      1.128      0.363      0.390 0.0000e+00
      14203    591.754    410.963 -109.94044   21.88892    408.000     8.9365     8.9084 3.6867e+04   3.691749     0.0549     0.0612    98.4815 1.0000e-12          0     0.5039     0.5146     0.0565     0.1148     4.5813     0.0000     0.0085     0.0000     0.5031     0.5137    34.5763    34.6564    26.8036    26.8708      1.039      1.172      0.359      0.405 0.0000e+00
      14238    593.211    411.971 -109.94044   21.88892    409.000     8.9315     8.9032 3.6863e+04   3.691403     0.0617     0.0605    98.4991 1.0000e-12          0     0.5037     0.5146     0.0572     0.1147     4.5822     0.0000     0.0081     0.0000     0.5031     0.5137    34.5769    34.6573    26.8048    26.8724      1.111      1.158      0.384      0.400 0.0000e+00
      14267    594.431    412.980 -109.94044   21.88892    410.000     8.9275     8.8994 3.6860e+04   3.691079     0.0567     0.0603    98.5037 1.0000e-12          0     0.5039     0.5142     0.0567     0.1147     4.5824     0.0000     0.0084     0.0000     0.5031     0.5139    34.5769    34.6572    26.8055    26.8729      1.055      1.217      0.365      0.420 0.0000e+00
      14295    595.593    413.988 -109.94044   21.88892    411.000     8.9272     8.8986 3.6864e+04   3.691437     0.0644     0.0603    98.5045 1.0000e-12          0     0.5037     0.5144     0.0575     0.1148     4.5824     0.0000     0.0084     0.0000     0.5032     0.5138    34.5807    34.6612    26.8086    26.8762      1.191      1.159      0.412      0.400 0.0000e+00
      14322    596.688    414.996 -109.94044   21.88892    412.000     8.9055     8.8771 3.6845e+04   3.689594     0.0639     0.0603    98.5045 1.0000e-12          0     0.5038     0.5143     0.0574     0.1148     4.5824     0.0000     0.0084     0.0000     0.5035     0.5137    34.5812    34.6624    26.8124    26.8805      1.085      1.160      0.375      0.400 0.0000e+00
      14348    597.807    416.004 -109.94044   21.88892    413.000     8.8913     8.8615 3.6834e+04   3.688516     0.0660     0.0603    98.5045 1.0000e-12          0     0.5039     0.5145     0.0576     0.1148     4.5824     0.0000     0.0084     0.0000     0.5031     0.5140    34.5833    34.6658    26.8163    26.8857      1.011      1.230      0.349      0.425 0.0000e+00
      14379    599.078    417.013 -109.94044   21.88892    414.000     8.8659     8.8378 3.6812e+04   3.686199     0.0651     0.0605    98.4981 1.0000e-12          0     0.5039     0.5144     0.0575     0.1148     4.5821     0.0000     0.0082     0.0000     0.5031     0.5139    34.5839    34.6642    26.8208    26.8882      1.051      1.197      0.363      0.413 0.0000e+00
      14411    600.412    418.021 -109.94044   21.88892    415.000     8.8641     8.8361 3.6810e+04   3.686097     0.0565     0.0611    98.4833 1.0000e-12          0     0.5040     0.5143     0.0566     0.1148     4.5814     0.0000     0.0084     0.0000     0.5033     0.5139    34.5839    34.6642    26.8211    26.8885      1.081      1.170      0.373      0.403 0.0000e+00
      14440    601.626    419.029 -109.94044   21.88892    416.000     8.8596     8.8312 3.6806e+04   3.685652     0.0645     0.0608    98.4915 1.0000e-12          0     0.5038     0.5147     0.0575     0.1148     4.5818     0.0000     0.0082     0.0000     0.5031     0.5139    34.5829    34.6639    26.8211    26.8890      1.039      1.167      0.358      0.402 0.0000e+00
      14465    602.673    420.038 -109.94044   21.88892    417.000     8.8465     8.8173 3.6792e+04   3.684378     0.0634     0.0604    98.5015 1.0000e-12          0     0.5037     0.5146     0.0573     0.1148     4.5823     0.0000     0.0084     0.0000     0.5029     0.5138    34.5812    34.6637    26.8218    26.8911      0.990      1.133      0.341      0.391 0.0000e+00
      14489    603.651    421.046 -109.94044   21.88892    418.000     8.8153     8.7858 3.6761e+04   3.681262     0.0568     0.0611    98.4825 1.0000e-12          0     0.5040     0.5145     0.0567     0.1148     4.5814     0.0000     0.0080     0.0000     0.5031     0.5137    34.5784    34.6612    26.8245    26.8941      1.059      1.131      0.365      0.390 0.0000e+00
      14513    604.684    422.054 -109.94044   21.88892    419.000     8.8075     8.7798 3.6756e+04   3.680583     0.0559     0.0603    98.5044 1.0000e-12          0     0.5039     0.5146     0.0566     0.1148     4.5824     0.0000     0.0084     0.0000     0.5031     0.5138    34.5799    34.6595    26.8270    26.8937      1.187      1.192      0.409      0.410 0.0000e+00
      14541    605.852    423.062 -109.94044   21.88892    420.000     8.8015     8.7729 3.6751e+04   3.680246     0.0663     0.0606    98.4957 1.0000e-12          0     0.5036     0.5144     0.0576     0.1148     4.5820     0.0000     0.0084     0.0000     0.5031     0.5138    34.5808    34.6621    26.8286    26.8969      1.005      1.123      0.346      0.387 0.0000e+00
      14576    607.275    424.071 -109.94044   21.88892    421.000     8.7858     8.7577 3.6737e+04   3.678784     0.0611     0.0603    98.5044 1.0000e-12          0     0.5037     0.5144     0.0571     0.1148     4.5824     0.0000     0.0083     0.0000     0.5030     0.5137    34.5804    34.6611    26.8308    26.8985      1.074      1.172      0.370      0.404 0.0000e+00
      14619    609.075    425.079 -109.94044   21.88892    422.000     8.7694     8.7407 3.6721e+04   3.677141     0.0662     0.0603    98.5045 1.0000e-12          0     0.5039     0.5144     0.0576     0.1148     4.5824     0.0000     0.0085     0.0000     0.5031     0.5138    34.5790    34.6600    26.8323    26.9003      1.127      1.213      0.388      0.418 0.0000e+00
      14656    610.632    426.087 -109.94044   21.88893    423.000     8.7537     8.7252 3.6706e+04   3.675706     0.0564     0.0605    98.5000 1.0000e-12          0     0.5037     0.5142     0.0566     0.1148     4.5822     0.0000     0.0084     0.0000     0.5032     0.5138    34.5785    34.6596    26.8344    26.9024      0.960      1.081      0.330      0.372 0.0000e+00
      14682    611.690    427.096 -109.94044   21.88894    424.000     8.7420     8.7138 3.6695e+04   3.674551     0.0617     0.0605    98.4985 1.0000e-12          0     0.5039     0.5143     0.0572     0.1148     4.5821     0.0000     0.0085     0.0000     0.5028     0.5135    34.5775    34.6581    26.8354    26.9031      0.899      1.126      0.309      0.387 0.0000e+00
      14703    612.604    428.104 -109.94044   21.88894    425.000     8.7369     8.7085 3.6690e+04   3.674064     0.0681     0.0603    98.5046 1.0000e-12          0     0.5035     0.5144     0.0578     0.1148     4.5824     0.0000     0.0085     0.0000     0.5029     0.5137    34.5771    34.6577    26.8359    26.9035      1.205      1.242      0.414      0.427 0.0000e+00
      14725    613.502    429.112 -109.94044   21.88894    426.000     8.7281     8.7017 3.6681e+04   3.673422     0.0650     0.0603    98.5045 1.0000e-12          0     0.5041     0.5145     0.0575     0.1148     4.5824     0.0000     0.0084     0.0000     0.5032     0.5138    34.5755    34.6571    26.8361    26.9042      1.102      1.151      0.379      0.396 0.0000e+00
      14749    614.498    430.121 -109.94044   21.88894    427.000     8.7161     8.6866 3.6668e+04   3.671835     0.0648     0.0603    98.5045 1.0000e-12          0     0.5038     0.5144     0.0575     0.1148     4.5824     0.0000     0.0085     0.0000     0.5030     0.5137    34.5736    34.6547    26.8364    26.9046      0.882      1.177      0.303      0.405 0.0000e+00
