data/ctd-cnv/KM1919/KM1919-St22-P3/St22_P3_cast73-align-cellTM-derive-bin.cnv
* Sea-Bird SBE 9 Data File:
* FileName = C:\Users\otg\Desktop\CTD Data\km1920\St22_P3_cast73.hex
* Software Version Seasave V 7.26.7.107
* Temperature SN = 5554
* Conductivity SN = 3876
* Number of Bytes Per Scan = 41
* Number of Voltage Words = 4
* Number of Scans Averaged by the Deck Unit = 1
* NMEA Latitude = 21 56.61 N
* NMEA Longitude = 109 54.46 W
* NMEA UTC (Time) = Oct 17 2019  01:54:05
* NMEA baud rate = 4800
** Ship: Kilo Moana
** Station: St22  P3 cast 73
** Operator: gr
# nquan = 34
# nvalues = 299                         
# units = specified
# name 0 = scan: Scan Count
# name 1 = timeS: Time, Elapsed [seconds]
# name 2 = prDM: Pressure, Digiquartz [db]
# name 3 = longitude: Longitude [deg]
# name 4 = latitude: Latitude [deg]
# name 5 = depSM: Depth [salt water, m]
# name 6 = t090C: Temperature [ITS-90, deg C]
# name 7 = t190C: Temperature, 2 [ITS-90, deg C]
# name 8 = c0uS/cm: Conductivity [uS/cm]
# name 9 = c1S/m: Conductivity, 2 [S/m]
# name 10 = flECO-AFL: Fluorescence, WET Labs ECO-AFL/FL [mg/m^3]
# name 11 = CStarAt0: Beam Attenuation, WET Labs C-Star [1/m]
# name 12 = CStarTr0: Beam Transmission, WET Labs C-Star [%]
# name 13 = par: PAR/Irradiance, Biospherical/Licor
# name 14 = modError: Modulo Error Count
# name 15 = v0: Voltage 0
# name 16 = v1: Voltage 1
# name 17 = v2: Voltage 2
# name 18 = v3: Voltage 3
# name 19 = v4: Voltage 4
# name 20 = v5: Voltage 5
# name 21 = v6: Voltage 6
# name 22 = v7: Voltage 7
# name 23 = sbeox0V: Oxygen raw, SBE 43 [V]
# name 24 = sbeox1V: Oxygen raw, SBE 43, 2 [V]
# name 25 = sal00: Salinity, Practical [PSU]
# name 26 = sal11: Salinity, Practical, 2 [PSU]
# name 27 = sigma-é00: Density [sigma-theta, kg/m^3]
# name 28 = sigma-é11: Density, 2 [sigma-theta, kg/m^3]
# name 29 = sbeox0Mm/L: Oxygen, SBE 43 [umol/l], WS = 2
# name 30 = sbeox1Mm/L: Oxygen, SBE 43, 2 [umol/l], WS = 2
# name 31 = sbeox0PS: Oxygen, SBE 43 [% saturation], WS = 2
# name 32 = sbeox1PS: Oxygen, SBE 43, 2 [% saturation], WS = 2
# name 33 = flag: flag
# span 0 =        173,      15486       
# span 1 =      7.175,    645.200       
# span 2 =      2.013,    302.100       
# span 3 = -109.90770, -109.90764       
# span 4 =   21.94318,   21.94325       
# span 5 =      2.000,    300.000       
# span 6 =    10.4529,    27.8849       
# span 7 =    10.4230,    27.8441       
# span 8 = 3.8320e+04, 5.5587e+04       
# span 9 =   3.837530,   5.566477       
# span 10 =     0.0394,     1.4161      
# span 11 =     0.0601,     0.1447      
# span 12 =    96.4465,    98.5087      
# span 13 = -1.008e-05, 4.8659e+00      
# span 14 =          0,          0      
# span 15 =     0.5041,     2.4903      
# span 16 =     0.5141,     2.4699      
# span 17 =     0.0549,     0.1926      
# span 18 =     0.1125,     0.1158      
# span 19 =     4.4867,     4.5826      
# span 20 =     0.0000,     0.0000      
# span 21 =     0.0080,     1.6870      
# span 22 =     0.0000,     0.0000      
# span 23 =     0.5033,     2.4676      
# span 24 =     0.5133,     2.4482      
# span 25 =    33.9401,    34.7672      
# span 26 =    34.0380,    34.8545      
# span 27 =    22.1574,    26.6157      
# span 28 =    22.2346,    26.6870      
# span 29 =      0.925,    239.077      
# span 30 =      0.916,    250.384      
# span 31 =      0.343,    106.406      
# span 32 =      0.329,    111.067      
# span 33 = 0.0000e+00, 0.0000e+00      
# interval = meters: 1                  
# start_time = Oct 17 2019 02:02:34 [NMEA time, first data scan]
# bad_flag = -9.990e-29
*END*
[from data line 86]
       5589    232.818     88.570 -109.90766   21.94318     88.000    15.3443    15.3082 4.2838e+04   4.290272     0.3909     0.0777    98.0755 1.0000e-12          0     0.6644     0.6888     0.0901     0.1137     4.5625     0.0000     0.0084     0.0000     0.6348     0.6575    34.5862    34.6764    25.5799    25.6574     16.747     19.889      6.616      7.856 0.0000e+00
       5624    234.289     89.577 -109.90766   21.94318     89.000    15.1259    15.0864 4.2613e+04   4.268235     0.3792     0.0773    98.0860 1.0000e-12          0     0.6507     0.6748     0.0889     0.1144     4.5630     0.0000     0.0084     0.0000     0.6268     0.6479    34.5742    34.6726    25.6190    25.7035     15.968     19.007      6.280      7.474 0.0000e+00
       5669    236.170     90.584 -109.90766   21.94318     90.000    15.0099    14.9844 4.2501e+04   4.257090     0.3612     0.0756    98.1272 1.0000e-12          0     0.6368     0.6595     0.0871     0.1131     4.5649     0.0000     0.0085     0.0000     0.6148     0.6365    34.5751    34.6613    25.6451    25.7172     14.100     17.242      5.533      6.766 0.0000e+00
       5723    238.428     91.590 -109.90766   21.94318     91.000    14.9569    14.9287 4.2459e+04   4.252477     0.3392     0.0747    98.1497 1.0000e-12          0     0.6236     0.6450     0.0849     0.1132     4.5659     0.0000     0.0085     0.0000     0.6036     0.6236    34.5832    34.6684    25.6630    25.7349     13.556     15.812      5.314      6.198 0.0000e+00
       5777    240.653     92.597 -109.90766   21.94320     92.000    14.9138    14.8861 4.2420e+04   4.248664     0.3287     0.0760    98.1172 1.0000e-12          0     0.6097     0.6311     0.0838     0.1125     4.5644     0.0000     0.0085     0.0000     0.5991     0.6164    34.5852    34.6710    25.6740    25.7462     13.920     15.564      5.452      6.096 0.0000e+00
       5818    242.377     93.604 -109.90766   21.94320     93.000    14.8175    14.7792 4.2319e+04   4.238348     0.3201     0.0747    98.1498 1.0000e-12          0     0.6028     0.6222     0.0830     0.1125     4.5659     0.0000     0.0084     0.0000     0.5934     0.6131    34.5789    34.6715    25.6901    25.7698     10.469     14.153      4.093      5.532 0.0000e+00
       5853    243.838     94.611 -109.90766   21.94320     94.000    14.7422    14.7083 4.2264e+04   4.232024     0.3097     0.0733    98.1846 1.0000e-12          0     0.6000     0.6177     0.0820     0.1140     4.5675     0.0000     0.0084     0.0000     0.5793     0.6009    34.5949    34.6764    25.7188    25.7890      8.255     11.421      3.223      4.457 0.0000e+00
       5899    245.743     95.617 -109.90766   21.94320     95.000    14.7643    14.7313 4.2311e+04   4.236832     0.3102     0.0734    98.1814 1.0000e-12          0     0.5950     0.6140     0.0820     0.1129     4.5674     0.0000     0.0085     0.0000     0.5650     0.5862    34.6176    34.6995    25.7316    25.8019      7.112      9.740      2.778      3.804 0.0000e+00
       5949    247.817     96.624 -109.90766   21.94320     96.000    14.7212    14.6873 4.2284e+04   4.234541     0.2822     0.0734    98.1820 1.0000e-12          0     0.5762     0.5977     0.0792     0.1147     4.5674     0.0000     0.0085     0.0000     0.5549     0.5739    34.6311    34.7174    25.7513    25.8253      6.614      8.529      2.581      3.328 0.0000e+00
       5997    249.850     97.631 -109.90766   21.94320     97.000    14.6270    14.5946 4.2203e+04   4.226445     0.2625     0.0728    98.1960 1.0000e-12          0     0.5621     0.5828     0.0772     0.1147     4.5681     0.0000     0.0085     0.0000     0.5469     0.5650    34.6399    34.7256    25.7785    25.8517      5.651      7.435      2.202      2.896 0.0000e+00
       6044    251.806     98.638 -109.90766   21.94320     98.000    14.5987    14.5674 4.2187e+04   4.224717     0.2427     0.0709    98.2420 1.0000e-12          0     0.5537     0.5723     0.0753     0.1138     4.5702     0.0000     0.0085     0.0000     0.5413     0.5585    34.6500    34.7336    25.7924    25.8637      5.525      6.952      2.151      2.706 0.0000e+00
       6082    253.395     99.645 -109.90766   21.94320     99.000    14.5793    14.5458 4.2171e+04   4.223123     0.2326     0.0699    98.2685 1.0000e-12          0     0.5475     0.5656     0.0743     0.1125     4.5714     0.0000     0.0085     0.0000     0.5389     0.5556    34.6525    34.7379    25.7986    25.8717      5.280      6.635      2.055      2.582 0.0000e+00
       6116    254.805    100.651 -109.90766   21.94320    100.000    14.4533    14.4167 4.2053e+04   4.211858     0.2151     0.0696    98.2746 1.0000e-12          0     0.5432     0.5606     0.0725     0.1128     4.5717     0.0000     0.0085     0.0000     0.5367     0.5529    34.6565    34.7495    25.8286    25.9083      5.138      6.319      1.995      2.453 0.0000e+00
       6164    256.790    101.658 -109.90766   21.94320    101.000    14.3375    14.3182 4.1940e+04   4.201286     0.1903     0.0690    98.2907 1.0000e-12          0     0.5398     0.5565     0.0700     0.1136     4.5724     0.0000     0.0085     0.0000     0.5346     0.5503    34.6550    34.7399    25.8522    25.9219      4.976      6.078      1.927      2.355 0.0000e+00
       6222    259.207    102.665 -109.90766   21.94319    102.000    14.2967    14.2734 4.1904e+04   4.197314     0.1810     0.0686    98.3004 1.0000e-12          0     0.5364     0.5525     0.0691     0.1126     4.5729     0.0000     0.0085     0.0000     0.5329     0.5481    34.6586    34.7431    25.8638    25.9339      5.060      5.919      1.958      2.291 0.0000e+00
       6270    261.205    103.671 -109.90766   21.94319    103.000    14.2440    14.2139 4.1853e+04   4.191761     0.1803     0.0667    98.3479 1.0000e-12          0     0.5345     0.5501     0.0690     0.1140     4.5751     0.0000     0.0085     0.0000     0.5338     0.5476    34.6583    34.7448    25.8747    25.9479      5.394      6.029      2.086      2.331 0.0000e+00
       6306    262.717    104.678 -109.90766   21.94320    104.000    14.1934    14.1606 4.1802e+04   4.186343     0.1821     0.0667    98.3470 1.0000e-12          0     0.5336     0.5489     0.0692     0.1129     4.5751     0.0000     0.0085     0.0000     0.5334     0.5477    34.6559    34.7422    25.8836    25.9572      4.832      5.927      1.866      2.289 0.0000e+00
       6335    263.902    105.685 -109.90766   21.94320    105.000    14.1756    14.1427 4.1788e+04   4.184688     0.1626     0.0668    98.3443 1.0000e-12          0     0.5340     0.5483     0.0673     0.1144     4.5750     0.0000     0.0085     0.0000     0.5321     0.5467    34.6584    34.7425    25.8894    25.9613      4.525      5.593      1.747      2.159 0.0000e+00
       6373    265.504    106.692 -109.90766   21.94320    106.000    14.1623    14.1302 4.1782e+04   4.184115     0.1548     0.0671    98.3377 1.0000e-12          0     0.5344     0.5484     0.0665     0.1133     4.5747     0.0000     0.0085     0.0000     0.5304     0.5448    34.6644    34.7481    25.8968    25.9682      4.420      5.296      1.706      2.044 0.0000e+00
       6455    268.919    107.698 -109.90766   21.94320    107.000    14.1470    14.1158 4.1776e+04   4.183583     0.1526     0.0676    98.3238 1.0000e-12          0     0.5313     0.5458     0.0663     0.1133     4.5740     0.0000     0.0085     0.0000     0.5257     0.5405    34.6720    34.7557    25.9060    25.9772      3.068      4.426      1.184      1.708 0.0000e+00
       6491    270.433    108.705 -109.90766   21.94320    108.000    14.0797    14.0441 4.1734e+04   4.179400     0.1411     0.0649    98.3888 1.0000e-12          0     0.5300     0.5441     0.0651     0.1127     4.5770     0.0000     0.0085     0.0000     0.5209     0.5362    34.6931    34.7812    25.9365    26.0120      2.465      3.586      0.950      1.382 0.0000e+00
       6524    271.786    109.712 -109.90766   21.94320    109.000    14.0060    13.9722 4.1675e+04   4.173436     0.1174     0.0625    98.4493 1.0000e-12          0     0.5277     0.5423     0.0628     0.1126     4.5799     0.0000     0.0085     0.0000     0.5183     0.5332    34.7040    34.7902    25.9604    26.0341      2.612      3.443      1.005      1.325 0.0000e+00
       6566    273.526    110.719 -109.90766   21.94320    110.000    13.9970    13.9647 4.1668e+04   4.172605     0.0905     0.0624    98.4520 1.0000e-12          0     0.5228     0.5382     0.0600     0.1126     4.5800     0.0000     0.0085     0.0000     0.5173     0.5314    34.7054    34.7889    25.9634    26.0347      2.937      3.454      1.130      1.329 0.0000e+00
       6609    275.333    111.726 -109.90765   21.94320    111.000    13.9731    13.9397 4.1652e+04   4.171001     0.0929     0.0620    98.4613 1.0000e-12          0     0.5192     0.5340     0.0603     0.1127     4.5804     0.0000     0.0085     0.0000     0.5187     0.5316    34.7117    34.7961    25.9733    26.0455      3.473      3.875      1.336      1.490 0.0000e+00
       6645    276.834    112.733 -109.90764   21.94320    112.000    13.9466    13.9140 4.1638e+04   4.169721     0.0864     0.0619    98.4632 1.0000e-12          0     0.5179     0.5323     0.0596     0.1140     4.5805     0.0000     0.0085     0.0000     0.5193     0.5326    34.7227    34.8070    25.9874    26.0594      3.248      3.896      1.249      1.498 0.0000e+00
       6687    278.578    113.739 -109.90764   21.94320    113.000    13.9101    13.8781 4.1604e+04   4.166321     0.0781     0.0613    98.4776 1.0000e-12          0     0.5193     0.5323     0.0588     0.1127     4.5812     0.0000     0.0085     0.0000     0.5193     0.5327    34.7235    34.8074    25.9957    26.0672      3.219      3.842      1.237      1.476 0.0000e+00
       6751    281.261    114.746 -109.90764   21.94320    114.000    13.8919    13.8660 4.1589e+04   4.165275     0.0810     0.0619    98.4634 1.0000e-12          0     0.5202     0.5335     0.0591     0.1127     4.5805     0.0000     0.0085     0.0000     0.5191     0.5325    34.7254    34.8082    26.0010    26.0704      3.069      3.708      1.179      1.424 0.0000e+00
       6802    283.362    115.753 -109.90764   21.94320    115.000    13.8588    13.8260 4.1559e+04   4.161819     0.0780     0.0622    98.4567 1.0000e-12          0     0.5201     0.5335     0.0588     0.1140     4.5802     0.0000     0.0085     0.0000     0.5176     0.5312    34.7265    34.8117    26.0087    26.0815      2.500      3.348      0.959      1.285 0.0000e+00
       6836    284.792    116.760 -109.90764   21.94320    116.000    13.7774    13.7448 4.1483e+04   4.154577     0.0783     0.0615    98.4738 1.0000e-12          0     0.5201     0.5333     0.0588     0.1126     4.5810     0.0000     0.0085     0.0000     0.5158     0.5295    34.7293    34.8173    26.0278    26.1027      2.260      2.994      0.866      1.147 0.0000e+00
       6874    286.392    117.767 -109.90764   21.94320    117.000    13.7140    13.6813 4.1426e+04   4.148565     0.0772     0.0610    98.4869 1.0000e-12          0     0.5189     0.5324     0.0587     0.1127     4.5816     0.0000     0.0085     0.0000     0.5138     0.5276    34.7328    34.8183    26.0437    26.1166      1.876      2.719      0.718      1.040 0.0000e+00
       6916    288.107    118.773 -109.90764   21.94320    118.000    13.6632    13.6303 4.1380e+04   4.143905     0.0833     0.0622    98.4561 1.0000e-12          0     0.5168     0.5305     0.0593     0.1126     4.5802     0.0000     0.0085     0.0000     0.5114     0.5250    34.7348    34.8205    26.0558    26.1289      1.586      2.245      0.606      0.858 0.0000e+00
       6961    289.979    119.780 -109.90764   21.94320    119.000    13.6166    13.5833 4.1337e+04   4.139529     0.1004     0.0659    98.3661 1.0000e-12          0     0.5145     0.5283     0.0610     0.1127     4.5760     0.0000     0.0085     0.0000     0.5096     0.5227    34.7368    34.8217    26.0670    26.1396      1.618      2.103      0.618      0.803 0.0000e+00
       7005    291.821    120.787 -109.90764   21.94320    120.000    13.5842    13.5521 4.1308e+04   4.136696     0.1286     0.0672    98.3336 1.0000e-12          0     0.5119     0.5255     0.0639     0.1132     4.5745     0.0000     0.0085     0.0000     0.5085     0.5217    34.7389    34.8232    26.0753    26.1472      1.503      2.034      0.574      0.776 0.0000e+00
       7056    293.945    121.794 -109.90764   21.94320    121.000    13.5655    13.5337 4.1293e+04   4.135052     0.1283     0.0678    98.3187 1.0000e-12          0     0.5102     0.5232     0.0638     0.1141     4.5738     0.0000     0.0085     0.0000     0.5083     0.5206    34.7408    34.8240    26.0806    26.1516      1.646      1.975      0.628      0.754 0.0000e+00
       7110    296.197    122.801 -109.90764   21.94320    122.000    13.5592    13.5276 4.1290e+04   4.134678     0.1259     0.0683    98.3055 1.0000e-12          0     0.5092     0.5219     0.0636     0.1138     4.5731     0.0000     0.0085     0.0000     0.5083     0.5204    34.7433    34.8257    26.0839    26.1542      1.682      2.019      0.642      0.770 0.0000e+00
       7148    297.792    123.808 -109.90764   21.94320    123.000    13.5325    13.4998 4.1267e+04   4.132530     0.1169     0.0662    98.3586 1.0000e-12          0     0.5092     0.5214     0.0627     0.1140     4.5756     0.0000     0.0085     0.0000     0.5085     0.5206    34.7456    34.8304    26.0912    26.1635      1.941      2.126      0.740      0.811 0.0000e+00
       7180    299.110    124.815 -109.90764   21.94320    124.000    13.5039    13.4713 4.1243e+04   4.130131     0.1112     0.0670    98.3387 1.0000e-12          0     0.5091     0.5213     0.0621     0.1135     4.5747     0.0000     0.0085     0.0000     0.5104     0.5217    34.7486    34.8333    26.0994    26.1717      2.796      2.632      1.065      1.003 0.0000e+00
       7214    300.543    125.822 -109.90764   21.94320    125.000    13.4666    13.4344 4.1213e+04   4.127129     0.0876     0.0619    98.4649 1.0000e-12          0     0.5091     0.5213     0.0598     0.1140     4.5806     0.0000     0.0085     0.0000     0.5134     0.5242    34.7542    34.8383    26.1114    26.1832      3.122      3.088      1.189      1.176 0.0000e+00
       7257    302.315    126.828 -109.90764   21.94320    126.000    13.4501    13.4182 4.1201e+04   4.125828     0.0615     0.0601    98.5087 1.0000e-12          0     0.5106     0.5222     0.0571     0.1126     4.5826     0.0000     0.0085     0.0000     0.5154     0.5267    34.7572    34.8404    26.1171    26.1881      2.825      3.242      1.075      1.234 0.0000e+00
       7306    304.364    127.835 -109.90764   21.94320    127.000    13.3990    13.3661 4.1154e+04   4.121381     0.0394     0.0610    98.4864 1.0000e-12          0     0.5146     0.5256     0.0549     0.1138     4.5816     0.0000     0.0085     0.0000     0.5135     0.5265    34.7593    34.8456    26.1292    26.2028      1.725      2.573      0.656      0.979 0.0000e+00
       7352    306.310    128.842 -109.90764   21.94320    128.000    13.3385    13.3065 4.1090e+04   4.114818     0.0544     0.0640    98.4106 1.0000e-12          0     0.5163     0.5280     0.0564     0.1139     4.5780     0.0000     0.0085     0.0000     0.5106     0.5236    34.7537    34.8377    26.1373    26.2088      1.581      2.123      0.601      0.806 0.0000e+00
       7397    308.172    129.849 -109.90764   21.94320    129.000    13.3309    13.2996 4.1083e+04   4.114015     0.0780     0.0660    98.3636 1.0000e-12          0     0.5138     0.5267     0.0588     0.1138     4.5759     0.0000     0.0085     0.0000     0.5092     0.5217    34.7531    34.8360    26.1384    26.2090      1.542      1.994      0.586      0.757 0.0000e+00
