data/ctd-cnv/KM1919/KM1919-St22-P3/St22_P3_cast80-align-cellTM-derive-bin.cnv
* Sea-Bird SBE 9 Data File:
* FileName = C:\Users\otg\Desktop\CTD Data\km1920\St22_P3_cast80.hex
* Software Version Seasave V 7.26.7.107
* Temperature SN = 5554
* Conductivity SN = 3876
* Number of Bytes Per Scan = 41
* Number of Voltage Words = 4
* Number of Scans Averaged by the Deck Unit = 1
* NMEA Latitude = 22 02.53 N
* NMEA Longitude = 109 51.90 W
* NMEA UTC (Time) = Oct 18 2019  07:01:16
* NMEA baud rate = 4800
** Ship: Kilo Moana
** Station: St22  P3 cast 80
** Operator: gr
** ctd for McLane pumps,
# nquan = 34
# nvalues = 1024                        
# units = specified
# name 0 = scan: Scan Count
# name 1 = timeS: Time, Elapsed [seconds]
# name 2 = prDM: Pressure, Digiquartz [db]
# name 3 = longitude: Longitude [deg]
# name 4 = latitude: Latitude [deg]
# name 5 = depSM: Depth [salt water, m]
# name 6 = t090C: Temperature [ITS-90, deg C]
# name 7 = t190C: Temperature, 2 [ITS-90, deg C]
# name 8 = c0uS/cm: Conductivity [uS/cm]
# name 9 = c1S/m: Conductivity, 2 [S/m]
# name 10 = flECO-AFL: Fluorescence, WET Labs ECO-AFL/FL [mg/m^3]
# name 11 = CStarAt0: Beam Attenuation, WET Labs C-Star [1/m]
# name 12 = CStarTr0: Beam Transmission, WET Labs C-Star [%]
# name 13 = par: PAR/Irradiance, Biospherical/Licor
# name 14 = modError: Modulo Error Count
# name 15 = v0: Voltage 0
# name 16 = v1: Voltage 1
# name 17 = v2: Voltage 2
# name 18 = v3: Voltage 3
# name 19 = v4: Voltage 4
# name 20 = v5: Voltage 5
# name 21 = v6: Voltage 6
# name 22 = v7: Voltage 7
# name 23 = sbeox0V: Oxygen raw, SBE 43 [V]
# name 24 = sbeox1V: Oxygen raw, SBE 43, 2 [V]
# name 25 = sal00: Salinity, Practical [PSU]
# name 26 = sal11: Salinity, Practical, 2 [PSU]
# name 27 = sigma-é00: Density [sigma-theta, kg/m^3]
# name 28 = sigma-é11: Density, 2 [sigma-theta, kg/m^3]
# name 29 = sbeox0Mm/L: Oxygen, SBE 43 [umol/l], WS = 2
# name 30 = sbeox1Mm/L: Oxygen, SBE 43, 2 [umol/l], WS = 2
# name 31 = sbeox0PS: Oxygen, SBE 43 [% saturation], WS = 2
# name 32 = sbeox1PS: Oxygen, SBE 43, 2 [% saturation], WS = 2
# name 33 = flag: flag
# span 0 =         62,     285686       
# span 1 =      2.559,  11903.551       
# span 2 =      2.013,   1033.996       
# span 3 = -109.86514, -109.86495       
# span 4 =   22.04200,   22.04254       
# span 5 =      2.000,   1025.000       
# span 6 =     4.4752,    27.7226       
# span 7 =     4.4511,    27.6823       
# span 8 = 3.3031e+04, 5.5492e+04       
# span 9 =   3.307486,   5.557007       
# span 10 =     0.0490,     2.3061      
# span 11 =     0.0676,     0.2082      
# span 12 =    94.9280,    98.3233      
# span 13 = -6.227e-05, 4.0808e+00      
# span 14 =          0,          0      
# span 15 =     0.5027,     2.6330      
# span 16 =     0.5129,     2.7828      
# span 17 =     0.0559,     0.2816      
# span 18 =     0.1136,     0.1212      
# span 19 =     4.4161,     4.5740      
# span 20 =    -0.0000,     0.0007      
# span 21 =     0.0071,     1.6268      
# span 22 =     0.0000,     0.0000      
# span 23 =     0.5022,     2.4567      
# span 24 =     0.5127,     2.8253      
# span 25 =    33.8474,    34.7599      
# span 26 =    33.3903,    34.8438      
# span 27 =    21.6219,    27.3629      
# span 28 =    21.2917,    27.4262      
# span 29 =      0.805,    243.013      
# span 30 =      0.910,    260.351      
# span 31 =      0.284,    105.959      
# span 32 =      0.315,    127.508      
# span 33 = 0.0000e+00, 0.0000e+00      
# interval = meters: 1                  
# start_time = Oct 18 2019 07:01:59 [NMEA time, first data scan]
# bad_flag = -9.990e-29
*END*
[from data line 982]
      55114   2296.364    992.538 -109.86512   22.04252    984.000     4.7978     4.7729 3.3300e+04   3.334490     0.0639     0.0686    98.2985 1.0000e-12          0     0.5325     0.5418     0.0574     0.1182     4.5728     0.0000     0.0085     0.0000     0.5324     0.5422    34.5195    34.5973    27.3265    27.3911      7.195      7.338      2.259      2.304 0.0000e+00
      55136   2297.281    993.549 -109.86512   22.04252    985.000     4.7971     4.7721 3.3300e+04   3.334450     0.0557     0.0680    98.3132 1.0000e-12          0     0.5324     0.5421     0.0566     0.1192     4.5735     0.0000     0.0084     0.0000     0.5327     0.5423    34.5201    34.5971    27.3272    27.3911      7.286      7.376      2.288      2.316 0.0000e+00
      55166   2298.542    994.561 -109.86512   22.04252    986.000     4.7956     4.7707 3.3299e+04   3.334364     0.0608     0.0678    98.3190 1.0000e-12          0     0.5326     0.5421     0.0571     0.1187     4.5738     0.0000     0.0085     0.0000     0.5328     0.5424    34.5201    34.5971    27.3274    27.3912      7.548      7.461      2.370      2.343 0.0000e+00
      55207   2300.243    995.572 -109.86512   22.04252    987.000     4.7921     4.7673 3.3297e+04   3.334120     0.0639     0.0678    98.3194 1.0000e-12          0     0.5327     0.5422     0.0574     0.1191     4.5738     0.0000     0.0085     0.0000     0.5334     0.5425    34.5202    34.5973    27.3278    27.3918      7.349      7.413      2.307      2.327 0.0000e+00
      55240   2301.634    996.583 -109.86512   22.04252    988.000     4.7879     4.7630 3.3293e+04   3.333765     0.0639     0.0687    98.2973 1.0000e-12          0     0.5327     0.5423     0.0574     0.1191     4.5727     0.0000     0.0085     0.0000     0.5334     0.5428    34.5202    34.5972    27.3282    27.3922      7.559      7.464      2.373      2.343 0.0000e+00
      55268   2302.792    997.594 -109.86513   22.04252    989.000     4.7875     4.7626 3.3293e+04   3.333771     0.0639     0.0686    98.2982 1.0000e-12          0     0.5332     0.5426     0.0574     0.1183     4.5728     0.0000     0.0085     0.0000     0.5336     0.5425    34.5201    34.5972    27.3282    27.3922      7.326      7.472      2.300      2.346 0.0000e+00
      55298   2304.040    998.605 -109.86514   22.04252    990.000     4.7869     4.7621 3.3293e+04   3.333774     0.0624     0.0681    98.3106 1.0000e-12          0     0.5334     0.5425     0.0573     0.1184     4.5734     0.0000     0.0085     0.0000     0.5335     0.5429    34.5200    34.5972    27.3283    27.3923      7.387      7.604      2.319      2.387 0.0000e+00
      55333   2305.503    999.616 -109.86514   22.04252    991.000     4.7861     4.7613 3.3293e+04   3.333734     0.0518     0.0686    98.3001 1.0000e-12          0     0.5335     0.5426     0.0562     0.1196     4.5729     0.0000     0.0085     0.0000     0.5336     0.5431    34.5199    34.5971    27.3283    27.3923      7.393      7.626      2.321      2.394 0.0000e+00
      55370   2307.045   1000.627 -109.86514   22.04254    992.000     4.7835     4.7583 3.3291e+04   3.333547     0.0610     0.0682    98.3083 1.0000e-12          0     0.5335     0.5429     0.0571     0.1185     4.5733     0.0000     0.0085     0.0000     0.5336     0.5431    34.5199    34.5975    27.3286    27.3929      7.371      7.403      2.314      2.324 0.0000e+00
      55397   2308.163   1001.638 -109.86514   22.04254    993.000     4.7737     4.7485 3.3282e+04   3.332705     0.0639     0.0685    98.3008 1.0000e-12          0     0.5336     0.5430     0.0574     0.1194     4.5729     0.0000     0.0085     0.0000     0.5336     0.5432    34.5191    34.5974    27.3290    27.3940      7.396      7.678      2.321      2.410 0.0000e+00
      55421   2309.177   1002.650 -109.86514   22.04254    994.000     4.7694     4.7444 3.3278e+04   3.332364     0.0639     0.0688    98.2944 1.0000e-12          0     0.5336     0.5431     0.0574     0.1196     4.5726     0.0000     0.0085     0.0000     0.5337     0.5433    34.5189    34.5972    27.3293    27.3943      7.399      7.617      2.322      2.390 0.0000e+00
      55445   2310.175   1003.661 -109.86514   22.04254    995.000     4.7684     4.7435 3.3278e+04   3.332309     0.0541     0.0681    98.3103 1.0000e-12          0     0.5336     0.5432     0.0564     0.1195     4.5734     0.0000     0.0085     0.0000     0.5336     0.5434    34.5196    34.5970    27.3301    27.3942      7.429      7.683      2.331      2.411 0.0000e+00
      55471   2311.239   1004.672 -109.86514   22.04254    996.000     4.7679     4.7431 3.3279e+04   3.332328     0.0611     0.0696    98.2749 1.0000e-12          0     0.5336     0.5430     0.0571     0.1197     4.5717     0.0000     0.0085     0.0000     0.5338     0.5434    34.5200    34.5971    27.3304    27.3944      7.628      7.560      2.394      2.372 0.0000e+00
      55500   2312.473   1005.683 -109.86514   22.04254    997.000     4.7671     4.7423 3.3278e+04   3.332296     0.0638     0.0684    98.3039 1.0000e-12          0     0.5336     0.5433     0.0574     0.1184     4.5731     0.0000     0.0085     0.0000     0.5341     0.5435    34.5199    34.5970    27.3304    27.3944      7.635      7.642      2.396      2.398 0.0000e+00
      55538   2314.038   1006.694 -109.86513   22.04254    998.000     4.7661     4.7414 3.3278e+04   3.332259     0.0639     0.0682    98.3079 1.0000e-12          0     0.5337     0.5434     0.0574     0.1183     4.5733     0.0000     0.0085     0.0000     0.5342     0.5435    34.5200    34.5971    27.3306    27.3946      7.641      7.663      2.398      2.404 0.0000e+00
      55590   2316.224   1007.705 -109.86512   22.04253    999.000     4.7620     4.7374 3.3275e+04   3.331971     0.0578     0.0687    98.2980 1.0000e-12          0     0.5341     0.5434     0.0568     0.1196     4.5728     0.0000     0.0084     0.0000     0.5346     0.5438    34.5202    34.5973    27.3312    27.3952      7.729      7.682      2.425      2.410 0.0000e+00
      55650   2318.707   1008.716 -109.86512   22.04252   1000.000     4.7576     4.7327 3.3271e+04   3.331593     0.0641     0.0685    98.3024 1.0000e-12          0     0.5343     0.5436     0.0574     0.1196     4.5730     0.0000     0.0085     0.0000     0.5348     0.5438    34.5202    34.5973    27.3317    27.3957      7.647      7.804      2.399      2.448 0.0000e+00
      55697   2320.650   1009.728 -109.86512   22.04252   1001.000     4.7573     4.7325 3.3271e+04   3.331621     0.0639     0.0681    98.3103 1.0000e-12          0     0.5347     0.5438     0.0574     0.1197     4.5734     0.0000     0.0085     0.0000     0.5348     0.5441    34.5201    34.5974    27.3317    27.3958      7.604      7.771      2.385      2.438 0.0000e+00
      55729   2322.007   1010.739 -109.86512   22.04252   1002.000     4.7549     4.7300 3.3270e+04   3.331472     0.0639     0.0691    98.2879 1.0000e-12          0     0.5348     0.5437     0.0574     0.1196     4.5723     0.0000     0.0085     0.0000     0.5348     0.5442    34.5205    34.5977    27.3323    27.3963      7.637      7.806      2.396      2.448 0.0000e+00
      55755   2323.088   1011.750 -109.86512   22.04252   1003.000     4.7508     4.7259 3.3267e+04   3.331151     0.0639     0.0682    98.3084 1.0000e-12          0     0.5348     0.5442     0.0574     0.1196     4.5733     0.0000     0.0085     0.0000     0.5348     0.5444    34.5206    34.5978    27.3328    27.3969      7.641      7.926      2.397      2.486 0.0000e+00
      55780   2324.113   1012.761 -109.86512   22.04252   1004.000     4.7460     4.7210 3.3263e+04   3.330785     0.0639     0.0680    98.3125 1.0000e-12          0     0.5348     0.5440     0.0574     0.1196     4.5735     0.0000     0.0085     0.0000     0.5348     0.5445    34.5207    34.5981    27.3334    27.3977      7.632      7.985      2.394      2.504 0.0000e+00
      55811   2325.422   1013.772 -109.86512   22.04254   1005.000     4.7364     4.7111 3.3255e+04   3.330016     0.0639     0.0678    98.3183 1.0000e-12          0     0.5348     0.5443     0.0574     0.1196     4.5738     0.0000     0.0085     0.0000     0.5349     0.5447    34.5204    34.5989    27.3343    27.3995      7.784      7.956      2.441      2.495 0.0000e+00
      55859   2327.427   1014.783 -109.86512   22.04254   1006.000     4.7105     4.6851 3.3233e+04   3.327818     0.0639     0.0687    98.2973 1.0000e-12          0     0.5348     0.5445     0.0574     0.1196     4.5727     0.0000     0.0085     0.0000     0.5356     0.5449    34.5213    34.5999    27.3379    27.4031      8.362      8.142      2.620      2.551 0.0000e+00
      55894   2328.888   1015.794 -109.86513   22.04254   1007.000     4.6851     4.6596 3.3211e+04   3.325657     0.0635     0.0680    98.3131 1.0000e-12          0     0.5348     0.5447     0.0574     0.1191     4.5735     0.0000     0.0085     0.0000     0.5360     0.5458    34.5212    34.6007    27.3406    27.4066      7.944      8.376      2.488      2.623 0.0000e+00
      55921   2329.998   1016.806 -109.86514   22.04254   1008.000     4.6748     4.6496 3.3201e+04   3.324727     0.0639     0.0687    98.2958 1.0000e-12          0     0.5350     0.5448     0.0574     0.1188     4.5727     0.0000     0.0085     0.0000     0.5364     0.5460    34.5207    34.5998    27.3414    27.4069      8.811      8.569      2.759      2.683 0.0000e+00
      55948   2331.144   1017.817 -109.86514   22.04254   1009.000     4.6678     4.6429 3.3196e+04   3.324123     0.0639     0.0679    98.3161 1.0000e-12          0     0.5359     0.5450     0.0574     0.1189     4.5737     0.0000     0.0085     0.0000     0.5373     0.5468    34.5212    34.5992    27.3426    27.4073      8.485      8.673      2.656      2.715 0.0000e+00
      55988   2332.799   1018.828 -109.86514   22.04254   1010.000     4.6639     4.6392 3.3193e+04   3.323794     0.0606     0.0681    98.3114 1.0000e-12          0     0.5360     0.5458     0.0571     0.1194     4.5734     0.0000     0.0084     0.0000     0.5377     0.5473    34.5213    34.5988    27.3431    27.4073      8.722      8.647      2.730      2.707 0.0000e+00
      56030   2334.538   1019.839 -109.86514   22.04254   1011.000     4.6614     4.6366 3.3191e+04   3.323607     0.0593     0.0683    98.3064 1.0000e-12          0     0.5372     0.5467     0.0569     0.1196     4.5732     0.0000     0.0084     0.0000     0.5384     0.5478    34.5213    34.5988    27.3433    27.4076      8.526      8.794      2.669      2.752 0.0000e+00
      56064   2335.955   1020.850 -109.86514   22.04254   1012.000     4.6582     4.6333 3.3189e+04   3.323396     0.0539     0.0684    98.3051 1.0000e-12          0     0.5373     0.5472     0.0564     0.1193     4.5731     0.0000     0.0085     0.0000     0.5385     0.5482    34.5213    34.5992    27.3437    27.4083      8.439      8.750      2.642      2.738 0.0000e+00
      56096   2337.296   1021.861 -109.86514   22.04254   1013.000     4.6524     4.6273 3.3184e+04   3.322957     0.0638     0.0686    98.3000 1.0000e-12          0     0.5383     0.5475     0.0574     0.1182     4.5729     0.0000     0.0085     0.0000     0.5385     0.5483    34.5215    34.5998    27.3445    27.4095      8.645      8.697      2.706      2.722 0.0000e+00
      56135   2338.903   1022.873 -109.86514   22.04254   1014.000     4.6307     4.6056 3.3166e+04   3.321094     0.0625     0.0683    98.3066 1.0000e-12          0     0.5384     0.5481     0.0573     0.1193     4.5732     0.0000     0.0085     0.0000     0.5394     0.5487    34.5220    34.6002    27.3473    27.4122      9.007      8.986      2.817      2.810 0.0000e+00
      56185   2340.990   1023.884 -109.86514   22.04254   1015.000     4.6251     4.6004 3.3162e+04   3.320644     0.0594     0.0680    98.3124 1.0000e-12          0     0.5387     0.5482     0.0570     0.1194     4.5735     0.0000     0.0085     0.0000     0.5396     0.5494    34.5224    34.5998    27.3482    27.4124      8.706      9.027      2.723      2.823 0.0000e+00
      56233   2342.990   1024.895 -109.86514   22.04254   1016.000     4.6217     4.5970 3.3159e+04   3.320419     0.0641     0.0680    98.3132 1.0000e-12          0     0.5396     0.5487     0.0574     0.1191     4.5735     0.0000     0.0085     0.0000     0.5397     0.5494    34.5225    34.6003    27.3487    27.4132      8.694      8.924      2.719      2.791 0.0000e+00
      56265   2344.315   1025.906 -109.86514   22.04254   1017.000     4.6187     4.5939 3.3157e+04   3.320215     0.0635     0.0680    98.3137 1.0000e-12          0     0.5396     0.5496     0.0574     0.1197     4.5736     0.0000     0.0085     0.0000     0.5398     0.5497    34.5224    34.6006    27.3489    27.4137      8.697      9.119      2.720      2.851 0.0000e+00
      56293   2345.519   1026.918 -109.86514   22.04254   1018.000     4.6152     4.5904 3.3154e+04   3.319945     0.0639     0.0677    98.3206 1.0000e-12          0     0.5397     0.5494     0.0574     0.1196     4.5739     0.0000     0.0085     0.0000     0.5399     0.5499    34.5226    34.6005    27.3495    27.4141      8.964      9.194      2.803      2.874 0.0000e+00
      56336   2347.299   1027.929 -109.86514   22.04254   1019.000     4.6104     4.5856 3.3151e+04   3.319594     0.0639     0.0677    98.3207 1.0000e-12          0     0.5397     0.5496     0.0574     0.1190     4.5739     0.0000     0.0085     0.0000     0.5404     0.5502    34.5228    34.6010    27.3502    27.4150      9.117      9.204      2.850      2.877 0.0000e+00
      56443   2351.759   1028.940 -109.86514   22.04254   1020.000     4.6064     4.5802 3.3148e+04   3.319120     0.0638     0.0677    98.3200 1.0000e-12          0     0.5406     0.5504     0.0574     0.1197     4.5739     0.0000     0.0085     0.0000     0.5411     0.5507    34.5234    34.6006    27.3512    27.4153      8.933      9.203      2.792      2.876 0.0000e+00
      56543   2355.934   1029.951 -109.86514   22.04254   1021.000     4.5980     4.5733 3.3141e+04   3.318591     0.0597     0.0676    98.3230 1.0000e-12          0     0.5409     0.5507     0.0570     0.1196     4.5740     0.0000     0.0085     0.0000     0.5410     0.5510    34.5240    34.6010    27.3525    27.4164      8.929      9.332      2.791      2.917 0.0000e+00
      56841   2368.339   1030.963 -109.86513   22.04254   1022.000     4.5939     4.5691 3.3138e+04   3.318265     0.0622     0.0676    98.3233 1.0000e-12          0     0.5409     0.5513     0.0572     0.1193     4.5740     0.0000     0.0085     0.0000     0.5410     0.5514    34.5242    34.6012    27.3532    27.4170      8.962      9.323      2.801      2.913 0.0000e+00
      65729   2738.651   1031.974 -109.86511   22.04254   1023.000     4.5917     4.5679 3.3137e+04   3.318162     0.0621     0.0687    98.2976 5.5306e-07          0     0.5411     0.5520     0.0572     0.1198     4.5728     0.0000     0.0085     0.0000     0.5413     0.5522    34.5239    34.6007    27.3532    27.4167      9.053      9.506      2.829      2.971 0.0000e+00
     234878   9786.546   1032.985 -109.86495   22.04200   1024.000     4.5584     4.5343 3.3107e+04   3.315090     0.0616     0.0703    98.2585 -1.328e-07          0     0.5443     0.5540     0.0572     0.1212     4.5709     0.0007     0.0083     0.0000     0.5449     0.5545    34.5228    34.5993    27.3559    27.4193      9.774     10.037      3.052      3.134 0.0000e+00
     285686  11903.551   1033.996 -109.86500   22.04205   1025.000     4.4752     4.4511 3.3031e+04   3.307486     0.0649     0.0699    98.2677 1.0000e-12          0     0.5536     0.5620     0.0575     0.1203     4.5714     0.0003     0.0086     0.0000     0.5539     0.5624    34.5203    34.5967    27.3629    27.4262     11.664     11.645      3.635      3.629 0.0000e+00
