data/ctd-cnv/KM1919/KM1919-St22-P3/St22_P3_cast69-align-cellTM-derive-bin.cnv
* Sea-Bird SBE 9 Data File:
* FileName = C:\Users\otg\Desktop\CTD Data\km1920\St22_P3_cast69.hex
* Software Version Seasave V 7.26.7.107
* Temperature SN = 5554
* Conductivity SN = 3876
* Number of Bytes Per Scan = 41
* Number of Voltage Words = 4
* Number of Scans Averaged by the Deck Unit = 1
* NMEA Latitude = 21 53.34 N
* NMEA Longitude = 109 56.42 W
* NMEA UTC (Time) = Oct 16 2019  07:03:53
* NMEA baud rate = 4800
** Ship: Kilo Moana
** Station: St22  P3 cast 69
** Operator: jac
# nquan = 34
# nvalues = 501                         
# units = specified
# name 0 = scan: Scan Count
# name 1 = timeS: Time, Elapsed [seconds]
# name 2 = prDM: Pressure, Digiquartz [db]
# name 3 = longitude: Longitude [deg]
# name 4 = latitude: Latitude [deg]
# name 5 = depSM: Depth [salt water, m]
# name 6 = t090C: Temperature [ITS-90, deg C]
# name 7 = t190C: Temperature, 2 [ITS-90, deg C]
# name 8 = c0uS/cm: Conductivity [uS/cm]
# name 9 = c1S/m: Conductivity, 2 [S/m]
# name 10 = flECO-AFL: Fluorescence, WET Labs ECO-AFL/FL [mg/m^3]
# name 11 = CStarAt0: Beam Attenuation, WET Labs C-Star [1/m]
# name 12 = CStarTr0: Beam Transmission, WET Labs C-Star [%]
# name 13 = par: PAR/Irradiance, Biospherical/Licor
# name 14 = modError: Modulo Error Count
# name 15 = v0: Voltage 0
# name 16 = v1: Voltage 1
# name 17 = v2: Voltage 2
# name 18 = v3: Voltage 3
# name 19 = v4: Voltage 4
# name 20 = v5: Voltage 5
# name 21 = v6: Voltage 6
# name 22 = v7: Voltage 7
# name 23 = sbeox0V: Oxygen raw, SBE 43 [V]
# name 24 = sbeox1V: Oxygen raw, SBE 43, 2 [V]
# name 25 = sal00: Salinity, Practical [PSU]
# name 26 = sal11: Salinity, Practical, 2 [PSU]
# name 27 = sigma-é00: Density [sigma-theta, kg/m^3]
# name 28 = sigma-é11: Density, 2 [sigma-theta, kg/m^3]
# name 29 = sbeox0Mm/L: Oxygen, SBE 43 [umol/l], WS = 2
# name 30 = sbeox1Mm/L: Oxygen, SBE 43, 2 [umol/l], WS = 2
# name 31 = sbeox0PS: Oxygen, SBE 43 [% saturation], WS = 2
# name 32 = sbeox1PS: Oxygen, SBE 43, 2 [% saturation], WS = 2
# name 33 = flag: flag
# span 0 =        400,      18033       
# span 1 =     16.629,    751.336       
# span 2 =      2.012,    505.761       
# span 3 = -109.94046, -109.94038       
# span 4 =   21.88888,   21.88897       
# span 5 =      2.000,    502.000       
# span 6 =     7.8035,    27.7951       
# span 7 =     7.7783,    27.7615       
# span 8 = 3.5836e+04, 5.5491e+04       
# span 9 =   3.588660,   5.558084       
# span 10 =     0.0395,     1.1087      
# span 11 =     0.0581,     0.1293      
# span 12 =    96.8187,    98.5578      
# span 13 = -1.892e-05, 5.1726e+00      
# span 14 =          0,          0      
# span 15 =     0.5031,     2.4776      
# span 16 =     0.5138,     2.4659      
# span 17 =     0.0549,     0.1619      
# span 18 =     0.1123,     0.1171      
# span 19 =     4.5040,     4.5849      
# span 20 =     0.0000,     0.0000      
# span 21 =     0.0079,     1.7235      
# span 22 =     0.0000,     0.0000      
# span 23 =     0.5024,     2.4773      
# span 24 =     0.5132,     2.4681      
# span 25 =    33.9315,    34.7752      
# span 26 =    34.0268,    34.8615      
# span 27 =    22.1859,    26.9558      
# span 28 =    22.2632,    27.0215      
# span 29 =      0.846,    239.691      
# span 30 =      1.074,    251.696      
# span 31 =      0.290,    106.473      
# span 32 =      0.366,    111.538      
# span 33 = 0.0000e+00, 0.0000e+00      
# interval = meters: 1                  
# start_time = Oct 16 2019 07:08:40 [NMEA time, first data scan]
# bad_flag = -9.990e-29
*END*
[from data line 171]
       7486    311.881    174.157 -109.94040   21.88890    173.000    12.4990    12.4675 4.0314e+04   4.037050     0.0639     0.0765    98.1060 1.0000e-12          0     0.5063     0.5189     0.0574     0.1147     4.5639     0.0000     0.0085     0.0000     0.5051     0.5180    34.7646    34.8486    26.3144    26.3857      1.232      1.721      0.460      0.642 0.0000e+00
       7511    312.928    175.164 -109.94040   21.88890    174.000    12.4870    12.4559 4.0301e+04   4.035687     0.0639     0.0763    98.1107 1.0000e-12          0     0.5062     0.5188     0.0574     0.1147     4.5641     0.0000     0.0085     0.0000     0.5050     0.5181    34.7634    34.8458    26.3158    26.3858      1.204      1.704      0.450      0.636 0.0000e+00
       7533    313.831    176.171 -109.94040   21.88890    175.000    12.4826    12.4512 4.0297e+04   4.035254     0.0622     0.0763    98.1107 1.0000e-12          0     0.5063     0.5189     0.0572     0.1148     4.5641     0.0000     0.0085     0.0000     0.5050     0.5180    34.7627    34.8456    26.3161    26.3865      1.198      1.686      0.447      0.629 0.0000e+00
       7552    314.644    177.178 -109.94040   21.88890    176.000    12.4780    12.4470 4.0293e+04   4.034912     0.0626     0.0757    98.1242 1.0000e-12          0     0.5058     0.5187     0.0573     0.1148     4.5647     0.0000     0.0084     0.0000     0.5048     0.5180    34.7627    34.8457    26.3170    26.3875      1.232      1.692      0.460      0.631 0.0000e+00
       7572    315.442    178.185 -109.94040   21.88890    177.000    12.4763    12.4452 4.0293e+04   4.034789     0.0632     0.0761    98.1151 1.0000e-12          0     0.5059     0.5188     0.0573     0.1147     4.5643     0.0000     0.0085     0.0000     0.5052     0.5180    34.7637    34.8457    26.3182    26.3879      1.299      1.699      0.485      0.634 0.0000e+00
       7592    316.282    179.192 -109.94040   21.88890    178.000    12.4589    12.4268 4.0274e+04   4.033100     0.0628     0.0764    98.1086 1.0000e-12          0     0.5058     0.5189     0.0573     0.1147     4.5640     0.0000     0.0084     0.0000     0.5050     0.5180    34.7615    34.8461    26.3199    26.3918      1.141      1.697      0.426      0.633 0.0000e+00
       7615    317.243    180.200 -109.94040   21.88890    179.000    12.4266    12.3935 4.0242e+04   4.029943     0.0624     0.0763    98.1106 1.0000e-12          0     0.5058     0.5188     0.0573     0.1147     4.5641     0.0000     0.0084     0.0000     0.5047     0.5180    34.7595    34.8461    26.3246    26.3983      1.110      1.699      0.414      0.633 0.0000e+00
       7643    318.422    181.207 -109.94040   21.88890    180.000    12.3840    12.3529 4.0196e+04   4.025257     0.0631     0.0755    98.1293 1.0000e-12          0     0.5058     0.5188     0.0573     0.1149     4.5650     0.0000     0.0085     0.0000     0.5047     0.5180    34.7547    34.8381    26.3292    26.4000      1.202      1.697      0.448      0.632 0.0000e+00
       7679    319.904    182.214 -109.94040   21.88890    181.000    12.3780    12.3464 4.0196e+04   4.025185     0.0630     0.0757    98.1246 1.0000e-12          0     0.5057     0.5188     0.0573     0.1147     4.5647     0.0000     0.0084     0.0000     0.5048     0.5178    34.7596    34.8430    26.3343    26.4051      1.199      1.623      0.447      0.604 0.0000e+00
       7720    321.618    183.221 -109.94040   21.88890    182.000    12.3306    12.2983 4.0147e+04   4.020468     0.0633     0.0753    98.1345 1.0000e-12          0     0.5055     0.5188     0.0573     0.1147     4.5652     0.0000     0.0084     0.0000     0.5047     0.5178    34.7562    34.8416    26.3408    26.4133      1.205      1.690      0.448      0.629 0.0000e+00
       7755    323.096    184.228 -109.94040   21.88890    183.000    12.3103    12.2801 4.0129e+04   4.018437     0.0623     0.0747    98.1507 1.0000e-12          0     0.5056     0.5187     0.0572     0.1147     4.5659     0.0000     0.0084     0.0000     0.5047     0.5178    34.7566    34.8384    26.3450    26.4144      1.173      1.643      0.436      0.611 0.0000e+00
       7783    324.232    185.235 -109.94040   21.88890    184.000    12.3087    12.2775 4.0131e+04   4.018652     0.0629     0.0757    98.1260 1.0000e-12          0     0.5055     0.5185     0.0573     0.1149     4.5648     0.0000     0.0085     0.0000     0.5047     0.5178    34.7596    34.8424    26.3477    26.4181      1.190      1.667      0.443      0.620 0.0000e+00
       7806    325.190    186.242 -109.94040   21.88890    185.000    12.2953    12.2637 4.0118e+04   4.017447     0.0622     0.0763    98.1107 1.0000e-12          0     0.5055     0.5185     0.0572     0.1147     4.5641     0.0000     0.0084     0.0000     0.5047     0.5176    34.7595    34.8432    26.3503    26.4213      1.191      1.596      0.443      0.593 0.0000e+00
       7827    326.068    187.250 -109.94040   21.88890    186.000    12.2749    12.2433 4.0098e+04   4.015443     0.0639     0.0763    98.1107 1.0000e-12          0     0.5056     0.5187     0.0574     0.1148     4.5641     0.0000     0.0084     0.0000     0.5047     0.5176    34.7585    34.8424    26.3534    26.4247      1.192      1.644      0.443      0.611 0.0000e+00
       7847    326.936    188.257 -109.94040   21.88890    187.000    12.2575    12.2259 4.0081e+04   4.013743     0.0633     0.0758    98.1217 1.0000e-12          0     0.5055     0.5186     0.0573     0.1148     4.5646     0.0000     0.0084     0.0000     0.5047     0.5175    34.7577    34.8416    26.3562    26.4275      1.193      1.595      0.443      0.592 0.0000e+00
       7871    327.904    189.264 -109.94040   21.88890    188.000    12.2348    12.2031 4.0058e+04   4.011482     0.0639     0.0752    98.1368 1.0000e-12          0     0.5055     0.5186     0.0574     0.1147     4.5653     0.0000     0.0085     0.0000     0.5047     0.5177    34.7561    34.8405    26.3594    26.4310      1.194      1.656      0.443      0.615 0.0000e+00
       7900    329.112    190.271 -109.94040   21.88890    189.000    12.2155    12.1842 4.0041e+04   4.009679     0.0632     0.0752    98.1370 1.0000e-12          0     0.5055     0.5184     0.0573     0.1147     4.5653     0.0000     0.0085     0.0000     0.5047     0.5174    34.7569    34.8402    26.3638    26.4344      1.194      1.615      0.443      0.599 0.0000e+00
       7937    330.663    191.278 -109.94040   21.88890    190.000    12.1877    12.1563 4.0014e+04   4.006922     0.0626     0.0758    98.1215 1.0000e-12          0     0.5055     0.5183     0.0573     0.1147     4.5646     0.0000     0.0084     0.0000     0.5047     0.5173    34.7556    34.8389    26.3681    26.4388      1.195      1.581      0.443      0.586 0.0000e+00
       7972    332.107    192.286 -109.94040   21.88890    191.000    12.1629    12.1317 3.9989e+04   4.004450     0.0680     0.0757    98.1239 1.0000e-12          0     0.5055     0.5183     0.0578     0.1148     4.5647     0.0000     0.0085     0.0000     0.5047     0.5175    34.7541    34.8374    26.3717    26.4424      1.196      1.611      0.443      0.597 0.0000e+00
       7997    333.157    193.293 -109.94040   21.88888    192.000    12.1474    12.1156 3.9973e+04   4.002943     0.0697     0.0752    98.1369 1.0000e-12          0     0.5055     0.5184     0.0580     0.1147     4.5653     0.0000     0.0084     0.0000     0.5047     0.5172    34.7531    34.8373    26.3740    26.4454      1.197      1.584      0.443      0.587 0.0000e+00
       8020    334.126    194.300 -109.94040   21.88888    193.000    12.1188    12.0871 3.9944e+04   4.000060     0.0635     0.0752    98.1370 1.0000e-12          0     0.5055     0.5182     0.0574     0.1148     4.5653     0.0000     0.0085     0.0000     0.5047     0.5173    34.7507    34.8354    26.3776    26.4494      1.193      1.583      0.442      0.586 0.0000e+00
       8045    335.168    195.307 -109.94040   21.88888    194.000    12.1079    12.0772 3.9934e+04   3.998959     0.0639     0.0750    98.1420 1.0000e-12          0     0.5055     0.5181     0.0574     0.1148     4.5655     0.0000     0.0084     0.0000     0.5047     0.5173    34.7509    34.8335    26.3798    26.4499      1.182      1.545      0.438      0.572 0.0000e+00
       8073    336.336    196.314 -109.94040   21.88888    195.000    12.1042    12.0735 3.9931e+04   3.998621     0.0631     0.0746    98.1524 1.0000e-12          0     0.5055     0.5180     0.0573     0.1148     4.5660     0.0000     0.0085     0.0000     0.5047     0.5171    34.7509    34.8332    26.3806    26.4504      1.212      1.585      0.449      0.587 0.0000e+00
       8102    337.542    197.322 -109.94040   21.88888    196.000    12.1005    12.0698 3.9928e+04   3.998288     0.0635     0.0751    98.1406 1.0000e-12          0     0.5055     0.5181     0.0574     0.1148     4.5655     0.0000     0.0085     0.0000     0.5047     0.5171    34.7506    34.8330    26.3811    26.4510      1.178      1.520      0.436      0.563 0.0000e+00
       8131    338.755    198.329 -109.94040   21.88888    197.000    12.0953    12.0646 3.9924e+04   3.997817     0.0622     0.0742    98.1624 1.0000e-12          0     0.5055     0.5180     0.0572     0.1148     4.5665     0.0000     0.0085     0.0000     0.5047     0.5169    34.7511    34.8328    26.3825    26.4518      1.213      1.556      0.449      0.576 0.0000e+00
       8164    340.136    199.336 -109.94040   21.88888    198.000    12.0837    12.0527 3.9913e+04   3.996828     0.0629     0.0743    98.1617 1.0000e-12          0     0.5055     0.5179     0.0573     0.1147     4.5664     0.0000     0.0084     0.0000     0.5047     0.5170    34.7511    34.8339    26.3847    26.4550      1.182      1.553      0.438      0.575 0.0000e+00
       8198    341.526    200.343 -109.94040   21.88888    199.000    12.0537    12.0223 3.9884e+04   3.993988     0.0639     0.0746    98.1515 1.0000e-12          0     0.5055     0.5178     0.0574     0.1148     4.5660     0.0000     0.0085     0.0000     0.5047     0.5170    34.7500    34.8341    26.3897    26.4610      1.201      1.559      0.444      0.577 0.0000e+00
       8224    342.622    201.350 -109.94040   21.88888    200.000    12.0362    12.0048 3.9866e+04   3.992288     0.0628     0.0750    98.1424 1.0000e-12          0     0.5055     0.5178     0.0573     0.1147     4.5655     0.0000     0.0083     0.0000     0.5046     0.5169    34.7493    34.8335    26.3925    26.4638      1.194      1.561      0.442      0.577 0.0000e+00
       8245    343.502    202.358 -109.94040   21.88888    201.000    12.0091    11.9769 3.9840e+04   3.989682     0.0639     0.0752    98.1370 1.0000e-12          0     0.5055     0.5179     0.0574     0.1147     4.5653     0.0000     0.0085     0.0000     0.5046     0.5171    34.7486    34.8336    26.3971    26.4693      1.133      1.578      0.419      0.583 0.0000e+00
       8267    344.407    203.365 -109.94040   21.88888    202.000    11.9753    11.9432 3.9807e+04   3.986452     0.0634     0.0752    98.1381 1.0000e-12          0     0.5054     0.5178     0.0573     0.1147     4.5654     0.0000     0.0085     0.0000     0.5045     0.5170    34.7475    34.8332    26.4028    26.4754      1.143      1.524      0.422      0.563 0.0000e+00
       8292    345.466    204.372 -109.94040   21.88888    203.000    11.9551    11.9244 3.9787e+04   3.984361     0.0737     0.0749    98.1458 1.0000e-12          0     0.5055     0.5178     0.0584     0.1148     4.5657     0.0000     0.0084     0.0000     0.5045     0.5169    34.7465    34.8299    26.4058    26.4764      1.200      1.534      0.443      0.566 0.0000e+00
       8326    346.869    205.380 -109.94040   21.88888    204.000    11.9457    11.9148 3.9779e+04   3.983384     0.0618     0.0745    98.1560 1.0000e-12          0     0.5054     0.5178     0.0572     0.1147     4.5662     0.0000     0.0084     0.0000     0.5046     0.5168    34.7467    34.8289    26.4078    26.4775      1.153      1.529      0.425      0.564 0.0000e+00
       8359    348.246    206.387 -109.94040   21.88888    205.000    11.9325    11.9014 3.9768e+04   3.982289     0.0624     0.0752    98.1368 1.0000e-12          0     0.5053     0.5177     0.0573     0.1148     4.5653     0.0000     0.0085     0.0000     0.5044     0.5168    34.7475    34.8303    26.4109    26.4811      1.202      1.538      0.444      0.568 0.0000e+00
       8387    349.423    207.394 -109.94042   21.88888    206.000    11.9237    11.8931 3.9760e+04   3.981522     0.0605     0.0750    98.1423 1.0000e-12          0     0.5054     0.5177     0.0571     0.1148     4.5655     0.0000     0.0085     0.0000     0.5046     0.5169    34.7475    34.8302    26.4126    26.4827      1.172      1.568      0.432      0.578 0.0000e+00
       8410    350.396    208.401 -109.94042   21.88888    207.000    11.9147    11.8839 3.9752e+04   3.980717     0.0615     0.0748    98.1477 1.0000e-12          0     0.5054     0.5177     0.0572     0.1148     4.5658     0.0000     0.0085     0.0000     0.5045     0.5169    34.7474    34.8304    26.4142    26.4846      1.195      1.559      0.440      0.575 0.0000e+00
       8432    351.284    209.409 -109.94042   21.88888    208.000    11.9024    11.8713 3.9740e+04   3.979575     0.0606     0.0744    98.1586 1.0000e-12          0     0.5052     0.5176     0.0571     0.1147     4.5663     0.0000     0.0085     0.0000     0.5045     0.5168    34.7470    34.8306    26.4163    26.4872      1.200      1.537      0.442      0.566 0.0000e+00
       8454    352.189    210.416 -109.94042   21.88888    209.000    11.8873    11.8562 3.9726e+04   3.978161     0.0628     0.0750    98.1416 1.0000e-12          0     0.5054     0.5176     0.0573     0.1146     4.5655     0.0000     0.0085     0.0000     0.5046     0.5170    34.7469    34.8305    26.4192    26.4899      1.185      1.589      0.437      0.586 0.0000e+00
       8476    353.117    211.423 -109.94042   21.88888    210.000    11.8696    11.8378 3.9710e+04   3.976647     0.0624     0.0750    98.1412 1.0000e-12          0     0.5053     0.5177     0.0573     0.1146     4.5655     0.0000     0.0085     0.0000     0.5045     0.5169    34.7478    34.8324    26.4232    26.4949      1.111      1.530      0.409      0.564 0.0000e+00
       8499    354.100    212.431 -109.94042   21.88888    211.000    11.8238    11.7914 3.9665e+04   3.972220     0.0623     0.0744    98.1571 1.0000e-12          0     0.5054     0.5178     0.0572     0.1148     4.5662     0.0000     0.0085     0.0000     0.5044     0.5168    34.7454    34.8321    26.4300    26.5035      1.191      1.520      0.439      0.559 0.0000e+00
       8528    355.274    213.438 -109.94042   21.88888    212.000    11.8019    11.7714 3.9644e+04   3.969906     0.0617     0.0733    98.1843 1.0000e-12          0     0.5054     0.5177     0.0572     0.1147     4.5675     0.0000     0.0084     0.0000     0.5046     0.5168    34.7451    34.8278    26.4339    26.5039      1.266      1.532      0.466      0.563 0.0000e+00
       8574    357.198    214.445 -109.94042   21.88888    213.000    11.7989    11.7673 3.9641e+04   3.969474     0.0622     0.0732    98.1882 1.0000e-12          0     0.5053     0.5177     0.0572     0.1147     4.5677     0.0000     0.0084     0.0000     0.5046     0.5168    34.7449    34.8269    26.4344    26.5040      1.122      1.547      0.413      0.569 0.0000e+00
       8623    359.243    215.452 -109.94042   21.88888    214.000    11.7926    11.7622 3.9636e+04   3.969060     0.0603     0.0737    98.1763 1.0000e-12          0     0.5055     0.5176     0.0571     0.1145     4.5671     0.0000     0.0085     0.0000     0.5045     0.5168    34.7454    34.8272    26.4360    26.5053      1.221      1.519      0.449      0.558 0.0000e+00
