data/ctd-cnv/KM1919/KM1919-St22-P3/St22_P3_cast85-align-cellTM-derive-bin.cnv
* Sea-Bird SBE 9 Data File:
* FileName = C:\Users\otg\Desktop\CTD Data\km1920\St22_P3_cast85.hex
* Software Version Seasave V 7.26.7.107
* Temperature SN = 5554
* Conductivity SN = 3876
* Number of Bytes Per Scan = 41
* Number of Voltage Words = 4
* Number of Scans Averaged by the Deck Unit = 1
* NMEA Latitude = 22 03.75 N
* NMEA Longitude = 109 47.12 W
* NMEA UTC (Time) = Oct 19 2019  00:10:12
* NMEA baud rate = 4800
** Ship: Kilo Moana
** Station: P3 Station 22 Cast 85
** Operator: cf
# nquan = 34
# nvalues = 253                         
# units = specified
# name 0 = scan: Scan Count
# name 1 = timeS: Time, Elapsed [seconds]
# name 2 = prDM: Pressure, Digiquartz [db]
# name 3 = longitude: Longitude [deg]
# name 4 = latitude: Latitude [deg]
# name 5 = depSM: Depth [salt water, m]
# name 6 = t090C: Temperature [ITS-90, deg C]
# name 7 = t190C: Temperature, 2 [ITS-90, deg C]
# name 8 = c0uS/cm: Conductivity [uS/cm]
# name 9 = c1S/m: Conductivity, 2 [S/m]
# name 10 = flECO-AFL: Fluorescence, WET Labs ECO-AFL/FL [mg/m^3]
# name 11 = CStarAt0: Beam Attenuation, WET Labs C-Star [1/m]
# name 12 = CStarTr0: Beam Transmission, WET Labs C-Star [%]
# name 13 = par: PAR/Irradiance, Biospherical/Licor
# name 14 = modError: Modulo Error Count
# name 15 = v0: Voltage 0
# name 16 = v1: Voltage 1
# name 17 = v2: Voltage 2
# name 18 = v3: Voltage 3
# name 19 = v4: Voltage 4
# name 20 = v5: Voltage 5
# name 21 = v6: Voltage 6
# name 22 = v7: Voltage 7
# name 23 = sbeox0V: Oxygen raw, SBE 43 [V]
# name 24 = sbeox1V: Oxygen raw, SBE 43, 2 [V]
# name 25 = sal00: Salinity, Practical [PSU]
# name 26 = sal11: Salinity, Practical, 2 [PSU]
# name 27 = sigma-é00: Density [sigma-theta, kg/m^3]
# name 28 = sigma-é11: Density, 2 [sigma-theta, kg/m^3]
# name 29 = sbeox0Mm/L: Oxygen, SBE 43 [umol/l], WS = 2
# name 30 = sbeox1Mm/L: Oxygen, SBE 43, 2 [umol/l], WS = 2
# name 31 = sbeox0PS: Oxygen, SBE 43 [% saturation], WS = 2
# name 32 = sbeox1PS: Oxygen, SBE 43, 2 [% saturation], WS = 2
# name 33 = flag: flag
# span 0 =       -375,      11584       
# span 1 =    -15.671,    482.635       
# span 2 =      2.012,    255.751       
# span 3 = -109.78536, -109.78532       
# span 4 =   22.06224,   22.06236       
# span 5 =      2.000,    254.000       
# span 6 =    11.3183,    27.5538       
# span 7 =    11.2825,    27.5142       
# span 8 = 3.9177e+04, 5.5245e+04       
# span 9 =   3.922414,   5.532297       
# span 10 =     0.0415,     1.4132      
# span 11 =     0.0816,     0.1832      
# span 12 =    95.5229,    97.9797      
# span 13 = -3.207e-06, 8.0291e+01      
# span 14 =          0,          0      
# span 15 =     0.5043,     2.4702      
# span 16 =     0.5152,     2.4533      
# span 17 =     0.0551,     0.1923      
# span 18 =     0.1135,     0.1172      
# span 19 =     4.4437,     4.5580      
# span 20 =    -0.0000,     0.0000      
# span 21 =     0.0083,     2.9245      
# span 22 =     0.0000,     0.0000      
# span 23 =     0.5035,     2.4727      
# span 24 =     0.5144,     2.4586      
# span 25 =    33.9407,    34.7674      
# span 26 =    34.0339,    34.8507      
# span 27 =    22.2638,    26.5057      
# span 28 =    22.3402,    26.5748      
# span 29 =      0.978,    237.993      
# span 30 =      1.175,    248.242      
# span 31 =      0.357,    106.134      
# span 32 =      0.428,    111.045      
# span 33 = 0.0000e+00, 0.0000e+00      
# interval = meters: 1                  
# start_time = Oct 19 2019 00:13:16 [NMEA time, first data scan]
# bad_flag = -9.990e-29
*END*
[from data line 86]
       5266    219.383     88.571 -109.78534   22.06230     88.000    14.6011    14.5679 4.1747e+04   4.180563     0.4468     0.0994    97.5450 1.1201e-01          0     1.0878     1.1076     0.0957     0.1157     4.5378     0.0000     0.3377     0.0000     1.0666     1.0824    34.2481    34.3317    25.4815    25.5530     78.000     83.502     30.298     32.430 0.0000e+00
       5317    221.502     89.578 -109.78534   22.06230     89.000    14.5641    14.5417 4.1715e+04   4.178153     0.4344     0.0988    97.5586 1.0226e-01          0     1.0747     1.0917     0.0944     0.1148     4.5385     0.0000     0.3170     0.0000     1.0568     1.0732    34.2514    34.3323    25.4919    25.5592     76.347     82.167     29.634     31.895 0.0000e+00
       5381    224.149     90.584 -109.78534   22.06230     90.000    14.5414    14.5104 4.1703e+04   4.176145     0.4273     0.0980    97.5816 9.0816e-02          0     1.0610     1.0771     0.0937     0.1148     4.5395     0.0000     0.2917     0.0000     1.0265     1.0509    34.2604    34.3412    25.5038    25.5728     65.047     75.382     25.238     29.244 0.0000e+00
       5410    225.388     91.591 -109.78534   22.06228     91.000    14.5942    14.5647 4.1790e+04   4.184460     0.4106     0.0978    97.5858 8.2417e-02          0     1.0563     1.0722     0.0921     0.1157     4.5397     0.0000     0.2720     0.0000     0.9884     1.0196    34.2932    34.3690    25.5178    25.5827     57.588     68.335     22.372     26.544 0.0000e+00
       5440    226.637     92.598 -109.78534   22.06228     92.000    14.6769    14.6451 4.1920e+04   4.197027     0.3922     0.0969    97.6060 7.1997e-02          0     1.0450     1.0641     0.0902     0.1149     4.5406     0.0000     0.2463     0.0000     0.9541     0.9872    34.3386    34.4126    25.5351    25.5990     55.156     64.641     21.469     25.156 0.0000e+00
       5500    229.137     93.605 -109.78534   22.06228     93.000    14.7269    14.6857 4.2005e+04   4.204428     0.3836     0.0960    97.6278 6.3092e-02          0     0.9827     1.0133     0.0894     0.1147     4.5416     0.0000     0.2230     0.0000     0.9132     0.9453    34.3721    34.4441    25.5502    25.6147     52.430     60.262     20.432     23.475 0.0000e+00
       5569    232.009     94.611 -109.78534   22.06228     94.000    14.7573    14.7237 4.2066e+04   4.211611     0.3752     0.0951    97.6492 5.6532e-02          0     0.9213     0.9543     0.0885     0.1147     4.5426     0.0000     0.2051     0.0000     0.8595     0.8930    34.4005    34.4758    25.5655    25.6309     41.486     50.305     16.180     19.615 0.0000e+00
       5609    233.657     95.618 -109.78534   22.06228     95.000    14.8095    14.7787 4.2160e+04   4.221534     0.3576     0.0949    97.6552 5.4240e-02          0     0.9001     0.9310     0.0868     0.1147     4.5429     0.0000     0.1986     0.0000     0.8184     0.8510    34.4395    34.5173    25.5844    25.6511     35.915     43.909     14.025     17.145 0.0000e+00
       5639    234.931     96.625 -109.78534   22.06228     96.000    14.8274    14.7952 4.2198e+04   4.225386     0.3315     0.0941    97.6758 4.6844e-02          0     0.8735     0.9067     0.0841     0.1147     4.5439     0.0000     0.1771     0.0000     0.7892     0.8209    34.4582    34.5376    25.5950    25.6632     32.833     40.124     12.828     15.674 0.0000e+00
       5674    236.360     97.632 -109.78534   22.06228     97.000    14.8255    14.7936 4.2218e+04   4.227406     0.3307     0.0936    97.6890 4.0015e-02          0     0.8384     0.8715     0.0840     0.1147     4.5445     0.0000     0.1562     0.0000     0.7639     0.7928    34.4773    34.5571    25.6102    25.6786     32.030     37.491     12.515     14.647 0.0000e+00
       5759    239.934     98.638 -109.78534   22.06228     98.000    14.8196    14.7881 4.2224e+04   4.228150     0.3331     0.0935    97.6900 3.2044e-02          0     0.7652     0.7936     0.0843     0.1147     4.5446     0.0000     0.1306     0.0000     0.7358     0.7577    34.4875    34.5683    25.6193    25.6885     29.954     34.601     11.703     13.517 0.0000e+00
       5821    242.502     99.645 -109.78534   22.06228     99.000    14.7914    14.7581 4.2217e+04   4.227550     0.3488     0.0935    97.6917 2.8458e-02          0     0.7458     0.7655     0.0859     0.1147     4.5446     0.0000     0.1185     0.0000     0.6961     0.7262    34.5063    34.5890    25.6400    25.7110     20.194     27.094      7.886     10.579 0.0000e+00
       5844    243.478    100.652 -109.78534   22.06228    100.000    14.7351    14.7029 4.2183e+04   4.224482     0.3127     0.0925    97.7154 2.3202e-02          0     0.7405     0.7609     0.0823     0.1148     4.5457     0.0000     0.1002     0.0000     0.6780     0.7069    34.5247    34.6097    25.6664    25.7389     19.546     24.656      7.626      9.618 0.0000e+00
       5872    244.608    101.659 -109.78534   22.06228    101.000    14.6721    14.6386 4.2132e+04   4.219344     0.2855     0.0919    97.7289 1.7964e-02          0     0.7245     0.7497     0.0796     0.1147     4.5463     0.0000     0.0811     0.0000     0.6642     0.6899    34.5334    34.6195    25.6868    25.7604     19.646     23.504      7.655      9.158 0.0000e+00
       5929    246.996    102.665 -109.78534   22.06228    102.000    14.5912    14.5646 4.2056e+04   4.212150     0.2903     0.0914    97.7413 1.3379e-02          0     0.6806     0.7087     0.0800     0.1147     4.5469     0.0000     0.0636     0.0000     0.6491     0.6701    34.5349    34.6190    25.7054    25.7760     19.415     22.325      7.553      8.685 0.0000e+00
       5995    249.744    103.672 -109.78534   22.06228    103.000    14.5255    14.4914 4.1997e+04   4.205576     0.2989     0.0914    97.7418 1.4239e-02          0     0.6537     0.6757     0.0809     0.1142     4.5469     0.0000     0.0670     0.0000     0.6340     0.6541    34.5391    34.6235    25.7227    25.7952     16.801     20.004      6.528      7.771 0.0000e+00
       6048    251.954    104.679 -109.78534   22.06228    104.000    14.4340    14.3988 4.1923e+04   4.198239     0.2715     0.0902    97.7702 9.4685e-03          0     0.6428     0.6626     0.0781     0.1147     4.5483     0.0000     0.0484     0.0000     0.6186     0.6391    34.5519    34.6382    25.7522    25.8264     14.115     17.513      5.475      6.792 0.0000e+00
       6086    253.558    105.686 -109.78534   22.06228    105.000    14.3827    14.3491 4.1885e+04   4.194488     0.2395     0.0892    97.7949 1.8685e-03          0     0.6329     0.6529     0.0750     0.1147     4.5495     0.0000     0.0167     0.0000     0.6054     0.6265    34.5629    34.6478    25.7716    25.8443     12.576     15.560      4.873      6.028 0.0000e+00
       6161    256.684    106.692 -109.78534   22.06228    106.000    14.3338    14.2850 4.1845e+04   4.189039     0.2477     0.0892    97.7946 8.5050e-04          0     0.6107     0.6308     0.0758     0.1147     4.5494     0.0000     0.0121     0.0000     0.5981     0.6135    34.5690    34.6545    25.7867    25.8632     13.364     14.889      5.173      5.761 0.0000e+00
       6239    259.899    107.699 -109.78534   22.06228    107.000    14.2379    14.1926 4.1768e+04   4.182157     0.2835     0.0894    97.7917 7.7052e-05          0     0.6006     0.6145     0.0794     0.1137     4.5493     0.0000     0.0089     0.0000     0.5865     0.6025    34.5834    34.6733    25.8183    25.8973     11.129     13.017      4.300      5.028 0.0000e+00
       6262    260.866    108.706 -109.78534   22.06228    108.000    14.1649    14.1304 4.1703e+04   4.176358     0.2082     0.0888    97.8064 -3.207e-06          0     0.6008     0.6131     0.0718     0.1147     4.5500     0.0000     0.0084     0.0000     0.5836     0.5992    34.5879    34.6750    25.8372    25.9118     11.301     12.943      4.360      4.993 0.0000e+00
       6287    261.927    109.713 -109.78534   22.06228    109.000    14.1367    14.1038 4.1675e+04   4.173412     0.1906     0.0880    97.8237 1.0000e-12          0     0.5952     0.6101     0.0701     0.1145     4.5508     0.0000     0.0085     0.0000     0.5814     0.5969    34.5866    34.6712    25.8422    25.9144     11.267     12.843      4.345      4.952 0.0000e+00
       6330    263.691    110.720 -109.78534   22.06228    110.000    14.0994    14.0668 4.1642e+04   4.170119     0.1904     0.0871    97.8469 1.0000e-12          0     0.5867     0.6024     0.0700     0.1143     4.5518     0.0000     0.0084     0.0000     0.5781     0.5938    34.5894    34.6735    25.8522    25.9241     10.601     12.376      4.085      4.768 0.0000e+00
       6392    266.309    111.727 -109.78534   22.06228    111.000    14.0865    14.0548 4.1642e+04   4.169847     0.1824     0.0869    97.8508 1.0000e-12          0     0.5806     0.5962     0.0692     0.1147     4.5520     0.0000     0.0084     0.0000     0.5688     0.5859    34.5999    34.6814    25.8631    25.9327      8.424     10.595      3.246      4.081 0.0000e+00
       6437    268.169    112.733 -109.78534   22.06228    112.000    14.0907    14.0586 4.1660e+04   4.171578     0.1737     0.0866    97.8588 1.0000e-12          0     0.5765     0.5927     0.0684     0.1146     4.5524     0.0000     0.0085     0.0000     0.5603     0.5776    34.6128    34.6936    25.8722    25.9414      7.540      9.396      2.905      3.620 0.0000e+00
       6465    269.336    113.740 -109.78534   22.06228    113.000    14.0735    14.0398 4.1655e+04   4.171427     0.1638     0.0867    97.8560 1.0000e-12          0     0.5719     0.5886     0.0674     0.1146     4.5523     0.0000     0.0084     0.0000     0.5565     0.5735    34.6230    34.7087    25.8837    25.9571      7.100      8.894      2.735      3.425 0.0000e+00
       6490    270.386    114.747 -109.78534   22.06228    114.000    13.9932    13.9582 4.1579e+04   4.164060     0.1491     0.0867    97.8562 1.0000e-12          0     0.5671     0.5844     0.0659     0.1147     4.5523     0.0000     0.0084     0.0000     0.5523     0.5697    34.6246    34.7134    25.9019    25.9778      5.722      8.145      2.201      3.132 0.0000e+00
       6514    271.371    115.754 -109.78534   22.06228    115.000    13.9583    13.9252 4.1557e+04   4.161514     0.1405     0.0858    97.8764 1.0000e-12          0     0.5621     0.5797     0.0650     0.1148     4.5532     0.0000     0.0085     0.0000     0.5454     0.5644    34.6346    34.7190    25.9169    25.9891      4.036      6.834      1.551      2.626 0.0000e+00
       6546    272.726    116.761 -109.78534   22.06228    116.000    13.9531    13.9214 4.1577e+04   4.163241     0.1269     0.0852    97.8933 1.0000e-12          0     0.5576     0.5747     0.0637     0.1148     4.5540     0.0000     0.0085     0.0000     0.5369     0.5557    34.6576    34.7382    25.9358    26.0048      3.683      5.638      1.416      2.167 0.0000e+00
       6616    275.634    117.768 -109.78534   22.06228    117.000    13.9660    13.9338 4.1608e+04   4.166504     0.1272     0.0844    97.9138 1.0000e-12          0     0.5416     0.5607     0.0637     0.1145     4.5549     0.0000     0.0085     0.0000     0.5282     0.5440    34.6749    34.7570    25.9465    26.0168      4.065      4.951      1.563      1.903 0.0000e+00
       6653    277.159    118.775 -109.78534   22.06228    118.000    13.9431    13.9082 4.1587e+04   4.164355     0.1254     0.0845    97.9104 1.0000e-12          0     0.5336     0.5514     0.0635     0.1141     4.5548     0.0000     0.0085     0.0000     0.5277     0.5425    34.6750    34.7597    25.9514    26.0242      4.399      5.116      1.691      1.966 0.0000e+00
       6677    278.180    119.781 -109.78534   22.06228    119.000    13.8873    13.8530 4.1535e+04   4.159452     0.1183     0.0838    97.9268 1.0000e-12          0     0.5309     0.5478     0.0629     0.1147     4.5556     0.0000     0.0084     0.0000     0.5277     0.5419    34.6765    34.7635    25.9643    26.0387      4.450      5.112      1.708      1.962 0.0000e+00
       6699    279.075    120.788 -109.78534   22.06227    120.000    13.8526    13.8197 4.1500e+04   4.156003     0.1093     0.0838    97.9269 1.0000e-12          0     0.5295     0.5453     0.0620     0.1148     4.5556     0.0000     0.0084     0.0000     0.5278     0.5417    34.6756    34.7610    25.9708    26.0437      4.498      5.150      1.726      1.975 0.0000e+00
       6720    279.978    121.795 -109.78534   22.06226    121.000    13.8146    13.7818 4.1464e+04   4.152393     0.1007     0.0838    97.9269 1.0000e-12          0     0.5287     0.5437     0.0611     0.1147     4.5556     0.0000     0.0085     0.0000     0.5282     0.5418    34.6750    34.7612    25.9783    26.0517      4.834      5.310      1.853      2.035 0.0000e+00
       6748    281.116    122.802 -109.78534   22.06226    122.000    13.7684    13.7354 4.1419e+04   4.147968     0.1005     0.0838    97.9277 1.0000e-12          0     0.5286     0.5430     0.0611     0.1147     4.5556     0.0000     0.0085     0.0000     0.5291     0.5423    34.6746    34.7614    25.9876    26.0616      4.853      5.406      1.859      2.070 0.0000e+00
       6792    282.961    123.809 -109.78534   22.06226    123.000    13.7074    13.6753 4.1358e+04   4.141711     0.1005     0.0825    97.9581 1.0000e-12          0     0.5289     0.5426     0.0611     0.1147     4.5570     0.0000     0.0084     0.0000     0.5301     0.5429    34.6725    34.7569    25.9987    26.0705      4.988      5.518      1.908      2.110 0.0000e+00
       6839    284.920    124.816 -109.78534   22.06226    124.000    13.6814    13.6493 4.1333e+04   4.139106     0.1005     0.0820    97.9708 1.0000e-12          0     0.5300     0.5432     0.0611     0.1147     4.5576     0.0000     0.0085     0.0000     0.5316     0.5442    34.6720    34.7557    26.0036    26.0750      5.570      5.887      2.129      2.250 0.0000e+00
       6867    286.095    125.822 -109.78534   22.06226    125.000    13.6479    13.6145 4.1299e+04   4.135890     0.0891     0.0826    97.9567 1.0000e-12          0     0.5310     0.5435     0.0599     0.1136     4.5570     0.0000     0.0084     0.0000     0.5326     0.5455    34.6697    34.7567    26.0088    26.0830      4.995      5.957      1.908      2.275 0.0000e+00
       6888    286.942    126.829 -109.78534   22.06226    126.000    13.5757    13.5410 4.1224e+04   4.128502     0.0883     0.0826    97.9545 1.0000e-12          0     0.5311     0.5440     0.0598     0.1144     4.5569     0.0000     0.0084     0.0000     0.5317     0.5455    34.6647    34.7536    26.0199    26.0958      5.223      5.835      1.992      2.225 0.0000e+00
       6906    287.701    127.836 -109.78534   22.06226    127.000    13.5765    13.5447 4.1236e+04   4.129253     0.0793     0.0826    97.9547 1.0000e-12          0     0.5312     0.5445     0.0589     0.1147     4.5569     0.0000     0.0084     0.0000     0.5331     0.5458    34.6753    34.7569    26.0279    26.0975      6.308      6.123      2.407      2.336 0.0000e+00
       6923    288.433    128.843 -109.78534   22.06226    128.000    13.5660    13.5335 4.1231e+04   4.129015     0.0644     0.0825    97.9572 1.0000e-12          0     0.5327     0.5451     0.0575     0.1147     4.5570     0.0000     0.0085     0.0000     0.5357     0.5469    34.6797    34.7645    26.0335    26.1058      7.217      6.711      2.753      2.559 0.0000e+00
       6943    289.259    129.850 -109.78534   22.06226    129.000    13.4488    13.4114 4.1108e+04   4.117664     0.0753     0.0832    97.9416 1.0000e-12          0     0.5336     0.5461     0.0585     0.1147     4.5563     0.0000     0.0084     0.0000     0.5392     0.5497    34.6692    34.7683    26.0494    26.1337      7.878      7.548      2.997      2.871 0.0000e+00
