data/ctd-cnv/KM1919/KM1919-St22-P3/St22_P3_cast78-align-cellTM-derive-bin.cnv
* Sea-Bird SBE 9 Data File:
* FileName = C:\Users\otg\Desktop\CTD Data\km1920\St22_P3_cast78.hex
* Software Version Seasave V 7.26.7.107
* Temperature SN = 5554
* Conductivity SN = 3876
* Number of Bytes Per Scan = 41
* Number of Voltage Words = 4
* Number of Scans Averaged by the Deck Unit = 1
* NMEA Latitude = 21 59.69 N
* NMEA Longitude = 109 53.25 W
* NMEA UTC (Time) = Oct 17 2019  20:23:44
* NMEA baud rate = 4800
** Ship: Kilo Moana
** Station: St22  P3 cast 78
** Operator: gr
# nquan = 34
# nvalues = 252                         
# units = specified
# name 0 = scan: Scan Count
# name 1 = timeS: Time, Elapsed [seconds]
# name 2 = prDM: Pressure, Digiquartz [db]
# name 3 = longitude: Longitude [deg]
# name 4 = latitude: Latitude [deg]
# name 5 = depSM: Depth [salt water, m]
# name 6 = t090C: Temperature [ITS-90, deg C]
# name 7 = t190C: Temperature, 2 [ITS-90, deg C]
# name 8 = c0uS/cm: Conductivity [uS/cm]
# name 9 = c1S/m: Conductivity, 2 [S/m]
# name 10 = flECO-AFL: Fluorescence, WET Labs ECO-AFL/FL [mg/m^3]
# name 11 = CStarAt0: Beam Attenuation, WET Labs C-Star [1/m]
# name 12 = CStarTr0: Beam Transmission, WET Labs C-Star [%]
# name 13 = par: PAR/Irradiance, Biospherical/Licor
# name 14 = modError: Modulo Error Count
# name 15 = v0: Voltage 0
# name 16 = v1: Voltage 1
# name 17 = v2: Voltage 2
# name 18 = v3: Voltage 3
# name 19 = v4: Voltage 4
# name 20 = v5: Voltage 5
# name 21 = v6: Voltage 6
# name 22 = v7: Voltage 7
# name 23 = sbeox0V: Oxygen raw, SBE 43 [V]
# name 24 = sbeox1V: Oxygen raw, SBE 43, 2 [V]
# name 25 = sal00: Salinity, Practical [PSU]
# name 26 = sal11: Salinity, Practical, 2 [PSU]
# name 27 = sigma-é00: Density [sigma-theta, kg/m^3]
# name 28 = sigma-é11: Density, 2 [sigma-theta, kg/m^3]
# name 29 = sbeox0Mm/L: Oxygen, SBE 43 [umol/l], WS = 2
# name 30 = sbeox1Mm/L: Oxygen, SBE 43, 2 [umol/l], WS = 2
# name 31 = sbeox0PS: Oxygen, SBE 43 [% saturation], WS = 2
# name 32 = sbeox1PS: Oxygen, SBE 43, 2 [% saturation], WS = 2
# name 33 = flag: flag
# span 0 =       -252,      14274       
# span 1 =    -10.542,    594.703       
# span 2 =      2.013,    254.743       
# span 3 = -109.88752, -109.88730       
# span 4 =   21.99441,   21.99474       
# span 5 =      2.000,    253.000       
# span 6 =    11.2825,    27.8499       
# span 7 =    11.2571,    27.8137       
# span 8 = 3.9137e+04, 5.5596e+04       
# span 9 =   3.919312,   5.567396       
# span 10 =     0.0411,     1.5274      
# span 11 =     0.0661,     0.1549      
# span 12 =    96.2004,    98.3601      
# span 13 = -2.139e-06, 2.7146e+03      
# span 14 =          0,          0      
# span 15 =     0.5038,     2.4563      
# span 16 =     0.5139,     2.4498      
# span 17 =     0.0551,     0.2037      
# span 18 =     0.1123,     0.1153      
# span 19 =     4.4752,     4.5757      
# span 20 =     0.0000,     0.0000      
# span 21 =     0.0080,     4.6119      
# span 22 =     0.0000,     0.0000      
# span 23 =     0.5031,     2.4603      
# span 24 =     0.5134,     2.4444      
# span 25 =    33.9312,    34.7660      
# span 26 =    34.0224,    34.8500      
# span 27 =    22.1924,    26.5078      
# span 28 =    22.2654,    26.5748      
# span 29 =      0.859,    238.171      
# span 30 =      0.979,    249.492      
# span 31 =      0.313,    105.322      
# span 32 =      0.357,    110.546      
# span 33 = 0.0000e+00, 0.0000e+00      
# interval = meters: 1                  
# start_time = Oct 17 2019 20:27:22 [NMEA time, first data scan]
# bad_flag = -9.990e-29
*END*
[from data line 129]
       7411    308.749    131.863 -109.88740   21.99454    131.000    13.2915    13.2591 4.1047e+04   4.110551     0.0857     0.0743    98.1611 1.0530e-01          0     0.5079     0.5198     0.0596     0.1123     4.5664     0.0000     0.3237     0.0000     0.5067     0.5184    34.7539    34.8394    26.1471    26.2198      1.343      1.632      0.509      0.619 0.0000e+00
       7453    310.481    132.870 -109.88740   21.99453    132.000    13.2600    13.2281 4.1018e+04   4.107599     0.0826     0.0747    98.1505 1.0319e-01          0     0.5078     0.5196     0.0592     0.1123     4.5659     0.0000     0.3191     0.0000     0.5062     0.5182    34.7558    34.8394    26.1549    26.2262      1.261      1.661      0.478      0.630 0.0000e+00
       7545    314.338    133.877 -109.88740   21.99452    133.000    13.2645    13.2121 4.1023e+04   4.106092     0.0833     0.0741    98.1661 1.0428e-01          0     0.5069     0.5188     0.0593     0.1132     4.5666     0.0000     0.3215     0.0000     0.5060     0.5180    34.7553    34.8394    26.1537    26.2294      1.367      1.667      0.518      0.632 0.0000e+00
       7587    316.095    134.884 -109.88740   21.99452    134.000    13.2189    13.1878 4.0982e+04   4.103989     0.0808     0.0742    98.1641 1.0000e-01          0     0.5068     0.5189     0.0591     0.1123     4.5665     0.0000     0.3122     0.0000     0.5059     0.5181    34.7581    34.8413    26.1651    26.2358      1.344      1.663      0.509      0.630 0.0000e+00
       7613    317.181    135.891 -109.88740   21.99452    135.000    13.2029    13.1713 4.0968e+04   4.102587     0.0753     0.0742    98.1632 9.4185e-02          0     0.5069     0.5189     0.0585     0.1123     4.5665     0.0000     0.2994     0.0000     0.5059     0.5179    34.7592    34.8427    26.1692    26.2404      1.310      1.624      0.496      0.615 0.0000e+00
       7643    318.402    136.898 -109.88740   21.99452    136.000    13.1874    13.1555 4.0954e+04   4.101239     0.0754     0.0751    98.1406 8.8286e-02          0     0.5067     0.5188     0.0585     0.1123     4.5655     0.0000     0.2859     0.0000     0.5059     0.5180    34.7594    34.8440    26.1725    26.2445      1.301      1.655      0.493      0.627 0.0000e+00
       7714    321.362    137.905 -109.88738   21.99452    137.000    13.1501    13.1107 4.0921e+04   4.097049     0.0759     0.0746    98.1534 8.7876e-02          0     0.5067     0.5188     0.0586     0.1123     4.5660     0.0000     0.2849     0.0000     0.5057     0.5177    34.7615    34.8449    26.1818    26.2543      1.305      1.587      0.494      0.600 0.0000e+00
       7813    325.490    138.912 -109.88740   21.99452    138.000    13.1175    13.0841 4.0893e+04   4.094708     0.0716     0.0750    98.1429 8.4850e-02          0     0.5065     0.5184     0.0582     0.1123     4.5656     0.0000     0.2778     0.0000     0.5055     0.5173    34.7645    34.8467    26.1906    26.2610      1.256      1.560      0.475      0.590 0.0000e+00
       7851    327.066    139.919 -109.88740   21.99452    139.000    13.1054    13.0740 4.0882e+04   4.093871     0.0633     0.0752    98.1368 8.1715e-02          0     0.5065     0.5183     0.0573     0.1123     4.5653     0.0000     0.2704     0.0000     0.5056     0.5173    34.7651    34.8475    26.1935    26.2638      1.308      1.565      0.494      0.591 0.0000e+00
       7878    328.204    140.926 -109.88739   21.99452    140.000    13.0934    13.0619 4.0872e+04   4.092856     0.0634     0.0746    98.1516 7.8489e-02          0     0.5064     0.5182     0.0574     0.1124     4.5660     0.0000     0.2625     0.0000     0.5055     0.5174    34.7657    34.8486    26.1965    26.2670      1.278      1.598      0.483      0.604 0.0000e+00
       7903    329.268    141.933 -109.88738   21.99452    141.000    13.0813    13.0494 4.0861e+04   4.091849     0.0626     0.0758    98.1221 7.1329e-02          0     0.5063     0.5182     0.0573     0.1123     4.5646     0.0000     0.2446     0.0000     0.5057     0.5173    34.7660    34.8500    26.1992    26.2707      1.365      1.578      0.516      0.596 0.0000e+00
       7961    331.650    142.940 -109.88738   21.99452    142.000    13.0480    13.0115 4.0826e+04   4.087856     0.0683     0.0763    98.1106 6.5786e-02          0     0.5064     0.5182     0.0578     0.1127     4.5641     0.0000     0.2301     0.0000     0.5056     0.5173    34.7631    34.8465    26.2036    26.2756      1.302      1.560      0.492      0.589 0.0000e+00
       8076    336.466    143.946 -109.88738   21.99452    143.000    13.0354    12.9761 4.0814e+04   4.084319     0.0700     0.0764    98.1094 6.2188e-02          0     0.5062     0.5180     0.0580     0.1132     4.5640     0.0000     0.2206     0.0000     0.5058     0.5174    34.7631    34.8449    26.2062    26.2815      1.346      1.561      0.508      0.589 0.0000e+00
       8106    337.729    144.954 -109.88738   21.99452    144.000    12.9809    12.9497 4.0759e+04   4.081629     0.0627     0.0754    98.1325 5.5512e-02          0     0.5064     0.5183     0.0573     0.1126     4.5651     0.0000     0.2023     0.0000     0.5057     0.5173    34.7595    34.8431    26.2143    26.2854      1.316      1.558      0.496      0.587 0.0000e+00
       8137    338.993    145.961 -109.88738   21.99452    145.000    12.9653    12.9337 4.0743e+04   4.079960     0.0626     0.0752    98.1370 4.8645e-02          0     0.5065     0.5182     0.0573     0.1123     4.5653     0.0000     0.1825     0.0000     0.5058     0.5172    34.7580    34.8415    26.2164    26.2873      1.349      1.520      0.508      0.573 0.0000e+00
       8168    340.286    146.968 -109.88738   21.99452    146.000    12.9448    12.9141 4.0720e+04   4.077905     0.0615     0.0752    98.1370 4.5694e-02          0     0.5066     0.5181     0.0572     0.1123     4.5653     0.0000     0.1736     0.0000     0.5059     0.5171    34.7553    34.8395    26.2183    26.2898      1.341      1.582      0.505      0.596 0.0000e+00
       8216    342.272    147.975 -109.88738   21.99452    147.000    12.9308    12.8962 4.0706e+04   4.075852     0.0625     0.0752    98.1370 4.0190e-02          0     0.5066     0.5180     0.0573     0.1123     4.5653     0.0000     0.1568     0.0000     0.5059     0.5174    34.7536    34.8360    26.2199    26.2906      1.414      1.598      0.533      0.602 0.0000e+00
       8287    345.247    148.982 -109.88738   21.99452    148.000    12.8976    12.8647 4.0669e+04   4.072407     0.0624     0.0746    98.1528 3.3516e-02          0     0.5066     0.5182     0.0572     0.1134     4.5660     0.0000     0.1355     0.0000     0.5066     0.5178    34.7491    34.8316    26.2230    26.2936      1.464      1.653      0.551      0.622 0.0000e+00
       8336    347.300    149.989 -109.88738   21.99452    149.000    12.8773    12.8458 4.0648e+04   4.070361     0.0631     0.0739    98.1703 2.8533e-02          0     0.5071     0.5183     0.0573     0.1123     4.5669     0.0000     0.1186     0.0000     0.5064     0.5176    34.7468    34.8290    26.2253    26.2953      1.415      1.658      0.532      0.624 0.0000e+00
       8388    349.474    150.996 -109.88738   21.99452    150.000    12.8691    12.8379 4.0639e+04   4.069524     0.0624     0.0745    98.1542 2.2830e-02          0     0.5073     0.5185     0.0573     0.1134     4.5661     0.0000     0.0990     0.0000     0.5063     0.5178    34.7457    34.8280    26.2261    26.2961      1.363      1.628      0.512      0.612 0.0000e+00
       8449    352.011    152.003 -109.88738   21.99452    151.000    12.8508    12.8193 4.0620e+04   4.067715     0.0692     0.0746    98.1522 1.8228e-02          0     0.5072     0.5186     0.0579     0.1123     4.5660     0.0000     0.0822     0.0000     0.5061     0.5175    34.7440    34.8274    26.2285    26.2994      1.318      1.545      0.495      0.581 0.0000e+00
       8493    353.818    153.009 -109.88738   21.99452    152.000    12.8205    12.7891 4.0591e+04   4.064796     0.0632     0.0752    98.1362 1.0665e-02          0     0.5070     0.5185     0.0573     0.1123     4.5653     0.0000     0.0529     0.0000     0.5058     0.5172    34.7439    34.8268    26.2344    26.3050      1.183      1.510      0.444      0.568 0.0000e+00
       8530    355.379    154.017 -109.88738   21.99452    153.000    12.8017    12.7706 4.0575e+04   4.063126     0.0630     0.0757    98.1245 8.8769e-03          0     0.5069     0.5184     0.0573     0.1124     4.5647     0.0000     0.0459     0.0000     0.5051     0.5168    34.7448    34.8275    26.2389    26.3091      1.095      1.419      0.411      0.533 0.0000e+00
       8575    357.266    155.023 -109.88738   21.99452    154.000    12.7883    12.7570 4.0565e+04   4.062091     0.0625     0.0763    98.1101 3.2296e-03          0     0.5065     0.5180     0.0573     0.1123     4.5641     0.0000     0.0226     0.0000     0.5047     0.5166    34.7470    34.8297    26.2432    26.3136      1.134      1.443      0.426      0.542 0.0000e+00
       8636    359.807    156.031 -109.88738   21.99452    155.000    12.7476    12.7155 4.0531e+04   4.058692     0.0699     0.0787    98.0524 1.8525e-03          0     0.5056     0.5175     0.0580     0.1123     4.5614     0.0000     0.0163     0.0000     0.5047     0.5165    34.7517    34.8349    26.2550    26.3259      1.177      1.432      0.442      0.537 0.0000e+00
       8689    362.015    157.038 -109.88738   21.99452    156.000    12.7256    12.6947 4.0514e+04   4.056908     0.0670     0.0795    98.0317 1.3038e-03          0     0.5055     0.5174     0.0577     0.1124     4.5604     0.0000     0.0140     0.0000     0.5047     0.5162    34.7549    34.8366    26.2618    26.3313      1.176      1.371      0.441      0.514 0.0000e+00
       8741    364.183    158.045 -109.88738   21.99452    157.000    12.7111    12.6807 4.0501e+04   4.055772     0.0691     0.0805    98.0078 3.5802e-04          0     0.5055     0.5172     0.0579     0.1123     4.5593     0.0000     0.0101     0.0000     0.5047     0.5160    34.7556    34.8383    26.2653    26.3354      1.165      1.370      0.437      0.514 0.0000e+00
       8794    366.383    159.052 -109.88738   21.99452    158.000    12.6972    12.6665 4.0488e+04   4.054376     0.0629     0.0806    98.0051 2.6580e-04          0     0.5055     0.5169     0.0573     0.1127     4.5592     0.0000     0.0096     0.0000     0.5047     0.5162    34.7552    34.8376    26.2678    26.3377      1.177      1.390      0.441      0.521 0.0000e+00
       8843    368.418    160.059 -109.88738   21.99452    159.000    12.6887    12.6580 4.0479e+04   4.053569     0.0612     0.0815    97.9818 1.1375e-04          0     0.5055     0.5169     0.0571     0.1142     4.5581     0.0000     0.0090     0.0000     0.5047     0.5161    34.7547    34.8373    26.2691    26.3392      1.197      1.447      0.448      0.542 0.0000e+00
       8896    370.617    161.066 -109.88738   21.99452    160.000    12.6705    12.6388 4.0459e+04   4.051422     0.0619     0.0816    97.9782 4.4547e-04          0     0.5055     0.5168     0.0572     0.1135     4.5579     0.0000     0.0103     0.0000     0.5058     0.5168    34.7514    34.8339    26.2702    26.3403      1.804      1.665      0.676      0.624 0.0000e+00
       8937    372.323    162.073 -109.88738   21.99452    161.000    12.6289    12.5959 4.0412e+04   4.046929     0.0625     0.0800    98.0199 8.6789e-05          0     0.5055     0.5169     0.0573     0.1123     4.5599     0.0000     0.0088     0.0000     0.5077     0.5181    34.7443    34.8300    26.2728    26.3458      2.126      1.994      0.796      0.746 0.0000e+00
       8970    373.725    163.080 -109.88738   21.99452    162.000    12.5952    12.5619 4.0376e+04   4.043174     0.0628     0.0767    98.1005 2.4922e-07          0     0.5061     0.5175     0.0573     0.1123     4.5636     0.0000     0.0084     0.0000     0.5093     0.5197    34.7406    34.8249    26.2766    26.3485      2.389      2.352      0.893      0.880 0.0000e+00
       9021    375.834    164.087 -109.88738   21.99452    163.000    12.5415    12.5134 4.0316e+04   4.037528     0.0536     0.0739    98.1701 1.0000e-12          0     0.5085     0.5190     0.0564     0.1123     4.5669     0.0000     0.0084     0.0000     0.5112     0.5215    34.7317    34.8150    26.2802    26.3504      2.408      2.411      0.900      0.901 0.0000e+00
       9131    380.402    165.094 -109.88738   21.99452    164.000    12.5370    12.5283 4.0312e+04   4.039310     0.0540     0.0724    98.2067 8.7540e-05          0     0.5128     0.5232     0.0564     0.1131     4.5686     0.0000     0.0088     0.0000     0.5123     0.5228    34.7323    34.8179    26.2816    26.3498      2.413      2.498      0.901      0.934 0.0000e+00
       9177    382.349    166.101 -109.88738   21.99450    165.000    12.5057    12.4738 4.0281e+04   4.033622     0.0473     0.0723    98.2086 -2.139e-06          0     0.5128     0.5231     0.0557     0.1142     4.5687     0.0000     0.0085     0.0000     0.5133     0.5234    34.7303    34.8132    26.2862    26.3568      2.620      2.706      0.978      1.010 0.0000e+00
       9205    383.484    167.108 -109.88738   21.99450    166.000    12.4727    12.4406 4.0246e+04   4.030353     0.0433     0.0715    98.2266 1.0000e-12          0     0.5128     0.5234     0.0553     0.1123     4.5695     0.0000     0.0084     0.0000     0.5140     0.5244    34.7270    34.8120    26.2901    26.3623      2.924      2.977      1.091      1.110 0.0000e+00
       9227    384.430    168.116 -109.88738   21.99450    167.000    12.4488    12.4171 4.0221e+04   4.027786     0.0593     0.0720    98.2158 1.0000e-12          0     0.5133     0.5239     0.0569     0.1123     4.5690     0.0000     0.0084     0.0000     0.5146     0.5252    34.7240    34.8085    26.2925    26.3642      2.897      3.038      1.080      1.133 0.0000e+00
       9251    385.429    169.123 -109.88738   21.99450    168.000    12.4212    12.3894 4.0192e+04   4.024923     0.0466     0.0712    98.2358 1.0000e-12          0     0.5139     0.5239     0.0556     0.1123     4.5699     0.0000     0.0083     0.0000     0.5154     0.5258    34.7212    34.8061    26.2957    26.3678      3.077      3.142      1.146      1.171 0.0000e+00
       9330    388.701    170.130 -109.88738   21.99451    169.000    12.3981    12.3641 4.0168e+04   4.021937     0.0514     0.0703    98.2567 1.0000e-12          0     0.5156     0.5262     0.0561     0.1123     4.5709     0.0000     0.0084     0.0000     0.5156     0.5266    34.7191    34.8003    26.2985    26.3682      2.756      3.075      1.027      1.145 0.0000e+00
       9432    392.966    171.137 -109.88738   21.99450    170.000    12.3892    12.3650 4.0165e+04   4.022705     0.0411     0.0703    98.2585 1.0000e-12          0     0.5165     0.5276     0.0551     0.1123     4.5710     0.0000     0.0084     0.0000     0.5137     0.5258    34.7239    34.8065    26.3040    26.3729      2.183      2.625      0.813      0.977 0.0000e+00
       9463    394.236    172.144 -109.88738   21.99450    171.000    12.3444    12.3117 4.0123e+04   4.018001     0.0462     0.0726    98.2009 1.0000e-12          0     0.5165     0.5275     0.0556     0.1123     4.5683     0.0000     0.0084     0.0000     0.5133     0.5248    34.7249    34.8100    26.3136    26.3860      2.439      2.613      0.907      0.972 0.0000e+00
