data/ctd-cnv/KM1919/KM1919-St22-P3/St22_P3_cast81-align-cellTM-derive-bin.cnv
* Sea-Bird SBE 9 Data File:
* FileName = C:\Users\otg\Desktop\CTD Data\km1920\St22_P3_cast81.hex
* Software Version Seasave V 7.26.7.107
* Temperature SN = 5554
* Conductivity SN = 3876
* Number of Bytes Per Scan = 41
* Number of Voltage Words = 4
* Number of Scans Averaged by the Deck Unit = 1
* NMEA Latitude = 22 02.44 N
* NMEA Longitude = 109 50.26 W
* NMEA UTC (Time) = Oct 18 2019  12:03:30
* NMEA baud rate = 4800
** Ship: Kilo Moana
** Station: St22  P3 cast 81
** Operator: gr
# nquan = 34
# nvalues = 350                         
# units = specified
# name 0 = scan: Scan Count
# name 1 = timeS: Time, Elapsed [seconds]
# name 2 = prDM: Pressure, Digiquartz [db]
# name 3 = longitude: Longitude [deg]
# name 4 = latitude: Latitude [deg]
# name 5 = depSM: Depth [salt water, m]
# name 6 = t090C: Temperature [ITS-90, deg C]
# name 7 = t190C: Temperature, 2 [ITS-90, deg C]
# name 8 = c0uS/cm: Conductivity [uS/cm]
# name 9 = c1S/m: Conductivity, 2 [S/m]
# name 10 = flECO-AFL: Fluorescence, WET Labs ECO-AFL/FL [mg/m^3]
# name 11 = CStarAt0: Beam Attenuation, WET Labs C-Star [1/m]
# name 12 = CStarTr0: Beam Transmission, WET Labs C-Star [%]
# name 13 = par: PAR/Irradiance, Biospherical/Licor
# name 14 = modError: Modulo Error Count
# name 15 = v0: Voltage 0
# name 16 = v1: Voltage 1
# name 17 = v2: Voltage 2
# name 18 = v3: Voltage 3
# name 19 = v4: Voltage 4
# name 20 = v5: Voltage 5
# name 21 = v6: Voltage 6
# name 22 = v7: Voltage 7
# name 23 = sbeox0V: Oxygen raw, SBE 43 [V]
# name 24 = sbeox1V: Oxygen raw, SBE 43, 2 [V]
# name 25 = sal00: Salinity, Practical [PSU]
# name 26 = sal11: Salinity, Practical, 2 [PSU]
# name 27 = sigma-é00: Density [sigma-theta, kg/m^3]
# name 28 = sigma-é11: Density, 2 [sigma-theta, kg/m^3]
# name 29 = sbeox0Mm/L: Oxygen, SBE 43 [umol/l], WS = 2
# name 30 = sbeox1Mm/L: Oxygen, SBE 43, 2 [umol/l], WS = 2
# name 31 = sbeox0PS: Oxygen, SBE 43 [% saturation], WS = 2
# name 32 = sbeox1PS: Oxygen, SBE 43, 2 [% saturation], WS = 2
# name 33 = flag: flag
# span 0 =        -26,      16408       
# span 1 =     -1.124,    683.638       
# span 2 =      2.013,    353.503       
# span 3 = -109.83678, -109.83633       
# span 4 =   22.04042,   22.04090       
# span 5 =      2.000,    351.000       
# span 6 =     9.8941,    27.6096       
# span 7 =     9.8646,    27.5699       
# span 8 = 3.7793e+04, 5.5328e+04       
# span 9 =   3.784940,   5.540882       
# span 10 =     0.0447,     1.4041      
# span 11 =     0.0729,     0.1608      
# span 12 =    96.0601,    98.1933      
# span 13 = -3.432e-08, 4.5878e+00      
# span 14 =          0,          0      
# span 15 =     0.5032,     2.4482      
# span 16 =     0.5138,     2.4398      
# span 17 =     0.0554,     0.1914      
# span 18 =     0.1149,     0.1184      
# span 19 =     4.4687,     4.5680      
# span 20 = -9.920e-07,     0.0005      
# span 21 =     0.0073,     1.6772      
# span 22 =     0.0000,     0.0000      
# span 23 =     0.5024,     2.4523      
# span 24 =     0.5132,     2.4385      
# span 25 =    33.9362,    34.7653      
# span 26 =    34.0270,    34.8513      
# span 27 =    22.2612,    26.6927      
# span 28 =    22.3377,    26.7652      
# span 29 =      0.807,    233.451      
# span 30 =      0.996,    244.105      
# span 31 =      0.287,    104.966      
# span 32 =      0.352,    109.594      
# span 33 = 0.0000e+00, 0.0000e+00      
# interval = meters: 1                  
# start_time = Oct 18 2019 12:09:10 [NMEA time, first data scan]
# bad_flag = -9.990e-29
*END*
[from data line 299]
      13349    556.147    303.110 -109.83664   22.04066    301.000    10.6856    10.6562 3.8557e+04   3.861041     0.0598     0.0835    97.9331 1.0000e-12          0     0.5041     0.5143     0.0570     0.1172     4.5559     0.0000     0.0085     0.0000     0.5034     0.5138    34.6793    34.7603    26.5886    26.6570      1.052      1.097      0.378      0.394 0.0000e+00
      13386    557.706    304.118 -109.83664   22.04066    302.000    10.6730    10.6436 3.8545e+04   3.859788     0.0581     0.0836    97.9321 1.0000e-12          0     0.5042     0.5144     0.0568     0.1172     4.5558     0.0000     0.0085     0.0000     0.5033     0.5136    34.6783    34.7592    26.5901    26.6584      0.971      1.057      0.349      0.380 0.0000e+00
      13424    559.296    305.126 -109.83664   22.04066    303.000    10.6668    10.6377 3.8539e+04   3.859161     0.0658     0.0822    97.9657 1.0000e-12          0     0.5041     0.5144     0.0576     0.1172     4.5574     0.0000     0.0085     0.0000     0.5032     0.5137    34.6777    34.7581    26.5908    26.6586      1.051      1.071      0.377      0.385 0.0000e+00
      13464    560.955    306.134 -109.83664   22.04066    304.000    10.6615    10.6323 3.8534e+04   3.858667     0.0587     0.0818    97.9744 1.0000e-12          0     0.5040     0.5142     0.0569     0.1172     4.5578     0.0000     0.0084     0.0000     0.5033     0.5136    34.6771    34.7578    26.5912    26.6594      1.025      1.086      0.368      0.390 0.0000e+00
      13497    562.349    307.141 -109.83664   22.04066    305.000    10.6551    10.6257 3.8528e+04   3.858113     0.0532     0.0817    97.9777 1.0000e-12          0     0.5040     0.5143     0.0563     0.1172     4.5579     0.0000     0.0085     0.0000     0.5033     0.5137    34.6770    34.7581    26.5923    26.6608      1.056      1.103      0.379      0.396 0.0000e+00
      13529    563.657    308.149 -109.83663   22.04066    306.000    10.6346    10.6048 3.8508e+04   3.856163     0.0533     0.0818    97.9742 1.0000e-12          0     0.5041     0.5143     0.0564     0.1172     4.5578     0.0000     0.0085     0.0000     0.5033     0.5137    34.6760    34.7579    26.5952    26.6643      1.041      1.139      0.373      0.409 0.0000e+00
      13558    564.871    309.156 -109.83662   22.04067    307.000    10.6140    10.5843 3.8488e+04   3.854197     0.0577     0.0824    97.9606 1.0000e-12          0     0.5040     0.5143     0.0568     0.1172     4.5571     0.0000     0.0085     0.0000     0.5033     0.5138    34.6747    34.7572    26.5978    26.6674      0.903      1.069      0.324      0.383 0.0000e+00
      13586    566.039    310.164 -109.83662   22.04068    308.000    10.6048    10.5756 3.8480e+04   3.853312     0.0646     0.0829    97.9492 1.0000e-12          0     0.5040     0.5143     0.0575     0.1172     4.5566     0.0000     0.0085     0.0000     0.5030     0.5137    34.6747    34.7561    26.5994    26.6681      1.009      1.050      0.362      0.376 0.0000e+00
      13654    568.859    311.172 -109.83661   22.04068    309.000    10.6047    10.5757 3.8480e+04   3.853291     0.0606     0.0826    97.9547 1.0000e-12          0     0.5039     0.5143     0.0571     0.1172     4.5569     0.0000     0.0084     0.0000     0.5030     0.5136    34.6749    34.7553    26.5996    26.6674      1.016      1.074      0.364      0.385 0.0000e+00
      13763    573.411    312.180 -109.83660   22.04068    310.000    10.6030    10.5749 3.8479e+04   3.853380     0.0641     0.0816    97.9800 1.0000e-12          0     0.5036     0.5142     0.0574     0.1172     4.5580     0.0000     0.0085     0.0000     0.5033     0.5137    34.6752    34.7566    26.6002    26.6686      1.028      1.056      0.369      0.379 0.0000e+00
      13787    574.434    313.188 -109.83660   22.04068    311.000    10.5717    10.5412 3.8449e+04   3.850338     0.0523     0.0856    97.8828 1.0000e-12          0     0.5038     0.5143     0.0563     0.1172     4.5535     0.0000     0.0084     0.0000     0.5033     0.5136    34.6738    34.7576    26.6047    26.6753      1.010      1.042      0.362      0.373 0.0000e+00
      13810    575.378    314.196 -109.83660   22.04068    312.000    10.5463    10.5167 3.8424e+04   3.847725     0.0522     0.0824    97.9595 1.0000e-12          0     0.5040     0.5143     0.0563     0.1172     4.5571     0.0000     0.0084     0.0000     0.5033     0.5135    34.6719    34.7541    26.6076    26.6770      1.040      1.056      0.372      0.378 0.0000e+00
      13840    576.613    315.203 -109.83660   22.04068    313.000    10.5343    10.5051 3.8411e+04   3.846460     0.0521     0.0816    97.9792 1.0000e-12          0     0.5039     0.5142     0.0562     0.1172     4.5580     0.0000     0.0085     0.0000     0.5033     0.5136    34.6704    34.7519    26.6086    26.6773      0.942      1.071      0.337      0.383 0.0000e+00
      13968    581.964    316.211 -109.83658   22.04068    314.000    10.5389    10.5095 3.8416e+04   3.846776     0.0599     0.0817    97.9769 1.0000e-12          0     0.5038     0.5141     0.0570     0.1172     4.5579     0.0000     0.0085     0.0000     0.5031     0.5135    34.6706    34.7505    26.6080    26.6754      1.028      1.065      0.368      0.381 0.0000e+00
      14101    587.498    317.219 -109.83658   22.04069    315.000    10.5156    10.4897 3.8393e+04   3.845001     0.0617     0.0817    97.9781 1.0000e-12          0     0.5038     0.5141     0.0572     0.1167     4.5579     0.0000     0.0085     0.0000     0.5034     0.5135    34.6690    34.7509    26.6108    26.6793      1.069      1.052      0.382      0.376 0.0000e+00
      14156    589.792    318.227 -109.83658   22.04069    316.000    10.4772    10.4480 3.8353e+04   3.840695     0.0612     0.0810    97.9945 1.0000e-12          0     0.5041     0.5142     0.0571     0.1172     4.5587     0.0000     0.0085     0.0000     0.5033     0.5135    34.6648    34.7468    26.6143    26.6834      0.999      1.048      0.357      0.374 0.0000e+00
      14199    591.591    319.235 -109.83658   22.04068    317.000    10.4548    10.4252 3.8331e+04   3.838465     0.0605     0.0812    97.9908 1.0000e-12          0     0.5040     0.5141     0.0571     0.1164     4.5585     0.0000     0.0085     0.0000     0.5030     0.5135    34.6636    34.7455    26.6173    26.6863      0.916      1.081      0.327      0.386 0.0000e+00
      14343    597.601    320.242 -109.83656   22.04068    318.000    10.4536    10.4213 3.8331e+04   3.837957     0.0612     0.0810    97.9962 1.0000e-12          0     0.5036     0.5141     0.0571     0.1168     4.5588     0.0000     0.0085     0.0000     0.5030     0.5136    34.6636    34.7437    26.6175    26.6856      1.043      1.065      0.373      0.380 0.0000e+00
      14405    600.186    321.250 -109.83656   22.04070    319.000    10.4220    10.3929 3.8300e+04   3.835275     0.0601     0.0809    97.9969 1.0000e-12          0     0.5040     0.5141     0.0570     0.1172     4.5588     0.0000     0.0085     0.0000     0.5031     0.5134    34.6627    34.7432    26.6224    26.6902      1.034      1.030      0.369      0.368 0.0000e+00
      14440    601.638    322.258 -109.83656   22.04070    320.000    10.4137    10.3846 3.8293e+04   3.834538     0.0642     0.0816    97.9805 1.0000e-12          0     0.5038     0.5143     0.0574     0.1172     4.5581     0.0000     0.0085     0.0000     0.5026     0.5134    34.6626    34.7432    26.6238    26.6917      0.809      1.053      0.289      0.376 0.0000e+00
      14479    603.269    323.266 -109.83656   22.04070    321.000    10.4063    10.3774 3.8287e+04   3.833897     0.0602     0.0808    98.0015 1.0000e-12          0     0.5037     0.5140     0.0570     0.1172     4.5590     0.0000     0.0084     0.0000     0.5029     0.5134    34.6627    34.7432    26.6252    26.6929      1.046      1.033      0.373      0.369 0.0000e+00
      14530    605.358    324.274 -109.83654   22.04071    322.000    10.3980    10.3690 3.8280e+04   3.833261     0.0632     0.0811    97.9937 1.0000e-12          0     0.5034     0.5141     0.0573     0.1172     4.5587     0.0000     0.0085     0.0000     0.5030     0.5134    34.6637    34.7443    26.6274    26.6953      0.987      1.064      0.352      0.380 0.0000e+00
      14571    607.092    325.282 -109.83654   22.04072    323.000    10.3741    10.3444 3.8257e+04   3.831088     0.0649     0.0806    98.0052 1.0000e-12          0     0.5037     0.5140     0.0575     0.1172     4.5592     0.0000     0.0084     0.0000     0.5030     0.5134    34.6631    34.7453    26.6310    26.7004      0.961      1.046      0.343      0.373 0.0000e+00
      14606    608.544    326.290 -109.83654   22.04072    324.000    10.3549    10.3258 3.8239e+04   3.829166     0.0650     0.0806    98.0057 1.0000e-12          0     0.5037     0.5140     0.0575     0.1172     4.5592     0.0000     0.0085     0.0000     0.5027     0.5134    34.6617    34.7432    26.6333    26.7020      1.015      1.056      0.362      0.376 0.0000e+00
      14670    611.211    327.297 -109.83653   22.04073    325.000    10.3559    10.3263 3.8240e+04   3.829161     0.0644     0.0800    98.0190 1.0000e-12          0     0.5036     0.5140     0.0575     0.1172     4.5598     0.0000     0.0084     0.0000     0.5029     0.5134    34.6619    34.7422    26.6333    26.7011      0.997      1.044      0.356      0.372 0.0000e+00
      14777    615.675    328.305 -109.83652   22.04074    326.000    10.3501    10.3212 3.8235e+04   3.828808     0.0589     0.0806    98.0067 1.0000e-12          0     0.5036     0.5140     0.0569     0.1171     4.5592     0.0000     0.0085     0.0000     0.5030     0.5134    34.6617    34.7430    26.6342    26.7027      0.996      1.058      0.355      0.377 0.0000e+00
      14808    616.960    329.313 -109.83652   22.04074    327.000    10.3267    10.2977 3.8212e+04   3.826496     0.0640     0.0803    98.0131 1.0000e-12          0     0.5033     0.5139     0.0574     0.1172     4.5595     0.0000     0.0085     0.0000     0.5031     0.5134    34.6605    34.7416    26.6373    26.7057      1.033      1.035      0.368      0.369 0.0000e+00
      14835    618.086    330.321 -109.83652   22.04075    328.000    10.3174    10.2879 3.8203e+04   3.825577     0.0610     0.0805    98.0086 1.0000e-12          0     0.5040     0.5141     0.0571     0.1173     4.5593     0.0000     0.0085     0.0000     0.5030     0.5133    34.6597    34.7412    26.6383    26.7071      0.873      1.027      0.311      0.366 0.0000e+00
      14861    619.158    331.329 -109.83651   22.04076    329.000    10.2910    10.2612 3.8176e+04   3.822996     0.0558     0.0806    98.0057 1.0000e-12          0     0.5035     0.5140     0.0566     0.1179     4.5592     0.0000     0.0084     0.0000     0.5028     0.5134    34.6572    34.7401    26.6410    26.7108      0.918      1.072      0.327      0.381 0.0000e+00
      14892    620.456    332.337 -109.83650   22.04076    330.000    10.2754    10.2464 3.8161e+04   3.821404     0.0579     0.0806    98.0063 1.0000e-12          0     0.5038     0.5140     0.0568     0.1172     4.5592     0.0000     0.0085     0.0000     0.5027     0.5134    34.6563    34.7377    26.6430    26.7115      0.917      1.050      0.326      0.374 0.0000e+00
      15009    625.335    333.345 -109.83650   22.04076    331.000    10.2892    10.2565 3.8175e+04   3.822256     0.0554     0.0795    98.0315 1.0000e-12          0     0.5033     0.5139     0.0566     0.1172     4.5604     0.0000     0.0085     0.0000     0.5029     0.5134    34.6569    34.7362    26.6411    26.7086      1.065      1.045      0.379      0.372 0.0000e+00
      15057    627.341    334.353 -109.83648   22.04078    332.000    10.2515    10.2215 3.8137e+04   3.819149     0.0537     0.0800    98.0198 1.0000e-12          0     0.5034     0.5140     0.0564     0.1171     4.5598     0.0000     0.0084     0.0000     0.5027     0.5134    34.6540    34.7377    26.6454    26.7159      0.807      1.053      0.287      0.375 0.0000e+00
      15080    628.300    335.360 -109.83648   22.04078    333.000    10.2340    10.2049 3.8120e+04   3.817335     0.0638     0.0795    98.0319 1.0000e-12          0     0.5035     0.5140     0.0574     0.1172     4.5604     0.0000     0.0085     0.0000     0.5028     0.5134    34.6528    34.7347    26.6475    26.7164      0.944      1.046      0.336      0.372 0.0000e+00
      15109    629.499    336.369 -109.83648   22.04078    334.000    10.2186    10.1895 3.8105e+04   3.815777     0.0649     0.0795    98.0320 1.0000e-12          0     0.5039     0.5140     0.0575     0.1169     4.5604     0.0000     0.0085     0.0000     0.5028     0.5134    34.6517    34.7331    26.6493    26.7178      1.061      1.050      0.377      0.373 0.0000e+00
      15205    633.485    337.376 -109.83648   22.04079    335.000    10.2234    10.1926 3.8110e+04   3.815992     0.0645     0.0800    98.0211 1.0000e-12          0     0.5034     0.5140     0.0575     0.1170     4.5599     0.0000     0.0084     0.0000     0.5029     0.5134    34.6518    34.7319    26.6485    26.7164      0.988      1.048      0.351      0.373 0.0000e+00
      15267    636.102    338.384 -109.83647   22.04080    336.000    10.1573    10.1287 3.8045e+04   3.810306     0.0542     0.0802    98.0147 1.0000e-12          0     0.5034     0.5140     0.0564     0.1172     4.5596     0.0000     0.0085     0.0000     0.5031     0.5134    34.6489    34.7348    26.6576    26.7296      0.942      1.055      0.334      0.374 0.0000e+00
      15293    637.164    339.392 -109.83646   22.04080    337.000    10.1215    10.0913 3.8010e+04   3.806410     0.0641     0.0795    98.0317 1.0000e-12          0     0.5035     0.5140     0.0574     0.1171     4.5604     0.0000     0.0084     0.0000     0.5029     0.5134    34.6467    34.7305    26.6621    26.7327      0.865      1.056      0.307      0.374 0.0000e+00
      15334    638.863    340.400 -109.83646   22.04080    338.000    10.0931    10.0618 3.7982e+04   3.803228     0.0641     0.0795    98.0328 1.0000e-12          0     0.5037     0.5140     0.0574     0.1172     4.5604     0.0000     0.0085     0.0000     0.5026     0.5134    34.6446    34.7259    26.6653    26.7342      0.910      1.047      0.323      0.371 0.0000e+00
      15419    642.399    341.408 -109.83646   22.04082    339.000    10.0871    10.0546 3.7976e+04   3.802482     0.0649     0.0792    98.0402 1.0000e-12          0     0.5033     0.5140     0.0575     0.1172     4.5608     0.0000     0.0085     0.0000     0.5027     0.5134    34.6440    34.7247    26.6659    26.7345      0.988      1.056      0.350      0.374 0.0000e+00
      15489    645.313    342.416 -109.83646   22.04082    340.000    10.0510    10.0214 3.7941e+04   3.799380     0.0561     0.0785    98.0563 1.0000e-12          0     0.5033     0.5140     0.0566     0.1172     4.5616     0.0000     0.0084     0.0000     0.5026     0.5135    34.6425    34.7245    26.6709    26.7400      0.872      1.078      0.309      0.382 0.0000e+00
      15517    646.489    343.424 -109.83646   22.04082    341.000    10.0259     9.9963 3.7916e+04   3.796857     0.0648     0.0784    98.0572 1.0000e-12          0     0.5037     0.5139     0.0575     0.1172     4.5616     0.0000     0.0085     0.0000     0.5025     0.5134    34.6400    34.7224    26.6733    26.7426      0.946      1.028      0.335      0.364 0.0000e+00
      15632    651.293    344.432 -109.83643   22.04082    342.000    10.0138     9.9845 3.7904e+04   3.795512     0.0687     0.0790    98.0440 1.0000e-12          0     0.5033     0.5140     0.0579     0.1168     4.5610     0.0000     0.0085     0.0000     0.5025     0.5133    34.6391    34.7195    26.6746    26.7424      0.959      1.041      0.339      0.368 0.0000e+00
