data/ctd-cnv/KM1919/KM1919-St22-P3/St22_P3_cast75-align-cellTM-derive-bin.cnv
* Sea-Bird SBE 9 Data File:
* FileName = C:\Users\otg\Desktop\CTD Data\km1920\St22_P3_cast75.hex
* Software Version Seasave V 7.26.7.107
* Temperature SN = 5554
* Conductivity SN = 3876
* Number of Bytes Per Scan = 41
* Number of Voltage Words = 4
* Number of Scans Averaged by the Deck Unit = 1
* NMEA Latitude = 21 57.76 N
* NMEA Longitude = 109 54.74 W
* NMEA UTC (Time) = Oct 17 2019  10:59:11
* NMEA baud rate = 4800
** Ship: Kilo Moana
** Station: St22  P3 cast 75
** Operator: CF
** productivity cast
# nquan = 34
# nvalues = 199                         
# units = specified
# name 0 = scan: Scan Count
# name 1 = timeS: Time, Elapsed [seconds]
# name 2 = prDM: Pressure, Digiquartz [db]
# name 3 = longitude: Longitude [deg]
# name 4 = latitude: Latitude [deg]
# name 5 = depSM: Depth [salt water, m]
# name 6 = t090C: Temperature [ITS-90, deg C]
# name 7 = t190C: Temperature, 2 [ITS-90, deg C]
# name 8 = c0uS/cm: Conductivity [uS/cm]
# name 9 = c1S/m: Conductivity, 2 [S/m]
# name 10 = flECO-AFL: Fluorescence, WET Labs ECO-AFL/FL [mg/m^3]
# name 11 = CStarAt0: Beam Attenuation, WET Labs C-Star [1/m]
# name 12 = CStarTr0: Beam Transmission, WET Labs C-Star [%]
# name 13 = par: PAR/Irradiance, Biospherical/Licor
# name 14 = modError: Modulo Error Count
# name 15 = v0: Voltage 0
# name 16 = v1: Voltage 1
# name 17 = v2: Voltage 2
# name 18 = v3: Voltage 3
# name 19 = v4: Voltage 4
# name 20 = v5: Voltage 5
# name 21 = v6: Voltage 6
# name 22 = v7: Voltage 7
# name 23 = sbeox0V: Oxygen raw, SBE 43 [V]
# name 24 = sbeox1V: Oxygen raw, SBE 43, 2 [V]
# name 25 = sal00: Salinity, Practical [PSU]
# name 26 = sal11: Salinity, Practical, 2 [PSU]
# name 27 = sigma-é00: Density [sigma-theta, kg/m^3]
# name 28 = sigma-é11: Density, 2 [sigma-theta, kg/m^3]
# name 29 = sbeox0Mm/L: Oxygen, SBE 43 [umol/l], WS = 2
# name 30 = sbeox1Mm/L: Oxygen, SBE 43, 2 [umol/l], WS = 2
# name 31 = sbeox0PS: Oxygen, SBE 43 [% saturation], WS = 2
# name 32 = sbeox1PS: Oxygen, SBE 43, 2 [% saturation], WS = 2
# name 33 = flag: flag
# span 0 =        324,       9877       
# span 1 =     13.460,    411.507       
# span 2 =      2.012,    201.352       
# span 3 = -109.91241, -109.91140       
# span 4 =   21.96464,   21.96528       
# span 5 =      2.000,    200.000       
# span 6 =    11.9281,    27.6969       
# span 7 =    11.8985,    27.6567       
# span 8 = 3.9737e+04, 5.5436e+04       
# span 9 =   3.979327,   5.551471       
# span 10 =     0.0394,     1.3558      
# span 11 =     0.0626,     0.1420      
# span 12 =    96.5125,    98.4463      
# span 13 = -3.266e-05, 4.9445e+00      
# span 14 =          0,          0      
# span 15 =     0.5054,     2.4545      
# span 16 =     0.5169,     2.4496      
# span 17 =     0.0549,     0.1866      
# span 18 =     0.1122,     0.1159      
# span 19 =     4.4898,     4.5797      
# span 20 =     0.0000,     0.0000      
# span 21 =     0.0081,     1.7010      
# span 22 =     0.0000,     0.0000      
# span 23 =     0.5047,     2.4553      
# span 24 =     0.5160,     2.4453      
# span 25 =    33.9318,    34.7700      
# span 26 =    34.0167,    34.8528      
# span 27 =    22.2413,    26.3933      
# span 28 =    22.3183,    26.4629      
# span 29 =      1.005,    233.182      
# span 30 =      1.370,    244.929      
# span 31 =      0.372,    105.426      
# span 32 =      0.514,    110.090      
# span 33 = 0.0000e+00, 0.0000e+00      
# interval = meters: 1                  
# start_time = Oct 17 2019 11:05:22 [NMEA time, first data scan]
# bad_flag = -9.990e-29
*END*
        324     13.460      2.012 -109.91241   21.96464      2.000    27.6903    27.6506 5.5423e+04   5.550209     0.1745     0.1003    97.5241 4.9445e+00          0     2.3280     2.3177     0.0685     0.1152     4.5368     0.0000     1.7010     0.0000     2.3269     2.3175    34.6634    34.7484    22.2424    22.3193    196.624    206.993     97.013    102.111 0.0000e+00
        537     22.341      3.019 -109.91239   21.96465      3.000    27.6901    27.6500 5.5423e+04   5.550196     0.1728     0.0993    97.5477 3.8831e+00          0     2.3273     2.3144     0.0683     0.1151     4.5379     0.0000     1.5963     0.0000     2.3296     2.3159    34.6634    34.7485    22.2425    22.3196    196.406    206.871     96.905    102.050 0.0000e+00
        673     28.013      4.025 -109.91237   21.96466      4.000    27.6911    27.6508 5.5425e+04   5.550331     0.1752     0.1012    97.5021 2.7728e+00          0     2.3265     2.3159     0.0685     0.1156     4.5358     0.0000     1.4597     0.0000     2.3266     2.3128    34.6636    34.7486    22.2424    22.3195    197.053    206.412     97.226    101.825 0.0000e+00
        762     31.725      5.031 -109.91236   21.96468      5.000    27.6923    27.6519 5.5427e+04   5.550502     0.1755     0.1007    97.5143 2.4367e+00          0     2.3298     2.3101     0.0686     0.1152     4.5364     0.0000     1.4123     0.0000     2.3270     2.3140    34.6637    34.7486    22.2423    22.3192    196.145    206.868     96.780    102.051 0.0000e+00
        862     35.891      6.038 -109.91235   21.96468      6.000    27.6927    27.6524 5.5428e+04   5.550607     0.1726     0.1011    97.5034 1.9520e+00          0     2.3271     2.3144     0.0683     0.1151     4.5358     0.0000     1.3191     0.0000     2.3272     2.3154    34.6638    34.7487    22.2423    22.3192    196.791    206.801     97.099    102.019 0.0000e+00
        996     41.443      7.044 -109.91233   21.96470      7.000    27.6931    27.6527 5.5428e+04   5.550688     0.1723     0.1015    97.4934 1.5899e+00          0     2.3293     2.3142     0.0683     0.1147     4.5354     0.0000     1.2338     0.0000     2.3308     2.3099    34.6636    34.7487    22.2421    22.3192    197.175    206.013     97.289    101.631 0.0000e+00
       1086     45.212      8.050 -109.91232   21.96470      8.000    27.6950    27.6549 5.5431e+04   5.550916     0.1728     0.1016    97.4916 1.2095e+00          0     2.3301     2.3100     0.0683     0.1154     4.5353     0.0000     1.1191     0.0000     2.3268     2.3130    34.6636    34.7484    22.2415    22.3183    196.727    206.694     97.071    101.970 0.0000e+00
       1153     47.999      9.057 -109.91230   21.96471      9.000    27.6946    27.6541 5.5431e+04   5.550931     0.1620     0.1000    97.5316 1.0711e+00          0     2.3258     2.3130     0.0672     0.1153     4.5371     0.0000     1.0752     0.0000     2.3301     2.3079    34.6636    34.7488    22.2417    22.3189    197.316    205.896     97.361    101.576 0.0000e+00
       1250     52.048     10.063 -109.91230   21.96472     10.000    27.6944    27.6542 5.5431e+04   5.550970     0.1729     0.1007    97.5146 8.6667e-01          0     2.3299     2.3099     0.0683     0.1151     4.5364     0.0000     0.9936     0.0000     2.3293     2.3099    34.6637    34.7487    22.2419    22.3189    196.931    206.401     97.171    101.825 0.0000e+00
       1331     55.418     11.069 -109.91228   21.96472     11.000    27.6945    27.6545 5.5432e+04   5.551035     0.1727     0.1020    97.4818 6.9274e-01          0     2.3294     2.3083     0.0683     0.1156     4.5349     0.0000     0.9075     0.0000     2.3262     2.3142    34.6638    34.7487    22.2421    22.3189    197.044    206.951     97.227    102.097 0.0000e+00
       1380     57.438     12.076 -109.91228   21.96472     12.000    27.6948    27.6547 5.5433e+04   5.551135     0.1668     0.1009    97.5082 6.3648e-01          0     2.3272     2.3125     0.0677     0.1148     4.5361     0.0000     0.8768     0.0000     2.3287     2.3165    34.6638    34.7489    22.2421    22.3190    197.223    207.065     97.316    102.154 0.0000e+00
       1436     59.803     13.082 -109.91228   21.96472     13.000    27.6957    27.6554 5.5434e+04   5.551234     0.1604     0.0992    97.5507 5.8809e-01          0     2.3280     2.3151     0.0671     0.1157     4.5381     0.0000     0.8473     0.0000     2.3311     2.3096    34.6639    34.7488    22.2418    22.3188    196.949    205.861     97.182    101.560 0.0000e+00
       1519     63.264     14.088 -109.91227   21.96474     14.000    27.6969    27.6567 5.5435e+04   5.551391     0.1760     0.1011    97.5041 4.4737e-01          0     2.3277     2.3132     0.0686     0.1153     4.5359     0.0000     0.7441     0.0000     2.3272     2.3134    34.6635    34.7487    22.2413    22.3184    196.872    206.797     97.146    102.024 0.0000e+00
       1614     67.222     15.094 -109.91226   21.96474     15.000    27.6968    27.6564 5.5436e+04   5.551471     0.1747     0.1021    97.4793 3.4476e-01          0     2.3277     2.3157     0.0685     0.1159     4.5347     0.0000     0.6564     0.0000     2.3259     2.3082    34.6638    34.7491    22.2416    22.3189    197.010    206.134     97.214    101.697 0.0000e+00
       1639     68.263     16.101 -109.91226   21.96474     16.000    27.6743    27.6328 5.5410e+04   5.549062     0.1593     0.1009    97.5081 3.0702e-01          0     2.3307     2.3149     0.0669     0.1147     4.5361     0.0000     0.6201     0.0000     2.3291     2.3114    34.6616    34.7493    22.2473    22.3268    197.796    206.963     97.564    102.066 0.0000e+00
       1671     69.595     17.107 -109.91226   21.96474     17.000    27.5977    27.5542 5.5323e+04   5.540353     0.1558     0.0986    97.5649 2.4385e-01          0     2.3269     2.3134     0.0666     0.1150     4.5387     0.0000     0.5402     0.0000     2.3306     2.3132    34.6570    34.7459    22.2687    22.3496    197.456    207.308     97.272    102.102 0.0000e+00
       1715     71.421     18.114 -109.91224   21.96474     18.000    27.5824    27.5425 5.5306e+04   5.538516     0.1372     0.0999    97.5344 2.3302e-01          0     2.3276     2.3099     0.0647     0.1159     4.5373     0.0000     0.5234     0.0000     2.3282     2.3145    34.6556    34.7413    22.2727    22.3501    197.310    207.241     97.174    102.047 0.0000e+00
       1755     73.070     19.120 -109.91224   21.96475     19.000    27.5684    27.5279 5.5290e+04   5.536891     0.1420     0.0982    97.5755 1.7576e-01          0     2.3312     2.3134     0.0652     0.1153     4.5392     0.0000     0.4472     0.0000     2.3263     2.3089    34.6543    34.7403    22.2764    22.3542    197.789    206.624     97.387    101.718 0.0000e+00
       1808     75.274     20.126 -109.91224   21.96476     20.000    27.5470    27.5099 5.5272e+04   5.535293     0.1438     0.0970    97.6047 1.5989e-01          0     2.3274     2.3124     0.0654     0.1150     4.5406     0.0000     0.4228     0.0000     2.3284     2.3091    34.6572    34.7421    22.2855    22.3614    197.706    206.970     97.314    101.859 0.0000e+00
       1891     78.771     21.133 -109.91222   21.96476     21.000    27.5333    27.4959 5.5262e+04   5.534397     0.1551     0.0971    97.6024 9.7877e-02          0     2.3289     2.3089     0.0665     0.1155     4.5405     0.0000     0.2994     0.0000     2.3264     2.3074    34.6602    34.7459    22.2923    22.3688    197.528    206.733     97.206    101.722 0.0000e+00
       1952     81.306     22.139 -109.91222   21.96476     22.000    27.4836    27.4456 5.5202e+04   5.528647     0.1451     0.0974    97.5957 7.0093e-02          0     2.3280     2.3077     0.0655     0.1148     4.5402     0.0000     0.2336     0.0000     2.3275     2.3079    34.6546    34.7423    22.3042    22.3824    197.830    207.339     97.272    101.933 0.0000e+00
       1985     82.667     23.145 -109.91222   21.96476     23.000    27.4665    27.4261 5.5181e+04   5.526065     0.1364     0.0987    97.5624 8.3554e-02          0     2.3239     2.3077     0.0646     0.1147     4.5386     0.0000     0.2629     0.0000     2.3260     2.3117    34.6517    34.7382    22.3076    22.3857    197.515    207.834     97.088    102.141 0.0000e+00
       2012     83.780     24.152 -109.91222   21.96477     24.000    27.4554    27.4148 5.5168e+04   5.524801     0.1367     0.0993    97.5490 2.7684e-02          0     2.3278     2.3064     0.0647     0.1155     4.5380     0.0000     0.1049     0.0000     2.3225     2.3119    34.6508    34.7373    22.3106    22.3887    197.387    207.567     97.006    101.991 0.0000e+00
       2042     85.036     25.158 -109.91221   21.96478     25.000    27.4490    27.4089 5.5167e+04   5.524544     0.1361     0.0996    97.5410 3.6863e-02          0     2.3268     2.3088     0.0646     0.1158     4.5376     0.0000     0.1404     0.0000     2.3260     2.3093    34.6542    34.7396    22.3152    22.3924    198.537    207.501     97.563    101.950 0.0000e+00
       2096     87.300     26.165 -109.91220   21.96478     26.000    27.4453    27.4060 5.5168e+04   5.524757     0.1551     0.0994    97.5447 1.2210e-02          0     2.3246     2.3108     0.0665     0.1159     4.5378     0.0000     0.0556     0.0000     2.3279     2.3126    34.6578    34.7430    22.3192    22.3960    198.073    207.896     97.331    102.141 0.0000e+00
       2181     90.814     27.171 -109.91220   21.96478     27.000    27.4186    27.3822 5.5141e+04   5.522583     0.1787     0.1025    97.4704 3.1051e-03          0     2.3285     2.3131     0.0689     0.1150     4.5343     0.0000     0.0214     0.0000     2.3249     2.3072    34.6577    34.7450    22.3278    22.4053    198.611    207.145     97.552    101.733 0.0000e+00
       2231     92.920     28.177 -109.91218   21.96478     28.000    27.0645    27.0221 5.4721e+04   5.483882     0.2086     0.1066    97.3707 2.7483e-05          0     2.3255     2.3114     0.0719     0.1158     4.5297     0.0000     0.0084     0.0000     2.3484     2.3180    34.6221    34.7380    22.4143    22.5152    203.728    211.318     99.459    103.159 0.0000e+00
       2281     94.981     29.184 -109.91218   21.96478     29.000    26.2177    26.2099 5.3715e+04   5.386688     0.3559     0.1155    97.1550 1.0754e-03          0     2.3294     2.3053     0.0866     0.1159     4.5197     0.0000     0.0129     0.0000     2.3646     2.3411    34.5337    34.6491    22.6156    22.7050    207.820    216.388     99.989    104.165 0.0000e+00
       2325     96.848     30.190 -109.91218   21.96478     30.000    25.6924    25.6440 5.3097e+04   5.320913     0.4461     0.1218    97.0006 -3.266e-05          0     2.3529     2.3233     0.0956     0.1158     4.5125     0.0000     0.0082     0.0000     2.3874     2.3496    34.4795    34.5984    22.7380    22.8427    216.262    221.061    103.101    105.374 0.0000e+00
       2363     98.437     31.196 -109.91218   21.96478     31.000    24.3075    24.2472 5.1506e+04   5.169185     0.5019     0.1269    96.8788 1.0000e-12          0     2.3654     2.3419     0.1012     0.1159     4.5068     0.0000     0.0084     0.0000     2.4324     2.3925    34.3551    34.5414    23.0622    23.2210    226.608    233.036    105.426    108.417 0.0000e+00
       2411    100.404     32.203 -109.91217   21.96480     32.000    22.8533    22.8102 4.9871e+04   4.999768     0.5090     0.1287    96.8338 1.0000e-12          0     2.3895     2.3529     0.1019     0.1159     4.5047     0.0000     0.0082     0.0000     2.4550     2.4319    34.2399    34.3715    23.4012    23.5134    232.016    242.813    105.195    110.090 0.0000e+00
       2456    102.295     33.209 -109.91216   21.96480     33.000    22.5271    22.4881 4.9530e+04   4.962733     0.4024     0.1244    96.9377 1.0000e-12          0     2.4394     2.4007     0.0913     0.1151     4.5095     0.0000     0.0082     0.0000     2.4553     2.4448    34.2316    34.3375    23.4877    23.5791    232.459    244.243    104.786    110.089 0.0000e+00
       2512    104.612     34.216 -109.91216   21.96480     34.000    22.2511    22.3126 4.9245e+04   4.943918     0.4016     0.1247    96.9313 1.0000e-12          0     2.4545     2.4368     0.0912     0.1158     4.5093     0.0000     0.0082     0.0000     2.4530     2.4453    34.2259    34.3291    23.5613    23.6223    233.182    244.043    104.596    109.654 0.0000e+00
       2585    107.663     35.222 -109.91214   21.96480     35.000    21.8031    21.7835 4.8779e+04   4.890200     0.3998     0.1231    96.9698 1.0000e-12          0     2.4543     2.4496     0.0910     0.1152     4.5111     0.0000     0.0084     0.0000     2.4394     2.4292    34.2143    34.3269    23.6776    23.7686    232.398    243.804    103.410    108.519 0.0000e+00
       2625    109.322     36.229 -109.91214   21.96480     36.000    21.5007    21.4587 4.8458e+04   4.854603     0.4026     0.1226    96.9814 1.0000e-12          0     2.4499     2.4396     0.0913     0.1158     4.5116     0.0000     0.0084     0.0000     2.4240     2.4200    34.2013    34.3041    23.7513    23.8410    231.454    244.180    102.427    108.043 0.0000e+00
       2659    110.757     37.235 -109.91214   21.96480     37.000    21.3048    21.2623 4.8255e+04   4.834240     0.3933     0.1229    96.9740 1.0000e-12          0     2.4415     2.4320     0.0904     0.1157     4.5112     0.0000     0.0082     0.0000     2.4130     2.4063    34.1955    34.2990    23.8005    23.8909    230.983    242.588    101.857    106.957 0.0000e+00
       2693    112.169     38.242 -109.91214   21.96480     38.000    20.9840    20.9390 4.7918e+04   4.800767     0.4027     0.1243    96.9412 1.0000e-12          0     2.4308     2.4226     0.0913     0.1158     4.5097     0.0000     0.0082     0.0000     2.3978     2.3932    34.1831    34.2907    23.8784    23.9725    230.211    242.468    100.923    106.277 0.0000e+00
       2734    113.892     39.248 -109.91214   21.96480     39.000    20.6368    20.5963 4.7556e+04   4.764813     0.4679     0.1262    96.8931 1.0000e-12          0     2.4156     2.4103     0.0978     0.1156     4.5075     0.0000     0.0082     0.0000     2.3783     2.3758    34.1708    34.2775    23.9625    24.0545    229.329    241.866     99.899    105.349 0.0000e+00
       2794    116.377     40.255 -109.91212   21.96481     40.000    20.2404    20.2157 4.7154e+04   4.725368     0.6246     0.1315    96.7654 1.0000e-12          0     2.3897     2.3858     0.1135     0.1156     4.5015     0.0000     0.0083     0.0000     2.3600     2.3598    34.1651    34.2660    24.0636    24.1470    230.373    242.243     99.627    104.777 0.0000e+00
       2863    119.267     41.261 -109.91212   21.96482     41.000    19.9222    19.8882 4.6817e+04   4.690584     0.7537     0.1310    96.7789 1.0000e-12          0     2.3620     2.3625     0.1264     0.1156     4.5022     0.0000     0.0084     0.0000     2.3528     2.3488    34.1476    34.2483    24.1340    24.2197    231.923    242.877     99.704    104.411 0.0000e+00
       2909    121.169     42.267 -109.91212   21.96482     42.000    19.7880    19.7517 4.6668e+04   4.674260     0.8064     0.1307    96.7872 1.0000e-12          0     2.3554     2.3536     0.1316     0.1151     4.5026     0.0000     0.0084     0.0000     2.3527     2.3456    34.1350    34.2256    24.1595    24.2380    233.077    243.087     99.947    104.225 0.0000e+00
       2940    122.461     43.274 -109.91210   21.96482     43.000    19.7006    19.6594 4.6566e+04   4.664625     0.7834     0.1306    96.7888 1.0000e-12          0     2.3531     2.3492     0.1293     0.1155     4.5026     0.0000     0.0084     0.0000     2.3541     2.3452    34.1219    34.2215    24.1723    24.2589    233.097    244.400     99.787    104.607 0.0000e+00
