data/ctd-cnv/KM1919/KM1919-St22-P3/St22_P3_cast67-align-cellTM-derive-bin.cnv
* Sea-Bird SBE 9 Data File:
* FileName = C:\Users\otg\Desktop\CTD Data\km1920\St22_P3_cast67.hex
* Software Version Seasave V 7.26.7.107
* Temperature SN = 5554
* Conductivity SN = 3876
* Number of Bytes Per Scan = 41
* Number of Voltage Words = 4
* Number of Scans Averaged by the Deck Unit = 1
* NMEA Latitude = 21 51.85 N
* NMEA Longitude = 109 58.13 W
* NMEA UTC (Time) = Oct 15 2019  22:06:32
* NMEA baud rate = 4800
** Ship: Kilo Moana
** Station: St22  P3 cast 67
** Operator: cf
** Al deep cast
# nquan = 34
# nvalues = 2999                        
# units = specified
# name 0 = scan: Scan Count
# name 1 = timeS: Time, Elapsed [seconds]
# name 2 = prDM: Pressure, Digiquartz [db]
# name 3 = longitude: Longitude [deg]
# name 4 = latitude: Latitude [deg]
# name 5 = depSM: Depth [salt water, m]
# name 6 = t090C: Temperature [ITS-90, deg C]
# name 7 = t190C: Temperature, 2 [ITS-90, deg C]
# name 8 = c0uS/cm: Conductivity [uS/cm]
# name 9 = c1S/m: Conductivity, 2 [S/m]
# name 10 = flECO-AFL: Fluorescence, WET Labs ECO-AFL/FL [mg/m^3]
# name 11 = CStarAt0: Beam Attenuation, WET Labs C-Star [1/m]
# name 12 = CStarTr0: Beam Transmission, WET Labs C-Star [%]
# name 13 = par: PAR/Irradiance, Biospherical/Licor
# name 14 = modError: Modulo Error Count
# name 15 = v0: Voltage 0
# name 16 = v1: Voltage 1
# name 17 = v2: Voltage 2
# name 18 = v3: Voltage 3
# name 19 = v4: Voltage 4
# name 20 = v5: Voltage 5
# name 21 = v6: Voltage 6
# name 22 = v7: Voltage 7
# name 23 = sbeox0V: Oxygen raw, SBE 43 [V]
# name 24 = sbeox1V: Oxygen raw, SBE 43, 2 [V]
# name 25 = sal00: Salinity, Practical [PSU]
# name 26 = sal11: Salinity, Practical, 2 [PSU]
# name 27 = sigma-é00: Density [sigma-theta, kg/m^3]
# name 28 = sigma-é11: Density, 2 [sigma-theta, kg/m^3]
# name 29 = sbeox0Mm/L: Oxygen, SBE 43 [umol/l], WS = 2
# name 30 = sbeox1Mm/L: Oxygen, SBE 43, 2 [umol/l], WS = 2
# name 31 = sbeox0PS: Oxygen, SBE 43 [% saturation], WS = 2
# name 32 = sbeox1PS: Oxygen, SBE 43, 2 [% saturation], WS = 2
# name 33 = flag: flag
# span 0 =        645,      84249       
# span 1 =     26.816,   3510.347       
# span 2 =      3.019,   3041.581       
# span 3 = -109.96882, -109.96852       
# span 4 =   21.86380,   21.86424       
# span 5 =      3.000,   3001.000       
# span 6 =     1.6768,    27.6667       
# span 7 =     1.6546,    27.6354       
# span 8 = 3.1440e+04, 5.5344e+04       
# span 9 =   3.148176,   5.543287       
# span 10 =     0.0135,     1.2903      
# span 11 =     0.0485,     0.1341      
# span 12 =    96.7016,    98.7945      
# span 13 = 1.0000e-12, 1.0000e-12      
# span 14 =          0,          0      
# span 15 =     0.5031,     2.4958      
# span 16 =     0.5131,     2.4814      
# span 17 =     0.0524,     0.1800      
# span 18 =     0.1123,     0.1231      
# span 19 =     4.4986,     4.5959      
# span 20 =    -0.0000,     0.0006      
# span 21 =     0.0000,     0.0000      
# span 22 =     0.0000,     0.0000      
# span 23 =     0.5025,     2.4916      
# span 24 =     0.5126,     2.4817      
# span 25 =    33.9368,    34.7741      
# span 26 =    34.0300,    34.8611      
# span 27 =    22.2213,    27.7509      
# span 28 =    22.2958,    27.8130      
# span 29 =      0.783,    239.098      
# span 30 =      0.906,    251.285      
# span 31 =      0.269,    107.283      
# span 32 =      0.299,    111.806      
# span 33 = 0.0000e+00, 0.0000e+00      
# interval = meters: 1                  
# start_time = Oct 15 2019 22:10:52 [NMEA time, first data scan]
# bad_flag = -9.990e-29
*END*
[from data line 982]
      28980   1207.442    993.538 -109.96868   21.86408    985.000     4.6410     4.6161 3.3174e+04   3.321933     0.0639     0.0561    98.6078 1.0000e-12          0     0.5306     0.5394     0.0574     0.1178     4.5872     0.0000     0.0000     0.0000     0.5309     0.5394    34.5359    34.6136    27.3569    27.4214      6.873      6.866      2.151      2.148 0.0000e+00
      29008   1208.612    994.549 -109.96868   21.86408    986.000     4.6402     4.6153 3.3175e+04   3.321907     0.0639     0.0569    98.5871 1.0000e-12          0     0.5311     0.5396     0.0574     0.1175     4.5863     0.0000     0.0000     0.0000     0.5309     0.5397    34.5364    34.6136    27.3574    27.4215      6.820      6.875      2.134      2.151 0.0000e+00
      29032   1209.616    995.560 -109.96868   21.86408    987.000     4.6396     4.6147 3.3174e+04   3.321893     0.0639     0.0570    98.5866 1.0000e-12          0     0.5310     0.5398     0.0574     0.1174     4.5863     0.0000     0.0000     0.0000     0.5308     0.5398    34.5363    34.6136    27.3574    27.4215      6.862      6.938      2.147      2.171 0.0000e+00
      29056   1210.627    996.571 -109.96868   21.86408    988.000     4.6386     4.6136 3.3174e+04   3.321842     0.0639     0.0571    98.5833 1.0000e-12          0     0.5311     0.5397     0.0574     0.1174     4.5861     0.0000     0.0000     0.0000     0.5309     0.5397    34.5364    34.6137    27.3576    27.4217      6.872      6.756      2.150      2.114 0.0000e+00
      29085   1211.824    997.583 -109.96868   21.86408    989.000     4.6372     4.6121 3.3173e+04   3.321754     0.0639     0.0569    98.5880 1.0000e-12          0     0.5311     0.5399     0.0574     0.1175     4.5863     0.0000     0.0000     0.0000     0.5309     0.5398    34.5363    34.6137    27.3577    27.4219      6.857      6.972      2.145      2.181 0.0000e+00
      29119   1213.235    998.594 -109.96868   21.86408    990.000     4.6368     4.6119 3.3173e+04   3.321775     0.0639     0.0569    98.5880 1.0000e-12          0     0.5311     0.5401     0.0574     0.1191     4.5863     0.0000     0.0000     0.0000     0.5309     0.5400    34.5362    34.6137    27.3577    27.4219      6.857      6.939      2.145      2.171 0.0000e+00
      29149   1214.483    999.605 -109.96868   21.86408    991.000     4.6335     4.6086 3.3171e+04   3.321548     0.0639     0.0579    98.5633 1.0000e-12          0     0.5311     0.5400     0.0574     0.1175     4.5852     0.0000     0.0000     0.0000     0.5309     0.5401    34.5364    34.6139    27.3582    27.4225      6.862      6.979      2.147      2.183 0.0000e+00
      29173   1215.484   1000.616 -109.96868   21.86408    992.000     4.6295     4.6045 3.3168e+04   3.321230     0.0639     0.0570    98.5850 1.0000e-12          0     0.5311     0.5399     0.0574     0.1175     4.5862     0.0000     0.0000     0.0000     0.5309     0.5403    34.5363    34.6139    27.3586    27.4230      7.120      7.169      2.227      2.242 0.0000e+00
      29193   1216.345   1001.627 -109.96868   21.86408    993.000     4.6254     4.6005 3.3164e+04   3.320901     0.0639     0.0560    98.6086 1.0000e-12          0     0.5311     0.5402     0.0574     0.1175     4.5873     0.0000     0.0000     0.0000     0.5313     0.5405    34.5363    34.6137    27.3590    27.4232      7.120      7.131      2.227      2.230 0.0000e+00
      29212   1217.136   1002.638 -109.96868   21.86408    994.000     4.6239     4.5990 3.3164e+04   3.320785     0.0639     0.0562    98.6055 1.0000e-12          0     0.5311     0.5403     0.0574     0.1174     4.5871     0.0000     0.0000     0.0000     0.5313     0.5406    34.5365    34.6134    27.3593    27.4232      7.304      7.025      2.284      2.197 0.0000e+00
      29231   1217.914   1003.649 -109.96868   21.86408    995.000     4.6234     4.5985 3.3164e+04   3.320801     0.0639     0.0560    98.6094 1.0000e-12          0     0.5311     0.5403     0.0574     0.1189     4.5873     0.0000     0.0000     0.0000     0.5318     0.5404    34.5367    34.6137    27.3596    27.4235      7.499      6.957      2.346      2.176 0.0000e+00
      29250   1218.720   1004.660 -109.96868   21.86408    996.000     4.6201     4.5951 3.3161e+04   3.320569     0.0705     0.0571    98.5835 1.0000e-12          0     0.5311     0.5404     0.0581     0.1189     4.5861     0.0000     0.0000     0.0000     0.5320     0.5406    34.5364    34.6140    27.3597    27.4241      7.343      7.278      2.296      2.276 0.0000e+00
      29272   1219.609   1005.671 -109.96868   21.86408    997.000     4.6165     4.5915 3.3158e+04   3.320257     0.0760     0.0562    98.6057 1.0000e-12          0     0.5315     0.5406     0.0586     0.1174     4.5871     0.0000     0.0000     0.0000     0.5321     0.5410    34.5361    34.6136    27.3599    27.4242      7.126      7.163      2.228      2.240 0.0000e+00
      29299   1220.756   1006.683 -109.96868   21.86408    998.000     4.6148     4.5900 3.3157e+04   3.320137     0.0643     0.0560    98.6086 1.0000e-12          0     0.5316     0.5409     0.0574     0.1175     4.5873     0.0000     0.0000     0.0000     0.5321     0.5408    34.5362    34.6133    27.3601    27.4241      7.111      7.106      2.223      2.222 0.0000e+00
      29336   1222.271   1007.694 -109.96868   21.86408    999.000     4.6138     4.5889 3.3157e+04   3.320093     0.0639     0.0560    98.6095 1.0000e-12          0     0.5323     0.5408     0.0574     0.1188     4.5873     0.0000     0.0000     0.0000     0.5321     0.5411    34.5364    34.6133    27.3605    27.4243      7.228      7.207      2.260      2.253 0.0000e+00
      29372   1223.797   1008.705 -109.96868   21.86408   1000.000     4.6115     4.5866 3.3155e+04   3.319946     0.0639     0.0560    98.6087 1.0000e-12          0     0.5324     0.5410     0.0574     0.1181     4.5873     0.0000     0.0000     0.0000     0.5324     0.5411    34.5362    34.6136    27.3606    27.4248      7.236      7.277      2.263      2.275 0.0000e+00
      29402   1225.053   1009.716 -109.96868   21.86408   1001.000     4.6036     4.5783 3.3148e+04   3.319354     0.0639     0.0560    98.6095 1.0000e-12          0     0.5324     0.5412     0.0574     0.1191     4.5873     0.0000     0.0000     0.0000     0.5323     0.5414    34.5360    34.6147    27.3613    27.4265      7.614      7.325      2.380      2.290 0.0000e+00
      29425   1226.019   1010.727 -109.96868   21.86408   1002.000     4.5912     4.5657 3.3138e+04   3.318367     0.0639     0.0560    98.6095 1.0000e-12          0     0.5324     0.5413     0.0574     0.1177     4.5873     0.0000     0.0000     0.0000     0.5332     0.5418    34.5366    34.6159    27.3631    27.4288      7.954      7.555      2.486      2.361 0.0000e+00
      29446   1226.869   1011.738 -109.96868   21.86408   1003.000     4.5851     4.5601 3.3134e+04   3.317881     0.0639     0.0564    98.5991 1.0000e-12          0     0.5327     0.5412     0.0574     0.1173     4.5868     0.0000     0.0000     0.0000     0.5334     0.5420    34.5372    34.6156    27.3643    27.4292      7.451      7.426      2.328      2.320 0.0000e+00
      29465   1227.669   1012.749 -109.96868   21.86408   1004.000     4.5820     4.5567 3.3131e+04   3.317672     0.0639     0.0564    98.6003 1.0000e-12          0     0.5327     0.5415     0.0574     0.1174     4.5869     0.0000     0.0000     0.0000     0.5334     0.5421    34.5374    34.6161    27.3648    27.4300      7.477      7.506      2.336      2.345 0.0000e+00
      29486   1228.541   1013.761 -109.96868   21.86408   1005.000     4.5703     4.5451 3.3121e+04   3.316691     0.0639     0.0560    98.6095 1.0000e-12          0     0.5326     0.5416     0.0574     0.1176     4.5873     0.0000     0.0000     0.0000     0.5336     0.5422    34.5372    34.6162    27.3659    27.4314      7.812      7.577      2.440      2.367 0.0000e+00
      29510   1229.535   1014.772 -109.96868   21.86408   1006.000     4.5673     4.5424 3.3119e+04   3.316415     0.0639     0.0566    98.5949 1.0000e-12          0     0.5334     0.5420     0.0574     0.1187     4.5866     0.0000     0.0000     0.0000     0.5342     0.5425    34.5374    34.6153    27.3663    27.4310      8.037      7.726      2.510      2.413 0.0000e+00
      29538   1230.705   1015.783 -109.96868   21.86408   1007.000     4.5661     4.5412 3.3118e+04   3.316352     0.0639     0.0563    98.6031 1.0000e-12          0     0.5336     0.5421     0.0574     0.1197     4.5870     0.0000     0.0000     0.0000     0.5344     0.5430    34.5373    34.6154    27.3664    27.4312      7.820      7.741      2.442      2.418 0.0000e+00
      29569   1231.993   1016.794 -109.96868   21.86408   1008.000     4.5589     4.5337 3.3113e+04   3.315793     0.0441     0.0563    98.6018 1.0000e-12          0     0.5338     0.5425     0.0554     0.1177     4.5869     0.0000     0.0000     0.0000     0.5346     0.5433    34.5374    34.6161    27.3673    27.4326      7.798      7.761      2.435      2.423 0.0000e+00
      29597   1233.157   1017.805 -109.96868   21.86408   1009.000     4.5521     4.5268 3.3107e+04   3.315236     0.0636     0.0569    98.5892 1.0000e-12          0     0.5344     0.5427     0.0574     0.1173     4.5864     0.0000     0.0000     0.0000     0.5350     0.5434    34.5376    34.6163    27.3682    27.4334      8.276      7.795      2.584      2.434 0.0000e+00
      29621   1234.165   1018.816 -109.96868   21.86408   1010.000     4.5446     4.5194 3.3101e+04   3.314637     0.0639     0.0561    98.6072 1.0000e-12          0     0.5346     0.5432     0.0574     0.1174     4.5872     0.0000     0.0000     0.0000     0.5356     0.5438    34.5380    34.6165    27.3694    27.4345      8.265      8.049      2.580      2.513 0.0000e+00
      29644   1235.136   1019.827 -109.96868   21.86408   1011.000     4.5359     4.5107 3.3094e+04   3.313932     0.0639     0.0560    98.6095 1.0000e-12          0     0.5348     0.5434     0.0574     0.1175     4.5873     0.0000     0.0000     0.0000     0.5357     0.5441    34.5384    34.6169    27.3706    27.4357      7.929      8.067      2.475      2.517 0.0000e+00
      29668   1236.120   1020.839 -109.96868   21.86408   1012.000     4.5311     4.5066 3.3090e+04   3.313567     0.0639     0.0560    98.6095 1.0000e-12          0     0.5349     0.5436     0.0574     0.1192     4.5873     0.0000     0.0000     0.0000     0.5358     0.5446    34.5383    34.6163    27.3711    27.4357      8.018      8.150      2.502      2.543 0.0000e+00
      29692   1237.145   1021.850 -109.96868   21.86408   1013.000     4.5298     4.5052 3.3090e+04   3.313475     0.0639     0.0560    98.6085 1.0000e-12          0     0.5356     0.5437     0.0574     0.1181     4.5873     0.0000     0.0000     0.0000     0.5361     0.5449    34.5383    34.6163    27.3712    27.4358      8.449      8.250      2.637      2.574 0.0000e+00
      29718   1238.211   1022.861 -109.96868   21.86408   1014.000     4.5276     4.5027 3.3088e+04   3.313301     0.0639     0.0561    98.6064 1.0000e-12          0     0.5359     0.5443     0.0574     0.1192     4.5872     0.0000     0.0000     0.0000     0.5366     0.5454    34.5382    34.6162    27.3714    27.4361      8.508      8.484      2.655      2.647 0.0000e+00
      29745   1239.314   1023.872 -109.96868   21.86408   1015.000     4.5259     4.5009 3.3087e+04   3.313189     0.0639     0.0561    98.6075 1.0000e-12          0     0.5360     0.5446     0.0574     0.1179     4.5872     0.0000     0.0000     0.0000     0.5371     0.5459    34.5381    34.6164    27.3715    27.4364      8.348      8.337      2.605      2.601 0.0000e+00
      29774   1240.527   1024.884 -109.96868   21.86408   1016.000     4.5196     4.4946 3.3082e+04   3.312709     0.0639     0.0562    98.6055 1.0000e-12          0     0.5363     0.5450     0.0574     0.1174     4.5871     0.0000     0.0000     0.0000     0.5371     0.5461    34.5385    34.6167    27.3725    27.4374      8.198      8.352      2.558      2.606 0.0000e+00
      29807   1241.931   1025.895 -109.96868   21.86408   1017.000     4.5178     4.4926 3.3081e+04   3.312557     0.0639     0.0566    98.5949 1.0000e-12          0     0.5369     0.5457     0.0574     0.1174     4.5866     0.0000     0.0000     0.0000     0.5372     0.5464    34.5385    34.6166    27.3727    27.4375      8.388      8.483      2.617      2.646 0.0000e+00
      29838   1243.195   1026.906 -109.96868   21.86407   1018.000     4.5165     4.4917 3.3080e+04   3.312504     0.0639     0.0560    98.6086 1.0000e-12          0     0.5372     0.5463     0.0574     0.1183     4.5873     0.0000     0.0000     0.0000     0.5376     0.5466    34.5384    34.6164    27.3728    27.4374      8.550      8.410      2.667      2.624 0.0000e+00
      29861   1244.160   1027.917 -109.96868   21.86406   1019.000     4.5134     4.4883 3.3077e+04   3.312311     0.0639     0.0560    98.6095 1.0000e-12          0     0.5372     0.5463     0.0574     0.1193     4.5873     0.0000     0.0000     0.0000     0.5379     0.5469    34.5382    34.6172    27.3729    27.4384      8.647      8.627      2.697      2.691 0.0000e+00
      29880   1244.962   1028.928 -109.96868   21.86406   1020.000     4.5076     4.4822 3.3073e+04   3.311850     0.0639     0.0560    98.6095 1.0000e-12          0     0.5373     0.5464     0.0574     0.1173     4.5873     0.0000     0.0000     0.0000     0.5382     0.5470    34.5384    34.6177    27.3738    27.4395      8.742      8.574      2.727      2.674 0.0000e+00
      29898   1245.690   1029.940 -109.96868   21.86406   1021.000     4.4992     4.4741 3.3066e+04   3.311154     0.0795     0.0561    98.6066 1.0000e-12          0     0.5374     0.5466     0.0589     0.1172     4.5872     0.0000     0.0000     0.0000     0.5383     0.5472    34.5387    34.6174    27.3749    27.4402      8.518      8.642      2.656      2.695 0.0000e+00
      29915   1246.400   1030.951 -109.96868   21.86406   1022.000     4.4947     4.4696 3.3063e+04   3.310817     0.0713     0.0561    98.6064 1.0000e-12          0     0.5377     0.5470     0.0581     0.1174     4.5872     0.0000     0.0000     0.0000     0.5383     0.5473    34.5391    34.6177    27.3757    27.4409      8.727      8.781      2.721      2.738 0.0000e+00
      29932   1247.144   1031.962 -109.96868   21.86406   1023.000     4.4911     4.4662 3.3060e+04   3.310512     0.0641     0.0561    98.6067 1.0000e-12          0     0.5378     0.5468     0.0574     0.1175     4.5872     0.0000     0.0000     0.0000     0.5387     0.5477    34.5391    34.6172    27.3761    27.4409      8.979      8.931      2.799      2.784 0.0000e+00
      29956   1248.137   1032.973 -109.96868   21.86406   1024.000     4.4889     4.4639 3.3058e+04   3.310337     0.0639     0.0575    98.5725 1.0000e-12          0     0.5382     0.5472     0.0574     0.1175     4.5856     0.0000     0.0000     0.0000     0.5392     0.5482    34.5389    34.6170    27.3762    27.4410      8.988      8.830      2.802      2.753 0.0000e+00
      30006   1250.222   1033.985 -109.96868   21.86406   1025.000     4.4873     4.4626 3.3058e+04   3.310256     0.0639     0.0559    98.6127 1.0000e-12          0     0.5387     0.5477     0.0574     0.1185     4.5874     0.0000     0.0000     0.0000     0.5395     0.5483    34.5390    34.6170    27.3765    27.4411      8.684      8.828      2.707      2.752 0.0000e+00
      30045   1251.834   1034.996 -109.96868   21.86406   1026.000     4.4851     4.4603 3.3056e+04   3.310072     0.0639     0.0564    98.6005 1.0000e-12          0     0.5396     0.5483     0.0574     0.1184     4.5869     0.0000     0.0000     0.0000     0.5396     0.5487    34.5385    34.6167    27.3763    27.4411      8.711      8.973      2.716      2.797 0.0000e+00
