data/ctd-cnv/KM1919/KM1919-St22-P3/St22_P3_cast84-align-cellTM-derive-bin.cnv
* Sea-Bird SBE 9 Data File:
* FileName = C:\Users\otg\Desktop\CTD Data\km1920\St22_P3_cast84.hex
* Software Version Seasave V 7.26.7.107
* Temperature SN = 5554
* Conductivity SN = 3876
* Number of Bytes Per Scan = 41
* Number of Voltage Words = 4
* Number of Scans Averaged by the Deck Unit = 1
* NMEA Latitude = 22 03.39 N
* NMEA Longitude = 109 47.41 W
* NMEA UTC (Time) = Oct 18 2019  21:35:56
* NMEA baud rate = 4800
** Ship: Kilo Moana
** Station: P3 Station 22 Cast 84
** Operator: cf
# nquan = 34
# nvalues = 253                         
# units = specified
# name 0 = scan: Scan Count
# name 1 = timeS: Time, Elapsed [seconds]
# name 2 = prDM: Pressure, Digiquartz [db]
# name 3 = longitude: Longitude [deg]
# name 4 = latitude: Latitude [deg]
# name 5 = depSM: Depth [salt water, m]
# name 6 = t090C: Temperature [ITS-90, deg C]
# name 7 = t190C: Temperature, 2 [ITS-90, deg C]
# name 8 = c0uS/cm: Conductivity [uS/cm]
# name 9 = c1S/m: Conductivity, 2 [S/m]
# name 10 = flECO-AFL: Fluorescence, WET Labs ECO-AFL/FL [mg/m^3]
# name 11 = CStarAt0: Beam Attenuation, WET Labs C-Star [1/m]
# name 12 = CStarTr0: Beam Transmission, WET Labs C-Star [%]
# name 13 = par: PAR/Irradiance, Biospherical/Licor
# name 14 = modError: Modulo Error Count
# name 15 = v0: Voltage 0
# name 16 = v1: Voltage 1
# name 17 = v2: Voltage 2
# name 18 = v3: Voltage 3
# name 19 = v4: Voltage 4
# name 20 = v5: Voltage 5
# name 21 = v6: Voltage 6
# name 22 = v7: Voltage 7
# name 23 = sbeox0V: Oxygen raw, SBE 43 [V]
# name 24 = sbeox1V: Oxygen raw, SBE 43, 2 [V]
# name 25 = sal00: Salinity, Practical [PSU]
# name 26 = sal11: Salinity, Practical, 2 [PSU]
# name 27 = sigma-é00: Density [sigma-theta, kg/m^3]
# name 28 = sigma-é11: Density, 2 [sigma-theta, kg/m^3]
# name 29 = sbeox0Mm/L: Oxygen, SBE 43 [umol/l], WS = 2
# name 30 = sbeox1Mm/L: Oxygen, SBE 43, 2 [umol/l], WS = 2
# name 31 = sbeox0PS: Oxygen, SBE 43 [% saturation], WS = 2
# name 32 = sbeox1PS: Oxygen, SBE 43, 2 [% saturation], WS = 2
# name 33 = flag: flag
# span 0 =        311,      13351       
# span 1 =     12.907,    556.247       
# span 2 =      2.013,    255.751       
# span 3 = -109.79024, -109.79020       
# span 4 =   22.05652,   22.05678       
# span 5 =      2.000,    254.000       
# span 6 =    11.3909,    27.6055       
# span 7 =    11.3596,    27.5654       
# span 8 = 3.9248e+04, 5.5292e+04       
# span 9 =   3.930079,   5.537003       
# span 10 =     0.0452,     1.4735      
# span 11 =     0.0788,     0.1629      
# span 12 =    96.0098,    98.0477      
# span 13 = 1.0000e-12, 3.5509e+02      
# span 14 =          0,          0      
# span 15 =     0.5039,     2.4821      
# span 16 =     0.5146,     2.4556      
# span 17 =     0.0555,     0.1983      
# span 18 =     0.1135,     0.1165      
# span 19 =     4.4664,     4.5612      
# span 20 =     0.0000,     0.0000      
# span 21 =     0.0083,     3.5620      
# span 22 =     0.0000,     0.0000      
# span 23 =     0.5032,     2.4698      
# span 24 =     0.5139,     2.4570      
# span 25 =    33.9278,    34.7673      
# span 26 =    34.0174,    34.8504      
# span 27 =    22.2473,    26.4942      
# span 28 =    22.3243,    26.5631      
# span 29 =      0.964,    239.490      
# span 30 =      1.067,    250.756      
# span 31 =      0.352,    106.542      
# span 32 =      0.389,    110.505      
# span 33 = 0.0000e+00, 0.0000e+00      
# interval = meters: 1                  
# start_time = Oct 18 2019 21:39:26 [NMEA time, first data scan]
# bad_flag = -9.990e-29
*END*
        311     12.907      2.013 -109.79024   22.05654      2.000    27.6055    27.5654 5.5292e+04   5.537003     0.1356     0.1267    96.8812 3.5509e+02          0     2.3322     2.3203     0.0646     0.1152     4.5069     0.0000     3.5620     0.0000     2.3328     2.3202    34.6334    34.7184    22.2473    22.3243    197.630    207.644     97.357    102.271 0.0000e+00
        649     26.993      3.019 -109.79024   22.05653      3.000    27.6028    27.5630 5.5288e+04   5.536733     0.1410     0.1271    96.8712 2.8815e+02          0     2.3325     2.3230     0.0651     0.1147     4.5064     0.0000     3.4744     0.0000     2.3350     2.3196    34.6328    34.7180    22.2478    22.3248    197.932    207.452     97.501    102.172 0.0000e+00
        633     26.339      4.025 -109.79024   22.05652      4.000    27.6034    27.5632 5.5290e+04   5.536795     0.1461     0.1247    96.9297 2.5497e+02          0     2.3334     2.3215     0.0656     0.1148     4.5092     0.0000     3.4203     0.0000     2.3358     2.3172    34.6329    34.7180    22.2478    22.3248    197.974    207.021     97.523    101.960 0.0000e+00
        657     27.337      5.031 -109.79024   22.05652      5.000    27.6026    27.5626 5.5289e+04   5.536764     0.1435     0.1260    96.8994 2.4934e+02          0     2.3348     2.3209     0.0653     0.1158     4.5077     0.0000     3.4103     0.0000     2.3334     2.3157    34.6328    34.7179    22.2480    22.3250    197.194    207.297     97.137    102.095 0.0000e+00
        721     30.014      6.038 -109.79024   22.05653      6.000    27.6032    27.5629 5.5290e+04   5.536807     0.1386     0.1253    96.9145 2.0456e+02          0     2.3336     2.3186     0.0648     0.1155     4.5085     0.0000     3.3217     0.0000     2.3335     2.3212    34.6327    34.7177    22.2479    22.3248    197.803    207.937     97.438    102.411 0.0000e+00
        819     34.082      7.044 -109.79024   22.05654      7.000    27.5996    27.5594 5.5286e+04   5.536413     0.1458     0.1247    96.9300 1.6460e+02          0     2.3343     2.3237     0.0656     0.1151     4.5092     0.0000     3.2311     0.0000     2.3319     2.3217    34.6320    34.7172    22.2485    22.3256    197.416    208.125     97.241    102.497 0.0000e+00
        843     35.068      8.050 -109.79024   22.05654      8.000    27.5968    27.5570 5.5282e+04   5.536072     0.1502     0.1254    96.9138 1.5831e+02          0     2.3349     2.3241     0.0660     0.1159     4.5084     0.0000     3.2134     0.0000     2.3342     2.3255    34.6313    34.7163    22.2490    22.3258    198.223    208.621     97.634    102.737 0.0000e+00
        869     36.184      9.057 -109.79024   22.05654      9.000    27.5973    27.5569 5.5283e+04   5.536105     0.1463     0.1257    96.9050 1.5155e+02          0     2.3349     2.3212     0.0656     0.1155     4.5080     0.0000     3.1944     0.0000     2.3324     2.3255    34.6314    34.7163    22.2490    22.3259    197.376    208.303     97.218    102.580 0.0000e+00
        901     37.490     10.063 -109.79024   22.05654     10.000    27.5973    27.5572 5.5283e+04   5.536177     0.1502     0.1281    96.8491 1.4225e+02          0     2.3315     2.3224     0.0660     0.1148     4.5054     0.0000     3.1669     0.0000     2.3324     2.3244    34.6312    34.7163    22.2490    22.3259    198.151    208.208     97.599    102.534 0.0000e+00
        950     39.562     11.069 -109.79023   22.05655     11.000    27.5968    27.5566 5.5283e+04   5.536120     0.1505     0.1272    96.8705 1.3116e+02          0     2.3326     2.3249     0.0660     0.1147     4.5064     0.0000     3.1313     0.0000     2.3360     2.3197    34.6311    34.7160    22.2491    22.3260    198.226    207.645     97.635    102.255 0.0000e+00
       1032     42.961     12.076 -109.79022   22.05656     12.000    27.5994    27.5589 5.5287e+04   5.536428     0.1500     0.1267    96.8826 1.1937e+02          0     2.3365     2.3200     0.0660     0.1149     4.5070     0.0000     3.0910     0.0000     2.3316     2.3183    34.6314    34.7162    22.2485    22.3254    197.623    207.788     97.343    102.330 0.0000e+00
       1081     45.009     13.082 -109.79022   22.05656     13.000    27.5989    27.5585 5.5287e+04   5.536469     0.1504     0.1276    96.8604 1.0909e+02          0     2.3344     2.3181     0.0660     0.1153     4.5059     0.0000     3.0517     0.0000     2.3297     2.3205    34.6314    34.7164    22.2488    22.3258    196.948    207.956     97.009    102.412 0.0000e+00
       1107     46.083     14.088 -109.79022   22.05656     14.000    27.5986    27.5580 5.5287e+04   5.536490     0.1525     0.1270    96.8735 1.0277e+02          0     2.3301     2.3165     0.0662     0.1155     4.5065     0.0000     3.0260     0.0000     2.3274     2.3200    34.6313    34.7167    22.2489    22.3262    197.365    207.860     97.214    102.364 0.0000e+00
       1134     47.217     15.095 -109.79022   22.05656     15.000    27.5957    27.5545 5.5283e+04   5.536059     0.1525     0.1276    96.8598 1.0124e+02          0     2.3326     2.3202     0.0662     0.1150     4.5059     0.0000     3.0195     0.0000     2.3262     2.3206    34.6310    34.7159    22.2497    22.3269    197.031    208.006     97.045    102.430 0.0000e+00
       1200     49.952     16.101 -109.79024   22.05656     16.000    27.5946    27.5550 5.5282e+04   5.536128     0.1569     0.1266    96.8842 9.5791e+01          0     2.3270     2.3204     0.0667     0.1150     4.5070     0.0000     2.9953     0.0000     2.3261     2.3186    34.6307    34.7158    22.2499    22.3267    197.484    207.705     97.266    102.282 0.0000e+00
       1259     52.428     17.107 -109.79024   22.05656     17.000    27.5904    27.5477 5.5278e+04   5.535311     0.1623     0.1284    96.8411 9.1218e+01          0     2.3253     2.3178     0.0672     0.1154     4.5051     0.0000     2.9742     0.0000     2.3318     2.3151    34.6304    34.7151    22.2511    22.3286    198.142    207.506     97.583    102.171 0.0000e+00
       1298     54.022     18.114 -109.79024   22.05656     18.000    27.5893    27.5488 5.5277e+04   5.535429     0.1709     0.1270    96.8748 8.9088e+01          0     2.3264     2.3200     0.0681     0.1148     4.5066     0.0000     2.9640     0.0000     2.3323     2.3189    34.6301    34.7148    22.2513    22.3281    197.967    208.177     97.495    102.503 0.0000e+00
       1339     55.746     19.120 -109.79024   22.05656     19.000    27.5901    27.5487 5.5278e+04   5.535487     0.1696     0.1270    96.8751 8.5944e+01          0     2.3314     2.3151     0.0680     0.1154     4.5066     0.0000     2.9483     0.0000     2.3326     2.3194    34.6301    34.7150    22.2511    22.3284    198.016    208.051     97.520    102.442 0.0000e+00
       1411     58.753     20.126 -109.79024   22.05656     20.000    27.5818    27.5399 5.5268e+04   5.534460     0.1699     0.1272    96.8708 8.3641e+01          0     2.3320     2.3195     0.0680     0.1152     4.5064     0.0000     2.9366     0.0000     2.3296     2.3207    34.6292    34.7140    22.2532    22.3305    197.558    208.029     97.281    102.415 0.0000e+00
       1508     62.776     21.133 -109.79024   22.05656     21.000    27.5533    27.5091 5.5233e+04   5.531274     0.1917     0.1267    96.8825 7.9686e+01          0     2.3306     2.3228     0.0702     0.1151     4.5069     0.0000     2.9156     0.0000     2.3462     2.3060    34.6251    34.7140    22.2594    22.3406    206.733    207.639    101.749    102.171 0.0000e+00
       1529     63.658     22.139 -109.79024   22.05656     22.000    27.1098    27.0212 5.4686e+04   5.480841     0.1967     0.1313    96.7708 7.6574e+01          0     2.3288     2.3219     0.0707     0.1160     4.5018     0.0000     2.8983     0.0000     2.4113     2.3439    34.5652    34.7187    22.3565    22.5003    216.069    218.499    105.528    106.646 0.0000e+00
       1552     64.622     23.146 -109.79024   22.05656     23.000    25.6688    25.5654 5.2980e+04   5.315496     0.2205     0.1383    96.6011 7.4909e+01          0     2.3243     2.3151     0.0730     0.1158     4.4939     0.0000     2.8888     0.0000     2.4494     2.3940    34.4135    34.6196    22.6940    22.8815    223.665    229.765    106.542    109.381 0.0000e+00
       1582     65.881     24.152 -109.79024   22.05656     24.000    24.9106    24.8592 5.2114e+04   5.222856     0.2991     0.1462    96.4113 7.2261e+01          0     2.3477     2.3093     0.0809     0.1153     4.4850     0.0000     2.8731     0.0000     2.4643     2.4343    34.3508    34.4752    22.8791    22.9887    223.245    235.099    104.954    110.505 0.0000e+00
       1689     70.340     25.158 -109.79024   22.05656     25.000    24.8955    24.6597 5.2123e+04   5.200578     0.3661     0.1496    96.3286 6.8160e+01          0     2.4821     2.4532     0.0876     0.1158     4.4812     0.0000     2.8480     0.0000     2.4397     2.4385    34.3681    34.4618    22.8959    23.0380    221.095    232.433    103.910    108.859 0.0000e+00
       1737     72.348     26.165 -109.79024   22.05656     26.000    23.3055    23.2513 5.0359e+04   5.047349     0.3876     0.1540    96.2237 6.5225e+01          0     2.4371     2.4330     0.0897     0.1156     4.4763     0.0000     2.8288     0.0000     2.4677     2.4523    34.2644    34.3943    23.2897    23.4038    231.732    241.727    105.922    110.467 0.0000e+00
       1774     73.875     27.171 -109.79024   22.05656     27.000    22.9631    22.9140 4.9990e+04   5.008289     0.4126     0.1617    96.0370 6.2088e+01          0     2.4505     2.4352     0.0923     0.1155     4.4677     0.0000     2.8073     0.0000     2.4698     2.4557    34.2473    34.3575    23.3750    23.4726    232.519    243.128    105.629    110.424 0.0000e+00
       1814     75.534     28.178 -109.79024   22.05656     28.000    22.6059    22.5572 4.9608e+04   4.970440     0.4233     0.1608    96.0608 5.8734e+01          0     2.4652     2.4505     0.0933     0.1165     4.4687     0.0000     2.7833     0.0000     2.4694     2.4570    34.2315    34.3446    23.4649    23.5645    233.126    244.714    105.233    110.441 0.0000e+00
       1866     77.690     29.184 -109.79024   22.05656     29.000    22.3123    22.2087 4.9306e+04   4.933141     0.4547     0.1620    96.0301 5.5030e+01          0     2.4700     2.4556     0.0965     0.1161     4.4673     0.0000     2.7549     0.0000     2.4555     2.4481    34.2273    34.3287    23.5448    23.6510    232.182    244.487    104.262    109.651 0.0000e+00
       1926     80.201     30.190 -109.79024   22.05656     30.000    21.9479    21.9096 4.8932e+04   4.901594     0.4692     0.1592    96.0978 5.1428e+01          0     2.4625     2.4538     0.0979     0.1152     4.4705     0.0000     2.7257     0.0000     2.4451     2.4402    34.2221    34.3182    23.6431    23.7267    233.485    245.171    104.167    109.368 0.0000e+00
       1969     82.016     31.197 -109.79024   22.05656     31.000    21.8091    21.7658 4.8788e+04   4.886580     0.4974     0.1629    96.0098 4.8309e+01          0     2.4502     2.4439     0.1007     0.1153     4.4664     0.0000     2.6985     0.0000     2.4401     2.4341    34.2185    34.3140    23.6789    23.7635    232.977    244.750    103.682    108.898 0.0000e+00
       2010     83.725     32.203 -109.79024   22.05656     32.000    21.6406    21.5959 4.8617e+04   4.869493     0.4849     0.1569    96.1532 4.4962e+01          0     2.4452     2.4402     0.0995     0.1156     4.4730     0.0000     2.6673     0.0000     2.4348     2.4294    34.2168    34.3140    23.7243    23.8105    234.256    245.561    103.936    108.927 0.0000e+00
       2069     86.181     33.210 -109.79022   22.05656     33.000    21.5403    21.4834 4.8515e+04   4.857005     0.5276     0.1570    96.1518 4.1505e+01          0     2.4377     2.4322     0.1038     0.1154     4.4730     0.0000     2.6326     0.0000     2.4314     2.4202    34.2158    34.3045    23.7512    23.8343    232.854    243.927    103.128    107.979 0.0000e+00
       2145     89.331     34.216 -109.79022   22.05658     34.000    21.2497    21.1776 4.8214e+04   4.827099     0.5438     0.1562    96.1712 3.8503e+01          0     2.4360     2.4246     0.1054     0.1160     4.4739     0.0000     2.6003     0.0000     2.4109     2.4035    34.2080    34.3110    23.8248    23.9229    232.728    244.146    102.530    107.486 0.0000e+00
       2188     91.118     35.223 -109.79022   22.05658     35.000    20.8313    20.7861 4.7781e+04   4.786020     0.4946     0.1514    96.2866 3.6224e+01          0     2.4198     2.4087     0.1004     0.1149     4.4793     0.0000     2.5738     0.0000     2.4145     2.4034    34.1966    34.2965    23.9298    24.0180    235.550    245.923    102.987    107.498 0.0000e+00
       2221     92.504     36.229 -109.79022   22.05658     36.000    20.6851    20.6444 4.7623e+04   4.770351     0.4555     0.1457    96.4227 3.4080e+01          0     2.4117     2.4043     0.0966     0.1152     4.4856     0.0000     2.5474     0.0000     2.4116     2.4022    34.1864    34.2844    23.9613    24.0469    235.744    246.613    102.792    107.515 0.0000e+00
       2251     93.741     37.235 -109.79022   22.05658     37.000    20.4934    20.4525 4.7413e+04   4.749889     0.4347     0.1426    96.4987 3.2017e+01          0     2.4124     2.4041     0.0945     0.1160     4.4891     0.0000     2.5203     0.0000     2.4152     2.4057    34.1716    34.2739    24.0013    24.0901    237.349    248.733    103.124    108.054 0.0000e+00
       2320     96.624     38.242 -109.79022   22.05658     38.000    20.2626    20.1972 4.7160e+04   4.720471     0.4236     0.1397    96.5671 2.9503e+01          0     2.4131     2.4050     0.0934     0.1154     4.4923     0.0000     2.4848     0.0000     2.4128     2.4079    34.1521    34.2418    24.0477    24.1334    238.003    249.504    102.961    107.865 0.0000e+00
       2406    100.201     39.248 -109.79022   22.05658     39.000    20.0762    20.0412 4.6952e+04   4.702776     0.4038     0.1375    96.6208 2.7430e+01          0     2.4132     2.4086     0.0914     0.1154     4.4948     0.0000     2.4534     0.0000     2.4143     2.4050    34.1338    34.2241    24.0830    24.1611    239.006    249.903    103.032    107.718 0.0000e+00
       2443    101.735     40.255 -109.79022   22.05658     40.000    20.0365    19.9939 4.6908e+04   4.697143     0.3990     0.1359    96.6592 2.5299e+01          0     2.4126     2.4078     0.0909     0.1149     4.4966     0.0000     2.4183     0.0000     2.4134     2.4051    34.1303    34.2163    24.0908    24.1676    239.099    250.347    102.995    107.811 0.0000e+00
       2498    104.036     41.261 -109.79022   22.05658     41.000    20.0233    19.9887 4.6896e+04   4.696629     0.4098     0.1346    96.6919 2.3447e+01          0     2.4140     2.4048     0.0920     0.1147     4.4981     0.0000     2.3856     0.0000     2.4131     2.4081    34.1300    34.2159    24.0941    24.1687    239.490    250.689    103.138    107.948 0.0000e+00
       2539    105.760     42.268 -109.79022   22.05658     42.000    20.0075    19.9705 4.6878e+04   4.694488     0.4145     0.1356    96.6665 2.2462e+01          0     2.4135     2.4054     0.0925     0.1146     4.4969     0.0000     2.3670     0.0000     2.4148     2.4069    34.1282    34.2129    24.0970    24.1712    239.287    250.541    103.020    107.846 0.0000e+00
       2576    107.284     43.274 -109.79022   22.05660     43.000    19.9775    19.9366 4.6844e+04   4.690865     0.3966     0.1347    96.6893 2.1364e+01          0     2.4129     2.4080     0.0907     0.1147     4.4980     0.0000     2.3453     0.0000     2.4123     2.4051    34.1243    34.2105    24.1018    24.1783    239.420    250.141    103.018    107.605 0.0000e+00
