data/ctd-cnv/KM1919/KM1919-St22-P3/St22_P3_cast74-align-cellTM-derive-bin.cnv
* Sea-Bird SBE 9 Data File:
* FileName = C:\Users\otg\Desktop\CTD Data\km1920\St22_P3_cast74.hex
* Software Version Seasave V 7.26.7.107
* Temperature SN = 5554
* Conductivity SN = 3876
* Number of Bytes Per Scan = 41
* Number of Voltage Words = 4
* Number of Scans Averaged by the Deck Unit = 1
* NMEA Latitude = 21 57.57 N
* NMEA Longitude = 109 54.60 W
* NMEA UTC (Time) = Oct 17 2019  04:19:42
* NMEA baud rate = 4800
** Ship: Kilo Moana
** Station: St22  P3 cast 74
** Operator: KH
** Anchor for the GoFlow
# nquan = 34
# nvalues = 626                         
# units = specified
# name 0 = scan: Scan Count
# name 1 = timeS: Time, Elapsed [seconds]
# name 2 = prDM: Pressure, Digiquartz [db]
# name 3 = longitude: Longitude [deg]
# name 4 = latitude: Latitude [deg]
# name 5 = depSM: Depth [salt water, m]
# name 6 = t090C: Temperature [ITS-90, deg C]
# name 7 = t190C: Temperature, 2 [ITS-90, deg C]
# name 8 = c0uS/cm: Conductivity [uS/cm]
# name 9 = c1S/m: Conductivity, 2 [S/m]
# name 10 = flECO-AFL: Fluorescence, WET Labs ECO-AFL/FL [mg/m^3]
# name 11 = CStarAt0: Beam Attenuation, WET Labs C-Star [1/m]
# name 12 = CStarTr0: Beam Transmission, WET Labs C-Star [%]
# name 13 = par: PAR/Irradiance, Biospherical/Licor
# name 14 = modError: Modulo Error Count
# name 15 = v0: Voltage 0
# name 16 = v1: Voltage 1
# name 17 = v2: Voltage 2
# name 18 = v3: Voltage 3
# name 19 = v4: Voltage 4
# name 20 = v5: Voltage 5
# name 21 = v6: Voltage 6
# name 22 = v7: Voltage 7
# name 23 = sbeox0V: Oxygen raw, SBE 43 [V]
# name 24 = sbeox1V: Oxygen raw, SBE 43, 2 [V]
# name 25 = sal00: Salinity, Practical [PSU]
# name 26 = sal11: Salinity, Practical, 2 [PSU]
# name 27 = sigma-é00: Density [sigma-theta, kg/m^3]
# name 28 = sigma-é11: Density, 2 [sigma-theta, kg/m^3]
# name 29 = sbeox0Mm/L: Oxygen, SBE 43 [umol/l], WS = 2
# name 30 = sbeox1Mm/L: Oxygen, SBE 43, 2 [umol/l], WS = 2
# name 31 = sbeox0PS: Oxygen, SBE 43 [% saturation], WS = 2
# name 32 = sbeox1PS: Oxygen, SBE 43, 2 [% saturation], WS = 2
# name 33 = flag: flag
# span 0 =         31,      37632       
# span 1 =      1.237,   1567.952       
# span 2 =      5.031,    634.920       
# span 3 = -109.90994, -109.90981       
# span 4 =   21.95927,   21.95948       
# span 5 =      5.000,    630.000       
# span 6 =     6.5576,    27.8142       
# span 7 =     6.5390,    27.7745       
# span 8 = 3.4717e+04, 5.5482e+04       
# span 9 =   3.477037,   5.555373       
# span 10 =     0.0408,     1.4632      
# span 11 =     0.0571,     0.1498      
# span 12 =    96.3229,    98.5835      
# span 13 = 1.0000e-12, 2.1934e+00      
# span 14 =          0,          0      
# span 15 =     0.5031,     2.4424      
# span 16 =     0.5129,     2.4279      
# span 17 =     0.0550,     0.1973      
# span 18 =     0.1126,     0.1173      
# span 19 =     4.4810,     4.5861      
# span 20 =    -0.0000,     0.0004      
# span 21 =     0.0073,     1.3598      
# span 22 =     0.0000,     0.0000      
# span 23 =     0.5026,     2.4410      
# span 24 =     0.5125,     2.4246      
# span 25 =    33.9363,    34.7661      
# span 26 =    34.0292,    34.8522      
# span 27 =    22.1010,    27.0976      
# span 28 =    22.1730,    27.1616      
# span 29 =      0.854,    236.763      
# span 30 =      0.896,    247.900      
# span 31 =      0.290,    105.041      
# span 32 =      0.300,    108.994      
# span 33 = 0.0000e+00, 0.0000e+00      
# interval = meters: 1                  
# start_time = Oct 17 2019 04:21:19 [NMEA time, first data scan]
# bad_flag = -9.990e-29
*END*
[from data line 385]
      23823    992.567    392.817 -109.90992   21.95944    390.000     9.2585     9.2306 3.7170e+04   3.722228     0.0624     0.0624    98.4520 1.0000e-12          0     0.5037     0.5140     0.0572     0.1147     4.5800     0.0000     0.0083     0.0000     0.5033     0.5137    34.5879    34.6696    26.7608    26.8293      0.984      1.137      0.342      0.396 0.0000e+00
      23858    994.044    393.825 -109.90992   21.95944    391.000     9.2263     9.1980 3.7139e+04   3.719192     0.0640     0.0624    98.4520 1.0000e-12          0     0.5037     0.5140     0.0574     0.1148     4.5800     0.0000     0.0083     0.0000     0.5033     0.5136    34.5873    34.6692    26.7655    26.8343      1.272      1.083      0.442      0.376 0.0000e+00
      23882    995.027    394.833 -109.90992   21.95944    392.000     9.2233     9.1953 3.7138e+04   3.718962     0.0550     0.0625    98.4507 1.0000e-12          0     0.5040     0.5140     0.0565     0.1165     4.5799     0.0000     0.0084     0.0000     0.5035     0.5135    34.5888    34.6690    26.7672    26.8345      1.004      1.126      0.349      0.392 0.0000e+00
      23901    995.850    395.842 -109.90992   21.95944    393.000     9.2176     9.1907 3.7134e+04   3.718678     0.0456     0.0624    98.4520 1.0000e-12          0     0.5039     0.5142     0.0555     0.1172     4.5800     0.0000     0.0084     0.0000     0.5030     0.5136    34.5891    34.6700    26.7684    26.8361      0.937      1.124      0.326      0.391 0.0000e+00
      23920    996.631    396.850 -109.90992   21.95944    394.000     9.2054     9.1765 3.7123e+04   3.717504     0.0503     0.0624    98.4520 1.0000e-12          0     0.5034     0.5139     0.0560     0.1169     4.5800     0.0000     0.0084     0.0000     0.5033     0.5136    34.5891    34.6711    26.7704    26.8392      1.203      1.109      0.418      0.385 0.0000e+00
      23939    997.427    397.858 -109.90992   21.95944    395.000     9.2013     9.1737 3.7121e+04   3.717234     0.0641     0.0630    98.4380 1.0000e-12          0     0.5038     0.5141     0.0574     0.1148     4.5794     0.0000     0.0084     0.0000     0.5034     0.5135    34.5904    34.6706    26.7721    26.8393      0.951      1.139      0.331      0.396 0.0000e+00
      23960    998.311    398.866 -109.90992   21.95942    396.000     9.2079     9.1810 3.7131e+04   3.718287     0.0538     0.0636    98.4225 1.0000e-12          0     0.5039     0.5139     0.0564     0.1167     4.5786     0.0000     0.0084     0.0000     0.5029     0.5136    34.5944    34.6739    26.7742    26.8408      0.854      1.113      0.297      0.387 0.0000e+00
      23985    999.331    399.874 -109.90992   21.95942    397.000     9.2125     9.1853 3.7138e+04   3.718929     0.0532     0.0635    98.4267 1.0000e-12          0     0.5037     0.5140     0.0563     0.1172     4.5788     0.0000     0.0085     0.0000     0.5030     0.5135    34.5964    34.6760    26.7750    26.8418      1.229      1.118      0.427      0.389 0.0000e+00
      24012   1000.457    400.882 -109.90991   21.95942    398.000     9.2233     9.1966 3.7153e+04   3.720379     0.0609     0.0635    98.4266 1.0000e-12          0     0.5038     0.5140     0.0571     0.1171     4.5788     0.0000     0.0084     0.0000     0.5032     0.5135    34.6006    34.6797    26.7766    26.8428      0.987      1.082      0.343      0.377 0.0000e+00
      24043   1001.730    401.891 -109.90990   21.95942    399.000     9.2250     9.1970 3.7156e+04   3.720630     0.0639     0.0640    98.4124 1.0000e-12          0     0.5034     0.5140     0.0574     0.1172     4.5781     0.0000     0.0085     0.0000     0.5029     0.5136    34.6017    34.6814    26.7772    26.8441      1.109      1.138      0.386      0.396 0.0000e+00
      24076   1003.105    402.899 -109.90990   21.95942    400.000     9.2209     9.1928 3.7152e+04   3.720321     0.0639     0.0640    98.4133 1.0000e-12          0     0.5037     0.5140     0.0574     0.1163     4.5782     0.0000     0.0085     0.0000     0.5033     0.5136    34.6018    34.6818    26.7780    26.8451      1.131      1.126      0.393      0.392 0.0000e+00
      24113   1004.675    403.907 -109.90990   21.95942    401.000     9.2087     9.1807 3.7141e+04   3.719253     0.0522     0.0636    98.4222 1.0000e-12          0     0.5034     0.5139     0.0562     0.1148     4.5786     0.0000     0.0084     0.0000     0.5032     0.5136    34.6012    34.6820    26.7794    26.8472      1.007      1.104      0.350      0.384 0.0000e+00
      24144   1005.944    404.915 -109.90990   21.95942    402.000     9.1748     9.1457 3.7107e+04   3.715947     0.0641     0.0635    98.4247 1.0000e-12          0     0.5037     0.5140     0.0574     0.1171     4.5788     0.0000     0.0085     0.0000     0.5032     0.5136    34.5980    34.6811    26.7825    26.8522      1.123      1.092      0.390      0.379 0.0000e+00
      24166   1006.870    405.924 -109.90990   21.95942    403.000     9.1556     9.1273 3.7088e+04   3.713970     0.0639     0.0635    98.4257 1.0000e-12          0     0.5038     0.5140     0.0574     0.1172     4.5788     0.0000     0.0084     0.0000     0.5034     0.5133    34.5970    34.6779    26.7848    26.8527      1.106      1.041      0.384      0.362 0.0000e+00
      24186   1007.708    406.932 -109.90990   21.95942    404.000     9.1439     9.1154 3.7078e+04   3.712998     0.0639     0.0635    98.4257 1.0000e-12          0     0.5038     0.5140     0.0574     0.1156     4.5788     0.0000     0.0085     0.0000     0.5031     0.5134    34.5973    34.6789    26.7869    26.8554      0.888      1.096      0.308      0.380 0.0000e+00
      24206   1008.536    407.940 -109.90990   21.95942    405.000     9.1323     9.1042 3.7069e+04   3.712014     0.0639     0.0643    98.4044 1.0000e-12          0     0.5036     0.5139     0.0574     0.1148     4.5777     0.0000     0.0084     0.0000     0.5030     0.5135    34.5986    34.6791    26.7898    26.8573      1.224      1.147      0.425      0.398 0.0000e+00
      24226   1009.372    408.948 -109.90990   21.95942    406.000     9.1287     9.1006 3.7066e+04   3.711693     0.0639     0.0637    98.4207 1.0000e-12          0     0.5037     0.5140     0.0574     0.1148     4.5785     0.0000     0.0083     0.0000     0.5035     0.5135    34.5986    34.6787    26.7904    26.8576      1.087      1.108      0.377      0.384 0.0000e+00
      24249   1010.313    409.956 -109.90990   21.95942    407.000     9.1249     9.0967 3.7063e+04   3.711381     0.0639     0.0635    98.4256 1.0000e-12          0     0.5038     0.5138     0.0574     0.1149     4.5788     0.0000     0.0084     0.0000     0.5029     0.5135    34.5983    34.6788    26.7908    26.8583      0.890      1.139      0.309      0.395 0.0000e+00
      24280   1011.636    410.965 -109.90990   21.95942    408.000     9.1139     9.0856 3.7052e+04   3.710361     0.0639     0.0635    98.4257 1.0000e-12          0     0.5035     0.5139     0.0574     0.1171     4.5788     0.0000     0.0084     0.0000     0.5031     0.5136    34.5976    34.6784    26.7920    26.8598      1.121      1.102      0.389      0.382 0.0000e+00
      24318   1013.221    411.973 -109.90990   21.95942    409.000     9.0945     9.0662 3.7034e+04   3.708571     0.0639     0.0631    98.4350 1.0000e-12          0     0.5037     0.5139     0.0574     0.1154     4.5792     0.0000     0.0082     0.0000     0.5032     0.5134    34.5971    34.6782    26.7948    26.8628      1.072      1.103      0.372      0.382 0.0000e+00
      24350   1014.552    412.982 -109.90990   21.95942    410.000     9.0819     9.0539 3.7022e+04   3.707352     0.0639     0.0633    98.4304 1.0000e-12          0     0.5035     0.5140     0.0574     0.1151     4.5790     0.0000     0.0085     0.0000     0.5030     0.5136    34.5965    34.6769    26.7963    26.8638      1.055      1.142      0.366      0.396 0.0000e+00
      24376   1015.641    413.990 -109.90990   21.95942    411.000     9.0757     9.0481 3.7017e+04   3.706851     0.0639     0.0635    98.4257 1.0000e-12          0     0.5035     0.5140     0.0574     0.1170     4.5788     0.0000     0.0084     0.0000     0.5032     0.5136    34.5963    34.6769    26.7971    26.8647      1.041      1.139      0.361      0.395 0.0000e+00
      24399   1016.585    414.998 -109.90990   21.95943    412.000     9.0511     9.0246 3.6993e+04   3.704732     0.0639     0.0634    98.4280 1.0000e-12          0     0.5039     0.5137     0.0574     0.1148     4.5789     0.0000     0.0084     0.0000     0.5029     0.5136    34.5949    34.6771    26.8000    26.8687      0.993      1.127      0.344      0.391 0.0000e+00
      24420   1017.476    416.006 -109.90990   21.95944    413.000     9.0330     9.0040 3.6976e+04   3.702823     0.0639     0.0630    98.4375 1.0000e-12          0     0.5036     0.5140     0.0574     0.1170     4.5793     0.0000     0.0083     0.0000     0.5030     0.5136    34.5941    34.6768    26.8023    26.8717      1.110      1.088      0.384      0.377 0.0000e+00
      24443   1018.416    417.015 -109.90990   21.95944    414.000     9.0016     8.9726 3.6945e+04   3.699771     0.0639     0.0625    98.4501 1.0000e-12          0     0.5037     0.5139     0.0574     0.1155     4.5799     0.0000     0.0085     0.0000     0.5032     0.5134    34.5919    34.6749    26.8056    26.8753      1.064      1.044      0.368      0.361 0.0000e+00
      24468   1019.462    418.023 -109.90990   21.95944    415.000     8.9790     8.9502 3.6923e+04   3.697463     0.0639     0.0624    98.4520 1.0000e-12          0     0.5035     0.5140     0.0574     0.1148     4.5800     0.0000     0.0083     0.0000     0.5031     0.5134    34.5907    34.6722    26.8083    26.8767      1.099      1.155      0.380      0.399 0.0000e+00
      24497   1020.656    419.031 -109.90990   21.95944    416.000     8.9688     8.9410 3.6914e+04   3.696515     0.0639     0.0625    98.4501 1.0000e-12          0     0.5036     0.5140     0.0574     0.1148     4.5799     0.0000     0.0085     0.0000     0.5031     0.5136    34.5900    34.6708    26.8093    26.8771      1.053      1.051      0.364      0.363 0.0000e+00
      24527   1021.934    420.039 -109.90990   21.95944    417.000     8.9672     8.9397 3.6913e+04   3.696384     0.0639     0.0624    98.4520 1.0000e-12          0     0.5036     0.5138     0.0574     0.1167     4.5800     0.0000     0.0085     0.0000     0.5030     0.5134    34.5900    34.6702    26.8096    26.8768      0.979      1.161      0.338      0.401 0.0000e+00
      24559   1023.254    421.048 -109.90990   21.95944    418.000     8.9535     8.9246 3.6900e+04   3.695148     0.0601     0.0625    98.4504 1.0000e-12          0     0.5036     0.5139     0.0570     0.1148     4.5799     0.0000     0.0084     0.0000     0.5029     0.5135    34.5898    34.6715    26.8117    26.8802      1.096      1.124      0.379      0.389 0.0000e+00
      24589   1024.518    422.056 -109.90989   21.95944    419.000     8.9327     8.9047 3.6880e+04   3.693134     0.0595     0.0624    98.4520 1.0000e-12          0     0.5036     0.5138     0.0570     0.1148     4.5800     0.0000     0.0085     0.0000     0.5031     0.5136    34.5884    34.6693    26.8139    26.8817      1.063      1.120      0.367      0.387 0.0000e+00
      24615   1025.583    423.064 -109.90988   21.95944    420.000     8.9191     8.8908 3.6867e+04   3.691906     0.0639     0.0624    98.4520 1.0000e-12          0     0.5036     0.5139     0.0574     0.1148     4.5800     0.0000     0.0085     0.0000     0.5030     0.5135    34.5876    34.6695    26.8154    26.8841      1.058      1.121      0.365      0.387 0.0000e+00
      24637   1026.493    424.073 -109.90988   21.95944    421.000     8.9069     8.8789 3.6856e+04   3.690686     0.0592     0.0625    98.4506 1.0000e-12          0     0.5034     0.5139     0.0569     0.1153     4.5799     0.0000     0.0085     0.0000     0.5032     0.5135    34.5869    34.6679    26.8169    26.8847      1.018      1.086      0.352      0.375 0.0000e+00
      24657   1027.349    425.081 -109.90988   21.95944    422.000     8.8881     8.8590 3.6838e+04   3.689067     0.0444     0.0624    98.4521 1.0000e-12          0     0.5035     0.5140     0.0554     0.1172     4.5800     0.0000     0.0085     0.0000     0.5028     0.5135    34.5866    34.6698    26.8195    26.8894      0.960      1.107      0.331      0.382 0.0000e+00
      24679   1028.250    426.089 -109.90988   21.95944    423.000     8.8645     8.8363 3.6816e+04   3.686749     0.0506     0.0624    98.4520 1.0000e-12          0     0.5036     0.5140     0.0560     0.1148     4.5800     0.0000     0.0084     0.0000     0.5031     0.5135    34.5858    34.6672    26.8227    26.8909      1.114      1.128      0.384      0.389 0.0000e+00
      24703   1029.241    427.098 -109.90988   21.95944    424.000     8.8531     8.8250 3.6805e+04   3.685622     0.0633     0.0624    98.4520 1.0000e-12          0     0.5035     0.5139     0.0573     0.1169     4.5800     0.0000     0.0084     0.0000     0.5030     0.5135    34.5847    34.6659    26.8236    26.8917      1.040      1.153      0.359      0.398 0.0000e+00
      24730   1030.383    428.106 -109.90988   21.95944    425.000     8.8490     8.8212 3.6801e+04   3.685229     0.0639     0.0624    98.4520 1.0000e-12          0     0.5035     0.5139     0.0574     0.1172     4.5800     0.0000     0.0083     0.0000     0.5029     0.5135    34.5847    34.6650    26.8243    26.8916      0.978      1.114      0.337      0.384 0.0000e+00
      24762   1031.702    429.114 -109.90988   21.95944    426.000     8.8393     8.8104 3.6793e+04   3.684367     0.0639     0.0624    98.4520 1.0000e-12          0     0.5035     0.5139     0.0574     0.1172     4.5800     0.0000     0.0085     0.0000     0.5029     0.5135    34.5848    34.6660    26.8260    26.8941      1.149      1.102      0.396      0.380 0.0000e+00
      24794   1033.060    430.123 -109.90988   21.95944    427.000     8.8210     8.7931 3.6776e+04   3.682674     0.0639     0.0624    98.4520 1.0000e-12          0     0.5034     0.5140     0.0574     0.1160     4.5800     0.0000     0.0084     0.0000     0.5030     0.5136    34.5842    34.6647    26.8284    26.8958      0.935      1.130      0.322      0.389 0.0000e+00
      24825   1034.318    431.131 -109.90988   21.95944    428.000     8.8071     8.7790 3.6763e+04   3.681390     0.0639     0.0624    98.4520 1.0000e-12          0     0.5034     0.5140     0.0574     0.1148     4.5800     0.0000     0.0084     0.0000     0.5028     0.5135    34.5838    34.6645    26.8303    26.8979      1.004      1.145      0.346      0.394 0.0000e+00
      24854   1035.545    432.139 -109.90988   21.95944    429.000     8.7969     8.7691 3.6754e+04   3.680419     0.0639     0.0630    98.4367 1.0000e-12          0     0.5036     0.5139     0.0574     0.1167     4.5793     0.0000     0.0084     0.0000     0.5028     0.5136    34.5837    34.6635    26.8318    26.8987      1.033      1.124      0.356      0.387 0.0000e+00
      24881   1036.656    433.148 -109.90988   21.95944    430.000     8.7869     8.7586 3.6744e+04   3.679554     0.0639     0.0624    98.4519 1.0000e-12          0     0.5034     0.5140     0.0574     0.1172     4.5800     0.0000     0.0084     0.0000     0.5030     0.5135    34.5830    34.6642    26.8328    26.9009      1.218      1.107      0.419      0.381 0.0000e+00
