data/ctd-cnv/KM1919/KM1919-St22-P3/St22_P3_cast76-align-cellTM-derive-bin.cnv
* Sea-Bird SBE 9 Data File:
* FileName = C:\Users\otg\Desktop\CTD Data\km1920\St22_P3_cast76.hex
* Software Version Seasave V 7.26.7.107
* Temperature SN = 5554
* Conductivity SN = 3876
* Number of Bytes Per Scan = 41
* Number of Voltage Words = 4
* Number of Scans Averaged by the Deck Unit = 1
* NMEA Latitude = 21 58.90 N
* NMEA Longitude = 109 55.13 W
* NMEA UTC (Time) = Oct 17 2019  12:53:29
* NMEA baud rate = 4800
** Ship: Kilo Moana
** Station: St22  P3 cast 76
** Operator: gr
# nquan = 34
# nvalues = 1001                        
# units = specified
# name 0 = scan: Scan Count
# name 1 = timeS: Time, Elapsed [seconds]
# name 2 = prDM: Pressure, Digiquartz [db]
# name 3 = longitude: Longitude [deg]
# name 4 = latitude: Latitude [deg]
# name 5 = depSM: Depth [salt water, m]
# name 6 = t090C: Temperature [ITS-90, deg C]
# name 7 = t190C: Temperature, 2 [ITS-90, deg C]
# name 8 = c0uS/cm: Conductivity [uS/cm]
# name 9 = c1S/m: Conductivity, 2 [S/m]
# name 10 = flECO-AFL: Fluorescence, WET Labs ECO-AFL/FL [mg/m^3]
# name 11 = CStarAt0: Beam Attenuation, WET Labs C-Star [1/m]
# name 12 = CStarTr0: Beam Transmission, WET Labs C-Star [%]
# name 13 = par: PAR/Irradiance, Biospherical/Licor
# name 14 = modError: Modulo Error Count
# name 15 = v0: Voltage 0
# name 16 = v1: Voltage 1
# name 17 = v2: Voltage 2
# name 18 = v3: Voltage 3
# name 19 = v4: Voltage 4
# name 20 = v5: Voltage 5
# name 21 = v6: Voltage 6
# name 22 = v7: Voltage 7
# name 23 = sbeox0V: Oxygen raw, SBE 43 [V]
# name 24 = sbeox1V: Oxygen raw, SBE 43, 2 [V]
# name 25 = sal00: Salinity, Practical [PSU]
# name 26 = sal11: Salinity, Practical, 2 [PSU]
# name 27 = sigma-é00: Density [sigma-theta, kg/m^3]
# name 28 = sigma-é11: Density, 2 [sigma-theta, kg/m^3]
# name 29 = sbeox0Mm/L: Oxygen, SBE 43 [umol/l], WS = 2
# name 30 = sbeox1Mm/L: Oxygen, SBE 43, 2 [umol/l], WS = 2
# name 31 = sbeox0PS: Oxygen, SBE 43 [% saturation], WS = 2
# name 32 = sbeox1PS: Oxygen, SBE 43, 2 [% saturation], WS = 2
# name 33 = flag: flag
# span 0 =       -138,      32734       
# span 1 =     -5.800,   1363.856       
# span 2 =      1.007,   1009.723       
# span 3 = -109.91486, -109.91478       
# span 4 =   21.97956,   21.98034       
# span 5 =      1.000,   1001.000       
# span 6 =     4.5977,    27.7084       
# span 7 =     4.5729,    27.6686       
# span 8 = 3.3130e+04, 5.5477e+04       
# span 9 =   3.317509,   5.555528       
# span 10 =     0.0391,     1.3300      
# span 11 =     0.0560,     0.1421      
# span 12 =    96.5090,    98.6098      
# span 13 = 1.0000e-12, 6.8453e+00      
# span 14 =          0,          0      
# span 15 =     0.5031,     2.4546      
# span 16 =     0.5130,     2.4354      
# span 17 =     0.0549,     0.1840      
# span 18 =     0.0653,     0.3356      
# span 19 =     4.4896,     4.5873      
# span 20 =     0.0000,     0.0000      
# span 21 =     0.0081,     1.8516      
# span 22 =     0.0000,     0.0000      
# span 23 =     0.5025,     2.4565      
# span 24 =     0.5123,     2.4382      
# span 25 =    33.9543,    34.7676      
# span 26 =    34.0413,    34.8520      
# span 27 =    22.2538,    27.3503      
# span 28 =    22.3306,    27.4146      
# span 29 =      0.842,    233.257      
# span 30 =      0.676,    246.291      
# span 31 =      0.290,    105.310      
# span 32 =      0.230,    109.609      
# span 33 = 0.0000e+00, 0.0000e+00      
# interval = meters: 1                  
# start_time = Oct 17 2019 13:07:23 [NMEA time, first data scan]
# bad_flag = -9.990e-29
*END*
[from data line 470]
      16807    700.229    474.496 -109.91480   21.97982    471.000     8.0438     8.0156 3.6050e+04   3.610101     0.0675     0.0613    98.4782 1.0000e-12          0     0.5034     0.5139     0.0578     0.1149     4.5812     0.0000     0.0085     0.0000     0.5026     0.5134    34.5556    34.6375    26.9256    26.9941      0.887      1.125      0.300      0.381 0.0000e+00
      16831    701.250    475.505 -109.91480   21.97982    472.000     8.0266     7.9988 3.6035e+04   3.608464     0.0610     0.0613    98.4782 1.0000e-12          0     0.5032     0.5138     0.0571     0.1147     4.5812     0.0000     0.0085     0.0000     0.5027     0.5132    34.5554    34.6361    26.9280    26.9955      1.102      1.057      0.373      0.358 0.0000e+00
      16856    702.296    476.513 -109.91480   21.97982    473.000     8.0184     7.9909 3.6028e+04   3.607844     0.0644     0.0609    98.4877 1.0000e-12          0     0.5033     0.5138     0.0574     0.1149     4.5816     0.0000     0.0085     0.0000     0.5027     0.5133    34.5564    34.6369    26.9300    26.9973      1.017      1.172      0.344      0.397 0.0000e+00
      16880    703.284    477.522 -109.91480   21.97982    474.000     8.0160     7.9885 3.6027e+04   3.607649     0.0645     0.0610    98.4866 1.0000e-12          0     0.5036     0.5139     0.0575     0.1148     4.5816     0.0000     0.0085     0.0000     0.5027     0.5133    34.5570    34.6366    26.9309    26.9974      1.076      1.032      0.364      0.349 0.0000e+00
      16905    704.339    478.530 -109.91480   21.97982    475.000     8.0100     7.9823 3.6022e+04   3.607154     0.0648     0.0610    98.4857 1.0000e-12          0     0.5032     0.5139     0.0575     0.1149     4.5815     0.0000     0.0085     0.0000     0.5030     0.5133    34.5566    34.6370    26.9314    26.9987      1.156      1.163      0.391      0.393 0.0000e+00
      16941    705.815    479.539 -109.91480   21.97982    476.000     7.9957     7.9680 3.6009e+04   3.605827     0.0647     0.0609    98.4877 1.0000e-12          0     0.5034     0.5138     0.0575     0.1148     4.5816     0.0000     0.0085     0.0000     0.5029     0.5134    34.5560    34.6364    26.9331    27.0004      0.989      1.165      0.335      0.394 0.0000e+00
      16985    707.679    480.547 -109.91480   21.97982    477.000     7.9794     7.9517 3.5993e+04   3.604296     0.0652     0.0603    98.5040 1.0000e-12          0     0.5035     0.5138     0.0575     0.1148     4.5824     0.0000     0.0085     0.0000     0.5027     0.5134    34.5553    34.6356    26.9349    27.0022      1.055      1.097      0.357      0.371 0.0000e+00
      17016    708.977    481.556 -109.91480   21.97982    478.000     7.9703     7.9427 3.5985e+04   3.603454     0.0634     0.0611    98.4848 1.0000e-12          0     0.5035     0.5139     0.0574     0.1150     4.5815     0.0000     0.0085     0.0000     0.5028     0.5133    34.5547    34.6351    26.9359    27.0031      1.035      1.129      0.350      0.382 0.0000e+00
      17042    710.032    482.565 -109.91480   21.97982    479.000     7.9621     7.9345 3.5977e+04   3.602716     0.0639     0.0604    98.5029 1.0000e-12          0     0.5034     0.5140     0.0574     0.1150     4.5823     0.0000     0.0085     0.0000     0.5028     0.5134    34.5543    34.6347    26.9367    27.0040      1.118      1.100      0.378      0.372 0.0000e+00
      17067    711.081    483.573 -109.91480   21.97982    480.000     7.9536     7.9260 3.5970e+04   3.601930     0.0644     0.0603    98.5034 1.0000e-12          0     0.5032     0.5139     0.0574     0.1149     4.5824     0.0000     0.0085     0.0000     0.5027     0.5131    34.5540    34.6342    26.9378    27.0049      0.973      1.006      0.329      0.340 0.0000e+00
      17093    712.153    484.582 -109.91480   21.97982    481.000     7.9452     7.9176 3.5962e+04   3.601197     0.0644     0.0603    98.5045 1.0000e-12          0     0.5033     0.5138     0.0574     0.1149     4.5824     0.0000     0.0085     0.0000     0.5029     0.5134    34.5537    34.6342    26.9388    27.0061      1.104      1.255      0.373      0.424 0.0000e+00
      17119    713.254    485.590 -109.91480   21.97982    482.000     7.9399     7.9124 3.5958e+04   3.600725     0.0639     0.0606    98.4967 1.0000e-12          0     0.5034     0.5140     0.0574     0.1149     4.5820     0.0000     0.0085     0.0000     0.5028     0.5134    34.5536    34.6338    26.9395    27.0067      0.994      1.129      0.336      0.381 0.0000e+00
      17145    714.329    486.599 -109.91480   21.97982    483.000     7.9299     7.9021 3.5948e+04   3.599856     0.0644     0.0603    98.5046 1.0000e-12          0     0.5035     0.5138     0.0575     0.1149     4.5824     0.0000     0.0085     0.0000     0.5026     0.5134    34.5530    34.6342    26.9406    27.0085      1.010      1.114      0.341      0.376 0.0000e+00
      17168    715.290    487.608 -109.91480   21.97982    484.000     7.9159     7.8880 3.5935e+04   3.598548     0.0623     0.0607    98.4931 1.0000e-12          0     0.5034     0.5137     0.0572     0.1148     4.5819     0.0000     0.0085     0.0000     0.5029     0.5132    34.5523    34.6336    26.9421    27.0101      1.074      1.056      0.363      0.356 0.0000e+00
      17190    716.188    488.616 -109.91480   21.97982    485.000     7.9014     7.8736 3.5922e+04   3.597181     0.0650     0.0610    98.4859 1.0000e-12          0     0.5035     0.5139     0.0575     0.1149     4.5816     0.0000     0.0085     0.0000     0.5027     0.5133    34.5519    34.6327    26.9439    27.0115      1.047      1.103      0.353      0.372 0.0000e+00
      17210    717.059    489.625 -109.91480   21.97982    486.000     7.8959     7.8684 3.5917e+04   3.596694     0.0617     0.0606    98.4979 1.0000e-12          0     0.5034     0.5139     0.0572     0.1149     4.5821     0.0000     0.0085     0.0000     0.5028     0.5133    34.5519    34.6322    26.9447    27.0119      1.035      1.162      0.349      0.392 0.0000e+00
      17236    718.139    490.634 -109.91480   21.97982    487.000     7.8890     7.8615 3.5911e+04   3.596088     0.0638     0.0610    98.4870 1.0000e-12          0     0.5033     0.5139     0.0574     0.1149     4.5816     0.0000     0.0085     0.0000     0.5026     0.5133    34.5517    34.6320    26.9456    27.0128      0.965      1.125      0.326      0.380 0.0000e+00
      17279    719.917    491.642 -109.91481   21.97982    488.000     7.8796     7.8523 3.5903e+04   3.595245     0.0628     0.0608    98.4913 1.0000e-12          0     0.5033     0.5138     0.0573     0.1148     4.5818     0.0000     0.0085     0.0000     0.5028     0.5132    34.5515    34.6315    26.9468    27.0138      1.056      1.108      0.356      0.374 0.0000e+00
      17326    721.878    492.651 -109.91482   21.97982    489.000     7.8749     7.8477 3.5900e+04   3.594827     0.0643     0.0603    98.5051 1.0000e-12          0     0.5033     0.5139     0.0574     0.1149     4.5824     0.0000     0.0085     0.0000     0.5027     0.5133    34.5521    34.6311    26.9481    27.0142      1.138      1.081      0.384      0.365 0.0000e+00
      17356    723.142    493.660 -109.91482   21.97982    490.000     7.8684     7.8405 3.5894e+04   3.594268     0.0639     0.0603    98.5045 1.0000e-12          0     0.5034     0.5137     0.0574     0.1149     4.5824     0.0000     0.0085     0.0000     0.5029     0.5132    34.5515    34.6317    26.9486    27.0157      1.024      1.080      0.345      0.364 0.0000e+00
      17383    724.250    494.668 -109.91481   21.97982    491.000     7.8512     7.8233 3.5877e+04   3.592673     0.0644     0.0603    98.5035 1.0000e-12          0     0.5033     0.5138     0.0574     0.1148     4.5824     0.0000     0.0085     0.0000     0.5027     0.5131    34.5505    34.6311    26.9503    27.0178      1.019      1.121      0.344      0.378 0.0000e+00
      17408    725.279    495.677 -109.91480   21.97982    492.000     7.8410     7.8136 3.5868e+04   3.591722     0.0639     0.0603    98.5045 1.0000e-12          0     0.5033     0.5138     0.0574     0.1149     4.5824     0.0000     0.0085     0.0000     0.5029     0.5133    34.5497    34.6300    26.9512    27.0184      1.087      1.075      0.366      0.362 0.0000e+00
      17430    726.223    496.686 -109.91480   21.97982    493.000     7.8362     7.8086 3.5863e+04   3.591307     0.0652     0.0603    98.5045 1.0000e-12          0     0.5035     0.5138     0.0575     0.1149     4.5824     0.0000     0.0085     0.0000     0.5028     0.5130    34.5493    34.6301    26.9516    27.0191      1.148      1.071      0.387      0.361 0.0000e+00
      17450    727.054    497.694 -109.91480   21.97982    494.000     7.8203     7.7922 3.5848e+04   3.589828     0.0639     0.0603    98.5045 1.0000e-12          0     0.5036     0.5137     0.0574     0.1150     4.5824     0.0000     0.0085     0.0000     0.5030     0.5133    34.5484    34.6299    26.9532    27.0214      0.983      1.205      0.331      0.406 0.0000e+00
      17470    727.875    498.703 -109.91480   21.97982    495.000     7.8122     7.7846 3.5841e+04   3.589070     0.0661     0.0602    98.5069 1.0000e-12          0     0.5032     0.5137     0.0576     0.1150     4.5825     0.0000     0.0085     0.0000     0.5026     0.5134    34.5481    34.6288    26.9542    27.0217      0.891      1.115      0.300      0.376 0.0000e+00
      17491    728.770    499.712 -109.91480   21.97982    496.000     7.8076     7.7802 3.5837e+04   3.588637     0.0635     0.0601    98.5092 1.0000e-12          0     0.5035     0.5138     0.0574     0.1149     4.5826     0.0000     0.0085     0.0000     0.5027     0.5132    34.5480    34.6280    26.9548    27.0217      1.080      1.077      0.364      0.363 0.0000e+00
      17518    729.888    500.720 -109.91480   21.97982    497.000     7.7969     7.7693 3.5827e+04   3.587709     0.0635     0.0603    98.5046 1.0000e-12          0     0.5035     0.5137     0.0574     0.1150     4.5824     0.0000     0.0085     0.0000     0.5026     0.5132    34.5474    34.6284    26.9559    27.0236      1.009      1.087      0.340      0.366 0.0000e+00
      17565    731.828    501.729 -109.91480   21.97980    498.000     7.7734     7.7452 3.5804e+04   3.585321     0.0633     0.0601    98.5082 1.0000e-12          0     0.5033     0.5138     0.0573     0.1149     4.5826     0.0000     0.0085     0.0000     0.5027     0.5133    34.5456    34.6260    26.9579    27.0253      1.033      1.183      0.348      0.398 0.0000e+00
      17615    733.910    502.738 -109.91480   21.97980    499.000     7.7545     7.7268 3.5786e+04   3.583514     0.0649     0.0603    98.5043 1.0000e-12          0     0.5033     0.5137     0.0575     0.1149     4.5824     0.0000     0.0085     0.0000     0.5028     0.5134    34.5440    34.6243    26.9594    27.0266      1.108      1.068      0.373      0.359 0.0000e+00
      17646    735.190    503.747 -109.91480   21.97980    500.000     7.7415     7.7136 3.5774e+04   3.582387     0.0639     0.0606    98.4956 1.0000e-12          0     0.5033     0.5138     0.0574     0.1149     4.5820     0.0000     0.0085     0.0000     0.5028     0.5132    34.5435    34.6247    26.9609    27.0289      1.056      1.023      0.355      0.344 0.0000e+00
      17669    736.154    504.755 -109.91480   21.97980    501.000     7.7146     7.6862 3.5749e+04   3.579908     0.0639     0.0605    98.4982 1.0000e-12          0     0.5032     0.5139     0.0574     0.1149     4.5821     0.0000     0.0085     0.0000     0.5028     0.5129    34.5429    34.6247    26.9644    27.0329      0.964      1.100      0.324      0.370 0.0000e+00
      17689    736.991    505.764 -109.91480   21.97980    502.000     7.6979     7.6703 3.5734e+04   3.578321     0.0639     0.0611    98.4839 1.0000e-12          0     0.5034     0.5140     0.0574     0.1148     4.5815     0.0000     0.0085     0.0000     0.5026     0.5133    34.5422    34.6229    26.9663    27.0338      1.032      1.165      0.347      0.391 0.0000e+00
      17708    737.799    506.773 -109.91480   21.97980    503.000     7.6916     7.6642 3.5729e+04   3.577775     0.0639     0.0603    98.5053 1.0000e-12          0     0.5034     0.5138     0.0574     0.1145     4.5824     0.0000     0.0085     0.0000     0.5028     0.5131    34.5429    34.6226    26.9678    27.0344      1.078      1.061      0.362      0.356 0.0000e+00
      17727    738.599    507.781 -109.91480   21.97980    504.000     7.6829     7.6545 3.5723e+04   3.577274     0.0652     0.0603    98.5045 1.0000e-12          0     0.5033     0.5138     0.0575     0.1149     4.5824     0.0000     0.0085     0.0000     0.5025     0.5133    34.5445    34.6263    26.9703    27.0388      0.865      1.201      0.290      0.403 0.0000e+00
      17747    739.424    508.790 -109.91480   21.97980    505.000     7.6409     7.6119 3.5683e+04   3.573396     0.0621     0.0603    98.5045 1.0000e-12          0     0.5034     0.5134     0.0572     0.1148     4.5824     0.0000     0.0085     0.0000     0.5025     0.5131    34.5426    34.6262    26.9749    27.0448      1.006      0.979      0.337      0.329 0.0000e+00
      17770    740.374    509.799 -109.91480   21.97980    506.000     7.6268     7.5994 3.5670e+04   3.571983     0.0643     0.0603    98.5045 1.0000e-12          0     0.5033     0.5138     0.0574     0.1149     4.5824     0.0000     0.0085     0.0000     0.5027     0.5132    34.5424    34.6228    26.9768    27.0440      1.119      1.206      0.376      0.404 0.0000e+00
      17808    741.963    510.808 -109.91480   21.97980    507.000     7.6131     7.5858 3.5658e+04   3.570790     0.0642     0.0598    98.5156 1.0000e-12          0     0.5032     0.5138     0.0574     0.1149     4.5829     0.0000     0.0085     0.0000     0.5027     0.5132    34.5425    34.6230    26.9789    27.0461      1.066      1.064      0.357      0.357 0.0000e+00
      17859    744.074    511.816 -109.91481   21.97980    508.000     7.6029     7.5755 3.5651e+04   3.569926     0.0645     0.0597    98.5186 1.0000e-12          0     0.5032     0.5136     0.0575     0.1149     4.5830     0.0000     0.0085     0.0000     0.5027     0.5130    34.5438    34.6233    26.9813    27.0479      1.041      1.058      0.349      0.355 0.0000e+00
      17897    745.649    512.825 -109.91482   21.97980    509.000     7.5945     7.5672 3.5644e+04   3.569245     0.0628     0.0600    98.5123 1.0000e-12          0     0.5033     0.5138     0.0573     0.1148     4.5828     0.0000     0.0085     0.0000     0.5026     0.5131    34.5442    34.6238    26.9829    27.0495      0.958      1.169      0.321      0.392 0.0000e+00
      17926    746.866    513.834 -109.91482   21.97980    510.000     7.5842     7.5569 3.5635e+04   3.568480     0.0634     0.0598    98.5156 1.0000e-12          0     0.5032     0.5136     0.0574     0.1149     4.5829     0.0000     0.0085     0.0000     0.5025     0.5129    34.5450    34.6253    26.9850    27.0521      1.100      1.005      0.369      0.336 0.0000e+00
      17950    747.878    514.843 -109.91482   21.97980    511.000     7.5765     7.5493 3.5629e+04   3.567833     0.0645     0.0598    98.5164 1.0000e-12          0     0.5034     0.5134     0.0575     0.1149     4.5829     0.0000     0.0085     0.0000     0.5028     0.5130    34.5455    34.6253    26.9866    27.0532      1.041      1.051      0.349      0.352 0.0000e+00
      17972    748.785    515.851 -109.91482   21.97980    512.000     7.5724     7.5452 3.5626e+04   3.567522     0.0639     0.0595    98.5227 1.0000e-12          0     0.5033     0.5136     0.0574     0.1148     4.5832     0.0000     0.0085     0.0000     0.5026     0.5130    34.5458    34.6256    26.9874    27.0541      0.940      1.126      0.315      0.377 0.0000e+00
