data/ctd-cnv/KM1919/KM1919-St22-P3/St22_P3_cast71-align-cellTM-derive-bin.cnv
* Sea-Bird SBE 9 Data File:
* FileName = C:\Users\otg\Desktop\CTD Data\km1920\St22_P3_cast71.hex
* Software Version Seasave V 7.26.7.107
* Temperature SN = 5554
* Conductivity SN = 3876
* Number of Bytes Per Scan = 41
* Number of Voltage Words = 4
* Number of Scans Averaged by the Deck Unit = 1
* NMEA Latitude = 21 55.29 N
* NMEA Longitude = 109 56.34 W
* NMEA UTC (Time) = Oct 16 2019  16:59:12
* NMEA baud rate = 4800
** Ship: Kilo Moana
** Station: St22  P3 cast 71
** Operator: gr
# nquan = 34
# nvalues = 259                         
# units = specified
# name 0 = scan: Scan Count
# name 1 = timeS: Time, Elapsed [seconds]
# name 2 = prDM: Pressure, Digiquartz [db]
# name 3 = longitude: Longitude [deg]
# name 4 = latitude: Latitude [deg]
# name 5 = depSM: Depth [salt water, m]
# name 6 = t090C: Temperature [ITS-90, deg C]
# name 7 = t190C: Temperature, 2 [ITS-90, deg C]
# name 8 = c0uS/cm: Conductivity [uS/cm]
# name 9 = c1S/m: Conductivity, 2 [S/m]
# name 10 = flECO-AFL: Fluorescence, WET Labs ECO-AFL/FL [mg/m^3]
# name 11 = CStarAt0: Beam Attenuation, WET Labs C-Star [1/m]
# name 12 = CStarTr0: Beam Transmission, WET Labs C-Star [%]
# name 13 = par: PAR/Irradiance, Biospherical/Licor
# name 14 = modError: Modulo Error Count
# name 15 = v0: Voltage 0
# name 16 = v1: Voltage 1
# name 17 = v2: Voltage 2
# name 18 = v3: Voltage 3
# name 19 = v4: Voltage 4
# name 20 = v5: Voltage 5
# name 21 = v6: Voltage 6
# name 22 = v7: Voltage 7
# name 23 = sbeox0V: Oxygen raw, SBE 43 [V]
# name 24 = sbeox1V: Oxygen raw, SBE 43, 2 [V]
# name 25 = sal00: Salinity, Practical [PSU]
# name 26 = sal11: Salinity, Practical, 2 [PSU]
# name 27 = sigma-é00: Density [sigma-theta, kg/m^3]
# name 28 = sigma-é11: Density, 2 [sigma-theta, kg/m^3]
# name 29 = sbeox0Mm/L: Oxygen, SBE 43 [umol/l], WS = 2
# name 30 = sbeox1Mm/L: Oxygen, SBE 43, 2 [umol/l], WS = 2
# name 31 = sbeox0PS: Oxygen, SBE 43 [% saturation], WS = 2
# name 32 = sbeox1PS: Oxygen, SBE 43, 2 [% saturation], WS = 2
# name 33 = flag: flag
# span 0 =        -12,       9967       
# span 1 =     -0.538,    415.252       
# span 2 =      3.019,    262.802       
# span 3 = -109.93892, -109.93890       
# span 4 =   21.92140,   21.92146       
# span 5 =      3.000,    261.000       
# span 6 =    11.1556,    27.6859       
# span 7 =    11.1261,    27.6424       
# span 8 = 3.9015e+04, 5.5376e+04       
# span 9 =   3.906839,   5.545127       
# span 10 =     0.0395,     1.2497      
# span 11 =     0.0600,     0.1459      
# span 12 =    96.4199,    98.5125      
# span 13 = -2.652e-06, 1.2840e+03      
# span 14 =          0,          0      
# span 15 =     0.5043,     2.4772      
# span 16 =     0.5157,     2.4728      
# span 17 =     0.0549,     0.1759      
# span 18 =     0.1123,     0.1153      
# span 19 =     4.4855,     4.5828      
# span 20 =     0.0000,     0.0000      
# span 21 =     0.0085,     4.0754      
# span 22 =     0.0000,     0.0000      
# span 23 =     0.5036,     2.4731      
# span 24 =     0.5148,     2.4673      
# span 25 =    33.9224,    34.7730      
# span 26 =    34.0087,    34.8589      
# span 27 =    22.2211,    26.5271      
# span 28 =    22.2992,    26.5955      
# span 29 =      1.017,    237.038      
# span 30 =      1.197,    248.283      
# span 31 =      0.370,    106.237      
# span 32 =      0.434,    111.399      
# span 33 = 0.0000e+00, 0.0000e+00      
# interval = meters: 1                  
# start_time = Oct 16 2019 17:05:46 [NMEA time, first data scan]
# bad_flag = -9.990e-29
*END*
        -12     -0.538      3.019 -109.93890   21.92146      3.000    27.6778    27.6385 5.5368e+04   5.544720     0.0465     0.0946    97.6629 1.2840e+03          0     2.3370     2.3250     0.0557     0.1149     4.5432     0.0000     4.0754     0.0000     2.3340     2.3256    34.6331    34.7184    22.2238    22.3007    197.522    208.023     97.419    102.581 0.0000e+00
         37      1.518      4.025 -109.93890   21.92146      4.000    27.6859    27.6424 5.5376e+04   5.545127     0.0601     0.0938    97.6827 8.2376e+02          0     2.3341     2.3236     0.0570     0.1147     4.5442     0.0000     3.9105     0.0000     2.3328     2.3217    34.6329    34.7181    22.2211    22.2992    197.336    207.551     97.340    102.355 0.0000e+00
         92      3.771      5.031 -109.93890   21.92145      5.000    27.6815    27.6411 5.5372e+04   5.545017     0.0519     0.0927    97.7087 7.2545e+02          0     2.3335     2.3236     0.0562     0.1147     4.5454     0.0000     3.8539     0.0000     2.3352     2.3242    34.6331    34.7179    22.2227    22.2996    198.042    207.967     97.682    102.558 0.0000e+00
        147      6.095      6.038 -109.93890   21.92144      6.000    27.6792    27.6397 5.5370e+04   5.544956     0.0520     0.0921    97.7250 7.8767e+02          0     2.3322     2.3224     0.0562     0.1148     4.5462     0.0000     3.8897     0.0000     2.3384     2.3228    34.6331    34.7183    22.2235    22.3004    197.889    207.658     97.603    102.403 0.0000e+00
        189      7.834      7.044 -109.93890   21.92144      7.000    27.6784    27.6380 5.5370e+04   5.544804     0.0517     0.0921    97.7251 7.2243e+02          0     2.3371     2.3249     0.0562     0.1147     4.5462     0.0000     3.8495     0.0000     2.3376     2.3229    34.6332    34.7182    22.2240    22.3010    197.995    207.632     97.653    102.387 0.0000e+00
        234      9.729      8.050 -109.93890   21.92144      8.000    27.6738    27.6306 5.5366e+04   5.544180     0.0517     0.0918    97.7320 6.0560e+02          0     2.3380     2.3229     0.0562     0.1148     4.5465     0.0000     3.7838     0.0000     2.3347     2.3177    34.6333    34.7189    22.2256    22.3040    197.264    207.238     97.286    102.181 0.0000e+00
        279     11.598      9.057 -109.93890   21.92144      9.000    27.6420    27.6010 5.5333e+04   5.541105     0.0520     0.0928    97.7078 6.3055e+02          0     2.3377     2.3222     0.0562     0.1148     4.5454     0.0000     3.8054     0.0000     2.3317     2.3219    34.6333    34.7189    22.2359    22.3136    197.701    207.972     97.450    102.493 0.0000e+00
        324     13.462     10.063 -109.93890   21.92144     10.000    27.6262    27.5868 5.5316e+04   5.539568     0.0627     0.0940    97.6772 5.5694e+02          0     2.3339     2.3176     0.0573     0.1147     4.5439     0.0000     3.7590     0.0000     2.3343     2.3213    34.6326    34.7183    22.2407    22.3179    198.053    207.850     97.598    102.409 0.0000e+00
        362     15.048     11.069 -109.93890   21.92144     11.000    27.6280    27.5890 5.5317e+04   5.539604     0.0723     0.0940    97.6765 5.0845e+02          0     2.3310     2.3219     0.0582     0.1148     4.5439     0.0000     3.7153     0.0000     2.3367     2.3208    34.6322    34.7166    22.2398    22.3159    197.958    207.784     97.554    102.379 0.0000e+00
        421     17.520     12.076 -109.93890   21.92144     12.000    27.6597    27.6111 5.5353e+04   5.542222     0.0686     0.0935    97.6896 4.7099e+02          0     2.3352     2.3212     0.0579     0.1148     4.5445     0.0000     3.6844     0.0000     2.3319     2.3216    34.6333    34.7184    22.2305    22.3102    197.414    207.938     97.337    102.493 0.0000e+00
        495     20.586     13.082 -109.93890   21.92144     13.000    27.6219    27.5825 5.5313e+04   5.539319     0.0640     0.0944    97.6673 4.8781e+02          0     2.3308     2.3219     0.0574     0.1147     4.5434     0.0000     3.7007     0.0000     2.3318     2.3219    34.6328    34.7188    22.2424    22.3199    197.906    207.907     97.519    102.429 0.0000e+00
        530     22.036     14.088 -109.93890   21.92144     14.000    27.6193    27.5788 5.5310e+04   5.538842     0.0791     0.0954    97.6425 4.3067e+02          0     2.3323     2.3210     0.0589     0.1147     4.5423     0.0000     3.6476     0.0000     2.3305     2.3221    34.6323    34.7179    22.2430    22.3204    197.264    208.141     97.198    102.538 0.0000e+00
        564     23.447     15.095 -109.93890   21.92144     15.000    27.6152    27.5744 5.5305e+04   5.538325     0.0837     0.1014    97.4963 4.5885e+02          0     2.3304     2.3230     0.0593     0.1148     4.5356     0.0000     3.6728     0.0000     2.3313     2.3207    34.6317    34.7172    22.2439    22.3214    197.957    207.854     97.532    102.389 0.0000e+00
        612     25.461     16.101 -109.93890   21.92144     16.000    27.6136    27.5739 5.5303e+04   5.538293     0.0883     0.0961    97.6264 4.3426e+02          0     2.3316     2.3216     0.0598     0.1147     4.5416     0.0000     3.6423     0.0000     2.3307     2.3179    34.6315    34.7170    22.2443    22.3215    197.330    207.457     97.221    102.193 0.0000e+00
        686     28.526     17.107 -109.93890   21.92144     17.000    27.6120    27.5721 5.5303e+04   5.538119     0.0917     0.0962    97.6236 3.8499e+02          0     2.3306     2.3185     0.0602     0.1147     4.5414     0.0000     3.5969     0.0000     2.3275     2.3174    34.6318    34.7168    22.2451    22.3220    197.434    207.672     97.270    102.295 0.0000e+00
        766     31.893     18.113 -109.93890   21.92144     18.000    27.6098    27.5696 5.5301e+04   5.537904     0.0879     0.0959    97.6309 3.6744e+02          0     2.3261     2.3171     0.0598     0.1148     4.5418     0.0000     3.5787     0.0000     2.3311     2.3179    34.6318    34.7168    22.2460    22.3229    198.105    207.951     97.597    102.429 0.0000e+00
        797     33.172     19.120 -109.93890   21.92144     19.000    27.6081    27.5674 5.5299e+04   5.537715     0.0980     0.0956    97.6383 3.9760e+02          0     2.3285     2.3182     0.0608     0.1148     4.5421     0.0000     3.6120     0.0000     2.3314     2.3205    34.6317    34.7169    22.2465    22.3238    197.488    208.040     97.290    102.469 0.0000e+00
        827     34.434     20.126 -109.93890   21.92144     20.000    27.6036    27.5628 5.5294e+04   5.537196     0.1109     0.0957    97.6356 3.3336e+02          0     2.3289     2.3164     0.0621     0.1148     4.5420     0.0000     3.5345     0.0000     2.3299     2.3193    34.6314    34.7163    22.2478    22.3248    197.774    207.822     97.423    102.353 0.0000e+00
        871     36.253     21.133 -109.93890   21.92144     21.000    27.6017    27.5617 5.5292e+04   5.537032     0.1125     0.0959    97.6320 3.5775e+02          0     2.3310     2.3194     0.0623     0.1148     4.5418     0.0000     3.5659     0.0000     2.3299     2.3178    34.6309    34.7157    22.2481    22.3249    197.740    207.786     97.404    102.333 0.0000e+00
        966     40.218     22.139 -109.93892   21.92144     22.000    27.6023    27.5622 5.5293e+04   5.537153     0.1094     0.0964    97.6194 3.3487e+02          0     2.3297     2.3177     0.0620     0.1147     4.5412     0.0000     3.5374     0.0000     2.3310     2.3186    34.6309    34.7159    22.2480    22.3249    198.014    208.005     97.539    102.442 0.0000e+00
       1045     43.488     23.145 -109.93892   21.92144     23.000    27.6011    27.5609 5.5292e+04   5.537044     0.1145     0.0963    97.6218 3.0692e+02          0     2.3290     2.3190     0.0625     0.1148     4.5414     0.0000     3.5008     0.0000     2.3314     2.3192    34.6307    34.7157    22.2483    22.3253    197.199    207.844     97.136    102.361 0.0000e+00
       1073     44.675     24.152 -109.93892   21.92144     24.000    27.5903    27.5493 5.5279e+04   5.535847     0.1126     0.1006    97.5170 3.1934e+02          0     2.3344     2.3189     0.0623     0.1148     4.5365     0.0000     3.5179     0.0000     2.3201     2.3105    34.6290    34.7156    22.2506    22.3290    199.162    206.791     98.084    101.823 0.0000e+00
       1097     45.662     25.158 -109.93892   21.92144     25.000    27.5629    27.5226 5.5244e+04   5.532729     0.1177     0.0991    97.5526 2.7981e+02          0     2.3328     2.3194     0.0628     0.1148     4.5381     0.0000     3.4606     0.0000     2.3657     2.3224    34.6243    34.7131    22.2560    22.3358    211.110    212.168    103.919    104.423 0.0000e+00
       1121     46.683     26.165 -109.93892   21.92144     26.000    27.0383    26.9580 5.4618e+04   5.477171     0.1357     0.0987    97.5631 2.6255e+02          0     2.3323     2.3190     0.0646     0.1148     4.5386     0.0000     3.4326     0.0000     2.4201     2.3660    34.5686    34.7384    22.3817    22.5351    213.061    219.248    103.947    106.913 0.0000e+00
       1230     51.195     27.171 -109.93891   21.92142     27.000    25.3893    25.6370 5.2673e+04   5.308602     0.2240     0.1161    97.1375 2.8133e+02          0     2.3545     2.3436     0.0734     0.1148     4.5189     0.0000     3.4622     0.0000     2.3981     2.3942    34.4006    34.5160    22.7726    22.7831    210.938    223.895     99.961    106.656 0.0000e+00
       1319     54.924     28.177 -109.93892   21.92142     28.000    24.3392    24.2735 5.1489e+04   5.163080     0.2552     0.1143    97.1828 2.4117e+02          0     2.3981     2.3879     0.0765     0.1148     4.5210     0.0000     3.3963     0.0000     2.4521     2.4245    34.3208    34.4777    23.0284    23.1667    225.544    234.993    104.988    109.359 0.0000e+00
       1345     55.989     29.184 -109.93892   21.92142     29.000    23.7198    23.6555 5.0800e+04   5.092198     0.2769     0.1167    97.1258 2.1923e+02          0     2.4154     2.3947     0.0787     0.1148     4.5183     0.0000     3.3542     0.0000     2.4582     2.4410    34.2777    34.4203    23.1786    23.3054    229.329    240.320    105.581    110.607 0.0000e+00
       1373     57.167     30.190 -109.93892   21.92142     30.000    22.9148    22.8610 4.9918e+04   5.003763     0.2982     0.1175    97.1060 2.4031e+02          0     2.4434     2.4121     0.0808     0.1148     4.5174     0.0000     3.3945     0.0000     2.4661     2.4595    34.2288    34.3630    23.3749    23.4921    233.273    245.495    105.870    111.399 0.0000e+00
       1407     58.581     31.197 -109.93892   21.92142     31.000    22.3931    22.4326 4.9361e+04   4.954687     0.3276     0.1197    97.0517 2.1293e+02          0     2.4520     2.4279     0.0838     0.1148     4.5148     0.0000     3.3418     0.0000     2.4731     2.4673    34.2059    34.3193    23.5058    23.5808    236.274    247.105    106.237    111.258 0.0000e+00
       1526     63.561     32.203 -109.93892   21.92142     32.000    21.9893    21.9260 4.8963e+04   4.902138     0.3540     0.1178    97.0991 2.0257e+02          0     2.4772     2.4728     0.0864     0.1148     4.5171     0.0000     3.3205     0.0000     2.4667     2.4614    34.2126    34.3089    23.6245    23.7153    234.852    247.541    104.849    110.452 0.0000e+00
       1590     66.223     33.209 -109.93892   21.92142     33.000    21.6778    21.6408 4.8642e+04   4.874048     0.3055     0.1123    97.2319 1.9627e+02          0     2.4675     2.4666     0.0816     0.1147     4.5232     0.0000     3.3065     0.0000     2.4403     2.4434    34.2069    34.3138    23.7065    23.7981    232.666    245.820    103.294    109.130 0.0000e+00
       1614     67.211     34.216 -109.93892   21.92142     34.000    21.4179    21.3709 4.8358e+04   4.845067     0.3042     0.1135    97.2023 1.7771e+02          0     2.4646     2.4596     0.0814     0.1148     4.5219     0.0000     3.2636     0.0000     2.4356     2.4344    34.1879    34.2993    23.7637    23.8613    234.736    246.277    103.716    108.795 0.0000e+00
       1645     68.480     35.222 -109.93892   21.92142     35.000    21.1599    21.1408 4.8094e+04   4.819682     0.3716     0.1183    97.0854 1.5698e+02          0     2.4543     2.4525     0.0882     0.1148     4.5164     0.0000     3.2089     0.0000     2.4335     2.4301    34.1840    34.2810    23.8313    23.9102    235.551    247.426    103.593    108.840 0.0000e+00
       1696     70.610     36.229 -109.93892   21.92142     36.000    20.9440    20.9546 4.7880e+04   4.801258     0.3313     0.1130    97.2154 1.5877e+02          0     2.4364     2.4361     0.0841     0.1148     4.5225     0.0000     3.2144     0.0000     2.4250     2.4231    34.1852    34.2828    23.8907    23.9621    235.557    247.376    103.193    108.454 0.0000e+00
       1747     72.756     37.235 -109.93892   21.92142     37.000    20.7365    20.7633 4.7672e+04   4.781716     0.3420     0.1128    97.2216 1.4190e+02          0     2.4304     2.4279     0.0852     0.1148     4.5228     0.0000     3.1658     0.0000     2.4230     2.4199    34.1843    34.2796    23.9459    24.0113    237.038    248.283    103.452    108.473 0.0000e+00
       1833     76.341     38.242 -109.93892   21.92142     38.000    20.5410    20.4958 4.7464e+04   4.753460     0.3427     0.1083    97.3285 1.3014e+02          0     2.4237     2.4192     0.0853     0.1148     4.5277     0.0000     3.1283     0.0000     2.4162     2.4111    34.1743    34.2674    23.9907    24.0737    235.439    247.586    102.385    107.637 0.0000e+00
       1914     79.705     39.248 -109.93891   21.92142     39.000    20.2273    20.1903 4.7131e+04   4.721863     0.3395     0.1052    97.4047 1.2854e+02          0     2.4214     2.4160     0.0849     0.1148     4.5312     0.0000     3.1230     0.0000     2.3766     2.3824    34.1572    34.2584    24.0610    24.1480    229.804    243.889     99.352    105.434 0.0000e+00
       1936     80.609     40.254 -109.93890   21.92142     40.000    19.9373    19.8926 4.6815e+04   4.690278     0.3598     0.1070    97.3614 1.1559e+02          0     2.4150     2.4110     0.0870     0.1149     4.5292     0.0000     3.0764     0.0000     2.3685     2.3723    34.1346    34.2426    24.1201    24.2141    232.176    244.712     99.833    105.205 0.0000e+00
       1962     81.695     41.261 -109.93890   21.92141     41.000    19.7262    19.6834 4.6594e+04   4.667560     0.4324     0.1121    97.2364 1.0496e+02          0     2.4030     2.4005     0.0942     0.1148     4.5234     0.0000     3.0349     0.0000     2.3617     2.3654    34.1250    34.2267    24.1678    24.2566    232.803    245.521     99.709    105.137 0.0000e+00
       2023     84.256     42.267 -109.93890   21.92140     42.000    19.6462    19.6262 4.6515e+04   4.660148     0.5387     0.1167    97.1240 1.0156e+02          0     2.3696     2.3736     0.1048     0.1148     4.5182     0.0000     3.0200     0.0000     2.3534     2.3565    34.1249    34.2122    24.1886    24.2604    232.415    244.716     99.396    104.673 0.0000e+00
       2112     87.957     43.274 -109.93890   21.92140     43.000    19.5288    19.5196 4.6401e+04   4.649871     0.6162     0.1170    97.1160 9.4277e+01          0     2.3533     2.3561     0.1126     0.1148     4.5178     0.0000     2.9883     0.0000     2.3256     2.3321    34.1261    34.2144    24.2200    24.2897    227.351    240.957     97.021    102.864 0.0000e+00
       2175     90.592     44.280 -109.93890   21.92140     44.000    19.2442    19.2824 4.6113e+04   4.626731     0.7507     0.1249    96.9245 8.4407e+01          0     2.3362     2.3401     0.1261     0.1148     4.5089     0.0000     2.9406     0.0000     2.2930     2.3018    34.1207    34.2174    24.2890    24.3530    224.756    237.598     95.406    100.987 0.0000e+00
