data/ctd-cnv/KM1919/KM1919-St22-P3/St22_P3_cast85-align-cellTM-derive-bin.cnv
* Sea-Bird SBE 9 Data File:
* FileName = C:\Users\otg\Desktop\CTD Data\km1920\St22_P3_cast85.hex
* Software Version Seasave V 7.26.7.107
* Temperature SN = 5554
* Conductivity SN = 3876
* Number of Bytes Per Scan = 41
* Number of Voltage Words = 4
* Number of Scans Averaged by the Deck Unit = 1
* NMEA Latitude = 22 03.75 N
* NMEA Longitude = 109 47.12 W
* NMEA UTC (Time) = Oct 19 2019  00:10:12
* NMEA baud rate = 4800
** Ship: Kilo Moana
** Station: P3 Station 22 Cast 85
** Operator: cf
# nquan = 34
# nvalues = 253                         
# units = specified
# name 0 = scan: Scan Count
# name 1 = timeS: Time, Elapsed [seconds]
# name 2 = prDM: Pressure, Digiquartz [db]
# name 3 = longitude: Longitude [deg]
# name 4 = latitude: Latitude [deg]
# name 5 = depSM: Depth [salt water, m]
# name 6 = t090C: Temperature [ITS-90, deg C]
# name 7 = t190C: Temperature, 2 [ITS-90, deg C]
# name 8 = c0uS/cm: Conductivity [uS/cm]
# name 9 = c1S/m: Conductivity, 2 [S/m]
# name 10 = flECO-AFL: Fluorescence, WET Labs ECO-AFL/FL [mg/m^3]
# name 11 = CStarAt0: Beam Attenuation, WET Labs C-Star [1/m]
# name 12 = CStarTr0: Beam Transmission, WET Labs C-Star [%]
# name 13 = par: PAR/Irradiance, Biospherical/Licor
# name 14 = modError: Modulo Error Count
# name 15 = v0: Voltage 0
# name 16 = v1: Voltage 1
# name 17 = v2: Voltage 2
# name 18 = v3: Voltage 3
# name 19 = v4: Voltage 4
# name 20 = v5: Voltage 5
# name 21 = v6: Voltage 6
# name 22 = v7: Voltage 7
# name 23 = sbeox0V: Oxygen raw, SBE 43 [V]
# name 24 = sbeox1V: Oxygen raw, SBE 43, 2 [V]
# name 25 = sal00: Salinity, Practical [PSU]
# name 26 = sal11: Salinity, Practical, 2 [PSU]
# name 27 = sigma-é00: Density [sigma-theta, kg/m^3]
# name 28 = sigma-é11: Density, 2 [sigma-theta, kg/m^3]
# name 29 = sbeox0Mm/L: Oxygen, SBE 43 [umol/l], WS = 2
# name 30 = sbeox1Mm/L: Oxygen, SBE 43, 2 [umol/l], WS = 2
# name 31 = sbeox0PS: Oxygen, SBE 43 [% saturation], WS = 2
# name 32 = sbeox1PS: Oxygen, SBE 43, 2 [% saturation], WS = 2
# name 33 = flag: flag
# span 0 =       -375,      11584       
# span 1 =    -15.671,    482.635       
# span 2 =      2.012,    255.751       
# span 3 = -109.78536, -109.78532       
# span 4 =   22.06224,   22.06236       
# span 5 =      2.000,    254.000       
# span 6 =    11.3183,    27.5538       
# span 7 =    11.2825,    27.5142       
# span 8 = 3.9177e+04, 5.5245e+04       
# span 9 =   3.922414,   5.532297       
# span 10 =     0.0415,     1.4132      
# span 11 =     0.0816,     0.1832      
# span 12 =    95.5229,    97.9797      
# span 13 = -3.207e-06, 8.0291e+01      
# span 14 =          0,          0      
# span 15 =     0.5043,     2.4702      
# span 16 =     0.5152,     2.4533      
# span 17 =     0.0551,     0.1923      
# span 18 =     0.1135,     0.1172      
# span 19 =     4.4437,     4.5580      
# span 20 =    -0.0000,     0.0000      
# span 21 =     0.0083,     2.9245      
# span 22 =     0.0000,     0.0000      
# span 23 =     0.5035,     2.4727      
# span 24 =     0.5144,     2.4586      
# span 25 =    33.9407,    34.7674      
# span 26 =    34.0339,    34.8507      
# span 27 =    22.2638,    26.5057      
# span 28 =    22.3402,    26.5748      
# span 29 =      0.978,    237.993      
# span 30 =      1.175,    248.242      
# span 31 =      0.357,    106.134      
# span 32 =      0.428,    111.045      
# span 33 = 0.0000e+00, 0.0000e+00      
# interval = meters: 1                  
# start_time = Oct 19 2019 00:13:16 [NMEA time, first data scan]
# bad_flag = -9.990e-29
*END*
[from data line 214]
       9461    394.161    217.470 -109.78534   22.06226    216.000    11.8276    11.7973 3.9674e+04   3.972875     0.0628     0.0945    97.6646 1.0000e-12          0     0.5052     0.5167     0.0573     0.1150     4.5433     0.0000     0.0084     0.0000     0.5044     0.5158    34.7491    34.8308    26.4323    26.5015      1.164      1.375      0.428      0.506 0.0000e+00
       9496    395.629    218.477 -109.78534   22.06226    217.000    11.8210    11.7907 3.9668e+04   3.972258     0.0627     0.0945    97.6644 1.0000e-12          0     0.5050     0.5166     0.0573     0.1147     4.5433     0.0000     0.0085     0.0000     0.5043     0.5157    34.7488    34.8305    26.4333    26.5025      1.191      1.364      0.438      0.502 0.0000e+00
       9524    396.804    219.484 -109.78534   22.06226    218.000    11.8164    11.7860 3.9664e+04   3.971846     0.0721     0.0945    97.6644 1.0000e-12          0     0.5051     0.5165     0.0582     0.1148     4.5433     0.0000     0.0085     0.0000     0.5044     0.5157    34.7486    34.8305    26.4340    26.5034      1.189      1.372      0.438      0.505 0.0000e+00
       9552    397.947    220.492 -109.78534   22.06226    219.000    11.8063    11.7755 3.9654e+04   3.970896     0.0615     0.0945    97.6644 1.0000e-12          0     0.5053     0.5166     0.0572     0.1151     4.5433     0.0000     0.0085     0.0000     0.5044     0.5158    34.7481    34.8305    26.4356    26.5055      1.130      1.415      0.416      0.521 0.0000e+00
       9581    399.153    221.499 -109.78534   22.06226    220.000    11.7877    11.7565 3.9636e+04   3.969119     0.0607     0.0944    97.6661 1.0000e-12          0     0.5051     0.5165     0.0571     0.1148     4.5434     0.0000     0.0085     0.0000     0.5045     0.5158    34.7473    34.8304    26.4385    26.5090      1.185      1.365      0.436      0.502 0.0000e+00
       9609    400.319    222.506 -109.78534   22.06226    221.000    11.7653    11.7346 3.9614e+04   3.966866     0.0683     0.0960    97.6279 1.0000e-12          0     0.5052     0.5165     0.0578     0.1150     4.5417     0.0000     0.0085     0.0000     0.5043     0.5157    34.7461    34.8285    26.4418    26.5116      1.200      1.346      0.441      0.495 0.0000e+00
       9635    401.428    223.514 -109.78534   22.06226    222.000    11.7353    11.7038 3.9584e+04   3.964019     0.0677     0.0953    97.6461 1.0000e-12          0     0.5052     0.5166     0.0578     0.1149     4.5425     0.0000     0.0085     0.0000     0.5045     0.5157    34.7444    34.8289    26.4461    26.5178      1.130      1.391      0.415      0.511 0.0000e+00
       9668    402.784    224.521 -109.78534   22.06226    223.000    11.6959    11.6651 3.9545e+04   3.960040     0.0618     0.0937    97.6844 1.0000e-12          0     0.5052     0.5166     0.0572     0.1148     4.5443     0.0000     0.0085     0.0000     0.5042     0.5157    34.7423    34.8257    26.4519    26.5226      1.037      1.339      0.380      0.491 0.0000e+00
       9706    404.369    225.528 -109.78534   22.06226    224.000    11.6783    11.6481 3.9527e+04   3.958201     0.0651     0.0935    97.6901 1.0000e-12          0     0.5053     0.5165     0.0575     0.1150     4.5446     0.0000     0.0085     0.0000     0.5041     0.5156    34.7411    34.8232    26.4543    26.5238      1.164      1.379      0.427      0.506 0.0000e+00
       9736    405.631    226.536 -109.78534   22.06224    225.000    11.6738    11.6437 3.9523e+04   3.957748     0.0692     0.0935    97.6907 1.0000e-12          0     0.5052     0.5165     0.0579     0.1146     4.5446     0.0000     0.0085     0.0000     0.5042     0.5157    34.7408    34.8224    26.4550    26.5241      1.165      1.356      0.427      0.498 0.0000e+00
       9763    406.745    227.543 -109.78534   22.06224    226.000    11.6714    11.6411 3.9522e+04   3.957550     0.0675     0.0935    97.6907 1.0000e-12          0     0.5048     0.5165     0.0578     0.1146     4.5446     0.0000     0.0085     0.0000     0.5041     0.5156    34.7412    34.8225    26.4557    26.5246      1.099      1.371      0.403      0.503 0.0000e+00
       9791    407.922    228.551 -109.78534   22.06224    227.000    11.6607    11.6303 3.9511e+04   3.956588     0.0728     0.0935    97.6907 1.0000e-12          0     0.5050     0.5165     0.0583     0.1148     4.5446     0.0000     0.0085     0.0000     0.5042     0.5158    34.7406    34.8228    26.4573    26.5269      1.209      1.379      0.443      0.506 0.0000e+00
       9828    409.463    229.558 -109.78534   22.06224    228.000    11.6137    11.5827 3.9464e+04   3.952022     0.0632     0.0933    97.6954 1.0000e-12          0     0.5049     0.5164     0.0573     0.1146     4.5448     0.0000     0.0084     0.0000     0.5042     0.5157    34.7381    34.8221    26.4641    26.5352      1.080      1.353      0.396      0.496 0.0000e+00
       9870    411.223    230.565 -109.78534   22.06224    229.000    11.5778    11.5474 3.9428e+04   3.948323     0.0594     0.0931    97.7010 1.0000e-12          0     0.5051     0.5165     0.0570     0.1147     4.5451     0.0000     0.0084     0.0000     0.5040     0.5157    34.7358    34.8184    26.4691    26.5389      1.058      1.379      0.387      0.505 0.0000e+00
       9908    412.778    231.573 -109.78534   22.06224    230.000    11.5717    11.5414 3.9422e+04   3.947622     0.0650     0.0933    97.6939 1.0000e-12          0     0.5051     0.5165     0.0575     0.1148     4.5447     0.0000     0.0084     0.0000     0.5039     0.5155    34.7352    34.8166    26.4698    26.5387      1.056      1.302      0.387      0.476 0.0000e+00
       9950    414.559    232.580 -109.78534   22.06224    231.000    11.5689    11.5386 3.9420e+04   3.947394     0.0706     0.0933    97.6952 1.0000e-12          0     0.5047     0.5164     0.0581     0.1151     4.5448     0.0000     0.0085     0.0000     0.5038     0.5155    34.7355    34.8166    26.4705    26.5393      1.043      1.375      0.382      0.503 0.0000e+00
       9985    415.985    233.587 -109.78534   22.06224    232.000    11.5637    11.5333 3.9415e+04   3.946928     0.0598     0.0934    97.6942 1.0000e-12          0     0.5047     0.5163     0.0570     0.1146     4.5448     0.0000     0.0085     0.0000     0.5037     0.5156    34.7350    34.8165    26.4711    26.5402      1.056      1.354      0.386      0.495 0.0000e+00
      10016    417.297    234.595 -109.78534   22.06224    233.000    11.5544    11.5238 3.9406e+04   3.946054     0.0618     0.0932    97.6982 1.0000e-12          0     0.5046     0.5163     0.0572     0.1148     4.5449     0.0000     0.0083     0.0000     0.5037     0.5155    34.7345    34.8164    26.4725    26.5419      1.058      1.329      0.387      0.486 0.0000e+00
      10073    419.686    235.602 -109.78534   22.06224    234.000    11.5443    11.5146 3.9397e+04   3.945103     0.0605     0.0937    97.6863 1.0000e-12          0     0.5045     0.5164     0.0571     0.1148     4.5444     0.0000     0.0085     0.0000     0.5037     0.5154    34.7342    34.8153    26.4741    26.5427      1.102      1.344      0.403      0.492 0.0000e+00
      10131    422.075    236.610 -109.78534   22.06224    235.000    11.5362    11.5059 3.9390e+04   3.944309     0.0679     0.0929    97.7047 1.0000e-12          0     0.5044     0.5162     0.0578     0.1148     4.5452     0.0000     0.0085     0.0000     0.5039     0.5156    34.7341    34.8152    26.4756    26.5443      1.096      1.359      0.401      0.497 0.0000e+00
      10162    423.360    237.617 -109.78534   22.06224    236.000    11.5265    11.4962 3.9380e+04   3.943414     0.0596     0.0934    97.6937 1.0000e-12          0     0.5044     0.5163     0.0570     0.1150     4.5447     0.0000     0.0084     0.0000     0.5040     0.5155    34.7336    34.8151    26.4770    26.5460      1.086      1.320      0.397      0.483 0.0000e+00
      10186    424.381    238.625 -109.78534   22.06224    237.000    11.5102    11.4787 3.9364e+04   3.941818     0.0633     0.0931    97.7004 1.0000e-12          0     0.5046     0.5163     0.0573     0.1147     4.5450     0.0000     0.0084     0.0000     0.5039     0.5155    34.7323    34.8153    26.4791    26.5495      1.106      1.323      0.405      0.484 0.0000e+00
      10210    425.361    239.632 -109.78534   22.06224    238.000    11.4744    11.4428 3.9328e+04   3.938412     0.0722     0.0925    97.7153 1.0000e-12          0     0.5047     0.5163     0.0582     0.1148     4.5457     0.0000     0.0085     0.0000     0.5038     0.5154    34.7300    34.8151    26.4840    26.5560      0.978      1.270      0.357      0.464 0.0000e+00
      10236    426.469    240.639 -109.78534   22.06224    239.000    11.4471    11.4168 3.9300e+04   3.935551     0.0617     0.0925    97.7134 1.0000e-12          0     0.5047     0.5164     0.0572     0.1149     4.5456     0.0000     0.0085     0.0000     0.5036     0.5152    34.7280    34.8108    26.4875    26.5575      1.021      1.298      0.373      0.474 0.0000e+00
      10283    428.416    241.647 -109.78534   22.06224    240.000    11.4397    11.4095 3.9294e+04   3.934693     0.0611     0.0928    97.7085 1.0000e-12          0     0.5046     0.5162     0.0571     0.1148     4.5454     0.0000     0.0084     0.0000     0.5035     0.5153    34.7277    34.8087    26.4886    26.5572      1.033      1.325      0.377      0.484 0.0000e+00
      10370    432.022    242.654 -109.78534   22.06224    241.000    11.4419    11.4073 3.9296e+04   3.934618     0.0667     0.0923    97.7182 1.0000e-12          0     0.5043     0.5160     0.0577     0.1148     4.5459     0.0000     0.0085     0.0000     0.5036     0.5152    34.7280    34.8096    26.4885    26.5584      1.068      1.239      0.390      0.452 0.0000e+00
      10396    433.123    243.662 -109.78534   22.06224    242.000    11.4177    11.3872 3.9272e+04   3.932642     0.0601     0.0924    97.7169 1.0000e-12          0     0.5043     0.5162     0.0570     0.1150     4.5458     0.0000     0.0083     0.0000     0.5035     0.5150    34.7265    34.8086    26.4918    26.5613      1.040      1.299      0.379      0.474 0.0000e+00
      10419    434.076    244.669 -109.78534   22.06224    243.000    11.4095    11.3794 3.9264e+04   3.931853     0.0606     0.0924    97.7169 1.0000e-12          0     0.5043     0.5161     0.0571     0.1149     4.5458     0.0000     0.0084     0.0000     0.5035     0.5153    34.7259    34.8077    26.4929    26.5621      1.042      1.274      0.380      0.465 0.0000e+00
      10445    435.178    245.677 -109.78534   22.06224    244.000    11.4035    11.3735 3.9259e+04   3.931287     0.0585     0.0924    97.7169 1.0000e-12          0     0.5044     0.5158     0.0569     0.1148     4.5458     0.0000     0.0085     0.0000     0.5035     0.5149    34.7255    34.8072    26.4937    26.5628      1.039      1.254      0.379      0.457 0.0000e+00
      10530    438.729    246.684 -109.78534   22.06224    245.000    11.4059    11.3756 3.9262e+04   3.931426     0.0657     0.0924    97.7164 1.0000e-12          0     0.5043     0.5158     0.0576     0.1148     4.5458     0.0000     0.0084     0.0000     0.5035     0.5150    34.7259    34.8062    26.4936    26.5617      1.042      1.266      0.380      0.462 0.0000e+00
      10625    442.667    247.692 -109.78534   22.06224    246.000    11.3952    11.3675 3.9252e+04   3.930856     0.0614     0.0924    97.7169 1.0000e-12          0     0.5043     0.5158     0.0572     0.1147     4.5458     0.0000     0.0085     0.0000     0.5035     0.5150    34.7254    34.8077    26.4952    26.5643      1.042      1.239      0.380      0.452 0.0000e+00
      10750    447.865    248.699 -109.78535   22.06225    247.000    11.3960    11.3608 3.9253e+04   3.930039     0.0622     0.0927    97.7108 1.0000e-12          0     0.5043     0.5157     0.0572     0.1147     4.5455     0.0000     0.0084     0.0000     0.5035     0.5148    34.7255    34.8055    26.4951    26.5639      1.042      1.244      0.380      0.454 0.0000e+00
      10841    451.684    249.707 -109.78536   22.06226    248.000    11.3476    11.3078 3.9205e+04   3.925114     0.0574     0.0927    97.7108 1.0000e-12          0     0.5043     0.5156     0.0568     0.1148     4.5455     0.0000     0.0085     0.0000     0.5035     0.5149    34.7227    34.8063    26.5019    26.5742      1.044      1.207      0.380      0.440 0.0000e+00
      10871    452.909    250.714 -109.78536   22.06226    249.000    11.3200    11.2895 3.9177e+04   3.923011     0.0583     0.0924    97.7159 1.0000e-12          0     0.5043     0.5157     0.0569     0.1147     4.5458     0.0000     0.0085     0.0000     0.5035     0.5147    34.7208    34.8023    26.5055    26.5745      1.045      1.200      0.380      0.437 0.0000e+00
      10977    457.331    251.722 -109.78536   22.06226    250.000    11.3248    11.2938 3.9182e+04   3.923316     0.0595     0.0926    97.7123 1.0000e-12          0     0.5043     0.5155     0.0570     0.1148     4.5456     0.0000     0.0084     0.0000     0.5035     0.5147    34.7209    34.8008    26.5047    26.5726      1.041      1.207      0.379      0.439 0.0000e+00
      11092    462.132    252.729 -109.78536   22.06226    251.000    11.3195    11.2902 3.9177e+04   3.923151     0.0576     0.0925    97.7140 1.0000e-12          0     0.5043     0.5154     0.0568     0.1148     4.5457     0.0000     0.0084     0.0000     0.5035     0.5145    34.7209    34.8021    26.5057    26.5743      1.059      1.175      0.385      0.428 0.0000e+00
      11223    467.603    253.737 -109.78536   22.06226    252.000    11.3284    11.2969 3.9186e+04   3.923785     0.0594     0.0925    97.7156 1.0000e-12          0     0.5043     0.5154     0.0570     0.1147     4.5457     0.0000     0.0085     0.0000     0.5035     0.5145    34.7211    34.8016    26.5042    26.5727      1.043      1.192      0.379      0.434 0.0000e+00
      11409    475.317    254.744 -109.78536   22.06226    253.000    11.3227    11.2897 3.9181e+04   3.923102     0.0630     0.0924    97.7160 1.0000e-12          0     0.5043     0.5153     0.0573     0.1148     4.5458     0.0000     0.0085     0.0000     0.5035     0.5145    34.7210    34.8012    26.5052    26.5737      1.044      1.179      0.380      0.429 0.0000e+00
      11584    482.635    255.751 -109.78536   22.06226    254.000    11.3183    11.2825 3.9177e+04   3.922414     0.0549     0.0924    97.7173 1.0000e-12          0     0.5043     0.5152     0.0565     0.1149     4.5458     0.0000     0.0084     0.0000     0.5035     0.5144    34.7205    34.8008    26.5057    26.5748      1.045      1.221      0.381      0.444 0.0000e+00
