data/ctd-cnv/KM1919/KM1919-St22-P3/St22_P3_cast72-align-cellTM-derive-bin.cnv
* Sea-Bird SBE 9 Data File:
* FileName = C:\Users\otg\Desktop\CTD Data\km1920\St22_P3_cast72.hex
* Software Version Seasave V 7.26.7.107
* Temperature SN = 5554
* Conductivity SN = 3876
* Number of Bytes Per Scan = 41
* Number of Voltage Words = 4
* Number of Scans Averaged by the Deck Unit = 1
* NMEA Latitude = 21 55.15 N
* NMEA Longitude = 109 56.12 W
* NMEA UTC (Time) = Oct 16 2019  19:45:55
* NMEA baud rate = 4800
** Ship: Kilo Moana
** Station: St22  P3 cast 72
** Operator: jac
# nquan = 34
# nvalues = 502                         
# units = specified
# name 0 = scan: Scan Count
# name 1 = timeS: Time, Elapsed [seconds]
# name 2 = prDM: Pressure, Digiquartz [db]
# name 3 = longitude: Longitude [deg]
# name 4 = latitude: Latitude [deg]
# name 5 = depSM: Depth [salt water, m]
# name 6 = t090C: Temperature [ITS-90, deg C]
# name 7 = t190C: Temperature, 2 [ITS-90, deg C]
# name 8 = c0uS/cm: Conductivity [uS/cm]
# name 9 = c1S/m: Conductivity, 2 [S/m]
# name 10 = flECO-AFL: Fluorescence, WET Labs ECO-AFL/FL [mg/m^3]
# name 11 = CStarAt0: Beam Attenuation, WET Labs C-Star [1/m]
# name 12 = CStarTr0: Beam Transmission, WET Labs C-Star [%]
# name 13 = par: PAR/Irradiance, Biospherical/Licor
# name 14 = modError: Modulo Error Count
# name 15 = v0: Voltage 0
# name 16 = v1: Voltage 1
# name 17 = v2: Voltage 2
# name 18 = v3: Voltage 3
# name 19 = v4: Voltage 4
# name 20 = v5: Voltage 5
# name 21 = v6: Voltage 6
# name 22 = v7: Voltage 7
# name 23 = sbeox0V: Oxygen raw, SBE 43 [V]
# name 24 = sbeox1V: Oxygen raw, SBE 43, 2 [V]
# name 25 = sal00: Salinity, Practical [PSU]
# name 26 = sal11: Salinity, Practical, 2 [PSU]
# name 27 = sigma-é00: Density [sigma-theta, kg/m^3]
# name 28 = sigma-é11: Density, 2 [sigma-theta, kg/m^3]
# name 29 = sbeox0Mm/L: Oxygen, SBE 43 [umol/l], WS = 2
# name 30 = sbeox1Mm/L: Oxygen, SBE 43, 2 [umol/l], WS = 2
# name 31 = sbeox0PS: Oxygen, SBE 43 [% saturation], WS = 2
# name 32 = sbeox1PS: Oxygen, SBE 43, 2 [% saturation], WS = 2
# name 33 = flag: flag
# span 0 =        329,      18380       
# span 1 =     13.654,    765.801       
# span 2 =      1.006,    505.762       
# span 3 = -109.93536, -109.93532       
# span 4 =   21.91922,   21.91929       
# span 5 =      1.000,    502.000       
# span 6 =     7.8205,    27.7870       
# span 7 =     7.7913,    27.7375       
# span 8 = 3.5851e+04, 5.5484e+04       
# span 9 =   3.589895,   5.555195       
# span 10 =     0.0399,     1.4036      
# span 11 =     0.0578,     0.1462      
# span 12 =    96.4107,    98.5655      
# span 13 = -3.593e-06, 1.5720e+03      
# span 14 =          0,          0      
# span 15 =     0.5031,     2.4617      
# span 16 =     0.5137,     2.4521      
# span 17 =     0.0549,     0.1913      
# span 18 =     0.1121,     0.1151      
# span 19 =     4.4850,     4.5853      
# span 20 =     0.0000,     0.0000      
# span 21 =     0.0083,     4.1868      
# span 22 =     0.0000,     0.0000      
# span 23 =     0.5027,     2.4629      
# span 24 =     0.5132,     2.4499      
# span 25 =    33.9371,    34.7726      
# span 26 =    34.0259,    34.8571      
# span 27 =    22.1887,    26.9535      
# span 28 =    22.2684,    27.0200      
# span 29 =      0.835,    238.065      
# span 30 =      0.982,    249.268      
# span 31 =      0.285,    105.504      
# span 32 =      0.345,    110.421      
# span 33 = 0.0000e+00, 0.0000e+00      
# interval = meters: 1                  
# start_time = Oct 16 2019 19:51:47 [NMEA time, first data scan]
# bad_flag = -9.990e-29
*END*
[from data line 257]
      11092    462.131    259.780 -109.93534   21.91924    258.000    11.1451    11.1156 3.9001e+04   3.905445     0.0635     0.0723    98.2080 1.0000e-12          0     0.5043     0.5158     0.0574     0.1148     4.5686     0.0000     0.0085     0.0000     0.5035     0.5154    34.7071    34.7880    26.5270    26.5953      1.107      1.406      0.402      0.510 0.0000e+00
      11122    463.375    260.787 -109.93534   21.91924    259.000    11.1388    11.1088 3.8996e+04   3.904969     0.0740     0.0711    98.2384 1.0000e-12          0     0.5043     0.5161     0.0584     0.1144     4.5700     0.0000     0.0085     0.0000     0.5037     0.5152    34.7077    34.7893    26.5286    26.5976      1.037      1.223      0.376      0.444 0.0000e+00
      11152    464.626    261.794 -109.93534   21.91924    260.000    11.1189    11.0888 3.8976e+04   3.903032     0.0753     0.0709    98.2420 1.0000e-12          0     0.5043     0.5160     0.0585     0.1134     4.5702     0.0000     0.0085     0.0000     0.5035     0.5153    34.7064    34.7885    26.5312    26.6006      1.030      1.351      0.373      0.489 0.0000e+00
      11180    465.796    262.802 -109.93534   21.91924    261.000    11.1067    11.0765 3.8965e+04   3.901939     0.0756     0.0711    98.2381 1.0000e-12          0     0.5043     0.5162     0.0586     0.1147     4.5700     0.0000     0.0085     0.0000     0.5035     0.5155    34.7058    34.7888    26.5330    26.6031      1.051      1.382      0.381      0.501 0.0000e+00
      11207    466.916    263.810 -109.93534   21.91924    262.000    11.0940    11.0641 3.8952e+04   3.900605     0.0704     0.0715    98.2266 1.0000e-12          0     0.5044     0.5159     0.0580     0.1148     4.5695     0.0000     0.0085     0.0000     0.5035     0.5152    34.7048    34.7868    26.5346    26.6038      1.052      1.356      0.381      0.491 0.0000e+00
      11236    468.110    264.817 -109.93534   21.91924    263.000    11.0798    11.0487 3.8939e+04   3.899392     0.0639     0.0709    98.2421 1.0000e-12          0     0.5043     0.5160     0.0574     0.1148     4.5702     0.0000     0.0085     0.0000     0.5035     0.5154    34.7051    34.7888    26.5373    26.6082      1.052      1.319      0.381      0.478 0.0000e+00
      11266    469.394    265.825 -109.93534   21.91924    264.000    11.0430    11.0124 3.8903e+04   3.895762     0.0635     0.0710    98.2394 1.0000e-12          0     0.5043     0.5161     0.0574     0.1135     4.5701     0.0000     0.0085     0.0000     0.5035     0.5155    34.7036    34.7866    26.5429    26.6130      1.086      1.345      0.393      0.487 0.0000e+00
      11294    470.530    266.832 -109.93534   21.91924    265.000    11.0261    10.9956 3.8886e+04   3.894012     0.0736     0.0708    98.2440 1.0000e-12          0     0.5043     0.5161     0.0583     0.1144     4.5703     0.0000     0.0085     0.0000     0.5036     0.5153    34.7018    34.7845    26.5445    26.6145      1.033      1.276      0.374      0.461 0.0000e+00
      11317    471.498    267.840 -109.93534   21.91924    266.000    11.0188    10.9890 3.8880e+04   3.893322     0.0663     0.0702    98.2595 1.0000e-12          0     0.5043     0.5162     0.0576     0.1146     4.5710     0.0000     0.0085     0.0000     0.5035     0.5150    34.7022    34.7835    26.5462    26.6149      1.052      1.237      0.380      0.447 0.0000e+00
      11340    472.455    268.847 -109.93534   21.91924    267.000    11.0078    10.9778 3.8869e+04   3.892288     0.0708     0.0708    98.2443 1.0000e-12          0     0.5043     0.5161     0.0581     0.1147     4.5703     0.0000     0.0085     0.0000     0.5035     0.5150    34.7012    34.7833    26.5474    26.6168      1.080      1.306      0.390      0.472 0.0000e+00
      11369    473.655    269.855 -109.93534   21.91924    268.000    10.9952    10.9648 3.8857e+04   3.890985     0.0743     0.0708    98.2435 1.0000e-12          0     0.5044     0.5160     0.0584     0.1147     4.5703     0.0000     0.0085     0.0000     0.5036     0.5152    34.7003    34.7822    26.5490    26.6182      1.109      1.384      0.401      0.500 0.0000e+00
      11411    475.427    270.862 -109.93534   21.91924    269.000    10.9642    10.9333 3.8825e+04   3.888085     0.0680     0.0708    98.2439 1.0000e-12          0     0.5043     0.5158     0.0578     0.1148     4.5703     0.0000     0.0085     0.0000     0.5036     0.5153    34.6980    34.7826    26.5528    26.6242      1.093      1.295      0.395      0.468 0.0000e+00
      11446    476.880    271.870 -109.93534   21.91924    270.000    10.9164    10.8863 3.8777e+04   3.883119     0.0669     0.0700    98.2654 1.0000e-12          0     0.5043     0.5159     0.0577     0.1147     4.5713     0.0000     0.0085     0.0000     0.5037     0.5152    34.6948    34.7771    26.5590    26.6285      1.043      1.265      0.377      0.457 0.0000e+00
      11470    477.878    272.878 -109.93534   21.91924    271.000    10.8927    10.8622 3.8753e+04   3.880859     0.0627     0.0699    98.2683 1.0000e-12          0     0.5044     0.5161     0.0573     0.1148     4.5714     0.0000     0.0085     0.0000     0.5036     0.5147    34.6924    34.7768    26.5613    26.6326      1.067      1.260      0.384      0.454 0.0000e+00
      11490    478.723    273.885 -109.93534   21.91924    272.000    10.8840    10.8541 3.8745e+04   3.879874     0.0698     0.0699    98.2682 1.0000e-12          0     0.5043     0.5161     0.0580     0.1147     4.5714     0.0000     0.0085     0.0000     0.5036     0.5153    34.6927    34.7742    26.5631    26.6320      1.074      1.283      0.387      0.463 0.0000e+00
      11510    479.523    274.893 -109.93534   21.91924    273.000    10.8811    10.8515 3.8744e+04   3.879705     0.0720     0.0699    98.2682 1.0000e-12          0     0.5044     0.5159     0.0582     0.1147     4.5714     0.0000     0.0085     0.0000     0.5036     0.5148    34.6932    34.7745    26.5641    26.6327      1.074      1.204      0.387      0.434 0.0000e+00
      11530    480.374    275.901 -109.93534   21.91924    274.000    10.8762    10.8465 3.8740e+04   3.879347     0.0643     0.0699    98.2682 1.0000e-12          0     0.5044     0.5160     0.0574     0.1147     4.5714     0.0000     0.0085     0.0000     0.5036     0.5148    34.6933    34.7753    26.5650    26.6342      1.074      1.302      0.387      0.470 0.0000e+00
      11559    481.582    276.908 -109.93534   21.91924    275.000    10.8731    10.8436 3.8738e+04   3.879085     0.0712     0.0698    98.2702 1.0000e-12          0     0.5043     0.5158     0.0581     0.1148     4.5715     0.0000     0.0085     0.0000     0.5036     0.5151    34.6938    34.7750    26.5660    26.6346      1.075      1.307      0.388      0.471 0.0000e+00
      11609    483.658    277.916 -109.93534   21.91924    276.000    10.8716    10.8421 3.8737e+04   3.878977     0.0730     0.0697    98.2726 1.0000e-12          0     0.5043     0.5155     0.0583     0.1147     4.5716     0.0000     0.0085     0.0000     0.5036     0.5149    34.6939    34.7749    26.5664    26.6348      1.075      1.251      0.388      0.451 0.0000e+00
      11646    485.222    278.923 -109.93534   21.91924    277.000    10.8695    10.8401 3.8735e+04   3.878807     0.0685     0.0695    98.2788 1.0000e-12          0     0.5043     0.5160     0.0579     0.1136     4.5719     0.0000     0.0085     0.0000     0.5036     0.5148    34.6937    34.7746    26.5666    26.6350      1.075      1.230      0.388      0.444 0.0000e+00
      11670    486.208    279.931 -109.93534   21.91924    278.000    10.8686    10.8390 3.8735e+04   3.878753     0.0638     0.0699    98.2680 1.0000e-12          0     0.5043     0.5155     0.0574     0.1141     4.5714     0.0000     0.0085     0.0000     0.5036     0.5148    34.6943    34.7747    26.5673    26.6352      1.075      1.334      0.388      0.481 0.0000e+00
      11691    487.100    280.939 -109.93534   21.91924    279.000    10.8666    10.8369 3.8733e+04   3.878593     0.0678     0.0699    98.2682 1.0000e-12          0     0.5043     0.5157     0.0578     0.1147     4.5714     0.0000     0.0085     0.0000     0.5036     0.5151    34.6938    34.7746    26.5673    26.6356      1.075      1.333      0.388      0.481 0.0000e+00
      11715    488.067    281.946 -109.93534   21.91924    280.000    10.8538    10.8229 3.8720e+04   3.877394     0.0712     0.0699    98.2682 1.0000e-12          0     0.5043     0.5156     0.0581     0.1147     4.5714     0.0000     0.0085     0.0000     0.5036     0.5150    34.6921    34.7754    26.5682    26.6387      1.076      1.258      0.388      0.453 0.0000e+00
      11740    489.119    282.954 -109.93534   21.91924    281.000    10.8134    10.7827 3.8678e+04   3.873285     0.0635     0.0699    98.2682 1.0000e-12          0     0.5043     0.5156     0.0574     0.1148     4.5714     0.0000     0.0085     0.0000     0.5036     0.5149    34.6883    34.7720    26.5726    26.6432      1.077      1.251      0.388      0.450 0.0000e+00
      11765    490.183    283.962 -109.93534   21.91924    282.000    10.8071    10.7776 3.8673e+04   3.872572     0.0639     0.0699    98.2682 1.0000e-12          0     0.5043     0.5158     0.0574     0.1141     4.5714     0.0000     0.0085     0.0000     0.5036     0.5149    34.6880    34.7692    26.5735    26.6420      1.077      1.254      0.388      0.452 0.0000e+00
      11792    491.277    284.969 -109.93534   21.91924    283.000    10.8040    10.7744 3.8670e+04   3.872326     0.0665     0.0699    98.2682 1.0000e-12          0     0.5043     0.5157     0.0577     0.1136     4.5714     0.0000     0.0085     0.0000     0.5036     0.5147    34.6879    34.7693    26.5739    26.6427      1.078      1.232      0.388      0.444 0.0000e+00
      11823    492.587    285.977 -109.93534   21.91924    284.000    10.7931    10.7630 3.8660e+04   3.871338     0.0675     0.0699    98.2682 1.0000e-12          0     0.5043     0.5157     0.0578     0.1147     4.5714     0.0000     0.0085     0.0000     0.5036     0.5148    34.6873    34.7698    26.5755    26.6451      1.078      1.254      0.388      0.452 0.0000e+00
      11863    494.270    286.985 -109.93534   21.91924    285.000    10.7627    10.7328 3.8629e+04   3.868270     0.0743     0.0691    98.2863 1.0000e-12          0     0.5043     0.5156     0.0584     0.1147     4.5722     0.0000     0.0085     0.0000     0.5036     0.5149    34.6853    34.7672    26.5793    26.6485      1.079      1.321      0.388      0.475 0.0000e+00
      11902    495.890    287.992 -109.93534   21.91924    286.000    10.7495    10.7196 3.8616e+04   3.866923     0.0676     0.0696    98.2754 1.0000e-12          0     0.5043     0.5156     0.0578     0.1148     4.5717     0.0000     0.0085     0.0000     0.5036     0.5148    34.6839    34.7658    26.5806    26.6498      1.092      1.244      0.393      0.447 0.0000e+00
      11929    496.991    289.000 -109.93534   21.91924    287.000    10.7248    10.6941 3.8590e+04   3.864505     0.0630     0.0699    98.2677 1.0000e-12          0     0.5043     0.5155     0.0573     0.1147     4.5714     0.0000     0.0085     0.0000     0.5037     0.5148    34.6813    34.7654    26.5829    26.6540      1.089      1.323      0.391      0.475 0.0000e+00
      11949    497.821    290.007 -109.93534   21.91924    288.000    10.7066    10.6765 3.8572e+04   3.862632     0.0695     0.0693    98.2815 1.0000e-12          0     0.5043     0.5159     0.0579     0.1147     4.5720     0.0000     0.0085     0.0000     0.5036     0.5151    34.6794    34.7628    26.5847    26.6551      1.062      1.321      0.382      0.475 0.0000e+00
      11968    498.612    291.015 -109.93534   21.91924    289.000    10.6924    10.6626 3.8557e+04   3.861117     0.0728     0.0698    98.2698 1.0000e-12          0     0.5043     0.5156     0.0583     0.1147     4.5715     0.0000     0.0085     0.0000     0.5036     0.5149    34.6781    34.7604    26.5862    26.6557      1.081      1.185      0.388      0.426 0.0000e+00
      11987    499.421    292.023 -109.93534   21.91924    290.000    10.6867    10.6570 3.8552e+04   3.860542     0.0638     0.0688    98.2946 1.0000e-12          0     0.5043     0.5156     0.0574     0.1148     4.5726     0.0000     0.0085     0.0000     0.5036     0.5146    34.6772    34.7594    26.5865    26.6559      1.082      1.186      0.388      0.426 0.0000e+00
      12009    500.315    293.031 -109.93534   21.91924    291.000    10.6804    10.6509 3.8546e+04   3.859950     0.0629     0.0688    98.2945 1.0000e-12          0     0.5043     0.5155     0.0573     0.1148     4.5726     0.0000     0.0085     0.0000     0.5036     0.5148    34.6775    34.7588    26.5879    26.6566      1.082      1.312      0.388      0.471 0.0000e+00
      12038    501.551    294.038 -109.93534   21.91924    292.000    10.6752    10.6457 3.8542e+04   3.859484     0.0733     0.0688    98.2945 1.0000e-12          0     0.5043     0.5158     0.0583     0.1147     4.5726     0.0000     0.0085     0.0000     0.5036     0.5147    34.6775    34.7587    26.5889    26.6574      1.082      1.237      0.389      0.444 0.0000e+00
      12084    503.451    295.046 -109.93534   21.91924    293.000    10.6685    10.6391 3.8535e+04   3.858852     0.0675     0.0693    98.2821 1.0000e-12          0     0.5043     0.5154     0.0578     0.1148     4.5720     0.0000     0.0085     0.0000     0.5036     0.5147    34.6768    34.7581    26.5896    26.6581      1.092      1.267      0.392      0.455 0.0000e+00
      12124    505.140    296.054 -109.93534   21.91922    294.000    10.6610    10.6314 3.8528e+04   3.858177     0.0684     0.0694    98.2793 1.0000e-12          0     0.5043     0.5154     0.0578     0.1147     4.5719     0.0000     0.0085     0.0000     0.5036     0.5148    34.6766    34.7582    26.5907    26.6596      1.074      1.238      0.385      0.444 0.0000e+00
      12152    506.303    297.061 -109.93534   21.91922    295.000    10.6488    10.6189 3.8517e+04   3.857057     0.0695     0.0692    98.2846 1.0000e-12          0     0.5043     0.5154     0.0579     0.1147     4.5721     0.0000     0.0085     0.0000     0.5036     0.5147    34.6760    34.7585    26.5925    26.6620      1.083      1.274      0.389      0.457 0.0000e+00
      12175    507.257    298.069 -109.93534   21.91922    296.000    10.6400    10.6106 3.8509e+04   3.856200     0.0668     0.0691    98.2883 1.0000e-12          0     0.5043     0.5154     0.0577     0.1148     4.5723     0.0000     0.0085     0.0000     0.5036     0.5148    34.6758    34.7572    26.5939    26.6625      1.084      1.283      0.389      0.460 0.0000e+00
      12196    508.110    299.077 -109.93534   21.91922    297.000    10.6339    10.6043 3.8504e+04   3.855724     0.0759     0.0688    98.2944 1.0000e-12          0     0.5044     0.5156     0.0586     0.1147     4.5726     0.0000     0.0085     0.0000     0.5036     0.5147    34.6762    34.7580    26.5953    26.6643      1.084      1.215      0.389      0.436 0.0000e+00
      12216    508.974    300.085 -109.93534   21.91922    298.000    10.6224    10.5920 3.8493e+04   3.854785     0.0761     0.0688    98.2945 1.0000e-12          0     0.5043     0.5154     0.0586     0.1148     4.5726     0.0000     0.0085     0.0000     0.5036     0.5147    34.6760    34.7598    26.5971    26.6679      1.084      1.220      0.389      0.437 0.0000e+00
