data/ctd-cnv/KM1919/KM1919-St22-P3/St22_P3_cast75-align-cellTM-derive-bin.cnv
* Sea-Bird SBE 9 Data File:
* FileName = C:\Users\otg\Desktop\CTD Data\km1920\St22_P3_cast75.hex
* Software Version Seasave V 7.26.7.107
* Temperature SN = 5554
* Conductivity SN = 3876
* Number of Bytes Per Scan = 41
* Number of Voltage Words = 4
* Number of Scans Averaged by the Deck Unit = 1
* NMEA Latitude = 21 57.76 N
* NMEA Longitude = 109 54.74 W
* NMEA UTC (Time) = Oct 17 2019  10:59:11
* NMEA baud rate = 4800
** Ship: Kilo Moana
** Station: St22  P3 cast 75
** Operator: CF
** productivity cast
# nquan = 34
# nvalues = 199                         
# units = specified
# name 0 = scan: Scan Count
# name 1 = timeS: Time, Elapsed [seconds]
# name 2 = prDM: Pressure, Digiquartz [db]
# name 3 = longitude: Longitude [deg]
# name 4 = latitude: Latitude [deg]
# name 5 = depSM: Depth [salt water, m]
# name 6 = t090C: Temperature [ITS-90, deg C]
# name 7 = t190C: Temperature, 2 [ITS-90, deg C]
# name 8 = c0uS/cm: Conductivity [uS/cm]
# name 9 = c1S/m: Conductivity, 2 [S/m]
# name 10 = flECO-AFL: Fluorescence, WET Labs ECO-AFL/FL [mg/m^3]
# name 11 = CStarAt0: Beam Attenuation, WET Labs C-Star [1/m]
# name 12 = CStarTr0: Beam Transmission, WET Labs C-Star [%]
# name 13 = par: PAR/Irradiance, Biospherical/Licor
# name 14 = modError: Modulo Error Count
# name 15 = v0: Voltage 0
# name 16 = v1: Voltage 1
# name 17 = v2: Voltage 2
# name 18 = v3: Voltage 3
# name 19 = v4: Voltage 4
# name 20 = v5: Voltage 5
# name 21 = v6: Voltage 6
# name 22 = v7: Voltage 7
# name 23 = sbeox0V: Oxygen raw, SBE 43 [V]
# name 24 = sbeox1V: Oxygen raw, SBE 43, 2 [V]
# name 25 = sal00: Salinity, Practical [PSU]
# name 26 = sal11: Salinity, Practical, 2 [PSU]
# name 27 = sigma-é00: Density [sigma-theta, kg/m^3]
# name 28 = sigma-é11: Density, 2 [sigma-theta, kg/m^3]
# name 29 = sbeox0Mm/L: Oxygen, SBE 43 [umol/l], WS = 2
# name 30 = sbeox1Mm/L: Oxygen, SBE 43, 2 [umol/l], WS = 2
# name 31 = sbeox0PS: Oxygen, SBE 43 [% saturation], WS = 2
# name 32 = sbeox1PS: Oxygen, SBE 43, 2 [% saturation], WS = 2
# name 33 = flag: flag
# span 0 =        324,       9877       
# span 1 =     13.460,    411.507       
# span 2 =      2.012,    201.352       
# span 3 = -109.91241, -109.91140       
# span 4 =   21.96464,   21.96528       
# span 5 =      2.000,    200.000       
# span 6 =    11.9281,    27.6969       
# span 7 =    11.8985,    27.6567       
# span 8 = 3.9737e+04, 5.5436e+04       
# span 9 =   3.979327,   5.551471       
# span 10 =     0.0394,     1.3558      
# span 11 =     0.0626,     0.1420      
# span 12 =    96.5125,    98.4463      
# span 13 = -3.266e-05, 4.9445e+00      
# span 14 =          0,          0      
# span 15 =     0.5054,     2.4545      
# span 16 =     0.5169,     2.4496      
# span 17 =     0.0549,     0.1866      
# span 18 =     0.1122,     0.1159      
# span 19 =     4.4898,     4.5797      
# span 20 =     0.0000,     0.0000      
# span 21 =     0.0081,     1.7010      
# span 22 =     0.0000,     0.0000      
# span 23 =     0.5047,     2.4553      
# span 24 =     0.5160,     2.4453      
# span 25 =    33.9318,    34.7700      
# span 26 =    34.0167,    34.8528      
# span 27 =    22.2413,    26.3933      
# span 28 =    22.3183,    26.4629      
# span 29 =      1.005,    233.182      
# span 30 =      1.370,    244.929      
# span 31 =      0.372,    105.426      
# span 32 =      0.514,    110.090      
# span 33 = 0.0000e+00, 0.0000e+00      
# interval = meters: 1                  
# start_time = Oct 17 2019 11:05:22 [NMEA time, first data scan]
# bad_flag = -9.990e-29
*END*
[from data line 43]
       3041    126.673     45.287 -109.91210   21.96482     45.000    19.0577    19.0460 4.5880e+04   4.597919     0.6532     0.1198    97.0497 1.0000e-12          0     2.3515     2.3466     0.1163     0.1146     4.5147     0.0000     0.0084     0.0000     2.3081     2.3163    34.0803    34.1722    24.3057    24.3789    225.963    239.713     95.563    101.412 0.0000e+00
       3084    128.466     46.294 -109.91210   21.96482     46.000    18.9218    18.8783 4.5754e+04   4.583331     0.8148     0.1275    96.8635 1.0000e-12          0     2.3342     2.3396     0.1325     0.1152     4.5061     0.0000     0.0084     0.0000     2.2756     2.2841    34.0867    34.1884    24.3451    24.4338    220.218    235.430     92.903     99.299 0.0000e+00
       3119    129.936     47.300 -109.91208   21.96484     47.000    18.6746    18.6371 4.5499e+04   4.557244     1.0465     0.1356    96.6671 1.0000e-12          0     2.3114     2.3198     0.1557     0.1153     4.4969     0.0000     0.0084     0.0000     2.2271     2.2466    34.0765    34.1692    24.3997    24.4799    212.053    229.374     89.039     96.297 0.0000e+00
       3165    131.853     48.306 -109.91208   21.96484     48.000    18.4445    18.4060 4.5293e+04   4.537180     1.2337     0.1420    96.5125 1.0000e-12          0     2.2757     2.2853     0.1744     0.1153     4.4898     0.0000     0.0084     0.0000     2.1729     2.1919    34.0930    34.1917    24.4697    24.5548    209.432    223.801     87.568     93.565 0.0000e+00
       3225    134.341     49.313 -109.91208   21.96484     49.000    18.1801    18.1389 4.5023e+04   4.509839     1.3558     0.1408    96.5405 1.0000e-12          0     2.1978     2.2191     0.1866     0.1149     4.4911     0.0000     0.0084     0.0000     2.1294     2.1350    34.0845    34.1826    24.5287    24.6140    208.728    219.285     86.835     91.209 0.0000e+00
       3273    136.343     50.320 -109.91207   21.96484     50.000    17.6789    17.6316 4.4469e+04   4.454561     1.3323     0.1342    96.7015 1.0000e-12          0     2.1518     2.1671     0.1842     0.1154     4.4986     0.0000     0.0084     0.0000     2.1191     2.1197    34.0298    34.1355    24.6093    24.7017    211.322    222.084     87.054     91.463 0.0000e+00
       3319    138.245     51.326 -109.91206   21.96484     51.000    17.6021    17.5676 4.4381e+04   4.444964     1.2706     0.1289    96.8283 1.0000e-12          0     2.1262     2.1293     0.1780     0.1152     4.5045     0.0000     0.0083     0.0000     2.1079     2.1131    34.0185    34.1065    24.6193    24.6951    208.796    220.767     85.882     90.794 0.0000e+00
       3359    139.927     52.333 -109.91206   21.96484     52.000    17.5852    17.5490 4.4364e+04   4.443123     1.2429     0.1281    96.8485 1.0000e-12          0     2.1190     2.1194     0.1753     0.1150     4.5054     0.0000     0.0083     0.0000     2.0882     2.0954    34.0178    34.1060    24.6229    24.6992    204.690    216.831     84.165     89.143 0.0000e+00
       3394    141.395     53.339 -109.91206   21.96486     53.000    17.4150    17.3779 4.4187e+04   4.426233     1.2153     0.1274    96.8652 1.0000e-12          0     2.1109     2.1153     0.1726     0.1149     4.5062     0.0000     0.0084     0.0000     2.0651     2.0742    34.0078    34.1042    24.6561    24.7389    201.244    214.464     82.475     87.882 0.0000e+00
       3437    143.149     54.346 -109.91206   21.96486     54.000    17.2167    17.1783 4.3982e+04   4.405493     1.2641     0.1261    96.8964 1.0000e-12          0     2.0917     2.0985     0.1774     0.1151     4.5076     0.0000     0.0084     0.0000     2.0372     2.0492    33.9973    34.0930    24.6954    24.7779    199.998    212.356     81.648     86.680 0.0000e+00
       3507    146.086     55.352 -109.91204   21.96486     55.000    17.0516    17.0599 4.3812e+04   4.392160     1.2358     0.1243    96.9394 1.0000e-12          0     2.0454     2.0569     0.1746     0.1151     4.5096     0.0000     0.0084     0.0000     2.0123     2.0222    33.9889    34.0771    24.7283    24.7940    198.743    209.950     80.875     85.495 0.0000e+00
       3559    148.251     56.359 -109.91204   21.96486     56.000    16.9968    16.9584 4.3757e+04   4.382164     1.2272     0.1238    96.9532 1.0000e-12          0     2.0217     2.0328     0.1737     0.1152     4.5103     0.0000     0.0084     0.0000     1.9847     1.9973    33.9867    34.0758    24.7396    24.8169    190.553    204.709     77.460     83.197 0.0000e+00
       3590    149.544     57.365 -109.91204   21.96486     57.000    16.8672    16.8270 4.3624e+04   4.369550     1.2041     0.1238    96.9537 1.0000e-12          0     2.0137     2.0229     0.1714     0.1150     4.5103     0.0000     0.0084     0.0000     1.9457     1.9670    33.9803    34.0769    24.7651    24.8487    183.036    198.734     74.215     80.565 0.0000e+00
       3618    150.725     58.372 -109.91204   21.96486     58.000    16.6961    16.6547 4.3460e+04   4.353399     1.1844     0.1220    96.9958 1.0000e-12          0     2.0019     2.0122     0.1694     0.1151     4.5122     0.0000     0.0084     0.0000     1.9119     1.9327    33.9817    34.0819    24.8063    24.8928    181.777    195.028     73.462     78.802 0.0000e+00
       3653    152.161     59.378 -109.91203   21.96486     59.000    16.5068    16.4694 4.3269e+04   4.333647     1.1283     0.1162    97.1376 1.0000e-12          0     1.9723     1.9882     0.1638     0.1151     4.5189     0.0000     0.0085     0.0000     1.8872     1.9034    33.9750    34.0660    24.8452    24.9237    182.629    193.868     73.533     78.044 0.0000e+00
       3716    154.792     60.385 -109.91202   21.96486     60.000    16.4571    16.4351 4.3219e+04   4.329362     1.0627     0.1141    97.1894 1.0000e-12          0     1.9050     1.9232     0.1573     0.1148     4.5213     0.0000     0.0084     0.0000     1.8716     1.8792    33.9724    34.0573    24.8547    24.9250    183.808    192.899     73.934     77.598 0.0000e+00
       3792    157.977     61.391 -109.91202   21.96486     61.000    16.4341    16.3996 4.3195e+04   4.325915     1.0763     0.1148    97.1708 1.0000e-12          0     1.8708     1.8790     0.1586     0.1149     4.5204     0.0000     0.0083     0.0000     1.8620     1.8640    33.9714    34.0568    24.8593    24.9328    182.723    191.540     73.465     76.998 0.0000e+00
       3828    159.475     62.398 -109.91200   21.96486     62.000    16.4065    16.3705 4.3166e+04   4.322712     1.0286     0.1129    97.2172 1.0000e-12          0     1.8684     1.8725     0.1538     0.1149     4.5226     0.0000     0.0083     0.0000     1.8563     1.8589    33.9685    34.0530    24.8635    24.9367    181.710    191.094     73.018     76.774 0.0000e+00
       3857    160.661     63.405 -109.91200   21.96488     63.000    16.3785    16.3445 4.3137e+04   4.320076     1.0161     0.1136    97.2008 1.0000e-12          0     1.8648     1.8674     0.1526     0.1148     4.5218     0.0000     0.0084     0.0000     1.8493     1.8545    33.9661    34.0517    24.8681    24.9417    179.610    189.717     72.133     76.181 0.0000e+00
       3884    161.783     64.411 -109.91200   21.96488     64.000    16.3236    16.2891 4.3080e+04   4.314628     1.0054     0.1133    97.2073 1.0000e-12          0     1.8610     1.8630     0.1515     0.1151     4.5221     0.0000     0.0083     0.0000     1.8369     1.8428    33.9627    34.0506    24.8782    24.9536    176.409    187.183     70.771     75.082 0.0000e+00
       3918    163.188     65.418 -109.91200   21.96488     65.000    16.2158    16.1764 4.2971e+04   4.303742     1.0155     0.1145    97.1782 1.0000e-12          0     1.8552     1.8584     0.1525     0.1149     4.5207     0.0000     0.0084     0.0000     1.8150     1.8275    33.9577    34.0504    24.8991    24.9793    173.514    185.752     69.461     74.345 0.0000e+00
       3995    166.406     66.424 -109.91199   21.96488     66.000    15.8222    15.8717 4.2566e+04   4.271644     1.0718     0.1151    97.1629 1.0000e-12          0     1.8205     1.8315     0.1582     0.1148     4.5200     0.0000     0.0083     0.0000     1.7808     1.7960    33.9348    34.0266    24.9709    25.0303    172.181    182.436     68.389     72.573 0.0000e+00
       4057    169.005     67.431 -109.91198   21.96488     67.000    15.7148    15.6793 4.2459e+04   4.252354     1.0675     0.1129    97.2172 1.0000e-12          0     1.7897     1.8051     0.1578     0.1149     4.5226     0.0000     0.0085     0.0000     1.7572     1.7695    33.9318    34.0197    24.9927    25.0683    169.785    179.502     67.293     71.133 0.0000e+00
       4100    170.778     68.437 -109.91198   21.96488     68.000    15.6586    15.6244 4.2406e+04   4.246837     0.9924     0.1114    97.2529 1.0000e-12          0     1.7733     1.7874     0.1503     0.1149     4.5242     0.0000     0.0084     0.0000     1.7466     1.7559    33.9320    34.0172    25.0055    25.0787    169.665    178.492     67.171     70.655 0.0000e+00
       4154    173.047     69.444 -109.91198   21.96488     69.000    15.6265    15.5924 4.2376e+04   4.243731     0.9983     0.1106    97.2734 1.0000e-12          0     1.7532     1.7647     0.1508     0.1148     4.5251     0.0000     0.0084     0.0000     1.7346     1.7426    33.9326    34.0167    25.0131    25.0855    166.110    176.391     65.723     69.779 0.0000e+00
       4192    174.641     70.451 -109.91198   21.96488     70.000    15.5397    15.5031 4.2294e+04   4.235909     0.9442     0.1107    97.2707 1.0000e-12          0     1.7451     1.7537     0.1454     0.1148     4.5250     0.0000     0.0084     0.0000     1.7093     1.7238    33.9336    34.0233    25.0333    25.1105    159.696    172.016     63.078     67.932 0.0000e+00
       4234    176.373     71.457 -109.91197   21.96488     71.000    15.4510    15.4171 4.2229e+04   4.229007     0.9149     0.1093    97.3047 1.0000e-12          0     1.7354     1.7437     0.1425     0.1146     4.5266     0.0000     0.0083     0.0000     1.6672     1.6890    33.9512    34.0352    25.0666    25.1388    151.711    165.225     59.825     65.144 0.0000e+00
       4288    178.633     72.464 -109.91196   21.96488     72.000    15.4109    15.3769 4.2234e+04   4.229347     0.8974     0.1057    97.3922 1.0000e-12          0     1.6996     1.7162     0.1407     0.1147     4.5307     0.0000     0.0084     0.0000     1.6104     1.6332    33.9893    34.0728    25.1049    25.1767    144.868    157.140     57.095     61.921 0.0000e+00
       4332    180.443     73.471 -109.91196   21.96488     73.000    15.3702    15.3361 4.2215e+04   4.227447     0.7984     0.1020    97.4820 1.0000e-12          0     1.6521     1.6753     0.1308     0.1148     4.5349     0.0000     0.0084     0.0000     1.5655     1.5895    34.0071    34.0906    25.1277    25.1995    137.988    150.653     54.345     59.323 0.0000e+00
       4384    182.605     74.477 -109.91195   21.96489     74.000    15.3297    15.2955 4.2209e+04   4.226828     0.7843     0.0993    97.5475 1.0000e-12          0     1.5993     1.6223     0.1294     0.1147     4.5379     0.0000     0.0083     0.0000     1.5090     1.5349    34.0369    34.1200    25.1596    25.2311    130.272    142.779     51.275     56.188 0.0000e+00
       4455    185.593     75.484 -109.91194   21.96490     75.000    15.2734    15.2393 4.2202e+04   4.226114     0.7859     0.0965    97.6174 1.0000e-12          0     1.5225     1.5482     0.1296     0.1147     4.5412     0.0000     0.0083     0.0000     1.4337     1.4594    34.0786    34.1621    25.2041    25.2760    121.666    132.348     47.846     52.038 0.0000e+00
       4492    187.141     76.491 -109.91194   21.96490     76.000    15.2503    15.2171 4.2198e+04   4.225689     0.7055     0.0967    97.6112 1.0000e-12          0     1.4825     1.5094     0.1216     0.1147     4.5409     0.0000     0.0084     0.0000     1.4049     1.4278    34.0952    34.1772    25.2220    25.2925    118.622    129.006     46.632     50.707 0.0000e+00
       4525    188.486     77.497 -109.91194   21.96490     77.000    15.2316    15.1977 4.2192e+04   4.225124     0.6564     0.0945    97.6654 1.0000e-12          0     1.4479     1.4745     0.1166     0.1148     4.5433     0.0000     0.0085     0.0000     1.3801     1.4028    34.1051    34.1886    25.2338    25.3056    114.950    125.539     45.175     49.328 0.0000e+00
       4562    190.052     78.504 -109.91194   21.96490     78.000    15.2059    15.1725 4.2181e+04   4.223960     0.6518     0.0934    97.6938 1.0000e-12          0     1.4165     1.4396     0.1162     0.1147     4.5447     0.0000     0.0085     0.0000     1.3354     1.3682    34.1173    34.1996    25.2489    25.3197    101.192    117.360     39.751     46.095 0.0000e+00
       4607    191.932     79.510 -109.91192   21.96490     79.000    15.0625    15.0249 4.2094e+04   4.215923     0.6439     0.0933    97.6944 1.0000e-12          0     1.3812     1.4042     0.1154     0.1148     4.5447     0.0000     0.0084     0.0000     1.2495     1.2923    34.1631    34.2556    25.3157    25.3952     89.878    103.777     35.216     40.656 0.0000e+00
       4659    194.076     80.517 -109.91192   21.96491     80.000    14.8717    14.8377 4.1947e+04   4.200951     0.5994     0.0863    97.8660 1.0000e-12          0     1.3095     1.3471     0.1110     0.1146     4.5527     0.0000     0.0084     0.0000     1.1927     1.2235    34.1966    34.2833    25.3831    25.4573     90.168     98.786     35.202     38.562 0.0000e+00
       4737    197.327     81.524 -109.91192   21.96492     81.000    14.7947    14.7620 4.1882e+04   4.194263     0.5826     0.0842    97.9167 1.0000e-12          0     1.1921     1.2259     0.1093     0.1145     4.5551     0.0000     0.0084     0.0000     1.1550     1.1749    34.2040    34.2885    25.4055    25.4777     88.639     95.623     34.554     37.272 0.0000e+00
       4782    199.220     82.530 -109.91191   21.96492     82.000    14.7492    14.7156 4.1843e+04   4.190278     0.5263     0.0840    97.9218 1.0000e-12          0     1.1698     1.1927     0.1036     0.1141     4.5553     0.0000     0.0081     0.0000     1.1329     1.1550    34.2088    34.2926    25.4190    25.4910     83.364     91.538     32.469     35.647 0.0000e+00
       4814    200.530     83.537 -109.91190   21.96492     83.000    14.7377    14.7052 4.1855e+04   4.191267     0.4994     0.0830    97.9460 1.0000e-12          0     1.1591     1.1795     0.1009     0.1134     4.5565     0.0000     0.0084     0.0000     1.1135     1.1363    34.2290    34.3104    25.4371    25.5070     79.902     88.614     31.117     34.505 0.0000e+00
       4847    201.934     84.544 -109.91190   21.96492     84.000    14.7534    14.7215 4.1885e+04   4.194137     0.4929     0.0826    97.9546 1.0000e-12          0     1.1446     1.1655     0.1003     0.1146     4.5569     0.0000     0.0084     0.0000     1.0838     1.1122    34.2425    34.3219    25.4442    25.5124     72.409     83.244     28.210     32.427 0.0000e+00
       4890    203.708     85.550 -109.91190   21.96492     85.000    14.8289    14.7977 4.2016e+04   4.206841     0.4540     0.0799    98.0214 1.0000e-12          0     1.1185     1.1413     0.0964     0.1147     4.5599     0.0000     0.0085     0.0000     1.0286     1.0648    34.2954    34.3703    25.4687    25.5333     60.592     73.486     23.649     28.677 0.0000e+00
       4944    205.962     86.557 -109.91189   21.96492     86.000    14.8888    14.8563 4.2159e+04   4.221236     0.4511     0.0782    98.0651 1.0000e-12          0     1.0678     1.0986     0.0961     0.1146     4.5620     0.0000     0.0085     0.0000     0.9340     0.9804    34.3719    34.4495    25.5147    25.5817     44.353     58.459     17.339     22.850 0.0000e+00
