data/ctd-cnv/KM1919/KM1919-St22-P3/St22_P3_cast84-align-cellTM-derive-bin.cnv
* Sea-Bird SBE 9 Data File:
* FileName = C:\Users\otg\Desktop\CTD Data\km1920\St22_P3_cast84.hex
* Software Version Seasave V 7.26.7.107
* Temperature SN = 5554
* Conductivity SN = 3876
* Number of Bytes Per Scan = 41
* Number of Voltage Words = 4
* Number of Scans Averaged by the Deck Unit = 1
* NMEA Latitude = 22 03.39 N
* NMEA Longitude = 109 47.41 W
* NMEA UTC (Time) = Oct 18 2019  21:35:56
* NMEA baud rate = 4800
** Ship: Kilo Moana
** Station: P3 Station 22 Cast 84
** Operator: cf
# nquan = 34
# nvalues = 253                         
# units = specified
# name 0 = scan: Scan Count
# name 1 = timeS: Time, Elapsed [seconds]
# name 2 = prDM: Pressure, Digiquartz [db]
# name 3 = longitude: Longitude [deg]
# name 4 = latitude: Latitude [deg]
# name 5 = depSM: Depth [salt water, m]
# name 6 = t090C: Temperature [ITS-90, deg C]
# name 7 = t190C: Temperature, 2 [ITS-90, deg C]
# name 8 = c0uS/cm: Conductivity [uS/cm]
# name 9 = c1S/m: Conductivity, 2 [S/m]
# name 10 = flECO-AFL: Fluorescence, WET Labs ECO-AFL/FL [mg/m^3]
# name 11 = CStarAt0: Beam Attenuation, WET Labs C-Star [1/m]
# name 12 = CStarTr0: Beam Transmission, WET Labs C-Star [%]
# name 13 = par: PAR/Irradiance, Biospherical/Licor
# name 14 = modError: Modulo Error Count
# name 15 = v0: Voltage 0
# name 16 = v1: Voltage 1
# name 17 = v2: Voltage 2
# name 18 = v3: Voltage 3
# name 19 = v4: Voltage 4
# name 20 = v5: Voltage 5
# name 21 = v6: Voltage 6
# name 22 = v7: Voltage 7
# name 23 = sbeox0V: Oxygen raw, SBE 43 [V]
# name 24 = sbeox1V: Oxygen raw, SBE 43, 2 [V]
# name 25 = sal00: Salinity, Practical [PSU]
# name 26 = sal11: Salinity, Practical, 2 [PSU]
# name 27 = sigma-é00: Density [sigma-theta, kg/m^3]
# name 28 = sigma-é11: Density, 2 [sigma-theta, kg/m^3]
# name 29 = sbeox0Mm/L: Oxygen, SBE 43 [umol/l], WS = 2
# name 30 = sbeox1Mm/L: Oxygen, SBE 43, 2 [umol/l], WS = 2
# name 31 = sbeox0PS: Oxygen, SBE 43 [% saturation], WS = 2
# name 32 = sbeox1PS: Oxygen, SBE 43, 2 [% saturation], WS = 2
# name 33 = flag: flag
# span 0 =        311,      13351       
# span 1 =     12.907,    556.247       
# span 2 =      2.013,    255.751       
# span 3 = -109.79024, -109.79020       
# span 4 =   22.05652,   22.05678       
# span 5 =      2.000,    254.000       
# span 6 =    11.3909,    27.6055       
# span 7 =    11.3596,    27.5654       
# span 8 = 3.9248e+04, 5.5292e+04       
# span 9 =   3.930079,   5.537003       
# span 10 =     0.0452,     1.4735      
# span 11 =     0.0788,     0.1629      
# span 12 =    96.0098,    98.0477      
# span 13 = 1.0000e-12, 3.5509e+02      
# span 14 =          0,          0      
# span 15 =     0.5039,     2.4821      
# span 16 =     0.5146,     2.4556      
# span 17 =     0.0555,     0.1983      
# span 18 =     0.1135,     0.1165      
# span 19 =     4.4664,     4.5612      
# span 20 =     0.0000,     0.0000      
# span 21 =     0.0083,     3.5620      
# span 22 =     0.0000,     0.0000      
# span 23 =     0.5032,     2.4698      
# span 24 =     0.5139,     2.4570      
# span 25 =    33.9278,    34.7673      
# span 26 =    34.0174,    34.8504      
# span 27 =    22.2473,    26.4942      
# span 28 =    22.3243,    26.5631      
# span 29 =      0.964,    239.490      
# span 30 =      1.067,    250.756      
# span 31 =      0.352,    106.542      
# span 32 =      0.389,    110.505      
# span 33 = 0.0000e+00, 0.0000e+00      
# interval = meters: 1                  
# start_time = Oct 18 2019 21:39:26 [NMEA time, first data scan]
# bad_flag = -9.990e-29
*END*
[from data line 86]
       4881    203.324     88.571 -109.79022   22.05664     88.000    14.6657    14.6352 4.1811e+04   4.187067     0.4710     0.0973    97.5981 8.0063e-01          0     1.1280     1.1565     0.0981     0.1146     4.5403     0.0000     0.9675     0.0000     1.0753     1.0991    34.2501    34.3318    25.4691    25.5387     77.410     84.210     30.108     32.749 0.0000e+00
       4933    205.497     89.578 -109.79022   22.05664     89.000    14.6501    14.6231 4.1805e+04   4.186484     0.4417     0.0964    97.6199 7.3690e-01          0     1.0909     1.1171     0.0951     0.1148     4.5413     0.0000     0.9357     0.0000     1.0577     1.0796    34.2582    34.3367    25.4787    25.5451     75.877     82.146     29.504     31.939 0.0000e+00
       4980    207.451     90.584 -109.79022   22.05664     90.000    14.6014    14.5744 4.1764e+04   4.182979     0.4366     0.0963    97.6212 6.9874e-01          0     1.0701     1.0928     0.0946     0.1148     4.5413     0.0000     0.9155     0.0000     1.0428     1.0638    34.2626    34.3472    25.4926    25.5637     72.498     79.808     28.163     31.002 0.0000e+00
       5022    209.212     91.591 -109.79022   22.05664     91.000    14.6036    14.5660 4.1782e+04   4.182830     0.4216     0.0947    97.6593 6.4695e-01          0     1.0568     1.0784     0.0931     0.1148     4.5431     0.0000     0.8862     0.0000     1.0099     1.0449    34.2774    34.3529    25.5036    25.5699     60.889     75.340     23.655     29.262 0.0000e+00
       5075    211.429     92.598 -109.79022   22.05664     92.000    14.7702    14.6787 4.2035e+04   4.199363     0.4090     0.0946    97.6630 5.9590e-01          0     1.0363     1.0599     0.0919     0.1142     4.5432     0.0000     0.8554     0.0000     0.9223     0.9928    34.3612    34.4043    25.5323    25.5854     44.772     63.174     17.460     24.599 0.0000e+00
       5156    214.779     93.605 -109.79022   22.05664     93.000    14.8346    14.7855 4.2185e+04   4.219571     0.3619     0.0932    97.6977 5.4870e-01          0     0.9323     0.9975     0.0872     0.1145     4.5449     0.0000     0.8250     0.0000     0.8267     0.8923    34.4409    34.4942    25.5799    25.6317     36.007     48.195     14.069     18.818 0.0000e+00
       5218    217.361     94.611 -109.79022   22.05664     94.000    14.8125    14.7812 4.2218e+04   4.227767     0.3508     0.0912    97.7455 5.1253e-01          0     0.8536     0.9191     0.0861     0.1143     4.5471     0.0000     0.8000     0.0000     0.7445     0.7982    34.4905    34.5726    25.6231    25.6931     20.893     31.778      8.162     12.413 0.0000e+00
       5241    218.341     95.618 -109.79022   22.05664     95.000    14.8030    14.7686 4.2225e+04   4.228242     0.3315     0.0913    97.7443 4.7122e-01          0     0.8303     0.8985     0.0841     0.1147     4.5471     0.0000     0.7696     0.0000     0.7088     0.7576    34.5045    34.5877    25.6359    25.7075     17.942     26.668      7.009     10.415 0.0000e+00
       5266    219.369     96.625 -109.79022   22.05664     96.000    14.7215    14.6854 4.2179e+04   4.224181     0.3112     0.0901    97.7715 4.4283e-01          0     0.7956     0.8585     0.0821     0.1146     4.5483     0.0000     0.7474     0.0000     0.6832     0.7236    34.5346    34.6241    25.6768    25.7537     18.665     24.437      7.280      9.530 0.0000e+00
       5300    220.792     97.632 -109.79022   22.05664     97.000    14.5910    14.5608 4.2056e+04   4.212166     0.2931     0.0896    97.7852 4.1309e-01          0     0.7466     0.8008     0.0803     0.1147     4.5490     0.0000     0.7228     0.0000     0.6661     0.6962    34.5371    34.6246    25.7069    25.7809     20.522     23.997      7.984      9.335 0.0000e+00
       5392    224.638     98.638 -109.79022   22.05664     98.000    14.5088    14.4998 4.1967e+04   4.204990     0.3203     0.0879    97.8270 3.7841e-01          0     0.6645     0.6945     0.0830     0.1143     4.5509     0.0000     0.6925     0.0000     0.6497     0.6716    34.5283    34.6126    25.7178    25.7848     19.776     23.063      7.681      8.960 0.0000e+00
       5465    227.682     99.645 -109.79022   22.05664     99.000    14.4186    14.3831 4.1898e+04   4.195628     0.3083     0.0883    97.8177 3.4533e-01          0     0.6546     0.6762     0.0818     0.1136     4.5505     0.0000     0.6612     0.0000     0.6288     0.6516    34.5447    34.6303    25.7497    25.8234     15.305     19.053      5.934      7.386 0.0000e+00
       5500    229.140    100.652 -109.79022   22.05664    100.000    14.3727    14.3396 4.1865e+04   4.192414     0.2508     0.0865    97.8611 3.2086e-01          0     0.6468     0.6690     0.0761     0.1144     4.5525     0.0000     0.6366     0.0000     0.6166     0.6390    34.5547    34.6391    25.7673    25.8395     13.793     17.237      5.343      6.677 0.0000e+00
       5540    230.787    101.659 -109.79022   22.05664    101.000    14.3286    14.2957 4.1835e+04   4.189482     0.2375     0.0865    97.8592 2.9478e-01          0     0.6329     0.6556     0.0748     0.1142     4.5524     0.0000     0.6086     0.0000     0.6047     0.6267    34.5660    34.6510    25.7854    25.8581     12.682     15.869      4.909      6.142 0.0000e+00
       5601    233.318    102.665 -109.79022   22.05664    102.000    14.2530    14.2277 4.1775e+04   4.184199     0.2279     0.0859    97.8739 2.7038e-01          0     0.6123     0.6344     0.0738     0.1139     4.5531     0.0000     0.5810     0.0000     0.5898     0.6110    34.5784    34.6627    25.8111    25.8815     11.191     13.820      4.325      5.342 0.0000e+00
       5649    235.347    103.672 -109.79022   22.05664    103.000    14.1684    14.1329 4.1708e+04   4.176815     0.2144     0.0855    97.8838 2.5063e-01          0     0.5989     0.6206     0.0724     0.1136     4.5535     0.0000     0.5572     0.0000     0.5825     0.6011    34.5912    34.6791    25.8389    25.9143     11.394     13.097      4.397      5.053 0.0000e+00
       5682    236.697    104.679 -109.79022   22.05664    104.000    14.1282    14.0953 4.1667e+04   4.172615     0.1964     0.0848    97.9031 2.3423e-01          0     0.5911     0.6125     0.0706     0.1146     4.5544     0.0000     0.5362     0.0000     0.5807     0.5981    34.5889    34.6735    25.8456    25.9179     11.171     12.990      4.307      5.008 0.0000e+00
       5715    238.084    105.686 -109.79022   22.05664    105.000    14.0974    14.0647 4.1638e+04   4.169781     0.1745     0.0842    97.9179 2.1404e-01          0     0.5852     0.6050     0.0685     0.1142     4.5552     0.0000     0.5090     0.0000     0.5767     0.5949    34.5898    34.6743    25.8528    25.9250      9.811     12.158      3.780      4.684 0.0000e+00
       5749    239.487    106.693 -109.79022   22.05665    106.000    14.0987    14.0669 4.1651e+04   4.170814     0.1745     0.0839    97.9252 1.9910e-01          0     0.5824     0.6004     0.0685     0.1143     4.5555     0.0000     0.4878     0.0000     0.5709     0.5890    34.6002    34.6815    25.8606    25.9301      9.082     11.074      3.500      4.267 0.0000e+00
       5789    241.172    107.699 -109.79022   22.05666    107.000    14.0929    14.0607 4.1655e+04   4.171323     0.1713     0.0846    97.9077 1.8039e-01          0     0.5788     0.5967     0.0682     0.1147     4.5547     0.0000     0.4595     0.0000     0.5662     0.5836    34.6088    34.6914    25.8685    25.9391      8.797     10.631      3.390      4.096 0.0000e+00
       5848    243.631    108.706 -109.79022   22.05666    108.000    14.0855    14.0544 4.1657e+04   4.171380     0.1710     0.0857    97.8820 1.6082e-01          0     0.5698     0.5876     0.0681     0.1142     4.5535     0.0000     0.4281     0.0000     0.5588     0.5766    34.6162    34.6972    25.8758    25.9449      7.486      9.454      2.884      3.642 0.0000e+00
       5896    245.613    109.713 -109.79022   22.05666    109.000    14.0870    14.0551 4.1669e+04   4.172611     0.1710     0.0837    97.9286 1.4831e-01          0     0.5645     0.5820     0.0681     0.1148     4.5557     0.0000     0.4067     0.0000     0.5515     0.5695    34.6260    34.7076    25.8831    25.9528      6.328      8.255      2.438      3.181 0.0000e+00
       5921    246.657    110.720 -109.79022   22.05666    110.000    14.0944    14.0631 4.1686e+04   4.174170     0.1601     0.0838    97.9269 1.3781e-01          0     0.5613     0.5790     0.0670     0.1146     4.5556     0.0000     0.3878     0.0000     0.5484     0.5662    34.6347    34.7145    25.8883    25.9565      5.975      7.844      2.303      3.023 0.0000e+00
       5940    247.477    111.727 -109.79022   22.05666    111.000    14.0793    14.0452 4.1676e+04   4.173714     0.1507     0.0838    97.9269 1.3165e-01          0     0.5585     0.5762     0.0661     0.1147     4.5556     0.0000     0.3763     0.0000     0.5449     0.5629    34.6387    34.7260    25.8945    25.9692      4.911      7.160      1.892      2.758 0.0000e+00
       5963    248.415    112.733 -109.79022   22.05666    112.000    14.0262    13.9928 4.1630e+04   4.168857     0.1498     0.0834    97.9359 1.2245e-01          0     0.5552     0.5732     0.0660     0.1147     4.5560     0.0000     0.3587     0.0000     0.5399     0.5586    34.6430    34.7276    25.9091    25.9815      4.203      6.323      1.618      2.433 0.0000e+00
       5996    249.803    113.740 -109.79022   22.05666    113.000    13.9709    13.9386 4.1600e+04   4.165993     0.1394     0.0829    97.9481 1.1486e-01          0     0.5502     0.5680     0.0649     0.1147     4.5566     0.0000     0.3435     0.0000     0.5345     0.5525    34.6649    34.7496    25.9376    26.0099      4.103      5.756      1.578      2.213 0.0000e+00
       6041    251.673    114.747 -109.79022   22.05666    114.000    13.9472    13.9149 4.1583e+04   4.164166     0.1265     0.0815    97.9818 1.0478e-01          0     0.5421     0.5607     0.0637     0.1146     4.5581     0.0000     0.3226     0.0000     0.5297     0.5468    34.6699    34.7536    25.9465    26.0179      3.928      5.174      1.510      1.988 0.0000e+00
       6073    252.997    115.754 -109.79022   22.05666    115.000    13.9152    13.8823 4.1561e+04   4.161995     0.1250     0.0822    97.9661 9.5329e-02          0     0.5363     0.5544     0.0635     0.1147     4.5574     0.0000     0.3019     0.0000     0.5280     0.5439    34.6773    34.7624    25.9589    26.0316      4.389      5.168      1.686      1.985 0.0000e+00
       6106    254.364    116.761 -109.79022   22.05666    116.000    13.8614    13.8277 4.1507e+04   4.156862     0.1167     0.0803    98.0131 8.6630e-02          0     0.5324     0.5501     0.0627     0.1147     4.5595     0.0000     0.2819     0.0000     0.5290     0.5434    34.6758    34.7634    25.9690    26.0438      4.987      5.472      1.913      2.099 0.0000e+00
       6141    255.820    117.768 -109.79022   22.05666    117.000    13.7647    13.7308 4.1412e+04   4.147507     0.1110     0.0800    98.0211 8.0099e-02          0     0.5294     0.5459     0.0621     0.1146     4.5599     0.0000     0.2664     0.0000     0.5303     0.5442    34.6740    34.7633    25.9877    26.0639      5.119      5.829      1.960      2.232 0.0000e+00
       6168    256.950    118.774 -109.79022   22.05666    118.000    13.7100    13.6776 4.1355e+04   4.141468     0.1004     0.0805    98.0089 7.1982e-02          0     0.5290     0.5444     0.0611     0.1135     4.5593     0.0000     0.2462     0.0000     0.5315     0.5453    34.6697    34.7546    25.9958    26.0681      5.688      6.097      2.176      2.332 0.0000e+00
       6190    257.860    119.781 -109.79022   22.05666    119.000    13.7036    13.6705 4.1353e+04   4.141175     0.1005     0.0800    98.0189 6.0419e-02          0     0.5298     0.5441     0.0611     0.1147     4.5598     0.0000     0.2156     0.0000     0.5336     0.5467    34.6728    34.7579    25.9995    26.0722      6.236      6.409      2.385      2.451 0.0000e+00
       6210    258.726    120.788 -109.79022   22.05666    120.000    13.6510    13.6150 4.1296e+04   4.135762     0.1204     0.0805    98.0069 5.3175e-02          0     0.5308     0.5445     0.0631     0.1147     4.5593     0.0000     0.1954     0.0000     0.5355     0.5480    34.6668    34.7571    26.0058    26.0830      6.284      6.685      2.401      2.553 0.0000e+00
       6234    259.711    121.795 -109.79022   22.05666    121.000    13.5524    13.5165 4.1196e+04   4.126104     0.0986     0.0806    98.0057 4.9162e-02          0     0.5313     0.5455     0.0608     0.1138     4.5592     0.0000     0.1840     0.0000     0.5366     0.5499    34.6616    34.7554    26.0220    26.1020      6.057      6.857      2.309      2.614 0.0000e+00
       6276    261.448    122.802 -109.79022   22.05666    122.000    13.4865    13.4546 4.1133e+04   4.119211     0.0774     0.0801    98.0180 4.5621e-02          0     0.5346     0.5477     0.0587     0.1139     4.5598     0.0000     0.1734     0.0000     0.5357     0.5500    34.6620    34.7465    26.0360    26.1078      5.149      6.296      1.960      2.397 0.0000e+00
       6329    263.683    123.809 -109.79022   22.05666    123.000    13.4711    13.4382 4.1135e+04   4.119322     0.0845     0.0798    98.0244 3.9075e-02          0     0.5380     0.5513     0.0594     0.1140     4.5601     0.0000     0.1533     0.0000     0.5338     0.5478    34.6771    34.7620    26.0507    26.1232      5.461      6.002      2.079      2.284 0.0000e+00
       6358    264.875    124.816 -109.79022   22.05666    124.000    13.4210    13.3884 4.1081e+04   4.114143     0.0755     0.0801    98.0178 3.4242e-02          0     0.5368     0.5514     0.0585     0.1148     4.5598     0.0000     0.1378     0.0000     0.5352     0.5480    34.6715    34.7582    26.0567    26.1305      6.245      6.504      2.375      2.473 0.0000e+00
       6384    265.964    125.822 -109.79022   22.05666    125.000    13.3867    13.3535 4.1045e+04   4.110647     0.0751     0.0795    98.0321 2.5182e-02          0     0.5350     0.5498     0.0585     0.1147     4.5604     0.0000     0.1071     0.0000     0.5370     0.5498    34.6686    34.7565    26.0615    26.1363      6.418      6.910      2.439      2.625 0.0000e+00
       6410    267.050    126.829 -109.79022   22.05666    126.000    13.3095    13.2763 4.0964e+04   4.102526     0.0752     0.0795    98.0320 2.7197e-02          0     0.5348     0.5487     0.0585     0.1140     4.5604     0.0000     0.1141     0.0000     0.5388     0.5513    34.6619    34.7499    26.0721    26.1469      7.343      7.283      2.786      2.762 0.0000e+00
       6435    268.093    127.836 -109.79022   22.05666    127.000    13.2948    13.2630 4.0958e+04   4.101877     0.0676     0.0795    98.0320 1.8048e-02          0     0.5355     0.5486     0.0578     0.1143     4.5604     0.0000     0.0811     0.0000     0.5434     0.5541    34.6693    34.7554    26.0807    26.1539      8.717      8.218      3.306      3.117 0.0000e+00
       6458    269.055    128.843 -109.79022   22.05666    128.000    13.1751    13.1373 4.0827e+04   4.089555     0.0639     0.0795    98.0320 1.5248e-02          0     0.5373     0.5503     0.0574     0.1146     4.5604     0.0000     0.0711     0.0000     0.5478     0.5580    34.6534    34.7531    26.0927    26.1776      8.747      8.831      3.309      3.340 0.0000e+00
       6480    269.945    129.850 -109.79022   22.05666    129.000    13.1099    13.0767 4.0760e+04   4.082064     0.0634     0.0800    98.0193 1.1886e-02          0     0.5385     0.5513     0.0574     0.1147     4.5598     0.0000     0.0579     0.0000     0.5493     0.5607    34.6489    34.7370    26.1023    26.1773      8.170      8.857      3.087      3.345 0.0000e+00
