data/ctd-cnv/KM1919/KM1919-St22-P3/St22_P3_cast76-align-cellTM-derive-bin.cnv
* Sea-Bird SBE 9 Data File:
* FileName = C:\Users\otg\Desktop\CTD Data\km1920\St22_P3_cast76.hex
* Software Version Seasave V 7.26.7.107
* Temperature SN = 5554
* Conductivity SN = 3876
* Number of Bytes Per Scan = 41
* Number of Voltage Words = 4
* Number of Scans Averaged by the Deck Unit = 1
* NMEA Latitude = 21 58.90 N
* NMEA Longitude = 109 55.13 W
* NMEA UTC (Time) = Oct 17 2019  12:53:29
* NMEA baud rate = 4800
** Ship: Kilo Moana
** Station: St22  P3 cast 76
** Operator: gr
# nquan = 34
# nvalues = 1001                        
# units = specified
# name 0 = scan: Scan Count
# name 1 = timeS: Time, Elapsed [seconds]
# name 2 = prDM: Pressure, Digiquartz [db]
# name 3 = longitude: Longitude [deg]
# name 4 = latitude: Latitude [deg]
# name 5 = depSM: Depth [salt water, m]
# name 6 = t090C: Temperature [ITS-90, deg C]
# name 7 = t190C: Temperature, 2 [ITS-90, deg C]
# name 8 = c0uS/cm: Conductivity [uS/cm]
# name 9 = c1S/m: Conductivity, 2 [S/m]
# name 10 = flECO-AFL: Fluorescence, WET Labs ECO-AFL/FL [mg/m^3]
# name 11 = CStarAt0: Beam Attenuation, WET Labs C-Star [1/m]
# name 12 = CStarTr0: Beam Transmission, WET Labs C-Star [%]
# name 13 = par: PAR/Irradiance, Biospherical/Licor
# name 14 = modError: Modulo Error Count
# name 15 = v0: Voltage 0
# name 16 = v1: Voltage 1
# name 17 = v2: Voltage 2
# name 18 = v3: Voltage 3
# name 19 = v4: Voltage 4
# name 20 = v5: Voltage 5
# name 21 = v6: Voltage 6
# name 22 = v7: Voltage 7
# name 23 = sbeox0V: Oxygen raw, SBE 43 [V]
# name 24 = sbeox1V: Oxygen raw, SBE 43, 2 [V]
# name 25 = sal00: Salinity, Practical [PSU]
# name 26 = sal11: Salinity, Practical, 2 [PSU]
# name 27 = sigma-é00: Density [sigma-theta, kg/m^3]
# name 28 = sigma-é11: Density, 2 [sigma-theta, kg/m^3]
# name 29 = sbeox0Mm/L: Oxygen, SBE 43 [umol/l], WS = 2
# name 30 = sbeox1Mm/L: Oxygen, SBE 43, 2 [umol/l], WS = 2
# name 31 = sbeox0PS: Oxygen, SBE 43 [% saturation], WS = 2
# name 32 = sbeox1PS: Oxygen, SBE 43, 2 [% saturation], WS = 2
# name 33 = flag: flag
# span 0 =       -138,      32734       
# span 1 =     -5.800,   1363.856       
# span 2 =      1.007,   1009.723       
# span 3 = -109.91486, -109.91478       
# span 4 =   21.97956,   21.98034       
# span 5 =      1.000,   1001.000       
# span 6 =     4.5977,    27.7084       
# span 7 =     4.5729,    27.6686       
# span 8 = 3.3130e+04, 5.5477e+04       
# span 9 =   3.317509,   5.555528       
# span 10 =     0.0391,     1.3300      
# span 11 =     0.0560,     0.1421      
# span 12 =    96.5090,    98.6098      
# span 13 = 1.0000e-12, 6.8453e+00      
# span 14 =          0,          0      
# span 15 =     0.5031,     2.4546      
# span 16 =     0.5130,     2.4354      
# span 17 =     0.0549,     0.1840      
# span 18 =     0.0653,     0.3356      
# span 19 =     4.4896,     4.5873      
# span 20 =     0.0000,     0.0000      
# span 21 =     0.0081,     1.8516      
# span 22 =     0.0000,     0.0000      
# span 23 =     0.5025,     2.4565      
# span 24 =     0.5123,     2.4382      
# span 25 =    33.9543,    34.7676      
# span 26 =    34.0413,    34.8520      
# span 27 =    22.2538,    27.3503      
# span 28 =    22.3306,    27.4146      
# span 29 =      0.842,    233.257      
# span 30 =      0.676,    246.291      
# span 31 =      0.290,    105.310      
# span 32 =      0.230,    109.609      
# span 33 = 0.0000e+00, 0.0000e+00      
# interval = meters: 1                  
# start_time = Oct 17 2019 13:07:23 [NMEA time, first data scan]
# bad_flag = -9.990e-29
*END*
[from data line 897]
      28932   1205.443    905.601 -109.91484   21.97964    898.000     5.0696     5.0444 3.3499e+04   3.354494     0.0552     0.0581    98.5570 1.0000e-12          0     0.5228     0.5325     0.0565     0.1171     4.5849     0.0000     0.0085     0.0000     0.5229     0.5322    34.5127    34.5908    27.2895    27.3544      5.069      5.120      1.602      1.618 0.0000e+00
      28950   1206.227    906.611 -109.91484   21.97964    899.000     5.0684     5.0432 3.3498e+04   3.354429     0.0634     0.0581    98.5570 1.0000e-12          0     0.5232     0.5326     0.0574     0.1171     4.5849     0.0000     0.0085     0.0000     0.5231     0.5323    34.5125    34.5908    27.2895    27.3546      5.248      5.219      1.659      1.649 0.0000e+00
      28974   1207.220    907.622 -109.91484   21.97964    900.000     5.0669     5.0418 3.3498e+04   3.354335     0.0639     0.0581    98.5570 1.0000e-12          0     0.5232     0.5325     0.0574     0.1172     4.5849     0.0000     0.0085     0.0000     0.5232     0.5325    34.5124    34.5907    27.2897    27.3546      5.214      5.236      1.648      1.655 0.0000e+00
      29022   1209.224    908.633 -109.91484   21.97964    901.000     5.0667     5.0413 3.3499e+04   3.354310     0.0639     0.0581    98.5570 1.0000e-12          0     0.5234     0.5326     0.0574     0.1172     4.5849     0.0000     0.0085     0.0000     0.5233     0.5323    34.5133    34.5905    27.2904    27.3545      5.214      5.160      1.648      1.631 0.0000e+00
      29076   1211.457    909.643 -109.91484   21.97964    902.000     5.0634     5.0383 3.3496e+04   3.354117     0.0639     0.0581    98.5570 1.0000e-12          0     0.5234     0.5327     0.0574     0.1173     4.5849     0.0000     0.0084     0.0000     0.5231     0.5323    34.5136    34.5908    27.2910    27.3552      5.257      5.151      1.661      1.628 0.0000e+00
      29107   1212.744    910.654 -109.91484   21.97962    903.000     5.0619     5.0367 3.3495e+04   3.354026     0.0639     0.0581    98.5570 1.0000e-12          0     0.5238     0.5326     0.0574     0.1172     4.5849     0.0000     0.0085     0.0000     0.5234     0.5324    34.5136    34.5909    27.2912    27.3554      5.212      5.189      1.647      1.640 0.0000e+00
      29132   1213.787    911.665 -109.91484   21.97962    904.000     5.0587     5.0335 3.3493e+04   3.353844     0.0639     0.0581    98.5570 1.0000e-12          0     0.5235     0.5329     0.0574     0.1174     4.5849     0.0000     0.0085     0.0000     0.5232     0.5322    34.5138    34.5916    27.2918    27.3564      5.215      5.137      1.648      1.623 0.0000e+00
      29155   1214.732    912.675 -109.91484   21.97962    905.000     5.0472     5.0216 3.3483e+04   3.352923     0.0605     0.0581    98.5570 1.0000e-12          0     0.5233     0.5325     0.0571     0.1173     4.5849     0.0000     0.0085     0.0000     0.5234     0.5325    34.5135    34.5927    27.2928    27.3586      5.207      5.276      1.645      1.666 0.0000e+00
      29176   1215.605    913.686 -109.91484   21.97962    906.000     5.0426     5.0173 3.3480e+04   3.352561     0.0444     0.0579    98.5618 1.0000e-12          0     0.5235     0.5327     0.0554     0.1173     4.5851     0.0000     0.0085     0.0000     0.5231     0.5325    34.5138    34.5925    27.2936    27.3590      5.084      5.221      1.606      1.649 0.0000e+00
      29198   1216.531    914.697 -109.91484   21.97962    907.000     5.0366     5.0110 3.3475e+04   3.352047     0.0427     0.0581    98.5571 1.0000e-12          0     0.5236     0.5327     0.0552     0.1173     4.5849     0.0000     0.0085     0.0000     0.5233     0.5323    34.5141    34.5926    27.2945    27.3597      5.261      5.152      1.661      1.627 0.0000e+00
      29223   1217.597    915.707 -109.91484   21.97962    908.000     5.0337     5.0086 3.3473e+04   3.351839     0.0429     0.0581    98.5570 1.0000e-12          0     0.5236     0.5327     0.0552     0.1172     4.5849     0.0000     0.0084     0.0000     0.5232     0.5326    34.5141    34.5922    27.2949    27.3597      5.289      5.240      1.670      1.655 0.0000e+00
      29256   1218.976    916.718 -109.91484   21.97962    909.000     5.0326     5.0076 3.3472e+04   3.351782     0.0564     0.0581    98.5570 1.0000e-12          0     0.5235     0.5327     0.0566     0.1172     4.5849     0.0000     0.0085     0.0000     0.5234     0.5323    34.5139    34.5921    27.2949    27.3597      5.355      5.179      1.691      1.635 0.0000e+00
      29291   1220.407    917.729 -109.91484   21.97962    910.000     5.0297     5.0044 3.3470e+04   3.351567     0.0559     0.0581    98.5570 1.0000e-12          0     0.5234     0.5327     0.0566     0.1172     4.5849     0.0000     0.0085     0.0000     0.5235     0.5327    34.5138    34.5924    27.2951    27.3604      5.251      5.467      1.658      1.726 0.0000e+00
      29321   1221.679    918.740 -109.91484   21.97962    911.000     5.0193     4.9937 3.3461e+04   3.350659     0.0640     0.0581    98.5570 1.0000e-12          0     0.5237     0.5328     0.0574     0.1172     4.5849     0.0000     0.0085     0.0000     0.5235     0.5330    34.5134    34.5924    27.2960    27.3616      5.457      5.334      1.723      1.684 0.0000e+00
      29349   1222.829    919.750 -109.91484   21.97962    912.000     5.0110     4.9858 3.3454e+04   3.349938     0.0639     0.0581    98.5560 1.0000e-12          0     0.5238     0.5326     0.0574     0.1171     4.5849     0.0000     0.0085     0.0000     0.5242     0.5331    34.5134    34.5918    27.2969    27.3621      6.051      5.564      1.910      1.756 0.0000e+00
      29375   1223.921    920.761 -109.91484   21.97962    913.000     5.0059     4.9806 3.3449e+04   3.349503     0.0639     0.0581    98.5570 1.0000e-12          0     0.5238     0.5330     0.0574     0.1174     4.5849     0.0000     0.0085     0.0000     0.5246     0.5336    34.5131    34.5917    27.2974    27.3625      5.725      5.728      1.807      1.807 0.0000e+00
      29401   1224.994    921.772 -109.91484   21.97962    914.000     5.0002     4.9749 3.3445e+04   3.349040     0.0639     0.0581    98.5580 1.0000e-12          0     0.5238     0.5333     0.0574     0.1171     4.5849     0.0000     0.0084     0.0000     0.5248     0.5339    34.5134    34.5917    27.2982    27.3633      5.741      5.677      1.812      1.791 0.0000e+00
      29429   1226.167    922.782 -109.91484   21.97962    915.000     4.9945     4.9694 3.3440e+04   3.348585     0.0639     0.0581    98.5578 1.0000e-12          0     0.5243     0.5334     0.0574     0.1171     4.5849     0.0000     0.0084     0.0000     0.5253     0.5343    34.5133    34.5916    27.2988    27.3638      6.206      5.850      1.958      1.845 0.0000e+00
      29464   1227.641    923.793 -109.91484   21.97962    916.000     4.9830     4.9577 3.3430e+04   3.347610     0.0639     0.0580    98.5606 1.0000e-12          0     0.5249     0.5339     0.0574     0.1173     4.5851     0.0000     0.0084     0.0000     0.5260     0.5346    34.5135    34.5919    27.3003    27.3654      5.931      5.746      1.871      1.812 0.0000e+00
      29501   1229.159    924.804 -109.91486   21.97962    917.000     4.9801     4.9550 3.3429e+04   3.347377     0.0639     0.0581    98.5559 1.0000e-12          0     0.5251     0.5344     0.0574     0.1174     4.5848     0.0000     0.0085     0.0000     0.5262     0.5352    34.5137    34.5915    27.3008    27.3654      6.163      6.184      1.944      1.950 0.0000e+00
      29529   1230.334    925.815 -109.91486   21.97960    918.000     4.9748     4.9495 3.3424e+04   3.346996     0.0422     0.0581    98.5570 1.0000e-12          0     0.5261     0.5348     0.0552     0.1172     4.5849     0.0000     0.0085     0.0000     0.5266     0.5357    34.5136    34.5923    27.3013    27.3666      6.150      5.938      1.940      1.872 0.0000e+00
      29553   1231.324    926.825 -109.91486   21.97960    919.000     4.9664     4.9412 3.3418e+04   3.346316     0.0639     0.0581    98.5570 1.0000e-12          0     0.5263     0.5350     0.0574     0.1175     4.5849     0.0000     0.0085     0.0000     0.5269     0.5356    34.5144    34.5926    27.3029    27.3679      6.092      5.841      1.921      1.841 0.0000e+00
      29576   1232.282    927.836 -109.91486   21.97960    920.000     4.9635     4.9383 3.3416e+04   3.346082     0.0639     0.0581    98.5570 1.0000e-12          0     0.5264     0.5352     0.0574     0.1172     4.5849     0.0000     0.0085     0.0000     0.5271     0.5357    34.5145    34.5924    27.3033    27.3680      6.151      5.989      1.939      1.888 0.0000e+00
      29601   1233.321    928.847 -109.91486   21.97960    921.000     4.9602     4.9348 3.3413e+04   3.345837     0.0455     0.0581    98.5570 1.0000e-12          0     0.5269     0.5358     0.0555     0.1172     4.5849     0.0000     0.0085     0.0000     0.5270     0.5357    34.5143    34.5926    27.3036    27.3686      5.958      5.884      1.878      1.855 0.0000e+00
      29628   1234.450    929.858 -109.91486   21.97960    922.000     4.9544     4.9292 3.3408e+04   3.345388     0.0412     0.0581    98.5570 1.0000e-12          0     0.5272     0.5358     0.0551     0.1172     4.5849     0.0000     0.0085     0.0000     0.5272     0.5358    34.5146    34.5928    27.3045    27.3693      6.103      5.987      1.924      1.887 0.0000e+00
      29657   1235.658    930.868 -109.91486   21.97960    923.000     4.9510     4.9259 3.3406e+04   3.345133     0.0438     0.0581    98.5570 1.0000e-12          0     0.5273     0.5360     0.0553     0.1173     4.5849     0.0000     0.0085     0.0000     0.5272     0.5361    34.5146    34.5928    27.3049    27.3697      5.998      6.152      1.890      1.939 0.0000e+00
      29688   1236.978    931.879 -109.91486   21.97960    924.000     4.9496     4.9247 3.3405e+04   3.345067     0.0516     0.0581    98.5570 1.0000e-12          0     0.5274     0.5360     0.0561     0.1172     4.5849     0.0000     0.0085     0.0000     0.5272     0.5361    34.5147    34.5927    27.3051    27.3698      6.002      5.859      1.892      1.847 0.0000e+00
      29720   1238.309    932.890 -109.91486   21.97960    925.000     4.9488     4.9234 3.3405e+04   3.345001     0.0639     0.0581    98.5570 1.0000e-12          0     0.5275     0.5360     0.0574     0.1173     4.5849     0.0000     0.0085     0.0000     0.5272     0.5360    34.5145    34.5928    27.3051    27.3700      6.030      6.004      1.900      1.892 0.0000e+00
      29749   1239.503    933.901 -109.91486   21.97960    926.000     4.9468     4.9218 3.3403e+04   3.344880     0.0639     0.0581    98.5570 1.0000e-12          0     0.5275     0.5364     0.0574     0.1172     4.5849     0.0000     0.0084     0.0000     0.5272     0.5362    34.5145    34.5926    27.3053    27.3701      6.036      6.155      1.902      1.939 0.0000e+00
      29774   1240.557    934.912 -109.91486   21.97960    927.000     4.9461     4.9218 3.3403e+04   3.344937     0.0492     0.0581    98.5570 1.0000e-12          0     0.5274     0.5363     0.0559     0.1171     4.5849     0.0000     0.0085     0.0000     0.5273     0.5365    34.5146    34.5927    27.3054    27.3702      6.032      6.117      1.901      1.927 0.0000e+00
      29798   1241.557    935.922 -109.91486   21.97960    928.000     4.9442     4.9185 3.3402e+04   3.344729     0.0565     0.0581    98.5570 1.0000e-12          0     0.5275     0.5362     0.0566     0.1172     4.5849     0.0000     0.0085     0.0000     0.5272     0.5365    34.5152    34.5932    27.3061    27.3709      5.989      6.065      1.888      1.911 0.0000e+00
      29829   1242.822    936.933 -109.91486   21.97960    929.000     4.9382     4.9130 3.3398e+04   3.344316     0.0507     0.0581    98.5570 1.0000e-12          0     0.5275     0.5363     0.0561     0.1172     4.5849     0.0000     0.0084     0.0000     0.5272     0.5362    34.5152    34.5937    27.3068    27.3720      6.016      5.982      1.896      1.885 0.0000e+00
      29870   1244.553    937.944 -109.91486   21.97960    930.000     4.9314     4.9061 3.3392e+04   3.343778     0.0534     0.0581    98.5570 1.0000e-12          0     0.5275     0.5367     0.0563     0.1172     4.5849     0.0000     0.0085     0.0000     0.5272     0.5365    34.5153    34.5940    27.3077    27.3730      6.042      6.206      1.903      1.955 0.0000e+00
      29902   1245.869    938.955 -109.91486   21.97960    931.000     4.9233     4.8980 3.3385e+04   3.343082     0.0642     0.0581    98.5570 1.0000e-12          0     0.5275     0.5365     0.0574     0.1172     4.5849     0.0000     0.0083     0.0000     0.5273     0.5368    34.5153    34.5938    27.3086    27.3738      6.358      6.180      2.003      1.946 0.0000e+00
      29924   1246.811    939.966 -109.91486   21.97960    932.000     4.9170     4.8916 3.3380e+04   3.342575     0.0639     0.0581    98.5570 1.0000e-12          0     0.5275     0.5366     0.0574     0.1171     4.5849     0.0000     0.0085     0.0000     0.5278     0.5367    34.5156    34.5942    27.3096    27.3748      6.675      6.104      2.102      1.922 0.0000e+00
      29944   1247.617    940.976 -109.91486   21.97959    933.000     4.9121     4.8869 3.3376e+04   3.342189     0.0639     0.0581    98.5570 1.0000e-12          0     0.5275     0.5366     0.0574     0.1172     4.5849     0.0000     0.0085     0.0000     0.5282     0.5369    34.5158    34.5941    27.3103    27.3753      6.575      6.365      2.071      2.004 0.0000e+00
      29963   1248.423    941.987 -109.91486   21.97959    934.000     4.9080     4.8828 3.3373e+04   3.341863     0.0639     0.0581    98.5570 1.0000e-12          0     0.5276     0.5368     0.0574     0.1172     4.5849     0.0000     0.0085     0.0000     0.5285     0.5371    34.5155    34.5940    27.3106    27.3757      6.526      6.299      2.055      1.983 0.0000e+00
      29987   1249.403    942.998 -109.91486   21.97960    935.000     4.9057     4.8806 3.3371e+04   3.341686     0.0427     0.0581    98.5570 1.0000e-12          0     0.5275     0.5370     0.0552     0.1176     4.5849     0.0000     0.0085     0.0000     0.5285     0.5371    34.5156    34.5938    27.3109    27.3758      6.288      6.201      1.980      1.952 0.0000e+00
      30023   1250.901    944.009 -109.91486   21.97960    936.000     4.9029     4.8779 3.3369e+04   3.341466     0.0500     0.0581    98.5570 1.0000e-12          0     0.5284     0.5370     0.0560     0.1174     4.5849     0.0000     0.0085     0.0000     0.5285     0.5374    34.5154    34.5935    27.3111    27.3758      6.286      6.452      1.979      2.031 0.0000e+00
      30062   1252.525    945.020 -109.91486   21.97960    937.000     4.9023     4.8772 3.3369e+04   3.341426     0.0638     0.0588    98.5410 1.0000e-12          0     0.5287     0.5374     0.0574     0.1176     4.5841     0.0000     0.0084     0.0000     0.5285     0.5376    34.5153    34.5932    27.3111    27.3757      6.319      6.354      1.989      2.000 0.0000e+00
      30095   1253.912    946.031 -109.91486   21.97960    938.000     4.9019     4.8771 3.3370e+04   3.341465     0.0588     0.0581    98.5577 1.0000e-12          0     0.5287     0.5373     0.0569     0.1178     4.5849     0.0000     0.0085     0.0000     0.5286     0.5378    34.5162    34.5933    27.3118    27.3758      6.417      6.337      2.020      1.995 0.0000e+00
