data/ctd-cnv/SKQ1617/SKQ1617-St16-P2/skq201617s-031avg.cnv
* Sea-Bird SBE 9 Data File:
* FileName = D:\CTD\SKQ201617S\SKQ201617S-031.hex
* Software Version Seasave V 7.22.5
* Temperature SN = 5773
* Conductivity SN = 2251
* Number of Bytes Per Scan = 37
* Number of Voltage Words = 4
* Number of Scans Averaged by the Deck Unit = 1
* NMEA Latitude = 16 32.39 N
* NMEA Longitude = 107 08.76 W
* NMEA UTC (Time) = Jan 08 2017  01:06:06
* NMEA baud rate = 4800
** Ship: R/V Sikuliaq
** Station Number: 31
** Station Name: Station 16/P2
** Depth: 3484
** Operator: Clara
# nquan = 23
# nvalues = 1006                        
# units = specified
# name 0 = depSMignore: Depth [salt water, m]
# name 1 = latitude: Latitude [deg]
# name 2 = longitude: Longitude [deg]
# name 3 = prDM: Pressure, Digiquartz [db]
# name 4 = t090C: Temperature [ITS-90, deg C]
# name 5 = t190C: Temperature, 2 [ITS-90, deg C]
# name 6 = potemp090C: Potential Temperature [ITS-90, deg C]
# name 7 = sal00: Salinity, Practical [PSU]
# name 8 = sal11: Salinity, Practical, 2 [PSU]
# name 9 = density00: Density [density, kg/m^3]
# name 10 = sigma-t00: Density [sigma-t, kg/m^3 ]
# name 11 = flSP: Fluorescence, Seapoint
# name 12 = sbox0Mm/Kg: Oxygen, SBE 43 [umol/kg]
# name 13 = oxsolMm/Kg: Oxygen Saturation, Garcia & Gordon [umol/kg]
# name 14 = CStarAt0: Beam Attenuation, WET Labs C-Star [1/m]
# name 15 = CStarTr0: Beam Transmission, WET Labs C-Star [%]
# name 16 = v2: Voltage 2
# name 17 = v3: Voltage 3
# name 18 = ph: pH
# name 19 = par: PAR/Irradiance, Biospherical/Licor
# name 20 = scan: Scan Count
# name 21 = nbin: number of scans per bin
# name 22 = flag: flag
# span 0 =      3.976,   1000.596       
# span 1 =   16.53982,   16.53984       
# span 2 = -107.14606, -107.14604       
# span 3 =      4.000,   1009.000       
# span 4 =     4.8135,    28.6130       
# span 5 =     4.8139,    28.6118       
# span 6 =     4.7309,    28.6056       
# span 7 =    33.4681,    34.8182       
# span 8 =    33.4779,    34.8255       
# span 9 =  1021.0790,  1031.9611       
# span 10 =    21.0531,    27.3315      
# span 11 = 6.5781e-02, 2.2392e+00      
# span 12 =     -0.043,    200.583      
# span 13 =  196.68678,  309.80387      
# span 14 =     0.0565,     0.2643      
# span 15 =    93.6071,    98.5973      
# span 16 =     1.3675,     3.7106      
# span 17 =     0.6944,     2.4356      
# span 18 =      6.286,      6.937      
# span 19 = -5.702e-08, 7.1307e-01      
# span 20 =        862,      32953      
# span 21 =         17,       2717      
# span 22 = 0.0000e+00, 0.0000e+00      
# interval = decibars: 1                
# start_time = Jan 08 2017 01:06:06 [NMEA time, header]
# bad_flag = -9.990e-29
*END*
[from data line 252]
    254.327   16.53982 -107.14606    256.000    11.6710    11.6713    11.6382    34.7669    34.7742  1027.6181    26.4703 6.8606e-02      0.253  265.50266     0.0680    98.3131     3.6959     1.1963      6.820 8.8881e-05      10188         22 0.0000e+00
    255.320   16.53982 -107.14606    257.000    11.6665    11.6667    11.6336    34.7665    34.7738  1027.6231    26.4709 6.8245e-02      0.319  265.52844     0.0680    98.3132     3.6960     1.1960      6.820 8.8881e-05      10209         19 0.0000e+00
    256.313   16.53982 -107.14606    258.000    11.6557    11.6560    11.6227    34.7660    34.7733  1027.6292    26.4724 6.6615e-02      0.241  265.58921     0.0684    98.3038     3.6959     1.1946      6.820 8.8881e-05      10229         22 0.0000e+00
    257.306   16.53982 -107.14606    259.000    11.6405    11.6408    11.6073    34.7648    34.7721  1027.6357    26.4744 6.9468e-02      0.257  265.67611     0.0686    98.2997     3.6960     1.1939      6.820 8.0781e-05      10250         21 0.0000e+00
    258.298   16.53982 -107.14606    260.000    11.6161    11.6162    11.5828    34.7638    34.7712  1027.6441    26.4782 6.8423e-02      0.258  265.81348     0.0690    98.2897     3.6960     1.1931      6.820 7.0751e-05      10273         24 0.0000e+00
    259.291   16.53982 -107.14606    261.000    11.6092    11.6093    11.5759    34.7633    34.7707  1027.6495    26.4791 6.9570e-02      0.216  265.85250     0.0690    98.2905     3.6960     1.1918      6.820 6.2020e-05      10296         23 0.0000e+00
    260.284   16.53982 -107.14606    262.000    11.6012    11.6014    11.5678    34.7629    34.7702  1027.6552    26.4803 7.0199e-02      0.222  265.89772     0.0685    98.3011     3.6960     1.1913      6.820 6.2941e-05      10320         24 0.0000e+00
    261.277   16.53982 -107.14606    263.000    11.5862    11.5869    11.5527    34.7620    34.7694  1027.6618    26.4824 6.8952e-02      0.247  265.98252     0.0687    98.2964     3.6960     1.1903      6.820 5.8333e-05      10344         26 0.0000e+00
    262.270   16.53982 -107.14606    264.000    11.5740    11.5742    11.5404    34.7615    34.7689  1027.6683    26.4843 6.9213e-02      0.306  266.05136     0.0684    98.3032     3.6960     1.1893      6.820 5.3572e-05      10372         30 0.0000e+00
    263.263   16.53982 -107.14606    265.000    11.5685    11.5686    11.5347    34.7611    34.7684  1027.6735    26.4850 6.9713e-02      0.199  266.08304     0.0680    98.3132     3.6960     1.1888      6.819 3.1628e-05      10404         31 0.0000e+00
    264.255   16.53982 -107.14606    266.000    11.5655    11.5657    11.5316    34.7608    34.7680  1027.6783    26.4853 7.0534e-02      0.200  266.10000     0.0684    98.3027     3.6960     1.1882      6.820 2.1975e-05      10434         28 0.0000e+00
    265.248   16.53982 -107.14606    267.000    11.5604    11.5607    11.5264    34.7604    34.7678  1027.6834    26.4859 6.8758e-02      0.232  266.12913     0.0681    98.3111     3.6960     1.1876      6.820 2.3211e-05      10460         23 0.0000e+00
    266.241   16.53982 -107.14606    268.000    11.5515    11.5517    11.5174    34.7600    34.7673  1027.6893    26.4873 7.0150e-02      0.239  266.17966     0.0684    98.3031     3.6960     1.1874      6.819 1.6789e-05      10481         21 0.0000e+00
    267.234   16.53982 -107.14606    269.000    11.5394    11.5398    11.5051    34.7596    34.7669  1027.6958    26.4893 6.8255e-02      0.226  266.24793     0.0685    98.3008     3.6961     1.1864      6.820 2.8021e-05      10502         19 0.0000e+00
    268.227   16.53982 -107.14606    270.000    11.5329    11.5330    11.4986    34.7592    34.7664  1027.7012    26.4901 7.1691e-02      0.283  266.28477     0.0683    98.3071     3.6961     1.1853      6.819 1.2439e-05      10522         22 0.0000e+00
    269.219   16.53982 -107.14606    271.000    11.5301    11.5305    11.4957    34.7589    34.7663  1027.7060    26.4905 6.7544e-02      0.259  266.30051     0.0682    98.3092     3.6962     1.1848      6.819 1.7588e-05      10543         20 0.0000e+00
    270.212   16.53982 -107.14606    272.000    11.5274    11.5280    11.4928    34.7584    34.7658  1027.7106    26.4906 6.8931e-02      0.178  266.31680     0.0686    98.2990     3.6961     1.1845      6.819 4.0420e-06      10564         22 0.0000e+00
    271.205   16.53982 -107.14606    273.000    11.5125    11.5126    11.4778    34.7572    34.7644  1027.7170    26.4924 6.8368e-02      0.192  266.40234     0.0691    98.2880     3.6960     1.1838      6.818 -5.702e-08      10588         24 0.0000e+00
    272.198   16.53982 -107.14606    274.000    11.4989    11.4988    11.4641    34.7565    34.7638  1027.7235    26.4944 7.0344e-02      0.250  266.47920     0.0690    98.2899     3.6960     1.1827      6.819 6.3684e-06      10613         27 0.0000e+00
    273.190   16.53982 -107.14606    275.000    11.4927    11.4927    11.4578    34.7560    34.7634  1027.7288    26.4952 6.9750e-02      0.298  266.51487     0.0690    98.2891     3.6960     1.1825      6.819 3.3753e-06      10640         27 0.0000e+00
    274.183   16.53982 -107.14606    276.000    11.4920    11.4921    11.4569    34.7558    34.7631  1027.7332    26.4951 6.8752e-02      0.165  266.51921     0.0683    98.3052     3.6961     1.1817      6.818 -2.588e-10      10668         26 0.0000e+00
    275.176   16.53982 -107.14606    277.000    11.4847    11.4837    11.4496    34.7548    34.7621  1027.7383    26.4957 7.2940e-02      0.189  266.56160     0.0684    98.3032     3.6960     1.1815      6.818 1.0000e-12      10693         26 0.0000e+00
    276.169   16.53982 -107.14606    278.000    11.4590    11.4590    11.4238    34.7536    34.7608  1027.7467    26.4995 7.0999e-02      0.209  266.70747     0.0689    98.2927     3.6961     1.1806      6.816 1.0000e-12      10718         24 0.0000e+00
    277.161   16.53982 -107.14606    279.000    11.4475    11.4474    11.4122    34.7524    34.7596  1027.7524    26.5007 7.1208e-02      0.258  266.77419     0.0695    98.2778     3.6964     1.1793      6.817 1.0000e-12      10743         25 0.0000e+00
    278.154   16.53982 -107.14606    280.000    11.4369    11.4372    11.4014    34.7514    34.7586  1027.7581    26.5019 6.9606e-02      0.283  266.83557     0.0694    98.2808     3.6964     1.1785      6.817 1.0000e-12      10768         25 0.0000e+00
    279.147   16.53982 -107.14606    281.000    11.4266    11.4269    11.3910    34.7502    34.7576  1027.7637    26.5029 6.8146e-02      0.281  266.89534     0.0695    98.2788     3.6963     1.1778      6.816 1.0000e-12      10793         25 0.0000e+00
    280.140   16.53982 -107.14606    282.000    11.4190    11.4192    11.3833    34.7494    34.7568  1027.7690    26.5037 6.8822e-02      0.127  266.93931     0.0692    98.2859     3.6961     1.1769      6.817 1.0000e-12      10817         24 0.0000e+00
    281.132   16.53982 -107.14606    283.000    11.4175    11.4175    11.3817    34.7489    34.7539  1027.7734    26.5036 7.2730e-02      0.245  266.94847     0.0691    98.2859     3.6962     1.1766      6.817 1.0000e-12      10840         22 0.0000e+00
    282.125   16.53982 -107.14606    284.000    11.4107    11.4107    11.3748    34.7480    34.7552  1027.7784    26.5041 7.1061e-02      0.181  266.98815     0.0690    98.2904     3.6964     1.1761      6.817 1.0000e-12      10863         23 0.0000e+00
    283.118   16.53983 -107.14606    285.000    11.3891    11.3886    11.3531    34.7454    34.7529  1027.7850    26.5061 7.1582e-02      0.212  267.11411     0.0691    98.2860     3.6966     1.1752      6.817 1.0000e-12      10885         22 0.0000e+00
    284.110   16.53984 -107.14606    286.000    11.3579    11.3579    11.3218    34.7440    34.7512  1027.7943    26.5108 7.1356e-02      0.259  267.29185     0.0697    98.2715     3.6966     1.1735      6.816 1.0000e-12      10909         25 0.0000e+00
    285.103   16.53984 -107.14606    287.000    11.3533    11.3536    11.3172    34.7433    34.7505  1027.7991    26.5111 7.0958e-02      0.203  267.31870     0.0705    98.2544     3.6964     1.1724      6.816 1.0000e-12      10935         27 0.0000e+00
    286.096   16.53982 -107.14606    288.000    11.3514    11.3517    11.3151    34.7429    34.7501  1027.8036    26.5111 7.0731e-02      0.236  267.33040     0.0702    98.2608     3.6966     1.1720      6.816 1.0000e-12      10961         26 0.0000e+00
    287.089   16.53982 -107.14606    289.000    11.3497    11.3499    11.3132    34.7425    34.7497  1027.8081    26.5111 7.0596e-02      0.206  267.34103     0.0702    98.2598     3.6967     1.1717      6.816 1.0000e-12      10986         22 0.0000e+00
    288.081   16.53982 -107.14606    290.000    11.3473    11.3474    11.3108    34.7422    34.7494  1027.8128    26.5113 7.0511e-02      0.162  267.35457     0.0702    98.2610     3.6969     1.1711      6.816 1.0000e-12      11009         24 0.0000e+00
    289.074   16.53982 -107.14606    291.000    11.3438    11.3440    11.3072    34.7416    34.7489  1027.8174    26.5115 7.0238e-02      0.199  267.37546     0.0702    98.2610     3.6965     1.1706      6.816 1.0000e-12      11033         23 0.0000e+00
    290.067   16.53984 -107.14606    292.000    11.3329    11.3326    11.2961    34.7403    34.7477  1027.8230    26.5125 7.0329e-02      0.239  267.43943     0.0702    98.2610     3.6969     1.1701      6.816 1.0000e-12      11057         25 0.0000e+00
    291.059   16.53984 -107.14606    293.000    11.2846    11.2839    11.2478    34.7366    34.7444  1027.8338    26.5185 7.0035e-02      0.117  267.71769     0.0704    98.2568     3.6967     1.1689      6.816 1.0000e-12      11082         25 0.0000e+00
    292.052   16.53984 -107.14606    294.000    11.2382    11.2383    11.2014    34.7347    34.7420  1027.8455    26.5255 7.1638e-02      0.222  267.98292     0.0711    98.2381     3.6968     1.1665      6.815 1.0000e-12      11107         25 0.0000e+00
    293.045   16.53984 -107.14606    295.000    11.2233    11.2235    11.1864    34.7336    34.7408  1027.8520    26.5274 7.0109e-02      0.301  268.06885     0.0702    98.2608     3.6970     1.1642      6.815 1.0000e-12      11130         22 0.0000e+00
    294.037   16.53984 -107.14606    296.000    11.2156    11.2156    11.1786    34.7326    34.7398  1027.8571    26.5280 6.9901e-02      0.202  268.11433     0.0699    98.2686     3.6970     1.1630      6.815 1.0000e-12      11154         24 0.0000e+00
    295.030   16.53984 -107.14606    297.000    11.1877    11.1873    11.1506    34.7285    34.7359  1027.8637    26.5300 6.9458e-02      0.262  268.27987     0.0697    98.2720     3.6972     1.1619      6.815 1.0000e-12      11178         26 0.0000e+00
    296.023   16.53984 -107.14606    298.000    11.1547    11.1545    11.1176    34.7264    34.7338  1027.8727    26.5344 6.8594e-02      0.220  268.47000     0.0696    98.2763     3.6971     1.1599      6.815 1.0000e-12      11206         29 0.0000e+00
    297.015   16.53984 -107.14606    299.000    11.1402    11.1403    11.1030    34.7256    34.7329  1027.8793    26.5364 7.0411e-02      0.203  268.55375     0.0690    98.2889     3.6970     1.1581      6.815 1.0000e-12      11233         26 0.0000e+00
    298.008   16.53984 -107.14606    300.000    11.1367    11.1370    11.0994    34.7250    34.7321  1027.8839    26.5365 7.0264e-02      0.174  268.57446     0.0691    98.2871     3.6972     1.1571      6.815 1.0000e-12      11257         22 0.0000e+00
    299.000   16.53984 -107.14606    301.000    11.1298    11.1296    11.0924    34.7242    34.7315  1027.8891    26.5372 7.0331e-02      0.216  268.61511     0.0691    98.2871     3.6972     1.1563      6.815 1.0000e-12      11279         20 0.0000e+00
    299.993   16.53984 -107.14606    302.000    11.1271    11.1272    11.0895    34.7239    34.7311  1027.8939    26.5375 7.3018e-02      0.261  268.63108     0.0692    98.2847     3.6972     1.1556      6.815 1.0000e-12      11299         21 0.0000e+00
    300.986   16.53984 -107.14606    303.000    11.1253    11.1251    11.0876    34.7234    34.7306  1027.8982    26.5373 7.2283e-02      0.162  268.64236     0.0691    98.2870     3.6972     1.1550      6.815 1.0000e-12      11321         22 0.0000e+00
    301.978   16.53984 -107.14606    304.000    11.1210    11.1211    11.0832    34.7229    34.7300  1027.9031    26.5377 7.0338e-02      0.116  268.66760     0.0690    98.2901     3.6972     1.1546      6.815 1.0000e-12      11346         26 0.0000e+00
    302.971   16.53984 -107.14606    305.000    11.1122    11.1125    11.0742    34.7220    34.7291  1027.9086    26.5386 7.0599e-02      0.209  268.71936     0.0688    98.2943     3.6971     1.1543      6.815 1.0000e-12      11376         33 0.0000e+00
    303.964   16.53984 -107.14606    306.000    11.0938    11.0936    11.0557    34.7204    34.7277  1027.9153    26.5407 7.0583e-02      0.174  268.82690     0.0686    98.2991     3.6972     1.1537      6.815 1.0000e-12      11405         26 0.0000e+00
    304.956   16.53984 -107.14606    307.000    11.0848    11.0850    11.0467    34.7203    34.7274  1027.9213    26.5423 7.0466e-02      0.228  268.87780     0.0682    98.3085     3.6972     1.1529      6.815 1.0000e-12      11430         21 0.0000e+00
    305.949   16.53984 -107.14606    308.000    11.0807    11.0810    11.0425    34.7198    34.7270  1027.9262    26.5427 7.1116e-02      0.267  268.90172     0.0688    98.2938     3.6972     1.1520      6.815 1.0000e-12      11451         22 0.0000e+00
    306.941   16.53984 -107.14606    309.000    11.0802    11.0804    11.0418    34.7198    34.7271  1027.9308    26.5428 6.8657e-02      0.145  268.90504     0.0689    98.2928     3.6972     1.1517      6.815 1.0000e-12      11473         23 0.0000e+00
    307.934   16.53984 -107.14606    310.000    11.0802    11.0804    11.0417    34.7196    34.7270  1027.9351    26.5426 6.9425e-02      0.238  268.90546     0.0685    98.3006     3.6972     1.1509      6.815 1.0000e-12      11496         23 0.0000e+00
    308.927   16.53984 -107.14606    311.000    11.0786    11.0788    11.0401    34.7194    34.7267  1027.9397    26.5427 7.3701e-02      0.213  268.91441     0.0687    98.2969     3.6972     1.1509      6.815 1.0000e-12      11519         24 0.0000e+00
    309.919   16.53984 -107.14606    312.000    11.0752    11.0754    11.0365    34.7190    34.7263  1027.9445    26.5431 6.9524e-02      0.175  268.93472     0.0688    98.2954     3.6972     1.1506      6.815 1.0000e-12      11543         22 0.0000e+00
    310.912   16.53984 -107.14606    313.000    11.0665    11.0664    11.0276    34.7174    34.7246  1027.9495    26.5434 6.9740e-02      0.235  268.98726     0.0683    98.3053     3.6972     1.1505      6.815 1.0000e-12      11567         26 0.0000e+00
    311.904   16.53984 -107.14606    314.000    11.0320    11.0324    10.9932    34.7161    34.7234  1027.9593    26.5486 7.1228e-02      0.183  269.18535     0.0687    98.2967     3.6972     1.1496      6.815 1.0000e-12      11593         27 0.0000e+00
    312.897   16.53984 -107.14606    315.000    11.0021    11.0000    10.9631    34.7135    34.7206  1027.9674    26.5520 7.2460e-02      0.151  269.36093     0.0682    98.3086     3.6972     1.1480      6.815 1.0000e-12      11621         26 0.0000e+00
    313.890   16.53984 -107.14606    316.000    10.9672    10.9678    10.9282    34.7131    34.7203  1027.9781    26.5581 6.9564e-02      0.252  269.56025     0.0682    98.3080     3.6972     1.1457      6.814 1.0000e-12      11646         25 0.0000e+00
    314.882   16.53984 -107.14606    317.000    10.9737    10.9730    10.9346    34.7127    34.7198  1027.9810    26.5565 7.1318e-02      0.238  269.52402     0.0687    98.2964     3.6974     1.1444      6.814 1.0000e-12      11670         23 0.0000e+00
