data/ctd-cnv/SKQ1617/SKQ1617-St16-P2/skq201617s-041avg.cnv
* Sea-Bird SBE 9 Data File:
* FileName = D:\CTD\SKQ201617S\SKQ201617S-041.hex
* Software Version Seasave V 7.22.5
* Temperature SN = 5773
* Conductivity SN = 2251
* Number of Bytes Per Scan = 37
* Number of Voltage Words = 4
* Number of Scans Averaged by the Deck Unit = 1
* NMEA Latitude = 16 33.31 N
* NMEA Longitude = 106 58.36 W
* NMEA UTC (Time) = Jan 12 2017  14:02:36
* NMEA baud rate = 4800
** Ship: R/V Sikuliaq
** Station Number: 41
** Station Name: Station 16/P2
** Depth: 2963
** Operator:
** exploring deep nitrite max
# nquan = 20
# nvalues = 502                         
# units = specified
# name 0 = depSMignore: Depth [salt water, m]
# name 1 = latitude: Latitude [deg]
# name 2 = longitude: Longitude [deg]
# name 3 = prDM: Pressure, Digiquartz [db]
# name 4 = t090C: Temperature [ITS-90, deg C]
# name 5 = t190C: Temperature, 2 [ITS-90, deg C]
# name 6 = potemp090C: Potential Temperature [ITS-90, deg C]
# name 7 = sal00: Salinity, Practical [PSU]
# name 8 = sal11: Salinity, Practical, 2 [PSU]
# name 9 = density00: Density [density, kg/m^3]
# name 10 = sigma-t00: Density [sigma-t, kg/m^3 ]
# name 11 = flSP: Fluorescence, Seapoint
# name 12 = sbox0Mm/Kg: Oxygen, SBE 43 [umol/kg]
# name 13 = oxsolMm/Kg: Oxygen Saturation, Garcia & Gordon [umol/kg]
# name 14 = CStarAt0: Beam Attenuation, WET Labs C-Star [1/m]
# name 15 = CStarTr0: Beam Transmission, WET Labs C-Star [%]
# name 16 = par: PAR/Irradiance, Biospherical/Licor
# name 17 = scan: Scan Count
# name 18 = nbin: number of scans per bin
# name 19 = flag: flag
# span 0 =      2.982,    500.407       
# span 1 =   16.55512,   16.55514       
# span 2 = -106.97264, -106.97262       
# span 3 =      3.000,    504.000       
# span 4 =     8.0076,    28.7883       
# span 5 =     8.0079,    28.7881       
# span 6 =     7.9560,    28.7773       
# span 7 =    33.5004,    34.8148       
# span 8 =    33.5104,    34.8226       
# span 9 =  1021.0531,  1029.2208       
# span 10 =    21.0384,    26.9352      
# span 11 = 6.6214e-02, 1.6598e+00      
# span 12 =      0.084,    191.131      
# span 13 =  196.14806,  287.76690      
# span 14 =     0.0651,     0.2359      
# span 15 =    94.2719,    98.3876      
# span 16 = 1.0000e-12, 9.7113e+01      
# span 17 =       -141,      18223      
# span 18 =         14,        635      
# span 19 = 0.0000e+00, 0.0000e+00      
# interval = decibars: 1                
# start_time = Jan 12 2017 14:02:36 [NMEA time, header]
# bad_flag = -9.990e-29
*END*
[from data line 218]
    219.574   16.55514 -106.97264    221.000    11.8042    11.8043    11.7757    34.7728    34.7807  1027.4405    26.4498 6.9427e-02      0.283  264.75588     0.0756    98.1280 2.1682e-03       9045         22 0.0000e+00
    220.567   16.55514 -106.97264    222.000    11.7979    11.7982    11.7693    34.7729    34.7807  1027.4462    26.4511 6.9693e-02      0.289  264.79047     0.0750    98.1427 1.8557e-03       9071         34 0.0000e+00
    221.560   16.55514 -106.97264    223.000    11.7923    11.7925    11.7636    34.7727    34.7804  1027.4516    26.4520 6.7021e-02      0.292  264.82153     0.0744    98.1564 1.6649e-03       9116         49 0.0000e+00
    222.553   16.55514 -106.97264    224.000    11.7823    11.7824    11.7535    34.7728    34.7807  1027.4582    26.4540 6.9169e-02      0.294  264.87642     0.0746    98.1512 1.5843e-03       9151         25 0.0000e+00
    223.546   16.55514 -106.97264    225.000    11.7738    11.7739    11.7448    34.7726    34.7804  1027.4641    26.4554 6.6995e-02      0.277  264.92415     0.0744    98.1576 1.4744e-03       9174         21 0.0000e+00
    224.539   16.55514 -106.97264    226.000    11.7630    11.7632    11.7339    34.7720    34.7797  1027.4702    26.4570 7.1511e-02      0.284  264.98457     0.0736    98.1777 1.3988e-03       9193         18 0.0000e+00
    225.532   16.55514 -106.97264    227.000    11.7469    11.7469    11.7177    34.7712    34.7790  1027.4771    26.4594 6.8041e-02      0.271  265.07523     0.0737    98.1748 1.4718e-03       9212         20 0.0000e+00
    226.525   16.55514 -106.97263    228.000    11.7380    11.7380    11.7087    34.7706    34.7785  1027.4828    26.4606 6.8474e-02      0.288  265.12516     0.0734    98.1814 1.3552e-03       9234         23 0.0000e+00
    227.518   16.55514 -106.97262    229.000    11.7320    11.7319    11.7025    34.7701    34.7780  1027.4881    26.4613 6.8043e-02      0.286  265.15977     0.0736    98.1765 1.0983e-03       9259         26 0.0000e+00
    228.511   16.55514 -106.97262    230.000    11.7243    11.7245    11.6948    34.7696    34.7774  1027.4936    26.4624 6.8225e-02      0.295  265.20286     0.0748    98.1475 1.1860e-03       9284         24 0.0000e+00
    229.504   16.55514 -106.97262    231.000    11.7214    11.7215    11.6918    34.7693    34.7771  1027.4984    26.4627 6.7857e-02      0.284  265.21955     0.0733    98.1859 9.4869e-04       9306         21 0.0000e+00
    230.497   16.55514 -106.97263    232.000    11.7132    11.7133    11.6834    34.7686    34.7764  1027.5039    26.4637 6.8665e-02      0.261  265.26638     0.0729    98.1942 9.8855e-04       9326         20 0.0000e+00
    231.490   16.55514 -106.97264    233.000    11.6936    11.6937    11.6637    34.7674    34.7750  1027.5112    26.4664 6.8215e-02      0.267  265.37728     0.0723    98.2083 7.5505e-04       9346         21 0.0000e+00
    232.483   16.55514 -106.97264    234.000    11.6752    11.6753    11.6453    34.7673    34.7752  1027.5191    26.4698 6.7767e-02      0.277  265.47897     0.0725    98.2040 5.3022e-04       9368         22 0.0000e+00
    233.476   16.55514 -106.97264    235.000    11.6660    11.6661    11.6360    34.7669    34.7747  1027.5251    26.4713 6.7073e-02      0.289  265.53044     0.0725    98.2033 3.7598e-04       9394         29 0.0000e+00
    234.469   16.55514 -106.97264    236.000    11.6539    11.6540    11.6237    34.7667    34.7744  1027.5318    26.4734 7.0047e-02      0.291  265.59818     0.0732    98.1865 4.2227e-04       9422         29 0.0000e+00
    235.462   16.55514 -106.97264    237.000    11.6384    11.6386    11.6081    34.7662    34.7740  1027.5388    26.4759 6.8021e-02      0.277  265.68493     0.0732    98.1876 4.0827e-04       9451         26 0.0000e+00
    236.455   16.55514 -106.97264    238.000    11.6277    11.6277    11.5973    34.7654    34.7733  1027.5447    26.4773 7.1075e-02      0.281  265.74592     0.0732    98.1868 8.7524e-05       9477         25 0.0000e+00
    237.448   16.55514 -106.97264    239.000    11.5987    11.5978    11.5682    34.7632    34.7707  1027.5530    26.4810 6.8296e-02      0.270  265.91124     0.0727    98.1993 1.3821e-04       9503         28 0.0000e+00
    238.441   16.55514 -106.97264    240.000    11.5725    11.5727    11.5420    34.7618    34.7696  1027.5614    26.4848 6.7344e-02      0.276  266.05931     0.0733    98.1838 1.3667e-04       9531         29 0.0000e+00
    239.434   16.55514 -106.97262    241.000    11.5584    11.5585    11.5278    34.7605    34.7682  1027.5676    26.4864 6.7689e-02      0.285  266.14026     0.0734    98.1826 8.9361e-05       9559         25 0.0000e+00
    240.427   16.55514 -106.97262    242.000    11.5484    11.5483    11.5177    34.7595    34.7672  1027.5732    26.4875 6.8781e-02      0.272  266.19773     0.0741    98.1632 8.8881e-05       9583         22 0.0000e+00
    241.419   16.55514 -106.97262    243.000    11.5377    11.5380    11.5068    34.7586    34.7664  1027.5790    26.4888 7.0539e-02      0.262  266.25950     0.0743    98.1590 8.8881e-05       9604         20 0.0000e+00
    242.412   16.55514 -106.97264    244.000    11.5287    11.5295    11.4977    34.7575    34.7654  1027.5844    26.4896 6.7615e-02      0.279  266.31160     0.0741    98.1634 8.8881e-05       9623         19 0.0000e+00
    243.405   16.55514 -106.97264    245.000    11.5230    11.5231    11.4919    34.7570    34.7647  1027.5895    26.4902 6.7857e-02      0.287  266.34423     0.0754    98.1321 8.8881e-05       9643         21 0.0000e+00
    244.398   16.55514 -106.97264    246.000    11.5179    11.5180    11.4867    34.7563    34.7640  1027.5944    26.4907 6.9442e-02      0.265  266.37395     0.0743    98.1592 8.2105e-05       9666         26 0.0000e+00
    245.391   16.55514 -106.97264    247.000    11.5064    11.5065    11.4750    34.7549    34.7626  1027.6000    26.4917 7.0416e-02      0.273  266.44086     0.0741    98.1632 7.8988e-05       9693         27 0.0000e+00
    246.384   16.55514 -106.97264    248.000    11.4779    11.4781    11.4465    34.7529    34.7606  1027.6083    26.4955 6.8306e-02      0.256  266.60335     0.0747    98.1481 6.7271e-05       9721         29 0.0000e+00
    247.377   16.55514 -106.97264    249.000    11.4597    11.4597    11.4282    34.7517    34.7594  1027.6153    26.4979 6.7983e-02      0.291  266.70728     0.0751    98.1396 3.1761e-05       9748         25 0.0000e+00
    248.370   16.55514 -106.97264    250.000    11.4383    11.4384    11.4067    34.7504    34.7580  1027.6229    26.5009 7.0681e-02      0.244  266.82974     0.0747    98.1482 3.9266e-05       9774         25 0.0000e+00
    249.363   16.55514 -106.97264    251.000    11.4175    11.4177    11.3858    34.7490    34.7567  1027.6302    26.5036 7.0208e-02      0.216  266.94837     0.0745    98.1531 3.7037e-05       9797         24 0.0000e+00
    250.355   16.55514 -106.97264    252.000    11.3929    11.3930    11.3611    34.7472    34.7547  1027.6380    26.5068 6.9234e-02      0.274  267.09000     0.0745    98.1551 2.2265e-05       9819         20 0.0000e+00
    251.348   16.55514 -106.97262    253.000    11.3706    11.3706    11.3388    34.7456    34.7531  1027.6454    26.5097 7.0707e-02      0.290  267.21761     0.0744    98.1564 1.7741e-05       9840         20 0.0000e+00
    252.341   16.55514 -106.97262    254.000    11.3331    11.3330    11.3012    34.7434    34.7510  1027.6552    26.5149 6.8856e-02      0.290  267.43252     0.0744    98.1564 1.7776e-05       9860         20 0.0000e+00
    253.334   16.55514 -106.97262    255.000    11.2996    11.2994    11.2676    34.7404    34.7481  1027.6638    26.5187 7.1261e-02      0.295  267.62643     0.0774    98.0828 8.0385e-09       9880         22 0.0000e+00
    254.327   16.55513 -106.97263    256.000    11.2795    11.2794    11.2474    34.7388    34.7464  1027.6708    26.5212 7.1007e-02      0.275  267.74249     0.0926    97.7131 1.0202e-05       9904         26 0.0000e+00
    255.320   16.55512 -106.97264    257.000    11.2660    11.2664    11.2338    34.7368    34.7446  1027.6763    26.5221 7.0472e-02      0.287  267.82224     0.0782    98.0642 7.8984e-06       9934         34 0.0000e+00
    256.313   16.55512 -106.97264    258.000    11.2531    11.2534    11.2208    34.7353    34.7430  1027.6820    26.5233 6.9598e-02      0.263  267.89788     0.0743    98.1579 6.0812e-09       9968         33 0.0000e+00
    257.306   16.55514 -106.97264    259.000    11.2464    11.2464    11.2140    34.7340    34.7417  1027.6867    26.5235 6.9738e-02      0.288  267.93828     0.0744    98.1574 1.0000e-12       9999         27 0.0000e+00
    258.298   16.55514 -106.97264    260.000    11.1961    11.1957    11.1637    34.7299    34.7373  1027.6975    26.5295 6.8962e-02      0.250  268.22980     0.0744    98.1564 1.0000e-12      10024         24 0.0000e+00
    259.291   16.55514 -106.97264    261.000    11.1776    11.1777    11.1451    34.7293    34.7368  1027.7049    26.5324 7.0092e-02      0.282  268.33545     0.0744    98.1564 1.0000e-12      10046         22 0.0000e+00
    260.284   16.55514 -106.97264    262.000    11.1744    11.1744    11.1418    34.7289    34.7365  1027.7097    26.5327 7.1352e-02      0.292  268.35420     0.0741    98.1639 1.0000e-12      10068         21 0.0000e+00
    261.277   16.55514 -106.97264    263.000    11.1734    11.1734    11.1406    34.7288    34.7366  1027.7143    26.5328 7.0037e-02      0.257  268.36017     0.0739    98.1685 1.0000e-12      10091         24 0.0000e+00
    262.270   16.55514 -106.97264    264.000    11.1700    11.1702    11.1372    34.7285    34.7363  1027.7192    26.5332 6.7920e-02      0.279  268.37960     0.0734    98.1815 1.0000e-12      10114         22 0.0000e+00
    263.262   16.55514 -106.97264    265.000    11.1627    11.1629    11.1297    34.7285    34.7362  1027.7250    26.5345 7.0346e-02      0.205  268.42102     0.0734    98.1826 1.0000e-12      10135         21 0.0000e+00
    264.255   16.55514 -106.97264    266.000    11.1489    11.1486    11.1158    34.7274    34.7349  1027.7312    26.5362 6.9406e-02      0.209  268.50152     0.0735    98.1801 1.0000e-12      10156         21 0.0000e+00
    265.248   16.55514 -106.97264    267.000    11.1427    11.1426    11.1095    34.7267    34.7343  1027.7363    26.5368 7.1512e-02      0.303  268.53750     0.0740    98.1677 1.0000e-12      10177         21 0.0000e+00
    266.241   16.55514 -106.97264    268.000    11.1230    11.1220    11.0897    34.7235    34.7308  1027.7420    26.5379 6.8917e-02      0.268  268.65506     0.0743    98.1590 1.0000e-12      10198         21 0.0000e+00
    267.234   16.55514 -106.97264    269.000    11.0871    11.0861    11.0538    34.7214    34.7288  1027.7516    26.5428 6.9748e-02      0.198  268.86265     0.0738    98.1722 1.0000e-12      10220         23 0.0000e+00
    268.226   16.55514 -106.97264    270.000    11.0782    11.0779    11.0448    34.7201    34.7278  1027.7567    26.5434 6.9600e-02      0.239  268.91553     0.0734    98.1824 1.0000e-12      10245         27 0.0000e+00
    269.219   16.55514 -106.97264    271.000    11.0701    11.0706    11.0365    34.7188    34.7264  1027.7617    26.5438 6.9597e-02      0.277  268.96430     0.0728    98.1961 1.0000e-12      10275         33 0.0000e+00
    270.212   16.55512 -106.97264    272.000    11.0499    11.0511    11.0162    34.7174    34.7250  1027.7688    26.5464 7.0058e-02      0.211  269.08172     0.0733    98.1846 1.0000e-12      10309         33 0.0000e+00
    271.205   16.55512 -106.97264    273.000    11.0432    11.0431    11.0094    34.7171    34.7248  1027.7744    26.5474 6.8728e-02      0.240  269.12012     0.0733    98.1855 1.0000e-12      10339         27 0.0000e+00
    272.197   16.55512 -106.97264    274.000    11.0394    11.0400    11.0055    34.7166    34.7243  1027.7791    26.5477 6.9622e-02      0.219  269.14290     0.0734    98.1825 1.0000e-12      10364         24 0.0000e+00
    273.190   16.55512 -106.97264    275.000    11.0268    11.0267    10.9929    34.7157    34.7234  1027.7853    26.5493 6.8932e-02      0.241  269.21581     0.0732    98.1873 1.0000e-12      10386         22 0.0000e+00
    274.183   16.55513 -106.97264    276.000    11.0052    11.0050    10.9711    34.7152    34.7230  1027.7934    26.5528 7.0111e-02      0.232  269.33992     0.0726    98.2024 1.0000e-12      10408         21 0.0000e+00
    275.176   16.55514 -106.97264    277.000    10.9943    10.9942    10.9601    34.7150    34.7227  1027.7998    26.5546 7.1282e-02      0.213  269.40263     0.0726    98.2016 1.0000e-12      10430         22 0.0000e+00
    276.169   16.55514 -106.97264    278.000    10.9854    10.9854    10.9511    34.7142    34.7217  1027.8052    26.5556 7.0009e-02      0.283  269.45477     0.0729    98.1936 1.0000e-12      10454         26 0.0000e+00
    277.161   16.55514 -106.97264    279.000    10.9666    10.9666    10.9322    34.7131    34.7209  1027.8124    26.5582 6.9899e-02      0.205  269.56379     0.0728    98.1957 1.0000e-12      10479         24 0.0000e+00
    278.154   16.55514 -106.97264    280.000    10.9523    10.9524    10.9178    34.7129    34.7205  1027.8194    26.5606 7.0372e-02      0.169  269.64574     0.0724    98.2057 1.0000e-12      10503         24 0.0000e+00
    279.147   16.55514 -106.97264    281.000    10.9489    10.9490    10.9143    34.7126    34.7203  1027.8243    26.5610 7.0122e-02      0.271  269.66595     0.0726    98.2013 1.0000e-12      10525         21 0.0000e+00
    280.139   16.55514 -106.97264    282.000    10.9466    10.9469    10.9119    34.7123    34.7199  1027.8290    26.5611 6.9417e-02      0.206  269.67931     0.0724    98.2061 1.0000e-12      10545         20 0.0000e+00
    281.132   16.55514 -106.97264    283.000    10.9445    10.9446    10.9096    34.7119    34.7195  1027.8335    26.5612 6.9597e-02      0.276  269.69239     0.0723    98.2087 1.0000e-12      10566         22 0.0000e+00
    282.125   16.55514 -106.97264    284.000    10.9434    10.9436    10.9085    34.7116    34.7192  1027.8380    26.5612 6.9743e-02      0.232  269.69870     0.0723    98.2097 1.0000e-12      10590         25 0.0000e+00
    283.118   16.55512 -106.97264    285.000    10.9359    10.9359    10.9008    34.7107    34.7184  1027.8431    26.5618 7.1347e-02      0.167  269.74377     0.0723    98.2087 1.0000e-12      10617         29 0.0000e+00
    284.110   16.55512 -106.97264    286.000    10.9268    10.9267    10.8917    34.7101    34.7177  1027.8488    26.5630 6.9454e-02      0.233  269.79624     0.0725    98.2038 1.0000e-12      10645         27 0.0000e+00
    285.103   16.55512 -106.97264    287.000    10.9134    10.9135    10.8782    34.7097    34.7174  1027.8554    26.5650 6.9323e-02      0.148  269.87375     0.0725    98.2049 1.0000e-12      10673         27 0.0000e+00
    286.096   16.55512 -106.97264    288.000    10.9057    10.9065    10.8704    34.7095    34.7171  1027.8612    26.5663 7.0033e-02      0.232  269.91805     0.0720    98.2149 1.0000e-12      10699         26 0.0000e+00
    287.088   16.55512 -106.97264    289.000    10.9027    10.9005    10.8672    34.7092    34.7171  1027.8661    26.5667 7.1477e-02      0.214  269.93609     0.0723    98.2085 1.0000e-12      10725         26 0.0000e+00
    288.081   16.55513 -106.97264    290.000    10.8961    10.8953    10.8605    34.7091    34.7167  1027.8716    26.5677 6.8612e-02      0.184  269.97409     0.0720    98.2152 1.0000e-12      10751         25 0.0000e+00
    289.074   16.55514 -106.97264    291.000    10.8912    10.8906    10.8556    34.7084    34.7162  1027.8765    26.5681 7.1767e-02      0.210  270.00295     0.0721    98.2132 1.0000e-12      10775         23 0.0000e+00
