data/ctd-cnv/SKQ1617/SKQ1617-St16-P2/skq201617s-035avg.cnv
* Sea-Bird SBE 9 Data File:
* FileName = D:\CTD\SKQ201617S\SKQ201617S-035.hex
* Software Version Seasave V 7.22.5
* Temperature SN = 5773
* Conductivity SN = 2251
* Number of Bytes Per Scan = 37
* Number of Voltage Words = 4
* Number of Scans Averaged by the Deck Unit = 1
* NMEA Latitude = 16 32.17 N
* NMEA Longitude = 107 04.14 W
* NMEA UTC (Time) = Jan 10 2017  08:29:02
* NMEA baud rate = 4800
** Ship: R/V Sikuliaq
** Station Number: 35
** Station Name: Station 16/P2
** Depth: 4011.86
** Operator:
# nquan = 20
# nvalues = 301                         
# units = specified
# name 0 = depSMignore: Depth [salt water, m]
# name 1 = latitude: Latitude [deg]
# name 2 = longitude: Longitude [deg]
# name 3 = prDM: Pressure, Digiquartz [db]
# name 4 = t090C: Temperature [ITS-90, deg C]
# name 5 = t190C: Temperature, 2 [ITS-90, deg C]
# name 6 = potemp090C: Potential Temperature [ITS-90, deg C]
# name 7 = sal00: Salinity, Practical [PSU]
# name 8 = sal11: Salinity, Practical, 2 [PSU]
# name 9 = density00: Density [density, kg/m^3]
# name 10 = sigma-t00: Density [sigma-t, kg/m^3 ]
# name 11 = flSP: Fluorescence, Seapoint
# name 12 = sbox0Mm/Kg: Oxygen, SBE 43 [umol/kg]
# name 13 = oxsolMm/Kg: Oxygen Saturation, Garcia & Gordon [umol/kg]
# name 14 = CStarAt0: Beam Attenuation, WET Labs C-Star [1/m]
# name 15 = CStarTr0: Beam Transmission, WET Labs C-Star [%]
# name 16 = par: PAR/Irradiance, Biospherical/Licor
# name 17 = scan: Scan Count
# name 18 = nbin: number of scans per bin
# name 19 = flag: flag
# span 0 =      2.981,    300.986       
# span 1 =   16.53616,   16.53616       
# span 2 = -107.06909, -107.06906       
# span 3 =      3.000,    303.000       
# span 4 =    10.8760,    28.7944       
# span 5 =    10.8766,    28.7946       
# span 6 =    10.8390,    28.7899       
# span 7 =    33.5654,    34.8166       
# span 8 =    33.5757,    34.8246       
# span 9 =  1021.0897,  1027.9267       
# span 10 =    21.0746,    26.5665      
# span 11 = 6.6599e-02, 1.8084e+00      
# span 12 =      0.158,    192.544      
# span 13 =  196.11470,  270.10088      
# span 14 =     0.0698,     0.2389      
# span 15 =    94.2032,    98.2700      
# span 16 = -5.769e-07, 2.7456e-01      
# span 17 =       -554,      12093      
# span 18 =          3,        226      
# span 19 = 0.0000e+00, 0.0000e+00      
# interval = decibars: 1                
# start_time = Jan 10 2017 08:29:02 [NMEA time, header]
# bad_flag = -9.990e-29
*END*
[from data line 290]
    291.059   16.53616 -107.06906    293.000    10.9560    10.9546    10.9199    34.7099    34.7172  1027.8746    26.5575 6.8097e-02      0.190  269.63027     0.0704    98.2551 1.0000e-12      10997         42 0.0000e+00
    292.052   16.53616 -107.06906    294.000    10.9021    10.9022    10.8661    34.7080    34.7156  1027.8876    26.5658 6.9012e-02      0.324  269.94127     0.0702    98.2603 1.0000e-12      11034         30 0.0000e+00
    293.045   16.53616 -107.06906    295.000    10.8999    10.9001    10.8637    34.7074    34.7151  1027.8920    26.5657 6.7802e-02      0.282  269.95517     0.0698    98.2700 1.0000e-12      11062         27 0.0000e+00
    294.037   16.53616 -107.06906    296.000    10.8965    10.8967    10.8602    34.7067    34.7144  1027.8966    26.5658 6.7236e-02      0.232  269.97624     0.0703    98.2596 1.0000e-12      11092         34 0.0000e+00
    295.030   16.53616 -107.06906    297.000    10.8929    10.8933    10.8565    34.7060    34.7139  1027.9012    26.5659 6.8569e-02      0.180  269.99778     0.0702    98.2610 1.0000e-12      11133         46 0.0000e+00
    296.023   16.53616 -107.06907    298.000    10.8941    10.8940    10.8576    34.7057    34.7134  1027.9053    26.5654 6.6599e-02      0.228  269.99164     0.0703    98.2591 1.0000e-12      11177         42 0.0000e+00
    297.015   16.53616 -107.06907    299.000    10.9158    10.9052    10.8791    34.7057    34.7130  1027.9057    26.5615 6.8619e-02      0.185  269.86763     0.0706    98.2511 1.0000e-12      11327        142 0.0000e+00
    298.008   16.53616 -107.06907    300.000    10.8939    10.8922    10.8571    34.7046    34.7117  1027.9134    26.5646 6.7409e-02      0.181  269.99483     0.0704    98.2566 1.0000e-12      11534        133 0.0000e+00
    299.001   16.53616 -107.06908    301.000    10.8778    10.8769    10.8409    34.7033    34.7111  1027.9199    26.5665 6.6625e-02      0.270  270.08968     0.0709    98.2439 1.0000e-12      11662         33 0.0000e+00
    299.993   16.53616 -107.06907    302.000    10.8760    10.8766    10.8390    34.7027    34.7108  1027.9242    26.5664 6.8059e-02      0.159  270.10088     0.0699    98.2675 1.0000e-12      11779        123 0.0000e+00
    300.986   16.53616 -107.06907    303.000    10.8898    10.8892    10.8526    34.7034    34.7098  1027.9267    26.5645 6.7754e-02      0.169  270.02080     0.0710    98.2411 1.0000e-12      12093         72 0.0000e+00
