data/ctd-cnv/SKQ1617/SKQ1617-St16-P2/skq201617s-036avg.cnv
* Sea-Bird SBE 9 Data File:
* FileName = D:\CTD\SKQ201617S\SKQ201617S-036.hex
* Software Version Seasave V 7.22.5
* Temperature SN = 5773
* Conductivity SN = 2251
* Number of Bytes Per Scan = 37
* Number of Voltage Words = 4
* Number of Scans Averaged by the Deck Unit = 1
* NMEA Latitude = 16 32.43 N
* NMEA Longitude = 107 03.93 W
* NMEA UTC (Time) = Jan 10 2017  14:01:04
* NMEA baud rate = 4800
** Ship: R/V Sikuliaq
** Station Number: 36
** Station Name: Station 16/P2
** Depth: 4017
** Operator: CF
# nquan = 20
# nvalues = 503                         
# units = specified
# name 0 = depSM: Depth [salt water, m]
# name 1 = latitude: Latitude [deg]
# name 2 = longitude: Longitude [deg]
# name 3 = prDM: Pressure, Digiquartz [db]
# name 4 = t090C: Temperature [ITS-90, deg C]
# name 5 = t190C: Temperature, 2 [ITS-90, deg C]
# name 6 = potemp090C: Potential Temperature [ITS-90, deg C]
# name 7 = sal00: Salinity, Practical [PSU]
# name 8 = sal11: Salinity, Practical, 2 [PSU]
# name 9 = density00: Density [density, kg/m^3]
# name 10 = sigma-t00: Density [sigma-t, kg/m^3 ]
# name 11 = flSP: Fluorescence, Seapoint
# name 12 = sbox0Mm/Kg: Oxygen, SBE 43 [umol/kg]
# name 13 = oxsolMm/Kg: Oxygen Saturation, Garcia & Gordon [umol/kg]
# name 14 = CStarAt0: Beam Attenuation, WET Labs C-Star [1/m]
# name 15 = CStarTr0: Beam Transmission, WET Labs C-Star [%]
# name 16 = par: PAR/Irradiance, Biospherical/Licor
# name 17 = scan: Scan Count
# name 18 = nbin: number of scans per bin
# name 19 = flag: flag
# span 0 =      2.982,    501.399       
# span 1 =   16.54058,   16.54058       
# span 2 = -107.06558, -107.06556       
# span 3 =      3.000,    505.000       
# span 4 =     8.4428,    28.8320       
# span 5 =     8.4422,    28.8319       
# span 6 =     8.3895,    28.8254       
# span 7 =    33.6028,    34.8122       
# span 8 =    33.6130,    34.8203       
# span 9 =  1021.0868,  1029.1669       
# span 10 =    21.0723,    26.8821      
# span 11 = 6.5939e-02, 1.6851e+00      
# span 12 =     -0.150,    191.594      
# span 13 =  195.98134,  284.95915      
# span 14 =     0.0668,     0.2407      
# span 15 =    94.1597,    98.3433      
# span 16 = -8.569e-08, 1.2655e+02      
# span 17 =        187,      20711      
# span 18 =          1,       1304      
# span 19 = 0.0000e+00, 0.0000e+00      
# interval = decibars: 1                
# start_time = Jan 10 2017 14:01:04 [NMEA time, header]
# bad_flag = -9.990e-29
*END*
[from data line 290]
    291.059   16.54058 -107.06558    293.000    10.9980    10.9977    10.9619    34.7159    34.7236  1027.8715    26.5546 6.8880e-02      0.199  269.37943     0.0738    98.1713 1.0000e-12      11433         15 0.0000e+00
    292.052   16.54058 -107.06558    294.000    10.9779    10.9777    10.9417    34.7143    34.7221  1027.8785    26.5571 6.8314e-02      0.289  269.49700     0.0736    98.1786 1.0000e-12      11448         14 0.0000e+00
    293.045   16.54058 -107.06558    295.000    10.9668    10.9669    10.9304    34.7133    34.7212  1027.8842    26.5582 7.0223e-02      0.283  269.56229     0.0735    98.1810 1.0000e-12      11464         17 0.0000e+00
    294.037   16.54058 -107.06558    296.000    10.9574    10.9574    10.9209    34.7129    34.7207  1027.8901    26.5596 6.8136e-02      0.183  269.61666     0.0748    98.1464 1.0000e-12      11483         22 0.0000e+00
    295.030   16.54058 -107.06558    297.000    10.9536    10.9536    10.9170    34.7122    34.7201  1027.8948    26.5598 6.6985e-02      0.263  269.63981     0.0733    98.1844 1.0000e-12      11512         36 0.0000e+00
    296.023   16.54058 -107.06558    298.000    10.9487    10.9488    10.9120    34.7111    34.7190  1027.8993    26.5598 6.7914e-02      0.180  269.66952     0.0729    98.1946 1.0000e-12      11555         47 0.0000e+00
    297.015   16.54058 -107.06558    299.000    10.9417    10.9420    10.9049    34.7103    34.7180  1027.9044    26.5604 6.7826e-02      0.201  269.71093     0.0723    98.2094 1.0000e-12      11594         29 0.0000e+00
    298.008   16.54058 -107.06558    300.000    10.9327    10.9329    10.8958    34.7092    34.7170  1027.9098    26.5612 6.8279e-02      0.214  269.76479     0.0731    98.1903 1.0000e-12      11618         22 0.0000e+00
    299.001   16.54058 -107.06558    301.000    10.8960    10.8962    10.8591    34.7068    34.7144  1027.9192    26.5659 6.7666e-02      0.221  269.97884     0.0734    98.1826 1.0000e-12      11638         19 0.0000e+00
    299.993   16.54058 -107.06558    302.000    10.8871    10.8873    10.8501    34.7064    34.7141  1027.9250    26.5672 6.7224e-02      0.260  270.03027     0.0727    98.1980 1.0000e-12      11657         20 0.0000e+00
    300.986   16.54058 -107.06558    303.000    10.8859    10.8862    10.8488    34.7060    34.7137  1027.9294    26.5671 6.6477e-02      0.215  270.03799     0.0723    98.2088 1.0000e-12      11678         20 0.0000e+00
    301.978   16.54058 -107.06558    304.000    10.8856    10.8859    10.8483    34.7057    34.7134  1027.9337    26.5670 6.9079e-02      0.124  270.04053     0.0719    98.2179 1.0000e-12      11701         26 0.0000e+00
    302.971   16.54058 -107.06558    305.000    10.8803    10.8802    10.8429    34.7047    34.7125  1027.9384    26.5672 6.9176e-02      0.156  270.07271     0.0723    98.2086 1.0000e-12      11727         26 0.0000e+00
    303.964   16.54058 -107.06558    306.000    10.8607    10.8605    10.8232    34.7032    34.7110  1027.9454    26.5695 6.8315e-02      0.236  270.18748     0.0724    98.2056 1.0000e-12      11753         26 0.0000e+00
    304.956   16.54058 -107.06558    307.000    10.8283    10.8282    10.7908    34.7013    34.7090  1027.9543    26.5738 6.9045e-02      0.202  270.37687     0.0724    98.2057 1.0000e-12      11779         26 0.0000e+00
    305.949   16.54058 -107.06558    308.000    10.8121    10.8122    10.7745    34.7009    34.7087  1027.9615    26.5764 6.9748e-02      0.211  270.47074     0.0723    98.2098 1.0000e-12      11804         25 0.0000e+00
    306.941   16.54058 -107.06558    309.000    10.8045    10.8045    10.7668    34.7005    34.7082  1027.9670    26.5774 6.7750e-02      0.176  270.51471     0.0723    98.2087 1.0000e-12      11828         22 0.0000e+00
    307.934   16.54058 -107.06558    310.000    10.7911    10.7912    10.7533    34.7003    34.7080  1027.9739    26.5797 7.0425e-02      0.191  270.59231     0.0720    98.2158 1.0000e-12      11849         22 0.0000e+00
    308.927   16.54058 -107.06558    311.000    10.7853    10.7854    10.7473    34.6997    34.7074  1027.9790    26.5803 6.9455e-02      0.131  270.62661     0.0716    98.2258 1.0000e-12      11870         21 0.0000e+00
    309.919   16.54058 -107.06558    312.000    10.7779    10.7779    10.7398    34.6993    34.7070  1027.9845    26.5813 6.7910e-02      0.214  270.67001     0.0717    98.2225 1.0000e-12      11891         21 0.0000e+00
    310.912   16.54058 -107.06558    313.000    10.7665    10.7660    10.7284    34.6989    34.7066  1027.9907    26.5830 6.8133e-02      0.182  270.73622     0.0714    98.2296 1.0000e-12      11913         20 0.0000e+00
    311.904   16.54058 -107.06558    314.000    10.7453    10.7452    10.7071    34.6977    34.7056  1027.9983    26.5859 6.7223e-02      0.264  270.86005     0.0720    98.2169 1.0000e-12      11935         23 0.0000e+00
    312.897   16.54058 -107.06558    315.000    10.7099    10.7095    10.6716    34.6960    34.7040  1028.0079    26.5908 6.8768e-02      0.219  271.06738     0.0720    98.2151 1.0000e-12      11960         29 0.0000e+00
    313.889   16.54058 -107.06558    316.000    10.6719    10.6718    10.6336    34.6945    34.7022  1028.0182    26.5964 6.8478e-02      0.179  271.28899     0.0721    98.2131 1.0000e-12      11995         42 0.0000e+00
    314.882   16.54058 -107.06558    317.000    10.6490    10.6491    10.6106    34.6928    34.7004  1028.0255    26.5991 6.7372e-02      0.217  271.42468     0.0712    98.2350 1.0000e-12      12035         32 0.0000e+00
    315.875   16.54058 -107.06558    318.000    10.6322    10.6322    10.5937    34.6920    34.6999  1028.0325    26.6015 6.9898e-02      0.181  271.52335     0.0714    98.2298 1.0000e-12      12062         22 0.0000e+00
    316.867   16.54058 -107.06558    319.000    10.6189    10.6187    10.5803    34.6909    34.6986  1028.0386    26.6030 6.6785e-02      0.197  271.60233     0.0713    98.2321 1.0000e-12      12082         19 0.0000e+00
    317.860   16.54058 -107.06558    320.000    10.5961    10.5962    10.5575    34.6902    34.6978  1028.0467    26.6065 6.5939e-02      0.224  271.73500     0.0711    98.2362 1.0000e-12      12099         18 0.0000e+00
    318.852   16.54058 -107.06558    321.000    10.5807    10.5809    10.5420    34.6892    34.6969  1028.0532    26.6084 6.8267e-02      0.250  271.82651     0.0712    98.2348 1.0000e-12      12117         17 0.0000e+00
    319.845   16.54058 -107.06558    322.000    10.5769    10.5771    10.5381    34.6889    34.6966  1028.0581    26.6088 6.8851e-02      0.153  271.84906     0.0712    98.2348 1.0000e-12      12135         20 0.0000e+00
    320.837   16.54058 -107.06558    323.000    10.5683    10.5681    10.5294    34.6872    34.6950  1028.0629    26.6091 6.7730e-02      0.197  271.90230     0.0712    98.2348 1.0000e-12      12155         21 0.0000e+00
    321.830   16.54058 -107.06558    324.000    10.5472    10.5473    10.5082    34.6866    34.6943  1028.0707    26.6123 6.9871e-02      0.207  272.02540     0.0712    98.2348 1.0000e-12      12178         24 0.0000e+00
    322.822   16.54058 -107.06558    325.000    10.5354    10.5354    10.4964    34.6855    34.6934  1028.0765    26.6135 6.9721e-02      0.150  272.09583     0.0709    98.2440 1.0000e-12      12205         29 0.0000e+00
    323.815   16.54058 -107.06558    326.000    10.5273    10.5275    10.4881    34.6853    34.6930  1028.0823    26.6148 7.0030e-02      0.164  272.14365     0.0706    98.2495 1.0000e-12      12237         34 0.0000e+00
    324.807   16.54058 -107.06558    327.000    10.5187    10.5189    10.4794    34.6850    34.6928  1028.0882    26.6161 6.8961e-02      0.159  272.19373     0.0708    98.2464 1.0000e-12      12272         36 0.0000e+00
    325.800   16.54058 -107.06558    328.000    10.5164    10.5166    10.4770    34.6846    34.6923  1028.0928    26.6162 6.9769e-02      0.162  272.20814     0.0708    98.2440 1.0000e-12      12306         28 0.0000e+00
    326.792   16.54058 -107.06558    329.000    10.5144    10.5146    10.4749    34.6845    34.6922  1028.0975    26.6164 6.9921e-02      0.206  272.22012     0.0709    98.2416 1.0000e-12      12332         23 0.0000e+00
    327.785   16.54058 -107.06558    330.000    10.5103    10.5104    10.4706    34.6842    34.6921  1028.1025    26.6169 6.8404e-02      0.098  272.24434     0.0712    98.2346 1.0000e-12      12353         19 0.0000e+00
    328.777   16.54058 -107.06558    331.000    10.5027    10.5028    10.4630    34.6840    34.6917  1028.1082    26.6181 6.9610e-02      0.171  272.28872     0.0713    98.2320 1.0000e-12      12371         19 0.0000e+00
    329.770   16.54058 -107.06558    332.000    10.4921    10.4921    10.4523    34.6836    34.6913  1028.1143    26.6196 6.9366e-02      0.158  272.35089     0.0704    98.2563 1.0000e-12      12389         16 0.0000e+00
    330.762   16.54058 -107.06558    333.000    10.4826    10.4826    10.4427    34.6831    34.6908  1028.1202    26.6209 6.9394e-02      0.191  272.40725     0.0705    98.2537 1.0000e-12      12406         18 0.0000e+00
    331.755   16.54058 -107.06558    334.000    10.4659    10.4659    10.4259    34.6825    34.6902  1028.1272    26.6234 7.1055e-02      0.190  272.50543     0.0707    98.2471 1.0000e-12      12422         15 0.0000e+00
    332.747   16.54058 -107.06558    335.000    10.4466    10.4466    10.4065    34.6821    34.6899  1028.1349    26.6265 6.8035e-02      0.169  272.61857     0.0712    98.2346 1.0000e-12      12438         17 0.0000e+00
    333.740   16.54058 -107.06558    336.000    10.4398    10.4398    10.3996    34.6820    34.6897  1028.1405    26.6276 7.1111e-02      0.190  272.65848     0.0710    98.2403 1.0000e-12      12456         19 0.0000e+00
    334.732   16.54058 -107.06558    337.000    10.4124    10.4182    10.3721    34.6836    34.6925  1028.1513    26.6337 7.0723e-02      0.201  272.81513     0.0704    98.2569 1.0000e-12      12483         41 0.0000e+00
    335.725   16.54058 -107.06558    338.000    10.4635    10.4641    10.4230    34.6795    34.6867  1028.1433    26.6215 6.9733e-02      0.110  272.52504     0.0710    98.2397 1.0000e-12      12567         74 0.0000e+00
    336.717   16.54058 -107.06558    339.000    10.3423    10.3338    10.3020    34.6750    34.6834  1028.1662    26.6392 7.0485e-02      0.165  273.24110     0.0709    98.2435 1.0000e-12      12595         21 0.0000e+00
    337.710   16.54058 -107.06558    340.000    10.3117    10.3119    10.2713    34.6765    34.6841  1028.1773    26.6456 6.7942e-02      0.228  273.41687     0.0694    98.2797 1.0000e-12      12612         16 0.0000e+00
    338.702   16.54058 -107.06558    341.000    10.3061    10.3062    10.2656    34.6757    34.6833  1028.1822    26.6460 7.0564e-02      0.207  273.45115     0.0700    98.2663 1.0000e-12      12627         15 0.0000e+00
    339.694   16.54058 -107.06558    342.000    10.3039    10.3041    10.2633    34.6753    34.6829  1028.1868    26.6461 7.0139e-02      0.204  273.46456     0.0702    98.2612 1.0000e-12      12641         14 0.0000e+00
    340.687   16.54058 -107.06558    343.000    10.2932    10.2929    10.2525    34.6739    34.6816  1028.1922    26.6468 6.9132e-02      0.185  273.53010     0.0702    98.2610 1.0000e-12      12655         14 0.0000e+00
    341.679   16.54058 -107.06558    344.000    10.2773    10.2776    10.2366    34.6736    34.6811  1028.1993    26.6493 6.7943e-02      0.218  273.62371     0.0702    98.2610 1.0000e-12      12669         13 0.0000e+00
    342.672   16.54058 -107.06558    345.000    10.2677    10.2677    10.2268    34.6722    34.6797  1028.2044    26.6499 6.8743e-02      0.215  273.68296     0.0700    98.2652 1.0000e-12      12684         18 0.0000e+00
    343.664   16.54058 -107.06558    346.000    10.2604    10.2593    10.2195    34.6718    34.6793  1028.2099    26.6509 6.9522e-02      0.128  273.72638     0.0699    98.2679 1.0000e-12      12706         29 0.0000e+00
    344.657   16.54058 -107.06558    347.000    10.2572    10.2567    10.2162    34.6709    34.6785  1028.2143    26.6507 6.9426e-02      0.194  273.74680     0.0702    98.2604 1.0000e-12      12744         43 0.0000e+00
    345.649   16.54058 -107.06558    348.000    10.2527    10.2527    10.2115    34.6701    34.6778  1028.2189    26.6509 6.9706e-02      0.147  273.77519     0.0698    98.2701 1.0000e-12      12784         35 0.0000e+00
    346.642   16.54058 -107.06558    349.000    10.2496    10.2499    10.2084    34.6697    34.6774  1028.2237    26.6511 7.0905e-02      0.126  273.79356     0.0697    98.2719 1.0000e-12      12816         29 0.0000e+00
    347.634   16.54058 -107.06558    350.000    10.2471    10.2471    10.2057    34.6694    34.6772  1028.2284    26.6513 6.8129e-02      0.213  273.80942     0.0696    98.2746 1.0000e-12      12842         25 0.0000e+00
    348.626   16.54058 -107.06558    351.000    10.2443    10.2445    10.2028    34.6690    34.6768  1028.2331    26.6515 7.0025e-02      0.138  273.82631     0.0701    98.2621 1.0000e-12      12864         19 0.0000e+00
    349.619   16.54058 -107.06558    352.000    10.2408    10.2408    10.1991    34.6687    34.6764  1028.2380    26.6519 7.0649e-02      0.112  273.84762     0.0700    98.2660 1.0000e-12      12885         21 0.0000e+00
    350.611   16.54058 -107.06558    353.000    10.2383    10.2385    10.1966    34.6685    34.6764  1028.2428    26.6521 7.0200e-02      0.160  273.86240     0.0699    98.2683 1.0000e-12      12905         18 0.0000e+00
    351.604   16.54058 -107.06558    354.000    10.2380    10.2382    10.1962    34.6683    34.6762  1028.2472    26.6521 6.9582e-02      0.168  273.86430     0.0699    98.2687 1.0000e-12      12923         17 0.0000e+00
    352.596   16.54058 -107.06558    355.000    10.2383    10.2383    10.1963    34.6683    34.6761  1028.2516    26.6520 6.9792e-02      0.169  273.86314     0.0699    98.2692 1.0000e-12      12941         19 0.0000e+00
    353.588   16.54058 -107.06558    356.000    10.2383    10.2385    10.1962    34.6682    34.6760  1028.2560    26.6519 7.0739e-02      0.155  273.86324     0.0697    98.2724 1.0000e-12      12958         16 0.0000e+00
    354.581   16.54058 -107.06558    357.000    10.2375    10.2377    10.1953    34.6679    34.6758  1028.2604    26.6518 7.1870e-02      0.143  273.86828     0.0698    98.2707 1.0000e-12      12976         19 0.0000e+00
    355.573   16.54058 -107.06558    358.000    10.2366    10.2367    10.1943    34.6678    34.6756  1028.2649    26.6519 6.9614e-02      0.174  273.87387     0.0702    98.2616 1.0000e-12      12998         25 0.0000e+00
    356.565   16.54058 -107.06558    359.000    10.2378    10.2371    10.1953    34.6675    34.6754  1028.2690    26.6515 6.9958e-02      0.151  273.86732     0.0699    98.2675 1.0000e-12      13038         62 0.0000e+00
    357.558   16.54058 -107.06558    360.000    10.2338    10.2357    10.1912    34.6670    34.6749  1028.2738    26.6517 6.8142e-02      0.182  273.89193     0.0698    98.2698 1.0000e-12      13098         39 0.0000e+00
    358.550   16.54058 -107.06558    361.000    10.2214    10.2217    10.1788    34.6665    34.6743  1028.2801    26.6535 6.8486e-02      0.125  273.96534     0.0700    98.2666 1.0000e-12      13126         23 0.0000e+00
    359.542   16.54058 -107.06558    362.000    10.2185    10.2188    10.1758    34.6663    34.6742  1028.2850    26.6538 7.1189e-02      0.146  273.98299     0.0699    98.2687 1.0000e-12      13146         17 0.0000e+00
    360.535   16.54058 -107.06558    363.000    10.2135    10.2137    10.1706    34.6660    34.6738  1028.2902    26.6545 7.3237e-02      0.176  274.01311     0.0702    98.2611 1.0000e-12      13162         16 0.0000e+00
