data/ctd-cnv/SKQ1617/SKQ1617-St16-P2/skq201617s-041avg.cnv
* Sea-Bird SBE 9 Data File:
* FileName = D:\CTD\SKQ201617S\SKQ201617S-041.hex
* Software Version Seasave V 7.22.5
* Temperature SN = 5773
* Conductivity SN = 2251
* Number of Bytes Per Scan = 37
* Number of Voltage Words = 4
* Number of Scans Averaged by the Deck Unit = 1
* NMEA Latitude = 16 33.31 N
* NMEA Longitude = 106 58.36 W
* NMEA UTC (Time) = Jan 12 2017  14:02:36
* NMEA baud rate = 4800
** Ship: R/V Sikuliaq
** Station Number: 41
** Station Name: Station 16/P2
** Depth: 2963
** Operator:
** exploring deep nitrite max
# nquan = 20
# nvalues = 502                         
# units = specified
# name 0 = depSMignore: Depth [salt water, m]
# name 1 = latitude: Latitude [deg]
# name 2 = longitude: Longitude [deg]
# name 3 = prDM: Pressure, Digiquartz [db]
# name 4 = t090C: Temperature [ITS-90, deg C]
# name 5 = t190C: Temperature, 2 [ITS-90, deg C]
# name 6 = potemp090C: Potential Temperature [ITS-90, deg C]
# name 7 = sal00: Salinity, Practical [PSU]
# name 8 = sal11: Salinity, Practical, 2 [PSU]
# name 9 = density00: Density [density, kg/m^3]
# name 10 = sigma-t00: Density [sigma-t, kg/m^3 ]
# name 11 = flSP: Fluorescence, Seapoint
# name 12 = sbox0Mm/Kg: Oxygen, SBE 43 [umol/kg]
# name 13 = oxsolMm/Kg: Oxygen Saturation, Garcia & Gordon [umol/kg]
# name 14 = CStarAt0: Beam Attenuation, WET Labs C-Star [1/m]
# name 15 = CStarTr0: Beam Transmission, WET Labs C-Star [%]
# name 16 = par: PAR/Irradiance, Biospherical/Licor
# name 17 = scan: Scan Count
# name 18 = nbin: number of scans per bin
# name 19 = flag: flag
# span 0 =      2.982,    500.407       
# span 1 =   16.55512,   16.55514       
# span 2 = -106.97264, -106.97262       
# span 3 =      3.000,    504.000       
# span 4 =     8.0076,    28.7883       
# span 5 =     8.0079,    28.7881       
# span 6 =     7.9560,    28.7773       
# span 7 =    33.5004,    34.8148       
# span 8 =    33.5104,    34.8226       
# span 9 =  1021.0531,  1029.2208       
# span 10 =    21.0384,    26.9352      
# span 11 = 6.6214e-02, 1.6598e+00      
# span 12 =      0.084,    191.131      
# span 13 =  196.14806,  287.76690      
# span 14 =     0.0651,     0.2359      
# span 15 =    94.2719,    98.3876      
# span 16 = 1.0000e-12, 9.7113e+01      
# span 17 =       -141,      18223      
# span 18 =         14,        635      
# span 19 = 0.0000e+00, 0.0000e+00      
# interval = decibars: 1                
# start_time = Jan 12 2017 14:02:36 [NMEA time, header]
# bad_flag = -9.990e-29
*END*
[from data line 290]
    291.059   16.55514 -106.97264    293.000    10.8625    10.8641    10.8266    34.7079    34.7157  1027.8904    26.5728 6.8818e-02      0.246  270.16855     0.0722    98.2103 1.0000e-12      10818         20 0.0000e+00
    292.052   16.55514 -106.97264    294.000    10.8520    10.8531    10.8160    34.7072    34.7147  1027.8963    26.5742 6.9594e-02      0.198  270.22974     0.0723    98.2087 1.0000e-12      10840         23 0.0000e+00
    293.044   16.55514 -106.97264    295.000    10.8384    10.8385    10.8023    34.7068    34.7145  1027.9029    26.5763 6.9266e-02      0.211  270.30842     0.0722    98.2111 1.0000e-12      10862         22 0.0000e+00
    294.037   16.55514 -106.97264    296.000    10.8311    10.8312    10.7949    34.7063    34.7140  1027.9084    26.5772 6.9601e-02      0.306  270.35132     0.0716    98.2263 1.0000e-12      10886         24 0.0000e+00
    295.030   16.55514 -106.97264    297.000    10.8108    10.8121    10.7745    34.7048    34.7124  1027.9154    26.5797 6.8034e-02      0.138  270.47065     0.0714    98.2298 1.0000e-12      10911         26 0.0000e+00
    296.022   16.55513 -106.97264    298.000    10.7904    10.7903    10.7541    34.7043    34.7120  1027.9233    26.5830 6.9758e-02      0.194  270.58820     0.0712    98.2339 1.0000e-12      10937         27 0.0000e+00
    297.015   16.55512 -106.97264    299.000    10.7431    10.7434    10.7068    34.7011    34.7084  1027.9340    26.5888 6.9449e-02      0.189  270.86635     0.0717    98.2222 1.0000e-12      10963         25 0.0000e+00
    298.008   16.55512 -106.97264    300.000    10.7028    10.7029    10.6664    34.7003    34.7077  1027.9452    26.5954 6.9927e-02      0.254  271.09987     0.0719    98.2182 1.0000e-12      10986         22 0.0000e+00
    299.000   16.55512 -106.97264    301.000    10.6917    10.6917    10.6552    34.6990    34.7065  1027.9508    26.5964 6.8531e-02      0.196  271.16644     0.0713    98.2312 1.0000e-12      11008         21 0.0000e+00
    299.993   16.55512 -106.97264    302.000    10.6776    10.6779    10.6410    34.6973    34.7049  1027.9565    26.5975 7.0067e-02      0.241  271.25125     0.0712    98.2348 1.0000e-12      11031         24 0.0000e+00
    300.985   16.55512 -106.97264    303.000    10.6621    10.6623    10.6254    34.6972    34.7047  1027.9638    26.6002 6.9089e-02      0.254  271.34069     0.0724    98.2064 1.0000e-12      11056         28 0.0000e+00
    301.978   16.55512 -106.97264    304.000    10.6533    10.6533    10.6165    34.6962    34.7036  1027.9691    26.6010 6.8842e-02      0.187  271.39342     0.0711    98.2380 1.0000e-12      11085         29 0.0000e+00
    302.971   16.55512 -106.97264    305.000    10.6394    10.6394    10.6025    34.6950    34.7026  1027.9752    26.6025 6.9601e-02      0.128  271.47620     0.0707    98.2474 1.0000e-12      11112         25 0.0000e+00
    303.964   16.55514 -106.97264    306.000    10.6279    10.6280    10.5909    34.6942    34.7018  1027.9812    26.6040 6.9444e-02      0.268  271.54400     0.0710    98.2413 1.0000e-12      11137         24 0.0000e+00
    304.956   16.55514 -106.97264    307.000    10.6114    10.6115    10.5744    34.6929    34.7004  1027.9876    26.6059 6.8646e-02      0.212  271.64158     0.0710    98.2405 1.0000e-12      11160         23 0.0000e+00
    305.949   16.55514 -106.97264    308.000    10.5978    10.5979    10.5607    34.6918    34.6994  1027.9938    26.6074 6.9195e-02      0.176  271.72225     0.0712    98.2358 1.0000e-12      11185         28 0.0000e+00
    306.941   16.55514 -106.97264    309.000    10.5895    10.5897    10.5523    34.6912    34.6985  1027.9993    26.6084 6.9091e-02      0.220  271.77178     0.0705    98.2539 1.0000e-12      11214         29 0.0000e+00
    307.934   16.55514 -106.97264    310.000    10.5704    10.5705    10.5331    34.6896    34.6971  1028.0061    26.6106 6.9464e-02      0.157  271.88536     0.0702    98.2611 1.0000e-12      11242         27 0.0000e+00
    308.926   16.55514 -106.97264    311.000    10.5590    10.5592    10.5216    34.6894    34.6970  1028.0124    26.6124 6.9929e-02      0.250  271.95200     0.0699    98.2670 1.0000e-12      11265         21 0.0000e+00
    309.919   16.55514 -106.97264    312.000    10.5563    10.5566    10.5187    34.6889    34.6966  1028.0170    26.6125 6.6214e-02      0.171  271.96844     0.0700    98.2656 1.0000e-12      11285         17 0.0000e+00
    310.912   16.55512 -106.97264    313.000    10.5513    10.5513    10.5137    34.6885    34.6959  1028.0221    26.6130 7.0149e-02      0.123  271.99811     0.0702    98.2610 1.0000e-12      11303         19 0.0000e+00
    311.904   16.55512 -106.97264    314.000    10.5457    10.5461    10.5079    34.6880    34.6956  1028.0272    26.6137 6.8645e-02      0.234  272.03154     0.0702    98.2610 1.0000e-12      11321         18 0.0000e+00
    312.897   16.55512 -106.97264    315.000    10.5426    10.5429    10.5047    34.6876    34.6953  1028.0320    26.6139 6.7568e-02      0.209  272.05016     0.0709    98.2422 1.0000e-12      11339         18 0.0000e+00
    313.889   16.55512 -106.97264    316.000    10.5356    10.5354    10.4976    34.6867    34.6944  1028.0370    26.6144 7.0347e-02      0.159  272.09270     0.0716    98.2260 1.0000e-12      11360         23 0.0000e+00
    314.882   16.55512 -106.97264    317.000    10.5106    10.5108    10.4725    34.6856    34.6931  1028.0452    26.6180 6.7997e-02      0.150  272.23987     0.0700    98.2651 1.0000e-12      11383         24 0.0000e+00
    315.874   16.55512 -106.97264    318.000    10.4937    10.4936    10.4556    34.6850    34.6926  1028.0523    26.6205 6.9226e-02      0.222  272.33899     0.0698    98.2702 1.0000e-12      11411         31 0.0000e+00
    316.867   16.55512 -106.97264    319.000    10.4746    10.4736    10.4364    34.6844    34.6921  1028.0598    26.6233 7.0196e-02      0.195  272.45126     0.0700    98.2652 1.0000e-12      11445         37 0.0000e+00
    317.859   16.55512 -106.97264    320.000    10.4668    10.4671    10.4285    34.6840    34.6916  1028.0654    26.6244 7.1253e-02      0.143  272.49763     0.0702    98.2609 1.0000e-12      11484         36 0.0000e+00
    318.852   16.55513 -106.97264    321.000    10.4621    10.4629    10.4237    34.6835    34.6912  1028.0703    26.6248 6.9081e-02      0.172  272.52557     0.0702    98.2610 1.0000e-12      11516         27 0.0000e+00
    319.845   16.55514 -106.97264    322.000    10.4560    10.4562    10.4174    34.6834    34.6910  1028.0759    26.6258 6.8292e-02      0.163  272.56160     0.0702    98.2610 1.0000e-12      11540         23 0.0000e+00
    320.837   16.55514 -106.97264    323.000    10.4516    10.4524    10.4129    34.6829    34.6905  1028.0807    26.6262 6.7947e-02      0.160  272.58814     0.0702    98.2610 1.0000e-12      11561         20 0.0000e+00
    321.830   16.55514 -106.97264    324.000    10.4447    10.4454    10.4060    34.6821    34.6898  1028.0859    26.6268 6.9215e-02      0.174  272.62934     0.0702    98.2610 1.0000e-12      11580         19 0.0000e+00
    322.822   16.55514 -106.97264    325.000    10.4285    10.4275    10.3897    34.6807    34.6882  1028.0922    26.6286 6.8493e-02      0.137  272.72638     0.0694    98.2807 1.0000e-12      11600         20 0.0000e+00
    323.815   16.55512 -106.97264    326.000    10.4134    10.4140    10.3745    34.6798    34.6875  1028.0988    26.6305 6.8498e-02      0.196  272.81642     0.0698    98.2699 1.0000e-12      11620         20 0.0000e+00
    324.807   16.55512 -106.97264    327.000    10.4092    10.4093    10.3702    34.6792    34.6869  1028.1035    26.6308 6.7360e-02      0.167  272.84183     0.0694    98.2792 1.0000e-12      11641         23 0.0000e+00
    325.800   16.55512 -106.97264    328.000    10.4061    10.4061    10.3670    34.6787    34.6864  1028.1082    26.6309 6.8246e-02      0.116  272.86114     0.0698    98.2707 1.0000e-12      11663         22 0.0000e+00
    326.792   16.55513 -106.97264    329.000    10.3984    10.3985    10.3591    34.6775    34.6852  1028.1131    26.6313 7.1027e-02      0.161  272.90858     0.0698    98.2716 1.0000e-12      11685         22 0.0000e+00
    327.785   16.55514 -106.97264    330.000    10.3654    10.3659    10.3261    34.6756    34.6829  1028.1221    26.6356 7.0486e-02      0.204  273.10489     0.0702    98.2613 1.0000e-12      11706         21 0.0000e+00
    328.777   16.55514 -106.97264    331.000    10.3507    10.3509    10.3113    34.6750    34.6828  1028.1288    26.6377 7.0367e-02      0.150  273.19183     0.0706    98.2513 1.0000e-12      11727         19 0.0000e+00
    329.770   16.55513 -106.97264    332.000    10.3468    10.3471    10.3073    34.6744    34.6821  1028.1335    26.6379 6.7110e-02      0.167  273.21551     0.0709    98.2420 1.0000e-12      11748         22 0.0000e+00
    330.762   16.55512 -106.97264    333.000    10.3354    10.3360    10.2958    34.6734    34.6811  1028.1393    26.6391 6.9741e-02      0.180  273.28433     0.0696    98.2762 1.0000e-12      11774         30 0.0000e+00
    331.755   16.55512 -106.97264    334.000    10.3272    10.3281    10.2875    34.6727    34.6804  1028.1448    26.6400 6.9674e-02      0.148  273.33351     0.0695    98.2765 1.0000e-12      11814         49 0.0000e+00
    332.747   16.55512 -106.97264    335.000    10.3065    10.3069    10.2668    34.6714    34.6790  1028.1519    26.6426 7.0712e-02      0.175  273.45719     0.0691    98.2877 1.0000e-12      11856         31 0.0000e+00
    333.740   16.55512 -106.97264    336.000    10.2927    10.2929    10.2528    34.6708    34.6784  1028.1584    26.6445 7.0938e-02      0.127  273.53939     0.0694    98.2810 1.0000e-12      11881         22 0.0000e+00
    334.732   16.55513 -106.97264    337.000    10.2830    10.2833    10.2430    34.6701    34.6776  1028.1642    26.6457 6.9618e-02      0.196  273.59752     0.0693    98.2832 1.0000e-12      11901         20 0.0000e+00
    335.725   16.55514 -106.97264    338.000    10.2699    10.2701    10.2299    34.6693    34.6769  1028.1703    26.6473 7.0326e-02      0.152  273.67556     0.0692    98.2843 1.0000e-12      11920         19 0.0000e+00
    336.717   16.55514 -106.97264    339.000    10.2530    10.2531    10.2129    34.6685    34.6760  1028.1772    26.6496 7.1298e-02      0.139  273.77652     0.0691    98.2870 1.0000e-12      11941         23 0.0000e+00
    337.710   16.55514 -106.97264    340.000    10.2402    10.2405    10.2000    34.6677    34.6752  1028.1835    26.6512 7.0830e-02      0.175  273.85296     0.0694    98.2795 1.0000e-12      11966         27 0.0000e+00
    338.702   16.55514 -106.97264    341.000    10.2270    10.2272    10.1867    34.6669    34.6745  1028.1897    26.6529 6.8933e-02      0.178  273.93201     0.0698    98.2693 1.0000e-12      11991         22 0.0000e+00
    339.694   16.55514 -106.97264    342.000    10.2168    10.2170    10.1765    34.6665    34.6742  1028.1956    26.6543 7.0515e-02      0.129  273.99264     0.0692    98.2846 1.0000e-12      12012         17 0.0000e+00
    340.687   16.55514 -106.97264    343.000    10.2125    10.2126    10.1720    34.6661    34.6738  1028.2006    26.6547 7.0235e-02      0.137  274.01890     0.0692    98.2840 1.0000e-12      12029         17 0.0000e+00
    341.679   16.55514 -106.97264    344.000    10.2093    10.2095    10.1687    34.6659    34.6735  1028.2055    26.6551 7.1186e-02      0.194  274.03787     0.0694    98.2806 1.0000e-12      12044         16 0.0000e+00
    342.672   16.55514 -106.97264    345.000    10.2043    10.2045    10.1636    34.6655    34.6729  1028.2106    26.6557 7.1200e-02      0.171  274.06832     0.0692    98.2854 1.0000e-12      12060         16 0.0000e+00
    343.664   16.55514 -106.97264    346.000    10.1989    10.1991    10.1581    34.6650    34.6726  1028.2157    26.6562 7.0418e-02      0.184  274.10063     0.0699    98.2672 1.0000e-12      12079         23 0.0000e+00
    344.656   16.55513 -106.97264    347.000    10.1575    10.1591    10.1167    34.6640    34.6702  1028.2268    26.6626 7.0097e-02      0.151  274.34637     0.0693    98.2813 1.0000e-12      12113         45 0.0000e+00
    345.649   16.55512 -106.97264    348.000    10.1318    10.1316    10.0909    34.6620    34.6692  1028.2343    26.6654 7.0360e-02      0.169  274.50184     0.0687    98.2957 1.0000e-12      12158         39 0.0000e+00
    346.641   16.55512 -106.97264    349.000    10.1220    10.1220    10.0811    34.6608    34.6684  1028.2397    26.6662 7.0126e-02      0.175  274.56179     0.0691    98.2859 1.0000e-12      12194         34 0.0000e+00
    347.634   16.55512 -106.97264    350.000    10.0958    10.0961    10.0548    34.6599    34.6675  1028.2481    26.6700 6.8811e-02      0.155  274.71806     0.0693    98.2826 1.0000e-12      12226         30 0.0000e+00
    348.626   16.55512 -106.97264    351.000    10.0831    10.0833    10.0420    34.6596    34.6672  1028.2546    26.6719 6.9932e-02      0.141  274.79406     0.0691    98.2872 1.0000e-12      12252         24 0.0000e+00
    349.618   16.55512 -106.97264    352.000    10.0790    10.0793    10.0378    34.6595    34.6671  1028.2598    26.6726 7.0840e-02      0.105  274.81815     0.0692    98.2856 1.0000e-12      12273         18 0.0000e+00
    350.611   16.55514 -106.97264    353.000    10.0728    10.0724    10.0315    34.6593    34.6671  1028.2652    26.6734 7.0268e-02      0.158  274.85534     0.0691    98.2871 1.0000e-12      12290         16 0.0000e+00
    351.603   16.55514 -106.97264    354.000    10.0665    10.0667    10.0251    34.6596    34.6671  1028.2710    26.6748 7.1077e-02      0.157  274.89224     0.0691    98.2871 1.0000e-12      12305         15 0.0000e+00
    352.596   16.55514 -106.97264    355.000    10.0655    10.0657    10.0239    34.6595    34.6671  1028.2757    26.6749 7.1984e-02      0.134  274.89810     0.0690    98.2890 1.0000e-12      12320         14 0.0000e+00
    353.588   16.55514 -106.97264    356.000    10.0641    10.0643    10.0225    34.6592    34.6668  1028.2801    26.6749 7.1666e-02      0.161  274.90645     0.0691    98.2872 1.0000e-12      12335         16 0.0000e+00
    354.580   16.55514 -106.97264    357.000    10.0560    10.0559    10.0142    34.6582    34.6657  1028.2853    26.6755 7.1615e-02      0.145  274.95692     0.0691    98.2871 1.0000e-12      12352         20 0.0000e+00
    355.573   16.55514 -106.97264    358.000    10.0389    10.0395     9.9971    34.6578    34.6653  1028.2926    26.6781 7.0738e-02      0.128  275.05834     0.0691    98.2879 1.0000e-12      12377         30 0.0000e+00
    356.565   16.55514 -106.97264    359.000    10.0104    10.0102     9.9686    34.6557    34.6630  1028.3005    26.6813 7.1043e-02      0.153  275.23142     0.0690    98.2887 1.0000e-12      12411         33 0.0000e+00
    357.557   16.55514 -106.97264    360.000     9.9925     9.9928     9.9506    34.6545    34.6621  1028.3072    26.6834 6.9990e-02      0.134  275.33967     0.0692    98.2843 1.0000e-12      12441         28 0.0000e+00
    358.550   16.55512 -106.97264    361.000     9.9380     9.9389     9.8961    34.6510    34.6579  1028.3186    26.6900 7.2003e-02      0.156  275.67065     0.0693    98.2835 1.0000e-12      12470         29 0.0000e+00
    359.542   16.55512 -106.97264    362.000     9.8957     9.8961     9.8538    34.6491    34.6565  1028.3291    26.6957 7.1042e-02      0.206  275.92561     0.0689    98.2907 1.0000e-12      12500         30 0.0000e+00
    360.534   16.55512 -106.97264    363.000     9.8331     9.8332     9.7912    34.6459    34.6530  1028.3421    26.7038 7.1973e-02      0.155  276.30514     0.0683    98.3054 1.0000e-12      12528         25 0.0000e+00
