data/ctd-cnv/SKQ1617/SKQ1617-St16-P2/skq201617s-042avg.cnv
* Sea-Bird SBE 9 Data File:
* FileName = D:\CTD\SKQ201617S\SKQ201617S-042.hex
* Software Version Seasave V 7.22.5
* Temperature SN = 5773
* Conductivity SN = 2251
* Number of Bytes Per Scan = 37
* Number of Voltage Words = 4
* Number of Scans Averaged by the Deck Unit = 1
* NMEA Latitude = 16 34.03 N
* NMEA Longitude = 106 58.23 W
* NMEA UTC (Time) = Jan 12 2017  19:11:20
* NMEA baud rate = 4800
** Ship: R/V Sikuliaq
** Station Number: 42
** Station Name: Station 16/P2
** Depth: 3130 m
** Operator: Jacob/Rachel
# nquan = 20
# nvalues = 504                         
# units = specified
# name 0 = depSM: Depth [salt water, m]
# name 1 = latitude: Latitude [deg]
# name 2 = longitude: Longitude [deg]
# name 3 = prDM: Pressure, Digiquartz [db]
# name 4 = t090C: Temperature [ITS-90, deg C]
# name 5 = t190C: Temperature, 2 [ITS-90, deg C]
# name 6 = potemp090C: Potential Temperature [ITS-90, deg C]
# name 7 = sal00: Salinity, Practical [PSU]
# name 8 = sal11: Salinity, Practical, 2 [PSU]
# name 9 = density00: Density [density, kg/m^3]
# name 10 = sigma-t00: Density [sigma-t, kg/m^3 ]
# name 11 = flSP: Fluorescence, Seapoint
# name 12 = sbox0Mm/Kg: Oxygen, SBE 43 [umol/kg]
# name 13 = oxsolMm/Kg: Oxygen Saturation, Garcia & Gordon [umol/kg]
# name 14 = CStarAt0: Beam Attenuation, WET Labs C-Star [1/m]
# name 15 = CStarTr0: Beam Transmission, WET Labs C-Star [%]
# name 16 = par: PAR/Irradiance, Biospherical/Licor
# name 17 = scan: Scan Count
# name 18 = nbin: number of scans per bin
# name 19 = flag: flag
# span 0 =      1.988,    501.398       
# span 1 =   16.56722,   16.56724       
# span 2 = -106.97042, -106.97042       
# span 3 =      2.000,    505.000       
# span 4 =     8.3424,    28.8532       
# span 5 =     8.3476,    28.8531       
# span 6 =     8.2893,    28.8453       
# span 7 =    33.5415,    34.8133       
# span 8 =    33.5542,    34.8202       
# span 9 =  1021.0524,  1029.1825       
# span 10 =    21.0403,    26.8914      
# span 11 = 6.4989e-02, 1.7498e+00      
# span 12 =      0.017,    191.592      
# span 13 =  195.90309,  285.61047      
# span 14 =     0.0653,     0.2482      
# span 15 =    93.9847,    98.3808      
# span 16 = -6.257e-08, 3.8240e+03      
# span 17 =       -387,      20627      
# span 18 =         15,       1257      
# span 19 = 0.0000e+00, 0.0000e+00      
# interval = decibars: 1                
# start_time = Jan 12 2017 19:11:20 [NMEA time, header]
# bad_flag = -9.990e-29
*END*
[from data line 362]
    361.527   16.56724 -106.97042    364.000    10.3000    10.3003    10.2568    34.6705    34.6774  1028.2825    26.6430 7.0679e-02      0.158  273.49688     0.0690    98.2894 1.0000e-12      12817         21 0.0000e+00
    362.519   16.56724 -106.97042    365.000    10.2832    10.2835    10.2399    34.6700    34.6769  1028.2897    26.6455 7.1257e-02      0.142  273.59616     0.0688    98.2937 1.0000e-12      12838         20 0.0000e+00
    363.511   16.56724 -106.97042    366.000    10.2755    10.2758    10.2321    34.6694    34.6765  1028.2951    26.6464 6.8429e-02      0.199  273.64231     0.0690    98.2893 1.0000e-12      12859         23 0.0000e+00
    364.504   16.56724 -106.97042    367.000    10.2674    10.2677    10.2239    34.6688    34.6758  1028.3006    26.6473 6.9054e-02      0.168  273.69087     0.0691    98.2871 1.0000e-12      12884         27 0.0000e+00
    365.496   16.56724 -106.97042    368.000    10.2611    10.2613    10.2175    34.6682    34.6752  1028.3057    26.6479 7.0613e-02      0.193  273.72912     0.0686    98.2997 1.0000e-12      12912         29 0.0000e+00
    366.488   16.56724 -106.97042    369.000    10.2520    10.2522    10.2083    34.6675    34.6745  1028.3113    26.6489 6.7724e-02      0.141  273.78392     0.0687    98.2973 1.0000e-12      12941         28 0.0000e+00
    367.480   16.56724 -106.97042    370.000    10.2453    10.2455    10.2015    34.6672    34.6741  1028.3168    26.6499 6.9578e-02      0.167  273.82393     0.0687    98.2965 1.0000e-12      12967         25 0.0000e+00
    368.473   16.56724 -106.97042    371.000    10.2383    10.2385    10.1944    34.6666    34.6737  1028.3221    26.6507 6.8601e-02      0.154  273.86591     0.0683    98.3072 1.0000e-12      12990         22 0.0000e+00
    369.465   16.56724 -106.97042    372.000    10.2278    10.2280    10.1838    34.6659    34.6727  1028.3279    26.6520 7.0045e-02      0.162  273.92917     0.0689    98.2922 1.0000e-12      13014         25 0.0000e+00
    370.457   16.56724 -106.97042    373.000    10.1987    10.1989    10.1547    34.6647    34.6716  1028.3367    26.6560 7.0717e-02      0.163  274.10244     0.0691    98.2881 1.0000e-12      13040         29 0.0000e+00
    371.450   16.56724 -106.97042    374.000    10.1829    10.1831    10.1388    34.6641    34.6710  1028.3435    26.6583 6.9093e-02      0.197  274.19679     0.0690    98.2890 1.0000e-12      13069         28 0.0000e+00
    372.442   16.56724 -106.97042    375.000    10.1780    10.1782    10.1337    34.6633    34.6703  1028.3483    26.6585 7.1256e-02      0.172  274.22715     0.0683    98.3052 1.0000e-12      13097         25 0.0000e+00
    373.434   16.56724 -106.97042    376.000    10.1537    10.1539    10.1094    34.6622    34.6691  1028.3563    26.6618 7.1344e-02      0.146  274.37206     0.0683    98.3070 1.0000e-12      13119         21 0.0000e+00
    374.427   16.56724 -106.97042    377.000    10.1296    10.1296    10.0853    34.6612    34.6679  1028.3643    26.6652 6.8646e-02      0.172  274.51615     0.0680    98.3132 1.0000e-12      13139         19 0.0000e+00
    375.419   16.56724 -106.97042    378.000    10.1096    10.1098    10.0653    34.6607    34.6674  1028.3720    26.6682 7.2363e-02      0.162  274.63496     0.0680    98.3132 1.0000e-12      13157         17 0.0000e+00
    376.411   16.56724 -106.97042    379.000    10.0954    10.0960    10.0509    34.6596    34.6665  1028.3782    26.6698 7.0010e-02      0.174  274.72114     0.0679    98.3146 1.0000e-12      13175         19 0.0000e+00
    377.403   16.56724 -106.97042    380.000    10.0801    10.0800    10.0356    34.6589    34.6658  1028.3849    26.6719 7.1329e-02      0.175  274.81242     0.0680    98.3132 1.0000e-12      13194         19 0.0000e+00
    378.396   16.56724 -106.97042    381.000    10.0717    10.0717    10.0271    34.6585    34.6653  1028.3905    26.6730 7.0666e-02      0.186  274.86329     0.0684    98.3034 1.0000e-12      13216         24 0.0000e+00
    379.388   16.56723 -106.97042    382.000    10.0673    10.0676    10.0226    34.6578    34.6647  1028.3953    26.6733 7.0263e-02      0.169  274.89023     0.0683    98.3055 1.0000e-12      13244         27 0.0000e+00
    380.380   16.56722 -106.97042    383.000    10.0626    10.0629    10.0178    34.6573    34.6642  1028.4002    26.6736 6.9937e-02      0.158  274.91927     0.0687    98.2968 1.0000e-12      13275         32 0.0000e+00
    381.372   16.56724 -106.97042    384.000    10.0538    10.0543    10.0089    34.6567    34.6638  1028.4058    26.6747 7.1376e-02      0.178  274.97235     0.0681    98.3097 1.0000e-12      13305         29 0.0000e+00
    382.365   16.56724 -106.97042    385.000    10.0401    10.0412     9.9950    34.6559    34.6628  1028.4121    26.6764 7.0675e-02      0.174  275.05542     0.0688    98.2937 1.0000e-12      13333         27 0.0000e+00
    383.357   16.56724 -106.97042    386.000    10.0323    10.0313     9.9872    34.6556    34.6625  1028.4178    26.6775 6.8141e-02      0.152  275.10165     0.0689    98.2929 1.0000e-12      13360         27 0.0000e+00
    384.349   16.56724 -106.97042    387.000    10.0245    10.0225     9.9793    34.6550    34.6618  1028.4232    26.6784 7.1150e-02      0.177  275.14912     0.0681    98.3118 1.0000e-12      13386         25 0.0000e+00
    385.341   16.56724 -106.97042    388.000    10.0097    10.0102     9.9644    34.6544    34.6613  1028.4298    26.6804 7.0926e-02      0.161  275.23797     0.0680    98.3132 1.0000e-12      13410         25 0.0000e+00
    386.333   16.56724 -106.97042    389.000     9.9906     9.9917     9.9453    34.6533    34.6602  1028.4369    26.6828 7.1161e-02      0.160  275.35317     0.0676    98.3241 1.0000e-12      13433         21 0.0000e+00
    387.326   16.56724 -106.97042    390.000     9.9733     9.9745     9.9279    34.6525    34.6596  1028.4438    26.6852 6.8848e-02      0.165  275.45737     0.0679    98.3165 1.0000e-12      13456         22 0.0000e+00
    388.318   16.56724 -106.97042    391.000     9.9641     9.9642     9.9186    34.6521    34.6590  1028.4496    26.6864 7.1184e-02      0.165  275.51281     0.0677    98.3205 1.0000e-12      13478         22 0.0000e+00
    389.310   16.56724 -106.97042    392.000     9.9589     9.9592     9.9133    34.6517    34.6585  1028.4547    26.6870 7.0812e-02      0.166  275.54465     0.0684    98.3042 1.0000e-12      13499         21 0.0000e+00
    390.302   16.56724 -106.97042    393.000     9.9447     9.9448     9.8990    34.6504    34.6572  1028.4608    26.6884 7.0818e-02      0.166  275.63107     0.0689    98.2910 1.0000e-12      13519         18 0.0000e+00
    391.294   16.56724 -106.97042    394.000     9.8972     9.8956     9.8515    34.6488    34.6553  1028.4724    26.6952 7.1334e-02      0.116  275.91686     0.0681    98.3105 1.0000e-12      13538         19 0.0000e+00
    392.287   16.56723 -106.97042    395.000     9.8450     9.8434     9.7993    34.6466    34.6533  1028.4844    26.7023 7.1609e-02      0.186  276.23257     0.0680    98.3132 1.0000e-12      13557         20 0.0000e+00
    393.279   16.56722 -106.97042    396.000     9.8204     9.8204     9.7747    34.6460    34.6528  1028.4928    26.7060 7.0122e-02      0.220  276.38039     0.0681    98.3109 1.0000e-12      13578         22 0.0000e+00
    394.271   16.56723 -106.97042    397.000     9.8090     9.8090     9.7632    34.6444    34.6512  1028.4981    26.7067 7.1813e-02      0.144  276.45182     0.0682    98.3076 1.0000e-12      13603         28 0.0000e+00
    395.263   16.56724 -106.97042    398.000     9.7892     9.7891     9.7433    34.6434    34.6502  1028.5053    26.7092 7.1121e-02      0.185  276.57211     0.0703    98.2582 1.0000e-12      13635         34 0.0000e+00
    396.255   16.56724 -106.97042    399.000     9.7761     9.7763     9.7301    34.6425    34.6492  1028.5113    26.7107 7.1671e-02      0.202  276.65237     0.0680    98.3130 1.0000e-12      13667         30 0.0000e+00
    397.248   16.56724 -106.97042    400.000     9.7676     9.7679     9.7216    34.6419    34.6487  1028.5169    26.7117 7.0653e-02      0.149  276.70408     0.0672    98.3352 1.0000e-12      13697         27 0.0000e+00
    398.240   16.56724 -106.97042    401.000     9.7637     9.7634     9.7175    34.6413    34.6481  1028.5216    26.7119 7.0778e-02      0.159  276.72878     0.0675    98.3250 1.0000e-12      13725         28 0.0000e+00
    399.232   16.56724 -106.97042    402.000     9.7524     9.7518     9.7062    34.6407    34.6474  1028.5276    26.7133 7.0343e-02      0.164  276.79745     0.0679    98.3156 1.0000e-12      13753         29 0.0000e+00
    400.224   16.56724 -106.97042    403.000     9.7485     9.7476     9.7022    34.6402    34.6471  1028.5324    26.7136 7.0157e-02      0.214  276.82164     0.0679    98.3162 1.0000e-12      13780         26 0.0000e+00
    401.216   16.56724 -106.97042    404.000     9.7444     9.7447     9.6980    34.6400    34.6468  1028.5374    26.7141 6.9941e-02      0.172  276.84684     0.0677    98.3221 1.0000e-12      13804         21 0.0000e+00
    402.208   16.56724 -106.97042    405.000     9.7360     9.7354     9.6895    34.6393    34.6462  1028.5428    26.7149 6.9580e-02      0.186  276.89823     0.0679    98.3157 1.0000e-12      13824         19 0.0000e+00
    403.201   16.56724 -106.97042    406.000     9.7245     9.7244     9.6779    34.6388    34.6455  1028.5490    26.7165 7.0201e-02      0.171  276.96825     0.0672    98.3348 1.0000e-12      13842         18 0.0000e+00
    404.193   16.56724 -106.97042    407.000     9.6986     9.6988     9.6520    34.6380    34.6447  1028.5574    26.7202 7.2424e-02      0.149  277.12507     0.0671    98.3365 1.0000e-12      13860         18 0.0000e+00
    405.185   16.56724 -106.97042    408.000     9.6774     9.6770     9.6307    34.6372    34.6439  1028.5650    26.7232 7.0192e-02      0.153  277.25418     0.0675    98.3262 1.0000e-12      13879         18 0.0000e+00
    406.177   16.56724 -106.97042    409.000     9.6667     9.6667     9.6199    34.6369    34.6438  1028.5711    26.7247 6.8111e-02      0.168  277.31876     0.0671    98.3370 1.0000e-12      13898         22 0.0000e+00
    407.169   16.56724 -106.97042    410.000     9.6642     9.6643     9.6173    34.6365    34.6432  1028.5757    26.7248 7.0926e-02      0.181  277.33490     0.0670    98.3394 1.0000e-12      13921         24 0.0000e+00
    408.161   16.56724 -106.97042    411.000     9.6599     9.6600     9.6129    34.6357    34.6426  1028.5804    26.7249 6.9712e-02      0.170  277.36216     0.0670    98.3384 1.0000e-12      13947         26 0.0000e+00
    409.153   16.56724 -106.97042    412.000     9.6490     9.6489     9.6019    34.6350    34.6418  1028.5863    26.7262 7.0295e-02      0.160  277.42907     0.0677    98.3203 1.0000e-12      13974         27 0.0000e+00
    410.145   16.56724 -106.97042    413.000     9.6330     9.6337     9.5859    34.6343    34.6413  1028.5930    26.7283 7.0878e-02      0.182  277.52641     0.0673    98.3316 1.0000e-12      14000         26 0.0000e+00
    411.137   16.56724 -106.97042    414.000     9.6275     9.6279     9.5803    34.6338    34.6406  1028.5981    26.7288 7.1965e-02      0.192  277.56050     0.0675    98.3272 1.0000e-12      14027         28 0.0000e+00
    412.129   16.56724 -106.97042    415.000     9.6210     9.6211     9.5737    34.6333    34.6401  1028.6033    26.7295 7.0605e-02      0.163  277.60093     0.0676    98.3230 1.0000e-12      14057         32 0.0000e+00
    413.121   16.56724 -106.97042    416.000     9.6137     9.6140     9.5663    34.6327    34.6397  1028.6086    26.7303 7.1866e-02      0.167  277.64573     0.0673    98.3328 1.0000e-12      14090         31 0.0000e+00
    414.114   16.56724 -106.97042    417.000     9.6093     9.6096     9.5618    34.6323    34.6393  1028.6136    26.7307 7.0221e-02      0.182  277.67300     0.0670    98.3386 1.0000e-12      14119         28 0.0000e+00
    415.106   16.56724 -106.97042    418.000     9.5760     9.5757     9.5285    34.6303    34.6368  1028.6223    26.7346 7.0863e-02      0.192  277.87776     0.0670    98.3394 1.0000e-12      14144         23 0.0000e+00
    416.098   16.56724 -106.97042    419.000     9.5336     9.5338     9.4861    34.6298    34.6366  1028.6338    26.7413 7.2537e-02      0.156  278.13464     0.0671    98.3359 1.0000e-12      14166         22 0.0000e+00
    417.090   16.56724 -106.97042    420.000     9.5264     9.5266     9.4788    34.6292    34.6360  1028.6390    26.7420 7.2682e-02      0.209  278.17926     0.0674    98.3283 1.0000e-12      14187         19 0.0000e+00
    418.082   16.56724 -106.97042    421.000     9.5207     9.5208     9.4730    34.6284    34.6353  1028.6439    26.7423 7.0216e-02      0.215  278.21571     0.0670    98.3384 1.0000e-12      14209         22 0.0000e+00
    419.074   16.56724 -106.97042    422.000     9.5084     9.5084     9.4607    34.6274    34.6343  1028.6498    26.7436 7.2492e-02      0.140  278.29157     0.0674    98.3284 1.0000e-12      14231         22 0.0000e+00
    420.066   16.56724 -106.97042    423.000     9.4682     9.4674     9.4204    34.6256    34.6321  1028.6598    26.7488 7.2764e-02      0.172  278.53869     0.0679    98.3166 1.0000e-12      14253         22 0.0000e+00
    421.058   16.56724 -106.97042    424.000     9.4316     9.4313     9.3838    34.6244    34.6311  1028.6698    26.7539 7.3061e-02      0.184  278.76278     0.0681    98.3117 1.0000e-12      14273         18 0.0000e+00
    422.050   16.56724 -106.97042    425.000     9.3683     9.3679     9.3206    34.6223    34.6289  1028.6836    26.7627 7.1878e-02      0.155  279.15167     0.0674    98.3288 1.0000e-12      14292         19 0.0000e+00
    423.042   16.56724 -106.97042    426.000     9.3425     9.3431     9.2948    34.6218    34.6287  1028.6921    26.7665 7.0886e-02      0.159  279.30929     0.0669    98.3419 1.0000e-12      14310         20 0.0000e+00
    424.034   16.56724 -106.97042    427.000     9.3327     9.3328     9.2849    34.6208    34.6276  1028.6976    26.7674 7.1256e-02      0.170  279.37105     0.0666    98.3488 1.0000e-12      14331         22 0.0000e+00
    425.026   16.56724 -106.97042    428.000     9.3220     9.3221     9.2741    34.6197    34.6266  1028.7030    26.7682 7.2811e-02      0.227  279.43839     0.0665    98.3505 1.0000e-12      14357         28 0.0000e+00
    426.018   16.56724 -106.97042    429.000     9.3088     9.3083     9.2608    34.6190    34.6258  1028.7092    26.7698 7.1668e-02      0.153  279.52041     0.0670    98.3403 1.0000e-12      14387         32 0.0000e+00
    427.010   16.56723 -106.97042    430.000     9.3004     9.3008     9.2524    34.6183    34.6251  1028.7146    26.7706 7.1331e-02      0.172  279.57299     0.0670    98.3401 1.0000e-12      14422         36 0.0000e+00
    428.002   16.56724 -106.97042    431.000     9.2957     9.2958     9.2475    34.6176    34.6245  1028.7194    26.7709 7.2240e-02      0.172  279.60312     0.0670    98.3394 1.0000e-12      14458         31 0.0000e+00
    428.994   16.56724 -106.97042    432.000     9.2907     9.2908     9.2425    34.6171    34.6241  1028.7243    26.7713 7.0819e-02      0.165  279.63452     0.0670    98.3404 1.0000e-12      14486         26 0.0000e+00
    429.986   16.56724 -106.97042    433.000     9.2818     9.2824     9.2335    34.6169    34.6238  1028.7302    26.7726 7.1069e-02      0.171  279.68901     0.0665    98.3515 1.0000e-12      14509         20 0.0000e+00
    430.978   16.56724 -106.97042    434.000     9.2777     9.2787     9.2293    34.6165    34.6234  1028.7351    26.7730 7.0871e-02      0.171  279.71480     0.0670    98.3389 1.0000e-12      14529         20 0.0000e+00
    431.970   16.56724 -106.97042    435.000     9.2643     9.2655     9.2158    34.6156    34.6223  1028.7412    26.7744 7.2919e-02      0.171  279.79878     0.0670    98.3394 1.0000e-12      14549         21 0.0000e+00
