data/ctd-cnv/SKQ1617/SKQ1617-St16-P2/skq201617s-038avg.cnv
* Sea-Bird SBE 9 Data File:
* FileName = D:\CTD\SKQ201617S\SKQ201617S-038.hex
* Software Version Seasave V 7.22.5
* Temperature SN = 5773
* Conductivity SN = 2251
* Number of Bytes Per Scan = 37
* Number of Voltage Words = 4
* Number of Scans Averaged by the Deck Unit = 1
* NMEA Latitude = 16 36.89 N
* NMEA Longitude = 107 01.48 W
* NMEA UTC (Time) = Jan 11 2017  04:03:05
* NMEA baud rate = 4800
** Ship: R/V Sikuliaq
** Station Number: 38
** Station Name: Station 16/P2
** Depth: 3900
** Operator: Rachel L/ Jacob
# nquan = 20
# nvalues = 500                         
# units = specified
# name 0 = depSMignore: Depth [salt water, m]
# name 1 = latitude: Latitude [deg]
# name 2 = longitude: Longitude [deg]
# name 3 = prDM: Pressure, Digiquartz [db]
# name 4 = t090C: Temperature [ITS-90, deg C]
# name 5 = t190C: Temperature, 2 [ITS-90, deg C]
# name 6 = potemp090C: Potential Temperature [ITS-90, deg C]
# name 7 = sal00: Salinity, Practical [PSU]
# name 8 = sal11: Salinity, Practical, 2 [PSU]
# name 9 = density00: Density [density, kg/m^3]
# name 10 = sigma-t00: Density [sigma-t, kg/m^3 ]
# name 11 = flSP: Fluorescence, Seapoint
# name 12 = sbox0Mm/Kg: Oxygen, SBE 43 [umol/kg]
# name 13 = oxsolMm/Kg: Oxygen Saturation, Garcia & Gordon [umol/kg]
# name 14 = CStarAt0: Beam Attenuation, WET Labs C-Star [1/m]
# name 15 = CStarTr0: Beam Transmission, WET Labs C-Star [%]
# name 16 = par: PAR/Irradiance, Biospherical/Licor
# name 17 = scan: Scan Count
# name 18 = nbin: number of scans per bin
# name 19 = flag: flag
# span 0 =      3.976,    499.414       
# span 1 =   16.61470,   16.61482       
# span 2 = -107.02462, -107.02442       
# span 3 =      4.000,    503.000       
# span 4 =     8.5264,    28.8505       
# span 5 =     8.5267,    28.8513       
# span 6 =     8.4728,    28.8475       
# span 7 =    33.5756,    34.8092       
# span 8 =    33.5803,    34.8168       
# span 9 =  1021.0852,  1029.1488       
# span 10 =    21.0667,    26.8696      
# span 11 = 6.6233e-02, 2.1372e+00      
# span 12 =      0.025,    191.344      
# span 13 =  195.92276,  284.43333      
# span 14 =     0.0659,     0.2530      
# span 15 =    93.8701,    98.3653      
# span 16 = -2.199e-07, 4.4506e-01      
# span 17 =        238,      18452      
# span 18 =         13,       2568      
# span 19 = 0.0000e+00, 0.0000e+00      
# interval = decibars: 1                
# start_time = Jan 11 2017 04:03:05 [NMEA time, header]
# bad_flag = -9.990e-29
*END*
      3.976   16.61472 -107.02462      4.000    28.8436    28.8435    28.8427    33.6038    33.6137  1021.0852    21.0681 3.2794e-01    190.543  195.94598     0.1846    95.4892 4.4506e-01        238        269 0.0000e+00
      4.970   16.61470 -107.02460      5.000    28.8439    28.8438    28.8428    33.6039    33.6139  1021.0895    21.0681 3.2930e-01    190.502  195.94482     0.1833    95.5227 3.1979e-01        619         64 0.0000e+00
      5.964   16.61470 -107.02460      6.000    28.8442    28.8441    28.8428    33.6041    33.6140  1021.0938    21.0681 3.1689e-01    190.357  195.94378     0.1824    95.5420 2.5624e-01        632         40 0.0000e+00
      6.958   16.61470 -107.02460      7.000    28.8450    28.8449    28.8433    33.6041    33.6141  1021.0978    21.0678 3.1576e-01    190.705  195.94130     0.1843    95.4970 2.1806e-01        671         42 0.0000e+00
      7.952   16.61470 -107.02460      8.000    28.8460    28.8457    28.8441    33.6041    33.6140  1021.1018    21.0675 3.5927e-01    190.864  195.93816     0.1825    95.5406 1.7706e-01        737        104 0.0000e+00
      8.947   16.61470 -107.02460      9.000    28.8466    28.8469    28.8444    33.6041    33.6140  1021.1059    21.0673 3.3618e-01    190.476  195.93651     0.1835    95.5163 1.1815e-01        859         67 0.0000e+00
      9.941   16.61470 -107.02460     10.000    28.8477    28.8474    28.8453    33.6042    33.6141  1021.1099    21.0670 3.1490e-01    191.344  195.93279     0.1836    95.5140 1.4364e-01        887         29 0.0000e+00
     10.934   16.61470 -107.02459     11.000    28.8476    28.8477    28.8450    33.6043    33.6143  1021.1143    21.0672 3.2533e-01    190.734  195.93292     0.1833    95.5205 1.1078e-01        944        119 0.0000e+00
     11.929   16.61470 -107.02458     12.000    28.8504    28.8504    28.8475    33.6049    33.6147  1021.1181    21.0667 3.0507e-01    190.971  195.92348     0.1835    95.5168 8.6007e-02       1044         39 0.0000e+00
     12.923   16.61470 -107.02458     13.000    28.8504    28.8513    28.8472    33.6051    33.6149  1021.1225    21.0668 3.0139e-01    190.315  195.92327     0.1847    95.4874 7.7016e-02       1073         29 0.0000e+00
     13.917   16.61470 -107.02458     14.000    28.8505    28.8503    28.8471    33.6051    33.6151  1021.1268    21.0668 3.4249e-01    190.737  195.92276     0.1828    95.5331 7.4197e-02       1120         76 0.0000e+00
     14.911   16.61470 -107.02458     15.000    28.8496    28.8494    28.8460    33.6049    33.6148  1021.1312    21.0670 3.3924e-01    190.614  195.92585     0.1874    95.4242 5.8703e-02       1216         80 0.0000e+00
     15.905   16.61470 -107.02458     16.000    28.8470    28.8461    28.8432    33.6042    33.6139  1021.1359    21.0673 3.3314e-01    191.189  195.93471     0.1830    95.5282 5.4610e-02       1274         58 0.0000e+00
     16.899   16.61470 -107.02458     17.000    28.8362    28.8293    28.8321    33.6015    33.6098  1021.1417    21.0688 4.0741e-01    190.980  195.97187     0.1863    95.4491 4.7494e-02       1454        296 0.0000e+00
     17.893   16.61470 -107.02458     18.000    28.8169    28.8168    28.8126    33.5975    33.6072  1021.1494    21.0722 3.7143e-01    190.699  196.03689     0.1862    95.4501 4.2334e-02       1635         64 0.0000e+00
     18.887   16.61470 -107.02456     19.000    28.8204    28.8200    28.8159    33.5998    33.6095  1021.1542    21.0728 4.2732e-01    191.062  196.02311     0.1862    95.4522 3.7590e-02       1703         77 0.0000e+00
     19.880   16.61470 -107.02458     20.000    28.8209    28.8207    28.8161    33.6005    33.6101  1021.1588    21.0731 4.1179e-01    190.963  196.02090     0.1865    95.4440 3.2789e-02       1774         48 0.0000e+00
     20.875   16.61470 -107.02457     21.000    28.8210    28.8206    28.8159    33.6011    33.6106  1021.1636    21.0735 3.9705e-01    190.600  196.01982     0.1867    95.4396 3.2998e-02       1807         29 0.0000e+00
     21.869   16.61470 -107.02456     22.000    28.8245    28.8230    28.8192    33.6028    33.6118  1021.1680    21.0737 4.2245e-01    190.834  196.00676     0.1878    95.4126 2.8623e-02       1837         35 0.0000e+00
     22.862   16.61470 -107.02456     23.000    28.8217    28.8215    28.8162    33.6012    33.6111  1021.1719    21.0734 4.7551e-01    190.712  196.01738     0.1872    95.4277 2.5643e-02       1915        104 0.0000e+00
     23.856   16.61470 -107.02456     24.000    28.8187    28.8182    28.8129    33.6015    33.6112  1021.1775    21.0746 4.4816e-01    191.327  196.02642     0.1891    95.3817 2.3726e-02       1978         30 0.0000e+00
     24.850   16.61470 -107.02456     25.000    28.8209    28.8206    28.8149    33.6030    33.6126  1021.1822    21.0750 4.5931e-01    191.198  196.01746     0.1907    95.3426 2.2812e-02       2004         25 0.0000e+00
     25.844   16.61470 -107.02456     26.000    28.8183    28.8180    28.8120    33.6022    33.6119  1021.1868    21.0753 4.9535e-01    190.312  196.02678     0.1894    95.3753 2.1590e-02       2032         34 0.0000e+00
     26.838   16.61470 -107.02456     27.000    28.8168    28.8161    28.8103    33.6016    33.6114  1021.1911    21.0754 5.9382e-01    190.487  196.03207     0.1901    95.3574 1.9951e-02       2093         93 0.0000e+00
     27.832   16.61470 -107.02456     28.000    28.8155    28.8149    28.8088    33.6014    33.6110  1021.1957    21.0757 5.2550e-01    191.137  196.03645     0.1895    95.3710 1.6965e-02       2176         52 0.0000e+00
     28.826   16.61470 -107.02456     29.000    28.7996    28.8010    28.7927    33.5981    33.6081  1021.2026    21.0783 5.2557e-01    190.885  196.09001     0.1907    95.3441 1.7130e-02       2215         35 0.0000e+00
     29.820   16.61470 -107.02455     30.000    28.7805    28.7813    28.7733    33.5957    33.6056  1021.2115    21.0829 5.7659e-01    190.679  196.15272     0.1926    95.2993 1.5889e-02       2249         35 0.0000e+00
     30.814   16.61470 -107.02454     31.000    28.7708    28.7704    28.7634    33.5946    33.6043  1021.2182    21.0853 6.2359e-01    190.832  196.18431     0.1937    95.2718 1.5845e-02       2288         42 0.0000e+00
     31.808   16.61470 -107.02454     32.000    28.7612    28.7630    28.7535    33.5933    33.6033  1021.2247    21.0875 6.4889e-01    191.014  196.21598     0.1906    95.3451 1.4601e-02       2335         48 0.0000e+00
     32.802   16.61470 -107.02454     33.000    28.7466    28.7453    28.7387    33.5915    33.6012  1021.2324    21.0910 6.8758e-01    190.088  196.26400     0.1885    95.3954 1.3752e-02       2401         72 0.0000e+00
     33.796   16.61470 -107.02454     34.000    28.7298    28.7294    28.7217    33.5905    33.6001  1021.2415    21.0958 5.9107e-01    191.078  196.31763     0.1882    95.4026 1.2977e-02       2454         35 0.0000e+00
     34.790   16.61470 -107.02454     35.000    28.7219    28.7213    28.7136    33.5886    33.5983  1021.2469    21.0969 5.7715e-01    190.713  196.34463     0.1885    95.3954 1.2827e-02       2485         32 0.0000e+00
     35.784   16.61470 -107.02454     36.000    28.6354    28.6343    28.6268    33.5756    33.5844  1021.2701    21.1158 7.5883e-01    190.163  196.63216     0.1904    95.3500 1.2428e-02       2525         59 0.0000e+00
     36.778   16.61470 -107.02454     37.000    28.6379    28.6036    28.6291    33.5763    33.5803  1021.2741    21.1155 8.3008e-01    190.888  196.62315     0.1946    95.2499 1.1693e-02       2604         70 0.0000e+00
     37.771   16.61470 -107.02454     38.000    28.4216    28.4148    28.4126    33.6142    33.6259  1021.3781    21.2151 1.3236e+00    190.735  197.25734     0.2088    94.9147 1.1184e-02       2653         38 0.0000e+00
     38.765   16.61470 -107.02454     39.000    28.1184    28.1097    28.1092    33.6417    33.6511  1021.5023    21.3350 1.8573e+00    190.302  198.18480     0.2468    94.0160 1.1234e-02       2688         32 0.0000e+00
     39.759   16.61470 -107.02454     40.000    27.7419    27.7394    27.7326    33.6556    33.6664  1021.6395    21.4677 1.9997e+00    190.859  199.37228     0.2530    93.8701 1.1073e-02       2723         41 0.0000e+00
     40.753   16.61470 -107.02454     41.000    27.6964    27.6940    27.6868    33.7312    33.7424  1021.7153    21.5392 1.9563e+00    186.990  199.42326     0.2496    93.9504 1.1133e-02       2767         50 0.0000e+00
     41.747   16.61470 -107.02454     42.000    27.6721    27.6594    27.6623    33.7574    33.7773  1021.7471    21.5668 2.0841e+00    184.862  199.46834     0.2427    94.1138 1.0339e-02       2829         71 0.0000e+00
     42.741   16.61470 -107.02454     43.000    27.6092    27.6051    27.5993    33.8233    33.8373  1021.8213    21.6366 1.8288e+00    183.827  199.58770     0.2413    94.1475 1.0538e-02       2893         49 0.0000e+00
     43.735   16.61470 -107.02454     44.000    27.4007    27.3926    27.3905    33.9093    33.9218  1021.9574    21.7684 1.7650e+00    182.155  200.15396     0.2415    94.1399 1.0113e-02       2932         33 0.0000e+00
     44.729   16.61470 -107.02454     45.000    27.1118    27.1090    27.1015    33.9895    33.9998  1022.1146    21.9212 1.8220e+00    178.410  200.99232     0.2368    94.2502 9.8677e-03       2966         37 0.0000e+00
     45.722   16.61470 -107.02454     46.000    27.2005    27.1773    27.1899    33.9637    33.9773  1022.0710    21.8734 2.1372e+00    173.140  200.73616     0.2363    94.2624 9.7781e-03       3026         81 0.0000e+00
     46.716   16.61470 -107.02454     47.000    26.9088    26.8832    26.8981    34.0274    34.0448  1022.2164    22.0144 1.7989e+00    178.109  201.60940     0.2388    94.2042 9.6312e-03       3092         37 0.0000e+00
     47.710   16.61470 -107.02454     48.000    26.6145    26.6101    26.6036    34.0513    34.0627  1022.3318    22.1253 1.7675e+00    172.111  202.55206     0.2366    94.2571 9.4908e-03       3123         30 0.0000e+00
     48.704   16.61470 -107.02454     49.000    26.1983    26.1928    26.1874    34.1383    34.1529  1022.5324    22.3215 1.7959e+00    165.711  203.82708     0.2356    94.2803 9.0024e-03       3160         46 0.0000e+00
     49.698   16.61470 -107.02454     50.000    25.7266    25.7216    25.7156    34.2433    34.2141  1022.7622    22.5468 1.9087e+00    158.057  205.28766     0.2320    94.3645 8.6094e-03       3220         67 0.0000e+00
     50.692   16.61470 -107.02454     51.000    24.6347    24.6252    24.6238    34.3123    34.3225  1023.1521    22.9318 1.3767e+00    147.374  208.96768     0.2166    94.7296 8.6534e-03       3274         43 0.0000e+00
     51.685   16.61470 -107.02454     52.000    24.2883    24.2790    24.2773    34.3255    34.3371  1023.2700    23.0453 1.2272e+00    121.625  210.17600     0.2036    95.0377 8.6576e-03       3315         42 0.0000e+00
     52.679   16.61470 -107.02453     53.000    23.7412    23.6163    23.7301    34.3563    34.3764  1023.4594    23.2301 1.1427e+00    111.391  212.09779     0.1930    95.2881 8.7401e-03       3370         60 0.0000e+00
     53.673   16.61470 -107.02452     54.000    23.2231    23.2257    23.2120    34.3379    34.3455  1023.6012    23.3673 9.4990e-01    100.905  214.00984     0.1868    95.4370 8.8112e-03       3418         36 0.0000e+00
     54.667   16.61470 -107.02452     55.000    22.7666    22.7593    22.7555    34.3680    34.3791  1023.7596    23.5211 8.7108e-01     91.238  215.66123     0.1836    95.5151 9.2465e-03       3450         32 0.0000e+00
     55.661   16.61470 -107.02452     56.000    22.7089    22.7690    22.6977    34.3881    34.3867  1023.7952    23.5523 1.0362e+00     79.263  215.85493     0.1768    95.6771 9.0606e-03       3507         91 0.0000e+00
     56.655   16.61470 -107.02452     57.000    22.2762    22.2642    22.2649    34.3834    34.3902  1023.9191    23.6716 7.3231e-01     87.274  217.48783     0.1710    95.8157 9.4549e-03       3592         54 0.0000e+00
     57.648   16.61470 -107.02452     58.000    21.6998    21.6985    21.6885    34.4083    34.4163  1024.1040    23.8517 6.5730e-01     71.377  219.65426     0.1665    95.9230 9.4279e-03       3628         29 0.0000e+00
     58.642   16.61470 -107.02452     59.000    21.2586    21.2541    21.2473    34.4451    34.4539  1024.2579    24.0011 5.9919e-01     60.912  221.31875     0.1662    95.9299 9.8044e-03       3654         25 0.0000e+00
     59.636   16.61470 -107.02452     60.000    20.8798    20.8755    20.8684    34.4945    34.5039  1024.4031    24.1416 5.7370e-01     54.293  222.74046     0.1611    96.0519 9.5385e-03       3681         33 0.0000e+00
     60.630   16.61470 -107.02452     61.000    20.9403    20.7904    20.9287    34.4868    34.5108  1024.3851    24.1194 7.4763e-01     45.100  222.51249     0.1581    96.1247 9.6872e-03       3739         78 0.0000e+00
     61.624   16.61470 -107.02452     62.000    20.3124    20.2899    20.3009    34.5339    34.5409  1024.5942    24.3236 5.4717e-01     48.114  224.95531     0.1547    96.2056 9.7762e-03       3803         46 0.0000e+00
     62.617   16.61470 -107.02452     63.000    20.1133    20.1119    20.1016    34.5470    34.5531  1024.6615    24.3864 5.9745e-01     35.715  225.74334     0.1518    96.2751 9.8184e-03       3855         60 0.0000e+00
     63.611   16.61470 -107.02452     64.000    20.0207    20.0172    20.0090    34.5504    34.5576  1024.6928    24.4133 4.9604e-01     32.661  226.11587     0.1505    96.3083 9.8677e-03       3912         44 0.0000e+00
     64.605   16.61470 -107.02452     65.000    19.7544    19.7546    19.7426    34.5692    34.5767  1024.7816    24.4974 4.4134e-01     32.143  227.18048     0.1497    96.3259 9.9433e-03       3948         35 0.0000e+00
     65.599   16.61470 -107.02450     66.000    19.6511    19.6471    19.6391    34.5767    34.5848  1024.8186    24.5301 4.8825e-01     27.547  227.59537     0.1465    96.4034 9.8696e-03       3990         52 0.0000e+00
     66.592   16.61470 -107.02450     67.000    19.4717    19.4656    19.4596    34.5863    34.5948  1024.8770    24.5839 4.9109e-01     24.121  228.32514     0.1423    96.5050 9.9699e-03       4053         58 0.0000e+00
     67.586   16.61470 -107.02450     68.000    19.3040    19.3010    19.2918    34.5854    34.5937  1024.9241    24.6265 3.9330e-01     22.262  229.02731     0.1394    96.5745 1.0037e-02       4095         33 0.0000e+00
     68.580   16.61470 -107.02450     69.000    19.0315    19.0342    19.0192    34.6014    34.6092  1025.0107    24.7085 3.8867e-01     21.014  230.14856     0.1388    96.5885 1.0006e-02       4125         30 0.0000e+00
     69.574   16.61470 -107.02450     70.000    18.7756    18.7828    18.7633    34.6159    34.6211  1025.0913    24.7845 4.2276e-01     16.715  231.21220     0.1384    96.5992 1.0202e-02       4163         49 0.0000e+00
     70.567   16.61470 -107.02450     71.000    18.7131    18.6848    18.7007    34.6224    34.6298  1025.1165    24.8052 5.3220e-01     10.498  231.46862     0.1379    96.6113 1.0113e-02       4235         99 0.0000e+00
     71.561   16.61470 -107.02450     72.000    18.6272    18.6305    18.6146    34.6125    34.6230  1025.1350    24.8193 3.7758e-01     11.076  231.85163     0.1434    96.4789 1.0074e-02       4316         40 0.0000e+00
     72.555   16.61470 -107.02450     73.000    18.5549    18.5538    18.5422    34.6172    34.6247  1025.1612    24.8411 3.5864e-01     11.228  232.15434     0.1406    96.5446 1.0322e-02       4344         25 0.0000e+00
     73.548   16.61470 -107.02450     74.000    18.5061    18.5058    18.4932    34.6175    34.6250  1025.1781    24.8535 3.6030e-01      9.431  232.36364     0.1403    96.5541 1.0488e-02       4368         25 0.0000e+00
     74.542   16.61472 -107.02450     75.000    18.4429    18.4426    18.4298    34.6181    34.6264  1025.1988    24.8698 3.8513e-01      8.704  232.63532     0.1387    96.5920 1.0368e-02       4397         37 0.0000e+00
