data/ctd-cnv/SKQ1617/SKQ1617-St16-P2/skq201617s-038avg.cnv
* Sea-Bird SBE 9 Data File:
* FileName = D:\CTD\SKQ201617S\SKQ201617S-038.hex
* Software Version Seasave V 7.22.5
* Temperature SN = 5773
* Conductivity SN = 2251
* Number of Bytes Per Scan = 37
* Number of Voltage Words = 4
* Number of Scans Averaged by the Deck Unit = 1
* NMEA Latitude = 16 36.89 N
* NMEA Longitude = 107 01.48 W
* NMEA UTC (Time) = Jan 11 2017  04:03:05
* NMEA baud rate = 4800
** Ship: R/V Sikuliaq
** Station Number: 38
** Station Name: Station 16/P2
** Depth: 3900
** Operator: Rachel L/ Jacob
# nquan = 20
# nvalues = 500                         
# units = specified
# name 0 = depSMignore: Depth [salt water, m]
# name 1 = latitude: Latitude [deg]
# name 2 = longitude: Longitude [deg]
# name 3 = prDM: Pressure, Digiquartz [db]
# name 4 = t090C: Temperature [ITS-90, deg C]
# name 5 = t190C: Temperature, 2 [ITS-90, deg C]
# name 6 = potemp090C: Potential Temperature [ITS-90, deg C]
# name 7 = sal00: Salinity, Practical [PSU]
# name 8 = sal11: Salinity, Practical, 2 [PSU]
# name 9 = density00: Density [density, kg/m^3]
# name 10 = sigma-t00: Density [sigma-t, kg/m^3 ]
# name 11 = flSP: Fluorescence, Seapoint
# name 12 = sbox0Mm/Kg: Oxygen, SBE 43 [umol/kg]
# name 13 = oxsolMm/Kg: Oxygen Saturation, Garcia & Gordon [umol/kg]
# name 14 = CStarAt0: Beam Attenuation, WET Labs C-Star [1/m]
# name 15 = CStarTr0: Beam Transmission, WET Labs C-Star [%]
# name 16 = par: PAR/Irradiance, Biospherical/Licor
# name 17 = scan: Scan Count
# name 18 = nbin: number of scans per bin
# name 19 = flag: flag
# span 0 =      3.976,    499.414       
# span 1 =   16.61470,   16.61482       
# span 2 = -107.02462, -107.02442       
# span 3 =      4.000,    503.000       
# span 4 =     8.5264,    28.8505       
# span 5 =     8.5267,    28.8513       
# span 6 =     8.4728,    28.8475       
# span 7 =    33.5756,    34.8092       
# span 8 =    33.5803,    34.8168       
# span 9 =  1021.0852,  1029.1488       
# span 10 =    21.0667,    26.8696      
# span 11 = 6.6233e-02, 2.1372e+00      
# span 12 =      0.025,    191.344      
# span 13 =  195.92276,  284.43333      
# span 14 =     0.0659,     0.2530      
# span 15 =    93.8701,    98.3653      
# span 16 = -2.199e-07, 4.4506e-01      
# span 17 =        238,      18452      
# span 18 =         13,       2568      
# span 19 = 0.0000e+00, 0.0000e+00      
# interval = decibars: 1                
# start_time = Jan 11 2017 04:03:05 [NMEA time, header]
# bad_flag = -9.990e-29
*END*
[from data line 435]
    435.937   16.61482 -107.02454    439.000     9.3818     9.3819     9.3325    34.6200    34.6275  1028.7424    26.7587 7.2279e-02      0.143  279.07388     0.0674    98.3293 1.0000e-12      14082         23 0.0000e+00
    436.929   16.61482 -107.02456    440.000     9.3604     9.3603     9.3110    34.6193    34.6267  1028.7501    26.7616 7.1934e-02      0.111  279.20564     0.0679    98.3161 1.0000e-12      14105         25 0.0000e+00
    437.921   16.61482 -107.02456    441.000     9.3507     9.3509     9.3013    34.6188    34.6264  1028.7559    26.7628 7.2272e-02      0.172  279.26524     0.0679    98.3152 1.0000e-12      14130         26 0.0000e+00
    438.913   16.61482 -107.02456    442.000     9.3459     9.3462     9.2963    34.6184    34.6258  1028.7609    26.7633 7.3116e-02      0.132  279.29545     0.0675    98.3264 1.0000e-12      14156         24 0.0000e+00
    439.905   16.61482 -107.02454    443.000     9.3367     9.3369     9.2871    34.6176    34.6251  1028.7663    26.7642 7.1895e-02      0.143  279.35290     0.0678    98.3190 1.0000e-12      14179         22 0.0000e+00
    440.897   16.61482 -107.02455    444.000     9.3264     9.3265     9.2767    34.6172    34.6247  1028.7723    26.7655 7.2912e-02      0.197  279.41656     0.0677    98.3216 1.0000e-12      14200         19 0.0000e+00
    441.889   16.61482 -107.02455    445.000     9.3225     9.3226     9.2726    34.6167    34.6243  1028.7771    26.7658 7.2103e-02      0.173  279.44143     0.0672    98.3353 1.0000e-12      14219         19 0.0000e+00
    442.881   16.61482 -107.02454    446.000     9.2930     9.2930     9.2432    34.6149    34.6219  1028.7853    26.7692 7.0543e-02      0.172  279.62462     0.0670    98.3394 1.0000e-12      14238         19 0.0000e+00
    443.873   16.61482 -107.02454    447.000     9.2685     9.2688     9.2186    34.6142    34.6215  1028.7934    26.7726 7.2190e-02      0.136  279.77597     0.0670    98.3394 1.0000e-12      14259         24 0.0000e+00
    444.865   16.61482 -107.02454    448.000     9.2592     9.2593     9.2092    34.6139    34.6213  1028.7993    26.7739 7.3785e-02      0.130  279.83318     0.0670    98.3387 1.0000e-12      14288         36 0.0000e+00
    445.857   16.61482 -107.02454    449.000     9.2523     9.2523     9.2022    34.6134    34.6209  1028.8046    26.7746 7.1574e-02      0.171  279.87638     0.0669    98.3408 1.0000e-12      14332         43 0.0000e+00
    446.849   16.61482 -107.02455    450.000     9.2466     9.2465     9.1964    34.6124    34.6200  1028.8093    26.7748 7.0894e-02      0.140  279.91341     0.0679    98.3163 1.0000e-12      14367         27 0.0000e+00
    447.841   16.61482 -107.02456    451.000     9.2325     9.2328     9.1823    34.6118    34.6192  1028.8157    26.7766 7.1526e-02      0.192  280.00024     0.0676    98.3233 1.0000e-12      14389         21 0.0000e+00
    448.832   16.61482 -107.02456    452.000     9.2072     9.2072     9.1569    34.6127    34.6201  1028.8253    26.7814 7.2098e-02      0.122  280.15380     0.0678    98.3188 1.0000e-12      14409         19 0.0000e+00
    449.824   16.61482 -107.02456    453.000     9.2024     9.2026     9.1520    34.6126    34.6200  1028.8305    26.7821 7.1842e-02      0.098  280.18326     0.0670    98.3389 1.0000e-12      14427         18 0.0000e+00
    450.816   16.61482 -107.02456    454.000     9.1932     9.1932     9.1428    34.6122    34.6195  1028.8363    26.7834 7.1330e-02      0.160  280.24014     0.0671    98.3380 1.0000e-12      14446         19 0.0000e+00
    451.808   16.61482 -107.02454    455.000     9.1698     9.1669     9.1193    34.6119    34.6196  1028.8446    26.7869 7.2531e-02      0.177  280.38448     0.0676    98.3250 1.0000e-12      14467         20 0.0000e+00
    452.800   16.61482 -107.02454    456.000     9.1582     9.1581     9.1076    34.6130    34.6205  1028.8519    26.7897 7.2258e-02      0.147  280.45327     0.0675    98.3275 1.0000e-12      14488         22 0.0000e+00
    453.792   16.61482 -107.02454    457.000     9.1587     9.1592     9.1080    34.6131    34.6206  1028.8564    26.7896 7.2426e-02      0.129  280.44965     0.0670    98.3381 1.0000e-12      14509         22 0.0000e+00
    454.784   16.61482 -107.02454    458.000     9.1600     9.1600     9.1092    34.6129    34.6204  1028.8605    26.7892 7.1999e-02      0.178  280.44221     0.0670    98.3394 1.0000e-12      14533         26 0.0000e+00
    455.776   16.61482 -107.02454    459.000     9.1597     9.1598     9.1087    34.6130    34.6205  1028.8652    26.7894 7.2290e-02      0.099  280.44428     0.0671    98.3371 1.0000e-12      14563         34 0.0000e+00
    456.768   16.61482 -107.02455    460.000     9.1548     9.1543     9.1038    34.6125    34.6199  1028.8701    26.7898 7.1997e-02      0.140  280.47483     0.0672    98.3353 1.0000e-12      14598         32 0.0000e+00
    457.759   16.61482 -107.02456    461.000     9.1355     9.1349     9.0845    34.6117    34.6192  1028.8772    26.7923 7.2659e-02      0.084  280.59513     0.0670    98.3395 1.0000e-12      14626         24 0.0000e+00
    458.751   16.61482 -107.02456    462.000     9.1047     9.1046     9.0536    34.6109    34.6181  1028.8864    26.7966 7.2736e-02      0.182  280.78621     0.0672    98.3332 1.0000e-12      14648         21 0.0000e+00
    459.743   16.61482 -107.02456    463.000     9.0902     9.0904     9.0390    34.6112    34.6186  1028.8936    26.7992 7.0892e-02      0.178  280.87464     0.0670    98.3394 1.0000e-12      14667         17 0.0000e+00
    460.735   16.61482 -107.02456    464.000     9.0726     9.0728     9.0214    34.6108    34.6179  1028.9008    26.8017 7.1340e-02      0.175  280.98351     0.0671    98.3366 1.0000e-12      14685         19 0.0000e+00
    461.727   16.61482 -107.02456    465.000     9.0472     9.0473     8.9960    34.6105    34.6177  1028.9093    26.8055 7.1429e-02      0.145  281.14075     0.0679    98.3157 1.0000e-12      14705         20 0.0000e+00
    462.719   16.61482 -107.02455    466.000     9.0393     9.0397     8.9880    34.6102    34.6176  1028.9149    26.8066 7.1263e-02      0.161  281.19000     0.0674    98.3298 1.0000e-12      14725         22 0.0000e+00
    463.710   16.61482 -107.02454    467.000     9.0222     9.0226     8.9709    34.6090    34.6163  1028.9214    26.8084 7.2771e-02      0.159  281.29747     0.0670    98.3405 1.0000e-12      14748         23 0.0000e+00
    464.702   16.61482 -107.02454    468.000     9.0068     9.0072     8.9554    34.6088    34.6161  1028.9284    26.8107 7.1784e-02      0.139  281.39298     0.0671    98.3375 1.0000e-12      14773         27 0.0000e+00
    465.694   16.61482 -107.02454    469.000     9.0037     9.0040     8.9521    34.6083    34.6157  1028.9330    26.8108 7.4170e-02      0.114  281.41345     0.0673    98.3326 1.0000e-12      14803         34 0.0000e+00
    466.686   16.61482 -107.02454    470.000     8.9958     8.9962     8.9442    34.6076    34.6150  1028.9384    26.8116 7.2633e-02      0.154  281.46338     0.0671    98.3379 1.0000e-12      14839         32 0.0000e+00
    467.678   16.61482 -107.02454    471.000     8.9794     8.9794     8.9277    34.6066    34.6139  1028.9448    26.8134 7.4563e-02      0.159  281.56677     0.0678    98.3194 1.0000e-12      14871         30 0.0000e+00
    468.670   16.61482 -107.02456    472.000     8.9641     8.9644     8.9124    34.6056    34.6128  1028.9511    26.8150 7.4431e-02      0.127  281.66330     0.0670    98.3397 1.0000e-12      14897         25 0.0000e+00
    469.661   16.61482 -107.02456    473.000     8.9221     8.9221     8.8704    34.6037    34.6110  1028.9613    26.8203 7.2131e-02      0.159  281.92713     0.0670    98.3394 1.0000e-12      14921         23 0.0000e+00
    470.653   16.61482 -107.02455    474.000     8.8957     8.8959     8.8440    34.6028    34.6100  1028.9695    26.8238 7.0407e-02      0.162  282.09252     0.0669    98.3418 1.0000e-12      14944         22 0.0000e+00
    471.645   16.61482 -107.02454    475.000     8.8760     8.8762     8.8243    34.6025    34.6098  1028.9771    26.8266 7.3327e-02      0.179  282.21497     0.0677    98.3206 1.0000e-12      14965         20 0.0000e+00
    472.637   16.61482 -107.02454    476.000     8.8682     8.8685     8.8164    34.6023    34.6096  1028.9827    26.8277 7.2285e-02      0.149  282.26420     0.0676    98.3243 1.0000e-12      14984         19 0.0000e+00
    473.629   16.61482 -107.02454    477.000     8.8613     8.8616     8.8094    34.6019    34.6091  1028.9881    26.8285 7.3047e-02      0.168  282.30741     0.0671    98.3364 1.0000e-12      15002         17 0.0000e+00
    474.620   16.61482 -107.02454    478.000     8.8579     8.8581     8.8059    34.6014    34.6090  1028.9928    26.8286 7.3876e-02      0.132  282.32935     0.0670    98.3394 1.0000e-12      15020         18 0.0000e+00
    475.612   16.61482 -107.02454    479.000     8.8552     8.8554     8.8031    34.6011    34.6085  1028.9975    26.8288 7.1115e-02      0.094  282.34718     0.0670    98.3394 1.0000e-12      15038         18 0.0000e+00
    476.604   16.61482 -107.02454    480.000     8.8529     8.8531     8.8007    34.6008    34.6083  1029.0022    26.8290 7.2773e-02      0.128  282.36189     0.0670    98.3394 1.0000e-12      15059         22 0.0000e+00
    477.596   16.61482 -107.02454    481.000     8.8493     8.8480     8.7970    34.6005    34.6078  1029.0070    26.8293 7.4074e-02      0.094  282.38526     0.0664    98.3531 1.0000e-12      15083         26 0.0000e+00
    478.588   16.61482 -107.02454    482.000     8.8316     8.8304     8.7793    34.5995    34.6069  1029.0138    26.8313 7.2562e-02      0.164  282.49678     0.0672    98.3337 1.0000e-12      15111         30 0.0000e+00
    479.579   16.61482 -107.02454    483.000     8.8138     8.8142     8.7614    34.5991    34.6064  1029.0209    26.8338 7.3771e-02      0.115  282.60856     0.0670    98.3393 1.0000e-12      15143         34 0.0000e+00
    480.571   16.61482 -107.02454    484.000     8.7960     8.7970     8.7436    34.5979    34.6054  1029.0275    26.8357 7.0905e-02      0.127  282.72140     0.0675    98.3267 1.0000e-12      15179         37 0.0000e+00
    481.563   16.61482 -107.02454    485.000     8.7735     8.7740     8.7210    34.5968    34.6042  1029.0349    26.8384 7.3935e-02      0.160  282.86426     0.0669    98.3411 1.0000e-12      15215         34 0.0000e+00
    482.555   16.61482 -107.02454    486.000     8.7544     8.7547     8.7019    34.5960    34.6034  1029.0420    26.8408 7.2367e-02      0.168  282.98466     0.0664    98.3531 1.0000e-12      15244         25 0.0000e+00
    483.546   16.61482 -107.02454    487.000     8.7414     8.7417     8.6888    34.5956    34.6028  1029.0483    26.8425 7.2344e-02      0.025  283.06654     0.0669    98.3418 1.0000e-12      15267         20 0.0000e+00
    484.538   16.61482 -107.02454    488.000     8.7265     8.7264     8.6738    34.5950    34.6023  1029.0549    26.8444 7.2448e-02      0.154  283.16105     0.0669    98.3408 1.0000e-12      15286         18 0.0000e+00
    485.530   16.61482 -107.02454    489.000     8.7143     8.7146     8.6616    34.5951    34.6024  1029.0615    26.8463 7.2398e-02      0.228  283.23708     0.0670    98.3394 1.0000e-12      15303         17 0.0000e+00
    486.522   16.61482 -107.02454    490.000     8.6944     8.6950     8.6416    34.5933    34.6001  1029.0679    26.8480 7.1887e-02      0.121  283.36513     0.0670    98.3394 1.0000e-12      15319         16 0.0000e+00
    487.513   16.61482 -107.02454    491.000     8.6476     8.6480     8.5949    34.5932    34.6000  1029.0801    26.8553 7.1910e-02      0.117  283.65813     0.0668    98.3448 1.0000e-12      15337         19 0.0000e+00
    488.505   16.61482 -107.02454    492.000     8.6344     8.6346     8.5816    34.5926    34.5999  1029.0864    26.8570 7.2338e-02      0.150  283.74181     0.0661    98.3597 1.0000e-12      15359         29 0.0000e+00
    489.497   16.61482 -107.02455    493.000     8.6744     8.6589     8.6214    34.5923    34.5998  1029.0840    26.8504 7.3866e-02      0.121  283.49168     0.0666    98.3498 1.0000e-12      15428         88 0.0000e+00
    490.489   16.61480 -107.02456    494.000     8.6216     8.6218     8.5687    34.5913    34.5984  1029.0965    26.8579 7.3256e-02      0.063  283.82478     0.0669    98.3412 1.0000e-12      15477         27 0.0000e+00
    491.480   16.61480 -107.02456    495.000     8.6128     8.6131     8.5598    34.5910    34.5982  1029.1022    26.8590 7.3722e-02      0.188  283.88032     0.0663    98.3559 1.0000e-12      15501         23 0.0000e+00
    492.472   16.61480 -107.02454    496.000     8.5936     8.5941     8.5406    34.5899    34.5973  1029.1091    26.8612 7.2975e-02      0.212  284.00289     0.0665    98.3505 1.0000e-12      15528         32 0.0000e+00
    493.464   16.61482 -107.02454    497.000     8.5812     8.5915     8.5281    34.5880    34.5965  1029.1142    26.8616 7.4987e-02      0.071  284.08465     0.0670    98.3379 1.0000e-12      15887        143 0.0000e+00
    494.455   16.61482 -107.02454    498.000     8.5687     8.5712     8.5155    34.5877    34.5955  1029.1205    26.8633 7.5635e-02      0.116  284.16434     0.0666    98.3491 1.0000e-12      16027         85 0.0000e+00
    495.447   16.61482 -107.02456    499.000     8.5591     8.5597     8.5058    34.5866    34.5941  1029.1258    26.8640 7.6496e-02      0.074  284.22699     0.0670    98.3385 1.0000e-12      16225         82 0.0000e+00
    496.439   16.61482 -107.02456    500.000     8.5412     8.5415     8.4879    34.5872    34.5948  1029.1337    26.8672 7.7302e-02      0.140  284.33833     0.0661    98.3605 1.0000e-12      16249         30 0.0000e+00
    497.430   16.61482 -107.02456    501.000     8.5345     8.5348     8.4811    34.5876    34.5952  1029.1396    26.8685 7.5871e-02      0.046  284.37919     0.0662    98.3590 1.0000e-12      16275         24 0.0000e+00
    498.422   16.61482 -107.02454    502.000     8.5299     8.5302     8.4764    34.5880    34.5957  1029.1453    26.8696 7.7158e-02      0.034  284.40756     0.0659    98.3653 1.0000e-12      16300         27 0.0000e+00
    499.414   16.61482 -107.02455    503.000     8.5264     8.5267     8.4728    34.5861    34.5938  1029.1488    26.8687 8.1159e-02      0.049  284.43333     0.0669    98.3404 1.0000e-12      18452       2568 0.0000e+00
