data/ctd-cnv/SKQ1617/SKQ1617-St16-P2/skq201617s-032avg.cnv
* Sea-Bird SBE 9 Data File:
* FileName = D:\CTD\SKQ201617S\SKQ201617S-032.hex
* Software Version Seasave V 7.22.5
* Temperature SN = 5773
* Conductivity SN = 2251
* Number of Bytes Per Scan = 37
* Number of Voltage Words = 4
* Number of Scans Averaged by the Deck Unit = 1
* NMEA Latitude = 16 30.77 N
* NMEA Longitude = 107 08.32 W
* NMEA UTC (Time) = Jan 08 2017  20:51:22
* NMEA baud rate = 4800
** Ship: R/V Sikuliaq
** Station Number: 32
** Station Name: Station 16/P2
** Depth: 3670
** Operator:
** no pH
# nquan = 23
# nvalues = 1007                        
# units = specified
# name 0 = depSM: Depth [salt water, m]
# name 1 = latitude: Latitude [deg]
# name 2 = longitude: Longitude [deg]
# name 3 = prDM: Pressure, Digiquartz [db]
# name 4 = t090C: Temperature [ITS-90, deg C]
# name 5 = t190C: Temperature, 2 [ITS-90, deg C]
# name 6 = potemp090C: Potential Temperature [ITS-90, deg C]
# name 7 = sal00: Salinity, Practical [PSU]
# name 8 = sal11: Salinity, Practical, 2 [PSU]
# name 9 = density00: Density [density, kg/m^3]
# name 10 = sigma-t00: Density [sigma-t, kg/m^3 ]
# name 11 = flSP: Fluorescence, Seapoint
# name 12 = sbox0Mm/Kg: Oxygen, SBE 43 [umol/kg]
# name 13 = oxsolMm/Kg: Oxygen Saturation, Garcia & Gordon [umol/kg]
# name 14 = CStarAt0: Beam Attenuation, WET Labs C-Star [1/m]
# name 15 = CStarTr0: Beam Transmission, WET Labs C-Star [%]
# name 16 = v2: Voltage 2
# name 17 = v3: Voltage 3
# name 18 = ph: pH
# name 19 = par: PAR/Irradiance, Biospherical/Licor
# name 20 = scan: Scan Count
# name 21 = nbin: number of scans per bin
# name 22 = flag: flag
# span 0 =      2.982,   1000.598       
# span 1 =   16.51282,   16.51282       
# span 2 = -107.13868, -107.13866       
# span 3 =      3.000,   1009.000       
# span 4 =     4.5301,    28.7481       
# span 5 =     4.5304,    28.7434       
# span 6 =     4.4496,    28.7474       
# span 7 =    33.5574,    34.8104       
# span 8 =    33.5676,    34.8185       
# span 9 =  1021.0932,  1032.0021       
# span 10 =    21.0803,    27.3649      
# span 11 = 6.4977e-02, 1.9525e+00      
# span 12 =     -0.066,    197.649      
# span 13 =  196.27627,  311.89657      
# span 14 =     0.0564,     0.2393      
# span 15 =    94.1971,    98.5995      
# span 16 =     0.0290,     0.0352      
# span 17 =     0.0304,     0.0446      
# span 18 =     -3.053,     -2.247      
# span 19 = -2.501e-07, 2.2521e+03      
# span 20 =       -109,      28813      
# span 21 =         18,        319      
# span 22 = 0.0000e+00, 0.0000e+00      
# interval = decibars: 1                
# start_time = Jan 08 2017 20:51:22 [NMEA time, header]
# bad_flag = -9.990e-29
*END*
[from data line 882]
    877.890   16.51282 -107.13868    885.000     5.2251     5.2252     5.1505    34.5356    34.5432  1031.3402    27.2807 8.3731e-02      0.783  306.81298     0.0597    98.5196     0.0298     0.0309     -3.028 1.0000e-12      25648         29 0.0000e+00
    878.880   16.51282 -107.13868    886.000     5.2233     5.2235     5.1487    34.5356    34.5433  1031.3450    27.2810 8.5562e-02      0.763  306.82554     0.0596    98.5222     0.0303     0.0315     -3.028 1.0000e-12      25675         27 0.0000e+00
    879.870   16.51282 -107.13868    887.000     5.2207     5.2208     5.1460    34.5358    34.5433  1031.3501    27.2814 8.6855e-02      0.853  306.84443     0.0596    98.5223     0.0300     0.0316     -3.028 1.0000e-12      25700         21 0.0000e+00
    880.860   16.51282 -107.13868    888.000     5.2122     5.2122     5.1374    34.5360    34.5436  1031.3559    27.2826 8.2023e-02      0.836  306.90536     0.0596    98.5212     0.0297     0.0311     -3.028 1.0000e-12      25722         23 0.0000e+00
    881.850   16.51282 -107.13868    889.000     5.2029     5.2032     5.1282    34.5362    34.5439  1031.3619    27.2839 8.8000e-02      0.893  306.97170     0.0596    98.5223     0.0293     0.0307     -3.029 1.0000e-12      25743         19 0.0000e+00
    882.840   16.51282 -107.13868    890.000     5.1871     5.1872     5.1123    34.5367    34.5441  1031.3690    27.2861 8.8087e-02      0.717  307.08532     0.0598    98.5161     0.0298     0.0310     -3.029 1.0000e-12      25763         21 0.0000e+00
    883.830   16.51282 -107.13868    891.000     5.1813     5.1816     5.1065    34.5367    34.5444  1031.3744    27.2868 8.5317e-02      0.897  307.12699     0.0605    98.4987     0.0298     0.0311     -3.029 1.0000e-12      25784         21 0.0000e+00
    884.819   16.51282 -107.13868    892.000     5.1786     5.1790     5.1038    34.5366    34.5441  1031.3792    27.2870 8.4114e-02      0.958  307.14662     0.0607    98.4941     0.0301     0.0313     -3.029 1.0000e-12      25807         26 0.0000e+00
    885.809   16.51282 -107.13868    893.000     5.1747     5.1750     5.0998    34.5364    34.5441  1031.3842    27.2873 8.5257e-02      1.034  307.17528     0.0603    98.5033     0.0295     0.0310     -3.030 1.0000e-12      25835         29 0.0000e+00
    886.799   16.51282 -107.13868    894.000     5.1709     5.1711     5.0959    34.5366    34.5440  1031.3894    27.2879 8.5520e-02      1.153  307.20300     0.0604    98.5015     0.0298     0.0310     -3.030 1.0000e-12      25865         29 0.0000e+00
    887.789   16.51282 -107.13868    895.000     5.1643     5.1645     5.0893    34.5365    34.5440  1031.3948    27.2887 8.6227e-02      0.989  307.25049     0.0600    98.5113     0.0300     0.0313     -3.030 1.0000e-12      25894         28 0.0000e+00
    888.779   16.51282 -107.13868    896.000     5.1579     5.1581     5.0828    34.5366    34.5442  1031.4003    27.2895 8.7365e-02      1.112  307.29661     0.0604    98.5010     0.0299     0.0312     -3.030 1.0000e-12      25921         25 0.0000e+00
    889.768   16.51282 -107.13868    897.000     5.1532     5.1533     5.0780    34.5367    34.5441  1031.4055    27.2901 8.3580e-02      1.215  307.33087     0.0604    98.5018     0.0296     0.0310     -3.030 1.0000e-12      25944         23 0.0000e+00
    890.758   16.51282 -107.13868    898.000     5.1436     5.1437     5.0684    34.5367    34.5442  1031.4114    27.2912 8.5334e-02      1.152  307.40042     0.0604    98.5026     0.0293     0.0307     -3.031 1.0000e-12      25965         20 0.0000e+00
    891.748   16.51282 -107.13868    899.000     5.1343     5.1344     5.0591    34.5366    34.5441  1031.4172    27.2923 8.8068e-02      1.274  307.46747     0.0603    98.5048     0.0296     0.0309     -3.031 1.0000e-12      25986         21 0.0000e+00
    892.738   16.51282 -107.13868    900.000     5.1162     5.1162     5.0410    34.5371    34.5448  1031.4246    27.2948 8.7320e-02      1.234  307.59835     0.0603    98.5048     0.0299     0.0313     -3.032 1.0000e-12      26008         24 0.0000e+00
    893.728   16.51282 -107.13868    901.000     5.1113     5.1116     5.0361    34.5373    34.5447  1031.4300    27.2955 8.6109e-02      1.199  307.63314     0.0610    98.4878     0.0301     0.0314     -3.032 1.0000e-12      26035         30 0.0000e+00
    894.717   16.51282 -107.13868    902.000     5.1092     5.1096     5.0339    34.5370    34.5445  1031.4346    27.2955 8.6151e-02      1.204  307.64940     0.0608    98.4904     0.0295     0.0309     -3.032 1.0000e-12      26065         27 0.0000e+00
    895.707   16.51282 -107.13868    903.000     5.1067     5.1073     5.0314    34.5369    34.5445  1031.4394    27.2957 8.6824e-02      1.233  307.66711     0.0606    98.4963     0.0296     0.0312     -3.032 1.0000e-12      26091         23 0.0000e+00
    896.697   16.51282 -107.13868    904.000     5.1035     5.1038     5.0281    34.5370    34.5445  1031.4444    27.2961 8.5896e-02      1.311  307.69034     0.0607    98.4948     0.0300     0.0313     -3.032 1.0000e-12      26112         20 0.0000e+00
    897.687   16.51282 -107.13868    905.000     5.1019     5.1020     5.0263    34.5369    34.5444  1031.4492    27.2963 8.6079e-02      1.345  307.70272     0.0608    98.4922     0.0302     0.0314     -3.032 1.0000e-12      26132         20 0.0000e+00
    898.677   16.51282 -107.13868    906.000     5.0953     5.0955     5.0198    34.5371    34.5447  1031.4548    27.2972 8.5996e-02      1.511  307.74951     0.0606    98.4960     0.0294     0.0308     -3.032 1.0000e-12      26152         21 0.0000e+00
    899.666   16.51282 -107.13868    907.000     5.0901     5.0901     5.0145    34.5369    34.5446  1031.4598    27.2976 8.6840e-02      1.459  307.78828     0.0606    98.4961     0.0296     0.0311     -3.033 1.0000e-12      26175         25 0.0000e+00
    900.656   16.51282 -107.13868    908.000     5.0833     5.0836     5.0076    34.5372    34.5448  1031.4656    27.2987 8.7122e-02      1.444  307.83682     0.0606    98.4970     0.0299     0.0310     -3.033 1.0000e-12      26202         28 0.0000e+00
    901.646   16.51282 -107.13868    909.000     5.0798     5.0800     5.0041    34.5372    34.5447  1031.4706    27.2991 8.6429e-02      1.381  307.86226     0.0605    98.4997     0.0299     0.0312     -3.033 1.0000e-12      26232         30 0.0000e+00
    902.635   16.51282 -107.13868    910.000     5.0698     5.0699     4.9941    34.5373    34.5449  1031.4766    27.3003 8.6218e-02      1.418  307.93462     0.0606    98.4961     0.0294     0.0307     -3.033 1.0000e-12      26260         26 0.0000e+00
    903.625   16.51282 -107.13868    911.000     5.0579     5.0580     4.9821    34.5375    34.5450  1031.4830    27.3019 8.6477e-02      1.507  308.02093     0.0606    98.4950     0.0295     0.0310     -3.034 1.0000e-12      26284         23 0.0000e+00
    904.615   16.51282 -107.13868    912.000     5.0423     5.0424     4.9666    34.5380    34.5455  1031.4900    27.3040 8.5998e-02      1.592  308.13339     0.0609    98.4899     0.0298     0.0310     -3.034 1.0000e-12      26306         21 0.0000e+00
    905.605   16.51282 -107.13868    913.000     5.0320     5.0321     4.9562    34.5380    34.5455  1031.4960    27.3053 8.6535e-02      1.619  308.20844     0.0609    98.4885     0.0297     0.0310     -3.035 1.0000e-12      26328         24 0.0000e+00
    906.594   16.51282 -107.13868    914.000     5.0213     5.0214     4.9455    34.5379    34.5455  1031.5019    27.3065 8.5966e-02      1.701  308.28681     0.0610    98.4877     0.0294     0.0306     -3.035 1.0000e-12      26354         28 0.0000e+00
    907.584   16.51282 -107.13868    915.000     5.0040     5.0036     4.9283    34.5381    34.5457  1031.5090    27.3086 8.6080e-02      1.635  308.41195     0.0608    98.4905     0.0296     0.0309     -3.036 1.0000e-12      26382         28 0.0000e+00
    908.574   16.51282 -107.13868    916.000     4.9948     4.9951     4.9191    34.5384    34.5459  1031.5150    27.3099 8.5662e-02      1.793  308.47839     0.0607    98.4931     0.0298     0.0313     -3.036 1.0000e-12      26409         26 0.0000e+00
    909.564   16.51282 -107.13868    917.000     4.9898     4.9899     4.9139    34.5382    34.5458  1031.5201    27.3103 8.3437e-02      2.017  308.51606     0.0614    98.4767     0.0298     0.0312     -3.036 1.0000e-12      26432         21 0.0000e+00
    910.553   16.51282 -107.13868    918.000     4.9824     4.9825     4.9066    34.5382    34.5457  1031.5257    27.3112 8.5851e-02      1.977  308.56945     0.0615    98.4740     0.0292     0.0304     -3.037 1.0000e-12      26453         20 0.0000e+00
    911.543   16.51282 -107.13868    919.000     4.9771     4.9774     4.9012    34.5384    34.5459  1031.5311    27.3120 8.7334e-02      1.987  308.60779     0.0617    98.4701     0.0294     0.0306     -3.037 1.0000e-12      26473         20 0.0000e+00
    912.533   16.51282 -107.13868    920.000     4.9744     4.9746     4.8984    34.5383    34.5458  1031.5359    27.3122 8.5556e-02      2.079  308.62828     0.0617    98.4700     0.0296     0.0308     -3.037 1.0000e-12      26493         20 0.0000e+00
    913.522   16.51282 -107.13868    921.000     4.9707     4.9709     4.8947    34.5381    34.5456  1031.5408    27.3125 8.6226e-02      2.097  308.65500     0.0614    98.4765     0.0298     0.0311     -3.037 1.0000e-12      26515         24 0.0000e+00
    914.512   16.51282 -107.13868    922.000     4.9608     4.9613     4.8847    34.5382    34.5458  1031.5468    27.3137 8.5259e-02      2.005  308.72720     0.0613    98.4784     0.0295     0.0308     -3.037 1.0000e-12      26543         34 0.0000e+00
    915.502   16.51282 -107.13868    923.000     4.9539     4.9543     4.8778    34.5382    34.5457  1031.5523    27.3145 8.5878e-02      2.073  308.77754     0.0617    98.4698     0.0295     0.0312     -3.038 1.0000e-12      26579         34 0.0000e+00
    916.491   16.51282 -107.13868    924.000     4.9469     4.9468     4.8708    34.5383    34.5457  1031.5579    27.3153 8.7536e-02      2.380  308.82867     0.0616    98.4721     0.0298     0.0319     -3.038 1.0000e-12      26609         26 0.0000e+00
    917.481   16.51282 -107.13868    925.000     4.9434     4.9436     4.8671    34.5384    34.5459  1031.5630    27.3158 8.4704e-02      2.342  308.85464     0.0612    98.4814     0.0293     0.0311     -3.038 1.0000e-12      26633         21 0.0000e+00
    918.471   16.51282 -107.13868    926.000     4.9427     4.9430     4.8664    34.5383    34.5458  1031.5675    27.3158 8.5027e-02      2.204  308.85958     0.0619    98.4640     0.0293     0.0314     -3.038 1.0000e-12      26653         19 0.0000e+00
    919.461   16.51282 -107.13868    927.000     4.9390     4.9390     4.8626    34.5379    34.5454  1031.5723    27.3160 8.6079e-02      2.197  308.88752     0.0618    98.4674     0.0294     0.0318     -3.038 1.0000e-12      26671         20 0.0000e+00
    920.450   16.51282 -107.13868    928.000     4.9224     4.9224     4.8460    34.5385    34.5461  1031.5796    27.3183 8.7328e-02      2.450  309.00773     0.0618    98.4686     0.0302     0.0323     -3.039 1.0000e-12      26691         19 0.0000e+00
    921.440   16.51282 -107.13868    929.000     4.9051     4.9051     4.8288    34.5387    34.5462  1031.5866    27.3204 8.7762e-02      2.485  309.13399     0.0617    98.4711     0.0295     0.0316     -3.039 1.0000e-12      26713         24 0.0000e+00
    922.430   16.51282 -107.13868    930.000     4.8922     4.8924     4.8159    34.5393    34.5467  1031.5934    27.3224 8.5329e-02      2.392  309.22719     0.0617    98.4710     0.0294     0.0314     -3.040 1.0000e-12      26738         27 0.0000e+00
    923.419   16.51282 -107.13868    931.000     4.8887     4.8890     4.8123    34.5390    34.5465  1031.5982    27.3226 8.4753e-02      2.472  309.25324     0.0617    98.4700     0.0298     0.0320     -3.040 1.0000e-12      26766         29 0.0000e+00
    924.409   16.51282 -107.13868    932.000     4.8844     4.8849     4.8080    34.5389    34.5464  1031.6033    27.3230 8.5281e-02      2.684  309.28513     0.0626    98.4478     0.0297     0.0319     -3.040 1.0000e-12      26793         25 0.0000e+00
    925.399   16.51282 -107.13868    933.000     4.8792     4.8794     4.8027    34.5389    34.5464  1031.6085    27.3236 8.7073e-02      2.823  309.32345     0.0625    98.4481     0.0293     0.0313     -3.040 1.0000e-12      26819         25 0.0000e+00
    926.388   16.51282 -107.13868    934.000     4.8756     4.8759     4.7991    34.5389    34.5465  1031.6136    27.3240 8.6160e-02      2.657  309.34916     0.0617    98.4700     0.0297     0.0316     -3.040 1.0000e-12      26843         23 0.0000e+00
    927.378   16.51282 -107.13868    935.000     4.8728     4.8730     4.7962    34.5388    34.5463  1031.6184    27.3242 8.5528e-02      2.931  309.37077     0.0622    98.4582     0.0298     0.0319     -3.041 1.0000e-12      26868         26 0.0000e+00
    928.367   16.51282 -107.13868    936.000     4.8671     4.8674     4.7905    34.5388    34.5463  1031.6237    27.3249 8.7859e-02      2.913  309.41204     0.0619    98.4658     0.0295     0.0316     -3.041 1.0000e-12      26894         26 0.0000e+00
    929.357   16.51282 -107.13868    937.000     4.8629     4.8631     4.7862    34.5388    34.5463  1031.6288    27.3253 8.8217e-02      2.794  309.44283     0.0619    98.4656     0.0293     0.0313     -3.041 1.0000e-12      26920         24 0.0000e+00
    930.347   16.51282 -107.13868    938.000     4.8573     4.8575     4.7805    34.5389    34.5463  1031.6342    27.3260 8.3652e-02      2.840  309.48410     0.0617    98.4701     0.0296     0.0320     -3.041 1.0000e-12      26943         22 0.0000e+00
    931.336   16.51282 -107.13868    939.000     4.8522     4.8524     4.7754    34.5389    34.5465  1031.6395    27.3267 8.5414e-02      2.960  309.52135     0.0617    98.4712     0.0296     0.0320     -3.041 1.0000e-12      26964         22 0.0000e+00
    932.326   16.51282 -107.13868    940.000     4.8468     4.8470     4.7700    34.5389    34.5465  1031.6447    27.3272 8.5735e-02      3.140  309.56080     0.0617    98.4700     0.0295     0.0314     -3.041 1.0000e-12      26986         22 0.0000e+00
    933.315   16.51282 -107.13868    941.000     4.8363     4.8366     4.7594    34.5390    34.5465  1031.6508    27.3285 8.6836e-02      3.056  309.63776     0.0617    98.4690     0.0294     0.0310     -3.042 1.0000e-12      27009         25 0.0000e+00
    934.305   16.51282 -107.13868    942.000     4.8280     4.8283     4.7511    34.5393    34.5467  1031.6567    27.3297 8.4007e-02      2.960  309.69812     0.0618    98.4664     0.0295     0.0317     -3.042 1.0000e-12      27037         29 0.0000e+00
    935.295   16.51282 -107.13868    943.000     4.8264     4.8265     4.7494    34.5392    34.5467  1031.6614    27.3298 8.6143e-02      3.177  309.71038     0.0625    98.4504     0.0294     0.0315     -3.042 1.0000e-12      27065         26 0.0000e+00
    936.284   16.51282 -107.13868    944.000     4.8248     4.8250     4.7477    34.5391    34.5467  1031.6661    27.3300 8.4882e-02      3.268  309.72231     0.0627    98.4461     0.0291     0.0310     -3.042 1.0000e-12      27089         22 0.0000e+00
    937.274   16.51282 -107.13868    945.000     4.8204     4.8206     4.7432    34.5391    34.5467  1031.6712    27.3304 8.7634e-02      3.316  309.75485     0.0615    98.4748     0.0296     0.0318     -3.042 1.0000e-12      27110         20 0.0000e+00
    938.264   16.51282 -107.13868    946.000     4.8190     4.8193     4.7418    34.5390    34.5466  1031.6759    27.3305 8.6190e-02      3.208  309.76462     0.0620    98.4627     0.0297     0.0320     -3.042 1.0000e-12      27131         21 0.0000e+00
