data/ctd-cnv/SKQ1617/SKQ1617-St16-P2/skq201617s-039avg.cnv
* Sea-Bird SBE 9 Data File:
* FileName = D:\CTD\SKQ201617S\SKQ201617S-039.hex
* Software Version Seasave V 7.22.5
* Temperature SN = 5773
* Conductivity SN = 2251
* Number of Bytes Per Scan = 37
* Number of Voltage Words = 4
* Number of Scans Averaged by the Deck Unit = 1
* NMEA Latitude = 16 33.07 N
* NMEA Longitude = 107 01.09 W
* NMEA UTC (Time) = Jan 11 2017  14:01:28
* NMEA baud rate = 4800
** Ship: R/V Sikuliaq
** Station Number: 39
** Station Name: Station 16/P2
** Depth: 3534m
** Operator: unknown
# nquan = 20
# nvalues = 503                         
# units = specified
# name 0 = depSM: Depth [salt water, m]
# name 1 = latitude: Latitude [deg]
# name 2 = longitude: Longitude [deg]
# name 3 = prDM: Pressure, Digiquartz [db]
# name 4 = t090C: Temperature [ITS-90, deg C]
# name 5 = t190C: Temperature, 2 [ITS-90, deg C]
# name 6 = potemp090C: Potential Temperature [ITS-90, deg C]
# name 7 = sal00: Salinity, Practical [PSU]
# name 8 = sal11: Salinity, Practical, 2 [PSU]
# name 9 = density00: Density [density, kg/m^3]
# name 10 = sigma-t00: Density [sigma-t, kg/m^3 ]
# name 11 = flSP: Fluorescence, Seapoint
# name 12 = sbox0Mm/Kg: Oxygen, SBE 43 [umol/kg]
# name 13 = oxsolMm/Kg: Oxygen Saturation, Garcia & Gordon [umol/kg]
# name 14 = CStarAt0: Beam Attenuation, WET Labs C-Star [1/m]
# name 15 = CStarTr0: Beam Transmission, WET Labs C-Star [%]
# name 16 = par: PAR/Irradiance, Biospherical/Licor
# name 17 = scan: Scan Count
# name 18 = nbin: number of scans per bin
# name 19 = flag: flag
# span 0 =      2.982,    501.399       
# span 1 =   16.55118,   16.55120       
# span 2 = -107.01810, -107.01808       
# span 3 =      3.000,    505.000       
# span 4 =     8.2294,    28.8443       
# span 5 =     8.2296,    28.8442       
# span 6 =     8.1770,    28.8373       
# span 7 =    33.6060,    34.8097       
# span 8 =    33.6162,    34.8176       
# span 9 =  1021.0868,  1029.1969       
# span 10 =    21.0706,    26.9070      
# span 11 = 6.5794e-02, 1.7628e+00      
# span 12 =      0.021,    190.776      
# span 13 =  195.93749,  286.33312      
# span 14 =     0.0643,     0.2354      
# span 15 =    94.2855,    98.4061      
# span 16 = -6.165e-08, 1.0357e+02      
# span 17 =        307,      17276      
# span 18 =         14,        482      
# span 19 = 0.0000e+00, 0.0000e+00      
# interval = decibars: 1                
# start_time = Jan 11 2017 14:01:28 [NMEA time, header]
# bad_flag = -9.990e-29
*END*
[from data line 145]
    147.071   16.55120 -107.01810    148.000    12.6671    12.6673    12.6472    34.7952    34.8031  1026.9621    26.3005 1.0132e-01      0.574  260.03734     0.1365    96.6454 9.8619e-03       7009         22 0.0000e+00
    148.064   16.55120 -107.01810    149.000    12.6469    12.6468    12.6268    34.7974    34.8052  1026.9723    26.3061 9.7306e-02      0.568  260.14156     0.1368    96.6370 9.5950e-03       7030         21 0.0000e+00
    149.058   16.55120 -107.01810    150.000    12.6323    12.6321    12.6122    34.7957    34.8035  1026.9784    26.3077 9.3773e-02      0.555  260.22214     0.1364    96.6471 9.2258e-03       7052         24 0.0000e+00
    150.051   16.55120 -107.01810    151.000    12.6123    12.6120    12.5920    34.7945    34.8023  1026.9860    26.3107 9.2484e-02      0.550  260.33111     0.1367    96.6409 9.0245e-03       7076         25 0.0000e+00
    151.045   16.55120 -107.01810    152.000    12.5913    12.5913    12.5709    34.7924    34.8002  1026.9930    26.3133 9.2832e-02      0.517  260.44740     0.1361    96.6550 8.5128e-03       7104         29 0.0000e+00
    152.038   16.55120 -107.01810    153.000    12.5728    12.5729    12.5523    34.7912    34.7990  1027.0002    26.3159 9.2496e-02      0.507  260.54810     0.1362    96.6520 8.4573e-03       7132         28 0.0000e+00
    153.031   16.55120 -107.01810    154.000    12.5547    12.5546    12.5341    34.7904    34.7982  1027.0076    26.3189 8.8787e-02      0.499  260.64670     0.1361    96.6539 8.4565e-03       7160         26 0.0000e+00
    154.024   16.55120 -107.01810    155.000    12.5323    12.5323    12.5116    34.7903    34.7981  1027.0165    26.3232 8.5765e-02      0.559  260.76698     0.1359    96.6587 8.3406e-03       7187         25 0.0000e+00
    155.018   16.55120 -107.01810    156.000    12.5182    12.5180    12.4974    34.7981    34.8061  1027.0298    26.3320 7.8374e-02      0.389  260.82790     0.1357    96.6647 8.2719e-03       7210         23 0.0000e+00
    156.011   16.55120 -107.01810    157.000    12.5220    12.5221    12.5010    34.8073    34.8151  1027.0406    26.3384 7.3559e-02      0.384  260.79069     0.1345    96.6934 8.0319e-03       7232         20 0.0000e+00
    157.004   16.55120 -107.01810    158.000    12.5159    12.5158    12.4947    34.8097    34.8176  1027.0482    26.3415 7.2913e-02      0.461  260.81937     0.1323    96.7476 7.9218e-03       7252         21 0.0000e+00
    157.998   16.55120 -107.01810    159.000    12.5059    12.5059    12.4847    34.8088    34.8166  1027.0539    26.3428 7.3251e-02      0.400  260.87416     0.1059    97.3890 7.5725e-03       7273         22 0.0000e+00
    158.991   16.55120 -107.01810    160.000    12.4962    12.4974    12.4748    34.8074    34.8153  1027.0592    26.3435 7.3564e-02      0.405  260.92923     0.1238    96.9523 7.2293e-03       7296         24 0.0000e+00
    159.985   16.55120 -107.01810    161.000    12.4791    12.4799    12.4576    34.8057    34.8136  1027.0658    26.3456 7.1939e-02      0.410  261.02401     0.1323    96.7477 7.1020e-03       7322         26 0.0000e+00
    160.978   16.55120 -107.01810    162.000    12.4487    12.4486    12.4272    34.8056    34.8134  1027.0762    26.3515 7.1002e-02      0.412  261.18706     0.1302    96.7967 6.9978e-03       7348         26 0.0000e+00
    161.971   16.55120 -107.01810    163.000    12.4242    12.4243    12.4025    34.8075    34.8157  1027.0870    26.3577 7.2078e-02      0.401  261.31542     0.0890    97.7998 7.0513e-03       7371         22 0.0000e+00
    162.964   16.55120 -107.01810    164.000    12.4122    12.4122    12.3903    34.8079    34.8158  1027.0941    26.3603 6.9460e-02      0.413  261.37967     0.1133    97.2095 6.9361e-03       7394         24 0.0000e+00
    163.958   16.55120 -107.01810    165.000    12.4063    12.4063    12.3844    34.8076    34.8156  1027.0995    26.3613 7.0581e-02      0.414  261.41165     0.0942    97.6740 6.6219e-03       7419         26 0.0000e+00
    164.951   16.55120 -107.01810    166.000    12.3947    12.3947    12.3727    34.8070    34.8149  1027.1058    26.3630 7.0329e-02      0.414  261.47499     0.1062    97.3801 6.3984e-03       7448         30 0.0000e+00
    165.945   16.55120 -107.01810    167.000    12.3874    12.3874    12.3652    34.8062    34.8142  1027.1111    26.3638 7.0484e-02      0.414  261.51623     0.0772    98.0881 6.3264e-03       7478         29 0.0000e+00
    166.937   16.55120 -107.01810    168.000    12.3830    12.3830    12.3607    34.8057    34.8139  1027.1160    26.3643 6.9186e-02      0.408  261.54068     0.0759    98.1197 5.7433e-03       7506         28 0.0000e+00
    167.931   16.55120 -107.01810    169.000    12.3737    12.3738    12.3513    34.8051    34.8131  1027.1219    26.3656 6.9754e-02      0.409  261.59187     0.0758    98.1223 5.5916e-03       7531         23 0.0000e+00
    168.924   16.55120 -107.01810    170.000    12.3616    12.3617    12.3391    34.8044    34.8124  1027.1282    26.3674 7.1269e-02      0.423  261.65835     0.0757    98.1256 5.7798e-03       7554         22 0.0000e+00
    169.917   16.55120 -107.01810    171.000    12.3560    12.3561    12.3334    34.8039    34.8120  1027.1334    26.3682 6.9125e-02      0.404  261.68920     0.0761    98.1150 5.6532e-03       7575         22 0.0000e+00
    170.911   16.55120 -107.01810    172.000    12.3438    12.3440    12.3210    34.8031    34.8109  1027.1396    26.3699 7.0280e-02      0.404  261.75696     0.0758    98.1227 5.6516e-03       7597         21 0.0000e+00
    171.904   16.55120 -107.01810    173.000    12.3321    12.3323    12.3092    34.8022    34.8101  1027.1458    26.3715 7.0429e-02      0.376  261.82151     0.0756    98.1291 5.5884e-03       7618         22 0.0000e+00
    172.897   16.55120 -107.01808    174.000    12.3015    12.3018    12.2785    34.8000    34.8079  1027.1546    26.3758 6.8614e-02      0.410  261.99095     0.0755    98.1303 5.6510e-03       7640         22 0.0000e+00
    173.890   16.55120 -107.01808    175.000    12.2733    12.2736    12.2502    34.7990    34.8068  1027.1637    26.3804 7.0336e-02      0.433  262.14522     0.0747    98.1496 5.5368e-03       7663         24 0.0000e+00
    174.884   16.55120 -107.01808    176.000    12.2467    12.2471    12.2235    34.7969    34.8048  1027.1718    26.3839 7.0864e-02      0.398  262.29326     0.0744    98.1564 5.5442e-03       7688         26 0.0000e+00
    175.877   16.55120 -107.01810    177.000    12.2303    12.2306    12.2070    34.7955    34.8036  1027.1785    26.3861 6.9593e-02      0.408  262.38460     0.0751    98.1409 5.2580e-03       7718         32 0.0000e+00
    176.870   16.55120 -107.01810    178.000    12.2245    12.2245    12.2011    34.7946    34.8027  1027.1834    26.3865 6.8799e-02      0.394  262.41772     0.0753    98.1339 5.3539e-03       7748         28 0.0000e+00
    177.863   16.55120 -107.01810    179.000    12.2147    12.2150    12.1912    34.7934    34.8013  1027.1888    26.3874 6.6631e-02      0.394  262.47306     0.0753    98.1347 5.3009e-03       7774         24 0.0000e+00
    178.856   16.55120 -107.01810    180.000    12.1983    12.1985    12.1746    34.7923    34.8002  1027.1957    26.3897 7.0161e-02      0.368  262.56396     0.0758    98.1237 4.8117e-03       7796         20 0.0000e+00
    179.850   16.55120 -107.01810    181.000    12.1910    12.1911    12.1672    34.7916    34.7995  1027.2010    26.3906 7.0206e-02      0.376  262.60491     0.0799    98.0232 4.8747e-03       7814         18 0.0000e+00
    180.843   16.55118 -107.01810    182.000    12.1878    12.1878    12.1639    34.7912    34.7993  1027.2058    26.3909 7.0606e-02      0.382  262.62339     0.0767    98.0996 4.7998e-03       7832         18 0.0000e+00
    181.837   16.55118 -107.01810    183.000    12.1818    12.1818    12.1577    34.7903    34.7982  1027.2107    26.3913 7.1245e-02      0.361  262.65768     0.0750    98.1433 4.5347e-03       7851         20 0.0000e+00
    182.829   16.55118 -107.01810    184.000    12.1756    12.1762    12.1515    34.7894    34.7975  1027.2158    26.3919 6.9423e-02      0.342  262.69250     0.0755    98.1299 4.4751e-03       7878         32 0.0000e+00
    183.822   16.55120 -107.01808    185.000    12.1733    12.1737    12.1490    34.7888    34.7968  1027.2202    26.3918 7.0339e-02      0.331  262.70614     0.0750    98.1428 4.3235e-03       7915         40 0.0000e+00
    184.816   16.55120 -107.01810    186.000    12.1651    12.1654    12.1407    34.7876    34.7958  1027.2254    26.3925 7.1112e-02      0.304  262.75306     0.0746    98.1519 4.2545e-03       7952         34 0.0000e+00
    185.809   16.55120 -107.01810    187.000    12.1548    12.1558    12.1303    34.7867    34.7947  1027.2311    26.3937 6.9345e-02      0.292  262.81062     0.0753    98.1341 4.2551e-03       7980         24 0.0000e+00
    186.802   16.55120 -107.01810    188.000    12.1487    12.1487    12.1240    34.7863    34.7944  1027.2365    26.3946 6.9762e-02      0.329  262.84459     0.0755    98.1292 4.0539e-03       8002         20 0.0000e+00
    187.795   16.55120 -107.01810    189.000    12.1444    12.1449    12.1196    34.7856    34.7938  1027.2413    26.3949 7.0873e-02      0.288  262.86920     0.0756    98.1273 4.2520e-03       8021         17 0.0000e+00
    188.788   16.55120 -107.01810    190.000    12.1410    12.1413    12.1161    34.7853    34.7932  1027.2462    26.3953 7.1022e-02      0.292  262.88824     0.0756    98.1274 4.0227e-03       8039         18 0.0000e+00
    189.782   16.55120 -107.01810    191.000    12.1370    12.1370    12.1119    34.7847    34.7927  1027.2509    26.3956 6.9593e-02      0.354  262.91154     0.0755    98.1303 4.0914e-03       8056         17 0.0000e+00
    190.775   16.55120 -107.01810    192.000    12.1336    12.1322    12.1084    34.7843    34.7922  1027.2558    26.3960 6.9966e-02      0.323  262.93047     0.0755    98.1303 3.8354e-03       8075         20 0.0000e+00
    191.768   16.55120 -107.01808    193.000    12.1323    12.1325    12.1070    34.7839    34.7920  1027.2601    26.3959 6.9754e-02      0.268  262.93862     0.0756    98.1282 3.8487e-03       8096         24 0.0000e+00
    192.761   16.55120 -107.01808    194.000    12.1240    12.1235    12.0986    34.7831    34.7910  1027.2656    26.3969 6.9132e-02      0.289  262.98513     0.0755    98.1294 3.5399e-03       8124         31 0.0000e+00
    193.754   16.55120 -107.01809    195.000    12.1147    12.1146    12.0892    34.7822    34.7902  1027.2712    26.3980 6.9502e-02      0.281  263.03702     0.0769    98.0950 3.2936e-03       8158         35 0.0000e+00
    194.747   16.55120 -107.01810    196.000    12.1080    12.1082    12.0824    34.7816    34.7896  1027.2765    26.3988 7.1862e-02      0.281  263.07473     0.0814    97.9866 3.1186e-03       8190         26 0.0000e+00
    195.740   16.55120 -107.01810    197.000    12.1020    12.1021    12.0762    34.7810    34.7890  1027.2817    26.3995 6.9075e-02      0.269  263.10875     0.0764    98.1099 3.0838e-03       8214         25 0.0000e+00
    196.733   16.55120 -107.01810    198.000    12.0964    12.0958    12.0705    34.7806    34.7886  1027.2870    26.4003 7.0133e-02      0.280  263.13956     0.0765    98.1055 2.8655e-03       8235         20 0.0000e+00
    197.727   16.55120 -107.01810    199.000    12.0878    12.0883    12.0618    34.7800    34.7881  1027.2926    26.4014 6.9979e-02      0.268  263.18775     0.0765    98.1056 3.0124e-03       8255         19 0.0000e+00
    198.720   16.55119 -107.01810    200.000    12.0824    12.0824    12.0562    34.7797    34.7877  1027.2979    26.4022 6.8261e-02      0.332  263.21811     0.0766    98.1054 2.9255e-03       8276         22 0.0000e+00
    199.713   16.55118 -107.01810    201.000    12.0770    12.0771    12.0508    34.7791    34.7872  1027.3030    26.4028 6.8805e-02      0.287  263.24814     0.0766    98.1043 2.8656e-03       8297         24 0.0000e+00
    200.706   16.55118 -107.01810    202.000    12.0680    12.0681    12.0416    34.7786    34.7865  1027.3088    26.4041 7.0683e-02      0.245  263.29844     0.0766    98.1042 2.8624e-03       8322         27 0.0000e+00
    201.699   16.55119 -107.01810    203.000    12.0609    12.0614    12.0344    34.7783    34.7862  1027.3144    26.4052 6.8418e-02      0.291  263.33784     0.0767    98.1013 2.7613e-03       8351         27 0.0000e+00
    202.692   16.55120 -107.01810    204.000    12.0574    12.0574    12.0308    34.7781    34.7861  1027.3195    26.4058 6.9480e-02      0.261  263.35699     0.0771    98.0919 2.8637e-03       8379         28 0.0000e+00
    203.685   16.55120 -107.01810    205.000    12.0559    12.0559    12.0291    34.7780    34.7859  1027.3242    26.4060 7.0728e-02      0.291  263.36569     0.0766    98.1042 2.6482e-03       8406         26 0.0000e+00
    204.678   16.55120 -107.01810    206.000    12.0520    12.0515    12.0250    34.7777    34.7858  1027.3292    26.4065 7.1821e-02      0.276  263.38758     0.0767    98.1010 2.6969e-03       8432         25 0.0000e+00
    205.672   16.55120 -107.01810    207.000    12.0465    12.0470    12.0195    34.7778    34.7856  1027.3347    26.4076 7.0958e-02      0.263  263.41702     0.0767    98.1020 2.6299e-03       8457         24 0.0000e+00
    206.665   16.55120 -107.01810    208.000    12.0399    12.0406    12.0128    34.7772    34.7852  1027.3401    26.4085 6.9423e-02      0.274  263.45436     0.0765    98.1075 2.5136e-03       8481         24 0.0000e+00
    207.657   16.55120 -107.01810    209.000    12.0290    12.0290    12.0018    34.7767    34.7845  1027.3463    26.4101 7.0656e-02      0.274  263.51469     0.0767    98.1016 2.3983e-03       8503         21 0.0000e+00
    208.651   16.55120 -107.01810    210.000    12.0054    12.0052    11.9781    34.7772    34.7851  1027.3557    26.4150 7.0282e-02      0.274  263.64273     0.0767    98.1017 2.1937e-03       8525         21 0.0000e+00
    209.644   16.55120 -107.01810    211.000    11.9912    11.9915    11.9638    34.7774    34.7853  1027.3631    26.4179 7.0396e-02      0.285  263.71990     0.0758    98.1240 2.2599e-03       8547         23 0.0000e+00
    210.637   16.55120 -107.01810    212.000    11.9603    11.9604    11.9327    34.7756    34.7836  1027.3722    26.4223 6.8600e-02      0.278  263.89302     0.0765    98.1072 1.9495e-03       8570         23 0.0000e+00
    211.630   16.55120 -107.01810    213.000    11.9377    11.9377    11.9101    34.7753    34.7832  1027.3808    26.4264 7.0731e-02      0.281  264.01716     0.0765    98.1063 1.8165e-03       8593         24 0.0000e+00
    212.623   16.55120 -107.01810    214.000    11.9277    11.9277    11.8999    34.7748    34.7826  1027.3869    26.4280 6.9053e-02      0.273  264.07290     0.0754    98.1334 1.5288e-03       8616         22 0.0000e+00
    213.616   16.55120 -107.01810    215.000    11.9166    11.9166    11.8888    34.7749    34.7829  1027.3935    26.4301 6.8317e-02      0.270  264.13358     0.0753    98.1349 1.6557e-03       8638         23 0.0000e+00
    214.609   16.55120 -107.01810    216.000    11.9107    11.9111    11.8827    34.7782    34.7860  1027.4017    26.4338 6.6589e-02      0.285  264.15984     0.0744    98.1570 1.5910e-03       8661         24 0.0000e+00
    215.602   16.55120 -107.01810    217.000    11.8968    11.8971    11.8687    34.7786    34.7865  1027.4092    26.4368 6.7962e-02      0.294  264.23537     0.0737    98.1752 1.4789e-03       8686         28 0.0000e+00
    216.595   16.55120 -107.01810    218.000    11.8950    11.8952    11.8667    34.7781    34.7859  1027.4136    26.4367 6.6963e-02      0.275  264.24662     0.0736    98.1781 1.4737e-03       8715         30 0.0000e+00
    217.588   16.55120 -107.01810    219.000    11.8921    11.8922    11.8637    34.7773    34.7851  1027.4180    26.4366 6.8805e-02      0.277  264.26371     0.0736    98.1772 1.2392e-03       8745         29 0.0000e+00
