data/ctd-cnv/SKQ1617/SKQ1617-St16-P2/skq201617s-032avg.cnv
* Sea-Bird SBE 9 Data File:
* FileName = D:\CTD\SKQ201617S\SKQ201617S-032.hex
* Software Version Seasave V 7.22.5
* Temperature SN = 5773
* Conductivity SN = 2251
* Number of Bytes Per Scan = 37
* Number of Voltage Words = 4
* Number of Scans Averaged by the Deck Unit = 1
* NMEA Latitude = 16 30.77 N
* NMEA Longitude = 107 08.32 W
* NMEA UTC (Time) = Jan 08 2017  20:51:22
* NMEA baud rate = 4800
** Ship: R/V Sikuliaq
** Station Number: 32
** Station Name: Station 16/P2
** Depth: 3670
** Operator:
** no pH
# nquan = 23
# nvalues = 1007                        
# units = specified
# name 0 = depSM: Depth [salt water, m]
# name 1 = latitude: Latitude [deg]
# name 2 = longitude: Longitude [deg]
# name 3 = prDM: Pressure, Digiquartz [db]
# name 4 = t090C: Temperature [ITS-90, deg C]
# name 5 = t190C: Temperature, 2 [ITS-90, deg C]
# name 6 = potemp090C: Potential Temperature [ITS-90, deg C]
# name 7 = sal00: Salinity, Practical [PSU]
# name 8 = sal11: Salinity, Practical, 2 [PSU]
# name 9 = density00: Density [density, kg/m^3]
# name 10 = sigma-t00: Density [sigma-t, kg/m^3 ]
# name 11 = flSP: Fluorescence, Seapoint
# name 12 = sbox0Mm/Kg: Oxygen, SBE 43 [umol/kg]
# name 13 = oxsolMm/Kg: Oxygen Saturation, Garcia & Gordon [umol/kg]
# name 14 = CStarAt0: Beam Attenuation, WET Labs C-Star [1/m]
# name 15 = CStarTr0: Beam Transmission, WET Labs C-Star [%]
# name 16 = v2: Voltage 2
# name 17 = v3: Voltage 3
# name 18 = ph: pH
# name 19 = par: PAR/Irradiance, Biospherical/Licor
# name 20 = scan: Scan Count
# name 21 = nbin: number of scans per bin
# name 22 = flag: flag
# span 0 =      2.982,   1000.598       
# span 1 =   16.51282,   16.51282       
# span 2 = -107.13868, -107.13866       
# span 3 =      3.000,   1009.000       
# span 4 =     4.5301,    28.7481       
# span 5 =     4.5304,    28.7434       
# span 6 =     4.4496,    28.7474       
# span 7 =    33.5574,    34.8104       
# span 8 =    33.5676,    34.8185       
# span 9 =  1021.0932,  1032.0021       
# span 10 =    21.0803,    27.3649      
# span 11 = 6.4977e-02, 1.9525e+00      
# span 12 =     -0.066,    197.649      
# span 13 =  196.27627,  311.89657      
# span 14 =     0.0564,     0.2393      
# span 15 =    94.1971,    98.5995      
# span 16 =     0.0290,     0.0352      
# span 17 =     0.0304,     0.0446      
# span 18 =     -3.053,     -2.247      
# span 19 = -2.501e-07, 2.2521e+03      
# span 20 =       -109,      28813      
# span 21 =         18,        319      
# span 22 = 0.0000e+00, 0.0000e+00      
# interval = decibars: 1                
# start_time = Jan 08 2017 20:51:22 [NMEA time, header]
# bad_flag = -9.990e-29
*END*
[from data line 378]
    378.397   16.51282 -107.13868    381.000     9.8957     9.8957     9.8515    34.6509    34.6588  1028.4159    26.6971 7.1802e-02      0.167  275.92213     0.0649    98.3916     0.0302     0.0325     -2.862 1.0000e-12      13427         25 0.0000e+00
    379.389   16.51282 -107.13868    382.000     9.8946     9.8948     9.8503    34.6505    34.6582  1028.4203    26.6970 7.2483e-02      0.111  275.92926     0.0641    98.4110     0.0304     0.0330     -2.862 1.0000e-12      13454         27 0.0000e+00
    380.381   16.51282 -107.13868    383.000     9.8919     9.8920     9.8476    34.6497    34.6574  1028.4246    26.6968 7.0969e-02      0.153  275.94661     0.0638    98.4171     0.0303     0.0330     -2.862 1.0000e-12      13482         28 0.0000e+00
    381.373   16.51282 -107.13868    384.000     9.8752     9.8750     9.8308    34.6484    34.6562  1028.4310    26.6986 7.2267e-02      0.152  276.04873     0.0638    98.4177     0.0305     0.0330     -2.863 1.0000e-12      13508         25 0.0000e+00
    382.366   16.51282 -107.13868    385.000     9.8673     9.8674     9.8228    34.6485    34.6563  1028.4370    26.7000 7.0154e-02      0.152  276.09569     0.0638    98.4177     0.0303     0.0330     -2.863 1.0000e-12      13532         23 0.0000e+00
    383.358   16.51282 -107.13868    386.000     9.8591     9.8590     9.8145    34.6481    34.6558  1028.4426    26.7011 7.2227e-02      0.168  276.14538     0.0638    98.4177     0.0303     0.0329     -2.864 1.0000e-12      13556         24 0.0000e+00
    384.350   16.51282 -107.13868    387.000     9.8449     9.8447     9.8002    34.6477    34.6554  1028.4494    26.7032 7.0271e-02      0.146  276.23078     0.0638    98.4167     0.0305     0.0330     -2.864 1.0000e-12      13581         27 0.0000e+00
    385.342   16.51282 -107.13868    388.000     9.8333     9.8336     9.7885    34.6476    34.6555  1028.4558    26.7051 7.0183e-02      0.179  276.30030     0.0639    98.4146     0.0304     0.0329     -2.864 1.0000e-12      13607         25 0.0000e+00
    386.335   16.51282 -107.13868    389.000     9.8270     9.8273     9.7822    34.6470    34.6548  1028.4610    26.7057 7.1296e-02      0.147  276.33877     0.0639    98.4144     0.0305     0.0330     -2.865 1.0000e-12      13632         24 0.0000e+00
    387.327   16.51282 -107.13868    390.000     9.8072     9.8075     9.7622    34.6461    34.6537  1028.4682    26.7083 7.0415e-02      0.139  276.45928     0.0640    98.4129     0.0303     0.0327     -2.865 1.0000e-12      13655         22 0.0000e+00
    388.319   16.51282 -107.13868    391.000     9.7901     9.7898     9.7451    34.6461    34.6538  1028.4757    26.7112 7.1391e-02      0.191  276.56108     0.0648    98.3935     0.0303     0.0328     -2.866 1.0000e-12      13677         22 0.0000e+00
    389.311   16.51282 -107.13868    392.000     9.7860     9.7865     9.7409    34.6461    34.6538  1028.4809    26.7118 7.1905e-02      0.166  276.58551     0.0639    98.4147     0.0304     0.0327     -2.866 1.0000e-12      13698         19 0.0000e+00
    390.303   16.51282 -107.13868    393.000     9.7721     9.7721     9.7269    34.6449    34.6526  1028.4870    26.7133 7.1500e-02      0.124  276.67108     0.0639    98.4143     0.0303     0.0328     -2.867 1.0000e-12      13719         23 0.0000e+00
    391.296   16.51282 -107.13868    394.000     9.7471     9.7473     9.7018    34.6439    34.6517  1028.4951    26.7167 7.1734e-02      0.177  276.82284     0.0634    98.4276     0.0303     0.0327     -2.867 1.0000e-12      13743         24 0.0000e+00
    392.288   16.51282 -107.13868    395.000     9.7298     9.7306     9.6844    34.6430    34.6508  1028.5019    26.7189 7.1768e-02      0.169  276.92842     0.0636    98.4216     0.0305     0.0331     -2.868 1.0000e-12      13768         27 0.0000e+00
    393.280   16.51282 -107.13868    396.000     9.7078     9.7085     9.6624    34.6417    34.6491  1028.5092    26.7215 7.0425e-02      0.137  277.06287     0.0638    98.4166     0.0305     0.0330     -2.869 1.0000e-12      13795         26 0.0000e+00
    394.272   16.51282 -107.13868    397.000     9.6843     9.6844     9.6389    34.6407    34.6484  1028.5171    26.7247 7.1377e-02      0.148  277.20558     0.0634    98.4263     0.0308     0.0336     -2.870 1.0000e-12      13821         25 0.0000e+00
    395.264   16.51282 -107.13868    398.000     9.6693     9.6694     9.6238    34.6399    34.6476  1028.5235    26.7266 7.0625e-02      0.167  277.29714     0.0640    98.4136     0.0316     0.0345     -2.870 1.0000e-12      13845         25 0.0000e+00
    396.257   16.51282 -107.13868    399.000     9.6614     9.6613     9.6158    34.6392    34.6468  1028.5289    26.7274 7.0623e-02      0.163  277.34640     0.0638    98.4176     0.0318     0.0348     -2.870 1.0000e-12      13869         25 0.0000e+00
    397.249   16.51282 -107.13868    400.000     9.6474     9.6474     9.6017    34.6385    34.6462  1028.5353    26.7292 7.2942e-02      0.166  277.43170     0.0638    98.4177     0.0319     0.0347     -2.871 1.0000e-12      13895         25 0.0000e+00
    398.241   16.51282 -107.13868    401.000     9.6343     9.6349     9.5885    34.6377    34.6454  1028.5415    26.7307 7.0664e-02      0.144  277.51228     0.0638    98.4177     0.0318     0.0346     -2.871 1.0000e-12      13920         24 0.0000e+00
    399.233   16.51282 -107.13868    402.000     9.6235     9.6237     9.5777    34.6371    34.6451  1028.5474    26.7321 7.2382e-02      0.145  277.57798     0.0632    98.4324     0.0320     0.0344     -2.872 1.0000e-12      13942         20 0.0000e+00
    400.225   16.51282 -107.13868    403.000     9.6224     9.6226     9.5765    34.6370    34.6447  1028.5519    26.7321 7.0984e-02      0.182  277.58485     0.0638    98.4189     0.0318     0.0347     -2.872 1.0000e-12      13963         21 0.0000e+00
    401.217   16.51282 -107.13868    404.000     9.6212     9.6212     9.5751    34.6366    34.6443  1028.5564    26.7321 7.1837e-02      0.157  277.59322     0.0635    98.4258     0.0319     0.0347     -2.872 1.0000e-12      13985         23 0.0000e+00
    402.209   16.51282 -107.13868    405.000     9.6195     9.6195     9.5734    34.6362    34.6439  1028.5609    26.7320 7.1686e-02      0.141  277.60385     0.0635    98.4252     0.0318     0.0347     -2.872 1.0000e-12      14011         28 0.0000e+00
    403.202   16.51282 -107.13868    406.000     9.6175     9.6171     9.5712    34.6356    34.6434  1028.5653    26.7319 7.2092e-02      0.154  277.61743     0.0637    98.4192     0.0318     0.0346     -2.872 1.0000e-12      14042         31 0.0000e+00
    404.194   16.51282 -107.13868    407.000     9.6116     9.6116     9.5652    34.6351    34.6428  1028.5704    26.7325 7.2581e-02      0.168  277.65377     0.0634    98.4274     0.0319     0.0348     -2.872 1.0000e-12      14071         27 0.0000e+00
    405.186   16.51282 -107.13868    408.000     9.6049     9.6044     9.5585    34.6342    34.6419  1028.5753    26.7329 7.0316e-02      0.143  277.69577     0.0635    98.4240     0.0319     0.0347     -2.872 1.0000e-12      14095         21 0.0000e+00
    406.178   16.51282 -107.13868    409.000     9.5843     9.5844     9.5378    34.6329    34.6406  1028.5824    26.7353 7.1877e-02      0.166  277.82286     0.0641    98.4114     0.0318     0.0348     -2.873 1.0000e-12      14116         21 0.0000e+00
    407.170   16.51282 -107.13868    410.000     9.5701     9.5712     9.5235    34.6323    34.6402  1028.5889    26.7372 6.8210e-02      0.174  277.90939     0.0641    98.4115     0.0318     0.0347     -2.874 1.0000e-12      14137         21 0.0000e+00
    408.162   16.51282 -107.13868    411.000     9.5575     9.5589     9.5109    34.6316    34.6392  1028.5951    26.7387 7.0400e-02      0.154  277.98656     0.0632    98.4329     0.0317     0.0345     -2.874 1.0000e-12      14158         22 0.0000e+00
    409.154   16.51282 -107.13868    412.000     9.5520     9.5518     9.5053    34.6309    34.6386  1028.6000    26.7391 7.0429e-02      0.178  278.02125     0.0631    98.4344     0.0318     0.0346     -2.874 1.0000e-12      14180         22 0.0000e+00
    410.146   16.51282 -107.13868    413.000     9.5478     9.5483     9.5009    34.6304    34.6382  1028.6048    26.7394 7.1124e-02      0.146  278.04768     0.0637    98.4210     0.0318     0.0346     -2.874 1.0000e-12      14204         24 0.0000e+00
    411.138   16.51282 -107.13868    414.000     9.5366     9.5361     9.4896    34.6294    34.6371  1028.6105    26.7405 7.1655e-02      0.156  278.11758     0.0630    98.4357     0.0318     0.0347     -2.875 1.0000e-12      14228         25 0.0000e+00
    412.131   16.51282 -107.13868    415.000     9.5152     9.5142     9.4682    34.6283    34.6359  1028.6179    26.7432 7.0327e-02      0.185  278.24894     0.0644    98.4044     0.0318     0.0348     -2.876 1.0000e-12      14256         29 0.0000e+00
    413.123   16.51282 -107.13868    416.000     9.4655     9.4660     9.4185    34.6261    34.6335  1028.6292    26.7496 7.2223e-02      0.138  278.55414     0.0641    98.4112     0.0318     0.0346     -2.877 1.0000e-12      14284         28 0.0000e+00
    414.115   16.51282 -107.13868    417.000     9.4188     9.4191     9.3719    34.6247    34.6323  1028.6407    26.7562 7.1984e-02      0.149  278.83988     0.0637    98.4201     0.0319     0.0345     -2.879 1.0000e-12      14309         23 0.0000e+00
    415.107   16.51282 -107.13868    418.000     9.3912     9.3917     9.3442    34.6231    34.6308  1028.6487    26.7595 7.2962e-02      0.156  279.01055     0.0631    98.4344     0.0318     0.0346     -2.880 1.0000e-12      14333         25 0.0000e+00
    416.099   16.51282 -107.13868    419.000     9.3703     9.3713     9.3232    34.6222    34.6297  1028.6561    26.7623 6.9655e-02      0.156  279.13985     0.0638    98.4169     0.0318     0.0344     -2.881 1.0000e-12      14356         22 0.0000e+00
    417.091   16.51282 -107.13868    420.000     9.3517     9.3518     9.3046    34.6214    34.6289  1028.6632    26.7647 7.0467e-02      0.156  279.25467     0.0635    98.4239     0.0318     0.0344     -2.881 1.0000e-12      14380         25 0.0000e+00
    418.083   16.51282 -107.13868    421.000     9.3209     9.3210     9.2738    34.6194    34.6271  1028.6715    26.7682 7.3182e-02      0.174  279.44551     0.0636    98.4225     0.0318     0.0344     -2.882 1.0000e-12      14403         22 0.0000e+00
    419.075   16.51282 -107.13868    422.000     9.2736     9.2739     9.2265    34.6169    34.6244  1028.6821    26.7739 7.2084e-02      0.143  279.73936     0.0628    98.4405     0.0317     0.0344     -2.884 1.0000e-12      14426         22 0.0000e+00
    420.067   16.51282 -107.13868    423.000     9.2651     9.2652     9.2179    34.6158    34.6234  1028.6873    26.7745 7.1886e-02      0.159  279.79355     0.0628    98.4417     0.0317     0.0346     -2.884 1.0000e-12      14449         24 0.0000e+00
    421.059   16.51282 -107.13868    424.000     9.2634     9.2637     9.2162    34.6151    34.6227  1028.6915    26.7742 7.1653e-02      0.185  279.80507     0.0629    98.4397     0.0319     0.0345     -2.884 1.0000e-12      14473         25 0.0000e+00
    422.051   16.51282 -107.13868    425.000     9.2621     9.2623     9.2147    34.6145    34.6222  1028.6958    26.7740 7.0866e-02      0.193  279.81430     0.0632    98.4325     0.0318     0.0347     -2.884 1.0000e-12      14497         23 0.0000e+00
    423.043   16.51282 -107.13868    426.000     9.2497     9.2502     9.2023    34.6133    34.6211  1028.7014    26.7750 7.1213e-02      0.133  279.89240     0.0630    98.4366     0.0318     0.0345     -2.885 1.0000e-12      14522         25 0.0000e+00
    424.035   16.51282 -107.13868    427.000     9.2368     9.2369     9.1893    34.6129    34.6205  1028.7078    26.7768 7.0818e-02      0.147  279.97200     0.0629    98.4381     0.0317     0.0343     -2.885 1.0000e-12      14548         27 0.0000e+00
    425.027   16.51282 -107.13868    428.000     9.2120     9.2116     9.1645    34.6118    34.6194  1028.7157    26.7799 7.2402e-02      0.157  280.12597     0.0627    98.4439     0.0317     0.0345     -2.886 1.0000e-12      14574         26 0.0000e+00
    426.019   16.51282 -107.13868    429.000     9.1639     9.1643     9.1163    34.6101    34.6178  1028.7271    26.7864 7.0033e-02      0.158  280.42448     0.0632    98.4313     0.0317     0.0343     -2.888 1.0000e-12      14600         25 0.0000e+00
    427.011   16.51282 -107.13868    430.000     9.1181     9.1183     9.0706    34.6102    34.6178  1028.7394    26.7939 7.0075e-02      0.172  280.70506     0.0626    98.4484     0.0318     0.0344     -2.889 1.0000e-12      14624         23 0.0000e+00
    428.004   16.51282 -107.13868    431.000     9.1006     9.1007     9.0530    34.6088    34.6163  1028.7459    26.7956 7.0121e-02      0.161  280.81557     0.0625    98.4502     0.0318     0.0343     -2.890 1.0000e-12      14647         21 0.0000e+00
    428.995   16.51282 -107.13868    432.000     9.0695     9.0696     9.0219    34.6085    34.6159  1028.7554    26.8004 7.0989e-02      0.165  281.00769     0.0626    98.4460     0.0318     0.0346     -2.891 1.0000e-12      14669         24 0.0000e+00
    429.987   16.51282 -107.13868    433.000     9.0570     9.0572     9.0094    34.6080    34.6154  1028.7616    26.8020 7.1429e-02      0.155  281.08513     0.0627    98.4450     0.0319     0.0346     -2.892 1.0000e-12      14693         24 0.0000e+00
    430.979   16.51282 -107.13868    434.000     9.0532     9.0534     9.0055    34.6073    34.6149  1028.7662    26.8021 7.0908e-02      0.167  281.11021     0.0627    98.4439     0.0318     0.0344     -2.892 1.0000e-12      14717         25 0.0000e+00
    431.971   16.51282 -107.13868    435.000     9.0492     9.0494     9.0014    34.6068    34.6144  1028.7710    26.8023 7.2951e-02      0.158  281.13574     0.0627    98.4439     0.0317     0.0343     -2.892 1.0000e-12      14742         25 0.0000e+00
    432.964   16.51282 -107.13868    436.000     9.0438     9.0440     8.9959    34.6063    34.6140  1028.7761    26.8028 7.0799e-02      0.150  281.16998     0.0629    98.4389     0.0317     0.0344     -2.892 1.0000e-12      14765         21 0.0000e+00
    433.955   16.51282 -107.13868    437.000     9.0364     9.0367     8.9884    34.6059    34.6136  1028.7815    26.8037 7.2149e-02      0.159  281.21625     0.0628    98.4405     0.0317     0.0343     -2.892 1.0000e-12      14788         23 0.0000e+00
    434.947   16.51282 -107.13868    438.000     9.0174     9.0171     8.9693    34.6051    34.6127  1028.7886    26.8061 7.2799e-02      0.142  281.33528     0.0627    98.4450     0.0317     0.0343     -2.893 1.0000e-12      14811         24 0.0000e+00
    435.939   16.51282 -107.13868    439.000     8.9924     8.9924     8.9443    34.6041    34.6117  1028.7965    26.8093 7.2196e-02      0.180  281.49158     0.0622    98.4558     0.0317     0.0344     -2.894 1.0000e-12      14835         24 0.0000e+00
    436.931   16.51282 -107.13868    440.000     8.9796     8.9793     8.9314    34.6037    34.6114  1028.8029    26.8111 7.1648e-02      0.178  281.57172     0.0622    98.4564     0.0319     0.0345     -2.894 1.0000e-12      14860         25 0.0000e+00
    437.923   16.51282 -107.13868    441.000     8.9663     8.9672     8.9181    34.6031    34.6107  1028.8091    26.8127 7.1710e-02      0.174  281.65471     0.0620    98.4610     0.0317     0.0345     -2.895 1.0000e-12      14885         26 0.0000e+00
    438.915   16.51282 -107.13868    442.000     8.9487     8.9483     8.9005    34.6024    34.6101  1028.8161    26.8150 7.2596e-02      0.149  281.76483     0.0626    98.4469     0.0317     0.0346     -2.895 1.0000e-12      14912         28 0.0000e+00
