data/ctd-cnv/SKQ1617/SKQ1617-St16-P2/skq201617s-034avg.cnv
* Sea-Bird SBE 9 Data File:
* FileName = D:\CTD\SKQ201617S\SKQ201617S-034.hex
* Software Version Seasave V 7.22.5
* Temperature SN = 5773
* Conductivity SN = 2251
* Number of Bytes Per Scan = 37
* Number of Voltage Words = 4
* Number of Scans Averaged by the Deck Unit = 1
* NMEA Latitude = 16 31.84 N
* NMEA Longitude = 107 06.22 W
* NMEA UTC (Time) = Jan 09 2017  12:20:00
* NMEA baud rate = 4800
** Ship: R/V Sikuliaq
** Station Number: 34
** Station Name: Station 16/P2
** Depth: 3693
** Operator: cm
# nquan = 22
# nvalues = 502                         
# units = specified
# name 0 = depSMignore: Depth [salt water, m]
# name 1 = latitude: Latitude [deg]
# name 2 = longitude: Longitude [deg]
# name 3 = prDM: Pressure, Digiquartz [db]
# name 4 = t090C: Temperature [ITS-90, deg C]
# name 5 = t190C: Temperature, 2 [ITS-90, deg C]
# name 6 = potemp090C: Potential Temperature [ITS-90, deg C]
# name 7 = sal00: Salinity, Practical [PSU]
# name 8 = sal11: Salinity, Practical, 2 [PSU]
# name 9 = density00: Density [density, kg/m^3]
# name 10 = sigma-t00: Density [sigma-t, kg/m^3 ]
# name 11 = flSP: Fluorescence, Seapoint
# name 12 = sbox0Mm/Kg: Oxygen, SBE 43 [umol/kg]
# name 13 = oxsolMm/Kg: Oxygen Saturation, Garcia & Gordon [umol/kg]
# name 14 = CStarAt0: Beam Attenuation, WET Labs C-Star [1/m]
# name 15 = CStarTr0: Beam Transmission, WET Labs C-Star [%]
# name 16 = v2: Voltage 2
# name 17 = v3: Voltage 3
# name 18 = par: PAR/Irradiance, Biospherical/Licor
# name 19 = scan: Scan Count
# name 20 = nbin: number of scans per bin
# name 21 = flag: flag
# span 0 =      3.976,    501.399       
# span 1 =   16.53064,   16.53064       
# span 2 = -107.10372, -107.10370       
# span 3 =      4.000,    505.000       
# span 4 =     8.2946,    28.5763       
# span 5 =     8.2953,    28.5751       
# span 6 =     8.2418,    28.5748       
# span 7 =    33.5113,    34.8168       
# span 8 =    33.5217,    34.8254       
# span 9 =  1021.1227,  1029.1842       
# span 10 =    21.1046,    26.8927      
# span 11 = 6.6495e-02, 1.3761e+00      
# span 12 =      0.082,    194.479      
# span 13 =  196.86889,  285.93021      
# span 14 =     0.0630,     0.2098      
# span 15 =    94.8898,    98.4379      
# span 16 =     0.0296,     0.0337      
# span 17 =     0.0303,     0.0365      
# span 18 = -2.137e-09, 4.5205e-01      
# span 19 =        467,      18972      
# span 20 =         16,       1169      
# span 21 = 0.0000e+00, 0.0000e+00      
# interval = decibars: 1                
# start_time = Jan 09 2017 12:20:00 [NMEA time, header]
# bad_flag = -9.990e-29
*END*
[from data line 264]
    266.241   16.53064 -107.10370    268.000    11.3748    11.3750    11.3410    34.7461    34.7545  1027.7122    26.5093 7.0050e-02      0.280  267.19301     0.0712    98.2338     0.0307     0.0320 1.0000e-12      10425         26 0.0000e+00
    267.234   16.53064 -107.10370    269.000    11.3674    11.3672    11.3335    34.7458    34.7543  1027.7178    26.5105 6.9437e-02      0.302  267.23526     0.0717    98.2238     0.0308     0.0318 1.0000e-12      10450         24 0.0000e+00
    268.227   16.53064 -107.10370    270.000    11.3430    11.3428    11.3090    34.7442    34.7526  1027.7257    26.5137 7.0413e-02      0.295  267.37540     0.0714    98.2311     0.0307     0.0319 1.0000e-12      10472         22 0.0000e+00
    269.220   16.53064 -107.10371    271.000    11.3348    11.3349    11.3007    34.7431    34.7515  1027.7308    26.5143 6.8720e-02      0.294  267.42319     0.0711    98.2373     0.0307     0.0317 1.0000e-12      10493         20 0.0000e+00
    270.212   16.53064 -107.10372    272.000    11.3225    11.3226    11.2884    34.7414    34.7497  1027.7363    26.5152 6.9752e-02      0.270  267.49540     0.0714    98.2313     0.0308     0.0318 1.0000e-12      10514         22 0.0000e+00
    271.205   16.53064 -107.10372    273.000    11.3116    11.3116    11.2773    34.7399    34.7483  1027.7417    26.5161 6.9599e-02      0.289  267.55951     0.0717    98.2229     0.0306     0.0318 1.0000e-12      10537         24 0.0000e+00
    272.198   16.53064 -107.10372    274.000    11.2951    11.2950    11.2607    34.7387    34.7471  1027.7483    26.5182 7.0686e-02      0.297  267.65503     0.0717    98.2226     0.0309     0.0320 1.0000e-12      10564         30 0.0000e+00
    273.190   16.53064 -107.10372    275.000    11.2702    11.2702    11.2357    34.7370    34.7452  1027.7562    26.5214 6.9470e-02      0.257  267.79831     0.0712    98.2350     0.0310     0.0319 1.0000e-12      10596         33 0.0000e+00
    274.183   16.53064 -107.10372    276.000    11.2290    11.2287    11.1945    34.7327    34.7413  1027.7651    26.5257 6.9779e-02      0.320  268.03855     0.0712    98.2348     0.0307     0.0317 1.0000e-12      10626         23 0.0000e+00
    275.176   16.53064 -107.10370    277.000    11.2023    11.2024    11.1678    34.7317    34.7401  1027.7739    26.5298 7.2377e-02      0.307  268.19091     0.0714    98.2301     0.0307     0.0315 1.0000e-12      10650         23 0.0000e+00
    276.169   16.53064 -107.10370    278.000    11.1914    11.1915    11.1567    34.7309    34.7392  1027.7797    26.5311 7.0643e-02      0.296  268.25417     0.0720    98.2149     0.0306     0.0317 1.0000e-12      10671         21 0.0000e+00
    277.161   16.53064 -107.10370    279.000    11.1838    11.1839    11.1490    34.7301    34.7385  1027.7850    26.5320 6.8786e-02      0.296  268.29888     0.0723    98.2076     0.0306     0.0315 1.0000e-12      10692         22 0.0000e+00
    278.154   16.53064 -107.10370    280.000    11.1761    11.1759    11.1412    34.7295    34.7379  1027.7905    26.5329 7.0296e-02      0.273  268.34307     0.0723    98.2087     0.0306     0.0317 1.0000e-12      10715         25 0.0000e+00
    279.147   16.53064 -107.10370    281.000    11.1713    11.1714    11.1363    34.7291    34.7374  1027.7955    26.5334 7.0162e-02      0.278  268.37139     0.0714    98.2296     0.0305     0.0317 1.0000e-12      10741         26 0.0000e+00
    280.140   16.53064 -107.10370    282.000    11.1662    11.1664    11.1311    34.7286    34.7369  1027.8006    26.5340 6.8734e-02      0.268  268.40074     0.0711    98.2369     0.0306     0.0317 1.0000e-12      10768         26 0.0000e+00
    281.132   16.53064 -107.10370    283.000    11.1626    11.1627    11.1274    34.7284    34.7367  1027.8056    26.5344 6.9928e-02      0.264  268.42171     0.0711    98.2371     0.0305     0.0315 1.0000e-12      10792         23 0.0000e+00
    282.125   16.53064 -107.10370    284.000    11.1602    11.1603    11.1248    34.7279    34.7362  1027.8101    26.5345 7.1989e-02      0.299  268.43654     0.0712    98.2348     0.0306     0.0316 1.0000e-12      10815         23 0.0000e+00
    283.118   16.53064 -107.10370    285.000    11.1560    11.1561    11.1205    34.7277    34.7360  1027.8153    26.5351 7.1437e-02      0.266  268.46043     0.0712    98.2348     0.0306     0.0312 1.0000e-12      10837         22 0.0000e+00
    284.111   16.53064 -107.10370    286.000    11.1532    11.1533    11.1176    34.7274    34.7357  1027.8200    26.5354 7.1098e-02      0.279  268.47686     0.0720    98.2159     0.0306     0.0315 1.0000e-12      10859         22 0.0000e+00
    285.103   16.53064 -107.10370    287.000    11.1454    11.1453    11.1097    34.7267    34.7350  1027.8254    26.5363 6.9927e-02      0.282  268.52221     0.0716    98.2245     0.0307     0.0316 1.0000e-12      10882         23 0.0000e+00
    286.096   16.53064 -107.10370    288.000    11.1052    11.1043    11.0694    34.7230    34.7314  1027.8345    26.5407 6.9441e-02      0.229  268.75697     0.0713    98.2325     0.0308     0.0319 1.0000e-12      10905         23 0.0000e+00
    287.089   16.53064 -107.10372    289.000    11.0509    11.0506    11.0151    34.7221    34.7304  1027.8484    26.5499 7.0870e-02      0.301  269.06679     0.0712    98.2348     0.0306     0.0313 1.0000e-12      10930         26 0.0000e+00
    288.081   16.53064 -107.10372    290.000    11.0282    11.0283    10.9924    34.7211    34.7297  1027.8565    26.5532 7.0731e-02      0.301  269.19753     0.0711    98.2376     0.0305     0.0316 1.0000e-12      10958         29 0.0000e+00
    289.074   16.53064 -107.10370    291.000    11.0135    11.0133    10.9775    34.7202    34.7285  1027.8630    26.5552 7.0507e-02      0.292  269.28319     0.0707    98.2472     0.0306     0.0316 1.0000e-12      10987         28 0.0000e+00
    290.067   16.53064 -107.10370    292.000    11.0107    11.0109    10.9746    34.7196    34.7280  1027.8675    26.5552 6.9865e-02      0.287  269.30031     0.0712    98.2354     0.0305     0.0314 1.0000e-12      11014         25 0.0000e+00
    291.060   16.53064 -107.10370    293.000    11.0098    11.0099    10.9736    34.7193    34.7275  1027.8719    26.5551 7.1942e-02      0.178  269.30586     0.0710    98.2393     0.0306     0.0315 1.0000e-12      11038         24 0.0000e+00
    292.052   16.53064 -107.10370    294.000    11.0075    11.0076    10.9712    34.7188    34.7271  1027.8764    26.5552 7.2352e-02      0.179  269.31990     0.0706    98.2514     0.0306     0.0314 1.0000e-12      11062         24 0.0000e+00
    293.045   16.53064 -107.10370    295.000    11.0058    11.0059    10.9693    34.7183    34.7266  1027.8808    26.5551 6.9536e-02      0.196  269.33066     0.0703    98.2591     0.0306     0.0316 1.0000e-12      11087         25 0.0000e+00
    294.037   16.53064 -107.10370    296.000    11.0029    11.0032    10.9664    34.7179    34.7262  1027.8855    26.5553 6.9301e-02      0.211  269.34771     0.0704    98.2568     0.0305     0.0312 1.0000e-12      11111         25 0.0000e+00
    295.030   16.53064 -107.10371    297.000    10.9965    10.9963    10.9598    34.7167    34.7250  1027.8903    26.5555 7.1018e-02      0.138  269.38656     0.0706    98.2497     0.0305     0.0312 1.0000e-12      11135         23 0.0000e+00
    296.023   16.53064 -107.10372    298.000    10.9577    10.9575    10.9210    34.7138    34.7220  1027.8997    26.5603 6.9041e-02      0.216  269.61303     0.0704    98.2545     0.0307     0.0316 1.0000e-12      11157         20 0.0000e+00
    297.016   16.53064 -107.10372    299.000    10.9321    10.9321    10.8954    34.7119    34.7204  1027.9075    26.5635 6.6615e-02      0.236  269.76245     0.0701    98.2623     0.0305     0.0313 1.0000e-12      11177         21 0.0000e+00
    298.008   16.53064 -107.10372    300.000    10.9191    10.9196    10.8823    34.7109    34.7193  1027.9136    26.5649 6.8749e-02      0.154  269.83885     0.0702    98.2598     0.0305     0.0315 1.0000e-12      11198         22 0.0000e+00
    299.001   16.53064 -107.10370    301.000    10.9155    10.9160    10.8785    34.7102    34.7185  1027.9182    26.5651 7.0315e-02      0.253  269.86074     0.0702    98.2610     0.0306     0.0313 1.0000e-12      11222         25 0.0000e+00
    299.993   16.53064 -107.10370    302.000    10.9083    10.9086    10.8712    34.7087    34.7171  1027.9229    26.5652 6.9180e-02      0.186  269.90456     0.0701    98.2639     0.0305     0.0311 1.0000e-12      11248         27 0.0000e+00
    300.986   16.53064 -107.10370    303.000    10.9043    10.9045    10.8671    34.7081    34.7164  1027.9276    26.5655 6.8805e-02      0.139  269.92895     0.0692    98.2847     0.0306     0.0314 1.0000e-12      11276         28 0.0000e+00
    301.979   16.53064 -107.10370    304.000    10.9004    10.9005    10.8631    34.7075    34.7158  1027.9323    26.5657 6.9056e-02      0.187  269.95240     0.0691    98.2871     0.0305     0.0313 1.0000e-12      11303         27 0.0000e+00
    302.971   16.53064 -107.10370    305.000    10.8977    10.8980    10.8603    34.7070    34.7153  1027.9370    26.5658 6.9299e-02      0.222  269.96867     0.0692    98.2840     0.0305     0.0313 1.0000e-12      11329         25 0.0000e+00
    303.964   16.53064 -107.10370    306.000    10.8856    10.8857    10.8481    34.7052    34.7136  1027.9423    26.5665 6.9433e-02      0.145  270.04118     0.0701    98.2639     0.0306     0.0313 1.0000e-12      11352         23 0.0000e+00
    304.956   16.53064 -107.10370    307.000    10.8593    10.8593    10.8217    34.7032    34.7116  1027.9500    26.5697 6.9127e-02      0.183  270.19541     0.0696    98.2754     0.0306     0.0316 1.0000e-12      11375         23 0.0000e+00
    305.949   16.53064 -107.10371    308.000    10.8391    10.8386    10.8014    34.7020    34.7102  1027.9573    26.5724 6.7632e-02      0.158  270.31355     0.0696    98.2762     0.0305     0.0313 1.0000e-12      11399         24 0.0000e+00
    306.942   16.53064 -107.10372    309.000    10.8341    10.8345    10.7963    34.7016    34.7099  1027.9625    26.5730 6.7021e-02      0.215  270.34283     0.0693    98.2832     0.0306     0.0314 1.0000e-12      11425         27 0.0000e+00
    307.934   16.53064 -107.10372    310.000    10.8335    10.8337    10.7956    34.7012    34.7094  1027.9667    26.5728 6.8485e-02      0.214  270.34722     0.0694    98.2811     0.0305     0.0312 1.0000e-12      11452         26 0.0000e+00
    308.927   16.53064 -107.10372    311.000    10.8330    10.8331    10.7949    34.7008    34.7092  1027.9711    26.5726 6.8967e-02      0.177  270.35093     0.0691    98.2876     0.0305     0.0315 1.0000e-12      11477         22 0.0000e+00
    309.919   16.53064 -107.10372    312.000    10.8297    10.8298    10.7915    34.7002    34.7086  1027.9757    26.5727 7.0465e-02      0.124  270.37090     0.0692    98.2859     0.0306     0.0311 1.0000e-12      11500         22 0.0000e+00
    310.912   16.53064 -107.10372    313.000    10.8190    10.8188    10.7808    34.6997    34.7080  1027.9817    26.5742 6.8936e-02      0.136  270.43299     0.0692    98.2835     0.0304     0.0312 1.0000e-12      11521         22 0.0000e+00
    311.905   16.53064 -107.10371    314.000    10.8156    10.8160    10.7772    34.6993    34.7077  1027.9865    26.5745 6.9072e-02      0.147  270.45328     0.0699    98.2674     0.0303     0.0313 1.0000e-12      11543         21 0.0000e+00
    312.897   16.53064 -107.10370    315.000    10.7897    10.7904    10.7512    34.6973    34.7056  1027.9943    26.5776 6.9739e-02      0.183  270.60610     0.0695    98.2771     0.0305     0.0313 1.0000e-12      11565         24 0.0000e+00
    313.890   16.53064 -107.10371    316.000    10.7666    10.7667    10.7281    34.6976    34.7060  1028.0032    26.5820 6.8036e-02      0.168  270.73815     0.0692    98.2848     0.0305     0.0314 1.0000e-12      11589         25 0.0000e+00
    314.882   16.53064 -107.10372    317.000    10.7641    10.7643    10.7255    34.6972    34.7055  1028.0078    26.5821 6.8191e-02      0.140  270.75303     0.0692    98.2841     0.0305     0.0312 1.0000e-12      11616         26 0.0000e+00
    315.875   16.53064 -107.10372    318.000    10.7631    10.7632    10.7244    34.6969    34.7052  1028.0122    26.5820 6.6671e-02      0.215  270.75946     0.0691    98.2871     0.0306     0.0313 1.0000e-12      11644         29 0.0000e+00
    316.867   16.53064 -107.10372    319.000    10.7616    10.7617    10.7227    34.6966    34.7049  1028.0168    26.5821 6.8568e-02      0.115  270.76885     0.0691    98.2871     0.0305     0.0314 1.0000e-12      11671         25 0.0000e+00
    317.860   16.53064 -107.10372    320.000    10.7604    10.7602    10.7214    34.6964    34.7047  1028.0213    26.5821 6.6615e-02      0.140  270.77602     0.0691    98.2883     0.0304     0.0310 1.0000e-12      11694         22 0.0000e+00
    318.852   16.53064 -107.10372    321.000    10.7563    10.7565    10.7172    34.6960    34.7043  1028.0262    26.5825 6.7155e-02      0.165  270.80022     0.0684    98.3032     0.0305     0.0312 1.0000e-12      11716         21 0.0000e+00
    319.845   16.53064 -107.10371    322.000    10.7472    10.7476    10.7080    34.6955    34.7038  1028.0321    26.5838 6.8507e-02      0.154  270.85361     0.0691    98.2874     0.0304     0.0311 1.0000e-12      11738         24 0.0000e+00
    320.837   16.53064 -107.10370    323.000    10.7401    10.7406    10.7008    34.6951    34.7034  1028.0375    26.5847 7.0021e-02      0.165  270.89536     0.0691    98.2871     0.0305     0.0310 1.0000e-12      11762         24 0.0000e+00
    321.830   16.53064 -107.10371    324.000    10.7221    10.7215    10.6827    34.6939    34.7021  1028.0444    26.5870 6.7966e-02      0.174  271.00087     0.0691    98.2860     0.0305     0.0312 1.0000e-12      11787         25 0.0000e+00
    322.823   16.53064 -107.10372    325.000    10.7046    10.7048    10.6652    34.6931    34.7013  1028.0515    26.5895 7.0101e-02      0.150  271.10306     0.0690    98.2904     0.0305     0.0313 1.0000e-12      11813         25 0.0000e+00
    323.815   16.53064 -107.10372    326.000    10.6802    10.6802    10.6406    34.6919    34.7001  1028.0595    26.5929 7.0640e-02      0.182  271.24657     0.0682    98.3074     0.0305     0.0313 1.0000e-12      11838         25 0.0000e+00
    324.808   16.53064 -107.10372    327.000    10.6618    10.6619    10.6222    34.6911    34.6994  1028.0667    26.5955 6.9579e-02      0.167  271.35412     0.0680    98.3123     0.0305     0.0312 1.0000e-12      11863         27 0.0000e+00
    325.800   16.53064 -107.10372    328.000    10.6515    10.6517    10.6118    34.6905    34.6987  1028.0726    26.5969 6.8697e-02      0.154  271.41444     0.0681    98.3111     0.0305     0.0312 1.0000e-12      11891         25 0.0000e+00
    326.793   16.53064 -107.10372    329.000    10.6390    10.6392    10.5992    34.6896    34.6977  1028.0787    26.5984 6.8525e-02      0.160  271.48840     0.0689    98.2911     0.0305     0.0311 1.0000e-12      11916         24 0.0000e+00
    327.785   16.53064 -107.10372    330.000    10.6063    10.6064    10.5664    34.6878    34.6960  1028.0878    26.6028 6.8312e-02      0.172  271.68091     0.0803    98.0130     0.0303     0.0310 1.0000e-12      11938         20 0.0000e+00
    328.778   16.53064 -107.10372    331.000    10.5809    10.5811    10.5410    34.6883    34.6965  1028.0973    26.6077 6.8048e-02      0.149  271.82691     0.0681    98.3119     0.0305     0.0311 1.0000e-12      11957         19 0.0000e+00
    329.770   16.53064 -107.10372    332.000    10.5733    10.5738    10.5332    34.6871    34.6954  1028.1022    26.6081 6.6991e-02      0.176  271.87359     0.0690    98.2885     0.0302     0.0310 1.0000e-12      11977         21 0.0000e+00
