data/ctd-cnv/SKQ1617/SKQ1617-St16-P2/skq201617s-041avg.cnv
* Sea-Bird SBE 9 Data File:
* FileName = D:\CTD\SKQ201617S\SKQ201617S-041.hex
* Software Version Seasave V 7.22.5
* Temperature SN = 5773
* Conductivity SN = 2251
* Number of Bytes Per Scan = 37
* Number of Voltage Words = 4
* Number of Scans Averaged by the Deck Unit = 1
* NMEA Latitude = 16 33.31 N
* NMEA Longitude = 106 58.36 W
* NMEA UTC (Time) = Jan 12 2017  14:02:36
* NMEA baud rate = 4800
** Ship: R/V Sikuliaq
** Station Number: 41
** Station Name: Station 16/P2
** Depth: 2963
** Operator:
** exploring deep nitrite max
# nquan = 20
# nvalues = 502                         
# units = specified
# name 0 = depSMignore: Depth [salt water, m]
# name 1 = latitude: Latitude [deg]
# name 2 = longitude: Longitude [deg]
# name 3 = prDM: Pressure, Digiquartz [db]
# name 4 = t090C: Temperature [ITS-90, deg C]
# name 5 = t190C: Temperature, 2 [ITS-90, deg C]
# name 6 = potemp090C: Potential Temperature [ITS-90, deg C]
# name 7 = sal00: Salinity, Practical [PSU]
# name 8 = sal11: Salinity, Practical, 2 [PSU]
# name 9 = density00: Density [density, kg/m^3]
# name 10 = sigma-t00: Density [sigma-t, kg/m^3 ]
# name 11 = flSP: Fluorescence, Seapoint
# name 12 = sbox0Mm/Kg: Oxygen, SBE 43 [umol/kg]
# name 13 = oxsolMm/Kg: Oxygen Saturation, Garcia & Gordon [umol/kg]
# name 14 = CStarAt0: Beam Attenuation, WET Labs C-Star [1/m]
# name 15 = CStarTr0: Beam Transmission, WET Labs C-Star [%]
# name 16 = par: PAR/Irradiance, Biospherical/Licor
# name 17 = scan: Scan Count
# name 18 = nbin: number of scans per bin
# name 19 = flag: flag
# span 0 =      2.982,    500.407       
# span 1 =   16.55512,   16.55514       
# span 2 = -106.97264, -106.97262       
# span 3 =      3.000,    504.000       
# span 4 =     8.0076,    28.7883       
# span 5 =     8.0079,    28.7881       
# span 6 =     7.9560,    28.7773       
# span 7 =    33.5004,    34.8148       
# span 8 =    33.5104,    34.8226       
# span 9 =  1021.0531,  1029.2208       
# span 10 =    21.0384,    26.9352      
# span 11 = 6.6214e-02, 1.6598e+00      
# span 12 =      0.084,    191.131      
# span 13 =  196.14806,  287.76690      
# span 14 =     0.0651,     0.2359      
# span 15 =    94.2719,    98.3876      
# span 16 = 1.0000e-12, 9.7113e+01      
# span 17 =       -141,      18223      
# span 18 =         14,        635      
# span 19 = 0.0000e+00, 0.0000e+00      
# interval = decibars: 1                
# start_time = Jan 12 2017 14:02:36 [NMEA time, header]
# bad_flag = -9.990e-29
*END*
      2.982   16.55514 -106.97264      3.000    28.6962    28.6991    28.6955    33.5016    33.5122  1021.0531    21.0402 2.3337e-01    188.919  196.53329     0.1584    96.1169 9.7113e+01       -141        108 0.0000e+00
      3.976   16.55514 -106.97264      4.000    28.6978    28.6969    28.6969    33.5015    33.5113  1021.0567    21.0396 2.2769e-01    190.608  196.52832     0.1563    96.1670 8.3246e+01        776        139 0.0000e+00
      4.970   16.55514 -106.97264      5.000    28.6992    28.6992    28.6980    33.5009    33.5109  1021.0601    21.0387 2.2981e-01    190.453  196.52486     0.1566    96.1612 7.2385e+01        861         76 0.0000e+00
      5.964   16.55513 -106.97264      6.000    28.6993    28.6984    28.6978    33.5019    33.5118  1021.0651    21.0394 2.1897e-01    189.959  196.52339     0.1568    96.1561 6.6095e+01        913         69 0.0000e+00
      6.958   16.55512 -106.97264      7.000    28.7024    28.7021    28.7008    33.5019    33.5119  1021.0684    21.0384 2.2787e-01    189.579  196.51334     0.1560    96.1758 5.9747e+01        985         66 0.0000e+00
      7.952   16.55512 -106.97264      8.000    28.7009    28.7012    28.6990    33.5021    33.5119  1021.0733    21.0390 2.1110e-01    189.844  196.51772     0.1578    96.1310 5.3766e+01       1041         51 0.0000e+00
      8.947   16.55514 -106.97264      9.000    28.6924    28.6945    28.6903    33.5024    33.5123  1021.0806    21.0421 2.3929e-01    190.052  196.54407     0.1557    96.1826 4.9039e+01       1103         79 0.0000e+00
      9.941   16.55514 -106.97263     10.000    28.6953    28.6965    28.6929    33.5022    33.5122  1021.0838    21.0409 2.1200e-01    190.108  196.53541     0.1555    96.1863 4.7209e+01       1173         51 0.0000e+00
     10.934   16.55514 -106.97262     11.000    28.6999    28.6997    28.6972    33.5017    33.5115  1021.0862    21.0390 2.0799e-01    189.882  196.52166     0.1555    96.1865 4.3420e+01       1220         47 0.0000e+00
     11.929   16.55512 -106.97264     12.000    28.6971    28.6965    28.6943    33.5013    33.5111  1021.0911    21.0396 2.0963e-01    189.682  196.53069     0.1568    96.1551 4.0574e+01       1271         50 0.0000e+00
     12.923   16.55512 -106.97264     13.000    28.6962    28.6961    28.6931    33.5011    33.5110  1021.0955    21.0398 2.2301e-01    190.264  196.53374     0.1565    96.1637 3.7335e+01       1324         60 0.0000e+00
     13.917   16.55512 -106.97264     14.000    28.6943    28.6953    28.6910    33.5011    33.5111  1021.1004    21.0404 2.2651e-01    189.976  196.53979     0.1556    96.1847 3.5502e+01       1392         75 0.0000e+00
     14.911   16.55513 -106.97264     15.000    28.6895    28.6894    28.6859    33.5004    33.5104  1021.1058    21.0415 2.1512e-01    190.311  196.55555     0.1555    96.1866 3.2928e+01       1458         47 0.0000e+00
     15.905   16.55514 -106.97263     16.000    28.6911    28.6917    28.6873    33.5007    33.5107  1021.1098    21.0412 2.0286e-01    190.338  196.55037     0.1576    96.1366 3.1462e+01       1497         38 0.0000e+00
     16.899   16.55513 -106.97263     17.000    28.6909    28.6902    28.6869    33.5006    33.5104  1021.1141    21.0412 2.4447e-01    189.845  196.55092     0.1563    96.1686 2.9557e+01       1735        356 0.0000e+00
     17.893   16.55514 -106.97263     18.000    28.6934    28.6922    28.6891    33.5006    33.5106  1021.1176    21.0404 2.1604e-01    190.161  196.54313     0.1549    96.2004 2.8443e+01       1945         71 0.0000e+00
     18.887   16.55512 -106.97264     19.000    28.6919    28.6917    28.6874    33.5007    33.5106  1021.1224    21.0409 2.1732e-01    189.853  196.54758     0.1578    96.1320 2.7267e+01       2022         60 0.0000e+00
     19.881   16.55512 -106.97264     20.000    28.6942    28.6938    28.6894    33.5018    33.5118  1021.1268    21.0410 2.2761e-01    189.760  196.53913     0.1555    96.1879 2.6610e+01       2076         58 0.0000e+00
     20.875   16.55512 -106.97264     21.000    28.6945    28.6935    28.6895    33.5013    33.5109  1021.1306    21.0405 2.1969e-01    189.849  196.53880     0.1554    96.1883 2.5521e+01       2138         54 0.0000e+00
     21.869   16.55513 -106.97264     22.000    28.6925    28.6934    28.6872    33.5013    33.5115  1021.1355    21.0412 2.0906e-01    189.587  196.54507     0.1561    96.1732 2.5521e+01       2185         43 0.0000e+00
     22.863   16.55514 -106.97263     23.000    28.7039    28.7070    28.6984    33.5058    33.5168  1021.1394    21.0408 2.2442e-01    189.931  196.50368     0.1573    96.1442 2.4912e+01       2233         55 0.0000e+00
     23.856   16.55514 -106.97262     24.000    28.7007    28.7041    28.6949    33.5046    33.5159  1021.1439    21.0410 2.1419e-01    189.684  196.51535     0.1559    96.1782 2.3579e+01       2282         41 0.0000e+00
     24.850   16.55512 -106.97262     25.000    28.7017    28.7028    28.6957    33.5054    33.5153  1021.1484    21.0412 2.1143e-01    189.799  196.51130     0.1558    96.1810 2.3780e+01       2317         32 0.0000e+00
     25.844   16.55512 -106.97263     26.000    28.7097    28.7090    28.7035    33.5069    33.5167  1021.1511    21.0397 2.1055e-01    190.284  196.48420     0.1569    96.1533 2.3013e+01       2350         36 0.0000e+00
     26.838   16.55512 -106.97264     27.000    28.7115    28.7115    28.7051    33.5075    33.5175  1021.1553    21.0395 2.4352e-01    189.762  196.47761     0.1574    96.1426 2.2145e+01       2396         58 0.0000e+00
     27.832   16.55512 -106.97264     28.000    28.7125    28.7137    28.7058    33.5086    33.5193  1021.1601    21.0401 2.5587e-01    189.731  196.47332     0.1577    96.1353 2.2161e+01       2483         97 0.0000e+00
     28.826   16.55512 -106.97262     29.000    28.7138    28.7138    28.7069    33.5093    33.5192  1021.1645    21.0402 2.1325e-01    189.342  196.46830     0.1585    96.1147 2.1520e+01       2550         41 0.0000e+00
     29.820   16.55513 -106.97262     30.000    28.7265    28.7259    28.7193    33.5193    33.5286  1021.1720    21.0435 2.1628e-01    189.938  196.41607     0.1602    96.0747 2.1230e+01       2584         29 0.0000e+00
     30.814   16.55514 -106.97262     31.000    28.7201    28.7210    28.7127    33.5131    33.5240  1021.1738    21.0409 2.1222e-01    189.392  196.44378     0.1581    96.1261 2.0238e+01       2612         27 0.0000e+00
     31.808   16.55514 -106.97262     32.000    28.7176    28.7189    28.7099    33.5114    33.5227  1021.1776    21.0405 2.1311e-01    189.653  196.45384     0.1582    96.1230 1.9441e+01       2637         27 0.0000e+00
     32.802   16.55514 -106.97264     33.000    28.7268    28.7247    28.7190    33.5188    33.5268  1021.1844    21.0429 2.3195e-01    189.900  196.41560     0.1588    96.1091 1.8880e+01       2668         34 0.0000e+00
     33.796   16.55512 -106.97264     34.000    28.7231    28.7257    28.7150    33.5154    33.5274  1021.1874    21.0417 2.6241e-01    189.425  196.43144     0.1613    96.0476 1.8844e+01       2790        119 0.0000e+00
     34.790   16.55512 -106.97264     35.000    28.7420    28.7419    28.7336    33.5298    33.5396  1021.1962    21.0462 2.3392e-01    189.411  196.35450     0.1598    96.0844 1.8011e+01       2830         27 0.0000e+00
     35.784   16.55512 -106.97264     36.000    28.7491    28.7493    28.7405    33.5331    33.5431  1021.2007    21.0464 2.3311e-01    189.450  196.32819     0.1610    96.0544 1.6791e+01       2858         30 0.0000e+00
     36.778   16.55513 -106.97264     37.000    28.7456    28.7444    28.7367    33.5308    33.5398  1021.2043    21.0458 2.8178e-01    189.352  196.34208     0.1611    96.0528 1.6510e+01       2916         84 0.0000e+00
     37.771   16.55514 -106.97264     38.000    28.7533    28.7519    28.7442    33.5350    33.5444  1021.2092    21.0464 2.3077e-01    190.103  196.31272     0.1595    96.0923 1.6398e+01       2977         32 0.0000e+00
     38.766   16.55514 -106.97264     39.000    28.7519    28.7516    28.7426    33.5346    33.5443  1021.2137    21.0465 2.2512e-01    189.814  196.31753     0.1602    96.0738 1.5631e+01       3004         25 0.0000e+00
     39.759   16.55514 -106.97262     40.000    28.7549    28.7549    28.7453    33.5362    33.5461  1021.2182    21.0468 2.4197e-01    189.192  196.30624     0.1611    96.0530 1.4943e+01       3032         33 0.0000e+00
     40.753   16.55513 -106.97263     41.000    28.7582    28.7578    28.7483    33.5374    33.5472  1021.2222    21.0465 2.5988e-01    189.264  196.29449     0.1608    96.0609 1.4260e+01       3079         62 0.0000e+00
     41.747   16.55512 -106.97264     42.000    28.7582    28.7580    28.7482    33.5378    33.5476  1021.2269    21.0469 2.5448e-01    190.053  196.29371     0.1600    96.0782 1.3894e+01       3143         68 0.0000e+00
     42.741   16.55512 -106.97264     43.000    28.7606    28.7606    28.7503    33.5420    33.5520  1021.2335    21.0492 2.8796e-01    189.599  196.28117     0.1603    96.0724 1.3468e+01       3220         72 0.0000e+00
     43.735   16.55514 -106.97264     44.000    28.7726    28.7737    28.7621    33.5567    33.5678  1021.2448    21.0562 2.9984e-01    189.761  196.22530     0.1649    95.9605 1.2682e+01       3276         44 0.0000e+00
     44.729   16.55514 -106.97262     45.000    28.7818    28.7816    28.7710    33.5651    33.5748  1021.2524    21.0595 3.1170e-01    189.545  196.18628     0.1685    95.8760 1.2207e+01       3318         40 0.0000e+00
     45.723   16.55514 -106.97262     46.000    28.7883    28.7881    28.7773    33.5730    33.5825  1021.2604    21.0633 3.1267e-01    189.349  196.15613     0.1682    95.8822 1.1853e+01       3354         31 0.0000e+00
     46.716   16.55514 -106.97262     47.000    28.7872    28.7868    28.7759    33.5763    33.5859  1021.2676    21.0662 3.1738e-01    189.494  196.15560     0.1635    95.9947 1.1431e+01       3384         30 0.0000e+00
     47.710   16.55514 -106.97264     48.000    28.7863    28.7861    28.7748    33.5846    33.5946  1021.2784    21.0727 3.4533e-01    190.538  196.14806     0.1665    95.9242 1.0934e+01       3413         30 0.0000e+00
     48.704   16.55513 -106.97264     49.000    28.7800    28.7794    28.7683    33.5904    33.6014  1021.2890    21.0791 4.1226e-01    190.079  196.16049     0.1711    95.8125 1.0408e+01       3475        125 0.0000e+00
     49.698   16.55512 -106.97264     50.000    28.7675    28.7629    28.7555    33.6033    33.6183  1021.3072    21.0929 4.1570e-01    188.808  196.18381     0.1666    95.9207 1.0062e+01       3588         43 0.0000e+00
     50.692   16.55514 -106.97264     51.000    28.6059    28.6094    28.5937    33.6943    33.7028  1021.4332    21.2146 7.5383e-01    190.904  196.57772     0.1763    95.6892 9.4888e+00       3613         28 0.0000e+00
     51.686   16.55514 -106.97264     52.000    28.3531    28.3550    28.3408    33.7560    33.7652  1021.5670    21.3441 1.0754e+00    191.131  197.29694     0.2064    94.9713 8.9134e+00       3640         27 0.0000e+00
     52.679   16.55514 -106.97264     53.000    28.0402    28.0440    28.0278    33.7854    33.7954  1021.6957    21.4684 1.2920e+00    189.976  198.25358     0.2206    94.6345 8.3473e+00       3671         40 0.0000e+00
     53.673   16.55514 -106.97263     54.000    27.9178    27.9263    27.9051    33.7777    33.7889  1021.7342    21.5025 1.5225e+00    184.211  198.65372     0.2267    94.4914 7.8316e+00       3727         65 0.0000e+00
     54.667   16.55514 -106.97264     55.000    27.8161    27.8145    27.8032    33.7585    33.7675  1021.7571    21.5210 1.3844e+00    183.318  199.00385     0.2272    94.4791 7.3362e+00       3779         38 0.0000e+00
     55.661   16.55514 -106.97264     56.000    27.3829    27.3828    27.3700    33.7621    33.7723  1021.9038    21.6633 1.5014e+00    183.706  200.39917     0.2322    94.3597 6.7204e+00       3814         34 0.0000e+00
     56.655   16.55514 -106.97264     57.000    27.3424    27.3681    27.3292    33.7764    33.7833  1021.9317    21.6869 1.6598e+00    176.673  200.51478     0.2359    94.2719 6.0270e+00       3870         94 0.0000e+00
     57.649   16.55514 -106.97264     58.000    27.1071    27.1164    27.0938    33.7640    33.7741  1022.0015    21.7522 1.5644e+00    183.546  201.30573     0.2325    94.3535 5.4574e+00       3961         48 0.0000e+00
     58.642   16.55514 -106.97264     59.000    26.2006    26.2001    26.1874    33.8780    33.8873  1022.3787    22.1247 1.4604e+00    172.670  204.15837     0.2294    94.4275 4.9320e+00       3992         34 0.0000e+00
     59.636   16.55514 -106.97264     60.000    26.0899    26.0893    26.0765    33.9265    33.9355  1022.4541    22.1958 1.4317e+00    152.883  204.46768     0.2237    94.5620 4.3936e+00       4025         33 0.0000e+00
     60.630   16.55514 -106.97264     61.000    25.9513    25.9497    25.9377    33.9661    33.9751  1022.5313    22.2686 1.4428e+00    149.793  204.88475     0.2215    94.6135 3.9091e+00       4066         42 0.0000e+00
     61.624   16.55514 -106.97264     62.000    25.5881    25.5753    25.5745    34.0437    34.0564  1022.7065    22.4393 1.3724e+00    148.667  206.01898     0.2177    94.7030 3.5322e+00       4107         39 0.0000e+00
     62.618   16.55514 -106.97264     63.000    25.3964    25.3957    25.3827    34.1131    34.1218  1022.8220    22.5504 1.4587e+00    140.565  206.58474     0.2153    94.7602 3.1814e+00       4154         63 0.0000e+00
     63.611   16.55514 -106.97264     64.000    25.2905    25.2897    25.2766    34.1589    34.1677  1022.8934    22.6174 1.3857e+00    138.952  206.88857     0.2158    94.7473 2.8394e+00       4222         58 0.0000e+00
     64.605   16.55512 -106.97264     65.000    25.0942    25.0866    25.0802    34.2125    34.2234  1022.9980    22.7176 1.2830e+00    138.242  207.49661     0.2207    94.6317 2.5299e+00       4273         54 0.0000e+00
     65.599   16.55513 -106.97264     66.000    24.6560    24.6526    24.6419    34.2742    34.2838  1023.1815    22.8965 1.2532e+00    133.197  208.94601     0.2081    94.9293 2.2573e+00       4331         56 0.0000e+00
     66.593   16.55514 -106.97264     67.000    24.1748    24.1708    24.1607    34.3468    34.3553  1023.3847    23.0951 1.0896e+00    122.038  210.55022     0.1992    95.1411 2.0406e+00       4377         38 0.0000e+00
     67.586   16.55514 -106.97264     68.000    23.7670    23.7607    23.7528    34.3662    34.3762  1023.5242    23.2300 9.7457e-01    114.650  211.99068     0.1927    95.2953 1.8519e+00       4412         31 0.0000e+00
     68.580   16.55514 -106.97264     69.000    23.1005    23.0991    23.0864    34.4208    34.4293  1023.7643    23.4654 8.4060e-01    107.710  214.34664     0.1848    95.4849 1.6779e+00       4444         35 0.0000e+00
     69.574   16.55514 -106.97264     70.000    22.5911    22.5796    22.5770    34.4494    34.4565  1023.9365    23.6328 8.2124e-01     88.527  216.20264     0.1733    95.7609 1.5156e+00       4491         59 0.0000e+00
     70.568   16.55512 -106.97264     71.000    22.3132    22.3119    22.2991    34.4556    34.4638  1024.0245    23.7163 7.3369e-01     78.569  217.23923     0.1679    95.8908 1.3700e+00       4550         56 0.0000e+00
     71.561   16.55512 -106.97264     72.000    22.2105    22.2205    22.1962    34.4449    34.4535  1024.0497    23.7370 7.6196e-01     75.192  217.64514     0.1687    95.8699 1.2234e+00       4617         70 0.0000e+00
     72.555   16.55514 -106.97264     73.000    21.6198    21.6160    21.6056    34.4784    34.4877  1024.2446    23.9271 6.2022e-01     70.885  219.86191     0.1653    95.9515 1.1153e+00       4671         42 0.0000e+00
     73.549   16.55514 -106.97263     74.000    21.0955    21.1001    21.0814    34.5048    34.5131  1024.4132    24.0909 5.9588e-01     57.853  221.87244     0.1645    95.9705 1.0235e+00       4717         42 0.0000e+00
