data/ctd-cnv/SKQ1617/SKQ1617-St16-P2/skq201617s-039avg.cnv
* Sea-Bird SBE 9 Data File:
* FileName = D:\CTD\SKQ201617S\SKQ201617S-039.hex
* Software Version Seasave V 7.22.5
* Temperature SN = 5773
* Conductivity SN = 2251
* Number of Bytes Per Scan = 37
* Number of Voltage Words = 4
* Number of Scans Averaged by the Deck Unit = 1
* NMEA Latitude = 16 33.07 N
* NMEA Longitude = 107 01.09 W
* NMEA UTC (Time) = Jan 11 2017  14:01:28
* NMEA baud rate = 4800
** Ship: R/V Sikuliaq
** Station Number: 39
** Station Name: Station 16/P2
** Depth: 3534m
** Operator: unknown
# nquan = 20
# nvalues = 503                         
# units = specified
# name 0 = depSM: Depth [salt water, m]
# name 1 = latitude: Latitude [deg]
# name 2 = longitude: Longitude [deg]
# name 3 = prDM: Pressure, Digiquartz [db]
# name 4 = t090C: Temperature [ITS-90, deg C]
# name 5 = t190C: Temperature, 2 [ITS-90, deg C]
# name 6 = potemp090C: Potential Temperature [ITS-90, deg C]
# name 7 = sal00: Salinity, Practical [PSU]
# name 8 = sal11: Salinity, Practical, 2 [PSU]
# name 9 = density00: Density [density, kg/m^3]
# name 10 = sigma-t00: Density [sigma-t, kg/m^3 ]
# name 11 = flSP: Fluorescence, Seapoint
# name 12 = sbox0Mm/Kg: Oxygen, SBE 43 [umol/kg]
# name 13 = oxsolMm/Kg: Oxygen Saturation, Garcia & Gordon [umol/kg]
# name 14 = CStarAt0: Beam Attenuation, WET Labs C-Star [1/m]
# name 15 = CStarTr0: Beam Transmission, WET Labs C-Star [%]
# name 16 = par: PAR/Irradiance, Biospherical/Licor
# name 17 = scan: Scan Count
# name 18 = nbin: number of scans per bin
# name 19 = flag: flag
# span 0 =      2.982,    501.399       
# span 1 =   16.55118,   16.55120       
# span 2 = -107.01810, -107.01808       
# span 3 =      3.000,    505.000       
# span 4 =     8.2294,    28.8443       
# span 5 =     8.2296,    28.8442       
# span 6 =     8.1770,    28.8373       
# span 7 =    33.6060,    34.8097       
# span 8 =    33.6162,    34.8176       
# span 9 =  1021.0868,  1029.1969       
# span 10 =    21.0706,    26.9070      
# span 11 = 6.5794e-02, 1.7628e+00      
# span 12 =      0.021,    190.776      
# span 13 =  195.93749,  286.33312      
# span 14 =     0.0643,     0.2354      
# span 15 =    94.2855,    98.4061      
# span 16 = -6.165e-08, 1.0357e+02      
# span 17 =        307,      17276      
# span 18 =         14,        482      
# span 19 = 0.0000e+00, 0.0000e+00      
# interval = decibars: 1                
# start_time = Jan 11 2017 14:01:28 [NMEA time, header]
# bad_flag = -9.990e-29
*END*
[from data line 73]
     75.536   16.55120 -107.01810     76.000    20.0410    20.0426    20.0270    34.5751    34.5821  1024.7587    24.4268 4.8423e-01     37.985  225.99717     0.1439    96.4672 6.4908e-01       4545         36 0.0000e+00
     76.530   16.55120 -107.01810     77.000    20.2618    20.3430    20.2475    34.5523    34.5594  1024.6869    24.3509 6.2534e-01     23.883  225.13672     0.1444    96.4550 5.8761e-01       4620        104 0.0000e+00
     77.524   16.55120 -107.01810     78.000    19.3135    19.3368    19.2994    34.6000    34.6102  1024.9766    24.6353 4.1409e-01     34.099  228.96424     0.1459    96.4193 5.4232e-01       4691         36 0.0000e+00
     78.517   16.55120 -107.01810     79.000    18.9248    18.9249    18.9109    34.6121    34.6192  1025.0899    24.7438 3.6764e-01     17.923  230.58321     0.1448    96.4436 5.0133e-01       4720         26 0.0000e+00
     79.511   16.55120 -107.01810     80.000    18.6175    18.6174    18.6035    34.6327    34.6395  1025.1879    24.8372 3.4753e-01     11.521  231.86170     0.1523    96.2638 4.6353e-01       4746         28 0.0000e+00
     80.505   16.55120 -107.01810     81.000    18.5144    18.5135    18.5003    34.6420    34.6491  1025.2254    24.8702 3.7166e-01     10.802  232.28975     0.1439    96.4668 4.2809e-01       4778         42 0.0000e+00
     81.498   16.55120 -107.01810     82.000    18.9097    18.8757    18.8952    34.6028    34.6179  1025.0997    24.7404 4.7909e-01     10.259  230.66340     0.1425    96.4998 3.9542e-01       4863         99 0.0000e+00
     82.492   16.55120 -107.01810     83.000    18.2334    18.2557    18.2191    34.6391    34.6433  1025.3021    24.9378 3.2687e-01     11.595  233.51119     0.1416    96.5208 3.7105e-01       4918         33 0.0000e+00
     83.486   16.55120 -107.01810     84.000    17.9153    17.9130    17.9010    34.6715    34.6806  1025.4103    25.0412 3.2542e-01      8.048  234.84816     0.1404    96.5500 3.4474e-01       4947         27 0.0000e+00
     84.479   16.55120 -107.01810     85.000    17.7241    17.7269    17.7098    34.6899    34.6978  1025.4757    25.1021 3.1478e-01      4.227  235.66084     0.1380    96.6084 3.1851e-01       4982         44 0.0000e+00
     85.473   16.55120 -107.01810     86.000    17.9945    18.0974    17.9798    34.6535    34.6533  1025.3857    25.0079 3.7629e-01      3.396  234.52964     0.1406    96.5464 2.9384e-01       5070         99 0.0000e+00
     86.467   16.55120 -107.01810     87.000    17.1951    17.2378    17.1807    34.7087    34.7093  1025.6273    25.2442 2.1325e-01      4.796  237.99070     0.1305    96.7904 2.7750e-01       5124         30 0.0000e+00
     87.460   16.55120 -107.01810     88.000    17.0556    17.0535    17.0411    34.7148    34.7246  1025.6698    25.2821 2.5000e-01      3.696  238.61249     0.1283    96.8426 2.5980e-01       5150         25 0.0000e+00
     88.454   16.55120 -107.01810     89.000    16.8883    16.8880    16.8738    34.7281    34.7363  1025.7243    25.3320 2.8015e-01      1.774  239.35038     0.1282    96.8470 2.4299e-01       5176         30 0.0000e+00
     89.448   16.55120 -107.01810     90.000    16.6647    16.6674    16.6501    34.7529    34.7721  1025.8006    25.4036 3.0083e-01      1.325  240.33290     0.1273    96.8689 2.2779e-01       5219         54 0.0000e+00
     90.441   16.55120 -107.01810     91.000    16.5582    16.4874    16.5435    34.7603    34.7651  1025.8357    25.4342 2.8502e-01      1.409  240.81145     0.1269    96.8770 2.1343e-01       5295         90 0.0000e+00
     91.435   16.55120 -107.01810     92.000    16.2580    16.2135    16.2433    34.7559    34.7670  1025.9067    25.5004 1.8633e-01      1.145  242.21139     0.1263    96.8930 1.9993e-01       5366         38 0.0000e+00
     92.429   16.55120 -107.01810     93.000    16.0913    16.0907    16.0766    34.7700    34.7768  1025.9607    25.5498 1.8908e-01      1.529  242.96401     0.1249    96.9262 1.8765e-01       5392         26 0.0000e+00
     93.422   16.55120 -107.01810     94.000    16.0304    16.0294    16.0156    34.7687    34.7763  1025.9781    25.5627 2.0967e-01      1.496  243.25207     0.1262    96.8957 1.7519e-01       5420         31 0.0000e+00
     94.416   16.55120 -107.01810     95.000    16.0585    16.0517    16.0435    34.7649    34.7720  1025.9731    25.5533 2.6126e-01      1.143  243.12686     0.1291    96.8229 1.6280e-01       5487         97 0.0000e+00
     95.410   16.55120 -107.01810     96.000    15.8026    15.7941    15.7876    34.7633    34.7772  1026.0350    25.6104 3.0093e-01      1.001  244.33618     0.1314    96.7695 1.5501e-01       5560         46 0.0000e+00
     96.403   16.55120 -107.01810     97.000    15.6355    15.6335    15.6205    34.7776    34.7864  1026.0884    25.6592 2.3436e-01      1.147  245.10592     0.1313    96.7714 1.4681e-01       5598         30 0.0000e+00
     97.397   16.55120 -107.01810     98.000    15.5208    15.5209    15.5057    34.7872    34.7948  1026.1262    25.6923 2.0684e-01      1.122  245.63728     0.1272    96.8709 1.3896e-01       5625         24 0.0000e+00
     98.390   16.55120 -107.01810     99.000    15.4743    15.4740    15.4591    34.7865    34.7939  1026.1406    25.7023 2.0546e-01      1.086  245.86099     0.1260    96.8993 1.3078e-01       5649         24 0.0000e+00
     99.384   16.55120 -107.01810    100.000    15.5087    15.5131    15.4932    34.7807    34.7889  1026.1328    25.6901 2.5791e-01      0.989  245.70656     0.1285    96.8380 1.2162e-01       5716        121 0.0000e+00
    100.378   16.55120 -107.01810    101.000    15.4720    15.4789    15.4565    34.7766    34.7846  1026.1423    25.6951 2.2366e-01      0.899  245.88912     0.1274    96.8656 1.1476e-01       5804         33 0.0000e+00
    101.371   16.55120 -107.01810    102.000    15.3513    15.3465    15.3356    34.7722    34.7805  1026.1705    25.7187 2.8029e-01      0.917  246.47684     0.1286    96.8358 1.0808e-01       5831         27 0.0000e+00
    102.365   16.55120 -107.01810    103.000    15.1681    15.1655    15.1524    34.7691    34.7774  1026.2134    25.7569 3.5276e-01      0.937  247.36780     0.1330    96.7296 1.0160e-01       5860         33 0.0000e+00
    103.358   16.55120 -107.01810    104.000    15.0093    15.0088    14.9936    34.7618    34.7696  1026.2474    25.7862 4.8602e-01      0.944  248.15254     0.1399    96.5638 9.5649e-02       5893         35 0.0000e+00
    104.352   16.55120 -107.01810    105.000    14.9124    14.9090    14.8966    34.7531    34.7616  1026.2665    25.8007 5.6671e-01      0.941  248.64108     0.1456    96.4248 9.0208e-02       5930         36 0.0000e+00
    105.346   16.55120 -107.01810    106.000    14.7505    14.7510    14.7347    34.7537    34.7625  1026.3070    25.8365 6.1395e-01      0.929  249.43496     0.1494    96.3348 8.5168e-02       5963         31 0.0000e+00
    106.339   16.55120 -107.01810    107.000    14.6764    14.6765    14.6605    34.7581    34.7659  1026.3310    25.8559 6.0422e-01      0.913  249.79267     0.1530    96.2480 7.9910e-02       5994         29 0.0000e+00
    107.333   16.55120 -107.01810    108.000    14.6481    14.6490    14.6321    34.7586    34.7664  1026.3420    25.8625 5.8380e-01      0.897  249.93187     0.1513    96.2893 7.4433e-02       6022         27 0.0000e+00
    108.326   16.55120 -107.01810    109.000    14.6029    14.6014    14.5868    34.7611    34.7694  1026.3582    25.8741 5.5931e-01      0.758  250.15123     0.1487    96.3516 6.9207e-02       6049         25 0.0000e+00
    109.320   16.55120 -107.01810    110.000    14.5876    14.5876    14.5713    34.7623    34.7703  1026.3669    25.8784 5.3681e-01      0.744  250.22517     0.1481    96.3643 6.4183e-02       6072         22 0.0000e+00
    110.313   16.55119 -107.01810    111.000    14.5837    14.5836    14.5673    34.7619    34.7700  1026.3719    25.8789 5.2265e-01      0.779  250.24470     0.1474    96.3811 5.9723e-02       6093         20 0.0000e+00
    111.307   16.55118 -107.01810    112.000    14.5785    14.5791    14.5619    34.7620    34.7697  1026.3774    25.8801 5.0731e-01      0.807  250.27067     0.1468    96.3958 5.5431e-02       6112         18 0.0000e+00
    112.300   16.55118 -107.01810    113.000    14.5726    14.5728    14.5560    34.7616    34.7696  1026.3829    25.8811 5.0640e-01      0.810  250.30020     0.1467    96.3991 5.1622e-02       6131         20 0.0000e+00
    113.294   16.55118 -107.01810    114.000    14.5119    14.5104    14.4951    34.7578    34.7654  1026.3975    25.8911 5.3961e-01      0.783  250.60912     0.1465    96.4042 4.8096e-02       6151         24 0.0000e+00
    114.287   16.55119 -107.01810    115.000    14.3580    14.3770    14.3412    34.7758    34.7865  1026.4491    25.9380 6.5406e-01      0.809  251.34441     0.1470    96.3903 4.4507e-02       6185         46 0.0000e+00
    115.281   16.55120 -107.01810    116.000    14.2688    14.3635    14.2519    34.7760    34.7697  1026.4729    25.9572 6.0871e-01      0.798  251.79080     0.1476    96.3759 4.1229e-02       6238         42 0.0000e+00
    116.274   16.55120 -107.01810    117.000    14.2334    14.2305    14.2164    34.7723    34.7816  1026.4821    25.9619 5.4287e-01      0.800  251.97443     0.1465    96.4041 3.8800e-02       6267         23 0.0000e+00
    117.268   16.55120 -107.01810    118.000    14.2055    14.2054    14.1884    34.7728    34.7812  1026.4928    25.9681 5.2561e-01      0.747  252.11390     0.1460    96.4162 3.6913e-02       6287         18 0.0000e+00
    118.262   16.55120 -107.01810    119.000    14.1306    14.1300    14.1134    34.7753    34.7835  1026.5152    25.9860 5.3674e-01      0.733  252.48670     0.1460    96.4148 3.4495e-02       6305         17 0.0000e+00
    119.255   16.55120 -107.01810    120.000    14.0238    14.0226    14.0065    34.7757    34.7836  1026.5427    26.0087 5.9648e-01      0.671  253.02592     0.1457    96.4224 3.2276e-02       6322         17 0.0000e+00
    120.249   16.55120 -107.01810    121.000    13.8078    13.8030    13.7905    34.7856    34.7938  1026.6004    26.0616 6.2469e-01      0.768  254.10611     0.1454    96.4303 3.0660e-02       6339         18 0.0000e+00
    121.242   16.55120 -107.01810    122.000    13.6884    13.6861    13.6711    34.7903    34.7984  1026.6335    26.0900 6.4276e-01      0.882  254.70809     0.1464    96.4061 2.8786e-02       6359         21 0.0000e+00
    122.236   16.55120 -107.01810    123.000    13.6270    13.6257    13.6096    34.7908    34.7987  1026.6512    26.1031 6.2729e-01      0.874  255.02278     0.1482    96.3639 2.7033e-02       6380         21 0.0000e+00
    123.229   16.55120 -107.01810    124.000    13.5850    13.5846    13.5675    34.7907    34.7984  1026.6643    26.1117 6.0939e-01      0.839  255.23853     0.1487    96.3501 2.5552e-02       6403         25 0.0000e+00
    124.222   16.55120 -107.01810    125.000    13.5651    13.5646    13.5475    34.7900    34.7979  1026.6724    26.1153 6.1197e-01      0.822  255.34201     0.1472    96.3871 2.4219e-02       6431         32 0.0000e+00
    125.216   16.55120 -107.01810    126.000    13.5473    13.5475    13.5296    34.7891    34.7967  1026.6798    26.1182 6.1284e-01      0.808  255.43546     0.1470    96.3921 2.2706e-02       6467         39 0.0000e+00
    126.209   16.55120 -107.01810    127.000    13.5106    13.5108    13.4928    34.7886    34.7962  1026.6915    26.1254 5.6593e-01      0.652  255.62577     0.1465    96.4040 2.1449e-02       6503         30 0.0000e+00
    127.203   16.55120 -107.01810    128.000    13.4461    13.4459    13.4282    34.7904    34.7978  1026.7107    26.1400 4.9380e-01      0.617  255.95587     0.1459    96.4189 2.0607e-02       6529         22 0.0000e+00
    128.196   16.55120 -107.01810    129.000    13.3892    13.3888    13.3712    34.7956    34.8034  1026.7310    26.1557 4.2962e-01      0.648  256.24116     0.1453    96.4318 1.9829e-02       6549         19 0.0000e+00
    129.190   16.55120 -107.01810    130.000    13.3475    13.3472    13.3294    34.7976    34.8051  1026.7456    26.1658 3.9588e-01      0.675  256.45398     0.1456    96.4257 1.9085e-02       6567         17 0.0000e+00
    130.183   16.55120 -107.01810    131.000    13.2933    13.2929    13.2751    34.7992    34.8067  1026.7624    26.1781 3.6346e-01      0.682  256.73282     0.1435    96.4759 1.8200e-02       6584         18 0.0000e+00
    131.177   16.55120 -107.01810    132.000    13.2520    13.2516    13.2336    34.8002    34.8079  1026.7762    26.1872 3.4297e-01      0.693  256.94617     0.1418    96.5170 1.7020e-02       6602         18 0.0000e+00
    132.170   16.55120 -107.01810    133.000    13.2191    13.2178    13.2007    34.8000    34.8081  1026.7872    26.1938 3.3781e-01      0.691  257.11773     0.1409    96.5390 1.6462e-02       6624         25 0.0000e+00
    133.163   16.55120 -107.01810    134.000    13.2062    13.2056    13.1877    34.7998    34.8077  1026.7941    26.1962 3.4038e-01      0.683  257.18558     0.1408    96.5408 1.5559e-02       6654         34 0.0000e+00
    134.157   16.55120 -107.01810    135.000    13.1914    13.1916    13.1727    34.7988    34.8066  1026.8008    26.1984 3.3164e-01      0.605  257.26471     0.1405    96.5470 1.4986e-02       6692         37 0.0000e+00
    135.150   16.55120 -107.01810    136.000    13.1825    13.1824    13.1637    34.7972    34.8052  1026.8059    26.1990 3.1841e-01      0.532  257.31379     0.1403    96.5535 1.4232e-02       6727         32 0.0000e+00
    136.144   16.55120 -107.01810    137.000    13.1520    13.1518    13.1331    34.7954    34.8032  1026.8152    26.2038 2.8895e-01      0.551  257.47681     0.1400    96.5599 1.4047e-02       6753         21 0.0000e+00
    137.138   16.55120 -107.01810    138.000    13.1059    13.1057    13.0869    34.7957    34.8034  1026.8293    26.2133 2.5086e-01      0.537  257.71736     0.1392    96.5789 1.4116e-02       6773         18 0.0000e+00
    138.131   16.55120 -107.01810    139.000    13.0742    13.0739    13.0551    34.7984    34.8064  1026.8423    26.2218 2.2914e-01      0.544  257.87896     0.1397    96.5667 1.2773e-02       6791         18 0.0000e+00
    139.124   16.55120 -107.01810    140.000    13.0620    13.0618    13.0428    34.7981    34.8060  1026.8490    26.2240 2.2033e-01      0.552  257.94323     0.1391    96.5833 1.2777e-02       6807         17 0.0000e+00
    140.118   16.55120 -107.01810    141.000    13.0395    13.0393    13.0201    34.7969    34.8047  1026.8572    26.2276 2.1902e-01      0.550  258.06401     0.1390    96.5857 1.2181e-02       6826         19 0.0000e+00
    141.111   16.55120 -107.01810    142.000    12.9752    12.9742    12.9557    34.7953    34.8030  1026.8734    26.2392 1.9582e-01      0.540  258.40531     0.1396    96.5708 1.1393e-02       6848         25 0.0000e+00
    142.104   16.55120 -107.01810    143.000    12.9322    12.9325    12.9127    34.7976    34.8052  1026.8884    26.2497 1.8005e-01      0.547  258.62754     0.1386    96.5936 1.1277e-02       6876         31 0.0000e+00
    143.098   16.55120 -107.01810    144.000    12.8887    12.8890    12.8690    34.7989    34.8062  1026.9026    26.2593 1.5893e-01      0.563  258.85506     0.1381    96.6067 1.0996e-02       6906         30 0.0000e+00
    144.091   16.55120 -107.01810    145.000    12.8373    12.8374    12.8176    34.7983    34.8060  1026.9170    26.2692 1.3836e-01      0.547  259.12785     0.1370    96.6323 1.0874e-02       6935         28 0.0000e+00
    145.085   16.55120 -107.01810    146.000    12.7570    12.7569    12.7372    34.7980    34.8055  1026.9374    26.2848 1.1440e-01      0.554  259.55437     0.1366    96.6428 1.0028e-02       6962         26 0.0000e+00
