data/ctd-cnv/SKQ1617/SKQ1617-St16-P2/skq201617s-031avg.cnv
* Sea-Bird SBE 9 Data File:
* FileName = D:\CTD\SKQ201617S\SKQ201617S-031.hex
* Software Version Seasave V 7.22.5
* Temperature SN = 5773
* Conductivity SN = 2251
* Number of Bytes Per Scan = 37
* Number of Voltage Words = 4
* Number of Scans Averaged by the Deck Unit = 1
* NMEA Latitude = 16 32.39 N
* NMEA Longitude = 107 08.76 W
* NMEA UTC (Time) = Jan 08 2017  01:06:06
* NMEA baud rate = 4800
** Ship: R/V Sikuliaq
** Station Number: 31
** Station Name: Station 16/P2
** Depth: 3484
** Operator: Clara
# nquan = 23
# nvalues = 1006                        
# units = specified
# name 0 = depSMignore: Depth [salt water, m]
# name 1 = latitude: Latitude [deg]
# name 2 = longitude: Longitude [deg]
# name 3 = prDM: Pressure, Digiquartz [db]
# name 4 = t090C: Temperature [ITS-90, deg C]
# name 5 = t190C: Temperature, 2 [ITS-90, deg C]
# name 6 = potemp090C: Potential Temperature [ITS-90, deg C]
# name 7 = sal00: Salinity, Practical [PSU]
# name 8 = sal11: Salinity, Practical, 2 [PSU]
# name 9 = density00: Density [density, kg/m^3]
# name 10 = sigma-t00: Density [sigma-t, kg/m^3 ]
# name 11 = flSP: Fluorescence, Seapoint
# name 12 = sbox0Mm/Kg: Oxygen, SBE 43 [umol/kg]
# name 13 = oxsolMm/Kg: Oxygen Saturation, Garcia & Gordon [umol/kg]
# name 14 = CStarAt0: Beam Attenuation, WET Labs C-Star [1/m]
# name 15 = CStarTr0: Beam Transmission, WET Labs C-Star [%]
# name 16 = v2: Voltage 2
# name 17 = v3: Voltage 3
# name 18 = ph: pH
# name 19 = par: PAR/Irradiance, Biospherical/Licor
# name 20 = scan: Scan Count
# name 21 = nbin: number of scans per bin
# name 22 = flag: flag
# span 0 =      3.976,   1000.596       
# span 1 =   16.53982,   16.53984       
# span 2 = -107.14606, -107.14604       
# span 3 =      4.000,   1009.000       
# span 4 =     4.8135,    28.6130       
# span 5 =     4.8139,    28.6118       
# span 6 =     4.7309,    28.6056       
# span 7 =    33.4681,    34.8182       
# span 8 =    33.4779,    34.8255       
# span 9 =  1021.0790,  1031.9611       
# span 10 =    21.0531,    27.3315      
# span 11 = 6.5781e-02, 2.2392e+00      
# span 12 =     -0.043,    200.583      
# span 13 =  196.68678,  309.80387      
# span 14 =     0.0565,     0.2643      
# span 15 =    93.6071,    98.5973      
# span 16 =     1.3675,     3.7106      
# span 17 =     0.6944,     2.4356      
# span 18 =      6.286,      6.937      
# span 19 = -5.702e-08, 7.1307e-01      
# span 20 =        862,      32953      
# span 21 =         17,       2717      
# span 22 = 0.0000e+00, 0.0000e+00      
# interval = decibars: 1                
# start_time = Jan 08 2017 01:06:06 [NMEA time, header]
# bad_flag = -9.990e-29
*END*
[from data line 693]
    691.711   16.53984 -107.14606    697.000     6.5405     6.5418     6.4758    34.5405    34.5474  1030.3019    27.1192 7.2496e-02      0.010  297.55703     0.0585    98.5473     3.7082     0.8184      6.329 1.0000e-12      20914         24 0.0000e+00
    692.702   16.53984 -107.14606    698.000     6.5348     6.5355     6.4700    34.5405    34.5474  1030.3073    27.1200 7.3073e-02      0.092  297.59563     0.0585    98.5484     3.7082     0.8177      6.329 1.0000e-12      20936         19 0.0000e+00
    693.692   16.53984 -107.14606    699.000     6.5327     6.5330     6.4678    34.5404    34.5472  1030.3120    27.1201 7.1906e-02      0.155  297.61064     0.0586    98.5456     3.7083     0.8175      6.328 1.0000e-12      20955         19 0.0000e+00
    694.683   16.53984 -107.14606    700.000     6.5279     6.5282     6.4629    34.5400    34.5468  1030.3170    27.1205 7.2424e-02      0.078  297.64445     0.0588    98.5413     3.7084     0.8171      6.328 1.0000e-12      20973         18 0.0000e+00
    695.674   16.53984 -107.14606    701.000     6.5045     6.5047     6.4396    34.5407    34.5475  1030.3255    27.1241 7.2399e-02      0.090  297.80276     0.0585    98.5483     3.7086     0.8160      6.328 1.0000e-12      20991         17 0.0000e+00
    696.664   16.53984 -107.14606    702.000     6.4969     6.4972     6.4319    34.5409    34.5478  1030.3313    27.1253 7.1990e-02      0.029  297.85448     0.0584    98.5506     3.7084     0.8154      6.328 1.0000e-12      21011         23 0.0000e+00
    697.655   16.53984 -107.14606    703.000     6.4891     6.4893     6.4241    34.5407    34.5475  1030.3369    27.1262 7.1228e-02      0.094  297.90807     0.0585    98.5495     3.7082     0.8148      6.328 1.0000e-12      21034         25 0.0000e+00
    698.646   16.53984 -107.14606    704.000     6.4870     6.4872     6.4218    34.5406    34.5474  1030.3416    27.1264 7.1766e-02      0.122  297.92305     0.0585    98.5484     3.7085     0.8140      6.325 1.0000e-12      21061         27 0.0000e+00
    699.637   16.53984 -107.14606    705.000     6.4841     6.4843     6.4189    34.5404    34.5472  1030.3465    27.1266 7.1633e-02      0.030  297.94294     0.0583    98.5522     3.7083     0.8140      6.323 1.0000e-12      21088         27 0.0000e+00
    700.627   16.53984 -107.14606    706.000     6.4751     6.4754     6.4098    34.5403    34.5470  1030.3522    27.1277 7.5136e-02      0.009  298.00542     0.0585    98.5484     3.7083     0.8136      6.323 1.0000e-12      21115         27 0.0000e+00
    701.618   16.53984 -107.14606    707.000     6.4631     6.4634     6.3978    34.5404    34.5472  1030.3586    27.1294 7.4754e-02      0.116  298.08713     0.0585    98.5484     3.7085     0.8129      6.323 1.0000e-12      21142         27 0.0000e+00
    702.609   16.53984 -107.14606    708.000     6.4511     6.4513     6.3857    34.5404    34.5474  1030.3650    27.1310 7.3843e-02      0.011  298.16950     0.0586    98.5450     3.7085     0.8122      6.322 1.0000e-12      21168         24 0.0000e+00
    703.600   16.53984 -107.14606    709.000     6.4447     6.4450     6.3793    34.5407    34.5475  1030.3706    27.1321 7.5506e-02      0.165  298.21273     0.0585    98.5484     3.7085     0.8116      6.322 1.0000e-12      21192         23 0.0000e+00
    704.590   16.53984 -107.14606    710.000     6.4397     6.4401     6.3742    34.5402    34.5469  1030.3755    27.1324 7.7091e-02      0.020  298.24815     0.0584    98.5508     3.7084     0.8111      6.320 1.0000e-12      21215         22 0.0000e+00
    705.581   16.53984 -107.14606    711.000     6.4151     6.4152     6.3496    34.5401    34.5468  1030.3836    27.1355 7.4924e-02      0.000  298.41749     0.0585    98.5484     3.7087     0.8102      6.320 1.0000e-12      21237         22 0.0000e+00
    706.571   16.53984 -107.14606    712.000     6.4010     6.4010     6.3355    34.5393    34.5461  1030.3896    27.1367 7.5094e-02      0.050  298.51632     0.0585    98.5495     3.7085     0.8088      6.319 1.0000e-12      21260         24 0.0000e+00
    707.562   16.53984 -107.14606    713.000     6.3891     6.3894     6.3236    34.5392    34.5460  1030.3958    27.1382 7.5570e-02      0.183  298.59832     0.0585    98.5484     3.7087     0.8078      6.319 1.0000e-12      21285         27 0.0000e+00
    708.553   16.53984 -107.14606    714.000     6.3838     6.3841     6.3183    34.5388    34.5456  1030.4008    27.1386 7.7312e-02     -0.008  298.63513     0.0585    98.5494     3.7088     0.8074      6.319 1.0000e-12      21311         26 0.0000e+00
    709.544   16.53984 -107.14606    715.000     6.3776     6.3780     6.3120    34.5384    34.5452  1030.4059    27.1391 7.5984e-02      0.008  298.67876     0.0584    98.5518     3.7088     0.8068      6.318 1.0000e-12      21336         23 0.0000e+00
    710.534   16.53984 -107.14606    716.000     6.3671     6.3675     6.3014    34.5384    34.5452  1030.4120    27.1405 7.6438e-02      0.038  298.75125     0.0585    98.5483     3.7089     0.8065      6.318 1.0000e-12      21359         22 0.0000e+00
    711.525   16.53984 -107.14606    717.000     6.3615     6.3618     6.2958    34.5382    34.5452  1030.4172    27.1411 7.4135e-02      0.110  298.78983     0.0585    98.5495     3.7088     0.8057      6.318 1.0000e-12      21383         24 0.0000e+00
    712.516   16.53984 -107.14606    718.000     6.3515     6.3518     6.2858    34.5381    34.5450  1030.4232    27.1423 7.6046e-02      0.067  298.85894     0.0583    98.5536     3.7089     0.8050      6.318 1.0000e-12      21407         25 0.0000e+00
    713.506   16.53982 -107.14606    719.000     6.3331     6.3335     6.2673    34.5379    34.5446  1030.4302    27.1445 7.4586e-02      0.064  298.98658     0.0584    98.5520     3.7090     0.8041      6.318 1.0000e-12      21431         22 0.0000e+00
    714.497   16.53982 -107.14606    720.000     6.3152     6.3155     6.2494    34.5382    34.5450  1030.4377    27.1471 7.4211e-02      0.060  299.10946     0.0585    98.5495     3.7090     0.8030      6.318 1.0000e-12      21453         23 0.0000e+00
    715.487   16.53982 -107.14606    721.000     6.3041     6.3042     6.2383    34.5380    34.5447  1030.4436    27.1484 7.4587e-02      0.111  299.18631     0.0594    98.5262     3.7093     0.8021      6.318 1.0000e-12      21475         22 0.0000e+00
    716.478   16.53984 -107.14606    722.000     6.2943     6.2945     6.2284    34.5377    34.5446  1030.4494    27.1494 7.7660e-02      0.043  299.25507     0.0584    98.5512     3.7092     0.8013      6.318 1.0000e-12      21497         21 0.0000e+00
    717.469   16.53984 -107.14606    723.000     6.2747     6.2751     6.2089    34.5377    34.5444  1030.4568    27.1520 7.7489e-02      0.101  299.39002     0.0580    98.5593     3.7093     0.8000      6.318 1.0000e-12      21521         26 0.0000e+00
    718.459   16.53984 -107.14606    724.000     6.2624     6.2627     6.1966    34.5375    34.5443  1030.4630    27.1535 7.4689e-02      0.098  299.47522     0.0582    98.5555     3.7094     0.7995      6.318 1.0000e-12      21547         26 0.0000e+00
    719.450   16.53984 -107.14606    725.000     6.2551     6.2558     6.1891    34.5373    34.5441  1030.4684    27.1542 7.5753e-02     -0.033  299.52689     0.0578    98.5641     3.7093     0.7984      6.318 1.0000e-12      21574         25 0.0000e+00
    720.441   16.53984 -107.14606    726.000     6.2472     6.2477     6.1812    34.5373    34.5441  1030.4741    27.1553 7.6079e-02      0.030  299.58128     0.0577    98.5675     3.7094     0.7976      6.318 1.0000e-12      21600         26 0.0000e+00
    721.431   16.53984 -107.14606    727.000     6.2432     6.2436     6.1771    34.5373    34.5441  1030.4792    27.1558 7.6312e-02      0.121  299.60931     0.0581    98.5582     3.7094     0.7972      6.318 1.0000e-12      21624         24 0.0000e+00
    722.422   16.53984 -107.14606    728.000     6.2407     6.2413     6.1746    34.5372    34.5441  1030.4840    27.1560 7.6932e-02      0.090  299.62634     0.0578    98.5648     3.7093     0.7967      6.318 1.0000e-12      21649         24 0.0000e+00
    723.412   16.53984 -107.14606    729.000     6.2384     6.2387     6.1722    34.5370    34.5439  1030.4888    27.1562 7.6443e-02     -0.026  299.64275     0.0577    98.5677     3.7093     0.7967      6.318 1.0000e-12      21672         23 0.0000e+00
    724.403   16.53984 -107.14606    730.000     6.2237     6.2271     6.1575    34.5372    34.5438  1030.4956    27.1582 7.6134e-02      0.079  299.74435     0.0584    98.5511     3.7093     0.7962      6.318 1.0000e-12      21694         23 0.0000e+00
    725.394   16.53982 -107.14606    731.000     6.2058     6.2057     6.1396    34.5376    34.5442  1030.5030    27.1609 7.7220e-02      0.125  299.86745     0.0583    98.5531     3.7094     0.7952      6.317 1.0000e-12      21717         22 0.0000e+00
    726.384   16.53982 -107.14606    732.000     6.1877     6.1874     6.1215    34.5377    34.5446  1030.5103    27.1633 7.5422e-02      0.040  299.99243     0.0582    98.5549     3.7093     0.7940      6.318 1.0000e-12      21740         24 0.0000e+00
    727.375   16.53982 -107.14606    733.000     6.1853     6.1855     6.1190    34.5374    34.5444  1030.5150    27.1634 7.6627e-02      0.056  300.01004     0.0578    98.5644     3.7094     0.7933      6.317 1.0000e-12      21765         26 0.0000e+00
    728.365   16.53984 -107.14606    734.000     6.1848     6.1850     6.1184    34.5371    34.5440  1030.5194    27.1632 7.5429e-02     -0.036  300.01419     0.0580    98.5610     3.7094     0.7928      6.316 1.0000e-12      21792         27 0.0000e+00
    729.356   16.53984 -107.14606    735.000     6.1736     6.1741     6.1071    34.5369    34.5435  1030.5253    27.1645 7.6810e-02      0.039  300.09261     0.0577    98.5673     3.7093     0.7926      6.316 1.0000e-12      21819         25 0.0000e+00
    730.347   16.53984 -107.14606    736.000     6.1493     6.1495     6.0829    34.5375    34.5443  1030.5339    27.1681 7.5928e-02      0.109  300.26012     0.0574    98.5745     3.7094     0.7913      6.315 1.0000e-12      21842         22 0.0000e+00
    731.337   16.53984 -107.14606    737.000     6.1450     6.1453     6.0785    34.5371    34.5441  1030.5387    27.1683 7.7098e-02      0.084  300.29062     0.0577    98.5683     3.7094     0.7907      6.316 1.0000e-12      21864         21 0.0000e+00
    732.328   16.53984 -107.14606    738.000     6.1437     6.1440     6.0771    34.5368    34.5437  1030.5433    27.1683 7.6597e-02     -0.010  300.30031     0.0578    98.5639     3.7094     0.7900      6.315 1.0000e-12      21885         22 0.0000e+00
    733.318   16.53984 -107.14606    739.000     6.1409     6.1411     6.0743    34.5365    34.5432  1030.5479    27.1684 7.7365e-02      0.135  300.32048     0.0581    98.5572     3.7094     0.7896      6.314 1.0000e-12      21908         24 0.0000e+00
    734.309   16.53984 -107.14606    740.000     6.1294     6.1296     6.0627    34.5361    34.5430  1030.5539    27.1696 7.7205e-02     -0.020  300.40132     0.0574    98.5755     3.7094     0.7892      6.313 1.0000e-12      21933         26 0.0000e+00
    735.299   16.53984 -107.14606    741.000     6.1223     6.1226     6.0556    34.5358    34.5427  1030.5592    27.1703 7.5829e-02      0.073  300.45116     0.0583    98.5541     3.7094     0.7885      6.313 1.0000e-12      21960         27 0.0000e+00
    736.290   16.53984 -107.14606    742.000     6.1168     6.1170     6.0500    34.5361    34.5429  1030.5647    27.1711 7.6919e-02      0.043  300.48867     0.0574    98.5744     3.7094     0.7882      6.313 1.0000e-12      21985         24 0.0000e+00
    737.281   16.53984 -107.14606    743.000     6.1137     6.1140     6.0469    34.5364    34.5431  1030.5699    27.1718 7.7752e-02      0.049  300.50965     0.0574    98.5757     3.7094     0.7873      6.313 1.0000e-12      22008         22 0.0000e+00
    738.271   16.53984 -107.14606    744.000     6.1132     6.1134     6.0463    34.5364    34.5433  1030.5745    27.1718 7.6589e-02      0.042  300.51315     0.0574    98.5745     3.7094     0.7874      6.313 1.0000e-12      22031         22 0.0000e+00
    739.262   16.53984 -107.14606    745.000     6.1130     6.1133     6.0460    34.5362    34.5432  1030.5790    27.1718 7.5832e-02     -0.029  300.51469     0.0574    98.5734     3.7094     0.7869      6.313 1.0000e-12      22053         23 0.0000e+00
    740.252   16.53984 -107.14606    746.000     6.1130     6.1133     6.0458    34.5363    34.5433  1030.5836    27.1718 7.8350e-02      0.028  300.51509     0.0574    98.5735     3.7094     0.7869      6.313 1.0000e-12      22078         25 0.0000e+00
    741.242   16.53984 -107.14606    747.000     6.1123     6.1126     6.0450    34.5364    34.5433  1030.5883    27.1720 7.4397e-02      0.047  300.51962     0.0582    98.5545     3.7094     0.7869      6.313 1.0000e-12      22103         25 0.0000e+00
    742.233   16.53984 -107.14606    748.000     6.1121     6.1124     6.0448    34.5363    34.5432  1030.5928    27.1719 7.8489e-02      0.119  300.52066     0.0575    98.5732     3.7094     0.7868      6.313 1.0000e-12      22130         28 0.0000e+00
    743.223   16.53984 -107.14606    749.000     6.1103     6.1107     6.0429    34.5362    34.5431  1030.5975    27.1721 7.7846e-02      0.028  300.53349     0.0577    98.5675     3.7094     0.7866      6.313 1.0000e-12      22158         27 0.0000e+00
    744.214   16.53984 -107.14606    750.000     6.1043     6.1048     6.0368    34.5360    34.5428  1030.6028    27.1727 7.8987e-02      0.084  300.57620     0.0574    98.5735     3.7094     0.7866      6.313 1.0000e-12      22184         25 0.0000e+00
    745.205   16.53984 -107.14606    751.000     6.0873     6.0877     6.0198    34.5355    34.5424  1030.6094    27.1745 8.0763e-02      0.048  300.69570     0.0575    98.5720     3.7094     0.7858      6.313 1.0000e-12      22207         21 0.0000e+00
    746.195   16.53984 -107.14606    752.000     6.0801     6.0805     6.0126    34.5355    34.5424  1030.6150    27.1754 7.9500e-02      0.077  300.74559     0.0577    98.5680     3.7094     0.7855      6.312 1.0000e-12      22227         20 0.0000e+00
    747.185   16.53984 -107.14606    753.000     6.0750     6.0753     6.0074    34.5355    34.5424  1030.6202    27.1761 7.8133e-02     -0.016  300.78116     0.0576    98.5687     3.7094     0.7848      6.312 1.0000e-12      22247         18 0.0000e+00
    748.176   16.53984 -107.14606    754.000     6.0740     6.0744     6.0063    34.5365    34.5434  1030.6257    27.1770 7.8855e-02      0.023  300.78604     0.0582    98.5544     3.7094     0.7845      6.311 1.0000e-12      22266         21 0.0000e+00
    749.167   16.53984 -107.14606    755.000     6.0754     6.0757     6.0076    34.5367    34.5437  1030.6302    27.1769 7.9140e-02      0.063  300.77603     0.0577    98.5672     3.7094     0.7841      6.311 1.0000e-12      22288         23 0.0000e+00
    750.157   16.53984 -107.14606    756.000     6.0731     6.0733     6.0053    34.5366    34.5434  1030.6350    27.1772 7.8825e-02      0.073  300.79179     0.0576    98.5697     3.7094     0.7842      6.311 1.0000e-12      22314         27 0.0000e+00
    751.147   16.53984 -107.14606    757.000     6.0553     6.0559     5.9874    34.5361    34.5430  1030.6417    27.1791 7.9250e-02      0.038  300.91741     0.0577    98.5684     3.7094     0.7836      6.310 1.0000e-12      22343         30 0.0000e+00
    752.138   16.53984 -107.14606    758.000     6.0486     6.0484     5.9807    34.5357    34.5427  1030.6469    27.1796 7.9017e-02      0.022  300.96491     0.0576    98.5708     3.7094     0.7831      6.310 1.0000e-12      22371         28 0.0000e+00
