data/ctd-cnv/SKQ1617/SKQ1617-St16-P2/skq201617s-036avg.cnv
* Sea-Bird SBE 9 Data File:
* FileName = D:\CTD\SKQ201617S\SKQ201617S-036.hex
* Software Version Seasave V 7.22.5
* Temperature SN = 5773
* Conductivity SN = 2251
* Number of Bytes Per Scan = 37
* Number of Voltage Words = 4
* Number of Scans Averaged by the Deck Unit = 1
* NMEA Latitude = 16 32.43 N
* NMEA Longitude = 107 03.93 W
* NMEA UTC (Time) = Jan 10 2017  14:01:04
* NMEA baud rate = 4800
** Ship: R/V Sikuliaq
** Station Number: 36
** Station Name: Station 16/P2
** Depth: 4017
** Operator: CF
# nquan = 20
# nvalues = 503                         
# units = specified
# name 0 = depSM: Depth [salt water, m]
# name 1 = latitude: Latitude [deg]
# name 2 = longitude: Longitude [deg]
# name 3 = prDM: Pressure, Digiquartz [db]
# name 4 = t090C: Temperature [ITS-90, deg C]
# name 5 = t190C: Temperature, 2 [ITS-90, deg C]
# name 6 = potemp090C: Potential Temperature [ITS-90, deg C]
# name 7 = sal00: Salinity, Practical [PSU]
# name 8 = sal11: Salinity, Practical, 2 [PSU]
# name 9 = density00: Density [density, kg/m^3]
# name 10 = sigma-t00: Density [sigma-t, kg/m^3 ]
# name 11 = flSP: Fluorescence, Seapoint
# name 12 = sbox0Mm/Kg: Oxygen, SBE 43 [umol/kg]
# name 13 = oxsolMm/Kg: Oxygen Saturation, Garcia & Gordon [umol/kg]
# name 14 = CStarAt0: Beam Attenuation, WET Labs C-Star [1/m]
# name 15 = CStarTr0: Beam Transmission, WET Labs C-Star [%]
# name 16 = par: PAR/Irradiance, Biospherical/Licor
# name 17 = scan: Scan Count
# name 18 = nbin: number of scans per bin
# name 19 = flag: flag
# span 0 =      2.982,    501.399       
# span 1 =   16.54058,   16.54058       
# span 2 = -107.06558, -107.06556       
# span 3 =      3.000,    505.000       
# span 4 =     8.4428,    28.8320       
# span 5 =     8.4422,    28.8319       
# span 6 =     8.3895,    28.8254       
# span 7 =    33.6028,    34.8122       
# span 8 =    33.6130,    34.8203       
# span 9 =  1021.0868,  1029.1669       
# span 10 =    21.0723,    26.8821      
# span 11 = 6.5939e-02, 1.6851e+00      
# span 12 =     -0.150,    191.594      
# span 13 =  195.98134,  284.95915      
# span 14 =     0.0668,     0.2407      
# span 15 =    94.1597,    98.3433      
# span 16 = -8.569e-08, 1.2655e+02      
# span 17 =        187,      20711      
# span 18 =          1,       1304      
# span 19 = 0.0000e+00, 0.0000e+00      
# interval = decibars: 1                
# start_time = Jan 10 2017 14:01:04 [NMEA time, header]
# bad_flag = -9.990e-29
*END*
[from data line 73]
     75.536   16.54058 -107.06558     76.000    19.6727    19.6745    19.6589    34.5692    34.5761  1024.8510    24.5188 4.2653e-01     26.453  227.51689     0.1470    96.3920 5.2194e-01       5399         36 0.0000e+00
     76.530   16.54058 -107.06558     77.000    19.5827    19.5834    19.5688    34.5699    34.5771  1024.8793    24.5427 4.4344e-01     24.473  227.88889     0.1474    96.3824 4.7725e-01       5439         45 0.0000e+00
     77.524   16.54058 -107.06558     78.000    19.2874    19.2860    19.2734    34.5890    34.5945  1024.9749    24.6335 4.2962e-01     23.380  229.09125     0.1462    96.4106 4.3759e-01       5485         46 0.0000e+00
     78.517   16.54058 -107.06558     79.000    19.0812    19.0777    19.0672    34.6008    34.6132  1025.0412    24.6953 4.2418e-01     17.984  229.93927     0.1455    96.4289 4.0374e-01       5535         55 0.0000e+00
     79.511   16.54058 -107.06558     80.000    18.8419    18.8479    18.8278    34.6208    34.6520  1025.1220    24.7715 4.1655e-01     14.339  230.92170     0.1440    96.4651 3.7181e-01       5603         71 0.0000e+00
     80.505   16.54058 -107.06558     81.000    18.7754    18.7748    18.7611    34.6028    34.6097  1025.1296    24.7746 3.7079e-01     12.671  231.23290     0.1430    96.4877 3.4627e-01       5657         36 0.0000e+00
     81.498   16.54058 -107.06558     82.000    18.6202    18.6183    18.6058    34.6168    34.6263  1025.1839    24.8244 3.6246e-01     12.171  231.87482     0.1474    96.3824 3.2368e-01       5687         29 0.0000e+00
     82.492   16.54058 -107.06558     83.000    18.4298    18.4286    18.4154    34.6358    34.6446  1025.2507    24.8866 3.7259e-01     10.911  232.66428     0.1482    96.3636 3.0219e-01       5717         33 0.0000e+00
     83.486   16.54058 -107.06558     84.000    18.3557    18.3789    18.3412    34.6449    34.6522  1025.2805    24.9119 4.6936e-01      5.584  232.97083     0.1453    96.4323 2.8095e-01       5777         87 0.0000e+00
     84.480   16.54058 -107.06558     85.000    17.9139    17.9366    17.8995    34.6713    34.6700  1025.4149    25.0414 3.3843e-01      7.191  234.85387     0.1426    96.4976 2.6321e-01       5849         41 0.0000e+00
     85.473   16.54058 -107.06558     86.000    17.6033    17.6011    17.5888    34.6822    34.6916  1025.5038    25.1256 2.7808e-01      4.458  236.20855     0.1392    96.5800 2.4507e-01       5879         26 0.0000e+00
     86.467   16.54058 -107.06558     87.000    17.5509    17.5516    17.5363    34.6839    34.6921  1025.5223    25.1396 2.9143e-01      2.656  236.43834     0.1366    96.6433 2.2760e-01       5906         29 0.0000e+00
     87.461   16.54058 -107.06558     88.000    17.6168    17.6238    17.6020    34.6747    34.6831  1025.5035    25.1165 3.7622e-01      2.624  236.16068     0.1385    96.5965 2.0860e-01       5983        123 0.0000e+00
     88.454   16.54058 -107.06558     89.000    17.4746    17.4590    17.4597    34.6795    34.6895  1025.5462    25.1547 2.8292e-01      2.614  236.78596     0.1391    96.5829 1.9795e-01       6060         29 0.0000e+00
     89.448   16.54058 -107.06558     90.000    17.2865    17.2810    17.2715    34.7036    34.7128  1025.6146    25.2184 1.7994e-01      2.903  237.58932     0.1364    96.6477 1.8614e-01       6085         24 0.0000e+00
     90.441   16.54058 -107.06558     91.000    16.9537    16.9500    16.9388    34.7277    34.7362  1025.7171    25.3161 1.4078e-01      2.657  239.05424     0.1371    96.6310 1.7415e-01       6109         25 0.0000e+00
     91.435   16.54058 -107.06558     92.000    16.7447    16.7448    16.7298    34.7420    34.7498  1025.7822    25.3765 1.4775e-01      1.903  239.98360     0.1257    96.9075 1.6200e-01       6139         36 0.0000e+00
     92.429   16.54058 -107.06558     93.000    16.8357    16.7999    16.8206    34.7354    34.7385  1025.7598    25.3499 2.4657e-01      1.426  239.57996     0.1265    96.8880 1.5119e-01       6205         98 0.0000e+00
     93.422   16.54058 -107.06558     94.000    16.6361    16.5415    16.6209    34.7354    34.7552  1025.8115    25.3969 1.9360e-01      1.524  240.49407     0.1292    96.8224 1.4317e-01       6298         64 0.0000e+00
     94.416   16.54058 -107.06558     95.000    16.3893    16.3913    16.3740    34.7537    34.7609  1025.8879    25.4685 1.3804e-01      1.323  241.60154     0.1247    96.9310 1.3579e-01       6339         33 0.0000e+00
     95.409   16.54058 -107.06558     96.000    16.2742    16.2720    16.2589    34.7529    34.7604  1025.9184    25.4945 1.6516e-01      1.288  242.13809     0.1265    96.8868 1.2813e-01       6364         22 0.0000e+00
     96.403   16.54058 -107.06558     97.000    16.1663    16.1654    16.1509    34.7516    34.7594  1025.9469    25.5184 2.1637e-01      1.264  242.64372     0.1295    96.8135 1.2074e-01       6386         24 0.0000e+00
     97.397   16.54058 -107.06558     98.000    16.1746    16.1708    16.1591    34.7508    34.7593  1025.9488    25.5159 2.1994e-01      1.140  242.60594     0.1322    96.7490 1.1319e-01       6436        103 0.0000e+00
     98.390   16.54058 -107.06558     99.000    16.1759    16.1736    16.1602    34.7433    34.7522  1025.9471    25.5098 2.0451e-01      0.937  242.61260     0.1280    96.8494 1.0669e-01       6557         59 0.0000e+00
     99.384   16.54058 -107.06558    100.000    15.9663    15.9655    15.9506    34.7512    34.7595  1026.0059    25.5639 2.4155e-01      0.912  243.58256     0.1329    96.7327 1.0129e-01       6583         30 0.0000e+00
    100.378   16.54058 -107.06558    101.000    15.9222    15.9225    15.9064    34.7522    34.7603  1026.0212    25.5747 2.7131e-01      1.014  243.78876     0.1319    96.7563 9.5523e-02       6610         24 0.0000e+00
    101.371   16.54058 -107.06558    102.000    15.8871    15.8879    15.8711    34.7542    34.7626  1026.0352    25.5843 2.6626e-01      0.894  243.95121     0.1319    96.7568 9.0416e-02       6635         25 0.0000e+00
    102.365   16.54058 -107.06558    103.000    15.8240    15.8230    15.8079    34.7612    34.7697  1026.0594    25.6039 2.7041e-01      0.904  244.23803     0.1314    96.7684 8.4572e-02       6662         33 0.0000e+00
    103.358   16.54058 -107.06558    104.000    15.8791    15.8731    15.8628    34.7543    34.7625  1026.0459    25.5861 2.8977e-01      0.804  243.98875     0.1314    96.7699 7.8769e-02       6756        125 0.0000e+00
    104.352   16.54058 -107.06558    105.000    15.7418    15.6798    15.7255    34.7513    34.7638  1026.0794    25.6149 2.7963e-01      0.801  244.64468     0.1309    96.7814 7.5533e-02       6822         25 0.0000e+00
    105.346   16.54058 -107.06558    106.000    15.5636    15.5635    15.5472    34.7547    34.7624  1026.1269    25.6577 3.2768e-01      0.797  245.48737     0.1333    96.7219 7.1139e-02       6842         22 0.0000e+00
    106.339   16.54058 -107.06558    107.000    15.4766    15.4741    15.4601    34.7578    34.7649  1026.1533    25.6796 3.2291e-01      0.808  245.89876     0.1356    96.6659 6.7468e-02       6862         20 0.0000e+00
    107.333   16.54058 -107.06558    108.000    15.3561    15.3491    15.3395    34.7427    34.7488  1026.1733    25.6949 4.2488e-01      0.848  246.50365     0.1386    96.5951 6.3684e-02       6882         19 0.0000e+00
    108.326   16.54058 -107.06558    109.000    15.2774    15.2740    15.2608    34.7325    34.7403  1026.1874    25.7045 4.7813e-01      0.915  246.90041     0.1437    96.4719 5.9792e-02       6902         21 0.0000e+00
    109.320   16.54058 -107.06558    110.000    15.1399    15.1388    15.1233    34.7279    34.7374  1026.2189    25.7313 5.2726e-01      0.914  247.57450     0.1468    96.3959 5.6266e-02       6925         26 0.0000e+00
    110.313   16.54058 -107.06558    111.000    14.9752    14.9719    14.9585    34.7435    34.7531  1026.2719    25.7796 5.9343e-01      0.977  248.35022     0.1490    96.3445 5.2580e-02       6958         42 0.0000e+00
    111.307   16.54058 -107.06558    112.000    14.9558    14.9075    14.9390    34.7408    34.7691  1026.2784    25.7817 6.7255e-01      0.828  248.45042     0.1494    96.3333 4.9149e-02       7011         56 0.0000e+00
    112.300   16.54058 -107.06558    113.000    14.8199    14.8205    14.8030    34.7483    34.7558  1026.3186    25.8172 5.7781e-01      0.774  249.10279     0.1502    96.3138 4.6589e-02       7054         31 0.0000e+00
    113.294   16.54058 -107.06558    114.000    14.7510    14.7489    14.7340    34.7518    34.7601  1026.3409    25.8349 5.4462e-01      0.786  249.43554     0.1506    96.3062 4.3855e-02       7078         20 0.0000e+00
    114.287   16.54058 -107.06558    115.000    14.6880    14.6865    14.6709    34.7555    34.7637  1026.3619    25.8514 5.2627e-01      0.814  249.74020     0.1501    96.3166 4.1207e-02       7096         17 0.0000e+00
    115.281   16.54058 -107.06558    116.000    14.6450    14.6443    14.6278    34.7589    34.7668  1026.3784    25.8633 5.0941e-01      0.812  249.94674     0.1497    96.3270 3.8916e-02       7112         16 0.0000e+00
    116.274   16.54058 -107.06558    117.000    14.6394    14.6391    14.6221    34.7593    34.7672  1026.3843    25.8649 4.9235e-01      0.804  249.97360     0.1503    96.3127 3.6811e-02       7127         14 0.0000e+00
    117.268   16.54058 -107.06558    118.000    14.6287    14.6286    14.6113    34.7594    34.7673  1026.3911    25.8672 4.9752e-01      0.809  250.02620     0.1510    96.2951 3.4474e-02       7142         14 0.0000e+00
    118.262   16.54058 -107.06558    119.000    14.6259    14.6261    14.6083    34.7613    34.7695  1026.3977    25.8693 5.0404e-01      0.812  250.03674     0.1487    96.3502 3.2271e-02       7158         15 0.0000e+00
    119.255   16.54058 -107.06558    120.000    14.6089    14.6084    14.5911    34.7620    34.7700  1026.4063    25.8735 5.1344e-01      0.801  250.12001     0.1484    96.3585 3.0669e-02       7177         24 0.0000e+00
    120.249   16.54058 -107.06558    121.000    14.5835    14.5633    14.5656    34.7627    34.7716  1026.4168    25.8795 6.1385e-01      0.785  250.24472     0.1485    96.3565 2.8857e-02       7210         43 0.0000e+00
    121.242   16.54058 -107.06558    122.000    14.5504    14.5846    14.5324    34.7577    34.7599  1026.4246    25.8828 7.2753e-01      0.618  250.41737     0.1523    96.2632 2.7164e-02       7264         50 0.0000e+00
    122.235   16.54058 -107.06558    123.000    14.3267    14.3220    14.3087    34.7650    34.7743  1026.4830    25.9363 5.4256e-01      0.658  251.52011     0.1496    96.3290 2.5866e-02       7298         25 0.0000e+00
    123.229   16.54058 -107.06558    124.000    14.1604    14.1590    14.1424    34.7801    34.7883  1026.5348    25.9833 5.2978e-01      0.764  252.32799     0.1461    96.4140 2.4898e-02       7318         18 0.0000e+00
    124.223   16.54058 -107.06558    125.000    14.1078    14.1067    14.0897    34.7812    34.7891  1026.5513    25.9953 5.1559e-01      0.862  252.59141     0.1476    96.3762 2.3885e-02       7335         15 0.0000e+00
    125.216   16.54058 -107.06558    126.000    14.0574    14.0567    14.0393    34.7812    34.7886  1026.5664    26.0059 5.1489e-01      0.916  252.84560     0.1478    96.3730 2.2729e-02       7350         16 0.0000e+00
    126.209   16.54058 -107.06558    127.000    13.9909    13.9902    13.9727    34.7834    34.7909  1026.5867    26.0216 5.3400e-01      0.872  253.17826     0.1470    96.3921 2.1541e-02       7367         18 0.0000e+00
    127.203   16.54058 -107.06558    128.000    13.9721    13.9717    13.9537    34.7845    34.7917  1026.5960    26.0264 5.7067e-01      0.831  253.27178     0.1470    96.3925 2.0770e-02       7391         32 0.0000e+00
    128.196   16.54058 -107.06558    129.000    13.9479    13.9453    13.9294    34.7830    34.7892  1026.6044    26.0304 5.8432e-01      0.733  253.39725     0.1520    96.2711 1.9591e-02       7429         37 0.0000e+00
    129.190   16.54058 -107.06558    130.000    13.8076    13.8071    13.7891    34.7852    34.7926  1026.6402    26.0614 6.7012e-01      0.625  254.10753     0.1489    96.3453 1.8628e-02       7458         24 0.0000e+00
    130.183   16.54058 -107.06558    131.000    13.7495    13.7485    13.7309    34.7867    34.7945  1026.6580    26.0746 6.6676e-01      0.735  254.40171     0.1489    96.3467 1.8131e-02       7479         20 0.0000e+00
    131.177   16.54058 -107.06558    132.000    13.6966    13.7023    13.6779    34.7869    34.7939  1026.6737    26.0857 6.8391e-01      0.686  254.67227     0.1491    96.3413 1.7423e-02       7497         17 0.0000e+00
    132.170   16.54058 -107.06558    133.000    13.6604    13.6605    13.6416    34.7856    34.7939  1026.6847    26.0922 7.0266e-01      0.680  254.86011     0.1499    96.3228 1.6985e-02       7516         20 0.0000e+00
    133.164   16.54058 -107.06558    134.000    13.6393    13.6384    13.6203    34.7857    34.7935  1026.6936    26.0966 7.3646e-01      0.704  254.96839     0.1505    96.3073 1.6346e-02       7537         24 0.0000e+00
    134.157   16.54058 -107.06558    135.000    13.6043    13.6027    13.5853    34.7874    34.7945  1026.7067    26.1052 7.5656e-01      0.675  255.14474     0.1503    96.3123 1.5603e-02       7571         43 0.0000e+00
    135.150   16.54058 -107.06558    136.000    13.5904    13.5908    13.5712    34.7846    34.7925  1026.7119    26.1059 7.0636e-01      0.703  255.22157     0.1517    96.2784 1.4747e-02       7613         36 0.0000e+00
    136.144   16.54058 -107.06558    137.000    13.5696    13.5696    13.5503    34.7834    34.7913  1026.7198    26.1093 6.4691e-01      0.691  255.33060     0.1503    96.3123 1.4220e-02       7642         23 0.0000e+00
    137.137   16.54058 -107.06558    138.000    13.5222    13.5222    13.5028    34.7870    34.7948  1026.7369    26.1218 5.7354e-01      0.605  255.56857     0.1485    96.3550 1.4189e-02       7662         19 0.0000e+00
    138.131   16.54058 -107.06558    139.000    13.5097    13.5099    13.4902    34.7879    34.7957  1026.7446    26.1250 5.5502e-01      0.618  255.63133     0.1470    96.3908 1.4114e-02       7679         16 0.0000e+00
    139.124   16.54058 -107.06558    140.000    13.4882    13.4884    13.4686    34.7874    34.7950  1026.7531    26.1291 5.3491e-01      0.615  255.74330     0.1467    96.3989 1.3939e-02       7695         16 0.0000e+00
    140.118   16.54058 -107.06558    141.000    13.3926    13.3922    13.3729    34.7899    34.7975  1026.7793    26.1506 4.6853e-01      0.518  256.23391     0.1461    96.4131 1.3851e-02       7711         16 0.0000e+00
    141.111   16.54058 -107.06558    142.000    13.3427    13.3427    13.3229    34.7905    34.7980  1026.7945    26.1613 4.4602e-01      0.549  256.49158     0.1464    96.4055 1.3579e-02       7728         16 0.0000e+00
    142.104   16.54058 -107.06558    143.000    13.2952    13.2945    13.2753    34.7919    34.7997  1026.8099    26.1720 4.2836e-01      0.637  256.73605     0.1465    96.4028 1.2768e-02       7749         27 0.0000e+00
    143.098   16.54058 -107.06558    144.000    13.2606    13.2612    13.2406    34.7946    34.8019  1026.8236    26.1812 4.1416e-01      0.593  256.91126     0.1463    96.4085 1.2406e-02       7786         44 0.0000e+00
    144.091   16.54058 -107.06558    145.000    13.2062    13.2063    13.1861    34.7921    34.7996  1026.8372    26.1902 3.5683e-01      0.557  257.19932     0.1454    96.4295 1.2059e-02       7826         30 0.0000e+00
    145.085   16.54058 -107.06558    146.000    13.1289    13.1292    13.1087    34.7923    34.8000  1026.8576    26.2060 2.9657e-01      0.528  257.60334     0.1433    96.4821 1.1377e-02       7851         24 0.0000e+00
