data/ctd-cnv/SKQ1617/SKQ1617-St16-P2/skq201617s-039avg.cnv
* Sea-Bird SBE 9 Data File:
* FileName = D:\CTD\SKQ201617S\SKQ201617S-039.hex
* Software Version Seasave V 7.22.5
* Temperature SN = 5773
* Conductivity SN = 2251
* Number of Bytes Per Scan = 37
* Number of Voltage Words = 4
* Number of Scans Averaged by the Deck Unit = 1
* NMEA Latitude = 16 33.07 N
* NMEA Longitude = 107 01.09 W
* NMEA UTC (Time) = Jan 11 2017  14:01:28
* NMEA baud rate = 4800
** Ship: R/V Sikuliaq
** Station Number: 39
** Station Name: Station 16/P2
** Depth: 3534m
** Operator: unknown
# nquan = 20
# nvalues = 503                         
# units = specified
# name 0 = depSM: Depth [salt water, m]
# name 1 = latitude: Latitude [deg]
# name 2 = longitude: Longitude [deg]
# name 3 = prDM: Pressure, Digiquartz [db]
# name 4 = t090C: Temperature [ITS-90, deg C]
# name 5 = t190C: Temperature, 2 [ITS-90, deg C]
# name 6 = potemp090C: Potential Temperature [ITS-90, deg C]
# name 7 = sal00: Salinity, Practical [PSU]
# name 8 = sal11: Salinity, Practical, 2 [PSU]
# name 9 = density00: Density [density, kg/m^3]
# name 10 = sigma-t00: Density [sigma-t, kg/m^3 ]
# name 11 = flSP: Fluorescence, Seapoint
# name 12 = sbox0Mm/Kg: Oxygen, SBE 43 [umol/kg]
# name 13 = oxsolMm/Kg: Oxygen Saturation, Garcia & Gordon [umol/kg]
# name 14 = CStarAt0: Beam Attenuation, WET Labs C-Star [1/m]
# name 15 = CStarTr0: Beam Transmission, WET Labs C-Star [%]
# name 16 = par: PAR/Irradiance, Biospherical/Licor
# name 17 = scan: Scan Count
# name 18 = nbin: number of scans per bin
# name 19 = flag: flag
# span 0 =      2.982,    501.399       
# span 1 =   16.55118,   16.55120       
# span 2 = -107.01810, -107.01808       
# span 3 =      3.000,    505.000       
# span 4 =     8.2294,    28.8443       
# span 5 =     8.2296,    28.8442       
# span 6 =     8.1770,    28.8373       
# span 7 =    33.6060,    34.8097       
# span 8 =    33.6162,    34.8176       
# span 9 =  1021.0868,  1029.1969       
# span 10 =    21.0706,    26.9070      
# span 11 = 6.5794e-02, 1.7628e+00      
# span 12 =      0.021,    190.776      
# span 13 =  195.93749,  286.33312      
# span 14 =     0.0643,     0.2354      
# span 15 =    94.2855,    98.4061      
# span 16 = -6.165e-08, 1.0357e+02      
# span 17 =        307,      17276      
# span 18 =         14,        482      
# span 19 = 0.0000e+00, 0.0000e+00      
# interval = decibars: 1                
# start_time = Jan 11 2017 14:01:28 [NMEA time, header]
# bad_flag = -9.990e-29
*END*
[from data line 362]
    362.519   16.55120 -107.01810    365.000    10.0731    10.0733    10.0304    34.6587    34.6663  1028.3186    26.6729 7.1754e-02      0.144  274.85436     0.0687    98.2955 1.0000e-12      12283         21 0.0000e+00
    363.512   16.55120 -107.01810    366.000    10.0616    10.0618    10.0188    34.6582    34.6658  1028.3247    26.6745 7.1439e-02      0.179  274.92328     0.0687    98.2968 1.0000e-12      12306         24 0.0000e+00
    364.504   16.55120 -107.01810    367.000    10.0377    10.0385     9.9949    34.6571    34.6645  1028.3326    26.6777 7.2254e-02      0.146  275.06684     0.0675    98.3270 1.0000e-12      12334         30 0.0000e+00
    365.496   16.55120 -107.01810    368.000    10.0202    10.0206     9.9772    34.6564    34.6640  1028.3397    26.6802 7.1266e-02      0.138  275.17209     0.0671    98.3359 1.0000e-12      12365         31 0.0000e+00
    366.489   16.55120 -107.01810    369.000    10.0102    10.0105     9.9671    34.6557    34.6632  1028.3455    26.6814 7.1563e-02      0.191  275.23283     0.0674    98.3300 1.0000e-12      12395         28 0.0000e+00
    367.481   16.55120 -107.01810    370.000    10.0001    10.0009     9.9570    34.6552    34.6628  1028.3513    26.6827 7.0141e-02      0.106  275.29345     0.0676    98.3224 1.0000e-12      12422         25 0.0000e+00
    368.473   16.55120 -107.01810    371.000     9.9802     9.9803     9.9370    34.6541    34.6617  1028.3585    26.6852 7.0481e-02      0.129  275.41377     0.0672    98.3343 1.0000e-12      12446         25 0.0000e+00
    369.466   16.55120 -107.01810    372.000     9.9480     9.9479     9.9048    34.6528    34.6603  1028.3677    26.6897 7.1527e-02      0.154  275.60724     0.0671    98.3372 1.0000e-12      12470         23 0.0000e+00
    370.458   16.55120 -107.01810    373.000     9.9024     9.9024     9.8592    34.6515    34.6589  1028.3792    26.6964 7.2850e-02      0.145  275.88083     0.0675    98.3260 1.0000e-12      12495         21 0.0000e+00
    371.450   16.55120 -107.01810    374.000     9.8867     9.8868     9.8434    34.6510    34.6587  1028.3862    26.6987 7.1693e-02      0.145  275.97547     0.0676    98.3242 1.0000e-12      12520         26 0.0000e+00
    372.442   16.55120 -107.01810    375.000     9.8778     9.8779     9.8344    34.6506    34.6580  1028.3918    26.6998 7.2086e-02      0.160  276.02930     0.0675    98.3268 1.0000e-12      12545         25 0.0000e+00
    373.435   16.55120 -107.01810    376.000     9.8738     9.8741     9.8303    34.6501    34.6576  1028.3967    26.7002 6.9610e-02      0.142  276.05383     0.0672    98.3331 1.0000e-12      12570         25 0.0000e+00
    374.427   16.55120 -107.01809    377.000     9.8718     9.8719     9.8282    34.6496    34.6571  1028.4011    26.7001 7.0870e-02      0.141  276.06685     0.0672    98.3354 1.0000e-12      12596         26 0.0000e+00
    375.419   16.55120 -107.01808    378.000     9.8654     9.8657     9.8216    34.6491    34.6566  1028.4063    26.7008 6.9726e-02      0.172  276.10627     0.0671    98.3368 1.0000e-12      12623         30 0.0000e+00
    376.411   16.55120 -107.01809    379.000     9.8620     9.8622     9.8182    34.6487    34.6563  1028.4112    26.7011 7.0428e-02      0.114  276.12682     0.0671    98.3364 1.0000e-12      12651         26 0.0000e+00
    377.404   16.55120 -107.01810    380.000     9.8546     9.8548     9.8107    34.6480    34.6554  1028.4164    26.7018 7.2000e-02      0.151  276.17258     0.0670    98.3394 1.0000e-12      12675         20 0.0000e+00
    378.396   16.55120 -107.01810    381.000     9.8424     9.8425     9.7984    34.6473    34.6548  1028.4225    26.7033 7.3061e-02      0.153  276.24673     0.0670    98.3394 1.0000e-12      12694         20 0.0000e+00
    379.388   16.55120 -107.01810    382.000     9.8268     9.8270     9.7827    34.6465    34.6540  1028.4291    26.7053 7.4324e-02      0.162  276.34156     0.0675    98.3256 1.0000e-12      12711         16 0.0000e+00
    380.380   16.55120 -107.01810    383.000     9.8104     9.8104     9.7663    34.6460    34.6535  1028.4361    26.7077 7.2212e-02      0.155  276.44015     0.0677    98.3207 1.0000e-12      12728         14 0.0000e+00
    381.373   16.55120 -107.01810    384.000     9.8003     9.8004     9.7560    34.6461    34.6536  1028.4425    26.7094 6.9468e-02      0.143  276.50060     0.0675    98.3274 1.0000e-12      12744         17 0.0000e+00
    382.365   16.55120 -107.01810    385.000     9.7969     9.7971     9.7526    34.6457    34.6532  1028.4472    26.7097 7.0281e-02      0.138  276.52140     0.0673    98.3318 1.0000e-12      12762         21 0.0000e+00
    383.357   16.55120 -107.01810    386.000     9.7920     9.7922     9.7476    34.6451    34.6528  1028.4522    26.7101 7.2456e-02      0.146  276.55169     0.0673    98.3321 1.0000e-12      12784         25 0.0000e+00
    384.349   16.55120 -107.01810    387.000     9.7854     9.7859     9.7408    34.6449    34.6525  1028.4577    26.7110 7.4125e-02      0.138  276.59177     0.0676    98.3227 1.0000e-12      12817         40 0.0000e+00
    385.342   16.55118 -107.01810    388.000     9.7766     9.7768     9.7319    34.6448    34.6519  1028.4636    26.7125 7.0369e-02      0.151  276.64456     0.0670    98.3387 1.0000e-12      12866         51 0.0000e+00
    386.334   16.55120 -107.01810    389.000     9.7656     9.7657     9.7209    34.6436    34.6513  1028.4691    26.7133 7.1743e-02      0.147  276.71281     0.0670    98.3394 1.0000e-12      12906         28 0.0000e+00
    387.326   16.55120 -107.01810    390.000     9.7578     9.7581     9.7130    34.6430    34.6512  1028.4745    26.7142 7.2048e-02      0.130  276.76074     0.0673    98.3317 1.0000e-12      12931         21 0.0000e+00
    388.318   16.55120 -107.01810    391.000     9.7544     9.7548     9.7095    34.6431    34.6507  1028.4797    26.7148 7.1420e-02      0.132  276.78069     0.0672    98.3336 1.0000e-12      12950         18 0.0000e+00
    389.310   16.55120 -107.01810    392.000     9.7399     9.7401     9.6949    34.6425    34.6499  1028.4862    26.7168 7.1198e-02      0.149  276.86848     0.0673    98.3328 1.0000e-12      12967         16 0.0000e+00
    390.302   16.55120 -107.01810    393.000     9.7306     9.7306     9.6855    34.6424    34.6498  1028.4923    26.7183 7.1563e-02      0.152  276.92456     0.0674    98.3288 1.0000e-12      12983         15 0.0000e+00
    391.295   16.55120 -107.01810    394.000     9.7207     9.7207     9.6756    34.6419    34.6494  1028.4981    26.7195 6.9560e-02      0.173  276.98482     0.0670    98.3396 1.0000e-12      12999         16 0.0000e+00
    392.287   16.55120 -107.01808    395.000     9.7161     9.7163     9.6708    34.6416    34.6491  1028.5032    26.7201 7.0716e-02      0.156  277.01297     0.0671    98.3367 1.0000e-12      13017         20 0.0000e+00
    393.279   16.55120 -107.01808    396.000     9.7128     9.7127     9.6674    34.6409    34.6486  1028.5077    26.7201 7.0310e-02      0.126  277.03422     0.0670    98.3393 1.0000e-12      13039         26 0.0000e+00
    394.271   16.55120 -107.01808    397.000     9.7006     9.7008     9.6551    34.6407    34.6483  1028.5142    26.7220 7.1694e-02      0.152  277.10797     0.0673    98.3313 1.0000e-12      13071         38 0.0000e+00
    395.264   16.55120 -107.01808    398.000     9.6947     9.6949     9.6491    34.6401    34.6478  1028.5193    26.7225 7.1136e-02      0.148  277.14454     0.0670    98.3396 1.0000e-12      13108         33 0.0000e+00
    396.256   16.55120 -107.01810    399.000     9.6856     9.6856     9.6399    34.6391    34.6466  1028.5246    26.7232 7.3179e-02      0.148  277.20104     0.0677    98.3207 1.0000e-12      13137         26 0.0000e+00
    397.248   16.55120 -107.01810    400.000     9.6614     9.6615     9.6157    34.6385    34.6461  1028.5328    26.7268 7.1833e-02      0.148  277.34754     0.0671    98.3360 1.0000e-12      13161         21 0.0000e+00
    398.240   16.55120 -107.01810    401.000     9.6554     9.6559     9.6096    34.6378    34.6455  1028.5378    26.7272 7.3288e-02      0.115  277.38488     0.0671    98.3381 1.0000e-12      13180         19 0.0000e+00
    399.232   16.55120 -107.01810    402.000     9.6492     9.6494     9.6033    34.6370    34.6447  1028.5428    26.7277 7.0960e-02      0.125  277.42378     0.0670    98.3394 1.0000e-12      13199         19 0.0000e+00
    400.224   16.55120 -107.01810    403.000     9.6103     9.6108     9.5644    34.6346    34.6418  1028.5522    26.7323 7.2009e-02      0.147  277.66237     0.0674    98.3295 1.0000e-12      13217         18 0.0000e+00
    401.216   16.55120 -107.01810    404.000     9.5874     9.5877     9.5414    34.6336    34.6408  1028.5599    26.7353 7.3051e-02      0.154  277.80291     0.0671    98.3365 1.0000e-12      13235         18 0.0000e+00
    402.209   16.55120 -107.01810    405.000     9.5729     9.5728     9.5269    34.6320    34.6393  1028.5657    26.7365 7.0638e-02      0.162  277.89303     0.0667    98.3475 1.0000e-12      13255         20 0.0000e+00
    403.201   16.55120 -107.01810    406.000     9.5642     9.5643     9.5181    34.6309    34.6386  1028.5709    26.7371 7.2262e-02      0.152  277.94767     0.0668    98.3444 1.0000e-12      13277         26 0.0000e+00
    404.193   16.55120 -107.01809    407.000     9.5550     9.5552     9.5088    34.6299    34.6375  1028.5762    26.7378 7.1828e-02      0.139  278.00511     0.0667    98.3455 1.0000e-12      13309         38 0.0000e+00
    405.185   16.55120 -107.01809    408.000     9.5431     9.5436     9.4968    34.6286    34.6358  1028.5818    26.7388 7.1663e-02      0.149  278.07979     0.0665    98.3509 1.0000e-12      13354         46 0.0000e+00
    406.177   16.55120 -107.01810    409.000     9.5087     9.5092     9.4625    34.6256    34.6330  1028.5899    26.7421 7.0787e-02      0.133  278.29333     0.0675    98.3263 1.0000e-12      13392         30 0.0000e+00
    407.169   16.55120 -107.01810    410.000     9.4462     9.4466     9.3999    34.6244    34.6318  1028.6043    26.7515 7.1287e-02      0.164  278.67462     0.0672    98.3330 1.0000e-12      13418         24 0.0000e+00
    408.161   16.55120 -107.01810    411.000     9.4268     9.4271     9.3805    34.6234    34.6308  1028.6114    26.7539 7.2244e-02      0.155  278.79408     0.0664    98.3539 1.0000e-12      13439         18 0.0000e+00
    409.153   16.55120 -107.01810    412.000     9.4107     9.4110     9.3643    34.6228    34.6301  1028.6181    26.7561 7.1536e-02      0.150  278.89315     0.0662    98.3594 1.0000e-12      13456         17 0.0000e+00
    410.146   16.55120 -107.01810    413.000     9.3942     9.3945     9.3478    34.6219    34.6293  1028.6248    26.7581 7.1430e-02      0.168  278.99490     0.0676    98.3236 1.0000e-12      13472         16 0.0000e+00
    411.138   16.55120 -107.01809    414.000     9.3842     9.3847     9.3377    34.6216    34.6291  1028.6308    26.7595 7.3679e-02      0.157  279.05654     0.0684    98.3038 1.0000e-12      13488         16 0.0000e+00
    412.130   16.55120 -107.01808    415.000     9.3754     9.3757     9.3288    34.6206    34.6280  1028.6361    26.7602 7.2621e-02      0.144  279.11200     0.0664    98.3544 1.0000e-12      13505         17 0.0000e+00
    413.122   16.55120 -107.01808    416.000     9.3520     9.3523     9.3054    34.6196    34.6268  1028.6437    26.7632 7.2287e-02      0.143  279.25591     0.0660    98.3630 1.0000e-12      13524         19 0.0000e+00
    414.114   16.55120 -107.01808    417.000     9.3293     9.3293     9.2826    34.6188    34.6262  1028.6516    26.7664 7.0566e-02      0.151  279.39598     0.0661    98.3615 1.0000e-12      13546         26 0.0000e+00
    415.106   16.55120 -107.01808    418.000     9.3130     9.3131     9.2663    34.6182    34.6255  1028.6584    26.7685 7.2616e-02      0.151  279.49645     0.0667    98.3475 1.0000e-12      13573         30 0.0000e+00
    416.098   16.55120 -107.01810    419.000     9.3049     9.3050     9.2581    34.6174    34.6248  1028.6637    26.7692 7.2755e-02      0.151  279.54740     0.0661    98.3601 1.0000e-12      13603         29 0.0000e+00
    417.090   16.55120 -107.01810    420.000     9.2893     9.2894     9.2425    34.6164    34.6239  1028.6701    26.7710 7.2717e-02      0.151  279.64419     0.0663    98.3558 1.0000e-12      13632         27 0.0000e+00
    418.082   16.55120 -107.01810    421.000     9.2740     9.2742     9.2271    34.6153    34.6229  1028.6763    26.7726 7.1629e-02      0.151  279.74007     0.0661    98.3616 1.0000e-12      13659         27 0.0000e+00
    419.074   16.55120 -107.01810    422.000     9.2652     9.2653     9.2181    34.6149    34.6225  1028.6820    26.7738 7.2899e-02      0.151  279.79483     0.0660    98.3643 1.0000e-12      13683         23 0.0000e+00
    420.066   16.55120 -107.01810    423.000     9.2618     9.2620     9.2147    34.6146    34.6221  1028.6869    26.7741 7.0161e-02      0.151  279.81571     0.0659    98.3655 1.0000e-12      13706         22 0.0000e+00
    421.058   16.55120 -107.01810    424.000     9.2517     9.2521     9.2045    34.6138    34.6212  1028.6925    26.7751 7.1890e-02      0.152  279.87908     0.0659    98.3655 1.0000e-12      13730         24 0.0000e+00
    422.050   16.55120 -107.01809    425.000     9.2355     9.2357     9.1883    34.6131    34.6205  1028.6992    26.7771 7.0985e-02      0.152  279.97957     0.0666    98.3494 1.0000e-12      13758         32 0.0000e+00
    423.042   16.55120 -107.01808    426.000     9.2224     9.2223     9.1750    34.6120    34.6195  1028.7051    26.7785 7.1707e-02      0.134  280.06213     0.0659    98.3644 1.0000e-12      13793         35 0.0000e+00
    424.034   16.55120 -107.01808    427.000     9.1955     9.1955     9.1481    34.6107    34.6183  1028.7131    26.7818 7.2408e-02      0.155  280.22950     0.0659    98.3645 1.0000e-12      13823         25 0.0000e+00
    425.027   16.55120 -107.01809    428.000     9.1761     9.1763     9.1287    34.6101    34.6175  1028.7205    26.7844 7.2726e-02      0.179  280.34925     0.0659    98.3655 1.0000e-12      13846         20 0.0000e+00
    426.018   16.55120 -107.01810    429.000     9.1643     9.1645     9.1168    34.6102    34.6177  1028.7271    26.7865 7.0147e-02      0.159  280.42137     0.0663    98.3551 1.0000e-12      13864         18 0.0000e+00
    427.011   16.55120 -107.01810    430.000     9.1599     9.1598     9.1123    34.6099    34.6173  1028.7321    26.7870 7.0751e-02      0.126  280.44913     0.0661    98.3607 1.0000e-12      13881         16 0.0000e+00
    428.002   16.55120 -107.01810    431.000     9.1535     9.1534     9.1058    34.6097    34.6173  1028.7375    26.7878 7.4599e-02      0.116  280.48878     0.0660    98.3640 1.0000e-12      13897         17 0.0000e+00
    428.995   16.55120 -107.01810    432.000     9.1511     9.1511     9.1033    34.6095    34.6170  1028.7423    26.7880 7.1051e-02      0.156  280.50410     0.0659    98.3655 1.0000e-12      13914         18 0.0000e+00
    429.986   16.55120 -107.01810    433.000     9.1446     9.1446     9.0967    34.6085    34.6160  1028.7471    26.7883 7.1229e-02      0.130  280.54549     0.0662    98.3581 1.0000e-12      13933         18 0.0000e+00
    430.979   16.55120 -107.01810    434.000     9.1199     9.1203     9.0720    34.6074    34.6148  1028.7550    26.7914 7.2383e-02      0.146  280.69978     0.0659    98.3646 1.0000e-12      13954         24 0.0000e+00
    431.971   16.55120 -107.01810    435.000     9.1008     9.1015     9.0528    34.6072    34.6146  1028.7626    26.7943 7.0460e-02      0.167  280.81744     0.0654    98.3781 1.0000e-12      13982         32 0.0000e+00
    432.963   16.55120 -107.01810    436.000     9.0875     9.0877     9.0395    34.6065    34.6142  1028.7688    26.7960 7.2580e-02      0.153  280.90050     0.0661    98.3617 1.0000e-12      14018         39 0.0000e+00
