data/ctd-cnv/SKQ1617/SKQ1617-St16-P2/skq201617s-042avg.cnv
* Sea-Bird SBE 9 Data File:
* FileName = D:\CTD\SKQ201617S\SKQ201617S-042.hex
* Software Version Seasave V 7.22.5
* Temperature SN = 5773
* Conductivity SN = 2251
* Number of Bytes Per Scan = 37
* Number of Voltage Words = 4
* Number of Scans Averaged by the Deck Unit = 1
* NMEA Latitude = 16 34.03 N
* NMEA Longitude = 106 58.23 W
* NMEA UTC (Time) = Jan 12 2017  19:11:20
* NMEA baud rate = 4800
** Ship: R/V Sikuliaq
** Station Number: 42
** Station Name: Station 16/P2
** Depth: 3130 m
** Operator: Jacob/Rachel
# nquan = 20
# nvalues = 504                         
# units = specified
# name 0 = depSM: Depth [salt water, m]
# name 1 = latitude: Latitude [deg]
# name 2 = longitude: Longitude [deg]
# name 3 = prDM: Pressure, Digiquartz [db]
# name 4 = t090C: Temperature [ITS-90, deg C]
# name 5 = t190C: Temperature, 2 [ITS-90, deg C]
# name 6 = potemp090C: Potential Temperature [ITS-90, deg C]
# name 7 = sal00: Salinity, Practical [PSU]
# name 8 = sal11: Salinity, Practical, 2 [PSU]
# name 9 = density00: Density [density, kg/m^3]
# name 10 = sigma-t00: Density [sigma-t, kg/m^3 ]
# name 11 = flSP: Fluorescence, Seapoint
# name 12 = sbox0Mm/Kg: Oxygen, SBE 43 [umol/kg]
# name 13 = oxsolMm/Kg: Oxygen Saturation, Garcia & Gordon [umol/kg]
# name 14 = CStarAt0: Beam Attenuation, WET Labs C-Star [1/m]
# name 15 = CStarTr0: Beam Transmission, WET Labs C-Star [%]
# name 16 = par: PAR/Irradiance, Biospherical/Licor
# name 17 = scan: Scan Count
# name 18 = nbin: number of scans per bin
# name 19 = flag: flag
# span 0 =      1.988,    501.398       
# span 1 =   16.56722,   16.56724       
# span 2 = -106.97042, -106.97042       
# span 3 =      2.000,    505.000       
# span 4 =     8.3424,    28.8532       
# span 5 =     8.3476,    28.8531       
# span 6 =     8.2893,    28.8453       
# span 7 =    33.5415,    34.8133       
# span 8 =    33.5542,    34.8202       
# span 9 =  1021.0524,  1029.1825       
# span 10 =    21.0403,    26.8914      
# span 11 = 6.4989e-02, 1.7498e+00      
# span 12 =      0.017,    191.592      
# span 13 =  195.90309,  285.61047      
# span 14 =     0.0653,     0.2482      
# span 15 =    93.9847,    98.3808      
# span 16 = -6.257e-08, 3.8240e+03      
# span 17 =       -387,      20627      
# span 18 =         15,       1257      
# span 19 = 0.0000e+00, 0.0000e+00      
# interval = decibars: 1                
# start_time = Jan 12 2017 19:11:20 [NMEA time, header]
# bad_flag = -9.990e-29
*END*
      1.988   16.56724 -106.97042      2.000    28.7842    28.7843    28.7838    33.5453    33.5551  1021.0524    21.0439 1.3309e-01    191.292  196.20366     0.1665    95.9233 3.8240e+03       -387         17 0.0000e+00
      2.982   16.56724 -106.97042      3.000    28.7851    28.7848    28.7844    33.5457    33.5548  1021.0567    21.0439 1.3278e-01    191.086  196.20039     0.1687    95.8701 2.5490e+03        457        750 0.0000e+00
      3.976   16.56724 -106.97042      4.000    28.7865    28.7862    28.7855    33.5415    33.5543  1021.0574    21.0403 1.3464e-01    191.414  196.20137     0.1670    95.9122 2.5665e+03        794         45 0.0000e+00
      4.970   16.56724 -106.97042      5.000    28.7869    28.7861    28.7857    33.5446    33.5544  1021.0639    21.0425 1.3866e-01    191.097  196.19634     0.1677    95.8953 2.0599e+03        882        160 0.0000e+00
      5.964   16.56724 -106.97042      6.000    28.7872    28.7867    28.7858    33.5450    33.5543  1021.0683    21.0426 1.4245e-01    191.091  196.19472     0.1680    95.8869 1.7080e+03       1019        123 0.0000e+00
      6.958   16.56724 -106.97042      7.000    28.7866    28.7860    28.7849    33.5450    33.5542  1021.0729    21.0429 1.4957e-01    190.811  196.19661     0.1675    95.8986 1.3933e+03       1129         50 0.0000e+00
      7.952   16.56724 -106.97042      8.000    28.7832    28.7820    28.7813    33.5456    33.5548  1021.0787    21.0444 1.4959e-01    190.984  196.20649     0.1700    95.8387 1.3973e+03       1230        143 0.0000e+00
      8.947   16.56723 -106.97042      9.000    28.7796    28.7789    28.7775    33.5473    33.5566  1021.0855    21.0469 1.5499e-01    191.045  196.21556     0.1689    95.8659 1.3042e+03       1333        103 0.0000e+00
      9.941   16.56724 -106.97042     10.000    28.7801    28.7805    28.7778    33.5472    33.5562  1021.0895    21.0467 1.5770e-01    191.113  196.21396     0.1689    95.8654 1.2804e+03       1464        124 0.0000e+00
     10.935   16.56724 -106.97042     11.000    28.7836    28.7831    28.7809    33.5525    33.5621  1021.0966    21.0495 1.6256e-01    191.210  196.19670     0.1706    95.8253 1.1726e+03       1566         81 0.0000e+00
     11.928   16.56722 -106.97042     12.000    28.7899    28.7900    28.7870    33.5562    33.5656  1021.1016    21.0502 1.7527e-01    191.268  196.17245     0.1695    95.8513 1.0359e+03       1666        115 0.0000e+00
     12.923   16.56724 -106.97042     13.000    28.7896    28.7893    28.7865    33.5559    33.5653  1021.1058    21.0500 1.7715e-01    191.122  196.17374     0.1707    95.8216 1.0116e+03       1847        236 0.0000e+00
     13.917   16.56724 -106.97042     14.000    28.7871    28.7866    28.7837    33.5554    33.5643  1021.1105    21.0505 1.8486e-01    191.012  196.18215     0.1696    95.8479 1.0149e+03       2042        115 0.0000e+00
     14.911   16.56724 -106.97042     15.000    28.7893    28.7888    28.7857    33.5570    33.5660  1021.1153    21.0510 1.8952e-01    190.669  196.17333     0.1727    95.7737 8.6282e+02       2106         47 0.0000e+00
     15.905   16.56724 -106.97042     16.000    28.7907    28.7906    28.7869    33.5579    33.5669  1021.1198    21.0512 1.9348e-01    190.835  196.16758     0.1706    95.8239 7.8346e+02       2150         38 0.0000e+00
     16.899   16.56724 -106.97042     17.000    28.7912    28.7902    28.7871    33.5581    33.5666  1021.1241    21.0512 1.9638e-01    190.606  196.16599     0.1713    95.8063 7.8464e+02       2188         40 0.0000e+00
     17.893   16.56724 -106.97042     18.000    28.7935    28.7932    28.7892    33.5601    33.5690  1021.1291    21.0519 2.0251e-01    190.836  196.15624     0.1704    95.8293 7.1366e+02       2231         51 0.0000e+00
     18.887   16.56724 -106.97042     19.000    28.7988    28.7987    28.7942    33.5639    33.5729  1021.1344    21.0530 2.0625e-01    190.851  196.13506     0.1714    95.8040 6.8847e+02       2288         64 0.0000e+00
     19.881   16.56724 -106.97042     20.000    28.7963    28.7963    28.7915    33.5633    33.5723  1021.1391    21.0533 2.3163e-01    190.626  196.14359     0.1728    95.7713 6.5256e+02       2349         49 0.0000e+00
     20.875   16.56724 -106.97042     21.000    28.8011    28.8003    28.7960    33.5661    33.5749  1021.1439    21.0539 2.2061e-01    191.024  196.12512     0.1697    95.8470 6.1575e+02       2391         40 0.0000e+00
     21.868   16.56724 -106.97042     22.000    28.8078    28.8073    28.8025    33.5702    33.5790  1021.1490    21.0547 2.3104e-01    191.023  196.09906     0.1712    95.8110 5.6914e+02       2436         51 0.0000e+00
     22.863   16.56724 -106.97042     23.000    28.8137    28.8140    28.8082    33.5739    33.5833  1021.1542    21.0556 2.3585e-01    190.880  196.07594     0.1690    95.8634 4.8324e+02       2493         55 0.0000e+00
     23.856   16.56724 -106.97042     24.000    28.8179    28.8163    28.8122    33.5769    33.5849  1021.1593    21.0564 2.3520e-01    190.960  196.05911     0.1696    95.8496 4.6379e+02       2546         52 0.0000e+00
     24.850   16.56724 -106.97042     25.000    28.8257    28.8260    28.8197    33.5834    33.5929  1021.1658    21.0587 2.4574e-01    190.627  196.02696     0.1701    95.8361 4.6868e+02       2593         43 0.0000e+00
     25.845   16.56724 -106.97042     26.000    28.8200    28.8198    28.8138    33.5834    33.5922  1021.1720    21.0606 2.6067e-01    191.063  196.04463     0.1700    95.8396 4.3309e+02       2633         33 0.0000e+00
     26.838   16.56724 -106.97042     27.000    28.8217    28.8216    28.8152    33.5862    33.5952  1021.1778    21.0621 2.8075e-01    190.930  196.03583     0.1701    95.8364 3.8833e+02       2671         42 0.0000e+00
     27.832   16.56724 -106.97042     28.000    28.8220    28.8217    28.8153    33.5875    33.5964  1021.1830    21.0630 2.9826e-01    190.993  196.03306     0.1704    95.8302 3.5561e+02       2722         65 0.0000e+00
     28.826   16.56722 -106.97042     29.000    28.8236    28.8239    28.8167    33.5897    33.5990  1021.1884    21.0641 3.2862e-01    191.020  196.02537     0.1721    95.7876 3.3664e+02       2794         60 0.0000e+00
     29.820   16.56724 -106.97042     30.000    28.8366    28.8365    28.8294    33.5978    33.6067  1021.1945    21.0659 3.1077e-01    190.617  195.97501     0.1717    95.7967 3.0510e+02       2836         33 0.0000e+00
     30.814   16.56724 -106.97042     31.000    28.8403    28.8404    28.8329    33.5998    33.6090  1021.1991    21.0662 3.2171e-01    190.033  195.96083     0.1727    95.7739 2.6529e+02       2871         38 0.0000e+00
     31.808   16.56724 -106.97042     32.000    28.8468    28.8469    28.8392    33.6048    33.6139  1021.2049    21.0678 3.4905e-01    190.816  195.93435     0.1740    95.7418 2.4143e+02       2926         71 0.0000e+00
     32.802   16.56724 -106.97042     33.000    28.8532    28.8531    28.8453    33.6140    33.6230  1021.2140    21.0726 3.6263e-01    190.877  195.90309     0.1725    95.7785 2.3635e+02       2987         46 0.0000e+00
     33.796   16.56724 -106.97042     34.000    28.8272    28.8269    28.8191    33.6284    33.6374  1021.2377    21.0920 4.5254e-01    190.945  195.96640     0.1752    95.7133 2.2162e+02       3029         41 0.0000e+00
     34.790   16.56724 -106.97042     35.000    28.7716    28.7713    28.7632    33.6460    33.6550  1021.2736    21.1236 6.1283e-01    190.845  196.11836     0.1849    95.4831 2.0353e+02       3068         36 0.0000e+00
     35.784   16.56724 -106.97042     36.000    28.7465    28.7462    28.7379    33.6559    33.6649  1021.2936    21.1394 6.9925e-01    190.927  196.18455     0.1962    95.2127 1.9216e+02       3103         35 0.0000e+00
     36.778   16.56723 -106.97042     37.000    28.7416    28.7471    28.7327    33.6563    33.6632  1021.2998    21.1413 7.1524e-01    191.079  196.19943     0.2027    95.0582 1.7763e+02       3157         95 0.0000e+00
     37.772   16.56724 -106.97042     38.000    28.7087    28.7081    28.6996    33.6644    33.6731  1021.3211    21.1582 8.1111e-01    191.029  196.29253     0.1898    95.3645 1.7787e+02       3260         51 0.0000e+00
     38.765   16.56724 -106.97042     39.000    28.2571    28.2502    28.2479    33.7301    33.7412  1021.5233    21.3560 1.4827e+00    191.592  197.63389     0.2297    94.4200 1.6455e+02       3289         32 0.0000e+00
     39.759   16.56724 -106.97042     40.000    27.3874    27.3847    27.3781    33.7390    33.7491  1021.8154    21.6435 1.6485e+00    191.016  200.42731     0.2482    93.9847 1.4822e+02       3321         31 0.0000e+00
     40.753   16.56724 -106.97042     41.000    26.2419    26.2429    26.2327    33.9021    33.9100  1022.3064    22.1298 1.6962e+00    181.980  203.99010     0.2410    94.1526 1.3231e+02       3352         33 0.0000e+00
     41.747   16.56724 -106.97042     42.000    25.9958    25.9950    25.9865    33.9700    33.9787  1022.4386    22.2577 1.6876e+00    156.350  204.72890     0.2375    94.2352 1.1855e+02       3386         34 0.0000e+00
     42.741   16.56724 -106.97042     43.000    25.7538    25.7549    25.7443    34.0501    34.0523  1022.5783    22.3930 1.7498e+00    149.750  205.44525     0.2302    94.4084 1.0846e+02       3432         64 0.0000e+00
     43.735   16.56723 -106.97042     44.000    25.7401    25.5745    25.7304    34.0528    34.0872  1022.5888    22.3992 1.7222e+00    147.523  205.49039     0.2238    94.5602 1.0654e+02       3514         77 0.0000e+00
     44.729   16.56724 -106.97042     45.000    25.2604    25.2616    25.2506    34.1653    34.1716  1022.8255    22.6314 1.6249e+00    143.108  206.98430     0.2238    94.5584 9.7109e+01       3572         49 0.0000e+00
     45.722   16.56724 -106.97042     46.000    24.9251    24.9177    24.9152    34.2440    34.2525  1022.9911    22.7926 1.5124e+00    137.597  208.04334     0.2217    94.6071 8.2746e+01       3618         43 0.0000e+00
     46.716   16.56724 -106.97042     47.000    24.4515    24.4587    24.4415    34.3179    34.3206  1023.1939    22.9909 1.4449e+00    131.105  209.60732     0.2142    94.7852 7.2431e+01       3665         51 0.0000e+00
     47.710   16.56724 -106.97042     48.000    24.1920    24.1904    24.1818    34.3393    34.3464  1023.2919    23.0844 1.3328e+00    117.381  210.49945     0.2044    95.0192 6.8804e+01       3716         42 0.0000e+00
     48.704   16.56724 -106.97042     49.000    23.9675    23.9651    23.9572    34.3577    34.3654  1023.3767    23.1648 1.1781e+00    114.572  211.27756     0.1978    95.1751 6.2938e+01       3749         27 0.0000e+00
     49.698   16.56724 -106.97042     50.000    23.7947    23.7899    23.7843    34.3677    34.3758  1023.4395    23.2232 1.1361e+00    111.227  211.88616     0.1973    95.1866 5.7610e+01       3776         26 0.0000e+00
     50.692   16.56724 -106.97042     51.000    23.5990    23.5857    23.5884    34.3931    34.4082  1023.5205    23.2997 1.1831e+00    105.791  212.56002     0.1904    95.3506 5.1643e+01       3810         49 0.0000e+00
     51.685   16.56722 -106.97042     52.000    23.8490    23.8528    23.8382    34.3484    34.3551  1023.4175    23.1926 1.4799e+00    103.285  211.71675     0.1905    95.3498 4.4760e+01       3922        110 0.0000e+00
     52.679   16.56724 -106.97042     53.000    23.1927    23.1905    23.1819    34.4066    34.4135  1023.6577    23.4280 1.0566e+00    104.917  214.02612     0.1924    95.3026 4.0759e+01       3969         34 0.0000e+00
     53.673   16.56724 -106.97042     54.000    22.8638    22.8554    22.8529    34.4276    34.4350  1023.7727    23.5386 9.1167e-01     95.496  215.21388     0.1796    95.6086 3.7486e+01       4000         34 0.0000e+00
     54.667   16.56724 -106.97042     55.000    22.5677    22.5628    22.5567    34.4467    34.4546  1023.8762    23.6375 8.8263e-01     86.375  216.29282     0.1752    95.7137 3.4720e+01       4037         38 0.0000e+00
     55.661   16.56724 -106.97042     56.000    22.4510    22.4500    22.4398    34.4448    34.4521  1023.9122    23.6692 8.8762e-01     80.999  216.73434     0.1746    95.7294 3.1976e+01       4086         53 0.0000e+00
     56.655   16.56724 -106.97042     57.000    22.3782    22.3782    22.3669    34.4440    34.4517  1023.9366    23.6892 8.7327e-01     78.657  217.01011     0.1714    95.8051 2.9039e+01       4136         45 0.0000e+00
     57.648   16.56724 -106.97042     58.000    22.3331    22.3325    22.3215    34.4447    34.4522  1023.9542    23.7024 8.1507e-01     77.221  217.17996     0.1694    95.8550 2.6462e+01       4180         43 0.0000e+00
     58.642   16.56723 -106.97042     59.000    22.2173    22.2151    22.2056    34.4462    34.4542  1023.9923    23.7361 7.9204e-01     76.192  217.61676     0.1709    95.8179 2.3997e+01       4226         51 0.0000e+00
     59.636   16.56722 -106.97042     60.000    21.7289    21.7199    21.7172    34.4650    34.4762  1024.1473    23.8864 7.3117e-01     72.419  219.46517     0.1667    95.9182 2.1773e+01       4276         51 0.0000e+00
     60.630   16.56724 -106.97042     61.000    20.8794    20.8692    20.8679    34.5166    34.5351  1024.4243    24.1585 6.9587e-01     56.645  222.70960     0.1610    96.0560 2.0192e+01       4336         64 0.0000e+00
     61.624   16.56724 -106.97042     62.000    20.4841    20.4860    20.4725    34.5391    34.5457  1024.5524    24.2819 6.0409e-01     42.568  224.25413     0.1580    96.1267 1.9154e+01       4397         50 0.0000e+00
     62.617   16.56724 -106.97042     63.000    20.3154    20.3131    20.3037    34.5456    34.5536  1024.6067    24.3318 5.6406e-01     41.839  224.92544     0.1552    96.1944 1.7817e+01       4438         38 0.0000e+00
     63.611   16.56724 -106.97042     64.000    20.0045    20.0044    19.9927    34.5547    34.5613  1024.7005    24.4209 5.4747e-01     38.120  226.17565     0.1517    96.2781 1.6302e+01       4478         42 0.0000e+00
     64.605   16.56724 -106.97042     65.000    19.9199    19.9191    19.9079    34.5571    34.5641  1024.7289    24.4449 5.3330e-01     30.065  226.51840     0.1516    96.2812 1.4935e+01       4523         46 0.0000e+00
     65.599   16.56724 -106.97042     66.000    19.8367    19.8368    19.8246    34.5605    34.5674  1024.7577    24.4693 5.0786e-01     28.709  226.85471     0.1491    96.3413 1.3846e+01       4565         42 0.0000e+00
     66.593   16.56722 -106.97042     67.000    19.7259    19.7254    19.7137    34.5632    34.5707  1024.7932    24.5003 5.2508e-01     28.978  227.30689     0.1476    96.3774 1.2556e+01       4609         46 0.0000e+00
     67.586   16.56723 -106.97042     68.000    19.6728    19.6733    19.6605    34.5664    34.5730  1024.8139    24.5166 5.3672e-01     26.571  227.52117     0.1481    96.3647 1.1188e+01       4660         48 0.0000e+00
     68.580   16.56724 -106.97042     69.000    19.5188    19.5170    19.5063    34.5752    34.5839  1024.8650    24.5633 5.6563e-01     25.854  228.14628     0.1448    96.4458 1.0622e+01       4731         73 0.0000e+00
     69.574   16.56724 -106.97042     70.000    19.2736    19.2742    19.2611    34.5803    34.5878  1024.9368    24.6304 4.7252e-01     23.853  229.16168     0.1450    96.4398 1.0105e+01       4785         39 0.0000e+00
     70.567   16.56724 -106.97042     71.000    19.0879    19.0857    19.0753    34.5878    34.5954  1024.9946    24.6837 4.5419e-01     20.881  229.93148     0.1443    96.4583 9.3289e+00       4823         41 0.0000e+00
     71.561   16.56724 -106.97042     72.000    18.8249    18.8248    18.8122    34.6020    34.6077  1025.0769    24.7614 4.4045e-01     16.861  231.02362     0.1447    96.4465 8.5535e+00       4865         43 0.0000e+00
     72.555   16.56723 -106.97042     73.000    18.7355    18.7358    18.7226    34.6032    34.6102  1025.1049    24.7850 4.1731e-01     12.420  231.40277     0.1440    96.4633 7.9939e+00       4907         41 0.0000e+00
