data/ctd-cnv/SKQ1617/SKQ1617-St16-P2/skq201617s-033avg.cnv
* Sea-Bird SBE 9 Data File:
* FileName = D:\CTD\SKQ201617S\SKQ201617S-033.hex
* Software Version Seasave V 7.22.5
* Temperature SN = 5773
* Conductivity SN = 2251
* Number of Bytes Per Scan = 37
* Number of Voltage Words = 4
* Number of Scans Averaged by the Deck Unit = 1
* NMEA Latitude = 16 31.41 N
* NMEA Longitude = 107 06.80 W
* NMEA UTC (Time) = Jan 09 2017  03:08:15
* NMEA baud rate = 4800
** Ship: R/V Sikuliaq
** Station Number: 33
** Station Name: Station 16/P2
** Depth: 3615 m
** Operator: RML
** pH has been removed.
** Rinko having issues.
# nquan = 22
# nvalues = 200                         
# units = specified
# name 0 = depSMignore: Depth [salt water, m]
# name 1 = latitude: Latitude [deg]
# name 2 = longitude: Longitude [deg]
# name 3 = prDM: Pressure, Digiquartz [db]
# name 4 = t090C: Temperature [ITS-90, deg C]
# name 5 = t190C: Temperature, 2 [ITS-90, deg C]
# name 6 = potemp090C: Potential Temperature [ITS-90, deg C]
# name 7 = sal00: Salinity, Practical [PSU]
# name 8 = sal11: Salinity, Practical, 2 [PSU]
# name 9 = density00: Density [density, kg/m^3]
# name 10 = sigma-t00: Density [sigma-t, kg/m^3 ]
# name 11 = flSP: Fluorescence, Seapoint
# name 12 = sbox0Mm/Kg: Oxygen, SBE 43 [umol/kg]
# name 13 = oxsolMm/Kg: Oxygen Saturation, Garcia & Gordon [umol/kg]
# name 14 = CStarAt0: Beam Attenuation, WET Labs C-Star [1/m]
# name 15 = CStarTr0: Beam Transmission, WET Labs C-Star [%]
# name 16 = v2: Voltage 2
# name 17 = v3: Voltage 3
# name 18 = par: PAR/Irradiance, Biospherical/Licor
# name 19 = scan: Scan Count
# name 20 = nbin: number of scans per bin
# name 21 = flag: flag
# span 0 =      2.982,    200.706       
# span 1 =   16.52354,   16.52356       
# span 2 = -107.11332, -107.11330       
# span 3 =      3.000,    202.000       
# span 4 =    12.0218,    28.6080       
# span 5 =    12.0411,    28.6078       
# span 6 =    11.9955,    28.6002       
# span 7 =    33.5134,    34.8128       
# span 8 =    33.5234,    34.8205       
# span 9 =  1021.1132,  1027.3158       
# span 10 =    21.1004,    26.4109      
# span 11 = 6.6794e-02, 2.0947e+00      
# span 12 =      0.289,    197.388      
# span 13 =  196.67671,  263.55510      
# span 14 =     0.0755,     0.3936      
# span 15 =    90.8400,    98.1307      
# span 16 =     0.0317,     0.0344      
# span 17 =     0.0347,     0.0463      
# span 18 = -1.478e-04, 5.3290e-01      
# span 19 =        235,       9054      
# span 20 =         14,        637      
# span 21 = 0.0000e+00, 0.0000e+00      
# interval = decibars: 1                
# start_time = Jan 09 2017 03:08:15 [NMEA time, header]
# bad_flag = -9.990e-29
*END*
[from data line 66]
     68.580   16.52356 -107.11330     69.000    19.5338    19.5330    19.5213    34.5695    34.5776  1024.8568    24.5551 4.5575e-01     32.600  228.09259     0.1466    96.4005     0.0342     0.0442 9.8643e-03       4420         37 0.0000e+00
     69.574   16.52356 -107.11330     70.000    19.3373    19.3347    19.3248    34.5850    34.5940  1024.9239    24.6176 4.9360e-01     25.365  228.88804     0.1483    96.3614     0.0343     0.0444 9.8391e-03       4463         53 0.0000e+00
     70.568   16.52356 -107.11330     71.000    19.0589    19.0535    19.0463    34.6067    34.6152  1025.0164    24.7055 5.3525e-01     18.734  230.02492     0.1564    96.1649     0.0342     0.0440 9.9512e-03       4515         49 0.0000e+00
     71.561   16.52356 -107.11330     72.000    18.7991    18.7976    18.7864    34.6180    34.6264  1025.0957    24.7802 4.8839e-01     11.952  231.10871     0.1606    96.0653     0.0342     0.0438 9.8657e-03       4558         37 0.0000e+00
     72.555   16.52356 -107.11330     73.000    18.5081    18.5053    18.4954    34.6416    34.6502  1025.1916    24.8714 4.7201e-01      7.699  232.31757     0.1570    96.1522     0.0342     0.0436 9.9615e-03       4597         43 0.0000e+00
     73.549   16.52356 -107.11330     74.000    18.4562    18.5359    18.4433    34.6484    34.6424  1025.2143    24.8897 4.8887e-01      4.190  232.53046     0.1540    96.2234     0.0343     0.0435 1.0023e-02       4658         72 0.0000e+00
     74.543   16.52356 -107.11330     75.000    18.3412    18.3337    18.3282    34.6444    34.6544  1025.2444    24.9153 4.5559e-01      4.164  233.03315     0.1583    96.1205     0.0342     0.0434 1.0054e-02       4718         45 0.0000e+00
     75.536   16.52356 -107.11330     76.000    18.1159    18.1091    18.1029    34.6580    34.6676  1025.3152    24.9815 4.3584e-01      3.814  233.99133     0.1554    96.1885     0.0342     0.0431 1.0284e-02       4760         41 0.0000e+00
     76.530   16.52356 -107.11330     77.000    17.6549    17.6411    17.6419    34.6914    34.7018  1025.4586    25.1200 3.4439e-01      2.983  235.96621     0.1517    96.2795     0.0342     0.0431 1.0110e-02       4805         46 0.0000e+00
     77.524   16.52356 -107.11330     78.000    17.3363    17.3327    17.3233    34.7102    34.7187  1025.5548    25.2115 2.5895e-01      1.905  237.35500     0.1343    96.6979     0.0342     0.0430 1.0013e-02       4848         38 0.0000e+00
     78.517   16.52356 -107.11330     79.000    17.1896    17.1851    17.1765    34.7154    34.7237  1025.5986    25.2507 2.6633e-01      1.927  238.00593     0.1312    96.7728     0.0342     0.0428 1.0129e-02       4886         42 0.0000e+00
     79.511   16.52356 -107.11331     80.000    17.1864    17.1313    17.1732    34.7118    34.7279  1025.6009    25.2486 2.7604e-01      1.692  238.02649     0.1285    96.8379     0.0342     0.0426 9.9659e-03       4944         73 0.0000e+00
     80.505   16.52356 -107.11332     81.000    17.1062    17.1038    17.0928    34.7129    34.7196  1025.6254    25.2686 2.4908e-01      1.417  238.38644     0.1268    96.8796     0.0342     0.0423 1.0042e-02       5009         49 0.0000e+00
     81.498   16.52356 -107.11332     82.000    17.0175    17.0127    17.0040    34.7154    34.7239  1025.6529    25.2916 2.1900e-01      1.401  238.78407     0.1275    96.8631     0.0342     0.0422 9.9729e-03       5050         39 0.0000e+00
     82.492   16.52356 -107.11331     83.000    16.8806    16.8777    16.8670    34.7243    34.7325  1025.6967    25.3309 2.0180e-01      1.275  239.39156     0.1260    96.9000     0.0342     0.0421 9.9333e-03       5091         41 0.0000e+00
     83.486   16.52354 -107.11330     84.000    16.7617    16.7587    16.7480    34.7306    34.7388  1025.7342    25.3638 1.8447e-01      1.270  239.92427     0.1234    96.9609     0.0342     0.0421 9.8991e-03       5132         42 0.0000e+00
     84.480   16.52355 -107.11330     85.000    16.6687    16.6659    16.6550    34.7394    34.7478  1025.7672    25.3923 1.6372e-01      1.221  240.33600     0.1231    96.9696     0.0341     0.0420 9.8652e-03       5180         53 0.0000e+00
     85.473   16.52356 -107.11331     86.000    16.5062    16.4979    16.4923    34.7510    34.7602  1025.8188    25.4393 1.3772e-01      1.147  241.06585     0.1182    97.0883     0.0341     0.0418 9.8933e-03       5234         50 0.0000e+00
     86.467   16.52356 -107.11332     87.000    16.3895    16.3885    16.3756    34.7529    34.7605  1025.8519    25.4678 1.5801e-01      1.247  241.60222     0.1137    97.1981     0.0341     0.0418 9.9500e-03       5285         50 0.0000e+00
     87.461   16.52356 -107.11332     88.000    16.3272    16.3263    16.3131    34.7528    34.7602  1025.8708    25.4822 1.6222e-01      1.116  241.89154     0.1133    97.2080     0.0341     0.0418 9.8618e-03       5337         49 0.0000e+00
     88.454   16.52356 -107.11332     89.000    16.2875    16.2871    16.2733    34.7524    34.7603  1025.8841    25.4910 1.6544e-01      0.988  242.07678     0.1144    97.1795     0.0340     0.0415 9.9500e-03       5386         50 0.0000e+00
     89.448   16.52356 -107.11330     90.000    16.2349    16.2283    16.2206    34.7531    34.7616  1025.9013    25.5038 1.8461e-01      0.954  242.32086     0.1143    97.1825     0.0339     0.0416 9.8938e-03       5436         48 0.0000e+00
     90.441   16.52356 -107.11330     91.000    16.0434    16.0410    16.0290    34.7592    34.7671  1025.9546    25.5525 2.2658e-01      0.938  243.20682     0.1201    97.0426     0.0341     0.0413 9.8643e-03       5481         39 0.0000e+00
     91.435   16.52356 -107.11330     92.000    15.9409    15.9388    15.9265    34.7612    34.7701  1025.9841    25.5773 2.4794e-01      0.967  243.68573     0.2166    94.7448     0.0338     0.0411 9.9518e-03       5515         32 0.0000e+00
     92.429   16.52356 -107.11330     93.000    15.7801    15.7756    15.7656    34.7640    34.7742  1026.0274    25.6160 3.4684e-01      0.994  244.44108     0.1273    96.8669     0.0339     0.0413 9.7873e-03       5551         38 0.0000e+00
     93.422   16.52356 -107.11331     94.000    15.7193    15.7097    15.7047    34.7652    34.7731  1026.0466    25.6307 4.6012e-01      0.922  244.72767     0.3401    92.1399     0.0339     0.0410 9.8483e-03       5616         75 0.0000e+00
     94.416   16.52356 -107.11332     95.000    15.6958    15.6954    15.6810    34.7573    34.7649  1026.0503    25.6299 4.1546e-01      0.902  244.85286     0.1264    96.8703     0.0338     0.0408 9.8658e-03       5685         60 0.0000e+00
     95.410   16.52356 -107.11332     96.000    15.6533    15.6525    15.6384    34.7559    34.7640  1026.0633    25.6385 4.3171e-01      0.786  245.05731     0.1364    96.6480     0.0338     0.0408 9.7563e-03       5733         40 0.0000e+00
     96.403   16.52356 -107.11331     97.000    15.6191    15.6191    15.6041    34.7560    34.7642  1026.0756    25.6463 4.0830e-01      0.791  245.22006     0.1357    96.6653     0.0337     0.0409 9.7340e-03       5766         32 0.0000e+00
     97.397   16.52356 -107.11330     98.000    15.5511    15.5502    15.5360    34.7580    34.7661  1026.0969    25.6631 4.2895e-01      0.791  245.54171     0.1410    96.5377     0.0336     0.0407 9.3762e-03       5801         39 0.0000e+00
     98.390   16.52356 -107.11332     99.000    15.4853    15.4782    15.4700    34.7561    34.7680  1026.1147    25.6764 4.7233e-01      0.805  245.86011     0.1386    96.5953     0.0337     0.0406 9.5067e-03       5855         63 0.0000e+00
     99.384   16.52356 -107.11332    100.000    15.2904    15.2883    15.2751    34.7666    34.7742  1026.1709    25.7279 4.3788e-01      0.810  246.78009     0.1684    95.9134     0.0334     0.0404 9.5208e-03       5910         45 0.0000e+00
    100.378   16.52356 -107.11332    101.000    15.1036    15.1013    15.0883    34.7659    34.7739  1026.2165    25.7687 5.0504e-01      0.825  247.68625     0.3936    90.8400     0.0337     0.0404 9.1977e-03       5951         40 0.0000e+00
    101.371   16.52356 -107.11332    102.000    14.9993    14.9877    14.9839    34.7760    34.7777  1026.2518    25.7994 6.5289e-01      0.814  248.17694     0.1571    96.1664     0.0336     0.0402 8.7841e-03       6006         73 0.0000e+00
    102.365   16.52356 -107.11330    103.000    14.9602    14.9362    14.9447    34.7584    34.7684  1026.2513    25.7944 5.7353e-01      0.801  248.39805     0.1465    96.4036     0.0332     0.0400 8.6998e-03       6076         45 0.0000e+00
    103.358   16.52356 -107.11330    104.000    14.8584    14.8575    14.8428    34.7564    34.7645  1026.2766    25.8151 5.6184e-01      0.823  248.89970     0.1477    96.3747     0.0332     0.0398 9.0403e-03       6107         27 0.0000e+00
    104.352   16.52356 -107.11330    105.000    14.8055    14.8050    14.7898    34.7545    34.7622  1026.2911    25.8251 5.6076e-01      0.789  249.16315     0.1473    96.3837     0.0332     0.0398 8.7531e-03       6131         24 0.0000e+00
    105.346   16.52356 -107.11330    106.000    14.7745    14.7740    14.7586    34.7536    34.7615  1026.3017    25.8312 5.8021e-01      0.831  249.31715     0.1481    96.3644     0.0331     0.0396 8.5248e-03       6154         22 0.0000e+00
    106.339   16.52356 -107.11330    107.000    14.7522    14.7514    14.7363    34.7516    34.7597  1026.3094    25.8345 6.0877e-01      0.799  249.43013     0.1494    96.3329     0.0332     0.0397 8.7455e-03       6180         29 0.0000e+00
    107.333   16.52356 -107.11330    108.000    14.6751    14.6719    14.6590    34.7523    34.7605  1026.3312    25.8517 6.4447e-01      0.797  249.80954     0.1510    96.2949     0.0332     0.0397 8.7454e-03       6214         39 0.0000e+00
    108.326   16.52356 -107.11330    109.000    14.5920    14.5910    14.5758    34.7551    34.7632  1026.3559    25.8718 6.2207e-01      0.693  250.21585     0.1495    96.3325     0.0331     0.0397 8.5279e-03       6254         35 0.0000e+00
    109.320   16.52356 -107.11330    110.000    14.4950    14.4917    14.4788    34.7591    34.7682  1026.3845    25.8958 5.9603e-01      0.768  250.69038     0.1476    96.3771     0.0333     0.0396 8.4557e-03       6284         28 0.0000e+00
    110.313   16.52356 -107.11330    111.000    14.3933    14.3923    14.3770    34.7660    34.7741  1026.4162    25.9230 5.8215e-01      0.736  251.18512     0.1456    96.4256     0.0330     0.0394 8.4565e-03       6310         24 0.0000e+00
    111.307   16.52356 -107.11330    112.000    14.3590    14.3580    14.3426    34.7672    34.7752  1026.4290    25.9312 5.8228e-01      0.723  251.35432     0.1455    96.4269     0.0330     0.0393 8.4565e-03       6335         27 0.0000e+00
    112.300   16.52356 -107.11330    113.000    14.3047    14.3035    14.2882    34.7683    34.7764  1026.4459    25.9436 5.7286e-01      0.728  251.62383     0.1454    96.4307     0.0331     0.0392 8.4565e-03       6361         25 0.0000e+00
    113.294   16.52356 -107.11330    114.000    14.2199    14.2184    14.2033    34.7701    34.7784  1026.4699    25.9630 5.7129e-01      0.715  252.04652     0.1459    96.4177     0.0331     0.0392 8.4565e-03       6385         24 0.0000e+00
    114.288   16.52356 -107.11330    115.000    14.1378    14.1359    14.1212    34.7741    34.7822  1026.4949    25.9834 5.4967e-01      0.819  252.45260     0.1462    96.4093     0.0330     0.0394 8.3938e-03       6408         22 0.0000e+00
    115.281   16.52356 -107.11330    116.000    14.0747    14.0743    14.0579    34.7766    34.7843  1026.5148    25.9987 5.2794e-01      0.854  252.76684     0.1458    96.4217     0.0331     0.0393 8.4562e-03       6430         21 0.0000e+00
    116.275   16.52356 -107.11330    117.000    14.0436    14.0428    14.0268    34.7761    34.7839  1026.5254    26.0049 5.2433e-01      0.685  252.92459     0.1446    96.4504     0.0329     0.0389 8.4565e-03       6451         21 0.0000e+00
    117.268   16.52356 -107.11330    118.000    13.9213    13.9178    13.9044    34.7788    34.7873  1026.5578    26.0326 5.4100e-01      0.672  253.54017     0.1457    96.4236     0.0331     0.0392 8.3931e-03       6472         22 0.0000e+00
    118.262   16.52356 -107.11330    119.000    13.8546    13.8540    13.8376    34.7830    34.7909  1026.5797    26.0498 5.5239e-01      0.690  253.87180     0.1474    96.3826     0.0330     0.0390 8.3955e-03       6495         23 0.0000e+00
    119.255   16.52356 -107.11330    120.000    13.8345    13.8340    13.8174    34.7828    34.7906  1026.5882    26.0539 5.5759e-01      0.733  253.97461     0.1476    96.3776     0.0330     0.0389 8.3560e-03       6521         28 0.0000e+00
    120.249   16.52356 -107.11330    121.000    13.8298    13.8295    13.8126    34.7814    34.7892  1026.5925    26.0538 5.6304e-01      0.680  254.00095     0.1478    96.3716     0.0330     0.0391 8.3158e-03       6550         30 0.0000e+00
    121.242   16.52356 -107.11330    122.000    13.8199    13.8196    13.8025    34.7804    34.7882  1026.5983    26.0550 5.5142e-01      0.636  254.05319     0.1477    96.3748     0.0331     0.0390 8.3059e-03       6580         28 0.0000e+00
    122.236   16.52356 -107.11330    123.000    13.8038    13.8036    13.7862    34.7799    34.7877  1026.6058    26.0581 5.4492e-01      0.622  254.13647     0.1475    96.3795     0.0330     0.0388 8.1537e-03       6608         28 0.0000e+00
    123.229   16.52356 -107.11330    124.000    13.7923    13.7921    13.7747    34.7794    34.7872  1026.6122    26.0600 5.3772e-01      0.642  254.19577     0.1478    96.3721     0.0330     0.0391 7.6693e-03       6634         25 0.0000e+00
    124.223   16.52356 -107.11330    125.000    13.7675    13.7672    13.7498    34.7790    34.7865  1026.6215    26.0649 5.3051e-01      0.553  254.32316     0.1475    96.3795     0.0329     0.0385 8.1911e-03       6660         26 0.0000e+00
    125.216   16.52356 -107.11330    126.000    13.6834    13.6824    13.6656    34.7798    34.7873  1026.6443    26.0830 5.2871e-01      0.514  254.75221     0.1484    96.3584     0.0330     0.0385 7.8361e-03       6686         27 0.0000e+00
    126.210   16.52356 -107.11330    127.000    13.6215    13.6194    13.6035    34.7819    34.7899  1026.6633    26.0974 5.0393e-01      0.595  255.06659     0.1481    96.3657     0.0329     0.0385 7.6048e-03       6711         23 0.0000e+00
    127.203   16.52356 -107.11330    128.000    13.5973    13.5965    13.5793    34.7820    34.7897  1026.6728    26.1025 4.9465e-01      0.621  255.19046     0.1490    96.3426     0.0330     0.0386 7.8187e-03       6734         22 0.0000e+00
    128.196   16.52356 -107.11330    129.000    13.5905    13.5905    13.5723    34.7813    34.7890  1026.6781    26.1033 4.9155e-01      0.590  255.22688     0.1491    96.3416     0.0330     0.0382 8.3199e-03       6755         20 0.0000e+00
    129.190   16.52356 -107.11330    130.000    13.5888    13.5888    13.5705    34.7807    34.7885  1026.6825    26.1032 4.9328e-01      0.601  255.23652     0.1497    96.3281     0.0330     0.0385 8.0266e-03       6775         20 0.0000e+00
    130.183   16.52356 -107.11330    131.000    13.5879    13.5881    13.5695    34.7800    34.7878  1026.6866    26.1029 4.9380e-01      0.557  255.24230     0.1488    96.3477     0.0329     0.0383 7.7400e-03       6796         20 0.0000e+00
    131.177   16.52356 -107.11330    132.000    13.5749    13.5751    13.5563    34.7787    34.7864  1026.6928    26.1045 5.0187e-01      0.535  255.31162     0.1495    96.3307     0.0329     0.0386 7.4976e-03       6816         22 0.0000e+00
    132.170   16.52356 -107.11330    133.000    13.5257    13.5253    13.5070    34.7793    34.7871  1026.7079    26.1151 4.8698e-01      0.535  255.56424     0.1503    96.3134     0.0329     0.0381 7.8132e-03       6836         20 0.0000e+00
