data/ctd-cnv/SKQ1617/SKQ1617-St16-P2/skq201617s-037avg.cnv
* Sea-Bird SBE 9 Data File:
* FileName = D:\CTD\SKQ201617S\SKQ201617S-037.hex
* Software Version Seasave V 7.22.5
* Temperature SN = 5773
* Conductivity SN = 2251
* Number of Bytes Per Scan = 37
* Number of Voltage Words = 4
* Number of Scans Averaged by the Deck Unit = 1
* NMEA Latitude = 16 32.44 N
* NMEA Longitude = 107 03.93 W
* NMEA UTC (Time) = Jan 10 2017  23:08:46
* NMEA baud rate = 4800
** Ship: R/V Sikuliaq
** Station Number: 37
** Station Name: Station 16/P2
** Depth: 4120
** Operator: CF
# nquan = 20
# nvalues = 503                         
# units = specified
# name 0 = depSM: Depth [salt water, m]
# name 1 = latitude: Latitude [deg]
# name 2 = longitude: Longitude [deg]
# name 3 = prDM: Pressure, Digiquartz [db]
# name 4 = t090C: Temperature [ITS-90, deg C]
# name 5 = t190C: Temperature, 2 [ITS-90, deg C]
# name 6 = potemp090C: Potential Temperature [ITS-90, deg C]
# name 7 = sal00: Salinity, Practical [PSU]
# name 8 = sal11: Salinity, Practical, 2 [PSU]
# name 9 = density00: Density [density, kg/m^3]
# name 10 = sigma-t00: Density [sigma-t, kg/m^3 ]
# name 11 = flSP: Fluorescence, Seapoint
# name 12 = sbox0Mm/Kg: Oxygen, SBE 43 [umol/kg]
# name 13 = oxsolMm/Kg: Oxygen Saturation, Garcia & Gordon [umol/kg]
# name 14 = CStarAt0: Beam Attenuation, WET Labs C-Star [1/m]
# name 15 = CStarTr0: Beam Transmission, WET Labs C-Star [%]
# name 16 = par: PAR/Irradiance, Biospherical/Licor
# name 17 = scan: Scan Count
# name 18 = nbin: number of scans per bin
# name 19 = flag: flag
# span 0 =      1.988,    500.407       
# span 1 =   16.54058,   16.54060       
# span 2 = -107.06550, -107.06550       
# span 3 =      2.000,    504.000       
# span 4 =     8.2862,    28.8192       
# span 5 =     8.2855,    28.8192       
# span 6 =     8.2335,    28.8183       
# span 7 =    33.5699,    34.8127       
# span 8 =    33.5797,    34.8199       
# span 9 =  1021.0655,  1029.1879       
# span 10 =    21.0531,    26.9008      
# span 11 = 6.6302e-02, 2.4893e+00      
# span 12 =      0.057,    196.108      
# span 13 =  196.06017,  285.96521      
# span 14 =     0.0679,     0.2389      
# span 15 =    94.2019,    98.3165      
# span 16 = 1.0000e-12, 7.7460e+02      
# span 17 =         -0,      16542      
# span 18 =         16,        412      
# span 19 = 0.0000e+00, 0.0000e+00      
# interval = decibars: 1                
# start_time = Jan 10 2017 23:08:46 [NMEA time, header]
# bad_flag = -9.990e-29
*END*
[from data line 218]
    218.581   16.54060 -107.06550    220.000    11.6845    11.6847    11.6564    34.7656    34.7733  1027.4535    26.4668 6.8114e-02      0.268  265.43058     0.0749    98.1446 1.3717e-03       9150         27 0.0000e+00
    219.574   16.54060 -107.06550    221.000    11.6722    11.6725    11.6440    34.7651    34.7728  1027.4599    26.4687 6.6302e-02      0.305  265.49967     0.0759    98.1197 1.2746e-03       9178         28 0.0000e+00
    220.567   16.54060 -107.06550    222.000    11.6654    11.6655    11.6370    34.7647    34.7725  1027.4654    26.4697 7.0345e-02      0.166  265.53809     0.1024    97.4721 1.2759e-03       9206         28 0.0000e+00
    221.560   16.54060 -107.06550    223.000    11.6466    11.6466    11.6181    34.7633    34.7710  1027.4723    26.4721 6.9106e-02      0.269  265.64496     0.0744    98.1563 1.3013e-03       9232         24 0.0000e+00
    222.553   16.54060 -107.06550    224.000    11.6168    11.6168    11.5882    34.7624    34.7701  1027.4818    26.4770 6.8895e-02      0.245  265.81257     0.0753    98.1352 1.0739e-03       9254         21 0.0000e+00
    223.546   16.54060 -107.06550    225.000    11.5965    11.5965    11.5678    34.7617    34.7694  1027.4897    26.4803 6.9601e-02      0.296  265.92648     0.0746    98.1507 8.5703e-04       9274         18 0.0000e+00
    224.539   16.54060 -107.06550    226.000    11.5893    11.5894    11.5605    34.7625    34.7702  1027.4961    26.4822 6.7752e-02      0.343  265.96496     0.0744    98.1564 9.3574e-04       9292         18 0.0000e+00
    225.532   16.54060 -107.06550    227.000    11.5779    11.5776    11.5490    34.7621    34.7699  1027.5024    26.4840 7.0266e-02      0.242  266.02911     0.0744    98.1564 1.0112e-03       9311         21 0.0000e+00
    226.525   16.54060 -107.06550    228.000    11.5679    11.5681    11.5389    34.7621    34.7698  1027.5088    26.4859 6.9516e-02      0.275  266.08492     0.0746    98.1524 6.4253e-04       9336         31 0.0000e+00
    227.518   16.54060 -107.06550    229.000    11.5546    11.5553    11.5255    34.7611    34.7684  1027.5150    26.4875 6.6730e-02      0.183  266.16057     0.0755    98.1293 1.0477e-04       9373         36 0.0000e+00
    228.511   16.54060 -107.06550    230.000    11.5361    11.5362    11.5069    34.7589    34.7666  1027.5214    26.4893 6.8260e-02      0.266  266.26740     0.0751    98.1388 1.4294e-04       9405         26 0.0000e+00
    229.504   16.54060 -107.06550    231.000    11.5118    11.5118    11.4825    34.7569    34.7645  1027.5289    26.4923 6.9296e-02      0.321  266.40687     0.0746    98.1508 2.8178e-04       9428         22 0.0000e+00
    230.497   16.54060 -107.06550    232.000    11.4906    11.4906    11.4613    34.7556    34.7632  1027.5364    26.4952 6.8204e-02      0.227  266.52740     0.0746    98.1514 3.5247e-04       9449         21 0.0000e+00
    231.490   16.54060 -107.06550    233.000    11.4795    11.4796    11.4500    34.7545    34.7621  1027.5422    26.4965 6.8724e-02      0.245  266.59154     0.0750    98.1427 1.5506e-04       9470         21 0.0000e+00
    232.483   16.54060 -107.06550    234.000    11.4724    11.4723    11.4428    34.7536    34.7612  1027.5472    26.4970 6.7122e-02      0.278  266.63298     0.0746    98.1511 8.9506e-05       9493         25 0.0000e+00
    233.476   16.54060 -107.06550    235.000    11.4579    11.4580    11.4282    34.7519    34.7596  1027.5531    26.4984 6.9542e-02      0.220  266.71704     0.0753    98.1361 8.8881e-05       9517         24 0.0000e+00
    234.469   16.54060 -107.06550    236.000    11.4361    11.4360    11.4063    34.7499    34.7576  1027.5602    26.5009 6.7766e-02      0.209  266.84301     0.0758    98.1227 8.8881e-05       9541         24 0.0000e+00
    235.462   16.54060 -107.06550    237.000    11.4212    11.4213    11.3913    34.7488    34.7564  1027.5667    26.5028 6.9744e-02      0.285  266.92806     0.0761    98.1162 8.8881e-05       9567         26 0.0000e+00
    236.455   16.54060 -107.06550    238.000    11.4149    11.4148    11.3849    34.7482    34.7559  1027.5719    26.5035 7.0732e-02      0.227  266.96489     0.0761    98.1159 8.2763e-05       9594         29 0.0000e+00
    237.448   16.54060 -107.06550    239.000    11.4124    11.4125    11.3822    34.7478    34.7554  1027.5765    26.5036 6.8652e-02      0.188  266.97966     0.0762    98.1139 8.5583e-05       9622         27 0.0000e+00
    238.441   16.54060 -107.06550    240.000    11.4104    11.4105    11.3801    34.7473    34.7549  1027.5810    26.5037 7.0219e-02      0.279  266.99163     0.0765    98.1054 6.9716e-05       9647         23 0.0000e+00
    239.434   16.54060 -107.06550    241.000    11.4015    11.4015    11.3711    34.7467    34.7543  1027.5867    26.5048 7.0566e-02      0.171  267.04250     0.0763    98.1111 7.9665e-05       9668         19 0.0000e+00
    240.427   16.54060 -107.06550    242.000    11.3945    11.3945    11.3640    34.7460    34.7538  1027.5919    26.5056 6.9230e-02      0.226  267.08318     0.0762    98.1138 6.5686e-05       9688         19 0.0000e+00
    241.420   16.54060 -107.06550    243.000    11.3845    11.3845    11.3539    34.7457    34.7534  1027.5981    26.5071 6.9589e-02      0.209  267.13993     0.0766    98.1044 5.6335e-05       9707         19 0.0000e+00
    242.412   16.54060 -107.06550    244.000    11.3761    11.3760    11.3453    34.7449    34.7527  1027.6036    26.5081 6.9597e-02      0.227  267.18843     0.0765    98.1054 6.3431e-05       9727         21 0.0000e+00
    243.405   16.54060 -107.06550    245.000    11.3535    11.3530    11.3227    34.7428    34.7505  1027.6107    26.5106 7.0542e-02      0.196  267.31900     0.0758    98.1234 7.2374e-05       9751         27 0.0000e+00
    244.399   16.54060 -107.06550    246.000    11.3183    11.3187    11.2874    34.7412    34.7487  1027.6205    26.5159 6.9500e-02      0.239  267.52010     0.0760    98.1190 3.8504e-05       9783         37 0.0000e+00
    245.391   16.54060 -107.06550    247.000    11.2925    11.2925    11.2615    34.7394    34.7468  1027.6285    26.5193 6.7211e-02      0.257  267.66841     0.0759    98.1216 2.2898e-05       9820         29 0.0000e+00
    246.384   16.54060 -107.06550    248.000    11.2797    11.2797    11.2486    34.7379    34.7455  1027.6342    26.5204 7.0802e-02      0.161  267.74335     0.0766    98.1032 9.8848e-06       9848         25 0.0000e+00
    247.377   16.54060 -107.06550    249.000    11.2701    11.2702    11.2389    34.7374    34.7450  1027.6401    26.5218 6.8588e-02      0.232  267.79801     0.0765    98.1056 2.2774e-05       9870         20 0.0000e+00
    248.370   16.54060 -107.06550    250.000    11.2672    11.2673    11.2359    34.7369    34.7445  1027.6447    26.5219 6.8057e-02      0.196  267.81560     0.0765    98.1056 4.7525e-06       9889         19 0.0000e+00
    249.363   16.54060 -107.06550    251.000    11.2627    11.2627    11.2313    34.7363    34.7438  1027.6496    26.5223 7.0915e-02      0.180  267.84194     0.0763    98.1124 1.3933e-05       9908         19 0.0000e+00
    250.356   16.54060 -107.06550    252.000    11.2558    11.2556    11.2243    34.7358    34.7434  1027.6550    26.5232 6.9121e-02      0.216  267.88194     0.0755    98.1299 4.4776e-06       9927         21 0.0000e+00
    251.348   16.54060 -107.06550    253.000    11.2487    11.2489    11.2171    34.7348    34.7424  1027.6600    26.5237 6.9868e-02      0.227  267.92365     0.0761    98.1168 3.7255e-06       9950         24 0.0000e+00
    252.341   16.54060 -107.06550    254.000    11.2238    11.2237    11.1921    34.7338    34.7413  1027.6684    26.5275 7.0460e-02      0.216  268.06591     0.0759    98.1211 3.0882e-06       9976         29 0.0000e+00
    253.334   16.54060 -107.06550    255.000    11.2123    11.2122    11.1805    34.7330    34.7405  1027.6744    26.5290 6.8945e-02      0.128  268.13254     0.0766    98.1038 6.8219e-08      10008         32 0.0000e+00
    254.327   16.54060 -107.06550    256.000    11.2049    11.2050    11.1730    34.7323    34.7398  1027.6797    26.5298 6.8514e-02      0.196  268.17554     0.0761    98.1167 1.0000e-12      10038         27 0.0000e+00
    255.320   16.54060 -107.06550    257.000    11.1998    11.2000    11.1678    34.7317    34.7393  1027.6847    26.5302 6.9275e-02      0.183  268.20530     0.0757    98.1257 1.0000e-12      10063         22 0.0000e+00
    256.313   16.54060 -107.06550    258.000    11.1901    11.1903    11.1579    34.7314    34.7389  1027.6908    26.5317 6.9072e-02      0.210  268.26075     0.0752    98.1379 1.0000e-12      10084         21 0.0000e+00
    257.305   16.54060 -107.06550    259.000    11.1835    11.1837    11.1513    34.7309    34.7385  1027.6961    26.5326 6.9074e-02      0.156  268.29869     0.0754    98.1329 1.0000e-12      10105         21 0.0000e+00
    258.298   16.54060 -107.06550    260.000    11.1794    11.1796    11.1470    34.7307    34.7382  1027.7012    26.5332 6.9243e-02      0.149  268.32239     0.0756    98.1267 1.0000e-12      10125         21 0.0000e+00
    259.291   16.54060 -107.06550    261.000    11.1771    11.1773    11.1446    34.7302    34.7377  1027.7057    26.5332 6.9595e-02      0.178  268.33673     0.0762    98.1142 1.0000e-12      10147         21 0.0000e+00
    260.284   16.54060 -107.06550    262.000    11.1647    11.1650    11.1321    34.7294    34.7370  1027.7119    26.5349 6.9746e-02      0.202  268.40802     0.0763    98.1108 1.0000e-12      10169         24 0.0000e+00
    261.277   16.54060 -107.06550    263.000    11.1561    11.1562    11.1234    34.7293    34.7369  1027.7179    26.5363 7.0911e-02      0.179  268.45656     0.0755    98.1300 1.0000e-12      10192         22 0.0000e+00
    262.270   16.54060 -107.06550    264.000    11.1453    11.1453    11.1125    34.7285    34.7360  1027.7238    26.5377 7.0631e-02      0.147  268.51936     0.0756    98.1279 1.0000e-12      10219         32 0.0000e+00
    263.263   16.54060 -107.06550    265.000    11.1320    11.1315    11.0990    34.7273    34.7349  1027.7298    26.5392 6.8972e-02      0.187  268.59724     0.0755    98.1312 1.0000e-12      10253         33 0.0000e+00
    264.255   16.54060 -107.06550    266.000    11.1077    11.1082    11.0747    34.7250    34.7325  1027.7371    26.5418 6.8078e-02      0.169  268.73900     0.0750    98.1432 1.0000e-12      10284         27 0.0000e+00
    265.248   16.54060 -107.06550    267.000    11.0871    11.0874    11.0540    34.7235    34.7310  1027.7442    26.5444 7.0134e-02      0.240  268.85881     0.0753    98.1343 1.0000e-12      10306         20 0.0000e+00
    266.241   16.54060 -107.06550    268.000    11.0712    11.0714    11.0380    34.7220    34.7294  1027.7505    26.5461 6.9001e-02      0.198  268.95173     0.0755    98.1303 1.0000e-12      10325         18 0.0000e+00
    267.234   16.54060 -107.06550    269.000    11.0491    11.0491    11.0158    34.7201    34.7277  1027.7576    26.5486 6.7980e-02      0.197  269.08119     0.0754    98.1316 1.0000e-12      10344         20 0.0000e+00
    268.227   16.54060 -107.06550    270.000    11.0284    11.0284    10.9950    34.7188    34.7263  1027.7650    26.5514 7.0691e-02      0.181  269.20139     0.0753    98.1356 1.0000e-12      10366         24 0.0000e+00
    269.219   16.54060 -107.06550    271.000    11.0168    11.0168    10.9833    34.7178    34.7253  1027.7709    26.5528 6.9878e-02      0.158  269.26909     0.0746    98.1505 1.0000e-12      10392         29 0.0000e+00
    270.212   16.54060 -107.06550    272.000    11.0070    11.0072    10.9735    34.7172    34.7246  1027.7767    26.5540 6.9740e-02      0.132  269.32595     0.0753    98.1356 1.0000e-12      10420         26 0.0000e+00
    271.205   16.54060 -107.06550    273.000    10.9932    10.9936    10.9596    34.7156    34.7231  1027.7824    26.5552 7.1022e-02      0.191  269.40730     0.0755    98.1315 1.0000e-12      10445         23 0.0000e+00
    272.198   16.54060 -107.06550    274.000    10.9677    10.9681    10.9340    34.7142    34.7218  1027.7906    26.5588 6.9316e-02      0.162  269.55513     0.0745    98.1531 1.0000e-12      10469         25 0.0000e+00
    273.190   16.54060 -107.06550    275.000    10.9629    10.9630    10.9290    34.7135    34.7212  1027.7955    26.5592 7.0959e-02      0.197  269.58434     0.0744    98.1563 1.0000e-12      10496         29 0.0000e+00
    274.183   16.54060 -107.06550    276.000    10.9582    10.9583    10.9243    34.7127    34.7200  1027.8002    26.5593 6.8093e-02      0.174  269.61245     0.0744    98.1564 1.0000e-12      10523         25 0.0000e+00
    275.176   16.54060 -107.06550    277.000    10.9516    10.9515    10.9175    34.7117    34.7193  1027.8051    26.5597 6.9971e-02      0.105  269.65209     0.0744    98.1576 1.0000e-12      10547         22 0.0000e+00
    276.169   16.54060 -107.06550    278.000    10.9476    10.9479    10.9135    34.7112    34.7188  1027.8100    26.5601 6.9236e-02      0.154  269.67547     0.0743    98.1590 1.0000e-12      10567         20 0.0000e+00
    277.161   16.54060 -107.06550    279.000    10.9405    10.9405    10.9061    34.7104    34.7178  1027.8151    26.5608 6.9022e-02      0.220  269.71814     0.0744    98.1564 1.0000e-12      10587         19 0.0000e+00
    278.154   16.54060 -107.06550    280.000    10.9381    10.9382    10.9037    34.7101    34.7176  1027.8198    26.5610 7.0791e-02      0.186  269.73199     0.0741    98.1638 1.0000e-12      10607         21 0.0000e+00
    279.147   16.54060 -107.06550    281.000    10.9354    10.9355    10.9009    34.7094    34.7171  1027.8243    26.5609 6.8764e-02      0.120  269.74874     0.0741    98.1648 1.0000e-12      10629         25 0.0000e+00
    280.140   16.54060 -107.06550    282.000    10.9302    10.9303    10.8956    34.7089    34.7165  1027.8293    26.5614 6.8220e-02      0.175  269.77920     0.0743    98.1584 1.0000e-12      10656         29 0.0000e+00
    281.132   16.54060 -107.06550    283.000    10.9129    10.9129    10.8781    34.7068    34.7142  1027.8354    26.5629 6.9105e-02      0.155  269.88252     0.0744    98.1563 1.0000e-12      10687         28 0.0000e+00
    282.125   16.54060 -107.06550    284.000    10.8930    10.8932    10.8582    34.7056    34.7131  1027.8426    26.5655 6.9221e-02      0.164  269.99804     0.0743    98.1601 1.0000e-12      10716         29 0.0000e+00
    283.118   16.54060 -107.06550    285.000    10.8858    10.8865    10.8508    34.7051    34.7127  1027.8480    26.5664 6.9899e-02      0.163  270.04077     0.0740    98.1662 1.0000e-12      10741         24 0.0000e+00
    284.110   16.54060 -107.06550    286.000    10.8862    10.8864    10.8511    34.7050    34.7125  1027.8524    26.5663 6.8381e-02      0.145  270.03838     0.0738    98.1726 1.0000e-12      10764         21 0.0000e+00
    285.103   16.54060 -107.06550    287.000    10.8839    10.8860    10.8487    34.7046    34.7123  1027.8570    26.5665 6.9062e-02      0.149  270.05230     0.0739    98.1702 1.0000e-12      10785         21 0.0000e+00
    286.096   16.54060 -107.06550    288.000    10.8834    10.8837    10.8481    34.7045    34.7121  1027.8615    26.5664 7.0083e-02      0.156  270.05541     0.0742    98.1629 1.0000e-12      10805         21 0.0000e+00
    287.089   16.54060 -107.06550    289.000    10.8742    10.8732    10.8388    34.7037    34.7113  1027.8670    26.5675 7.0344e-02      0.178  270.10959     0.0739    98.1705 1.0000e-12      10830         29 0.0000e+00
    288.081   16.54060 -107.06550    290.000    10.8585    10.8588    10.8230    34.7034    34.7110  1027.8742    26.5701 6.9153e-02      0.178  270.20002     0.0744    98.1562 1.0000e-12      10863         34 0.0000e+00
