data/ctd-cnv/SKQ1617/SKQ1617-St16-P2/skq201617s-034avg.cnv
* Sea-Bird SBE 9 Data File:
* FileName = D:\CTD\SKQ201617S\SKQ201617S-034.hex
* Software Version Seasave V 7.22.5
* Temperature SN = 5773
* Conductivity SN = 2251
* Number of Bytes Per Scan = 37
* Number of Voltage Words = 4
* Number of Scans Averaged by the Deck Unit = 1
* NMEA Latitude = 16 31.84 N
* NMEA Longitude = 107 06.22 W
* NMEA UTC (Time) = Jan 09 2017  12:20:00
* NMEA baud rate = 4800
** Ship: R/V Sikuliaq
** Station Number: 34
** Station Name: Station 16/P2
** Depth: 3693
** Operator: cm
# nquan = 22
# nvalues = 502                         
# units = specified
# name 0 = depSMignore: Depth [salt water, m]
# name 1 = latitude: Latitude [deg]
# name 2 = longitude: Longitude [deg]
# name 3 = prDM: Pressure, Digiquartz [db]
# name 4 = t090C: Temperature [ITS-90, deg C]
# name 5 = t190C: Temperature, 2 [ITS-90, deg C]
# name 6 = potemp090C: Potential Temperature [ITS-90, deg C]
# name 7 = sal00: Salinity, Practical [PSU]
# name 8 = sal11: Salinity, Practical, 2 [PSU]
# name 9 = density00: Density [density, kg/m^3]
# name 10 = sigma-t00: Density [sigma-t, kg/m^3 ]
# name 11 = flSP: Fluorescence, Seapoint
# name 12 = sbox0Mm/Kg: Oxygen, SBE 43 [umol/kg]
# name 13 = oxsolMm/Kg: Oxygen Saturation, Garcia & Gordon [umol/kg]
# name 14 = CStarAt0: Beam Attenuation, WET Labs C-Star [1/m]
# name 15 = CStarTr0: Beam Transmission, WET Labs C-Star [%]
# name 16 = v2: Voltage 2
# name 17 = v3: Voltage 3
# name 18 = par: PAR/Irradiance, Biospherical/Licor
# name 19 = scan: Scan Count
# name 20 = nbin: number of scans per bin
# name 21 = flag: flag
# span 0 =      3.976,    501.399       
# span 1 =   16.53064,   16.53064       
# span 2 = -107.10372, -107.10370       
# span 3 =      4.000,    505.000       
# span 4 =     8.2946,    28.5763       
# span 5 =     8.2953,    28.5751       
# span 6 =     8.2418,    28.5748       
# span 7 =    33.5113,    34.8168       
# span 8 =    33.5217,    34.8254       
# span 9 =  1021.1227,  1029.1842       
# span 10 =    21.1046,    26.8927      
# span 11 = 6.6495e-02, 1.3761e+00      
# span 12 =      0.082,    194.479      
# span 13 =  196.86889,  285.93021      
# span 14 =     0.0630,     0.2098      
# span 15 =    94.8898,    98.4379      
# span 16 =     0.0296,     0.0337      
# span 17 =     0.0303,     0.0365      
# span 18 = -2.137e-09, 4.5205e-01      
# span 19 =        467,      18972      
# span 20 =         16,       1169      
# span 21 = 0.0000e+00, 0.0000e+00      
# interval = decibars: 1                
# start_time = Jan 09 2017 12:20:00 [NMEA time, header]
# bad_flag = -9.990e-29
*END*
[from data line 330]
    331.755   16.53064 -107.10372    334.000    10.5384    10.5385    10.4982    34.6857    34.6938  1028.1165    26.6131 6.8535e-02      0.172  272.07845     0.0678    98.3174     0.0305     0.0311 1.0000e-12      12025         30 0.0000e+00
    332.747   16.53064 -107.10372    335.000    10.5366    10.5366    10.4963    34.6851    34.6934  1028.1209    26.6130 6.7579e-02      0.147  272.08993     0.0679    98.3159     0.0304     0.0312 1.0000e-12      12055         29 0.0000e+00
    333.740   16.53064 -107.10372    336.000    10.5337    10.5339    10.4933    34.6847    34.6930  1028.1256    26.6132 6.9445e-02      0.142  272.10729     0.0680    98.3132     0.0305     0.0312 1.0000e-12      12083         27 0.0000e+00
    334.733   16.53064 -107.10372    337.000    10.5311    10.5313    10.4906    34.6845    34.6928  1028.1304    26.6135 6.8126e-02      0.151  272.12265     0.0680    98.3144     0.0304     0.0312 1.0000e-12      12107         22 0.0000e+00
    335.725   16.53064 -107.10372    338.000    10.5296    10.5298    10.4889    34.6844    34.6926  1028.1350    26.6137 6.9258e-02      0.140  272.13193     0.0680    98.3121     0.0302     0.0310 1.0000e-12      12130         23 0.0000e+00
    336.717   16.53064 -107.10372    339.000    10.5278    10.5281    10.4870    34.6842    34.6925  1028.1397    26.6138 7.0657e-02      0.157  272.14263     0.0680    98.3122     0.0304     0.0311 1.0000e-12      12153         26 0.0000e+00
    337.710   16.53064 -107.10372    340.000    10.5273    10.5274    10.4864    34.6841    34.6924  1028.1442    26.6139 7.1275e-02      0.178  272.14593     0.0682    98.3083     0.0305     0.0312 1.0000e-12      12180         26 0.0000e+00
    338.702   16.53064 -107.10372    341.000    10.5254    10.5256    10.4844    34.6839    34.6922  1028.1489    26.6141 7.1224e-02      0.140  272.15705     0.0687    98.2956     0.0304     0.0310 1.0000e-12      12207         27 0.0000e+00
    339.695   16.53064 -107.10372    342.000    10.5232    10.5235    10.4821    34.6839    34.6922  1028.1538    26.6144 6.8635e-02      0.139  272.16979     0.0675    98.3268     0.0303     0.0311 1.0000e-12      12232         21 0.0000e+00
    340.687   16.53064 -107.10372    343.000    10.5216    10.5218    10.4803    34.6839    34.6923  1028.1586    26.6147 6.8485e-02      0.151  272.17936     0.0677    98.3208     0.0301     0.0309 1.0000e-12      12253         20 0.0000e+00
    341.680   16.53064 -107.10372    344.000    10.5208    10.5210    10.4794    34.6838    34.6921  1028.1631    26.6148 7.0369e-02      0.150  272.18390     0.0680    98.3130     0.0301     0.0309 1.0000e-12      12272         20 0.0000e+00
    342.672   16.53064 -107.10372    345.000    10.5153    10.5156    10.4738    34.6837    34.6920  1028.1685    26.6157 6.9419e-02      0.150  272.21600     0.0681    98.3120     0.0303     0.0312 1.0000e-12      12292         21 0.0000e+00
    343.664   16.53064 -107.10372    346.000    10.5059    10.5062    10.4643    34.6836    34.6918  1028.1746    26.6172 6.9324e-02      0.162  272.27078     0.0680    98.3132     0.0302     0.0308 1.0000e-12      12316         27 0.0000e+00
    344.657   16.53064 -107.10372    347.000    10.4991    10.4993    10.4575    34.6834    34.6917  1028.1802    26.6183 6.8690e-02      0.148  272.31040     0.0681    98.3113     0.0304     0.0313 1.0000e-12      12345         29 0.0000e+00
    345.649   16.53064 -107.10372    348.000    10.4963    10.4965    10.4545    34.6833    34.6916  1028.1851    26.6187 7.0096e-02      0.146  272.32730     0.0680    98.3122     0.0305     0.0310 1.0000e-12      12372         25 0.0000e+00
    346.642   16.53064 -107.10372    349.000    10.4932    10.4935    10.4513    34.6831    34.6914  1028.1901    26.6191 7.1580e-02      0.166  272.34543     0.0679    98.3154     0.0304     0.0310 1.0000e-12      12396         24 0.0000e+00
    347.634   16.53064 -107.10372    350.000    10.4876    10.4880    10.4456    34.6829    34.6913  1028.1953    26.6199 6.9630e-02      0.144  272.37861     0.0677    98.3215     0.0304     0.0309 1.0000e-12      12421         25 0.0000e+00
    348.627   16.53064 -107.10372    351.000    10.4747    10.4751    10.4326    34.6822    34.6904  1028.2016    26.6216 6.9597e-02      0.149  272.45487     0.0677    98.3213     0.0304     0.0309 1.0000e-12      12447         26 0.0000e+00
    349.619   16.53064 -107.10372    352.000    10.4560    10.4562    10.4138    34.6815    34.6897  1028.2090    26.6243 7.0841e-02      0.153  272.56496     0.0683    98.3061     0.0303     0.0309 1.0000e-12      12474         27 0.0000e+00
    350.611   16.53064 -107.10372    353.000    10.4411    10.4415    10.3988    34.6803    34.6886  1028.2153    26.6261 6.8663e-02      0.144  272.65397     0.0680    98.3133     0.0304     0.0311 1.0000e-12      12500         24 0.0000e+00
    351.604   16.53064 -107.10372    354.000    10.4139    10.4143    10.3716    34.6795    34.6877  1028.2241    26.6302 6.9584e-02      0.147  272.81408     0.0680    98.3132     0.0302     0.0309 1.0000e-12      12521         19 0.0000e+00
    352.596   16.53064 -107.10372    355.000    10.3969    10.3973    10.3545    34.6790    34.6872  1028.2313    26.6327 6.9393e-02      0.142  272.91412     0.0677    98.3220     0.0304     0.0309 1.0000e-12      12540         18 0.0000e+00
    353.588   16.53064 -107.10372    356.000    10.3632    10.3638    10.3208    34.6766    34.6847  1028.2399    26.6367 6.8511e-02      0.156  273.11521     0.0681    98.3108     0.0304     0.0310 1.0000e-12      12558         20 0.0000e+00
    354.581   16.53064 -107.10372    357.000    10.3302    10.3308    10.2878    34.6758    34.6840  1028.2498    26.6419 6.9696e-02      0.157  273.30962     0.0676    98.3252     0.0304     0.0309 1.0000e-12      12580         25 0.0000e+00
    355.573   16.53064 -107.10372    358.000    10.3193    10.3195    10.2768    34.6750    34.6831  1028.2556    26.6431 6.8859e-02      0.152  273.37496     0.0670    98.3391     0.0303     0.0309 1.0000e-12      12610         34 0.0000e+00
    356.566   16.53064 -107.10372    359.000    10.3111    10.3104    10.2685    34.6735    34.6817  1028.2605    26.6434 6.9861e-02      0.152  273.42574     0.0670    98.3403     0.0303     0.0309 1.0000e-12      12642         29 0.0000e+00
    357.558   16.53064 -107.10372    360.000    10.2784    10.2774    10.2357    34.6724    34.6805  1028.2700    26.6482 6.9903e-02      0.163  273.62000     0.0669    98.3405     0.0301     0.0310 1.0000e-12      12669         24 0.0000e+00
    358.550   16.53064 -107.10372    361.000    10.2667    10.2672    10.2239    34.6712    34.6793  1028.2756    26.6493 6.9431e-02      0.157  273.69090     0.0675    98.3255     0.0299     0.0306 1.0000e-12      12692         23 0.0000e+00
    359.542   16.53064 -107.10372    362.000    10.2519    10.2521    10.2090    34.6704    34.6784  1028.2822    26.6512 7.2793e-02      0.144  273.77907     0.0673    98.3320     0.0302     0.0308 1.0000e-12      12716         25 0.0000e+00
    360.535   16.53064 -107.10372    363.000    10.2471    10.2478    10.2042    34.6695    34.6776  1028.2868    26.6514 7.1257e-02      0.153  273.80881     0.0677    98.3203     0.0300     0.0308 1.0000e-12      12740         22 0.0000e+00
    361.527   16.53064 -107.10372    364.000    10.2431    10.2442    10.2000    34.6692    34.6774  1028.2918    26.6518 6.9741e-02      0.153  273.83310     0.0672    98.3350     0.0299     0.0309 1.0000e-12      12762         23 0.0000e+00
    362.520   16.53064 -107.10372    365.000    10.2443    10.2446    10.2011    34.6688    34.6770  1028.2958    26.6513 7.2177e-02      0.153  273.82651     0.0675    98.3270     0.0301     0.0307 1.0000e-12      12784         21 0.0000e+00
    363.512   16.53064 -107.10372    366.000    10.2374    10.2376    10.1942    34.6682    34.6764  1028.3010    26.6520 7.0155e-02      0.153  273.86804     0.0666    98.3497     0.0300     0.0309 1.0000e-12      12804         20 0.0000e+00
    364.504   16.53064 -107.10372    367.000    10.2347    10.2353    10.1913    34.6678    34.6762  1028.3057    26.6522 6.9765e-02      0.153  273.88503     0.0666    98.3477     0.0300     0.0308 1.0000e-12      12825         22 0.0000e+00
    365.497   16.53064 -107.10372    368.000    10.2312    10.2314    10.1877    34.6671    34.6752  1028.3103    26.6523 6.9440e-02      0.140  273.90670     0.0664    98.3530     0.0301     0.0309 1.0000e-12      12848         23 0.0000e+00
    366.489   16.53064 -107.10372    369.000    10.2249    10.2241    10.1813    34.6667    34.6749  1028.3156    26.6531 7.1099e-02      0.142  273.94450     0.0662    98.3574     0.0303     0.0310 1.0000e-12      12874         29 0.0000e+00
    367.481   16.53064 -107.10372    370.000    10.2205    10.2217    10.1767    34.6661    34.6743  1028.3204    26.6534 7.0785e-02      0.158  273.97165     0.0667    98.3464     0.0300     0.0309 1.0000e-12      12903         31 0.0000e+00
    368.474   16.53064 -107.10372    371.000    10.2103    10.2135    10.1665    34.6651    34.6736  1028.3259    26.6543 6.8391e-02      0.145  274.03350     0.0669    98.3414     0.0303     0.0311 1.0000e-12      12933         27 0.0000e+00
    369.466   16.53064 -107.10372    372.000    10.1974    10.1996    10.1535    34.6638    34.6722  1028.3318    26.6556 6.9852e-02      0.156  274.11182     0.0668    98.3450     0.0302     0.0309 1.0000e-12      12960         28 0.0000e+00
    370.458   16.53064 -107.10372    373.000    10.1842    10.1842    10.1403    34.6630    34.6712  1028.3379    26.6572 7.0365e-02      0.145  274.19086     0.0671    98.3371     0.0300     0.0310 1.0000e-12      12987         24 0.0000e+00
    371.450   16.53064 -107.10372    374.000    10.1743    10.1746    10.1302    34.6623    34.6705  1028.3437    26.6584 7.1302e-02      0.143  274.25069     0.0669    98.3417     0.0302     0.0309 1.0000e-12      13011         24 0.0000e+00
    372.443   16.53064 -107.10372    375.000    10.1645    10.1648    10.1203    34.6618    34.6699  1028.3495    26.6596 7.0925e-02      0.156  274.30936     0.0670    98.3382     0.0298     0.0306 1.0000e-12      13034         22 0.0000e+00
    373.435   16.53064 -107.10372    376.000    10.1555    10.1557    10.1112    34.6613    34.6694  1028.3553    26.6608 7.0819e-02      0.146  274.36321     0.0666    98.3480     0.0296     0.0307 1.0000e-12      13055         21 0.0000e+00
    374.427   16.53064 -107.10372    377.000    10.1471    10.1473    10.1027    34.6605    34.6687  1028.3606    26.6616 6.9419e-02      0.157  274.41442     0.0664    98.3531     0.0299     0.0307 1.0000e-12      13075         19 0.0000e+00
    375.419   16.53064 -107.10372    378.000    10.1353    10.1355    10.0908    34.6597    34.6681  1028.3667    26.6631 7.0164e-02      0.163  274.48556     0.0666    98.3484     0.0299     0.0306 1.0000e-12      13095         20 0.0000e+00
    376.412   16.53064 -107.10372    379.000    10.1252    10.1253    10.0807    34.6591    34.6673  1028.3725    26.6643 7.0236e-02      0.142  274.54606     0.0664    98.3531     0.0302     0.0309 1.0000e-12      13116         23 0.0000e+00
    377.404   16.53064 -107.10372    380.000    10.1187    10.1190    10.0740    34.6584    34.6666  1028.3776    26.6649 7.1286e-02      0.134  274.58595     0.0667    98.3470     0.0299     0.0307 1.0000e-12      13140         24 0.0000e+00
    378.396   16.53064 -107.10372    381.000    10.1098    10.1098    10.0650    34.6575    34.6657  1028.3830    26.6657 7.1711e-02      0.151  274.64039     0.0677    98.3212     0.0301     0.0308 1.0000e-12      13165         26 0.0000e+00
    379.388   16.53064 -107.10372    382.000    10.0655    10.0657    10.0207    34.6556    34.6638  1028.3939    26.6718 7.0683e-02      0.146  274.90564     0.0670    98.3394     0.0301     0.0308 1.0000e-12      13191         27 0.0000e+00
    380.381   16.53064 -107.10372    383.000    10.0400    10.0405     9.9952    34.6555    34.6636  1028.4028    26.6761 7.2347e-02      0.147  275.05634     0.0661    98.3602     0.0301     0.0307 1.0000e-12      13219         27 0.0000e+00
    381.373   16.53064 -107.10372    384.000    10.0333    10.0331     9.9884    34.6549    34.6631  1028.4080    26.6768 6.7907e-02      0.161  275.09771     0.0659    98.3655     0.0300     0.0309 1.0000e-12      13245         26 0.0000e+00
    382.365   16.53064 -107.10372    385.000    10.0290    10.0295     9.9840    34.6543    34.6626  1028.4129    26.6771 7.3034e-02      0.149  275.12396     0.0662    98.3594     0.0300     0.0310 1.0000e-12      13272         26 0.0000e+00
    383.358   16.53064 -107.10372    386.000    10.0233    10.0242     9.9782    34.6542    34.6624  1028.4183    26.6779 7.1577e-02      0.157  275.15767     0.0668    98.3435     0.0300     0.0310 1.0000e-12      13297         26 0.0000e+00
    384.350   16.53064 -107.10372    387.000    10.0228    10.0230     9.9776    34.6538    34.6621  1028.4226    26.6777 7.0052e-02      0.161  275.16134     0.0669    98.3416     0.0299     0.0308 1.0000e-12      13323         24 0.0000e+00
    385.342   16.53064 -107.10372    388.000    10.0163    10.0167     9.9710    34.6535    34.6617  1028.4280    26.6786 7.3283e-02      0.155  275.20062     0.0664    98.3541     0.0298     0.0308 1.0000e-12      13347         25 0.0000e+00
    386.334   16.53064 -107.10372    389.000     9.9736     9.9738     9.9283    34.6504    34.6588  1028.4376    26.6834 7.0269e-02      0.110  275.46007     0.0665    98.3504     0.0299     0.0305 1.0000e-12      13371         24 0.0000e+00
    387.326   16.53064 -107.10372    390.000     9.9169     9.9172     9.8716    34.6493    34.6576  1028.4513    26.6922 7.0100e-02      0.162  275.79885     0.0661    98.3605     0.0299     0.0306 1.0000e-12      13394         22 0.0000e+00
    388.319   16.53064 -107.10372    391.000     9.9048     9.9050     9.8595    34.6485    34.6566  1028.4574    26.6937 7.0417e-02      0.176  275.87228     0.0659    98.3665     0.0298     0.0307 1.0000e-12      13416         22 0.0000e+00
    389.311   16.53064 -107.10372    392.000     9.8867     9.8865     9.8412    34.6471    34.6552  1028.4640    26.6957 7.2295e-02      0.156  275.98311     0.0663    98.3559     0.0299     0.0307 1.0000e-12      13437         19 0.0000e+00
    390.303   16.53064 -107.10372    393.000     9.8641     9.8642     9.8187    34.6466    34.6547  1028.4720    26.6990 7.1320e-02      0.099  276.11848     0.0661    98.3619     0.0297     0.0303 1.0000e-12      13458         21 0.0000e+00
    391.295   16.53064 -107.10372    394.000     9.8553     9.8554     9.8097    34.6456    34.6537  1028.4773    26.6998 6.9869e-02      0.131  276.17312     0.0659    98.3656     0.0296     0.0306 1.0000e-12      13481         25 0.0000e+00
    392.287   16.53064 -107.10372    395.000     9.8398     9.8400     9.7942    34.6450    34.6532  1028.4841    26.7019 7.2720e-02      0.183  276.26636     0.0664    98.3534     0.0297     0.0307 1.0000e-12      13507         26 0.0000e+00
    393.279   16.53064 -107.10372    396.000     9.8288     9.8288     9.7831    34.6447    34.6528  1028.4903    26.7036 7.0203e-02      0.157  276.33276     0.0661    98.3611     0.0298     0.0306 1.0000e-12      13534         29 0.0000e+00
    394.272   16.53064 -107.10372    397.000     9.8026     9.8023     9.7568    34.6434    34.6517  1028.4984    26.7070 7.2315e-02      0.111  276.49214     0.0663    98.3562     0.0297     0.0303 1.0000e-12      13562         28 0.0000e+00
    395.264   16.53064 -107.10372    398.000     9.7710     9.7713     9.7252    34.6432    34.6513  1028.5083    26.7121 7.0859e-02      0.168  276.68127     0.0661    98.3600     0.0298     0.0303 1.0000e-12      13588         24 0.0000e+00
