data/ctd-cnv/SKQ1617/SKQ1617-St16-P2/skq201617s-038avg.cnv
* Sea-Bird SBE 9 Data File:
* FileName = D:\CTD\SKQ201617S\SKQ201617S-038.hex
* Software Version Seasave V 7.22.5
* Temperature SN = 5773
* Conductivity SN = 2251
* Number of Bytes Per Scan = 37
* Number of Voltage Words = 4
* Number of Scans Averaged by the Deck Unit = 1
* NMEA Latitude = 16 36.89 N
* NMEA Longitude = 107 01.48 W
* NMEA UTC (Time) = Jan 11 2017  04:03:05
* NMEA baud rate = 4800
** Ship: R/V Sikuliaq
** Station Number: 38
** Station Name: Station 16/P2
** Depth: 3900
** Operator: Rachel L/ Jacob
# nquan = 20
# nvalues = 500                         
# units = specified
# name 0 = depSMignore: Depth [salt water, m]
# name 1 = latitude: Latitude [deg]
# name 2 = longitude: Longitude [deg]
# name 3 = prDM: Pressure, Digiquartz [db]
# name 4 = t090C: Temperature [ITS-90, deg C]
# name 5 = t190C: Temperature, 2 [ITS-90, deg C]
# name 6 = potemp090C: Potential Temperature [ITS-90, deg C]
# name 7 = sal00: Salinity, Practical [PSU]
# name 8 = sal11: Salinity, Practical, 2 [PSU]
# name 9 = density00: Density [density, kg/m^3]
# name 10 = sigma-t00: Density [sigma-t, kg/m^3 ]
# name 11 = flSP: Fluorescence, Seapoint
# name 12 = sbox0Mm/Kg: Oxygen, SBE 43 [umol/kg]
# name 13 = oxsolMm/Kg: Oxygen Saturation, Garcia & Gordon [umol/kg]
# name 14 = CStarAt0: Beam Attenuation, WET Labs C-Star [1/m]
# name 15 = CStarTr0: Beam Transmission, WET Labs C-Star [%]
# name 16 = par: PAR/Irradiance, Biospherical/Licor
# name 17 = scan: Scan Count
# name 18 = nbin: number of scans per bin
# name 19 = flag: flag
# span 0 =      3.976,    499.414       
# span 1 =   16.61470,   16.61482       
# span 2 = -107.02462, -107.02442       
# span 3 =      4.000,    503.000       
# span 4 =     8.5264,    28.8505       
# span 5 =     8.5267,    28.8513       
# span 6 =     8.4728,    28.8475       
# span 7 =    33.5756,    34.8092       
# span 8 =    33.5803,    34.8168       
# span 9 =  1021.0852,  1029.1488       
# span 10 =    21.0667,    26.8696      
# span 11 = 6.6233e-02, 2.1372e+00      
# span 12 =      0.025,    191.344      
# span 13 =  195.92276,  284.43333      
# span 14 =     0.0659,     0.2530      
# span 15 =    93.8701,    98.3653      
# span 16 = -2.199e-07, 4.4506e-01      
# span 17 =        238,      18452      
# span 18 =         13,       2568      
# span 19 = 0.0000e+00, 0.0000e+00      
# interval = decibars: 1                
# start_time = Jan 11 2017 04:03:05 [NMEA time, header]
# bad_flag = -9.990e-29
*END*
[from data line 362]
    363.511   16.61482 -107.02455    366.000    10.1836    10.1839    10.1404    34.6635    34.6710  1028.3071    26.6577 7.1369e-02      0.142  274.19376     0.0689    98.2921 1.0000e-12      12326         21 0.0000e+00
    364.503   16.61482 -107.02456    367.000    10.1837    10.1839    10.1404    34.6634    34.6708  1028.3114    26.6576 7.0239e-02      0.151  274.19325     0.0692    98.2840 1.0000e-12      12344         17 0.0000e+00
    365.495   16.61482 -107.02456    368.000    10.1834    10.1837    10.1400    34.6633    34.6706  1028.3159    26.6576 7.1196e-02      0.160  274.19546     0.0692    98.2838 1.0000e-12      12360         16 0.0000e+00
    366.487   16.61482 -107.02454    369.000    10.1829    10.1833    10.1394    34.6631    34.6705  1028.3203    26.6575 7.2473e-02      0.136  274.19843     0.0692    98.2852 1.0000e-12      12375         14 0.0000e+00
    367.480   16.61482 -107.02454    370.000    10.1810    10.1811    10.1374    34.6628    34.6702  1028.3249    26.6576 7.1705e-02      0.168  274.21031     0.0691    98.2871 1.0000e-12      12390         14 0.0000e+00
    368.472   16.61482 -107.02454    371.000    10.1763    10.1764    10.1325    34.6624    34.6699  1028.3300    26.6581 7.1658e-02      0.172  274.23896     0.0694    98.2790 1.0000e-12      12405         16 0.0000e+00
    369.464   16.61482 -107.02454    372.000    10.1728    10.1729    10.1290    34.6623    34.6699  1028.3350    26.6586 7.0390e-02      0.165  274.25943     0.0691    98.2867 1.0000e-12      12423         20 0.0000e+00
    370.456   16.61482 -107.02454    373.000    10.1764    10.1750    10.1324    34.6622    34.6696  1028.3387    26.6579 7.1555e-02      0.153  274.23863     0.0691    98.2867 1.0000e-12      12456         55 0.0000e+00
    371.449   16.61482 -107.02455    374.000    10.1732    10.1743    10.1291    34.6613    34.6688  1028.3431    26.6578 7.1121e-02      0.150  274.25899     0.0684    98.3035 1.0000e-12      12517         44 0.0000e+00
    372.441   16.61482 -107.02456    375.000    10.1635    10.1639    10.1194    34.6613    34.6689  1028.3493    26.6594 7.0809e-02      0.159  274.31599     0.0688    98.2945 1.0000e-12      12546         24 0.0000e+00
    373.433   16.61482 -107.02456    376.000    10.1591    10.1594    10.1148    34.6610    34.6684  1028.3544    26.6599 7.0460e-02      0.163  274.34272     0.0691    98.2869 1.0000e-12      12569         21 0.0000e+00
    374.426   16.61482 -107.02456    377.000    10.1531    10.1533    10.1087    34.6605    34.6680  1028.3595    26.6606 7.1909e-02      0.170  274.37897     0.0690    98.2902 1.0000e-12      12589         18 0.0000e+00
    375.418   16.61482 -107.02456    378.000    10.1430    10.1432    10.0986    34.6602    34.6676  1028.3656    26.6621 7.0493e-02      0.145  274.43893     0.0694    98.2804 1.0000e-12      12608         20 0.0000e+00
    376.410   16.61482 -107.02456    379.000    10.1355    10.1356    10.0909    34.6596    34.6671  1028.3710    26.6629 7.1969e-02      0.158  274.48463     0.0691    98.2871 1.0000e-12      12627         20 0.0000e+00
    377.402   16.61482 -107.02456    380.000    10.1264    10.1267    10.0817    34.6595    34.6669  1028.3770    26.6644 7.1719e-02      0.163  274.53853     0.0692    98.2857 1.0000e-12      12647         19 0.0000e+00
    378.395   16.61482 -107.02454    381.000    10.1210    10.1211    10.0762    34.6590    34.6666  1028.3821    26.6649 7.0897e-02      0.140  274.57139     0.0702    98.2615 1.0000e-12      12666         20 0.0000e+00
    379.387   16.61482 -107.02454    382.000    10.1068    10.1069    10.0619    34.6581    34.6656  1028.3884    26.6667 7.2463e-02      0.159  274.65683     0.0689    98.2923 1.0000e-12      12686         20 0.0000e+00
    380.379   16.61482 -107.02454    383.000    10.0998    10.1001    10.0549    34.6581    34.6657  1028.3942    26.6679 7.1917e-02      0.164  274.69782     0.0690    98.2895 1.0000e-12      12707         24 0.0000e+00
    381.371   16.61482 -107.02454    384.000    10.0992    10.0995    10.0542    34.6577    34.6652  1028.3985    26.6677 7.1798e-02      0.151  274.70198     0.0685    98.3023 1.0000e-12      12735         30 0.0000e+00
    382.364   16.61482 -107.02456    385.000    10.0940    10.0946    10.0488    34.6574    34.6648  1028.4036    26.6683 7.2564e-02      0.169  274.73364     0.0689    98.2912 1.0000e-12      12770         36 0.0000e+00
    383.356   16.61482 -107.02456    386.000    10.0966    10.0973    10.0513    34.6571    34.6648  1028.4075    26.6677 7.0724e-02      0.129  274.71868     0.0689    98.2925 1.0000e-12      12803         29 0.0000e+00
    384.348   16.61482 -107.02456    387.000    10.0879    10.0877    10.0425    34.6565    34.6641  1028.4130    26.6687 7.1441e-02      0.138  274.77131     0.0692    98.2846 1.0000e-12      12829         22 0.0000e+00
    385.340   16.61482 -107.02456    388.000    10.0802    10.0806    10.0347    34.6562    34.6638  1028.4187    26.6698 7.4101e-02      0.203  274.81721     0.0691    98.2872 1.0000e-12      12850         20 0.0000e+00
    386.333   16.61482 -107.02455    389.000    10.0646    10.0649    10.0190    34.6554    34.6628  1028.4253    26.6718 7.1761e-02      0.132  274.91155     0.0691    98.2871 1.0000e-12      12870         20 0.0000e+00
    387.325   16.61482 -107.02454    390.000    10.0476    10.0479    10.0020    34.6548    34.6623  1028.4323    26.6742 7.0581e-02      0.145  275.01304     0.0691    98.2871 1.0000e-12      12889         19 0.0000e+00
    388.317   16.61482 -107.02454    391.000    10.0389    10.0391     9.9932    34.6545    34.6620  1028.4381    26.6755 7.2046e-02      0.183  275.06476     0.0690    98.2886 1.0000e-12      12908         18 0.0000e+00
    389.309   16.61482 -107.02454    392.000    10.0257    10.0262     9.9799    34.6534    34.6607  1028.4441    26.6769 7.1414e-02      0.156  275.14544     0.0688    98.2937 1.0000e-12      12927         20 0.0000e+00
    390.301   16.61482 -107.02454    393.000     9.9887     9.9893     9.9428    34.6518    34.6592  1028.4540    26.6820 7.3241e-02      0.144  275.36781     0.0686    98.2989 1.0000e-12      12947         22 0.0000e+00
    391.293   16.61482 -107.02454    394.000     9.9606     9.9609     9.9147    34.6513    34.6587  1028.4631    26.6863 7.1778e-02      0.148  275.53547     0.0687    98.2972 1.0000e-12      12970         26 0.0000e+00
    392.286   16.61482 -107.02455    395.000     9.9497     9.9499     9.9037    34.6503    34.6578  1028.4688    26.6875 7.1078e-02      0.166  275.60196     0.0684    98.3031 1.0000e-12      13005         46 0.0000e+00
    393.278   16.61482 -107.02455    396.000     9.9423     9.9430     9.8963    34.6494    34.6569  1028.4739    26.6880 7.0696e-02      0.158  275.64753     0.0684    98.3046 1.0000e-12      13054         39 0.0000e+00
    394.270   16.61482 -107.02456    397.000     9.9352     9.9355     9.8891    34.6491    34.6566  1028.4793    26.6889 7.3037e-02      0.127  275.69035     0.0687    98.2970 1.0000e-12      13084         23 0.0000e+00
    395.262   16.61482 -107.02456    398.000     9.9322     9.9325     9.8859    34.6488    34.6563  1028.4841    26.6892 7.3267e-02      0.161  275.70894     0.0688    98.2935 1.0000e-12      13104         16 0.0000e+00
    396.254   16.61482 -107.02456    399.000     9.9030     9.9033     9.8567    34.6473    34.6545  1028.4927    26.6930 7.2792e-02      0.203  275.88577     0.0689    98.2920 1.0000e-12      13120         16 0.0000e+00
    397.247   16.61482 -107.02456    400.000     9.8767     9.8769     9.8304    34.6472    34.6545  1028.5017    26.6974 7.3856e-02      0.121  276.04206     0.0690    98.2890 1.0000e-12      13134         13 0.0000e+00
    398.239   16.61482 -107.02456    401.000     9.8537     9.8537     9.8073    34.6462    34.6534  1028.5095    26.7005 7.1805e-02      0.163  276.18141     0.0691    98.2870 1.0000e-12      13149         16 0.0000e+00
    399.231   16.61482 -107.02456    402.000     9.8395     9.8397     9.7931    34.6453    34.6527  1028.5159    26.7022 7.1018e-02      0.162  276.26757     0.0683    98.3060 1.0000e-12      13166         18 0.0000e+00
    400.223   16.61482 -107.02455    403.000     9.8276     9.8271     9.7811    34.6444    34.6520  1028.5217    26.7035 7.3415e-02      0.154  276.34034     0.0681    98.3109 1.0000e-12      13193         38 0.0000e+00
    401.215   16.61482 -107.02454    404.000     9.8108     9.8114     9.7642    34.6430    34.6504  1028.5281    26.7053 7.1935e-02      0.168  276.44362     0.0679    98.3155 1.0000e-12      13235         38 0.0000e+00
    402.207   16.61482 -107.02456    405.000     9.8011     9.8012     9.7544    34.6424    34.6499  1028.5338    26.7064 7.1639e-02      0.158  276.50298     0.0677    98.3207 1.0000e-12      13266         25 0.0000e+00
    403.199   16.61482 -107.02456    406.000     9.7901     9.7914     9.7433    34.6418    34.6492  1028.5398    26.7078 7.2529e-02      0.145  276.56954     0.0680    98.3132 1.0000e-12      13288         20 0.0000e+00
    404.192   16.61482 -107.02456    407.000     9.7795     9.7795     9.7326    34.6412    34.6487  1028.5457    26.7092 7.2448e-02      0.172  276.63442     0.0681    98.3104 1.0000e-12      13306         18 0.0000e+00
    405.184   16.61482 -107.02456    408.000     9.7756     9.7758     9.7286    34.6408    34.6485  1028.5506    26.7095 7.1354e-02      0.176  276.65857     0.0681    98.3116 1.0000e-12      13323         17 0.0000e+00
    406.176   16.61482 -107.02456    409.000     9.7715     9.7715     9.7245    34.6406    34.6479  1028.5556    26.7100 7.0478e-02      0.150  276.68300     0.0682    98.3083 1.0000e-12      13343         21 0.0000e+00
    407.168   16.61482 -107.02456    410.000     9.7661     9.7663     9.7189    34.6399    34.6474  1028.5605    26.7104 7.1997e-02      0.159  276.71675     0.0680    98.3132 1.0000e-12      13367         26 0.0000e+00
    408.160   16.61482 -107.02456    411.000     9.7543     9.7545     9.7070    34.6394    34.6468  1028.5667    26.7119 7.3023e-02      0.140  276.78894     0.0688    98.2931 1.0000e-12      13394         28 0.0000e+00
    409.152   16.61482 -107.02456    412.000     9.7490     9.7493     9.7017    34.6389    34.6464  1028.5717    26.7124 7.2941e-02      0.173  276.82103     0.0684    98.3042 1.0000e-12      13419         23 0.0000e+00
    410.144   16.61482 -107.02456    413.000     9.7426     9.7429     9.6951    34.6386    34.6459  1028.5771    26.7133 7.0548e-02      0.168  276.86036     0.0687    98.2964 1.0000e-12      13440         20 0.0000e+00
    411.136   16.61482 -107.02456    414.000     9.7344     9.7346     9.6869    34.6379    34.6454  1028.5825    26.7141 7.0335e-02      0.163  276.91066     0.0680    98.3127 1.0000e-12      13460         20 0.0000e+00
    412.128   16.61482 -107.02454    415.000     9.7189     9.7188     9.6713    34.6372    34.6448  1028.5892    26.7162 7.1567e-02      0.135  277.00478     0.0679    98.3159 1.0000e-12      13486         35 0.0000e+00
    413.121   16.61482 -107.02454    416.000     9.7076     9.7099     9.6599    34.6365    34.6436  1028.5951    26.7175 7.2644e-02      0.168  277.07437     0.0685    98.3023 1.0000e-12      13539         57 0.0000e+00
    414.112   16.61482 -107.02455    417.000     9.6863     9.6863     9.6385    34.6352    34.6425  1028.6024    26.7201 7.1581e-02      0.163  277.20466     0.0690    98.2893 1.0000e-12      13574         22 0.0000e+00
    415.105   16.61482 -107.02456    418.000     9.6647     9.6646     9.6169    34.6340    34.6416  1028.6097    26.7228 7.3314e-02      0.115  277.33651     0.0680    98.3125 1.0000e-12      13594         18 0.0000e+00
    416.097   16.61482 -107.02456    419.000     9.6362     9.6362     9.5884    34.6335    34.6408  1028.6188    26.7271 7.0718e-02      0.119  277.50878     0.0680    98.3132 1.0000e-12      13611         16 0.0000e+00
    417.089   16.61482 -107.02456    420.000     9.6174     9.6170     9.5695    34.6324    34.6395  1028.6257    26.7294 7.3232e-02      0.193  277.62420     0.0680    98.3132 1.0000e-12      13626         15 0.0000e+00
    418.081   16.61482 -107.02456    421.000     9.5878     9.5876     9.5398    34.6319    34.6392  1028.6350    26.7339 7.3712e-02      0.177  277.80376     0.0680    98.3132 1.0000e-12      13641         16 0.0000e+00
    419.073   16.61482 -107.02456    422.000     9.5769     9.5760     9.5289    34.6312    34.6382  1028.6408    26.7352 7.1888e-02      0.153  277.87084     0.0680    98.3132 1.0000e-12      13658         18 0.0000e+00
    420.065   16.61482 -107.02454    423.000     9.5662     9.5658     9.5182    34.6300    34.6375  1028.6463    26.7360 6.9642e-02      0.165  277.93720     0.0679    98.3165 1.0000e-12      13679         23 0.0000e+00
    421.057   16.61482 -107.02454    424.000     9.5623     9.5625     9.5141    34.6295    34.6370  1028.6510    26.7363 7.2868e-02      0.170  277.96187     0.0673    98.3327 1.0000e-12      13704         27 0.0000e+00
    422.049   16.61482 -107.02454    425.000     9.5601     9.5597     9.5118    34.6289    34.6364  1028.6555    26.7362 7.2955e-02      0.131  277.97634     0.0672    98.3329 1.0000e-12      13730         24 0.0000e+00
    423.041   16.61482 -107.02456    426.000     9.5477     9.5454     9.4993    34.6278    34.6353  1028.6612    26.7374 7.0720e-02      0.151  278.05373     0.0674    98.3292 1.0000e-12      13753         23 0.0000e+00
    424.033   16.61482 -107.02454    427.000     9.5283     9.5301     9.4799    34.6275    34.6353  1028.6689    26.7404 6.9461e-02      0.178  278.17129     0.0679    98.3156 1.0000e-12      13776         24 0.0000e+00
    425.025   16.61482 -107.02455    428.000     9.5304     9.5310     9.4818    34.6269    34.6341  1028.6726    26.7396 7.0068e-02      0.129  278.16001     0.0677    98.3216 1.0000e-12      13804         31 0.0000e+00
    426.017   16.61482 -107.02456    429.000     9.5017     9.5019     9.4532    34.6259    34.6332  1028.6813    26.7435 7.1582e-02      0.190  278.33507     0.0678    98.3189 1.0000e-12      13839         36 0.0000e+00
    427.009   16.61482 -107.02456    430.000     9.4917     9.4919     9.4430    34.6250    34.6324  1028.6868    26.7445 7.1730e-02      0.158  278.39750     0.0680    98.3130 1.0000e-12      13873         31 0.0000e+00
    428.001   16.61482 -107.02456    431.000     9.4813     9.4814     9.4325    34.6244    34.6317  1028.6926    26.7457 7.1762e-02      0.172  278.46186     0.0680    98.3132 1.0000e-12      13899         22 0.0000e+00
    428.993   16.61482 -107.02456    432.000     9.4618     9.4618     9.4130    34.6236    34.6310  1028.6999    26.7483 7.2209e-02      0.117  278.58114     0.0676    98.3243 1.0000e-12      13920         21 0.0000e+00
    429.985   16.61482 -107.02456    433.000     9.4466     9.4468     9.3977    34.6235    34.6310  1028.7069    26.7507 7.2480e-02      0.147  278.67358     0.0680    98.3136 1.0000e-12      13939         19 0.0000e+00
    430.977   16.61482 -107.02455    434.000     9.4345     9.4346     9.3855    34.6227    34.6301  1028.7129    26.7521 7.1625e-02      0.175  278.74878     0.0679    98.3155 1.0000e-12      13960         22 0.0000e+00
    431.969   16.61482 -107.02454    435.000     9.4290     9.4293     9.3800    34.6227    34.6301  1028.7183    26.7530 7.1595e-02      0.137  278.78189     0.0671    98.3367 1.0000e-12      13982         22 0.0000e+00
    432.961   16.61482 -107.02454    436.000     9.4267     9.4270     9.3776    34.6222    34.6296  1028.7229    26.7530 7.0296e-02      0.123  278.79688     0.0670    98.3384 1.0000e-12      14007         26 0.0000e+00
    433.953   16.61482 -107.02454    437.000     9.4208     9.4209     9.3715    34.6217    34.6292  1028.7280    26.7536 7.1066e-02      0.181  278.83393     0.0674    98.3299 1.0000e-12      14032         25 0.0000e+00
