data/ctd-cnv/SKQ1617/SKQ1617-St16-P2/skq201617s-034avg.cnv
* Sea-Bird SBE 9 Data File:
* FileName = D:\CTD\SKQ201617S\SKQ201617S-034.hex
* Software Version Seasave V 7.22.5
* Temperature SN = 5773
* Conductivity SN = 2251
* Number of Bytes Per Scan = 37
* Number of Voltage Words = 4
* Number of Scans Averaged by the Deck Unit = 1
* NMEA Latitude = 16 31.84 N
* NMEA Longitude = 107 06.22 W
* NMEA UTC (Time) = Jan 09 2017  12:20:00
* NMEA baud rate = 4800
** Ship: R/V Sikuliaq
** Station Number: 34
** Station Name: Station 16/P2
** Depth: 3693
** Operator: cm
# nquan = 22
# nvalues = 502                         
# units = specified
# name 0 = depSMignore: Depth [salt water, m]
# name 1 = latitude: Latitude [deg]
# name 2 = longitude: Longitude [deg]
# name 3 = prDM: Pressure, Digiquartz [db]
# name 4 = t090C: Temperature [ITS-90, deg C]
# name 5 = t190C: Temperature, 2 [ITS-90, deg C]
# name 6 = potemp090C: Potential Temperature [ITS-90, deg C]
# name 7 = sal00: Salinity, Practical [PSU]
# name 8 = sal11: Salinity, Practical, 2 [PSU]
# name 9 = density00: Density [density, kg/m^3]
# name 10 = sigma-t00: Density [sigma-t, kg/m^3 ]
# name 11 = flSP: Fluorescence, Seapoint
# name 12 = sbox0Mm/Kg: Oxygen, SBE 43 [umol/kg]
# name 13 = oxsolMm/Kg: Oxygen Saturation, Garcia & Gordon [umol/kg]
# name 14 = CStarAt0: Beam Attenuation, WET Labs C-Star [1/m]
# name 15 = CStarTr0: Beam Transmission, WET Labs C-Star [%]
# name 16 = v2: Voltage 2
# name 17 = v3: Voltage 3
# name 18 = par: PAR/Irradiance, Biospherical/Licor
# name 19 = scan: Scan Count
# name 20 = nbin: number of scans per bin
# name 21 = flag: flag
# span 0 =      3.976,    501.399       
# span 1 =   16.53064,   16.53064       
# span 2 = -107.10372, -107.10370       
# span 3 =      4.000,    505.000       
# span 4 =     8.2946,    28.5763       
# span 5 =     8.2953,    28.5751       
# span 6 =     8.2418,    28.5748       
# span 7 =    33.5113,    34.8168       
# span 8 =    33.5217,    34.8254       
# span 9 =  1021.1227,  1029.1842       
# span 10 =    21.1046,    26.8927      
# span 11 = 6.6495e-02, 1.3761e+00      
# span 12 =      0.082,    194.479      
# span 13 =  196.86889,  285.93021      
# span 14 =     0.0630,     0.2098      
# span 15 =    94.8898,    98.4379      
# span 16 =     0.0296,     0.0337      
# span 17 =     0.0303,     0.0365      
# span 18 = -2.137e-09, 4.5205e-01      
# span 19 =        467,      18972      
# span 20 =         16,       1169      
# span 21 = 0.0000e+00, 0.0000e+00      
# interval = decibars: 1                
# start_time = Jan 09 2017 12:20:00 [NMEA time, header]
# bad_flag = -9.990e-29
*END*
[from data line 132]
    135.150   16.53064 -107.10372    136.000    13.7129    13.7112    13.6936    34.7829    34.7914  1026.6850    26.0792 7.3310e-01      0.702  254.59576     0.1470    96.3922     0.0324     0.0338 8.4572e-03       7186         20 0.0000e+00
    136.144   16.53064 -107.10372    137.000    13.6303    13.6299    13.6110    34.7886    34.7968  1026.7111    26.1007 6.9882e-01      0.674  255.00910     0.1487    96.3505     0.0323     0.0336 8.4565e-03       7209         24 0.0000e+00
    137.137   16.53064 -107.10372    138.000    13.6019    13.6026    13.5824    34.7868    34.7950  1026.7201    26.1053 6.9115e-01      0.714  255.15863     0.1476    96.3777     0.0328     0.0340 8.4565e-03       7235         29 0.0000e+00
    138.131   16.53064 -107.10372    139.000    13.5588    13.5589    13.5392    34.7858    34.7938  1026.7327    26.1133 6.6622e-01      0.675  255.38203     0.1475    96.3804     0.0326     0.0338 8.4565e-03       7263         27 0.0000e+00
    139.124   16.53064 -107.10372    140.000    13.4617    13.4618    13.4420    34.7885    34.7961  1026.7595    26.1354 5.8332e-01      0.654  255.87864     0.1471    96.3889     0.0323     0.0336 8.4565e-03       7289         25 0.0000e+00
    140.117   16.53064 -107.10372    141.000    13.3981    13.3980    13.3784    34.7910    34.7991  1026.7790    26.1503 5.3473e-01      0.563  256.20284     0.1463    96.4072     0.0326     0.0336 8.4565e-03       7315         25 0.0000e+00
    141.111   16.53064 -107.10372    142.000    13.3571    13.3572    13.3373    34.7928    34.8007  1026.7933    26.1601 4.9778e-01      0.621  256.41228     0.1474    96.3825     0.0326     0.0337 8.3131e-03       7342         29 0.0000e+00
    142.104   16.53064 -107.10372    143.000    13.2983    13.2990    13.2784    34.7933    34.8011  1026.8103    26.1725 4.4515e-01      0.534  256.71722     0.1454    96.4313     0.0326     0.0338 8.3558e-03       7370         28 0.0000e+00
    143.098   16.53064 -107.10372    144.000    13.2194    13.2192    13.1995    34.7933    34.8012  1026.8310    26.1885 3.8255e-01      0.544  257.12811     0.1424    96.5038     0.0324     0.0336 8.4030e-03       7398         26 0.0000e+00
    144.091   16.53064 -107.10372    145.000    13.1857    13.1854    13.1656    34.7939    34.8023  1026.8428    26.1958 3.4763e-01      0.583  257.30325     0.1432    96.4841     0.0323     0.0337 8.0912e-03       7422         23 0.0000e+00
    145.085   16.53064 -107.10372    146.000    13.1300    13.1295    13.1099    34.7960    34.8043  1026.8603    26.2087 2.9764e-01      0.552  257.59067     0.1417    96.5197     0.0322     0.0334 7.8217e-03       7444         20 0.0000e+00
    146.078   16.53064 -107.10372    147.000    13.0823    13.0824    13.0621    34.7973    34.8056  1026.8755    26.2193 2.6593e-01      0.565  257.83838     0.1401    96.5583     0.0323     0.0336 8.1294e-03       7465         21 0.0000e+00
    147.071   16.53064 -107.10372    148.000    13.0682    13.0683    13.0478    34.7958    34.8041  1026.8816    26.2210 2.5592e-01      0.587  257.91510     0.1388    96.5902     0.0321     0.0336 7.7155e-03       7485         21 0.0000e+00
    148.065   16.53064 -107.10372    149.000    13.0498    13.0498    13.0293    34.7948    34.8030  1026.8891    26.2239 2.5110e-01      0.548  258.01358     0.1392    96.5787     0.0325     0.0336 8.0841e-03       7507         22 0.0000e+00
    149.058   16.53064 -107.10372    150.000    13.0225    13.0228    13.0019    34.7938    34.8019  1026.8983    26.2286 2.4271e-01      0.549  258.15888     0.1391    96.5815     0.0324     0.0335 7.9131e-03       7531         26 0.0000e+00
    150.051   16.53064 -107.10372    151.000    12.9823    12.9821    12.9616    34.7934    34.8013  1026.9106    26.2364 2.2361e-01      0.556  258.37116     0.1386    96.5941     0.0322     0.0334 7.9048e-03       7557         28 0.0000e+00
    151.045   16.53064 -107.10372    152.000    12.9374    12.9376    12.9167    34.7927    34.8008  1026.9236    26.2448 1.9959e-01      0.559  258.60866     0.1390    96.5838     0.0324     0.0336 7.2516e-03       7586         28 0.0000e+00
    152.038   16.53064 -107.10372    153.000    12.9132    12.9131    12.8923    34.7932    34.8016  1026.9334    26.2501 1.8487e-01      0.558  258.73561     0.1401    96.5591     0.0322     0.0335 7.3512e-03       7614         28 0.0000e+00
    153.031   16.53064 -107.10372    154.000    12.9026    12.9025    12.8816    34.7928    34.8012  1026.9397    26.2518 1.7809e-01      0.561  258.79251     0.1383    96.6024     0.0322     0.0335 7.1080e-03       7642         27 0.0000e+00
    154.025   16.53064 -107.10372    155.000    12.8894    12.8893    12.8683    34.7920    34.8005  1026.9462    26.2538 1.7010e-01      0.532  258.86376     0.1385    96.5969     0.0322     0.0336 7.2419e-03       7666         22 0.0000e+00
    155.018   16.53064 -107.10372    156.000    12.8669    12.8669    12.8456    34.7920    34.8005  1026.9552    26.2583 1.5884e-01      0.510  258.98272     0.1372    96.6290     0.0320     0.0332 7.0479e-03       7688         21 0.0000e+00
    156.011   16.53064 -107.10372    157.000    12.8505    12.8507    12.8292    34.7926    34.8009  1026.9634    26.2621 1.5027e-01      0.565  259.06818     0.1374    96.6229     0.0321     0.0335 7.1809e-03       7710         22 0.0000e+00
    157.005   16.53064 -107.10372    158.000    12.8309    12.8310    12.8095    34.7934    34.8018  1026.9725    26.2667 1.4082e-01      0.540  259.17022     0.1377    96.6158     0.0321     0.0337 7.0518e-03       7732         22 0.0000e+00
    157.998   16.53064 -107.10372    159.000    12.8202    12.8203    12.7986    34.7935    34.8019  1026.9791    26.2688 1.3665e-01      0.468  259.22678     0.1375    96.6207     0.0323     0.0337 7.0521e-03       7756         26 0.0000e+00
    158.991   16.53064 -107.10372    160.000    12.8110    12.8111    12.7893    34.7931    34.8016  1026.9852    26.2703 1.3512e-01      0.507  259.27632     0.1371    96.6302     0.0320     0.0334 7.0000e-03       7782         27 0.0000e+00
    159.985   16.53064 -107.10372    161.000    12.7882    12.7880    12.7664    34.7934    34.8020  1026.9944    26.2751 1.2684e-01      0.458  259.39689     0.1370    96.6333     0.0321     0.0336 6.7045e-03       7809         28 0.0000e+00
    160.978   16.53064 -107.10372    162.000    12.7651    12.7650    12.7431    34.7984    34.8068  1027.0074    26.2836 1.1072e-01      0.404  259.51046     0.1367    96.6407     0.0320     0.0334 6.6444e-03       7835         24 0.0000e+00
    161.971   16.53064 -107.10372    163.000    12.7558    12.7562    12.7338    34.7998    34.8081  1027.0148    26.2864 1.0727e-01      0.420  259.55712     0.1357    96.6649     0.0319     0.0335 6.5847e-03       7860         24 0.0000e+00
    162.964   16.53064 -107.10372    164.000    12.7333    12.7332    12.7111    34.8014    34.8098  1027.0251    26.2922 9.7785e-02      0.407  259.67368     0.1357    96.6648     0.0320     0.0334 6.6041e-03       7884         25 0.0000e+00
    163.958   16.53064 -107.10372    165.000    12.7197    12.7197    12.6974    34.8042    34.8128  1027.0345    26.2971 9.3363e-02      0.430  259.74089     0.1349    96.6823     0.0320     0.0335 6.0179e-03       7910         27 0.0000e+00
    164.951   16.53064 -107.10372    166.000    12.7002    12.7002    12.6778    34.8148    34.8234  1027.0510    26.3091 7.6488e-02      0.435  259.82527     0.1344    96.6952     0.0320     0.0333 6.1766e-03       7935         24 0.0000e+00
    165.944   16.53064 -107.10372    167.000    12.6917    12.6918    12.6692    34.8168    34.8254  1027.0587    26.3124 7.5653e-02      0.408  259.86690     0.1353    96.6738     0.0320     0.0333 6.0178e-03       7959         23 0.0000e+00
    166.938   16.53064 -107.10372    168.000    12.6817    12.6819    12.6590    34.8163    34.8252  1027.0649    26.3140 7.2707e-02      0.441  259.92114     0.1322    96.7501     0.0318     0.0333 5.8739e-03       7980         19 0.0000e+00
    167.931   16.53064 -107.10372    169.000    12.6652    12.6658    12.6424    34.8150    34.8234  1027.0716    26.3162 7.0815e-02      0.434  260.01154     0.1323    96.7478     0.0320     0.0333 6.0313e-03       8000         19 0.0000e+00
    168.924   16.53064 -107.10372    170.000    12.6499    12.6505    12.6270    34.8139    34.8225  1027.0783    26.3184 7.2354e-02      0.437  260.09479     0.1323    96.7464     0.0320     0.0334 5.8275e-03       8022         23 0.0000e+00
    169.918   16.53064 -107.10372    171.000    12.6380    12.6382    12.6150    34.8139    34.8224  1027.0851    26.3207 7.1847e-02      0.409  260.15826     0.1322    96.7504     0.0319     0.0334 5.7042e-03       8046         26 0.0000e+00
    170.911   16.53064 -107.10372    172.000    12.6316    12.6316    12.6084    34.8133    34.8218  1027.0904    26.3215 7.1914e-02      0.420  260.19382     0.1320    96.7547     0.0320     0.0334 5.6539e-03       8073         30 0.0000e+00
    171.904   16.53064 -107.10372    173.000    12.6227    12.6229    12.5995    34.8132    34.8219  1027.0966    26.3232 7.2820e-02      0.423  260.24094     0.1321    96.7530     0.0321     0.0334 5.6516e-03       8106         34 0.0000e+00
    172.897   16.53064 -107.10372    174.000    12.6134    12.6135    12.5900    34.8136    34.8223  1027.1032    26.3253 7.0845e-02      0.415  260.29030     0.1320    96.7543     0.0319     0.0333 5.6516e-03       8138         29 0.0000e+00
    173.891   16.53064 -107.10372    175.000    12.6053    12.6053    12.5818    34.8143    34.8229  1027.1098    26.3274 7.0468e-02      0.419  260.33217     0.1311    96.7752     0.0319     0.0331 5.6516e-03       8163         21 0.0000e+00
    174.884   16.53064 -107.10372    176.000    12.5956    12.5956    12.5719    34.8139    34.8225  1027.1159    26.3291 7.0759e-02      0.432  260.38496     0.1311    96.7756     0.0320     0.0331 5.5768e-03       8183         19 0.0000e+00
    175.878   16.53064 -107.10372    177.000    12.5760    12.5760    12.5522    34.8123    34.8209  1027.1231    26.3317 6.8222e-02      0.425  260.49246     0.1308    96.7825     0.0318     0.0332 5.5781e-03       8202         19 0.0000e+00
    176.870   16.53064 -107.10372    178.000    12.5461    12.5462    12.5223    34.8111    34.8196  1027.1326    26.3367 6.7852e-02      0.424  260.65450     0.1306    96.7889     0.0318     0.0331 5.5851e-03       8222         21 0.0000e+00
    177.863   16.53064 -107.10372    179.000    12.5218    12.5220    12.4978    34.8107    34.8192  1027.1415    26.3411 6.9453e-02      0.425  260.78577     0.1314    96.7683     0.0319     0.0335 5.4839e-03       8245         25 0.0000e+00
    178.857   16.53064 -107.10372    180.000    12.5018    12.5018    12.4777    34.8105    34.8191  1027.1499    26.3449 6.9067e-02      0.425  260.89327     0.1310    96.7782     0.0318     0.0330 5.4515e-03       8272         28 0.0000e+00
    179.850   16.53064 -107.10372    181.000    12.4905    12.4905    12.4663    34.8098    34.8184  1027.1560    26.3465 6.9469e-02      0.398  260.95508     0.1262    96.8951     0.0319     0.0332 5.3097e-03       8299         25 0.0000e+00
    180.843   16.53064 -107.10372    182.000    12.4775    12.4775    12.4532    34.8091    34.8177  1027.1625    26.3485 7.0254e-02      0.441  261.02619     0.0775    98.0820     0.0317     0.0331 5.0997e-03       8324         23 0.0000e+00
    181.837   16.53064 -107.10372    183.000    12.4662    12.4663    12.4418    34.8088    34.8174  1027.1690    26.3505 6.7671e-02      0.418  261.08722     0.1132    97.2108     0.0318     0.0330 4.8157e-03       8346         22 0.0000e+00
    182.830   16.53064 -107.10370    184.000    12.4583    12.4583    12.4337    34.8084    34.8170  1027.1747    26.3517 6.6990e-02      0.367  261.13055     0.1297    96.8081     0.0318     0.0332 4.5415e-03       8369         24 0.0000e+00
    183.823   16.53064 -107.10370    185.000    12.4479    12.4480    12.4232    34.8079    34.8166  1027.1809    26.3534 6.8554e-02      0.434  261.18731     0.1293    96.8182     0.0317     0.0328 4.8743e-03       8394         29 0.0000e+00
    184.816   16.53064 -107.10371    186.000    12.4370    12.4371    12.4122    34.8073    34.8160  1027.1870    26.3550 6.9354e-02      0.381  261.24698     0.1154    97.1580     0.0318     0.0330 4.5803e-03       8425         30 0.0000e+00
    185.809   16.53064 -107.10372    187.000    12.4264    12.4265    12.4015    34.8066    34.8151  1027.1930    26.3566 6.6495e-02      0.394  261.30519     0.0912    97.7457     0.0317     0.0330 4.3950e-03       8456         29 0.0000e+00
    186.802   16.53064 -107.10372    188.000    12.4168    12.4168    12.3918    34.8057    34.8144  1027.1987    26.3578 6.8519e-02      0.436  261.35852     0.0742    98.1610     0.0317     0.0328 4.3142e-03       8481         23 0.0000e+00
    187.795   16.53064 -107.10372    189.000    12.3924    12.3926    12.3673    34.8035    34.8118  1027.2062    26.3608 6.8681e-02      0.388  261.49379     0.0769    98.0952     0.0317     0.0325 4.2553e-03       8502         20 0.0000e+00
    188.788   16.53064 -107.10372    190.000    12.3186    12.3191    12.2934    34.7980    34.8059  1027.2211    26.3709 6.8821e-02      0.413  261.90258     0.1165    97.1297     0.0318     0.0327 4.2551e-03       8521         19 0.0000e+00
    189.782   16.53064 -107.10372    191.000    12.2422    12.2421    12.2171    34.7953    34.8036  1027.2385    26.3835 7.0322e-02      0.435  262.32026     0.1104    97.2775     0.0317     0.0328 4.3264e-03       8540         19 0.0000e+00
    190.775   16.53064 -107.10372    192.000    12.2082    12.2080    12.1829    34.7924    34.8008  1027.2474    26.3879 6.7767e-02      0.432  262.51042     0.1146    97.1754     0.0318     0.0328 4.2551e-03       8561         22 0.0000e+00
    191.768   16.53064 -107.10372    193.000    12.1889    12.1886    12.1635    34.7904    34.7988  1027.2542    26.3901 6.9352e-02      0.429  262.61860     0.1287    96.8332     0.0318     0.0329 4.2551e-03       8586         25 0.0000e+00
    192.761   16.53064 -107.10372    194.000    12.1737    12.1740    12.1482    34.7887    34.7972  1027.2603    26.3917 6.8683e-02      0.432  262.70449     0.1286    96.8349     0.0317     0.0330 4.2551e-03       8612         28 0.0000e+00
    193.754   16.53064 -107.10372    195.000    12.1578    12.1577    12.1323    34.7871    34.7956  1027.2666    26.3934 6.8713e-02      0.424  262.79337     0.1282    96.8462     0.0317     0.0329 4.2070e-03       8641         29 0.0000e+00
    194.748   16.53064 -107.10372    196.000    12.1554    12.1555    12.1297    34.7865    34.7949  1027.2710    26.3935 6.9009e-02      0.411  262.80781     0.1299    96.8047     0.0317     0.0327 3.9832e-03       8671         31 0.0000e+00
    195.741   16.53064 -107.10372    197.000    12.1544    12.1546    12.1285    34.7858    34.7943  1027.2752    26.3931 6.8158e-02      0.287  262.81463     0.1300    96.8025     0.0317     0.0326 3.7096e-03       8701         26 0.0000e+00
    196.734   16.53064 -107.10372    198.000    12.1536    12.1536    12.1276    34.7854    34.7940  1027.2795    26.3930 6.9518e-02      0.412  262.81976     0.1073    97.3559     0.0318     0.0326 3.7756e-03       8727         26 0.0000e+00
    197.727   16.53064 -107.10372    199.000    12.1524    12.1527    12.1263    34.7851    34.7937  1027.2839    26.3929 6.7951e-02      0.348  262.82649     0.0736    98.1772     0.0316     0.0327 3.0802e-03       8751         23 0.0000e+00
    198.720   16.53064 -107.10372    200.000    12.1514    12.1516    12.1251    34.7848    34.7934  1027.2884    26.3930 6.6753e-02      0.371  262.83262     0.0744    98.1555     0.0317     0.0326 3.3364e-03       8773         21 0.0000e+00
