data/ctd-cnv/SKQ1617/SKQ1617-St16-P2/skq201617s-035avg.cnv
* Sea-Bird SBE 9 Data File:
* FileName = D:\CTD\SKQ201617S\SKQ201617S-035.hex
* Software Version Seasave V 7.22.5
* Temperature SN = 5773
* Conductivity SN = 2251
* Number of Bytes Per Scan = 37
* Number of Voltage Words = 4
* Number of Scans Averaged by the Deck Unit = 1
* NMEA Latitude = 16 32.17 N
* NMEA Longitude = 107 04.14 W
* NMEA UTC (Time) = Jan 10 2017  08:29:02
* NMEA baud rate = 4800
** Ship: R/V Sikuliaq
** Station Number: 35
** Station Name: Station 16/P2
** Depth: 4011.86
** Operator:
# nquan = 20
# nvalues = 301                         
# units = specified
# name 0 = depSMignore: Depth [salt water, m]
# name 1 = latitude: Latitude [deg]
# name 2 = longitude: Longitude [deg]
# name 3 = prDM: Pressure, Digiquartz [db]
# name 4 = t090C: Temperature [ITS-90, deg C]
# name 5 = t190C: Temperature, 2 [ITS-90, deg C]
# name 6 = potemp090C: Potential Temperature [ITS-90, deg C]
# name 7 = sal00: Salinity, Practical [PSU]
# name 8 = sal11: Salinity, Practical, 2 [PSU]
# name 9 = density00: Density [density, kg/m^3]
# name 10 = sigma-t00: Density [sigma-t, kg/m^3 ]
# name 11 = flSP: Fluorescence, Seapoint
# name 12 = sbox0Mm/Kg: Oxygen, SBE 43 [umol/kg]
# name 13 = oxsolMm/Kg: Oxygen Saturation, Garcia & Gordon [umol/kg]
# name 14 = CStarAt0: Beam Attenuation, WET Labs C-Star [1/m]
# name 15 = CStarTr0: Beam Transmission, WET Labs C-Star [%]
# name 16 = par: PAR/Irradiance, Biospherical/Licor
# name 17 = scan: Scan Count
# name 18 = nbin: number of scans per bin
# name 19 = flag: flag
# span 0 =      2.981,    300.986       
# span 1 =   16.53616,   16.53616       
# span 2 = -107.06909, -107.06906       
# span 3 =      3.000,    303.000       
# span 4 =    10.8760,    28.7944       
# span 5 =    10.8766,    28.7946       
# span 6 =    10.8390,    28.7899       
# span 7 =    33.5654,    34.8166       
# span 8 =    33.5757,    34.8246       
# span 9 =  1021.0897,  1027.9267       
# span 10 =    21.0746,    26.5665      
# span 11 = 6.6599e-02, 1.8084e+00      
# span 12 =      0.158,    192.544      
# span 13 =  196.11470,  270.10088      
# span 14 =     0.0698,     0.2389      
# span 15 =    94.2032,    98.2700      
# span 16 = -5.769e-07, 2.7456e-01      
# span 17 =       -554,      12093      
# span 18 =          3,        226      
# span 19 = 0.0000e+00, 0.0000e+00      
# interval = decibars: 1                
# start_time = Jan 10 2017 08:29:02 [NMEA time, header]
# bad_flag = -9.990e-29
*END*
[from data line 73]
     75.536   16.53616 -107.06908     76.000    17.5403    17.5526    17.5275    34.6767    34.6859  1025.4705    25.1361 2.6755e-01      4.389  236.50611     0.1098    97.2941 1.5538e-02       5033         23 0.0000e+00
     76.530   16.53616 -107.06908     77.000    17.1886    17.1883    17.1758    34.7185    34.7269  1025.5923    25.2532 1.9133e-01      5.256  238.00598     0.0785    98.0566 1.5538e-02       5053         21 0.0000e+00
     77.524   16.53616 -107.06908     78.000    17.1213    17.1212    17.1084    34.7210    34.7293  1025.6148    25.2712 2.1279e-01      5.043  238.30503     0.0751    98.1394 1.5458e-02       5073         18 0.0000e+00
     78.517   16.53616 -107.06908     79.000    17.0653    17.0663    17.0523    34.7203    34.7300  1025.6321    25.2841 2.2580e-01      2.724  238.55955     0.0800    98.0201 1.5487e-02       5096         29 0.0000e+00
     79.511   16.53616 -107.06908     80.000    17.2520    17.2900    17.2387    34.6969    34.7080  1025.5737    25.2215 3.4479e-01      1.586  237.75545     0.0762    98.1140 1.5526e-02       5208        155 0.0000e+00
     80.505   16.53616 -107.06908     81.000    17.2144    17.4098    17.2010    34.6966    34.6883  1025.5869    25.2303 2.2750e-01      2.381  237.92529     0.0772    98.0885 1.5392e-02       5289         31 0.0000e+00
     81.498   16.53616 -107.06908     82.000    16.7027    16.6677    16.6894    34.7250    34.7426  1025.7348    25.3732 1.8423e-01      2.287  240.20603     0.0768    98.0986 1.5206e-02       5311         22 0.0000e+00
     82.492   16.53616 -107.06908     83.000    16.4116    16.4105    16.3982    34.7612    34.7702  1025.8355    25.4691 1.4078e-01      2.612  241.48640     0.0713    98.2334 1.5199e-02       5332         21 0.0000e+00
     83.486   16.53616 -107.06908     84.000    16.2464    16.2457    16.2330    34.7657    34.7751  1025.8818    25.5108 1.7103e-01      2.110  242.24661     0.0699    98.2673 1.5411e-02       5355         24 0.0000e+00
     84.479   16.53616 -107.06908     85.000    16.1209    16.1223    16.1074    34.7697    34.7771  1025.9184    25.5428 2.1419e-01      1.583  242.82615     0.0716    98.2254 1.5290e-02       5385         39 0.0000e+00
     85.473   16.53616 -107.06908     86.000    16.7153    16.7140    16.7013    34.7256    34.7393  1025.7498    25.3705 2.5475e-01      1.523  240.15120     0.0746    98.1532 1.4936e-02       5514        143 0.0000e+00
     86.467   16.53616 -107.06908     87.000    16.3755    16.3944    16.3616    34.7374    34.7328  1025.8432    25.4591 2.1024e-01      3.539  241.69367     0.0754    98.1322 1.4774e-02       5584         19 0.0000e+00
     87.460   16.53616 -107.06908     88.000    15.7431    15.7383    15.7294    34.7841    34.7923  1026.0292    25.6399 2.5444e-01      3.243  244.58297     0.0734    98.1833 1.4614e-02       5597         17 0.0000e+00
     88.454   16.53616 -107.06908     89.000    15.5582    15.5571    15.5444    34.7727    34.7796  1026.0668    25.6728 3.2643e-01      2.557  245.48355     0.0751    98.1397 1.4379e-02       5614         16 0.0000e+00
     89.448   16.53616 -107.06908     90.000    15.4456    15.4416    15.4318    34.7552    34.7619  1026.0831    25.6845 4.2391e-01      1.814  246.05219     0.0813    97.9877 1.4428e-02       5631         18 0.0000e+00
     90.442   16.53616 -107.06908     91.000    15.3366    15.3373    15.3227    34.7535    34.7616  1026.1107    25.7075 5.3638e-01      1.381  246.57926     0.0910    97.7510 1.4315e-02       5653         30 0.0000e+00
     91.435   16.53616 -107.06908     92.000    15.9516    15.9594    15.9371    34.7441    34.7535  1025.9686    25.5619 2.9357e-01      1.326  243.66168     0.0962    97.6254 1.4290e-02       5782         87 0.0000e+00
     92.429   16.53616 -107.06908     93.000    16.0939    16.2189    16.0792    34.7091    34.7136  1025.9128    25.5019 3.9298e-01      1.390  243.06203     0.1055    97.3982 1.4110e-02       5846         24 0.0000e+00
     93.422   16.53616 -107.06908     94.000    15.1252    15.1461    15.1110    34.7605    34.7634  1026.1764    25.7597 5.1521e-01      1.516  247.59106     0.1198    97.0501 1.4047e-02       5866         21 0.0000e+00
     94.416   16.53616 -107.06908     95.000    15.0801    15.0799    15.0657    34.7553    34.7644  1026.1869    25.7657 5.5426e-01      1.974  247.81859     0.0933    97.6954 1.4112e-02       5887         22 0.0000e+00
     95.410   16.53616 -107.06908     96.000    15.1136    15.0967    15.0990    34.7502    34.7616  1026.1800    25.7543 5.3755e-01      1.151  247.66487     0.1296    96.8133 1.4087e-02       5950        105 0.0000e+00
     96.403   16.53616 -107.06908     97.000    14.9769    14.9117    14.9624    34.7487    34.7607  1026.2133    25.7831 5.1345e-01      0.907  248.33491     0.1338    96.7113 1.3977e-02       6019         31 0.0000e+00
     97.397   16.53616 -107.06908     98.000    14.7246    14.7197    14.7100    34.7620    34.7709  1026.2835    25.8484 5.8124e-01      1.012  249.54920     0.1334    96.7202 1.3944e-02       6050         33 0.0000e+00
     98.390   16.53616 -107.06908     99.000    14.6284    14.6260    14.6138    34.7665    34.7785  1026.3124    25.8728 6.5686e-01      1.009  250.01567     0.1365    96.6461 1.3916e-02       6095         57 0.0000e+00
     99.384   16.53616 -107.06908    100.000    14.4700    14.4634    14.4553    34.7689    34.7772  1026.3530    25.9087 6.6838e-01      0.912  250.79808     0.1005    97.5189 1.3616e-02       6158         61 0.0000e+00
    100.378   16.53616 -107.06908    101.000    14.3107    14.3104    14.2960    34.7686    34.7759  1026.3916    25.9426 6.1865e-01      0.914  251.59359     0.0931    97.6989 1.3280e-02       6211         48 0.0000e+00
    101.371   16.53616 -107.06908    102.000    14.1699    14.1705    14.1552    34.7758    34.7833  1026.4317    25.9780 6.0023e-01      0.815  252.28787     0.1001    97.5280 1.3073e-02       6255         41 0.0000e+00
    102.365   16.53616 -107.06908    103.000    14.1007    14.1009    14.0858    34.7765    34.7846  1026.4515    25.9932 5.9269e-01      0.816  252.63570     0.1467    96.3992 1.2721e-02       6296         38 0.0000e+00
    103.358   16.53616 -107.06908    104.000    14.0827    14.0828    14.0677    34.7770    34.7850  1026.4601    25.9973 5.7620e-01      0.805  252.72562     0.1221    96.9935 1.2606e-02       6330         33 0.0000e+00
    104.352   16.53616 -107.06908    105.000    14.0493    14.0487    14.0342    34.7786    34.7872  1026.4729    26.0057 5.6395e-01      0.823  252.89126     0.1112    97.2586 1.2693e-02       6361         27 0.0000e+00
    105.345   16.53616 -107.06908    106.000    13.9914    13.9913    13.9761    34.7812    34.7895  1026.4916    26.0198 5.8259e-01      0.821  253.18019     0.1396    96.5703 1.2741e-02       6390         30 0.0000e+00
    106.339   16.53616 -107.06908    107.000    13.9153    13.9160    13.9000    34.7837    34.7903  1026.5141    26.0377 6.7246e-01      0.832  253.56193     0.1464    96.4064 1.2499e-02       6428         43 0.0000e+00
    107.333   16.53616 -107.06908    108.000    13.8015    13.8012    13.7862    34.7849    34.7924  1026.5433    26.0623 7.9629e-01      0.775  254.13913     0.1474    96.3824 1.2455e-02       6470         36 0.0000e+00
    108.326   16.53616 -107.06908    109.000    13.7418    13.7417    13.7263    34.7849    34.7930  1026.5604    26.0748 7.8233e-01      0.819  254.44438     0.1474    96.3827 1.2336e-02       6498         24 0.0000e+00
    109.320   16.53616 -107.06908    110.000    13.7126    13.7124    13.6970    34.7853    34.7932  1026.5713    26.0812 7.5396e-01      0.849  254.59313     0.1504    96.3101 1.2095e-02       6519         19 0.0000e+00
    110.313   16.53616 -107.06908    111.000    13.6862    13.6860    13.6705    34.7851    34.7927  1026.5810    26.0865 7.4435e-01      0.803  254.72871     0.1410    96.5358 1.1594e-02       6538         17 0.0000e+00
    111.307   16.53616 -107.06908    112.000    13.6458    13.6454    13.6300    34.7849    34.7928  1026.5938    26.0947 7.2198e-01      0.749  254.93636     0.1391    96.5824 1.1491e-02       6556         20 0.0000e+00
    112.300   16.53616 -107.06908    113.000    13.6288    13.6289    13.6128    34.7852    34.7930  1026.6020    26.0985 7.2821e-01      0.798  255.02325     0.1449    96.4428 1.1760e-02       6577         23 0.0000e+00
    113.294   16.53616 -107.06906    114.000    13.6220    13.6220    13.6059    34.7846    34.7927  1026.6074    26.0993 7.3236e-01      0.743  255.05922     0.1471    96.3881 1.1708e-02       6605         33 0.0000e+00
    114.287   16.53616 -107.06906    115.000    13.5959    13.5963    13.5797    34.7845    34.7924  1026.6172    26.1047 7.1803e-01      0.612  255.19348     0.1317    96.7624 1.1458e-02       6642         39 0.0000e+00
    115.281   16.53616 -107.06908    116.000    13.5577    13.5578    13.5414    34.7842    34.7923  1026.6294    26.1123 6.7155e-01      0.650  255.39058     0.1459    96.4181 1.1329e-02       6675         26 0.0000e+00
    116.274   16.53616 -107.06908    117.000    13.4971    13.4968    13.4807    34.7867    34.7946  1026.6483    26.1267 6.0786e-01      0.669  255.69877     0.1475    96.3799 1.1276e-02       6700         23 0.0000e+00
    117.268   16.53616 -107.06908    118.000    13.4100    13.4098    13.3935    34.7899    34.7976  1026.6733    26.1470 5.2561e-01      0.659  256.14367     0.1454    96.4298 1.1277e-02       6721         20 0.0000e+00
    118.262   16.53616 -107.06908    119.000    13.3473    13.3470    13.3307    34.7913    34.7990  1026.6918    26.1610 4.7522e-01      0.682  256.46657     0.1403    96.5528 1.1195e-02       6740         17 0.0000e+00
    119.255   16.53616 -107.06908    120.000    13.2896    13.2891    13.2730    34.7917    34.7994  1026.7084    26.1730 4.2857e-01      0.727  256.76538     0.1356    96.6659 1.1279e-02       6757         17 0.0000e+00
    120.249   16.53616 -107.06908    121.000    13.2305    13.2299    13.2138    34.7940    34.8014  1026.7267    26.1868 3.8133e-01      0.719  257.06907     0.1053    97.4021 1.1127e-02       6775         19 0.0000e+00
    121.242   16.53616 -107.06908    122.000    13.2013    13.2008    13.1844    34.7952    34.8029  1026.7381    26.1937 3.6662e-01      0.716  257.21970     0.1270    96.8757 1.1149e-02       6796         22 0.0000e+00
    122.236   16.53616 -107.06906    123.000    13.1810    13.1807    13.1640    34.7959    34.8023  1026.7472    26.1983 3.6632e-01      0.708  257.32439     0.1350    96.6804 1.0971e-02       6826         40 0.0000e+00
    123.229   16.53616 -107.06906    124.000    13.1657    13.1654    13.1486    34.7933    34.8010  1026.7528    26.1994 3.5229e-01      0.658  257.40889     0.1313    96.7726 1.0467e-02       6867         37 0.0000e+00
    124.222   16.53616 -107.06908    125.000    13.1317    13.1315    13.1144    34.7926    34.8005  1026.7637    26.2057 3.1129e-01      0.700  257.58841     0.0898    97.7793 1.0234e-02       6896         23 0.0000e+00
    125.216   16.53616 -107.06908    126.000    13.1008    13.1003    13.0835    34.7921    34.8002  1026.7741    26.2115 2.8834e-01      0.621  257.75072     0.0860    97.8738 1.0218e-02       6917         20 0.0000e+00
    126.210   16.53616 -107.06908    127.000    13.0751    13.0758    13.0576    34.7932    34.8010  1026.7846    26.2176 2.7449e-01      0.554  257.88376     0.0856    97.8821 1.0257e-02       6937         18 0.0000e+00
    127.203   16.53616 -107.06908    128.000    13.0449    13.0445    13.0273    34.7957    34.8038  1026.7972    26.2256 2.5206e-01      0.599  258.03795     0.0866    97.8591 1.0054e-02       6958         22 0.0000e+00
    128.196   16.53616 -107.06908    129.000    13.0177    13.0182    13.0001    34.7972    34.8050  1026.8082    26.2322 2.3220e-01      0.538  258.17784     0.0858    97.8783 1.0053e-02       6984         30 0.0000e+00
    129.190   16.53616 -107.06908    130.000    12.9820    12.9823    12.9642    34.7944    34.8026  1026.8179    26.2373 2.1703e-01      0.589  258.37091     0.0837    97.9284 9.8616e-03       7012         25 0.0000e+00
    130.183   16.53616 -107.06908    131.000    12.9542    12.9534    12.9363    34.7933    34.8013  1026.8271    26.2420 2.0173e-01      0.582  258.51932     0.0840    97.9209 9.8649e-03       7037         22 0.0000e+00
    131.177   16.53616 -107.06908    132.000    12.9489    12.9488    12.9309    34.7928    34.8007  1026.8322    26.2425 1.9805e-01      0.622  258.54807     0.0836    97.9312 9.7884e-03       7057         19 0.0000e+00
    132.170   16.53616 -107.06908    133.000    12.9346    12.9368    12.9164    34.7924    34.8003  1026.8393    26.2452 1.9006e-01      0.604  258.62428     0.0839    97.9241 9.8650e-03       7075         18 0.0000e+00
    133.163   16.53616 -107.06908    134.000    12.9116    12.9144    12.8933    34.7945    34.8021  1026.8500    26.2514 1.7904e-01      0.547  258.74206     0.1003    97.5246 9.7983e-03       7096         21 0.0000e+00
    134.157   16.53616 -107.06907    135.000    12.9034    12.9040    12.8850    34.7932    34.8014  1026.8551    26.2520 1.8164e-01      0.532  258.78748     0.1370    96.6326 9.7161e-03       7121         28 0.0000e+00
    135.151   16.53616 -107.06906    136.000    12.8683    12.8692    12.8498    34.7954    34.8035  1026.8683    26.2607 1.6414e-01      0.565  258.96925     0.1376    96.6178 9.5153e-03       7151         32 0.0000e+00
    136.144   16.53616 -107.06906    137.000    12.8039    12.8034    12.7853    34.7991    34.8072  1026.8887    26.2764 1.3325e-01      0.546  259.30319     0.1366    96.6438 9.4639e-03       7181         28 0.0000e+00
    137.137   16.53616 -107.06906    138.000    12.7878    12.7879    12.7691    34.8012    34.8092  1026.8980    26.2812 1.2110e-01      0.569  259.38482     0.1362    96.6523 9.2380e-03       7209         29 0.0000e+00
    138.131   16.53616 -107.06907    139.000    12.7876    12.7871    12.7688    34.8023    34.8104  1026.9033    26.2821 1.1483e-01      0.552  259.38375     0.1363    96.6491 8.8567e-03       7239         28 0.0000e+00
    139.124   16.53616 -107.06908    140.000    12.7866    12.7866    12.7676    34.8024    34.8103  1026.9080    26.2824 1.1126e-01      0.556  259.38902     0.1353    96.6749 8.8506e-03       7266         25 0.0000e+00
    140.118   16.53616 -107.06908    141.000    12.7654    12.7650    12.7463    34.8057    34.8139  1026.9194    26.2892 9.9431e-02      0.541  259.49560     0.1340    96.7050 8.5945e-03       7288         21 0.0000e+00
    141.111   16.53616 -107.06908    142.000    12.7486    12.7485    12.7294    34.8086    34.8165  1026.9294    26.2947 9.2106e-02      0.547  259.57944     0.1340    96.7053 8.5415e-03       7306         17 0.0000e+00
    142.104   16.53616 -107.06908    143.000    12.7405    12.7404    12.7212    34.8099    34.8180  1026.9365    26.2974 8.9320e-02      0.503  259.62011     0.1333    96.7215 8.4602e-03       7323         17 0.0000e+00
    143.098   16.53616 -107.06908    144.000    12.7382    12.7381    12.7187    34.8105    34.8187  1026.9419    26.2983 8.7967e-02      0.497  259.63123     0.1331    96.7281 8.4565e-03       7340         17 0.0000e+00
    144.091   16.53616 -107.06908    145.000    12.7342    12.7341    12.7146    34.8108    34.8188  1026.9474    26.2993 8.7199e-02      0.506  259.65190     0.1346    96.6902 8.4565e-03       7359         20 0.0000e+00
    145.085   16.53616 -107.06907    146.000    12.7288    12.7289    12.7091    34.8113    34.8193  1026.9533    26.3007 8.5969e-02      0.533  259.67966     0.1330    96.7301 8.4101e-03       7384         30 0.0000e+00
