data/ctd-cnv/SKQ1617/SKQ1617-St16-P2/skq201617s-040avg.cnv
* Sea-Bird SBE 9 Data File:
* FileName = D:\CTD\SKQ201617S\SKQ201617S-040.hex
* Software Version Seasave V 7.22.5
* Temperature SN = 5773
* Conductivity SN = 2251
* Number of Bytes Per Scan = 37
* Number of Voltage Words = 4
* Number of Scans Averaged by the Deck Unit = 1
* NMEA Latitude = 16 34.66 N
* NMEA Longitude = 106 58.43 W
* NMEA UTC (Time) = Jan 12 2017  05:05:22
* NMEA baud rate = 4800
** Ship: R/V Sikuliaq
** Station Number: 40
** Station Name: Station 16/P2
** Depth: 3143
** Operator: RML
# nquan = 20
# nvalues = 502                         
# units = specified
# name 0 = depSMignore: Depth [salt water, m]
# name 1 = latitude: Latitude [deg]
# name 2 = longitude: Longitude [deg]
# name 3 = prDM: Pressure, Digiquartz [db]
# name 4 = t090C: Temperature [ITS-90, deg C]
# name 5 = t190C: Temperature, 2 [ITS-90, deg C]
# name 6 = potemp090C: Potential Temperature [ITS-90, deg C]
# name 7 = sal00: Salinity, Practical [PSU]
# name 8 = sal11: Salinity, Practical, 2 [PSU]
# name 9 = density00: Density [density, kg/m^3]
# name 10 = sigma-t00: Density [sigma-t, kg/m^3 ]
# name 11 = flSP: Fluorescence, Seapoint
# name 12 = sbox0Mm/Kg: Oxygen, SBE 43 [umol/kg]
# name 13 = oxsolMm/Kg: Oxygen Saturation, Garcia & Gordon [umol/kg]
# name 14 = CStarAt0: Beam Attenuation, WET Labs C-Star [1/m]
# name 15 = CStarTr0: Beam Transmission, WET Labs C-Star [%]
# name 16 = par: PAR/Irradiance, Biospherical/Licor
# name 17 = scan: Scan Count
# name 18 = nbin: number of scans per bin
# name 19 = flag: flag
# span 0 =      2.982,    500.406       
# span 1 =   16.57774,   16.57774       
# span 2 = -106.97380, -106.97380       
# span 3 =      3.000,    504.000       
# span 4 =     8.5555,    28.8540       
# span 5 =     8.5547,    28.8519       
# span 6 =     8.5018,    28.8532       
# span 7 =    33.5727,    34.8120       
# span 8 =    33.5827,    34.8198       
# span 9 =  1021.0542,  1029.1479       
# span 10 =    21.0414,    26.8656      
# span 11 = 6.6091e-02, 2.2825e+00      
# span 12 =      0.025,    193.597      
# span 13 =  195.95204,  284.25162      
# span 14 =     0.0659,     0.2478      
# span 15 =    93.9939,    98.3655      
# span 16 = -1.389e-07, 6.1332e-01      
# span 17 =       -161,      19280      
# span 18 =         16,       1026      
# span 19 = 0.0000e+00, 0.0000e+00      
# interval = decibars: 1                
# start_time = Jan 12 2017 05:05:22 [NMEA time, header]
# bad_flag = -9.990e-29
*END*
[from data line 435]
    434.946   16.57774 -106.97380    438.000     9.4440     9.4443     9.3945    34.6238    34.6312  1028.7301    26.7514 7.1278e-02      0.157  278.68916     0.0677    98.3213 1.0000e-12      14219         23 0.0000e+00
    435.938   16.57774 -106.97380    439.000     9.4318     9.4321     9.3823    34.6228    34.6300  1028.7359    26.7526 7.0743e-02      0.184  278.76498     0.0673    98.3303 1.0000e-12      14242         22 0.0000e+00
    436.930   16.57774 -106.97380    440.000     9.4198     9.4203     9.3702    34.6220    34.6293  1028.7419    26.7540 7.2424e-02      0.087  278.83933     0.0671    98.3370 1.0000e-12      14262         22 0.0000e+00
    437.922   16.57774 -106.97380    441.000     9.4047     9.4042     9.3551    34.6208    34.6279  1028.7480    26.7555 7.1153e-02      0.106  278.93322     0.0670    98.3394 1.0000e-12      14283         19 0.0000e+00
    438.914   16.57774 -106.97380    442.000     9.3606     9.3601     9.3110    34.6194    34.6265  1028.7591    26.7617 7.1245e-02      0.189  279.20392     0.0673    98.3329 1.0000e-12      14303         20 0.0000e+00
    439.906   16.57774 -106.97380    443.000     9.3433     9.3435     9.2936    34.6188    34.6259  1028.7661    26.7640 7.3246e-02      0.101  279.31073     0.0670    98.3380 1.0000e-12      14322         19 0.0000e+00
    440.898   16.57774 -106.97380    444.000     9.3339     9.3340     9.2841    34.6183    34.6257  1028.7719    26.7652 7.2485e-02      0.123  279.36882     0.0668    98.3449 1.0000e-12      14341         19 0.0000e+00
    441.890   16.57774 -106.97380    445.000     9.3331     9.3334     9.2833    34.6179    34.6252  1028.7762    26.7650 7.2735e-02      0.194  279.37431     0.0670    98.3382 1.0000e-12      14361         21 0.0000e+00
    442.882   16.57774 -106.97380    446.000     9.3311     9.3313     9.2811    34.6173    34.6245  1028.7805    26.7649 7.1673e-02      0.114  279.38795     0.0670    98.3383 1.0000e-12      14383         23 0.0000e+00
    443.874   16.57774 -106.97380    447.000     9.3259     9.3261     9.2758    34.6168    34.6241  1028.7855    26.7653 7.1918e-02      0.090  279.42043     0.0670    98.3394 1.0000e-12      14410         30 0.0000e+00
    444.865   16.57774 -106.97380    448.000     9.3183     9.3181     9.2681    34.6162    34.6236  1028.7909    26.7661 7.2535e-02      0.085  279.46783     0.0670    98.3403 1.0000e-12      14440         30 0.0000e+00
    445.857   16.57774 -106.97380    449.000     9.3078     9.3074     9.2575    34.6158    34.6231  1028.7969    26.7675 6.9983e-02      0.141  279.53286     0.0670    98.3394 1.0000e-12      14469         28 0.0000e+00
    446.849   16.57774 -106.97380    450.000     9.3002     9.3004     9.2499    34.6153    34.6227  1028.8023    26.7684 7.1570e-02      0.094  279.57984     0.0673    98.3309 1.0000e-12      14497         28 0.0000e+00
    447.841   16.57774 -106.97380    451.000     9.2950     9.2955     9.2446    34.6150    34.6222  1028.8074    26.7689 7.1012e-02      0.207  279.61240     0.0671    98.3377 1.0000e-12      14526         31 0.0000e+00
    448.833   16.57774 -106.97380    452.000     9.2862     9.2863     9.2356    34.6143    34.6217  1028.8130    26.7699 7.3024e-02      0.064  279.66767     0.0666    98.3489 1.0000e-12      14556         28 0.0000e+00
    449.825   16.57774 -106.97380    453.000     9.2739     9.2742     9.2233    34.6141    34.6214  1028.8194    26.7717 7.1106e-02      0.157  279.74280     0.0669    98.3412 1.0000e-12      14583         26 0.0000e+00
    450.817   16.57774 -106.97380    454.000     9.2705     9.2704     9.2198    34.6134    34.6207  1028.8239    26.7717 7.2312e-02      0.145  279.76507     0.0670    98.3394 1.0000e-12      14607         23 0.0000e+00
    451.809   16.57774 -106.97380    455.000     9.2395     9.2391     9.1888    34.6122    34.6196  1028.8328    26.7758 7.1787e-02      0.182  279.95660     0.0671    98.3381 1.0000e-12      14629         20 0.0000e+00
    452.801   16.57774 -106.97380    456.000     9.2115     9.2114     9.1608    34.6123    34.6196  1028.8422    26.7804 7.1715e-02      0.174  280.12772     0.0668    98.3437 1.0000e-12      14649         19 0.0000e+00
    453.793   16.57774 -106.97380    457.000     9.2040     9.2043     9.1531    34.6119    34.6192  1028.8477    26.7813 7.0545e-02      0.103  280.17499     0.0670    98.3393 1.0000e-12      14667         19 0.0000e+00
    454.785   16.57774 -106.97380    458.000     9.1977     9.1981     9.1468    34.6112    34.6185  1028.8527    26.7818 6.9804e-02      0.105  280.21430     0.0669    98.3408 1.0000e-12      14685         18 0.0000e+00
    455.776   16.57774 -106.97380    459.000     9.1884     9.1886     9.1373    34.6108    34.6182  1028.8585    26.7830 7.1921e-02      0.123  280.27276     0.0670    98.3394 1.0000e-12      14704         19 0.0000e+00
    456.768   16.57774 -106.97380    460.000     9.1737     9.1737     9.1226    34.6108    34.6182  1028.8655    26.7854 7.1928e-02      0.148  280.36246     0.0669    98.3406 1.0000e-12      14725         22 0.0000e+00
    457.760   16.57774 -106.97380    461.000     9.1539     9.1540     9.1028    34.6108    34.6183  1028.8734    26.7886 7.1197e-02      0.139  280.48371     0.0669    98.3411 1.0000e-12      14751         30 0.0000e+00
    458.752   16.57774 -106.97380    462.000     9.1401     9.1402     9.0889    34.6102    34.6176  1028.8798    26.7903 7.2292e-02      0.091  280.56979     0.0666    98.3499 1.0000e-12      14782         30 0.0000e+00
    459.744   16.57774 -106.97380    463.000     9.1259     9.1263     9.0747    34.6096    34.6170  1028.8862    26.7922 7.1473e-02      0.106  280.65818     0.0668    98.3451 1.0000e-12      14811         27 0.0000e+00
    460.736   16.57774 -106.97380    464.000     9.1087     9.1089     9.0574    34.6090    34.6164  1028.8932    26.7945 7.1345e-02      0.202  280.76482     0.0664    98.3544 1.0000e-12      14836         23 0.0000e+00
    461.728   16.57774 -106.97380    465.000     9.1009     9.1011     9.0495    34.6091    34.6165  1028.8992    26.7958 7.1983e-02      0.134  280.81276     0.0671    98.3372 1.0000e-12      14858         23 0.0000e+00
    462.719   16.57774 -106.97380    466.000     9.0853     9.0853     9.0339    34.6092    34.6167  1028.9064    26.7984 7.1833e-02      0.156  280.90839     0.0671    98.3371 1.0000e-12      14880         23 0.0000e+00
    463.711   16.57774 -106.97380    467.000     9.0758     9.0753     9.0242    34.6097    34.6171  1028.9129    26.8003 7.2943e-02      0.103  280.96621     0.0672    98.3344 1.0000e-12      14905         26 0.0000e+00
    464.703   16.57774 -106.97380    468.000     9.0624     9.0627     9.0108    34.6097    34.6170  1028.9197    26.8025 7.0208e-02      0.156  281.04874     0.0670    98.3403 1.0000e-12      14936         33 0.0000e+00
    465.695   16.57774 -106.97380    469.000     9.0576     9.0579     9.0059    34.6094    34.6169  1028.9247    26.8030 7.1396e-02      0.159  281.07861     0.0671    98.3377 1.0000e-12      14969         31 0.0000e+00
    466.687   16.57774 -106.97380    470.000     9.0533     9.0537     9.0015    34.6095    34.6169  1028.9301    26.8038 7.2673e-02      0.164  281.10467     0.0669    98.3427 1.0000e-12      14996         24 0.0000e+00
    467.679   16.57774 -106.97380    471.000     9.0344     9.0343     8.9825    34.6085    34.6157  1028.9370    26.8060 7.1926e-02      0.160  281.22371     0.0672    98.3346 1.0000e-12      15019         22 0.0000e+00
    468.671   16.57774 -106.97380    472.000     9.0159     9.0162     8.9641    34.6090    34.6162  1028.9450    26.8094 7.3063e-02      0.177  281.33623     0.0661    98.3600 1.0000e-12      15039         20 0.0000e+00
    469.662   16.57774 -106.97380    473.000     9.0062     9.0060     8.9542    34.6079    34.6154  1028.9503    26.8101 7.1998e-02      0.138  281.39864     0.0668    98.3449 1.0000e-12      15059         20 0.0000e+00
    470.654   16.57774 -106.97380    474.000     8.9657     8.9654     8.9137    34.6063    34.6132  1028.9604    26.8153 7.0025e-02      0.104  281.65217     0.0669    98.3423 1.0000e-12      15078         18 0.0000e+00
    471.646   16.57774 -106.97380    475.000     8.9266     8.9267     8.8747    34.6058    34.6131  1028.9712    26.8212 7.0217e-02      0.175  281.89462     0.0668    98.3438 1.0000e-12      15097         18 0.0000e+00
    472.638   16.57774 -106.97380    476.000     8.9041     8.9040     8.8522    34.6054    34.6125  1028.9792    26.8245 7.2427e-02      0.163  282.03474     0.0670    98.3383 1.0000e-12      15118         23 0.0000e+00
    473.630   16.57774 -106.97380    477.000     8.8868     8.8869     8.8348    34.6050    34.6123  1028.9863    26.8269 7.2966e-02      0.175  282.14320     0.0666    98.3492 1.0000e-12      15142         26 0.0000e+00
    474.621   16.57774 -106.97380    478.000     8.8759     8.8759     8.8238    34.6041    34.6113  1028.9919    26.8279 7.1595e-02      0.164  282.21256     0.0663    98.3563 1.0000e-12      15171         31 0.0000e+00
    475.613   16.57774 -106.97380    479.000     8.8703     8.8704     8.8182    34.6034    34.6106  1028.9967    26.8282 7.3193e-02      0.156  282.24858     0.0669    98.3410 1.0000e-12      15199         26 0.0000e+00
    476.605   16.57774 -106.97380    480.000     8.8659     8.8659     8.8136    34.6024    34.6097  1029.0012    26.8282 7.1174e-02      0.132  282.27806     0.0673    98.3319 1.0000e-12      15224         21 0.0000e+00
    477.597   16.57774 -106.97380    481.000     8.8622     8.8625     8.8099    34.6019    34.6092  1029.0060    26.8284 7.2560e-02      0.141  282.30181     0.0675    98.3267 1.0000e-12      15248         25 0.0000e+00
    478.588   16.57774 -106.97380    482.000     8.8592     8.8598     8.8067    34.6013    34.6088  1029.0105    26.8283 7.1686e-02      0.130  282.32213     0.0670    98.3404 1.0000e-12      15274         28 0.0000e+00
    479.580   16.57774 -106.97380    483.000     8.8498     8.8505     8.7973    34.6003    34.6076  1029.0158    26.8291 7.1690e-02      0.156  282.38193     0.0668    98.3441 1.0000e-12      15302         28 0.0000e+00
    480.572   16.57774 -106.97380    484.000     8.8315     8.8321     8.7790    34.5999    34.6072  1029.0231    26.8316 7.1424e-02      0.094  282.49657     0.0666    98.3493 1.0000e-12      15328         24 0.0000e+00
    481.564   16.57774 -106.97380    485.000     8.8198     8.8199     8.7671    34.5991    34.6064  1029.0289    26.8329 7.1763e-02      0.174  282.57144     0.0669    98.3429 1.0000e-12      15351         22 0.0000e+00
    482.556   16.57774 -106.97380    486.000     8.8053     8.8055     8.7526    34.5992    34.6065  1029.0359    26.8352 7.2418e-02      0.176  282.66122     0.0666    98.3488 1.0000e-12      15372         22 0.0000e+00
    483.547   16.57774 -106.97380    487.000     8.8031     8.8033     8.7503    34.5988    34.6060  1029.0405    26.8353 7.0842e-02      0.141  282.67558     0.0660    98.3620 1.0000e-12      15395         24 0.0000e+00
    484.539   16.57774 -106.97380    488.000     8.7754     8.7751     8.7226    34.5966    34.6040  1029.0480    26.8379 7.2048e-02      0.157  282.85268     0.0663    98.3568 1.0000e-12      15421         27 0.0000e+00
    485.531   16.57774 -106.97380    489.000     8.7513     8.7516     8.6985    34.5965    34.6039  1029.0564    26.8417 7.1866e-02      0.171  283.00271     0.0664    98.3537 1.0000e-12      15450         29 0.0000e+00
    486.522   16.57774 -106.97380    490.000     8.7421     8.7425     8.6892    34.5963    34.6037  1029.0623    26.8429 7.2903e-02      0.141  283.06068     0.0665    98.3507 1.0000e-12      15479         30 0.0000e+00
    487.514   16.57774 -106.97380    491.000     8.7360     8.7359     8.6829    34.5954    34.6029  1029.0672    26.8432 7.1196e-02      0.126  283.10096     0.0664    98.3544 1.0000e-12      15506         26 0.0000e+00
    488.506   16.57774 -106.97380    492.000     8.7169     8.7172     8.6638    34.5952    34.6025  1029.0746    26.8460 7.1147e-02      0.144  283.22048     0.0666    98.3477 1.0000e-12      15531         26 0.0000e+00
    489.498   16.57774 -106.97380    493.000     8.7097     8.7100     8.6565    34.5951    34.6025  1029.0803    26.8471 7.1768e-02      0.109  283.26571     0.0666    98.3483 1.0000e-12      15562         35 0.0000e+00
    490.489   16.57774 -106.97380    494.000     8.6977     8.7002     8.6445    34.5955    34.6031  1029.0871    26.8493 7.2170e-02      0.178  283.33984     0.0662    98.3592 1.0000e-12      15610         57 0.0000e+00
    491.481   16.57774 -106.97380    495.000     8.6534     8.6512     8.6002    34.5963    34.6031  1029.0997    26.8569 7.1728e-02      0.155  283.61506     0.0665    98.3517 1.0000e-12      15665         59 0.0000e+00
    492.473   16.57774 -106.97380    496.000     8.6920     8.6929     8.6386    34.5919    34.5993  1029.0943    26.8474 7.2055e-02      0.141  283.38267     0.0661    98.3611 1.0000e-12      15897        344 0.0000e+00
    493.465   16.57774 -106.97380    497.000     8.6301     8.6304     8.5768    34.5908    34.5983  1029.1082    26.8562 7.1781e-02      0.151  283.77228     0.0660    98.3638 1.0000e-12      16059         54 0.0000e+00
    494.456   16.57774 -106.97380    498.000     8.6296     8.6309     8.5762    34.5900    34.5975  1029.1122    26.8556 7.1157e-02      0.119  283.77739     0.0660    98.3625 1.0000e-12      16169        113 0.0000e+00
    495.448   16.57774 -106.97380    499.000     8.6145     8.6147     8.5611    34.5900    34.5976  1029.1193    26.8580 7.1918e-02      0.117  283.87159     0.0660    98.3641 1.0000e-12      16235         59 0.0000e+00
    496.440   16.57774 -106.97380    500.000     8.5816     8.5806     8.5281    34.5913    34.5986  1029.1302    26.8641 7.2941e-02      0.177  284.07578     0.0659    98.3655 1.0000e-12      16304         64 0.0000e+00
    497.431   16.57774 -106.97380    501.000     8.5672     8.5674     8.5137    34.5891    34.5967  1029.1354    26.8647 7.2332e-02      0.135  284.17050     0.0660    98.3627 1.0000e-12      16362         55 0.0000e+00
    498.423   16.57774 -106.97380    502.000     8.5622     8.5626     8.5086    34.5888    34.5962  1029.1405    26.8652 7.2059e-02      0.085  284.20277     0.0661    98.3612 1.0000e-12      16415         49 0.0000e+00
    499.415   16.57774 -106.97380    503.000     8.5583     8.5586     8.5046    34.5885    34.5961  1029.1454    26.8656 7.3065e-02      0.114  284.22762     0.0659    98.3654 1.0000e-12      16458         41 0.0000e+00
    500.406   16.57774 -106.97380    504.000     8.5555     8.5547     8.5018    34.5853    34.5929  1029.1479    26.8635 7.3087e-02      0.025  284.25162     0.0667    98.3461 1.0000e-12      19280       1026 0.0000e+00
