data/ctd-cnv/SKQ1617/SKQ1617-St16-P2/skq201617s-036avg.cnv
* Sea-Bird SBE 9 Data File:
* FileName = D:\CTD\SKQ201617S\SKQ201617S-036.hex
* Software Version Seasave V 7.22.5
* Temperature SN = 5773
* Conductivity SN = 2251
* Number of Bytes Per Scan = 37
* Number of Voltage Words = 4
* Number of Scans Averaged by the Deck Unit = 1
* NMEA Latitude = 16 32.43 N
* NMEA Longitude = 107 03.93 W
* NMEA UTC (Time) = Jan 10 2017  14:01:04
* NMEA baud rate = 4800
** Ship: R/V Sikuliaq
** Station Number: 36
** Station Name: Station 16/P2
** Depth: 4017
** Operator: CF
# nquan = 20
# nvalues = 503                         
# units = specified
# name 0 = depSM: Depth [salt water, m]
# name 1 = latitude: Latitude [deg]
# name 2 = longitude: Longitude [deg]
# name 3 = prDM: Pressure, Digiquartz [db]
# name 4 = t090C: Temperature [ITS-90, deg C]
# name 5 = t190C: Temperature, 2 [ITS-90, deg C]
# name 6 = potemp090C: Potential Temperature [ITS-90, deg C]
# name 7 = sal00: Salinity, Practical [PSU]
# name 8 = sal11: Salinity, Practical, 2 [PSU]
# name 9 = density00: Density [density, kg/m^3]
# name 10 = sigma-t00: Density [sigma-t, kg/m^3 ]
# name 11 = flSP: Fluorescence, Seapoint
# name 12 = sbox0Mm/Kg: Oxygen, SBE 43 [umol/kg]
# name 13 = oxsolMm/Kg: Oxygen Saturation, Garcia & Gordon [umol/kg]
# name 14 = CStarAt0: Beam Attenuation, WET Labs C-Star [1/m]
# name 15 = CStarTr0: Beam Transmission, WET Labs C-Star [%]
# name 16 = par: PAR/Irradiance, Biospherical/Licor
# name 17 = scan: Scan Count
# name 18 = nbin: number of scans per bin
# name 19 = flag: flag
# span 0 =      2.982,    501.399       
# span 1 =   16.54058,   16.54058       
# span 2 = -107.06558, -107.06556       
# span 3 =      3.000,    505.000       
# span 4 =     8.4428,    28.8320       
# span 5 =     8.4422,    28.8319       
# span 6 =     8.3895,    28.8254       
# span 7 =    33.6028,    34.8122       
# span 8 =    33.6130,    34.8203       
# span 9 =  1021.0868,  1029.1669       
# span 10 =    21.0723,    26.8821      
# span 11 = 6.5939e-02, 1.6851e+00      
# span 12 =     -0.150,    191.594      
# span 13 =  195.98134,  284.95915      
# span 14 =     0.0668,     0.2407      
# span 15 =    94.1597,    98.3433      
# span 16 = -8.569e-08, 1.2655e+02      
# span 17 =        187,      20711      
# span 18 =          1,       1304      
# span 19 = 0.0000e+00, 0.0000e+00      
# interval = decibars: 1                
# start_time = Jan 10 2017 14:01:04 [NMEA time, header]
# bad_flag = -9.990e-29
*END*
[from data line 435]
    434.947   16.54058 -107.06558    438.000     9.1573     9.1578     9.1088    34.6091    34.6165  1028.7679    26.7867 7.3842e-02      0.121  280.46669     0.0671    98.3355 1.0000e-12      14977         26 0.0000e+00
    435.939   16.54058 -107.06558    439.000     9.1493     9.1495     9.1007    34.6084    34.6159  1028.7733    26.7874 7.1972e-02      0.139  280.51743     0.0673    98.3315 1.0000e-12      15000         20 0.0000e+00
    436.931   16.54058 -107.06558    440.000     9.1379     9.1382     9.0892    34.6077    34.6153  1028.7792    26.7887 7.3824e-02      0.183  280.58837     0.0675    98.3257 1.0000e-12      15019         19 0.0000e+00
    437.923   16.54058 -107.06558    441.000     9.1144     9.1144     9.0657    34.6072    34.6147  1028.7873    26.7921 7.3946e-02      0.114  280.73387     0.0671    98.3361 1.0000e-12      15036         16 0.0000e+00
    438.915   16.54058 -107.06558    442.000     9.0973     9.0972     9.0485    34.6063    34.6139  1028.7940    26.7942 7.1851e-02      0.145  280.84101     0.0678    98.3177 1.0000e-12      15053         18 0.0000e+00
    439.907   16.54058 -107.06558    443.000     9.0827     9.0828     9.0339    34.6060    34.6136  1028.8007    26.7963 7.4045e-02      0.186  280.93115     0.0692    98.2852 1.0000e-12      15070         17 0.0000e+00
    440.899   16.54058 -107.06558    444.000     9.0708     9.0711     9.0219    34.6052    34.6128  1028.8067    26.7976 7.2613e-02      0.165  281.00576     0.0690    98.2894 1.0000e-12      15089         21 0.0000e+00
    441.891   16.54058 -107.06558    445.000     9.0622     9.0612     9.0132    34.6047    34.6126  1028.8122    26.7986 7.1362e-02      0.126  281.05983     0.0680    98.3141 1.0000e-12      15119         42 0.0000e+00
    442.883   16.54058 -107.06558    446.000     9.0306     9.0207     8.9816    34.6029    34.6099  1028.8207    26.8023 7.0866e-02      0.143  281.25862     0.0671    98.3378 1.0000e-12      15169         42 0.0000e+00
    443.875   16.54058 -107.06558    447.000     8.9642     8.9647     8.9153    34.6016    34.6090  1028.8354    26.8119 7.1680e-02      0.116  281.67060     0.0671    98.3360 1.0000e-12      15198         23 0.0000e+00
    444.866   16.54058 -107.06558    448.000     8.9501     8.9496     8.9012    34.6010    34.6085  1028.8418    26.8137 7.3013e-02      0.203  281.75920     0.0679    98.3152 1.0000e-12      15217         17 0.0000e+00
    445.858   16.54058 -107.06558    449.000     8.9410     8.9410     8.8920    34.6007    34.6082  1028.8476    26.8149 7.4332e-02      0.128  281.81612     0.0674    98.3284 1.0000e-12      15233         14 0.0000e+00
    446.850   16.54058 -107.06558    450.000     8.9405     8.9407     8.8914    34.6003    34.6078  1028.8519    26.8146 7.4406e-02      0.137  281.81990     0.0670    98.3396 1.0000e-12      15248         16 0.0000e+00
    447.842   16.54058 -107.06558    451.000     8.9402     8.9404     8.8910    34.5999    34.6074  1028.8561    26.8143 7.0542e-02      0.167  281.82246     0.0671    98.3378 1.0000e-12      15263         16 0.0000e+00
    448.834   16.54058 -107.06558    452.000     8.9378     8.9381     8.8884    34.5993    34.6070  1028.8606    26.8143 7.2839e-02      0.184  281.83885     0.0678    98.3189 1.0000e-12      15281         20 0.0000e+00
    449.826   16.54058 -107.06558    453.000     8.9370     8.9372     8.8876    34.5989    34.6064  1028.8649    26.8141 7.2561e-02      0.077  281.84429     0.0672    98.3347 1.0000e-12      15306         31 0.0000e+00
    450.818   16.54058 -107.06558    454.000     8.9355     8.9356     8.8859    34.5983    34.6060  1028.8692    26.8139 7.2637e-02      0.153  281.85542     0.0682    98.3093 1.0000e-12      15346         47 0.0000e+00
    451.810   16.54058 -107.06558    455.000     8.9296     8.9299     8.8799    34.5978    34.6055  1028.8743    26.8144 7.3400e-02      0.137  281.89299     0.0671    98.3381 1.0000e-12      15389         33 0.0000e+00
    452.802   16.54058 -107.06558    456.000     8.9213     8.9213     8.8715    34.5976    34.6051  1028.8800    26.8155 7.2447e-02      0.063  281.94456     0.0671    98.3360 1.0000e-12      15416         23 0.0000e+00
    453.794   16.54058 -107.06558    457.000     8.9119     8.9123     8.8621    34.5973    34.6048  1028.8859    26.8168 7.1744e-02      0.187  282.00298     0.0672    98.3348 1.0000e-12      15435         17 0.0000e+00
    454.786   16.54058 -107.06558    458.000     8.8906     8.8906     8.8407    34.5967    34.6041  1028.8935    26.8197 7.3515e-02      0.231  282.13680     0.0671    98.3378 1.0000e-12      15452         16 0.0000e+00
    455.777   16.54058 -107.06558    459.000     8.8665     8.8662     8.8166    34.5963    34.6039  1028.9018    26.8233 7.2431e-02      0.162  282.28678     0.0670    98.3394 1.0000e-12      15467         17 0.0000e+00
    456.769   16.54058 -107.06558    460.000     8.8516     8.8516     8.8016    34.5962    34.6038  1028.9087    26.8256 7.1920e-02      0.151  282.37983     0.0670    98.3394 1.0000e-12      15483         16 0.0000e+00
    457.761   16.54058 -107.06558    461.000     8.8467     8.8468     8.7966    34.5956    34.6031  1028.9136    26.8259 7.4928e-02      0.166  282.41115     0.0676    98.3236 1.0000e-12      15503         21 0.0000e+00
    458.753   16.54058 -107.06558    462.000     8.8347     8.8344     8.7846    34.5947    34.6022  1028.9193    26.8270 7.2165e-02      0.132  282.48751     0.0673    98.3319 1.0000e-12      15531         30 0.0000e+00
    459.745   16.54058 -107.06558    463.000     8.8052     8.8051     8.7550    34.5937    34.6014  1028.9280    26.8310 7.3049e-02      0.161  282.67329     0.0670    98.3379 1.0000e-12      15562         30 0.0000e+00
    460.737   16.54058 -107.06558    464.000     8.7943     8.7945     8.7440    34.5934    34.6009  1028.9341    26.8324 7.2291e-02      0.099  282.74199     0.0679    98.3160 1.0000e-12      15590         24 0.0000e+00
    461.729   16.54058 -107.06558    465.000     8.7887     8.7891     8.7384    34.5929    34.6006  1028.9392    26.8330 7.2789e-02      0.147  282.77705     0.0673    98.3319 1.0000e-12      15618         31 0.0000e+00
    462.720   16.54058 -107.06558    466.000     8.7851     8.7855     8.7347    34.5926    34.6002  1028.9440    26.8332 7.2610e-02      0.120  282.80041     0.0670    98.3388 1.0000e-12      15652         34 0.0000e+00
    463.712   16.54058 -107.06558    467.000     8.7837     8.7839     8.7332    34.5923    34.6000  1028.9486    26.8333 7.3120e-02      0.160  282.80972     0.0670    98.3394 1.0000e-12      15681         23 0.0000e+00
    464.704   16.54058 -107.06558    468.000     8.7832     8.7833     8.7325    34.5922    34.6000  1028.9531    26.8333 7.3066e-02      0.088  282.81327     0.0670    98.3394 1.0000e-12      15702         19 0.0000e+00
    465.696   16.54058 -107.06558    469.000     8.7821     8.7823     8.7313    34.5921    34.5997  1028.9577    26.8334 7.2399e-02      0.087  282.82031     0.0670    98.3394 1.0000e-12      15719         17 0.0000e+00
    466.688   16.54058 -107.06558    470.000     8.7817     8.7819     8.7308    34.5919    34.5997  1028.9621    26.8333 7.2284e-02      0.161  282.82326     0.0670    98.3394 1.0000e-12      15735         15 0.0000e+00
    467.679   16.54058 -107.06558    471.000     8.7812     8.7814     8.7302    34.5918    34.5995  1028.9666    26.8333 7.3719e-02      0.150  282.82656     0.0670    98.3394 1.0000e-12      15751         16 0.0000e+00
    468.672   16.54058 -107.06558    472.000     8.7803     8.7805     8.7292    34.5918    34.5995  1028.9712    26.8333 7.4475e-02      0.129  282.83210     0.0670    98.3394 1.0000e-12      15767         18 0.0000e+00
    469.663   16.54058 -107.06558    473.000     8.7791     8.7793     8.7279    34.5916    34.5993  1028.9758    26.8334 7.3081e-02      0.110  282.84019     0.0673    98.3314 1.0000e-12      15789         28 0.0000e+00
    470.655   16.54058 -107.06558    474.000     8.7762     8.7762     8.7249    34.5914    34.5991  1028.9807    26.8337 7.3261e-02      0.137  282.85848     0.0674    98.3296 1.0000e-12      15826         43 0.0000e+00
    471.647   16.54058 -107.06558    475.000     8.7687     8.7688     8.7173    34.5914    34.5991  1028.9865    26.8349 7.2033e-02      0.108  282.90531     0.0677    98.3211 1.0000e-12      15865         33 0.0000e+00
    472.639   16.54058 -107.06558    476.000     8.7644     8.7646     8.7130    34.5913    34.5991  1028.9916    26.8355 7.2764e-02      0.111  282.93184     0.0673    98.3311 1.0000e-12      15893         22 0.0000e+00
    473.631   16.54058 -107.06558    477.000     8.7550     8.7551     8.7035    34.5917    34.5994  1028.9980    26.8373 7.1939e-02      0.115  282.98964     0.0670    98.3398 1.0000e-12      15915         20 0.0000e+00
    474.622   16.54058 -107.06558    478.000     8.7387     8.7385     8.6871    34.5929    34.6006  1029.0061    26.8408 7.3462e-02      0.195  283.08911     0.0670    98.3382 1.0000e-12      15935         22 0.0000e+00
    475.614   16.54058 -107.06558    479.000     8.7194     8.7193     8.6678    34.5942    34.6018  1029.0149    26.8448 7.5036e-02      0.134  283.20673     0.0673    98.3318 1.0000e-12      15956         21 0.0000e+00
    476.606   16.54058 -107.06558    480.000     8.7095     8.7096     8.6578    34.5939    34.6018  1029.0208    26.8462 7.1821e-02      0.123  283.26919     0.0672    98.3337 1.0000e-12      15979         23 0.0000e+00
    477.598   16.54058 -107.06558    481.000     8.7023     8.7020     8.6506    34.5940    34.6017  1029.0266    26.8474 7.1081e-02      0.164  283.31384     0.0671    98.3372 1.0000e-12      16002         25 0.0000e+00
    478.589   16.54058 -107.06558    482.000     8.6992     8.6985     8.6473    34.5938    34.6015  1029.0314    26.8477 7.3434e-02      0.106  283.33379     0.0668    98.3433 1.0000e-12      16027         25 0.0000e+00
    479.581   16.54058 -107.06558    483.000     8.6969     8.6967     8.6449    34.5936    34.6012  1029.0362    26.8480 7.2713e-02      0.092  283.34849     0.0670    98.3395 1.0000e-12      16053         26 0.0000e+00
    480.573   16.54058 -107.06558    484.000     8.6939     8.6941     8.6418    34.5934    34.6010  1029.0410    26.8482 7.1910e-02      0.164  283.36776     0.0672    98.3336 1.0000e-12      16081         27 0.0000e+00
    481.565   16.54058 -107.06558    485.000     8.6904     8.6905     8.6382    34.5931    34.6008  1029.0459    26.8486 7.3824e-02      0.146  283.39029     0.0670    98.3394 1.0000e-12      16108         26 0.0000e+00
    482.556   16.54058 -107.06558    486.000     8.6873     8.6874     8.6350    34.5929    34.6007  1029.0508    26.8489 7.1812e-02      0.102  283.41014     0.0672    98.3348 1.0000e-12      16131         22 0.0000e+00
    483.548   16.54058 -107.06558    487.000     8.6855     8.6857     8.6331    34.5929    34.6007  1029.0555    26.8491 7.3380e-02      0.087  283.42114     0.0673    98.3304 1.0000e-12      16152         20 0.0000e+00
    484.540   16.54058 -107.06558    488.000     8.6840     8.6842     8.6315    34.5928    34.6005  1029.0602    26.8493 7.2348e-02      0.143  283.43092     0.0675    98.3258 1.0000e-12      16171         19 0.0000e+00
    485.532   16.54058 -107.06558    489.000     8.6812     8.6813     8.6286    34.5927    34.6005  1029.0651    26.8497 7.4662e-02      0.090  283.44881     0.0671    98.3365 1.0000e-12      16191         20 0.0000e+00
    486.523   16.54058 -107.06558    490.000     8.6756     8.6779     8.6229    34.5928    34.6006  1029.0707    26.8506 7.3149e-02      0.138  283.48375     0.0671    98.3366 1.0000e-12      16215         28 0.0000e+00
    487.515   16.54058 -107.06558    491.000     8.6650     8.6645     8.6123    34.5930    34.6007  1029.0771    26.8524 7.2216e-02      0.125  283.54918     0.0674    98.3299 1.0000e-12      16249         39 0.0000e+00
    488.507   16.54058 -107.06558    492.000     8.6470     8.6470     8.5942    34.5928    34.6006  1029.0844    26.8551 7.3494e-02      0.077  283.66263     0.0670    98.3395 1.0000e-12      16285         33 0.0000e+00
    489.499   16.54058 -107.06558    493.000     8.6399     8.6400     8.5870    34.5926    34.6004  1029.0900    26.8560 7.1894e-02      0.180  283.70740     0.0676    98.3236 1.0000e-12      16319         35 0.0000e+00
    490.490   16.54058 -107.06558    494.000     8.6353     8.6361     8.5823    34.5925    34.6001  1029.0952    26.8567 7.2392e-02      0.106  283.73615     0.0670    98.3387 1.0000e-12      16356         38 0.0000e+00
    491.482   16.54058 -107.06558    495.000     8.6274     8.6269     8.5743    34.5923    34.6001  1029.1009    26.8578 7.2580e-02      0.144  283.78625     0.0669    98.3407 1.0000e-12      16393         38 0.0000e+00
    492.474   16.54058 -107.06558    496.000     8.6351     8.6370     8.5819    34.5920    34.5997  1029.1038    26.8563 7.2826e-02      0.121  283.73861     0.0671    98.3365 1.0000e-12      16485        183 0.0000e+00
    493.465   16.54058 -107.06558    497.000     8.6389     8.6417     8.5856    34.5910    34.5989  1029.1069    26.8549 7.2975e-02      0.129  283.71712     0.0673    98.3328 1.0000e-12      16745        266 0.0000e+00
    494.457   16.54058 -107.06558    498.000     8.6065     8.6063     8.5532    34.5915    34.5993  1029.1172    26.8604 7.3374e-02      0.136  283.91866     0.0670    98.3384 1.0000e-12      16898         40 0.0000e+00
    495.449   16.54058 -107.06558    499.000     8.5988     8.5988     8.5454    34.5910    34.5988  1029.1226    26.8613 7.3836e-02      0.156  283.96810     0.0670    98.3386 1.0000e-12      16926         32 0.0000e+00
    496.441   16.54058 -107.06558    500.000     8.5452     8.5450     8.4919    34.5900    34.5980  1029.1352    26.8688 7.3559e-02      0.120  284.30691     0.0670    98.3400 1.0000e-12      16959         38 0.0000e+00
    497.432   16.54058 -107.06558    501.000     8.5665     8.5715     8.5130    34.5905    34.5981  1029.1365    26.8658 7.3135e-02      0.084  284.17201     0.0672    98.3351 1.0000e-12      17062        129 0.0000e+00
    498.424   16.54058 -107.06558    502.000     8.4983     8.4978     8.4450    34.5884    34.5962  1029.1507    26.8748 7.3743e-02      0.222  284.60544     0.0671    98.3353 1.0000e-12      17130         32 0.0000e+00
    499.415   16.54058 -107.06558    503.000     8.4428     8.4424     8.3895    34.5867    34.5946  1029.1631    26.8821 7.4981e-02      0.116  284.95915     0.0669    98.3423 1.0000e-12      17158         28 0.0000e+00
    500.407   16.54058 -107.06558    504.000     8.4466     8.4422     8.3932    34.5840    34.5919  1029.1649    26.8793 7.5896e-02      0.085  284.94102     0.0675    98.3263 1.0000e-12      18697       1304 0.0000e+00
    501.399   16.54058 -107.06558    505.000     8.4506     8.4554     8.3970    34.5816    34.5896  1029.1669    26.8769 7.1360e-02     -0.150  284.92109     0.0684    98.3019 1.0000e-12      20711          1 0.0000e+00
