data/ctd-cnv/SKQ1617/SKQ1617-St16-P2/skq201617s-037avg.cnv
* Sea-Bird SBE 9 Data File:
* FileName = D:\CTD\SKQ201617S\SKQ201617S-037.hex
* Software Version Seasave V 7.22.5
* Temperature SN = 5773
* Conductivity SN = 2251
* Number of Bytes Per Scan = 37
* Number of Voltage Words = 4
* Number of Scans Averaged by the Deck Unit = 1
* NMEA Latitude = 16 32.44 N
* NMEA Longitude = 107 03.93 W
* NMEA UTC (Time) = Jan 10 2017  23:08:46
* NMEA baud rate = 4800
** Ship: R/V Sikuliaq
** Station Number: 37
** Station Name: Station 16/P2
** Depth: 4120
** Operator: CF
# nquan = 20
# nvalues = 503                         
# units = specified
# name 0 = depSM: Depth [salt water, m]
# name 1 = latitude: Latitude [deg]
# name 2 = longitude: Longitude [deg]
# name 3 = prDM: Pressure, Digiquartz [db]
# name 4 = t090C: Temperature [ITS-90, deg C]
# name 5 = t190C: Temperature, 2 [ITS-90, deg C]
# name 6 = potemp090C: Potential Temperature [ITS-90, deg C]
# name 7 = sal00: Salinity, Practical [PSU]
# name 8 = sal11: Salinity, Practical, 2 [PSU]
# name 9 = density00: Density [density, kg/m^3]
# name 10 = sigma-t00: Density [sigma-t, kg/m^3 ]
# name 11 = flSP: Fluorescence, Seapoint
# name 12 = sbox0Mm/Kg: Oxygen, SBE 43 [umol/kg]
# name 13 = oxsolMm/Kg: Oxygen Saturation, Garcia & Gordon [umol/kg]
# name 14 = CStarAt0: Beam Attenuation, WET Labs C-Star [1/m]
# name 15 = CStarTr0: Beam Transmission, WET Labs C-Star [%]
# name 16 = par: PAR/Irradiance, Biospherical/Licor
# name 17 = scan: Scan Count
# name 18 = nbin: number of scans per bin
# name 19 = flag: flag
# span 0 =      1.988,    500.407       
# span 1 =   16.54058,   16.54060       
# span 2 = -107.06550, -107.06550       
# span 3 =      2.000,    504.000       
# span 4 =     8.2862,    28.8192       
# span 5 =     8.2855,    28.8192       
# span 6 =     8.2335,    28.8183       
# span 7 =    33.5699,    34.8127       
# span 8 =    33.5797,    34.8199       
# span 9 =  1021.0655,  1029.1879       
# span 10 =    21.0531,    26.9008      
# span 11 = 6.6302e-02, 2.4893e+00      
# span 12 =      0.057,    196.108      
# span 13 =  196.06017,  285.96521      
# span 14 =     0.0679,     0.2389      
# span 15 =    94.2019,    98.3165      
# span 16 = 1.0000e-12, 7.7460e+02      
# span 17 =         -0,      16542      
# span 18 =         16,        412      
# span 19 = 0.0000e+00, 0.0000e+00      
# interval = decibars: 1                
# start_time = Jan 10 2017 23:08:46 [NMEA time, header]
# bad_flag = -9.990e-29
*END*
[from data line 290]
    290.067   16.54060 -107.06550    292.000    10.8541    10.8542    10.8183    34.7032    34.7107  1027.8838    26.5707 6.7954e-02      0.139  270.22573     0.0742    98.1615 1.0000e-12      10915         20 0.0000e+00
    291.059   16.54060 -107.06550    293.000    10.8492    10.8492    10.8133    34.7025    34.7101  1027.8887    26.5710 7.0726e-02      0.138  270.25492     0.0735    98.1797 1.0000e-12      10934         19 0.0000e+00
    292.052   16.54060 -107.06550    294.000    10.8411    10.8411    10.8052    34.7021    34.7098  1027.8943    26.5722 7.0817e-02      0.182  270.30181     0.0733    98.1840 1.0000e-12      10952         18 0.0000e+00
    293.045   16.54060 -107.06550    295.000    10.8324    10.8329    10.7963    34.7016    34.7090  1027.9000    26.5733 6.9034e-02      0.179  270.35302     0.0734    98.1826 1.0000e-12      10972         20 0.0000e+00
    294.037   16.54060 -107.06550    296.000    10.8260    10.8261    10.7898    34.7012    34.7088  1027.9054    26.5741 7.0044e-02      0.134  270.39044     0.0734    98.1815 1.0000e-12      10993         24 0.0000e+00
    295.030   16.54060 -107.06550    297.000    10.8165    10.8167    10.7802    34.7010    34.7085  1027.9114    26.5757 6.8121e-02      0.159  270.44524     0.0736    98.1778 1.0000e-12      11019         27 0.0000e+00
    296.022   16.54060 -107.06550    298.000    10.8122    10.8123    10.7758    34.7007    34.7083  1027.9165    26.5763 6.9595e-02      0.173  270.47053     0.0739    98.1699 1.0000e-12      11049         31 0.0000e+00
    297.015   16.54060 -107.06550    299.000    10.8035    10.8036    10.7670    34.7004    34.7080  1027.9224    26.5776 6.9710e-02      0.139  270.52105     0.0736    98.1776 1.0000e-12      11081         32 0.0000e+00
    298.008   16.54060 -107.06550    300.000    10.7966    10.7968    10.7600    34.7002    34.7078  1027.9279    26.5786 6.8831e-02      0.163  270.56080     0.0734    98.1836 1.0000e-12      11112         29 0.0000e+00
    299.000   16.54060 -107.06550    301.000    10.7948    10.7950    10.7581    34.7001    34.7076  1027.9327    26.5788 7.0237e-02      0.157  270.57146     0.0734    98.1826 1.0000e-12      11137         22 0.0000e+00
    299.993   16.54060 -107.06550    302.000    10.7923    10.7924    10.7554    34.6998    34.7074  1027.9374    26.5791 6.8247e-02      0.156  270.58644     0.0734    98.1826 1.0000e-12      11157         18 0.0000e+00
    300.986   16.54060 -107.06550    303.000    10.7885    10.7887    10.7516    34.6997    34.7073  1027.9425    26.5797 6.7544e-02      0.161  270.60811     0.0736    98.1761 1.0000e-12      11174         16 0.0000e+00
    301.978   16.54060 -107.06550    304.000    10.7814    10.7814    10.7443    34.6991    34.7067  1027.9479    26.5805 6.8110e-02      0.149  270.65031     0.0741    98.1653 1.0000e-12      11192         17 0.0000e+00
    302.971   16.54060 -107.06550    305.000    10.7667    10.7668    10.7295    34.6989    34.7065  1027.9549    26.5830 6.7180e-02      0.149  270.73497     0.0740    98.1673 1.0000e-12      11212         24 0.0000e+00
    303.964   16.54060 -107.06550    306.000    10.7509    10.7510    10.7137    34.6982    34.7058  1027.9617    26.5852 6.8707e-02      0.154  270.82692     0.0741    98.1642 1.0000e-12      11241         34 0.0000e+00
    304.956   16.54060 -107.06550    307.000    10.7274    10.7276    10.6901    34.6976    34.7052  1027.9700    26.5889 6.8562e-02      0.154  270.96326     0.0734    98.1823 1.0000e-12      11276         32 0.0000e+00
    305.949   16.54060 -107.06550    308.000    10.7102    10.7102    10.6728    34.6973    34.7048  1027.9775    26.5918 6.7349e-02      0.154  271.06331     0.0733    98.1848 1.0000e-12      11304         25 0.0000e+00
    306.942   16.54060 -107.06550    309.000    10.6998    10.6995    10.6623    34.6970    34.7046  1027.9836    26.5934 6.6861e-02      0.154  271.12354     0.0730    98.1921 1.0000e-12      11328         23 0.0000e+00
    307.934   16.54060 -107.06550    310.000    10.6985    10.6989    10.6609    34.6967    34.7043  1027.9881    26.5934 6.8459e-02      0.155  271.13165     0.0728    98.1957 1.0000e-12      11350         22 0.0000e+00
    308.927   16.54060 -107.06550    311.000    10.6972    10.6976    10.6595    34.6965    34.7040  1027.9927    26.5935 6.6723e-02      0.169  271.13926     0.0728    98.1963 1.0000e-12      11370         19 0.0000e+00
    309.919   16.54060 -107.06550    312.000    10.6956    10.6957    10.6578    34.6963    34.7038  1027.9973    26.5936 6.6897e-02      0.160  271.14909     0.0734    98.1827 1.0000e-12      11389         19 0.0000e+00
    310.912   16.54060 -107.06550    313.000    10.6912    10.6912    10.6532    34.6958    34.7034  1028.0023    26.5940 6.8040e-02      0.145  271.17523     0.0734    98.1826 1.0000e-12      11409         21 0.0000e+00
    311.904   16.54060 -107.06550    314.000    10.6753    10.6753    10.6373    34.6952    34.7028  1028.0091    26.5963 6.9933e-02      0.154  271.26811     0.0733    98.1860 1.0000e-12      11435         30 0.0000e+00
    312.897   16.54060 -107.06550    315.000    10.6616    10.6619    10.6235    34.6945    34.7021  1028.0156    26.5982 6.7354e-02      0.155  271.34841     0.0731    98.1896 1.0000e-12      11469         34 0.0000e+00
    313.890   16.54060 -107.06550    316.000    10.6520    10.6523    10.6137    34.6940    34.7015  1028.0214    26.5995 6.8934e-02      0.155  271.40515     0.0729    98.1938 1.0000e-12      11498         26 0.0000e+00
    314.882   16.54060 -107.06550    317.000    10.6438    10.6440    10.6054    34.6936    34.7012  1028.0272    26.6007 6.8425e-02      0.155  271.45318     0.0725    98.2041 1.0000e-12      11522         22 0.0000e+00
    315.875   16.54060 -107.06550    318.000    10.6375    10.6377    10.5991    34.6933    34.7010  1028.0326    26.6016 6.9250e-02      0.168  271.48983     0.0732    98.1875 1.0000e-12      11543         21 0.0000e+00
    316.867   16.54060 -107.06550    319.000    10.6334    10.6335    10.5948    34.6928    34.7004  1028.0374    26.6019 6.9744e-02      0.173  271.51466     0.0739    98.1686 1.0000e-12      11565         24 0.0000e+00
    317.860   16.54060 -107.06550    320.000    10.6294    10.6296    10.5907    34.6928    34.7004  1028.0426    26.6026 6.8274e-02      0.158  271.53793     0.0730    98.1921 1.0000e-12      11590         25 0.0000e+00
    318.852   16.54060 -107.06550    321.000    10.6184    10.6188    10.5796    34.6918    34.6995  1028.0483    26.6038 6.8380e-02      0.139  271.60350     0.0734    98.1823 1.0000e-12      11615         24 0.0000e+00
    319.845   16.54060 -107.06550    322.000    10.6091    10.6094    10.5702    34.6916    34.6992  1028.0543    26.6052 6.9116e-02      0.155  271.65737     0.0731    98.1899 1.0000e-12      11638         22 0.0000e+00
    320.837   16.54060 -107.06550    323.000    10.6072    10.6074    10.5682    34.6913    34.6988  1028.0589    26.6054 6.7169e-02      0.172  271.66874     0.0726    98.2012 1.0000e-12      11659         21 0.0000e+00
    321.830   16.54060 -107.06550    324.000    10.5905    10.5903    10.5514    34.6900    34.6976  1028.0655    26.6073 6.9532e-02      0.127  271.76822     0.0725    98.2039 1.0000e-12      11680         22 0.0000e+00
    322.823   16.54060 -107.06550    325.000    10.5782    10.5784    10.5391    34.6901    34.6978  1028.0723    26.6096 6.9734e-02      0.145  271.83889     0.0724    98.2066 1.0000e-12      11704         26 0.0000e+00
    323.815   16.54060 -107.06550    326.000    10.5737    10.5740    10.5344    34.6899    34.6974  1028.0774    26.6102 6.9111e-02      0.182  271.86539     0.0723    98.2096 1.0000e-12      11732         30 0.0000e+00
    324.807   16.54060 -107.06550    327.000    10.5607    10.5610    10.5213    34.6889    34.6965  1028.0835    26.6117 6.8945e-02      0.149  271.94288     0.0724    98.2069 1.0000e-12      11761         28 0.0000e+00
    325.800   16.54060 -107.06550    328.000    10.5490    10.5486    10.5095    34.6882    34.6958  1028.0896    26.6133 6.8755e-02      0.170  272.01202     0.0728    98.1969 1.0000e-12      11788         26 0.0000e+00
    326.792   16.54060 -107.06550    329.000    10.5361    10.5361    10.4966    34.6874    34.6949  1028.0958    26.6149 6.9011e-02      0.148  272.08798     0.0724    98.2066 1.0000e-12      11814         25 0.0000e+00
    327.785   16.54060 -107.06550    330.000    10.5183    10.5186    10.4786    34.6864    34.6939  1028.1028    26.6172 6.7495e-02      0.157  272.19377     0.0724    98.2064 1.0000e-12      11839         23 0.0000e+00
    328.778   16.54060 -107.06550    331.000    10.5118    10.5120    10.4720    34.6862    34.6937  1028.1083    26.6182 6.9294e-02      0.140  272.23168     0.0720    98.2160 1.0000e-12      11861         22 0.0000e+00
    329.770   16.54060 -107.06550    332.000    10.5099    10.5101    10.4700    34.6858    34.6935  1028.1128    26.6183 6.9416e-02      0.159  272.24357     0.0718    98.2205 1.0000e-12      11882         20 0.0000e+00
    330.762   16.54060 -107.06550    333.000    10.5076    10.5077    10.4676    34.6855    34.6931  1028.1175    26.6184 6.9788e-02      0.165  272.25734     0.0719    98.2178 1.0000e-12      11902         20 0.0000e+00
    331.755   16.54060 -107.06550    334.000    10.5061    10.5063    10.4660    34.6853    34.6929  1028.1221    26.6186 6.8512e-02      0.157  272.26637     0.0719    98.2174 1.0000e-12      11923         21 0.0000e+00
    332.747   16.54060 -107.06550    335.000    10.5047    10.5050    10.4645    34.6851    34.6926  1028.1267    26.6186 6.8872e-02      0.157  272.27497     0.0723    98.2085 1.0000e-12      11946         25 0.0000e+00
    333.740   16.54060 -107.06550    336.000    10.5023    10.5024    10.4619    34.6848    34.6924  1028.1314    26.6188 7.0638e-02      0.144  272.28963     0.0725    98.2041 1.0000e-12      11972         29 0.0000e+00
    334.732   16.54060 -107.06550    337.000    10.4959    10.4961    10.4555    34.6843    34.6918  1028.1366    26.6195 6.9352e-02      0.164  272.32750     0.0725    98.2028 1.0000e-12      12002         31 0.0000e+00
    335.725   16.54060 -107.06550    338.000    10.4868    10.4869    10.4462    34.6836    34.6913  1028.1423    26.6206 6.8462e-02      0.157  272.38188     0.0723    98.2077 1.0000e-12      12031         26 0.0000e+00
    336.717   16.54060 -107.06550    339.000    10.4825    10.4827    10.4419    34.6834    34.6910  1028.1473    26.6212 7.0285e-02      0.157  272.40702     0.0723    98.2087 1.0000e-12      12057         27 0.0000e+00
    337.710   16.54060 -107.06550    340.000    10.4789    10.4791    10.4382    34.6830    34.6906  1028.1521    26.6215 6.7864e-02      0.174  272.42875     0.0720    98.2166 1.0000e-12      12082         23 0.0000e+00
    338.702   16.54060 -107.06550    341.000    10.4758    10.4760    10.4349    34.6826    34.6902  1028.1569    26.6218 7.1096e-02      0.166  272.44777     0.0714    98.2305 1.0000e-12      12105         23 0.0000e+00
    339.695   16.54060 -107.06550    342.000    10.4661    10.4663    10.4252    34.6819    34.6894  1028.1626    26.6229 7.1270e-02      0.152  272.50529     0.0721    98.2141 1.0000e-12      12128         22 0.0000e+00
    340.687   16.54060 -107.06550    343.000    10.4479    10.4481    10.4069    34.6810    34.6885  1028.1697    26.6254 6.9725e-02      0.141  272.61303     0.0717    98.2231 1.0000e-12      12150         22 0.0000e+00
    341.680   16.54060 -107.06550    344.000    10.4350    10.4351    10.3939    34.6805    34.6882  1028.1762    26.6273 7.1440e-02      0.167  272.68900     0.0715    98.2283 1.0000e-12      12171         20 0.0000e+00
    342.672   16.54060 -107.06550    345.000    10.4263    10.4263    10.3851    34.6794    34.6870  1028.1814    26.6280 6.9578e-02      0.198  272.74172     0.0724    98.2072 1.0000e-12      12191         20 0.0000e+00
    343.664   16.54060 -107.06550    346.000    10.4056    10.4058    10.3643    34.6777    34.6851  1028.1882    26.6302 6.7822e-02      0.157  272.86619     0.0716    98.2245 1.0000e-12      12212         24 0.0000e+00
    344.657   16.54060 -107.06550    347.000    10.3766    10.3764    10.3353    34.6757    34.6830  1028.1965    26.6337 7.0690e-02      0.137  273.03894     0.0719    98.2181 1.0000e-12      12238         29 0.0000e+00
    345.649   16.54060 -107.06550    348.000    10.3152    10.3144    10.2738    34.6735    34.6808  1028.2103    26.6427 6.8707e-02      0.158  273.40230     0.0713    98.2330 1.0000e-12      12269         32 0.0000e+00
    346.642   16.54060 -107.06550    349.000    10.2918    10.2924    10.2505    34.6721    34.6797  1028.2179    26.6457 7.1288e-02      0.164  273.54156     0.0712    98.2358 1.0000e-12      12298         25 0.0000e+00
    347.634   16.54060 -107.06550    350.000    10.2677    10.2679    10.2263    34.6706    34.6781  1028.2256    26.6487 6.8806e-02      0.159  273.68568     0.0712    98.2360 1.0000e-12      12322         22 0.0000e+00
    348.626   16.54060 -107.06550    351.000    10.2493    10.2501    10.2078    34.6693    34.6768  1028.2324    26.6509 6.9948e-02      0.159  273.79650     0.0713    98.2323 1.0000e-12      12344         21 0.0000e+00
    349.619   16.54060 -107.06550    352.000    10.2413    10.2413    10.1997    34.6685    34.6760  1028.2377    26.6516 6.9255e-02      0.159  273.84507     0.0712    98.2349 1.0000e-12      12367         23 0.0000e+00
    350.611   16.54058 -107.06550    353.000    10.2367    10.2368    10.1949    34.6679    34.6753  1028.2426    26.6519 6.8856e-02      0.159  273.87337     0.0712    98.2337 1.0000e-12      12391         25 0.0000e+00
    351.604   16.54058 -107.06550    354.000    10.2330    10.2332    10.1912    34.6675    34.6751  1028.2474    26.6523 6.9746e-02      0.159  273.89541     0.0712    98.2348 1.0000e-12      12417         26 0.0000e+00
    352.596   16.54060 -107.06550    355.000    10.2283    10.2285    10.1864    34.6671    34.6747  1028.2525    26.6528 7.1643e-02      0.160  273.92370     0.0718    98.2213 1.0000e-12      12442         25 0.0000e+00
    353.588   16.54060 -107.06550    356.000    10.2222    10.2224    10.1802    34.6670    34.6745  1028.2579    26.6537 7.0448e-02      0.160  273.95976     0.0716    98.2257 1.0000e-12      12467         26 0.0000e+00
    354.581   16.54060 -107.06550    357.000    10.2121    10.2124    10.1699    34.6674    34.6749  1028.2646    26.6558 7.0207e-02      0.149  274.01879     0.0712    98.2348 1.0000e-12      12493         24 0.0000e+00
    355.573   16.54060 -107.06550    358.000    10.2035    10.2037    10.1612    34.6670    34.6745  1028.2703    26.6570 7.0234e-02      0.155  274.07006     0.0708    98.2441 1.0000e-12      12516         23 0.0000e+00
    356.565   16.54060 -107.06550    359.000    10.1974    10.1976    10.1550    34.6668    34.6743  1028.2757    26.6579 7.0263e-02      0.170  274.10624     0.0712    98.2347 1.0000e-12      12539         22 0.0000e+00
    357.558   16.54060 -107.06550    360.000    10.1908    10.1910    10.1483    34.6665    34.6740  1028.2811    26.6588 7.0925e-02      0.160  274.14556     0.0712    98.2348 1.0000e-12      12560         22 0.0000e+00
    358.550   16.54060 -107.06550    361.000    10.1863    10.1865    10.1437    34.6664    34.6737  1028.2864    26.6595 6.9778e-02      0.160  274.17242     0.0712    98.2348 1.0000e-12      12583         23 0.0000e+00
    359.542   16.54060 -107.06550    362.000    10.1836    10.1838    10.1409    34.6660    34.6735  1028.2910    26.6596 6.8787e-02      0.160  274.18889     0.0711    98.2367 1.0000e-12      12607         26 0.0000e+00
