data/ctd-cnv/SKQ1617/SKQ1617-St16-P2/skq201617s-033avg.cnv
* Sea-Bird SBE 9 Data File:
* FileName = D:\CTD\SKQ201617S\SKQ201617S-033.hex
* Software Version Seasave V 7.22.5
* Temperature SN = 5773
* Conductivity SN = 2251
* Number of Bytes Per Scan = 37
* Number of Voltage Words = 4
* Number of Scans Averaged by the Deck Unit = 1
* NMEA Latitude = 16 31.41 N
* NMEA Longitude = 107 06.80 W
* NMEA UTC (Time) = Jan 09 2017  03:08:15
* NMEA baud rate = 4800
** Ship: R/V Sikuliaq
** Station Number: 33
** Station Name: Station 16/P2
** Depth: 3615 m
** Operator: RML
** pH has been removed.
** Rinko having issues.
# nquan = 22
# nvalues = 200                         
# units = specified
# name 0 = depSMignore: Depth [salt water, m]
# name 1 = latitude: Latitude [deg]
# name 2 = longitude: Longitude [deg]
# name 3 = prDM: Pressure, Digiquartz [db]
# name 4 = t090C: Temperature [ITS-90, deg C]
# name 5 = t190C: Temperature, 2 [ITS-90, deg C]
# name 6 = potemp090C: Potential Temperature [ITS-90, deg C]
# name 7 = sal00: Salinity, Practical [PSU]
# name 8 = sal11: Salinity, Practical, 2 [PSU]
# name 9 = density00: Density [density, kg/m^3]
# name 10 = sigma-t00: Density [sigma-t, kg/m^3 ]
# name 11 = flSP: Fluorescence, Seapoint
# name 12 = sbox0Mm/Kg: Oxygen, SBE 43 [umol/kg]
# name 13 = oxsolMm/Kg: Oxygen Saturation, Garcia & Gordon [umol/kg]
# name 14 = CStarAt0: Beam Attenuation, WET Labs C-Star [1/m]
# name 15 = CStarTr0: Beam Transmission, WET Labs C-Star [%]
# name 16 = v2: Voltage 2
# name 17 = v3: Voltage 3
# name 18 = par: PAR/Irradiance, Biospherical/Licor
# name 19 = scan: Scan Count
# name 20 = nbin: number of scans per bin
# name 21 = flag: flag
# span 0 =      2.982,    200.706       
# span 1 =   16.52354,   16.52356       
# span 2 = -107.11332, -107.11330       
# span 3 =      3.000,    202.000       
# span 4 =    12.0218,    28.6080       
# span 5 =    12.0411,    28.6078       
# span 6 =    11.9955,    28.6002       
# span 7 =    33.5134,    34.8128       
# span 8 =    33.5234,    34.8205       
# span 9 =  1021.1132,  1027.3158       
# span 10 =    21.1004,    26.4109      
# span 11 = 6.6794e-02, 2.0947e+00      
# span 12 =      0.289,    197.388      
# span 13 =  196.67671,  263.55510      
# span 14 =     0.0755,     0.3936      
# span 15 =    90.8400,    98.1307      
# span 16 =     0.0317,     0.0344      
# span 17 =     0.0347,     0.0463      
# span 18 = -1.478e-04, 5.3290e-01      
# span 19 =        235,       9054      
# span 20 =         14,        637      
# span 21 = 0.0000e+00, 0.0000e+00      
# interval = decibars: 1                
# start_time = Jan 09 2017 03:08:15 [NMEA time, header]
# bad_flag = -9.990e-29
*END*
[from data line 132]
    134.157   16.52356 -107.11330    135.000    13.3913    13.3922    13.3724    34.7843    34.7916  1026.7485    26.1465 4.4187e-01      0.576  256.25074     0.1491    96.3418     0.0330     0.0382 7.4522e-03       6885         32 0.0000e+00
    135.150   16.52356 -107.11330    136.000    13.3218    13.3231    13.3029    34.7880    34.7948  1026.7702    26.1636 3.9195e-01      0.559  256.60464     0.1467    96.3999     0.0329     0.0381 7.2672e-03       6921         39 0.0000e+00
    136.144   16.52356 -107.11330    137.000    13.2790    13.2790    13.2599    34.7882    34.7956  1026.7836    26.1724 3.6072e-01      0.600  256.82713     0.1457    96.4226     0.0330     0.0382 7.1873e-03       6956         31 0.0000e+00
    137.138   16.52356 -107.11330    138.000    13.2450    13.2449    13.2259    34.7890    34.7969  1026.7957    26.1800 3.3470e-01      0.541  257.00255     0.1444    96.4539     0.0328     0.0379 7.1097e-03       6984         24 0.0000e+00
    138.131   16.52356 -107.11330    139.000    13.2216    13.2210    13.2023    34.7899    34.7978  1026.8056    26.1854 3.1878e-01      0.555  257.12314     0.1442    96.4604     0.0329     0.0379 7.0501e-03       7008         23 0.0000e+00
    139.124   16.52356 -107.11330    140.000    13.1920    13.1912    13.1726    34.7907    34.7985  1026.8167    26.1920 3.0397e-01      0.562  257.27599     0.1423    96.5047     0.0326     0.0374 6.9876e-03       7031         23 0.0000e+00
    140.118   16.52356 -107.11330    141.000    13.1477    13.1474    13.1282    34.7913    34.7989  1026.8308    26.2015 2.8075e-01      0.563  257.50668     0.1418    96.5183     0.0328     0.0378 7.0526e-03       7055         26 0.0000e+00
    141.111   16.52356 -107.11330    142.000    13.1041    13.1041    13.0845    34.7941    34.8018  1026.8462    26.2124 2.5591e-01      0.550  257.73012     0.1417    96.5188     0.0329     0.0376 6.9868e-03       7078         21 0.0000e+00
    142.104   16.52356 -107.11330    143.000    13.0815    13.0813    13.0618    34.7928    34.8004  1026.8543    26.2160 2.4979e-01      0.565  257.85075     0.1400    96.5599     0.0327     0.0374 6.9117e-03       7099         20 0.0000e+00
    143.098   16.52356 -107.11330    144.000    13.0600    13.0598    13.0402    34.7942    34.8018  1026.8643    26.2214 2.3704e-01      0.581  257.96117     0.1401    96.5585     0.0327     0.0373 6.9809e-03       7118         20 0.0000e+00
    144.091   16.52356 -107.11330    145.000    13.0614    13.0615    13.0415    34.7956    34.8034  1026.8695    26.2222 2.3106e-01      0.571  257.95122     0.1401    96.5570     0.0327     0.0377 6.4872e-03       7137         19 0.0000e+00
    145.085   16.52356 -107.11330    146.000    13.0579    13.0585    13.0378    34.7959    34.8038  1026.8749    26.2231 2.3265e-01      0.547  257.96893     0.1391    96.5810     0.0326     0.0375 6.4624e-03       7157         19 0.0000e+00
    146.078   16.52356 -107.11330    147.000    13.0474    13.0476    13.0272    34.7963    34.8040  1026.8818    26.2255 2.3697e-01      0.540  258.02324     0.1397    96.5680     0.0327     0.0374 6.2380e-03       7178         24 0.0000e+00
    147.071   16.52356 -107.11330    148.000    13.0373    13.0373    13.0170    34.7962    34.8040  1026.8883    26.2275 2.3397e-01      0.490  258.07661     0.1388    96.5890     0.0328     0.0371 5.7606e-03       7204         28 0.0000e+00
    148.065   16.52356 -107.11330    149.000    13.0217    13.0216    13.0013    34.7970    34.8048  1026.8965    26.2312 2.2856e-01      0.526  258.15722     0.1390    96.5838     0.0329     0.0375 5.9059e-03       7235         33 0.0000e+00
    149.058   16.52356 -107.11330    150.000    13.0056    13.0054    12.9851    34.7981    34.8060  1026.9050    26.2353 2.1278e-01      0.485  258.23965     0.1387    96.5919     0.0327     0.0371 5.7810e-03       7268         32 0.0000e+00
    150.051   16.52356 -107.11330    151.000    12.9772    12.9780    12.9565    34.7991    34.8068  1026.9161    26.2418 1.9149e-01      0.500  258.38737     0.1377    96.6159     0.0324     0.0372 5.6495e-03       7299         30 0.0000e+00
    151.045   16.52355 -107.11330    152.000    12.9546    12.9547    12.9338    34.8004    34.8082  1026.9261    26.2473 1.7574e-01      0.444  258.50421     0.1370    96.6335     0.0324     0.0368 5.6516e-03       7326         26 0.0000e+00
    152.038   16.52355 -107.11330    153.000    12.9537    12.9536    12.9328    34.7999    34.8079  1026.9304    26.2472 1.7241e-01      0.441  258.50981     0.1369    96.6360     0.0324     0.0370 5.6516e-03       7350         22 0.0000e+00
    153.031   16.52356 -107.11330    154.000    12.9451    12.9442    12.9241    34.8003    34.8082  1026.9369    26.2492 1.6809e-01      0.444  258.55430     0.1363    96.6495     0.0324     0.0369 5.6516e-03       7371         20 0.0000e+00
    154.025   16.52356 -107.11330    155.000    12.9216    12.9215    12.9004    34.8017    34.8097  1026.9472    26.2550 1.5199e-01      0.414  258.67566     0.1370    96.6342     0.0325     0.0367 5.6516e-03       7391         19 0.0000e+00
    155.018   16.52356 -107.11330    156.000    12.9051    12.9050    12.8838    34.8013    34.8092  1026.9547    26.2579 1.4749e-01      0.463  258.76385     0.1372    96.6284     0.0326     0.0371 5.6516e-03       7411         21 0.0000e+00
    156.011   16.52356 -107.11330    157.000    12.8810    12.8808    12.8596    34.8030    34.8110  1026.9653    26.2641 1.3639e-01      0.554  258.88793     0.1361    96.6540     0.0325     0.0366 5.5848e-03       7432         20 0.0000e+00
    157.005   16.52356 -107.11330    158.000    12.8685    12.8682    12.8470    34.8034    34.8113  1026.9726    26.2669 1.3260e-01      0.442  258.95303     0.1360    96.6560     0.0324     0.0369 5.6524e-03       7455         24 0.0000e+00
    157.998   16.52356 -107.11330    159.000    12.8165    12.8174    12.7949    34.8059    34.8136  1026.9895    26.2792 1.1071e-01      0.394  259.22409     0.1358    96.6630     0.0321     0.0367 5.4965e-03       7480         27 0.0000e+00
    158.991   16.52356 -107.11330    160.000    12.7916    12.7915    12.7699    34.8074    34.8152  1027.0001    26.2853 1.0313e-01      0.445  259.35338     0.1351    96.6779     0.0325     0.0369 5.5940e-03       7506         24 0.0000e+00
    159.985   16.52356 -107.11330    161.000    12.7915    12.7916    12.7697    34.8068    34.8147  1027.0042    26.2848 1.0145e-01      0.443  259.35495     0.1349    96.6833     0.0324     0.0367 5.5934e-03       7530         24 0.0000e+00
    160.978   16.52356 -107.11330    162.000    12.7910    12.7910    12.7690    34.8063    34.8142  1027.0083    26.2845 1.0111e-01      0.400  259.35839     0.1358    96.6623     0.0324     0.0367 4.9438e-03       7554         25 0.0000e+00
    161.972   16.52356 -107.11330    163.000    12.7543    12.7547    12.7322    34.8063    34.8138  1027.0202    26.2918 9.5574e-02      0.418  259.55343     0.1351    96.6797     0.0327     0.0367 5.0022e-03       7581         28 0.0000e+00
    162.964   16.52356 -107.11330    164.000    12.6658    12.6649    12.6437    34.8098    34.8175  1027.0451    26.3121 8.0864e-02      0.455  260.01768     0.1348    96.6857     0.0324     0.0366 4.9535e-03       7612         32 0.0000e+00
    163.958   16.52356 -107.11330    165.000    12.6450    12.6450    12.6228    34.8095    34.8173  1027.0536    26.3160 7.8779e-02      0.468  260.12926     0.1336    96.7160     0.0324     0.0365 4.6626e-03       7643         27 0.0000e+00
    164.951   16.52356 -107.11330    166.000    12.6270    12.6271    12.6047    34.8096    34.8175  1027.0617    26.3196 7.9954e-02      0.424  260.22476     0.1337    96.7119     0.0321     0.0364 4.3731e-03       7667         22 0.0000e+00
    165.944   16.52356 -107.11330    167.000    12.6125    12.6124    12.5900    34.8097    34.8175  1027.0691    26.3225 7.7936e-02      0.411  260.30240     0.1335    96.7168     0.0322     0.0363 4.3223e-03       7688         20 0.0000e+00
    166.938   16.52356 -107.11330    168.000    12.5992    12.5991    12.5766    34.8098    34.8177  1027.0763    26.3252 7.4845e-02      0.443  260.37318     0.1333    96.7229     0.0319     0.0359 4.5137e-03       7709         22 0.0000e+00
    167.931   16.52356 -107.11330    169.000    12.5871    12.5870    12.5645    34.8104    34.8182  1027.0836    26.3280 7.2570e-02      0.427  260.43644     0.1337    96.7117     0.0320     0.0364 4.3222e-03       7730         21 0.0000e+00
    168.924   16.52356 -107.11330    170.000    12.5560    12.5554    12.5332    34.8112    34.8191  1027.0949    26.3347 7.1446e-02      0.415  260.60168     0.1336    96.7144     0.0322     0.0362 4.2561e-03       7752         22 0.0000e+00
    169.918   16.52356 -107.11330    171.000    12.5110    12.5109    12.4881    34.8128    34.8205  1027.1096    26.3448 7.2387e-02      0.426  260.83970     0.1292    96.8225     0.0320     0.0361 4.2031e-03       7776         26 0.0000e+00
    170.911   16.52356 -107.11330    172.000    12.4851    12.4852    12.4622    34.8110    34.8189  1027.1178    26.3485 7.1414e-02      0.428  260.98154     0.1141    97.1882     0.0320     0.0362 4.1995e-03       7801         25 0.0000e+00
    171.904   16.52356 -107.11330    173.000    12.4683    12.4681    12.4452    34.8095    34.8173  1027.1244    26.3506 7.4065e-02      0.451  261.07465     0.1194    97.0585     0.0320     0.0363 4.1414e-03       7826         24 0.0000e+00
    172.897   16.52356 -107.11330    174.000    12.4627    12.4624    12.4394    34.8085    34.8163  1027.1293    26.3510 7.1779e-02      0.425  261.10694     0.1257    96.9060     0.0319     0.0361 4.1960e-03       7850         24 0.0000e+00
    173.891   16.52356 -107.11330    175.000    12.4604    12.4603    12.4370    34.8078    34.8158  1027.1337    26.3509 7.1794e-02      0.421  261.12048     0.1288    96.8327     0.0320     0.0361 4.1441e-03       7875         25 0.0000e+00
    174.884   16.52356 -107.11330    176.000    12.4541    12.4538    12.4306    34.8068    34.8148  1027.1386    26.3513 7.1902e-02      0.429  261.15593     0.1196    97.0539     0.0320     0.0363 3.9986e-03       7901         27 0.0000e+00
    175.877   16.52356 -107.11330    177.000    12.4315    12.4310    12.4079    34.8048    34.8125  1027.1460    26.3542 7.2625e-02      0.429  261.28120     0.1215    97.0078     0.0321     0.0362 4.0149e-03       7929         29 0.0000e+00
    176.870   16.52356 -107.11330    178.000    12.3974    12.3971    12.3737    34.8027    34.8106  1027.1556    26.3592 7.2606e-02      0.430  261.46869     0.1002    97.5260     0.0322     0.0363 3.8547e-03       7958         28 0.0000e+00
    177.863   16.52356 -107.11330    179.000    12.3823    12.3823    12.3585    34.8016    34.8093  1027.1622    26.3613 7.2676e-02      0.421  261.55192     0.0772    98.0880     0.0321     0.0362 3.7509e-03       7985         25 0.0000e+00
    178.857   16.52356 -107.11330    180.000    12.3700    12.3699    12.3462    34.8009    34.8087  1027.1685    26.3631 7.2649e-02      0.411  261.61923     0.0761    98.1157     0.0323     0.0361 3.5557e-03       8009         24 0.0000e+00
    179.850   16.52356 -107.11330    181.000    12.3460    12.3455    12.3220    34.7992    34.8069  1027.1764    26.3665 7.2561e-02      0.455  261.75223     0.0757    98.1255     0.0319     0.0362 3.5250e-03       8031         21 0.0000e+00
    180.844   16.52356 -107.11330    182.000    12.3205    12.3203    12.2964    34.7977    34.8055  1027.1848    26.3703 7.2562e-02      0.431  261.89269     0.0824    97.9621     0.0321     0.0362 3.7294e-03       8053         21 0.0000e+00
    181.836   16.52356 -107.11330    183.000    12.2964    12.2960    12.2722    34.7960    34.8036  1027.1926    26.3736 7.0493e-02      0.415  262.02595     0.0815    97.9842     0.0320     0.0361 3.1352e-03       8073         20 0.0000e+00
    182.829   16.52356 -107.11330    184.000    12.2677    12.2674    12.2434    34.7945    34.8023  1027.2016    26.3780 7.2592e-02      0.403  262.18396     0.0836    97.9317     0.0317     0.0359 3.2620e-03       8093         21 0.0000e+00
    183.823   16.52356 -107.11330    185.000    12.2524    12.2522    12.2280    34.7931    34.8009  1027.2080    26.3799 7.1891e-02      0.436  262.26921     0.0775    98.0825     0.0319     0.0359 3.2109e-03       8115         24 0.0000e+00
    184.816   16.52356 -107.11330    186.000    12.2360    12.2360    12.2115    34.7916    34.7994  1027.2145    26.3819 7.8579e-02      0.426  262.36071     0.0755    98.1291     0.0319     0.0360 3.1323e-03       8140         26 0.0000e+00
    185.809   16.52356 -107.11330    187.000    12.2286    12.2287    12.2039    34.7908    34.7985  1027.2198    26.3827 6.9205e-02      0.394  262.40275     0.0758    98.1225     0.0318     0.0361 2.9150e-03       8166         24 0.0000e+00
    186.803   16.52356 -107.11331    188.000    12.2249    12.2250    12.2002    34.7900    34.7978  1027.2244    26.3828 7.1707e-02      0.395  262.42394     0.0755    98.1307     0.0319     0.0359 2.9204e-03       8192         24 0.0000e+00
    187.795   16.52356 -107.11332    189.000    12.2185    12.2185    12.1937    34.7890    34.7968  1027.2294    26.3833 6.9407e-02      0.390  262.46033     0.0756    98.1283     0.0317     0.0358 2.8609e-03       8218         27 0.0000e+00
    188.789   16.52356 -107.11332    190.000    12.2094    12.2095    12.1844    34.7883    34.7961  1027.2350    26.3844 7.1681e-02      0.348  262.51136     0.0756    98.1268     0.0318     0.0359 2.8624e-03       8246         30 0.0000e+00
    189.782   16.52356 -107.11332    191.000    12.2044    12.2046    12.1792    34.7876    34.7955  1027.2400    26.3849 7.2135e-02      0.375  262.53980     0.0758    98.1221     0.0319     0.0358 2.8624e-03       8277         29 0.0000e+00
    190.775   16.52356 -107.11332    192.000    12.1985    12.1985    12.1733    34.7870    34.7948  1027.2451    26.3855 6.9525e-02      0.376  262.57273     0.0761    98.1152     0.0318     0.0358 2.8624e-03       8306         28 0.0000e+00
    191.768   16.52356 -107.11331    193.000    12.1927    12.1928    12.1673    34.7863    34.7941  1027.2502    26.3861 7.0088e-02      0.375  262.60577     0.0759    98.1214     0.0317     0.0356 2.8624e-03       8332         23 0.0000e+00
    192.761   16.52356 -107.11330    194.000    12.1859    12.1858    12.1604    34.7855    34.7934  1027.2553    26.3868 6.8461e-02      0.366  262.64380     0.0761    98.1155     0.0317     0.0358 2.7400e-03       8354         23 0.0000e+00
    193.754   16.52356 -107.11330    195.000    12.1681    12.1677    12.1425    34.7840    34.7920  1027.2622    26.3891 7.0689e-02      0.377  262.74349     0.0760    98.1178     0.0318     0.0357 2.6819e-03       8377         23 0.0000e+00
    194.748   16.52356 -107.11330    196.000    12.1455    12.1450    12.1198    34.7826    34.7906  1027.2700    26.3924 7.0028e-02      0.334  262.86879     0.0756    98.1283     0.0317     0.0356 2.8084e-03       8401         25 0.0000e+00
    195.741   16.52356 -107.11330    197.000    12.1221    12.1216    12.0963    34.7814    34.7893  1027.2781    26.3959 6.6794e-02      0.378  262.99857     0.0763    98.1110     0.0317     0.0358 2.4286e-03       8432         35 0.0000e+00
    196.734   16.52356 -107.11330    198.000    12.0853    12.0851    12.0594    34.7797    34.7876  1027.2885    26.4017 6.8304e-02      0.432  263.20209     0.0767    98.1000     0.0317     0.0360 2.3630e-03       8470         39 0.0000e+00
    197.727   16.52356 -107.11331    199.000    12.0698    12.0702    12.0438    34.7786    34.7865  1027.2951    26.4038 6.9494e-02      0.377  263.28878     0.0760    98.1179     0.0318     0.0358 2.3896e-03       8513         50 0.0000e+00
