data/ctd-cnv/SKQ1617/SKQ1617-St16-P2/skq201617s-036avg.cnv
* Sea-Bird SBE 9 Data File:
* FileName = D:\CTD\SKQ201617S\SKQ201617S-036.hex
* Software Version Seasave V 7.22.5
* Temperature SN = 5773
* Conductivity SN = 2251
* Number of Bytes Per Scan = 37
* Number of Voltage Words = 4
* Number of Scans Averaged by the Deck Unit = 1
* NMEA Latitude = 16 32.43 N
* NMEA Longitude = 107 03.93 W
* NMEA UTC (Time) = Jan 10 2017  14:01:04
* NMEA baud rate = 4800
** Ship: R/V Sikuliaq
** Station Number: 36
** Station Name: Station 16/P2
** Depth: 4017
** Operator: CF
# nquan = 20
# nvalues = 503                         
# units = specified
# name 0 = depSM: Depth [salt water, m]
# name 1 = latitude: Latitude [deg]
# name 2 = longitude: Longitude [deg]
# name 3 = prDM: Pressure, Digiquartz [db]
# name 4 = t090C: Temperature [ITS-90, deg C]
# name 5 = t190C: Temperature, 2 [ITS-90, deg C]
# name 6 = potemp090C: Potential Temperature [ITS-90, deg C]
# name 7 = sal00: Salinity, Practical [PSU]
# name 8 = sal11: Salinity, Practical, 2 [PSU]
# name 9 = density00: Density [density, kg/m^3]
# name 10 = sigma-t00: Density [sigma-t, kg/m^3 ]
# name 11 = flSP: Fluorescence, Seapoint
# name 12 = sbox0Mm/Kg: Oxygen, SBE 43 [umol/kg]
# name 13 = oxsolMm/Kg: Oxygen Saturation, Garcia & Gordon [umol/kg]
# name 14 = CStarAt0: Beam Attenuation, WET Labs C-Star [1/m]
# name 15 = CStarTr0: Beam Transmission, WET Labs C-Star [%]
# name 16 = par: PAR/Irradiance, Biospherical/Licor
# name 17 = scan: Scan Count
# name 18 = nbin: number of scans per bin
# name 19 = flag: flag
# span 0 =      2.982,    501.399       
# span 1 =   16.54058,   16.54058       
# span 2 = -107.06558, -107.06556       
# span 3 =      3.000,    505.000       
# span 4 =     8.4428,    28.8320       
# span 5 =     8.4422,    28.8319       
# span 6 =     8.3895,    28.8254       
# span 7 =    33.6028,    34.8122       
# span 8 =    33.6130,    34.8203       
# span 9 =  1021.0868,  1029.1669       
# span 10 =    21.0723,    26.8821      
# span 11 = 6.5939e-02, 1.6851e+00      
# span 12 =     -0.150,    191.594      
# span 13 =  195.98134,  284.95915      
# span 14 =     0.0668,     0.2407      
# span 15 =    94.1597,    98.3433      
# span 16 = -8.569e-08, 1.2655e+02      
# span 17 =        187,      20711      
# span 18 =          1,       1304      
# span 19 = 0.0000e+00, 0.0000e+00      
# interval = decibars: 1                
# start_time = Jan 10 2017 14:01:04 [NMEA time, header]
# bad_flag = -9.990e-29
*END*
[from data line 145]
    147.071   16.54058 -107.06558    148.000    13.0634    13.0631    13.0430    34.7937    34.8014  1026.8810    26.2203 2.5517e-01      0.579  257.94425     0.1415    96.5237 1.1277e-02       7894         24 0.0000e+00
    148.065   16.54058 -107.06558    149.000    13.0328    13.0331    13.0124    34.7942    34.8021  1026.8921    26.2269 2.4053e-01      0.549  258.10384     0.1424    96.5036 1.1277e-02       7920         28 0.0000e+00
    149.058   16.54058 -107.06558    150.000    13.0240    13.0238    13.0034    34.7940    34.8020  1026.8982    26.2285 2.3355e-01      0.541  258.15063     0.1418    96.5164 1.0825e-02       7948         25 0.0000e+00
    150.051   16.54058 -107.06558    151.000    13.0098    13.0088    12.9890    34.7952    34.8030  1026.9065    26.2323 2.1320e-01      0.555  258.22317     0.1408    96.5411 1.0488e-02       7971         20 0.0000e+00
    151.045   16.54058 -107.06558    152.000    12.9896    12.9888    12.9687    34.7974    34.8055  1026.9167    26.2380 1.9727e-01      0.555  258.32552     0.1404    96.5511 1.0006e-02       7990         18 0.0000e+00
    152.038   16.54058 -107.06558    153.000    12.9746    12.9747    12.9537    34.7978    34.8058  1026.9245    26.2413 1.8789e-01      0.555  258.40344     0.1388    96.5893 9.9463e-03       8007         17 0.0000e+00
    153.031   16.54058 -107.06558    154.000    12.9449    12.9450    12.9238    34.7996    34.8074  1026.9364    26.2486 1.7269e-01      0.556  258.55710     0.1393    96.5780 9.8648e-03       8026         20 0.0000e+00
    154.025   16.54058 -107.06558    155.000    12.9205    12.9201    12.8993    34.8011    34.8087  1026.9470    26.2547 1.6323e-01      0.547  258.68297     0.1390    96.5835 9.7487e-03       8052         34 0.0000e+00
    155.018   16.54058 -107.06558    156.000    12.8965    12.8976    12.8753    34.8003    34.8085  1026.9556    26.2589 1.5643e-01      0.508  258.81079     0.1389    96.5860 9.7228e-03       8093         40 0.0000e+00
    156.011   16.54058 -107.06558    157.000    12.8407    12.8409    12.8194    34.8018    34.8096  1026.9725    26.2712 1.2677e-01      0.519  259.10318     0.1379    96.6113 9.5721e-03       8123         24 0.0000e+00
    157.004   16.54058 -107.06558    158.000    12.8245    12.8245    12.8031    34.8028    34.8108  1026.9810    26.2752 1.1614e-01      0.554  259.18703     0.1361    96.6547 9.0891e-03       8144         18 0.0000e+00
    157.998   16.54058 -107.06558    159.000    12.8168    12.8168    12.7952    34.8027    34.8107  1026.9869    26.2766 1.1264e-01      0.511  259.22832     0.1369    96.6358 9.0357e-03       8162         17 0.0000e+00
    158.991   16.54058 -107.06558    160.000    12.8115    12.8116    12.7898    34.8026    34.8106  1026.9924    26.2776 1.1297e-01      0.502  259.25646     0.1380    96.6097 9.0492e-03       8181         19 0.0000e+00
    159.984   16.54058 -107.06558    161.000    12.8091    12.8090    12.7872    34.8024    34.8104  1026.9972    26.2779 1.1554e-01      0.446  259.26975     0.1375    96.6210 8.9499e-03       8201         23 0.0000e+00
    160.978   16.54058 -107.06558    162.000    12.8020    12.8019    12.7800    34.8023    34.8103  1027.0030    26.2793 1.1258e-01      0.402  259.30729     0.1383    96.6011 8.4686e-03       8227         28 0.0000e+00
    161.971   16.54058 -107.06558    163.000    12.7914    12.7911    12.7693    34.8032    34.8113  1027.0103    26.2821 1.0811e-01      0.474  259.36168     0.1215    97.0092 8.7976e-03       8256         29 0.0000e+00
    162.964   16.54058 -107.06558    164.000    12.7794    12.7793    12.7572    34.8046    34.8128  1027.0183    26.2856 1.0143e-01      0.449  259.42295     0.0838    97.9277 8.5029e-03       8285         28 0.0000e+00
    163.958   16.54058 -107.06558    165.000    12.7728    12.7730    12.7505    34.8055    34.8137  1027.0248    26.2875 1.0058e-01      0.427  259.45641     0.0991    97.5551 8.4009e-03       8312         26 0.0000e+00
    164.951   16.54058 -107.06558    166.000    12.7668    12.7671    12.7443    34.8064    34.8144  1027.0311    26.2894 9.5964e-02      0.428  259.48691     0.0826    97.9566 8.4578e-03       8336         22 0.0000e+00
    165.944   16.54058 -107.06558    167.000    12.7258    12.7266    12.7032    34.8070    34.8149  1027.0443    26.2980 8.9340e-02      0.385  259.70354     0.0825    97.9595 8.4565e-03       8357         20 0.0000e+00
    166.938   16.54058 -107.06558    168.000    12.6863    12.6860    12.6636    34.8096    34.8176  1027.0587    26.3078 8.3259e-02      0.448  259.90910     0.0814    97.9846 8.0854e-03       8376         19 0.0000e+00
    167.931   16.54058 -107.06558    169.000    12.6779    12.6775    12.6551    34.8088    34.8169  1027.0642    26.3088 8.3097e-02      0.467  259.95503     0.0808    97.9992 8.2312e-03       8395         19 0.0000e+00
    168.924   16.54058 -107.06558    170.000    12.6474    12.6469    12.6245    34.8086    34.8166  1027.0746    26.3147 8.1030e-02      0.430  260.11781     0.0810    97.9960 8.1034e-03       8416         27 0.0000e+00
    169.917   16.54058 -107.06558    171.000    12.6358    12.6360    12.6128    34.8080    34.8161  1027.0810    26.3166 8.1168e-02      0.458  260.18073     0.0809    97.9984 7.6593e-03       8453         44 0.0000e+00
    170.910   16.54058 -107.06558    172.000    12.6299    12.6299    12.6067    34.8073    34.8154  1027.0861    26.3172 8.1350e-02      0.381  260.21374     0.0807    98.0015 7.3812e-03       8492         29 0.0000e+00
    171.904   16.54058 -107.06558    173.000    12.6242    12.6241    12.6009    34.8074    34.8155  1027.0918    26.3184 7.6687e-02      0.428  260.24411     0.0801    98.0177 7.0489e-03       8515         19 0.0000e+00
    172.897   16.54058 -107.06558    174.000    12.6207    12.6206    12.5973    34.8073    34.8154  1027.0968    26.3190 7.9696e-02      0.420  260.26262     0.0798    98.0266 7.0521e-03       8534         16 0.0000e+00
    173.891   16.54058 -107.06558    175.000    12.6136    12.6136    12.5901    34.8073    34.8154  1027.1027    26.3204 7.4956e-02      0.397  260.30047     0.0799    98.0243 7.0521e-03       8552         19 0.0000e+00
    174.884   16.54058 -107.06558    176.000    12.6037    12.6036    12.5800    34.8077    34.8159  1027.1095    26.3227 7.5800e-02      0.415  260.35286     0.0798    98.0247 7.0521e-03       8573         23 0.0000e+00
    175.877   16.54058 -107.06558    177.000    12.5993    12.5992    12.5755    34.8079    34.8161  1027.1150    26.3237 7.5564e-02      0.427  260.37582     0.0807    98.0013 7.0521e-03       8598         27 0.0000e+00
    176.870   16.54058 -107.06558    178.000    12.5913    12.5914    12.5674    34.8079    34.8160  1027.1210    26.3253 7.5606e-02      0.416  260.41844     0.0802    98.0148 6.9938e-03       8625         25 0.0000e+00
    177.864   16.54058 -107.06558    179.000    12.5490    12.5494    12.5250    34.8104    34.8183  1027.1358    26.3355 7.1088e-02      0.410  260.64068     0.0798    98.0260 6.7816e-03       8647         21 0.0000e+00
    178.857   16.54058 -107.06558    180.000    12.5152    12.5155    12.4912    34.8118    34.8199  1027.1482    26.3432 7.0951e-02      0.417  260.81863     0.0791    98.0433 6.6135e-03       8667         19 0.0000e+00
    179.850   16.54058 -107.06558    181.000    12.5071    12.5072    12.4829    34.8122    34.8203  1027.1546    26.3452 7.0576e-02      0.417  260.86158     0.0780    98.0674 6.4682e-03       8685         19 0.0000e+00
    180.843   16.54058 -107.06558    182.000    12.5061    12.5062    12.4818    34.8115    34.8198  1027.1587    26.3448 6.9118e-02      0.403  260.86814     0.0781    98.0650 6.7300e-03       8706         22 0.0000e+00
    181.836   16.54058 -107.06558    183.000    12.5040    12.5039    12.4795    34.8110    34.8193  1027.1632    26.3448 7.1316e-02      0.422  260.88033     0.0781    98.0663 6.3332e-03       8735         36 0.0000e+00
    182.829   16.54058 -107.06558    184.000    12.4993    12.4992    12.4747    34.8103    34.8184  1027.1680    26.3452 6.8064e-02      0.405  260.90682     0.0784    98.0581 5.8724e-03       8774         37 0.0000e+00
    183.822   16.54058 -107.06558    185.000    12.4833    12.4837    12.4586    34.8090    34.8172  1027.1747    26.3473 6.9467e-02      0.417  260.99502     0.0775    98.0803 5.6537e-03       8808         31 0.0000e+00
    184.816   16.54058 -107.06558    186.000    12.4638    12.4640    12.4390    34.8080    34.8161  1027.1822    26.3503 7.0339e-02      0.406  261.10167     0.0776    98.0791 5.6516e-03       8835         24 0.0000e+00
    185.809   16.54058 -107.06558    187.000    12.4531    12.4530    12.4281    34.8066    34.8146  1027.1878    26.3514 7.2198e-02      0.400  261.16180     0.0785    98.0571 5.6516e-03       8858         21 0.0000e+00
    186.802   16.54058 -107.06558    188.000    12.4389    12.4388    12.4138    34.8053    34.8132  1027.1940    26.3531 6.9977e-02      0.404  261.24054     0.0786    98.0545 5.6516e-03       8878         20 0.0000e+00
    187.795   16.54058 -107.06558    189.000    12.4247    12.4243    12.3995    34.8035    34.8115  1027.1999    26.3545 6.9606e-02      0.409  261.32032     0.0780    98.0675 5.6516e-03       8897         18 0.0000e+00
    188.788   16.54058 -107.06558    190.000    12.4070    12.4068    12.3817    34.8019    34.8099  1027.2066    26.3567 7.0250e-02      0.400  261.41841     0.0786    98.0548 5.6516e-03       8915         17 0.0000e+00
    189.782   16.54058 -107.06558    191.000    12.3970    12.3969    12.3716    34.8006    34.8087  1027.2121    26.3577 7.3515e-02      0.390  261.47441     0.0780    98.0678 5.7232e-03       8934         20 0.0000e+00
    190.775   16.54058 -107.06558    192.000    12.3748    12.3746    12.3493    34.7997    34.8077  1027.2202    26.3613 6.9706e-02      0.407  261.59594     0.0778    98.0721 5.6505e-03       8955         22 0.0000e+00
    191.768   16.54058 -107.06558    193.000    12.3690    12.3690    12.3434    34.7993    34.8074  1027.2255    26.3620 7.0027e-02      0.381  261.62790     0.0780    98.0679 5.5964e-03       8979         26 0.0000e+00
    192.761   16.54058 -107.06558    194.000    12.3588    12.3589    12.3330    34.7986    34.8067  1027.2315    26.3635 7.0003e-02      0.369  261.68406     0.0780    98.0693 5.3864e-03       9007         27 0.0000e+00
    193.754   16.54058 -107.06558    195.000    12.3465    12.3483    12.3206    34.7974    34.8057  1027.2374    26.3650 6.9989e-02      0.352  261.75291     0.0785    98.0568 5.2443e-03       9035         28 0.0000e+00
    194.747   16.54058 -107.06558    196.000    12.3262    12.3261    12.3003    34.7958    34.8036  1027.2447    26.3677 7.0570e-02      0.418  261.86496     0.0783    98.0622 5.2458e-03       9064         31 0.0000e+00
    195.741   16.54058 -107.06558    197.000    12.3050    12.3053    12.2790    34.7944    34.8024  1027.2522    26.3707 6.9033e-02      0.366  261.98196     0.0778    98.0738 4.5966e-03       9099         35 0.0000e+00
    196.734   16.54058 -107.06558    198.000    12.2985    12.2985    12.2723    34.7935    34.8016  1027.2573    26.3713 7.1925e-02      0.401  262.01917     0.0777    98.0749 4.4135e-03       9130         25 0.0000e+00
    197.727   16.54058 -107.06558    199.000    12.2839    12.2838    12.2576    34.7924    34.8005  1027.2638    26.3733 6.8977e-02      0.385  262.09993     0.0786    98.0540 4.2508e-03       9152         20 0.0000e+00
    198.720   16.54058 -107.06558    200.000    12.2626    12.2624    12.2362    34.7914    34.7993  1027.2717    26.3766 7.1409e-02      0.373  262.21727     0.0787    98.0519 4.2551e-03       9169         16 0.0000e+00
    199.713   16.54058 -107.06558    201.000    12.2495    12.2494    12.2230    34.7906    34.7988  1027.2781    26.3785 7.2550e-02      0.390  262.28941     0.0786    98.0537 4.3501e-03       9185         15 0.0000e+00
    200.706   16.54058 -107.06558    202.000    12.2232    12.2226    12.1966    34.7887    34.7964  1027.2862    26.3821 7.1340e-02      0.348  262.43572     0.0783    98.0610 4.2566e-03       9202         17 0.0000e+00
    201.699   16.54058 -107.06558    203.000    12.1967    12.1965    12.1700    34.7880    34.7960  1027.2954    26.3867 7.0889e-02      0.376  262.58043     0.0776    98.0773 4.3134e-03       9221         23 0.0000e+00
    202.693   16.54058 -107.06558    204.000    12.1786    12.1786    12.1518    34.7870    34.7949  1027.3027    26.3894 7.1252e-02      0.366  262.68082     0.0776    98.0780 4.2581e-03       9250         35 0.0000e+00
    203.685   16.54058 -107.06558    205.000    12.1612    12.1614    12.1343    34.7852    34.7932  1027.3091    26.3913 6.8902e-02      0.350  262.77865     0.0778    98.0741 4.1715e-03       9286         34 0.0000e+00
    204.678   16.54058 -107.06558    206.000    12.1532    12.1533    12.1262    34.7840    34.7921  1027.3142    26.3920 6.9751e-02      0.365  262.82402     0.0779    98.0709 3.9297e-03       9316         26 0.0000e+00
    205.672   16.54058 -107.06558    207.000    12.1301    12.1299    12.1030    34.7821    34.7900  1027.3217    26.3949 7.0121e-02      0.299  262.95352     0.0778    98.0730 3.9900e-03       9339         21 0.0000e+00
    206.665   16.54058 -107.06558    208.000    12.1038    12.1038    12.0766    34.7812    34.7893  1027.3307    26.3993 7.0147e-02      0.269  263.09824     0.0781    98.0660 3.6147e-03       9360         20 0.0000e+00
    207.658   16.54058 -107.06558    209.000    12.0895    12.0894    12.0622    34.7802    34.7883  1027.3371    26.4012 7.1344e-02      0.411  263.17812     0.0776    98.0769 3.7526e-03       9383         25 0.0000e+00
    208.651   16.54058 -107.06558    210.000    12.0688    12.0686    12.0413    34.7791    34.7870  1027.3448    26.4044 7.0923e-02      0.323  263.29334     0.0790    98.0441 3.4800e-03       9408         25 0.0000e+00
    209.644   16.54058 -107.06558    211.000    12.0472    12.0471    12.0197    34.7783    34.7862  1027.3529    26.4079 6.9877e-02      0.308  263.41248     0.0795    98.0328 3.5052e-03       9434         26 0.0000e+00
    210.637   16.54058 -107.06558    212.000    12.0307    12.0305    12.0031    34.7771    34.7851  1027.3596    26.4101 6.9593e-02      0.323  263.50469     0.0787    98.0522 3.3423e-03       9460         26 0.0000e+00
    211.630   16.54058 -107.06558    213.000    12.0069    12.0069    11.9791    34.7764    34.7845  1027.3682    26.4141 7.0018e-02      0.288  263.63625     0.0785    98.0559 3.1312e-03       9485         26 0.0000e+00
    212.623   16.54058 -107.06558    214.000    11.9899    11.9898    11.9621    34.7755    34.7833  1027.3753    26.4166 7.1238e-02      0.306  263.73078     0.0777    98.0753 2.8640e-03       9508         20 0.0000e+00
    213.616   16.54058 -107.06558    215.000    11.9655    11.9653    11.9375    34.7750    34.7829  1027.3841    26.4209 6.9190e-02      0.393  263.86544     0.0776    98.0781 2.8624e-03       9530         21 0.0000e+00
    214.609   16.54058 -107.06558    216.000    11.9530    11.9517    11.9250    34.7735    34.7814  1027.3899    26.4221 7.0367e-02      0.296  263.93654     0.0777    98.0767 2.9344e-03       9550         20 0.0000e+00
    215.602   16.54058 -107.06558    217.000    11.9092    11.9086    11.8811    34.7730    34.7812  1027.4025    26.4301 7.0777e-02      0.304  264.17783     0.0782    98.0630 2.8620e-03       9574         28 0.0000e+00
    216.595   16.54058 -107.06558    218.000    11.8906    11.8907    11.8624    34.7724    34.7803  1027.4100    26.4331 7.0072e-02      0.330  264.28083     0.0777    98.0763 2.8624e-03       9603         31 0.0000e+00
    217.588   16.54058 -107.06558    219.000    11.8739    11.8745    11.8456    34.7711    34.7792  1027.4168    26.4353 7.0879e-02      0.279  264.37510     0.0770    98.0944 2.8624e-03       9632         26 0.0000e+00
