data/ctd-cnv/SKQ1617/SKQ1617-St16-P2/skq201617s-034avg.cnv
* Sea-Bird SBE 9 Data File:
* FileName = D:\CTD\SKQ201617S\SKQ201617S-034.hex
* Software Version Seasave V 7.22.5
* Temperature SN = 5773
* Conductivity SN = 2251
* Number of Bytes Per Scan = 37
* Number of Voltage Words = 4
* Number of Scans Averaged by the Deck Unit = 1
* NMEA Latitude = 16 31.84 N
* NMEA Longitude = 107 06.22 W
* NMEA UTC (Time) = Jan 09 2017  12:20:00
* NMEA baud rate = 4800
** Ship: R/V Sikuliaq
** Station Number: 34
** Station Name: Station 16/P2
** Depth: 3693
** Operator: cm
# nquan = 22
# nvalues = 502                         
# units = specified
# name 0 = depSMignore: Depth [salt water, m]
# name 1 = latitude: Latitude [deg]
# name 2 = longitude: Longitude [deg]
# name 3 = prDM: Pressure, Digiquartz [db]
# name 4 = t090C: Temperature [ITS-90, deg C]
# name 5 = t190C: Temperature, 2 [ITS-90, deg C]
# name 6 = potemp090C: Potential Temperature [ITS-90, deg C]
# name 7 = sal00: Salinity, Practical [PSU]
# name 8 = sal11: Salinity, Practical, 2 [PSU]
# name 9 = density00: Density [density, kg/m^3]
# name 10 = sigma-t00: Density [sigma-t, kg/m^3 ]
# name 11 = flSP: Fluorescence, Seapoint
# name 12 = sbox0Mm/Kg: Oxygen, SBE 43 [umol/kg]
# name 13 = oxsolMm/Kg: Oxygen Saturation, Garcia & Gordon [umol/kg]
# name 14 = CStarAt0: Beam Attenuation, WET Labs C-Star [1/m]
# name 15 = CStarTr0: Beam Transmission, WET Labs C-Star [%]
# name 16 = v2: Voltage 2
# name 17 = v3: Voltage 3
# name 18 = par: PAR/Irradiance, Biospherical/Licor
# name 19 = scan: Scan Count
# name 20 = nbin: number of scans per bin
# name 21 = flag: flag
# span 0 =      3.976,    501.399       
# span 1 =   16.53064,   16.53064       
# span 2 = -107.10372, -107.10370       
# span 3 =      4.000,    505.000       
# span 4 =     8.2946,    28.5763       
# span 5 =     8.2953,    28.5751       
# span 6 =     8.2418,    28.5748       
# span 7 =    33.5113,    34.8168       
# span 8 =    33.5217,    34.8254       
# span 9 =  1021.1227,  1029.1842       
# span 10 =    21.1046,    26.8927      
# span 11 = 6.6495e-02, 1.3761e+00      
# span 12 =      0.082,    194.479      
# span 13 =  196.86889,  285.93021      
# span 14 =     0.0630,     0.2098      
# span 15 =    94.8898,    98.4379      
# span 16 =     0.0296,     0.0337      
# span 17 =     0.0303,     0.0365      
# span 18 = -2.137e-09, 4.5205e-01      
# span 19 =        467,      18972      
# span 20 =         16,       1169      
# span 21 = 0.0000e+00, 0.0000e+00      
# interval = decibars: 1                
# start_time = Jan 09 2017 12:20:00 [NMEA time, header]
# bad_flag = -9.990e-29
*END*
[from data line 198]
    200.706   16.53064 -107.10372    202.000    12.1454    12.1472    12.1189    34.7837    34.7924  1027.2977    26.3932 6.7295e-02      0.284  262.86729     0.0754    98.1320     0.0316     0.0325 3.1452e-03       8813         20 0.0000e+00
    201.700   16.53064 -107.10372    203.000    12.1373    12.1382    12.1107    34.7834    34.7920  1027.3035    26.3945 6.9963e-02      0.361  262.91187     0.0754    98.1315     0.0317     0.0323 3.0029e-03       8833         21 0.0000e+00
    202.692   16.53064 -107.10372    204.000    12.1312    12.1307    12.1044    34.7827    34.7911  1027.3086    26.3952 6.7781e-02      0.329  262.94657     0.0749    98.1456     0.0317     0.0326 2.9840e-03       8855         23 0.0000e+00
    203.685   16.53064 -107.10372    205.000    12.1207    12.1209    12.0939    34.7819    34.7905  1027.3145    26.3966 6.8857e-02      0.307  263.00495     0.0750    98.1428     0.0317     0.0326 2.9739e-03       8880         25 0.0000e+00
    204.678   16.53064 -107.10372    206.000    12.1009    12.1006    12.0739    34.7806    34.7890  1027.3218    26.3993 6.7625e-02      0.436  263.11557     0.0753    98.1347     0.0317     0.0324 2.9210e-03       8905         24 0.0000e+00
    205.672   16.53064 -107.10372    207.000    12.0718    12.0723    12.0447    34.7796    34.7881  1027.3313    26.4042 6.8555e-02      0.297  263.27599     0.0745    98.1533     0.0317     0.0326 2.8575e-03       8931         23 0.0000e+00
    206.665   16.53064 -107.10372    208.000    12.0455    12.0453    12.0183    34.7784    34.7869  1027.3399    26.4083 6.8108e-02      0.346  263.42164     0.0749    98.1450     0.0317     0.0324 2.8624e-03       8960         32 0.0000e+00
    207.658   16.53064 -107.10372    209.000    12.0247    12.0244    11.9974    34.7775    34.7861  1027.3478    26.4116 6.9181e-02      0.357  263.53693     0.0752    98.1362     0.0317     0.0324 2.8226e-03       8994         35 0.0000e+00
    208.651   16.53064 -107.10372    210.000    12.0150    12.0152    11.9877    34.7768    34.7854  1027.3536    26.4129 7.0287e-02      0.320  263.59090     0.0749    98.1455     0.0317     0.0326 2.8125e-03       9027         28 0.0000e+00
    209.644   16.53064 -107.10372    211.000    12.0110    12.0115    11.9835    34.7765    34.7851  1027.3586    26.4134 6.8616e-02      0.384  263.61335     0.0742    98.1610     0.0316     0.0323 2.8645e-03       9051         20 0.0000e+00
    210.637   16.53064 -107.10372    212.000    12.0074    12.0078    11.9798    34.7762    34.7848  1027.3635    26.4139 7.0561e-02      0.358  263.63352     0.0736    98.1774     0.0316     0.0322 2.8624e-03       9069         17 0.0000e+00
    211.630   16.53064 -107.10372    213.000    12.0041    12.0047    11.9764    34.7760    34.7844  1027.3685    26.4143 7.0681e-02      0.347  263.65217     0.0744    98.1573     0.0316     0.0326 2.8624e-03       9086         17 0.0000e+00
    212.623   16.53064 -107.10372    214.000    12.0012    12.0016    11.9734    34.7757    34.7842  1027.3732    26.4146 6.8297e-02      0.306  263.66849     0.0748    98.1472     0.0316     0.0322 2.5346e-03       9102         17 0.0000e+00
    213.616   16.53064 -107.10372    215.000    11.9955    11.9952    11.9675    34.7748    34.7833  1027.3781    26.4150 6.8721e-02      0.291  263.70170     0.0753    98.1354     0.0316     0.0323 2.6628e-03       9121         21 0.0000e+00
    214.610   16.53064 -107.10372    216.000    11.9811    11.9814    11.9530    34.7741    34.7826  1027.3848    26.4172 6.8982e-02      0.351  263.78190     0.0754    98.1321     0.0317     0.0325 2.5404e-03       9146         30 0.0000e+00
    215.602   16.53064 -107.10372    217.000    11.9691    11.9692    11.9409    34.7732    34.7818  1027.3909    26.4188 6.8192e-02      0.249  263.84885     0.0749    98.1438     0.0316     0.0325 2.4238e-03       9179         32 0.0000e+00
    216.595   16.53064 -107.10372    218.000    11.9585    11.9601    11.9301    34.7729    34.7812  1027.3972    26.4206 6.7979e-02      0.345  263.90789     0.0743    98.1578     0.0316     0.0323 2.1899e-03       9208         25 0.0000e+00
    217.589   16.53064 -107.10372    219.000    11.9408    11.9404    11.9123    34.7718    34.7802  1027.4043    26.4231 6.9127e-02      0.308  264.00709     0.0745    98.1539     0.0316     0.0324 1.9081e-03       9231         22 0.0000e+00
    218.581   16.53064 -107.10372    220.000    11.9277    11.9296    11.8992    34.7715    34.7799  1027.4111    26.4254 6.7973e-02      0.282  264.07923     0.0750    98.1413     0.0316     0.0323 1.8337e-03       9254         23 0.0000e+00
    219.575   16.53064 -107.10372    221.000    11.9062    11.9068    11.8776    34.7721    34.7805  1027.4202    26.4299 6.8841e-02      0.312  264.19603     0.0750    98.1416     0.0316     0.0324 1.7988e-03       9280         30 0.0000e+00
    220.568   16.53064 -107.10372    222.000    11.8892    11.8893    11.8605    34.7720    34.7805  1027.4279    26.4331 6.7979e-02      0.297  264.28946     0.0746    98.1508     0.0317     0.0325 1.6221e-03       9309         29 0.0000e+00
    221.561   16.53064 -107.10372    223.000    11.8743    11.8743    11.8455    34.7708    34.7793  1027.4343    26.4350 6.8219e-02      0.268  264.37360     0.0746    98.1521     0.0317     0.0323 1.5331e-03       9336         24 0.0000e+00
    222.554   16.53064 -107.10372    224.000    11.8589    11.8590    11.8300    34.7701    34.7785  1027.4412    26.4373 6.8492e-02      0.282  264.45960     0.0742    98.1627     0.0315     0.0322 1.6107e-03       9358         20 0.0000e+00
    223.546   16.53064 -107.10372    225.000    11.8382    11.8385    11.8092    34.7697    34.7782  1027.4494    26.4410 6.8982e-02      0.291  264.57422     0.0744    98.1565     0.0314     0.0323 1.4750e-03       9377         18 0.0000e+00
    224.539   16.53064 -107.10372    226.000    11.8132    11.8135    11.7840    34.7699    34.7784  1027.4589    26.4459 7.0457e-02      0.314  264.71174     0.0744    98.1564     0.0316     0.0322 1.3943e-03       9396         18 0.0000e+00
    225.533   16.53064 -107.10372    227.000    11.8079    11.8082    11.7787    34.7694    34.7776  1027.4640    26.4465 6.8746e-02      0.331  264.74169     0.0743    98.1601     0.0316     0.0324 1.4076e-03       9416         21 0.0000e+00
    226.526   16.53064 -107.10372    228.000    11.7974    11.7968    11.7681    34.7690    34.7774  1027.4701    26.4481 7.0442e-02      0.285  264.80023     0.0742    98.1626     0.0316     0.0324 1.4724e-03       9439         25 0.0000e+00
    227.519   16.53064 -107.10372    229.000    11.7792    11.7790    11.7497    34.7694    34.7779  1027.4785    26.4519 6.8241e-02      0.280  264.90016     0.0738    98.1709     0.0317     0.0327 1.1942e-03       9468         34 0.0000e+00
    228.511   16.53064 -107.10372    230.000    11.7753    11.7754    11.7457    34.7693    34.7777  1027.4836    26.4525 6.8421e-02      0.296  264.92185     0.0734    98.1838     0.0316     0.0326 8.3909e-04       9502         31 0.0000e+00
    229.505   16.53064 -107.10371    231.000    11.7733    11.7733    11.7435    34.7692    34.7777  1027.4884    26.4529 6.9795e-02      0.287  264.93305     0.0734    98.1826     0.0313     0.0323 1.3160e-03       9529         24 0.0000e+00
    230.497   16.53064 -107.10370    232.000    11.7667    11.7668    11.7368    34.7691    34.7775  1027.4941    26.4540 7.0668e-02      0.280  264.96967     0.0726    98.2005     0.0314     0.0323 4.6262e-04       9552         21 0.0000e+00
    231.490   16.53064 -107.10370    233.000    11.7612    11.7613    11.7312    34.7691    34.7775  1027.4995    26.4550 7.0099e-02      0.286  265.00003     0.0729    98.1945     0.0315     0.0324 5.2932e-04       9572         22 0.0000e+00
    232.483   16.53064 -107.10372    234.000    11.7489    11.7489    11.7188    34.7681    34.7766  1027.5057    26.4566 6.8999e-02      0.288  265.06989     0.0731    98.1907     0.0316     0.0324 2.7842e-04       9594         23 0.0000e+00
    233.476   16.53064 -107.10372    235.000    11.7230    11.7229    11.6928    34.7678    34.7761  1027.5148    26.4612 6.8147e-02      0.288  265.21355     0.0721    98.2125     0.0312     0.0322 1.4659e-04       9619         25 0.0000e+00
    234.469   16.53064 -107.10372    236.000    11.7070    11.7071    11.6768    34.7673    34.7756  1027.5220    26.4638 6.9011e-02      0.288  265.30279     0.0742    98.1617     0.0311     0.0322 2.9808e-04       9645         26 0.0000e+00
    235.462   16.53064 -107.10372    237.000    11.7016    11.7017    11.6712    34.7669    34.7752  1027.5272    26.4645 7.0137e-02      0.289  265.33362     0.0711    98.2382     0.0314     0.0324 1.4554e-04       9671         26 0.0000e+00
    236.455   16.53064 -107.10372    238.000    11.6971    11.6973    11.6666    34.7662    34.7746  1027.5320    26.4649 6.7920e-02      0.289  265.35950     0.0705    98.2537     0.0314     0.0321 2.0714e-04       9695         23 0.0000e+00
    237.448   16.53064 -107.10372    239.000    11.6927    11.6928    11.6621    34.7659    34.7742  1027.5371    26.4655 6.7932e-02      0.289  265.38462     0.0706    98.2515     0.0315     0.0324 8.8489e-05       9719         22 0.0000e+00
    238.441   16.53064 -107.10372    240.000    11.6826    11.6825    11.6519    34.7650    34.7735  1027.5428    26.4667 6.6757e-02      0.289  265.44229     0.0705    98.2527     0.0315     0.0326 8.8881e-05       9741         22 0.0000e+00
    239.434   16.53064 -107.10370    241.000    11.6752    11.6751    11.6444    34.7647    34.7732  1027.5485    26.4678 6.9223e-02      0.289  265.48368     0.0703    98.2575     0.0313     0.0322 8.5102e-05       9763         23 0.0000e+00
    240.427   16.53064 -107.10370    242.000    11.6716    11.6715    11.6406    34.7643    34.7728  1027.5533    26.4682 6.9003e-02      0.289  265.50486     0.0703    98.2577     0.0312     0.0322 8.8663e-05       9785         24 0.0000e+00
    241.420   16.53064 -107.10370    243.000    11.6673    11.6676    11.6362    34.7639    34.7724  1027.5583    26.4687 6.8871e-02      0.289  265.52926     0.0705    98.2539     0.0314     0.0324 8.5504e-05       9810         25 0.0000e+00
    242.413   16.53064 -107.10371    244.000    11.6656    11.6656    11.6344    34.7636    34.7721  1027.5629    26.4687 6.8962e-02      0.282  265.53912     0.0705    98.2520     0.0314     0.0324 8.5800e-05       9837         29 0.0000e+00
    243.405   16.53064 -107.10372    245.000    11.6627    11.6627    11.6313    34.7632    34.7717  1027.5676    26.4690 6.9316e-02      0.285  265.55590     0.0715    98.2277     0.0314     0.0323 8.2039e-05       9866         26 0.0000e+00
    244.399   16.53064 -107.10372    246.000    11.6602    11.6603    11.6287    34.7631    34.7715  1027.5725    26.4694 6.6951e-02      0.298  265.56988     0.0715    98.2283     0.0313     0.0325 8.1462e-05       9891         24 0.0000e+00
    245.391   16.53064 -107.10372    247.000    11.6558    11.6558    11.6242    34.7627    34.7712  1027.5774    26.4699 6.9262e-02      0.290  265.59514     0.0710    98.2396     0.0310     0.0322 8.0801e-05       9913         22 0.0000e+00
    246.384   16.53064 -107.10372    248.000    11.6485    11.6489    11.6168    34.7622    34.7705  1027.5830    26.4709 6.8278e-02      0.290  265.63635     0.0710    98.2407     0.0310     0.0321 8.0801e-05       9935         22 0.0000e+00
    247.377   16.53064 -107.10372    249.000    11.6414    11.6416    11.6096    34.7617    34.7702  1027.5885    26.4719 6.8529e-02      0.304  265.67653     0.0702    98.2599     0.0311     0.0319 6.6657e-05       9959         24 0.0000e+00
    248.370   16.53064 -107.10371    250.000    11.6318    11.6319    11.5999    34.7610    34.7694  1027.5942    26.4730 7.0713e-02      0.287  265.73142     0.0705    98.2540     0.0314     0.0324 3.7755e-05       9983         26 0.0000e+00
    249.363   16.53064 -107.10370    251.000    11.6089    11.6090    11.5769    34.7595    34.7680  1027.6019    26.4762 6.8285e-02      0.286  265.86112     0.0703    98.2576     0.0314     0.0321 3.0809e-05      10008         23 0.0000e+00
    250.356   16.53064 -107.10370    252.000    11.5852    11.5853    11.5531    34.7588    34.7671  1027.6103    26.4801 6.8329e-02      0.278  265.99447     0.0711    98.2375     0.0309     0.0320 5.1627e-05      10034         26 0.0000e+00
    251.348   16.53064 -107.10370    253.000    11.5663    11.5662    11.5341    34.7577    34.7662  1027.6176    26.4828 6.8550e-02      0.286  266.10158     0.0712    98.2348     0.0311     0.0322 1.9100e-05      10061         28 0.0000e+00
    252.341   16.53064 -107.10370    254.000    11.5370    11.5364    11.5047    34.7565    34.7648  1027.6268    26.4873 6.8036e-02      0.285  266.26670     0.0711    98.2369     0.0313     0.0323 3.0638e-06      10089         26 0.0000e+00
    253.334   16.53064 -107.10372    255.000    11.5219    11.5212    11.4895    34.7556    34.7638  1027.6333    26.4894 6.7760e-02      0.299  266.35285     0.0706    98.2514     0.0309     0.0321 1.5018e-05      10114         24 0.0000e+00
    254.327   16.53064 -107.10372    256.000    11.5108    11.5116    11.4783    34.7549    34.7632  1027.6394    26.4909 6.9835e-02      0.280  266.41611     0.0707    98.2492     0.0309     0.0324 4.1610e-06      10136         20 0.0000e+00
    255.320   16.53064 -107.10372    257.000    11.5061    11.5062    11.4734    34.7542    34.7624  1027.6443    26.4913 7.0923e-02      0.287  266.44381     0.0702    98.2601     0.0308     0.0319 4.4441e-06      10156         20 0.0000e+00
    256.313   16.53064 -107.10372    258.000    11.5004    11.5005    11.4677    34.7538    34.7621  1027.6495    26.4920 6.7947e-02      0.300  266.47618     0.0709    98.2427     0.0309     0.0320 -2.137e-09      10176         20 0.0000e+00
    257.306   16.53064 -107.10372    259.000    11.4923    11.4923    11.4595    34.7539    34.7624  1027.6556    26.4936 6.9733e-02      0.294  266.52089     0.0712    98.2350     0.0310     0.0320 1.0000e-12      10194         19 0.0000e+00
    258.299   16.53064 -107.10372    260.000    11.4897    11.4897    11.4567    34.7547    34.7632  1027.6612    26.4947 7.0285e-02      0.292  266.53441     0.0715    98.2287     0.0309     0.0318 1.0000e-12      10215         21 0.0000e+00
    259.291   16.53064 -107.10370    261.000    11.4790    11.4791    11.4459    34.7546    34.7631  1027.6676    26.4966 7.0539e-02      0.284  266.59388     0.0707    98.2480     0.0309     0.0320 1.0000e-12      10241         31 0.0000e+00
    260.284   16.53064 -107.10371    262.000    11.4682    11.4684    11.4350    34.7540    34.7624  1027.6737    26.4982 6.9278e-02      0.278  266.65562     0.0709    98.2425     0.0309     0.0320 1.0000e-12      10278         40 0.0000e+00
    261.277   16.53064 -107.10372    263.000    11.4517    11.4519    11.4184    34.7527    34.7611  1027.6803    26.5002 6.9104e-02      0.301  266.74999     0.0706    98.2507     0.0308     0.0320 1.0000e-12      10312         30 0.0000e+00
    262.270   16.53064 -107.10372    264.000    11.4419    11.4420    11.4085    34.7517    34.7601  1027.6859    26.5012 6.9417e-02      0.282  266.80663     0.0711    98.2375     0.0306     0.0318 1.0000e-12      10337         21 0.0000e+00
    263.263   16.53064 -107.10370    265.000    11.4266    11.4260    11.3931    34.7503    34.7585  1027.6921    26.5030 7.0853e-02      0.296  266.89535     0.0712    98.2348     0.0309     0.0318 1.0000e-12      10357         20 0.0000e+00
    264.255   16.53064 -107.10370    266.000    11.4009    11.4008    11.3673    34.7474    34.7559  1027.6992    26.5054 7.1796e-02      0.299  267.04451     0.0712    98.2348     0.0306     0.0319 1.0000e-12      10378         20 0.0000e+00
