data/ctd-cnv/SKQ1617/SKQ1617-St16-P2/skq201617s-040avg.cnv
* Sea-Bird SBE 9 Data File:
* FileName = D:\CTD\SKQ201617S\SKQ201617S-040.hex
* Software Version Seasave V 7.22.5
* Temperature SN = 5773
* Conductivity SN = 2251
* Number of Bytes Per Scan = 37
* Number of Voltage Words = 4
* Number of Scans Averaged by the Deck Unit = 1
* NMEA Latitude = 16 34.66 N
* NMEA Longitude = 106 58.43 W
* NMEA UTC (Time) = Jan 12 2017  05:05:22
* NMEA baud rate = 4800
** Ship: R/V Sikuliaq
** Station Number: 40
** Station Name: Station 16/P2
** Depth: 3143
** Operator: RML
# nquan = 20
# nvalues = 502                         
# units = specified
# name 0 = depSMignore: Depth [salt water, m]
# name 1 = latitude: Latitude [deg]
# name 2 = longitude: Longitude [deg]
# name 3 = prDM: Pressure, Digiquartz [db]
# name 4 = t090C: Temperature [ITS-90, deg C]
# name 5 = t190C: Temperature, 2 [ITS-90, deg C]
# name 6 = potemp090C: Potential Temperature [ITS-90, deg C]
# name 7 = sal00: Salinity, Practical [PSU]
# name 8 = sal11: Salinity, Practical, 2 [PSU]
# name 9 = density00: Density [density, kg/m^3]
# name 10 = sigma-t00: Density [sigma-t, kg/m^3 ]
# name 11 = flSP: Fluorescence, Seapoint
# name 12 = sbox0Mm/Kg: Oxygen, SBE 43 [umol/kg]
# name 13 = oxsolMm/Kg: Oxygen Saturation, Garcia & Gordon [umol/kg]
# name 14 = CStarAt0: Beam Attenuation, WET Labs C-Star [1/m]
# name 15 = CStarTr0: Beam Transmission, WET Labs C-Star [%]
# name 16 = par: PAR/Irradiance, Biospherical/Licor
# name 17 = scan: Scan Count
# name 18 = nbin: number of scans per bin
# name 19 = flag: flag
# span 0 =      2.982,    500.406       
# span 1 =   16.57774,   16.57774       
# span 2 = -106.97380, -106.97380       
# span 3 =      3.000,    504.000       
# span 4 =     8.5555,    28.8540       
# span 5 =     8.5547,    28.8519       
# span 6 =     8.5018,    28.8532       
# span 7 =    33.5727,    34.8120       
# span 8 =    33.5827,    34.8198       
# span 9 =  1021.0542,  1029.1479       
# span 10 =    21.0414,    26.8656      
# span 11 = 6.6091e-02, 2.2825e+00      
# span 12 =      0.025,    193.597      
# span 13 =  195.95204,  284.25162      
# span 14 =     0.0659,     0.2478      
# span 15 =    93.9939,    98.3655      
# span 16 = -1.389e-07, 6.1332e-01      
# span 17 =       -161,      19280      
# span 18 =         16,       1026      
# span 19 = 0.0000e+00, 0.0000e+00      
# interval = decibars: 1                
# start_time = Jan 12 2017 05:05:22 [NMEA time, header]
# bad_flag = -9.990e-29
*END*
[from data line 218]
    219.574   16.57774 -106.97380    221.000    12.0212    12.0215    11.9924    34.7840    34.7916  1027.4070    26.4172 6.8779e-02      0.276  263.54377     0.0749    98.1447 3.9795e-04       8921         27 0.0000e+00
    220.567   16.57774 -106.97380    222.000    11.9937    11.9940    11.9648    34.7818    34.7893  1027.4152    26.4208 6.7737e-02      0.257  263.69840     0.0745    98.1545 3.7685e-04       8947         24 0.0000e+00
    221.560   16.57774 -106.97380    223.000    11.9790    11.9791    11.9500    34.7813    34.7889  1027.4221    26.4232 6.9112e-02      0.228  263.77987     0.0745    98.1552 3.5193e-04       8971         21 0.0000e+00
    222.553   16.57774 -106.97380    224.000    11.9695    11.9697    11.9404    34.7811    34.7887  1027.4283    26.4249 6.9010e-02      0.232  263.83187     0.0741    98.1639 3.6606e-04       8993         25 0.0000e+00
    223.546   16.57774 -106.97380    225.000    11.9563    11.9569    11.9270    34.7803    34.7879  1027.4347    26.4268 6.8151e-02      0.241  263.90606     0.0744    98.1574 8.4697e-05       9017         23 0.0000e+00
    224.539   16.57774 -106.97380    226.000    11.9451    11.9452    11.9157    34.7794    34.7870  1027.4406    26.4282 6.8373e-02      0.261  263.96901     0.0745    98.1545 8.8881e-05       9043         27 0.0000e+00
    225.532   16.57774 -106.97380    227.000    11.9360    11.9363    11.9065    34.7784    34.7859  1027.4461    26.4292 6.9874e-02      0.297  264.02093     0.0745    98.1542 8.5246e-05       9068         24 0.0000e+00
    226.525   16.57774 -106.97380    228.000    11.9214    11.9217    11.8919    34.7773    34.7850  1027.4526    26.4311 6.9122e-02      0.226  264.10251     0.0749    98.1451 8.8866e-05       9092         23 0.0000e+00
    227.518   16.57774 -106.97380    229.000    11.9116    11.9118    11.8819    34.7766    34.7842  1027.4584    26.4324 6.8641e-02      0.183  264.15769     0.0831    97.9450 8.5014e-05       9115         23 0.0000e+00
    228.511   16.57774 -106.97380    230.000    11.9013    11.9014    11.8715    34.7766    34.7843  1027.4649    26.4344 7.0466e-02      0.278  264.21453     0.0996    97.5420 8.8859e-05       9139         25 0.0000e+00
    229.504   16.57774 -106.97380    231.000    11.8924    11.8926    11.8625    34.7771    34.7847  1027.4715    26.4365 6.9041e-02      0.230  264.26235     0.0753    98.1350 8.5481e-05       9164         26 0.0000e+00
    230.497   16.57774 -106.97380    232.000    11.8716    11.8719    11.8416    34.7765    34.7841  1027.4795    26.4399 6.8565e-02      0.217  264.37764     0.0916    97.7361 8.8927e-05       9190         25 0.0000e+00
    231.490   16.57774 -106.97380    233.000    11.8541    11.8542    11.8239    34.7756    34.7831  1027.4867    26.4425 6.8642e-02      0.262  264.47594     0.0762    98.1118 8.1111e-05       9214         23 0.0000e+00
    232.483   16.57774 -106.97380    234.000    11.8343    11.8346    11.8041    34.7743    34.7819  1027.4939    26.4453 7.0087e-02      0.224  264.58693     0.0745    98.1529 6.8022e-05       9236         21 0.0000e+00
    233.476   16.57774 -106.97380    235.000    11.8202    11.8204    11.7899    34.7732    34.7808  1027.5003    26.4471 6.9790e-02      0.223  264.66666     0.0744    98.1564 7.4839e-05       9256         19 0.0000e+00
    234.469   16.57774 -106.97380    236.000    11.8089    11.8089    11.7785    34.7737    34.7812  1027.5073    26.4496 6.6697e-02      0.244  264.72815     0.0744    98.1564 7.3408e-05       9277         23 0.0000e+00
    235.462   16.57774 -106.97380    237.000    11.7912    11.7912    11.7607    34.7726    34.7802  1027.5144    26.4521 7.2226e-02      0.286  264.82775     0.0744    98.1574 6.8414e-05       9301         26 0.0000e+00
    236.455   16.57774 -106.97380    238.000    11.7728    11.7728    11.7422    34.7720    34.7795  1027.5219    26.4551 7.2213e-02      0.236  264.93022     0.0741    98.1649 4.0985e-05       9329         28 0.0000e+00
    237.447   16.57774 -106.97380    239.000    11.7601    11.7602    11.7293    34.7710    34.7786  1027.5281    26.4567 6.7487e-02      0.206  265.00252     0.0741    98.1645 3.6692e-05       9358         29 0.0000e+00
    238.441   16.57774 -106.97380    240.000    11.7507    11.7510    11.7198    34.7707    34.7782  1027.5341    26.4582 6.8480e-02      0.185  265.05495     0.0739    98.1682 3.3644e-05       9387         29 0.0000e+00
    239.433   16.57774 -106.97380    241.000    11.7451    11.7452    11.7141    34.7702    34.7778  1027.5393    26.4590 6.7109e-02      0.202  265.08690     0.0734    98.1826 2.5377e-05       9415         28 0.0000e+00
    240.426   16.57774 -106.97380    242.000    11.7377    11.7379    11.7066    34.7699    34.7774  1027.5450    26.4601 6.7683e-02      0.174  265.12826     0.0735    98.1801 1.6864e-05       9439         21 0.0000e+00
    241.419   16.57774 -106.97380    243.000    11.7331    11.7332    11.7018    34.7697    34.7772  1027.5501    26.4608 6.9639e-02      0.170  265.15437     0.0743    98.1584 8.2784e-06       9460         21 0.0000e+00
    242.412   16.57774 -106.97380    244.000    11.7239    11.7240    11.6925    34.7696    34.7772  1027.5563    26.4625 6.6288e-02      0.224  265.20527     0.0731    98.1889 -1.389e-07       9480         18 0.0000e+00
    243.405   16.57774 -106.97380    245.000    11.7053    11.7054    11.6739    34.7689    34.7763  1027.5638    26.4654 6.8344e-02      0.276  265.30934     0.0731    98.1895 1.0000e-12       9499         19 0.0000e+00
    244.398   16.57774 -106.97380    246.000    11.6932    11.6936    11.6617    34.7679    34.7755  1027.5699    26.4669 6.9558e-02      0.259  265.37778     0.0731    98.1899 3.4515e-06       9520         25 0.0000e+00
    245.391   16.57774 -106.97380    247.000    11.6770    11.6773    11.6454    34.7665    34.7741  1027.5764    26.4689 6.7791e-02      0.231  265.47045     0.0728    98.1964 4.9473e-08       9548         30 0.0000e+00
    246.384   16.57774 -106.97380    248.000    11.6636    11.6640    11.6318    34.7658    34.7733  1027.5828    26.4708 6.8126e-02      0.171  265.54611     0.0730    98.1913 1.0000e-12       9583         32 0.0000e+00
    247.377   16.57774 -106.97380    249.000    11.6633    11.6636    11.6315    34.7656    34.7732  1027.5873    26.4708 7.1627e-02      0.194  265.54784     0.0723    98.2094 1.0000e-12       9613         27 0.0000e+00
    248.369   16.57774 -106.97380    250.000    11.6623    11.6624    11.6303    34.7651    34.7728  1027.5916    26.4706 7.0254e-02      0.253  265.55471     0.0723    98.2087 1.0000e-12       9637         22 0.0000e+00
    249.362   16.57774 -106.97380    251.000    11.6523    11.6525    11.6202    34.7643    34.7718  1027.5973    26.4718 6.8233e-02      0.241  265.61126     0.0725    98.2045 1.0000e-12       9657         19 0.0000e+00
    250.355   16.57774 -106.97380    252.000    11.6369    11.6368    11.6047    34.7631    34.7707  1027.6038    26.4737 6.8498e-02      0.169  265.69890     0.0733    98.1852 1.0000e-12       9676         20 0.0000e+00
    251.348   16.57774 -106.97380    253.000    11.6213    11.6213    11.5890    34.7620    34.7696  1027.6104    26.4758 6.9032e-02      0.206  265.78804     0.0732    98.1865 1.0000e-12       9696         20 0.0000e+00
    252.341   16.57774 -106.97380    254.000    11.5980    11.5979    11.5656    34.7599    34.7674  1027.6177    26.4786 6.9245e-02      0.118  265.92135     0.0734    98.1827 1.0000e-12       9717         21 0.0000e+00
    253.334   16.57774 -106.97380    255.000    11.5806    11.5806    11.5481    34.7590    34.7666  1027.6248    26.4811 6.6706e-02      0.266  266.01950     0.0733    98.1847 1.0000e-12       9740         25 0.0000e+00
    254.326   16.57774 -106.97380    256.000    11.5637    11.5639    11.5311    34.7582    34.7658  1027.6319    26.4836 6.8522e-02      0.224  266.11523     0.0733    98.1854 1.0000e-12       9766         28 0.0000e+00
    255.319   16.57774 -106.97380    257.000    11.5595    11.5597    11.5268    34.7575    34.7651  1027.6367    26.4839 6.8112e-02      0.253  266.13963     0.0733    98.1842 1.0000e-12       9796         32 0.0000e+00
    256.312   16.57774 -106.97380    258.000    11.5498    11.5500    11.5170    34.7568    34.7644  1027.6424    26.4851 7.0958e-02      0.176  266.19529     0.0737    98.1738 1.0000e-12       9828         30 0.0000e+00
    257.305   16.57774 -106.97380    259.000    11.5415    11.5418    11.5086    34.7564    34.7640  1027.6482    26.4864 6.9435e-02      0.149  266.24196     0.0744    98.1562 1.0000e-12       9856         26 0.0000e+00
    258.298   16.57774 -106.97380    260.000    11.5385    11.5387    11.5054    34.7561    34.7636  1027.6529    26.4867 6.8085e-02      0.194  266.25933     0.0742    98.1629 1.0000e-12       9880         24 0.0000e+00
    259.291   16.57774 -106.97380    261.000    11.5370    11.5372    11.5039    34.7559    34.7635  1027.6576    26.4868 6.9793e-02      0.260  266.26778     0.0734    98.1826 1.0000e-12       9902         19 0.0000e+00
    260.284   16.57774 -106.97380    262.000    11.5332    11.5336    11.4998    34.7556    34.7633  1027.6626    26.4873 6.8557e-02      0.217  266.29004     0.0744    98.1565 1.0000e-12       9923         21 0.0000e+00
    261.276   16.57774 -106.97380    263.000    11.5319    11.5324    11.4985    34.7556    34.7632  1027.6673    26.4876 7.1834e-02      0.135  266.29706     0.0734    98.1824 1.0000e-12       9944         21 0.0000e+00
    262.269   16.57774 -106.97380    264.000    11.5314    11.5312    11.4978    34.7555    34.7631  1027.6717    26.4875 6.9183e-02      0.198  266.30025     0.0736    98.1783 1.0000e-12       9966         24 0.0000e+00
    263.262   16.57774 -106.97380    265.000    11.5288    11.5289    11.4951    34.7554    34.7629  1027.6767    26.4880 6.9312e-02      0.148  266.31481     0.0738    98.1726 1.0000e-12       9991         26 0.0000e+00
    264.255   16.57774 -106.97380    266.000    11.5277    11.5278    11.4939    34.7551    34.7628  1027.6811    26.4879 6.9093e-02      0.166  266.32154     0.0742    98.1628 1.0000e-12      10019         29 0.0000e+00
    265.248   16.57774 -106.97380    267.000    11.5179    11.5182    11.4839    34.7542    34.7619  1027.6867    26.4890 6.8918e-02      0.196  266.37792     0.0736    98.1778 1.0000e-12      10047         27 0.0000e+00
    266.240   16.57774 -106.97380    268.000    11.4954    11.4953    11.4614    34.7528    34.7605  1027.6944    26.4921 6.9607e-02      0.246  266.50574     0.0734    98.1816 1.0000e-12      10073         25 0.0000e+00
    267.233   16.57774 -106.97380    269.000    11.4720    11.4721    11.4379    34.7512    34.7587  1027.7021    26.4952 6.8006e-02      0.157  266.63967     0.0734    98.1826 1.0000e-12      10097         23 0.0000e+00
    268.226   16.57774 -106.97380    270.000    11.4465    11.4466    11.4123    34.7490    34.7564  1027.7097    26.4982 7.1012e-02      0.166  266.78622     0.0740    98.1664 1.0000e-12      10119         22 0.0000e+00
    269.219   16.57774 -106.97380    271.000    11.4259    11.4262    11.3916    34.7479    34.7555  1027.7173    26.5013 7.1607e-02      0.229  266.90345     0.0742    98.1617 1.0000e-12      10140         20 0.0000e+00
    270.211   16.57774 -106.97380    272.000    11.4105    11.4107    11.3762    34.7457    34.7535  1027.7230    26.5024 6.8711e-02      0.181  266.99375     0.0741    98.1652 1.0000e-12      10162         21 0.0000e+00
    271.204   16.57774 -106.97380    273.000    11.3982    11.3983    11.3637    34.7447    34.7525  1027.7290    26.5039 7.0635e-02      0.200  267.06482     0.0750    98.1429 1.0000e-12      10185         22 0.0000e+00
    272.197   16.57774 -106.97380    274.000    11.3868    11.3872    11.3523    34.7436    34.7511  1027.7348    26.5051 6.8730e-02      0.240  267.13042     0.0742    98.1616 1.0000e-12      10210         26 0.0000e+00
    273.190   16.57774 -106.97380    275.000    11.3774    11.3775    11.3427    34.7425    34.7500  1027.7402    26.5060 6.7750e-02      0.211  267.18556     0.0739    98.1687 1.0000e-12      10237         28 0.0000e+00
    274.183   16.57774 -106.97380    276.000    11.3606    11.3614    11.3259    34.7408    34.7485  1027.7465    26.5077 7.1887e-02      0.194  267.28278     0.0743    98.1582 1.0000e-12      10265         29 0.0000e+00
    275.175   16.57774 -106.97380    277.000    11.3538    11.3538    11.3189    34.7396    34.7471  1027.7514    26.5081 6.9753e-02      0.190  267.32332     0.0741    98.1644 1.0000e-12      10292         26 0.0000e+00
    276.168   16.57774 -106.97380    278.000    11.3422    11.3424    11.3072    34.7384    34.7460  1027.7571    26.5093 6.9879e-02      0.172  267.39045     0.0739    98.1685 1.0000e-12      10318         26 0.0000e+00
    277.161   16.57774 -106.97380    279.000    11.3331    11.3334    11.2980    34.7376    34.7451  1027.7627    26.5104 7.0180e-02      0.182  267.44308     0.0743    98.1596 1.0000e-12      10344         25 0.0000e+00
    278.154   16.57774 -106.97380    280.000    11.3278    11.3281    11.2926    34.7371    34.7446  1027.7678    26.5109 6.7087e-02      0.130  267.47408     0.0741    98.1654 1.0000e-12      10368         23 0.0000e+00
    279.146   16.57774 -106.97380    281.000    11.3249    11.3251    11.2895    34.7367    34.7443  1027.7725    26.5112 6.9907e-02      0.218  267.49136     0.0744    98.1576 1.0000e-12      10391         23 0.0000e+00
    280.139   16.57774 -106.97380    282.000    11.3184    11.3186    11.2829    34.7356    34.7431  1027.7773    26.5115 6.9420e-02      0.183  267.52981     0.0741    98.1637 1.0000e-12      10414         22 0.0000e+00
    281.132   16.57774 -106.97380    283.000    11.2758    11.2755    11.2403    34.7322    34.7396  1027.7872    26.5167 6.6427e-02      0.154  267.77567     0.0735    98.1802 1.0000e-12      10437         24 0.0000e+00
    282.125   16.57774 -106.97380    284.000    11.2532    11.2532    11.2176    34.7311    34.7385  1027.7952    26.5200 6.7039e-02      0.196  267.90511     0.0735    98.1803 1.0000e-12      10461         23 0.0000e+00
    283.117   16.57774 -106.97380    285.000    11.2401    11.2401    11.2044    34.7304    34.7379  1027.8015    26.5218 6.9251e-02      0.194  267.98038     0.0743    98.1601 1.0000e-12      10484         23 0.0000e+00
    284.110   16.57774 -106.97380    286.000    11.2359    11.2360    11.2002    34.7303    34.7378  1027.8067    26.5225 6.9230e-02      0.209  268.00394     0.0744    98.1563 1.0000e-12      10506         20 0.0000e+00
    285.103   16.57774 -106.97380    287.000    11.2339    11.2345    11.1980    34.7298    34.7373  1027.8112    26.5225 6.8955e-02      0.148  268.01613     0.0736    98.1761 1.0000e-12      10527         23 0.0000e+00
    286.095   16.57774 -106.97380    288.000    11.2142    11.2147    11.1782    34.7276    34.7349  1027.8177    26.5244 6.8986e-02      0.212  268.13179     0.0735    98.1793 1.0000e-12      10550         24 0.0000e+00
    287.088   16.57774 -106.97380    289.000    11.1856    11.1858    11.1496    34.7251    34.7325  1027.8255    26.5277 6.9992e-02      0.196  268.29788     0.0735    98.1796 1.0000e-12      10575         26 0.0000e+00
    288.081   16.57774 -106.97380    290.000    11.1384    11.1384    11.1023    34.7222    34.7297  1027.8367    26.5341 7.0440e-02      0.226  268.57050     0.0734    98.1816 1.0000e-12      10601         26 0.0000e+00
    289.073   16.57774 -106.97380    291.000    11.1313    11.1314    11.0951    34.7220    34.7294  1027.8423    26.5352 6.8816e-02      0.188  268.61111     0.0734    98.1826 1.0000e-12      10628         28 0.0000e+00
