data/ctd-cnv/SKQ1617/SKQ1617-St16-P2/skq201617s-031avg.cnv
* Sea-Bird SBE 9 Data File:
* FileName = D:\CTD\SKQ201617S\SKQ201617S-031.hex
* Software Version Seasave V 7.22.5
* Temperature SN = 5773
* Conductivity SN = 2251
* Number of Bytes Per Scan = 37
* Number of Voltage Words = 4
* Number of Scans Averaged by the Deck Unit = 1
* NMEA Latitude = 16 32.39 N
* NMEA Longitude = 107 08.76 W
* NMEA UTC (Time) = Jan 08 2017  01:06:06
* NMEA baud rate = 4800
** Ship: R/V Sikuliaq
** Station Number: 31
** Station Name: Station 16/P2
** Depth: 3484
** Operator: Clara
# nquan = 23
# nvalues = 1006                        
# units = specified
# name 0 = depSMignore: Depth [salt water, m]
# name 1 = latitude: Latitude [deg]
# name 2 = longitude: Longitude [deg]
# name 3 = prDM: Pressure, Digiquartz [db]
# name 4 = t090C: Temperature [ITS-90, deg C]
# name 5 = t190C: Temperature, 2 [ITS-90, deg C]
# name 6 = potemp090C: Potential Temperature [ITS-90, deg C]
# name 7 = sal00: Salinity, Practical [PSU]
# name 8 = sal11: Salinity, Practical, 2 [PSU]
# name 9 = density00: Density [density, kg/m^3]
# name 10 = sigma-t00: Density [sigma-t, kg/m^3 ]
# name 11 = flSP: Fluorescence, Seapoint
# name 12 = sbox0Mm/Kg: Oxygen, SBE 43 [umol/kg]
# name 13 = oxsolMm/Kg: Oxygen Saturation, Garcia & Gordon [umol/kg]
# name 14 = CStarAt0: Beam Attenuation, WET Labs C-Star [1/m]
# name 15 = CStarTr0: Beam Transmission, WET Labs C-Star [%]
# name 16 = v2: Voltage 2
# name 17 = v3: Voltage 3
# name 18 = ph: pH
# name 19 = par: PAR/Irradiance, Biospherical/Licor
# name 20 = scan: Scan Count
# name 21 = nbin: number of scans per bin
# name 22 = flag: flag
# span 0 =      3.976,   1000.596       
# span 1 =   16.53982,   16.53984       
# span 2 = -107.14606, -107.14604       
# span 3 =      4.000,   1009.000       
# span 4 =     4.8135,    28.6130       
# span 5 =     4.8139,    28.6118       
# span 6 =     4.7309,    28.6056       
# span 7 =    33.4681,    34.8182       
# span 8 =    33.4779,    34.8255       
# span 9 =  1021.0790,  1031.9611       
# span 10 =    21.0531,    27.3315      
# span 11 = 6.5781e-02, 2.2392e+00      
# span 12 =     -0.043,    200.583      
# span 13 =  196.68678,  309.80387      
# span 14 =     0.0565,     0.2643      
# span 15 =    93.6071,    98.5973      
# span 16 =     1.3675,     3.7106      
# span 17 =     0.6944,     2.4356      
# span 18 =      6.286,      6.937      
# span 19 = -5.702e-08, 7.1307e-01      
# span 20 =        862,      32953      
# span 21 =         17,       2717      
# span 22 = 0.0000e+00, 0.0000e+00      
# interval = decibars: 1                
# start_time = Jan 08 2017 01:06:06 [NMEA time, header]
# bad_flag = -9.990e-29
*END*
[from data line 882]
    878.879   16.53984 -107.14606    886.000     5.3039     5.3041     5.2287    34.5372    34.5439  1031.3350    27.2727 8.3445e-02      0.429  306.24087     0.0585    98.5484     3.7032     0.7295      6.300 1.0000e-12      25474         24 0.0000e+00
    879.869   16.53984 -107.14606    887.000     5.2919     5.2921     5.2167    34.5374    34.5442  1031.3414    27.2742 8.4859e-02      0.621  306.32661     0.0585    98.5473     3.7028     0.7288      6.300 1.0000e-12      25497         24 0.0000e+00
    880.859   16.53984 -107.14606    888.000     5.2827     5.2830     5.2075    34.5376    34.5443  1031.3474    27.2755 8.4587e-02      0.661  306.39267     0.0588    98.5414     3.7022     0.7278      6.300 1.0000e-12      25520         22 0.0000e+00
    881.849   16.53984 -107.14606    889.000     5.2790     5.2792     5.2037    34.5376    34.5443  1031.3524    27.2759 8.5757e-02      0.684  306.41914     0.0589    98.5397     3.7021     0.7274      6.300 1.0000e-12      25543         24 0.0000e+00
    882.838   16.53984 -107.14606    890.000     5.2771     5.2775     5.2018    34.5375    34.5442  1031.3571    27.2761 8.4883e-02      0.707  306.43294     0.0590    98.5359     3.7016     0.7272      6.299 1.0000e-12      25567         23 0.0000e+00
    883.828   16.53984 -107.14606    891.000     5.2765     5.2767     5.2010    34.5373    34.5442  1031.3617    27.2761 8.6709e-02      0.612  306.43785     0.0589    98.5386     3.7012     0.7271      6.300 1.0000e-12      25591         24 0.0000e+00
    884.818   16.53984 -107.14606    892.000     5.2749     5.2754     5.1994    34.5371    34.5439  1031.3662    27.2760 8.3321e-02      0.623  306.44978     0.0591    98.5337     3.7010     0.7269      6.299 1.0000e-12      25614         23 0.0000e+00
    885.808   16.53983 -107.14606    893.000     5.2721     5.2723     5.1965    34.5371    34.5438  1031.3711    27.2763 8.6846e-02      0.634  306.46990     0.0636    98.4231     3.7010     0.7267      6.300 1.0000e-12      25638         24 0.0000e+00
    886.798   16.53982 -107.14606    894.000     5.2621     5.2627     5.1865    34.5374    34.5440  1031.3774    27.2778 8.5383e-02      0.611  306.54118     0.0604    98.5008     3.7009     0.7263      6.299 1.0000e-12      25664         29 0.0000e+00
    887.787   16.53983 -107.14606    895.000     5.2479     5.2482     5.1723    34.5384    34.5452  1031.3847    27.2803 8.5558e-02      0.626  306.64173     0.0595    98.5253     3.7007     0.7256      6.300 1.0000e-12      25693         28 0.0000e+00
    888.777   16.53984 -107.14606    896.000     5.2445     5.2447     5.1688    34.5384    34.5452  1031.3897    27.2807 8.5127e-02      0.776  306.66671     0.0598    98.5181     3.6998     0.7248      6.300 1.0000e-12      25719         25 0.0000e+00
    889.767   16.53984 -107.14606    897.000     5.2428     5.2431     5.1671    34.5382    34.5450  1031.3943    27.2808 8.7095e-02      0.784  306.67860     0.0603    98.5031     3.6996     0.7249      6.300 1.0000e-12      25743         22 0.0000e+00
    890.757   16.53984 -107.14606    898.000     5.2415     5.2417     5.1656    34.5382    34.5450  1031.3990    27.2809 8.4421e-02      0.773  306.68855     0.0596    98.5232     3.6995     0.7247      6.300 1.0000e-12      25766         25 0.0000e+00
    891.747   16.53984 -107.14606    899.000     5.2388     5.2391     5.1629    34.5381    34.5450  1031.4038    27.2811 8.6553e-02      0.840  306.70782     0.0596    98.5212     3.6995     0.7245      6.301 1.0000e-12      25791         24 0.0000e+00
    892.736   16.53984 -107.14606    900.000     5.2359     5.2362     5.1599    34.5381    34.5450  1031.4088    27.2815 8.5728e-02      0.872  306.72886     0.0596    98.5223     3.6988     0.7240      6.300 1.0000e-12      25816         27 0.0000e+00
    893.726   16.53984 -107.14606    901.000     5.2296     5.2300     5.1536    34.5381    34.5448  1031.4142    27.2822 8.6247e-02      0.816  306.77457     0.0597    98.5185     3.6988     0.7239      6.300 1.0000e-12      25840         20 0.0000e+00
    894.716   16.53984 -107.14606    902.000     5.2194     5.2199     5.1433    34.5385    34.5453  1031.4205    27.2837 8.5894e-02      0.831  306.84780     0.0606    98.4959     3.6986     0.7234      6.299 1.0000e-12      25861         20 0.0000e+00
    895.706   16.53984 -107.14606    903.000     5.2153     5.2155     5.1392    34.5385    34.5454  1031.4256    27.2842 8.4796e-02      0.840  306.87696     0.0596    98.5223     3.6984     0.7233      6.298 1.0000e-12      25881         20 0.0000e+00
    896.696   16.53984 -107.14606    904.000     5.2109     5.2111     5.1347    34.5385    34.5453  1031.4308    27.2847 8.5827e-02      0.795  306.90888     0.0596    98.5223     3.6979     0.7225      6.298 1.0000e-12      25902         23 0.0000e+00
    897.685   16.53983 -107.14606    905.000     5.2039     5.2040     5.1276    34.5384    34.5453  1031.4362    27.2855 8.6145e-02      0.817  306.95967     0.0596    98.5213     3.6976     0.7222      6.298 1.0000e-12      25927         27 0.0000e+00
    898.675   16.53982 -107.14606    906.000     5.1975     5.1977     5.1212    34.5384    34.5453  1031.4416    27.2862 8.4193e-02      0.887  307.00574     0.0599    98.5140     3.6971     0.7220      6.298 1.0000e-12      25956         29 0.0000e+00
    899.665   16.53982 -107.14606    907.000     5.1937     5.1939     5.1173    34.5384    34.5453  1031.4467    27.2867 8.5351e-02      0.925  307.03353     0.0600    98.5106     3.6968     0.7212      6.296 1.0000e-12      25983         27 0.0000e+00
    900.655   16.53982 -107.14606    908.000     5.1893     5.1896     5.1129    34.5384    34.5453  1031.4518    27.2872 8.5274e-02      0.959  307.06541     0.0604    98.5013     3.6964     0.7211      6.296 1.0000e-12      26009         25 0.0000e+00
    901.645   16.53984 -107.14606    909.000     5.1866     5.1869     5.1102    34.5384    34.5451  1031.4567    27.2875 8.5508e-02      1.098  307.08465     0.0601    98.5104     3.6960     0.7209      6.297 1.0000e-12      26036         29 0.0000e+00
    902.634   16.53984 -107.14606    910.000     5.1842     5.1843     5.1077    34.5382    34.5451  1031.4615    27.2876 8.7060e-02      1.066  307.10243     0.0602    98.5072     3.6960     0.7205      6.297 1.0000e-12      26063         26 0.0000e+00
    903.624   16.53984 -107.14606    911.000     5.1826     5.1830     5.1060    34.5381    34.5449  1031.4662    27.2877 8.6295e-02      0.949  307.11421     0.0602    98.5076     3.6955     0.7203      6.296 1.0000e-12      26089         25 0.0000e+00
    904.614   16.53984 -107.14604    912.000     5.1796     5.1799     5.1030    34.5381    34.5450  1031.4712    27.2881 8.6858e-02      1.013  307.13567     0.0605    98.4987     3.6958     0.7202      6.296 1.0000e-12      26112         21 0.0000e+00
    905.604   16.53984 -107.14604    913.000     5.1701     5.1706     5.0934    34.5380    34.5447  1031.4770    27.2891 8.5411e-02      1.074  307.20511     0.0602    98.5071     3.6955     0.7199      6.297 1.0000e-12      26132         19 0.0000e+00
    906.593   16.53984 -107.14604    914.000     5.1527     5.1531     5.0760    34.5387    34.5454  1031.4844    27.2917 8.4241e-02      1.093  307.32926     0.0599    98.5145     3.6948     0.7190      6.296 1.0000e-12      26152         20 0.0000e+00
    907.583   16.53984 -107.14604    915.000     5.1442     5.1445     5.0674    34.5388    34.5455  1031.4903    27.2928 8.6063e-02      1.196  307.39140     0.0602    98.5057     3.6944     0.7181      6.296 1.0000e-12      26172         22 0.0000e+00
    908.573   16.53984 -107.14605    916.000     5.1411     5.1413     5.0643    34.5387    34.5455  1031.4951    27.2931 8.5665e-02      1.177  307.41372     0.0606    98.4973     3.6935     0.7179      6.297 1.0000e-12      26196         26 0.0000e+00
    909.562   16.53984 -107.14606    917.000     5.1384     5.1386     5.0615    34.5385    34.5455  1031.4999    27.2933 8.5741e-02      1.237  307.43386     0.0606    98.4961     3.6931     0.7172      6.296 1.0000e-12      26223         27 0.0000e+00
    910.552   16.53982 -107.14606    918.000     5.1358     5.1361     5.0589    34.5386    34.5453  1031.5048    27.2936 8.5862e-02      1.287  307.45240     0.0607    98.4940     3.6924     0.7173      6.297 1.0000e-12      26249         25 0.0000e+00
    911.542   16.53982 -107.14606    919.000     5.1344     5.1346     5.0574    34.5384    34.5453  1031.5095    27.2936 8.4688e-02      1.217  307.46331     0.0607    98.4939     3.6923     0.7171      6.296 1.0000e-12      26274         24 0.0000e+00
    912.531   16.53982 -107.14606    920.000     5.1340     5.1342     5.0569    34.5384    34.5452  1031.5140    27.2936 8.5987e-02      1.195  307.46569     0.0608    98.4913     3.6923     0.7169      6.296 1.0000e-12      26298         27 0.0000e+00
    913.521   16.53982 -107.14606    921.000     5.1339     5.1341     5.0567    34.5383    34.5450  1031.5185    27.2936 8.6711e-02      1.233  307.46704     0.0605    98.4979     3.6923     0.7168      6.296 1.0000e-12      26324         25 0.0000e+00
    914.511   16.53982 -107.14606    922.000     5.1333     5.1336     5.0561    34.5381    34.5450  1031.5230    27.2936 8.8436e-02      1.226  307.47138     0.0603    98.5040     3.6923     0.7165      6.296 1.0000e-12      26350         26 0.0000e+00
    915.500   16.53982 -107.14606    923.000     5.1316     5.1319     5.0543    34.5381    34.5449  1031.5278    27.2937 8.8207e-02      1.166  307.48378     0.0606    98.4962     3.6923     0.7164      6.297 1.0000e-12      26376         25 0.0000e+00
    916.490   16.53982 -107.14606    924.000     5.1287     5.1289     5.0512    34.5382    34.5450  1031.5328    27.2941 8.7205e-02      1.242  307.50508     0.0606    98.4961     3.6922     0.7161      6.297 1.0000e-12      26402         26 0.0000e+00
    917.480   16.53983 -107.14605    925.000     5.1255     5.1257     5.0480    34.5381    34.5449  1031.5377    27.2944 8.6384e-02      1.249  307.52827     0.0606    98.4961     3.6916     0.7159      6.296 1.0000e-12      26427         24 0.0000e+00
    918.470   16.53984 -107.14604    926.000     5.1087     5.1088     5.0312    34.5380    34.5449  1031.5445    27.2964 8.4866e-02      1.222  307.65047     0.0609    98.4896     3.6917     0.7159      6.296 1.0000e-12      26450         24 0.0000e+00
    919.459   16.53984 -107.14604    927.000     5.0996     5.0999     5.0221    34.5386    34.5453  1031.5508    27.2979 8.5926e-02      1.433  307.71511     0.0611    98.4842     3.6908     0.7148      6.296 1.0000e-12      26474         22 0.0000e+00
    920.449   16.53984 -107.14606    928.000     5.0988     5.0991     5.0212    34.5385    34.5453  1031.5553    27.2979 8.4979e-02      1.305  307.72114     0.0608    98.4909     3.6901     0.7144      6.296 1.0000e-12      26497         25 0.0000e+00
    921.439   16.53984 -107.14606    929.000     5.0973     5.0975     5.0196    34.5384    34.5452  1031.5600    27.2980 8.5582e-02      1.375  307.73239     0.0609    98.4902     3.6898     0.7142      6.296 1.0000e-12      26521         22 0.0000e+00
    922.428   16.53984 -107.14606    930.000     5.0946     5.0949     5.0169    34.5385    34.5453  1031.5650    27.2984 8.5849e-02      1.564  307.75183     0.0606    98.4951     3.6897     0.7138      6.296 1.0000e-12      26544         23 0.0000e+00
    923.418   16.53984 -107.14606    931.000     5.0903     5.0898     5.0125    34.5386    34.5454  1031.5702    27.2989 8.7445e-02      1.431  307.78290     0.0608    98.4913     3.6889     0.7137      6.296 1.0000e-12      26566         22 0.0000e+00
    924.408   16.53982 -107.14606    932.000     5.0837     5.0837     5.0058    34.5388    34.5455  1031.5758    27.2999 8.6338e-02      1.408  307.83058     0.0606    98.4960     3.6887     0.7136      6.297 1.0000e-12      26588         23 0.0000e+00
    925.397   16.53982 -107.14606    933.000     5.0814     5.0815     5.0035    34.5387    34.5455  1031.5806    27.3001 8.5310e-02      1.383  307.84741     0.0613    98.4802     3.6886     0.7136      6.296 1.0000e-12      26610         21 0.0000e+00
    926.387   16.53982 -107.14606    934.000     5.0746     5.0748     4.9967    34.5387    34.5455  1031.5861    27.3008 8.6592e-02      1.425  307.89638     0.0620    98.4627     3.6883     0.7129      6.296 1.0000e-12      26634         28 0.0000e+00
    927.377   16.53982 -107.14606    935.000     5.0698     5.0701     4.9918    34.5387    34.5454  1031.5913    27.3014 8.6776e-02      1.600  307.93160     0.0608    98.4908     3.6875     0.7126      6.297 1.0000e-12      26663         29 0.0000e+00
    928.366   16.53982 -107.14606    936.000     5.0683     5.0685     4.9902    34.5384    34.5454  1031.5958    27.3014 8.6938e-02      1.558  307.94338     0.0610    98.4864     3.6874     0.7124      6.296 1.0000e-12      26693         30 0.0000e+00
    929.356   16.53982 -107.14606    937.000     5.0669     5.0672     4.9888    34.5385    34.5453  1031.6006    27.3016 8.6998e-02      1.718  307.95288     0.0616    98.4718     3.6873     0.7122      6.296 1.0000e-12      26720         24 0.0000e+00
    930.345   16.53983 -107.14606    938.000     5.0651     5.0654     4.9869    34.5384    34.5451  1031.6053    27.3017 8.4613e-02      1.577  307.96617     0.0614    98.4782     3.6873     0.7119      6.297 1.0000e-12      26745         26 0.0000e+00
    931.335   16.53984 -107.14606    939.000     5.0645     5.0647     4.9861    34.5383    34.5452  1031.6099    27.3017 8.4888e-02      1.626  307.97155     0.0618    98.4665     3.6871     0.7118      6.297 1.0000e-12      26769         23 0.0000e+00
    932.325   16.53984 -107.14606    940.000     5.0633     5.0636     4.9849    34.5383    34.5452  1031.6146    27.3019 8.6974e-02      1.612  307.97954     0.0615    98.4757     3.6865     0.7117      6.297 1.0000e-12      26792         23 0.0000e+00
    933.314   16.53984 -107.14605    941.000     5.0622     5.0625     4.9837    34.5383    34.5452  1031.6193    27.3020 8.5456e-02      1.570  307.98802     0.0607    98.4932     3.6864     0.7114      6.296 1.0000e-12      26814         22 0.0000e+00
    934.304   16.53984 -107.14605    942.000     5.0575     5.0577     4.9789    34.5380    34.5448  1031.6243    27.3023 8.6232e-02      1.561  308.02265     0.0609    98.4885     3.6863     0.7112      6.296 1.0000e-12      26835         20 0.0000e+00
    935.293   16.53982 -107.14606    943.000     5.0474     5.0475     4.9688    34.5384    34.5452  1031.6305    27.3038 8.6690e-02      1.589  308.09561     0.0613    98.4787     3.6863     0.7109      6.297 1.0000e-12      26856         21 0.0000e+00
    936.283   16.53982 -107.14606    944.000     5.0460     5.0463     4.9673    34.5383    34.5452  1031.6352    27.3039 8.7025e-02      1.608  308.10561     0.0608    98.4906     3.6860     0.7107      6.296 1.0000e-12      26879         25 0.0000e+00
    937.273   16.53982 -107.14606    945.000     5.0457     5.0460     4.9669    34.5382    34.5451  1031.6397    27.3038 8.8543e-02      1.682  308.10831     0.0610    98.4878     3.6851     0.7103      6.296 1.0000e-12      26907         28 0.0000e+00
    938.262   16.53982 -107.14606    946.000     5.0427     5.0430     4.9639    34.5380    34.5450  1031.6445    27.3041 8.5694e-02      1.701  308.13054     0.0617    98.4707     3.6850     0.7104      6.296 1.0000e-12      26935         27 0.0000e+00
    939.252   16.53982 -107.14606    947.000     5.0388     5.0389     4.9599    34.5381    34.5451  1031.6496    27.3046 8.6590e-02      1.646  308.15845     0.0613    98.4794     3.6850     0.7100      6.296 1.0000e-12      26961         25 0.0000e+00
