data/ctd-cnv/SKQ1617/SKQ1617-St16-P2/skq201617s-032avg.cnv
* Sea-Bird SBE 9 Data File:
* FileName = D:\CTD\SKQ201617S\SKQ201617S-032.hex
* Software Version Seasave V 7.22.5
* Temperature SN = 5773
* Conductivity SN = 2251
* Number of Bytes Per Scan = 37
* Number of Voltage Words = 4
* Number of Scans Averaged by the Deck Unit = 1
* NMEA Latitude = 16 30.77 N
* NMEA Longitude = 107 08.32 W
* NMEA UTC (Time) = Jan 08 2017  20:51:22
* NMEA baud rate = 4800
** Ship: R/V Sikuliaq
** Station Number: 32
** Station Name: Station 16/P2
** Depth: 3670
** Operator:
** no pH
# nquan = 23
# nvalues = 1007                        
# units = specified
# name 0 = depSM: Depth [salt water, m]
# name 1 = latitude: Latitude [deg]
# name 2 = longitude: Longitude [deg]
# name 3 = prDM: Pressure, Digiquartz [db]
# name 4 = t090C: Temperature [ITS-90, deg C]
# name 5 = t190C: Temperature, 2 [ITS-90, deg C]
# name 6 = potemp090C: Potential Temperature [ITS-90, deg C]
# name 7 = sal00: Salinity, Practical [PSU]
# name 8 = sal11: Salinity, Practical, 2 [PSU]
# name 9 = density00: Density [density, kg/m^3]
# name 10 = sigma-t00: Density [sigma-t, kg/m^3 ]
# name 11 = flSP: Fluorescence, Seapoint
# name 12 = sbox0Mm/Kg: Oxygen, SBE 43 [umol/kg]
# name 13 = oxsolMm/Kg: Oxygen Saturation, Garcia & Gordon [umol/kg]
# name 14 = CStarAt0: Beam Attenuation, WET Labs C-Star [1/m]
# name 15 = CStarTr0: Beam Transmission, WET Labs C-Star [%]
# name 16 = v2: Voltage 2
# name 17 = v3: Voltage 3
# name 18 = ph: pH
# name 19 = par: PAR/Irradiance, Biospherical/Licor
# name 20 = scan: Scan Count
# name 21 = nbin: number of scans per bin
# name 22 = flag: flag
# span 0 =      2.982,   1000.598       
# span 1 =   16.51282,   16.51282       
# span 2 = -107.13868, -107.13866       
# span 3 =      3.000,   1009.000       
# span 4 =     4.5301,    28.7481       
# span 5 =     4.5304,    28.7434       
# span 6 =     4.4496,    28.7474       
# span 7 =    33.5574,    34.8104       
# span 8 =    33.5676,    34.8185       
# span 9 =  1021.0932,  1032.0021       
# span 10 =    21.0803,    27.3649      
# span 11 = 6.4977e-02, 1.9525e+00      
# span 12 =     -0.066,    197.649      
# span 13 =  196.27627,  311.89657      
# span 14 =     0.0564,     0.2393      
# span 15 =    94.1971,    98.5995      
# span 16 =     0.0290,     0.0352      
# span 17 =     0.0304,     0.0446      
# span 18 =     -3.053,     -2.247      
# span 19 = -2.501e-07, 2.2521e+03      
# span 20 =       -109,      28813      
# span 21 =         18,        319      
# span 22 = 0.0000e+00, 0.0000e+00      
# interval = decibars: 1                
# start_time = Jan 08 2017 20:51:22 [NMEA time, header]
# bad_flag = -9.990e-29
*END*
[from data line 756]
    753.130   16.51282 -107.13868    759.000     5.9352     5.9354     5.8678    34.5326    34.5400  1030.6653    27.1915 8.0993e-02     -0.002  301.76536     0.0572    98.5792     0.0305     0.0328     -3.002 1.0000e-12      22598         28 0.0000e+00
    754.120   16.51282 -107.13868    760.000     5.9343     5.9344     5.8668    34.5324    34.5400  1030.6699    27.1915 8.0270e-02      0.001  301.77205     0.0574    98.5743     0.0305     0.0325     -3.002 1.0000e-12      22626         25 0.0000e+00
    755.110   16.51282 -107.13868    761.000     5.9255     5.9258     5.8580    34.5324    34.5401  1030.6757    27.1926 8.2546e-02      0.015  301.83379     0.0574    98.5745     0.0306     0.0327     -3.003 1.0000e-12      22650         23 0.0000e+00
    756.101   16.51282 -107.13868    762.000     5.9164     5.9183     5.8488    34.5328    34.5401  1030.6818    27.1941 7.9186e-02      0.073  301.89673     0.0574    98.5758     0.0304     0.0327     -3.003 1.0000e-12      22670         20 0.0000e+00
    757.091   16.51282 -107.13868    763.000     5.9082     5.9082     5.8407    34.5328    34.5403  1030.6875    27.1951 7.8857e-02      0.040  301.95389     0.0574    98.5745     0.0305     0.0329     -3.003 1.0000e-12      22690         19 0.0000e+00
    758.082   16.51282 -107.13868    764.000     5.8985     5.8987     5.8309    34.5335    34.5410  1030.6940    27.1969 8.0394e-02      0.096  302.02041     0.0586    98.5465     0.0304     0.0328     -3.004 1.0000e-12      22710         22 0.0000e+00
    759.072   16.51282 -107.13868    765.000     5.8952     5.8954     5.8275    34.5335    34.5411  1030.6991    27.1973 8.0439e-02      0.051  302.04404     0.0575    98.5721     0.0305     0.0326     -3.004 1.0000e-12      22734         25 0.0000e+00
    760.063   16.51282 -107.13868    766.000     5.8926     5.8928     5.8248    34.5336    34.5411  1030.7040    27.1977 8.1810e-02      0.026  302.06209     0.0573    98.5765     0.0305     0.0328     -3.004 1.0000e-12      22760         27 0.0000e+00
    761.053   16.51282 -107.13868    767.000     5.8884     5.8880     5.8206    34.5333    34.5410  1030.7089    27.1979 8.3126e-02     -0.020  302.09206     0.0574    98.5756     0.0304     0.0325     -3.004 1.0000e-12      22785         23 0.0000e+00
    762.043   16.51282 -107.13868    768.000     5.8763     5.8770     5.8084    34.5334    34.5407  1030.7153    27.1996 8.1259e-02      0.000  302.17683     0.0584    98.5497     0.0305     0.0323     -3.004 1.0000e-12      22807         22 0.0000e+00
    763.034   16.51282 -107.13868    769.000     5.8624     5.8641     5.7945    34.5331    34.5408  1030.7216    27.2011 8.1048e-02      0.005  302.27540     0.0576    98.5697     0.0305     0.0326     -3.005 1.0000e-12      22830         24 0.0000e+00
    764.024   16.51282 -107.13868    770.000     5.8486     5.8490     5.7807    34.5335    34.5410  1030.7284    27.2031 7.8358e-02      0.130  302.37154     0.0572    98.5800     0.0306     0.0327     -3.005 1.0000e-12      22855         27 0.0000e+00
    765.015   16.51282 -107.13868    771.000     5.8408     5.8406     5.7729    34.5334    34.5409  1030.7340    27.2041 8.0222e-02     -0.002  302.42633     0.0572    98.5799     0.0306     0.0327     -3.006 1.0000e-12      22884         29 0.0000e+00
    766.005   16.51282 -107.13868    772.000     5.8336     5.8337     5.7656    34.5336    34.5411  1030.7397    27.2051 8.1257e-02     -0.023  302.47665     0.0573    98.5782     0.0305     0.0324     -3.006 1.0000e-12      22913         28 0.0000e+00
    766.995   16.51282 -107.13868    773.000     5.8306     5.8310     5.7625    34.5334    34.5410  1030.7445    27.2053 7.9438e-02      0.071  302.49862     0.0570    98.5837     0.0305     0.0327     -3.006 1.0000e-12      22938         23 0.0000e+00
    767.986   16.51282 -107.13868    774.000     5.8260     5.8264     5.7579    34.5334    34.5410  1030.7498    27.2059 8.2806e-02      0.006  302.53042     0.0571    98.5841     0.0304     0.0325     -3.006 1.0000e-12      22961         22 0.0000e+00
    768.976   16.51282 -107.13868    775.000     5.8216     5.8221     5.7535    34.5336    34.5411  1030.7550    27.2066 8.1859e-02      0.067  302.56101     0.0580    98.5612     0.0304     0.0324     -3.006 1.0000e-12      22982         20 0.0000e+00
    769.967   16.51282 -107.13868    776.000     5.8179     5.8180     5.7496    34.5335    34.5410  1030.7600    27.2070 8.1459e-02      0.046  302.58778     0.0571    98.5832     0.0304     0.0328     -3.006 1.0000e-12      23002         21 0.0000e+00
    770.957   16.51282 -107.13868    777.000     5.8118     5.8121     5.7435    34.5338    34.5414  1030.7657    27.2080 7.9112e-02     -0.011  302.62970     0.0572    98.5793     0.0307     0.0331     -3.007 1.0000e-12      23023         22 0.0000e+00
    771.947   16.51282 -107.13868    778.000     5.8071     5.8074     5.7387    34.5342    34.5417  1030.7712    27.2089 8.3085e-02      0.065  302.66209     0.0573    98.5778     0.0305     0.0325     -3.007 1.0000e-12      23047         24 0.0000e+00
    772.938   16.51282 -107.13868    779.000     5.7707     5.7703     5.7024    34.5348    34.5422  1030.7814    27.2140 8.1211e-02      0.065  302.91790     0.0572    98.5794     0.0305     0.0327     -3.008 1.0000e-12      23073         27 0.0000e+00
    773.928   16.51282 -107.13868    780.000     5.7474     5.7476     5.6791    34.5357    34.5433  1030.7900    27.2175 8.3728e-02      0.061  303.08063     0.0571    98.5830     0.0305     0.0325     -3.009 1.0000e-12      23099         25 0.0000e+00
    774.919   16.51282 -107.13868    781.000     5.7413     5.7415     5.6730    34.5356    34.5431  1030.7953    27.2182 8.4991e-02      0.010  303.12344     0.0574    98.5744     0.0304     0.0325     -3.009 1.0000e-12      23123         25 0.0000e+00
    775.909   16.51282 -107.13868    782.000     5.7407     5.7408     5.6723    34.5353    34.5428  1030.7997    27.2180 8.0923e-02     -0.006  303.12857     0.0569    98.5875     0.0303     0.0324     -3.009 1.0000e-12      23147         24 0.0000e+00
    776.899   16.51282 -107.13868    783.000     5.7404     5.7405     5.6719    34.5350    34.5425  1030.8040    27.2178 8.0266e-02      0.006  303.13150     0.0568    98.5910     0.0306     0.0326     -3.009 1.0000e-12      23172         24 0.0000e+00
    777.890   16.51282 -107.13868    784.000     5.7394     5.7403     5.6709    34.5347    34.5423  1030.8085    27.2177 8.0585e-02     -0.004  303.13864     0.0565    98.5987     0.0305     0.0326     -3.009 1.0000e-12      23197         26 0.0000e+00
    778.880   16.51282 -107.13868    785.000     5.7362     5.7366     5.6676    34.5348    34.5424  1030.8135    27.2182 8.1079e-02      0.048  303.16147     0.0566    98.5960     0.0304     0.0324     -3.009 1.0000e-12      23221         22 0.0000e+00
    779.870   16.51282 -107.13868    786.000     5.7359     5.7361     5.6672    34.5347    34.5423  1030.8181    27.2182 8.1086e-02      0.058  303.16367     0.0567    98.5923     0.0304     0.0326     -3.009 1.0000e-12      23244         22 0.0000e+00
    780.861   16.51282 -107.13868    787.000     5.7299     5.7307     5.6611    34.5345    34.5421  1030.8233    27.2187 7.9832e-02      0.017  303.20681     0.0569    98.5866     0.0306     0.0328     -3.010 1.0000e-12      23266         24 0.0000e+00
    781.851   16.51282 -107.13868    788.000     5.7245     5.7251     5.6557    34.5345    34.5420  1030.8286    27.2194 8.0861e-02      0.068  303.24486     0.0567    98.5926     0.0305     0.0327     -3.010 1.0000e-12      23291         26 0.0000e+00
    782.841   16.51282 -107.13868    789.000     5.7186     5.7183     5.6497    34.5343    34.5418  1030.8338    27.2200 8.1112e-02     -0.009  303.28685     0.0566    98.5942     0.0305     0.0327     -3.010 1.0000e-12      23319         28 0.0000e+00
    783.831   16.51282 -107.13868    790.000     5.7110     5.7113     5.6420    34.5343    34.5418  1030.8395    27.2210 8.2198e-02     -0.018  303.34098     0.0572    98.5788     0.0306     0.0324     -3.010 1.0000e-12      23344         23 0.0000e+00
    784.822   16.51282 -107.13868    791.000     5.7066     5.7070     5.6376    34.5343    34.5418  1030.8446    27.2215 8.1575e-02      0.064  303.37191     0.0574    98.5756     0.0304     0.0323     -3.010 1.0000e-12      23367         22 0.0000e+00
    785.812   16.51282 -107.13868    792.000     5.6979     5.6981     5.6288    34.5341    34.5415  1030.8502    27.2224 8.2713e-02      0.007  303.43432     0.0572    98.5791     0.0306     0.0325     -3.011 1.0000e-12      23388         22 0.0000e+00
    786.802   16.51282 -107.13868    793.000     5.6899     5.6902     5.6208    34.5339    34.5414  1030.8557    27.2232 8.5787e-02      0.042  303.49091     0.0573    98.5770     0.0304     0.0322     -3.011 1.0000e-12      23410         22 0.0000e+00
    787.793   16.51282 -107.13868    794.000     5.6671     5.6670     5.5980    34.5339    34.5415  1030.8635    27.2260 8.4713e-02      0.056  303.65283     0.0572    98.5807     0.0305     0.0326     -3.012 1.0000e-12      23434         25 0.0000e+00
    788.783   16.51282 -107.13868    795.000     5.6503     5.6504     5.5812    34.5347    34.5423  1030.8711    27.2288 8.4096e-02      0.005  303.77033     0.0575    98.5712     0.0306     0.0326     -3.012 1.0000e-12      23459         24 0.0000e+00
    789.773   16.51282 -107.13868    796.000     5.6451     5.6455     5.5761    34.5344    34.5419  1030.8761    27.2292 8.2434e-02      0.000  303.80726     0.0566    98.5961     0.0305     0.0324     -3.013 1.0000e-12      23482         24 0.0000e+00
    790.763   16.51282 -107.13868    797.000     5.6428     5.6437     5.5736    34.5344    34.5420  1030.8810    27.2294 8.4314e-02      0.063  303.82428     0.0564    98.5995     0.0305     0.0326     -3.013 1.0000e-12      23505         24 0.0000e+00
    791.754   16.51282 -107.13868    798.000     5.6412     5.6418     5.5719    34.5341    34.5416  1030.8855    27.2294 8.3369e-02      0.014  303.83594     0.0568    98.5912     0.0304     0.0325     -3.013 1.0000e-12      23530         24 0.0000e+00
    792.744   16.51282 -107.13868    799.000     5.6383     5.6385     5.5689    34.5339    34.5415  1030.8903    27.2296 8.5478e-02      0.013  303.85728     0.0567    98.5920     0.0304     0.0327     -3.013 1.0000e-12      23556         27 0.0000e+00
    793.734   16.51282 -107.13868    800.000     5.6204     5.6192     5.5511    34.5334    34.5408  1030.8970    27.2314 8.5875e-02      0.034  303.98516     0.0573    98.5782     0.0306     0.0326     -3.013 1.0000e-12      23583         25 0.0000e+00
    794.725   16.51282 -107.13868    801.000     5.5841     5.5845     5.5149    34.5350    34.5426  1030.9079    27.2371 8.4762e-02      0.068  304.24012     0.0572    98.5804     0.0305     0.0325     -3.015 1.0000e-12      23609         27 0.0000e+00
    795.715   16.51282 -107.13868    802.000     5.5778     5.5782     5.5086    34.5349    34.5423  1030.9132    27.2378 8.4099e-02      0.013  304.28469     0.0569    98.5865     0.0305     0.0326     -3.015 1.0000e-12      23633         24 0.0000e+00
    796.705   16.51282 -107.13868    803.000     5.5736     5.5739     5.5043    34.5348    34.5422  1030.9183    27.2382 8.1887e-02      0.161  304.31513     0.0574    98.5743     0.0306     0.0326     -3.015 1.0000e-12      23657         22 0.0000e+00
    797.695   16.51282 -107.13868    804.000     5.5681     5.5682     5.4987    34.5348    34.5422  1030.9236    27.2389 8.3770e-02      0.056  304.35451     0.0574    98.5745     0.0304     0.0324     -3.015 1.0000e-12      23679         23 0.0000e+00
    798.686   16.51282 -107.13868    805.000     5.5658     5.5658     5.4964    34.5347    34.5422  1030.9284    27.2391 8.3113e-02     -0.027  304.37078     0.0573    98.5768     0.0305     0.0326     -3.016 1.0000e-12      23701         22 0.0000e+00
    799.676   16.51282 -107.13868    806.000     5.5634     5.5638     5.4939    34.5345    34.5420  1030.9331    27.2392 8.4584e-02      0.029  304.38821     0.0566    98.5943     0.0306     0.0327     -3.016 1.0000e-12      23723         21 0.0000e+00
    800.666   16.51282 -107.13868    807.000     5.5565     5.5569     5.4869    34.5344    34.5422  1030.9386    27.2400 8.4531e-02      0.055  304.43813     0.0571    98.5835     0.0305     0.0325     -3.016 1.0000e-12      23747         26 0.0000e+00
    801.656   16.51282 -107.13868    808.000     5.5393     5.5399     5.4698    34.5349    34.5425  1030.9459    27.2425 8.3960e-02     -0.019  304.55895     0.0566    98.5954     0.0306     0.0330     -3.017 1.0000e-12      23772         25 0.0000e+00
    802.647   16.51282 -107.13868    809.000     5.5314     5.5314     5.4618    34.5356    34.5430  1030.9521    27.2440 8.6092e-02      0.153  304.61438     0.0572    98.5788     0.0305     0.0326     -3.017 1.0000e-12      23797         24 0.0000e+00
    803.637   16.51282 -107.13868    810.000     5.5269     5.5270     5.4572    34.5356    34.5430  1030.9573    27.2446 8.5429e-02      0.090  304.64637     0.0570    98.5849     0.0305     0.0328     -3.017 1.0000e-12      23821         25 0.0000e+00
    804.627   16.51282 -107.13868    811.000     5.5231     5.5236     5.4533    34.5354    34.5429  1030.9622    27.2448 8.3781e-02     -0.015  304.67391     0.0572    98.5802     0.0305     0.0326     -3.017 1.0000e-12      23845         23 0.0000e+00
    805.617   16.51282 -107.13868    812.000     5.5199     5.5202     5.4501    34.5353    34.5429  1030.9671    27.2451 8.2543e-02      0.038  304.69686     0.0566    98.5945     0.0306     0.0326     -3.017 1.0000e-12      23869         24 0.0000e+00
    806.607   16.51282 -107.13868    813.000     5.5158     5.5160     5.4459    34.5353    34.5429  1030.9722    27.2457 8.3798e-02      0.141  304.72636     0.0572    98.5799     0.0303     0.0323     -3.017 1.0000e-12      23893         23 0.0000e+00
    807.598   16.51282 -107.13868    814.000     5.5130     5.5133     5.4431    34.5353    34.5429  1030.9772    27.2460 8.4715e-02      0.154  304.74592     0.0575    98.5734     0.0305     0.0326     -3.017 1.0000e-12      23916         24 0.0000e+00
    808.588   16.51282 -107.13868    815.000     5.5079     5.5081     5.4379    34.5352    34.5428  1030.9824    27.2466 8.3836e-02      0.052  304.78258     0.0568    98.5894     0.0305     0.0324     -3.018 1.0000e-12      23940         26 0.0000e+00
    809.578   16.51282 -107.13868    816.000     5.5005     5.5007     5.4304    34.5352    34.5428  1030.9880    27.2475 8.3621e-02      0.105  304.83563     0.0573    98.5765     0.0306     0.0325     -3.018 1.0000e-12      23968         29 0.0000e+00
    810.568   16.51282 -107.13868    817.000     5.4798     5.4801     5.4098    34.5353    34.5427  1030.9955    27.2501 8.5471e-02      0.125  304.98295     0.0574    98.5745     0.0305     0.0328     -3.019 1.0000e-12      23995         26 0.0000e+00
    811.559   16.51282 -107.13868    818.000     5.4546     5.4547     5.3846    34.5365    34.5440  1031.0045    27.2541 8.4600e-02      0.220  305.16097     0.0568    98.5897     0.0304     0.0325     -3.020 1.0000e-12      24019         22 0.0000e+00
    812.549   16.51282 -107.13868    819.000     5.4461     5.4464     5.3761    34.5368    34.5443  1031.0104    27.2553 8.4582e-02      0.150  305.22073     0.0579    98.5636     0.0305     0.0326     -3.020 1.0000e-12      24041         22 0.0000e+00
    813.539   16.51282 -107.13868    820.000     5.4410     5.4413     5.3710    34.5368    34.5442  1031.0157    27.2559 8.4582e-02      0.195  305.25724     0.0587    98.5448     0.0303     0.0324     -3.020 1.0000e-12      24062         22 0.0000e+00
