data/ctd-cnv/SKQ1617/SKQ1617-St16-P2/skq201617s-035avg.cnv
* Sea-Bird SBE 9 Data File:
* FileName = D:\CTD\SKQ201617S\SKQ201617S-035.hex
* Software Version Seasave V 7.22.5
* Temperature SN = 5773
* Conductivity SN = 2251
* Number of Bytes Per Scan = 37
* Number of Voltage Words = 4
* Number of Scans Averaged by the Deck Unit = 1
* NMEA Latitude = 16 32.17 N
* NMEA Longitude = 107 04.14 W
* NMEA UTC (Time) = Jan 10 2017  08:29:02
* NMEA baud rate = 4800
** Ship: R/V Sikuliaq
** Station Number: 35
** Station Name: Station 16/P2
** Depth: 4011.86
** Operator:
# nquan = 20
# nvalues = 301                         
# units = specified
# name 0 = depSMignore: Depth [salt water, m]
# name 1 = latitude: Latitude [deg]
# name 2 = longitude: Longitude [deg]
# name 3 = prDM: Pressure, Digiquartz [db]
# name 4 = t090C: Temperature [ITS-90, deg C]
# name 5 = t190C: Temperature, 2 [ITS-90, deg C]
# name 6 = potemp090C: Potential Temperature [ITS-90, deg C]
# name 7 = sal00: Salinity, Practical [PSU]
# name 8 = sal11: Salinity, Practical, 2 [PSU]
# name 9 = density00: Density [density, kg/m^3]
# name 10 = sigma-t00: Density [sigma-t, kg/m^3 ]
# name 11 = flSP: Fluorescence, Seapoint
# name 12 = sbox0Mm/Kg: Oxygen, SBE 43 [umol/kg]
# name 13 = oxsolMm/Kg: Oxygen Saturation, Garcia & Gordon [umol/kg]
# name 14 = CStarAt0: Beam Attenuation, WET Labs C-Star [1/m]
# name 15 = CStarTr0: Beam Transmission, WET Labs C-Star [%]
# name 16 = par: PAR/Irradiance, Biospherical/Licor
# name 17 = scan: Scan Count
# name 18 = nbin: number of scans per bin
# name 19 = flag: flag
# span 0 =      2.981,    300.986       
# span 1 =   16.53616,   16.53616       
# span 2 = -107.06909, -107.06906       
# span 3 =      3.000,    303.000       
# span 4 =    10.8760,    28.7944       
# span 5 =    10.8766,    28.7946       
# span 6 =    10.8390,    28.7899       
# span 7 =    33.5654,    34.8166       
# span 8 =    33.5757,    34.8246       
# span 9 =  1021.0897,  1027.9267       
# span 10 =    21.0746,    26.5665      
# span 11 = 6.6599e-02, 1.8084e+00      
# span 12 =      0.158,    192.544      
# span 13 =  196.11470,  270.10088      
# span 14 =     0.0698,     0.2389      
# span 15 =    94.2032,    98.2700      
# span 16 = -5.769e-07, 2.7456e-01      
# span 17 =       -554,      12093      
# span 18 =          3,        226      
# span 19 = 0.0000e+00, 0.0000e+00      
# interval = decibars: 1                
# start_time = Jan 10 2017 08:29:02 [NMEA time, header]
# bad_flag = -9.990e-29
*END*
[from data line 145]
    147.071   16.53616 -107.06908    148.000    12.7005    12.7009    12.6805    34.8092    34.8173  1026.9663    26.3047 8.2051e-02      0.462  259.83411     0.1337    96.7131 8.4048e-03       7464         28 0.0000e+00
    148.065   16.53616 -107.06908    149.000    12.6921    12.6917    12.6719    34.8099    34.8181  1026.9730    26.3070 8.2080e-02      0.468  259.87782     0.1183    97.0865 8.4577e-03       7486         22 0.0000e+00
    149.058   16.53616 -107.06908    150.000    12.6729    12.6728    12.6527    34.8149    34.8230  1026.9852    26.3146 7.6336e-02      0.381  259.97049     0.0815    97.9838 8.3702e-03       7504         16 0.0000e+00
    150.051   16.53616 -107.06908    151.000    12.6607    12.6603    12.6404    34.8159    34.8241  1026.9928    26.3178 7.4363e-02      0.410  260.03386     0.0786    98.0542 8.1293e-03       7521         17 0.0000e+00
    151.045   16.53616 -107.06906    152.000    12.6470    12.6469    12.6265    34.8166    34.8246  1027.0006    26.3210 7.3883e-02      0.433  260.10592     0.0776    98.0774 8.3716e-03       7538         18 0.0000e+00
    152.038   16.53616 -107.06906    153.000    12.6406    12.6410    12.6200    34.8157    34.8240  1027.0057    26.3216 7.3662e-02      0.440  260.14147     0.0779    98.0718 8.1174e-03       7560         28 0.0000e+00
    153.031   16.53616 -107.06906    154.000    12.6360    12.6368    12.6153    34.8148    34.8228  1027.0104    26.3219 7.2786e-02      0.439  260.16765     0.0773    98.0853 7.6345e-03       7599         46 0.0000e+00
    154.025   16.53616 -107.06906    155.000    12.6325    12.6325    12.6116    34.8139    34.8221  1027.0148    26.3218 7.1876e-02      0.420  260.18795     0.0811    97.9929 7.6240e-03       7637         27 0.0000e+00
    155.018   16.53616 -107.06908    156.000    12.6302    12.6302    12.6092    34.8134    34.8216  1027.0193    26.3219 7.4021e-02      0.421  260.20121     0.0768    98.0981 7.6936e-03       7662         22 0.0000e+00
    156.011   16.53616 -107.06908    157.000    12.6259    12.6258    12.6048    34.8129    34.8211  1027.0242    26.3223 7.2043e-02      0.416  260.22480     0.0765    98.1074 7.3365e-03       7682         19 0.0000e+00
    157.005   16.53616 -107.06908    158.000    12.6243    12.6243    12.6031    34.8122    34.8205  1027.0285    26.3221 7.3939e-02      0.418  260.23454     0.0766    98.1042 7.1311e-03       7699         17 0.0000e+00
    157.998   16.53616 -107.06908    159.000    12.6221    12.6223    12.6007    34.8119    34.8201  1027.0332    26.3223 7.4074e-02      0.416  260.24689     0.0774    98.0838 7.0522e-03       7716         18 0.0000e+00
    158.991   16.53616 -107.06908    160.000    12.6175    12.6175    12.5960    34.8113    34.8196  1027.0381    26.3227 7.1943e-02      0.422  260.27249     0.0772    98.0877 7.1376e-03       7733         16 0.0000e+00
    159.985   16.53616 -107.06908    161.000    12.6131    12.6130    12.5914    34.8121    34.8202  1027.0441    26.3242 7.0876e-02      0.422  260.29491     0.0774    98.0827 7.0568e-03       7750         18 0.0000e+00
    160.978   16.53616 -107.06907    162.000    12.6069    12.6069    12.5852    34.8125    34.8207  1027.0501    26.3257 7.1403e-02      0.422  260.32681     0.0774    98.0829 6.9683e-03       7767         16 0.0000e+00
    161.971   16.53616 -107.06906    163.000    12.6007    12.6011    12.5788    34.8123    34.8204  1027.0556    26.3268 7.2406e-02      0.423  260.36054     0.0772    98.0879 6.9670e-03       7790         33 0.0000e+00
    162.965   16.53616 -107.06906    164.000    12.6154    12.6161    12.5933    34.8111    34.8192  1027.0562    26.3230 7.2188e-02      0.423  260.28425     0.0771    98.0909 6.7693e-03       7868         87 0.0000e+00
    163.958   16.53616 -107.06908    165.000    12.5964    12.5986    12.5743    34.8103    34.8184  1027.0639    26.3261 7.2530e-02      0.423  260.38694     0.0775    98.0819 6.5597e-03       7906         20 0.0000e+00
    164.951   16.53616 -107.06908    166.000    12.5766    12.5769    12.5544    34.8097    34.8178  1027.0718    26.3295 7.3264e-02      0.423  260.49396     0.0766    98.1043 6.6793e-03       7923         15 0.0000e+00
    165.944   16.53616 -107.06908    167.000    12.5664    12.5664    12.5440    34.8096    34.8177  1027.0782    26.3314 7.0642e-02      0.424  260.54909     0.0766    98.1042 6.3516e-03       7938         14 0.0000e+00
    166.937   16.53616 -107.06908    168.000    12.5565    12.5562    12.5339    34.8100    34.8181  1027.0850    26.3337 7.0726e-02      0.424  260.60134     0.0767    98.1021 6.0769e-03       7951         13 0.0000e+00
    167.931   16.53616 -107.06908    169.000    12.5485    12.5484    12.5259    34.8104    34.8184  1027.0913    26.3356 7.0132e-02      0.424  260.64292     0.0766    98.1043 5.7427e-03       7965         13 0.0000e+00
    168.924   16.53616 -107.06908    170.000    12.5308    12.5303    12.5080    34.8102    34.8181  1027.0992    26.3390 7.0562e-02      0.424  260.73828     0.0766    98.1042 5.6366e-03       7978         12 0.0000e+00
    169.918   16.53616 -107.06908    171.000    12.5063    12.5059    12.4834    34.8106    34.8187  1027.1089    26.3441 6.8587e-02      0.424  260.86874     0.0762    98.1131 5.6516e-03       7991         15 0.0000e+00
    170.911   16.53616 -107.06908    172.000    12.4952    12.4954    12.4722    34.8105    34.8186  1027.1154    26.3461 6.8632e-02      0.425  260.92850     0.0760    98.1189 5.5829e-03       8007         19 0.0000e+00
    171.904   16.53616 -107.06907    173.000    12.5141    12.5113    12.4909    34.8096    34.8180  1027.1154    26.3418 7.0382e-02      0.421  260.82904     0.0759    98.1200 5.7630e-03       8045         64 0.0000e+00
    172.897   16.53616 -107.06906    174.000    12.5072    12.5209    12.4839    34.8090    34.8171  1027.1208    26.3426 7.0438e-02      0.392  260.86725     0.0765    98.1074 5.6750e-03       8108         43 0.0000e+00
    173.890   16.53616 -107.06908    175.000    12.4825    12.4834    12.4591    34.8087    34.8167  1027.1300    26.3473 7.0553e-02      0.422  260.99988     0.0757    98.1259 5.6514e-03       8137         23 0.0000e+00
    174.884   16.53616 -107.06908    176.000    12.4726    12.4724    12.4491    34.8082    34.8163  1027.1360    26.3488 6.9799e-02      0.420  261.05421     0.0763    98.1116 5.6516e-03       8157         17 0.0000e+00
    175.877   16.53616 -107.06908    177.000    12.4640    12.4639    12.4404    34.8078    34.8161  1027.1419    26.3502 6.7696e-02      0.401  261.10109     0.0761    98.1157 5.5613e-03       8174         16 0.0000e+00
    176.870   16.53616 -107.06908    178.000    12.4623    12.4624    12.4385    34.8076    34.8157  1027.1465    26.3504 6.9143e-02      0.413  261.11054     0.0754    98.1320 5.6518e-03       8190         16 0.0000e+00
    177.864   16.53616 -107.06908    179.000    12.4587    12.4587    12.4349    34.8071    34.8152  1027.1513    26.3506 6.8901e-02      0.436  261.13040     0.0753    98.1353 5.6516e-03       8206         16 0.0000e+00
    178.857   16.53616 -107.06908    180.000    12.4530    12.4532    12.4290    34.8063    34.8145  1027.1563    26.3512 6.9612e-02      0.433  261.16296     0.0754    98.1338 5.6516e-03       8225         22 0.0000e+00
    179.850   16.53616 -107.06908    181.000    12.4391    12.4384    12.4149    34.8047    34.8130  1027.1622    26.3526 7.0882e-02      0.371  261.24077     0.0752    98.1384 5.4883e-03       8249         26 0.0000e+00
    180.843   16.53616 -107.06908    182.000    12.4282    12.4283    12.4040    34.8039    34.8120  1027.1682    26.3541 6.9013e-02      0.407  261.30048     0.0751    98.1387 5.3992e-03       8276         28 0.0000e+00
    181.836   16.53616 -107.06908    183.000    12.4215    12.4217    12.3972    34.8029    34.8109  1027.1732    26.3546 7.2267e-02      0.394  261.33833     0.0760    98.1185 5.2656e-03       8304         29 0.0000e+00
    182.830   16.53616 -107.06908    184.000    12.4126    12.4129    12.3882    34.8020    34.8101  1027.1788    26.3557 6.8180e-02      0.369  261.38768     0.0759    98.1216 5.5381e-03       8331         24 0.0000e+00
    183.823   16.53616 -107.06908    185.000    12.4048    12.4049    12.3802    34.8012    34.8094  1027.1842    26.3566 6.8807e-02      0.417  261.43145     0.0761    98.1166 5.1171e-03       8357         27 0.0000e+00
    184.816   16.53616 -107.06906    186.000    12.4021    12.4019    12.3773    34.8012    34.8092  1027.1892    26.3571 6.9602e-02      0.348  261.44599     0.0756    98.1284 4.9263e-03       8384         27 0.0000e+00
    185.809   16.53616 -107.06907    187.000    12.4011    12.4010    12.3763    34.8009    34.8091  1027.1936    26.3571 6.7958e-02      0.381  261.45168     0.0755    98.1303 4.4142e-03       8410         25 0.0000e+00
    186.802   16.53616 -107.06908    188.000    12.3924    12.3923    12.3674    34.8000    34.8080  1027.1991    26.3580 6.9087e-02      0.430  261.50032     0.0757    98.1259 4.4958e-03       8434         23 0.0000e+00
    187.795   16.53616 -107.06908    189.000    12.3724    12.3724    12.3473    34.7990    34.8071  1027.2068    26.3612 6.7395e-02      0.413  261.61018     0.0758    98.1241 4.3281e-03       8456         21 0.0000e+00
    188.789   16.53616 -107.06908    190.000    12.3502    12.3495    12.3251    34.7974    34.8053  1027.2144    26.3642 6.7400e-02      0.284  261.73236     0.0755    98.1304 4.2545e-03       8478         20 0.0000e+00
    189.782   16.53616 -107.06908    191.000    12.3345    12.3345    12.3092    34.7964    34.8045  1027.2212    26.3666 6.7691e-02      0.390  261.81906     0.0757    98.1251 4.2551e-03       8501         25 0.0000e+00
    190.775   16.53616 -107.06908    192.000    12.3062    12.3059    12.2808    34.7942    34.8022  1027.2296    26.3704 6.8840e-02      0.388  261.97620     0.0757    98.1267 4.2551e-03       8528         29 0.0000e+00
    191.768   16.53616 -107.06908    193.000    12.2825    12.2823    12.2570    34.7927    34.8006  1027.2375    26.3738 7.0011e-02      0.375  262.10703     0.0761    98.1153 4.2019e-03       8555         26 0.0000e+00
    192.761   16.53616 -107.06907    194.000    12.2629    12.2628    12.2373    34.7910    34.7992  1027.2445    26.3762 6.9098e-02      0.376  262.21611     0.0756    98.1291 4.1918e-03       8579         22 0.0000e+00
    193.754   16.53616 -107.06906    195.000    12.2420    12.2420    12.2163    34.7898    34.7978  1027.2522    26.3794 7.0932e-02      0.353  262.33155     0.0755    98.1303 4.0694e-03       8603         23 0.0000e+00
    194.748   16.53616 -107.06906    196.000    12.2336    12.2336    12.2077    34.7890    34.7971  1027.2577    26.3804 6.9268e-02      0.394  262.37878     0.0755    98.1292 4.0313e-03       8628         25 0.0000e+00
    195.740   16.53616 -107.06906    197.000    12.2287    12.2287    12.2027    34.7882    34.7963  1027.2625    26.3807 6.9316e-02      0.365  262.40664     0.0755    98.1303 3.8207e-03       8653         26 0.0000e+00
    196.733   16.53616 -107.06906    198.000    12.2214    12.2214    12.1953    34.7878    34.7958  1027.2681    26.3818 7.1265e-02      0.344  262.44715     0.0753    98.1355 3.6493e-03       8677         21 0.0000e+00
    197.727   16.53616 -107.06907    199.000    12.2162    12.2161    12.1900    34.7872    34.7952  1027.2731    26.3823 6.8311e-02      0.358  262.47638     0.0759    98.1214 3.6866e-03       8698         22 0.0000e+00
    198.720   16.53616 -107.06908    200.000    12.2081    12.2081    12.1818    34.7867    34.7946  1027.2787    26.3835 6.9986e-02      0.379  262.52097     0.0759    98.1198 3.5569e-03       8719         20 0.0000e+00
    199.713   16.53616 -107.06908    201.000    12.2003    12.2003    12.1738    34.7861    34.7941  1027.2843    26.3845 6.9915e-02      0.285  262.56496     0.0755    98.1294 3.2191e-03       8740         23 0.0000e+00
    200.706   16.53616 -107.06908    202.000    12.1878    12.1880    12.1613    34.7854    34.7933  1027.2906    26.3864 7.0410e-02      0.381  262.63366     0.0761    98.1168 3.0175e-03       8765         27 0.0000e+00
    201.699   16.53616 -107.06906    203.000    12.1804    12.1804    12.1537    34.7849    34.7929  1027.2962    26.3874 6.9897e-02      0.303  262.67501     0.0759    98.1209 3.0294e-03       8791         25 0.0000e+00
    202.692   16.53616 -107.06906    204.000    12.1726    12.1727    12.1458    34.7842    34.7924  1027.3017    26.3884 6.9194e-02      0.294  262.71831     0.0757    98.1259 2.9766e-03       8815         25 0.0000e+00
    203.685   16.53616 -107.06906    205.000    12.1628    12.1629    12.1359    34.7836    34.7915  1027.3076    26.3898 6.9079e-02      0.322  262.77297     0.0754    98.1324 2.9937e-03       8838         21 0.0000e+00
    204.679   16.53616 -107.06906    206.000    12.1521    12.1523    12.1250    34.7829    34.7909  1027.3136    26.3913 7.0337e-02      0.292  262.83245     0.0755    98.1304 2.9630e-03       8863         28 0.0000e+00
    205.672   16.53616 -107.06906    207.000    12.1449    12.1452    12.1177    34.7823    34.7902  1027.3190    26.3922 7.1074e-02      0.301  262.87263     0.0759    98.1215 2.8667e-03       8893         34 0.0000e+00
    206.665   16.53616 -107.06906    208.000    12.1207    12.1208    12.0934    34.7804    34.7882  1027.3268    26.3954 6.9294e-02      0.366  263.00819     0.0757    98.1255 2.8624e-03       8927         33 0.0000e+00
    207.658   16.53616 -107.06906    209.000    12.0873    12.0874    12.0599    34.7790    34.7868  1027.3366    26.4007 7.1008e-02      0.301  263.19256     0.0755    98.1293 2.8624e-03       8958         26 0.0000e+00
    208.651   16.53616 -107.06906    210.000    12.0739    12.0739    12.0465    34.7778    34.7857  1027.3428    26.4024 6.8417e-02      0.331  263.26757     0.0756    98.1290 2.8624e-03       8981         20 0.0000e+00
    209.644   16.53616 -107.06906    211.000    12.0580    12.0580    12.0304    34.7772    34.7852  1027.3500    26.4050 6.6846e-02      0.350  263.35540     0.0755    98.1303 2.4097e-03       9001         19 0.0000e+00
    210.637   16.53616 -107.06906    212.000    12.0453    12.0452    12.0176    34.7764    34.7842  1027.3563    26.4068 7.0821e-02      0.345  263.42646     0.0755    98.1303 2.3399e-03       9018         16 0.0000e+00
    211.630   16.53616 -107.06906    213.000    12.0240    12.0237    11.9962    34.7759    34.7838  1027.3645    26.4105 6.9385e-02      0.332  263.54377     0.0765    98.1073 2.3722e-03       9034         17 0.0000e+00
    212.623   16.53616 -107.06906    214.000    11.9918    11.9917    11.9639    34.7750    34.7826  1027.3746    26.4159 7.1151e-02      0.346  263.72166     0.0765    98.1059 2.6804e-03       9050         16 0.0000e+00
    213.616   16.53616 -107.06906    215.000    11.9422    11.9417    11.9143    34.7745    34.7824  1027.3882    26.4249 6.7976e-02      0.307  263.99409     0.0755    98.1295 2.3624e-03       9067         19 0.0000e+00
    214.609   16.53616 -107.06906    216.000    11.9159    11.9166    11.8879    34.7736    34.7817  1027.3971    26.4293 6.8890e-02      0.306  264.14006     0.0750    98.1416 2.1980e-03       9090         27 0.0000e+00
    215.602   16.53616 -107.06906    217.000    11.8978    11.9012    11.8697    34.7737    34.7830  1027.4052    26.4328 7.0304e-02      0.359  264.23901     0.0741    98.1632 1.9721e-03       9134         55 0.0000e+00
    216.595   16.53616 -107.06906    218.000    11.8904    11.8901    11.8622    34.7728    34.7804  1027.4104    26.4335 6.9202e-02      0.259  264.28128     0.0743    98.1578 1.9497e-03       9179         32 0.0000e+00
    217.588   16.53616 -107.06906    219.000    11.8793    11.8794    11.8509    34.7729    34.7807  1027.4171    26.4356 7.1859e-02      0.280  264.34256     0.0740    98.1679 1.8345e-03       9204         23 0.0000e+00
