data/ctd-cnv/SKQ1617/SKQ1617-St16-P2/skq201617s-037avg.cnv
* Sea-Bird SBE 9 Data File:
* FileName = D:\CTD\SKQ201617S\SKQ201617S-037.hex
* Software Version Seasave V 7.22.5
* Temperature SN = 5773
* Conductivity SN = 2251
* Number of Bytes Per Scan = 37
* Number of Voltage Words = 4
* Number of Scans Averaged by the Deck Unit = 1
* NMEA Latitude = 16 32.44 N
* NMEA Longitude = 107 03.93 W
* NMEA UTC (Time) = Jan 10 2017  23:08:46
* NMEA baud rate = 4800
** Ship: R/V Sikuliaq
** Station Number: 37
** Station Name: Station 16/P2
** Depth: 4120
** Operator: CF
# nquan = 20
# nvalues = 503                         
# units = specified
# name 0 = depSM: Depth [salt water, m]
# name 1 = latitude: Latitude [deg]
# name 2 = longitude: Longitude [deg]
# name 3 = prDM: Pressure, Digiquartz [db]
# name 4 = t090C: Temperature [ITS-90, deg C]
# name 5 = t190C: Temperature, 2 [ITS-90, deg C]
# name 6 = potemp090C: Potential Temperature [ITS-90, deg C]
# name 7 = sal00: Salinity, Practical [PSU]
# name 8 = sal11: Salinity, Practical, 2 [PSU]
# name 9 = density00: Density [density, kg/m^3]
# name 10 = sigma-t00: Density [sigma-t, kg/m^3 ]
# name 11 = flSP: Fluorescence, Seapoint
# name 12 = sbox0Mm/Kg: Oxygen, SBE 43 [umol/kg]
# name 13 = oxsolMm/Kg: Oxygen Saturation, Garcia & Gordon [umol/kg]
# name 14 = CStarAt0: Beam Attenuation, WET Labs C-Star [1/m]
# name 15 = CStarTr0: Beam Transmission, WET Labs C-Star [%]
# name 16 = par: PAR/Irradiance, Biospherical/Licor
# name 17 = scan: Scan Count
# name 18 = nbin: number of scans per bin
# name 19 = flag: flag
# span 0 =      1.988,    500.407       
# span 1 =   16.54058,   16.54060       
# span 2 = -107.06550, -107.06550       
# span 3 =      2.000,    504.000       
# span 4 =     8.2862,    28.8192       
# span 5 =     8.2855,    28.8192       
# span 6 =     8.2335,    28.8183       
# span 7 =    33.5699,    34.8127       
# span 8 =    33.5797,    34.8199       
# span 9 =  1021.0655,  1029.1879       
# span 10 =    21.0531,    26.9008      
# span 11 = 6.6302e-02, 2.4893e+00      
# span 12 =      0.057,    196.108      
# span 13 =  196.06017,  285.96521      
# span 14 =     0.0679,     0.2389      
# span 15 =    94.2019,    98.3165      
# span 16 = 1.0000e-12, 7.7460e+02      
# span 17 =         -0,      16542      
# span 18 =         16,        412      
# span 19 = 0.0000e+00, 0.0000e+00      
# interval = decibars: 1                
# start_time = Jan 10 2017 23:08:46 [NMEA time, header]
# bad_flag = -9.990e-29
*END*
      1.988   16.54060 -107.06550      2.000    28.8043    28.8037    28.8039    33.5716    33.5812  1021.0655    21.0570 2.7887e-01    192.010  196.10838     0.1955    95.2299 7.7460e+02         -0         34 0.0000e+00
      2.982   16.54060 -107.06550      3.000    28.8140    28.8146    28.8133    33.5727    33.5824  1021.0674    21.0546 2.5540e-01    191.776  196.07694     0.1901    95.3589 2.5679e+02         56         50 0.0000e+00
      3.976   16.54060 -107.06550      4.000    28.8192    28.8192    28.8183    33.5730    33.5829  1021.0702    21.0531 2.5992e-01    191.613  196.06017     0.1885    95.3958 1.5309e+02        690         71 0.0000e+00
      4.970   16.54060 -107.06550      5.000    28.8160    28.8165    28.8148    33.5729    33.5828  1021.0755    21.0541 2.6194e-01    191.828  196.07036     0.1887    95.3914 1.3583e+02        814         65 0.0000e+00
      5.964   16.54060 -107.06550      6.000    28.8052    28.8056    28.8037    33.5717    33.5815  1021.0825    21.0568 2.7279e-01    191.586  196.10562     0.1899    95.3630 1.2952e+02        881         81 0.0000e+00
      6.958   16.54060 -107.06550      7.000    28.8028    28.8027    28.8011    33.5714    33.5812  1021.0873    21.0573 2.7488e-01    191.591  196.11354     0.1918    95.3168 1.1374e+02        951         45 0.0000e+00
      7.953   16.54060 -107.06550      8.000    28.8008    28.8007    28.7989    33.5707    33.5806  1021.0918    21.0575 2.6778e-01    191.151  196.12037     0.1890    95.3834 1.1561e+02        989         39 0.0000e+00
      8.947   16.54060 -107.06550      9.000    28.8014    28.8014    28.7993    33.5711    33.5810  1021.0961    21.0575 2.7989e-01    191.579  196.11808     0.1736    95.7528 1.0294e+02       1052         84 0.0000e+00
      9.940   16.54060 -107.06550     10.000    28.7999    28.7997    28.7975    33.5718    33.5815  1021.1014    21.0585 2.7509e-01    191.672  196.12182     0.1431    96.4867 9.6947e+01       1123         55 0.0000e+00
     10.935   16.54060 -107.06550     11.000    28.7993    28.7992    28.7967    33.5722    33.5820  1021.1062    21.0591 2.8149e-01    191.861  196.12318     0.1408    96.5398 9.3047e+01       1185         72 0.0000e+00
     11.929   16.54060 -107.06550     12.000    28.7977    28.7977    28.7948    33.5721    33.5818  1021.1109    21.0595 2.8511e-01    191.475  196.12842     0.1403    96.5516 8.6314e+01       1249         46 0.0000e+00
     12.923   16.54060 -107.06550     13.000    28.7988    28.7981    28.7957    33.5721    33.5819  1021.1148    21.0591 2.9216e-01    191.815  196.12494     0.1801    95.5992 8.4822e+01       1392        266 0.0000e+00
     13.917   16.54060 -107.06550     14.000    28.7951    28.7950    28.7918    33.5724    33.5822  1021.1206    21.0606 2.8706e-01    192.060  196.13605     0.1906    95.3463 8.0576e+01       1578         79 0.0000e+00
     14.911   16.54060 -107.06550     15.000    28.7936    28.7934    28.7900    33.5725    33.5822  1021.1255    21.0612 2.9241e-01    191.692  196.14081     0.1912    95.3308 8.1257e+01       1651         60 0.0000e+00
     15.905   16.54060 -107.06550     16.000    28.7912    28.7910    28.7874    33.5722    33.5818  1021.1304    21.0618 2.9492e-01    192.176  196.14843     0.1917    95.3201 7.7827e+01       1695         37 0.0000e+00
     16.899   16.54060 -107.06550     17.000    28.7900    28.7899    28.7859    33.5722    33.5820  1021.1350    21.0622 3.0565e-01    191.378  196.15226     0.1861    95.4532 7.4674e+01       1735         47 0.0000e+00
     17.893   16.54060 -107.06550     18.000    28.7876    28.7872    28.7833    33.5721    33.5818  1021.1400    21.0629 3.1300e-01    192.231  196.15972     0.1880    95.4089 7.7196e+01       1792         58 0.0000e+00
     18.887   16.54060 -107.06550     19.000    28.7858    28.7855    28.7813    33.5715    33.5811  1021.1444    21.0630 3.1895e-01    191.785  196.16621     0.1903    95.3537 7.6508e+01       1848         62 0.0000e+00
     19.881   16.54060 -107.06550     20.000    28.7838    28.7838    28.7790    33.5712    33.5809  1021.1491    21.0634 3.2824e-01    191.839  196.17274     0.1887    95.3909 7.7081e+01       1909         52 0.0000e+00
     20.875   16.54060 -107.06550     21.000    28.7817    28.7814    28.7767    33.5707    33.5804  1021.1538    21.0637 3.1803e-01    192.078  196.18007     0.1859    95.4591 7.9643e+01       1950         33 0.0000e+00
     21.869   16.54060 -107.06550     22.000    28.7792    28.7793    28.7739    33.5699    33.5797  1021.1583    21.0640 3.4032e-01    191.526  196.18876     0.1865    95.4439 7.7712e+01       1986         43 0.0000e+00
     22.863   16.54059 -107.06550     23.000    28.7786    28.7784    28.7730    33.5706    33.5803  1021.1633    21.0647 3.7390e-01    192.195  196.18995     0.1866    95.4412 8.1529e+01       2042         61 0.0000e+00
     23.857   16.54059 -107.06550     24.000    28.7779    28.7777    28.7721    33.5706    33.5803  1021.1678    21.0649 3.6089e-01    191.899  196.19202     0.1917    95.3203 8.7827e+01       2093         44 0.0000e+00
     24.851   16.54060 -107.06550     25.000    28.7770    28.7770    28.7711    33.5706    33.5803  1021.1724    21.0652 3.6262e-01    192.390  196.19464     0.1947    95.2489 9.0244e+01       2137         46 0.0000e+00
     25.845   16.54060 -107.06550     26.000    28.7775    28.7774    28.7713    33.5710    33.5807  1021.1768    21.0654 3.6930e-01    191.661  196.19243     0.1839    95.5076 9.7907e+01       2192         58 0.0000e+00
     26.838   16.54060 -107.06550     27.000    28.7773    28.7770    28.7708    33.5714    33.5810  1021.1815    21.0658 3.6918e-01    191.580  196.19290     0.1435    96.4752 9.8254e+01       2247         47 0.0000e+00
     27.832   16.54060 -107.06550     28.000    28.7756    28.7755    28.7689    33.5717    33.5813  1021.1865    21.0665 3.8196e-01    192.107  196.19764     0.1396    96.5689 9.2707e+01       2287         37 0.0000e+00
     28.826   16.54058 -107.06550     29.000    28.7752    28.7752    28.7683    33.5715    33.5813  1021.1908    21.0665 3.9169e-01    192.231  196.19908     0.1389    96.5877 9.4173e+01       2325         40 0.0000e+00
     29.820   16.54058 -107.06550     30.000    28.7730    28.7727    28.7658    33.5715    33.5813  1021.1959    21.0673 4.2031e-01    192.146  196.20607     0.1405    96.5493 9.3596e+01       2371         52 0.0000e+00
     30.814   16.54059 -107.06550     31.000    28.7718    28.7714    28.7644    33.5723    33.5821  1021.2011    21.0682 4.6420e-01    192.154  196.20876     0.1406    96.5468 9.3917e+01       2434         72 0.0000e+00
     31.808   16.54060 -107.06550     32.000    28.7706    28.7704    28.7629    33.5729    33.5825  1021.2062    21.0691 4.4700e-01    192.403  196.21190     0.1429    96.4912 8.9661e+01       2497         44 0.0000e+00
     32.802   16.54060 -107.06550     33.000    28.7673    28.7672    28.7594    33.5752    33.5849  1021.2134    21.0719 4.7003e-01    191.990  196.21914     0.1407    96.5437 8.3344e+01       2531         32 0.0000e+00
     33.796   16.54060 -107.06550     34.000    28.7648    28.7646    28.7567    33.5771    33.5868  1021.2199    21.0742 5.1984e-01    191.949  196.22469     0.1428    96.4935 8.1391e+01       2570         47 0.0000e+00
     34.790   16.54060 -107.06550     35.000    28.7592    28.7588    28.7508    33.5883    33.5990  1021.2344    21.0844 6.1558e-01    191.822  196.22843     0.1453    96.4320 7.9763e+01       2629         59 0.0000e+00
     35.784   16.54060 -107.06550     36.000    28.7457    28.7449    28.7371    33.6216    33.6317  1021.2682    21.1139 8.0758e-01    191.403  196.22952     0.1552    96.1939 7.5804e+01       2679         44 0.0000e+00
     36.778   16.54060 -107.06550     37.000    28.5823    28.5815    28.5735    33.6465    33.6562  1021.3451    21.1865 1.2073e+00    191.679  196.71111     0.1747    95.7258 6.7611e+01       2720         38 0.0000e+00
     37.772   16.54060 -107.06550     38.000    28.2485    28.2490    28.2396    33.6739    33.6827  1021.4797    21.3167 1.7544e+00    192.659  197.73063     0.2161    94.7407 6.2751e+01       2758         40 0.0000e+00
     38.765   16.54060 -107.06550     39.000    27.8137    27.8051    27.8046    33.7249    33.7377  1021.6638    21.4964 2.2098e+00    196.108  199.05628     0.2389    94.2019 6.0385e+01       2805         58 0.0000e+00
     39.759   16.54060 -107.06550     40.000    27.3607    27.3269    27.3514    33.7530    33.7459  1021.8355    21.6637 2.4893e+00    184.799  200.48266     0.2385    94.2113 5.5588e+01       2882         74 0.0000e+00
     40.753   16.54060 -107.06550     41.000    26.9653    26.9645    26.9560    33.7176    33.7268  1021.9395    21.7632 2.0886e+00    181.701  201.82082     0.2359    94.2739 4.9509e+01       2935         40 0.0000e+00
     41.747   16.54060 -107.06550     42.000    26.9462    26.9471    26.9366    33.7589    33.7672  1021.9810    21.8004 1.9301e+00    175.176  201.83114     0.2164    94.7328 4.2876e+01       2970         33 0.0000e+00
     42.741   16.54060 -107.06550     43.000    26.9541    26.9541    26.9443    33.8440    33.8529  1022.0468    21.8619 1.8571e+00    176.788  201.69589     0.2313    94.3814 3.7234e+01       3005         39 0.0000e+00
     43.735   16.54060 -107.06550     44.000    26.9138    26.9138    26.9038    33.9336    33.9424  1022.1313    21.9421 1.8448e+00    175.073  201.71331     0.2089    94.9120 3.2575e+01       3050         51 0.0000e+00
     44.729   16.54060 -107.06550     45.000    26.8670    26.8665    26.8568    33.9970    34.0061  1022.1982    22.0047 1.7707e+00    172.889  201.78587     0.2049    95.0071 2.9355e+01       3108         58 0.0000e+00
     45.723   16.54060 -107.06550     46.000    26.6622    26.6648    26.6517    34.0510    34.0598  1022.3080    22.1102 1.6860e+00    171.945  202.39336     0.2330    94.3415 2.5647e+01       3160         42 0.0000e+00
     46.717   16.54060 -107.06550     47.000    26.4962    26.4973    26.4856    34.0755    34.0848  1022.3831    22.1809 1.7244e+00    168.438  202.91256     0.2150    94.7669 2.2647e+01       3197         35 0.0000e+00
     47.710   16.54060 -107.06550     48.000    26.2148    26.2133    26.2041    34.1285    34.1438  1022.5156    22.3090 1.7973e+00    161.507  203.78446     0.1913    95.3300 2.0514e+01       3246         66 0.0000e+00
     48.704   16.54060 -107.06550     49.000    25.7537    25.7486    25.7429    34.1895    34.2046  1022.7094    22.4983 1.6353e+00    151.988  205.26203     0.1729    95.7699 1.8206e+01       3319         64 0.0000e+00
     49.698   16.54060 -107.06550     50.000    25.1620    25.1608    25.1511    34.2599    34.2709  1022.9484    22.7328 1.3810e+00    146.932  207.19949     0.1996    95.1329 1.6745e+01       3367         37 0.0000e+00
     50.692   16.54060 -107.06550     51.000    24.7361    24.7359    24.7251    34.3007    34.3116  1023.1127    22.8926 1.2381e+00    137.440  208.62804     0.2074    94.9460 1.4895e+01       3400         32 0.0000e+00
     51.686   16.54060 -107.06550     52.000    24.4140    24.4254    24.4030    34.3217    34.3256  1023.2296    23.0050 1.2710e+00    127.668  209.73496     0.2037    95.0354 1.2999e+01       3436         42 0.0000e+00
     52.679   16.54060 -107.06550     53.000    23.4845    23.4912    23.4735    34.3806    34.3863  1023.5531    23.3237 1.2672e+00    112.759  212.99464     0.1978    95.1741 1.1623e+01       3498         74 0.0000e+00
     53.673   16.54060 -107.06550     54.000    23.1017    23.1028    23.0907    34.3395    34.3468  1023.6375    23.4035 9.7688e-01     92.379  214.45497     0.1780    95.6468 1.0571e+01       3560         45 0.0000e+00
     54.667   16.54060 -107.06550     55.000    22.9578    22.9572    22.9466    34.3545    34.3635  1023.6946    23.4562 9.6531e-01     89.984  214.96724     0.1856    95.4663 9.6077e+00       3595         31 0.0000e+00
     55.661   16.54060 -107.06550     56.000    22.6971    22.6980    22.6858    34.3745    34.3823  1023.7888    23.5459 8.5401e-01     88.146  215.91052     0.1631    96.0040 8.6026e+00       3627         34 0.0000e+00
     56.655   16.54060 -107.06550     57.000    22.6704    22.7176    22.6589    34.4011    34.3991  1023.8209    23.5737 1.0281e+00     81.757  215.97319     0.1785    95.6367 7.6065e+00       3681         93 0.0000e+00
     57.649   16.54060 -107.06550     58.000    22.4276    22.5965    22.4161    34.4143    34.4000  1023.9043    23.6525 7.7188e-01     85.636  216.86824     0.1766    95.6800 6.6692e+00       3780         54 0.0000e+00
     58.643   16.54060 -107.06550     59.000    22.0090    22.0028    21.9974    34.4387    34.4499  1024.0452    23.7889 6.9618e-01     78.855  218.42066     0.1720    95.7905 6.1207e+00       3810         29 0.0000e+00
     59.636   16.54060 -107.06550     60.000    21.7844    21.7828    21.7727    34.4512    34.4604  1024.1217    23.8609 6.9336e-01     70.420  219.26549     0.1725    95.7785 5.6080e+00       3837         30 0.0000e+00
     60.630   16.54060 -107.06550     61.000    21.5687    21.5731    21.5569    34.4761    34.4836  1024.2049    23.9395 8.0153e-01     61.310  220.06324     0.1688    95.8672 5.1201e+00       3876         55 0.0000e+00
     61.624   16.54060 -107.06550     62.000    21.3187    21.3309    21.3067    34.4844    34.4911  1024.2844    24.0146 7.5998e-01     53.743  221.02517     0.1657    95.9427 4.7956e+00       3941         54 0.0000e+00
     62.618   16.54060 -107.06550     63.000    20.9328    20.9299    20.9208    34.4977    34.5069  1024.4042    24.1297 6.2124e-01     48.865  222.52516     0.1629    96.0099 4.3540e+00       3986         38 0.0000e+00
     63.611   16.54060 -107.06550     64.000    20.5691    20.5681    20.5571    34.5371    34.5451  1024.5368    24.2577 6.1240e-01     41.060  223.91608     0.1551    96.1973 3.8833e+00       4021         38 0.0000e+00
     64.605   16.54060 -107.06550     65.000    20.3687    20.3747    20.3566    34.5629    34.5728  1024.6144    24.3308 6.4868e-01     30.358  224.68398     0.1496    96.3298 3.4736e+00       4071         64 0.0000e+00
     65.599   16.54060 -107.06550     66.000    20.1993    20.2069    20.1870    34.5496    34.5596  1024.6537    24.3656 5.9939e-01     26.825  225.38966     0.1498    96.3241 3.1843e+00       4136         56 0.0000e+00
     66.593   16.54060 -107.06550     67.000    19.9333    19.9361    19.9211    34.5607    34.5681  1024.7368    24.4441 5.7191e-01     25.092  226.45813     0.1087    97.3195 2.9022e+00       4189         56 0.0000e+00
     67.587   16.54060 -107.06550     68.000    19.5241    19.5162    19.5118    34.5712    34.5817  1024.8561    24.5587 4.7922e-01     22.381  228.13336     0.0993    97.5476 2.6402e+00       4237         37 0.0000e+00
     68.580   16.54060 -107.06550     69.000    19.0716    19.0700    19.0593    34.5978    34.6062  1024.9976    24.6955 4.5292e-01     20.194  229.98499     0.0981    97.5774 2.4203e+00       4271         34 0.0000e+00
     69.574   16.54060 -107.06550     70.000    19.0008    19.0010    18.9884    34.5977    34.6073  1025.0201    24.7135 4.9793e-01     15.321  230.28374     0.0947    97.6595 2.2170e+00       4318         58 0.0000e+00
     70.568   16.54060 -107.06550     71.000    18.8727    18.8708    18.8602    34.5998    34.6083  1025.0587    24.7476 4.3553e-01     13.885  230.82372     0.0944    97.6663 2.0585e+00       4372         42 0.0000e+00
     71.561   16.54060 -107.06550     72.000    18.6222    18.6222    18.6096    34.6143    34.6225  1025.1376    24.8219 4.1566e-01     12.872  231.87036     0.1297    96.8102 1.9050e+00       4410         40 0.0000e+00
     72.555   16.54060 -107.06550     73.000    18.3525    18.3535    18.3398    34.6295    34.6409  1025.2214    24.9010 4.4485e-01      9.343  233.00852     0.1536    96.2321 1.7328e+00       4463         67 0.0000e+00
