data/ctd-cnv/SKQ1617/SKQ1617-St16-P2/skq201617s-038avg.cnv
* Sea-Bird SBE 9 Data File:
* FileName = D:\CTD\SKQ201617S\SKQ201617S-038.hex
* Software Version Seasave V 7.22.5
* Temperature SN = 5773
* Conductivity SN = 2251
* Number of Bytes Per Scan = 37
* Number of Voltage Words = 4
* Number of Scans Averaged by the Deck Unit = 1
* NMEA Latitude = 16 36.89 N
* NMEA Longitude = 107 01.48 W
* NMEA UTC (Time) = Jan 11 2017  04:03:05
* NMEA baud rate = 4800
** Ship: R/V Sikuliaq
** Station Number: 38
** Station Name: Station 16/P2
** Depth: 3900
** Operator: Rachel L/ Jacob
# nquan = 20
# nvalues = 500                         
# units = specified
# name 0 = depSMignore: Depth [salt water, m]
# name 1 = latitude: Latitude [deg]
# name 2 = longitude: Longitude [deg]
# name 3 = prDM: Pressure, Digiquartz [db]
# name 4 = t090C: Temperature [ITS-90, deg C]
# name 5 = t190C: Temperature, 2 [ITS-90, deg C]
# name 6 = potemp090C: Potential Temperature [ITS-90, deg C]
# name 7 = sal00: Salinity, Practical [PSU]
# name 8 = sal11: Salinity, Practical, 2 [PSU]
# name 9 = density00: Density [density, kg/m^3]
# name 10 = sigma-t00: Density [sigma-t, kg/m^3 ]
# name 11 = flSP: Fluorescence, Seapoint
# name 12 = sbox0Mm/Kg: Oxygen, SBE 43 [umol/kg]
# name 13 = oxsolMm/Kg: Oxygen Saturation, Garcia & Gordon [umol/kg]
# name 14 = CStarAt0: Beam Attenuation, WET Labs C-Star [1/m]
# name 15 = CStarTr0: Beam Transmission, WET Labs C-Star [%]
# name 16 = par: PAR/Irradiance, Biospherical/Licor
# name 17 = scan: Scan Count
# name 18 = nbin: number of scans per bin
# name 19 = flag: flag
# span 0 =      3.976,    499.414       
# span 1 =   16.61470,   16.61482       
# span 2 = -107.02462, -107.02442       
# span 3 =      4.000,    503.000       
# span 4 =     8.5264,    28.8505       
# span 5 =     8.5267,    28.8513       
# span 6 =     8.4728,    28.8475       
# span 7 =    33.5756,    34.8092       
# span 8 =    33.5803,    34.8168       
# span 9 =  1021.0852,  1029.1488       
# span 10 =    21.0667,    26.8696      
# span 11 = 6.6233e-02, 2.1372e+00      
# span 12 =      0.025,    191.344      
# span 13 =  195.92276,  284.43333      
# span 14 =     0.0659,     0.2530      
# span 15 =    93.8701,    98.3653      
# span 16 = -2.199e-07, 4.4506e-01      
# span 17 =        238,      18452      
# span 18 =         13,       2568      
# span 19 = 0.0000e+00, 0.0000e+00      
# interval = decibars: 1                
# start_time = Jan 11 2017 04:03:05 [NMEA time, header]
# bad_flag = -9.990e-29
*END*
[from data line 218]
    220.566   16.61482 -107.02454    222.000    11.7268    11.7272    11.6983    34.7652    34.7729  1027.4539    26.4585 7.0500e-02      0.286  265.19751     0.0755    98.1303 8.4535e-05       8810         21 0.0000e+00
    221.560   16.61482 -107.02454    223.000    11.7214    11.7222    11.6928    34.7641    34.7717  1027.4586    26.4587 7.0696e-02      0.258  265.22916     0.0756    98.1277 6.2241e-05       8829         20 0.0000e+00
    222.553   16.61482 -107.02454    224.000    11.7117    11.7120    11.6830    34.7630    34.7705  1027.4641    26.4596 6.9065e-02      0.234  265.28486     0.0762    98.1148 7.9803e-05       8849         20 0.0000e+00
    223.546   16.61482 -107.02454    225.000    11.7071    11.7068    11.6783    34.7617    34.7694  1027.4685    26.4595 6.9595e-02      0.286  265.31288     0.0759    98.1201 6.1901e-05       8871         23 0.0000e+00
    224.539   16.61482 -107.02454    226.000    11.7043    11.7045    11.6753    34.7610    34.7689  1027.4730    26.4595 6.8845e-02      0.279  265.32991     0.0764    98.1088 7.6500e-05       8897         29 0.0000e+00
    225.532   16.61482 -107.02454    227.000    11.7003    11.7006    11.6712    34.7599    34.7676  1027.4773    26.4594 7.1306e-02      0.228  265.35386     0.0761    98.1172 5.6297e-05       8926         30 0.0000e+00
    226.525   16.61482 -107.02454    228.000    11.6777    11.6776    11.6485    34.7576    34.7652  1027.4843    26.4618 6.7956e-02      0.277  265.48356     0.0763    98.1109 5.0148e-05       8953         23 0.0000e+00
    227.517   16.61482 -107.02456    229.000    11.6669    11.6669    11.6376    34.7568    34.7645  1027.4903    26.4633 6.7468e-02      0.266  265.54481     0.0755    98.1306 4.1970e-05       8974         19 0.0000e+00
    228.511   16.61482 -107.02456    230.000    11.6464    11.6463    11.6170    34.7553    34.7629  1027.4975    26.4659 6.9404e-02      0.270  265.66117     0.0756    98.1286 3.8825e-05       8992         16 0.0000e+00
    229.503   16.61482 -107.02455    231.000    11.6395    11.6397    11.6100    34.7547    34.7623  1027.5028    26.4668 6.6853e-02      0.263  265.70060     0.0764    98.1092 2.6425e-05       9008         17 0.0000e+00
    230.496   16.61482 -107.02454    232.000    11.6303    11.6303    11.6007    34.7528    34.7602  1027.5076    26.4670 6.9038e-02      0.261  265.75536     0.0757    98.1263 4.1009e-05       9024         15 0.0000e+00
    231.489   16.61482 -107.02454    233.000    11.6089    11.6092    11.5792    34.7522    34.7598  1027.5157    26.4705 6.9429e-02      0.272  265.87521     0.0755    98.1301 3.0183e-05       9043         24 0.0000e+00
    232.482   16.61482 -107.02454    234.000    11.6287    11.6282    11.5988    34.7531    34.7607  1027.5171    26.4675 6.8997e-02      0.252  265.76354     0.0752    98.1377 1.0934e-05       9089         75 0.0000e+00
    233.475   16.61482 -107.02455    235.000    11.6089    11.6158    11.5790    34.7516    34.7595  1027.5241    26.4700 6.9145e-02      0.218  265.87633     0.0755    98.1292 5.4178e-06       9148         32 0.0000e+00
    234.468   16.61482 -107.02456    236.000    11.5920    11.5919    11.5619    34.7517    34.7595  1027.5319    26.4732 6.7811e-02      0.244  265.97009     0.0763    98.1103 -2.199e-07       9173         19 0.0000e+00
    235.461   16.61482 -107.02456    237.000    11.5912    11.5914    11.5611    34.7516    34.7593  1027.5365    26.4734 6.8674e-02      0.264  265.97451     0.0755    98.1299 1.0000e-12       9192         19 0.0000e+00
    236.454   16.61482 -107.02456    238.000    11.5907    11.5908    11.5603    34.7514    34.7592  1027.5410    26.4734 6.7416e-02      0.274  265.97797     0.0756    98.1288 1.0000e-12       9209         17 0.0000e+00
    237.447   16.61482 -107.02456    239.000    11.5842    11.5846    11.5537    34.7506    34.7584  1027.5460    26.4739 6.6789e-02      0.165  266.01572     0.0755    98.1303 1.0000e-12       9226         17 0.0000e+00
    238.440   16.61482 -107.02456    240.000    11.5653    11.5652    11.5348    34.7491    34.7566  1027.5530    26.4763 6.8765e-02      0.166  266.12324     0.0754    98.1317 1.0000e-12       9243         18 0.0000e+00
    239.433   16.61482 -107.02454    241.000    11.5246    11.5239    11.4940    34.7481    34.7559  1027.5644    26.4831 6.9584e-02      0.196  266.35220     0.0754    98.1317 1.0000e-12       9262         19 0.0000e+00
    240.426   16.61482 -107.02454    242.000    11.5066    11.5065    11.4759    34.7471    34.7546  1027.5715    26.4856 6.8898e-02      0.254  266.45461     0.0754    98.1328 1.0000e-12       9282         21 0.0000e+00
    241.419   16.61482 -107.02454    243.000    11.4825    11.4827    11.4517    34.7442    34.7518  1027.5784    26.4879 6.7992e-02      0.325  266.59423     0.0754    98.1337 1.0000e-12       9304         23 0.0000e+00
    242.412   16.61482 -107.02454    244.000    11.4555    11.4556    11.4246    34.7419    34.7494  1027.5861    26.4911 6.7691e-02      0.195  266.74977     0.0753    98.1355 1.0000e-12       9328         25 0.0000e+00
    243.405   16.61482 -107.02454    245.000    11.4468    11.4467    11.4158    34.7406    34.7481  1027.5913    26.4917 6.9864e-02      0.240  266.80089     0.0755    98.1303 1.0000e-12       9353         26 0.0000e+00
    244.397   16.61482 -107.02454    246.000    11.4402    11.4402    11.4091    34.7388    34.7465  1027.5956    26.4915 6.9046e-02      0.249  266.84059     0.0752    98.1372 1.0000e-12       9379         26 0.0000e+00
    245.390   16.61482 -107.02454    247.000    11.4126    11.4129    11.3814    34.7365    34.7441  1027.6035    26.4948 7.0376e-02      0.247  266.99980     0.0747    98.1489 1.0000e-12       9406         28 0.0000e+00
    246.383   16.61482 -107.02455    248.000    11.3892    11.3893    11.3580    34.7347    34.7424  1027.6111    26.4978 6.8543e-02      0.232  267.13405     0.0746    98.1513 1.0000e-12       9437         31 0.0000e+00
    247.376   16.61482 -107.02456    249.000    11.3685    11.3690    11.3371    34.7331    34.7405  1027.6182    26.5003 6.8945e-02      0.270  267.25353     0.0744    98.1574 1.0000e-12       9467         28 0.0000e+00
    248.369   16.61482 -107.02456    250.000    11.3458    11.3459    11.3144    34.7314    34.7388  1027.6256    26.5032 6.8893e-02      0.187  267.38418     0.0744    98.1554 1.0000e-12       9493         26 0.0000e+00
    249.362   16.61482 -107.02456    251.000    11.3340    11.3341    11.3024    34.7305    34.7380  1027.6316    26.5046 6.7858e-02      0.260  267.45211     0.0747    98.1485 1.0000e-12       9518         23 0.0000e+00
    250.355   16.61482 -107.02456    252.000    11.3275    11.3276    11.2958    34.7299    34.7373  1027.6369    26.5054 6.9446e-02      0.242  267.48974     0.0744    98.1564 1.0000e-12       9542         24 0.0000e+00
    251.348   16.61482 -107.02456    253.000    11.3250    11.3251    11.2932    34.7295    34.7370  1027.6415    26.5055 6.8339e-02      0.237  267.50447     0.0744    98.1564 1.0000e-12       9565         23 0.0000e+00
    252.340   16.61482 -107.02455    254.000    11.3174    11.3166    11.2855    34.7292    34.7367  1027.6472    26.5067 6.9589e-02      0.128  267.54790     0.0738    98.1718 1.0000e-12       9587         22 0.0000e+00
    253.333   16.61482 -107.02454    255.000    11.2952    11.2948    11.2633    34.7294    34.7369  1027.6560    26.5110 6.9898e-02      0.196  267.67190     0.0739    98.1695 1.0000e-12       9610         24 0.0000e+00
    254.326   16.61482 -107.02454    256.000    11.2896    11.2897    11.2575    34.7291    34.7367  1027.6613    26.5118 6.9293e-02      0.211  267.70403     0.0742    98.1612 1.0000e-12       9633         23 0.0000e+00
    255.319   16.61482 -107.02454    257.000    11.2845    11.2845    11.2523    34.7288    34.7364  1027.6665    26.5124 7.0049e-02      0.226  267.73335     0.0738    98.1727 1.0000e-12       9657         24 0.0000e+00
    256.312   16.61482 -107.02454    258.000    11.2784    11.2785    11.2461    34.7285    34.7360  1027.6719    26.5133 6.8884e-02      0.160  267.76803     0.0741    98.1639 1.0000e-12       9682         25 0.0000e+00
    257.305   16.61482 -107.02455    259.000    11.2732    11.2736    11.2408    34.7282    34.7357  1027.6771    26.5140 6.9580e-02      0.181  267.79797     0.0738    98.1713 1.0000e-12       9707         26 0.0000e+00
    258.297   16.61482 -107.02456    260.000    11.2690    11.2691    11.2364    34.7278    34.7354  1027.6821    26.5145 6.9458e-02      0.179  267.82259     0.0737    98.1745 1.0000e-12       9733         26 0.0000e+00
    259.290   16.61482 -107.02455    261.000    11.2673    11.2675    11.2347    34.7276    34.7352  1027.6868    26.5147 6.9158e-02      0.125  267.83223     0.0738    98.1711 1.0000e-12       9759         25 0.0000e+00
    260.283   16.61482 -107.02454    262.000    11.2668    11.2670    11.2340    34.7275    34.7350  1027.6913    26.5147 6.9437e-02      0.184  267.83570     0.0739    98.1689 1.0000e-12       9783         23 0.0000e+00
    261.276   16.61482 -107.02454    263.000    11.2666    11.2667    11.2337    34.7274    34.7349  1027.6957    26.5146 6.9597e-02      0.224  267.83678     0.0737    98.1751 1.0000e-12       9805         21 0.0000e+00
    262.269   16.61482 -107.02454    264.000    11.2649    11.2649    11.2319    34.7271    34.7348  1027.7003    26.5147 7.0119e-02      0.199  267.84693     0.0743    98.1589 1.0000e-12       9826         21 0.0000e+00
    263.262   16.61482 -107.02454    265.000    11.2631    11.2632    11.2299    34.7269    34.7345  1027.7050    26.5149 7.0146e-02      0.172  267.85739     0.0746    98.1526 1.0000e-12       9846         20 0.0000e+00
    264.254   16.61482 -107.02454    266.000    11.2584    11.2596    11.2251    34.7267    34.7343  1027.7101    26.5156 6.9286e-02      0.132  267.88419     0.0745    98.1540 1.0000e-12       9867         22 0.0000e+00
    265.247   16.61482 -107.02454    267.000    11.2548    11.2553    11.2214    34.7266    34.7342  1027.7152    26.5162 6.6341e-02      0.161  267.90487     0.0740    98.1669 1.0000e-12       9890         24 0.0000e+00
    266.240   16.61482 -107.02454    268.000    11.2521    11.2521    11.2185    34.7264    34.7340  1027.7200    26.5165 6.9065e-02      0.156  267.92069     0.0741    98.1639 1.0000e-12       9916         28 0.0000e+00
    267.233   16.61482 -107.02455    269.000    11.2493    11.2502    11.2157    34.7262    34.7337  1027.7249    26.5169 6.9109e-02      0.164  267.93638     0.0736    98.1785 1.0000e-12       9946         30 0.0000e+00
    268.226   16.61482 -107.02456    270.000    11.2465    11.2466    11.2127    34.7259    34.7335  1027.7296    26.5172 6.7210e-02      0.158  267.95282     0.0735    98.1808 1.0000e-12       9975         28 0.0000e+00
    269.218   16.61482 -107.02454    271.000    11.2450    11.2450    11.2111    34.7258    34.7334  1027.7343    26.5173 6.9307e-02      0.142  267.96174     0.0739    98.1690 1.0000e-12      10002         25 0.0000e+00
    270.211   16.61482 -107.02454    272.000    11.2434    11.2436    11.2094    34.7256    34.7332  1027.7389    26.5175 6.8941e-02      0.162  267.97071     0.0736    98.1761 1.0000e-12      10029         28 0.0000e+00
    271.204   16.61482 -107.02454    273.000    11.2408    11.2411    11.2067    34.7254    34.7330  1027.7438    26.5178 6.9858e-02      0.173  267.98563     0.0736    98.1775 1.0000e-12      10055         26 0.0000e+00
    272.197   16.61482 -107.02454    274.000    11.2385    11.2386    11.2043    34.7254    34.7329  1027.7487    26.5182 6.7065e-02      0.140  267.99874     0.0737    98.1746 1.0000e-12      10080         23 0.0000e+00
    273.189   16.61482 -107.02454    275.000    11.2350    11.2353    11.2006    34.7251    34.7327  1027.7536    26.5186 7.0516e-02      0.184  268.01917     0.0736    98.1779 1.0000e-12      10103         22 0.0000e+00
    274.182   16.61482 -107.02454    276.000    11.2267    11.2265    11.1922    34.7246    34.7321  1027.7592    26.5198 6.8450e-02      0.163  268.06708     0.0733    98.1849 1.0000e-12      10125         22 0.0000e+00
    275.175   16.61482 -107.02454    277.000    11.2190    11.2193    11.1844    34.7243    34.7319  1027.7649    26.5210 6.8897e-02      0.190  268.11102     0.0734    98.1814 1.0000e-12      10147         21 0.0000e+00
    276.168   16.61482 -107.02454    278.000    11.2052    11.2053    11.1705    34.7232    34.7307  1027.7712    26.5227 6.8202e-02      0.145  268.19095     0.0738    98.1726 1.0000e-12      10168         21 0.0000e+00
    277.160   16.61482 -107.02454    279.000    11.1786    11.1789    11.1438    34.7218    34.7294  1027.7796    26.5264 6.8029e-02      0.191  268.34386     0.0736    98.1763 1.0000e-12      10189         21 0.0000e+00
    278.153   16.61482 -107.02454    280.000    11.1339    11.1343    11.0991    34.7201    34.7276  1027.7911    26.5332 7.0080e-02      0.173  268.59983     0.0736    98.1776 1.0000e-12      10210         21 0.0000e+00
    279.146   16.61482 -107.02454    281.000    11.1200    11.1201    11.0851    34.7198    34.7274  1027.7980    26.5356 6.7151e-02      0.151  268.67928     0.0734    98.1813 1.0000e-12      10231         22 0.0000e+00
    280.139   16.61482 -107.02454    282.000    11.1140    11.1143    11.0790    34.7191    34.7266  1027.8030    26.5361 6.9537e-02      0.183  268.71443     0.0734    98.1815 1.0000e-12      10254         24 0.0000e+00
    281.131   16.61482 -107.02454    283.000    11.0869    11.0867    11.0518    34.7174    34.7248  1027.8112    26.5397 6.9458e-02      0.166  268.87135     0.0734    98.1816 1.0000e-12      10279         26 0.0000e+00
    282.124   16.61482 -107.02454    284.000    11.0644    11.0646    11.0292    34.7167    34.7242  1027.8194    26.5432 6.8766e-02      0.169  269.00058     0.0731    98.1902 1.0000e-12      10308         31 0.0000e+00
    283.117   16.61482 -107.02454    285.000    11.0600    11.0599    11.0247    34.7160    34.7235  1027.8241    26.5435 6.9971e-02      0.174  269.02704     0.0728    98.1974 1.0000e-12      10339         30 0.0000e+00
    284.109   16.61482 -107.02454    286.000    11.0548    11.0544    11.0193    34.7154    34.7231  1027.8292    26.5440 6.7932e-02      0.142  269.05767     0.0734    98.1827 1.0000e-12      10365         24 0.0000e+00
    285.102   16.61482 -107.02454    287.000    11.0508    11.0511    11.0153    34.7151    34.7227  1027.8341    26.5445 6.7105e-02      0.137  269.08089     0.0740    98.1673 1.0000e-12      10388         22 0.0000e+00
    286.095   16.61482 -107.02454    288.000    11.0478    11.0478    11.0121    34.7148    34.7224  1027.8389    26.5448 7.1170e-02      0.170  269.09842     0.0746    98.1515 1.0000e-12      10410         21 0.0000e+00
    287.087   16.61482 -107.02454    289.000    11.0418    11.0423    11.0060    34.7142    34.7218  1027.8440    26.5454 6.6874e-02      0.181  269.13391     0.0733    98.1839 1.0000e-12      10432         23 0.0000e+00
    288.080   16.61482 -107.02454    290.000    11.0237    11.0243    10.9879    34.7134    34.7208  1027.8512    26.5480 6.9011e-02      0.122  269.23796     0.0734    98.1836 1.0000e-12      10456         25 0.0000e+00
    289.073   16.61482 -107.02454    291.000    11.0084    11.0087    10.9724    34.7129    34.7204  1027.8582    26.5504 6.7519e-02      0.178  269.32631     0.0727    98.1983 1.0000e-12      10484         30 0.0000e+00
    290.066   16.61482 -107.02454    292.000    10.9959    10.9958    10.9598    34.7119    34.7193  1027.8642    26.5519 6.7304e-02      0.169  269.39942     0.0733    98.1848 1.0000e-12      10515         32 0.0000e+00
