data/ctd-cnv/SKQ1617/SKQ1617-St16-P2/skq201617s-033avg.cnv
* Sea-Bird SBE 9 Data File:
* FileName = D:\CTD\SKQ201617S\SKQ201617S-033.hex
* Software Version Seasave V 7.22.5
* Temperature SN = 5773
* Conductivity SN = 2251
* Number of Bytes Per Scan = 37
* Number of Voltage Words = 4
* Number of Scans Averaged by the Deck Unit = 1
* NMEA Latitude = 16 31.41 N
* NMEA Longitude = 107 06.80 W
* NMEA UTC (Time) = Jan 09 2017  03:08:15
* NMEA baud rate = 4800
** Ship: R/V Sikuliaq
** Station Number: 33
** Station Name: Station 16/P2
** Depth: 3615 m
** Operator: RML
** pH has been removed.
** Rinko having issues.
# nquan = 22
# nvalues = 200                         
# units = specified
# name 0 = depSMignore: Depth [salt water, m]
# name 1 = latitude: Latitude [deg]
# name 2 = longitude: Longitude [deg]
# name 3 = prDM: Pressure, Digiquartz [db]
# name 4 = t090C: Temperature [ITS-90, deg C]
# name 5 = t190C: Temperature, 2 [ITS-90, deg C]
# name 6 = potemp090C: Potential Temperature [ITS-90, deg C]
# name 7 = sal00: Salinity, Practical [PSU]
# name 8 = sal11: Salinity, Practical, 2 [PSU]
# name 9 = density00: Density [density, kg/m^3]
# name 10 = sigma-t00: Density [sigma-t, kg/m^3 ]
# name 11 = flSP: Fluorescence, Seapoint
# name 12 = sbox0Mm/Kg: Oxygen, SBE 43 [umol/kg]
# name 13 = oxsolMm/Kg: Oxygen Saturation, Garcia & Gordon [umol/kg]
# name 14 = CStarAt0: Beam Attenuation, WET Labs C-Star [1/m]
# name 15 = CStarTr0: Beam Transmission, WET Labs C-Star [%]
# name 16 = v2: Voltage 2
# name 17 = v3: Voltage 3
# name 18 = par: PAR/Irradiance, Biospherical/Licor
# name 19 = scan: Scan Count
# name 20 = nbin: number of scans per bin
# name 21 = flag: flag
# span 0 =      2.982,    200.706       
# span 1 =   16.52354,   16.52356       
# span 2 = -107.11332, -107.11330       
# span 3 =      3.000,    202.000       
# span 4 =    12.0218,    28.6080       
# span 5 =    12.0411,    28.6078       
# span 6 =    11.9955,    28.6002       
# span 7 =    33.5134,    34.8128       
# span 8 =    33.5234,    34.8205       
# span 9 =  1021.1132,  1027.3158       
# span 10 =    21.1004,    26.4109      
# span 11 = 6.6794e-02, 2.0947e+00      
# span 12 =      0.289,    197.388      
# span 13 =  196.67671,  263.55510      
# span 14 =     0.0755,     0.3936      
# span 15 =    90.8400,    98.1307      
# span 16 =     0.0317,     0.0344      
# span 17 =     0.0347,     0.0463      
# span 18 = -1.478e-04, 5.3290e-01      
# span 19 =        235,       9054      
# span 20 =         14,        637      
# span 21 = 0.0000e+00, 0.0000e+00      
# interval = decibars: 1                
# start_time = Jan 09 2017 03:08:15 [NMEA time, header]
# bad_flag = -9.990e-29
*END*
      2.982   16.52356 -107.11330      3.000    28.5404    28.5406    28.5397    33.5134    33.5234  1021.1132    21.1004 4.5770e-01    194.930  197.00827     0.1924    95.3041     0.0331     0.0449 5.3290e-01        235        637 0.0000e+00
      3.976   16.52356 -107.11330      4.000    28.5401    28.5400    28.5392    33.5138    33.5238  1021.1180    21.1008 4.2251e-01    194.559  197.00863     0.1900    95.3595     0.0336     0.0453 3.7791e-01        684         71 0.0000e+00
      4.970   16.52356 -107.11330      5.000    28.5395    28.5398    28.5383    33.5138    33.5239  1021.1224    21.1010 4.3643e-01    194.670  197.01054     0.1904    95.3511     0.0337     0.0455 2.9735e-01        789        121 0.0000e+00
      5.965   16.52356 -107.11330      6.000    28.5392    28.5392    28.5378    33.5140    33.5239  1021.1270    21.1012 4.2817e-01    194.835  197.01132     0.1911    95.3337     0.0338     0.0455 2.3211e-01        869         64 0.0000e+00
      6.958   16.52356 -107.11330      7.000    28.5391    28.5392    28.5374    33.5140    33.5240  1021.1313    21.1013 4.0636e-01    195.057  197.01161     0.1897    95.3664     0.0340     0.0457 2.0800e-01        929         58 0.0000e+00
      7.952   16.52356 -107.11330      8.000    28.5403    28.5401    28.5384    33.5140    33.5240  1021.1352    21.1009 4.4821e-01    195.538  197.00783     0.1924    95.3031     0.0340     0.0456 1.5422e-01       1022         99 0.0000e+00
      8.946   16.52356 -107.11330      9.000    28.5399    28.5397    28.5378    33.5141    33.5241  1021.1396    21.1011 3.8411e-01    195.528  197.00890     0.1916    95.3228     0.0341     0.0458 1.3214e-01       1081         41 0.0000e+00
      9.941   16.52356 -107.11330     10.000    28.5404    28.5397    28.5380    33.5141    33.5241  1021.1438    21.1009 4.5172e-01    196.122  197.00741     0.1941    95.2635     0.0339     0.0456 1.1640e-01       1133         69 0.0000e+00
     10.935   16.52356 -107.11330     11.000    28.5375    28.5381    28.5348    33.5142    33.5241  1021.1492    21.1020 4.1591e-01    196.513  197.01644     0.1908    95.3421     0.0341     0.0457 9.6806e-02       1203         63 0.0000e+00
     11.929   16.52356 -107.11330     12.000    28.5349    28.5343    28.5321    33.5144    33.5243  1021.1544    21.1030 4.5487e-01    195.812  197.02413     0.1906    95.3455     0.0341     0.0459 8.4736e-02       1267         69 0.0000e+00
     12.923   16.52356 -107.11330     13.000    28.5316    28.5319    28.5285    33.5148    33.5246  1021.1601    21.1043 4.5472e-01    196.581  197.03423     0.1897    95.3672     0.0342     0.0459 7.8359e-02       1332         56 0.0000e+00
     13.917   16.52356 -107.11330     14.000    28.5328    28.5280    28.5295    33.5147    33.5247  1021.1639    21.1039 4.6933e-01    196.050  197.03046     0.1907    95.3430     0.0341     0.0458 6.5220e-02       1391         63 0.0000e+00
     14.911   16.52356 -107.11330     15.000    28.5241    28.5252    28.5205    33.5154    33.5251  1021.1716    21.1072 4.8624e-01    197.388  197.05719     0.1917    95.3206     0.0342     0.0460 5.8409e-02       1454         61 0.0000e+00
     15.905   16.52356 -107.11330     16.000    28.5201    28.5198    28.5163    33.5157    33.5256  1021.1774    21.1088 4.9584e-01    197.224  197.06925     0.1915    95.3240     0.0342     0.0460 4.7594e-02       1592        283 0.0000e+00
     16.899   16.52356 -107.11330     17.000    28.5112    28.5102    28.5072    33.5170    33.5272  1021.1856    21.1127 5.2234e-01    196.536  197.09552     0.1924    95.3035     0.0342     0.0460 4.2977e-02       1882        126 0.0000e+00
     17.893   16.52356 -107.11330     18.000    28.5088    28.5085    28.5046    33.5177    33.5274  1021.1912    21.1140 4.6878e-01    196.885  197.10216     0.1919    95.3151     0.0342     0.0460 3.6361e-02       1928         56 0.0000e+00
     18.887   16.52356 -107.11330     19.000    28.5021    28.5028    28.4975    33.5190    33.5285  1021.1987    21.1172 4.6592e-01    195.840  197.12191     0.1922    95.3089     0.0342     0.0459 3.4383e-02       1983         49 0.0000e+00
     19.881   16.52356 -107.11330     20.000    28.5008    28.5006    28.4961    33.5233    33.5330  1021.2066    21.1208 4.9602e-01    196.128  197.12055     0.1927    95.2965     0.0341     0.0461 3.0885e-02       2031         46 0.0000e+00
     20.875   16.52356 -107.11330     21.000    28.5028    28.5026    28.4978    33.5259    33.5358  1021.2122    21.1221 5.3117e-01    196.534  197.11105     0.1946    95.2511     0.0341     0.0461 2.8516e-02       2075         43 0.0000e+00
     21.869   16.52356 -107.11330     22.000    28.5030    28.5030    28.4978    33.5261    33.5362  1021.2166    21.1222 5.9406e-01    196.739  197.10994     0.1948    95.2465     0.0342     0.0461 2.6155e-02       2127         59 0.0000e+00
     22.863   16.52356 -107.11330     23.000    28.5035    28.5032    28.4980    33.5270    33.5367  1021.2214    21.1228 5.8763e-01    196.457  197.10747     0.1933    95.2831     0.0342     0.0463 2.4347e-02       2184         50 0.0000e+00
     23.857   16.52356 -107.11330     24.000    28.5122    28.5122    28.5064    33.5334    33.5436  1021.2277    21.1247 5.7404e-01    197.037  197.07211     0.1936    95.2740     0.0342     0.0460 2.2104e-02       2228         40 0.0000e+00
     24.851   16.52356 -107.11330     25.000    28.5283    28.5285    28.5224    33.5441    33.5545  1021.2347    21.1275 6.5135e-01    195.904  197.00787     0.1949    95.2430     0.0342     0.0460 2.1235e-02       2271         49 0.0000e+00
     25.845   16.52356 -107.11330     26.000    28.5368    28.5363    28.5306    33.5501    33.5599  1021.2406    21.1291 7.2265e-01    196.782  196.97386     0.1967    95.2000     0.0342     0.0462 1.9176e-02       2326         58 0.0000e+00
     26.839   16.52356 -107.11330     27.000    28.5390    28.5390    28.5326    33.5521    33.5622  1021.2457    21.1299 6.9864e-01    195.374  196.96432     0.1993    95.1393     0.0342     0.0463 1.7695e-02       2379         47 0.0000e+00
     27.832   16.52356 -107.11330     28.000    28.5450    28.5448    28.5383    33.5561    33.5661  1021.2510    21.1310 6.9875e-01    195.729  196.94054     0.1959    95.2210     0.0342     0.0463 1.5959e-02       2421         41 0.0000e+00
     28.826   16.52356 -107.11330     29.000    28.5490    28.5489    28.5421    33.5593    33.5693  1021.2564    21.1320 7.5005e-01    195.782  196.92408     0.1949    95.2436     0.0343     0.0460 1.5781e-02       2466         47 0.0000e+00
     29.820   16.52356 -107.11330     30.000    28.5571    28.5571    28.5499    33.5664    33.5768  1021.2634    21.1347 7.9827e-01    195.240  196.88959     0.1990    95.1458     0.0342     0.0457 1.5192e-02       2520         55 0.0000e+00
     30.814   16.52356 -107.11330     31.000    28.5826    28.5821    28.5752    33.5860    33.5958  1021.2739    21.1410 8.2852e-01    195.872  196.78509     0.1951    95.2386     0.0342     0.0458 1.4135e-02       2570         43 0.0000e+00
     31.808   16.52356 -107.11330     32.000    28.6046    28.6044    28.5969    33.6048    33.6149  1021.2851    21.1479 8.9351e-01    195.347  196.69270     0.1977    95.1777     0.0342     0.0460 1.3928e-02       2615         46 0.0000e+00
     32.802   16.52356 -107.11330     33.000    28.6080    28.6078    28.6002    33.6089    33.6188  1021.2913    21.1498 9.9762e-01    195.194  196.67671     0.1973    95.1866     0.0342     0.0458 1.3039e-02       2664         54 0.0000e+00
     33.796   16.52356 -107.11330     34.000    28.6025    28.6023    28.5944    33.6082    33.6180  1021.2968    21.1511 9.9124e-01    194.802  196.69489     0.1970    95.1944     0.0343     0.0458 1.2817e-02       2715         45 0.0000e+00
     34.790   16.52356 -107.11330     35.000    28.5992    28.5989    28.5908    33.6078    33.6176  1021.3020    21.1519 1.0065e+00    195.058  196.70577     0.1966    95.2030     0.0342     0.0458 1.1838e-02       2761         48 0.0000e+00
     35.784   16.52356 -107.11330     36.000    28.5959    28.5956    28.5874    33.6073    33.6171  1021.3070    21.1526 1.0505e+00    194.938  196.71660     0.1950    95.2418     0.0342     0.0458 1.1450e-02       2815         55 0.0000e+00
     36.778   16.52356 -107.11330     37.000    28.5897    28.5895    28.5809    33.6066    33.6165  1021.3128    21.1542 1.0074e+00    194.974  196.73694     0.1958    95.2219     0.0342     0.0458 1.1411e-02       2863         42 0.0000e+00
     37.772   16.52356 -107.11330     38.000    28.5815    28.5814    28.5725    33.6079    33.6179  1021.3207    21.1578 1.0210e+00    194.416  196.76111     0.1974    95.1844     0.0342     0.0459 1.1170e-02       2903         39 0.0000e+00
     38.766   16.52356 -107.11330     39.000    28.5789    28.5786    28.5696    33.6121    33.6221  1021.3290    21.1618 1.1601e+00    193.879  196.76410     0.2009    95.1009     0.0342     0.0460 1.0498e-02       2946         48 0.0000e+00
     39.759   16.52356 -107.11330     40.000    28.5692    28.5675    28.5596    33.6149    33.6252  1021.3386    21.1671 1.2221e+00    194.250  196.79126     0.1997    95.1291     0.0343     0.0461 1.0099e-02       3004         64 0.0000e+00
     40.753   16.52356 -107.11330     41.000    28.4851    28.4789    28.4753    33.6477    33.6598  1021.3952    21.2194 1.3601e+00    194.112  197.01535     0.2070    94.9570     0.0342     0.0460 1.0055e-02       3061         52 0.0000e+00
     41.747   16.52356 -107.11330     42.000    28.3406    28.3348    28.3307    33.6908    33.7014  1021.4793    21.2992 1.5089e+00    192.507  197.41780     0.2119    94.8402     0.0342     0.0459 9.8955e-03       3110         48 0.0000e+00
     42.741   16.52356 -107.11330     43.000    28.0495    28.0442    28.0394    33.7593    33.7698  1021.6303    21.4458 1.5420e+00    190.673  198.25643     0.2189    94.6738     0.0342     0.0458 9.8642e-03       3159         46 0.0000e+00
     43.735   16.52356 -107.11330     44.000    27.7715    27.7712    27.7612    33.8199    33.8285  1021.7705    21.5816 1.5049e+00    187.442  199.06967     0.2200    94.6488     0.0342     0.0458 9.8280e-03       3201         39 0.0000e+00
     44.729   16.52356 -107.11330     45.000    27.5502    27.5477    27.5398    33.8486    33.8579  1021.8679    21.6746 1.5556e+00    184.465  199.74645     0.2203    94.6402     0.0343     0.0457 9.8258e-03       3238         36 0.0000e+00
     45.723   16.52356 -107.11330     46.000    26.9481    26.9289    26.9376    33.8986    33.9082  1022.1024    21.9046 1.8425e+00    180.870  201.64912     0.2285    94.4478     0.0342     0.0457 9.6629e-03       3281         54 0.0000e+00
     46.716   16.52356 -107.11330     47.000    26.5890    26.5769    26.5784    33.9294    33.9412  1022.2439    22.0417 2.0947e+00    166.867  202.79308     0.2294    94.4275     0.0342     0.0457 9.3945e-03       3343         66 0.0000e+00
     47.710   16.52356 -107.11330     48.000    26.3569    26.3546    26.3461    33.9653    33.9746  1022.3482    22.1416 1.8540e+00    163.782  203.52048     0.2250    94.5302     0.0342     0.0460 9.3474e-03       3400         49 0.0000e+00
     48.704   16.52356 -107.11330     49.000    26.1632    26.1606    26.1523    33.9946    34.0037  1022.4352    22.2242 1.7328e+00    158.471  204.13181     0.2164    94.7322     0.0342     0.0458 9.4378e-03       3448         46 0.0000e+00
     49.698   16.52356 -107.11330     50.000    25.9783    25.9754    25.9672    34.0190    34.0275  1022.5154    22.3001 1.6482e+00    155.177  204.72393     0.2144    94.7808     0.0343     0.0458 9.1384e-03       3491         39 0.0000e+00
     50.692   16.52356 -107.11330     51.000    25.3684    25.3546    25.3573    34.0545    34.0603  1022.7345    22.5145 1.5352e+00    151.506  206.76185     0.2102    94.8803     0.0343     0.0460 9.0008e-03       3531         44 0.0000e+00
     51.686   16.52356 -107.11330     52.000    24.9116    24.9103    24.9004    34.0291    34.0361  1022.8588    22.6343 1.4669e+00    135.330  208.37902     0.2018    95.0810     0.0343     0.0458 9.4461e-03       3577         49 0.0000e+00
     52.680   16.52356 -107.11330     53.000    24.7278    24.7219    24.7164    34.0302    34.0391  1022.9195    22.6906 1.4976e+00    123.225  209.02141     0.1999    95.1261     0.0342     0.0458 9.3334e-03       3636         61 0.0000e+00
     53.673   16.52356 -107.11330     54.000    24.3821    24.3815    24.3706    34.0798    34.0866  1023.0648    22.8314 1.2191e+00    120.490  210.17802     0.1986    95.1557     0.0344     0.0458 9.2939e-03       3689         42 0.0000e+00
     54.667   16.52356 -107.11330     55.000    23.8745    23.8755    23.8630    34.1697    34.1778  1023.2878    23.0499 1.1158e+00    115.565  211.87060     0.1928    95.2950     0.0343     0.0457 9.4403e-03       3728         40 0.0000e+00
     55.661   16.52356 -107.11330     56.000    23.5881    23.5836    23.5765    34.1921    34.1998  1023.3931    23.1507 1.1466e+00    103.293  212.87813     0.1878    95.4126     0.0343     0.0458 9.2172e-03       3780         63 0.0000e+00
     56.655   16.52356 -107.11330     57.000    23.0758    23.0659    23.0642    34.2485    34.2575  1023.5890    23.3420 8.3861e-01     96.275  214.67899     0.1753    95.7111     0.0343     0.0457 9.4164e-03       3840         49 0.0000e+00
     57.649   16.52356 -107.11330     58.000    22.7245    22.7223    22.7128    34.2808    34.2900  1023.7187    23.4671 7.2073e-01     89.103  215.94016     0.1710    95.8161     0.0343     0.0459 9.2059e-03       3878         34 0.0000e+00
     58.642   16.52356 -107.11330     59.000    22.5174    22.5133    22.5055    34.3001    34.3095  1023.7966    23.5406 7.2188e-01     81.492  216.69014     0.1689    95.8663     0.0343     0.0458 9.5199e-03       3911         34 0.0000e+00
     59.636   16.52356 -107.11330     60.000    22.2216    22.1608    22.2097    34.3595    34.3738  1023.9297    23.6691 8.1692e-01     74.036  217.72494     0.1713    95.8073     0.0343     0.0456 9.5741e-03       3965         73 0.0000e+00
     60.630   16.52356 -107.11330     61.000    21.8091    21.7875    21.7972    34.3890    34.3969  1024.0720    23.8068 6.2331e-01     69.997  219.26014     0.1601    96.0756     0.0343     0.0453 9.4301e-03       4031         46 0.0000e+00
     61.624   16.52356 -107.11330     62.000    21.4482    21.4455    21.4362    34.4428    34.4498  1024.2172    23.9474 5.8817e-01     64.026  220.58037     0.1573    96.1449     0.0342     0.0453 9.5474e-03       4076         49 0.0000e+00
     62.618   16.52356 -107.11330     63.000    21.0423    21.0344    21.0303    34.4936    34.4996  1024.3713    24.0969 5.5451e-01     58.087  222.09799     0.1581    96.1251     0.0343     0.0452 9.5744e-03       4133         53 0.0000e+00
     63.611   16.52356 -107.11330     64.000    20.5277    20.5236    20.5157    34.5266    34.5357  1024.5399    24.2608 4.8134e-01     52.624  224.09721     0.1535    96.2360     0.0342     0.0451 9.7481e-03       4175         33 0.0000e+00
     64.605   16.52356 -107.11330     65.000    20.2055    20.2038    20.1934    34.5540    34.5624  1024.6510    24.3673 4.7112e-01     43.557  225.35835     0.1483    96.3612     0.0343     0.0447 9.7472e-03       4207         36 0.0000e+00
     65.599   16.52356 -107.11330     66.000    20.1495    20.1484    20.1373    34.5539    34.5606  1024.6702    24.3820 4.9848e-01     34.788  225.58531     0.1475    96.3797     0.0342     0.0446 9.8048e-03       4250         48 0.0000e+00
     66.593   16.52356 -107.11330     67.000    20.1428    20.1399    20.1304    34.5530    34.5617  1024.6757    24.3832 5.0559e-01     34.514  225.61408     0.1475    96.3805     0.0342     0.0446 9.8100e-03       4315         77 0.0000e+00
