data/ctd-cnv/SKQ1617/SKQ1617-St16-P2/skq201617s-035avg.cnv
* Sea-Bird SBE 9 Data File:
* FileName = D:\CTD\SKQ201617S\SKQ201617S-035.hex
* Software Version Seasave V 7.22.5
* Temperature SN = 5773
* Conductivity SN = 2251
* Number of Bytes Per Scan = 37
* Number of Voltage Words = 4
* Number of Scans Averaged by the Deck Unit = 1
* NMEA Latitude = 16 32.17 N
* NMEA Longitude = 107 04.14 W
* NMEA UTC (Time) = Jan 10 2017  08:29:02
* NMEA baud rate = 4800
** Ship: R/V Sikuliaq
** Station Number: 35
** Station Name: Station 16/P2
** Depth: 4011.86
** Operator:
# nquan = 20
# nvalues = 301                         
# units = specified
# name 0 = depSMignore: Depth [salt water, m]
# name 1 = latitude: Latitude [deg]
# name 2 = longitude: Longitude [deg]
# name 3 = prDM: Pressure, Digiquartz [db]
# name 4 = t090C: Temperature [ITS-90, deg C]
# name 5 = t190C: Temperature, 2 [ITS-90, deg C]
# name 6 = potemp090C: Potential Temperature [ITS-90, deg C]
# name 7 = sal00: Salinity, Practical [PSU]
# name 8 = sal11: Salinity, Practical, 2 [PSU]
# name 9 = density00: Density [density, kg/m^3]
# name 10 = sigma-t00: Density [sigma-t, kg/m^3 ]
# name 11 = flSP: Fluorescence, Seapoint
# name 12 = sbox0Mm/Kg: Oxygen, SBE 43 [umol/kg]
# name 13 = oxsolMm/Kg: Oxygen Saturation, Garcia & Gordon [umol/kg]
# name 14 = CStarAt0: Beam Attenuation, WET Labs C-Star [1/m]
# name 15 = CStarTr0: Beam Transmission, WET Labs C-Star [%]
# name 16 = par: PAR/Irradiance, Biospherical/Licor
# name 17 = scan: Scan Count
# name 18 = nbin: number of scans per bin
# name 19 = flag: flag
# span 0 =      2.981,    300.986       
# span 1 =   16.53616,   16.53616       
# span 2 = -107.06909, -107.06906       
# span 3 =      3.000,    303.000       
# span 4 =    10.8760,    28.7944       
# span 5 =    10.8766,    28.7946       
# span 6 =    10.8390,    28.7899       
# span 7 =    33.5654,    34.8166       
# span 8 =    33.5757,    34.8246       
# span 9 =  1021.0897,  1027.9267       
# span 10 =    21.0746,    26.5665      
# span 11 = 6.6599e-02, 1.8084e+00      
# span 12 =      0.158,    192.544      
# span 13 =  196.11470,  270.10088      
# span 14 =     0.0698,     0.2389      
# span 15 =    94.2032,    98.2700      
# span 16 = -5.769e-07, 2.7456e-01      
# span 17 =       -554,      12093      
# span 18 =          3,        226      
# span 19 = 0.0000e+00, 0.0000e+00      
# interval = decibars: 1                
# start_time = Jan 10 2017 08:29:02 [NMEA time, header]
# bad_flag = -9.990e-29
*END*
[from data line 218]
    219.575   16.53616 -107.06906    221.000    11.8713    11.8714    11.8427    34.7730    34.7809  1027.4276    26.4372 6.8028e-02      0.322  264.38593     0.0740    98.1657 1.4655e-03       9243         17 0.0000e+00
    220.567   16.53616 -107.06906    222.000    11.8643    11.8644    11.8356    34.7743    34.7821  1027.4345    26.4396 7.2182e-02      0.280  264.42193     0.0732    98.1868 1.4737e-03       9261         17 0.0000e+00
    221.560   16.53616 -107.06906    223.000    11.8551    11.8552    11.8263    34.7741    34.7819  1027.4406    26.4412 6.9204e-02      0.263  264.47327     0.0725    98.2037 1.4038e-03       9279         20 0.0000e+00
    222.553   16.53616 -107.06906    224.000    11.8467    11.8468    11.8177    34.7730    34.7809  1027.4458    26.4419 6.8782e-02      0.304  264.52162     0.0727    98.1985 1.3967e-03       9298         18 0.0000e+00
    223.546   16.53616 -107.06906    225.000    11.8277    11.8282    11.7987    34.7714    34.7793  1027.4527    26.4443 6.9273e-02      0.287  264.62905     0.0728    98.1968 1.2487e-03       9319         24 0.0000e+00
    224.539   16.53616 -107.06906    226.000    11.8190    11.8191    11.7899    34.7703    34.7781  1027.4581    26.4451 6.9333e-02      0.289  264.67869     0.0733    98.1859 1.1327e-03       9344         28 0.0000e+00
    225.532   16.53616 -107.06906    227.000    11.8110    11.8110    11.7817    34.7695    34.7772  1027.4634    26.4460 6.8960e-02      0.320  264.72467     0.0731    98.1894 9.4887e-04       9376         34 0.0000e+00
    226.525   16.53616 -107.06906    228.000    11.7870    11.7870    11.7576    34.7693    34.7771  1027.4724    26.4504 6.9109e-02      0.295  264.85717     0.0732    98.1878 9.1973e-04       9409         30 0.0000e+00
    227.518   16.53616 -107.06906    229.000    11.7756    11.7757    11.7461    34.7690    34.7768  1027.4788    26.4522 7.1425e-02      0.277  264.92058     0.0729    98.1956 5.6877e-04       9437         26 0.0000e+00
    228.511   16.53616 -107.06906    230.000    11.7575    11.7575    11.7279    34.7691    34.7770  1027.4869    26.4558 6.9582e-02      0.288  265.02054     0.0732    98.1880 7.2486e-04       9463         24 0.0000e+00
    229.504   16.53616 -107.06906    231.000    11.7518    11.7519    11.7221    34.7695    34.7774  1027.4927    26.4571 7.0051e-02      0.294  265.05111     0.0731    98.1891 2.6571e-04       9486         24 0.0000e+00
    230.497   16.53616 -107.06906    232.000    11.7360    11.7361    11.7062    34.7686    34.7765  1027.4996    26.4594 6.8964e-02      0.293  265.14010     0.0722    98.2109 2.0949e-04       9510         23 0.0000e+00
    231.490   16.53616 -107.06906    233.000    11.7179    11.7180    11.6880    34.7683    34.7761  1027.5073    26.4626 6.9930e-02      0.288  265.24080     0.0715    98.2277 2.1478e-04       9533         22 0.0000e+00
    232.483   16.53616 -107.06906    234.000    11.7026    11.7026    11.6726    34.7672    34.7749  1027.5139    26.4646 6.8877e-02      0.320  265.32751     0.0713    98.2334 1.5878e-04       9553         20 0.0000e+00
    233.476   16.53616 -107.06906    235.000    11.6881    11.6881    11.6580    34.7669    34.7747  1027.5209    26.4671 7.2262e-02      0.302  265.40843     0.0712    98.2348 1.6173e-04       9573         19 0.0000e+00
    234.469   16.53616 -107.06906    236.000    11.6814    11.6815    11.6511    34.7661    34.7740  1027.5260    26.4677 6.9224e-02      0.264  265.44706     0.0705    98.2532 8.4280e-05       9593         20 0.0000e+00
    235.462   16.53616 -107.06906    237.000    11.6706    11.6708    11.6403    34.7654    34.7733  1027.5320    26.4692 6.9440e-02      0.286  265.50792     0.0710    98.2405 8.1528e-05       9614         24 0.0000e+00
    236.455   16.53616 -107.06906    238.000    11.6660    11.6661    11.6355    34.7650    34.7729  1027.5370    26.4698 6.9923e-02      0.289  265.53430     0.0713    98.2326 8.0582e-05       9641         32 0.0000e+00
    237.448   16.53616 -107.06906    239.000    11.6565    11.6567    11.6259    34.7646    34.7724  1027.5430    26.4713 7.1148e-02      0.290  265.58775     0.0712    98.2340 7.4472e-05       9674         31 0.0000e+00
    238.441   16.53616 -107.06906    240.000    11.6483    11.6485    11.6176    34.7647    34.7726  1027.5491    26.4728 7.0302e-02      0.282  265.63320     0.0705    98.2529 7.1790e-05       9702         26 0.0000e+00
    239.434   16.53616 -107.06906    241.000    11.6290    11.6289    11.5982    34.7629    34.7706  1027.5559    26.4751 7.0264e-02      0.284  265.74372     0.0710    98.2412 6.4905e-05       9726         22 0.0000e+00
    240.427   16.53616 -107.06906    242.000    11.6059    11.6060    11.5751    34.7624    34.7703  1027.5644    26.4790 6.7743e-02      0.298  265.87245     0.0707    98.2475 4.5434e-05       9748         24 0.0000e+00
    241.420   16.53616 -107.06906    243.000    11.5999    11.5998    11.5689    34.7618    34.7696  1027.5696    26.4797 7.0163e-02      0.290  265.90742     0.0710    98.2398 5.9781e-05       9775         28 0.0000e+00
    242.413   16.53616 -107.06906    244.000    11.5911    11.5917    11.5600    34.7613    34.7690  1027.5754    26.4809 7.0070e-02      0.290  265.95716     0.0712    98.2348 1.7216e-05       9805         31 0.0000e+00
    243.406   16.53616 -107.06906    245.000    11.5768    11.5769    11.5456    34.7610    34.7688  1027.5823    26.4833 7.1426e-02      0.291  266.03690     0.0713    98.2326 2.2212e-05       9832         24 0.0000e+00
    244.398   16.53616 -107.06906    246.000    11.5565    11.5567    11.5252    34.7599    34.7677  1027.5898    26.4863 6.9154e-02      0.291  266.15214     0.0711    98.2377 -5.769e-07       9855         19 0.0000e+00
    245.391   16.53616 -107.06906    247.000    11.5254    11.5252    11.4941    34.7584    34.7663  1027.5991    26.4909 7.1446e-02      0.291  266.32790     0.0723    98.2099 2.4885e-05       9873         18 0.0000e+00
    246.384   16.53616 -107.06906    248.000    11.5001    11.5000    11.4686    34.7579    34.7657  1027.6080    26.4953 7.0037e-02      0.291  266.47024     0.0725    98.2041 1.0551e-05       9890         17 0.0000e+00
    247.377   16.53616 -107.06906    249.000    11.4934    11.4934    11.4619    34.7572    34.7651  1027.6132    26.4959 7.1538e-02      0.280  266.50871     0.0712    98.2348 1.0457e-05       9907         17 0.0000e+00
    248.370   16.53616 -107.06906    250.000    11.4804    11.4805    11.4487    34.7555    34.7633  1027.6188    26.4970 6.9775e-02      0.271  266.58477     0.0712    98.2348 3.9327e-06       9927         23 0.0000e+00
    249.363   16.53616 -107.06906    251.000    11.4641    11.4644    11.4323    34.7542    34.7620  1027.6254    26.4990 7.0350e-02      0.295  266.67843     0.0712    98.2340 2.7389e-06       9954         33 0.0000e+00
    250.356   16.53616 -107.06906    252.000    11.4442    11.4442    11.4123    34.7521    34.7597  1027.6320    26.5011 7.0281e-02      0.273  266.79348     0.0718    98.2196 -9.626e-08       9989         32 0.0000e+00
    251.349   16.53616 -107.06906    253.000    11.4304    11.4305    11.3984    34.7504    34.7582  1027.6378    26.5023 7.0874e-02      0.295  266.87393     0.0715    98.2278 3.1374e-06      10020         29 0.0000e+00
    252.341   16.53616 -107.06906    254.000    11.4238    11.4240    11.3917    34.7490    34.7568  1027.6425    26.5025 7.0607e-02      0.283  266.91337     0.0711    98.2375 -7.760e-09      10048         29 0.0000e+00
    253.334   16.53616 -107.06906    255.000    11.4170    11.4172    11.3848    34.7480    34.7557  1027.6474    26.5029 6.9451e-02      0.280  266.95353     0.0712    98.2347 1.0000e-12      10079         31 0.0000e+00
    254.327   16.53616 -107.06906    256.000    11.3963    11.3967    11.3640    34.7463    34.7540  1027.6546    26.5055 7.2750e-02      0.240  267.07245     0.0721    98.2123 1.0000e-12      10108         27 0.0000e+00
    255.320   16.53616 -107.06906    257.000    11.3786    11.3788    11.3462    34.7450    34.7527  1027.6613    26.5077 6.8987e-02      0.290  267.17395     0.0723    98.2086 1.0000e-12      10132         20 0.0000e+00
    256.313   16.53616 -107.06906    258.000    11.3627    11.3629    11.3303    34.7434    34.7511  1027.6676    26.5094 6.9195e-02      0.295  267.26604     0.0721    98.2132 1.0000e-12      10151         18 0.0000e+00
    257.305   16.53616 -107.06906    259.000    11.3384    11.3392    11.3058    34.7425    34.7501  1027.6760    26.5132 7.0343e-02      0.219  267.40447     0.0722    98.2119 1.0000e-12      10168         16 0.0000e+00
    258.299   16.53616 -107.06906    260.000    11.3333    11.3335    11.3006    34.7427    34.7506  1027.6816    26.5143 7.1748e-02      0.296  267.43260     0.0713    98.2317 1.0000e-12      10185         17 0.0000e+00
    259.291   16.53616 -107.06906    261.000    11.3342    11.3343    11.3014    34.7427    34.7505  1027.6859    26.5141 7.1634e-02      0.312  267.42760     0.0715    98.2276 1.0000e-12      10202         18 0.0000e+00
    260.284   16.53616 -107.06906    262.000    11.3346    11.3347    11.3016    34.7425    34.7503  1027.6901    26.5139 7.0567e-02      0.253  267.42583     0.0713    98.2334 1.0000e-12      10221         19 0.0000e+00
    261.277   16.53616 -107.06906    263.000    11.3350    11.3352    11.3020    34.7426    34.7504  1027.6946    26.5139 7.1359e-02      0.255  267.42294     0.0712    98.2338 1.0000e-12      10243         25 0.0000e+00
    262.270   16.53616 -107.06906    264.000    11.3351    11.3350    11.3019    34.7424    34.7502  1027.6988    26.5137 6.8894e-02      0.272  267.42333     0.0720    98.2155 1.0000e-12      10271         31 0.0000e+00
    263.263   16.53616 -107.06906    265.000    11.3344    11.3345    11.3011    34.7420    34.7497  1027.7032    26.5135 7.0820e-02      0.250  267.42757     0.0722    98.2104 1.0000e-12      10310         45 0.0000e+00
    264.255   16.53616 -107.06906    266.000    11.3282    11.3283    11.2948    34.7416    34.7494  1027.7085    26.5143 7.1629e-02      0.269  267.46342     0.0727    98.1987 1.0000e-12      10351         33 0.0000e+00
    265.248   16.53616 -107.06906    267.000    11.3242    11.3242    11.2906    34.7414    34.7492  1027.7136    26.5150 6.9039e-02      0.238  267.48635     0.0713    98.2328 1.0000e-12      10376         21 0.0000e+00
    266.241   16.53616 -107.06906    268.000    11.3063    11.3063    11.2727    34.7396    34.7472  1027.7200    26.5168 6.8948e-02      0.173  267.59025     0.0715    98.2286 1.0000e-12      10395         17 0.0000e+00
    267.234   16.53616 -107.06906    269.000    11.2927    11.2931    11.2590    34.7384    34.7462  1027.7262    26.5184 7.0680e-02      0.278  267.66876     0.0717    98.2240 1.0000e-12      10412         17 0.0000e+00
    268.227   16.53616 -107.06906    270.000    11.2873    11.2874    11.2534    34.7374    34.7452  1027.7309    26.5186 6.9608e-02      0.270  267.70125     0.0723    98.2089 1.0000e-12      10429         17 0.0000e+00
    269.219   16.53616 -107.06906    271.000    11.2784    11.2784    11.2445    34.7364    34.7442  1027.7363    26.5195 6.8393e-02      0.216  267.75289     0.0733    98.1842 1.0000e-12      10448         21 0.0000e+00
    270.212   16.53616 -107.06906    272.000    11.2620    11.2613    11.2280    34.7353    34.7430  1027.7430    26.5216 7.2177e-02      0.236  267.84747     0.0721    98.2139 1.0000e-12      10473         30 0.0000e+00
    271.205   16.53616 -107.06906    273.000    11.2447    11.2445    11.2105    34.7343    34.7422  1027.7500    26.5241 7.0112e-02      0.266  267.94717     0.0721    98.2134 1.0000e-12      10506         33 0.0000e+00
    272.198   16.53616 -107.06906    274.000    11.2303    11.2305    11.1960    34.7328    34.7406  1027.7560    26.5255 6.8797e-02      0.270  268.03124     0.0721    98.2128 1.0000e-12      10536         25 0.0000e+00
    273.190   16.53616 -107.06906    275.000    11.2083    11.2085    11.1740    34.7311    34.7389  1027.7633    26.5282 6.8761e-02      0.232  268.15819     0.0718    98.2196 1.0000e-12      10558         22 0.0000e+00
    274.183   16.53616 -107.06906    276.000    11.1869    11.1871    11.1525    34.7303    34.7379  1027.7711    26.5315 7.1046e-02      0.254  268.28058     0.0734    98.1802 1.0000e-12      10578         20 0.0000e+00
    275.176   16.53616 -107.06906    277.000    11.1803    11.1805    11.1458    34.7298    34.7376  1027.7765    26.5323 7.1437e-02      0.223  268.31894     0.0733    98.1826 1.0000e-12      10599         20 0.0000e+00
    276.169   16.53616 -107.06906    278.000    11.1782    11.1782    11.1435    34.7292    34.7371  1027.7809    26.5323 6.9274e-02      0.228  268.33218     0.0718    98.2210 1.0000e-12      10623         28 0.0000e+00
    277.162   16.53616 -107.06906    279.000    11.1765    11.1767    11.1418    34.7288    34.7366  1027.7854    26.5322 6.9995e-02      0.260  268.34212     0.0725    98.2037 1.0000e-12      10652         29 0.0000e+00
    278.154   16.53616 -107.06906    280.000    11.1746    11.1748    11.1397    34.7286    34.7363  1027.7900    26.5324 7.2922e-02      0.274  268.35376     0.0719    98.2185 1.0000e-12      10678         23 0.0000e+00
    279.147   16.53616 -107.06906    281.000    11.1704    11.1704    11.1353    34.7282    34.7360  1027.7950    26.5329 6.9987e-02      0.222  268.37835     0.0717    98.2219 1.0000e-12      10700         22 0.0000e+00
    280.140   16.53616 -107.06906    282.000    11.1680    11.1682    11.1329    34.7280    34.7359  1027.7998    26.5331 7.0821e-02      0.199  268.39202     0.0718    98.2199 1.0000e-12      10721         21 0.0000e+00
    281.132   16.53616 -107.06906    283.000    11.1659    11.1661    11.1307    34.7277    34.7354  1027.8044    26.5333 7.0552e-02      0.251  268.40434     0.0719    98.2178 1.0000e-12      10743         23 0.0000e+00
    282.125   16.53616 -107.06906    284.000    11.1621    11.1622    11.1267    34.7272    34.7350  1027.8092    26.5336 7.1952e-02      0.164  268.42715     0.0723    98.2087 1.0000e-12      10768         28 0.0000e+00
    283.118   16.53616 -107.06906    285.000    11.1600    11.1601    11.1245    34.7267    34.7346  1027.8137    26.5336 7.0678e-02      0.231  268.43977     0.0722    98.2102 1.0000e-12      10799         34 0.0000e+00
    284.110   16.53616 -107.06906    286.000    11.1573    11.1576    11.1217    34.7263    34.7342  1027.8184    26.5338 7.1490e-02      0.232  268.45579     0.0718    98.2213 1.0000e-12      10832         29 0.0000e+00
    285.103   16.53616 -107.06906    287.000    11.1550    11.1551    11.1192    34.7259    34.7339  1027.8230    26.5339 6.7881e-02      0.282  268.46955     0.0712    98.2341 1.0000e-12      10859         23 0.0000e+00
    286.096   16.53616 -107.06906    288.000    11.1496    11.1497    11.1138    34.7252    34.7332  1027.8280    26.5344 6.7968e-02      0.158  268.50113     0.0716    98.2243 1.0000e-12      10879         18 0.0000e+00
    287.089   16.53616 -107.06906    289.000    11.1380    11.1380    11.1020    34.7243    34.7320  1027.8339    26.5358 6.8091e-02      0.184  268.56872     0.0717    98.2225 1.0000e-12      10896         17 0.0000e+00
    288.081   16.53616 -107.06906    290.000    11.1162    11.1160    11.0802    34.7228    34.7305  1027.8413    26.5385 6.7070e-02      0.238  268.69488     0.0719    98.2185 1.0000e-12      10913         16 0.0000e+00
    289.074   16.53616 -107.06906    291.000    11.0680    11.0669    11.0319    34.7190    34.7268  1027.8518    26.5443 6.9016e-02      0.261  268.97575     0.0721    98.2140 1.0000e-12      10930         20 0.0000e+00
