data/ctd-cnv/SKQ1617/SKQ1617-St16-P2/skq201617s-039avg.cnv
* Sea-Bird SBE 9 Data File:
* FileName = D:\CTD\SKQ201617S\SKQ201617S-039.hex
* Software Version Seasave V 7.22.5
* Temperature SN = 5773
* Conductivity SN = 2251
* Number of Bytes Per Scan = 37
* Number of Voltage Words = 4
* Number of Scans Averaged by the Deck Unit = 1
* NMEA Latitude = 16 33.07 N
* NMEA Longitude = 107 01.09 W
* NMEA UTC (Time) = Jan 11 2017  14:01:28
* NMEA baud rate = 4800
** Ship: R/V Sikuliaq
** Station Number: 39
** Station Name: Station 16/P2
** Depth: 3534m
** Operator: unknown
# nquan = 20
# nvalues = 503                         
# units = specified
# name 0 = depSM: Depth [salt water, m]
# name 1 = latitude: Latitude [deg]
# name 2 = longitude: Longitude [deg]
# name 3 = prDM: Pressure, Digiquartz [db]
# name 4 = t090C: Temperature [ITS-90, deg C]
# name 5 = t190C: Temperature, 2 [ITS-90, deg C]
# name 6 = potemp090C: Potential Temperature [ITS-90, deg C]
# name 7 = sal00: Salinity, Practical [PSU]
# name 8 = sal11: Salinity, Practical, 2 [PSU]
# name 9 = density00: Density [density, kg/m^3]
# name 10 = sigma-t00: Density [sigma-t, kg/m^3 ]
# name 11 = flSP: Fluorescence, Seapoint
# name 12 = sbox0Mm/Kg: Oxygen, SBE 43 [umol/kg]
# name 13 = oxsolMm/Kg: Oxygen Saturation, Garcia & Gordon [umol/kg]
# name 14 = CStarAt0: Beam Attenuation, WET Labs C-Star [1/m]
# name 15 = CStarTr0: Beam Transmission, WET Labs C-Star [%]
# name 16 = par: PAR/Irradiance, Biospherical/Licor
# name 17 = scan: Scan Count
# name 18 = nbin: number of scans per bin
# name 19 = flag: flag
# span 0 =      2.982,    501.399       
# span 1 =   16.55118,   16.55120       
# span 2 = -107.01810, -107.01808       
# span 3 =      3.000,    505.000       
# span 4 =     8.2294,    28.8443       
# span 5 =     8.2296,    28.8442       
# span 6 =     8.1770,    28.8373       
# span 7 =    33.6060,    34.8097       
# span 8 =    33.6162,    34.8176       
# span 9 =  1021.0868,  1029.1969       
# span 10 =    21.0706,    26.9070      
# span 11 = 6.5794e-02, 1.7628e+00      
# span 12 =      0.021,    190.776      
# span 13 =  195.93749,  286.33312      
# span 14 =     0.0643,     0.2354      
# span 15 =    94.2855,    98.4061      
# span 16 = -6.165e-08, 1.0357e+02      
# span 17 =        307,      17276      
# span 18 =         14,        482      
# span 19 = 0.0000e+00, 0.0000e+00      
# interval = decibars: 1                
# start_time = Jan 11 2017 14:01:28 [NMEA time, header]
# bad_flag = -9.990e-29
*END*
[from data line 290]
    291.059   16.55120 -107.01810    293.000    11.0635    11.0634    11.0272    34.7178    34.7256  1027.8607    26.5443 6.6090e-02      0.293  269.00339     0.0720    98.2169 1.0000e-12      10547         19 0.0000e+00
    292.052   16.55120 -107.01810    294.000    11.0608    11.0613    11.0244    34.7175    34.7251  1027.8654    26.5445 6.9082e-02      0.169  269.01936     0.0714    98.2296 1.0000e-12      10565         19 0.0000e+00
    293.044   16.55120 -107.01810    295.000    11.0511    11.0512    11.0146    34.7165    34.7242  1027.8710    26.5455 6.6919e-02      0.128  269.07643     0.0714    98.2298 1.0000e-12      10586         21 0.0000e+00
    294.037   16.55120 -107.01810    296.000    11.0309    11.0314    10.9943    34.7158    34.7234  1027.8787    26.5486 6.7312e-02      0.201  269.19232     0.0745    98.1554 1.0000e-12      10608         24 0.0000e+00
    295.030   16.55120 -107.01810    297.000    11.0153    11.0160    10.9786    34.7152    34.7229  1027.8856    26.5510 6.8039e-02      0.228  269.28211     0.0727    98.1982 1.0000e-12      10634         28 0.0000e+00
    296.022   16.55120 -107.01810    298.000    11.0046    11.0049    10.9678    34.7147    34.7224  1027.8917    26.5525 6.8062e-02      0.253  269.34392     0.0718    98.2210 1.0000e-12      10664         31 0.0000e+00
    297.015   16.55120 -107.01810    299.000    10.9773    10.9776    10.9404    34.7131    34.7207  1027.9001    26.5562 6.8692e-02      0.103  269.50268     0.0712    98.2350 1.0000e-12      10691         24 0.0000e+00
    298.008   16.55120 -107.01810    300.000    10.9634    10.9634    10.9264    34.7129    34.7207  1027.9069    26.5586 6.7657e-02      0.181  269.58239     0.0712    98.2361 1.0000e-12      10713         21 0.0000e+00
    299.000   16.55120 -107.01810    301.000    10.9566    10.9567    10.9195    34.7119    34.7195  1027.9119    26.5590 6.7396e-02      0.195  269.62294     0.0709    98.2414 1.0000e-12      10734         20 0.0000e+00
    299.993   16.55120 -107.01810    302.000    10.9369    10.9368    10.8998    34.7106    34.7183  1027.9190    26.5615 6.6856e-02      0.227  269.73782     0.0709    98.2424 1.0000e-12      10755         24 0.0000e+00
    300.986   16.55120 -107.01810    303.000    10.8954    10.8954    10.8582    34.7077    34.7154  1027.9290    26.5668 6.7561e-02      0.190  269.98071     0.0712    98.2351 1.0000e-12      10782         31 0.0000e+00
    301.978   16.55120 -107.01810    304.000    10.8624    10.8634    10.8252    34.7057    34.7133  1027.9380    26.5711 6.7476e-02      0.239  270.17288     0.0712    98.2355 1.0000e-12      10818         38 0.0000e+00
    302.971   16.55120 -107.01810    305.000    10.8440    10.8441    10.8066    34.7045    34.7122  1027.9450    26.5735 6.7968e-02      0.152  270.28097     0.0707    98.2478 1.0000e-12      10852         29 0.0000e+00
    303.963   16.55120 -107.01810    306.000    10.8431    10.8432    10.8057    34.7044    34.7121  1027.9495    26.5736 6.8696e-02      0.167  270.28612     0.0703    98.2579 1.0000e-12      10878         24 0.0000e+00
    304.956   16.55120 -107.01810    307.000    10.8405    10.8407    10.8029    34.7040    34.7116  1027.9542    26.5737 6.9798e-02      0.150  270.30194     0.0702    98.2610 1.0000e-12      10899         19 0.0000e+00
    305.949   16.55120 -107.01810    308.000    10.8331    10.8332    10.7954    34.7035    34.7110  1027.9596    26.5746 6.8428e-02      0.180  270.34524     0.0704    98.2554 1.0000e-12      10918         19 0.0000e+00
    306.941   16.55120 -107.01810    309.000    10.8237    10.8241    10.7859    34.7030    34.7106  1027.9655    26.5760 6.8317e-02      0.197  270.39988     0.0709    98.2416 1.0000e-12      10937         20 0.0000e+00
    307.934   16.55120 -107.01810    310.000    10.8121    10.8123    10.7742    34.7019    34.7096  1027.9712    26.5772 6.9251e-02      0.124  270.46891     0.0712    98.2361 1.0000e-12      10958         23 0.0000e+00
    308.926   16.55120 -107.01810    311.000    10.7802    10.7804    10.7423    34.7006    34.7083  1027.9806    26.5819 6.7729e-02      0.156  270.65382     0.0713    98.2322 1.0000e-12      10985         29 0.0000e+00
    309.919   16.55120 -107.01810    312.000    10.7598    10.7598    10.7218    34.7010    34.7086  1027.9891    26.5858 6.9057e-02      0.152  270.77086     0.0708    98.2472 1.0000e-12      11013         26 0.0000e+00
    310.912   16.55120 -107.01810    313.000    10.7521    10.7524    10.7140    34.7007    34.7083  1027.9948    26.5869 6.7814e-02      0.153  270.81569     0.0702    98.2614 1.0000e-12      11038         23 0.0000e+00
    311.904   16.55120 -107.01810    314.000    10.7471    10.7471    10.7088    34.7005    34.7081  1028.0001    26.5877 6.9814e-02      0.237  270.84478     0.0703    98.2596 1.0000e-12      11058         19 0.0000e+00
    312.897   16.55120 -107.01810    315.000    10.7414    10.7415    10.7031    34.7001    34.7077  1028.0053    26.5884 6.7872e-02      0.143  270.87810     0.0702    98.2610 1.0000e-12      11077         19 0.0000e+00
    313.889   16.55120 -107.01810    316.000    10.7291    10.7290    10.6906    34.6992    34.7070  1028.0114    26.5899 6.9377e-02      0.127  270.95067     0.0698    98.2710 1.0000e-12      11095         18 0.0000e+00
    314.882   16.55120 -107.01810    317.000    10.7122    10.7122    10.6736    34.6981    34.7057  1028.0181    26.5920 6.9939e-02      0.138  271.05019     0.0702    98.2611 1.0000e-12      11115         21 0.0000e+00
    315.875   16.55120 -107.01810    318.000    10.6942    10.6944    10.6556    34.6980    34.7055  1028.0258    26.5951 6.8902e-02      0.231  271.15400     0.0699    98.2681 1.0000e-12      11137         25 0.0000e+00
    316.867   16.55120 -107.01810    319.000    10.6886    10.6894    10.6499    34.6975    34.7052  1028.0309    26.5958 6.7662e-02      0.117  271.18725     0.0702    98.2620 1.0000e-12      11165         30 0.0000e+00
    317.860   16.55120 -107.01810    320.000    10.6856    10.6857    10.6468    34.6969    34.7045  1028.0355    26.5958 6.9035e-02      0.172  271.20537     0.0698    98.2714 1.0000e-12      11200         38 0.0000e+00
    318.852   16.55120 -107.01810    321.000    10.6788    10.6790    10.6399    34.6963    34.7041  1028.0408    26.5966 6.7086e-02      0.154  271.24565     0.0691    98.2862 1.0000e-12      11234         32 0.0000e+00
    319.845   16.55120 -107.01810    322.000    10.6583    10.6586    10.6193    34.6950    34.7025  1028.0480    26.5992 6.8544e-02      0.139  271.36663     0.0691    98.2862 1.0000e-12      11264         28 0.0000e+00
    320.837   16.55120 -107.01810    323.000    10.6414    10.6415    10.6023    34.6947    34.7024  1028.0553    26.6020 6.8469e-02      0.153  271.46459     0.0693    98.2820 1.0000e-12      11292         26 0.0000e+00
    321.830   16.55120 -107.01810    324.000    10.6386    10.6387    10.5994    34.6942    34.7019  1028.0600    26.6021 6.8842e-02      0.170  271.48180     0.0694    98.2805 1.0000e-12      11317         24 0.0000e+00
    322.822   16.55120 -107.01810    325.000    10.6250    10.6251    10.5858    34.6934    34.7010  1028.0663    26.6039 6.9255e-02      0.139  271.56170     0.0697    98.2721 1.0000e-12      11339         21 0.0000e+00
    323.815   16.55120 -107.01810    326.000    10.6093    10.6093    10.5699    34.6928    34.7005  1028.0732    26.6062 6.8223e-02      0.187  271.65399     0.0702    98.2607 1.0000e-12      11359         19 0.0000e+00
    324.807   16.55120 -107.01810    327.000    10.6001    10.5997    10.5606    34.6924    34.6999  1028.0791    26.6075 6.8440e-02      0.139  271.70819     0.0697    98.2720 1.0000e-12      11378         19 0.0000e+00
    325.800   16.55120 -107.01810    328.000    10.5921    10.5918    10.5525    34.6917    34.6994  1028.0844    26.6083 6.9038e-02      0.130  271.75583     0.0693    98.2830 1.0000e-12      11397         20 0.0000e+00
    326.792   16.55120 -107.01810    329.000    10.5779    10.5776    10.5382    34.6899    34.6976  1028.0902    26.6095 6.8805e-02      0.185  271.84117     0.0693    98.2815 1.0000e-12      11419         23 0.0000e+00
    327.785   16.55120 -107.01810    330.000    10.5548    10.5560    10.5150    34.6887    34.6963  1028.0979    26.6126 6.8920e-02      0.163  271.97759     0.0691    98.2862 1.0000e-12      11444         27 0.0000e+00
    328.777   16.55120 -107.01810    331.000    10.5339    10.5348    10.4941    34.6869    34.6943  1028.1048    26.6149 7.0065e-02      0.111  272.10189     0.0691    98.2882 1.0000e-12      11471         25 0.0000e+00
    329.770   16.55120 -107.01810    332.000    10.4978    10.4980    10.4580    34.6858    34.6932  1028.1150    26.6204 6.9214e-02      0.131  272.31360     0.0692    98.2857 1.0000e-12      11493         20 0.0000e+00
    330.762   16.55120 -107.01810    333.000    10.4805    10.4806    10.4406    34.6844    34.6919  1028.1216    26.6223 6.9602e-02      0.169  272.41694     0.0692    98.2842 1.0000e-12      11512         18 0.0000e+00
    331.755   16.55120 -107.01810    334.000    10.4578    10.4579    10.4178    34.6833    34.6909  1028.1293    26.6254 6.8795e-02      0.188  272.55094     0.0691    98.2871 1.0000e-12      11529         18 0.0000e+00
    332.747   16.55120 -107.01810    335.000    10.4495    10.4495    10.4095    34.6821    34.6897  1028.1344    26.6260 7.0145e-02      0.127  272.60132     0.0689    98.2925 1.0000e-12      11548         19 0.0000e+00
    333.740   16.55120 -107.01810    336.000    10.4318    10.4324    10.3917    34.6806    34.6883  1028.1409    26.6279 6.8972e-02      0.186  272.70729     0.0683    98.3072 1.0000e-12      11571         28 0.0000e+00
    334.732   16.55120 -107.01810    337.000    10.4169    10.4175    10.3766    34.6790    34.6866  1028.1469    26.6293 6.9501e-02      0.132  272.79774     0.0681    98.3113 1.0000e-12      11607         43 0.0000e+00
    335.725   16.55120 -107.01810    338.000    10.3973    10.3969    10.3570    34.6774    34.6850  1028.1536    26.6314 6.8638e-02      0.149  272.91488     0.0677    98.3219 1.0000e-12      11650         42 0.0000e+00
    336.717   16.55120 -107.01810    339.000    10.3946    10.3947    10.3541    34.6768    34.6844  1028.1582    26.6315 6.9404e-02      0.135  272.93191     0.0682    98.3096 1.0000e-12      11689         33 0.0000e+00
    337.709   16.55120 -107.01810    340.000    10.3941    10.3942    10.3535    34.6766    34.6842  1028.1626    26.6313 7.0686e-02      0.135  272.93516     0.0681    98.3099 1.0000e-12      11718         24 0.0000e+00
    338.702   16.55120 -107.01810    341.000    10.3829    10.3831    10.3422    34.6755    34.6830  1028.1683    26.6325 7.1717e-02      0.176  273.00276     0.0682    98.3077 1.0000e-12      11739         19 0.0000e+00
    339.694   16.55120 -107.01810    342.000    10.3544    10.3544    10.3137    34.6746    34.6821  1028.1772    26.6368 6.8894e-02      0.145  273.17089     0.0681    98.3116 1.0000e-12      11757         16 0.0000e+00
    340.687   16.55120 -107.01810    343.000    10.3274    10.3275    10.2867    34.6739    34.6813  1028.1860    26.6409 6.9834e-02      0.151  273.32981     0.0681    98.3116 1.0000e-12      11773         16 0.0000e+00
    341.679   16.55120 -107.01810    344.000    10.3163    10.3164    10.2755    34.6739    34.6815  1028.1925    26.6428 7.0280e-02      0.151  273.39475     0.0681    98.3116 1.0000e-12      11788         16 0.0000e+00
    342.672   16.55120 -107.01810    345.000    10.3118    10.3117    10.2708    34.6733    34.6807  1028.1973    26.6432 7.0455e-02      0.134  273.42263     0.0680    98.3132 1.0000e-12      11805         17 0.0000e+00
    343.664   16.55120 -107.01810    346.000    10.2980    10.2980    10.2570    34.6728    34.6803  1028.2039    26.6451 7.0007e-02      0.124  273.50406     0.0680    98.3132 1.0000e-12      11822         18 0.0000e+00
    344.656   16.55120 -107.01810    347.000    10.2924    10.2926    10.2513    34.6724    34.6800  1028.2091    26.6458 7.0392e-02      0.142  273.53752     0.0680    98.3132 1.0000e-12      11843         23 0.0000e+00
    345.649   16.55120 -107.01810    348.000    10.2781    10.2790    10.2369    34.6716    34.6791  1028.2156    26.6477 7.0923e-02      0.188  273.62282     0.0680    98.3132 1.0000e-12      11867         25 0.0000e+00
    346.642   16.55120 -107.01810    349.000    10.2668    10.2674    10.2255    34.6705    34.6781  1028.2213    26.6488 6.9698e-02      0.120  273.69128     0.0680    98.3140 1.0000e-12      11897         32 0.0000e+00
    347.634   16.55120 -107.01810    350.000    10.2618    10.2622    10.2203    34.6699    34.6774  1028.2261    26.6491 7.0562e-02      0.143  273.72216     0.0680    98.3123 1.0000e-12      11929         31 0.0000e+00
    348.626   16.55120 -107.01810    351.000    10.2544    10.2547    10.2129    34.6692    34.6769  1028.2314    26.6499 6.9706e-02      0.142  273.76637     0.0677    98.3216 1.0000e-12      11958         26 0.0000e+00
    349.619   16.55120 -107.01810    352.000    10.2516    10.2515    10.2099    34.6690    34.6765  1028.2362    26.6502 6.9750e-02      0.157  273.78378     0.0679    98.3164 1.0000e-12      11982         24 0.0000e+00
    350.611   16.55120 -107.01810    353.000    10.2340    10.2339    10.1923    34.6677    34.6753  1028.2429    26.6523 6.9771e-02      0.160  273.88933     0.0676    98.3231 1.0000e-12      12004         21 0.0000e+00
    351.603   16.55120 -107.01810    354.000    10.2036    10.2037    10.1618    34.6665    34.6741  1028.2519    26.6566 7.1082e-02      0.130  274.07048     0.0671    98.3369 1.0000e-12      12025         22 0.0000e+00
    352.596   16.55120 -107.01810    355.000    10.1867    10.1872    10.1449    34.6660    34.6735  1028.2590    26.6591 7.0552e-02      0.137  274.17054     0.0673    98.3326 1.0000e-12      12048         23 0.0000e+00
    353.588   16.55120 -107.01810    356.000    10.1789    10.1796    10.1369    34.6649    34.6725  1028.2641    26.6596 7.1191e-02      0.143  274.21891     0.0680    98.3143 1.0000e-12      12075         32 0.0000e+00
    354.580   16.55120 -107.01810    357.000    10.1667    10.1674    10.1247    34.6639    34.6715  1028.2699    26.6609 7.0572e-02      0.151  274.29224     0.0678    98.3193 1.0000e-12      12110         38 0.0000e+00
    355.573   16.55120 -107.01810    358.000    10.1417    10.1416    10.0996    34.6625    34.6700  1028.2778    26.6641 7.1091e-02      0.141  274.44230     0.0674    98.3297 1.0000e-12      12146         32 0.0000e+00
    356.565   16.55120 -107.01810    359.000    10.1356    10.1357    10.0935    34.6620    34.6696  1028.2830    26.6647 7.1675e-02      0.152  274.47913     0.0676    98.3234 1.0000e-12      12173         23 0.0000e+00
    357.557   16.55120 -107.01810    360.000    10.1299    10.1301    10.0877    34.6614    34.6689  1028.2881    26.6653 7.0937e-02      0.182  274.51373     0.0675    98.3256 1.0000e-12      12194         19 0.0000e+00
    358.550   16.55120 -107.01810    361.000    10.1224    10.1222    10.0800    34.6611    34.6685  1028.2936    26.6663 7.0820e-02      0.138  274.55876     0.0674    98.3292 1.0000e-12      12212         18 0.0000e+00
    359.542   16.55120 -107.01810    362.000    10.1132    10.1129    10.0708    34.6605    34.6682  1028.2994    26.6675 7.1304e-02      0.120  274.61393     0.0670    98.3393 1.0000e-12      12229         15 0.0000e+00
    360.535   16.55120 -107.01810    363.000    10.0943    10.0944    10.0518    34.6593    34.6668  1028.3063    26.6698 7.1771e-02      0.137  274.72811     0.0674    98.3281 1.0000e-12      12246         17 0.0000e+00
