data/ctd-cnv/SKQ1617/SKQ1617-St16-P2/skq201617s-040avg.cnv
* Sea-Bird SBE 9 Data File:
* FileName = D:\CTD\SKQ201617S\SKQ201617S-040.hex
* Software Version Seasave V 7.22.5
* Temperature SN = 5773
* Conductivity SN = 2251
* Number of Bytes Per Scan = 37
* Number of Voltage Words = 4
* Number of Scans Averaged by the Deck Unit = 1
* NMEA Latitude = 16 34.66 N
* NMEA Longitude = 106 58.43 W
* NMEA UTC (Time) = Jan 12 2017  05:05:22
* NMEA baud rate = 4800
** Ship: R/V Sikuliaq
** Station Number: 40
** Station Name: Station 16/P2
** Depth: 3143
** Operator: RML
# nquan = 20
# nvalues = 502                         
# units = specified
# name 0 = depSMignore: Depth [salt water, m]
# name 1 = latitude: Latitude [deg]
# name 2 = longitude: Longitude [deg]
# name 3 = prDM: Pressure, Digiquartz [db]
# name 4 = t090C: Temperature [ITS-90, deg C]
# name 5 = t190C: Temperature, 2 [ITS-90, deg C]
# name 6 = potemp090C: Potential Temperature [ITS-90, deg C]
# name 7 = sal00: Salinity, Practical [PSU]
# name 8 = sal11: Salinity, Practical, 2 [PSU]
# name 9 = density00: Density [density, kg/m^3]
# name 10 = sigma-t00: Density [sigma-t, kg/m^3 ]
# name 11 = flSP: Fluorescence, Seapoint
# name 12 = sbox0Mm/Kg: Oxygen, SBE 43 [umol/kg]
# name 13 = oxsolMm/Kg: Oxygen Saturation, Garcia & Gordon [umol/kg]
# name 14 = CStarAt0: Beam Attenuation, WET Labs C-Star [1/m]
# name 15 = CStarTr0: Beam Transmission, WET Labs C-Star [%]
# name 16 = par: PAR/Irradiance, Biospherical/Licor
# name 17 = scan: Scan Count
# name 18 = nbin: number of scans per bin
# name 19 = flag: flag
# span 0 =      2.982,    500.406       
# span 1 =   16.57774,   16.57774       
# span 2 = -106.97380, -106.97380       
# span 3 =      3.000,    504.000       
# span 4 =     8.5555,    28.8540       
# span 5 =     8.5547,    28.8519       
# span 6 =     8.5018,    28.8532       
# span 7 =    33.5727,    34.8120       
# span 8 =    33.5827,    34.8198       
# span 9 =  1021.0542,  1029.1479       
# span 10 =    21.0414,    26.8656      
# span 11 = 6.6091e-02, 2.2825e+00      
# span 12 =      0.025,    193.597      
# span 13 =  195.95204,  284.25162      
# span 14 =     0.0659,     0.2478      
# span 15 =    93.9939,    98.3655      
# span 16 = -1.389e-07, 6.1332e-01      
# span 17 =       -161,      19280      
# span 18 =         16,       1026      
# span 19 = 0.0000e+00, 0.0000e+00      
# interval = decibars: 1                
# start_time = Jan 12 2017 05:05:22 [NMEA time, header]
# bad_flag = -9.990e-29
*END*
[from data line 362]
    362.519   16.57774 -106.97380    365.000    10.3778    10.3782    10.3343    34.6747    34.6822  1028.2762    26.6327 7.0229e-02      0.134  273.03347     0.0690    98.2883 1.0000e-12      12423         24 0.0000e+00
    363.511   16.57774 -106.97380    366.000    10.3777    10.3780    10.3341    34.6744    34.6819  1028.2805    26.6325 7.2315e-02      0.148  273.03480     0.0696    98.2745 1.0000e-12      12447         23 0.0000e+00
    364.503   16.57774 -106.97380    367.000    10.3738    10.3740    10.3301    34.6739    34.6814  1028.2853    26.6328 7.1774e-02      0.135  273.05843     0.0692    98.2854 1.0000e-12      12472         25 0.0000e+00
    365.496   16.57774 -106.97380    368.000    10.3630    10.3634    10.3192    34.6731    34.6805  1028.2911    26.6340 7.1361e-02      0.137  273.12313     0.0693    98.2813 1.0000e-12      12497         27 0.0000e+00
    366.488   16.57774 -106.97380    369.000    10.3331    10.3336    10.2891    34.6716    34.6785  1028.2998    26.6381 7.0043e-02      0.119  273.30132     0.0699    98.2691 1.0000e-12      12523         27 0.0000e+00
    367.480   16.57774 -106.97380    370.000    10.2999    10.3003    10.2560    34.6705    34.6779  1028.3095    26.6430 6.9850e-02      0.164  273.49722     0.0701    98.2628 1.0000e-12      12552         29 0.0000e+00
    368.473   16.57774 -106.97380    371.000    10.2788    10.2793    10.2348    34.6693    34.6767  1028.3169    26.6458 6.9594e-02      0.149  273.62339     0.0692    98.2850 1.0000e-12      12584         32 0.0000e+00
    369.465   16.57774 -106.97380    372.000    10.2618    10.2621    10.2177    34.6685    34.6759  1028.3238    26.6481 7.2416e-02      0.152  273.72451     0.0687    98.2968 1.0000e-12      12617         31 0.0000e+00
    370.457   16.57774 -106.97380    373.000    10.2592    10.2595    10.2150    34.6679    34.6753  1028.3283    26.6481 7.0257e-02      0.110  273.74109     0.0687    98.2955 1.0000e-12      12649         31 0.0000e+00
    371.449   16.57774 -106.97380    374.000    10.2511    10.2514    10.2068    34.6671    34.6745  1028.3336    26.6488 7.0886e-02      0.149  273.78996     0.0690    98.2899 1.0000e-12      12678         26 0.0000e+00
    372.442   16.57774 -106.97380    375.000    10.2322    10.2325    10.1878    34.6662    34.6735  1028.3408    26.6514 6.7809e-02      0.120  273.90265     0.0690    98.2894 1.0000e-12      12702         22 0.0000e+00
    373.434   16.57774 -106.97380    376.000    10.2168    10.2173    10.1724    34.6653    34.6726  1028.3473    26.6533 7.0005e-02      0.126  273.99469     0.0691    98.2870 1.0000e-12      12724         21 0.0000e+00
    374.426   16.57774 -106.97380    377.000    10.2047    10.2049    10.1601    34.6651    34.6723  1028.3539    26.6553 7.1551e-02      0.177  274.06644     0.0690    98.2886 1.0000e-12      12742         17 0.0000e+00
    375.419   16.57774 -106.97380    378.000    10.1996    10.1998    10.1550    34.6645    34.6719  1028.3588    26.6557 7.0668e-02      0.143  274.09752     0.0691    98.2871 1.0000e-12      12759         17 0.0000e+00
    376.411   16.57774 -106.97380    379.000    10.1877    10.1880    10.1430    34.6635    34.6708  1028.3647    26.6570 7.1424e-02      0.142  274.16934     0.0691    98.2871 1.0000e-12      12775         16 0.0000e+00
    377.403   16.57774 -106.97380    380.000    10.1634    10.1637    10.1187    34.6625    34.6696  1028.3727    26.6603 6.9402e-02      0.097  274.31436     0.0691    98.2871 1.0000e-12      12792         17 0.0000e+00
    378.395   16.57774 -106.97380    381.000    10.1452    10.1456    10.1004    34.6621    34.6696  1028.3802    26.6632 6.8846e-02      0.173  274.42213     0.0692    98.2858 1.0000e-12      12809         19 0.0000e+00
    379.388   16.57774 -106.97380    382.000    10.1291    10.1297    10.0842    34.6609    34.6680  1028.3866    26.6651 6.8456e-02      0.183  274.51971     0.0684    98.3048 1.0000e-12      12829         22 0.0000e+00
    380.380   16.57774 -106.97380    383.000    10.1106    10.1108    10.0656    34.6601    34.6674  1028.3938    26.6676 6.8934e-02      0.092  274.63054     0.0690    98.2902 1.0000e-12      12852         23 0.0000e+00
    381.372   16.57774 -106.97380    384.000    10.0921    10.0924    10.0470    34.6591    34.6665  1028.4008    26.6700 7.1401e-02      0.171  274.74147     0.0682    98.3087 1.0000e-12      12878         27 0.0000e+00
    382.364   16.57774 -106.97380    385.000    10.0848    10.0852    10.0397    34.6584    34.6659  1028.4061    26.6707 7.2792e-02      0.107  274.78576     0.0689    98.2921 1.0000e-12      12908         32 0.0000e+00
    383.357   16.57774 -106.97380    386.000    10.0792    10.0798    10.0339    34.6578    34.6651  1028.4111    26.6712 6.9464e-02      0.150  274.82041     0.0688    98.2936 1.0000e-12      12943         36 0.0000e+00
    384.349   16.57774 -106.97380    387.000    10.0727    10.0731    10.0273    34.6570    34.6645  1028.4162    26.6717 6.9954e-02      0.179  274.86020     0.0692    98.2859 1.0000e-12      12979         33 0.0000e+00
    385.341   16.57774 -106.97380    388.000    10.0659    10.0663    10.0204    34.6565    34.6640  1028.4214    26.6725 6.7842e-02      0.070  274.90158     0.0685    98.3024 1.0000e-12      13009         28 0.0000e+00
    386.333   16.57774 -106.97380    389.000    10.0595    10.0589    10.0139    34.6559    34.6633  1028.4266    26.6731 6.9862e-02      0.102  274.94053     0.0686    98.2997 1.0000e-12      13036         25 0.0000e+00
    387.325   16.57774 -106.97380    390.000    10.0419    10.0423     9.9962    34.6547    34.6621  1028.4333    26.6752 7.0969e-02      0.180  275.04704     0.0687    98.2969 1.0000e-12      13060         24 0.0000e+00
    388.318   16.57774 -106.97380    391.000    10.0260    10.0262     9.9803    34.6540    34.6613  1028.4401    26.6773 7.0873e-02      0.074  275.14239     0.0680    98.3140 1.0000e-12      13084         23 0.0000e+00
    389.310   16.57774 -106.97380    392.000    10.0133    10.0136     9.9675    34.6534    34.6608  1028.4464    26.6790 7.0617e-02      0.110  275.21881     0.0682    98.3075 1.0000e-12      13104         18 0.0000e+00
    390.302   16.57774 -106.97380    393.000    10.0080    10.0084     9.9621    34.6530    34.6604  1028.4515    26.6796 7.0029e-02      0.187  275.25098     0.0686    98.2994 1.0000e-12      13123         17 0.0000e+00
    391.294   16.57774 -106.97380    394.000    10.0007    10.0012     9.9548    34.6523    34.6595  1028.4567    26.6803 6.8918e-02      0.153  275.29530     0.0690    98.2883 1.0000e-12      13141         17 0.0000e+00
    392.287   16.57774 -106.97380    395.000     9.9872     9.9874     9.9411    34.6518    34.6590  1028.4632    26.6822 7.0742e-02      0.122  275.37684     0.0685    98.3014 1.0000e-12      13158         17 0.0000e+00
    393.278   16.57774 -106.97380    396.000     9.9768     9.9772     9.9306    34.6512    34.6585  1028.4691    26.6835 7.0411e-02      0.194  275.43976     0.0686    98.2987 1.0000e-12      13175         18 0.0000e+00
    394.271   16.57774 -106.97380    397.000     9.9654     9.9658     9.9192    34.6504    34.6577  1028.4750    26.6849 7.0646e-02      0.113  275.50860     0.0685    98.3008 1.0000e-12      13195         21 0.0000e+00
    395.263   16.57774 -106.97380    398.000     9.9475     9.9482     9.9012    34.6495    34.6569  1028.4820    26.6872 7.0035e-02      0.102  275.61652     0.0684    98.3038 1.0000e-12      13218         25 0.0000e+00
    396.255   16.57774 -106.97380    399.000     9.9330     9.9333     9.8866    34.6484    34.6558  1028.4882    26.6888 7.1361e-02      0.093  275.70518     0.0685    98.3024 1.0000e-12      13245         29 0.0000e+00
    397.247   16.57774 -106.97380    400.000     9.9089     9.9092     9.8625    34.6471    34.6545  1028.4960    26.6919 6.9862e-02      0.154  275.85048     0.0689    98.2915 1.0000e-12      13274         31 0.0000e+00
    398.239   16.57774 -106.97380    401.000     9.8859     9.8862     9.8394    34.6463    34.6537  1028.5039    26.6952 7.1544e-02      0.120  275.98948     0.0680    98.3124 1.0000e-12      13305         31 0.0000e+00
    399.232   16.57774 -106.97380    402.000     9.8702     9.8705     9.8237    34.6457    34.6530  1028.5107    26.6973 7.1048e-02      0.150  276.08401     0.0680    98.3132 1.0000e-12      13338         33 0.0000e+00
    400.224   16.57774 -106.97380    403.000     9.8614     9.8617     9.8148    34.6452    34.6526  1028.5163    26.6984 6.9727e-02      0.112  276.13743     0.0679    98.3151 1.0000e-12      13369         28 0.0000e+00
    401.216   16.57774 -106.97380    404.000     9.8463     9.8466     9.7996    34.6450    34.6524  1028.5234    26.7009 7.0794e-02      0.074  276.22752     0.0679    98.3154 1.0000e-12      13394         24 0.0000e+00
    402.208   16.57774 -106.97380    405.000     9.8331     9.8335     9.7863    34.6444    34.6518  1028.5298    26.7026 7.2584e-02      0.088  276.30792     0.0685    98.3021 1.0000e-12      13417         23 0.0000e+00
    403.200   16.57774 -106.97380    406.000     9.8269     9.8273     9.7800    34.6441    34.6515  1028.5351    26.7034 7.0280e-02      0.171  276.34514     0.0680    98.3134 1.0000e-12      13443         25 0.0000e+00
    404.192   16.57774 -106.97380    407.000     9.8243     9.8246     9.7773    34.6435    34.6510  1028.5396    26.7034 7.1812e-02      0.148  276.36189     0.0680    98.3142 1.0000e-12      13469         27 0.0000e+00
    405.184   16.57774 -106.97380    408.000     9.8133     9.8137     9.7662    34.6429    34.6502  1028.5455    26.7048 7.1761e-02      0.174  276.42891     0.0680    98.3144 1.0000e-12      13493         22 0.0000e+00
    406.177   16.57774 -106.97380    409.000     9.8030     9.8034     9.7558    34.6426    34.6498  1028.5516    26.7062 7.2161e-02      0.091  276.49116     0.0679    98.3158 1.0000e-12      13513         20 0.0000e+00
    407.169   16.57774 -106.97380    410.000     9.7997     9.7999     9.7524    34.6424    34.6497  1028.5565    26.7066 7.2240e-02      0.156  276.51124     0.0680    98.3133 1.0000e-12      13532         18 0.0000e+00
    408.161   16.57774 -106.97380    411.000     9.7961     9.7964     9.7487    34.6418    34.6492  1028.5612    26.7068 7.1558e-02      0.183  276.53355     0.0678    98.3177 1.0000e-12      13549         17 0.0000e+00
    409.153   16.57774 -106.97380    412.000     9.7853     9.7855     9.7378    34.6413    34.6488  1028.5672    26.7082 7.2027e-02      0.123  276.59958     0.0679    98.3162 1.0000e-12      13567         18 0.0000e+00
    410.145   16.57774 -106.97380    413.000     9.7714     9.7717     9.7238    34.6407    34.6481  1028.5737    26.7101 7.0569e-02      0.141  276.68388     0.0681    98.3108 1.0000e-12      13586         20 0.0000e+00
    411.137   16.57774 -106.97380    414.000     9.7552     9.7555     9.7076    34.6402    34.6475  1028.5806    26.7124 7.0399e-02      0.075  276.78172     0.0679    98.3163 1.0000e-12      13607         23 0.0000e+00
    412.129   16.57774 -106.97380    415.000     9.7415     9.7412     9.6938    34.6393    34.6466  1028.5868    26.7140 7.1966e-02      0.169  276.86570     0.0679    98.3162 1.0000e-12      13632         26 0.0000e+00
    413.121   16.57774 -106.97380    416.000     9.7149     9.7148     9.6672    34.6382    34.6456  1028.5952    26.7177 7.0871e-02      0.173  277.02661     0.0681    98.3114 1.0000e-12      13662         31 0.0000e+00
    414.113   16.57774 -106.97380    417.000     9.7088     9.7089     9.6610    34.6376    34.6450  1028.6003    26.7182 7.1136e-02      0.111  277.06463     0.0685    98.3022 1.0000e-12      13692         31 0.0000e+00
    415.105   16.57774 -106.97380    418.000     9.7044     9.7046     9.6565    34.6371    34.6444  1028.6051    26.7185 7.1373e-02      0.067  277.09215     0.0680    98.3132 1.0000e-12      13724         33 0.0000e+00
    416.098   16.57774 -106.97380    419.000     9.6984     9.6985     9.6503    34.6364    34.6439  1028.6102    26.7190 7.0775e-02      0.171  277.12960     0.0679    98.3149 1.0000e-12      13756         31 0.0000e+00
    417.090   16.57774 -106.97380    420.000     9.6878     9.6879     9.6397    34.6359    34.6434  1028.6161    26.7204 6.9735e-02      0.120  277.19424     0.0677    98.3200 1.0000e-12      13785         27 0.0000e+00
    418.082   16.57774 -106.97380    421.000     9.6812     9.6815     9.6329    34.6355    34.6429  1028.6215    26.7212 7.2234e-02      0.105  277.23475     0.0674    98.3295 1.0000e-12      13809         21 0.0000e+00
    419.074   16.57774 -106.97380    422.000     9.6681     9.6677     9.6198    34.6348    34.6422  1028.6277    26.7228 7.2564e-02      0.081  277.31428     0.0677    98.3207 1.0000e-12      13830         21 0.0000e+00
    420.066   16.57774 -106.97380    423.000     9.6587     9.6589     9.6103    34.6345    34.6418  1028.6336    26.7242 7.1183e-02      0.144  277.37191     0.0670    98.3388 1.0000e-12      13849         19 0.0000e+00
    421.058   16.57774 -106.97380    424.000     9.6535     9.6540     9.6050    34.6340    34.6414  1028.6386    26.7246 7.2655e-02      0.137  277.40406     0.0673    98.3318 1.0000e-12      13869         20 0.0000e+00
    422.050   16.57774 -106.97380    425.000     9.6299     9.6302     9.5813    34.6327    34.6399  1028.6462    26.7275 6.9970e-02      0.126  277.54870     0.0679    98.3171 1.0000e-12      13890         21 0.0000e+00
    423.042   16.57774 -106.97380    426.000     9.6095     9.6097     9.5609    34.6320    34.6394  1028.6537    26.7304 6.9744e-02      0.174  277.67277     0.0676    98.3232 1.0000e-12      13913         24 0.0000e+00
    424.034   16.57774 -106.97380    427.000     9.5865     9.5856     9.5379    34.6315    34.6387  1028.6619    26.7338 7.1716e-02      0.167  277.81191     0.0677    98.3223 1.0000e-12      13937         23 0.0000e+00
    425.026   16.57774 -106.97380    428.000     9.5856     9.5869     9.5369    34.6311    34.6384  1028.6662    26.7336 7.1261e-02      0.158  277.81830     0.0680    98.3144 1.0000e-12      13959         22 0.0000e+00
    426.018   16.57774 -106.97380    429.000     9.5915     9.5906     9.5427    34.6309    34.6385  1028.6695    26.7325 7.1245e-02      0.070  277.78296     0.0688    98.2951 1.0000e-12      13979         20 0.0000e+00
    427.010   16.57774 -106.97380    430.000     9.5893     9.5920     9.5403    34.6305    34.6381  1028.6741    26.7326 7.1504e-02      0.150  277.79757     0.0679    98.3174 1.0000e-12      14001         23 0.0000e+00
    428.002   16.57774 -106.97380    431.000     9.5746     9.5742     9.5256    34.6294    34.6364  1028.6803    26.7342 7.0642e-02      0.105  277.88789     0.0675    98.3256 1.0000e-12      14024         25 0.0000e+00
    428.994   16.57774 -106.97380    432.000     9.5356     9.5349     9.4865    34.6283    34.6356  1028.6907    26.7398 7.0854e-02      0.111  278.12567     0.0677    98.3206 1.0000e-12      14051         29 0.0000e+00
    429.986   16.57774 -106.97380    433.000     9.5082     9.5107     9.4591    34.6272    34.6344  1028.6991    26.7435 7.1413e-02      0.174  278.29349     0.0670    98.3389 1.0000e-12      14080         28 0.0000e+00
    430.978   16.57774 -106.97380    434.000     9.4902     9.4910     9.4411    34.6262    34.6335  1028.7060    26.7456 7.0802e-02      0.118  278.40418     0.0676    98.3225 1.0000e-12      14109         27 0.0000e+00
    431.970   16.57774 -106.97380    435.000     9.4778     9.4783     9.4287    34.6255    34.6329  1028.7121    26.7471 7.1515e-02      0.119  278.48035     0.0677    98.3222 1.0000e-12      14138         29 0.0000e+00
    432.962   16.57774 -106.97380    436.000     9.4700     9.4702     9.4207    34.6250    34.6324  1028.7176    26.7481 7.2223e-02      0.146  278.52881     0.0678    98.3197 1.0000e-12      14167         28 0.0000e+00
