data/ctd-cnv/SKQ1617/SKQ1617-St16-P2/skq201617s-037avg.cnv
* Sea-Bird SBE 9 Data File:
* FileName = D:\CTD\SKQ201617S\SKQ201617S-037.hex
* Software Version Seasave V 7.22.5
* Temperature SN = 5773
* Conductivity SN = 2251
* Number of Bytes Per Scan = 37
* Number of Voltage Words = 4
* Number of Scans Averaged by the Deck Unit = 1
* NMEA Latitude = 16 32.44 N
* NMEA Longitude = 107 03.93 W
* NMEA UTC (Time) = Jan 10 2017  23:08:46
* NMEA baud rate = 4800
** Ship: R/V Sikuliaq
** Station Number: 37
** Station Name: Station 16/P2
** Depth: 4120
** Operator: CF
# nquan = 20
# nvalues = 503                         
# units = specified
# name 0 = depSM: Depth [salt water, m]
# name 1 = latitude: Latitude [deg]
# name 2 = longitude: Longitude [deg]
# name 3 = prDM: Pressure, Digiquartz [db]
# name 4 = t090C: Temperature [ITS-90, deg C]
# name 5 = t190C: Temperature, 2 [ITS-90, deg C]
# name 6 = potemp090C: Potential Temperature [ITS-90, deg C]
# name 7 = sal00: Salinity, Practical [PSU]
# name 8 = sal11: Salinity, Practical, 2 [PSU]
# name 9 = density00: Density [density, kg/m^3]
# name 10 = sigma-t00: Density [sigma-t, kg/m^3 ]
# name 11 = flSP: Fluorescence, Seapoint
# name 12 = sbox0Mm/Kg: Oxygen, SBE 43 [umol/kg]
# name 13 = oxsolMm/Kg: Oxygen Saturation, Garcia & Gordon [umol/kg]
# name 14 = CStarAt0: Beam Attenuation, WET Labs C-Star [1/m]
# name 15 = CStarTr0: Beam Transmission, WET Labs C-Star [%]
# name 16 = par: PAR/Irradiance, Biospherical/Licor
# name 17 = scan: Scan Count
# name 18 = nbin: number of scans per bin
# name 19 = flag: flag
# span 0 =      1.988,    500.407       
# span 1 =   16.54058,   16.54060       
# span 2 = -107.06550, -107.06550       
# span 3 =      2.000,    504.000       
# span 4 =     8.2862,    28.8192       
# span 5 =     8.2855,    28.8192       
# span 6 =     8.2335,    28.8183       
# span 7 =    33.5699,    34.8127       
# span 8 =    33.5797,    34.8199       
# span 9 =  1021.0655,  1029.1879       
# span 10 =    21.0531,    26.9008      
# span 11 = 6.6302e-02, 2.4893e+00      
# span 12 =      0.057,    196.108      
# span 13 =  196.06017,  285.96521      
# span 14 =     0.0679,     0.2389      
# span 15 =    94.2019,    98.3165      
# span 16 = 1.0000e-12, 7.7460e+02      
# span 17 =         -0,      16542      
# span 18 =         16,        412      
# span 19 = 0.0000e+00, 0.0000e+00      
# interval = decibars: 1                
# start_time = Jan 10 2017 23:08:46 [NMEA time, header]
# bad_flag = -9.990e-29
*END*
[from data line 73]
     74.542   16.54060 -107.06550     75.000    18.1773    18.1776    18.1644    34.6419    34.6499  1025.2833    24.9540 3.6986e-01      6.952  233.74845     0.1482    96.3634 1.4351e+00       4564         39 0.0000e+00
     75.536   16.54060 -107.06550     76.000    18.1453    18.1436    18.1322    34.6468    34.6554  1025.2994    24.9657 3.7057e-01      6.234  233.88040     0.1465    96.4031 1.3299e+00       4608         48 0.0000e+00
     76.530   16.54060 -107.06550     77.000    17.7915    17.7938    17.7784    34.6722    34.6784  1025.4105    25.0720 3.6677e-01      5.091  235.39226     0.1437    96.4721 1.2351e+00       4661         52 0.0000e+00
     77.524   16.54060 -107.06550     78.000    17.5899    17.5932    17.5768    34.6686    34.6748  1025.4614    25.1184 3.2643e-01      3.306  236.28970     0.1405    96.5475 1.1493e+00       4710         48 0.0000e+00
     78.517   16.54060 -107.06550     79.000    17.4225    17.4252    17.4093    34.6640    34.6703  1025.5030    25.1553 3.0633e-01      3.541  237.04367     0.1380    96.6079 1.0618e+00       4761         54 0.0000e+00
     79.511   16.54060 -107.06550     80.000    17.3581    17.3590    17.3447    34.6785    34.6860  1025.5341    25.1819 2.9670e-01      3.321  237.30842     0.1378    96.6136 9.8065e-01       4814         47 0.0000e+00
     80.505   16.54060 -107.06550     81.000    17.3184    17.3168    17.3050    34.6846    34.6929  1025.5527    25.1961 2.8076e-01      2.837  237.47640     0.1358    96.6618 9.1859e-01       4856         40 0.0000e+00
     81.499   16.54060 -107.06550     82.000    17.2220    17.2163    17.2084    34.6955    34.7044  1025.5887    25.2276 2.1875e-01      2.558  237.89239     0.1361    96.6553 8.6368e-01       4896         36 0.0000e+00
     82.492   16.54060 -107.06550     83.000    17.1229    17.1218    17.1091    34.7084    34.7159  1025.6268    25.2612 1.9025e-01      2.087  238.31837     0.1303    96.7962 8.0955e-01       4930         33 0.0000e+00
     83.486   16.54060 -107.06550     84.000    17.1001    17.1012    17.0863    34.7104    34.7183  1025.6381    25.2682 2.3959e-01      1.533  238.41772     0.1316    96.7644 7.4941e-01       4967         44 0.0000e+00
     84.480   16.54058 -107.06550     85.000    17.1386    17.1584    17.1246    34.7036    34.7109  1025.6281    25.2538 2.8830e-01      1.131  238.25482     0.1332    96.7264 6.8430e-01       5063        128 0.0000e+00
     85.473   16.54060 -107.06550     86.000    16.9670    16.9624    16.9529    34.7125    34.7218  1025.6804    25.3014 2.0083e-01      1.381  239.01798     0.1330    96.7304 6.5582e-01       5135         28 0.0000e+00
     86.467   16.54060 -107.06550     87.000    16.7711    16.7679    16.7570    34.7312    34.7401  1025.7456    25.3621 1.4956e-01      1.326  239.88005     0.1294    96.8156 6.2103e-01       5158         21 0.0000e+00
     87.460   16.54060 -107.06550     88.000    16.6415    16.6382    16.6273    34.7400    34.7483  1025.7873    25.3991 1.3041e-01      1.219  240.46025     0.1266    96.8847 5.8552e-01       5179         22 0.0000e+00
     88.454   16.54060 -107.06550     89.000    16.4950    16.4932    16.4807    34.7521    34.7603  1025.8355    25.4427 1.1908e-01      1.180  241.11531     0.1263    96.8912 5.4930e-01       5203         27 0.0000e+00
     89.448   16.54060 -107.06550     90.000    16.6001    16.5980    16.5855    34.7469    34.7531  1025.8112    25.4142 1.8378e-01      1.037  240.64019     0.1289    96.8281 5.0909e-01       5276        113 0.0000e+00
     90.441   16.54060 -107.06550     91.000    16.3227    16.3430    16.3081    34.7484    34.7588  1025.8817    25.4799 1.6432e-01      0.955  241.92045     0.1288    96.8313 4.7272e-01       5358         45 0.0000e+00
     91.435   16.54060 -107.06550     92.000    16.1811    16.1805    16.1665    34.7466    34.7555  1025.9176    25.5112 2.1436e-01      0.979  242.58229     0.1316    96.7642 4.4101e-01       5395         34 0.0000e+00
     92.429   16.54059 -107.06550     93.000    16.1187    16.1178    16.1040    34.7455    34.7538  1025.9356    25.5246 2.4736e-01      0.905  242.87653     0.1331    96.7266 4.1424e-01       5425         28 0.0000e+00
     93.422   16.54058 -107.06550     94.000    16.0647    16.0645    16.0499    34.7429    34.7516  1025.9504    25.5350 2.8315e-01      0.913  243.13365     0.1351    96.6793 3.8947e-01       5454         32 0.0000e+00
     94.416   16.54060 -107.06550     95.000    16.1237    16.1400    16.1087    34.7408    34.7494  1025.9396    25.5198 3.1287e-01      0.809  242.86076     0.1366    96.6438 3.6551e-01       5536        121 0.0000e+00
     95.410   16.54060 -107.06550     96.000    16.0223    16.0372    16.0072    34.7355    34.7437  1025.9633    25.5390 3.1469e-01      0.800  243.34563     0.1366    96.6414 3.4424e-01       5612         32 0.0000e+00
     96.403   16.54060 -107.06550     97.000    15.9286    15.9280    15.9133    34.7419    34.7505  1025.9942    25.5653 3.1298e-01      0.802  243.77611     0.1390    96.5842 3.2155e-01       5639         29 0.0000e+00
     97.397   16.54060 -107.06550     98.000    15.9057    15.9053    15.8903    34.7419    34.7503  1026.0039    25.5706 3.2320e-01      0.803  243.88392     0.1385    96.5974 2.9962e-01       5668         27 0.0000e+00
     98.390   16.54060 -107.06550     99.000    15.8441    15.8436    15.8287    34.7516    34.7603  1026.0298    25.5921 3.2200e-01      0.804  244.15855     0.1374    96.6244 2.7873e-01       5700         39 0.0000e+00
     99.384   16.54060 -107.06550    100.000    15.8342    15.8390    15.8185    34.7523    34.7617  1026.0370    25.5948 3.8301e-01      0.771  244.20456     0.1368    96.6384 2.5909e-01       5754         77 0.0000e+00
    100.378   16.54060 -107.06550    101.000    15.7972    15.8188    15.7814    34.7473    34.7514  1026.0460    25.5993 3.6933e-01      0.619  244.38827     0.1362    96.6522 2.4041e-01       5833         56 0.0000e+00
    101.371   16.54060 -107.06550    102.000    15.4246    15.4194    15.4090    34.7196    34.7288  1026.1135    25.6618 4.8027e-01      0.718  246.21233     0.1433    96.4815 2.2373e-01       5872         28 0.0000e+00
    102.365   16.54060 -107.06550    103.000    15.3499    15.3495    15.3341    34.7253    34.7339  1026.1391    25.6828 5.3888e-01      0.843  246.56292     0.1497    96.3269 2.0743e-01       5906         46 0.0000e+00
    103.358   16.54060 -107.06550    104.000    15.3855    15.4137    15.3695    34.7251    34.7357  1026.1354    25.6748 6.5106e-01      0.676  246.39235     0.1499    96.3220 1.9255e-01       5974         77 0.0000e+00
    104.352   16.54060 -107.06550    105.000    14.8752    14.8738    14.8595    34.7480    34.7555  1026.2708    25.8050 5.3799e-01      0.717  248.83162     0.1501    96.3182 1.8075e-01       6029         38 0.0000e+00
    105.346   16.54060 -107.06550    106.000    14.7792    14.7783    14.7634    34.7500    34.7579  1026.2978    25.8274 5.4310e-01      0.891  249.29988     0.1514    96.2853 1.6762e-01       6062         30 0.0000e+00
    106.339   16.54060 -107.06550    107.000    14.7666    14.7682    14.7506    34.7470    34.7548  1026.3027    25.8278 5.6768e-01      0.831  249.36721     0.1513    96.2873 1.5436e-01       6095         40 0.0000e+00
    107.333   16.54060 -107.06550    108.000    14.7388    14.7375    14.7227    34.7490    34.7562  1026.3147    25.8354 6.3672e-01      0.650  249.50069     0.1517    96.2774 1.4182e-01       6150         71 0.0000e+00
    108.326   16.54060 -107.06550    109.000    14.6556    14.6582    14.6394    34.7485    34.7561  1026.3370    25.8530 5.7668e-01      0.657  249.91244     0.1530    96.2470 1.3208e-01       6213         46 0.0000e+00
    109.320   16.54060 -107.06550    110.000    14.6014    14.6013    14.5851    34.7502    34.7583  1026.3545    25.8660 5.6380e-01      0.539  250.17772     0.1527    96.2538 1.2249e-01       6252         36 0.0000e+00
    110.313   16.54060 -107.06550    111.000    14.5225    14.5220    14.5062    34.7540    34.7622  1026.3790    25.8860 5.5819e-01      0.616  250.56232     0.1521    96.2681 1.1293e-01       6288         35 0.0000e+00
    111.307   16.54059 -107.06550    112.000    14.4349    14.4348    14.4185    34.7606    34.7686  1026.4075    25.9098 5.9474e-01      0.593  250.98700     0.1523    96.2647 1.0310e-01       6326         45 0.0000e+00
    112.300   16.54059 -107.06550    113.000    14.5219    14.5256    14.5052    34.7532    34.7601  1026.3874    25.8855 7.3806e-01      0.530  250.56711     0.1527    96.2535 9.3364e-02       6413        112 0.0000e+00
    113.294   16.54060 -107.06550    114.000    14.3803    14.3759    14.3636    34.7581    34.7671  1026.4262    25.9196 5.6611e-01      0.554  251.26378     0.1527    96.2543 8.7925e-02       6484         33 0.0000e+00
    114.288   16.54060 -107.06550    115.000    14.2215    14.2204    14.2048    34.7703    34.7787  1026.4742    25.9628 5.6552e-01      0.549  252.03788     0.1535    96.2339 8.2024e-02       6512         29 0.0000e+00
    115.281   16.54060 -107.06550    116.000    14.1022    14.0999    14.0855    34.7767    34.7849  1026.5090    25.9929 5.7615e-01      0.580  252.62762     0.1538    96.2275 7.6591e-02       6539         27 0.0000e+00
    116.275   16.54060 -107.06550    117.000    13.9727    13.9709    13.9558    34.7845    34.7924  1026.5470    26.0263 5.7691e-01      0.548  253.26925     0.1539    96.2255 7.1417e-02       6566         28 0.0000e+00
    117.268   16.54060 -107.06550    118.000    13.9059    13.9056    13.8890    34.7853    34.7932  1026.5662    26.0409 5.7816e-01      0.578  253.60672     0.1544    96.2132 6.6014e-02       6596         34 0.0000e+00
    118.262   16.54060 -107.06550    119.000    13.7995    13.8011    13.7825    34.7856    34.7964  1026.5933    26.0633 5.7158e-01      0.568  254.14858     0.1534    96.2375 6.0928e-02       6636         49 0.0000e+00
    119.255   16.54060 -107.06550    120.000    13.7344    13.7350    13.7174    34.7862    34.7911  1026.6118    26.0773 5.7979e-01      0.549  254.47980     0.1534    96.2374 5.5776e-02       6693         53 0.0000e+00
    120.248   16.54060 -107.06550    121.000    13.6726    13.6723    13.6555    34.7861    34.7940  1026.6291    26.0901 4.9963e-01      0.559  254.79674     0.1528    96.2512 5.1932e-02       6734         29 0.0000e+00
    121.242   16.54060 -107.06550    122.000    13.6460    13.6459    13.6288    34.7860    34.7939  1026.6390    26.0955 4.5132e-01      0.559  254.93313     0.1516    96.2800 4.8552e-02       6757         21 0.0000e+00
    122.235   16.54060 -107.06550    123.000    13.6154    13.6151    13.5980    34.7873    34.7950  1026.6509    26.1028 4.2236e-01      0.507  255.08828     0.1505    96.3076 4.5283e-02       6776         17 0.0000e+00
    123.229   16.54060 -107.06550    124.000    13.6082    13.6083    13.5907    34.7872    34.7950  1026.6568    26.1043 4.2181e-01      0.487  255.12535     0.1497    96.3276 4.2772e-02       6794         19 0.0000e+00
    124.222   16.54060 -107.06550    125.000    13.5980    13.5974    13.5803    34.7861    34.7938  1026.6625    26.1055 4.3195e-01      0.509  255.17994     0.1494    96.3343 3.9978e-02       6814         19 0.0000e+00
    125.216   16.54060 -107.06550    126.000    13.5496    13.5490    13.5318    34.7868    34.7947  1026.6775    26.1160 4.3148e-01      0.448  255.42802     0.1488    96.3476 3.7612e-02       6837         29 0.0000e+00
    126.209   16.54060 -107.06550    127.000    13.5161    13.5163    13.4983    34.7874    34.7951  1026.6894    26.1233 4.2715e-01      0.506  255.59927     0.1484    96.3568 3.5268e-02       6868         33 0.0000e+00
    127.203   16.54060 -107.06550    128.000    13.5024    13.5024    13.4844    34.7866    34.7944  1026.6961    26.1255 4.1383e-01      0.490  255.67146     0.1490    96.3435 3.3261e-02       6900         27 0.0000e+00
    128.196   16.54060 -107.06550    129.000    13.4800    13.4799    13.4619    34.7866    34.7943  1026.7052    26.1302 3.9310e-01      0.423  255.78747     0.1492    96.3379 3.1287e-02       6926         24 0.0000e+00
    129.190   16.54060 -107.06550    130.000    13.3848    13.3829    13.3667    34.7846    34.7923  1026.7278    26.1481 3.4699e-01      0.396  256.28379     0.1490    96.3430 2.9662e-02       6948         20 0.0000e+00
    130.183   16.54060 -107.06550    131.000    13.2851    13.2842    13.2669    34.7928    34.8005  1026.7591    26.1748 2.9490e-01      0.456  256.78664     0.1487    96.3505 2.8164e-02       6968         19 0.0000e+00
    131.177   16.54060 -107.06550    132.000    13.2469    13.2461    13.2286    34.7978    34.8055  1026.7753    26.1864 2.6766e-01      0.555  256.97678     0.1470    96.3915 2.6332e-02       6988         21 0.0000e+00
    132.170   16.54060 -107.06550    133.000    13.1701    13.1685    13.1517    34.7978    34.8057  1026.7955    26.2020 2.4020e-01      0.572  257.37801     0.1453    96.4331 2.5063e-02       7011         25 0.0000e+00
    133.163   16.54060 -107.06550    134.000    13.1065    13.1068    13.0880    34.7968    34.8048  1026.8122    26.2140 2.2024e-01      0.532  257.71262     0.1462    96.4121 2.3389e-02       7040         33 0.0000e+00
    134.157   16.54060 -107.06550    135.000    13.0721    13.0720    13.0535    34.7955    34.8030  1026.8227    26.2200 2.1179e-01      0.534  257.89523     0.1445    96.4526 2.2331e-02       7075         35 0.0000e+00
    135.150   16.54060 -107.06550    136.000    13.0357    13.0349    13.0170    34.7977    34.8054  1026.8362    26.2290 1.8476e-01      0.470  258.08245     0.1423    96.5045 2.1323e-02       7105         26 0.0000e+00
    136.144   16.54060 -107.06550    137.000    13.0253    13.0252    13.0065    34.7982    34.8058  1026.8432    26.2315 1.7784e-01      0.385  258.13605     0.1422    96.5077 2.0165e-02       7128         22 0.0000e+00
    137.137   16.54060 -107.06550    138.000    13.0201    13.0200    13.0012    34.7985    34.8062  1026.8489    26.2327 1.7180e-01      0.403  258.16267     0.1423    96.5046 1.9761e-02       7149         19 0.0000e+00
    138.131   16.54060 -107.06550    139.000    13.0154    13.0153    12.9963    34.7986    34.8063  1026.8544    26.2338 1.6826e-01      0.410  258.18754     0.1426    96.4985 1.8626e-02       7168         18 0.0000e+00
    139.124   16.54060 -107.06550    140.000    13.0126    13.0125    12.9935    34.7986    34.8064  1026.8595    26.2343 1.6307e-01      0.433  258.20183     0.1415    96.5254 1.7739e-02       7186         18 0.0000e+00
    140.117   16.54060 -107.06550    141.000    13.0081    13.0080    12.9887    34.7988    34.8065  1026.8650    26.2354 1.6921e-01      0.413  258.22568     0.1409    96.5379 1.7093e-02       7205         20 0.0000e+00
    141.111   16.54060 -107.06550    142.000    12.9989    12.9992    12.9794    34.7986    34.8063  1026.8712    26.2371 1.6982e-01      0.409  258.27428     0.1412    96.5310 1.6334e-02       7227         25 0.0000e+00
    142.104   16.54060 -107.06550    143.000    12.9801    12.9797    12.9605    34.7988    34.8066  1026.8796    26.2410 1.6671e-01      0.425  258.37278     0.1415    96.5247 1.5548e-02       7257         36 0.0000e+00
    143.098   16.54060 -107.06550    144.000    12.9677    12.9677    12.9480    34.7984    34.8062  1026.8862    26.2432 1.6092e-01      0.425  258.43885     0.1415    96.5236 1.5361e-02       7293         33 0.0000e+00
    144.091   16.54060 -107.06550    145.000    12.9418    12.9420    12.9220    34.7987    34.8064  1026.8962    26.2486 1.5071e-01      0.425  258.57467     0.1420    96.5119 1.4371e-02       7322         26 0.0000e+00
