data/ctd-cnv/SKQ1617/SKQ1617-St16-P2/skq201617s-042avg.cnv
* Sea-Bird SBE 9 Data File:
* FileName = D:\CTD\SKQ201617S\SKQ201617S-042.hex
* Software Version Seasave V 7.22.5
* Temperature SN = 5773
* Conductivity SN = 2251
* Number of Bytes Per Scan = 37
* Number of Voltage Words = 4
* Number of Scans Averaged by the Deck Unit = 1
* NMEA Latitude = 16 34.03 N
* NMEA Longitude = 106 58.23 W
* NMEA UTC (Time) = Jan 12 2017  19:11:20
* NMEA baud rate = 4800
** Ship: R/V Sikuliaq
** Station Number: 42
** Station Name: Station 16/P2
** Depth: 3130 m
** Operator: Jacob/Rachel
# nquan = 20
# nvalues = 504                         
# units = specified
# name 0 = depSM: Depth [salt water, m]
# name 1 = latitude: Latitude [deg]
# name 2 = longitude: Longitude [deg]
# name 3 = prDM: Pressure, Digiquartz [db]
# name 4 = t090C: Temperature [ITS-90, deg C]
# name 5 = t190C: Temperature, 2 [ITS-90, deg C]
# name 6 = potemp090C: Potential Temperature [ITS-90, deg C]
# name 7 = sal00: Salinity, Practical [PSU]
# name 8 = sal11: Salinity, Practical, 2 [PSU]
# name 9 = density00: Density [density, kg/m^3]
# name 10 = sigma-t00: Density [sigma-t, kg/m^3 ]
# name 11 = flSP: Fluorescence, Seapoint
# name 12 = sbox0Mm/Kg: Oxygen, SBE 43 [umol/kg]
# name 13 = oxsolMm/Kg: Oxygen Saturation, Garcia & Gordon [umol/kg]
# name 14 = CStarAt0: Beam Attenuation, WET Labs C-Star [1/m]
# name 15 = CStarTr0: Beam Transmission, WET Labs C-Star [%]
# name 16 = par: PAR/Irradiance, Biospherical/Licor
# name 17 = scan: Scan Count
# name 18 = nbin: number of scans per bin
# name 19 = flag: flag
# span 0 =      1.988,    501.398       
# span 1 =   16.56722,   16.56724       
# span 2 = -106.97042, -106.97042       
# span 3 =      2.000,    505.000       
# span 4 =     8.3424,    28.8532       
# span 5 =     8.3476,    28.8531       
# span 6 =     8.2893,    28.8453       
# span 7 =    33.5415,    34.8133       
# span 8 =    33.5542,    34.8202       
# span 9 =  1021.0524,  1029.1825       
# span 10 =    21.0403,    26.8914      
# span 11 = 6.4989e-02, 1.7498e+00      
# span 12 =      0.017,    191.592      
# span 13 =  195.90309,  285.61047      
# span 14 =     0.0653,     0.2482      
# span 15 =    93.9847,    98.3808      
# span 16 = -6.257e-08, 3.8240e+03      
# span 17 =       -387,      20627      
# span 18 =         15,       1257      
# span 19 = 0.0000e+00, 0.0000e+00      
# interval = decibars: 1                
# start_time = Jan 12 2017 19:11:20 [NMEA time, header]
# bad_flag = -9.990e-29
*END*
[from data line 73]
     74.542   16.56724 -106.97042     75.000    18.2875    18.2834    18.2746    34.6242    34.6320  1025.2423    24.9131 4.0068e-01     10.346  233.29820     0.1456    96.4261 6.8502e+00       5000         50 0.0000e+00
     75.536   16.56724 -106.97042     76.000    18.1060    18.1039    18.0929    34.6388    34.6463  1025.3030    24.9693 4.0993e-01      6.946  234.06447     0.1446    96.4499 6.3000e+00       5054         61 0.0000e+00
     76.530   16.56724 -106.97042     77.000    18.0561    18.0575    18.0430    34.6405    34.6483  1025.3211    24.9829 4.1644e-01      5.340  234.27927     0.1441    96.4620 5.6870e+00       5128         71 0.0000e+00
     77.524   16.56724 -106.97042     78.000    17.9140    17.9127    17.9007    34.6479    34.6554  1025.3662    25.0235 3.3554e-01      5.262  234.89074     0.1443    96.4564 5.2717e+00       5181         40 0.0000e+00
     78.517   16.56724 -106.97042     79.000    17.7276    17.7266    17.7143    34.6663    34.6750  1025.4305    25.0831 3.1185e-01      4.959  235.68324     0.1419    96.5142 4.9270e+00       5214         30 0.0000e+00
     79.511   16.56724 -106.97042     80.000    17.5907    17.5901    17.5773    34.6740    34.6819  1025.4742    25.1223 2.9938e-01      4.416  236.27739     0.1390    96.5857 4.6079e+00       5244         29 0.0000e+00
     80.505   16.56724 -106.97042     81.000    17.5463    17.5461    17.5327    34.6764    34.6840  1025.4912    25.1349 3.0264e-01      3.162  236.47105     0.1446    96.4490 4.3108e+00       5278         41 0.0000e+00
     81.498   16.56724 -106.97042     82.000    17.5273    17.5300    17.5136    34.6829    34.6885  1025.5052    25.1445 3.8832e-01      2.559  236.54519     0.1334    96.7209 4.0789e+00       5344         88 0.0000e+00
     82.492   16.56724 -106.97042     83.000    17.3978    17.3864    17.3839    34.6841    34.6914  1025.5419    25.1766 2.4622e-01      2.439  237.12195     0.1321    96.7511 3.8406e+00       5414         45 0.0000e+00
     83.486   16.56724 -106.97042     84.000    16.9842    16.9735    16.9704    34.7194    34.7305  1025.6727    25.3025 1.4897e-01      2.252  238.93075     0.1287    96.8338 3.5650e+00       5454         44 0.0000e+00
     84.479   16.56724 -106.97042     85.000    16.7706    16.7667    16.7568    34.7380    34.7458  1025.7422    25.3674 1.4782e-01      1.498  239.87150     0.1261    96.8958 3.3018e+00       5501         53 0.0000e+00
     85.473   16.56724 -106.97042     86.000    16.6564    16.6525    16.6425    34.7409    34.7485  1025.7757    25.3964 1.5931e-01      1.220  240.39008     0.1252    96.9180 3.1096e+00       5555         48 0.0000e+00
     86.467   16.56724 -106.97042     87.000    16.5136    16.5114    16.4996    34.7460    34.7540  1025.8176    25.4337 1.5802e-01      1.195  241.03923     0.1265    96.8863 2.9329e+00       5596         36 0.0000e+00
     87.460   16.56724 -106.97042     88.000    16.2853    16.2777    16.2713    34.7563    34.7662  1025.8831    25.4945 1.8045e-01      1.143  242.08102     0.1290    96.8257 2.7435e+00       5634         40 0.0000e+00
     88.454   16.56724 -106.97042     89.000    16.0945    16.0875    16.0804    34.7586    34.7659  1025.9335    25.5403 2.5127e-01      1.182  242.96857     0.1293    96.8190 2.5704e+00       5679         50 0.0000e+00
     89.448   16.56724 -106.97042     90.000    15.9403    15.9349    15.9261    34.7570    34.7675  1025.9722    25.5743 3.4607e-01      1.103  243.69578     0.1349    96.6850 2.3918e+00       5736         65 0.0000e+00
     90.441   16.56724 -106.97042     91.000    15.8630    15.8599    15.8487    34.7478    34.7551  1025.9872    25.5848 3.5882e-01      1.031  244.07594     0.1365    96.6446 2.2526e+00       5799         53 0.0000e+00
     91.435   16.56724 -106.97042     92.000    15.7862    15.7817    15.7718    34.7442    34.7527  1026.0064    25.5994 3.4751e-01      0.887  244.44601     0.1371    96.6297 2.1411e+00       5839         36 0.0000e+00
     92.429   16.56724 -106.97042     93.000    15.5307    15.5261    15.5164    34.7377    34.7458  1026.0637    25.6520 4.5775e-01      0.937  245.67412     0.1408    96.5424 2.0351e+00       5877         43 0.0000e+00
     93.422   16.56724 -106.97042     94.000    15.4768    15.4617    15.4623    34.7369    34.7458  1026.0797    25.6635 5.7565e-01      0.961  245.93339     0.1261    96.8993 1.9446e+00       5937         71 0.0000e+00
     94.416   16.56724 -106.97042     95.000    15.4589    15.4596    15.4443    34.7329    34.7395  1026.0851    25.6644 4.6070e-01      0.859  246.02598     0.0873    97.8406 1.8751e+00       5997         41 0.0000e+00
     95.409   16.56724 -106.97042     96.000    15.4509    15.4519    15.4362    34.7389    34.7457  1026.0959    25.6708 4.3529e-01      0.816  246.05394     0.0887    97.8081 1.7692e+00       6030         32 0.0000e+00
     96.403   16.56724 -106.97042     97.000    15.3308    15.3277    15.3160    34.7469    34.7545  1026.1335    25.7037 4.5278e-01      0.758  246.61844     0.0882    97.8188 1.6364e+00       6063         36 0.0000e+00
     97.397   16.56724 -106.97042     98.000    15.0166    15.0105    15.0018    34.7553    34.7650  1026.2142    25.7796 5.6435e-01      0.851  248.12803     0.0910    97.7510 1.5014e+00       6107         52 0.0000e+00
     98.390   16.56724 -106.97042     99.000    14.8880    14.8300    14.8731    34.7766    34.7766  1026.2634    25.8242 6.7825e-01      0.841  248.72012     0.0946    97.6624 1.3744e+00       6175         80 0.0000e+00
     99.384   16.56724 -106.97042    100.000    14.7150    14.7141    14.7001    34.7516    34.7582  1026.2865    25.8426 5.9685e-01      0.823  249.61357     0.0953    97.6462 1.2764e+00       6236         43 0.0000e+00
    100.378   16.56724 -106.97042    101.000    14.6611    14.6600    14.6461    34.7527    34.7597  1026.3035    25.8550 6.0627e-01      0.825  249.87817     0.0963    97.6227 1.1878e+00       6278         45 0.0000e+00
    101.371   16.56724 -106.97042    102.000    14.6269    14.6261    14.6118    34.7532    34.7612  1026.3158    25.8628 6.0542e-01      0.819  250.04611     0.0962    97.6241 1.1015e+00       6328         48 0.0000e+00
    102.365   16.56724 -106.97042    103.000    14.5857    14.5854    14.5705    34.7540    34.7613  1026.3298    25.8724 5.7887e-01      0.743  250.24882     0.0956    97.6379 1.0143e+00       6368         34 0.0000e+00
    103.358   16.56724 -106.97042    104.000    14.5348    14.5345    14.5195    34.7567    34.7638  1026.3474    25.8854 5.7580e-01      0.671  250.49656     0.0956    97.6392 9.3245e-01       6399         29 0.0000e+00
    104.352   16.56724 -106.97042    105.000    14.4675    14.4676    14.4520    34.7595    34.7668  1026.3685    25.9020 5.8868e-01      0.696  250.82653     0.0955    97.6405 8.5374e-01       6431         35 0.0000e+00
    105.345   16.56724 -106.97042    106.000    14.4270    14.4268    14.4115    34.7612    34.7684  1026.3831    25.9120 5.8588e-01      0.678  251.02518     0.0958    97.6338 7.8001e-01       6465         33 0.0000e+00
    106.339   16.56724 -106.97042    107.000    14.4076    14.4071    14.3919    34.7614    34.7687  1026.3918    25.9163 5.7986e-01      0.689  251.12178     0.0956    97.6381 7.1632e-01       6496         30 0.0000e+00
    107.333   16.56724 -106.97042    108.000    14.3325    14.3281    14.3167    34.7642    34.7734  1026.4145    25.9344 5.8262e-01      0.672  251.49246     0.0957    97.6355 6.6028e-01       6528         31 0.0000e+00
    108.326   16.56724 -106.97042    109.000    14.1964    14.1958    14.1806    34.7773    34.7847  1026.4583    25.9735 5.9056e-01      0.695  252.15199     0.0966    97.6144 6.0915e-01       6561         34 0.0000e+00
    109.320   16.56724 -106.97042    110.000    14.1703    14.1702    14.1544    34.7771    34.7842  1026.4681    25.9789 5.7110e-01      0.701  252.28351     0.0964    97.6202 5.6542e-01       6592         29 0.0000e+00
    110.313   16.56724 -106.97042    111.000    14.1031    14.1017    14.0871    34.7784    34.7856  1026.4879    25.9941 5.6581e-01      0.695  252.62001     0.0957    97.6362 5.2423e-01       6618         23 0.0000e+00
    111.307   16.56724 -106.97042    112.000    14.0151    14.0147    13.9989    34.7850    34.7921  1026.5162    26.0178 5.6286e-01      0.700  253.05340     0.0977    97.5854 4.8649e-01       6642         23 0.0000e+00
    112.300   16.56724 -106.97042    113.000    13.9889    13.9888    13.9726    34.7856    34.7926  1026.5266    26.0237 5.5981e-01      0.664  253.18510     0.0965    97.6180 4.5050e-01       6664         22 0.0000e+00
    113.294   16.56724 -106.97042    114.000    13.9669    13.9666    13.9506    34.7853    34.7923  1026.5355    26.0281 5.5977e-01      0.677  253.29679     0.0969    97.6077 4.1676e-01       6686         22 0.0000e+00
    114.287   16.56724 -106.97042    115.000    13.9317    13.9317    13.9152    34.7852    34.7921  1026.5473    26.0354 5.5403e-01      0.639  253.47602     0.0977    97.5859 3.8636e-01       6709         23 0.0000e+00
    115.281   16.56724 -106.97042    116.000    13.9016    13.9012    13.8849    34.7850    34.7919  1026.5580    26.0416 5.4869e-01      0.689  253.62946     0.0973    97.5968 3.5833e-01       6732         24 0.0000e+00
    116.274   16.56724 -106.97042    117.000    13.8741    13.8739    13.8574    34.7847    34.7918  1026.5680    26.0471 5.4503e-01      0.636  253.76954     0.0970    97.6035 3.3239e-01       6757         26 0.0000e+00
    117.268   16.56724 -106.97042    118.000    13.8552    13.8551    13.8384    34.7840    34.7912  1026.5759    26.0505 5.4683e-01      0.578  253.86685     0.0959    97.6303 3.0772e-01       6783         27 0.0000e+00
    118.261   16.56724 -106.97042    119.000    13.8206    13.8204    13.8036    34.7838    34.7908  1026.5874    26.0575 5.3469e-01      0.560  254.04393     0.0954    97.6437 2.8384e-01       6812         29 0.0000e+00
    119.255   16.56724 -106.97042    120.000    13.7637    13.7632    13.7467    34.7848    34.7920  1026.6046    26.0702 5.0869e-01      0.592  254.33248     0.0963    97.6217 2.6225e-01       6840         26 0.0000e+00
    120.248   16.56724 -106.97042    121.000    13.7318    13.7317    13.7146    34.7859    34.7929  1026.6166    26.0776 4.8492e-01      0.564  254.49370     0.0947    97.6595 2.4304e-01       6864         23 0.0000e+00
    121.242   16.56724 -106.97042    122.000    13.7142    13.7135    13.6968    34.7856    34.7927  1026.6245    26.0811 4.7034e-01      0.555  254.58449     0.0948    97.6573 2.2527e-01       6885         20 0.0000e+00
    122.235   16.56724 -106.97042    123.000    13.7028    13.7027    13.6853    34.7854    34.7925  1026.6312    26.0833 4.7173e-01      0.585  254.64311     0.0972    97.5986 2.0895e-01       6907         23 0.0000e+00
    123.229   16.56724 -106.97042    124.000    13.6933    13.6937    13.6757    34.7846    34.7917  1026.6370    26.0846 4.7954e-01      0.559  254.69316     0.0934    97.6915 1.9347e-01       6931         25 0.0000e+00
    124.222   16.56724 -106.97042    125.000    13.6755    13.6747    13.6578    34.7840    34.7914  1026.6447    26.0879 4.8503e-01      0.547  254.78542     0.0954    97.6428 1.7935e-01       6958         31 0.0000e+00
    125.216   16.56724 -106.97042    126.000    13.6553    13.6545    13.6374    34.7836    34.7911  1026.6531    26.0917 4.7450e-01      0.571  254.88995     0.0943    97.6698 1.6653e-01       6988         28 0.0000e+00
    126.209   16.56724 -106.97042    127.000    13.6331    13.6323    13.6151    34.7833    34.7907  1026.6619    26.0961 4.5536e-01      0.561  255.00430     0.0945    97.6651 1.5513e-01       7016         26 0.0000e+00
    127.203   16.56724 -106.97042    128.000    13.5884    13.5893    13.5704    34.7833    34.7906  1026.6757    26.1053 4.2865e-01      0.545  255.23415     0.0941    97.6740 1.4488e-01       7040         22 0.0000e+00
    128.196   16.56724 -106.97042    129.000    13.5451    13.5454    13.5269    34.7852    34.7922  1026.6906    26.1157 4.1089e-01      0.556  255.45385     0.0929    97.7040 1.3501e-01       7063         22 0.0000e+00
    129.190   16.56724 -106.97042    130.000    13.4495    13.4481    13.4313    34.7850    34.7924  1026.7147    26.1351 3.6627e-01      0.566  255.94791     0.0928    97.7073 1.2548e-01       7084         21 0.0000e+00
    130.183   16.56724 -106.97042    131.000    13.3845    13.3841    13.3662    34.7904    34.7975  1026.7369    26.1527 3.3312e-01      0.573  256.27492     0.0931    97.6989 1.1632e-01       7106         22 0.0000e+00
    131.177   16.56724 -106.97042    132.000    13.3563    13.3559    13.3379    34.7911    34.7984  1026.7477    26.1590 3.2169e-01      0.566  256.41966     0.0926    97.7127 1.0724e-01       7128         22 0.0000e+00
    132.170   16.56724 -106.97042    133.000    13.3211    13.3207    13.3026    34.7920    34.7993  1026.7600    26.1668 3.0129e-01      0.553  256.60095     0.0918    97.7311 9.9254e-02       7151         23 0.0000e+00
    133.163   16.56724 -106.97042    134.000    13.3020    13.3018    13.2834    34.7929    34.8001  1026.7691    26.1714 2.8965e-01      0.582  256.69858     0.0908    97.7551 9.1905e-02       7174         25 0.0000e+00
    134.157   16.56724 -106.97042    135.000    13.2686    13.2685    13.2499    34.7941    34.8013  1026.7814    26.1791 2.7671e-01      0.548  256.87038     0.0896    97.7846 8.5468e-02       7199         27 0.0000e+00
    135.150   16.56724 -106.97042    136.000    13.2338    13.2336    13.2149    34.7957    34.8031  1026.7942    26.1874 2.6212e-01      0.559  257.04889     0.0880    97.8234 7.9022e-02       7228         32 0.0000e+00
    136.144   16.56724 -106.97042    137.000    13.1401    13.1394    13.1212    34.7976    34.8049  1026.8193    26.2079 2.1462e-01      0.513  257.53532     0.0874    97.8380 7.3720e-02       7262         32 0.0000e+00
    137.137   16.56724 -106.97042    138.000    13.0591    13.0591    13.0401    34.7997    34.8070  1026.8420    26.2259 1.8055e-01      0.589  257.95578     0.0858    97.8785 6.9487e-02       7293         27 0.0000e+00
    138.131   16.56724 -106.97042    139.000    13.0342    13.0343    13.0152    34.7998    34.8066  1026.8515    26.2309 1.6876e-01      0.571  258.08613     0.0848    97.9030 6.5291e-02       7317         22 0.0000e+00
    139.124   16.56724 -106.97042    140.000    13.0194    13.0192    13.0002    34.7991    34.8060  1026.8585    26.2334 1.6285e-01      0.563  258.16544     0.0841    97.9191 6.1754e-02       7338         19 0.0000e+00
    140.117   16.56724 -106.97042    141.000    13.0031    13.0034    12.9838    34.7990    34.8061  1026.8662    26.2365 1.5759e-01      0.549  258.25144     0.0842    97.9159 5.8100e-02       7357         20 0.0000e+00
    141.111   16.56724 -106.97042    142.000    12.9841    12.9841    12.9647    34.7985    34.8057  1026.8741    26.2400 1.5228e-01      0.541  258.35226     0.0844    97.9121 5.5057e-02       7376         20 0.0000e+00
    142.104   16.56724 -106.97042    143.000    12.9565    12.9566    12.9369    34.7977    34.8047  1026.8835    26.2449 1.4630e-01      0.532  258.49930     0.0843    97.9144 5.1670e-02       7398         23 0.0000e+00
    143.097   16.56724 -106.97042    144.000    12.9099    12.9102    12.8902    34.7988    34.8057  1026.8983    26.2550 1.3580e-01      0.525  258.74329     0.0844    97.9122 4.8723e-02       7423         26 0.0000e+00
    144.091   16.56724 -106.97042    145.000    12.8538    12.8539    12.8341    34.8038    34.8109  1026.9179    26.2701 1.1235e-01      0.485  259.03028     0.0832    97.9419 4.5683e-02       7449         26 0.0000e+00
