data/ctd-cnv/SKQ1617/SKQ1617-St16-P2/skq201617s-032avg.cnv
* Sea-Bird SBE 9 Data File:
* FileName = D:\CTD\SKQ201617S\SKQ201617S-032.hex
* Software Version Seasave V 7.22.5
* Temperature SN = 5773
* Conductivity SN = 2251
* Number of Bytes Per Scan = 37
* Number of Voltage Words = 4
* Number of Scans Averaged by the Deck Unit = 1
* NMEA Latitude = 16 30.77 N
* NMEA Longitude = 107 08.32 W
* NMEA UTC (Time) = Jan 08 2017  20:51:22
* NMEA baud rate = 4800
** Ship: R/V Sikuliaq
** Station Number: 32
** Station Name: Station 16/P2
** Depth: 3670
** Operator:
** no pH
# nquan = 23
# nvalues = 1007                        
# units = specified
# name 0 = depSM: Depth [salt water, m]
# name 1 = latitude: Latitude [deg]
# name 2 = longitude: Longitude [deg]
# name 3 = prDM: Pressure, Digiquartz [db]
# name 4 = t090C: Temperature [ITS-90, deg C]
# name 5 = t190C: Temperature, 2 [ITS-90, deg C]
# name 6 = potemp090C: Potential Temperature [ITS-90, deg C]
# name 7 = sal00: Salinity, Practical [PSU]
# name 8 = sal11: Salinity, Practical, 2 [PSU]
# name 9 = density00: Density [density, kg/m^3]
# name 10 = sigma-t00: Density [sigma-t, kg/m^3 ]
# name 11 = flSP: Fluorescence, Seapoint
# name 12 = sbox0Mm/Kg: Oxygen, SBE 43 [umol/kg]
# name 13 = oxsolMm/Kg: Oxygen Saturation, Garcia & Gordon [umol/kg]
# name 14 = CStarAt0: Beam Attenuation, WET Labs C-Star [1/m]
# name 15 = CStarTr0: Beam Transmission, WET Labs C-Star [%]
# name 16 = v2: Voltage 2
# name 17 = v3: Voltage 3
# name 18 = ph: pH
# name 19 = par: PAR/Irradiance, Biospherical/Licor
# name 20 = scan: Scan Count
# name 21 = nbin: number of scans per bin
# name 22 = flag: flag
# span 0 =      2.982,   1000.598       
# span 1 =   16.51282,   16.51282       
# span 2 = -107.13868, -107.13866       
# span 3 =      3.000,   1009.000       
# span 4 =     4.5301,    28.7481       
# span 5 =     4.5304,    28.7434       
# span 6 =     4.4496,    28.7474       
# span 7 =    33.5574,    34.8104       
# span 8 =    33.5676,    34.8185       
# span 9 =  1021.0932,  1032.0021       
# span 10 =    21.0803,    27.3649      
# span 11 = 6.4977e-02, 1.9525e+00      
# span 12 =     -0.066,    197.649      
# span 13 =  196.27627,  311.89657      
# span 14 =     0.0564,     0.2393      
# span 15 =    94.1971,    98.5995      
# span 16 =     0.0290,     0.0352      
# span 17 =     0.0304,     0.0446      
# span 18 =     -3.053,     -2.247      
# span 19 = -2.501e-07, 2.2521e+03      
# span 20 =       -109,      28813      
# span 21 =         18,        319      
# span 22 = 0.0000e+00, 0.0000e+00      
# interval = decibars: 1                
# start_time = Jan 08 2017 20:51:22 [NMEA time, header]
# bad_flag = -9.990e-29
*END*
[from data line 504]
    503.383   16.51282 -107.13868    507.000     8.2762     8.2768     8.2232    34.5741    34.5820  1029.1985    26.8977 7.1507e-02      0.153  286.04081     0.0614    98.4769     0.0314     0.0336     -2.919 1.0000e-12      16490         23 0.0000e+00
    504.375   16.51282 -107.13868    508.000     8.2700     8.2703     8.2168    34.5745    34.5822  1029.2044    26.8990 7.0551e-02      0.139  286.07989     0.0608    98.4904     0.0314     0.0339     -2.919 1.0000e-12      16513         23 0.0000e+00
    505.366   16.51282 -107.13868    509.000     8.2602     8.2606     8.2070    34.5749    34.5826  1029.2108    26.9007 7.2975e-02      0.149  286.14140     0.0611    98.4835     0.0315     0.0338     -2.920 1.0000e-12      16537         25 0.0000e+00
    506.358   16.51282 -107.13868    510.000     8.2297     8.2299     8.1765    34.5756    34.5832  1029.2208    26.9060 7.1657e-02      0.115  286.33366     0.0613    98.4788     0.0316     0.0340     -2.921 1.0000e-12      16563         27 0.0000e+00
    507.350   16.51282 -107.13868    511.000     8.1831     8.1831     8.1300    34.5763    34.5839  1029.2334    26.9135 7.0924e-02      0.196  286.62986     0.0617    98.4711     0.0313     0.0338     -2.922 1.0000e-12      16589         25 0.0000e+00
    508.341   16.51282 -107.13868    512.000     8.1626     8.1630     8.1094    34.5742    34.5817  1029.2396    26.9150 7.2402e-02      0.161  286.76529     0.0612    98.4816     0.0316     0.0338     -2.923 1.0000e-12      16614         25 0.0000e+00
    509.333   16.51282 -107.13868    513.000     8.1301     8.1303     8.0769    34.5742    34.5817  1029.2494    26.9199 7.0214e-02      0.140  286.97287     0.0607    98.4928     0.0311     0.0337     -2.924 1.0000e-12      16638         23 0.0000e+00
    510.324   16.51282 -107.13868    514.000     8.1105     8.1106     8.0573    34.5746    34.5822  1029.2574    26.9232 7.3415e-02      0.184  287.09754     0.0607    98.4927     0.0315     0.0340     -2.925 1.0000e-12      16661         23 0.0000e+00
    511.316   16.51282 -107.13868    515.000     8.0981     8.0982     8.0449    34.5739    34.5815  1029.2633    26.9244 7.1308e-02      0.165  287.17842     0.0607    98.4928     0.0312     0.0336     -2.925 1.0000e-12      16684         24 0.0000e+00
    512.308   16.51282 -107.13868    516.000     8.0924     8.0926     8.0390    34.5730    34.5807  1029.2681    26.9247 7.2678e-02      0.154  287.21679     0.0606    98.4951     0.0313     0.0337     -2.926 1.0000e-12      16709         26 0.0000e+00
    513.299   16.51282 -107.13868    517.000     8.0829     8.0831     8.0295    34.5727    34.5803  1029.2739    26.9258 7.0537e-02      0.179  287.27842     0.0605    98.4982     0.0314     0.0341     -2.926 1.0000e-12      16736         26 0.0000e+00
    514.291   16.51282 -107.13868    518.000     8.0774     8.0775     8.0239    34.5726    34.5803  1029.2792    26.9265 7.1379e-02      0.144  287.31398     0.0612    98.4810     0.0314     0.0341     -2.926 1.0000e-12      16762         25 0.0000e+00
    515.282   16.51282 -107.13868    519.000     8.0714     8.0716     8.0178    34.5721    34.5798  1029.2843    26.9271 7.2037e-02      0.147  287.35326     0.0611    98.4837     0.0314     0.0340     -2.926 1.0000e-12      16785         21 0.0000e+00
    516.274   16.51282 -107.13868    520.000     8.0573     8.0576     8.0037    34.5719    34.5794  1029.2909    26.9290 7.1591e-02      0.131  287.44402     0.0614    98.4771     0.0313     0.0341     -2.927 1.0000e-12      16807         22 0.0000e+00
    517.266   16.51282 -107.13868    521.000     8.0519     8.0521     7.9982    34.5729    34.5805  1029.2971    26.9306 6.9408e-02      0.140  287.47670     0.0609    98.4900     0.0314     0.0340     -2.927 1.0000e-12      16828         21 0.0000e+00
    518.257   16.51282 -107.13868    522.000     8.0529     8.0531     7.9991    34.5742    34.5818  1029.3024    26.9315 6.8823e-02      0.168  287.46746     0.0615    98.4741     0.0311     0.0339     -2.927 1.0000e-12      16851         24 0.0000e+00
    519.249   16.51282 -107.13868    523.000     8.0443     8.0443     7.9904    34.5744    34.5821  1029.3085    26.9330 7.2819e-02      0.145  287.52226     0.0608    98.4917     0.0315     0.0342     -2.927 1.0000e-12      16877         27 0.0000e+00
    520.240   16.51282 -107.13868    524.000     8.0241     8.0241     7.9702    34.5742    34.5819  1029.3162    26.9358 7.1869e-02      0.151  287.65227     0.0614    98.4772     0.0315     0.0339     -2.928 1.0000e-12      16904         29 0.0000e+00
    521.232   16.51282 -107.13868    525.000     8.0116     8.0119     7.9577    34.5736    34.5812  1029.3222    26.9373 7.0640e-02      0.168  287.73380     0.0610    98.4855     0.0315     0.0341     -2.928 1.0000e-12      16931         25 0.0000e+00
    522.224   16.51282 -107.13868    526.000     8.0038     8.0040     7.9498    34.5730    34.5807  1029.3275    26.9379 7.1900e-02      0.179  287.78526     0.0607    98.4940     0.0314     0.0338     -2.929 1.0000e-12      16956         24 0.0000e+00
    523.215   16.51282 -107.13868    527.000     7.9982     7.9984     7.9441    34.5728    34.5804  1029.3327    26.9386 7.2512e-02      0.105  287.82160     0.0608    98.4906     0.0311     0.0337     -2.929 1.0000e-12      16980         24 0.0000e+00
    524.206   16.51282 -107.13868    528.000     7.9481     7.9483     7.8940    34.5726    34.5801  1029.3451    26.9459 6.8929e-02      0.106  288.14521     0.0611    98.4842     0.0312     0.0337     -2.931 1.0000e-12      17003         22 0.0000e+00
    525.198   16.51282 -107.13868    529.000     7.9187     7.9190     7.8647    34.5729    34.5805  1029.3546    26.9505 7.2134e-02      0.130  288.33354     0.0611    98.4842     0.0313     0.0339     -2.932 1.0000e-12      17026         22 0.0000e+00
    526.190   16.51282 -107.13868    530.000     7.9135     7.9141     7.8594    34.5720    34.5796  1029.3592    26.9505 7.0077e-02      0.185  288.36920     0.0606    98.4961     0.0313     0.0340     -2.932 1.0000e-12      17048         23 0.0000e+00
    527.181   16.51282 -107.13868    531.000     7.9064     7.9065     7.8522    34.5713    34.5788  1029.3643    26.9510 7.1177e-02      0.192  288.41647     0.0615    98.4758     0.0314     0.0340     -2.932 1.0000e-12      17071         25 0.0000e+00
    528.173   16.51282 -107.13868    532.000     7.8987     7.8989     7.8444    34.5703    34.5780  1029.3693    26.9514 7.2119e-02      0.168  288.46874     0.0612    98.4829     0.0312     0.0340     -2.932 1.0000e-12      17097         26 0.0000e+00
    529.164   16.51282 -107.13868    533.000     7.8924     7.8927     7.8380    34.5697    34.5773  1029.3744    26.9519 7.0671e-02      0.114  288.51050     0.0606    98.4972     0.0311     0.0339     -2.933 1.0000e-12      17124         27 0.0000e+00
    530.156   16.51282 -107.13868    534.000     7.8880     7.8880     7.8336    34.5690    34.5765  1029.3790    26.9520 7.3301e-02      0.140  288.54033     0.0606    98.4961     0.0312     0.0338     -2.933 1.0000e-12      17150         24 0.0000e+00
    531.147   16.51282 -107.13868    535.000     7.8814     7.8814     7.8268    34.5685    34.5761  1029.3842    26.9526 7.2495e-02      0.107  288.58437     0.0615    98.4754     0.0312     0.0339     -2.933 1.0000e-12      17174         24 0.0000e+00
    532.139   16.51282 -107.13868    536.000     7.8655     7.8655     7.8110    34.5673    34.5748  1029.3903    26.9540 7.1761e-02      0.104  288.68900     0.0607    98.4943     0.0311     0.0339     -2.934 1.0000e-12      17197         24 0.0000e+00
    533.130   16.51282 -107.13868    537.000     7.8279     7.8276     7.7733    34.5656    34.5729  1029.3995    26.9582 7.2605e-02      0.210  288.93658     0.0606    98.4971     0.0311     0.0338     -2.935 1.0000e-12      17220         24 0.0000e+00
    534.122   16.51282 -107.13868    538.000     7.7934     7.7935     7.7389    34.5661    34.5736  1029.4098    26.9637 7.2673e-02      0.173  289.15900     0.0604    98.5023     0.0313     0.0337     -2.936 1.0000e-12      17246         25 0.0000e+00
    535.113   16.51282 -107.13868    539.000     7.7842     7.7843     7.7296    34.5667    34.5741  1029.4163    26.9655 7.2558e-02      0.155  289.21759     0.0605    98.4992     0.0310     0.0338     -2.936 1.0000e-12      17271         26 0.0000e+00
    536.105   16.51282 -107.13868    540.000     7.7732     7.7733     7.7186    34.5667    34.5744  1029.4225    26.9671 7.0558e-02      0.153  289.28857     0.0606    98.4961     0.0311     0.0338     -2.937 1.0000e-12      17296         23 0.0000e+00
    537.096   16.51282 -107.13868    541.000     7.7360     7.7359     7.6815    34.5660    34.5735  1029.4324    26.9720 7.2853e-02      0.113  289.53161     0.0604    98.5025     0.0311     0.0337     -2.938 1.0000e-12      17320         25 0.0000e+00
    538.088   16.51282 -107.13868    542.000     7.7197     7.7199     7.6651    34.5665    34.5741  1029.4399    26.9749 7.1430e-02      0.185  289.63700     0.0605    98.4994     0.0308     0.0335     -2.939 1.0000e-12      17344         24 0.0000e+00
    539.079   16.51282 -107.13868    543.000     7.7191     7.7195     7.6645    34.5661    34.5736  1029.4442    26.9745 7.3434e-02      0.124  289.64136     0.0609    98.4890     0.0309     0.0337     -2.939 1.0000e-12      17368         22 0.0000e+00
    540.071   16.51282 -107.13868    544.000     7.7175     7.7178     7.6627    34.5655    34.5730  1029.4485    26.9744 7.2926e-02      0.164  289.65302     0.0611    98.4854     0.0312     0.0339     -2.939 1.0000e-12      17390         22 0.0000e+00
    541.062   16.51282 -107.13868    545.000     7.7073     7.7074     7.6524    34.5651    34.5725  1029.4543    26.9755 7.2122e-02      0.158  289.72092     0.0606    98.4957     0.0309     0.0338     -2.939 1.0000e-12      17411         22 0.0000e+00
    542.054   16.51282 -107.13868    546.000     7.6992     7.6995     7.6443    34.5647    34.5722  1029.4598    26.9764 7.3904e-02      0.109  289.77384     0.0606    98.4961     0.0310     0.0336     -2.939 1.0000e-12      17433         24 0.0000e+00
    543.045   16.51282 -107.13868    547.000     7.6937     7.6939     7.6387    34.5641    34.5718  1029.4648    26.9768 7.2676e-02      0.124  289.81104     0.0606    98.4961     0.0311     0.0336     -2.940 1.0000e-12      17458         24 0.0000e+00
    544.037   16.51282 -107.13868    548.000     7.6869     7.6870     7.6318    34.5636    34.5713  1029.4699    26.9773 7.1306e-02      0.154  289.85694     0.0603    98.5040     0.0311     0.0337     -2.940 1.0000e-12      17486         30 0.0000e+00
    545.028   16.51282 -107.13868    549.000     7.6797     7.6799     7.6245    34.5630    34.5706  1029.4751    26.9779 7.1917e-02      0.135  289.90464     0.0606    98.4969     0.0314     0.0339     -2.940 1.0000e-12      17516         27 0.0000e+00
    546.020   16.51282 -107.13868    550.000     7.6734     7.6734     7.6182    34.5626    34.5702  1029.4803    26.9785 7.0926e-02      0.134  289.94647     0.0603    98.5041     0.0310     0.0338     -2.940 1.0000e-12      17543         27 0.0000e+00
    547.011   16.51282 -107.13868    551.000     7.6541     7.6540     7.5988    34.5624    34.5700  1029.4877    26.9811 7.2946e-02      0.141  290.07301     0.0605    98.4983     0.0307     0.0337     -2.941 1.0000e-12      17567         24 0.0000e+00
    548.003   16.51282 -107.13868    552.000     7.6320     7.6321     7.5767    34.5618    34.5694  1029.4953    26.9839 7.3268e-02      0.011  290.21852     0.0603    98.5037     0.0309     0.0336     -2.942 1.0000e-12      17591         21 0.0000e+00
    548.994   16.51282 -107.13868    553.000     7.5996     7.5996     7.5444    34.5617    34.5691  1029.5048    26.9885 7.0979e-02      0.181  290.43022     0.0597    98.5201     0.0310     0.0338     -2.943 1.0000e-12      17613         24 0.0000e+00
    549.985   16.51282 -107.13868    554.000     7.5690     7.5687     7.5137    34.5617    34.5692  1029.5141    26.9929 7.2596e-02      0.173  290.63107     0.0608    98.4909     0.0308     0.0335     -2.944 1.0000e-12      17637         23 0.0000e+00
    550.977   16.51282 -107.13868    555.000     7.5441     7.5441     7.4889    34.5624    34.5700  1029.5231    26.9971 7.1892e-02      0.131  290.79237     0.0602    98.5080     0.0310     0.0336     -2.945 1.0000e-12      17660         24 0.0000e+00
    551.968   16.51282 -107.13868    556.000     7.5349     7.5349     7.4796    34.5619    34.5692  1029.5286    26.9980 7.1505e-02      0.238  290.85356     0.0603    98.5052     0.0309     0.0336     -2.945 1.0000e-12      17684         23 0.0000e+00
    552.960   16.51282 -107.13868    557.000     7.5141     7.5139     7.4588    34.5611    34.5687  1029.5358    27.0005 7.0679e-02      0.133  290.99172     0.0607    98.4945     0.0310     0.0338     -2.946 1.0000e-12      17708         23 0.0000e+00
    553.951   16.51282 -107.13868    558.000     7.5016     7.5016     7.4463    34.5608    34.5685  1029.5420    27.0020 7.1383e-02      0.115  291.07422     0.0606    98.4962     0.0309     0.0336     -2.946 1.0000e-12      17731         23 0.0000e+00
    554.943   16.51282 -107.13868    559.000     7.4954     7.4955     7.4400    34.5605    34.5682  1029.5473    27.0027 7.2006e-02      0.125  291.11593     0.0606    98.4973     0.0310     0.0337     -2.947 1.0000e-12      17754         23 0.0000e+00
    555.934   16.51282 -107.13868    560.000     7.4877     7.4879     7.4323    34.5602    34.5677  1029.5527    27.0035 7.1738e-02      0.112  291.16688     0.0606    98.4961     0.0309     0.0337     -2.947 1.0000e-12      17776         24 0.0000e+00
    556.925   16.51282 -107.13868    561.000     7.4829     7.4831     7.4273    34.5601    34.5677  1029.5580    27.0041 7.1511e-02      0.071  291.19897     0.0605    98.4981     0.0309     0.0338     -2.947 1.0000e-12      17800         25 0.0000e+00
    557.917   16.51282 -107.13868    562.000     7.4770     7.4771     7.4213    34.5599    34.5673  1029.5632    27.0048 7.2462e-02      0.183  291.23842     0.0599    98.5137     0.0310     0.0338     -2.947 1.0000e-12      17827         28 0.0000e+00
    558.908   16.51282 -107.13868    563.000     7.4707     7.4708     7.4149    34.5597    34.5672  1029.5686    27.0056 7.0711e-02      0.212  291.28008     0.0605    98.4986     0.0312     0.0340     -2.948 1.0000e-12      17856         29 0.0000e+00
    559.899   16.51282 -107.13868    564.000     7.4596     7.4596     7.4038    34.5590    34.5666  1029.5743    27.0066 7.2117e-02      0.046  291.35447     0.0601    98.5100     0.0308     0.0337     -2.948 1.0000e-12      17884         25 0.0000e+00
    560.891   16.51282 -107.13868    565.000     7.4472     7.4475     7.3913    34.5589    34.5664  1029.5807    27.0083 7.1984e-02      0.141  291.43645     0.0596    98.5213     0.0310     0.0337     -2.948 1.0000e-12      17907         23 0.0000e+00
    561.882   16.51282 -107.13868    566.000     7.4404     7.4406     7.3845    34.5587    34.5662  1029.5861    27.0091 7.2356e-02      0.205  291.48115     0.0598    98.5183     0.0312     0.0338     -2.949 1.0000e-12      17929         20 0.0000e+00
    562.874   16.51282 -107.13868    567.000     7.4341     7.4343     7.3781    34.5582    34.5658  1029.5912    27.0097 7.3097e-02      0.099  291.52393     0.0600    98.5127     0.0309     0.0336     -2.949 1.0000e-12      17951         22 0.0000e+00
    563.865   16.51282 -107.13868    568.000     7.4228     7.4228     7.3667    34.5580    34.5656  1029.5973    27.0111 7.1283e-02      0.081  291.59902     0.0604    98.5016     0.0309     0.0336     -2.949 1.0000e-12      17973         24 0.0000e+00
