data/ctd-cnv/SKQ1617/SKQ1617-St16-P2/skq201617s-040avg.cnv
* Sea-Bird SBE 9 Data File:
* FileName = D:\CTD\SKQ201617S\SKQ201617S-040.hex
* Software Version Seasave V 7.22.5
* Temperature SN = 5773
* Conductivity SN = 2251
* Number of Bytes Per Scan = 37
* Number of Voltage Words = 4
* Number of Scans Averaged by the Deck Unit = 1
* NMEA Latitude = 16 34.66 N
* NMEA Longitude = 106 58.43 W
* NMEA UTC (Time) = Jan 12 2017  05:05:22
* NMEA baud rate = 4800
** Ship: R/V Sikuliaq
** Station Number: 40
** Station Name: Station 16/P2
** Depth: 3143
** Operator: RML
# nquan = 20
# nvalues = 502                         
# units = specified
# name 0 = depSMignore: Depth [salt water, m]
# name 1 = latitude: Latitude [deg]
# name 2 = longitude: Longitude [deg]
# name 3 = prDM: Pressure, Digiquartz [db]
# name 4 = t090C: Temperature [ITS-90, deg C]
# name 5 = t190C: Temperature, 2 [ITS-90, deg C]
# name 6 = potemp090C: Potential Temperature [ITS-90, deg C]
# name 7 = sal00: Salinity, Practical [PSU]
# name 8 = sal11: Salinity, Practical, 2 [PSU]
# name 9 = density00: Density [density, kg/m^3]
# name 10 = sigma-t00: Density [sigma-t, kg/m^3 ]
# name 11 = flSP: Fluorescence, Seapoint
# name 12 = sbox0Mm/Kg: Oxygen, SBE 43 [umol/kg]
# name 13 = oxsolMm/Kg: Oxygen Saturation, Garcia & Gordon [umol/kg]
# name 14 = CStarAt0: Beam Attenuation, WET Labs C-Star [1/m]
# name 15 = CStarTr0: Beam Transmission, WET Labs C-Star [%]
# name 16 = par: PAR/Irradiance, Biospherical/Licor
# name 17 = scan: Scan Count
# name 18 = nbin: number of scans per bin
# name 19 = flag: flag
# span 0 =      2.982,    500.406       
# span 1 =   16.57774,   16.57774       
# span 2 = -106.97380, -106.97380       
# span 3 =      3.000,    504.000       
# span 4 =     8.5555,    28.8540       
# span 5 =     8.5547,    28.8519       
# span 6 =     8.5018,    28.8532       
# span 7 =    33.5727,    34.8120       
# span 8 =    33.5827,    34.8198       
# span 9 =  1021.0542,  1029.1479       
# span 10 =    21.0414,    26.8656      
# span 11 = 6.6091e-02, 2.2825e+00      
# span 12 =      0.025,    193.597      
# span 13 =  195.95204,  284.25162      
# span 14 =     0.0659,     0.2478      
# span 15 =    93.9939,    98.3655      
# span 16 = -1.389e-07, 6.1332e-01      
# span 17 =       -161,      19280      
# span 18 =         16,       1026      
# span 19 = 0.0000e+00, 0.0000e+00      
# interval = decibars: 1                
# start_time = Jan 12 2017 05:05:22 [NMEA time, header]
# bad_flag = -9.990e-29
*END*
      2.982   16.57774 -106.97380      3.000    28.8540    28.8519    28.8532    33.5727    33.5828  1021.0542    21.0414 2.2404e-01    189.717  195.95204     0.1748    95.7226 6.1332e-01       -161         66 0.0000e+00
      3.976   16.57774 -106.97380      4.000    28.8475    28.8486    28.8466    33.5728    33.5828  1021.0607    21.0435 2.4100e-01    191.076  195.97205     0.1711    95.8123 4.5003e-01        640        173 0.0000e+00
      4.970   16.57774 -106.97380      5.000    28.8485    28.8488    28.8473    33.5729    33.5828  1021.0647    21.0433 2.1136e-01    190.790  195.96881     0.1710    95.8158 3.1442e-01        660         49 0.0000e+00
      5.964   16.57774 -106.97380      6.000    28.8509    28.8515    28.8495    33.5728    33.5827  1021.0682    21.0424 2.2654e-01    191.574  195.96135     0.1709    95.8163 2.6592e-01        718         92 0.0000e+00
      6.958   16.57774 -106.97380      7.000    28.8461    28.8466    28.8444    33.5728    33.5829  1021.0740    21.0440 2.1763e-01    191.318  195.97649     0.1717    95.7978 1.9163e-01        813         61 0.0000e+00
      7.953   16.57774 -106.97380      8.000    28.8363    28.8352    28.8344    33.5752    33.5855  1021.0833    21.0490 2.0662e-01    191.840  196.00416     0.1719    95.7917 1.7456e-01        858         45 0.0000e+00
      8.947   16.57774 -106.97380      9.000    28.8315    28.8317    28.8293    33.5830    33.5931  1021.0951    21.0565 2.4526e-01    191.570  196.00946     0.1722    95.7854 1.5332e-01        921         84 0.0000e+00
      9.941   16.57774 -106.97380     10.000    28.8384    28.8392    28.8360    33.5768    33.5860  1021.0924    21.0496 2.1189e-01    191.232  195.99554     0.1717    95.7975 1.2419e-01        998         60 0.0000e+00
     10.934   16.57774 -106.97380     11.000    28.8391    28.8334    28.8364    33.5759    33.5926  1021.0958    21.0487 2.0648e-01    191.543  195.99449     0.1721    95.7879 1.0963e-01       1054         58 0.0000e+00
     11.929   16.57774 -106.97380     12.000    28.8349    28.8340    28.8320    33.5828    33.5950  1021.1066    21.0552 2.0856e-01    190.925  195.99897     0.1716    95.7994 1.0007e-01       1111         54 0.0000e+00
     12.923   16.57774 -106.97380     13.000    28.8371    28.8373    28.8340    33.5875    33.5977  1021.1138    21.0580 2.1160e-01    191.488  195.98615     0.1723    95.7828 8.7119e-02       1167         60 0.0000e+00
     13.917   16.57774 -106.97380     14.000    28.8337    28.8332    28.8304    33.5869    33.5967  1021.1187    21.0587 2.5712e-01    191.480  195.99753     0.1744    95.7322 7.8496e-02       1233         73 0.0000e+00
     14.911   16.57774 -106.97380     15.000    28.8263    28.8264    28.8228    33.5853    33.5952  1021.1242    21.0600 2.2087e-01    191.581  196.02254     0.1723    95.7827 6.7893e-02       1307         62 0.0000e+00
     15.905   16.57774 -106.97380     16.000    28.8310    28.8315    28.8271    33.5879    33.5982  1021.1289    21.0603 2.2899e-01    191.832  196.00500     0.1738    95.7469 5.9381e-02       1375         96 0.0000e+00
     16.899   16.57774 -106.97380     17.000    28.8419    28.8427    28.8379    33.5937    33.6041  1021.1340    21.0611 2.4173e-01    191.377  195.96347     0.1724    95.7809 5.4911e-02       1786        156 0.0000e+00
     17.893   16.57774 -106.97380     18.000    28.8410    28.8407    28.8367    33.5941    33.6038  1021.1388    21.0617 2.1610e-01    191.608  195.96594     0.1747    95.7265 4.6765e-02       1782         44 0.0000e+00
     18.887   16.57774 -106.97380     19.000    28.8358    28.8356    28.8312    33.5928    33.6026  1021.1439    21.0625 2.3257e-01    191.952  195.98378     0.1723    95.7825 4.3401e-02       1836         62 0.0000e+00
     19.881   16.57774 -106.97380     20.000    28.8403    28.8400    28.8355    33.5951    33.6049  1021.1484    21.0627 2.2272e-01    191.243  195.96689     0.1717    95.7981 4.1111e-02       1889         44 0.0000e+00
     20.875   16.57774 -106.97380     21.000    28.8390    28.8391    28.8340    33.5950    33.6048  1021.1530    21.0630 2.2589e-01    191.474  195.97098     0.1735    95.7557 3.8416e-02       1931         41 0.0000e+00
     21.869   16.57774 -106.97380     22.000    28.8370    28.8368    28.8318    33.5949    33.6045  1021.1579    21.0636 2.3279e-01    191.468  195.97723     0.1727    95.7745 3.6387e-02       1973         42 0.0000e+00
     22.862   16.57774 -106.97380     23.000    28.8366    28.8367    28.8311    33.5954    33.6053  1021.1627    21.0641 2.7740e-01    191.418  195.97797     0.1735    95.7553 3.3351e-02       2029         74 0.0000e+00
     23.856   16.57774 -106.97380     24.000    28.8377    28.8376    28.8319    33.5963    33.6061  1021.1673    21.0644 2.6062e-01    191.264  195.97347     0.1775    95.6590 2.9925e-02       2103         52 0.0000e+00
     24.850   16.57774 -106.97380     25.000    28.8389    28.8387    28.8329    33.5976    33.6073  1021.1722    21.0650 2.5513e-01    190.841  195.96816     0.1736    95.7532 2.7987e-02       2144         39 0.0000e+00
     25.844   16.57774 -106.97380     26.000    28.8346    28.8345    28.8284    33.5971    33.6068  1021.1774    21.0660 2.7292e-01    190.907  195.98208     0.1739    95.7446 2.6083e-02       2186         44 0.0000e+00
     26.838   16.57774 -106.97380     27.000    28.8367    28.8367    28.8302    33.5984    33.6084  1021.1821    21.0664 2.8564e-01    191.490  195.97403     0.1737    95.7508 2.4976e-02       2233         47 0.0000e+00
     27.832   16.57774 -106.97380     28.000    28.8401    28.8399    28.8334    33.6001    33.6099  1021.1865    21.0665 2.8208e-01    190.858  195.96129     0.1768    95.6765 2.3967e-02       2277         41 0.0000e+00
     28.826   16.57774 -106.97380     29.000    28.8408    28.8408    28.8339    33.6007    33.6105  1021.1910    21.0667 3.0176e-01    191.493  195.95816     0.1747    95.7250 2.3115e-02       2322         49 0.0000e+00
     29.820   16.57774 -106.97380     30.000    28.8397    28.8396    28.8325    33.6008    33.6107  1021.1957    21.0672 3.1124e-01    191.539  195.96157     0.1767    95.6780 2.2009e-02       2372         49 0.0000e+00
     30.814   16.57774 -106.97380     31.000    28.8389    28.8389    28.8315    33.6017    33.6115  1021.2009    21.0680 3.5193e-01    190.917  195.96283     0.1760    95.6951 2.0360e-02       2427         69 0.0000e+00
     31.808   16.57774 -106.97380     32.000    28.8389    28.8389    28.8313    33.6026    33.6124  1021.2059    21.0688 3.4075e-01    190.674  195.96169     0.1753    95.7122 1.8996e-02       2499         54 0.0000e+00
     32.802   16.57774 -106.97380     33.000    28.8352    28.8351    28.8273    33.6028    33.6127  1021.2116    21.0702 3.2402e-01    190.961  195.97316     0.1752    95.7154 1.8233e-02       2536         31 0.0000e+00
     33.796   16.57774 -106.97380     34.000    28.8301    28.8300    28.8220    33.6049    33.6146  1021.2191    21.0734 3.3252e-01    190.500  195.98635     0.1761    95.6919 1.8169e-02       2567         31 0.0000e+00
     34.790   16.57774 -106.97380     35.000    28.8268    28.8269    28.8184    33.6078    33.6174  1021.2267    21.0767 3.9848e-01    191.085  195.99293     0.1780    95.6477 1.7294e-02       2607         53 0.0000e+00
     35.784   16.57774 -106.97380     36.000    28.8184    28.8179    28.8098    33.6142    33.6244  1021.2385    21.0843 4.1660e-01    190.763  196.01140     0.1802    95.5944 1.6663e-02       2669         58 0.0000e+00
     36.778   16.57774 -106.97380     37.000    28.7746    28.7740    28.7657    33.6468    33.6569  1021.2818    21.1232 4.8491e-01    191.412  196.10811     0.1855    95.4673 1.6385e-02       2718         42 0.0000e+00
     37.771   16.57774 -106.97380     38.000    28.5925    28.5895    28.5835    33.7330    33.7439  1021.4109    21.2481 9.6040e-01    192.016  196.57183     0.2042    95.0236 1.5815e-02       2762         49 0.0000e+00
     38.765   16.57774 -106.97380     39.000    28.3849    28.3771    28.3757    33.7891    33.7992  1021.5257    21.3585 1.5930e+00    193.597  197.15539     0.2365    94.2587 1.5493e-02       2821         64 0.0000e+00
     39.759   16.57774 -106.97380     40.000    28.2322    28.2290    28.2227    33.7894    33.7985  1021.5804    21.4089 1.7960e+00    192.249  197.63798     0.2454    94.0496 1.4857e-02       2882         54 0.0000e+00
     40.753   16.57774 -106.97380     41.000    28.1149    28.1128    28.1053    33.8226    33.8342  1021.6479    21.4721 1.6475e+00    192.448  197.96879     0.2449    94.0612 1.4619e-02       2926         36 0.0000e+00
     41.747   16.57774 -106.97380     42.000    27.8053    27.8000    27.7955    33.9255    33.9372  1021.8303    21.6501 1.6950e+00    191.327  198.82838     0.2408    94.1580 1.4097e-02       2959         30 0.0000e+00
     42.741   16.57774 -106.97380     43.000    27.5639    27.5525    27.5539    33.9296    33.9382  1021.9158    21.7312 1.8172e+00    182.536  199.60003     0.2424    94.1206 1.4084e-02       2994         45 0.0000e+00
     43.735   16.57774 -106.97380     44.000    27.0164    26.9982    27.0064    33.9004    33.9151  1022.0736    21.8845 2.2825e+00    172.399  201.41957     0.2471    94.0098 1.3808e-02       3055         77 0.0000e+00
     44.729   16.57774 -106.97380     45.000    26.7784    26.7709    26.7682    33.8859    33.8933  1022.1426    21.9491 1.9755e+00    164.825  202.22168     0.2464    94.0257 1.3317e-02       3123         51 0.0000e+00
     45.723   16.57774 -106.97380     46.000    26.6139    26.6105    26.6035    33.8778    33.8864  1022.1929    21.9950 1.9130e+00    162.654  202.77696     0.2439    94.0846 1.3128e-02       3170         42 0.0000e+00
     46.716   16.57774 -106.97380     47.000    26.2874    26.2805    26.2768    33.8954    33.9040  1022.3129    22.1106 1.9512e+00    159.908  203.84514     0.2447    94.0655 1.2724e-02       3213         44 0.0000e+00
     47.710   16.57774 -106.97380     48.000    25.9530    25.9514    25.9424    33.9428    33.9515  1022.4573    22.2505 1.9918e+00    153.463  204.90932     0.2467    94.0197 1.2694e-02       3257         43 0.0000e+00
     48.704   16.57774 -106.97380     49.000    25.8547    25.8535    25.8439    33.9990    34.0090  1022.5344    22.3233 1.9610e+00    147.991  205.16903     0.2478    93.9939 1.2390e-02       3304         51 0.0000e+00
     49.698   16.57774 -106.97380     50.000    25.6724    25.6697    25.6614    34.0932    34.1026  1022.6661    22.4507 1.8172e+00    148.735  205.66577     0.2414    94.1430 1.2034e-02       3355         51 0.0000e+00
     50.692   16.57774 -106.97380     51.000    25.2291    25.2168    25.2180    34.2014    34.2071  1022.8878    22.6678 1.5506e+00    145.948  207.04929     0.2320    94.3645 1.1926e-02       3406         48 0.0000e+00
     51.686   16.57774 -106.97380     52.000    23.9631    23.9617    23.9522    34.3624    34.3692  1023.3946    23.1697 1.1773e+00    137.360  211.28493     0.2094    94.9001 1.1708e-02       3450         39 0.0000e+00
     52.679   16.57774 -106.97380     53.000    23.8511    23.8547    23.8401    34.3671    34.3744  1023.4354    23.2062 1.1775e+00    109.257  211.68306     0.1970    95.1950 1.1588e-02       3490         41 0.0000e+00
     53.673   16.57774 -106.97380     54.000    23.6909    23.6609    23.6797    34.3784    34.3922  1023.4954    23.2617 1.3202e+00    107.176  212.24674     0.1934    95.2806 1.1808e-02       3542         64 0.0000e+00
     54.667   16.57774 -106.97380     55.000    23.0143    22.9922    23.0031    34.4238    34.4316  1023.7308    23.4924 1.0212e+00    103.249  214.66206     0.1842    95.4994 1.1675e-02       3602         49 0.0000e+00
     55.661   16.57774 -106.97380     56.000    22.7538    22.7531    22.7425    34.4411    34.4487  1023.8231    23.5803 8.7187e-01     91.688  215.60461     0.1768    95.6768 1.1509e-02       3641         38 0.0000e+00
     56.655   16.57774 -106.97380     57.000    22.5951    22.5850    22.5836    34.4477    34.4558  1023.8778    23.6305 9.8801e-01     86.119  216.18904     0.1741    95.7397 1.1441e-02       3691         62 0.0000e+00
     57.648   16.57774 -106.97380     58.000    22.4079    22.4074    22.3963    34.4531    34.4609  1023.9394    23.6877 8.8427e-01     83.071  216.88511     0.1714    95.8062 1.1719e-02       3754         53 0.0000e+00
     58.642   16.57774 -106.97380     59.000    22.3089    22.3102    22.2972    34.4556    34.4632  1023.9737    23.7175 7.6967e-01     80.891  217.25579     0.1691    95.8604 1.1723e-02       3795         35 0.0000e+00
     59.636   16.57774 -106.97380     60.000    22.1520    22.1506    22.1401    34.4576    34.4659  1024.0238    23.7632 7.3650e-01     79.599  217.84860     0.1711    95.8121 1.2117e-02       3828         32 0.0000e+00
     60.630   16.57774 -106.97380     61.000    21.7508    21.7531    21.7389    34.4739    34.4815  1024.1526    23.8874 7.5393e-01     75.147  219.36339     0.1683    95.8793 1.1652e-02       3865         43 0.0000e+00
     61.624   16.57774 -106.97380     62.000    21.4594    21.4511    21.4474    34.4889    34.4950  1024.2491    23.9794 9.0233e-01     59.626  220.46936     0.1636    95.9928 1.1699e-02       3926         71 0.0000e+00
     62.617   16.57774 -106.97380     63.000    21.0585    21.0474    21.0464    34.5017    34.5071  1024.3730    24.0986 6.6432e-01     53.708  222.02340     0.1623    96.0231 1.1482e-02       3985         48 0.0000e+00
     63.611   16.57774 -106.97380     64.000    20.7711    20.7653    20.7590    34.5110    34.5187  1024.4625    24.1835 6.8659e-01     42.937  223.14778     0.1606    96.0653 1.1900e-02       4035         56 0.0000e+00
     64.605   16.57774 -106.97380     65.000    20.5614    20.5585    20.5492    34.5239    34.5314  1024.5331    24.2497 6.3402e-01     38.002  223.96666     0.1597    96.0864 1.1892e-02       4091         46 0.0000e+00
     65.599   16.57774 -106.97380     66.000    20.2700    20.2675    20.2578    34.5439    34.5521  1024.6305    24.3425 5.4640e-01     35.640  225.11237     0.1616    96.0405 1.2006e-02       4131         37 0.0000e+00
     66.592   16.57774 -106.97380     67.000    19.9594    19.9590    19.9471    34.5659    34.5736  1024.7340    24.4413 5.3626e-01     28.229  226.34306     0.1568    96.1552 1.2140e-02       4169         41 0.0000e+00
     67.586   16.57774 -106.97380     68.000    19.7511    19.7433    19.7387    34.5775    34.5833  1024.8019    24.5046 5.7447e-01     20.412  227.18183     0.1533    96.2392 1.2026e-02       4216         55 0.0000e+00
     68.580   16.57774 -106.97380     69.000    19.2790    19.2574    19.2666    34.5987    34.6099  1024.9448    24.6428 4.8881e-01     17.273  229.11527     0.1533    96.2404 1.2288e-02       4270         53 0.0000e+00
     69.574   16.57774 -106.97380     70.000    18.6019    18.5975    18.5897    34.6258    34.6325  1025.1427    24.8358 3.9617e-01     14.841  231.94063     0.1456    96.4252 1.2130e-02       4319         45 0.0000e+00
     70.568   16.57774 -106.97380     71.000    18.2971    18.2889    18.2849    34.6409    34.6491  1025.2351    24.9234 3.9252e-01     10.975  233.23148     0.1444    96.4533 1.2401e-02       4366         50 0.0000e+00
     71.561   16.57774 -106.97380     72.000    17.8075    17.7969    17.7953    34.6832    34.6934  1025.3931    25.0766 3.7335e-01      6.780  235.30351     0.1489    96.3456 1.2500e-02       4423         58 0.0000e+00
     72.555   16.57774 -106.97380     73.000    17.6421    17.6401    17.6298    34.6822    34.6896  1025.4372    25.1161 2.3145e-01      2.464  236.03639     0.1402    96.5545 1.2237e-02       4474         44 0.0000e+00
     73.549   16.57774 -106.97380     74.000    17.5985    17.5982    17.5860    34.6797    34.6869  1025.4503    25.1248 2.4043e-01      1.828  236.23403     0.1364    96.6470 1.2444e-02       4518         45 0.0000e+00
