data/ctd-cnv/SKQ1617/SKQ1617-St16-P2/skq201617s-042avg.cnv
* Sea-Bird SBE 9 Data File:
* FileName = D:\CTD\SKQ201617S\SKQ201617S-042.hex
* Software Version Seasave V 7.22.5
* Temperature SN = 5773
* Conductivity SN = 2251
* Number of Bytes Per Scan = 37
* Number of Voltage Words = 4
* Number of Scans Averaged by the Deck Unit = 1
* NMEA Latitude = 16 34.03 N
* NMEA Longitude = 106 58.23 W
* NMEA UTC (Time) = Jan 12 2017  19:11:20
* NMEA baud rate = 4800
** Ship: R/V Sikuliaq
** Station Number: 42
** Station Name: Station 16/P2
** Depth: 3130 m
** Operator: Jacob/Rachel
# nquan = 20
# nvalues = 504                         
# units = specified
# name 0 = depSM: Depth [salt water, m]
# name 1 = latitude: Latitude [deg]
# name 2 = longitude: Longitude [deg]
# name 3 = prDM: Pressure, Digiquartz [db]
# name 4 = t090C: Temperature [ITS-90, deg C]
# name 5 = t190C: Temperature, 2 [ITS-90, deg C]
# name 6 = potemp090C: Potential Temperature [ITS-90, deg C]
# name 7 = sal00: Salinity, Practical [PSU]
# name 8 = sal11: Salinity, Practical, 2 [PSU]
# name 9 = density00: Density [density, kg/m^3]
# name 10 = sigma-t00: Density [sigma-t, kg/m^3 ]
# name 11 = flSP: Fluorescence, Seapoint
# name 12 = sbox0Mm/Kg: Oxygen, SBE 43 [umol/kg]
# name 13 = oxsolMm/Kg: Oxygen Saturation, Garcia & Gordon [umol/kg]
# name 14 = CStarAt0: Beam Attenuation, WET Labs C-Star [1/m]
# name 15 = CStarTr0: Beam Transmission, WET Labs C-Star [%]
# name 16 = par: PAR/Irradiance, Biospherical/Licor
# name 17 = scan: Scan Count
# name 18 = nbin: number of scans per bin
# name 19 = flag: flag
# span 0 =      1.988,    501.398       
# span 1 =   16.56722,   16.56724       
# span 2 = -106.97042, -106.97042       
# span 3 =      2.000,    505.000       
# span 4 =     8.3424,    28.8532       
# span 5 =     8.3476,    28.8531       
# span 6 =     8.2893,    28.8453       
# span 7 =    33.5415,    34.8133       
# span 8 =    33.5542,    34.8202       
# span 9 =  1021.0524,  1029.1825       
# span 10 =    21.0403,    26.8914      
# span 11 = 6.4989e-02, 1.7498e+00      
# span 12 =      0.017,    191.592      
# span 13 =  195.90309,  285.61047      
# span 14 =     0.0653,     0.2482      
# span 15 =    93.9847,    98.3808      
# span 16 = -6.257e-08, 3.8240e+03      
# span 17 =       -387,      20627      
# span 18 =         15,       1257      
# span 19 = 0.0000e+00, 0.0000e+00      
# interval = decibars: 1                
# start_time = Jan 12 2017 19:11:20 [NMEA time, header]
# bad_flag = -9.990e-29
*END*
[from data line 145]
    146.078   16.56724 -106.97042    147.000    12.8381    12.8379    12.8181    34.8051    34.8122  1026.9310    26.2742 1.0506e-01      0.490  259.11103     0.0825    97.9602 4.0777e-02       7501         26 0.0000e+00
    147.071   16.56724 -106.97042    148.000    12.8044    12.8037    12.7843    34.8063    34.8136  1026.9432    26.2819 9.7117e-02      0.434  259.28771     0.0822    97.9675 3.8561e-02       7529         30 0.0000e+00
    148.064   16.56724 -106.97042    149.000    12.7701    12.7700    12.7500    34.8088    34.8159  1026.9565    26.2906 9.1140e-02      0.426  259.46473     0.0812    97.9904 3.6474e-02       7558         28 0.0000e+00
    149.058   16.56724 -106.97042    150.000    12.7309    12.7301    12.7106    34.8098    34.8172  1026.9696    26.2992 8.4176e-02      0.477  259.67137     0.0809    97.9965 3.4402e-02       7584         25 0.0000e+00
    150.051   16.56724 -106.97042    151.000    12.7003    12.7002    12.6799    34.8128    34.8199  1026.9825    26.3076 8.0402e-02      0.470  259.82851     0.0803    98.0140 3.2737e-02       7608         22 0.0000e+00
    151.044   16.56724 -106.97042    152.000    12.6891    12.6892    12.6686    34.8133    34.8202  1026.9896    26.3102 7.8828e-02      0.401  259.88740     0.1128    97.2200 3.1038e-02       7629         21 0.0000e+00
    152.038   16.56724 -106.97042    153.000    12.6805    12.6805    12.6599    34.8128    34.8199  1026.9954    26.3115 7.6944e-02      0.444  259.93373     0.1047    97.4181 2.9575e-02       7651         23 0.0000e+00
    153.031   16.56724 -106.97042    154.000    12.6735    12.6736    12.6528    34.8127    34.8198  1027.0012    26.3128 7.8922e-02      0.474  259.97111     0.0799    98.0224 2.8207e-02       7674         22 0.0000e+00
    154.025   16.56724 -106.97042    155.000    12.6677    12.6676    12.6468    34.8124    34.8196  1027.0066    26.3137 7.7485e-02      0.417  260.00311     0.0988    97.5624 2.7000e-02       7697         25 0.0000e+00
    155.018   16.56724 -106.97042    156.000    12.6636    12.6636    12.6426    34.8120    34.8192  1027.0116    26.3142 7.4432e-02      0.427  260.02541     0.1318    96.7586 2.5555e-02       7722         27 0.0000e+00
    156.011   16.56724 -106.97042    157.000    12.6597    12.6597    12.6385    34.8115    34.8187  1027.0165    26.3146 7.7034e-02      0.427  260.04727     0.0958    97.6344 2.4760e-02       7749         25 0.0000e+00
    157.005   16.56724 -106.97042    158.000    12.6555    12.6554    12.6342    34.8112    34.8184  1027.0215    26.3152 7.7185e-02      0.427  260.07026     0.1135    97.2039 2.3385e-02       7777         28 0.0000e+00
    157.998   16.56724 -106.97042    159.000    12.6502    12.6502    12.6288    34.8108    34.8180  1027.0267    26.3159 7.7075e-02      0.432  260.09880     0.1318    96.7597 2.2596e-02       7803         24 0.0000e+00
    158.991   16.56724 -106.97042    160.000    12.6445    12.6445    12.6230    34.8104    34.8176  1027.0320    26.3168 7.5071e-02      0.432  260.12987     0.1319    96.7570 2.1335e-02       7825         20 0.0000e+00
    159.984   16.56724 -106.97042    161.000    12.6381    12.6381    12.6165    34.8099    34.8171  1027.0374    26.3176 7.6815e-02      0.422  260.16494     0.1283    96.8445 2.0763e-02       7845         18 0.0000e+00
    160.978   16.56724 -106.97042    162.000    12.6204    12.6200    12.5986    34.8094    34.8165  1027.0450    26.3207 7.5052e-02      0.425  260.26085     0.0814    97.9861 1.9444e-02       7864         20 0.0000e+00
    161.971   16.56724 -106.97042    163.000    12.5995    12.5996    12.5776    34.8101    34.8174  1027.0542    26.3254 7.3854e-02      0.426  260.37091     0.0802    98.0160 1.8577e-02       7886         25 0.0000e+00
    162.964   16.56724 -106.97042    164.000    12.5894    12.5894    12.5674    34.8099    34.8173  1027.0605    26.3272 7.1427e-02      0.422  260.42525     0.0793    98.0364 1.7554e-02       7914         33 0.0000e+00
    163.958   16.56722 -106.97042    165.000    12.5761    12.5759    12.5540    34.8099    34.8173  1027.0676    26.3298 7.1929e-02      0.421  260.49641     0.0804    98.0113 1.6809e-02       7947         30 0.0000e+00
    164.951   16.56722 -106.97042    166.000    12.5145    12.5142    12.4923    34.8086    34.8156  1027.0833    26.3409 6.9598e-02      0.407  260.82893     0.0788    98.0500 1.5845e-02       7975         28 0.0000e+00
    165.944   16.56724 -106.97042    167.000    12.4665    12.4665    12.4442    34.8109    34.8179  1027.0991    26.3521 6.7677e-02      0.440  261.08198     0.0774    98.0845 1.5261e-02       8001         24 0.0000e+00
    166.937   16.56724 -106.97042    168.000    12.4608    12.4607    12.4384    34.8105    34.8175  1027.1044    26.3529 6.6125e-02      0.431  261.11358     0.0767    98.1026 1.4312e-02       8025         25 0.0000e+00
    167.931   16.56724 -106.97042    169.000    12.4543    12.4542    12.4318    34.8094    34.8166  1027.1093    26.3533 6.9690e-02      0.428  261.14992     0.0764    98.1097 1.4117e-02       8050         23 0.0000e+00
    168.924   16.56724 -106.97042    170.000    12.4351    12.4350    12.4125    34.8079    34.8150  1027.1164    26.3559 6.8879e-02      0.430  261.25613     0.0789    98.0467 1.3906e-02       8073         21 0.0000e+00
    169.917   16.56724 -106.97042    171.000    12.4094    12.4092    12.3866    34.8068    34.8138  1027.1251    26.3600 6.8716e-02      0.441  261.39662     0.0779    98.0704 1.3413e-02       8094         21 0.0000e+00
    170.910   16.56724 -106.97042    172.000    12.4048    12.4049    12.3820    34.8062    34.8133  1027.1300    26.3605 6.5914e-02      0.440  261.42214     0.0768    98.0978 1.2629e-02       8116         24 0.0000e+00
    171.904   16.56724 -106.97042    173.000    12.3965    12.3965    12.3736    34.8052    34.8123  1027.1353    26.3613 6.8039e-02      0.416  261.46866     0.0765    98.1069 1.2040e-02       8139         25 0.0000e+00
    172.897   16.56724 -106.97042    174.000    12.3893    12.3893    12.3661    34.8043    34.8115  1027.1406    26.3621 6.7642e-02      0.408  261.50946     0.0766    98.1053 1.1671e-02       8165         26 0.0000e+00
    173.890   16.56724 -106.97042    175.000    12.3872    12.3872    12.3640    34.8040    34.8111  1027.1452    26.3622 6.8130e-02      0.458  261.52100     0.0764    98.1084 1.1222e-02       8191         25 0.0000e+00
    174.883   16.56724 -106.97042    176.000    12.3842    12.3841    12.3608    34.8031    34.8104  1027.1496    26.3621 6.6702e-02      0.377  261.53909     0.0768    98.0977 1.1101e-02       8215         24 0.0000e+00
    175.877   16.56724 -106.97042    177.000    12.3775    12.3776    12.3540    34.8025    34.8096  1027.1549    26.3629 6.7737e-02      0.332  261.57603     0.0775    98.0807 1.0356e-02       8239         24 0.0000e+00
    176.870   16.56722 -106.97042    178.000    12.3704    12.3705    12.3468    34.8013    34.8086  1027.1598    26.3634 6.7765e-02      0.379  261.61645     0.0767    98.1026 1.0105e-02       8263         24 0.0000e+00
    177.863   16.56722 -106.97042    179.000    12.3608    12.3610    12.3370    34.8005    34.8076  1027.1656    26.3646 6.9201e-02      0.308  261.66977     0.0765    98.1071 9.5479e-03       8289         27 0.0000e+00
    178.856   16.56723 -106.97042    180.000    12.3524    12.3527    12.3286    34.7997    34.8071  1027.1711    26.3656 6.7742e-02      0.296  261.71633     0.0766    98.1052 9.5397e-03       8316         26 0.0000e+00
    179.850   16.56724 -106.97042    181.000    12.3445    12.3448    12.3205    34.7989    34.8060  1027.1765    26.3665 6.9037e-02      0.344  261.76083     0.0777    98.0757 8.5338e-03       8342         24 0.0000e+00
    180.843   16.56724 -106.97042    182.000    12.3294    12.3296    12.3053    34.7976    34.8046  1027.1829    26.3685 7.0622e-02      0.315  261.84454     0.0776    98.0780 8.5091e-03       8366         26 0.0000e+00
    181.836   16.56724 -106.97042    183.000    12.3038    12.3045    12.2796    34.7958    34.8028  1027.1910    26.3720 7.0514e-02      0.320  261.98635     0.0775    98.0798 8.4572e-03       8392         28 0.0000e+00
    182.829   16.56724 -106.97042    184.000    12.2817    12.2827    12.2574    34.7938    34.8008  1027.1983    26.3747 6.6488e-02      0.302  262.10966     0.0767    98.1012 8.0601e-03       8419         25 0.0000e+00
    183.822   16.56724 -106.97042    185.000    12.2334    12.2339    12.2090    34.7910    34.7977  1027.2101    26.3819 6.7809e-02      0.316  262.37613     0.0784    98.0588 8.0738e-03       8444         22 0.0000e+00
    184.815   16.56724 -106.97042    186.000    12.2170    12.2169    12.1925    34.7905    34.7975  1027.2174    26.3847 6.9145e-02      0.329  262.46616     0.0845    97.9111 7.8427e-03       8466         21 0.0000e+00
    185.809   16.56724 -106.97042    187.000    12.2113    12.2115    12.1867    34.7893    34.7964  1027.2221    26.3849 6.7647e-02      0.348  262.49879     0.0769    98.0969 7.7179e-03       8486         21 0.0000e+00
    186.802   16.56724 -106.97042    188.000    12.1841    12.1844    12.1593    34.7881    34.7952  1027.2310    26.3892 6.8202e-02      0.352  262.64928     0.0775    98.0805 7.1854e-03       8507         21 0.0000e+00
    187.795   16.56724 -106.97042    189.000    12.1730    12.1728    12.1482    34.7884    34.7955  1027.2378    26.3916 6.8527e-02      0.293  262.70874     0.0770    98.0943 6.9366e-03       8529         24 0.0000e+00
    188.788   16.56722 -106.97042    190.000    12.1688    12.1689    12.1438    34.7880    34.7952  1027.2428    26.3921 6.9042e-02      0.277  262.73221     0.0766    98.1040 6.9481e-03       8555         27 0.0000e+00
    189.781   16.56723 -106.97042    191.000    12.1680    12.1682    12.1429    34.7878    34.7949  1027.2472    26.3920 6.9600e-02      0.311  262.73685     0.0767    98.1003 6.7918e-03       8583         27 0.0000e+00
    190.774   16.56724 -106.97042    192.000    12.1651    12.1654    12.1399    34.7872    34.7942  1027.2518    26.3922 6.9597e-02      0.333  262.75383     0.0770    98.0928 6.3299e-03       8610         25 0.0000e+00
    191.768   16.56724 -106.97042    193.000    12.1598    12.1600    12.1345    34.7867    34.7939  1027.2569    26.3928 6.7764e-02      0.324  262.78347     0.0769    98.0955 5.7095e-03       8635         24 0.0000e+00
    192.761   16.56724 -106.97042    194.000    12.1537    12.1541    12.1282    34.7859    34.7930  1027.2620    26.3934 6.9311e-02      0.272  262.81827     0.0770    98.0937 5.7076e-03       8659         25 0.0000e+00
    193.754   16.56724 -106.97042    195.000    12.1381    12.1388    12.1126    34.7847    34.7918  1027.2686    26.3954 6.7768e-02      0.303  262.90498     0.0772    98.0883 5.6019e-03       8685         28 0.0000e+00
    194.747   16.56724 -106.97042    196.000    12.1255    12.1258    12.0998    34.7841    34.7912  1027.2751    26.3974 6.9119e-02      0.293  262.97507     0.0766    98.1045 5.2594e-03       8715         29 0.0000e+00
    195.740   16.56724 -106.97042    197.000    12.1187    12.1190    12.0929    34.7833    34.7904  1027.2803    26.3981 6.7636e-02      0.296  263.01342     0.0766    98.1033 5.2526e-03       8743         28 0.0000e+00
    196.733   16.56724 -106.97042    198.000    12.1129    12.1131    12.0870    34.7828    34.7899  1027.2854    26.3988 6.9110e-02      0.287  263.04568     0.0771    98.0917 5.0457e-03       8769         23 0.0000e+00
    197.727   16.56724 -106.97042    199.000    12.1077    12.1079    12.0816    34.7824    34.7896  1027.2906    26.3994 6.8545e-02      0.285  263.07516     0.0772    98.0892 4.5162e-03       8791         21 0.0000e+00
    198.720   16.56724 -106.97042    200.000    12.1041    12.1043    12.0780    34.7820    34.7892  1027.2955    26.3999 7.0480e-02      0.293  263.09504     0.0776    98.0792 4.3874e-03       8812         21 0.0000e+00
    199.713   16.56724 -106.97042    201.000    12.1005    12.1005    12.0742    34.7818    34.7889  1027.3005    26.4004 6.6617e-02      0.293  263.11536     0.0777    98.0752 4.3272e-03       8832         19 0.0000e+00
    200.706   16.56724 -106.97042    202.000    12.0935    12.0937    12.0670    34.7811    34.7883  1027.3058    26.4012 6.8814e-02      0.293  263.15491     0.0780    98.0699 4.3247e-03       8853         20 0.0000e+00
    201.699   16.56724 -106.97042    203.000    12.0850    12.0852    12.0584    34.7806    34.7878  1027.3116    26.4024 6.8252e-02      0.293  263.20225     0.0768    98.0979 4.2529e-03       8873         22 0.0000e+00
    202.692   16.56724 -106.97042    204.000    12.0667    12.0674    12.0400    34.7795    34.7866  1027.3187    26.4051 6.6391e-02      0.293  263.30399     0.0766    98.1042 4.1972e-03       8896         24 0.0000e+00
    203.685   16.56724 -106.97042    205.000    12.0455    12.0452    12.0188    34.7794    34.7866  1027.3273    26.4091 6.7601e-02      0.294  263.41955     0.0766    98.1032 4.0964e-03       8921         26 0.0000e+00
    204.678   16.56724 -106.97042    206.000    12.0391    12.0397    12.0122    34.7793    34.7865  1027.3329    26.4102 6.8245e-02      0.294  263.45474     0.0767    98.1007 3.7036e-03       8950         30 0.0000e+00
    205.671   16.56724 -106.97042    207.000    12.0227    12.0231    11.9957    34.7776    34.7847  1027.3393    26.4120 6.8527e-02      0.284  263.54756     0.0767    98.1016 3.4523e-03       8980         31 0.0000e+00
    206.665   16.56724 -106.97042    208.000    12.0066    12.0074    11.9795    34.7758    34.7829  1027.3455    26.4137 6.7980e-02      0.297  263.63898     0.0769    98.0975 3.0760e-03       9009         27 0.0000e+00
    207.658   16.56724 -106.97042    209.000    11.9915    11.9920    11.9643    34.7749    34.7819  1027.3522    26.4159 6.8292e-02      0.297  263.72320     0.0768    98.0995 3.2621e-03       9038         28 0.0000e+00
    208.650   16.56724 -106.97042    210.000    11.9725    11.9729    11.9452    34.7747    34.7817  1027.3602    26.4194 6.9187e-02      0.295  263.82765     0.0815    97.9836 2.8638e-03       9065         27 0.0000e+00
    209.644   16.56724 -106.97042    211.000    11.9642    11.9644    11.9367    34.7745    34.7817  1027.3661    26.4208 6.8842e-02      0.281  263.87369     0.1292    96.8221 2.9191e-03       9090         24 0.0000e+00
    210.637   16.56724 -106.97042    212.000    11.9558    11.9560    11.9283    34.7744    34.7815  1027.3721    26.4223 6.8725e-02      0.301  263.91947     0.1241    96.9444 2.9287e-03       9113         21 0.0000e+00
    211.630   16.56724 -106.97042    213.000    11.9470    11.9471    11.9193    34.7742    34.7813  1027.3782    26.4238 6.9906e-02      0.298  263.96845     0.1148    97.1706 2.8622e-03       9136         24 0.0000e+00
    212.623   16.56724 -106.97042    214.000    11.9371    11.9372    11.9093    34.7745    34.7816  1027.3848    26.4260 6.9601e-02      0.295  264.02202     0.0840    97.9210 2.8624e-03       9158         22 0.0000e+00
    213.616   16.56724 -106.97042    215.000    11.9289    11.9291    11.9010    34.7747    34.7818  1027.3910    26.4277 6.7304e-02      0.279  264.06644     0.0763    98.1103 2.8624e-03       9180         20 0.0000e+00
    214.609   16.56724 -106.97042    216.000    11.9216    11.9218    11.8936    34.7751    34.7822  1027.3972    26.4293 6.8207e-02      0.283  264.10593     0.0764    98.1092 2.7958e-03       9201         21 0.0000e+00
    215.602   16.56724 -106.97042    217.000    11.9177    11.9176    11.8895    34.7753    34.7824  1027.4026    26.4303 6.9918e-02      0.300  264.12710     0.0762    98.1132 2.7254e-03       9221         20 0.0000e+00
    216.595   16.56724 -106.97042    218.000    11.9120    11.9120    11.8837    34.7753    34.7823  1027.4081    26.4313 6.6479e-02      0.305  264.15847     0.0763    98.1103 2.6983e-03       9241         17 0.0000e+00
