data/ctd-cnv/SKQ1617/SKQ1617-St16-P2/skq201617s-041avg.cnv
* Sea-Bird SBE 9 Data File:
* FileName = D:\CTD\SKQ201617S\SKQ201617S-041.hex
* Software Version Seasave V 7.22.5
* Temperature SN = 5773
* Conductivity SN = 2251
* Number of Bytes Per Scan = 37
* Number of Voltage Words = 4
* Number of Scans Averaged by the Deck Unit = 1
* NMEA Latitude = 16 33.31 N
* NMEA Longitude = 106 58.36 W
* NMEA UTC (Time) = Jan 12 2017  14:02:36
* NMEA baud rate = 4800
** Ship: R/V Sikuliaq
** Station Number: 41
** Station Name: Station 16/P2
** Depth: 2963
** Operator:
** exploring deep nitrite max
# nquan = 20
# nvalues = 502                         
# units = specified
# name 0 = depSMignore: Depth [salt water, m]
# name 1 = latitude: Latitude [deg]
# name 2 = longitude: Longitude [deg]
# name 3 = prDM: Pressure, Digiquartz [db]
# name 4 = t090C: Temperature [ITS-90, deg C]
# name 5 = t190C: Temperature, 2 [ITS-90, deg C]
# name 6 = potemp090C: Potential Temperature [ITS-90, deg C]
# name 7 = sal00: Salinity, Practical [PSU]
# name 8 = sal11: Salinity, Practical, 2 [PSU]
# name 9 = density00: Density [density, kg/m^3]
# name 10 = sigma-t00: Density [sigma-t, kg/m^3 ]
# name 11 = flSP: Fluorescence, Seapoint
# name 12 = sbox0Mm/Kg: Oxygen, SBE 43 [umol/kg]
# name 13 = oxsolMm/Kg: Oxygen Saturation, Garcia & Gordon [umol/kg]
# name 14 = CStarAt0: Beam Attenuation, WET Labs C-Star [1/m]
# name 15 = CStarTr0: Beam Transmission, WET Labs C-Star [%]
# name 16 = par: PAR/Irradiance, Biospherical/Licor
# name 17 = scan: Scan Count
# name 18 = nbin: number of scans per bin
# name 19 = flag: flag
# span 0 =      2.982,    500.407       
# span 1 =   16.55512,   16.55514       
# span 2 = -106.97264, -106.97262       
# span 3 =      3.000,    504.000       
# span 4 =     8.0076,    28.7883       
# span 5 =     8.0079,    28.7881       
# span 6 =     7.9560,    28.7773       
# span 7 =    33.5004,    34.8148       
# span 8 =    33.5104,    34.8226       
# span 9 =  1021.0531,  1029.2208       
# span 10 =    21.0384,    26.9352      
# span 11 = 6.6214e-02, 1.6598e+00      
# span 12 =      0.084,    191.131      
# span 13 =  196.14806,  287.76690      
# span 14 =     0.0651,     0.2359      
# span 15 =    94.2719,    98.3876      
# span 16 = 1.0000e-12, 9.7113e+01      
# span 17 =       -141,      18223      
# span 18 =         14,        635      
# span 19 = 0.0000e+00, 0.0000e+00      
# interval = decibars: 1                
# start_time = Jan 12 2017 14:02:36 [NMEA time, header]
# bad_flag = -9.990e-29
*END*
[from data line 435]
    434.946   16.55512 -106.97264    438.000     8.8988     8.8988     8.8511    34.6043    34.6117  1028.8079    26.8244 7.1990e-02      0.169  282.07048     0.0670    98.3394 1.0000e-12      14338         31 0.0000e+00
    435.938   16.55512 -106.97264    439.000     8.8807     8.8808     8.8330    34.6038    34.6112  1028.8151    26.8269 7.1537e-02      0.151  282.18359     0.0671    98.3358 1.0000e-12      14368         30 0.0000e+00
    436.930   16.55512 -106.97264    440.000     8.8750     8.8753     8.8272    34.6035    34.6110  1028.8203    26.8276 7.1217e-02      0.152  282.21934     0.0677    98.3206 1.0000e-12      14397         27 0.0000e+00
    437.923   16.55512 -106.97264    441.000     8.8713     8.8716     8.8234    34.6031    34.6107  1028.8252    26.8279 7.4202e-02      0.144  282.24328     0.0670    98.3396 1.0000e-12      14422         24 0.0000e+00
    438.914   16.55513 -106.97264    442.000     8.8597     8.8600     8.8117    34.6023    34.6097  1028.8310    26.8291 7.2432e-02      0.142  282.31672     0.0667    98.3465 1.0000e-12      14444         22 0.0000e+00
    439.906   16.55514 -106.97264    443.000     8.8319     8.8325     8.7839    34.6023    34.6097  1028.8402    26.8335 7.1763e-02      0.175  282.48963     0.0668    98.3430 1.0000e-12      14466         22 0.0000e+00
    440.898   16.55514 -106.97264    444.000     8.8282     8.8284     8.7801    34.6021    34.6095  1028.8451    26.8339 7.0082e-02      0.161  282.51281     0.0666    98.3489 1.0000e-12      14489         22 0.0000e+00
    441.890   16.55514 -106.97264    445.000     8.8258     8.8259     8.7776    34.6017    34.6092  1028.8497    26.8340 7.0979e-02      0.127  282.52899     0.0670    98.3382 1.0000e-12      14512         24 0.0000e+00
    442.882   16.55514 -106.97264    446.000     8.8231     8.8233     8.7748    34.6016    34.6091  1028.8545    26.8343 7.0229e-02      0.146  282.54559     0.0678    98.3176 1.0000e-12      14535         23 0.0000e+00
    443.874   16.55514 -106.97264    447.000     8.8123     8.8124     8.7639    34.6008    34.6083  1028.8603    26.8354 7.0432e-02      0.151  282.61459     0.0672    98.3348 1.0000e-12      14558         22 0.0000e+00
    444.866   16.55514 -106.97264    448.000     8.7998     8.8001     8.7514    34.6004    34.6078  1028.8665    26.8370 7.1431e-02      0.161  282.69303     0.0672    98.3334 1.0000e-12      14580         22 0.0000e+00
    445.858   16.55514 -106.97264    449.000     8.7821     8.7823     8.7336    34.5993    34.6068  1028.8731    26.8390 7.2138e-02      0.156  282.80564     0.0673    98.3314 1.0000e-12      14602         23 0.0000e+00
    446.850   16.55514 -106.97264    450.000     8.7542     8.7545     8.7056    34.5982    34.6057  1028.8814    26.8425 7.1048e-02      0.143  282.98198     0.0670    98.3393 1.0000e-12      14625         23 0.0000e+00
    447.842   16.55514 -106.97264    451.000     8.7430     8.7433     8.6943    34.5982    34.6056  1028.8878    26.8443 7.3583e-02      0.147  283.05180     0.0670    98.3394 1.0000e-12      14648         23 0.0000e+00
    448.834   16.55514 -106.97264    452.000     8.7299     8.7304     8.6813    34.5974    34.6049  1028.8939    26.8457 7.1853e-02      0.149  283.13451     0.0670    98.3394 1.0000e-12      14672         24 0.0000e+00
    449.826   16.55512 -106.97264    453.000     8.7196     8.7198     8.6709    34.5971    34.6045  1028.8999    26.8471 7.1353e-02      0.148  283.19975     0.0674    98.3295 1.0000e-12      14697         27 0.0000e+00
    450.818   16.55512 -106.97264    454.000     8.7098     8.7100     8.6610    34.5963    34.6037  1028.9054    26.8480 7.2907e-02      0.151  283.26259     0.0667    98.3469 1.0000e-12      14725         29 0.0000e+00
    451.809   16.55512 -106.97264    455.000     8.6973     8.6977     8.6485    34.5960    34.6033  1028.9117    26.8497 7.2465e-02      0.129  283.34101     0.0671    98.3363 1.0000e-12      14755         28 0.0000e+00
    452.801   16.55513 -106.97264    456.000     8.6924     8.6926     8.6434    34.5957    34.6031  1028.9169    26.8503 7.3768e-02      0.133  283.37260     0.0674    98.3282 1.0000e-12      14782         24 0.0000e+00
    453.793   16.55514 -106.97264    457.000     8.6828     8.6829     8.6337    34.5948    34.6022  1028.9222    26.8511 7.2727e-02      0.153  283.43445     0.0669    98.3408 1.0000e-12      14803         21 0.0000e+00
    454.785   16.55514 -106.97264    458.000     8.6685     8.6688     8.6194    34.5937    34.6010  1028.9283    26.8525 7.1537e-02      0.159  283.52589     0.0667    98.3462 1.0000e-12      14823         19 0.0000e+00
    455.777   16.55514 -106.97264    459.000     8.6378     8.6380     8.5887    34.5937    34.6010  1028.9378    26.8572 7.1170e-02      0.170  283.71857     0.0666    98.3493 1.0000e-12      14843         21 0.0000e+00
    456.769   16.55514 -106.97264    460.000     8.6316     8.6321     8.5823    34.5932    34.6008  1028.9430    26.8579 7.1947e-02      0.160  283.75832     0.0668    98.3445 1.0000e-12      14869         31 0.0000e+00
    457.761   16.55514 -106.97264    461.000     8.6287     8.6289     8.5794    34.5926    34.6000  1028.9475    26.8578 7.3180e-02      0.155  283.77768     0.0668    98.3439 1.0000e-12      14904         35 0.0000e+00
    458.753   16.55514 -106.97264    462.000     8.6204     8.6206     8.5710    34.5924    34.5998  1028.9532    26.8589 7.1551e-02      0.155  283.83022     0.0665    98.3515 1.0000e-12      14933         24 0.0000e+00
    459.745   16.55514 -106.97264    463.000     8.6059     8.6062     8.5564    34.5920    34.5994  1028.9598    26.8609 7.2554e-02      0.142  283.92217     0.0665    98.3511 1.0000e-12      14955         20 0.0000e+00
    460.736   16.55514 -106.97264    464.000     8.5912     8.5914     8.5417    34.5921    34.5994  1028.9669    26.8633 7.2295e-02      0.125  284.01393     0.0660    98.3628 1.0000e-12      14974         19 0.0000e+00
    461.728   16.55514 -106.97264    465.000     8.5684     8.5684     8.5188    34.5916    34.5989  1028.9747    26.8664 7.3054e-02      0.114  284.15838     0.0662    98.3574 1.0000e-12      14993         19 0.0000e+00
    462.720   16.55514 -106.97264    466.000     8.5520     8.5520     8.5024    34.5915    34.5990  1028.9819    26.8689 7.1454e-02      0.127  284.26144     0.0670    98.3397 1.0000e-12      15012         20 0.0000e+00
    463.712   16.55514 -106.97264    467.000     8.5413     8.5414     8.4916    34.5908    34.5983  1028.9877    26.8700 7.3766e-02      0.178  284.32995     0.0661    98.3608 1.0000e-12      15034         22 0.0000e+00
    464.704   16.55514 -106.97264    468.000     8.5282     8.5283     8.4785    34.5904    34.5978  1028.9940    26.8717 7.2579e-02      0.144  284.41299     0.0659    98.3644 1.0000e-12      15056         22 0.0000e+00
    465.696   16.55514 -106.97264    469.000     8.5130     8.5132     8.4632    34.5897    34.5972  1029.0005    26.8735 7.2272e-02      0.112  284.51014     0.0665    98.3508 1.0000e-12      15078         19 0.0000e+00
    466.688   16.55514 -106.97264    470.000     8.4915     8.4918     8.4417    34.5895    34.5968  1029.0083    26.8767 7.2383e-02      0.185  284.64605     0.0664    98.3541 1.0000e-12      15100         25 0.0000e+00
    467.679   16.55514 -106.97264    471.000     8.4762     8.4767     8.4263    34.5887    34.5961  1029.0147    26.8784 7.3911e-02      0.164  284.74430     0.0665    98.3513 1.0000e-12      15126         31 0.0000e+00
    468.671   16.55514 -106.97264    472.000     8.4424     8.4436     8.3925    34.5873    34.5951  1029.0237    26.8826 7.1700e-02      0.147  284.96059     0.0662    98.3580 1.0000e-12      15161         39 0.0000e+00
    469.663   16.55514 -106.97264    473.000     8.4309     8.4311     8.3809    34.5862    34.5937  1029.0293    26.8835 7.1605e-02      0.149  285.03571     0.0661    98.3613 1.0000e-12      15198         31 0.0000e+00
    470.655   16.55514 -106.97264    474.000     8.4198     8.4199     8.3698    34.5857    34.5931  1029.0352    26.8848 7.1798e-02      0.148  285.10691     0.0658    98.3677 1.0000e-12      15225         25 0.0000e+00
    471.646   16.55514 -106.97264    475.000     8.4075     8.4077     8.3574    34.5849    34.5924  1029.0411    26.8861 7.2782e-02      0.152  285.18614     0.0659    98.3655 1.0000e-12      15249         22 0.0000e+00
    472.638   16.55514 -106.97264    476.000     8.3849     8.3851     8.3348    34.5841    34.5914  1029.0487    26.8889 7.3101e-02      0.144  285.33086     0.0658    98.3679 1.0000e-12      15271         22 0.0000e+00
    473.630   16.55514 -106.97264    477.000     8.3728     8.3731     8.3227    34.5837    34.5911  1029.0548    26.8904 7.4163e-02      0.167  285.40790     0.0663    98.3558 1.0000e-12      15292         18 0.0000e+00
    474.622   16.55514 -106.97264    478.000     8.3508     8.3509     8.3006    34.5830    34.5903  1029.0624    26.8933 7.2895e-02      0.170  285.54893     0.0665    98.3505 1.0000e-12      15312         21 0.0000e+00
    475.614   16.55514 -106.97264    479.000     8.3215     8.3216     8.2713    34.5831    34.5904  1029.0718    26.8979 7.3801e-02      0.158  285.73448     0.0662    98.3576 1.0000e-12      15332         20 0.0000e+00
    476.605   16.55514 -106.97264    480.000     8.3030     8.3031     8.2527    34.5831    34.5905  1029.0793    26.9007 7.4543e-02      0.158  285.85240     0.0662    98.3577 1.0000e-12      15353         20 0.0000e+00
    477.597   16.55514 -106.97264    481.000     8.2954     8.2955     8.2450    34.5830    34.5905  1029.0850    26.9018 7.2719e-02      0.137  285.90083     0.0659    98.3656 1.0000e-12      15373         21 0.0000e+00
    478.589   16.55514 -106.97264    482.000     8.2933     8.2935     8.2429    34.5825    34.5900  1029.0894    26.9017 7.2623e-02      0.163  285.91495     0.0658    98.3689 1.0000e-12      15395         23 0.0000e+00
    479.581   16.55514 -106.97264    483.000     8.2927     8.2931     8.2422    34.5821    34.5896  1029.0937    26.9014 7.2101e-02      0.153  285.91946     0.0659    98.3656 1.0000e-12      15418         25 0.0000e+00
    480.573   16.55514 -106.97264    484.000     8.2924     8.2927     8.2417    34.5819    34.5893  1029.0981    26.9013 7.2934e-02      0.151  285.92221     0.0659    98.3644 1.0000e-12      15443         24 0.0000e+00
    481.564   16.55514 -106.97264    485.000     8.2910     8.2912     8.2402    34.5813    34.5887  1029.1024    26.9011 7.3755e-02      0.160  285.93244     0.0660    98.3646 1.0000e-12      15469         28 0.0000e+00
    482.556   16.55514 -106.97264    486.000     8.2517     8.2517     8.2010    34.5794    34.5870  1029.1118    26.9055 7.1977e-02      0.128  286.18599     0.0661    98.3618 1.0000e-12      15499         34 0.0000e+00
    483.548   16.55514 -106.97264    487.000     8.1944     8.1970     8.1438    34.5786    34.5860  1029.1250    26.9136 7.3036e-02      0.135  286.55267     0.0659    98.3655 1.0000e-12      15535         33 0.0000e+00
    484.540   16.55514 -106.97264    488.000     8.1781     8.1770     8.1275    34.5777    34.5851  1029.1315    26.9154 7.3546e-02      0.177  286.65867     0.0655    98.3754 1.0000e-12      15566         27 0.0000e+00
    485.531   16.55514 -106.97264    489.000     8.1609     8.1617     8.1102    34.5771    34.5847  1029.1382    26.9175 7.2912e-02      0.176  286.76973     0.0659    98.3655 1.0000e-12      15589         21 0.0000e+00
    486.523   16.55514 -106.97264    490.000     8.1517     8.1533     8.1009    34.5769    34.5841  1029.1441    26.9188 7.2155e-02      0.165  286.82930     0.0656    98.3721 1.0000e-12      15610         20 0.0000e+00
    487.515   16.55514 -106.97264    491.000     8.1484     8.1487     8.0975    34.5762    34.5836  1029.1486    26.9187 7.1724e-02      0.143  286.85168     0.0655    98.3754 1.0000e-12      15632         26 0.0000e+00
    488.507   16.55514 -106.97264    492.000     8.1463     8.1464     8.0953    34.5757    34.5832  1029.1531    26.9186 7.1958e-02      0.166  286.86609     0.0656    98.3733 1.0000e-12      15661         34 0.0000e+00
    489.498   16.55514 -106.97264    493.000     8.1420     8.1424     8.0910    34.5752    34.5826  1029.1579    26.9189 7.3503e-02      0.118  286.89465     0.0655    98.3750 1.0000e-12      15697         33 0.0000e+00
    490.490   16.55514 -106.97264    494.000     8.1305     8.1308     8.0794    34.5747    34.5821  1029.1639    26.9203 7.0163e-02      0.110  286.96913     0.0651    98.3876 1.0000e-12      15726         26 0.0000e+00
    491.482   16.55514 -106.97264    495.000     8.1179     8.1182     8.0667    34.5743    34.5818  1029.1701    26.9219 7.2226e-02      0.192  287.05067     0.0653    98.3809 1.0000e-12      15754         29 0.0000e+00
    492.473   16.55513 -106.97264    496.000     8.1480     8.1572     8.0966    34.5742    34.5824  1029.1697    26.9172 7.2153e-02      0.125  286.85842     0.0657    98.3705 1.0000e-12      15889        229 0.0000e+00
    493.465   16.55513 -106.97264    497.000     8.1869     8.2004     8.1352    34.5744    34.5822  1029.1681    26.9115 7.2824e-02      0.131  286.60951     0.0659    98.3669 1.0000e-12      16172        201 0.0000e+00
    494.457   16.55512 -106.97264    498.000     8.1599     8.1639     8.1083    34.5731    34.5815  1029.1759    26.9145 7.3177e-02      0.129  286.78437     0.0657    98.3701 1.0000e-12      16340         60 0.0000e+00
    495.449   16.55514 -106.97264    499.000     8.1560     8.1573     8.1042    34.5741    34.5811  1029.1819    26.9159 7.2951e-02      0.108  286.80768     0.0658    98.3676 1.0000e-12      16372         36 0.0000e+00
    496.440   16.55514 -106.97264    500.000     8.1275     8.1195     8.0758    34.5717    34.5793  1029.1891    26.9183 7.3525e-02      0.147  286.99450     0.0657    98.3720 1.0000e-12      16408         40 0.0000e+00
    497.432   16.55513 -106.97264    501.000     8.0956     8.0769     8.0438    34.5741    34.5800  1029.2006    26.9250 7.2808e-02      0.142  287.19436     0.0661    98.3601 1.0000e-12      16476         92 0.0000e+00
    498.424   16.55512 -106.97264    502.000     8.0339     8.0323     7.9823    34.5705    34.5780  1029.2123    26.9315 7.4487e-02      0.128  287.59722     0.0666    98.3497 1.0000e-12      16541         37 0.0000e+00
    499.415   16.55512 -106.97264    503.000     8.0076     8.0079     7.9560    34.5702    34.5779  1029.2208    26.9352 7.2757e-02      0.135  287.76690     0.0651    98.3858 1.0000e-12      16575         41 0.0000e+00
    500.407   16.55513 -106.97264    504.000     8.1094     8.1099     8.0573    34.5700    34.5777  1029.2088    26.9198 7.2652e-02      0.084  287.11401     0.0660    98.3629 1.0000e-12      18223        635 0.0000e+00
