data/ctd-cnv/SKQ1617/SKQ1617-St16-P2/skq201617s-031avg.cnv
* Sea-Bird SBE 9 Data File:
* FileName = D:\CTD\SKQ201617S\SKQ201617S-031.hex
* Software Version Seasave V 7.22.5
* Temperature SN = 5773
* Conductivity SN = 2251
* Number of Bytes Per Scan = 37
* Number of Voltage Words = 4
* Number of Scans Averaged by the Deck Unit = 1
* NMEA Latitude = 16 32.39 N
* NMEA Longitude = 107 08.76 W
* NMEA UTC (Time) = Jan 08 2017  01:06:06
* NMEA baud rate = 4800
** Ship: R/V Sikuliaq
** Station Number: 31
** Station Name: Station 16/P2
** Depth: 3484
** Operator: Clara
# nquan = 23
# nvalues = 1006                        
# units = specified
# name 0 = depSMignore: Depth [salt water, m]
# name 1 = latitude: Latitude [deg]
# name 2 = longitude: Longitude [deg]
# name 3 = prDM: Pressure, Digiquartz [db]
# name 4 = t090C: Temperature [ITS-90, deg C]
# name 5 = t190C: Temperature, 2 [ITS-90, deg C]
# name 6 = potemp090C: Potential Temperature [ITS-90, deg C]
# name 7 = sal00: Salinity, Practical [PSU]
# name 8 = sal11: Salinity, Practical, 2 [PSU]
# name 9 = density00: Density [density, kg/m^3]
# name 10 = sigma-t00: Density [sigma-t, kg/m^3 ]
# name 11 = flSP: Fluorescence, Seapoint
# name 12 = sbox0Mm/Kg: Oxygen, SBE 43 [umol/kg]
# name 13 = oxsolMm/Kg: Oxygen Saturation, Garcia & Gordon [umol/kg]
# name 14 = CStarAt0: Beam Attenuation, WET Labs C-Star [1/m]
# name 15 = CStarTr0: Beam Transmission, WET Labs C-Star [%]
# name 16 = v2: Voltage 2
# name 17 = v3: Voltage 3
# name 18 = ph: pH
# name 19 = par: PAR/Irradiance, Biospherical/Licor
# name 20 = scan: Scan Count
# name 21 = nbin: number of scans per bin
# name 22 = flag: flag
# span 0 =      3.976,   1000.596       
# span 1 =   16.53982,   16.53984       
# span 2 = -107.14606, -107.14604       
# span 3 =      4.000,   1009.000       
# span 4 =     4.8135,    28.6130       
# span 5 =     4.8139,    28.6118       
# span 6 =     4.7309,    28.6056       
# span 7 =    33.4681,    34.8182       
# span 8 =    33.4779,    34.8255       
# span 9 =  1021.0790,  1031.9611       
# span 10 =    21.0531,    27.3315      
# span 11 = 6.5781e-02, 2.2392e+00      
# span 12 =     -0.043,    200.583      
# span 13 =  196.68678,  309.80387      
# span 14 =     0.0565,     0.2643      
# span 15 =    93.6071,    98.5973      
# span 16 =     1.3675,     3.7106      
# span 17 =     0.6944,     2.4356      
# span 18 =      6.286,      6.937      
# span 19 = -5.702e-08, 7.1307e-01      
# span 20 =        862,      32953      
# span 21 =         17,       2717      
# span 22 = 0.0000e+00, 0.0000e+00      
# interval = decibars: 1                
# start_time = Jan 08 2017 01:06:06 [NMEA time, header]
# bad_flag = -9.990e-29
*END*
[from data line 126]
    129.190   16.53982 -107.14606    130.000    13.7416    13.7402    13.7231    34.7853    34.7928  1026.6541    26.0751 5.7272e-01      0.770  254.44461     0.1490    96.3433     3.6885     1.3733      6.859 1.0239e-02       7096         34 0.0000e+00
    130.183   16.53984 -107.14606    131.000    13.7078    13.7066    13.6892    34.7844    34.7919  1026.6649    26.0815 5.5505e-01      0.658  254.61911     0.1504    96.3106     3.6885     1.3693      6.859 9.8583e-03       7129         31 0.0000e+00
    131.177   16.53984 -107.14606    132.000    13.6961    13.6959    13.6774    34.7836    34.7908  1026.6713    26.0833 5.3788e-01      0.717  254.68062     0.1517    96.2791     3.6886     1.3665      6.858 9.8649e-03       7157         25 0.0000e+00
    132.170   16.53984 -107.14606    133.000    13.6878    13.6876    13.6689    34.7835    34.7908  1026.6773    26.0849 5.1447e-01      0.652  254.72361     0.1504    96.3104     3.6886     1.3643      6.856 9.8649e-03       7181         21 0.0000e+00
    133.164   16.53984 -107.14606    134.000    13.6843    13.6842    13.6653    34.7831    34.7905  1026.6822    26.0853 5.0279e-01      0.652  254.74207     0.1491    96.3416     3.6889     1.3624      6.855 9.9364e-03       7201         21 0.0000e+00
    134.157   16.53984 -107.14606    135.000    13.6772    13.6770    13.6581    34.7829    34.7901  1026.6880    26.0866 5.0729e-01      0.620  254.77845     0.1486    96.3532     3.6891     1.3608      6.855 9.8020e-03       7221         22 0.0000e+00
    135.150   16.53984 -107.14606    136.000    13.6663    13.6661    13.6471    34.7818    34.7891  1026.6939    26.0881 5.1689e-01      0.571  254.83627     0.1491    96.3405     3.6892     1.3595      6.854 9.8609e-03       7242         21 0.0000e+00
    136.144   16.53982 -107.14606    137.000    13.6368    13.6368    13.6174    34.7815    34.7888  1026.7043    26.0939 5.1716e-01      0.591  254.98854     0.1493    96.3368     3.6892     1.3576      6.854 9.8649e-03       7264         22 0.0000e+00
    137.137   16.53982 -107.14606    138.000    13.5954    13.5947    13.5759    34.7820    34.7891  1026.7178    26.1029 5.1324e-01      0.542  255.20040     0.1508    96.3008     3.6892     1.3550      6.854 9.8649e-03       7288         25 0.0000e+00
    138.131   16.53984 -107.14606    139.000    13.5309    13.5305    13.5113    34.7873    34.7946  1026.7397    26.1202 4.6806e-01      0.539  255.52317     0.1496    96.3294     3.6895     1.3511      6.854 9.8649e-03       7313         25 0.0000e+00
    139.124   16.53984 -107.14606    140.000    13.5142    13.5139    13.4945    34.7871    34.7945  1026.7475    26.1235 4.6145e-01      0.583  255.60985     0.1470    96.3905     3.6897     1.3485      6.854 9.7531e-03       7338         25 0.0000e+00
    140.118   16.53984 -107.14606    141.000    13.4971    13.4971    13.4773    34.7883    34.7957  1026.7564    26.1279 4.5646e-01      0.606  255.69554     0.1532    96.2430     3.6898     1.3466      6.854 9.8638e-03       7363         25 0.0000e+00
    141.111   16.53984 -107.14606    142.000    13.4730    13.4731    13.4531    34.7901    34.7972  1026.7672    26.1343 4.5353e-01      0.549  255.81701     0.1473    96.3843     3.6899     1.3441      6.853 9.8128e-03       7389         27 0.0000e+00
    142.104   16.53984 -107.14606    143.000    13.4488    13.4495    13.4287    34.7901    34.7969  1026.7767    26.1392 4.4751e-01      0.586  255.94238     0.1477    96.3736     3.6899     1.3425      6.851 9.8644e-03       7416         26 0.0000e+00
    143.098   16.53984 -107.14606    144.000    13.3522    13.3518    13.3321    34.7930    34.7997  1026.8034    26.1612 4.0102e-01      0.544  256.43768     0.1449    96.4423     3.6900     1.3379      6.851 9.2081e-03       7444         28 0.0000e+00
    144.091   16.53984 -107.14606    145.000    13.2863    13.2863    13.2661    34.7942    34.8011  1026.8224    26.1756 3.6651e-01      0.565  256.77816     0.1430    96.4887     3.6902     1.3329      6.850 9.2148e-03       7470         26 0.0000e+00
    145.085   16.53984 -107.14606    146.000    13.2438    13.2435    13.2235    34.7962    34.8037  1026.8371    26.1858 3.4133e-01      0.579  256.99591     0.1405    96.5471     3.6905     1.3284      6.850 9.2149e-03       7496         26 0.0000e+00
    146.078   16.53984 -107.14606    147.000    13.2361    13.2358    13.2157    34.7961    34.8037  1026.8431    26.1873 3.3501e-01      0.573  257.03636     0.1427    96.4960     3.6906     1.3258      6.850 9.1607e-03       7522         24 0.0000e+00
    147.071   16.53984 -107.14606    148.000    13.2333    13.2333    13.2128    34.7959    34.8031  1026.8479    26.1877 3.3154e-01      0.576  257.05113     0.1418    96.5172     3.6904     1.3242      6.850 8.9438e-03       7545         23 0.0000e+00
    148.065   16.53984 -107.14606    149.000    13.2284    13.2282    13.2077    34.7942    34.8016  1026.8521    26.1874 3.2748e-01      0.563  257.07966     0.1401    96.5579     3.6908     1.3234      6.850 8.6468e-03       7568         22 0.0000e+00
    149.058   16.53984 -107.14606    150.000    13.2196    13.2193    13.1989    34.7923    34.7995  1026.8569    26.1877 3.2564e-01      0.534  257.12875     0.1402    96.5562     3.6911     1.3218      6.850 8.4544e-03       7589         21 0.0000e+00
    150.051   16.53984 -107.14606    151.000    13.1985    13.1986    13.1776    34.7903    34.7976  1026.8641    26.1904 3.2669e-01      0.538  257.24280     0.1406    96.5468     3.6911     1.3208      6.850 8.4565e-03       7611         22 0.0000e+00
    151.045   16.53984 -107.14606    152.000    13.1781    13.1782    13.1571    34.7915    34.7987  1026.8737    26.1955 3.1999e-01      0.577  257.34688     0.1435    96.4762     3.6911     1.3191      6.848 8.5724e-03       7633         24 0.0000e+00
    152.038   16.53982 -107.14606    153.000    13.1484    13.1484    13.1273    34.7947    34.8020  1026.8867    26.2039 3.0171e-01      0.570  257.49671     0.1393    96.5759     3.6911     1.3172      6.847 8.4580e-03       7657         23 0.0000e+00
    153.031   16.53982 -107.14606    154.000    13.1381    13.1381    13.1169    34.7984    34.8058  1026.8961    26.2089 2.8926e-01      0.568  257.54377     0.1394    96.5744     3.6911     1.3156      6.846 8.4565e-03       7682         26 0.0000e+00
    154.025   16.53982 -107.14606    155.000    13.1331    13.1332    13.1117    34.7985    34.8059  1026.9017    26.2100 2.8731e-01      0.539  257.56975     0.1387    96.5930     3.6911     1.3146      6.846 8.4565e-03       7708         28 0.0000e+00
    155.018   16.53983 -107.14606    156.000    13.1197    13.1194    13.0982    34.7983    34.8055  1026.9087    26.2125 2.7959e-01      0.509  257.64052     0.1374    96.6248     3.6911     1.3135      6.845 8.4565e-03       7736         27 0.0000e+00
    156.011   16.53984 -107.14606    157.000    13.0624    13.0628    13.0408    34.7999    34.8069  1026.9261    26.2253 2.4282e-01      0.530  257.93833     0.1367    96.6408     3.6912     1.3112      6.845 8.4043e-03       7763         27 0.0000e+00
    157.005   16.53984 -107.14606    158.000    13.0178    13.0180    12.9962    34.8015    34.8088  1026.9408    26.2355 2.1313e-01      0.447  258.16930     0.1369    96.6347     3.6913     1.3075      6.845 8.4025e-03       7790         26 0.0000e+00
    157.998   16.53984 -107.14606    159.000    13.0061    13.0061    12.9843    34.8011    34.8084  1026.9474    26.2375 2.0661e-01      0.540  258.23165     0.1363    96.6496     3.6916     1.3052      6.845 8.3491e-03       7815         26 0.0000e+00
    158.991   16.53984 -107.14606    160.000    12.9809    12.9810    12.9590    34.8009    34.8083  1026.9569    26.2425 1.9196e-01      0.519  258.36458     0.1357    96.6644     3.6913     1.3032      6.845 8.3922e-03       7839         22 0.0000e+00
    159.985   16.53984 -107.14606    161.000    12.9632    12.9631    12.9412    34.8012    34.8087  1026.9651    26.2463 1.8044e-01      0.451  258.45740     0.1357    96.6646     3.6920     1.3010      6.845 8.1441e-03       7863         23 0.0000e+00
    160.978   16.53984 -107.14606    162.000    12.9408    12.9409    12.9187    34.8009    34.8083  1026.9739    26.2505 1.7037e-01      0.537  258.57590     0.1352    96.6752     3.6919     1.2996      6.845 7.5639e-03       7886         25 0.0000e+00
    161.971   16.53984 -107.14606    163.000    12.9116    12.9117    12.8894    34.8016    34.8090  1026.9848    26.2569 1.5598e-01      0.546  258.72845     0.1336    96.7149     3.6922     1.2974      6.845 7.6831e-03       7908         20 0.0000e+00
    162.964   16.53983 -107.14606    164.000    12.8753    12.8755    12.8530    34.8017    34.8088  1026.9967    26.2642 1.4276e-01      0.520  258.92026     0.1345    96.6940     3.6923     1.2953      6.844 7.4011e-03       7931         24 0.0000e+00
    163.958   16.53982 -107.14606    165.000    12.8345    12.8346    12.8120    34.8042    34.8114  1027.0114    26.2743 1.2429e-01      0.545  259.13196     0.1342    96.7009     3.6919     1.2929      6.843 7.1791e-03       7954         23 0.0000e+00
    164.951   16.53982 -107.14606    166.000    12.8088    12.8089    12.7863    34.8056    34.8127  1027.0220    26.2804 1.1324e-01      0.489  259.26514     0.1333    96.7224     3.6923     1.2902      6.842 7.0522e-03       7978         24 0.0000e+00
    165.944   16.53982 -107.14606    167.000    12.7947    12.7948    12.7720    34.8060    34.8133  1027.0297    26.2836 1.0920e-01      0.414  259.33928     0.1331    96.7272     3.6923     1.2886      6.840 7.0521e-03       8003         26 0.0000e+00
    166.938   16.53982 -107.14606    168.000    12.7764    12.7765    12.7536    34.8073    34.8146  1027.0389    26.2883 1.0432e-01      0.444  259.43414     0.1325    96.7435     3.6922     1.2869      6.840 7.1006e-03       8032         29 0.0000e+00
    167.931   16.53984 -107.14606    169.000    12.7568    12.7568    12.7339    34.8098    34.8172  1027.0492    26.2940 9.4183e-02      0.453  259.53335     0.1325    96.7414     3.6923     1.2854      6.840 7.0509e-03       8061         27 0.0000e+00
    168.924   16.53984 -107.14606    170.000    12.7509    12.7509    12.7278    34.8106    34.8181  1027.0555    26.2959 9.2300e-02      0.428  259.56352     0.1322    96.7487     3.6923     1.2841      6.840 6.9927e-03       8086         24 0.0000e+00
    169.918   16.53984 -107.14606    171.000    12.7465    12.7467    12.7234    34.8112    34.8186  1027.0612    26.2971 8.8593e-02      0.473  259.58553     0.1317    96.7607     3.6923     1.2832      6.840 7.0519e-03       8108         22 0.0000e+00
    170.911   16.53984 -107.14606    172.000    12.7377    12.7379    12.7145    34.8116    34.8190  1027.0678    26.2992 8.9658e-02      0.411  259.63155     0.1318    96.7602     3.6923     1.2818      6.840 6.7850e-03       8130         21 0.0000e+00
    171.904   16.53984 -107.14606    173.000    12.7218    12.7220    12.6985    34.8131    34.8206  1027.0766    26.3035 8.3340e-02      0.401  259.71317     0.1310    96.7780     3.6923     1.2809      6.840 6.8187e-03       8152         24 0.0000e+00
    172.897   16.53984 -107.14606    174.000    12.7078    12.7079    12.6844    34.8149    34.8225  1027.0853    26.3077 8.1340e-02      0.453  259.78431     0.1310    96.7777     3.6923     1.2797      6.840 6.3845e-03       8177         25 0.0000e+00
    173.890   16.53984 -107.14606    175.000    12.7023    12.7024    12.6787    34.8145    34.8219  1027.0905    26.3085 8.0719e-02      0.429  259.81466     0.1313    96.7714     3.6923     1.2789      6.840 6.3515e-03       8203         26 0.0000e+00
    174.884   16.53984 -107.14606    176.000    12.6928    12.6928    12.6690    34.8162    34.8237  1027.0982    26.3117 7.6611e-02      0.433  259.86231     0.1310    96.7793     3.6923     1.2780      6.839 6.2733e-03       8229         27 0.0000e+00
    175.877   16.53984 -107.14606    177.000    12.6820    12.6822    12.6581    34.8172    34.8246  1027.1056    26.3146 7.7203e-02      0.429  259.91791     0.1301    96.7992     3.6923     1.2768      6.839 6.5964e-03       8254         25 0.0000e+00
    176.870   16.53984 -107.14606    178.000    12.6549    12.6543    12.6309    34.8182    34.8255  1027.1163    26.3208 7.3468e-02      0.440  260.06007     0.1297    96.8099     3.6924     1.2752      6.838 6.1447e-03       8279         23 0.0000e+00
    177.864   16.53982 -107.14606    179.000    12.6184    12.6196    12.5943    34.8172    34.8244  1027.1273    26.3272 7.3413e-02      0.430  260.25719     0.1298    96.8073     3.6924     1.2736      6.837 5.7635e-03       8303         24 0.0000e+00
    178.857   16.53982 -107.14606    180.000    12.5522    12.5528    12.5280    34.8151    34.8224  1027.1433    26.3385 7.2388e-02      0.428  260.61484     0.1297    96.8101     3.6924     1.2703      6.837 5.9306e-03       8327         25 0.0000e+00
    179.850   16.53982 -107.14606    181.000    12.5350    12.5352    12.5107    34.8142    34.8217  1027.1506    26.3412 7.1773e-02      0.433  260.70839     0.1315    96.7663     3.6927     1.2674      6.835 6.0317e-03       8350         22 0.0000e+00
    180.843   16.53982 -107.14606    182.000    12.5067    12.5070    12.4824    34.8125    34.8197  1027.1593    26.3454 7.0970e-02      0.433  260.86308     0.1301    96.7987     3.6932     1.2656      6.835 5.6511e-03       8374         24 0.0000e+00
    181.836   16.53982 -107.14606    183.000    12.4928    12.4929    12.4683    34.8120    34.8195  1027.1661    26.3478 7.2347e-02      0.434  260.93867     0.1286    96.8368     3.6931     1.2637      6.835 5.6516e-03       8398         24 0.0000e+00
    182.829   16.53982 -107.14606    184.000    12.4908    12.4907    12.4662    34.8115    34.8189  1027.1706    26.3478 7.0110e-02      0.434  260.95042     0.1281    96.8471     3.6932     1.2626      6.835 5.6516e-03       8423         27 0.0000e+00
    183.822   16.53984 -107.14606    185.000    12.4897    12.4898    12.4650    34.8108    34.8184  1027.1748    26.3475 7.1985e-02      0.434  260.95731     0.1293    96.8194     3.6930     1.2618      6.835 5.6516e-03       8451         29 0.0000e+00
    184.816   16.53984 -107.14606    186.000    12.4885    12.4887    12.4637    34.8105    34.8180  1027.1792    26.3474 7.0460e-02      0.426  260.96413     0.1289    96.8286     3.6931     1.2617      6.835 5.6516e-03       8478         26 0.0000e+00
    185.809   16.53984 -107.14606    187.000    12.4879    12.4880    12.4630    34.8103    34.8177  1027.1836    26.3474 7.2530e-02      0.396  260.96773     0.1287    96.8336     3.6928     1.2609      6.835 5.5925e-03       8504         24 0.0000e+00
    186.802   16.53984 -107.14606    188.000    12.4812    12.4812    12.4561    34.8095    34.8169  1027.1888    26.3481 7.0163e-02      0.403  261.00540     0.1284    96.8421     3.6931     1.2607      6.835 5.4656e-03       8528         23 0.0000e+00
    187.795   16.53984 -107.14606    189.000    12.4574    12.4576    12.4322    34.8077    34.8150  1027.1966    26.3514 7.0791e-02      0.385  261.13653     0.1282    96.8465     3.6934     1.2596      6.835 5.5276e-03       8551         22 0.0000e+00
    188.788   16.53983 -107.14606    190.000    12.4410    12.4411    12.4157    34.8067    34.8141  1027.2036    26.3538 7.2295e-02      0.388  261.22659     0.1288    96.8317     3.6935     1.2577      6.835 5.3948e-03       8573         22 0.0000e+00
    189.782   16.53982 -107.14606    191.000    12.4173    12.4169    12.3918    34.8046    34.8119  1027.2111    26.3568 7.2466e-02      0.434  261.35817     0.1285    96.8374     3.6935     1.2563      6.834 5.4702e-03       8595         23 0.0000e+00
