data/ctd-cnv/KM1919/KM1919-St20-P2/St20_P2_cast36-align-cellTM-derive-bin.cnv
* Sea-Bird SBE 9 Data File:
* FileName = C:\Users\otg\Desktop\CTD Data\km1920\St20_P2_cast36.hex
* Software Version Seasave V 7.26.7.107
* Temperature SN = 5554
* Conductivity SN = 3876
* Number of Bytes Per Scan = 41
* Number of Voltage Words = 4
* Number of Scans Averaged by the Deck Unit = 1
* NMEA Latitude = 16 47.21 N
* NMEA Longitude = 106 50.78 W
* NMEA UTC (Time) = Oct 07 2019  01:40:29
* NMEA baud rate = 4800
** Ship: Kilo Moana
** Station: St20_P2cast 35
** Operator: gr
** deep HiC metagenomics cast
# nquan = 34
# nvalues = 1250                        
# units = specified
# name 0 = scan: Scan Count
# name 1 = timeS: Time, Elapsed [seconds]
# name 2 = prDM: Pressure, Digiquartz [db]
# name 3 = longitude: Longitude [deg]
# name 4 = latitude: Latitude [deg]
# name 5 = depSMignore: Depth [salt water, m]
# name 6 = t090C: Temperature [ITS-90, deg C]
# name 7 = t190C: Temperature, 2 [ITS-90, deg C]
# name 8 = c0uS/cm: Conductivity [uS/cm]
# name 9 = c1S/m: Conductivity, 2 [S/m]
# name 10 = flECO-AFL: Fluorescence, WET Labs ECO-AFL/FL [mg/m^3]
# name 11 = CStarAt0: Beam Attenuation, WET Labs C-Star [1/m]
# name 12 = CStarTr0: Beam Transmission, WET Labs C-Star [%]
# name 13 = par: PAR/Irradiance, Biospherical/Licor
# name 14 = modError: Modulo Error Count
# name 15 = v0: Voltage 0
# name 16 = v1: Voltage 1
# name 17 = v2: Voltage 2
# name 18 = v3: Voltage 3
# name 19 = v4: Voltage 4
# name 20 = v5: Voltage 5
# name 21 = v6: Voltage 6
# name 22 = v7: Voltage 7
# name 23 = sbeox0V: Oxygen raw, SBE 43 [V]
# name 24 = sbeox1V: Oxygen raw, SBE 43, 2 [V]
# name 25 = sal00: Salinity, Practical [PSU]
# name 26 = sal11: Salinity, Practical, 2 [PSU]
# name 27 = sigma-é00: Density [sigma-theta, kg/m^3]
# name 28 = sigma-é11: Density, 2 [sigma-theta, kg/m^3]
# name 29 = sbeox0Mm/L: Oxygen, SBE 43 [umol/l], WS = 2
# name 30 = sbeox1Mm/L: Oxygen, SBE 43, 2 [umol/l], WS = 2
# name 31 = sbeox0PS: Oxygen, SBE 43 [% saturation], WS = 2
# name 32 = sbeox1PS: Oxygen, SBE 43, 2 [% saturation], WS = 2
# name 33 = flag: flag
# span 0 =         -9,      40782       
# span 1 =     -0.403,   1699.187       
# span 2 =      5.030,   1265.319       
# span 3 = -106.84630, -106.84626       
# span 4 =   16.78670,   16.78684       
# span 5 =      5.000,   1254.000       
# span 6 =     3.7113,    29.5714       
# span 7 =     3.6859,    29.5333       
# span 8 = 3.2498e+04, 5.7267e+04       
# span 9 =   3.254137,   5.734824       
# span 10 =     0.0575,     1.7597      
# span 11 =     0.0115,     0.1308      
# span 12 =    96.7836,    99.7123      
# span 13 = -1.877e-06, 2.7022e+00      
# span 14 =          0,          0      
# span 15 =     0.5030,     2.4877      
# span 16 =     0.5126,     2.4690      
# span 17 =     0.0568,     0.2270      
# span 18 =     0.1142,     0.1220      
# span 19 =     4.5024,     4.6386      
# span 20 =     0.0000,     0.0000      
# span 21 =     0.0084,     1.4695      
# span 22 =     0.0000,     0.0000      
# span 23 =     0.5023,     2.4891      
# span 24 =     0.5121,     2.4683      
# span 25 =    34.3220,    34.7841      
# span 26 =    34.4124,    34.8708      
# span 27 =    21.5471,    27.4878      
# span 28 =    21.6233,    27.5517      
# span 29 =      0.699,    228.787      
# span 30 =      0.757,    238.894      
# span 31 =      0.241,    106.385      
# span 32 =      0.255,    111.300      
# span 33 = 0.0000e+00, 0.0000e+00      
# interval = meters: 1                  
# start_time = Oct 07 2019 01:47:00 [NMEA time, first data scan]
# bad_flag = -9.990e-29
*END*
[from data line 1025]
      31674   1319.717   1038.737 -106.84628   16.78680   1030.000     4.3827     4.3579 3.2981e+04   3.302559     0.0636     0.0167    99.5830 1.0000e-12          0     0.5472     0.5551     0.0574     0.1198     4.6326     0.0000     0.0085     0.0000     0.5481     0.5565    34.5554    34.6336    27.4007    27.4656     10.586     10.704      3.292      3.329 0.0000e+00
      31694   1320.561   1039.748 -106.84628   16.78680   1031.000     4.3788     4.3535 3.2978e+04   3.302258     0.0639     0.0162    99.5955 1.0000e-12          0     0.5476     0.5556     0.0574     0.1198     4.6332     0.0000     0.0085     0.0000     0.5481     0.5566    34.5555    34.6342    27.4012    27.4665     10.590     10.498      3.293      3.264 0.0000e+00
      31712   1321.293   1040.759 -106.84628   16.78680   1032.000     4.3704     4.3448 3.2971e+04   3.301582     0.0639     0.0159    99.6031 1.0000e-12          0     0.5479     0.5563     0.0574     0.1200     4.6335     0.0000     0.0085     0.0000     0.5483     0.5564    34.5558    34.6348    27.4024    27.4679     11.038     10.612      3.432      3.299 0.0000e+00
      31729   1322.016   1041.770 -106.84628   16.78680   1033.000     4.3598     4.3342 3.2962e+04   3.300735     0.0639     0.0166    99.5867 1.0000e-12          0     0.5477     0.5561     0.0574     0.1198     4.6328     0.0000     0.0085     0.0000     0.5489     0.5570    34.5564    34.6354    27.4040    27.4696     11.320     10.956      3.519      3.405 0.0000e+00
      31748   1322.775   1042.781 -106.84628   16.78680   1034.000     4.3508     4.3260 3.2955e+04   3.299987     0.0639     0.0166    99.5863 1.0000e-12          0     0.5481     0.5565     0.0574     0.1198     4.6328     0.0000     0.0085     0.0000     0.5493     0.5573    34.5568    34.6347    27.4053    27.4699     11.043     11.185      3.432      3.476 0.0000e+00
      31768   1323.640   1043.792 -106.84628   16.78680   1035.000     4.3483     4.3234 3.2953e+04   3.299762     0.0639     0.0168    99.5808 1.0000e-12          0     0.5482     0.5568     0.0574     0.1198     4.6325     0.0000     0.0085     0.0000     0.5494     0.5579    34.5565    34.6343    27.4053    27.4699     11.302     11.147      3.512      3.464 0.0000e+00
      31793   1324.664   1044.803 -106.84628   16.78680   1036.000     4.3455     4.3207 3.2951e+04   3.299571     0.0639     0.0168    99.5808 1.0000e-12          0     0.5483     0.5567     0.0574     0.1197     4.6325     0.0000     0.0085     0.0000     0.5503     0.5582    34.5565    34.6344    27.4056    27.4702     11.579     11.159      3.598      3.467 0.0000e+00
      31822   1325.884   1045.814 -106.84628   16.78680   1037.000     4.3427     4.3180 3.2949e+04   3.299355     0.0719     0.0168    99.5808 1.0000e-12          0     0.5493     0.5572     0.0582     0.1199     4.6325     0.0000     0.0085     0.0000     0.5506     0.5587    34.5567    34.6341    27.4061    27.4703     11.004     11.219      3.419      3.485 0.0000e+00
      31854   1327.193   1046.825 -106.84628   16.78680   1038.000     4.3402     4.3154 3.2947e+04   3.299187     0.0692     0.0168    99.5808 1.0000e-12          0     0.5497     0.5580     0.0579     0.1197     4.6325     0.0000     0.0085     0.0000     0.5506     0.5591    34.5567    34.6344    27.4064    27.4708     11.128     11.227      3.457      3.488 0.0000e+00
      31886   1328.562   1047.836 -106.84628   16.78680   1039.000     4.3374     4.3126 3.2945e+04   3.298979     0.0639     0.0168    99.5808 1.0000e-12          0     0.5506     0.5585     0.0574     0.1198     4.6325     0.0000     0.0085     0.0000     0.5513     0.5596    34.5565    34.6344    27.4065    27.4711     11.702     11.425      3.636      3.549 0.0000e+00
      31922   1330.038   1048.847 -106.84628   16.78679   1040.000     4.3363     4.3116 3.2945e+04   3.298926     0.0639     0.0168    99.5808 1.0000e-12          0     0.5507     0.5591     0.0574     0.1198     4.6325     0.0000     0.0085     0.0000     0.5517     0.5600    34.5567    34.6343    27.4068    27.4711     11.329     11.489      3.519      3.569 0.0000e+00
      31953   1331.332   1049.858 -106.84628   16.78678   1041.000     4.3345     4.3103 3.2943e+04   3.298867     0.0736     0.0167    99.5826 1.0000e-12          0     0.5509     0.5593     0.0584     0.1197     4.6326     0.0000     0.0085     0.0000     0.5518     0.5602    34.5566    34.6345    27.4069    27.4714     11.296     11.244      3.509      3.493 0.0000e+00
      31980   1332.469   1050.869 -106.84626   16.78678   1042.000     4.3335     4.3088 3.2944e+04   3.298773     0.0690     0.0167    99.5827 1.0000e-12          0     0.5516     0.5597     0.0579     0.1198     4.6326     0.0000     0.0085     0.0000     0.5521     0.5603    34.5573    34.6345    27.4076    27.4716     11.448     11.495      3.556      3.571 0.0000e+00
      32006   1333.556   1051.880 -106.84626   16.78678   1043.000     4.3327     4.3077 3.2944e+04   3.298737     0.0639     0.0165    99.5873 1.0000e-12          0     0.5518     0.5601     0.0574     0.1197     4.6328     0.0000     0.0085     0.0000     0.5520     0.5606    34.5576    34.6346    27.4079    27.4718     11.315     11.423      3.515      3.548 0.0000e+00
      32031   1334.578   1052.891 -106.84626   16.78678   1044.000     4.3312     4.3065 3.2943e+04   3.298656     0.0639     0.0168    99.5806 1.0000e-12          0     0.5519     0.5604     0.0574     0.1198     4.6325     0.0000     0.0085     0.0000     0.5523     0.5603    34.5578    34.6344    27.4083    27.4718     11.647     11.522      3.618      3.579 0.0000e+00
      32053   1335.510   1053.902 -106.84626   16.78678   1045.000     4.3304     4.3058 3.2943e+04   3.298657     0.0725     0.0166    99.5854 1.0000e-12          0     0.5519     0.5603     0.0582     0.1198     4.6327     0.0000     0.0085     0.0000     0.5525     0.5610    34.5580    34.6346    27.4085    27.4720     11.626     11.579      3.611      3.596 0.0000e+00
      32075   1336.409   1054.913 -106.84626   16.78678   1046.000     4.3293     4.3043 3.2942e+04   3.298571     0.0762     0.0168    99.5807 1.0000e-12          0     0.5523     0.5605     0.0586     0.1198     4.6325     0.0000     0.0085     0.0000     0.5528     0.5607    34.5575    34.6348    27.4082    27.4724     11.722     11.278      3.641      3.503 0.0000e+00
      32096   1337.312   1055.925 -106.84626   16.78678   1047.000     4.3279     4.3033 3.2941e+04   3.298525     0.0678     0.0168    99.5808 1.0000e-12          0     0.5521     0.5607     0.0578     0.1197     4.6325     0.0000     0.0085     0.0000     0.5529     0.5610    34.5577    34.6347    27.4086    27.4724     11.549     11.782      3.587      3.659 0.0000e+00
      32119   1338.260   1056.936 -106.84626   16.78678   1048.000     4.3238     4.2993 3.2938e+04   3.298270     0.0799     0.0168    99.5808 1.0000e-12          0     0.5525     0.5607     0.0590     0.1198     4.6325     0.0000     0.0084     0.0000     0.5530     0.5613    34.5578    34.6355    27.4090    27.4734     11.523     11.715      3.579      3.638 0.0000e+00
      32142   1339.220   1057.947 -106.84626   16.78678   1049.000     4.3161     4.2913 3.2931e+04   3.297620     0.0637     0.0167    99.5831 1.0000e-12          0     0.5526     0.5611     0.0574     0.1198     4.6326     0.0000     0.0085     0.0000     0.5531     0.5615    34.5571    34.6357    27.4093    27.4745     11.777     11.828      3.657      3.673 0.0000e+00
      32165   1340.148   1058.958 -106.84626   16.78678   1050.000     4.3062     4.2812 3.2923e+04   3.296864     0.0639     0.0174    99.5676 1.0000e-12          0     0.5530     0.5608     0.0574     0.1197     4.6319     0.0000     0.0085     0.0000     0.5536     0.5619    34.5576    34.6368    27.4108    27.4764     12.489     11.974      3.877      3.717 0.0000e+00
      32187   1341.063   1059.969 -106.84626   16.78678   1051.000     4.2965     4.2717 3.2915e+04   3.295995     0.0789     0.0171    99.5724 1.0000e-12          0     0.5530     0.5611     0.0589     0.1198     4.6321     0.0000     0.0085     0.0000     0.5543     0.5622    34.5580    34.6360    27.4122    27.4768     12.107     11.938      3.758      3.705 0.0000e+00
      32210   1342.040   1060.980 -106.84626   16.78678   1052.000     4.2931     4.2681 3.2913e+04   3.295728     0.0703     0.0168    99.5808 1.0000e-12          0     0.5531     0.5614     0.0580     0.1197     4.6325     0.0000     0.0085     0.0000     0.5544     0.5625    34.5581    34.6361    27.4126    27.4773     12.285     12.165      3.813      3.775 0.0000e+00
      32239   1343.263   1061.991 -106.84626   16.78678   1053.000     4.2865     4.2616 3.2907e+04   3.295190     0.0641     0.0168    99.5808 1.0000e-12          0     0.5534     0.5618     0.0574     0.1197     4.6325     0.0000     0.0085     0.0000     0.5553     0.5631    34.5582    34.6361    27.4134    27.4780     12.447     12.261      3.862      3.804 0.0000e+00
      32291   1345.428   1063.002 -106.84626   16.78678   1054.000     4.2841     4.2594 3.2906e+04   3.294997     0.0639     0.0164    99.5901 1.0000e-12          0     0.5546     0.5625     0.0574     0.1198     4.6329     0.0000     0.0085     0.0000     0.5557     0.5639    34.5583    34.6356    27.4137    27.4778     12.258     12.353      3.803      3.832 0.0000e+00
      32332   1347.119   1064.013 -106.84626   16.78678   1055.000     4.2831     4.2585 3.2905e+04   3.294983     0.0639     0.0168    99.5808 1.0000e-12          0     0.5555     0.5635     0.0574     0.1197     4.6325     0.0000     0.0085     0.0000     0.5562     0.5643    34.5580    34.6359    27.4136    27.4781     12.558     12.427      3.896      3.855 0.0000e+00
      32358   1348.214   1065.024 -106.84626   16.78678   1056.000     4.2808     4.2561 3.2904e+04   3.294812     0.0639     0.0168    99.5808 1.0000e-12          0     0.5556     0.5636     0.0574     0.1197     4.6325     0.0000     0.0085     0.0000     0.5567     0.5646    34.5581    34.6359    27.4140    27.4784     12.507     12.469      3.880      3.868 0.0000e+00
      32378   1349.036   1066.035 -106.84626   16.78678   1057.000     4.2783     4.2534 3.2902e+04   3.294657     0.0639     0.0168    99.5808 1.0000e-12          0     0.5557     0.5641     0.0574     0.1201     4.6325     0.0000     0.0085     0.0000     0.5567     0.5649    34.5580    34.6364    27.4142    27.4791     12.317     12.521      3.821      3.884 0.0000e+00
      32396   1349.780   1067.046 -106.84626   16.78678   1058.000     4.2745     4.2496 3.2899e+04   3.294382     0.0639     0.0168    99.5808 1.0000e-12          0     0.5560     0.5643     0.0574     0.1220     4.6325     0.0000     0.0085     0.0000     0.5567     0.5651    34.5584    34.6366    27.4148    27.4797     12.437     12.675      3.858      3.932 0.0000e+00
      32413   1350.489   1068.058 -106.84626   16.78678   1059.000     4.2688     4.2437 3.2894e+04   3.293938     0.0639     0.0168    99.5808 1.0000e-12          0     0.5564     0.5641     0.0574     0.1203     4.6325     0.0000     0.0085     0.0000     0.5569     0.5655    34.5585    34.6371    27.4155    27.4807     12.585     12.953      3.903      4.017 0.0000e+00
      32430   1351.223   1069.069 -106.84627   16.78678   1060.000     4.2660     4.2414 3.2893e+04   3.293731     0.0639     0.0168    99.5808 1.0000e-12          0     0.5566     0.5648     0.0574     0.1198     4.6325     0.0000     0.0085     0.0000     0.5571     0.5658    34.5588    34.6366    27.4161    27.4805     12.896     12.911      4.000      4.004 0.0000e+00
      32452   1352.124   1070.080 -106.84628   16.78679   1061.000     4.2644     4.2397 3.2891e+04   3.293623     0.0639     0.0168    99.5798 1.0000e-12          0     0.5568     0.5648     0.0574     0.1197     4.6325     0.0000     0.0085     0.0000     0.5578     0.5662    34.5585    34.6366    27.4160    27.4807     12.876     12.777      3.993      3.962 0.0000e+00
      32485   1353.512   1071.091 -106.84628   16.78680   1062.000     4.2587     4.2337 3.2887e+04   3.293177     0.0639     0.0173    99.5690 1.0000e-12          0     0.5569     0.5652     0.0574     0.1197     4.6320     0.0000     0.0085     0.0000     0.5579     0.5665    34.5588    34.6370    27.4169    27.4817     12.679     12.949      3.931      4.015 0.0000e+00
      32522   1355.029   1072.102 -106.84628   16.78680   1063.000     4.2467     4.2217 3.2877e+04   3.292193     0.0639     0.0168    99.5809 1.0000e-12          0     0.5575     0.5661     0.0574     0.1196     4.6325     0.0000     0.0085     0.0000     0.5586     0.5672    34.5594    34.6376    27.4186    27.4834     13.490     13.226      4.182      4.100 0.0000e+00
      32548   1356.126   1073.113 -106.84628   16.78680   1064.000     4.2429     4.2181 3.2874e+04   3.291896     0.0639     0.0168    99.5808 1.0000e-12          0     0.5579     0.5661     0.0574     0.1197     4.6325     0.0000     0.0085     0.0000     0.5592     0.5676    34.5595    34.6373    27.4191    27.4836     12.955     13.051      4.016      4.045 0.0000e+00
      32571   1357.067   1074.125 -106.84628   16.78679   1065.000     4.2397     4.2149 3.2872e+04   3.291657     0.0639     0.0169    99.5795 1.0000e-12          0     0.5581     0.5666     0.0574     0.1197     4.6324     0.0000     0.0085     0.0000     0.5592     0.5677    34.5592    34.6373    27.4192    27.4839     13.057     13.091      4.047      4.057 0.0000e+00
      32592   1357.957   1075.136 -106.84628   16.78678   1066.000     4.2384     4.2137 3.2871e+04   3.291578     0.0639     0.0176    99.5614 1.0000e-12          0     0.5581     0.5668     0.0574     0.1198     4.6316     0.0000     0.0085     0.0000     0.5597     0.5679    34.5593    34.6372    27.4194    27.4840     13.665     13.242      4.235      4.104 0.0000e+00
      32614   1358.891   1076.147 -106.84628   16.78678   1067.000     4.2373     4.2125 3.2871e+04   3.291517     0.0639     0.0170    99.5758 1.0000e-12          0     0.5590     0.5676     0.0574     0.1197     4.6323     0.0000     0.0085     0.0000     0.5603     0.5683    34.5595    34.6372    27.4197    27.4841     13.367     13.388      4.143      4.149 0.0000e+00
      32640   1359.958   1077.158 -106.84627   16.78678   1068.000     4.2344     4.2098 3.2869e+04   3.291344     0.0639     0.0168    99.5807 1.0000e-12          0     0.5592     0.5677     0.0574     0.1197     4.6325     0.0000     0.0085     0.0000     0.5604     0.5688    34.5594    34.6375    27.4200    27.4846     13.081     13.483      4.054      4.178 0.0000e+00
      32675   1361.402   1078.169 -106.84626   16.78678   1069.000     4.2333     4.2086 3.2868e+04   3.291266     0.0639     0.0168    99.5808 1.0000e-12          0     0.5597     0.5680     0.0574     0.1197     4.6325     0.0000     0.0085     0.0000     0.5604     0.5690    34.5595    34.6373    27.4201    27.4846     13.050     13.423      4.044      4.160 0.0000e+00
      32713   1362.990   1079.180 -106.84626   16.78678   1070.000     4.2312     4.2066 3.2867e+04   3.291142     0.0639     0.0169    99.5791 1.0000e-12          0     0.5604     0.5685     0.0574     0.1197     4.6324     0.0000     0.0085     0.0000     0.5604     0.5695    34.5604    34.6375    27.4211    27.4850     13.331     13.526      4.131      4.191 0.0000e+00
