data/ctd-cnv/KM1919/KM1919-St20-P2/St20_P2_cast33-align-cellTM-derive-bin.cnv
* Sea-Bird SBE 9 Data File:
* FileName = C:\Users\otg\Desktop\CTD Data\km1920\St20_P2_cast33.hex
* Software Version Seasave V 7.26.7.107
* Temperature SN = 5554
* Conductivity SN = 3876
* Number of Bytes Per Scan = 41
* Number of Voltage Words = 4
* Number of Scans Averaged by the Deck Unit = 1
* NMEA Latitude = 16 46.93 N
* NMEA Longitude = 106 50.96 W
* NMEA UTC (Time) = Oct 06 2019  14:06:41
* NMEA baud rate = 4800
** Ship: Kilo Moana
** Station: St20_P2cast 33
** Operator: gr
** surface HiC metagenome cast
# nquan = 34
# nvalues = 202                         
# units = specified
# name 0 = scan: Scan Count
# name 1 = timeS: Time, Elapsed [seconds]
# name 2 = prDM: Pressure, Digiquartz [db]
# name 3 = longitude: Longitude [deg]
# name 4 = latitude: Latitude [deg]
# name 5 = depSMignore: Depth [salt water, m]
# name 6 = t090C: Temperature [ITS-90, deg C]
# name 7 = t190C: Temperature, 2 [ITS-90, deg C]
# name 8 = c0uS/cm: Conductivity [uS/cm]
# name 9 = c1S/m: Conductivity, 2 [S/m]
# name 10 = flECO-AFL: Fluorescence, WET Labs ECO-AFL/FL [mg/m^3]
# name 11 = CStarAt0: Beam Attenuation, WET Labs C-Star [1/m]
# name 12 = CStarTr0: Beam Transmission, WET Labs C-Star [%]
# name 13 = par: PAR/Irradiance, Biospherical/Licor
# name 14 = modError: Modulo Error Count
# name 15 = v0: Voltage 0
# name 16 = v1: Voltage 1
# name 17 = v2: Voltage 2
# name 18 = v3: Voltage 3
# name 19 = v4: Voltage 4
# name 20 = v5: Voltage 5
# name 21 = v6: Voltage 6
# name 22 = v7: Voltage 7
# name 23 = sbeox0V: Oxygen raw, SBE 43 [V]
# name 24 = sbeox1V: Oxygen raw, SBE 43, 2 [V]
# name 25 = sal00: Salinity, Practical [PSU]
# name 26 = sal11: Salinity, Practical, 2 [PSU]
# name 27 = sigma-é00: Density [sigma-theta, kg/m^3]
# name 28 = sigma-é11: Density, 2 [sigma-theta, kg/m^3]
# name 29 = sbeox0Mm/L: Oxygen, SBE 43 [umol/l], WS = 2
# name 30 = sbeox1Mm/L: Oxygen, SBE 43, 2 [umol/l], WS = 2
# name 31 = sbeox0PS: Oxygen, SBE 43 [% saturation], WS = 2
# name 32 = sbeox1PS: Oxygen, SBE 43, 2 [% saturation], WS = 2
# name 33 = flag: flag
# span 0 =         79,       9914       
# span 1 =      3.231,    413.039       
# span 2 =      1.006,    203.305       
# span 3 = -106.84948, -106.84944       
# span 4 =   16.78234,   16.78240       
# span 5 =      1.000,    202.000       
# span 6 =    12.2313,    29.5360       
# span 7 =    12.2038,    29.4944       
# span 8 = 4.0082e+04, 5.7244e+04       
# span 9 =   4.013886,   5.732496       
# span 10 =     0.0630,     1.4958      
# span 11 =     0.0142,     0.1074      
# span 12 =    97.3516,    99.6452      
# span 13 = 1.5644e-03, 1.0655e+03      
# span 14 =          0,          0      
# span 15 =     0.5043,     2.4719      
# span 16 =     0.5163,     2.4441      
# span 17 =     0.0573,     0.2006      
# span 18 =     0.1132,     0.1177      
# span 19 =     4.5288,     4.6354      
# span 20 =     0.0000,     0.0000      
# span 21 =     0.0157,     3.9241      
# span 22 =     0.0000,     0.0000      
# span 23 =     0.5034,     2.4677      
# span 24 =     0.5154,     2.4433      
# span 25 =    34.3493,    34.7825      
# span 26 =    34.4563,    34.8701      
# span 27 =    21.5673,    26.3766      
# span 28 =    21.6454,    26.4441      
# span 29 =      0.955,    225.816      
# span 30 =      1.292,    235.726      
# span 31 =      0.355,    105.120      
# span 32 =      0.480,    109.919      
# span 33 = 0.0000e+00, 0.0000e+00      
# interval = meters: 1                  
# start_time = Oct 06 2019 14:14:24 [NMEA time, first data scan]
# bad_flag = -9.990e-29
*END*
         79      3.231      1.006 -106.84944   16.78234      1.000    29.5287    29.4863 5.7236e+04   5.731635     0.0832     0.0405    98.9932 1.0655e+03          0     2.3521     2.3308     0.0593     0.1149     4.6051     0.0000     3.9241     0.0000     2.3530     2.3326    34.5792    34.6641    21.5707    21.6488    193.023    202.468     98.079    102.856 0.0000e+00
        153      6.327      2.012 -106.84944   16.78234      2.000    29.5261    29.4836 5.7234e+04   5.731360     0.0884     0.0390    99.0299 4.0607e+02          0     2.3535     2.3329     0.0598     0.1160     4.6068     0.0000     3.6286     0.0000     2.3485     2.3316    34.5789    34.6640    21.5715    21.6497    192.425    202.408     97.771    102.821 0.0000e+00
        284     11.776      3.018 -106.84944   16.78235      3.000    29.5248    29.4838 5.7232e+04   5.731329     0.0842     0.0399    99.0082 3.4677e+02          0     2.3488     2.3307     0.0594     0.1148     4.6058     0.0000     3.5498     0.0000     2.3452     2.3291    34.5785    34.6633    21.5717    21.6492    192.274    202.081     97.692    102.655 0.0000e+00
        383     15.900      4.024 -106.84944   16.78236      4.000    29.5318    29.4909 5.7239e+04   5.732052     0.0819     0.0396    99.0141 3.1920e+02          0     2.3486     2.3264     0.0592     0.1171     4.6061     0.0000     3.5071     0.0000     2.3418     2.3269    34.5778    34.6628    21.5689    21.6465    191.933    201.939     97.529    102.594 0.0000e+00
        502     20.876      5.030 -106.84944   16.78236      5.000    29.5334    29.4910 5.7241e+04   5.732091     0.0826     0.0392    99.0238 2.7011e+02          0     2.3389     2.3295     0.0592     0.1150     4.6065     0.0000     3.4434     0.0000     2.3407     2.3320    34.5777    34.6628    21.5684    21.6465    192.289    202.357     97.712    102.807 0.0000e+00
        543     22.578      6.036 -106.84944   16.78236      6.000    29.5359    29.4944 5.7243e+04   5.732483     0.0787     0.0398    99.0109 2.4464e+02          0     2.3395     2.3302     0.0589     0.1148     4.6059     0.0000     3.4001     0.0000     2.3462     2.3267    34.5773    34.6627    21.5674    21.6454    192.842    201.829     97.997    102.544 0.0000e+00
        577     24.012      7.042 -106.84944   16.78236      7.000    29.5349    29.4924 5.7243e+04   5.732322     0.0807     0.0396    99.0154 2.1865e+02          0     2.3394     2.3322     0.0591     0.1148     4.6062     0.0000     3.3503     0.0000     2.3478     2.3279    34.5775    34.6627    21.5679    21.6461    192.861    202.113     98.005    102.685 0.0000e+00
        703     29.232      8.048 -106.84944   16.78236      8.000    29.5360    29.4941 5.7244e+04   5.732496     0.0805     0.0393    99.0218 1.9252e+02          0     2.3496     2.3274     0.0590     0.1148     4.6064     0.0000     3.2951     0.0000     2.3479     2.3301    34.5772    34.6624    21.5673    21.6455    192.848    202.338     98.000    102.802 0.0000e+00
        743     30.910      9.054 -106.84945   16.78236      9.000    29.5334    29.4923 5.7243e+04   5.732401     0.0824     0.0397    99.0130 2.1565e+02          0     2.3420     2.3293     0.0592     0.1148     4.6060     0.0000     3.3435     0.0000     2.3492     2.3301    34.5778    34.6628    21.5688    21.6464    192.918    202.407     98.032    102.835 0.0000e+00
        771     32.104     10.060 -106.84946   16.78236     10.000    29.5268    29.4863 5.7237e+04   5.731914     0.0805     0.0390    99.0284 1.7664e+02          0     2.3422     2.3303     0.0590     0.1148     4.6067     0.0000     3.2577     0.0000     2.3486     2.3297    34.5780    34.6635    21.5713    21.6490    192.802    202.229     97.963    102.735 0.0000e+00
        857     35.651     11.066 -106.84946   16.78236     11.000    29.5269    29.4832 5.7237e+04   5.731607     0.0864     0.0393    99.0229 1.6172e+02          0     2.3487     2.3271     0.0596     0.1148     4.6065     0.0000     3.2197     0.0000     2.3488     2.3258    34.5780    34.6633    21.5713    21.6500    192.894    202.017     98.010    102.621 0.0000e+00
        963     40.093     12.072 -106.84946   16.78236     12.000    29.5071    29.4666 5.7218e+04   5.730154     0.0868     0.0402    99.0003 1.4908e+02          0     2.3474     2.3257     0.0597     0.1148     4.6055     0.0000     3.1869     0.0000     2.3464     2.3293    34.5792    34.6651    21.5790    21.6571    192.629    202.312     97.844    102.745 0.0000e+00
        996     41.442     13.078 -106.84946   16.78236     13.000    29.4970    29.4568 5.7209e+04   5.729196     0.0842     0.0407    98.9879 1.4260e+02          0     2.3497     2.3296     0.0594     0.1148     4.6049     0.0000     3.1676     0.0000     2.3427     2.3251    34.5801    34.6654    21.5831    21.6606    191.693    201.773     97.354    102.455 0.0000e+00
       1030     42.893     14.084 -106.84946   16.78236     14.000    29.4920    29.4513 5.7206e+04   5.728818     0.0873     0.0411    98.9781 1.4917e+02          0     2.3468     2.3294     0.0597     0.1148     4.6044     0.0000     3.1856     0.0000     2.3390     2.3236    34.5811    34.6665    21.5856    21.6635    192.149    202.133     97.578    102.629 0.0000e+00
       1151     47.936     15.090 -106.84946   16.78236     15.000    29.4856    29.4446 5.7202e+04   5.728444     0.0875     0.0406    98.9888 1.5744e+02          0     2.3422     2.3252     0.0597     0.1148     4.6049     0.0000     3.2095     0.0000     2.3470     2.3324    34.5828    34.6685    21.5892    21.6673    192.705    202.975     97.851    103.047 0.0000e+00
       1190     49.534     16.096 -106.84946   16.78236     16.000    29.4493    29.4069 5.7174e+04   5.725687     0.0784     0.0411    98.9770 1.4658e+02          0     2.3475     2.3281     0.0588     0.1148     4.6044     0.0000     3.1791     0.0000     2.3422     2.3329    34.5898    34.6766    21.6068    21.6861    192.708    202.906     97.799    102.954 0.0000e+00
       1212     50.439     17.102 -106.84946   16.78236     17.000    29.4395    29.3974 5.7167e+04   5.724960     0.0806     0.0411    98.9770 1.3160e+02          0     2.3485     2.3284     0.0590     0.1148     4.6044     0.0000     3.1329     0.0000     2.3457     2.3288    34.5918    34.6782    21.6116    21.6907    193.444    202.502     98.158    102.734 0.0000e+00
       1240     51.643     18.108 -106.84946   16.78236     18.000    29.4290    29.3877 5.7159e+04   5.724104     0.0873     0.0405    98.9919 1.3289e+02          0     2.3471     2.3314     0.0597     0.1148     4.6051     0.0000     3.1371     0.0000     2.3471     2.3288    34.5932    34.6790    21.6163    21.6946    193.291    202.628     98.065    102.783 0.0000e+00
       1375     57.251     19.114 -106.84946   16.78236     19.000    29.4248    29.3812 5.7156e+04   5.723569     0.0883     0.0402    99.0003 1.1771e+02          0     2.3421     2.3279     0.0598     0.1148     4.6055     0.0000     3.0852     0.0000     2.3466     2.3269    34.5939    34.6798    21.6184    21.6974    192.917    202.572     97.869    102.744 0.0000e+00
       1425     59.325     20.120 -106.84946   16.78236     20.000    29.4075    29.3643 5.7142e+04   5.722202     0.0865     0.0402    99.0003 1.1230e+02          0     2.3444     2.3272     0.0596     0.1148     4.6055     0.0000     3.0641     0.0000     2.3398     2.3253    34.5964    34.6824    21.6261    21.7052    192.438    202.347     97.601    102.603 0.0000e+00
       1483     61.756     21.126 -106.84946   16.78236     21.000    29.4070    29.3647 5.7151e+04   5.723185     0.0876     0.0391    99.0262 1.0526e+02          0     2.3435     2.3273     0.0597     0.1148     4.6067     0.0000     3.0360     0.0000     2.3431     2.3280    34.6027    34.6885    21.6311    21.7097    193.032    202.799     97.904    102.837 0.0000e+00
       1589     66.148     22.133 -106.84946   16.78236     22.000    29.4033    29.3613 5.7156e+04   5.723734     0.0884     0.0390    99.0291 9.4413e+01          0     2.3403     2.3311     0.0598     0.1147     4.6068     0.0000     2.9894     0.0000     2.3447     2.3232    34.6085    34.6945    21.6368    21.7154    192.972    202.379     97.871    102.621 0.0000e+00
       1611     67.098     23.139 -106.84946   16.78236     23.000    29.3951    29.3531 5.7146e+04   5.722692     0.0822     0.0391    99.0279 8.8793e+01          0     2.3472     2.3296     0.0592     0.1148     4.6067     0.0000     2.9623     0.0000     2.3466     2.3266    34.6072    34.6930    21.6386    21.7171    193.661    203.027     98.207    102.936 0.0000e+00
       1718     71.553     24.145 -106.84946   16.78236     24.000    29.3890    29.3481 5.7138e+04   5.722000     0.0912     0.0395    99.0170 8.6063e+01          0     2.3463     2.3261     0.0601     0.1148     4.6062     0.0000     2.9489     0.0000     2.3449     2.3272    34.6064    34.6916    21.6401    21.7178    193.056    202.847     97.890    102.835 0.0000e+00
       1793     74.655     25.151 -106.84946   16.78236     25.000    29.3762    29.3338 5.7124e+04   5.720490     0.0883     0.0389    99.0327 8.2270e+01          0     2.3418     2.3255     0.0598     0.1148     4.6070     0.0000     2.9294     0.0000     2.3410     2.3285    34.6052    34.6913    21.6436    21.7225    192.770    203.178     97.724    102.980 0.0000e+00
       1816     75.624     26.157 -106.84948   16.78236     26.000    29.3690    29.3272 5.7118e+04   5.719804     0.0845     0.0388    99.0348 8.1067e+01          0     2.3449     2.3243     0.0594     0.1148     4.6071     0.0000     2.9231     0.0000     2.3426     2.3295    34.6061    34.6911    21.6468    21.7247    193.508    203.108     98.088    102.933 0.0000e+00
       1843     76.743     27.163 -106.84948   16.78236     27.000    29.3657    29.3235 5.7122e+04   5.720349     0.0878     0.0375    99.0663 7.7901e+01          0     2.3436     2.3272     0.0598     0.1148     4.6086     0.0000     2.9057     0.0000     2.3456     2.3247    34.6108    34.6972    21.6515    21.7306    193.690    202.360     98.177    102.551 0.0000e+00
       1877     78.152     28.169 -106.84948   16.78236     28.000    29.3554    29.3137 5.7111e+04   5.719212     0.0883     0.0374    99.0696 7.5016e+01          0     2.3416     2.3288     0.0598     0.1148     4.6087     0.0000     2.8894     0.0000     2.3452     2.3229    34.6109    34.6963    21.6551    21.7332    193.220    202.540     97.923    102.626 0.0000e+00
       1934     80.561     29.175 -106.84946   16.78236     29.000    29.3544    29.3138 5.7114e+04   5.719422     0.0959     0.0378    99.0599 6.9525e+01          0     2.3456     2.3248     0.0606     0.1148     4.6083     0.0000     2.8563     0.0000     2.3428     2.3222    34.6134    34.6973    21.6574    21.7341    193.255    202.538     97.940    102.625 0.0000e+00
       2035     84.743     30.181 -106.84946   16.78236     30.000    29.3546    29.3128 5.7122e+04   5.720211     0.1014     0.0375    99.0669 6.7352e+01          0     2.3421     2.3220     0.0611     0.1148     4.6086     0.0000     2.8427     0.0000     2.3415     2.3246    34.6182    34.7032    21.6611    21.7389    193.142    202.888     97.886    102.804 0.0000e+00
       2082     86.693     31.187 -106.84946   16.78236     31.000    29.3419    29.2993 5.7113e+04   5.719445     0.0978     0.0382    99.0491 6.4592e+01          0     2.3419     2.3249     0.0608     0.1148     4.6078     0.0000     2.8245     0.0000     2.3463     2.3245    34.6209    34.7074    21.6674    21.7467    195.608    203.335     99.117    103.011 0.0000e+00
       2106     87.717     32.193 -106.84946   16.78237     32.000    29.2578    29.2094 5.7024e+04   5.711405     0.0988     0.0395    99.0168 6.0816e+01          0     2.3408     2.3265     0.0609     0.1148     4.6062     0.0000     2.7984     0.0000     2.3722     2.3332    34.6203    34.7172    21.6953    21.7843    201.398    205.932    101.911    104.180 0.0000e+00
       2130     88.694     33.200 -106.84947   16.78238     33.000    29.0466    28.9930 5.6791e+04   5.689211     0.1162     0.0427    98.9392 5.7185e+01          0     2.3412     2.3222     0.0626     0.1148     4.6026     0.0000     2.7716     0.0000     2.4060     2.3565    34.6130    34.7216    21.7606    21.8600    204.724    209.996    103.237    105.868 0.0000e+00
       2170     90.389     34.206 -106.84948   16.78238     34.000    28.3835    28.3533 5.6087e+04   5.620996     0.1445     0.0513    98.7256 5.4494e+01          0     2.3578     2.3290     0.0654     0.1148     4.5927     0.0000     2.7507     0.0000     2.4183     2.3831    34.6091    34.7164    21.9773    22.0680    205.635    214.133    102.584    106.832 0.0000e+00
       2243     93.421     35.212 -106.84948   16.78238     35.000    28.0677    27.9754 5.5755e+04   5.579896     0.1692     0.0574    98.5753 5.4127e+01          0     2.4226     2.3803     0.0680     0.1160     4.5857     0.0000     2.7478     0.0000     2.4321     2.4066    34.6084    34.7072    22.0807    22.1852    208.858    217.655    103.656    107.919 0.0000e+00
       2283     95.077     36.218 -106.84948   16.78238     36.000    27.7412    27.6960 5.5410e+04   5.551634     0.1843     0.0585    98.5475 5.0629e+01          0     2.4223     2.3944     0.0694     0.1155     4.5844     0.0000     2.7189     0.0000     2.4523     2.4261    34.6061    34.7147    22.1853    22.2817    212.334    221.725    104.817    109.437 0.0000e+00
       2326     96.875     37.224 -106.84948   16.78238     37.000    27.3799    27.3362 5.5032e+04   5.512467     0.1900     0.0629    98.4398 4.9418e+01          0     2.4328     2.4060     0.0700     0.1159     4.5794     0.0000     2.7084     0.0000     2.4653     2.4433    34.6063    34.7045    22.3023    22.3903    214.216    224.035    105.120    109.919 0.0000e+00
       2393     99.662     38.230 -106.84948   16.78238     38.000    27.1811    27.1903 5.4831e+04   5.497589     0.2227     0.0669    98.3426 4.5531e+01          0     2.4609     2.4373     0.0733     0.1165     4.5749     0.0000     2.6726     0.0000     2.4677     2.4427    34.6112    34.7072    22.3699    22.4392    214.860    223.971    105.092    109.625 0.0000e+00
       2458    102.386     39.236 -106.84948   16.78238     39.000    26.4443    26.3893 5.4067e+04   5.418011     0.2380     0.0727    98.1998 4.4305e+01          0     2.4650     2.4439     0.0748     0.1157     4.5682     0.0000     2.6611     0.0000     2.4658     2.4417    34.6145    34.7373    22.6063    22.7162    216.319    226.429    104.522    109.382 0.0000e+00
       2490    103.709     40.243 -106.84948   16.78238     40.000    25.7630    25.6920 5.3351e+04   5.348664     0.2619     0.0747    98.1501 4.2909e+01          0     2.4719     2.4415     0.0772     0.1172     4.5659     0.0000     2.6471     0.0000     2.4539     2.4336    34.6086    34.7616    22.8141    22.9515    217.351    228.042    103.821    108.892 0.0000e+00
       2515    104.762     41.249 -106.84948   16.78237     41.000    25.2092    25.1582 5.2742e+04   5.285519     0.2751     0.0731    98.1876 3.9014e+01          0     2.4692     2.4441     0.0785     0.1172     4.5677     0.0000     2.6058     0.0000     2.4465     2.4272    34.5827    34.7052    22.9649    23.0729    219.210    229.382    103.718    108.513 0.0000e+00
       2545    105.998     42.255 -106.84948   16.78236     42.000    25.0328    24.9908 5.2548e+04   5.264240     0.2832     0.0708    98.2441 3.5832e+01          0     2.4634     2.4399     0.0793     0.1161     4.5703     0.0000     2.5689     0.0000     2.4424     2.4245    34.5740    34.6759    23.0121    23.1019    219.917    230.687    103.737    108.802 0.0000e+00
