data/ctd-cnv/KM1919/KM1919-St20-P2/St20_P2_cast43-align-cellTM-derive-bin.cnv
* Sea-Bird SBE 9 Data File:
* FileName = C:\Users\otg\Desktop\CTD Data\km1920\St20_P2_cast43.hex
* Software Version Seasave V 7.26.7.107
* Temperature SN = 5554
* Conductivity SN = 3876
* Number of Bytes Per Scan = 41
* Number of Voltage Words = 4
* Number of Scans Averaged by the Deck Unit = 1
* NMEA Latitude = 16 44.96 N
* NMEA Longitude = 106 48.13 W
* NMEA UTC (Time) = Oct 08 2019  13:13:17
* NMEA baud rate = 4800
** Ship: Kilo Moana
** Station: St20_P2 cast 43
** Operator: gr
** diel #3 dawn
# nquan = 34
# nvalues = 201                         
# units = specified
# name 0 = scan: Scan Count
# name 1 = timeS: Time, Elapsed [seconds]
# name 2 = prDM: Pressure, Digiquartz [db]
# name 3 = longitude: Longitude [deg]
# name 4 = latitude: Latitude [deg]
# name 5 = depSMignore: Depth [salt water, m]
# name 6 = t090C: Temperature [ITS-90, deg C]
# name 7 = t190C: Temperature, 2 [ITS-90, deg C]
# name 8 = c0uS/cm: Conductivity [uS/cm]
# name 9 = c1S/m: Conductivity, 2 [S/m]
# name 10 = flECO-AFL: Fluorescence, WET Labs ECO-AFL/FL [mg/m^3]
# name 11 = CStarAt0: Beam Attenuation, WET Labs C-Star [1/m]
# name 12 = CStarTr0: Beam Transmission, WET Labs C-Star [%]
# name 13 = par: PAR/Irradiance, Biospherical/Licor
# name 14 = modError: Modulo Error Count
# name 15 = v0: Voltage 0
# name 16 = v1: Voltage 1
# name 17 = v2: Voltage 2
# name 18 = v3: Voltage 3
# name 19 = v4: Voltage 4
# name 20 = v5: Voltage 5
# name 21 = v6: Voltage 6
# name 22 = v7: Voltage 7
# name 23 = sbeox0V: Oxygen raw, SBE 43 [V]
# name 24 = sbeox1V: Oxygen raw, SBE 43, 2 [V]
# name 25 = sal00: Salinity, Practical [PSU]
# name 26 = sal11: Salinity, Practical, 2 [PSU]
# name 27 = sigma-é00: Density [sigma-theta, kg/m^3]
# name 28 = sigma-é11: Density, 2 [sigma-theta, kg/m^3]
# name 29 = sbeox0Mm/L: Oxygen, SBE 43 [umol/l], WS = 2
# name 30 = sbeox1Mm/L: Oxygen, SBE 43, 2 [umol/l], WS = 2
# name 31 = sbeox0PS: Oxygen, SBE 43 [% saturation], WS = 2
# name 32 = sbeox1PS: Oxygen, SBE 43, 2 [% saturation], WS = 2
# name 33 = flag: flag
# span 0 =        -82,      10769       
# span 1 =     -3.440,    448.657       
# span 2 =      2.012,    203.305       
# span 3 = -106.80220, -106.80216       
# span 4 =   16.74922,   16.74926       
# span 5 =      2.000,    202.000       
# span 6 =    12.0844,    29.5326       
# span 7 =    12.0530,    29.4915       
# span 8 = 3.9935e+04, 5.7205e+04       
# span 9 =   3.998916,   5.728554       
# span 10 =     0.0476,     1.7477      
# span 11 =     0.0265,     0.1089      
# span 12 =    97.3154,    99.3393      
# span 13 = 1.6056e-03, 4.4714e+01      
# span 14 =          0,          0      
# span 15 =     0.5043,     2.4884      
# span 16 =     0.5153,     2.4639      
# span 17 =     0.0557,     0.2258      
# span 18 =     0.1120,     0.1163      
# span 19 =     4.5271,     4.6213      
# span 20 =     0.0000,     0.0000      
# span 21 =     0.0159,     2.6659      
# span 22 =     0.0000,     0.0000      
# span 23 =     0.5034,     2.4877      
# span 24 =     0.5143,     2.4613      
# span 25 =    34.3125,    34.7857      
# span 26 =    34.3964,    34.8759      
# span 27 =    21.5504,    26.3993      
# span 28 =    21.6278,    26.4692      
# span 29 =      0.949,    227.822      
# span 30 =      1.115,    238.633      
# span 31 =      0.353,    106.639      
# span 32 =      0.413,    111.116      
# span 33 = 0.0000e+00, 0.0000e+00      
# interval = meters: 1                  
# start_time = Oct 08 2019 13:20:27 [NMEA time, first data scan]
# bad_flag = -9.990e-29
*END*
        -82     -3.440      2.012 -106.80218   16.74924      2.000    29.5287    29.4875 5.7197e+04   5.727846     0.0802     0.0531    98.6797 4.4714e+01          0     2.3379     2.3184     0.0590     0.1163     4.5906     0.0000     2.6659     0.0000     2.3484     2.3126    34.5523    34.6372    21.5506    21.6282    192.441    200.279     97.768    101.731 0.0000e+00
        402     16.699      3.018 -106.80218   16.74924      3.000    29.5296    29.4877 5.7199e+04   5.727942     0.0888     0.0521    98.7063 3.7680e+01          0     2.3475     2.3197     0.0598     0.1148     4.5918     0.0000     2.5908     0.0000     2.3384     2.3188    34.5526    34.6374    21.5506    21.6284    191.344    200.682     97.213    101.936 0.0000e+00
        492     20.440      4.024 -106.80218   16.74924      4.000    29.5294    29.4879 5.7200e+04   5.728041     0.0849     0.0516    98.7190 3.4125e+01          0     2.3411     2.3214     0.0595     0.1148     4.5924     0.0000     2.5472     0.0000     2.3421     2.3202    34.5529    34.6377    21.5510    21.6287    192.132    201.176     97.613    102.188 0.0000e+00
        617     25.673      5.030 -106.80218   16.74924      5.000    29.5303    29.4890 5.7202e+04   5.728245     0.0887     0.0518    98.7138 2.7495e+01          0     2.3456     2.3196     0.0598     0.1148     4.5922     0.0000     2.4551     0.0000     2.3399     2.3192    34.5531    34.6380    21.5510    21.6286    191.348    201.387     97.216    102.297 0.0000e+00
        638     26.555      6.036 -106.80218   16.74924      6.000    29.5326    29.4915 5.7205e+04   5.728551     0.0825     0.0518    98.7145 2.9722e+01          0     2.3465     2.3200     0.0592     0.1149     4.5922     0.0000     2.4882     0.0000     2.3394     2.3253    34.5532    34.6380    21.5504    21.6278    192.171    202.216     97.638    102.722 0.0000e+00
        736     30.625      7.042 -106.80218   16.74924      7.000    29.5304    29.4882 5.7202e+04   5.728280     0.0888     0.0518    98.7131 2.6274e+01          0     2.3424     2.3213     0.0599     0.1147     4.5921     0.0000     2.4344     0.0000     2.3442     2.3210    34.5531    34.6382    21.5511    21.6292    192.477    201.341     97.790    102.272 0.0000e+00
        860     35.781      8.048 -106.80218   16.74925      8.000    29.5320    29.4906 5.7205e+04   5.728554     0.0778     0.0523    98.7012 2.4282e+01          0     2.3461     2.3172     0.0588     0.1146     4.5916     0.0000     2.4005     0.0000     2.3439     2.3246    34.5531    34.6381    21.5507    21.6284    191.722    201.691     97.409    102.454 0.0000e+00
        895     37.255      9.054 -106.80218   16.74926      9.000    29.5291    29.4826 5.7202e+04   5.727869     0.0834     0.0515    98.7203 2.3029e+01          0     2.3465     2.3211     0.0593     0.1148     4.5925     0.0000     2.3777     0.0000     2.3397     2.3186    34.5533    34.6389    21.5519    21.6317    191.905    200.891     97.497    102.035 0.0000e+00
        998     41.538     10.060 -106.80218   16.74924     10.000    29.5215    29.4828 5.7195e+04   5.727855     0.0891     0.0530    98.6853 2.1340e+01          0     2.3409     2.3183     0.0599     0.1146     4.5908     0.0000     2.3448     0.0000     2.3449     2.3191    34.5535    34.6383    21.5546    21.6313    192.488    201.579     97.782    102.384 0.0000e+00
       1060     44.125     11.066 -106.80218   16.74924     11.000    29.5234    29.4813 5.7197e+04   5.727676     0.0774     0.0526    98.6926 2.0756e+01          0     2.3461     2.3189     0.0587     0.1146     4.5912     0.0000     2.3328     0.0000     2.3407     2.3275    34.5533    34.6380    21.5540    21.6317    192.429    202.249     97.755    102.722 0.0000e+00
       1087     45.230     12.072 -106.80218   16.74924     12.000    29.5286    29.4867 5.7202e+04   5.728213     0.0883     0.0518    98.7136 1.9322e+01          0     2.3443     2.3194     0.0598     0.1146     4.5922     0.0000     2.3019     0.0000     2.3437     2.3258    34.5525    34.6374    21.5516    21.6296    192.350    201.942     97.722    102.574 0.0000e+00
       1125     46.843     13.078 -106.80218   16.74924     13.000    29.5296    29.4884 5.7203e+04   5.728491     0.0815     0.0525    98.6962 1.8383e+01          0     2.3416     2.3255     0.0591     0.1146     4.5913     0.0000     2.2803     0.0000     2.3384     2.3236    34.5524    34.6378    21.5513    21.6293    191.664    201.721     97.375    102.465 0.0000e+00
       1276     53.123     14.084 -106.80218   16.74924     14.000    29.5289    29.4871 5.7203e+04   5.728316     0.0899     0.0519    98.7122 1.7159e+01          0     2.3387     2.3228     0.0600     0.1147     4.5921     0.0000     2.2509     0.0000     2.3410     2.3239    34.5525    34.6373    21.5518    21.6295    192.679    201.934     97.890    102.571 0.0000e+00
       1319     54.923     15.090 -106.80218   16.74924     15.000    29.5297    29.4882 5.7204e+04   5.728549     0.0883     0.0521    98.7073 1.6619e+01          0     2.3333     2.3218     0.0598     0.1146     4.5919     0.0000     2.2368     0.0000     2.3484     2.3233    34.5526    34.6377    21.5516    21.6295    192.834    201.455     97.970    102.330 0.0000e+00
       1345     55.991     16.096 -106.80218   16.74924     16.000    29.5278    29.4864 5.7203e+04   5.728460     0.0883     0.0525    98.6951 1.6243e+01          0     2.3400     2.3243     0.0598     0.1147     4.5913     0.0000     2.2269     0.0000     2.3468     2.3204    34.5529    34.6381    21.5526    21.6305    192.677    201.560     97.887    102.380 0.0000e+00
       1373     57.170     17.102 -106.80218   16.74924     17.000    29.5283    29.4869 5.7204e+04   5.728532     0.0833     0.0531    98.6827 1.5573e+01          0     2.3477     2.3255     0.0593     0.1147     4.5907     0.0000     2.2087     0.0000     2.3449     2.3205    34.5528    34.6380    21.5524    21.6303    192.500    201.364     97.798    102.282 0.0000e+00
       1495     62.257     18.108 -106.80218   16.74924     18.000    29.5278    29.4854 5.7203e+04   5.728239     0.0886     0.0516    98.7183 1.4774e+01          0     2.3443     2.3194     0.0598     0.1146     4.5924     0.0000     2.1861     0.0000     2.3440     2.3215    34.5522    34.6368    21.5523    21.6300    192.738    201.810     97.918    102.505 0.0000e+00
       1571     65.427     19.114 -106.80218   16.74924     19.000    29.5125    29.4725 5.7179e+04   5.726293     0.0978     0.0522    98.7043 1.4546e+01          0     2.3422     2.3254     0.0608     0.1147     4.5917     0.0000     2.1793     0.0000     2.3476     2.3235    34.5467    34.6326    21.5534    21.6313    192.198    202.103     97.617    102.630 0.0000e+00
       1594     66.385     20.120 -106.80218   16.74924     20.000    29.5114    29.4684 5.7179e+04   5.725789     0.0754     0.0537    98.6660 1.3749e+01          0     2.3429     2.3215     0.0585     0.1148     4.5899     0.0000     2.1551     0.0000     2.3392     2.3221    34.5470    34.6318    21.5540    21.6321    191.129    201.639     97.072    102.387 0.0000e+00
       1617     67.315     21.127 -106.80218   16.74925     21.000    29.5140    29.4675 5.7183e+04   5.725516     0.0869     0.0531    98.6802 1.3253e+01          0     2.3462     2.3232     0.0597     0.1148     4.5906     0.0000     2.1392     0.0000     2.3349     2.3203    34.5480    34.6303    21.5540    21.6314    191.862    201.663     97.449    102.397 0.0000e+00
       1715     71.417     22.132 -106.80218   16.74925     22.000    29.5140    29.4729 5.7183e+04   5.726509     0.0864     0.0536    98.6685 1.2961e+01          0     2.3421     2.3216     0.0596     0.1147     4.5900     0.0000     2.1296     0.0000     2.3438     2.3213    34.5476    34.6329    21.5538    21.6316    192.783    201.861     97.916    102.508 0.0000e+00
       1820     75.788     23.139 -106.80218   16.74924     23.000    29.5109    29.4691 5.7179e+04   5.726024     0.1004     0.0523    98.7004 1.2741e+01          0     2.3458     2.3227     0.0611     0.1148     4.5916     0.0000     2.1222     0.0000     2.3397     2.3192    34.5469    34.6320    21.5544    21.6323    192.546    201.740     97.791    102.440 0.0000e+00
       1841     76.652     24.144 -106.80218   16.74924     24.000    29.4777    29.4323 5.7134e+04   5.722577     0.0822     0.0532    98.6776 1.2390e+01          0     2.3473     2.3192     0.0592     0.1148     4.5905     0.0000     2.1102     0.0000     2.3414     2.3206    34.5398    34.6347    21.5603    21.6468    192.853    202.019     97.891    102.523 0.0000e+00
       1862     77.539     25.151 -106.80218   16.74924     25.000    29.3356    29.2909 5.6943e+04   5.703549     0.0763     0.0545    98.6453 1.1918e+01          0     2.3441     2.3186     0.0586     0.1145     4.5889     0.0000     2.0934     0.0000     2.3420     2.3217    34.5112    34.6065    21.5868    21.6733    192.935    202.952     97.693    102.745 0.0000e+00
       1949     81.166     26.157 -106.80218   16.74924     26.000    29.3460    29.3188 5.6958e+04   5.705692     0.0973     0.0543    98.6521 1.1385e+01          0     2.3418     2.3218     0.0608     0.1146     4.5893     0.0000     2.0737     0.0000     2.3442     2.3231    34.5133    34.6008    21.5850    21.6597    193.466    202.655     97.979    102.638 0.0000e+00
       2056     85.612     27.163 -106.80218   16.74924     27.000    29.3168    29.2646 5.6920e+04   5.699508     0.1005     0.0544    98.6480 1.1284e+01          0     2.3472     2.3215     0.0611     0.1146     4.5891     0.0000     2.0699     0.0000     2.3405     2.3206    34.5085    34.5973    21.5912    21.6754    193.320    202.625     97.857    102.531 0.0000e+00
       2088     86.954     28.169 -106.80218   16.74924     28.000    29.2697    29.2281 5.6859e+04   5.694077     0.1005     0.0543    98.6519 1.0936e+01          0     2.3461     2.3236     0.0611     0.1148     4.5892     0.0000     2.0564     0.0000     2.3424     2.3237    34.5001    34.5862    21.6009    21.6794    193.481    203.387     97.859    102.849 0.0000e+00
       2120     88.271     29.175 -106.80218   16.74924     29.000    29.2712    29.2301 5.6866e+04   5.694716     0.0933     0.0533    98.6759 1.0355e+01          0     2.3409     2.3213     0.0603     0.1148     4.5904     0.0000     2.0329     0.0000     2.3427     2.3266    34.5036    34.5888    21.6030    21.6808    193.890    203.539     98.071    102.932 0.0000e+00
       2156     89.780     30.181 -106.80218   16.74924     30.000    29.2754    29.2337 5.6876e+04   5.695541     0.0953     0.0536    98.6703 9.9673e+00          0     2.3420     2.3222     0.0605     0.1147     4.5901     0.0000     2.0165     0.0000     2.3428     2.3242    34.5070    34.5916    21.6043    21.6817    193.551    203.133     97.908    102.734 0.0000e+00
       2247     93.597     31.187 -106.80218   16.74924     31.000    29.2786    29.2372 5.6882e+04   5.696180     0.0994     0.0535    98.6711 9.7472e+00          0     2.3423     2.3258     0.0610     0.1148     4.5902     0.0000     2.0069     0.0000     2.3423     2.3226    34.5086    34.5931    21.6045    21.6818    193.667    203.020     97.972    102.683 0.0000e+00
       2322     96.715     32.193 -106.80218   16.74924     32.000    29.2840    29.2432 5.6895e+04   5.697648     0.1008     0.0538    98.6630 9.4217e+00          0     2.3431     2.3208     0.0611     0.1148     4.5898     0.0000     1.9923     0.0000     2.3436     2.3282    34.5138    34.5986    21.6067    21.6839    193.486    203.834     97.892    103.108 0.0000e+00
       2361     98.331     33.200 -106.80218   16.74924     33.000    29.3017    29.2602 5.6935e+04   5.701250     0.0977     0.0533    98.6754 9.1344e+00          0     2.3419     2.3214     0.0608     0.1148     4.5904     0.0000     1.9790     0.0000     2.3415     2.3262    34.5279    34.6106    21.6114    21.6874    194.595    203.331     98.489    102.889 0.0000e+00
       2399     99.906     34.206 -106.80218   16.74924     34.000    29.2707    29.2292 5.6954e+04   5.704703     0.0952     0.0537    98.6656 8.8020e+00          0     2.3440     2.3277     0.0605     0.1148     4.5899     0.0000     1.9631     0.0000     2.3653     2.3351    34.5631    34.6564    21.6482    21.7322    197.878    205.385    100.120    103.902 0.0000e+00
       2448    101.955     35.212 -106.80218   16.74924     35.000    28.9861    28.9432 5.6704e+04   5.678977     0.1191     0.0611    98.4832 8.4582e+00          0     2.3476     2.3280     0.0629     0.1147     4.5814     0.0000     1.9460     0.0000     2.3726     2.3466    34.5965    34.6869    21.7686    21.8508    197.861    207.173     99.671    104.341 0.0000e+00
       2532    105.473     36.218 -106.80218   16.74924     36.000    28.9497    28.9069 5.6674e+04   5.675530     0.1402     0.0607    98.4945 8.2881e+00          0     2.3760     2.3478     0.0650     0.1147     4.5819     0.0000     1.9372     0.0000     2.3779     2.3582    34.6024    34.6893    21.7853    21.8647    199.121    208.236    100.249    104.816 0.0000e+00
       2583    107.568     37.224 -106.80218   16.74924     37.000    28.8931    28.8519 5.6622e+04   5.670582     0.1402     0.0606    98.4972 7.9243e+00          0     2.3715     2.3554     0.0650     0.1147     4.5821     0.0000     1.9180     0.0000     2.3821     2.3559    34.6069    34.6949    21.8076    21.8873    199.657    208.392    100.430    104.805 0.0000e+00
       2625    109.327     38.230 -106.80218   16.74924     38.000    28.7357    28.6955 5.6462e+04   5.656165     0.1423     0.0620    98.4629 7.6351e+00          0     2.3814     2.3575     0.0652     0.1148     4.5805     0.0000     1.9021     0.0000     2.3954     2.3701    34.6109    34.7090    21.8629    21.9500    203.029    210.971    101.866    105.841 0.0000e+00
       2678    111.543     39.236 -106.80218   16.74924     39.000    28.2833    28.2272 5.5992e+04   5.609057     0.1609     0.0664    98.3527 7.3384e+00          0     2.3859     2.3612     0.0671     0.1148     4.5753     0.0000     1.8850     0.0000     2.4344     2.3946    34.6148    34.7245    22.0150    22.1158    209.261    216.342    104.223    107.714 0.0000e+00
       2755    114.746     40.242 -106.80218   16.74924     40.000    27.5077    27.4600 5.5174e+04   5.527235     0.1902     0.0741    98.1646 7.0480e+00          0     2.4291     2.3860     0.0700     0.1146     4.5666     0.0000     1.8678     0.0000     2.4705     2.4416    34.6116    34.7164    22.2656    22.3599    214.829    224.260    105.650    110.268 0.0000e+00
       2786    116.056     41.249 -106.80218   16.74924     41.000    27.1262    27.0790 5.4764e+04   5.486837     0.1978     0.0745    98.1542 6.7761e+00          0     2.4480     2.4111     0.0708     0.1148     4.5661     0.0000     1.8509     0.0000     2.4766     2.4528    34.6033    34.7127    22.3817    22.4792    217.331    226.480    106.200    110.653 0.0000e+00
       2817    117.325     42.255 -106.80218   16.74924     42.000    26.9943    26.9501 5.4624e+04   5.471799     0.1878     0.0762    98.1143 6.4391e+00          0     2.4627     2.4293     0.0698     0.1148     4.5643     0.0000     1.8290     0.0000     2.4877     2.4613    34.6011    34.7015    22.4223    22.5119    218.709    227.929    106.639    111.116 0.0000e+00
       2916    121.461     43.261 -106.80218   16.74924     43.000    26.9552    26.9245 5.4588e+04   5.467784     0.2350     0.0791    98.0436 6.1201e+00          0     2.4884     2.4639     0.0745     0.1148     4.5610     0.0000     1.8075     0.0000     2.4789     2.4558    34.6049    34.6917    22.4376    22.5127    215.442    225.603    104.980    109.929 0.0000e+00
