data/ctd-cnv/KM1919/KM1919-St20-P2/St20_P2_cast37-align-cellTM-derive-bin.cnv
* Sea-Bird SBE 9 Data File:
* FileName = C:\Users\otg\Desktop\CTD Data\km1920\St20_P2_cast37.hex
* Software Version Seasave V 7.26.7.107
* Temperature SN = 5554
* Conductivity SN = 3876
* Number of Bytes Per Scan = 41
* Number of Voltage Words = 4
* Number of Scans Averaged by the Deck Unit = 1
* NMEA Latitude = 16 47.12 N
* NMEA Longitude = 106 50.84 W
* NMEA UTC (Time) = Oct 07 2019  07:36:36
* NMEA baud rate = 4800
** Ship: Kilo Moana
** Station: St20_P2cast 37
** Operator: gr
** go flo cast snow catcher
# nquan = 34
# nvalues = 492                         
# units = specified
# name 0 = scan: Scan Count
# name 1 = timeS: Time, Elapsed [seconds]
# name 2 = prDM: Pressure, Digiquartz [db]
# name 3 = longitude: Longitude [deg]
# name 4 = latitude: Latitude [deg]
# name 5 = depSM: Depth [salt water, m]
# name 6 = t090C: Temperature [ITS-90, deg C]
# name 7 = t190C: Temperature, 2 [ITS-90, deg C]
# name 8 = c0uS/cm: Conductivity [uS/cm]
# name 9 = c1S/m: Conductivity, 2 [S/m]
# name 10 = flECO-AFL: Fluorescence, WET Labs ECO-AFL/FL [mg/m^3]
# name 11 = CStarAt0: Beam Attenuation, WET Labs C-Star [1/m]
# name 12 = CStarTr0: Beam Transmission, WET Labs C-Star [%]
# name 13 = par: PAR/Irradiance, Biospherical/Licor
# name 14 = modError: Modulo Error Count
# name 15 = v0: Voltage 0
# name 16 = v1: Voltage 1
# name 17 = v2: Voltage 2
# name 18 = v3: Voltage 3
# name 19 = v4: Voltage 4
# name 20 = v5: Voltage 5
# name 21 = v6: Voltage 6
# name 22 = v7: Voltage 7
# name 23 = sbeox0V: Oxygen raw, SBE 43 [V]
# name 24 = sbeox1V: Oxygen raw, SBE 43, 2 [V]
# name 25 = sal00: Salinity, Practical [PSU]
# name 26 = sal11: Salinity, Practical, 2 [PSU]
# name 27 = sigma-é00: Density [sigma-theta, kg/m^3]
# name 28 = sigma-é11: Density, 2 [sigma-theta, kg/m^3]
# name 29 = sbeox0Mm/L: Oxygen, SBE 43 [umol/l], WS = 2
# name 30 = sbeox1Mm/L: Oxygen, SBE 43, 2 [umol/l], WS = 2
# name 31 = sbeox0PS: Oxygen, SBE 43 [% saturation], WS = 2
# name 32 = sbeox1PS: Oxygen, SBE 43, 2 [% saturation], WS = 2
# name 33 = flag: flag
# span 0 =        268,      18669       
# span 1 =     11.126,    777.824       
# span 2 =     12.072,    506.621       
# span 3 = -106.84754, -106.84747       
# span 4 =   16.78532,   16.78540       
# span 5 =     12.000,    503.000       
# span 6 =     7.5998,    29.4799       
# span 7 =     7.5803,    29.4398       
# span 8 = 3.5657e+04, 5.7188e+04       
# span 9 =   3.571572,   5.726929       
# span 10 =     0.0604,     1.5235      
# span 11 =     0.0103,     0.1042      
# span 12 =    97.4281,    99.7432      
# span 13 = -2.489e-06, 7.2202e-01      
# span 14 =          0,          0      
# span 15 =     0.5034,     2.4709      
# span 16 =     0.5139,     2.4677      
# span 17 =     0.0571,     0.2034      
# span 18 =     0.1145,     0.1181      
# span 19 =     4.5324,     4.6400      
# span 20 =     0.0000,     0.0000      
# span 21 =     0.0085,     0.9175      
# span 22 =     0.0000,     0.0000      
# span 23 =     0.5023,     2.4708      
# span 24 =     0.5128,     2.4653      
# span 25 =    34.2891,    34.7854      
# span 26 =    34.3815,    34.8716      
# span 27 =    21.5872,    26.9914      
# span 28 =    21.6642,    27.0593      
# span 29 =      0.872,    229.194      
# span 30 =      0.976,    239.647      
# span 31 =      0.293,    106.410      
# span 32 =      0.327,    111.646      
# span 33 = 0.0000e+00, 0.0000e+00      
# interval = meters: 1                  
# start_time = Oct 07 2019 07:40:01 [NMEA time, first data scan]
# bad_flag = -9.990e-29
*END*
        268     11.126     12.072 -106.84748   16.78538     12.000    29.4799    29.4398 5.7188e+04   5.726929     0.0850     0.0510    98.7336 7.2202e-01          0     2.3489     2.3330     0.0595     0.1171     4.5931     0.0000     0.9175     0.0000     2.3490     2.3352    34.5779    34.6625    21.5872    21.6642    193.125    203.241     98.053    103.171 0.0000e+00
        999     41.579     13.078 -106.84747   16.78539     13.000    29.4775    29.4372 5.7186e+04   5.726737     0.0827     0.0475    98.8187 6.3596e-01          0     2.3493     2.3348     0.0593     0.1172     4.5970     0.0000     0.8726     0.0000     2.3488     2.3364    34.5781    34.6627    21.5882    21.6653    193.087    203.272     98.030    103.182 0.0000e+00
       1395     58.071     14.084 -106.84748   16.78540     14.000    29.4776    29.4365 5.7186e+04   5.726686     0.0894     0.0483    98.8000 4.3595e-01          0     2.3509     2.3335     0.0599     0.1172     4.5962     0.0000     0.7363     0.0000     2.3507     2.3325    34.5782    34.6626    21.5884    21.6655    193.288    202.992     98.132    103.039 0.0000e+00
       1554     64.687     15.090 -106.84748   16.78540     15.000    29.4760    29.4342 5.7186e+04   5.726601     0.0790     0.0482    98.8022 3.4658e-01          0     2.3530     2.3331     0.0589     0.1172     4.5963     0.0000     0.6596     0.0000     2.3454     2.3386    34.5784    34.6634    21.5891    21.6670    193.046    203.432     98.007    103.259 0.0000e+00
       1588     66.116     16.096 -106.84748   16.78540     16.000    29.4665    29.4306 5.7180e+04   5.726343     0.0807     0.0487    98.7890 3.2084e-01          0     2.3524     2.3275     0.0590     0.1171     4.5956     0.0000     0.6291     0.0000     2.3519     2.3290    34.5811    34.6640    21.5944    21.6687    194.012    202.204     98.484    102.630 0.0000e+00
       1618     67.359     17.102 -106.84748   16.78540     17.000    29.4644    29.4228 5.7181e+04   5.726181     0.0692     0.0469    98.8342 2.4140e-01          0     2.3480     2.3355     0.0579     0.1172     4.5978     0.0000     0.5372     0.0000     2.3534     2.3324    34.5833    34.6682    21.5969    21.6746    193.666    203.459     98.306    103.256 0.0000e+00
       1653     68.822     18.108 -106.84748   16.78540     18.000    29.4638    29.4226 5.7182e+04   5.726152     0.0762     0.0471    98.8288 2.3521e-01          0     2.3475     2.3359     0.0586     0.1175     4.5975     0.0000     0.5339     0.0000     2.3488     2.3361    34.5837    34.6679    21.5974    21.6745    192.813    203.630     97.872    103.343 0.0000e+00
       1702     70.856     19.114 -106.84748   16.78540     19.000    29.4648    29.4234 5.7181e+04   5.726126     0.0761     0.0470    98.8321 2.0767e-01          0     2.3513     2.3327     0.0586     0.1172     4.5977     0.0000     0.4959     0.0000     2.3453     2.3328    34.5823    34.6668    21.5961    21.6735    192.802    203.017     97.867    103.032 0.0000e+00
       1838     76.531     20.120 -106.84748   16.78537     20.000    29.4660    29.4245 5.7183e+04   5.726398     0.0915     0.0465    98.8447 1.2677e-01          0     2.3426     2.3321     0.0601     0.1163     4.5983     0.0000     0.3711     0.0000     2.3473     2.3330    34.5824    34.6676    21.5959    21.6738    193.421    203.232     98.184    103.144 0.0000e+00
       1869     77.836     21.126 -106.84748   16.78538     21.000    29.4636    29.4219 5.7186e+04   5.726646     0.0758     0.0472    98.8268 1.1855e-01          0     2.3444     2.3330     0.0586     0.1172     4.5974     0.0000     0.3503     0.0000     2.3481     2.3321    34.5859    34.6709    21.5994    21.6772    193.351    203.289     98.146    103.170 0.0000e+00
       1906     79.382     22.133 -106.84748   16.78538     22.000    29.4524    29.4119 5.7185e+04   5.726652     0.0767     0.0470    98.8304 1.0146e-01          0     2.3479     2.3335     0.0587     0.1172     4.5976     0.0000     0.3114     0.0000     2.3509     2.3364    34.5933    34.6778    21.6088    21.6859    193.684    203.806     98.302    103.420 0.0000e+00
       1946     81.023     23.138 -106.84748   16.78538     23.000    29.4301    29.3893 5.7172e+04   5.725391     0.0761     0.0466    98.8408 8.2468e-02          0     2.3482     2.3320     0.0586     0.1172     4.5981     0.0000     0.2672     0.0000     2.3498     2.3347    34.5998    34.6852    21.6213    21.6991    193.523    203.342     98.188    103.151 0.0000e+00
       1998     83.218     24.145 -106.84748   16.78538     24.000    29.4169    29.3756 5.7162e+04   5.724326     0.0873     0.0477    98.8147 6.3524e-02          0     2.3508     2.3364     0.0597     0.1172     4.5969     0.0000     0.2218     0.0000     2.3497     2.3299    34.6026    34.6876    21.6279    21.7056    193.619    203.071     98.217    102.992 0.0000e+00
       2055     85.597     25.151 -106.84748   16.78538     25.000    29.4113    29.3704 5.7159e+04   5.724006     0.0883     0.0480    98.8064 5.0718e-02          0     2.3495     2.3316     0.0598     0.1171     4.5965     0.0000     0.1836     0.0000     2.3495     2.3323    34.6038    34.6889    21.6308    21.7084    193.729    203.402     98.265    103.152 0.0000e+00
       2146     89.363     26.157 -106.84748   16.78538     26.000    29.4068    29.3654 5.7156e+04   5.723672     0.0963     0.0484    98.7986 2.9922e-02          0     2.3496     2.3319     0.0607     0.1172     4.5961     0.0000     0.1236     0.0000     2.3477     2.3312    34.6047    34.6899    21.6330    21.7109    193.415    203.319     98.099    103.102 0.0000e+00
       2212     92.115     27.163 -106.84748   16.78538     27.000    29.4002    29.3584 5.7152e+04   5.723352     0.0926     0.0500    98.7564 2.5785e-02          0     2.3464     2.3315     0.0603     0.1171     4.5941     0.0000     0.1096     0.0000     2.3486     2.3319    34.6069    34.6925    21.6370    21.7153    193.900    203.386     98.336    103.127 0.0000e+00
       2233     92.998     28.169 -106.84748   16.78538     28.000    29.3898    29.3476 5.7143e+04   5.722367     0.0882     0.0504    98.7477 2.5164e-02          0     2.3475     2.3311     0.0598     0.1172     4.5937     0.0000     0.1073     0.0000     2.3478     2.3312    34.6075    34.6933    21.6410    21.7197    192.940    203.505     97.833    103.169 0.0000e+00
       2253     93.833     29.175 -106.84748   16.78538     29.000    29.3807    29.3389 5.7134e+04   5.721553     0.0883     0.0482    98.8020 2.6026e-02          0     2.3505     2.3301     0.0598     0.1171     4.5962     0.0000     0.1103     0.0000     2.3406     2.3320    34.6082    34.6937    21.6447    21.7229    192.265    203.456     97.477    103.130 0.0000e+00
       2273     94.678     30.181 -106.84748   16.78538     30.000    29.3749    29.3332 5.7129e+04   5.720988     0.0883     0.0490    98.7835 2.7445e-02          0     2.3461     2.3315     0.0598     0.1172     4.5954     0.0000     0.1153     0.0000     2.3405     2.3297    34.6083    34.6937    21.6468    21.7250    192.807    203.106     97.743    102.943 0.0000e+00
       2322     96.711     31.187 -106.84748   16.78538     31.000    29.3763    29.3350 5.7133e+04   5.721472     0.1013     0.0485    98.7948 2.7919e-02          0     2.3442     2.3307     0.0611     0.1172     4.5959     0.0000     0.1169     0.0000     2.3402     2.3292    34.6101    34.6954    21.6478    21.7257    193.056    203.317     97.872    103.054 0.0000e+00
       2421    100.840     32.193 -106.84748   16.78538     32.000    29.3798    29.3386 5.7142e+04   5.722235     0.1057     0.0473    98.8232 2.6632e-02          0     2.3400     2.3291     0.0616     0.1165     4.5973     0.0000     0.1124     0.0000     2.3503     2.3321    34.6133    34.6978    21.6491    21.7263    193.989    203.694     98.352    103.253 0.0000e+00
       2488    103.615     33.200 -106.84748   16.78538     33.000    29.3833    29.3413 5.7157e+04   5.723687     0.1115     0.0472    98.8270 2.4981e-02          0     2.3488     2.3316     0.0622     0.1172     4.5974     0.0000     0.1067     0.0000     2.3412     2.3280    34.6204    34.7054    21.6533    21.7312    192.950    202.834     97.835    102.825 0.0000e+00
       2538    105.714     34.206 -106.84748   16.78538     34.000    29.3461    29.3001 5.7115e+04   5.720061     0.1127     0.0504    98.7489 2.4440e-02          0     2.3453     2.3317     0.0623     0.1171     4.5938     0.0000     0.1048     0.0000     2.3564     2.3231    34.6185    34.7102    21.6645    21.7488    198.987    203.994    100.834    103.347 0.0000e+00
       2564    106.798     35.212 -106.84748   16.78538     35.000    29.2218    29.1763 5.6985e+04   5.707157     0.1127     0.0535    98.6706 2.2277e-02          0     2.3376     2.3297     0.0623     0.1173     4.5901     0.0000     0.0971     0.0000     2.4014     2.3513    34.6192    34.7113    21.7069    21.7912    204.998    209.518    103.673    105.935 0.0000e+00
       2586    107.722     36.218 -106.84748   16.78538     36.000    28.4755    28.3896 5.6172e+04   5.633095     0.1188     0.0576    98.5697 1.7850e-02          0     2.3441     2.3253     0.0629     0.1174     4.5855     0.0000     0.0809     0.0000     2.4281     2.3790    34.5997    34.7732    21.9399    22.0986    209.218    215.175    104.518    107.447 0.0000e+00
       2608    108.636     37.224 -106.84748   16.78538     37.000    27.8549    27.7961 5.5521e+04   5.563079     0.1381     0.0678    98.3179 1.6265e-02          0     2.3423     2.3210     0.0648     0.1172     4.5737     0.0000     0.0750     0.0000     2.4481     2.4029    34.6001    34.7208    22.1439    22.2538    213.065    220.446    105.370    108.988 0.0000e+00
       2639    109.902     38.230 -106.84748   16.78538     38.000    27.5493    27.5000 5.5202e+04   5.530654     0.1660     0.0716    98.2256 1.5795e-02          0     2.3858     2.3409     0.0676     0.1172     4.5695     0.0000     0.0732     0.0000     2.4543     2.4317    34.6009    34.7112    22.2437    22.3426    210.883    222.677    103.772    109.553 0.0000e+00
       2779    115.757     39.236 -106.84748   16.78538     39.000    27.8592    27.6477 5.5523e+04   5.539541     0.2010     0.0734    98.1811 1.4203e-02          0     2.4588     2.4470     0.0711     0.1173     4.5674     0.0000     0.0672     0.0000     2.4367     2.4271    34.5981    34.6643    22.1413    22.2596    209.735    219.726    103.731    108.336 0.0000e+00
       2820    117.455     40.243 -106.84748   16.78538     40.000    26.9282    26.8996 5.4559e+04   5.473858     0.1823     0.0762    98.1147 1.3972e-02          0     2.4352     2.4352     0.0692     0.1172     4.5643     0.0000     0.0663     0.0000     2.4494     2.4191    34.6051    34.7544    22.4460    22.5674    214.419    222.842    104.434    108.574 0.0000e+00
       2844    118.449     41.249 -106.84748   16.78538     41.000    26.3049    26.2043 5.3902e+04   5.405856     0.1939     0.0802    98.0163 1.3323e-02          0     2.4378     2.4307     0.0704     0.1173     4.5597     0.0000     0.0638     0.0000     2.4547     2.4271    34.5994    34.7887    22.6383    22.8125    217.642    227.016    104.902    109.353 0.0000e+00
       2865    119.335     42.255 -106.84748   16.78538     42.000    25.0621    24.9950 5.2538e+04   5.268898     0.2195     0.0834    97.9382 1.3185e-02          0     2.4512     2.4276     0.0729     0.1172     4.5561     0.0000     0.0632     0.0000     2.4587     2.4368    34.5441    34.7071    22.9806    23.1241    223.687    233.860    105.548    110.325 0.0000e+00
       2892    120.448     43.261 -106.84748   16.78538     43.000    24.4827    24.4316 5.1913e+04   5.203582     0.2510     0.0821    97.9690 1.2881e-02          0     2.4475     2.4185     0.0761     0.1172     4.5575     0.0000     0.0621     0.0000     2.4708     2.4558    34.5231    34.6545    23.1395    23.2541    227.782    239.022    106.410    111.646 0.0000e+00
       2987    124.407     44.267 -106.84748   16.78538     44.000    24.6595    24.5904 5.2127e+04   5.215882     0.3279     0.0810    97.9956 1.2775e-02          0     2.4687     2.4555     0.0838     0.1172     4.5587     0.0000     0.0617     0.0000     2.4702     2.4653    34.5463    34.6236    23.1040    23.1832    224.736    236.727    105.318    110.856 0.0000e+00
       3072    127.951     45.273 -106.84748   16.78538     45.000    24.3494    24.2100 5.1780e+04   5.177591     0.3396     0.0817    97.9760 1.2629e-02          0     2.4709     2.4677     0.0850     0.1172     4.5578     0.0000     0.0611     0.0000     2.4609     2.4518    34.5256    34.6304    23.1813    23.3021    225.060    236.551    104.899    110.058 0.0000e+00
       3103    129.242     46.280 -106.84748   16.78538     46.000    24.1439    24.1042 5.1554e+04   5.163847     0.3145     0.0822    97.9650 1.2291e-02          0     2.4639     2.4573     0.0824     0.1172     4.5573     0.0000     0.0597     0.0000     2.4599     2.4442    34.5145    34.6087    23.2341    23.3171    226.857    236.573    105.358    109.854 0.0000e+00
       3137    130.648     47.286 -106.84748   16.78538     47.000    23.9763    23.9310 5.1366e+04   5.145536     0.3323     0.0830    97.9449 1.2423e-02          0     2.4631     2.4540     0.0842     0.1172     4.5564     0.0000     0.0603     0.0000     2.4690     2.4521    34.5019    34.6047    23.2742    23.3653    229.194    239.560    106.128    110.905 0.0000e+00
       3233    134.660     48.292 -106.84748   16.78538     48.000    23.9813    23.8777 5.1368e+04   5.137467     0.4090     0.0839    97.9249 1.1359e-02          0     2.4669     2.4515     0.0919     0.1172     4.5555     0.0000     0.0561     0.0000     2.4474     2.4467    34.4992    34.5847    23.2707    23.3659    223.320    236.695    103.413    109.464 0.0000e+00
       3281    136.686     49.298 -106.84748   16.78538     49.000    23.3275    23.2781 5.0636e+04   5.073801     0.3630     0.0826    97.9566 1.1061e-02          0     2.4582     2.4556     0.0873     0.1172     4.5570     0.0000     0.0549     0.0000     2.4348     2.4307    34.4517    34.5681    23.4262    23.5287    226.192    238.037    103.535    108.936 0.0000e+00
       3305    137.651     50.305 -106.84748   16.78538     50.000    23.1464    23.1020 5.0439e+04   5.052357     0.3654     0.0835    97.9353 1.1068e-02          0     2.4454     2.4442     0.0875     0.1173     4.5559     0.0000     0.0549     0.0000     2.4300     2.4253    34.4415    34.5414    23.4709    23.5594    226.713    238.226    103.440    108.671 0.0000e+00
       3329    138.656     51.311 -106.84748   16.78538     51.000    23.0399    22.9979 5.0322e+04   5.040667     0.3831     0.0834    97.9370 1.1229e-02          0     2.4392     2.4364     0.0893     0.1172     4.5560     0.0000     0.0556     0.0000     2.4307     2.4247    34.4349    34.5330    23.4966    23.5831    227.954    239.647    103.808    109.114 0.0000e+00
       3426    142.713     52.317 -106.84748   16.78538     52.000    23.0244    22.9705 5.0308e+04   5.036024     0.4967     0.0833    97.9400 1.0433e-02          0     2.4318     2.4276     0.1007     0.1172     4.5562     0.0000     0.0524     0.0000     2.4256     2.4228    34.4358    34.5185    23.5018    23.5800    226.347    238.335    103.047    108.455 0.0000e+00
       3505    146.007     53.323 -106.84748   16.78538     53.000    22.7588    22.7018 5.0014e+04   5.010733     0.4712     0.0822    97.9663 9.7938e-03          0     2.4303     2.4270     0.0981     0.1173     4.5574     0.0000     0.0499     0.0000     2.4069     2.3979    34.4172    34.5345    23.5637    23.6689    226.026    236.664    102.412    107.197 0.0000e+00
