data/ctd-cnv/KM1919/KM1919-St20-P2/St20_P2_cast42-align-cellTM-derive-bin.cnv
* Sea-Bird SBE 9 Data File:
* FileName = C:\Users\otg\Desktop\CTD Data\km1920\St20_P2_cast42.hex
* Software Version Seasave V 7.26.7.107
* Temperature SN = 5554
* Conductivity SN = 3876
* Number of Bytes Per Scan = 41
* Number of Voltage Words = 4
* Number of Scans Averaged by the Deck Unit = 1
* NMEA Latitude = 16 45.02 N
* NMEA Longitude = 106 48.09 W
* NMEA UTC (Time) = Oct 08 2019  06:56:06
* NMEA baud rate = 4800
** Ship: Kilo Moana
** Station: St20_P2 cast 42
** Operator: kc
** midnight diel cast
# nquan = 34
# nvalues = 203                         
# units = specified
# name 0 = scan: Scan Count
# name 1 = timeS: Time, Elapsed [seconds]
# name 2 = prDM: Pressure, Digiquartz [db]
# name 3 = longitude: Longitude [deg]
# name 4 = latitude: Latitude [deg]
# name 5 = depSMignore: Depth [salt water, m]
# name 6 = t090C: Temperature [ITS-90, deg C]
# name 7 = t190C: Temperature, 2 [ITS-90, deg C]
# name 8 = c0uS/cm: Conductivity [uS/cm]
# name 9 = c1S/m: Conductivity, 2 [S/m]
# name 10 = flECO-AFL: Fluorescence, WET Labs ECO-AFL/FL [mg/m^3]
# name 11 = CStarAt0: Beam Attenuation, WET Labs C-Star [1/m]
# name 12 = CStarTr0: Beam Transmission, WET Labs C-Star [%]
# name 13 = par: PAR/Irradiance, Biospherical/Licor
# name 14 = modError: Modulo Error Count
# name 15 = v0: Voltage 0
# name 16 = v1: Voltage 1
# name 17 = v2: Voltage 2
# name 18 = v3: Voltage 3
# name 19 = v4: Voltage 4
# name 20 = v5: Voltage 5
# name 21 = v6: Voltage 6
# name 22 = v7: Voltage 7
# name 23 = sbeox0V: Oxygen raw, SBE 43 [V]
# name 24 = sbeox1V: Oxygen raw, SBE 43, 2 [V]
# name 25 = sal00: Salinity, Practical [PSU]
# name 26 = sal11: Salinity, Practical, 2 [PSU]
# name 27 = sigma-é00: Density [sigma-theta, kg/m^3]
# name 28 = sigma-é11: Density, 2 [sigma-theta, kg/m^3]
# name 29 = sbeox0Mm/L: Oxygen, SBE 43 [umol/l], WS = 2
# name 30 = sbeox1Mm/L: Oxygen, SBE 43, 2 [umol/l], WS = 2
# name 31 = sbeox0PS: Oxygen, SBE 43 [% saturation], WS = 2
# name 32 = sbeox1PS: Oxygen, SBE 43, 2 [% saturation], WS = 2
# name 33 = flag: flag
# span 0 =       -124,       9579       
# span 1 =     -5.197,    399.081       
# span 2 =      1.006,    204.312       
# span 3 = -106.80156, -106.80152       
# span 4 =   16.75016,   16.75025       
# span 5 =      1.000,    203.000       
# span 6 =    12.1619,    29.6454       
# span 7 =    12.1425,    29.6028       
# span 8 = 4.0014e+04, 5.7362e+04       
# span 9 =   4.007659,   5.744289       
# span 10 =     0.0380,     1.4173      
# span 11 =     0.0272,     0.1179      
# span 12 =    97.0945,    99.3233      
# span 13 = 1.5916e-03, 5.0682e+00      
# span 14 =          0,          0      
# span 15 =     0.5052,     2.4910      
# span 16 =     0.5166,     2.4801      
# span 17 =     0.0547,     0.1927      
# span 18 =     0.1123,     0.1172      
# span 19 =     4.5168,     4.6205      
# span 20 =     0.0000,     0.0000      
# span 21 =     0.0158,     1.7310      
# span 22 =     0.0000,     0.0000      
# span 23 =     0.5037,     2.4955      
# span 24 =     0.5156,     2.4712      
# span 25 =    34.3070,    34.7836      
# span 26 =    34.4220,    34.8728      
# span 27 =    21.5317,    26.3877      
# span 28 =    21.6098,    26.4530      
# span 29 =      0.968,    228.447      
# span 30 =      1.322,    239.494      
# span 31 =      0.359,    107.090      
# span 32 =      0.490,    111.901      
# span 33 = 0.0000e+00, 0.0000e+00      
# interval = meters: 1                  
# start_time = Oct 08 2019 07:04:43 [NMEA time, first data scan]
# bad_flag = -9.990e-29
*END*
[from data line 43]
       3099    129.094     44.267 -106.80152   16.75018     44.000    24.6664    24.5778 5.2136e+04   5.217436     0.3137     0.0908    97.7564 7.1840e-03          0     2.4619     2.4455     0.0824     0.1148     4.5476     0.0000     0.0394     0.0000     2.4643     2.4541    34.5481    34.6449    23.1034    23.2032    224.461    235.789    105.205    110.408 0.0000e+00
       3161    131.683     45.273 -106.80152   16.75018     45.000    24.4222    24.3828 5.1866e+04   5.195685     0.3264     0.0902    97.7701 7.1927e-03          0     2.4649     2.4559     0.0836     0.1148     4.5482     0.0000     0.0394     0.0000     2.4624     2.4485    34.5344    34.6325    23.1663    23.2522    225.175    235.476    105.090    109.885 0.0000e+00
       3196    133.139     46.280 -106.80152   16.75018     46.000    24.2282    24.1802 5.1647e+04   5.173941     0.3202     0.0905    97.7619 7.3770e-03          0     2.4644     2.4527     0.0830     0.1148     4.5479     0.0000     0.0401     0.0000     2.4613     2.4439    34.5190    34.6257    23.2125    23.3075    226.151    236.155    105.185    109.814 0.0000e+00
       3229    134.508     47.286 -106.80152   16.75018     47.000    23.9273    23.8813 5.1305e+04   5.139457     0.3243     0.0900    97.7751 7.4192e-03          0     2.4631     2.4514     0.0834     0.1148     4.5485     0.0000     0.0403     0.0000     2.4617     2.4461    34.4939    34.5974    23.2826    23.3745    227.613    238.501    105.302    110.316 0.0000e+00
       3274    136.354     48.292 -106.80152   16.75018     48.000    23.6971    23.6493 5.1042e+04   5.112382     0.3588     0.0912    97.7473 7.4196e-03          0     2.4615     2.4451     0.0869     0.1148     4.5472     0.0000     0.0403     0.0000     2.4627     2.4502    34.4732    34.5724    23.3346    23.4238    228.407    239.494    105.236    110.315 0.0000e+00
       3367    140.231     49.298 -106.80152   16.75018     49.000    23.5453    23.4202 5.0871e+04   5.086726     0.3946     0.0886    97.8092 7.3511e-03          0     2.4628     2.4508     0.0905     0.1148     4.5501     0.0000     0.0400     0.0000     2.4462     2.4361    34.4610    34.5556    23.3698    23.4779    226.325    237.826    103.994    109.102 0.0000e+00
       3413    142.156     50.304 -106.80152   16.75018     50.000    23.2395    23.2029 5.0542e+04   5.062517     0.3923     0.0904    97.7641 7.3632e-03          0     2.4537     2.4447     0.0902     0.1148     4.5480     0.0000     0.0401     0.0000     2.4407     2.4287    34.4481    34.5402    23.4490    23.5294    227.931    238.712    104.169    109.084 0.0000e+00
       3447    143.575     51.311 -106.80152   16.75018     51.000    23.2240    23.1859 5.0527e+04   5.060362     0.4140     0.0915    97.7388 7.6318e-03          0     2.4463     2.4356     0.0924     0.1148     4.5468     0.0000     0.0412     0.0000     2.4416     2.4286    34.4483    34.5367    23.4536    23.5317    228.313    238.851    104.315    109.113 0.0000e+00
       3493    145.482     52.317 -106.80153   16.75018     52.000    23.1694    23.1317 5.0469e+04   5.054769     0.4249     0.0907    97.7582 7.4430e-03          0     2.4417     2.4293     0.0935     0.1148     4.5477     0.0000     0.0404     0.0000     2.4412     2.4259    34.4460    34.5360    23.4677    23.5468    228.447    238.686    104.275    108.934 0.0000e+00
       3550    147.879     53.323 -106.80154   16.75018     53.000    23.0355    23.0010 5.0321e+04   5.040749     0.4379     0.0911    97.7487 7.3406e-03          0     2.4414     2.4277     0.0948     0.1152     4.5473     0.0000     0.0400     0.0000     2.4383     2.4260    34.4373    34.5306    23.4998    23.5804    228.009    239.390    103.827    109.002 0.0000e+00
       3594    149.709     54.329 -106.80154   16.75018     54.000    22.9382    22.8995 5.0216e+04   5.029406     0.4438     0.0907    97.7566 7.2537e-03          0     2.4410     2.4253     0.0954     0.1169     4.5476     0.0000     0.0396     0.0000     2.4263     2.4203    34.4318    34.5226    23.5236    23.6036    226.130    238.310    102.793    108.313 0.0000e+00
       3652    152.142     55.336 -106.80156   16.75018     55.000    22.8195    22.7800 5.0087e+04   5.016403     0.4877     0.0919    97.7298 7.1357e-03          0     2.4338     2.4244     0.0998     0.1148     4.5464     0.0000     0.0392     0.0000     2.4185     2.4070    34.4253    34.5161    23.5528    23.6329    227.542    237.612    103.215    107.765 0.0000e+00
       3725    155.162     56.342 -106.80156   16.75018     56.000    22.6486    22.6102 4.9897e+04   4.997353     0.5177     0.0911    97.7492 7.3000e-03          0     2.4167     2.4085     0.1028     0.1148     4.5473     0.0000     0.0398     0.0000     2.4150     2.4038    34.4125    34.5022    23.5918    23.6708    226.367    238.083    102.366    107.648 0.0000e+00
       3769    156.986     57.348 -106.80156   16.75018     57.000    22.5692    22.5284 4.9808e+04   4.988428     0.4969     0.0921    97.7233 7.6168e-03          0     2.4203     2.4044     0.1007     0.1148     4.5461     0.0000     0.0411     0.0000     2.3927     2.3915    34.4060    34.4973    23.6095    23.6904    221.827    235.128    100.169    106.156 0.0000e+00
       3793    158.008     58.354 -106.80156   16.75018     58.000    22.4615    22.4150 4.9688e+04   4.977131     0.4644     0.0907    97.7583 7.7461e-03          0     2.4175     2.4057     0.0975     0.1149     4.5477     0.0000     0.0416     0.0000     2.3765     2.3732    34.3976    34.4988    23.6337    23.7237    221.581    232.913     99.863    104.946 0.0000e+00
       3816    158.941     59.361 -106.80156   16.75018     59.000    22.1698    22.1146 4.9364e+04   4.946156     0.4696     0.0914    97.7416 7.7200e-03          0     2.4138     2.4034     0.0980     0.1148     4.5469     0.0000     0.0415     0.0000     2.3708     2.3621    34.3746    34.4950    23.6984    23.8053    224.612    234.653    100.693    105.165 0.0000e+00
       3907    162.733     60.367 -106.80156   16.75018     60.000    22.0856    22.0869 4.9273e+04   4.938409     0.5612     0.0933    97.6942 7.6287e-03          0     2.3843     2.3769     0.1071     0.1148     4.5447     0.0000     0.0411     0.0000     2.3746     2.3722    34.3701    34.4558    23.7184    23.7831    223.517    235.892    100.040    105.636 0.0000e+00
       4007    166.905     61.373 -106.80156   16.75018     61.000    22.0667    22.0240 4.9271e+04   4.939645     0.5358     0.0912    97.7445 7.5889e-03          0     2.3916     2.3946     0.1046     0.1148     4.5471     0.0000     0.0410     0.0000     2.2851     2.3004    34.3835    34.5155    23.7341    23.8462    202.171    221.446     90.476     99.101 0.0000e+00
       4021    167.494     62.379 -106.80156   16.75018     62.000    21.3723    21.2928 4.8493e+04   4.862511     0.5629     0.0945    97.6634 7.5607e-03          0     2.3898     2.3929     0.1073     0.1148     4.5433     0.0000     0.0409     0.0000     2.2404     2.2717    34.3218    34.4909    23.8793    24.0297    195.328    218.653     86.305     96.568 0.0000e+00
       4037    168.169     63.386 -106.80156   16.75018     63.000    20.9197    20.8648 4.8019e+04   4.812336     0.6246     0.0964    97.6197 7.6600e-03          0     2.3738     2.3802     0.1135     0.1148     4.5413     0.0000     0.0413     0.0000     2.1868     2.2318    34.3070    34.4347    23.9914    24.1033    190.113    213.134     83.309     93.375 0.0000e+00
       4054    168.873     64.392 -106.80156   16.75018     64.000    20.7948    20.7526 4.7911e+04   4.799510     0.9322     0.1075    97.3482 7.6849e-03          0     2.3447     2.3527     0.1442     0.1167     4.5286     0.0000     0.0414     0.0000     2.1409     2.1852    34.3202    34.4220    24.0352    24.1240    192.632    208.757     84.228     91.264 0.0000e+00
       4076    169.797     65.398 -106.80156   16.75018     65.000    20.6640    20.6206 4.7811e+04   4.789518     1.3122     0.1179    97.0945 7.6783e-03          0     2.3078     2.3183     0.1822     0.1158     4.5168     0.0000     0.0413     0.0000     2.1365     2.1534    34.3449    34.4481    24.0891    24.1794    205.676    212.721     89.728     92.787 0.0000e+00
       4191    174.600     66.404 -106.80156   16.75018     66.000    20.7236    20.6942 4.7874e+04   4.796663     1.4155     0.1108    97.2678 7.5842e-03          0     2.2111     2.2400     0.1925     0.1147     4.5249     0.0000     0.0410     0.0000     2.1333     2.1507    34.3473    34.4456    24.0749    24.1577    199.395    212.720     87.072     92.904 0.0000e+00
       4258    177.389     67.411 -106.80156   16.75018     67.000    20.4815    20.4022 4.7638e+04   4.773071     1.3177     0.1127    97.2220 7.7193e-03          0     2.2573     2.2778     0.1828     0.1148     4.5228     0.0000     0.0415     0.0000     1.9816     2.0221    34.3523    34.4921    24.1435    24.2711    171.403    187.059     74.532     81.291 0.0000e+00
       4280    178.286     68.417 -106.80156   16.75018     68.000    19.8888    19.8364 4.7045e+04   4.715401     1.4173     0.1059    97.3872 7.7068e-03          0     2.1973     2.2375     0.1927     0.1149     4.5305     0.0000     0.0415     0.0000     1.9501     1.9808    34.3522    34.4845    24.2999    24.4146    175.544    188.496     75.510     81.069 0.0000e+00
       4310    179.559     69.423 -106.80156   16.75018     69.000    19.6342    19.5966 4.6776e+04   4.685976     1.3393     0.0960    97.6295 7.7111e-03          0     2.0799     2.1327     0.1849     0.1148     4.5417     0.0000     0.0415     0.0000     1.9357     1.9542    34.3398    34.4395    24.3570    24.4428    179.959    190.250     77.043     81.441 0.0000e+00
       4402    183.382     70.430 -106.80156   16.75018     70.000    19.7464    19.8575 4.6896e+04   4.711255     1.4160     0.0917    97.7340 7.5148e-03          0     1.9131     1.9294     0.1926     0.1148     4.5466     0.0000     0.0407     0.0000     1.9108     1.9331    34.3459    34.4325    24.3325    24.3695    171.578    186.155     73.615     80.070 0.0000e+00
       4445    185.185     71.436 -106.80156   16.75018     71.000    19.5551    19.5149 4.6699e+04   4.677664     1.2845     0.0917    97.7339 7.4163e-03          0     1.9299     1.9503     0.1795     0.1148     4.5466     0.0000     0.0403     0.0000     1.8191     1.8666    34.3405    34.4376    24.3781    24.4626    148.897    170.562     63.653     72.902 0.0000e+00
       4469    186.168     72.442 -106.80156   16.75018     72.000    19.2220    19.1669 4.6358e+04   4.645552     1.1377     0.0869    97.8505 7.4326e-03          0     1.9215     1.9423     0.1647     0.1148     4.5520     0.0000     0.0404     0.0000     1.7546     1.8040    34.3322    34.4588    24.4574    24.5683    144.780    162.406     61.510     68.980 0.0000e+00
       4495    187.230     73.448 -106.80156   16.75018     73.000    18.8990    18.8567 4.6060e+04   4.614299     0.9685     0.0776    98.0792 7.4198e-03          0     1.9008     1.9231     0.1478     0.1148     4.5626     0.0000     0.0403     0.0000     1.7105     1.7486    34.3506    34.4556    24.5537    24.6447    148.358    159.540     62.658     67.370 0.0000e+00
       4604    191.810     74.455 -106.80156   16.75016     74.000    18.9388    18.9719 4.6107e+04   4.622890     0.9769     0.0699    98.2665 7.3947e-03          0     1.7082     1.7426     0.1487     0.1148     4.5713     0.0000     0.0402     0.0000     1.7104     1.7342    34.3569    34.4312    24.5485    24.5968    152.439    164.985     64.425     69.807 0.0000e+00
       4670    194.559     75.461 -106.80156   16.75016     75.000    18.7424    18.6621 4.5927e+04   4.598386     0.9471     0.0726    98.2021 7.2242e-03          0     1.7407     1.7665     0.1457     0.1147     4.5684     0.0000     0.0395     0.0000     1.5941     1.6468    34.3690    34.4837    24.6074    24.7154    117.039    141.171     49.293     59.406 0.0000e+00
       4686    195.203     76.468 -106.80156   16.75016     76.000    18.6486    18.6120 4.5841e+04   4.591326     0.8384     0.0691    98.2859 7.2712e-03          0     1.7380     1.7667     0.1348     0.1158     4.5722     0.0000     0.0397     0.0000     1.5245     1.5935    34.3746    34.4660    24.6353    24.7144    103.873    130.523     43.672     54.869 0.0000e+00
       4702    195.895     77.474 -106.80156   16.75016     77.000    18.5830    18.5406 4.5785e+04   4.586077     0.7552     0.0681    98.3122 7.2959e-03          0     1.7134     1.7492     0.1265     0.1172     4.5735     0.0000     0.0398     0.0000     1.4537     1.5299    34.3815    34.4811    24.6571    24.7439     97.812    120.658     41.075     50.659 0.0000e+00
       4721    196.678     78.480 -106.80156   16.75016     78.000    18.3235    18.2744 4.5555e+04   4.564306     0.7104     0.0665    98.3505 7.2645e-03          0     1.6743     1.7147     0.1220     0.1150     4.5753     0.0000     0.0397     0.0000     1.3970     1.4622    34.4046    34.5203    24.7394    24.8402    102.189    114.998     42.708     48.053 0.0000e+00
       4782    199.213     79.487 -106.80156   16.75018     79.000    18.2217    18.2196 4.5466e+04   4.556427     0.7068     0.0602    98.5068 7.2101e-03          0     1.5072     1.5543     0.1217     0.1148     4.5825     0.0000     0.0395     0.0000     1.4015     1.4390    34.4141    34.4992    24.7719    24.8376    113.770    123.644     47.455     51.606 0.0000e+00
       4893    203.819     80.493 -106.80156   16.75016     80.000    18.2651    18.1786 4.5514e+04   4.554831     0.8240     0.0581    98.5576 7.0970e-03          0     1.4075     1.4372     0.1334     0.1147     4.5849     0.0000     0.0390     0.0000     1.2976     1.3588    34.4178    34.5199    24.7641    24.8636     79.472    100.706     33.187     42.008 0.0000e+00
       4918    204.893     81.499 -106.80156   16.75016     81.000    17.8039    17.7656 4.5097e+04   4.518328     0.7118     0.0560    98.6102 7.1318e-03          0     1.4366     1.4637     0.1222     0.1148     4.5873     0.0000     0.0391     0.0000     1.2118     1.2681    34.4510    34.5574    24.9029    24.9938     77.136     91.819     31.932     38.008 0.0000e+00
       4947    206.090     82.506 -106.80156   16.75016     82.000    17.5897    17.5520 4.4901e+04   4.497605     0.5945     0.0538    98.6641 7.2143e-03          0     1.3786     1.4258     0.1105     0.1148     4.5899     0.0000     0.0395     0.0000     1.1589     1.2076    34.4637    34.5607    24.9647    25.0482     72.918     87.094     30.067     35.907 0.0000e+00
       4980    207.461     83.512 -106.80156   16.75016     83.000    17.5276    17.4890 4.4845e+04   4.491206     0.5794     0.0519    98.7124 6.8223e-03          0     1.2718     1.3319     0.1090     0.1147     4.5921     0.0000     0.0379     0.0000     1.0873     1.1443    34.4687    34.5589    24.9836    25.0621     61.013     77.135     25.129     31.762 0.0000e+00
       5025    209.346     84.518 -106.80156   16.75016     84.000    17.2835    17.2448 4.4615e+04   4.468889     0.5841     0.0494    98.7722 6.8186e-03          0     1.1699     1.2217     0.1094     0.1141     4.5949     0.0000     0.0379     0.0000     1.0000     1.0500    34.4771    34.5743    25.0487    25.1325     52.190     64.762     21.399     26.549 0.0000e+00
       5100    212.476     85.525 -106.80156   16.75016     85.000    17.0641    17.0037 4.4410e+04   4.446561     0.6092     0.0451    98.8776 6.8243e-03          0     1.0153     1.0688     0.1119     0.1141     4.5998     0.0000     0.0379     0.0000     0.8670     0.9084    34.4864    34.5867    25.1081    25.1995     40.038     48.516     16.343     19.793 0.0000e+00
