data/ctd-cnv/KM1919/KM1919-St20-P2/St20_P2_cast43-align-cellTM-derive-bin.cnv
* Sea-Bird SBE 9 Data File:
* FileName = C:\Users\otg\Desktop\CTD Data\km1920\St20_P2_cast43.hex
* Software Version Seasave V 7.26.7.107
* Temperature SN = 5554
* Conductivity SN = 3876
* Number of Bytes Per Scan = 41
* Number of Voltage Words = 4
* Number of Scans Averaged by the Deck Unit = 1
* NMEA Latitude = 16 44.96 N
* NMEA Longitude = 106 48.13 W
* NMEA UTC (Time) = Oct 08 2019  13:13:17
* NMEA baud rate = 4800
** Ship: Kilo Moana
** Station: St20_P2 cast 43
** Operator: gr
** diel #3 dawn
# nquan = 34
# nvalues = 201                         
# units = specified
# name 0 = scan: Scan Count
# name 1 = timeS: Time, Elapsed [seconds]
# name 2 = prDM: Pressure, Digiquartz [db]
# name 3 = longitude: Longitude [deg]
# name 4 = latitude: Latitude [deg]
# name 5 = depSMignore: Depth [salt water, m]
# name 6 = t090C: Temperature [ITS-90, deg C]
# name 7 = t190C: Temperature, 2 [ITS-90, deg C]
# name 8 = c0uS/cm: Conductivity [uS/cm]
# name 9 = c1S/m: Conductivity, 2 [S/m]
# name 10 = flECO-AFL: Fluorescence, WET Labs ECO-AFL/FL [mg/m^3]
# name 11 = CStarAt0: Beam Attenuation, WET Labs C-Star [1/m]
# name 12 = CStarTr0: Beam Transmission, WET Labs C-Star [%]
# name 13 = par: PAR/Irradiance, Biospherical/Licor
# name 14 = modError: Modulo Error Count
# name 15 = v0: Voltage 0
# name 16 = v1: Voltage 1
# name 17 = v2: Voltage 2
# name 18 = v3: Voltage 3
# name 19 = v4: Voltage 4
# name 20 = v5: Voltage 5
# name 21 = v6: Voltage 6
# name 22 = v7: Voltage 7
# name 23 = sbeox0V: Oxygen raw, SBE 43 [V]
# name 24 = sbeox1V: Oxygen raw, SBE 43, 2 [V]
# name 25 = sal00: Salinity, Practical [PSU]
# name 26 = sal11: Salinity, Practical, 2 [PSU]
# name 27 = sigma-é00: Density [sigma-theta, kg/m^3]
# name 28 = sigma-é11: Density, 2 [sigma-theta, kg/m^3]
# name 29 = sbeox0Mm/L: Oxygen, SBE 43 [umol/l], WS = 2
# name 30 = sbeox1Mm/L: Oxygen, SBE 43, 2 [umol/l], WS = 2
# name 31 = sbeox0PS: Oxygen, SBE 43 [% saturation], WS = 2
# name 32 = sbeox1PS: Oxygen, SBE 43, 2 [% saturation], WS = 2
# name 33 = flag: flag
# span 0 =        -82,      10769       
# span 1 =     -3.440,    448.657       
# span 2 =      2.012,    203.305       
# span 3 = -106.80220, -106.80216       
# span 4 =   16.74922,   16.74926       
# span 5 =      2.000,    202.000       
# span 6 =    12.0844,    29.5326       
# span 7 =    12.0530,    29.4915       
# span 8 = 3.9935e+04, 5.7205e+04       
# span 9 =   3.998916,   5.728554       
# span 10 =     0.0476,     1.7477      
# span 11 =     0.0265,     0.1089      
# span 12 =    97.3154,    99.3393      
# span 13 = 1.6056e-03, 4.4714e+01      
# span 14 =          0,          0      
# span 15 =     0.5043,     2.4884      
# span 16 =     0.5153,     2.4639      
# span 17 =     0.0557,     0.2258      
# span 18 =     0.1120,     0.1163      
# span 19 =     4.5271,     4.6213      
# span 20 =     0.0000,     0.0000      
# span 21 =     0.0159,     2.6659      
# span 22 =     0.0000,     0.0000      
# span 23 =     0.5034,     2.4877      
# span 24 =     0.5143,     2.4613      
# span 25 =    34.3125,    34.7857      
# span 26 =    34.3964,    34.8759      
# span 27 =    21.5504,    26.3993      
# span 28 =    21.6278,    26.4692      
# span 29 =      0.949,    227.822      
# span 30 =      1.115,    238.633      
# span 31 =      0.353,    106.639      
# span 32 =      0.413,    111.116      
# span 33 = 0.0000e+00, 0.0000e+00      
# interval = meters: 1                  
# start_time = Oct 08 2019 13:20:27 [NMEA time, first data scan]
# bad_flag = -9.990e-29
*END*
[from data line 86]
       5142    214.199     88.544 -106.80216   16.74922     88.000    17.6787    17.6434 4.4978e+04   4.504864     0.5681     0.0526    98.6938 9.5257e-02          0     1.4503     1.4543     0.1078     0.1146     4.5912     0.0000     0.3016     0.0000     1.1004     1.1745    34.4525    34.5432    24.9349    25.0129     53.154     73.884     21.952     30.510 0.0000e+00
       5165    215.177     89.550 -106.80216   16.74922     89.000    17.6214    17.5823 4.4932e+04   4.500413     0.5876     0.0520    98.7086 8.2403e-02          0     1.3468     1.3948     0.1098     0.1147     4.5919     0.0000     0.2718     0.0000     1.0250     1.0964    34.4611    34.5564    24.9554    25.0379     50.591     65.499     20.872     27.019 0.0000e+00
       5221    217.492     90.557 -106.80216   16.74922     90.000    17.5550    17.5107 4.4880e+04   4.493689     0.6042     0.0501    98.7565 7.0974e-02          0     1.1332     1.1986     0.1114     0.1142     4.5941     0.0000     0.2435     0.0000     1.0033     1.0306    34.4727    34.5592    24.9804    25.0573     62.333     68.647     25.682     28.279 0.0000e+00
       5317    221.481     91.563 -106.80216   16.74922     91.000    17.4579    17.4498 4.4791e+04   4.491328     0.6241     0.0475    98.8192 6.0184e-02          0     0.9883     0.9799     0.1134     0.1120     4.5971     0.0000     0.2154     0.0000     0.9079     0.9656    34.4780    34.5904    25.0077    25.0958     40.580     53.155     16.688     21.879 0.0000e+00
       5340    222.443     92.570 -106.80216   16.74922     92.000    17.0117    16.9758 4.4359e+04   4.443666     0.5365     0.0448    98.8871 5.9205e-02          0     1.0123     1.0332     0.1047     0.1144     4.6002     0.0000     0.2125     0.0000     0.8833     0.9201    34.4847    34.5828    25.1196    25.2033     46.761     52.526     19.071     21.420 0.0000e+00
       5365    223.492     93.576 -106.80216   16.74922     93.000    16.9313    16.8928 4.4271e+04   4.434156     0.4387     0.0424    98.9451 4.6792e-02          0     0.9661     1.0178     0.0949     0.1147     4.6029     0.0000     0.1770     0.0000     0.8723     0.9017    34.4763    34.5709    25.1322    25.2138     47.514     52.284     19.347     21.286 0.0000e+00
       5409    225.342     94.582 -106.80216   16.74922     94.000    16.8585    16.8039 4.4194e+04   4.424356     0.4451     0.0418    98.9607 3.7489e-02          0     0.9047     0.9470     0.0955     0.1147     4.6037     0.0000     0.1480     0.0000     0.8635     0.8871    34.4710    34.5614    25.1453    25.2275     47.299     51.850     19.232     21.072 0.0000e+00
       5499    229.087     95.589 -106.80216   16.74922     95.000    16.7040    16.7892 4.4048e+04   4.425474     0.4603     0.0421    98.9525 3.2967e-02          0     0.8603     0.8805     0.0970     0.1143     4.6033     0.0000     0.1337     0.0000     0.8367     0.8621    34.4758    34.5834    25.1851    25.2477     41.274     47.367     16.734     19.249 0.0000e+00
       5531    230.427     96.595 -106.80216   16.74922     96.000    16.2650    16.2203 4.3603e+04   4.369535     0.4055     0.0389    99.0327 2.3178e-02          0     0.8578     0.8793     0.0915     0.1122     4.6070     0.0000     0.1000     0.0000     0.8176     0.8431    34.4626    34.5831    25.2770    25.3799     39.739     44.942     15.972     18.061 0.0000e+00
       5560    231.627     97.602 -106.80216   16.74922     97.000    15.8886    15.8496 4.3223e+04   4.330231     0.3430     0.0362    99.0999 1.7167e-02          0     0.8471     0.8715     0.0853     0.1123     4.6101     0.0000     0.0780     0.0000     0.8065     0.8304    34.4515    34.5561    25.3545    25.4438     38.991     44.010     15.556     17.557 0.0000e+00
       5599    233.271     98.608 -106.80216   16.74922     98.000    15.7673    15.7324 4.3105e+04   4.317451     0.3144     0.0349    99.1322 1.2713e-02          0     0.8265     0.8522     0.0824     0.1130     4.6116     0.0000     0.0610     0.0000     0.7892     0.8139    34.4511    34.5439    25.3816    25.4609     35.845     41.417     14.267     16.483 0.0000e+00
       5655    235.581     99.615 -106.80216   16.74922     99.000    15.5839    15.5490 4.2942e+04   4.301286     0.3059     0.0342    99.1497 1.0715e-02          0     0.8028     0.8268     0.0816     0.1147     4.6124     0.0000     0.0533     0.0000     0.7614     0.7860    34.4647    34.5592    25.4333    25.5139     32.629     37.313     12.941     14.798 0.0000e+00
       5713    237.997    100.621 -106.80216   16.74922    100.000    15.4872    15.4530 4.2861e+04   4.292455     0.3031     0.0333    99.1724 6.8040e-03          0     0.7749     0.8006     0.0813     0.1147     4.6135     0.0000     0.0378     0.0000     0.7402     0.7620    34.4766    34.5636    25.4642    25.5388     30.238     34.714     11.971     13.741 0.0000e+00
       5755    239.749    101.627 -106.80216   16.74922    101.000    15.4382    15.4039 4.2823e+04   4.288944     0.3381     0.0330    99.1803 6.4502e-03          0     0.7553     0.7787     0.0848     0.1124     4.6139     0.0000     0.0363     0.0000     0.7164     0.7435    34.4851    34.5748    25.4816    25.5584     22.864     30.262      9.044     11.968 0.0000e+00
       5785    241.020    102.634 -106.80216   16.74922    102.000    15.3287    15.2898 4.2739e+04   4.280747     0.3121     0.0312    99.2220 6.5867e-03          0     0.7453     0.7673     0.0822     0.1123     4.6158     0.0000     0.0369     0.0000     0.6860     0.7177    34.5043    34.6009    25.5208    25.6038     18.053     24.973      7.126      9.856 0.0000e+00
       5814    242.218    103.640 -106.80216   16.74922    103.000    15.1376    15.1002 4.2585e+04   4.265401     0.2340     0.0300    99.2515 6.2298e-03          0     0.7339     0.7565     0.0744     0.1136     4.6171     0.0000     0.0354     0.0000     0.6635     0.6926    34.5337    34.6289    25.5857    25.6673     17.823     22.355      7.010      8.791 0.0000e+00
       5884    245.134    104.647 -106.80216   16.74922    104.000    15.1007    15.0876 4.2562e+04   4.263987     0.2173     0.0294    99.2668 6.1304e-03          0     0.6799     0.7075     0.0727     0.1136     4.6178     0.0000     0.0350     0.0000     0.6484     0.6725    34.5442    34.6269    25.6019    25.6685     19.368     22.876      7.612      8.993 0.0000e+00
       5964    248.451    105.653 -106.80216   16.74922    105.000    15.0431    15.0262 4.2518e+04   4.259738     0.2105     0.0291    99.2752 5.9790e-03          0     0.6495     0.6699     0.0720     0.1130     4.6182     0.0000     0.0344     0.0000     0.6310     0.6560    34.5551    34.6423    25.6230    25.6939     15.284     19.230      6.001      7.551 0.0000e+00
       5987    249.429    106.660 -106.80216   16.74922    106.000    15.0405    15.0068 4.2521e+04   4.257968     0.2078     0.0284    99.2925 5.9340e-03          0     0.6492     0.6739     0.0718     0.1142     4.6190     0.0000     0.0342     0.0000     0.6192     0.6454    34.5595    34.6430    25.6270    25.6987     11.705     17.006      4.595      6.676 0.0000e+00
       6011    250.398    107.666 -106.80216   16.74922    107.000    15.0502    15.0168 4.2540e+04   4.259611     0.2175     0.0284    99.2920 5.8741e-03          0     0.6430     0.6701     0.0728     0.1125     4.6190     0.0000     0.0339     0.0000     0.6039     0.6316    34.5676    34.6487    25.6311    25.7010     10.119     14.406      3.974      5.656 0.0000e+00
       6036    251.456    108.673 -106.80216   16.74922    108.000    15.0891    15.0570 4.2605e+04   4.266056     0.2174     0.0299    99.2553 5.8108e-03          0     0.6354     0.6605     0.0728     0.1124     4.6173     0.0000     0.0337     0.0000     0.5944     0.6177    34.5920    34.6712    25.6414    25.7095     11.422     13.656      4.490      5.367 0.0000e+00
       6096    253.959    109.679 -106.80216   16.74922    109.000    15.0669    15.0223 4.2582e+04   4.262653     0.1842     0.0275    99.3150 5.6703e-03          0     0.6079     0.6326     0.0694     0.1129     4.6201     0.0000     0.0331     0.0000     0.5907     0.6113    34.5908    34.6706    25.6454    25.7167     12.975     14.926      5.098      5.862 0.0000e+00
       6176    257.291    110.686 -106.80216   16.74922    110.000    14.8682    14.8897 4.2383e+04   4.251557     0.1812     0.0280    99.3024 5.5695e-03          0     0.5892     0.6093     0.0691     0.1124     4.6195     0.0000     0.0327     0.0000     0.5920     0.6109    34.5847    34.6869    25.6841    25.7582     11.322     14.369      4.431      5.630 0.0000e+00
       6201    258.342    111.692 -106.80216   16.74922    111.000    14.6841    14.6495 4.2207e+04   4.227258     0.1733     0.0279    99.3046 5.4055e-03          0     0.5902     0.6118     0.0683     0.1124     4.6196     0.0000     0.0320     0.0000     0.5799     0.6026    34.5871    34.6782    25.7259    25.8037      6.946     11.222      2.708      4.375 0.0000e+00
       6226    259.366    112.699 -106.80216   16.74922    112.000    14.7014    14.6693 4.2255e+04   4.231154     0.1496     0.0273    99.3209 5.3277e-03          0     0.5935     0.6124     0.0660     0.1124     4.6204     0.0000     0.0317     0.0000     0.5668     0.5898    34.6157    34.6959    25.7442    25.8131      5.544      8.930      2.163      3.483 0.0000e+00
       6259    260.749    113.705 -106.80217   16.74922    113.000    14.7221    14.6899 4.2301e+04   4.236044     0.1525     0.0265    99.3393 5.3342e-03          0     0.5907     0.6105     0.0663     0.1136     4.6213     0.0000     0.0317     0.0000     0.5562     0.5761    34.6384    34.7219    25.7573    25.8287      6.582      8.276      2.569      3.230 0.0000e+00
       6362    265.057    114.712 -106.80218   16.74922    114.000    14.7141    14.6838 4.2291e+04   4.235001     0.1846     0.0272    99.3238 5.0433e-03          0     0.5507     0.5713     0.0695     0.1120     4.6206     0.0000     0.0304     0.0000     0.5461     0.5654    34.6366    34.7175    25.7577    25.8267      4.977      7.868      1.942      3.070 0.0000e+00
       6400    266.626    115.718 -106.80218   16.74922    115.000    14.5823    14.5475 4.2204e+04   4.226941     0.1831     0.0275    99.3166 5.0518e-03          0     0.5557     0.5720     0.0693     0.1125     4.6202     0.0000     0.0305     0.0000     0.5296     0.5509    34.6739    34.7650    25.8150    25.8928      2.242      4.303      0.873      1.675 0.0000e+00
       6419    267.411    116.725 -106.80218   16.74922    116.000    14.5034    14.4676 4.2139e+04   4.220243     0.1823     0.0284    99.2916 5.0550e-03          0     0.5535     0.5720     0.0692     0.1127     4.6190     0.0000     0.0305     0.0000     0.5258     0.5454    34.6838    34.7746    25.8395    25.9173      2.197      4.000      0.854      1.555 0.0000e+00
       6438    268.216    117.732 -106.80218   16.74924    117.000    14.4712    14.4366 4.2110e+04   4.217163     0.1859     0.0283    99.2946 5.0550e-03          0     0.5464     0.5680     0.0696     0.1147     4.6191     0.0000     0.0305     0.0000     0.5219     0.5411    34.6862    34.7736    25.8483    25.9232      1.864      3.585      0.724      1.393 0.0000e+00
       6462    269.189    118.738 -106.80218   16.74924    118.000    14.4092    14.3719 4.2058e+04   4.212242     0.2279     0.0291    99.2743 5.0550e-03          0     0.5373     0.5596     0.0738     0.1129     4.6182     0.0000     0.0305     0.0000     0.5187     0.5364    34.6933    34.7859    25.8671    25.9465      2.328      3.314      0.903      1.286 0.0000e+00
       6571    273.757    119.745 -106.80218   16.74924    119.000    14.4099    14.3500 4.2061e+04   4.209579     0.3048     0.0347    99.1355 4.9529e-03          0     0.5197     0.5360     0.0814     0.1136     4.6118     0.0000     0.0301     0.0000     0.5169     0.5313    34.6943    34.7806    25.8677    25.9471      2.584      3.435      1.002      1.332 0.0000e+00
       6631    276.239    120.751 -106.80218   16.74924    120.000    14.2204    14.1112 4.1900e+04   4.192612     0.3031     0.0364    99.0938 4.7613e-03          0     0.5204     0.5347     0.0813     0.1147     4.6098     0.0000     0.0293     0.0000     0.5136     0.5285    34.7155    34.8383    25.9244    26.0424      1.486      2.475      0.574      0.955 0.0000e+00
       6648    276.976    121.758 -106.80218   16.74924    121.000    13.9377    13.8991 4.1647e+04   4.172256     0.3604     0.0421    98.9522 4.7631e-03          0     0.5213     0.5352     0.0870     0.1147     4.6033     0.0000     0.0293     0.0000     0.5121     0.5269    34.7354    34.8405    25.9993    26.0886      1.453      2.416      0.559      0.929 0.0000e+00
       6665    277.674    122.764 -106.80218   16.74924    122.000    13.8819    13.8475 4.1597e+04   4.166094     0.4244     0.0425    98.9445 4.7631e-03          0     0.5204     0.5346     0.0934     0.1148     4.6029     0.0000     0.0293     0.0000     0.5107     0.5258    34.7385    34.8293    26.0134    26.0908      1.379      2.303      0.530      0.884 0.0000e+00
       6684    278.445    123.771 -106.80218   16.74924    123.000    13.8383    13.8022 4.1556e+04   4.161878     0.3969     0.0404    98.9949 4.7495e-03          0     0.5183     0.5332     0.0907     0.1147     4.6052     0.0000     0.0292     0.0000     0.5099     0.5245    34.7396    34.8305    26.0233    26.1012      1.501      2.202      0.576      0.845 0.0000e+00
       6773    282.160    124.777 -106.80218   16.74924    124.000    13.8982    13.8835 4.1613e+04   4.168691     0.3964     0.0409    98.9821 4.4851e-03          0     0.5113     0.5258     0.0906     0.1140     4.6046     0.0000     0.0282     0.0000     0.5085     0.5224    34.7374    34.8201    26.0092    26.0762      1.596      2.209      0.613      0.849 0.0000e+00
       6865    286.004    125.784 -106.80218   16.74924    125.000    13.8574    13.8099 4.1578e+04   4.162820     0.3857     0.0411    98.9782 4.4716e-03          0     0.5091     0.5229     0.0896     0.1148     4.6045     0.0000     0.0281     0.0000     0.5082     0.5217    34.7420    34.8316    26.0213    26.1004      1.614      2.037      0.619      0.782 0.0000e+00
       6883    286.739    126.791 -106.80218   16.74924    126.000    13.8016    13.7653 4.1527e+04   4.158842     0.3674     0.0402    99.0016 4.4721e-03          0     0.5096     0.5238     0.0877     0.1146     4.6055     0.0000     0.0281     0.0000     0.5082     0.5213    34.7444    34.8344    26.0348    26.1120      1.620      2.010      0.621      0.770 0.0000e+00
       6903    287.567    127.797 -106.80218   16.74924    127.000    13.7548    13.7208 4.1486e+04   4.154692     0.3668     0.0402    99.0008 4.4044e-03          0     0.5098     0.5237     0.0877     0.1147     4.6055     0.0000     0.0278     0.0000     0.5081     0.5210    34.7473    34.8356    26.0468    26.1221      1.493      2.002      0.572      0.767 0.0000e+00
       6926    288.551    128.804 -106.80218   16.74924    128.000    13.7322    13.6979 4.1466e+04   4.152387     0.3561     0.0398    99.0092 4.1407e-03          0     0.5093     0.5233     0.0866     0.1147     4.6059     0.0000     0.0267     0.0000     0.5076     0.5207    34.7492    34.8344    26.0530    26.1260      1.318      1.947      0.504      0.745 0.0000e+00
       6966    290.194    129.810 -106.80218   16.74924    129.000    13.7244    13.6913 4.1459e+04   4.151699     0.3638     0.0394    99.0203 4.1449e-03          0     0.5092     0.5224     0.0874     0.1147     4.6064     0.0000     0.0267     0.0000     0.5070     0.5203    34.7495    34.8335    26.0549    26.1267      1.438      1.941      0.550      0.743 0.0000e+00
