data/ctd-cnv/KM1919/KM1919-St20-P2/St20_P2_cast48-align-cellTM-derive-bin.cnv
* Sea-Bird SBE 9 Data File:
* FileName = C:\Users\otg\Desktop\CTD Data\km1920\St20_P2_cast48.hex
* Software Version Seasave V 7.26.7.107
* Temperature SN = 5554
* Conductivity SN = 3876
* Number of Bytes Per Scan = 41
* Number of Voltage Words = 4
* Number of Scans Averaged by the Deck Unit = 1
* NMEA Latitude = 16 45.79 N
* NMEA Longitude = 106 46.77 W
* NMEA UTC (Time) = Oct 09 2019  07:43:42
* NMEA baud rate = 4800
** Ship: Kilo Moana
** Station: St20_P2 cast 48
** Operator: CF
** midnight diel cast (DIEL 6)
# nquan = 34
# nvalues = 358                         
# units = specified
# name 0 = scan: Scan Count
# name 1 = timeS: Time, Elapsed [seconds]
# name 2 = prDM: Pressure, Digiquartz [db]
# name 3 = longitude: Longitude [deg]
# name 4 = latitude: Latitude [deg]
# name 5 = depSM: Depth [salt water, m]
# name 6 = t090C: Temperature [ITS-90, deg C]
# name 7 = t190C: Temperature, 2 [ITS-90, deg C]
# name 8 = c0uS/cm: Conductivity [uS/cm]
# name 9 = c1S/m: Conductivity, 2 [S/m]
# name 10 = flECO-AFL: Fluorescence, WET Labs ECO-AFL/FL [mg/m^3]
# name 11 = CStarAt0: Beam Attenuation, WET Labs C-Star [1/m]
# name 12 = CStarTr0: Beam Transmission, WET Labs C-Star [%]
# name 13 = par: PAR/Irradiance, Biospherical/Licor
# name 14 = modError: Modulo Error Count
# name 15 = v0: Voltage 0
# name 16 = v1: Voltage 1
# name 17 = v2: Voltage 2
# name 18 = v3: Voltage 3
# name 19 = v4: Voltage 4
# name 20 = v5: Voltage 5
# name 21 = v6: Voltage 6
# name 22 = v7: Voltage 7
# name 23 = sbeox0V: Oxygen raw, SBE 43 [V]
# name 24 = sbeox1V: Oxygen raw, SBE 43, 2 [V]
# name 25 = sal00: Salinity, Practical [PSU]
# name 26 = sal11: Salinity, Practical, 2 [PSU]
# name 27 = sigma-é00: Density [sigma-theta, kg/m^3]
# name 28 = sigma-é11: Density, 2 [sigma-theta, kg/m^3]
# name 29 = sbeox0Mm/L: Oxygen, SBE 43 [umol/l], WS = 2
# name 30 = sbeox1Mm/L: Oxygen, SBE 43, 2 [umol/l], WS = 2
# name 31 = sbeox0PS: Oxygen, SBE 43 [% saturation], WS = 2
# name 32 = sbeox1PS: Oxygen, SBE 43, 2 [% saturation], WS = 2
# name 33 = flag: flag
# span 0 =         37,      17245       
# span 1 =      1.502,    718.515       
# span 2 =      1.006,    360.450       
# span 3 = -106.77958, -106.77954       
# span 4 =   16.76310,   16.76318       
# span 5 =      1.000,    358.000       
# span 6 =     9.9152,    29.6552       
# span 7 =     9.8866,    29.6147       
# span 8 = 3.7828e+04, 5.7362e+04       
# span 9 =   3.787899,   5.744344       
# span 10 =     0.0499,     1.7619      
# span 11 =     0.0169,     0.1128      
# span 12 =    97.2192,    99.5773      
# span 13 = -9.708e-07, 6.7534e+00      
# span 14 =          0,          0      
# span 15 =     0.5031,     2.4910      
# span 16 =     0.5143,     2.4788      
# span 17 =     0.0560,     0.2272      
# span 18 =     0.1123,     0.1165      
# span 19 =     4.5227,     4.6323      
# span 20 =     0.0000,     0.0000      
# span 21 =     0.0085,     1.8228      
# span 22 =     0.0000,     0.0000      
# span 23 =     0.5026,     2.4880      
# span 24 =     0.5132,     2.4726      
# span 25 =    34.2975,    34.7834      
# span 26 =    34.3816,    34.8723      
# span 27 =    21.5234,    26.6991      
# span 28 =    21.6007,    26.7662      
# span 29 =      0.942,    229.788      
# span 30 =      0.992,    241.095      
# span 31 =      0.333,    106.582      
# span 32 =      0.350,    111.585      
# span 33 = 0.0000e+00, 0.0000e+00      
# interval = meters: 1                  
# start_time = Oct 09 2019 07:47:48 [NMEA time, first data scan]
# bad_flag = -9.990e-29
*END*
[from data line 342]
      13637    568.168    345.334 -106.77956   16.76312    343.000    10.2426    10.2065 3.8146e+04   3.819946     0.0737     0.0189    99.5274 3.0117e-05          0     0.5043     0.5150     0.0584     0.1147     4.6300     0.0000     0.0087     0.0000     0.5035     0.5145    34.6663    34.7552    26.6567    26.7323      1.084      1.238      0.386      0.440 0.0000e+00
      13661    569.170    346.342 -106.77956   16.76312    344.000    10.1101    10.0786 3.8014e+04   3.807167     0.0689     0.0188    99.5316 3.3986e-05          0     0.5042     0.5152     0.0579     0.1149     4.6302     0.0000     0.0087     0.0000     0.5035     0.5144    34.6583    34.7472    26.6732    26.7481      1.043      1.179      0.370      0.418 0.0000e+00
      13685    570.167    347.350 -106.77956   16.76312    345.000    10.0801    10.0507 3.7984e+04   3.803818     0.0672     0.0183    99.5442 3.8999e-05          0     0.5043     0.5152     0.0577     0.1148     4.6308     0.0000     0.0087     0.0000     0.5034     0.5144    34.6563    34.7394    26.6768    26.7467      1.113      1.169      0.395      0.414 0.0000e+00
      13713    571.349    348.358 -106.77956   16.76312    346.000    10.0710    10.0413 3.7976e+04   3.802833     0.0740     0.0183    99.5449 2.7160e-05          0     0.5043     0.5153     0.0584     0.1146     4.6308     0.0000     0.0087     0.0000     0.5035     0.5141    34.6558    34.7379    26.6780    26.7472      1.059      1.169      0.375      0.414 0.0000e+00
      13748    572.803    349.365 -106.77956   16.76312    347.000    10.0585    10.0296 3.7964e+04   3.801674     0.0724     0.0170    99.5754 3.3661e-05          0     0.5042     0.5152     0.0582     0.1150     4.6323     0.0000     0.0087     0.0000     0.5034     0.5142    34.6552    34.7369    26.6797    26.7484      1.015      1.173      0.359      0.416 0.0000e+00
      13820    575.800    350.373 -106.77956   16.76312    348.000    10.0495    10.0280 3.7957e+04   3.801415     0.0711     0.0176    99.5608 3.3191e-05          0     0.5042     0.5150     0.0581     0.1148     4.6316     0.0000     0.0087     0.0000     0.5033     0.5142    34.6562    34.7353    26.6820    26.7475      1.091      1.185      0.386      0.420 0.0000e+00
      13892    578.777    351.380 -106.77956   16.76312    349.000    10.0394    10.0102 3.7946e+04   3.799870     0.0695     0.0179    99.5543 2.9626e-05          0     0.5040     0.5149     0.0580     0.1148     4.6313     0.0000     0.0087     0.0000     0.5034     0.5141    34.6550    34.7361    26.6828    26.7512      1.079      1.171      0.382      0.415 0.0000e+00
      13927    580.261    352.388 -106.77956   16.76312    350.000    10.0330    10.0043 3.7940e+04   3.799289     0.0724     0.0178    99.5566 2.7521e-05          0     0.5043     0.5150     0.0582     0.1148     4.6314     0.0000     0.0087     0.0000     0.5034     0.5140    34.6545    34.7355    26.6835    26.7517      1.012      1.147      0.358      0.406 0.0000e+00
      14016    583.941    353.396 -106.77956   16.76312    351.000    10.0322    10.0036 3.7940e+04   3.799199     0.0694     0.0177    99.5588 1.5229e-05          0     0.5042     0.5148     0.0579     0.1147     4.6315     0.0000     0.0086     0.0000     0.5033     0.5140    34.6547    34.7348    26.6839    26.7513      1.061      1.151      0.376      0.407 0.0000e+00
      14089    587.021    354.404 -106.77956   16.76312    352.000    10.0171     9.9880 3.7926e+04   3.797845     0.0666     0.0178    99.5567 2.6364e-05          0     0.5042     0.5149     0.0577     0.1149     4.6314     0.0000     0.0087     0.0000     0.5032     0.5141    34.6542    34.7355    26.6861    26.7545      1.041      1.174      0.368      0.415 0.0000e+00
      14214    592.207    355.411 -106.77956   16.76312    353.000    10.0102     9.9815 3.7920e+04   3.797090     0.0723     0.0175    99.5636 1.5433e-05          0     0.5041     0.5147     0.0582     0.1148     4.6317     0.0000     0.0086     0.0000     0.5033     0.5139    34.6537    34.7335    26.6868    26.7541      1.017      1.129      0.360      0.399 0.0000e+00
      14329    596.995    356.419 -106.77956   16.76312    354.000     9.9867     9.9545 3.7897e+04   3.794688     0.0730     0.0174    99.5666 2.1672e-05          0     0.5042     0.5147     0.0583     0.1151     4.6319     0.0000     0.0086     0.0000     0.5030     0.5138    34.6525    34.7344    26.6899    26.7594      1.028      1.067      0.364      0.377 0.0000e+00
      14450    602.038    357.427 -106.77956   16.76312    355.000     9.9913     9.9608 3.7901e+04   3.795106     0.0691     0.0179    99.5546 1.6424e-05          0     0.5040     0.5147     0.0579     0.1148     4.6313     0.0000     0.0086     0.0000     0.5032     0.5139    34.6523    34.7322    26.6890    26.7566      1.051      1.153      0.372      0.408 0.0000e+00
      14600    608.274    358.435 -106.77956   16.76312    356.000     9.9617     9.9205 3.7873e+04   3.791505     0.0695     0.0169    99.5773 5.1455e-06          0     0.5042     0.5148     0.0580     0.1148     4.6323     0.0000     0.0085     0.0000     0.5033     0.5138    34.6510    34.7336    26.6931    26.7646      1.000      1.086      0.353      0.383 0.0000e+00
      15862    660.863    359.442 -106.77957   16.76314    357.000     9.9481     9.9234 3.7859e+04   3.791400     0.0668     0.0174    99.5656 6.3073e-06          0     0.5038     0.5144     0.0577     0.1150     4.6318     0.0000     0.0085     0.0000     0.5027     0.5135    34.6499    34.7294    26.6945    26.7608      0.967      1.089      0.342      0.385 0.0000e+00
      17245    718.515    360.450 -106.77956   16.76315    358.000     9.9152     9.8866 3.7828e+04   3.787899     0.0639     0.0180    99.5526 -9.708e-07          0     0.5031     0.5143     0.0574     0.1150     4.6312     0.0000     0.0085     0.0000     0.5026     0.5132    34.6487    34.7284    26.6991    26.7662      0.942      0.992      0.333      0.350 0.0000e+00
