data/ctd-cnv/KM1919/KM1919-St20-P2/St20_P2_cast44-align-cellTM-derive-bin.cnv
* Sea-Bird SBE 9 Data File:
* FileName = C:\Users\otg\Desktop\CTD Data\km1920\St20_P2_cast44.hex
* Software Version Seasave V 7.26.7.107
* Temperature SN = 5554
* Conductivity SN = 3876
* Number of Bytes Per Scan = 41
* Number of Voltage Words = 4
* Number of Scans Averaged by the Deck Unit = 1
* NMEA Latitude = 16 44.92 N
* NMEA Longitude = 106 48.16 W
* NMEA UTC (Time) = Oct 08 2019  15:54:27
* NMEA baud rate = 4800
** Ship: Kilo Moana
** Station: St20_P2 cast 44
** Operator: jac
# nquan = 34
# nvalues = 203                         
# units = specified
# name 0 = scan: Scan Count
# name 1 = timeS: Time, Elapsed [seconds]
# name 2 = prDM: Pressure, Digiquartz [db]
# name 3 = longitude: Longitude [deg]
# name 4 = latitude: Latitude [deg]
# name 5 = depSM: Depth [salt water, m]
# name 6 = t090C: Temperature [ITS-90, deg C]
# name 7 = t190C: Temperature, 2 [ITS-90, deg C]
# name 8 = c0uS/cm: Conductivity [uS/cm]
# name 9 = c1S/m: Conductivity, 2 [S/m]
# name 10 = flECO-AFL: Fluorescence, WET Labs ECO-AFL/FL [mg/m^3]
# name 11 = CStarAt0: Beam Attenuation, WET Labs C-Star [1/m]
# name 12 = CStarTr0: Beam Transmission, WET Labs C-Star [%]
# name 13 = par: PAR/Irradiance, Biospherical/Licor
# name 14 = modError: Modulo Error Count
# name 15 = v0: Voltage 0
# name 16 = v1: Voltage 1
# name 17 = v2: Voltage 2
# name 18 = v3: Voltage 3
# name 19 = v4: Voltage 4
# name 20 = v5: Voltage 5
# name 21 = v6: Voltage 6
# name 22 = v7: Voltage 7
# name 23 = sbeox0V: Oxygen raw, SBE 43 [V]
# name 24 = sbeox1V: Oxygen raw, SBE 43, 2 [V]
# name 25 = sal00: Salinity, Practical [PSU]
# name 26 = sal11: Salinity, Practical, 2 [PSU]
# name 27 = sigma-é00: Density [sigma-theta, kg/m^3]
# name 28 = sigma-é11: Density, 2 [sigma-theta, kg/m^3]
# name 29 = sbeox0Mm/L: Oxygen, SBE 43 [umol/l], WS = 2
# name 30 = sbeox1Mm/L: Oxygen, SBE 43, 2 [umol/l], WS = 2
# name 31 = sbeox0PS: Oxygen, SBE 43 [% saturation], WS = 2
# name 32 = sbeox1PS: Oxygen, SBE 43, 2 [% saturation], WS = 2
# name 33 = flag: flag
# span 0 =         34,       8003       
# span 1 =      1.387,    333.428       
# span 2 =      1.006,    204.311       
# span 3 = -106.80268, -106.80263       
# span 4 =   16.74852,   16.74858       
# span 5 =      1.000,    203.000       
# span 6 =    12.1647,    29.5212       
# span 7 =    12.1286,    29.4774       
# span 8 = 4.0018e+04, 5.7187e+04       
# span 9 =   4.006614,   5.726717       
# span 10 =     0.0464,     1.4215      
# span 11 =     0.0278,     0.1095      
# span 12 =    97.2985,    99.3088      
# span 13 = 2.2121e-03, 8.7938e+02      
# span 14 =          0,          0      
# span 15 =     0.5055,     2.4914      
# span 16 =     0.5174,     2.4687      
# span 17 =     0.0556,     0.1931      
# span 18 =     0.1122,     0.1164      
# span 19 =     4.5263,     4.6198      
# span 20 =     0.0000,     0.0000      
# span 21 =     0.0185,     3.9562      
# span 22 =     0.0000,     0.0000      
# span 23 =     0.5044,     2.4955      
# span 24 =     0.5162,     2.4741      
# span 25 =    34.3112,    34.7879      
# span 26 =    34.4110,    34.8750      
# span 27 =    21.5518,    26.3890      
# span 28 =    21.6301,    26.4599      
# span 29 =      1.075,    227.798      
# span 30 =      1.356,    239.026      
# span 31 =      0.401,    107.329      
# span 32 =      0.503,    111.576      
# span 33 = 0.0000e+00, 0.0000e+00      
# interval = meters: 1                  
# start_time = Oct 08 2019 15:59:41 [NMEA time, first data scan]
# bad_flag = -9.990e-29
*END*
[from data line 43]
       2453    102.152     44.267 -106.80264   16.74856     44.000    27.7473    27.6970 5.5383e+04   5.548296     0.1937     0.0753    98.1360 9.0495e+01          0     2.4373     2.4109     0.0704     0.1148     4.5653     0.0000     2.9707     0.0000     2.4713     2.4390    34.5807    34.6881    22.1650    22.2620    216.275    223.541    106.758    110.320 0.0000e+00
       2485    103.492     45.273 -106.80264   16.74856     45.000    27.2244    27.1855 5.4852e+04   5.497352     0.1991     0.0773    98.0864 8.7414e+01          0     2.4423     2.4170     0.0709     0.1147     4.5630     0.0000     2.9557     0.0000     2.4955     2.4606    34.5913    34.7069    22.3413    22.4408    219.300    227.981    107.329    111.576 0.0000e+00
       2604    108.471     46.280 -106.80264   16.74856     46.000    26.8799    26.8551 5.4493e+04   5.459182     0.2192     0.0796    98.0313 7.9644e+01          0     2.4860     2.4626     0.0729     0.1148     4.5604     0.0000     2.9159     0.0000     2.4854     2.4741    34.5921    34.6812    22.4520    22.5272    215.826    228.031    105.022    110.976 0.0000e+00
       2659    110.739     47.286 -106.80264   16.74856     47.000    26.7262    26.6817 5.4341e+04   5.442692     0.2103     0.0785    98.0560 7.9100e+01          0     2.4715     2.4510     0.0720     0.1148     4.5616     0.0000     2.9124     0.0000     2.4878     2.4668    34.5979    34.6925    22.5054    22.5907    218.334    228.725    105.981    111.002 0.0000e+00
       2677    111.489     48.292 -106.80264   16.74856     48.000    26.6617    26.6187 5.4270e+04   5.435796     0.2147     0.0806    98.0051 7.5000e+01          0     2.4803     2.4565     0.0725     0.1164     4.5592     0.0000     2.8892     0.0000     2.4859     2.4651    34.5945    34.6900    22.5233    22.6088    218.488    228.968    105.940    111.002 0.0000e+00
       2697    112.326     49.298 -106.80264   16.74856     49.000    26.5834    26.5350 5.4188e+04   5.427832     0.2186     0.0808    97.9999 7.0180e+01          0     2.4905     2.4659     0.0729     0.1161     4.5589     0.0000     2.8604     0.0000     2.4822     2.4643    34.5941    34.6953    22.5477    22.6393    217.813    229.208    105.475    110.967 0.0000e+00
       2721    113.342     50.304 -106.80264   16.74856     50.000    26.3533    26.3017 5.3950e+04   5.404554     0.2348     0.0841    97.9200 6.5761e+01          0     2.4914     2.4687     0.0745     0.1149     4.5552     0.0000     2.8322     0.0000     2.4749     2.4613    34.5946    34.7027    22.6206    22.7183    218.387    229.364    105.347    110.615 0.0000e+00
       2764    115.116     51.311 -106.80264   16.74856     51.000    25.7813    25.9508 5.3345e+04   5.367242     0.2713     0.0876    97.8340 6.2098e+01          0     2.4849     2.4651     0.0781     0.1148     4.5513     0.0000     2.8074     0.0000     2.4774     2.4543    34.5866    34.6972    22.7924    22.8236    221.715    230.206    105.925    110.366 0.0000e+00
       2826    117.694     52.317 -106.80264   16.74856     52.000    24.9303    25.1321 5.2418e+04   5.276750     0.2900     0.0863    97.8649 5.8435e+01          0     2.4754     2.4576     0.0800     0.1148     4.5527     0.0000     2.7810     0.0000     2.4740     2.4514    34.5527    34.6570    23.0278    23.0452    224.949    233.633    105.912    110.444 0.0000e+00
       2916    121.446     53.323 -106.80264   16.74856     53.000    24.7285    24.7212 5.2212e+04   5.233072     0.3140     0.0842    97.9174 5.3885e+01          0     2.4747     2.4511     0.0824     0.1148     4.5551     0.0000     2.7460     0.0000     2.4687     2.4520    34.5545    34.6482    23.0901    23.1632    223.934    235.124    105.073    110.370 0.0000e+00
       2970    123.725     54.329 -106.80264   16.74856     54.000    24.5847    24.5365 5.2050e+04   5.213569     0.3193     0.0858    97.8770 5.1041e+01          0     2.4731     2.4538     0.0829     0.1148     4.5532     0.0000     2.7225     0.0000     2.4528     2.4480    34.5436    34.6448    23.1252    23.2161    222.539    235.016    104.155    109.968 0.0000e+00
       2999    124.925     55.335 -106.80265   16.74856     55.000    24.3680    24.3240 5.1806e+04   5.189810     0.3203     0.0860    97.8714 4.8749e+01          0     2.4692     2.4509     0.0830     0.1148     4.5530     0.0000     2.7025     0.0000     2.4425     2.4367    34.5274    34.6307    23.1778    23.2691    222.178    233.523    103.591    108.863 0.0000e+00
       3024    125.964     56.342 -106.80266   16.74856     56.000    24.1518    24.0982 5.1562e+04   5.165623     0.3203     0.0875    97.8366 4.6017e+01          0     2.4614     2.4502     0.0830     0.1148     4.5514     0.0000     2.6774     0.0000     2.4394     2.4270    34.5109    34.6235    23.2296    23.3308    224.085    234.173    104.082    108.737 0.0000e+00
       3050    127.039     57.348 -106.80266   16.74856     57.000    23.7224    23.6581 5.1079e+04   5.118458     0.3280     0.0881    97.8219 4.2659e+01          0     2.4540     2.4482     0.0838     0.1148     4.5507     0.0000     2.6446     0.0000     2.4381     2.4235    34.4783    34.6087    23.3315    23.4492    225.083    236.004    103.753    108.747 0.0000e+00
       3080    128.290     58.354 -106.80265   16.74855     58.000    23.2630    23.2132 5.0566e+04   5.066264     0.3624     0.0871    97.8454 3.9281e+01          0     2.4439     2.4382     0.0872     0.1148     4.5518     0.0000     2.6088     0.0000     2.4328     2.4210    34.4456    34.5582    23.4408    23.5405    226.869    237.648    103.724    108.628 0.0000e+00
       3116    129.789     59.360 -106.80264   16.74854     59.000    23.0175    22.9728 5.0294e+04   5.038530     0.4115     0.0862    97.8684 3.7159e+01          0     2.4396     2.4260     0.0921     0.1148     4.5528     0.0000     2.5848     0.0000     2.4308     2.4183    34.4281    34.5336    23.4983    23.5912    227.798    239.026    103.692    108.784 0.0000e+00
       3236    134.791     60.367 -106.80264   16.74854     60.000    22.8856    22.8345 5.0155e+04   5.021007     0.4676     0.0855    97.8863 3.4348e+01          0     2.4289     2.4200     0.0978     0.1147     4.5537     0.0000     2.5510     0.0000     2.4230     2.4175    34.4243    34.5071    23.5334    23.6108    226.654    238.613    102.931    108.317 0.0000e+00
       3303    137.604     61.373 -106.80266   16.74854     61.000    22.7906    22.7440 5.0050e+04   5.012961     0.4630     0.0849    97.9010 3.2778e+01          0     2.4251     2.4190     0.0973     0.1148     4.5543     0.0000     2.5305     0.0000     2.3906     2.3932    34.4177    34.5159    23.5556    23.6433    220.577    233.797    100.000    105.967 0.0000e+00
       3320    138.272     62.379 -106.80266   16.74854     62.000    22.6393    22.5914 4.9881e+04   4.996778     0.4510     0.0850    97.8971 3.0541e+01          0     2.4263     2.4161     0.0961     0.1148     4.5541     0.0000     2.4999     0.0000     2.3803     2.3782    34.4055    34.5107    23.5895    23.6829    220.412    232.471     99.653    105.081 0.0000e+00
       3335    138.903     63.386 -106.80266   16.74854     63.000    22.4003    22.3393 4.9614e+04   4.971346     0.4477     0.0876    97.8344 2.8513e+01          0     2.4250     2.4142     0.0958     0.1148     4.5513     0.0000     2.4701     0.0000     2.3696     2.3674    34.3864    34.5121    23.6427    23.7554    221.071    232.862     99.519    104.790 0.0000e+00
       3350    139.552     64.392 -106.80266   16.74854     64.000    22.1958    22.1481 4.9394e+04   4.948212     0.4502     0.0895    97.7872 2.6607e+01          0     2.4195     2.4121     0.0960     0.1148     4.5491     0.0000     2.4401     0.0000     2.3646     2.3598    34.3759    34.4829    23.6924    23.7870    223.589    233.840    100.282    104.857 0.0000e+00
       3369    140.337     65.398 -106.80264   16.74854     65.000    21.8436    21.7767 4.8993e+04   4.910237     0.4867     0.0898    97.7787 2.4686e+01          0     2.4050     2.4046     0.0997     0.1148     4.5487     0.0000     2.4077     0.0000     2.3689     2.3574    34.3407    34.4800    23.7639    23.8884    227.330    236.356    101.302    105.284 0.0000e+00
       3473    144.684     66.404 -106.80264   16.74854     66.000    21.8953    21.8596 4.9061e+04   4.912869     0.5833     0.0880    97.8232 2.2200e+01          0     2.3744     2.3630     0.1093     0.1148     4.5508     0.0000     2.3623     0.0000     2.3700     2.3609    34.3526    34.4342    23.7585    23.8304    224.149    235.728     99.977    105.127 0.0000e+00
       3549    147.821     67.411 -106.80264   16.74854     67.000    21.4278    21.3838 4.8552e+04   4.863531     0.5691     0.0871    97.8453 2.0920e+01          0     2.3750     2.3749     0.1079     0.1148     4.5518     0.0000     2.3362     0.0000     2.3214     2.3197    34.3230    34.4243    23.8655    23.9546    216.929    230.502     95.942    101.925 0.0000e+00
       3572    148.785     68.417 -106.80264   16.74854     68.000    21.3283    21.2844 4.8449e+04   4.852873     0.5907     0.0883    97.8172 1.9399e+01          0     2.3582     2.3566     0.1101     0.1148     4.5505     0.0000     2.3036     0.0000     2.2980     2.3007    34.3202    34.4190    23.8907    23.9778    213.792    227.903     94.384    100.593 0.0000e+00
       3596    149.789     69.423 -106.80264   16.74854     69.000    21.1398    21.0900 4.8249e+04   4.833971     0.6059     0.0871    97.8455 1.7961e+01          0     2.3466     2.3393     0.1116     0.1148     4.5518     0.0000     2.2702     0.0000     2.2739     2.2803    34.3119    34.4242    23.9358    24.0347    212.628    226.396     93.548     99.582 0.0000e+00
       3623    150.924     70.430 -106.80264   16.74854     70.000    20.8620    20.8194 4.7970e+04   4.805171     0.6754     0.0933    97.6947 1.6514e+01          0     2.3291     2.3255     0.1186     0.1148     4.5448     0.0000     2.2339     0.0000     2.2549     2.2617    34.3112    34.4115    24.0105    24.0983    213.323    225.638     93.384     98.757 0.0000e+00
       3658    152.365     71.436 -106.80264   16.74854     71.000    20.7557    20.7122 4.7870e+04   4.794678     1.0113     0.1060    97.3858 1.5062e+01          0     2.2957     2.2987     0.1521     0.1148     4.5304     0.0000     2.1941     0.0000     2.2442     2.2413    34.3166    34.4134    24.0432    24.1287    213.683    223.854     93.365     97.787 0.0000e+00
       3735    155.597     72.442 -106.80264   16.74854     72.000    20.6186    20.5384 4.7735e+04   4.776958     1.3174     0.1095    97.2985 1.3508e+01          0     2.2438     2.2445     0.1827     0.1148     4.5263     0.0000     2.1475     0.0000     2.1810     2.1902    34.3179    34.4110    24.0810    24.1734    201.274    216.302     87.726     94.191 0.0000e+00
       3792    157.939     73.448 -106.80264   16.74854     73.000    20.2888    20.2458 4.7407e+04   4.748292     1.3507     0.1083    97.3286 1.2278e+01          0     2.2122     2.2153     0.1861     0.1148     4.5278     0.0000     2.1062     0.0000     2.1156     2.1309    34.3196    34.4163    24.1703    24.2553    193.029    208.747     83.629     90.419 0.0000e+00
       3824    159.299     74.455 -106.80264   16.74854     74.000    20.1740    20.1346 4.7295e+04   4.736988     1.4215     0.1043    97.4261 1.1222e+01          0     2.1716     2.1854     0.1931     0.1148     4.5323     0.0000     2.0674     0.0000     2.0546     2.0845    34.3218    34.4146    24.2023    24.2835    182.206    200.072     78.775     86.484 0.0000e+00
       3856    160.615     75.461 -106.80264   16.74854     75.000    20.0457    19.9981 4.7185e+04   4.726648     1.4080     0.1046    97.4199 1.0226e+01          0     2.1374     2.1507     0.1918     0.1148     4.5320     0.0000     2.0274     0.0000     2.0037     2.0280    34.3359    34.4415    24.2469    24.3399    181.217    194.539     78.170     83.896 0.0000e+00
       3888    161.963     76.467 -106.80264   16.74854     76.000    19.7672    19.7272 4.6905e+04   4.698258     1.3619     0.0958    97.6333 9.2491e+00          0     2.0957     2.1166     0.1872     0.1147     4.5419     0.0000     1.9842     0.0000     1.9765     1.9918    34.3341    34.4307    24.3184    24.4025    182.376    193.176     78.268     82.889 0.0000e+00
       3934    163.873     77.474 -106.80264   16.74854     77.000    19.7175    19.6631 4.6857e+04   4.691003     1.2704     0.0896    97.7844 8.2168e+00          0     2.0180     2.0417     0.1780     0.1148     4.5489     0.0000     1.9328     0.0000     1.9617     1.9675    34.3350    34.4233    24.3320    24.4136    180.757    191.915     77.501     82.247 0.0000e+00
       4028    167.774     78.480 -106.80264   16.74854     78.000    19.4606    19.3910 4.6605e+04   4.666716     1.1579     0.0862    97.8675 7.3162e+00          0     1.9558     1.9558     0.1668     0.1147     4.5528     0.0000     1.8841     0.0000     1.8077     1.8498    34.3379    34.4467    24.4006    24.5016    147.032    167.580     62.746     71.474 0.0000e+00
       4059    169.087     79.487 -106.80264   16.74854     79.000    18.9869    18.9450 4.6143e+04   4.622221     1.1109     0.0810    97.9965 6.6934e+00          0     1.9300     1.9472     0.1621     0.1148     4.5588     0.0000     1.8455     0.0000     1.7249     1.7643    34.3455    34.4461    24.5278    24.6154    143.881    160.182     60.866     67.749 0.0000e+00
       4083    170.066     80.493 -106.80264   16.74854     80.000    18.8672    18.8268 4.6035e+04   4.611098     0.9079     0.0747    98.1494 6.0902e+00          0     1.8709     1.9046     0.1418     0.1147     4.5659     0.0000     1.8052     0.0000     1.6836     1.7219    34.3542    34.4512    24.5649    24.6492    142.387    156.281     60.102     65.956 0.0000e+00
       4106    171.051     81.499 -106.80264   16.74854     81.000    18.7852    18.7451 4.5964e+04   4.603879     0.8333     0.0721    98.2126 5.5577e+00          0     1.8068     1.8464     0.1343     0.1148     4.5689     0.0000     1.7660     0.0000     1.6598     1.6879    34.3619    34.4584    24.5915    24.6753    145.109    154.033     61.160     64.910 0.0000e+00
       4155    173.080     82.506 -106.80264   16.74854     82.000    18.7465    18.6701 4.5931e+04   4.596581     0.8131     0.0685    98.3023 5.0471e+00          0     1.7099     1.7467     0.1323     0.1147     4.5730     0.0000     1.7249     0.0000     1.6443     1.6513    34.3668    34.4593    24.6051    24.6950    144.202    152.208     60.735     64.052 0.0000e+00
       4227    176.065     83.512 -106.80264   16.74854     83.000    18.6621    18.6267 4.5857e+04   4.592585     0.7954     0.0693    98.2825 4.6793e+00          0     1.6498     1.6542     0.1305     0.1146     4.5721     0.0000     1.6929     0.0000     1.6003     1.6157    34.3743    34.4617    24.6320    24.7078    135.898    147.550     57.151     62.042 0.0000e+00
       4267    177.740     84.518 -106.80264   16.74854     84.000    18.5940    18.5541 4.5794e+04   4.586336     0.7631     0.0672    98.3342 4.2904e+00          0     1.6303     1.6367     0.1273     0.1147     4.5745     0.0000     1.6559     0.0000     1.5485     1.5756    34.3781    34.4694    24.6520    24.7319    126.055    139.092     52.945     58.409 0.0000e+00
       4320    179.953     85.525 -106.80264   16.74854     85.000    18.4485    18.4087 4.5675e+04   4.574247     0.7719     0.0651    98.3849 3.8931e+00          0     1.5891     1.6081     0.1282     0.1147     4.5768     0.0000     1.6147     0.0000     1.4816     1.5082    34.3987    34.4890    24.7043    24.7832    117.205    130.116     49.101     54.498 0.0000e+00
