data/ctd-cnv/KM1919/KM1919-St20-P2/St20_P2_cast36-align-cellTM-derive-bin.cnv
* Sea-Bird SBE 9 Data File:
* FileName = C:\Users\otg\Desktop\CTD Data\km1920\St20_P2_cast36.hex
* Software Version Seasave V 7.26.7.107
* Temperature SN = 5554
* Conductivity SN = 3876
* Number of Bytes Per Scan = 41
* Number of Voltage Words = 4
* Number of Scans Averaged by the Deck Unit = 1
* NMEA Latitude = 16 47.21 N
* NMEA Longitude = 106 50.78 W
* NMEA UTC (Time) = Oct 07 2019  01:40:29
* NMEA baud rate = 4800
** Ship: Kilo Moana
** Station: St20_P2cast 35
** Operator: gr
** deep HiC metagenomics cast
# nquan = 34
# nvalues = 1250                        
# units = specified
# name 0 = scan: Scan Count
# name 1 = timeS: Time, Elapsed [seconds]
# name 2 = prDM: Pressure, Digiquartz [db]
# name 3 = longitude: Longitude [deg]
# name 4 = latitude: Latitude [deg]
# name 5 = depSMignore: Depth [salt water, m]
# name 6 = t090C: Temperature [ITS-90, deg C]
# name 7 = t190C: Temperature, 2 [ITS-90, deg C]
# name 8 = c0uS/cm: Conductivity [uS/cm]
# name 9 = c1S/m: Conductivity, 2 [S/m]
# name 10 = flECO-AFL: Fluorescence, WET Labs ECO-AFL/FL [mg/m^3]
# name 11 = CStarAt0: Beam Attenuation, WET Labs C-Star [1/m]
# name 12 = CStarTr0: Beam Transmission, WET Labs C-Star [%]
# name 13 = par: PAR/Irradiance, Biospherical/Licor
# name 14 = modError: Modulo Error Count
# name 15 = v0: Voltage 0
# name 16 = v1: Voltage 1
# name 17 = v2: Voltage 2
# name 18 = v3: Voltage 3
# name 19 = v4: Voltage 4
# name 20 = v5: Voltage 5
# name 21 = v6: Voltage 6
# name 22 = v7: Voltage 7
# name 23 = sbeox0V: Oxygen raw, SBE 43 [V]
# name 24 = sbeox1V: Oxygen raw, SBE 43, 2 [V]
# name 25 = sal00: Salinity, Practical [PSU]
# name 26 = sal11: Salinity, Practical, 2 [PSU]
# name 27 = sigma-é00: Density [sigma-theta, kg/m^3]
# name 28 = sigma-é11: Density, 2 [sigma-theta, kg/m^3]
# name 29 = sbeox0Mm/L: Oxygen, SBE 43 [umol/l], WS = 2
# name 30 = sbeox1Mm/L: Oxygen, SBE 43, 2 [umol/l], WS = 2
# name 31 = sbeox0PS: Oxygen, SBE 43 [% saturation], WS = 2
# name 32 = sbeox1PS: Oxygen, SBE 43, 2 [% saturation], WS = 2
# name 33 = flag: flag
# span 0 =         -9,      40782       
# span 1 =     -0.403,   1699.187       
# span 2 =      5.030,   1265.319       
# span 3 = -106.84630, -106.84626       
# span 4 =   16.78670,   16.78684       
# span 5 =      5.000,   1254.000       
# span 6 =     3.7113,    29.5714       
# span 7 =     3.6859,    29.5333       
# span 8 = 3.2498e+04, 5.7267e+04       
# span 9 =   3.254137,   5.734824       
# span 10 =     0.0575,     1.7597      
# span 11 =     0.0115,     0.1308      
# span 12 =    96.7836,    99.7123      
# span 13 = -1.877e-06, 2.7022e+00      
# span 14 =          0,          0      
# span 15 =     0.5030,     2.4877      
# span 16 =     0.5126,     2.4690      
# span 17 =     0.0568,     0.2270      
# span 18 =     0.1142,     0.1220      
# span 19 =     4.5024,     4.6386      
# span 20 =     0.0000,     0.0000      
# span 21 =     0.0084,     1.4695      
# span 22 =     0.0000,     0.0000      
# span 23 =     0.5023,     2.4891      
# span 24 =     0.5121,     2.4683      
# span 25 =    34.3220,    34.7841      
# span 26 =    34.4124,    34.8708      
# span 27 =    21.5471,    27.4878      
# span 28 =    21.6233,    27.5517      
# span 29 =      0.699,    228.787      
# span 30 =      0.757,    238.894      
# span 31 =      0.241,    106.385      
# span 32 =      0.255,    111.300      
# span 33 = 0.0000e+00, 0.0000e+00      
# interval = meters: 1                  
# start_time = Oct 07 2019 01:47:00 [NMEA time, first data scan]
# bad_flag = -9.990e-29
*END*
[from data line 1067]
      32759   1364.899   1081.203 -106.84626   16.78678   1072.000     4.2226     4.1977 3.2860e+04   3.290493     0.0639     0.0168    99.5816 1.0000e-12          0     0.5604     0.5689     0.0574     0.1198     4.6325     0.0000     0.0085     0.0000     0.5614     0.5699    34.5597    34.6382    27.4215    27.4865     13.598     13.629      4.213      4.222 0.0000e+00
      32776   1365.631   1082.214 -106.84626   16.78678   1073.000     4.2206     4.1960 3.2859e+04   3.290380     0.0639     0.0168    99.5808 1.0000e-12          0     0.5604     0.5693     0.0574     0.1198     4.6325     0.0000     0.0085     0.0000     0.5616     0.5702    34.5600    34.6380    27.4219    27.4866     13.537     13.672      4.194      4.236 0.0000e+00
      32793   1366.332   1083.225 -106.84626   16.78678   1074.000     4.2164     4.1918 3.2856e+04   3.290094     0.0742     0.0168    99.5808 1.0000e-12          0     0.5604     0.5695     0.0584     0.1197     4.6325     0.0000     0.0085     0.0000     0.5618     0.5701    34.5602    34.6386    27.4225    27.4874     13.763     14.010      4.263      4.340 0.0000e+00
      32811   1367.071   1084.236 -106.84626   16.78678   1075.000     4.2138     4.1889 3.2854e+04   3.289874     0.0792     0.0168    99.5808 1.0000e-12          0     0.5606     0.5695     0.0589     0.1198     4.6325     0.0000     0.0085     0.0000     0.5622     0.5711    34.5604    34.6385    27.4230    27.4877     14.029     14.345      4.346      4.443 0.0000e+00
      32832   1367.979   1085.247 -106.84626   16.78679   1076.000     4.2075     4.1824 3.2849e+04   3.289355     0.0646     0.0168    99.5808 1.0000e-12          0     0.5614     0.5698     0.0575     0.1197     4.6325     0.0000     0.0085     0.0000     0.5626     0.5714    34.5604    34.6387    27.4236    27.4886     13.953     13.609      4.321      4.214 0.0000e+00
      32869   1369.485   1086.259 -106.84626   16.78680   1077.000     4.2028     4.1780 3.2845e+04   3.288971     0.0639     0.0166    99.5854 1.0000e-12          0     0.5618     0.5702     0.0574     0.1198     4.6327     0.0000     0.0085     0.0000     0.5629     0.5710    34.5604    34.6383    27.4242    27.4887     13.894     13.876      4.302      4.297 0.0000e+00
      32910   1371.203   1087.270 -106.84628   16.78680   1078.000     4.2000     4.1756 3.2843e+04   3.288820     0.0639     0.0162    99.5960 1.0000e-12          0     0.5625     0.5714     0.0574     0.1197     4.6332     0.0000     0.0085     0.0000     0.5637     0.5718    34.5605    34.6386    27.4245    27.4892     14.188     14.255      4.393      4.414 0.0000e+00
      32940   1372.462   1088.281 -106.84628   16.78680   1079.000     4.1957     4.1709 3.2840e+04   3.288481     0.0639     0.0165    99.5887 1.0000e-12          0     0.5629     0.5708     0.0574     0.1197     4.6329     0.0000     0.0085     0.0000     0.5641     0.5725    34.5605    34.6389    27.4250    27.4899     14.073     14.258      4.357      4.414 0.0000e+00
      32964   1373.462   1089.292 -106.84628   16.78680   1080.000     4.1914     4.1667 3.2837e+04   3.288147     0.0639     0.0164    99.5891 1.0000e-12          0     0.5629     0.5713     0.0574     0.1198     4.6329     0.0000     0.0085     0.0000     0.5642     0.5726    34.5608    34.6389    27.4257    27.4904     13.920     14.293      4.309      4.425 0.0000e+00
      32987   1374.429   1090.304 -106.84628   16.78680   1081.000     4.1869     4.1622 3.2833e+04   3.287811     0.0639     0.0168    99.5807 1.0000e-12          0     0.5637     0.5715     0.0574     0.1197     4.6325     0.0000     0.0085     0.0000     0.5642     0.5730    34.5610    34.6392    27.4263    27.4911     14.277     14.488      4.420      4.484 0.0000e+00
      33013   1375.496   1091.315 -106.84628   16.78678   1082.000     4.1841     4.1595 3.2831e+04   3.287604     0.0639     0.0166    99.5856 1.0000e-12          0     0.5640     0.5723     0.0574     0.1197     4.6327     0.0000     0.0085     0.0000     0.5650     0.5735    34.5611    34.6390    27.4267    27.4912     14.614     14.641      4.524      4.531 0.0000e+00
      33039   1376.570   1092.326 -106.84628   16.78678   1083.000     4.1831     4.1584 3.2831e+04   3.287539     0.0639     0.0168    99.5820 1.0000e-12          0     0.5642     0.5725     0.0574     0.1198     4.6326     0.0000     0.0085     0.0000     0.5653     0.5740    34.5612    34.6389    27.4269    27.4913     14.307     14.410      4.429      4.460 0.0000e+00
      33061   1377.520   1093.337 -106.84626   16.78678   1084.000     4.1810     4.1570 3.2829e+04   3.287482     0.0639     0.0168    99.5808 1.0000e-12          0     0.5642     0.5727     0.0574     0.1198     4.6325     0.0000     0.0085     0.0000     0.5654     0.5739    34.5609    34.6392    27.4268    27.4916     14.310     14.430      4.429      4.466 0.0000e+00
      33081   1378.349   1094.349 -106.84626   16.78678   1085.000     4.1793     4.1548 3.2829e+04   3.287341     0.0791     0.0165    99.5873 1.0000e-12          0     0.5644     0.5730     0.0589     0.1197     4.6328     0.0000     0.0085     0.0000     0.5656     0.5739    34.5614    34.6393    27.4274    27.4920     14.763     14.569      4.569      4.509 0.0000e+00
      33100   1379.143   1095.360 -106.84626   16.78678   1086.000     4.1778     4.1528 3.2828e+04   3.287209     0.0707     0.0166    99.5852 1.0000e-12          0     0.5651     0.5738     0.0581     0.1198     4.6327     0.0000     0.0085     0.0000     0.5663     0.5744    34.5615    34.6393    27.4276    27.4922     14.873     14.590      4.603      4.515 0.0000e+00
      33120   1379.958   1096.371 -106.84626   16.78678   1087.000     4.1770     4.1522 3.2828e+04   3.287176     0.0700     0.0168    99.5809 1.0000e-12          0     0.5653     0.5739     0.0580     0.1198     4.6325     0.0000     0.0085     0.0000     0.5665     0.5743    34.5620    34.6391    27.4282    27.4921     14.596     14.506      4.517      4.489 0.0000e+00
      33143   1380.923   1097.382 -106.84626   16.78678   1088.000     4.1768     4.1522 3.2829e+04   3.287215     0.0753     0.0166    99.5846 1.0000e-12          0     0.5654     0.5739     0.0585     0.1197     4.6327     0.0000     0.0085     0.0000     0.5666     0.5747    34.5624    34.6391    27.4285    27.4921     14.443     14.726      4.470      4.557 0.0000e+00
      33187   1382.759   1098.394 -106.84626   16.78678   1089.000     4.1747     4.1499 3.2827e+04   3.287069     0.0634     0.0167    99.5840 1.0000e-12          0     0.5661     0.5742     0.0574     0.1197     4.6326     0.0000     0.0085     0.0000     0.5666     0.5749    34.5624    34.6392    27.4287    27.4924     14.440     14.697      4.468      4.548 0.0000e+00
      33232   1384.634   1099.405 -106.84626   16.78678   1090.000     4.1714     4.1464 3.2825e+04   3.286823     0.0639     0.0168    99.5807 1.0000e-12          0     0.5665     0.5746     0.0574     0.1198     4.6325     0.0000     0.0085     0.0000     0.5667     0.5751    34.5624    34.6395    27.4291    27.4930     14.579     14.654      4.511      4.534 0.0000e+00
      33260   1385.810   1100.416 -106.84626   16.78678   1091.000     4.1669     4.1422 3.2821e+04   3.286513     0.0639     0.0166    99.5866 1.0000e-12          0     0.5665     0.5749     0.0574     0.1198     4.6328     0.0000     0.0085     0.0000     0.5673     0.5753    34.5625    34.6397    27.4297    27.4936     15.222     14.757      4.710      4.566 0.0000e+00
      33283   1386.747   1101.427 -106.84626   16.78678   1092.000     4.1656     4.1410 3.2821e+04   3.286437     0.0792     0.0168    99.5807 1.0000e-12          0     0.5665     0.5751     0.0589     0.1198     4.6325     0.0000     0.0085     0.0000     0.5678     0.5754    34.5628    34.6396    27.4300    27.4937     14.894     14.969      4.608      4.631 0.0000e+00
      33303   1387.583   1102.439 -106.84626   16.78678   1093.000     4.1633     4.1386 3.2819e+04   3.286290     0.0819     0.0173    99.5684 1.0000e-12          0     0.5667     0.5752     0.0592     0.1198     4.6319     0.0000     0.0085     0.0000     0.5678     0.5759    34.5628    34.6399    27.4303    27.4942     14.685     15.437      4.543      4.776 0.0000e+00
      33323   1388.404   1103.450 -106.84626   16.78678   1094.000     4.1603     4.1355 3.2817e+04   3.286076     0.0767     0.0169    99.5796 1.0000e-12          0     0.5666     0.5750     0.0587     0.1198     4.6324     0.0000     0.0085     0.0000     0.5678     0.5767    34.5628    34.6401    27.4306    27.4946     14.721     15.010      4.554      4.643 0.0000e+00
      33344   1389.279   1104.461 -106.84626   16.78678   1095.000     4.1541     4.1294 3.2811e+04   3.285632     0.0641     0.0168    99.5808 1.0000e-12          0     0.5672     0.5753     0.0574     0.1198     4.6325     0.0000     0.0085     0.0000     0.5680     0.5758    34.5624    34.6408    27.4310    27.4959     15.108     14.320      4.673      4.429 0.0000e+00
      33367   1390.259   1105.473 -106.84626   16.78678   1096.000     4.1489     4.1244 3.2807e+04   3.285178     0.0639     0.0168    99.5808 1.0000e-12          0     0.5677     0.5754     0.0574     0.1197     4.6325     0.0000     0.0085     0.0000     0.5685     0.5761    34.5622    34.6401    27.4314    27.4959     15.424     15.371      4.770      4.754 0.0000e+00
      33392   1391.284   1106.484 -106.84626   16.78678   1097.000     4.1474     4.1227 3.2806e+04   3.285074     0.0639     0.0166    99.5861 1.0000e-12          0     0.5678     0.5760     0.0574     0.1197     4.6327     0.0000     0.0085     0.0000     0.5690     0.5769    34.5623    34.6402    27.4315    27.4961     15.106     15.511      4.672      4.797 0.0000e+00
      33416   1392.303   1107.495 -106.84626   16.78678   1098.000     4.1449     4.1204 3.2805e+04   3.284907     0.0639     0.0168    99.5807 1.0000e-12          0     0.5678     0.5766     0.0574     0.1197     4.6325     0.0000     0.0085     0.0000     0.5690     0.5773    34.5623    34.6401    27.4319    27.4963     14.901     15.307      4.608      4.733 0.0000e+00
      33440   1393.285   1108.506 -106.84626   16.78678   1099.000     4.1441     4.1196 3.2805e+04   3.284880     0.0815     0.0168    99.5808 1.0000e-12          0     0.5682     0.5755     0.0591     0.1198     4.6325     0.0000     0.0085     0.0000     0.5690     0.5774    34.5627    34.6401    27.4323    27.4964     15.099     15.376      4.669      4.755 0.0000e+00
      33464   1394.293   1109.518 -106.84626   16.78678   1100.000     4.1440     4.1195 3.2806e+04   3.284908     0.0671     0.0173    99.5681 1.0000e-12          0     0.5689     0.5765     0.0577     0.1197     4.6319     0.0000     0.0085     0.0000     0.5694     0.5778    34.5634    34.6400    27.4328    27.4964     15.467     15.443      4.783      4.775 0.0000e+00
      33495   1395.591   1110.529 -106.84626   16.78678   1101.000     4.1439     4.1194 3.2806e+04   3.284933     0.0637     0.0168    99.5805 1.0000e-12          0     0.5690     0.5772     0.0574     0.1197     4.6325     0.0000     0.0085     0.0000     0.5699     0.5780    34.5634    34.6400    27.4329    27.4963     15.479     15.480      4.787      4.786 0.0000e+00
      33538   1397.357   1111.540 -106.84626   16.78678   1102.000     4.1437     4.1191 3.2806e+04   3.284968     0.0639     0.0168    99.5808 1.0000e-12          0     0.5692     0.5776     0.0574     0.1197     4.6325     0.0000     0.0085     0.0000     0.5703     0.5788    34.5633    34.6401    27.4328    27.4965     15.215     15.577      4.705      4.816 0.0000e+00
      33571   1398.770   1112.552 -106.84626   16.78678   1103.000     4.1406     4.1162 3.2804e+04   3.284784     0.0794     0.0176    99.5628 1.0000e-12          0     0.5697     0.5779     0.0589     0.1197     4.6317     0.0000     0.0085     0.0000     0.5703     0.5785    34.5634    34.6405    27.4332    27.4971     15.213     15.039      4.704      4.650 0.0000e+00
      33599   1399.918   1113.563 -106.84626   16.78678   1104.000     4.1359     4.1112 3.2800e+04   3.284410     0.0633     0.0166    99.5847 1.0000e-12          0     0.5701     0.5783     0.0573     0.1197     4.6327     0.0000     0.0085     0.0000     0.5703     0.5778    34.5638    34.6408    27.4340    27.4979     15.225     15.376      4.708      4.754 0.0000e+00
      33623   1400.916   1114.575 -106.84626   16.78678   1105.000     4.1294     4.1046 3.2794e+04   3.283900     0.0639     0.0167    99.5830 1.0000e-12          0     0.5702     0.5788     0.0574     0.1197     4.6326     0.0000     0.0085     0.0000     0.5704     0.5789    34.5632    34.6412    27.4342    27.4988     15.319     15.953      4.735      4.931 0.0000e+00
      33645   1401.824   1115.586 -106.84626   16.78678   1106.000     4.1276     4.1030 3.2794e+04   3.283762     0.0813     0.0166    99.5846 1.0000e-12          0     0.5702     0.5787     0.0591     0.1198     4.6327     0.0000     0.0085     0.0000     0.5706     0.5789    34.5640    34.6407    27.4351    27.4987     15.725     15.520      4.861      4.797 0.0000e+00
      33666   1402.693   1116.597 -106.84626   16.78678   1107.000     4.1268     4.1022 3.2794e+04   3.283737     0.0671     0.0168    99.5820 1.0000e-12          0     0.5702     0.5781     0.0577     0.1197     4.6326     0.0000     0.0085     0.0000     0.5710     0.5791    34.5642    34.6408    27.4353    27.4988     15.915     15.949      4.919      4.930 0.0000e+00
      33687   1403.592   1117.609 -106.84626   16.78678   1108.000     4.1261     4.1015 3.2794e+04   3.283708     0.0763     0.0167    99.5841 1.0000e-12          0     0.5703     0.5779     0.0586     0.1197     4.6327     0.0000     0.0085     0.0000     0.5714     0.5797    34.5640    34.6408    27.4352    27.4989     15.622     15.847      4.829      4.898 0.0000e+00
      33711   1404.594   1118.620 -106.84626   16.78678   1109.000     4.1254     4.1008 3.2793e+04   3.283694     0.0723     0.0168    99.5809 1.0000e-12          0     0.5702     0.5788     0.0582     0.1197     4.6325     0.0000     0.0085     0.0000     0.5714     0.5796    34.5638    34.6407    27.4352    27.4989     15.492     15.674      4.789      4.844 0.0000e+00
      33741   1405.815   1119.631 -106.84626   16.78678   1110.000     4.1252     4.1005 3.2794e+04   3.283709     0.0637     0.0168    99.5808 1.0000e-12          0     0.5707     0.5790     0.0574     0.1197     4.6325     0.0000     0.0085     0.0000     0.5715     0.5797    34.5640    34.6407    27.4354    27.4989     15.481     15.824      4.785      4.891 0.0000e+00
      33770   1407.028   1120.643 -106.84626   16.78678   1111.000     4.1248     4.1003 3.2794e+04   3.283733     0.0639     0.0168    99.5808 1.0000e-12          0     0.5714     0.5797     0.0574     0.1197     4.6325     0.0000     0.0085     0.0000     0.5715     0.5801    34.5640    34.6407    27.4354    27.4990     15.500     15.761      4.791      4.871 0.0000e+00
      33793   1407.989   1121.654 -106.84626   16.78678   1112.000     4.1247     4.1002 3.2794e+04   3.283769     0.0639     0.0168    99.5808 1.0000e-12          0     0.5712     0.5796     0.0574     0.1197     4.6325     0.0000     0.0085     0.0000     0.5716     0.5799    34.5640    34.6407    27.4355    27.4990     15.541     15.736      4.803      4.863 0.0000e+00
      33813   1408.831   1122.666 -106.84626   16.78678   1113.000     4.1243     4.0997 3.2794e+04   3.283776     0.0639     0.0169    99.5795 1.0000e-12          0     0.5714     0.5796     0.0574     0.1197     4.6324     0.0000     0.0084     0.0000     0.5716     0.5800    34.5639    34.6408    27.4354    27.4991     15.699     15.760      4.853      4.871 0.0000e+00
