data/ctd-cnv/KM1919/KM1919-St20-P2/St20_P2_cast56-align-cellTM-derive-bin.cnv
* Sea-Bird SBE 9 Data File:
* FileName = C:\Users\otg\Desktop\CTD Data\km1920\St20_P2_cast56.hex
* Software Version Seasave V 7.26.7.107
* Temperature SN = 5554
* Conductivity SN = 3876
* Number of Bytes Per Scan = 41
* Number of Voltage Words = 4
* Number of Scans Averaged by the Deck Unit = 1
* NMEA Latitude = 16 50.10 N
* NMEA Longitude = 106 51.69 W
* NMEA UTC (Time) = Oct 11 2019  22:53:46
* NMEA baud rate = 4800
** Ship: Kilo Moana
** Station: St20_P2 cast 56
** Operator: gr
# nquan = 34
# nvalues = 320                         
# units = specified
# name 0 = scan: Scan Count
# name 1 = timeS: Time, Elapsed [seconds]
# name 2 = prDM: Pressure, Digiquartz [db]
# name 3 = longitude: Longitude [deg]
# name 4 = latitude: Latitude [deg]
# name 5 = depSMignore: Depth [salt water, m]
# name 6 = t090C: Temperature [ITS-90, deg C]
# name 7 = t190C: Temperature, 2 [ITS-90, deg C]
# name 8 = c0uS/cm: Conductivity [uS/cm]
# name 9 = c1S/m: Conductivity, 2 [S/m]
# name 10 = flECO-AFL: Fluorescence, WET Labs ECO-AFL/FL [mg/m^3]
# name 11 = CStarAt0: Beam Attenuation, WET Labs C-Star [1/m]
# name 12 = CStarTr0: Beam Transmission, WET Labs C-Star [%]
# name 13 = par: PAR/Irradiance, Biospherical/Licor
# name 14 = modError: Modulo Error Count
# name 15 = v0: Voltage 0
# name 16 = v1: Voltage 1
# name 17 = v2: Voltage 2
# name 18 = v3: Voltage 3
# name 19 = v4: Voltage 4
# name 20 = v5: Voltage 5
# name 21 = v6: Voltage 6
# name 22 = v7: Voltage 7
# name 23 = sbeox0V: Oxygen raw, SBE 43 [V]
# name 24 = sbeox1V: Oxygen raw, SBE 43, 2 [V]
# name 25 = sal00: Salinity, Practical [PSU]
# name 26 = sal11: Salinity, Practical, 2 [PSU]
# name 27 = sigma-é00: Density [sigma-theta, kg/m^3]
# name 28 = sigma-é11: Density, 2 [sigma-theta, kg/m^3]
# name 29 = sbeox0Mm/L: Oxygen, SBE 43 [umol/l], WS = 2
# name 30 = sbeox1Mm/L: Oxygen, SBE 43, 2 [umol/l], WS = 2
# name 31 = sbeox0PS: Oxygen, SBE 43 [% saturation], WS = 2
# name 32 = sbeox1PS: Oxygen, SBE 43, 2 [% saturation], WS = 2
# name 33 = flag: flag
# span 0 =       -198,      18644       
# span 1 =     -8.296,    776.779       
# span 2 =      1.006,    322.161       
# span 3 = -106.86167, -106.86149       
# span 4 =   16.83500,   16.83508       
# span 5 =      1.000,    320.000       
# span 6 =    10.2598,    29.1306       
# span 7 =    10.2312,    29.0923       
# span 8 = 3.8149e+04, 5.6436e+04       
# span 9 =   3.820054,   5.651623       
# span 10 =     0.0625,     1.5446      
# span 11 =     0.0408,     0.1337      
# span 12 =    96.7131,    98.9857      
# span 13 = 2.0166e-04, 6.2815e+02      
# span 14 =          0,          0      
# span 15 =     0.5031,     2.5147      
# span 16 =     0.5135,     2.5060      
# span 17 =     0.0573,     0.2054      
# span 18 =     0.1124,     0.1156      
# span 19 =     4.4991,     4.6048      
# span 20 =     0.0000,     0.0000      
# span 21 =     0.0098,     3.8159      
# span 22 =     0.0000,     0.0000      
# span 23 =     0.5024,     2.5122      
# span 24 =     0.5127,     2.4995      
# span 25 =    34.2565,    34.7822      
# span 26 =    34.3409,    34.8718      
# span 27 =    21.4625,    26.6512      
# span 28 =    21.5386,    26.7187      
# span 29 =      0.829,    231.453      
# span 30 =      0.352,    241.508      
# span 31 =      0.317,    107.834      
# span 32 =      0.131,    112.945      
# span 33 = 0.0000e+00, 0.0000e+00      
# interval = meters: 1                  
# start_time = Oct 11 2019 23:05:25 [NMEA time, first data scan]
# bad_flag = -9.990e-29
*END*
       -198     -8.296      1.006 -106.86149   16.83502      1.000    29.0458    29.0024 5.6337e+04   5.640582     0.0834     0.0848    97.9011 6.2815e+02          0     2.3480     2.3397     0.0593     0.1147     4.5544     0.0000     3.8159     0.0000     2.3508     2.3381    34.3116    34.3900    21.5321    21.6054    194.769    205.014     98.053    103.182 0.0000e+00
        900     37.460      2.012 -106.86152   16.83500      2.000    29.1306    29.0923 5.6346e+04   5.642892     0.0746     0.0891    97.7991 1.1215e+02          0     2.3512     2.3305     0.0585     0.1150     4.5496     0.0000     3.2052     0.0000     2.3500     2.3316    34.2565    34.3409    21.4625    21.5386    194.668    204.165     98.106    102.877 0.0000e+00
       1621     67.490      3.018 -106.86152   16.83502      3.000    29.0984    29.0699 5.6324e+04   5.641382     0.0833     0.1211    97.0220 1.5452e+02          0     2.3506     2.3285     0.0593     0.1150     4.5135     0.0000     3.2027     0.0000     2.3465     2.3330    34.2642    34.3463    21.4792    21.5502    194.590    204.487     98.020    103.005 0.0000e+00
       1639     68.266      4.024 -106.86152   16.83502      4.000    29.0676    29.0308 5.6304e+04   5.638598     0.0806     0.0831    97.9451 1.3239e+02          0     2.3473     2.3309     0.0590     0.1149     4.5564     0.0000     3.1351     0.0000     2.3507     2.3327    34.2724    34.3550    21.4956    21.5699    194.754    204.545     98.058    102.974 0.0000e+00
       1676     69.775      5.030 -106.86152   16.83502      5.000    29.0671    29.0249 5.6302e+04   5.638172     0.0852     0.0796    98.0292 1.4059e+02          0     2.3460     2.3314     0.0595     0.1147     4.5603     0.0000     3.1615     0.0000     2.3468     2.3309    34.2713    34.3561    21.4951    21.5728    194.459    204.111     97.908    102.746 0.0000e+00
       1762     73.377      6.036 -106.86152   16.83502      6.000    29.0605    29.0199 5.6299e+04   5.637938     0.0826     0.0803    98.0120 1.2516e+02          0     2.3473     2.3318     0.0592     0.1147     4.5595     0.0000     3.1117     0.0000     2.3524     2.3285    34.2734    34.3578    21.4989    21.5758    195.284    203.835     98.315    102.600 0.0000e+00
       1793     74.680      7.042 -106.86152   16.83502      7.000    29.0522    29.0264 5.6294e+04   5.637896     0.0807     0.0799    98.0219 1.1757e+02          0     2.3493     2.3309     0.0591     0.1147     4.5599     0.0000     3.0843     0.0000     2.3536     2.3325    34.2756    34.3525    21.5035    21.5698    195.433    205.197     98.378    103.294 0.0000e+00
       1833     76.338      8.048 -106.86153   16.83502      8.000    28.9991    28.9542 5.6327e+04   5.641610     0.0851     0.0799    98.0219 1.1797e+02          0     2.3515     2.3293     0.0595     0.1147     4.5599     0.0000     3.0856     0.0000     2.3552     2.3356    34.3360    34.4297    21.5666    21.6518    195.704    205.025     98.462    103.131 0.0000e+00
       1912     79.604      9.054 -106.86154   16.83502      9.000    28.9624    28.9416 5.6363e+04   5.642782     0.0886     0.0798    98.0249 1.1415e+02          0     2.3550     2.3353     0.0598     0.1142     4.5601     0.0000     3.0713     0.0000     2.3599     2.3372    34.3870    34.4467    21.6171    21.6689    196.357    205.492     98.760    103.354 0.0000e+00
       1967     81.923     10.060 -106.86154   16.83502     10.000    28.9289    28.8954 5.6387e+04   5.646796     0.0964     0.0800    98.0201 1.0978e+02          0     2.3577     2.3359     0.0606     0.1143     4.5599     0.0000     3.0546     0.0000     2.3583     2.3429    34.4277    34.5073    21.6589    21.7298    195.936    206.132     98.517    103.633 0.0000e+00
       2015     83.935     11.066 -106.86154   16.83502     11.000    28.9572    28.9214 5.6377e+04   5.645253     0.0886     0.0801    98.0162 1.0528e+02          0     2.3609     2.3391     0.0598     0.1147     4.5597     0.0000     3.0363     0.0000     2.3609     2.3416    34.4002    34.4776    21.6289    21.6990    196.639    205.989     98.900    103.588 0.0000e+00
       2071     86.231     12.072 -106.86154   16.83502     12.000    28.9258    28.8956 5.6398e+04   5.647649     0.0883     0.0804    98.0100 1.0102e+02          0     2.3582     2.3421     0.0598     0.1148     4.5594     0.0000     3.0184     0.0000     2.3642     2.3449    34.4365    34.5125    21.6667    21.7338    196.925    206.338     99.014    103.740 0.0000e+00
       2137     88.990     13.078 -106.86154   16.83502     13.000    28.8915    28.8608 5.6412e+04   5.649389     0.0883     0.0802    98.0158 1.0924e+02          0     2.3635     2.3440     0.0598     0.1147     4.5597     0.0000     3.0524     0.0000     2.3619     2.3450    34.4705    34.5493    21.7038    21.7732    196.312    206.444     98.670    103.756 0.0000e+00
       2197     91.481     14.084 -106.86154   16.83502     14.000    28.8734    28.8282 5.6418e+04   5.650203     0.0998     0.0794    98.0349 1.0769e+02          0     2.3644     2.3444     0.0610     0.1147     4.5605     0.0000     3.0461     0.0000     2.3584     2.3440    34.4876    34.5783    21.7227    21.8058    196.298    206.285     98.643    103.638 0.0000e+00
       2241     93.327     15.090 -106.86154   16.83502     15.000    28.8642    28.8257 5.6424e+04   5.650699     0.1005     0.0793    98.0360 1.1554e+02          0     2.3600     2.3458     0.0611     0.1147     4.5606     0.0000     3.0764     0.0000     2.3599     2.3431    34.4985    34.5833    21.7341    21.8105    196.784    206.304     98.878    103.646 0.0000e+00
       2302     95.891     16.096 -106.86154   16.83502     16.000    28.8515    28.8127 5.6436e+04   5.651623     0.1019     0.0835    97.9347 1.1261e+02          0     2.3591     2.3436     0.0612     0.1147     4.5559     0.0000     3.0653     0.0000     2.3627     2.3458    34.5150    34.5987    21.7507    21.8265    196.991    206.752     98.972    103.859 0.0000e+00
       2370     98.722     17.102 -106.86154   16.83502     17.000    28.8048    28.7750 5.6417e+04   5.650588     0.1024     0.0789    98.0475 1.2621e+02          0     2.3621     2.3464     0.0613     0.1146     4.5611     0.0000     3.1152     0.0000     2.3622     2.3472    34.5360    34.6187    21.7821    21.8541    196.858    207.119     98.841    103.991 0.0000e+00
       2406    100.217     18.108 -106.86154   16.83500     18.000    28.7740    28.7313 5.6408e+04   5.648724     0.1021     0.0791    98.0421 1.3268e+02          0     2.3638     2.3446     0.0612     0.1147     4.5609     0.0000     3.1362     0.0000     2.3639     2.3480    34.5518    34.6373    21.8043    21.8827    197.609    207.292     99.177    104.014 0.0000e+00
       2475    103.100     19.114 -106.86154   16.83500     19.000    28.7670    28.7292 5.6408e+04   5.649091     0.1099     0.0788    98.0486 1.3805e+02          0     2.3634     2.3477     0.0620     0.1147     4.5612     0.0000     3.1538     0.0000     2.3650     2.3442    34.5561    34.6411    21.8099    21.8863    197.281    206.723     99.004    103.728 0.0000e+00
       2547    106.100     20.120 -106.86154   16.83500     20.000    28.7761    28.7346 5.6407e+04   5.648587     0.1040     0.0785    98.0551 1.4167e+02          0     2.3657     2.3435     0.0614     0.1149     4.5615     0.0000     3.1653     0.0000     2.3582     2.3461    34.5486    34.6334    21.8013    21.8788    196.134    207.212     98.438    103.978 0.0000e+00
       2589    107.846     21.126 -106.86154   16.83500     21.000    28.7587    28.7170 5.6396e+04   5.647745     0.0952     0.0824    97.9618 1.5268e+02          0     2.3635     2.3439     0.0605     0.1148     4.5572     0.0000     3.1975     0.0000     2.3547     2.3450    34.5539    34.6401    21.8112    21.8897    196.655    206.960     98.675    103.826 0.0000e+00
       2636    109.779     22.133 -106.86154   16.83500     22.000    28.7383    28.6977 5.6388e+04   5.646876     0.1025     0.0796    98.0287 1.3783e+02          0     2.3572     2.3467     0.0613     0.1147     4.5602     0.0000     3.1533     0.0000     2.3621     2.3454    34.5627    34.6479    21.8246    21.9021    198.022    207.157     99.333    103.896 0.0000e+00
       2720    113.273     23.139 -106.86155   16.83500     23.000    28.7181    28.6726 5.6375e+04   5.645202     0.1104     0.0805    98.0070 1.3571e+02          0     2.3611     2.3456     0.0621     0.1143     4.5593     0.0000     3.1461     0.0000     2.3616     2.3498    34.5677    34.6543    21.8352    21.9153    197.014    207.818     98.798    104.189 0.0000e+00
       2784    115.959     24.145 -106.86156   16.83500     24.000    28.7100    28.6678 5.6371e+04   5.645101     0.1127     0.0810    97.9962 1.3467e+02          0     2.3614     2.3523     0.0623     0.1144     4.5588     0.0000     3.1433     0.0000     2.3628     2.3491    34.5711    34.6568    21.8404    21.9188    197.962    207.534     99.262    104.040 0.0000e+00
       2812    117.126     25.151 -106.86156   16.83500     25.000    28.6956    28.6546 5.6364e+04   5.644569     0.1127     0.0821    97.9686 1.2614e+02          0     2.3598     2.3487     0.0623     0.1148     4.5575     0.0000     3.1148     0.0000     2.3613     2.3472    34.5762    34.6625    21.8492    21.9275    197.064    207.499     98.791    104.003 0.0000e+00
       2843    118.408     26.157 -106.86156   16.83500     26.000    28.6786    28.6374 5.6349e+04   5.643023     0.1195     0.0837    97.9291 1.2176e+02          0     2.3586     2.3490     0.0630     0.1149     4.5557     0.0000     3.0995     0.0000     2.3600     2.3455    34.5779    34.6640    21.8562    21.9345    197.356    207.298     98.912    103.875 0.0000e+00
       2943    122.597     27.163 -106.86156   16.83500     27.000    28.6833    28.6401 5.6354e+04   5.643211     0.1302     0.0815    97.9828 1.1760e+02          0     2.3625     2.3459     0.0640     0.1143     4.5582     0.0000     3.0841     0.0000     2.3630     2.3443    34.5779    34.6631    21.8547    21.9330    197.750    207.416     99.116    103.938 0.0000e+00
       3005    125.155     28.169 -106.86156   16.83500     28.000    28.6664    28.6243 5.6338e+04   5.641825     0.1239     0.0816    97.9806 1.0821e+02          0     2.3598     2.3420     0.0634     0.1151     4.5581     0.0000     3.0484     0.0000     2.3632     2.3491    34.5787    34.6647    21.8610    21.9395    197.912    207.991     99.171    104.200 0.0000e+00
       3030    126.205     29.175 -106.86156   16.83500     29.000    28.6580    28.6168 5.6331e+04   5.641092     0.1294     0.0818    97.9736 1.0698e+02          0     2.3644     2.3438     0.0639     0.1148     4.5577     0.0000     3.0434     0.0000     2.3634     2.3462    34.5792    34.6648    21.8642    21.9421    197.621    207.349     99.012    103.866 0.0000e+00
       3071    127.933     30.181 -106.86156   16.83500     30.000    28.6506    28.6106 5.6325e+04   5.640558     0.1306     0.0818    97.9742 1.0210e+02          0     2.3632     2.3468     0.0641     0.1145     4.5578     0.0000     3.0230     0.0000     2.3586     2.3439    34.5802    34.6653    21.8675    21.9447    197.301    207.336     98.840    103.849 0.0000e+00
       3171    132.089     31.187 -106.86154   16.83500     31.000    28.6482    28.6086 5.6322e+04   5.640429     0.1378     0.0812    97.9893 1.0169e+02          0     2.3573     2.3432     0.0648     0.1147     4.5585     0.0000     3.0211     0.0000     2.3642     2.3433    34.5798    34.6656    21.8680    21.9456    198.071    207.411     99.222    103.883 0.0000e+00
       3207    133.581     32.193 -106.86154   16.83500     32.000    28.6321    28.5904 5.6307e+04   5.638764     0.1367     0.0816    97.9804 9.2813e+01          0     2.3627     2.3425     0.0647     0.1148     4.5580     0.0000     2.9817     0.0000     2.3609     2.3411    34.5805    34.6670    21.8740    21.9528    197.582    207.099     98.952    103.698 0.0000e+00
       3241    135.010     33.200 -106.86154   16.83500     33.000    28.6024    28.5607 5.6275e+04   5.635743     0.1371     0.0816    97.9794 9.0933e+01          0     2.3627     2.3437     0.0647     0.1148     4.5580     0.0000     2.9729     0.0000     2.3623     2.3405    34.5803    34.6675    21.8837    21.9630    198.126    207.419     99.176    103.808 0.0000e+00
       3301    137.495     34.206 -106.86154   16.83500     34.000    28.5646    28.5277 5.6230e+04   5.631584     0.1484     0.0836    97.9322 8.6763e+01          0     2.3622     2.3415     0.0659     0.1147     4.5558     0.0000     2.9523     0.0000     2.3595     2.3451    34.5763    34.6625    21.8933    21.9703    197.793    208.047     98.946    104.063 0.0000e+00
       3392    141.284     35.212 -106.86154   16.83500     35.000    28.5319    28.4885 5.6191e+04   5.627215     0.1375     0.0862    97.8682 8.4431e+01          0     2.3577     2.3459     0.0647     0.1147     4.5528     0.0000     2.9405     0.0000     2.3772     2.3433    34.5723    34.6605    21.9012    21.9818    204.271    209.242    102.130    104.593 0.0000e+00
       3429    142.820     36.218 -106.86154   16.83500     36.000    28.0504    27.9821 5.5611e+04   5.573947     0.1663     0.0882    97.8205 7.9108e+01          0     2.3595     2.3464     0.0677     0.1150     4.5506     0.0000     2.9125     0.0000     2.4401     2.3948    34.5202    34.6600    22.0198    22.1473    212.811    219.598    105.534    108.860 0.0000e+00
       3466    144.356     37.224 -106.86154   16.83500     37.000    27.2967    27.2482 5.4795e+04   5.489677     0.1846     0.0962    97.6253 7.6239e+01          0     2.3712     2.3412     0.0695     0.1150     4.5415     0.0000     2.8964     0.0000     2.4674     2.4379    34.5001    34.6082    22.2490    22.3460    216.133    225.459    105.851    110.397 0.0000e+00
       3529    147.009     38.230 -106.86154   16.83502     38.000    27.1048    27.0631 5.4629e+04   5.471532     0.2325     0.1001    97.5296 7.2357e+01          0     2.4485     2.4124     0.0743     0.1148     4.5371     0.0000     2.8737     0.0000     2.4778     2.4576    34.5243    34.6165    22.3288    22.4116    216.590    226.717    105.754    110.679 0.0000e+00
       3623    150.917     39.237 -106.86154   16.83502     39.000    26.7715    26.7217 5.4303e+04   5.441012     0.2395     0.1022    97.4766 6.9809e+01          0     2.4815     2.4635     0.0750     0.1149     4.5346     0.0000     2.8582     0.0000     2.4997     2.4714    34.5389    34.6529    22.4456    22.5473    221.334    230.275    107.480    111.801 0.0000e+00
       3663    152.593     40.243 -106.86154   16.83502     40.000    26.2225    26.1818 5.3745e+04   5.383958     0.2713     0.1120    97.2381 6.4136e+01          0     2.4818     2.4573     0.0781     0.1149     4.5235     0.0000     2.8212     0.0000     2.5074     2.4826    34.5479    34.6472    22.6256    22.7133    223.473    233.357    107.537    112.280 0.0000e+00
       3698    154.059     41.249 -106.86154   16.83502     41.000    25.9862    25.9430 5.3489e+04   5.359028     0.2891     0.1101    97.2859 6.0880e+01          0     2.4982     2.4714     0.0799     0.1152     4.5258     0.0000     2.7989     0.0000     2.5122     2.4896    34.5399    34.6464    22.6934    22.7871    224.990    235.353    107.834    112.787 0.0000e+00
       3770    157.048     42.255 -106.86154   16.83502     42.000    25.8600    25.7641 5.3360e+04   5.338729     0.3258     0.1119    97.2409 5.7054e+01          0     2.5105     2.4882     0.0835     0.1148     4.5236     0.0000     2.7706     0.0000     2.5113     2.4995    34.5411    34.6337    22.7335    22.8331    224.661    236.413    107.448    112.945 0.0000e+00
