data/ctd-cnv/KM1919/KM1919-St20-P2/St20_P2_cast28-align-cellTM-derive-bin.cnv
* Sea-Bird SBE 9 Data File:
* FileName = C:\Users\otg\Desktop\CTD Data\km1920\St20_P2_cast28.hex
* Software Version Seasave V 7.26.7.107
* Temperature SN = 5554
* Conductivity SN = 3876
* Number of Bytes Per Scan = 41
* Number of Voltage Words = 4
* Number of Scans Averaged by the Deck Unit = 1
* NMEA Latitude = 16 47.77 N
* NMEA Longitude = 106 53.66 W
* NMEA UTC (Time) = Oct 04 2019  10:57:58
* NMEA baud rate = 4800
** Ship: Kilo Moana
** Station: St20_P2cast 28
** Operator: gr
# nquan = 34
# nvalues = 321                         
# units = specified
# name 0 = scan: Scan Count
# name 1 = timeS: Time, Elapsed [seconds]
# name 2 = prDM: Pressure, Digiquartz [db]
# name 3 = longitude: Longitude [deg]
# name 4 = latitude: Latitude [deg]
# name 5 = depSM: Depth [salt water, m]
# name 6 = t090C: Temperature [ITS-90, deg C]
# name 7 = t190C: Temperature, 2 [ITS-90, deg C]
# name 8 = c0uS/cm: Conductivity [uS/cm]
# name 9 = c1S/m: Conductivity, 2 [S/m]
# name 10 = flECO-AFL: Fluorescence, WET Labs ECO-AFL/FL [mg/m^3]
# name 11 = CStarAt0: Beam Attenuation, WET Labs C-Star [1/m]
# name 12 = CStarTr0: Beam Transmission, WET Labs C-Star [%]
# name 13 = par: PAR/Irradiance, Biospherical/Licor
# name 14 = modError: Modulo Error Count
# name 15 = v0: Voltage 0
# name 16 = v1: Voltage 1
# name 17 = v2: Voltage 2
# name 18 = v3: Voltage 3
# name 19 = v4: Voltage 4
# name 20 = v5: Voltage 5
# name 21 = v6: Voltage 6
# name 22 = v7: Voltage 7
# name 23 = sbeox0V: Oxygen raw, SBE 43 [V]
# name 24 = sbeox1V: Oxygen raw, SBE 43, 2 [V]
# name 25 = sal00: Salinity, Practical [PSU]
# name 26 = sal11: Salinity, Practical, 2 [PSU]
# name 27 = sigma-é00: Density [sigma-theta, kg/m^3]
# name 28 = sigma-é11: Density, 2 [sigma-theta, kg/m^3]
# name 29 = sbeox0Mm/L: Oxygen, SBE 43 [umol/l], WS = 2
# name 30 = sbeox1Mm/L: Oxygen, SBE 43, 2 [umol/l], WS = 2
# name 31 = sbeox0PS: Oxygen, SBE 43 [% saturation], WS = 2
# name 32 = sbeox1PS: Oxygen, SBE 43, 2 [% saturation], WS = 2
# name 33 = flag: flag
# span 0 =       -315,      18443       
# span 1 =    -13.167,    768.417       
# span 2 =      1.006,    323.168       
# span 3 = -106.89445, -106.89434       
# span 4 =   16.79594,   16.79616       
# span 5 =      1.000,    321.000       
# span 6 =    10.7983,    29.3954       
# span 7 =    10.7682,    29.3469       
# span 8 = 3.8691e+04, 5.7080e+04       
# span 9 =   3.874137,   5.715730       
# span 10 =     0.0614,     1.3955      
# span 11 =     0.0147,     0.1014      
# span 12 =    97.4966,    99.6333      
# span 13 = 1.0000e-12, 5.0478e+00      
# span 14 =          0,          0      
# span 15 =     0.5033,     2.4917      
# span 16 =     0.5135,     2.4745      
# span 17 =     0.0572,     0.1906      
# span 18 =     0.1144,     0.1175      
# span 19 =     4.5355,     4.6349      
# span 20 =     0.0000,     0.0000      
# span 21 =     0.0074,     1.7047      
# span 22 =     0.0000,     0.0000      
# span 23 =     0.5027,     2.4849      
# span 24 =     0.5130,     2.4624      
# span 25 =    34.3721,    34.7839      
# span 26 =    34.4587,    34.8689      
# span 27 =    21.6021,    26.5836      
# span 28 =    21.6806,    26.6502      
# span 29 =      0.848,    223.516      
# span 30 =      0.894,    234.134      
# span 31 =      0.306,    106.117      
# span 32 =      0.322,    111.050      
# span 33 = 0.0000e+00, 0.0000e+00      
# interval = meters: 1                  
# start_time = Oct 04 2019 11:01:37 [NMEA time, first data scan]
# bad_flag = -9.990e-29
*END*
[from data line 299]
      15562    648.364    302.011 -106.89444   16.79600    300.000    11.0426    11.0128 3.8928e+04   3.898026     0.0732     0.0200    99.5021 1.0000e-12          0     0.5042     0.5142     0.0583     0.1171     4.6288     0.0000     0.0085     0.0000     0.5035     0.5133    34.7124    34.7928    26.5506    26.6186      1.107      0.971      0.401      0.352 0.0000e+00
      15669    652.836    303.018 -106.89443   16.79599    301.000    11.0420    11.0110 3.8928e+04   3.897782     0.0678     0.0201    99.5000 1.0000e-12          0     0.5042     0.5141     0.0578     0.1173     4.6287     0.0000     0.0085     0.0000     0.5035     0.5135    34.7126    34.7916    26.5509    26.6180      1.064      1.049      0.385      0.380 0.0000e+00
      15770    657.034    304.026 -106.89444   16.79598    302.000    11.0315    11.0040 3.8918e+04   3.897342     0.0689     0.0192    99.5205 1.0000e-12          0     0.5043     0.5141     0.0579     0.1172     4.6296     0.0000     0.0085     0.0000     0.5036     0.5135    34.7122    34.7934    26.5525    26.6207      1.075      1.043      0.389      0.378 0.0000e+00
      15791    657.901    305.033 -106.89444   16.79598    303.000    10.9904    10.9584 3.8877e+04   3.893225     0.0708     0.0189    99.5285 1.0000e-12          0     0.5042     0.5142     0.0581     0.1171     4.6300     0.0000     0.0085     0.0000     0.5036     0.5135    34.7096    34.7950    26.5579    26.6302      1.061      1.001      0.384      0.362 0.0000e+00
      15814    658.891    306.041 -106.89444   16.79598    304.000    10.9464    10.9162 3.8833e+04   3.888678     0.0721     0.0189    99.5283 1.0000e-12          0     0.5043     0.5144     0.0582     0.1171     4.6300     0.0000     0.0085     0.0000     0.5035     0.5133    34.7068    34.7892    26.5637    26.6333      1.047      1.020      0.378      0.368 0.0000e+00
      15841    659.991    307.048 -106.89444   16.79598    305.000    10.9313    10.9017 3.8818e+04   3.887148     0.0686     0.0196    99.5123 1.0000e-12          0     0.5043     0.5141     0.0579     0.1172     4.6293     0.0000     0.0085     0.0000     0.5035     0.5133    34.7056    34.7872    26.5654    26.6344      1.007      1.000      0.364      0.361 0.0000e+00
      15887    661.908    308.055 -106.89442   16.79598    306.000    10.9171    10.8877 3.8804e+04   3.885669     0.0660     0.0197    99.5076 1.0000e-12          0     0.5043     0.5141     0.0576     0.1172     4.6291     0.0000     0.0085     0.0000     0.5033     0.5134    34.7051    34.7852    26.5677    26.6353      1.026      1.026      0.371      0.370 0.0000e+00
      15949    664.505    309.063 -106.89442   16.79598    307.000    10.9110    10.8817 3.8798e+04   3.885065     0.0664     0.0188    99.5309 1.0000e-12          0     0.5041     0.5140     0.0576     0.1172     4.6301     0.0000     0.0085     0.0000     0.5036     0.5134    34.7043    34.7844    26.5681    26.6358      1.128      1.016      0.407      0.367 0.0000e+00
      15982    665.884    310.071 -106.89442   16.79598    308.000    10.9079    10.8786 3.8796e+04   3.884812     0.0714     0.0191    99.5244 1.0000e-12          0     0.5040     0.5140     0.0581     0.1172     4.6298     0.0000     0.0085     0.0000     0.5035     0.5133    34.7048    34.7844    26.5691    26.6364      0.963      1.052      0.348      0.379 0.0000e+00
      16010    667.058    311.078 -106.89442   16.79598    309.000    10.9009    10.8712 3.8790e+04   3.884206     0.0732     0.0189    99.5283 1.0000e-12          0     0.5041     0.5141     0.0583     0.1168     4.6300     0.0000     0.0085     0.0000     0.5033     0.5134    34.7047    34.7849    26.5703    26.6381      0.957      1.010      0.345      0.365 0.0000e+00
      16090    670.375    312.085 -106.89444   16.79598    310.000    10.8844    10.8565 3.8773e+04   3.882602     0.0689     0.0188    99.5304 1.0000e-12          0     0.5041     0.5140     0.0579     0.1163     4.6301     0.0000     0.0085     0.0000     0.5034     0.5133    34.7029    34.7823    26.5719    26.6387      1.069      1.024      0.386      0.369 0.0000e+00
      16166    673.552    313.093 -106.89444   16.79598    311.000    10.8662    10.8387 3.8756e+04   3.881250     0.0710     0.0182    99.5478 1.0000e-12          0     0.5042     0.5140     0.0581     0.1172     4.6310     0.0000     0.0085     0.0000     0.5033     0.5134    34.7027    34.7853    26.5750    26.6442      1.031      1.005      0.372      0.362 0.0000e+00
      16189    674.480    314.100 -106.89444   16.79598    312.000    10.8562    10.8266 3.8746e+04   3.879877     0.0637     0.0179    99.5547 1.0000e-12          0     0.5043     0.5139     0.0574     0.1172     4.6313     0.0000     0.0085     0.0000     0.5035     0.5133    34.7020    34.7826    26.5763    26.6443      1.064      1.045      0.383      0.377 0.0000e+00
      16209    675.346    315.108 -106.89444   16.79598    313.000    10.8444    10.8151 3.8734e+04   3.878716     0.0628     0.0178    99.5569 1.0000e-12          0     0.5042     0.5141     0.0573     0.1172     4.6314     0.0000     0.0085     0.0000     0.5031     0.5134    34.7004    34.7813    26.5772    26.6454      0.848      1.025      0.306      0.370 0.0000e+00
      16231    676.263    316.115 -106.89444   16.79598    314.000    10.8369    10.8073 3.8727e+04   3.877951     0.0695     0.0180    99.5524 1.0000e-12          0     0.5041     0.5141     0.0580     0.1172     4.6312     0.0000     0.0085     0.0000     0.5031     0.5133    34.6998    34.7807    26.5780    26.6463      1.064      1.002      0.383      0.361 0.0000e+00
      16257    677.346    317.123 -106.89444   16.79598    315.000    10.8305    10.8011 3.8721e+04   3.877318     0.0645     0.0183    99.5439 1.0000e-12          0     0.5041     0.5140     0.0575     0.1172     4.6308     0.0000     0.0085     0.0000     0.5033     0.5133    34.6999    34.7797    26.5793    26.6467      1.057      1.005      0.381      0.362 0.0000e+00
      16369    682.012    318.131 -106.89444   16.79597    316.000    10.8366    10.8074 3.8728e+04   3.877919     0.0666     0.0184    99.5424 1.0000e-12          0     0.5039     0.5140     0.0577     0.1171     4.6307     0.0000     0.0085     0.0000     0.5033     0.5134    34.7004    34.7794    26.5786    26.6453      1.039      1.048      0.374      0.378 0.0000e+00
      16454    685.524    319.138 -106.89444   16.79596    317.000    10.8277    10.7971 3.8719e+04   3.877058     0.0666     0.0179    99.5539 1.0000e-12          0     0.5041     0.5140     0.0577     0.1172     4.6313     0.0000     0.0085     0.0000     0.5033     0.5134    34.6998    34.7801    26.5797    26.6478      1.004      1.014      0.362      0.365 0.0000e+00
      16485    686.813    320.146 -106.89443   16.79597    318.000    10.8183    10.7888 3.8710e+04   3.876243     0.0660     0.0175    99.5643 1.0000e-12          0     0.5041     0.5141     0.0576     0.1172     4.6317     0.0000     0.0085     0.0000     0.5033     0.5133    34.6992    34.7793    26.5810    26.6486      1.053      0.997      0.379      0.359 0.0000e+00
      16516    688.128    321.153 -106.89442   16.79598    319.000    10.8115    10.7823 3.8704e+04   3.875578     0.0640     0.0179    99.5548 1.0000e-12          0     0.5041     0.5141     0.0574     0.1172     4.6313     0.0000     0.0085     0.0000     0.5033     0.5134    34.6987    34.7784    26.5818    26.6491      0.977      1.035      0.352      0.373 0.0000e+00
      17156    714.788    322.161 -106.89441   16.79597    320.000    10.8093    10.7805 3.8702e+04   3.875362     0.0678     0.0178    99.5573 1.0000e-12          0     0.5038     0.5138     0.0578     0.1172     4.6314     0.0000     0.0085     0.0000     0.5030     0.5132    34.6987    34.7775    26.5822    26.6488      0.997      1.007      0.359      0.363 0.0000e+00
      18443    768.417    323.168 -106.89445   16.79594    321.000    10.7983    10.7682 3.8691e+04   3.874137     0.0684     0.0177    99.5586 1.0000e-12          0     0.5033     0.5135     0.0578     0.1171     4.6315     0.0000     0.0085     0.0000     0.5027     0.5130    34.6979    34.7765    26.5836    26.6502      1.014      0.894      0.365      0.322 0.0000e+00
