data/ctd-cnv/KM1919/KM1919-St20-P2/St20_P2_cast57-align-cellTM-derive-bin.cnv
* Sea-Bird SBE 9 Data File:
* FileName = C:\Users\otg\Desktop\CTD Data\km1920\St20_P2_cast57.hex
* Software Version Seasave V 7.26.7.107
* Temperature SN = 5554
* Conductivity SN = 3876
* Number of Bytes Per Scan = 41
* Number of Voltage Words = 4
* Number of Scans Averaged by the Deck Unit = 1
* NMEA Latitude = 16 51.30 N
* NMEA Longitude = 106 50.85 W
* NMEA UTC (Time) = Oct 12 2019  02:29:04
* NMEA baud rate = 4800
** Ship: Kilo Moana
** Station: St20_P2 cast 57
** Operator: gr
** snow catcher
# nquan = 34
# nvalues = 353                         
# units = specified
# name 0 = scan: Scan Count
# name 1 = timeS: Time, Elapsed [seconds]
# name 2 = prDM: Pressure, Digiquartz [db]
# name 3 = longitude: Longitude [deg]
# name 4 = latitude: Latitude [deg]
# name 5 = depSMignore: Depth [salt water, m]
# name 6 = t090C: Temperature [ITS-90, deg C]
# name 7 = t190C: Temperature, 2 [ITS-90, deg C]
# name 8 = c0uS/cm: Conductivity [uS/cm]
# name 9 = c1S/m: Conductivity, 2 [S/m]
# name 10 = flECO-AFL: Fluorescence, WET Labs ECO-AFL/FL [mg/m^3]
# name 11 = CStarAt0: Beam Attenuation, WET Labs C-Star [1/m]
# name 12 = CStarTr0: Beam Transmission, WET Labs C-Star [%]
# name 13 = par: PAR/Irradiance, Biospherical/Licor
# name 14 = modError: Modulo Error Count
# name 15 = v0: Voltage 0
# name 16 = v1: Voltage 1
# name 17 = v2: Voltage 2
# name 18 = v3: Voltage 3
# name 19 = v4: Voltage 4
# name 20 = v5: Voltage 5
# name 21 = v6: Voltage 6
# name 22 = v7: Voltage 7
# name 23 = sbeox0V: Oxygen raw, SBE 43 [V]
# name 24 = sbeox1V: Oxygen raw, SBE 43, 2 [V]
# name 25 = sal00: Salinity, Practical [PSU]
# name 26 = sal11: Salinity, Practical, 2 [PSU]
# name 27 = sigma-é00: Density [sigma-theta, kg/m^3]
# name 28 = sigma-é11: Density, 2 [sigma-theta, kg/m^3]
# name 29 = sbeox0Mm/L: Oxygen, SBE 43 [umol/l], WS = 2
# name 30 = sbeox1Mm/L: Oxygen, SBE 43, 2 [umol/l], WS = 2
# name 31 = sbeox0PS: Oxygen, SBE 43 [% saturation], WS = 2
# name 32 = sbeox1PS: Oxygen, SBE 43, 2 [% saturation], WS = 2
# name 33 = flag: flag
# span 0 =         66,      55537       
# span 1 =      2.691,   2314.010       
# span 2 =      3.018,    357.428       
# span 3 = -106.84756, -106.84731       
# span 4 =   16.85486,   16.85502       
# span 5 =      3.000,    355.000       
# span 6 =     9.6998,    29.0299       
# span 7 =     9.6707,    28.9898       
# span 8 = 3.7612e+04, 5.6339e+04       
# span 9 =   3.766180,   5.642362       
# span 10 =     0.0594,     1.5084      
# span 11 =     0.0390,     0.1299      
# span 12 =    96.8059,    99.0302      
# span 13 = -8.274e-07, 3.8788e+00      
# span 14 =          0,          0      
# span 15 =     0.5030,     2.5021      
# span 16 =     0.5140,     2.4880      
# span 17 =     0.0570,     0.2018      
# span 18 =     0.1136,     0.1192      
# span 19 =     4.5035,     4.6068      
# span 20 =     0.0000,     0.0000      
# span 21 =     0.0085,     1.6009      
# span 22 =     0.0000,     0.0000      
# span 23 =     0.5026,     2.5042      
# span 24 =     0.5137,     2.4868      
# span 25 =    34.1879,    34.7823      
# span 26 =    34.2124,    34.8726      
# span 27 =    21.4447,    26.7248      
# span 28 =    21.4765,    26.7923      
# span 29 =      0.893,    231.330      
# span 30 =      1.041,    241.941      
# span 31 =      0.324,    107.346      
# span 32 =      0.378,    112.170      
# span 33 = 0.0000e+00, 0.0000e+00      
# interval = meters: 1                  
# start_time = Oct 12 2019 02:30:35 [NMEA time, first data scan]
# bad_flag = -9.990e-29
*END*
[from data line 86]
      30886   1286.879     89.551 -106.84740   16.85492     89.000    18.2821    18.2528 4.5554e+04   4.562440     0.7786     0.0772    98.0902 2.5955e-05          0     1.2813     1.3074     0.1288     0.1151     4.5632     0.0000     0.0087     0.0000     1.2588     1.2775    34.4344    34.5186    24.7730    24.8448     97.397    104.141     40.683     43.498 0.0000e+00
      30931   1288.730     90.557 -106.84740   16.85492     90.000    18.2275    18.1912 4.5498e+04   4.556457     0.7319     0.0764    98.1093 -8.274e-07          0     1.2677     1.2885     0.1242     0.1150     4.5640     0.0000     0.0085     0.0000     1.2477     1.2654    34.4320    34.5193    24.7848    24.8606     95.460    102.349     39.832     42.699 0.0000e+00
      30966   1290.200     91.564 -106.84740   16.85492     91.000    18.1373    18.1010 4.5408e+04   4.547644     0.7459     0.0764    98.1076 2.4145e-05          0     1.2600     1.2789     0.1256     0.1150     4.5640     0.0000     0.0087     0.0000     1.2376     1.2552    34.4315    34.5201    24.8067    24.8835     94.066    101.106     39.183     42.110 0.0000e+00
      31000   1291.626     92.570 -106.84740   16.85492     92.000    18.0656    18.0292 4.5336e+04   4.540447     0.7107     0.0747    98.1493 1.1969e-05          0     1.2523     1.2700     0.1220     0.1151     4.5659     0.0000     0.0086     0.0000     1.2223     1.2415    34.4304    34.5191    24.8236    24.9004     90.457     98.345     37.629     40.904 0.0000e+00
      31029   1292.828     93.576 -106.84740   16.85492     93.000    17.9712    17.9335 4.5243e+04   4.531363     0.6741     0.0732    98.1874 2.2551e-05          0     1.2436     1.2611     0.1184     0.1151     4.5677     0.0000     0.0086     0.0000     1.2046     1.2250    34.4304    34.5222    24.8468    24.9263     89.012     95.894     36.961     39.813 0.0000e+00
      31062   1294.227     94.583 -106.84740   16.85492     94.000    17.8781    17.8329 4.5155e+04   4.521472     0.6598     0.0717    98.2241 9.9911e-06          0     1.2325     1.2507     0.1170     0.1152     4.5694     0.0000     0.0086     0.0000     1.1979     1.2101    34.4329    34.5224    24.8715    24.9512     91.177     95.595     37.794     39.613 0.0000e+00
      31153   1297.980     95.589 -106.84740   16.85492     95.000    17.8993    17.8421 4.5176e+04   4.521781     0.6797     0.0695    98.2765 3.6566e-06          0     1.1923     1.2067     0.1190     0.1151     4.5718     0.0000     0.0085     0.0000     1.1757     1.1933    34.4328    34.5169    24.8663    24.9447     83.562     92.603     34.653     38.379 0.0000e+00
      31188   1299.453     96.596 -106.84740   16.85492     96.000    17.6147    17.5746 4.4901e+04   4.497618     0.6351     0.0690    98.2903 4.0902e-05          0     1.1970     1.2057     0.1145     0.1151     4.5724     0.0000     0.0088     0.0000     1.1433     1.1654    34.4378    34.5364    24.9394    25.0246     81.520     88.347     33.624     36.433 0.0000e+00
      31214   1300.540     97.602 -106.84740   16.85492     97.000    17.4918    17.4550 4.4784e+04   4.485430     0.5854     0.0662    98.3600 5.5180e-05          0     1.1855     1.2015     0.1096     0.1150     4.5757     0.0000     0.0089     0.0000     1.1331     1.1539    34.4405    34.5328    24.9712    25.0509     80.851     87.869     33.270     36.153 0.0000e+00
      31241   1301.669     98.609 -106.84740   16.85492     98.000    17.3410    17.3022 4.4637e+04   4.470949     0.5475     0.0630    98.4378 3.2741e-05          0     1.1634     1.1863     0.1058     0.1151     4.5794     0.0000     0.0087     0.0000     1.1205     1.1432    34.4423    34.5377    25.0089    25.0913     78.786     86.390     32.328     35.442 0.0000e+00
      31274   1303.034     99.615 -106.84740   16.85492     99.000    17.2112    17.1764 4.4517e+04   4.458915     0.4891     0.0612    98.4827 4.0402e-05          0     1.1431     1.1649     0.0999     0.1152     4.5814     0.0000     0.0088     0.0000     1.1027     1.1267    34.4482    34.5406    25.0444    25.1236     75.745     83.596     31.004     34.214 0.0000e+00
      31314   1304.691    100.622 -106.84740   16.85492    100.000    17.1164    17.0811 4.4432e+04   4.449954     0.4787     0.0602    98.5077 3.3874e-05          0     1.1263     1.1481     0.0989     0.1154     4.5825     0.0000     0.0087     0.0000     1.0762     1.1017    34.4553    34.5441    25.0725    25.1490     72.166     79.780     29.486     32.593 0.0000e+00
      31367   1306.932    101.628 -106.84740   16.85492    101.000    17.0296    16.9904 4.4358e+04   4.442032     0.4580     0.0590    98.5350 5.3452e-05          0     1.0960     1.1205     0.0968     0.1151     4.5838     0.0000     0.0088     0.0000     1.0424     1.0682    34.4649    34.5525    25.1005    25.1770     67.444     75.249     27.513     30.690 0.0000e+00
      31433   1309.665    102.635 -106.84740   16.85492    102.000    16.8781    16.8493 4.4227e+04   4.430141     0.4527     0.0588    98.5400 8.1677e-05          0     1.0556     1.0797     0.0963     0.1152     4.5840     0.0000     0.0090     0.0000     0.9977     1.0244    34.4801    34.5697    25.1480    25.2236     61.563     69.084     25.043     28.102 0.0000e+00
      31466   1311.039    103.641 -106.84740   16.85492    103.000    16.8441    16.8100 4.4199e+04   4.426254     0.4253     0.0569    98.5871 7.8116e-05          0     1.0332     1.0600     0.0935     0.1152     4.5863     0.0000     0.0090     0.0000     0.9698     1.0010    34.4840    34.5693    25.1590    25.2325     54.812     64.657     22.283     26.281 0.0000e+00
      31490   1312.041    104.647 -106.84740   16.85492    104.000    16.7760    16.7368 4.4139e+04   4.420981     0.3901     0.0610    98.4855 6.7968e-05          0     1.0151     1.0431     0.0900     0.1151     4.5816     0.0000     0.0089     0.0000     0.9418     0.9762    34.4897    34.5858    25.1794    25.2624     51.401     60.396     20.869     24.517 0.0000e+00
      31514   1313.034    105.654 -106.84740   16.85492    105.000    16.6238    16.5846 4.4006e+04   4.407455     0.4062     0.0574    98.5745 1.8052e-05          0     1.0005     1.0264     0.0916     0.1152     4.5857     0.0000     0.0086     0.0000     0.9204     0.9521    34.5045    34.5982    25.2264    25.3076     51.094     57.962     20.685     23.462 0.0000e+00
      31540   1314.116    106.661 -106.84740   16.85492    106.000    16.5358    16.5002 4.3930e+04   4.399588     0.4003     0.0557    98.6177 4.0228e-05          0     0.9808     1.0098     0.0910     0.1152     4.5877     0.0000     0.0088     0.0000     0.9049     0.9327    34.5131    34.6017    25.2536    25.3299     50.045     56.610     20.227     22.877 0.0000e+00
      31570   1315.384    107.667 -106.84740   16.85492    107.000    16.5158    16.4823 4.3914e+04   4.397880     0.3818     0.0549    98.6352 3.1472e-05          0     0.9468     0.9806     0.0891     0.1151     4.5885     0.0000     0.0087     0.0000     0.8788     0.9114    34.5159    34.6018    25.2604    25.3342     42.061     52.159     16.994     21.071 0.0000e+00
      31620   1317.439    108.673 -106.84740   16.85492    108.000    16.3354    16.2977 4.3760e+04   4.383392     0.3813     0.0542    98.6546 4.8256e-05          0     0.9076     0.9366     0.0891     0.1148     4.5894     0.0000     0.0088     0.0000     0.8077     0.8499    34.5357    34.6337    25.3173    25.4014     30.577     40.852     12.314     16.450 0.0000e+00
      31668   1319.445    109.680 -106.84740   16.85492    109.000    15.9727    15.9351 4.3426e+04   4.350008     0.3471     0.0505    98.7457 4.3726e-05          0     0.8630     0.8994     0.0857     0.1147     4.5936     0.0000     0.0088     0.0000     0.7525     0.7891    34.5541    34.6531    25.4148    25.4995     28.527     34.732     11.407     13.886 0.0000e+00
      31697   1320.669    110.686 -106.84740   16.85492    110.000    15.6959    15.6519 4.3146e+04   4.322920     0.3002     0.0497    98.7644 2.3105e-05          0     0.8171     0.8592     0.0810     0.1148     4.5945     0.0000     0.0086     0.0000     0.7344     0.7672    34.5457    34.6587    25.4709    25.5678     26.929     33.439     10.710     13.296 0.0000e+00
      31721   1321.655    111.693 -106.84740   16.85492    111.000    15.4637    15.4239 4.2895e+04   4.297290     0.2707     0.0488    98.7861 3.5226e-05          0     0.7837     0.8263     0.0781     0.1147     4.5955     0.0000     0.0087     0.0000     0.7181     0.7514    34.5230    34.6284    25.5055    25.5956     24.781     31.209      9.809     12.352 0.0000e+00
      31745   1322.656    112.699 -106.84740   16.85492    112.000    15.2346    15.1945 4.2670e+04   4.274963     0.2468     0.0476    98.8171 8.4302e-06          0     0.7589     0.7966     0.0757     0.1147     4.5970     0.0000     0.0086     0.0000     0.7031     0.7351    34.5208    34.6287    25.5547    25.6466     23.585     29.260      9.293     11.528 0.0000e+00
      31774   1323.876    113.706 -106.84740   16.85492    113.000    15.1153    15.0815 4.2562e+04   4.263053     0.2225     0.0462    98.8512 3.3690e-05          0     0.7395     0.7725     0.0732     0.1147     4.5985     0.0000     0.0087     0.0000     0.6890     0.7182    34.5281    34.6202    25.5866    25.6650     23.418     27.730      9.206     10.900 0.0000e+00
      31816   1325.627    114.713 -106.84740   16.85492    114.000    15.0157    14.9824 4.2468e+04   4.253548     0.2088     0.0454    98.8710 3.0689e-05          0     0.7116     0.7443     0.0718     0.1147     4.5995     0.0000     0.0087     0.0000     0.6771     0.7028    34.5307    34.6212    25.6104    25.6875     22.156     26.524      8.693     10.405 0.0000e+00
      31866   1327.713    115.719 -106.84740   16.85492    115.000    14.9533    14.9199 4.2418e+04   4.248264     0.2108     0.0454    98.8707 2.8958e-05          0     0.6868     0.7150     0.0720     0.1148     4.5994     0.0000     0.0087     0.0000     0.6538     0.6827    34.5399    34.6280    25.6312    25.7064     16.541     22.323      6.482      8.747 0.0000e+00
      31901   1329.184    116.726 -106.84740   16.85492    116.000    14.9187    14.8856 4.2414e+04   4.247644     0.1972     0.0445    98.8935 6.2582e-06          0     0.6777     0.7030     0.0707     0.1149     4.6005     0.0000     0.0085     0.0000     0.6329     0.6618    34.5658    34.6525    25.6588    25.7328     14.131     19.009      5.535      7.444 0.0000e+00
      31930   1330.371    117.732 -106.84740   16.85492    117.000    14.8562    14.8214 4.2363e+04   4.242758     0.1710     0.0440    98.9061 1.5471e-05          0     0.6659     0.6931     0.0681     0.1149     4.6011     0.0000     0.0086     0.0000     0.6185     0.6463    34.5744    34.6645    25.6790    25.7561     12.169     17.158      4.761      6.711 0.0000e+00
      31959   1331.575    118.739 -106.84740   16.85492    118.000    14.7440    14.7076 4.2261e+04   4.232817     0.1621     0.0432    98.9269 1.3136e-05          0     0.6488     0.6780     0.0672     0.1149     4.6021     0.0000     0.0086     0.0000     0.6007     0.6306    34.5803    34.6746    25.7079    25.7885      8.376     14.164      3.270      5.529 0.0000e+00
      31994   1333.039    119.745 -106.84740   16.85492    119.000    14.6714    14.6390 4.2224e+04   4.228472     0.1556     0.0432    98.9272 1.5638e-05          0     0.6291     0.6575     0.0666     0.1150     4.6021     0.0000     0.0086     0.0000     0.5774     0.6072    34.6105    34.6956    25.7470    25.8196      6.064     10.693      2.364      4.168 0.0000e+00
      32036   1334.773    120.752 -106.84740   16.85492    120.000    14.6251    14.5912 4.2209e+04   4.227223     0.1380     0.0428    98.9375 4.5799e-06          0     0.6062     0.6354     0.0648     0.1147     4.6026     0.0000     0.0085     0.0000     0.5590     0.5853    34.6384    34.7264    25.7785    25.8537      5.685      8.857      2.215      3.450 0.0000e+00
      32075   1336.412    121.758 -106.84740   16.85492    121.000    14.5377    14.5037 4.2140e+04   4.220480     0.1621     0.0422    98.9503 5.8342e-06          0     0.5798     0.6098     0.0673     0.1148     4.6032     0.0000     0.0085     0.0000     0.5485     0.5724    34.6520    34.7423    25.8078    25.8848      5.363      7.885      2.086      3.066 0.0000e+00
      32111   1337.912    122.765 -106.84740   16.85492    122.000    14.4081    14.3735 4.2031e+04   4.209615     0.1613     0.0437    98.9144 5.4880e-06          0     0.5624     0.5896     0.0672     0.1147     4.6015     0.0000     0.0085     0.0000     0.5428     0.5647    34.6678    34.7586    25.8478    25.9253      5.220      7.410      2.025      2.874 0.0000e+00
      32147   1339.404    123.771 -106.84740   16.85492    123.000    14.3071    14.2725 4.1941e+04   4.200654     0.1845     0.0453    98.8743 1.0434e-07          0     0.5521     0.5766     0.0694     0.1147     4.5996     0.0000     0.0085     0.0000     0.5384     0.5594    34.6745    34.7662    25.8744    25.9527      4.823      6.886      1.867      2.666 0.0000e+00
      32178   1340.698    124.778 -106.84740   16.85492    124.000    14.1968    14.1618 4.1846e+04   4.191156     0.1936     0.0463    98.8498 1.0000e-12          0     0.5459     0.5685     0.0703     0.1150     4.5985     0.0000     0.0085     0.0000     0.5349     0.5555    34.6849    34.7774    25.9059    25.9848      4.352      6.333      1.681      2.446 0.0000e+00
      32203   1341.731    125.785 -106.84740   16.85492    125.000    14.1134    14.0794 4.1770e+04   4.183466     0.2018     0.0516    98.7170 1.0000e-12          0     0.5423     0.5641     0.0712     0.1152     4.5923     0.0000     0.0085     0.0000     0.5320     0.5520    34.6895    34.7800    25.9271    26.0042      3.744      5.769      1.444      2.225 0.0000e+00
      32226   1342.721    126.791 -106.84740   16.85492    126.000    14.0683    14.0368 4.1733e+04   4.179786     0.1935     0.0455    98.8700 1.0000e-12          0     0.5396     0.5606     0.0703     0.1150     4.5994     0.0000     0.0085     0.0000     0.5286     0.5489    34.6954    34.7839    25.9412    26.0162      3.258      5.283      1.256      2.036 0.0000e+00
      32274   1344.717    127.798 -106.84740   16.85492    127.000    14.0246    13.9976 4.1702e+04   4.176501     0.1911     0.0445    98.8946 1.0000e-12          0     0.5340     0.5544     0.0701     0.1148     4.6006     0.0000     0.0085     0.0000     0.5242     0.5435    34.7054    34.7883    25.9581    26.0278      3.012      4.803      1.159      1.849 0.0000e+00
      32349   1347.848    128.804 -106.84740   16.85492    128.000    13.9175    13.9183 4.1618e+04   4.171352     0.2051     0.0444    98.8977 1.0000e-12          0     0.5250     0.5440     0.0715     0.1150     4.6007     0.0000     0.0085     0.0000     0.5165     0.5364    34.7231    34.8116    25.9942    26.0625      1.809      3.497      0.695      1.345 0.0000e+00
      32374   1348.857    129.811 -106.84740   16.85492    129.000    13.8457    13.8134 4.1563e+04   4.162387     0.2115     0.0514    98.7225 1.0000e-12          0     0.5243     0.5429     0.0721     0.1148     4.5926     0.0000     0.0085     0.0000     0.5146     0.5333    34.7369    34.8227    26.0199    26.0930      1.932      3.201      0.741      1.228 0.0000e+00
      32393   1349.686    130.818 -106.84740   16.85492    130.000    13.7825    13.7454 4.1506e+04   4.157363     0.3112     0.0582    98.5546 1.0000e-12          0     0.5220     0.5415     0.0821     0.1150     4.5847     0.0000     0.0085     0.0000     0.5134     0.5313    34.7402    34.8370    26.0356    26.1182      1.963      3.116      0.752      1.194 0.0000e+00
