data/ctd-cnv/KM1919/KM1919-St20-P2/St20_P2_cast28-align-cellTM-derive-bin.cnv
* Sea-Bird SBE 9 Data File:
* FileName = C:\Users\otg\Desktop\CTD Data\km1920\St20_P2_cast28.hex
* Software Version Seasave V 7.26.7.107
* Temperature SN = 5554
* Conductivity SN = 3876
* Number of Bytes Per Scan = 41
* Number of Voltage Words = 4
* Number of Scans Averaged by the Deck Unit = 1
* NMEA Latitude = 16 47.77 N
* NMEA Longitude = 106 53.66 W
* NMEA UTC (Time) = Oct 04 2019  10:57:58
* NMEA baud rate = 4800
** Ship: Kilo Moana
** Station: St20_P2cast 28
** Operator: gr
# nquan = 34
# nvalues = 321                         
# units = specified
# name 0 = scan: Scan Count
# name 1 = timeS: Time, Elapsed [seconds]
# name 2 = prDM: Pressure, Digiquartz [db]
# name 3 = longitude: Longitude [deg]
# name 4 = latitude: Latitude [deg]
# name 5 = depSM: Depth [salt water, m]
# name 6 = t090C: Temperature [ITS-90, deg C]
# name 7 = t190C: Temperature, 2 [ITS-90, deg C]
# name 8 = c0uS/cm: Conductivity [uS/cm]
# name 9 = c1S/m: Conductivity, 2 [S/m]
# name 10 = flECO-AFL: Fluorescence, WET Labs ECO-AFL/FL [mg/m^3]
# name 11 = CStarAt0: Beam Attenuation, WET Labs C-Star [1/m]
# name 12 = CStarTr0: Beam Transmission, WET Labs C-Star [%]
# name 13 = par: PAR/Irradiance, Biospherical/Licor
# name 14 = modError: Modulo Error Count
# name 15 = v0: Voltage 0
# name 16 = v1: Voltage 1
# name 17 = v2: Voltage 2
# name 18 = v3: Voltage 3
# name 19 = v4: Voltage 4
# name 20 = v5: Voltage 5
# name 21 = v6: Voltage 6
# name 22 = v7: Voltage 7
# name 23 = sbeox0V: Oxygen raw, SBE 43 [V]
# name 24 = sbeox1V: Oxygen raw, SBE 43, 2 [V]
# name 25 = sal00: Salinity, Practical [PSU]
# name 26 = sal11: Salinity, Practical, 2 [PSU]
# name 27 = sigma-é00: Density [sigma-theta, kg/m^3]
# name 28 = sigma-é11: Density, 2 [sigma-theta, kg/m^3]
# name 29 = sbeox0Mm/L: Oxygen, SBE 43 [umol/l], WS = 2
# name 30 = sbeox1Mm/L: Oxygen, SBE 43, 2 [umol/l], WS = 2
# name 31 = sbeox0PS: Oxygen, SBE 43 [% saturation], WS = 2
# name 32 = sbeox1PS: Oxygen, SBE 43, 2 [% saturation], WS = 2
# name 33 = flag: flag
# span 0 =       -315,      18443       
# span 1 =    -13.167,    768.417       
# span 2 =      1.006,    323.168       
# span 3 = -106.89445, -106.89434       
# span 4 =   16.79594,   16.79616       
# span 5 =      1.000,    321.000       
# span 6 =    10.7983,    29.3954       
# span 7 =    10.7682,    29.3469       
# span 8 = 3.8691e+04, 5.7080e+04       
# span 9 =   3.874137,   5.715730       
# span 10 =     0.0614,     1.3955      
# span 11 =     0.0147,     0.1014      
# span 12 =    97.4966,    99.6333      
# span 13 = 1.0000e-12, 5.0478e+00      
# span 14 =          0,          0      
# span 15 =     0.5033,     2.4917      
# span 16 =     0.5135,     2.4745      
# span 17 =     0.0572,     0.1906      
# span 18 =     0.1144,     0.1175      
# span 19 =     4.5355,     4.6349      
# span 20 =     0.0000,     0.0000      
# span 21 =     0.0074,     1.7047      
# span 22 =     0.0000,     0.0000      
# span 23 =     0.5027,     2.4849      
# span 24 =     0.5130,     2.4624      
# span 25 =    34.3721,    34.7839      
# span 26 =    34.4587,    34.8689      
# span 27 =    21.6021,    26.5836      
# span 28 =    21.6806,    26.6502      
# span 29 =      0.848,    223.516      
# span 30 =      0.894,    234.134      
# span 31 =      0.306,    106.117      
# span 32 =      0.322,    111.050      
# span 33 = 0.0000e+00, 0.0000e+00      
# interval = meters: 1                  
# start_time = Oct 04 2019 11:01:37 [NMEA time, first data scan]
# bad_flag = -9.990e-29
*END*
[from data line 43]
       3543    147.594     44.267 -106.89434   16.79610     44.000    26.2041    26.1591 5.3823e+04   5.392842     0.2436     0.0692    98.2837 1.0000e-12          0     2.4829     2.4643     0.0754     0.1172     4.5721     0.0000     0.0083     0.0000     2.4818     2.4564    34.6173    34.7275    22.6840    22.7812    219.870    229.048    105.812    110.215 0.0000e+00
       3566    148.534     45.273 -106.89434   16.79610     45.000    26.0088    25.9667 5.3613e+04   5.370867     0.2829     0.0723    98.2079 1.0000e-12          0     2.4826     2.4607     0.0793     0.1172     4.5686     0.0000     0.0084     0.0000     2.4785     2.4531    34.6119    34.7133    22.7409    22.8305    219.801    230.129    105.430    110.369 0.0000e+00
       3592    149.633     46.280 -106.89434   16.79610     46.000    25.8660    25.8221 5.3463e+04   5.354895     0.2848     0.0724    98.2062 1.0000e-12          0     2.4828     2.4620     0.0795     0.1172     4.5686     0.0000     0.0084     0.0000     2.4735     2.4552    34.6102    34.7064    22.7841    22.8703    220.467    231.114    105.495    110.568 0.0000e+00
       3667    152.757     47.286 -106.89434   16.79610     47.000    25.7299    25.6941 5.3320e+04   5.341014     0.3075     0.0744    98.1568 1.0000e-12          0     2.4761     2.4553     0.0817     0.1172     4.5662     0.0000     0.0083     0.0000     2.4661     2.4491    34.6091    34.7020    22.8255    22.9066    219.976    230.440    105.018    110.005 0.0000e+00
       3784    157.617     48.292 -106.89434   16.79610     48.000    25.4585    25.3839 5.3039e+04   5.308414     0.3215     0.0740    98.1670 1.0000e-12          0     2.4617     2.4451     0.0831     0.1172     4.5667     0.0000     0.0084     0.0000     2.4517     2.4365    34.6087    34.6991    22.9088    22.9999    219.521    230.633    104.321    109.520 0.0000e+00
       3850    160.372     49.298 -106.89436   16.79610     49.000    25.3195    25.2780 5.2894e+04   5.296759     0.3453     0.0767    98.1019 1.0000e-12          0     2.4528     2.4347     0.0855     0.1172     4.5637     0.0000     0.0083     0.0000     2.4496     2.4395    34.6082    34.6940    22.9511    23.0285    220.029    231.086    104.316    109.535 0.0000e+00
       3879    161.583     50.304 -106.89436   16.79610     50.000    25.3174    25.2785 5.2894e+04   5.296906     0.3524     0.0768    98.0981 1.0000e-12          0     2.4486     2.4366     0.0863     0.1172     4.5635     0.0000     0.0084     0.0000     2.4469     2.4334    34.6092    34.6943    22.9525    23.0287    220.244    230.002    104.415    109.022 0.0000e+00
       3905    162.675     51.311 -106.89436   16.79608     51.000    25.2824    25.2392 5.2858e+04   5.293885     0.3449     0.0766    98.1028 1.0000e-12          0     2.4508     2.4391     0.0855     0.1172     4.5637     0.0000     0.0085     0.0000     2.4532     2.4287    34.6094    34.7018    22.9635    23.0464    221.841    230.224    105.110    109.059 0.0000e+00
       3951    164.579     52.317 -106.89436   16.79608     52.000    25.0402    24.9369 5.2600e+04   5.261392     0.3671     0.0759    98.1202 1.0000e-12          0     2.4498     2.4349     0.0877     0.1171     4.5645     0.0000     0.0083     0.0000     2.4546     2.4341    34.6032    34.6930    23.0326    23.1317    222.171    232.376    104.830    109.508 0.0000e+00
       4112    171.302     53.323 -106.89436   16.79608     53.000    24.4835    24.3994 5.1989e+04   5.203769     0.4420     0.0761    98.1145 3.2320e-02          0     2.4523     2.4362     0.0952     0.1174     4.5643     0.0000     0.1059     0.0000     2.4479     2.4330    34.5762    34.6777    23.1802    23.2820    223.516    234.134    104.452    109.318 0.0000e+00
       4153    173.019     54.329 -106.89436   16.79608     54.000    24.1581    24.1131 5.1625e+04   5.170446     0.4139     0.0743    98.1600 1.0964e-01          0     2.4472     2.4316     0.0924     0.1172     4.5664     0.0000     0.3345     0.0000     2.4379     2.4237    34.5540    34.6490    23.2603    23.3455    221.571    233.350    102.952    108.399 0.0000e+00
       4191    174.567     55.336 -106.89436   16.79608     55.000    23.8841    23.8374 5.1306e+04   5.139908     0.4350     0.0741    98.1649 9.7502e-02          0     2.4507     2.4351     0.0945     0.1172     4.5666     0.0000     0.3068     0.0000     2.3976     2.4052    34.5255    34.6324    23.3197    23.4144    211.200    229.084     97.656    105.904 0.0000e+00
       4224    175.956     56.342 -106.89436   16.79608     56.000    23.6127    23.5679 5.1004e+04   5.108447     0.4483     0.0734    98.1826 8.8279e-02          0     2.4419     2.4270     0.0958     0.1171     4.5675     0.0000     0.2858     0.0000     2.3376     2.3455    34.5072    34.6034    23.3856    23.4716    209.705    221.753     96.496    102.018 0.0000e+00
       4265    177.668     57.348 -106.89435   16.79608     57.000    23.3679    23.3087 5.0756e+04   5.083613     0.5327     0.0791    98.0417 7.4173e-02          0     2.4092     2.4101     0.1043     0.1163     4.5609     0.0000     0.2518     0.0000     2.3271     2.3187    34.5091    34.6165    23.4584    23.5569    213.722    223.823     97.927    102.513 0.0000e+00
       4393    183.004     58.354 -106.89434   16.79608     58.000    22.9908    22.9196 5.0348e+04   5.038231     0.8287     0.0808    97.9988 6.1790e-02          0     2.2999     2.2942     0.1339     0.1175     4.5589     0.0000     0.2195     0.0000     2.2978     2.2910    34.4913    34.5737    23.5539    23.6369    212.076    222.505     96.523    101.194 0.0000e+00
       4455    185.592     59.361 -106.89434   16.79608     59.000    22.6609    22.6188 4.9976e+04   5.006374     0.8993     0.0823    97.9643 4.3243e-02          0     2.2927     2.2923     0.1409     0.1172     4.5573     0.0000     0.1661     0.0000     2.3180     2.3021    34.4631    34.5644    23.6268    23.7157    217.318    227.045     98.324    102.709 0.0000e+00
       4495    187.241     60.367 -106.89434   16.79608     60.000    22.5548    22.5173 4.9853e+04   4.992704     0.9013     0.0808    97.9997 1.9744e-02          0     2.2972     2.2821     0.1411     0.1172     4.5589     0.0000     0.0864     0.0000     2.3154     2.3062    34.4515    34.5383    23.6483    23.7247    213.117    225.424     96.237    101.778 0.0000e+00
       4535    188.901     61.373 -106.89434   16.79608     61.000    22.5413    22.5004 4.9846e+04   4.991825     0.9162     0.0883    97.8160 1.7841e-04          0     2.3170     2.2997     0.1426     0.1171     4.5504     0.0000     0.0094     0.0000     2.2660     2.2728    34.4561    34.5445    23.6556    23.7343    202.182    217.769     91.280     98.297 0.0000e+00
       4579    190.749     62.379 -106.89434   16.79608     62.000    22.1504    22.1025 4.9444e+04   4.953149     0.9927     0.0890    97.7992 1.3321e-05          0     2.3128     2.3042     0.1503     0.1172     4.5496     0.0000     0.0084     0.0000     2.2033     2.2118    34.4521    34.5584    23.7629    23.8570    198.733    211.225     89.103     94.683 0.0000e+00
       4663    194.270     63.386 -106.89435   16.79609     63.000    21.8972    21.8315 4.9185e+04   4.923442     1.2621     0.1014    97.4966 1.6539e-04          0     2.2109     2.2140     0.1772     0.1172     4.5355     0.0000     0.0090     0.0000     2.1494     2.1454    34.4501    34.5411    23.8321    23.9196    196.481    206.941     87.697     92.306 0.0000e+00
       4768    198.622     64.392 -106.89436   16.79610     64.000    21.7144    21.6710 4.9002e+04   4.907018     1.3955     0.0949    97.6553 4.6340e-05          0     2.1352     2.1301     0.1906     0.1172     4.5429     0.0000     0.0077     0.0000     2.1017     2.1029    34.4507    34.5397    23.8835    23.9631    192.923    202.466     85.826     90.050 0.0000e+00
       4801    200.018     65.398 -106.89436   16.79610     65.000    21.5447    21.5017 4.8826e+04   4.891067     1.3100     0.0914    97.7402 2.6619e-05          0     2.1286     2.1226     0.1820     0.1172     4.5469     0.0000     0.0078     0.0000     2.1267     2.1054    34.4473    34.5489    23.9277    24.0168    203.582    208.111     90.293     92.284 0.0000e+00
       4833    201.352     66.404 -106.89436   16.79610     66.000    21.1117    21.0686 4.8335e+04   4.843306     1.2735     0.0872    97.8439 3.8252e-08          0     2.1087     2.1127     0.1783     0.1171     4.5517     0.0000     0.0074     0.0000     2.1561     2.1362    34.4038    34.5171    24.0131    24.1110    207.094    214.445     91.116     94.339 0.0000e+00
       4875    203.087     67.411 -106.89436   16.79610     67.000    20.9094    20.8659 4.8101e+04   4.817495     1.1482     0.0792    98.0399 1.0000e-12          0     2.1182     2.1031     0.1658     0.1172     4.5608     0.0000     0.0080     0.0000     2.1713     2.1603    34.3797    34.4738    24.0497    24.1331    207.193    216.331     90.815     94.798 0.0000e+00
       4945    205.991     68.417 -106.89436   16.79610     68.000    20.8285    20.7610 4.8011e+04   4.805092     1.0935     0.0770    98.0934 1.0000e-12          0     2.1630     2.1497     0.1604     0.1162     4.5633     0.0000     0.0084     0.0000     2.1703     2.1642    34.3721    34.4587    24.0659    24.1499    204.796    215.259     89.629     94.141 0.0000e+00
       5057    210.685     69.423 -106.89437   16.79611     69.000    20.7106    20.6670 4.7900e+04   4.796213     1.1192     0.0764    98.1073 1.0000e-12          0     2.1701     2.1661     0.1629     0.1172     4.5639     0.0000     0.0085     0.0000     2.0888     2.0999    34.3781    34.4631    24.1021    24.1785    185.872    201.975     81.176     88.183 0.0000e+00
       5101    212.505     70.430 -106.89438   16.79612     70.000    20.6412    20.6041 4.7844e+04   4.791288     1.0842     0.0785    98.0562 1.0000e-12          0     2.1355     2.1362     0.1594     0.1155     4.5615     0.0000     0.0083     0.0000     1.9616     2.0085    34.3881    34.4741    24.1284    24.2038    158.563    183.794     69.167     80.159 0.0000e+00
       5134    213.889     71.436 -106.89438   16.79612     71.000    20.5809    20.5437 4.7806e+04   4.787258     1.1265     0.0781    98.0659 1.0000e-12          0     2.0923     2.1032     0.1636     0.1172     4.5620     0.0000     0.0083     0.0000     1.8353     1.8938    34.4060    34.4903    24.1582    24.2324    147.409    167.113     64.237     72.811 0.0000e+00
       5174    215.542     72.442 -106.89438   16.79612     72.000    20.5782    20.5415 4.7845e+04   4.790965     1.1195     0.0761    98.1144 1.0000e-12          0     1.9962     2.0333     0.1629     0.1172     4.5643     0.0000     0.0083     0.0000     1.7450     1.7885    34.4393    34.5217    24.1844    24.2570    141.156    156.620     61.521     68.249 0.0000e+00
       5237    218.164     73.449 -106.89438   16.79612     73.000    20.4620    20.3752 4.7742e+04   4.777529     1.0943     0.0715    98.2274 1.0000e-12          0     1.7950     1.8452     0.1605     0.1156     4.5695     0.0000     0.0084     0.0000     1.6348     1.6541    34.4503    34.5481    24.2238    24.3214    134.711    144.615     58.591     62.837 0.0000e+00
       5322    221.705     74.455 -106.89438   16.79612     74.000    20.0586    19.9255 4.7313e+04   4.729033     0.9511     0.0693    98.2821 1.0000e-12          0     1.6372     1.6571     0.1461     0.1165     4.5721     0.0000     0.0084     0.0000     1.6042     1.6143    34.4302    34.5208    24.3152    24.4193    136.964    145.270     59.129     62.596 0.0000e+00
       5398    224.865     75.461 -106.89438   16.79612     75.000    19.4860    19.4019 4.6702e+04   4.674320     0.8793     0.0659    98.3645 1.0000e-12          0     1.6078     1.6177     0.1390     0.1158     4.5759     0.0000     0.0084     0.0000     1.5766     1.5905    34.3985    34.5018    24.4404    24.5410    131.954    142.797     56.358     60.931 0.0000e+00
       5435    226.419     76.468 -106.89438   16.79612     76.000    19.3430    19.3057 4.6557e+04   4.662887     0.7946     0.0571    98.5820 1.0000e-12          0     1.5954     1.6041     0.1304     0.1148     4.5860     0.0000     0.0083     0.0000     1.5288     1.5598    34.3963    34.4864    24.4756    24.5540    120.254    134.595     51.224     57.324 0.0000e+00
       5472    227.950     77.474 -106.89438   16.79612     77.000    19.2765    19.2397 4.6510e+04   4.657811     0.8068     0.0537    98.6672 1.0000e-12          0     1.5817     1.5941     0.1317     0.1150     4.5900     0.0000     0.0083     0.0000     1.4849     1.4958    34.4114    34.4986    24.5042    24.5803    121.876    124.912     51.855     53.139 0.0000e+00
       5548    231.113     78.480 -106.89438   16.79612     78.000    19.2460    19.1697 4.6501e+04   4.654277     0.7442     0.0505    98.7461 1.0000e-12          0     1.4977     1.5143     0.1254     0.1154     4.5936     0.0000     0.0084     0.0000     1.3923     1.3935    34.4287    34.5270    24.5253    24.6199    101.724    112.969     43.261     48.005 0.0000e+00
       5606    233.555     79.487 -106.89438   16.79614     79.000    19.0428    19.0077 4.6327e+04   4.640235     0.7006     0.0491    98.7793 1.0000e-12          0     1.4432     1.4330     0.1211     0.1148     4.5952     0.0000     0.0084     0.0000     1.3098     1.3290    34.4524    34.5444    24.5954    24.6745     98.700    107.346     41.823     45.482 0.0000e+00
       5647    235.236     80.493 -106.89438   16.79614     80.000    18.9268    18.8892 4.6213e+04   4.628107     0.7073     0.0486    98.7914 1.0000e-12          0     1.3565     1.3703     0.1217     0.1148     4.5957     0.0000     0.0084     0.0000     1.2885     1.3033    34.4529    34.5415    24.6252    24.7025     98.961    104.658     41.843     44.244 0.0000e+00
       5744    239.280     81.499 -106.89438   16.79614     81.000    18.8726    18.8149 4.6161e+04   4.620438     0.6912     0.0466    98.8422 1.0000e-12          0     1.2863     1.2982     0.1201     0.1153     4.5981     0.0000     0.0084     0.0000     1.2514     1.2695    34.4543    34.5389    24.6401    24.7194     89.228     99.976     37.693     42.206 0.0000e+00
       5817    242.314     82.506 -106.89440   16.79614     82.000    18.6552    18.6212 4.5954e+04   4.603004     0.6472     0.0451    98.8789 1.0000e-12          0     1.2733     1.2819     0.1157     0.1148     4.5998     0.0000     0.0083     0.0000     1.1019     1.1628    34.4619    34.5542    24.7007    24.7799     58.771     75.112     24.723     31.597 0.0000e+00
       5840    243.280     83.512 -106.89440   16.79614     83.000    18.3794    18.3325 4.5699e+04   4.578828     0.5942     0.0440    98.9071 1.0000e-12          0     1.2527     1.2753     0.1104     0.1148     4.6011     0.0000     0.0084     0.0000     1.0526     1.1003    34.4776    34.5925    24.7817    24.8812     61.454     71.086     25.722     29.749 0.0000e+00
       5864    244.276     84.519 -106.89440   16.79614     84.000    18.1667    18.1277 4.5490e+04   4.556406     0.5732     0.0412    98.9755 1.0000e-12          0     1.2098     1.2497     0.1083     0.1150     4.6043     0.0000     0.0085     0.0000     1.0280     1.0648    34.4785    34.5747    24.8352    24.9184     63.669     70.299     26.543     29.303 0.0000e+00
       5935    247.258     85.525 -106.89439   16.79614     85.000    18.1255    18.0763 4.5446e+04   4.550113     0.5915     0.0388    99.0340 1.0000e-12          0     1.0746     1.1116     0.1101     0.1151     4.6070     0.0000     0.0084     0.0000     1.0108     1.0324    34.4757    34.5642    24.8432    24.9230     64.482     69.781     26.861     29.057 0.0000e+00
