data/ctd-cnv/KM1919/KM1919-St20-P2/St20_P2_cast37-align-cellTM-derive-bin.cnv
* Sea-Bird SBE 9 Data File:
* FileName = C:\Users\otg\Desktop\CTD Data\km1920\St20_P2_cast37.hex
* Software Version Seasave V 7.26.7.107
* Temperature SN = 5554
* Conductivity SN = 3876
* Number of Bytes Per Scan = 41
* Number of Voltage Words = 4
* Number of Scans Averaged by the Deck Unit = 1
* NMEA Latitude = 16 47.12 N
* NMEA Longitude = 106 50.84 W
* NMEA UTC (Time) = Oct 07 2019  07:36:36
* NMEA baud rate = 4800
** Ship: Kilo Moana
** Station: St20_P2cast 37
** Operator: gr
** go flo cast snow catcher
# nquan = 34
# nvalues = 492                         
# units = specified
# name 0 = scan: Scan Count
# name 1 = timeS: Time, Elapsed [seconds]
# name 2 = prDM: Pressure, Digiquartz [db]
# name 3 = longitude: Longitude [deg]
# name 4 = latitude: Latitude [deg]
# name 5 = depSM: Depth [salt water, m]
# name 6 = t090C: Temperature [ITS-90, deg C]
# name 7 = t190C: Temperature, 2 [ITS-90, deg C]
# name 8 = c0uS/cm: Conductivity [uS/cm]
# name 9 = c1S/m: Conductivity, 2 [S/m]
# name 10 = flECO-AFL: Fluorescence, WET Labs ECO-AFL/FL [mg/m^3]
# name 11 = CStarAt0: Beam Attenuation, WET Labs C-Star [1/m]
# name 12 = CStarTr0: Beam Transmission, WET Labs C-Star [%]
# name 13 = par: PAR/Irradiance, Biospherical/Licor
# name 14 = modError: Modulo Error Count
# name 15 = v0: Voltage 0
# name 16 = v1: Voltage 1
# name 17 = v2: Voltage 2
# name 18 = v3: Voltage 3
# name 19 = v4: Voltage 4
# name 20 = v5: Voltage 5
# name 21 = v6: Voltage 6
# name 22 = v7: Voltage 7
# name 23 = sbeox0V: Oxygen raw, SBE 43 [V]
# name 24 = sbeox1V: Oxygen raw, SBE 43, 2 [V]
# name 25 = sal00: Salinity, Practical [PSU]
# name 26 = sal11: Salinity, Practical, 2 [PSU]
# name 27 = sigma-é00: Density [sigma-theta, kg/m^3]
# name 28 = sigma-é11: Density, 2 [sigma-theta, kg/m^3]
# name 29 = sbeox0Mm/L: Oxygen, SBE 43 [umol/l], WS = 2
# name 30 = sbeox1Mm/L: Oxygen, SBE 43, 2 [umol/l], WS = 2
# name 31 = sbeox0PS: Oxygen, SBE 43 [% saturation], WS = 2
# name 32 = sbeox1PS: Oxygen, SBE 43, 2 [% saturation], WS = 2
# name 33 = flag: flag
# span 0 =        268,      18669       
# span 1 =     11.126,    777.824       
# span 2 =     12.072,    506.621       
# span 3 = -106.84754, -106.84747       
# span 4 =   16.78532,   16.78540       
# span 5 =     12.000,    503.000       
# span 6 =     7.5998,    29.4799       
# span 7 =     7.5803,    29.4398       
# span 8 = 3.5657e+04, 5.7188e+04       
# span 9 =   3.571572,   5.726929       
# span 10 =     0.0604,     1.5235      
# span 11 =     0.0103,     0.1042      
# span 12 =    97.4281,    99.7432      
# span 13 = -2.489e-06, 7.2202e-01      
# span 14 =          0,          0      
# span 15 =     0.5034,     2.4709      
# span 16 =     0.5139,     2.4677      
# span 17 =     0.0571,     0.2034      
# span 18 =     0.1145,     0.1181      
# span 19 =     4.5324,     4.6400      
# span 20 =     0.0000,     0.0000      
# span 21 =     0.0085,     0.9175      
# span 22 =     0.0000,     0.0000      
# span 23 =     0.5023,     2.4708      
# span 24 =     0.5128,     2.4653      
# span 25 =    34.2891,    34.7854      
# span 26 =    34.3815,    34.8716      
# span 27 =    21.5872,    26.9914      
# span 28 =    21.6642,    27.0593      
# span 29 =      0.872,    229.194      
# span 30 =      0.976,    239.647      
# span 31 =      0.293,    106.410      
# span 32 =      0.327,    111.646      
# span 33 = 0.0000e+00, 0.0000e+00      
# interval = meters: 1                  
# start_time = Oct 07 2019 07:40:01 [NMEA time, first data scan]
# bad_flag = -9.990e-29
*END*
[from data line 385]
      14022    584.203    399.755 -106.84752   16.78533    397.000     9.1981     9.1691 3.7140e+04   3.719284     0.0708     0.0136    99.6594 1.0000e-12          0     0.5043     0.5146     0.0581     0.1171     4.6361     0.0000     0.0085     0.0000     0.5035     0.5140    34.6128    34.6955    26.7902    26.8596      1.123      1.144      0.390      0.397 0.0000e+00
      14060    585.812    400.763 -106.84752   16.78532    398.000     9.1841     9.1560 3.7128e+04   3.717899     0.0718     0.0134    99.6658 1.0000e-12          0     0.5042     0.5148     0.0582     0.1160     4.6364     0.0000     0.0085     0.0000     0.5034     0.5140    34.6127    34.6934    26.7923    26.8601      1.105      1.245      0.384      0.433 0.0000e+00
      14095    587.246    401.771 -106.84752   16.78532    399.000     9.1757     9.1464 3.7120e+04   3.716982     0.0716     0.0136    99.6593 1.0000e-12          0     0.5042     0.5149     0.0582     0.1148     4.6361     0.0000     0.0085     0.0000     0.5035     0.5141    34.6121    34.6926    26.7933    26.8610      1.115      1.158      0.387      0.402 0.0000e+00
      14121    588.330    402.779 -106.84752   16.78532    400.000     9.1705     9.1422 3.7115e+04   3.716616     0.0705     0.0131    99.6717 1.0000e-12          0     0.5043     0.5148     0.0580     0.1178     4.6367     0.0000     0.0085     0.0000     0.5033     0.5140    34.6118    34.6924    26.7939    26.8616      1.042      1.224      0.362      0.425 0.0000e+00
      14144    589.288    403.787 -106.84752   16.78533    401.000     9.1630     9.1347 3.7108e+04   3.715934     0.0645     0.0136    99.6595 1.0000e-12          0     0.5042     0.5147     0.0575     0.1173     4.6361     0.0000     0.0085     0.0000     0.5035     0.5141    34.6113    34.6921    26.7948    26.8626      1.208      1.225      0.420      0.425 0.0000e+00
      14165    590.183    404.795 -106.84752   16.78534    402.000     9.1565     9.1278 3.7102e+04   3.715305     0.0809     0.0137    99.6569 1.0000e-12          0     0.5042     0.5148     0.0591     0.1171     4.6360     0.0000     0.0085     0.0000     0.5035     0.5141    34.6111    34.6918    26.7956    26.8634      1.125      1.184      0.391      0.411 0.0000e+00
      14187    591.070    405.803 -106.84752   16.78534    403.000     9.1358     9.1062 3.7082e+04   3.713546     0.0800     0.0145    99.6379 1.0000e-12          0     0.5043     0.5149     0.0590     0.1171     4.6351     0.0000     0.0085     0.0000     0.5035     0.5139    34.6100    34.6940    26.7981    26.8687      1.093      1.117      0.379      0.388 0.0000e+00
      14209    591.980    406.811 -106.84752   16.78534    404.000     9.0873     9.0567 3.7035e+04   3.708900     0.0731     0.0136    99.6590 1.0000e-12          0     0.5041     0.5146     0.0583     0.1171     4.6361     0.0000     0.0085     0.0000     0.5034     0.5139    34.6076    34.6932    26.8040    26.8760      1.072      1.215      0.372      0.421 0.0000e+00
      14233    592.997    407.818 -106.84752   16.78534    405.000     9.0497     9.0217 3.6999e+04   3.705366     0.0705     0.0133    99.6674 1.0000e-12          0     0.5043     0.5149     0.0581     0.1171     4.6365     0.0000     0.0085     0.0000     0.5035     0.5141    34.6056    34.6899    26.8085    26.8790      1.144      1.233      0.396      0.427 0.0000e+00
      14263    594.267    408.826 -106.84752   16.78533    406.000     9.0088     8.9789 3.6960e+04   3.701121     0.0699     0.0134    99.6640 1.0000e-12          0     0.5043     0.5147     0.0580     0.1172     4.6363     0.0000     0.0085     0.0000     0.5033     0.5139    34.6037    34.6868    26.8136    26.8834      1.071      1.114      0.371      0.385 0.0000e+00
      14327    596.901    409.834 -106.84752   16.78532    407.000     8.9737     8.9418 3.6925e+04   3.697369     0.0702     0.0126    99.6848 1.0000e-12          0     0.5042     0.5147     0.0580     0.1172     4.6374     0.0000     0.0085     0.0000     0.5034     0.5139    34.6015    34.6832    26.8174    26.8865      1.149      1.221      0.397      0.422 0.0000e+00
      14380    599.119    410.842 -106.84752   16.78532    408.000     8.9131     8.8867 3.6867e+04   3.692365     0.0693     0.0134    99.6637 1.0000e-12          0     0.5041     0.5146     0.0579     0.1171     4.6363     0.0000     0.0085     0.0000     0.5035     0.5140    34.5991    34.6840    26.8251    26.8959      1.083      1.232      0.374      0.426 0.0000e+00
      14406    600.198    411.850 -106.84752   16.78532    409.000     8.8626     8.8337 3.6818e+04   3.687338     0.0721     0.0128    99.6817 1.0000e-12          0     0.5043     0.5146     0.0582     0.1171     4.6372     0.0000     0.0085     0.0000     0.5033     0.5142    34.5966    34.6825    26.8312    26.9030      1.132      1.206      0.390      0.416 0.0000e+00
      14425    601.010    412.858 -106.84752   16.78532    410.000     8.8356     8.8067 3.6793e+04   3.684429     0.0704     0.0136    99.6604 1.0000e-12          0     0.5042     0.5147     0.0580     0.1172     4.6361     0.0000     0.0085     0.0000     0.5035     0.5138    34.5957    34.6778    26.8348    26.9036      1.065      1.031      0.367      0.355 0.0000e+00
      14442    601.726    413.866 -106.84752   16.78532    411.000     8.8319     8.8034 3.6790e+04   3.684045     0.0685     0.0127    99.6824 1.0000e-12          0     0.5043     0.5148     0.0579     0.1171     4.6372     0.0000     0.0085     0.0000     0.5031     0.5138    34.5955    34.6766    26.8352    26.9032      1.045      1.115      0.360      0.384 0.0000e+00
      14458    602.382    414.874 -106.84752   16.78532    412.000     8.8303     8.8018 3.6789e+04   3.683930     0.0721     0.0133    99.6681 1.0000e-12          0     0.5043     0.5148     0.0582     0.1172     4.6365     0.0000     0.0085     0.0000     0.5035     0.5138    34.5958    34.6764    26.8357    26.9034      1.180      1.225      0.407      0.422 0.0000e+00
      14474    603.027    415.882 -106.84752   16.78532    413.000     8.8242     8.7944 3.6783e+04   3.683361     0.0738     0.0135    99.6627 1.0000e-12          0     0.5042     0.5148     0.0584     0.1151     4.6363     0.0000     0.0085     0.0000     0.5033     0.5138    34.5954    34.6772    26.8364    26.9052      1.077      1.306      0.371      0.450 0.0000e+00
      14490    603.690    416.890 -106.84752   16.78532    414.000     8.8115     8.7826 3.6771e+04   3.682273     0.0698     0.0130    99.6746 1.0000e-12          0     0.5042     0.5150     0.0580     0.1156     4.6368     0.0000     0.0085     0.0000     0.5033     0.5141    34.5949    34.6768    26.8380    26.9067      1.129      1.240      0.389      0.427 0.0000e+00
      14508    604.477    417.898 -106.84752   16.78532    415.000     8.8050     8.7767 3.6766e+04   3.681679     0.0680     0.0126    99.6855 1.0000e-12          0     0.5043     0.5147     0.0578     0.1172     4.6374     0.0000     0.0085     0.0000     0.5035     0.5139    34.5946    34.6759    26.8388    26.9070      1.121      1.124      0.386      0.387 0.0000e+00
      14536    605.611    418.906 -106.84752   16.78532    416.000     8.7953     8.7668 3.6757e+04   3.680790     0.0689     0.0126    99.6858 1.0000e-12          0     0.5041     0.5144     0.0579     0.1172     4.6374     0.0000     0.0085     0.0000     0.5033     0.5139    34.5947    34.6757    26.8405    26.9084      1.066      1.166      0.367      0.402 0.0000e+00
      14584    607.643    419.914 -106.84752   16.78532    417.000     8.7818     8.7535 3.6745e+04   3.679547     0.0687     0.0126    99.6858 1.0000e-12          0     0.5041     0.5148     0.0579     0.1172     4.6374     0.0000     0.0085     0.0000     0.5034     0.5139    34.5943    34.6751    26.8422    26.9101      1.162      1.193      0.400      0.411 0.0000e+00
      14631    609.581    420.922 -106.84752   16.78532    418.000     8.7685     8.7402 3.6732e+04   3.678325     0.0669     0.0126    99.6858 1.0000e-12          0     0.5041     0.5146     0.0577     0.1171     4.6374     0.0000     0.0085     0.0000     0.5033     0.5137    34.5939    34.6748    26.8441    26.9119      1.049      1.108      0.361      0.381 0.0000e+00
      14661    610.837    421.930 -106.84752   16.78532    419.000     8.7605     8.7322 3.6726e+04   3.677580     0.0681     0.0134    99.6648 1.0000e-12          0     0.5042     0.5146     0.0578     0.1172     4.6364     0.0000     0.0085     0.0000     0.5033     0.5136    34.5943    34.6744    26.8456    26.9128      1.138      1.160      0.392      0.399 0.0000e+00
      14686    611.883    422.938 -106.84752   16.78532    420.000     8.7551     8.7268 3.6721e+04   3.677104     0.0700     0.0137    99.6574 1.0000e-12          0     0.5043     0.5146     0.0580     0.1172     4.6360     0.0000     0.0085     0.0000     0.5034     0.5138    34.5936    34.6742    26.8459    26.9135      1.109      1.191      0.381      0.410 0.0000e+00
      14710    612.881    423.946 -106.84752   16.78532    421.000     8.7458     8.7174 3.6712e+04   3.676285     0.0695     0.0131    99.6735 1.0000e-12          0     0.5041     0.5144     0.0580     0.1171     4.6368     0.0000     0.0085     0.0000     0.5034     0.5137    34.5933    34.6743    26.8472    26.9151      1.212      1.186      0.417      0.408 0.0000e+00
      14736    613.979    424.954 -106.84752   16.78532    422.000     8.7374     8.7091 3.6705e+04   3.675483     0.0687     0.0126    99.6858 1.0000e-12          0     0.5042     0.5144     0.0579     0.1172     4.6374     0.0000     0.0085     0.0000     0.5036     0.5140    34.5931    34.6735    26.8484    26.9158      1.116      1.250      0.384      0.430 0.0000e+00
      14765    615.185    425.962 -106.84752   16.78532    423.000     8.7315     8.7032 3.6699e+04   3.674958     0.0673     0.0129    99.6771 1.0000e-12          0     0.5041     0.5146     0.0577     0.1172     4.6370     0.0000     0.0085     0.0000     0.5035     0.5139    34.5925    34.6733    26.8488    26.9166      1.194      1.207      0.411      0.415 0.0000e+00
      14792    616.291    426.970 -106.84752   16.78532    424.000     8.7233     8.6949 3.6692e+04   3.674237     0.0653     0.0126    99.6861 1.0000e-12          0     0.5041     0.5144     0.0575     0.1172     4.6374     0.0000     0.0085     0.0000     0.5036     0.5139    34.5924    34.6733    26.8500    26.9179      1.167      1.149      0.401      0.395 0.0000e+00
      14814    617.201    427.978 -106.84752   16.78532    425.000     8.7081     8.6789 3.6677e+04   3.672879     0.0698     0.0126    99.6858 1.0000e-12          0     0.5043     0.5147     0.0580     0.1172     4.6374     0.0000     0.0085     0.0000     0.5036     0.5139    34.5918    34.6742    26.8519    26.9211      1.104      1.205      0.380      0.414 0.0000e+00
      14833    617.987    428.987 -106.84752   16.78532    426.000     8.6735     8.6430 3.6644e+04   3.669711     0.0703     0.0126    99.6858 1.0000e-12          0     0.5040     0.5146     0.0580     0.1171     4.6374     0.0000     0.0085     0.0000     0.5035     0.5138    34.5901    34.6754    26.8560    26.9277      1.082      1.198      0.372      0.411 0.0000e+00
      14851    618.748    429.995 -106.84752   16.78532    427.000     8.6378     8.6084 3.6611e+04   3.666284     0.0684     0.0126    99.6858 1.0000e-12          0     0.5043     0.5149     0.0578     0.1171     4.6374     0.0000     0.0085     0.0000     0.5035     0.5139    34.5889    34.6727    26.8607    26.9309      1.171      1.148      0.402      0.394 0.0000e+00
      14870    619.537    431.003 -106.84752   16.78532    428.000     8.6123     8.5834 3.6586e+04   3.663845     0.0682     0.0126    99.6858 1.0000e-12          0     0.5042     0.5147     0.0578     0.1171     4.6374     0.0000     0.0085     0.0000     0.5036     0.5139    34.5874    34.6710    26.8634    26.9335      1.133      1.195      0.389      0.410 0.0000e+00
      14892    620.450    432.011 -106.84752   16.78532    429.000     8.5940     8.5657 3.6569e+04   3.662025     0.0645     0.0125    99.6890 1.0000e-12          0     0.5043     0.5145     0.0575     0.1171     4.6375     0.0000     0.0085     0.0000     0.5034     0.5138    34.5867    34.6686    26.8658    26.9344      0.979      1.135      0.336      0.389 0.0000e+00
      14923    621.766    433.019 -106.84752   16.78532    430.000     8.5850     8.5570 3.6561e+04   3.661167     0.0690     0.0123    99.6926 1.0000e-12          0     0.5042     0.5146     0.0579     0.1171     4.6377     0.0000     0.0085     0.0000     0.5032     0.5137    34.5869    34.6676    26.8673    26.9349      1.096      1.173      0.376      0.402 0.0000e+00
      14973    623.825    434.027 -106.84752   16.78532    431.000     8.5718     8.5438 3.6549e+04   3.659949     0.0725     0.0126    99.6858 1.0000e-12          0     0.5041     0.5146     0.0582     0.1171     4.6374     0.0000     0.0085     0.0000     0.5034     0.5139    34.5862    34.6672    26.8688    26.9367      1.169      1.163      0.401      0.398 0.0000e+00
      15018    625.707    435.035 -106.84752   16.78532    432.000     8.5505     8.5223 3.6529e+04   3.657964     0.0710     0.0126    99.6858 1.0000e-12          0     0.5039     0.5145     0.0581     0.1172     4.6374     0.0000     0.0085     0.0000     0.5033     0.5137    34.5854    34.6669    26.8715    26.9398      1.047      1.236      0.359      0.423 0.0000e+00
      15047    626.927    436.043 -106.84752   16.78532    433.000     8.5462     8.5179 3.6526e+04   3.657521     0.0753     0.0126    99.6858 1.0000e-12          0     0.5040     0.5147     0.0585     0.1172     4.6374     0.0000     0.0085     0.0000     0.5033     0.5138    34.5859    34.6660    26.8726    26.9398      1.125      1.054      0.385      0.361 0.0000e+00
      15070    627.864    437.051 -106.84752   16.78532    434.000     8.5386     8.5106 3.6519e+04   3.656869     0.0873     0.0126    99.6858 1.0000e-12          0     0.5042     0.5145     0.0597     0.1171     4.6374     0.0000     0.0085     0.0000     0.5031     0.5134    34.5855    34.6658    26.8734    26.9407      0.947      1.148      0.324      0.393 0.0000e+00
      15090    628.706    438.059 -106.84752   16.78532    435.000     8.5339     8.5056 3.6514e+04   3.656440     0.0710     0.0126    99.6858 1.0000e-12          0     0.5042     0.5143     0.0581     0.1172     4.6374     0.0000     0.0085     0.0000     0.5031     0.5140    34.5852    34.6657    26.8740    26.9414      1.209      1.276      0.414      0.437 0.0000e+00
      15109    629.519    439.067 -106.84752   16.78532    436.000     8.5287     8.5006 3.6510e+04   3.656014     0.0716     0.0119    99.7013 1.0000e-12          0     0.5040     0.5146     0.0582     0.1171     4.6381     0.0000     0.0085     0.0000     0.5034     0.5136    34.5853    34.6656    26.8748    26.9422      1.178      1.071      0.403      0.367 0.0000e+00
      15129    630.327    440.075 -106.84752   16.78532    437.000     8.5206     8.4915 3.6502e+04   3.655218     0.0718     0.0116    99.7095 1.0000e-12          0     0.5040     0.5147     0.0582     0.1172     4.6385     0.0000     0.0085     0.0000     0.5033     0.5136    34.5847    34.6656    26.8757    26.9436      1.175      1.235      0.402      0.423 0.0000e+00
