data/ctd-cnv/KM1919/KM1919-St20-P2/St20_P2_cast49-align-cellTM-derive-bin.cnv
* Sea-Bird SBE 9 Data File:
* FileName = C:\Users\otg\Desktop\CTD Data\km1920\St20_P2_cast49.hex
* Software Version Seasave V 7.26.7.107
* Temperature SN = 5554
* Conductivity SN = 3876
* Number of Bytes Per Scan = 41
* Number of Voltage Words = 4
* Number of Scans Averaged by the Deck Unit = 1
* NMEA Latitude = 16 45.76 N
* NMEA Longitude = 106 46.79 W
* NMEA UTC (Time) = Oct 09 2019  11:25:23
* NMEA baud rate = 4800
** Ship: Kilo Moana
** Station: St20_P2 cast 49
** Operator: jac
# nquan = 34
# nvalues = 402                         
# units = specified
# name 0 = scan: Scan Count
# name 1 = timeS: Time, Elapsed [seconds]
# name 2 = prDM: Pressure, Digiquartz [db]
# name 3 = longitude: Longitude [deg]
# name 4 = latitude: Latitude [deg]
# name 5 = depSM: Depth [salt water, m]
# name 6 = t090C: Temperature [ITS-90, deg C]
# name 7 = t190C: Temperature, 2 [ITS-90, deg C]
# name 8 = c0uS/cm: Conductivity [uS/cm]
# name 9 = c1S/m: Conductivity, 2 [S/m]
# name 10 = flECO-AFL: Fluorescence, WET Labs ECO-AFL/FL [mg/m^3]
# name 11 = CStarAt0: Beam Attenuation, WET Labs C-Star [1/m]
# name 12 = CStarTr0: Beam Transmission, WET Labs C-Star [%]
# name 13 = par: PAR/Irradiance, Biospherical/Licor
# name 14 = modError: Modulo Error Count
# name 15 = v0: Voltage 0
# name 16 = v1: Voltage 1
# name 17 = v2: Voltage 2
# name 18 = v3: Voltage 3
# name 19 = v4: Voltage 4
# name 20 = v5: Voltage 5
# name 21 = v6: Voltage 6
# name 22 = v7: Voltage 7
# name 23 = sbeox0V: Oxygen raw, SBE 43 [V]
# name 24 = sbeox1V: Oxygen raw, SBE 43, 2 [V]
# name 25 = sal00: Salinity, Practical [PSU]
# name 26 = sal11: Salinity, Practical, 2 [PSU]
# name 27 = sigma-é00: Density [sigma-theta, kg/m^3]
# name 28 = sigma-é11: Density, 2 [sigma-theta, kg/m^3]
# name 29 = sbeox0Mm/L: Oxygen, SBE 43 [umol/l], WS = 2
# name 30 = sbeox1Mm/L: Oxygen, SBE 43, 2 [umol/l], WS = 2
# name 31 = sbeox0PS: Oxygen, SBE 43 [% saturation], WS = 2
# name 32 = sbeox1PS: Oxygen, SBE 43, 2 [% saturation], WS = 2
# name 33 = flag: flag
# span 0 =         -2,      19347       
# span 1 =     -0.109,    806.100       
# span 2 =      1.006,    404.794       
# span 3 = -106.77984, -106.77980       
# span 4 =   16.76256,   16.76262       
# span 5 =      1.000,    402.000       
# span 6 =     8.9309,    29.5847       
# span 7 =     8.9083,    29.5441       
# span 8 = 3.6882e+04, 5.7292e+04       
# span 9 =   3.693584,   5.737224       
# span 10 =     0.0601,     1.4117      
# span 11 =     0.0153,     0.1091      
# span 12 =    97.3090,    99.6180      
# span 13 = -1.006e-06, 5.3044e+00      
# span 14 =          0,          0      
# span 15 =     0.5031,     2.4913      
# span 16 =     0.5133,     2.4705      
# span 17 =     0.0570,     0.1922      
# span 18 =     0.1145,     0.1174      
# span 19 =     4.5269,     4.6342      
# span 20 =     0.0000,     0.0000      
# span 21 =     0.0085,     1.7463      
# span 22 =     0.0000,     0.0000      
# span 23 =     0.5024,     2.4926      
# span 24 =     0.5126,     2.4698      
# span 25 =    34.2807,    34.7831      
# span 26 =    34.3919,    34.8745      
# span 27 =    21.5494,    26.8230      
# span 28 =    21.6261,    26.8880      
# span 29 =      0.759,    229.166      
# span 30 =      0.963,    240.392      
# span 31 =      0.266,    106.495      
# span 32 =      0.333,    111.322      
# span 33 = 0.0000e+00, 0.0000e+00      
# interval = meters: 1                  
# start_time = Oct 09 2019 11:32:25 [NMEA time, first data scan]
# bad_flag = -9.990e-29
*END*
[from data line 129]
       7820    325.805    130.817 -106.77984   16.76258    130.000    13.9986    13.9654 4.1709e+04   4.176909     0.5250     0.0379    99.0562 4.6719e-04          0     0.5081     0.5212     0.1035     0.1148     4.6081     0.0000     0.0109     0.0000     0.5070     0.5195    34.7342    34.8200    25.9859    26.0592      1.467      1.798      0.565      0.692 0.0000e+00
       7878    328.209    131.824 -106.77984   16.76258    131.000    13.9443    13.9112 4.1661e+04   4.172067     0.6038     0.0378    99.0579 4.3700e-04          0     0.5079     0.5206     0.1114     0.1148     4.6082     0.0000     0.0108     0.0000     0.5070     0.5193    34.7383    34.8236    26.0004    26.0733      1.469      1.825      0.565      0.701 0.0000e+00
       7922    330.031    132.830 -106.77984   16.76258    132.000    13.8502    13.8154 4.1574e+04   4.163620     0.6032     0.0379    99.0558 3.4476e-04          0     0.5079     0.5201     0.1113     0.1148     4.6081     0.0000     0.0104     0.0000     0.5070     0.5192    34.7415    34.8311    26.0226    26.0992      1.447      1.779      0.555      0.683 0.0000e+00
       7960    331.642    133.837 -106.77984   16.76258    133.000    13.7534    13.7198 4.1486e+04   4.154614     0.5660     0.0369    99.0822 3.3033e-04          0     0.5079     0.5201     0.1076     0.1148     4.6093     0.0000     0.0103     0.0000     0.5068     0.5190    34.7461    34.8332    26.0463    26.1207      1.442      1.741      0.552      0.667 0.0000e+00
       7994    333.033    134.843 -106.77982   16.76258    134.000    13.7107    13.6780 4.1451e+04   4.151087     0.5493     0.0369    99.0820 3.4745e-04          0     0.5079     0.5200     0.1059     0.1149     4.6093     0.0000     0.0104     0.0000     0.5068     0.5186    34.7523    34.8378    26.0600    26.1329      1.414      1.664      0.541      0.637 0.0000e+00
       8024    334.311    135.850 -106.77982   16.76259    135.000    13.7003    13.6683 4.1442e+04   4.149990     0.5304     0.0365    99.0925 3.6144e-04          0     0.5078     0.5199     0.1040     0.1148     4.6098     0.0000     0.0105     0.0000     0.5067     0.5185    34.7529    34.8360    26.0626    26.1335      1.431      1.757      0.548      0.672 0.0000e+00
       8053    335.491    136.857 -106.77982   16.76260    136.000    13.6997    13.6672 4.1443e+04   4.149998     0.5255     0.0362    99.0982 3.4266e-04          0     0.5078     0.5198     0.1036     0.1149     4.6100     0.0000     0.0104     0.0000     0.5068     0.5187    34.7535    34.8366    26.0633    26.1343      1.426      1.708      0.545      0.653 0.0000e+00
       8078    336.553    137.863 -106.77982   16.76260    137.000    13.6420    13.6044 4.1390e+04   4.145063     0.5227     0.0365    99.0922 3.4285e-04          0     0.5077     0.5195     0.1033     0.1148     4.6098     0.0000     0.0104     0.0000     0.5065     0.5186    34.7556    34.8470    26.0768    26.1553      1.356      1.756      0.518      0.671 0.0000e+00
       8104    337.641    138.870 -106.77982   16.76260    138.000    13.5617    13.5282 4.1316e+04   4.137570     0.4888     0.0352    99.1231 3.3780e-04          0     0.5076     0.5193     0.0999     0.1148     4.6112     0.0000     0.0104     0.0000     0.5066     0.5184    34.7589    34.8456    26.0960    26.1699      1.331      1.627      0.508      0.621 0.0000e+00
       8134    338.859    139.877 -106.77982   16.76258    139.000    13.5433    13.5103 4.1299e+04   4.135838     0.3965     0.0348    99.1340 3.7890e-04          0     0.5077     0.5195     0.0907     0.1148     4.6117     0.0000     0.0106     0.0000     0.5062     0.5183    34.7597    34.8453    26.1004    26.1734      1.351      1.659      0.515      0.633 0.0000e+00
       8187    341.079    140.883 -106.77982   16.76258    140.000    13.5033    13.4711 4.1263e+04   4.132084     0.3592     0.0348    99.1356 3.7086e-04          0     0.5073     0.5193     0.0869     0.1148     4.6118     0.0000     0.0105     0.0000     0.5060     0.5181    34.7613    34.8452    26.1098    26.1814      1.299      1.655      0.495      0.631 0.0000e+00
       8244    343.447    141.890 -106.77982   16.76260    141.000    13.4677    13.4342 4.1231e+04   4.128940     0.3316     0.0349    99.1325 3.4222e-04          0     0.5071     0.5190     0.0841     0.1147     4.6116     0.0000     0.0104     0.0000     0.5060     0.5180    34.7630    34.8488    26.1185    26.1918      1.328      1.646      0.506      0.626 0.0000e+00
       8276    344.793    142.897 -106.77982   16.76260    142.000    13.4107    13.3774 4.1178e+04   4.123711     0.3216     0.0348    99.1345 3.1698e-04          0     0.5068     0.5190     0.0831     0.1148     4.6117     0.0000     0.0103     0.0000     0.5060     0.5180    34.7645    34.8510    26.1314    26.2051      1.314      1.644      0.500      0.625 0.0000e+00
       8303    345.918    143.903 -106.77982   16.76260    143.000    13.3877    13.3551 4.1158e+04   4.121562     0.2871     0.0349    99.1315 3.9528e-04          0     0.5068     0.5189     0.0797     0.1148     4.6116     0.0000     0.0106     0.0000     0.5059     0.5180    34.7664    34.8507    26.1375    26.2094      1.341      1.670      0.510      0.635 0.0000e+00
       8330    347.050    144.910 -106.77982   16.76260    144.000    13.3534    13.3190 4.1127e+04   4.118600     0.2711     0.0350    99.1289 3.6315e-04          0     0.5069     0.5189     0.0781     0.1148     4.6114     0.0000     0.0105     0.0000     0.5059     0.5179    34.7679    34.8553    26.1457    26.2203      1.299      1.607      0.494      0.610 0.0000e+00
       8357    348.186    145.916 -106.77982   16.76260    145.000    13.3019    13.2686 4.1080e+04   4.113758     0.2525     0.0350    99.1293 3.2547e-04          0     0.5069     0.5188     0.0762     0.1148     4.6115     0.0000     0.0103     0.0000     0.5058     0.5179    34.7701    34.8552    26.1579    26.2305      1.285      1.632      0.488      0.620 0.0000e+00
       8383    349.243    146.923 -106.77982   16.76260    146.000    13.2903    13.2582 4.1069e+04   4.112690     0.2279     0.0363    99.0957 3.6483e-04          0     0.5067     0.5189     0.0738     0.1148     4.6099     0.0000     0.0105     0.0000     0.5056     0.5178    34.7702    34.8542    26.1604    26.2319      1.220      1.613      0.463      0.612 0.0000e+00
       8411    350.407    147.930 -106.77982   16.76260    147.000    13.2852    13.2536 4.1065e+04   4.112210     0.2260     0.0369    99.0826 3.2349e-04          0     0.5068     0.5188     0.0736     0.1148     4.6093     0.0000     0.0103     0.0000     0.5055     0.5176    34.7705    34.8535    26.1617    26.2323      1.271      1.531      0.482      0.581 0.0000e+00
       8467    352.768    148.937 -106.77982   16.76260    148.000    13.2824    13.2509 4.1063e+04   4.111999     0.2108     0.0382    99.0492 2.8086e-04          0     0.5065     0.5187     0.0721     0.1148     4.6078     0.0000     0.0101     0.0000     0.5054     0.5176    34.7711    34.8535    26.1627    26.2329      1.264      1.620      0.480      0.615 0.0000e+00
       8526    355.200    149.943 -106.77982   16.76260    149.000    13.2786    13.2465 4.1061e+04   4.111656     0.2134     0.0354    99.1199 2.1951e-04          0     0.5064     0.5184     0.0723     0.1148     4.6110     0.0000     0.0099     0.0000     0.5056     0.5178    34.7714    34.8538    26.1638    26.2341      1.350      1.657      0.512      0.629 0.0000e+00
       8548    356.142    150.950 -106.77982   16.76260    150.000    13.2676    13.2345 4.1051e+04   4.110837     0.2145     0.0360    99.1034 2.1872e-04          0     0.5064     0.5185     0.0724     0.1149     4.6103     0.0000     0.0099     0.0000     0.5058     0.5177    34.7719    34.8567    26.1664    26.2388      1.363      1.607      0.517      0.610 0.0000e+00
       8565    356.819    151.957 -106.77982   16.76260    151.000    13.2089    13.1731 4.0995e+04   4.105801     0.2133     0.0368    99.0840 1.9193e-04          0     0.5061     0.5185     0.0723     0.1148     4.6094     0.0000     0.0097     0.0000     0.5058     0.5179    34.7720    34.8649    26.1784    26.2575      1.292      1.628      0.489      0.617 0.0000e+00
       8580    357.472    152.963 -106.77982   16.76260    152.000    13.1491    13.1156 4.0941e+04   4.100040     0.2053     0.0369    99.0820 2.2291e-04          0     0.5065     0.5183     0.0715     0.1148     4.6093     0.0000     0.0099     0.0000     0.5056     0.5176    34.7755    34.8625    26.1932    26.2673      1.230      1.522      0.466      0.576 0.0000e+00
       8595    358.089    153.970 -106.77982   16.76260    153.000    13.1228    13.0891 4.0916e+04   4.097503     0.2013     0.0369    99.0820 2.2084e-04          0     0.5063     0.5187     0.0711     0.1149     4.6093     0.0000     0.0099     0.0000     0.5056     0.5173    34.7753    34.8623    26.1983    26.2726      1.274      1.519      0.482      0.574 0.0000e+00
       8611    358.746    154.977 -106.77982   16.76260    154.000    13.0956    13.0626 4.0890e+04   4.094869     0.1804     0.0377    99.0612 2.0346e-04          0     0.5066     0.5187     0.0691     0.1149     4.6083     0.0000     0.0098     0.0000     0.5056     0.5177    34.7752    34.8612    26.2038    26.2771      1.197      1.521      0.453      0.575 0.0000e+00
       8631    359.587    155.984 -106.77982   16.76260    155.000    13.0762    13.0437 4.0872e+04   4.093064     0.1639     0.0379    99.0547 2.1225e-04          0     0.5067     0.5186     0.0674     0.1148     4.6080     0.0000     0.0098     0.0000     0.5052     0.5172    34.7758    34.8609    26.2081    26.2807      1.060      1.511      0.401      0.571 0.0000e+00
       8692    362.142    156.990 -106.77982   16.76260    156.000    13.0802    13.0441 4.0877e+04   4.092900     0.1574     0.0379    99.0563 2.2088e-04          0     0.5063     0.5183     0.0668     0.1148     4.6081     0.0000     0.0099     0.0000     0.5049     0.5170    34.7761    34.8586    26.2077    26.2788      1.219      1.516      0.461      0.572 0.0000e+00
       8755    364.751    157.997 -106.77982   16.76260    157.000    13.0570    13.0228 4.0856e+04   4.091449     0.1586     0.0379    99.0558 2.0288e-04          0     0.5057     0.5180     0.0669     0.1148     4.6081     0.0000     0.0098     0.0000     0.5055     0.5172    34.7771    34.8639    26.2131    26.2872      1.321      1.574      0.499      0.595 0.0000e+00
       8775    365.579    159.004 -106.77982   16.76260    158.000    13.0240    12.9912 4.0825e+04   4.088309     0.1519     0.0379    99.0558 2.0334e-04          0     0.5059     0.5178     0.0662     0.1148     4.6081     0.0000     0.0098     0.0000     0.5051     0.5172    34.7776    34.8627    26.2201    26.2926      1.143      1.524      0.431      0.575 0.0000e+00
       8790    366.216    160.011 -106.77982   16.76260    159.000    12.9984    12.9647 4.0802e+04   4.086102     0.1369     0.0383    99.0452 2.0334e-04          0     0.5057     0.5178     0.0647     0.1148     4.6076     0.0000     0.0098     0.0000     0.5053     0.5171    34.7784    34.8655    26.2259    26.3002      1.224      1.572      0.462      0.593 0.0000e+00
       8804    366.785    161.017 -106.77982   16.76260    160.000    12.9621    12.9278 4.0767e+04   4.082705     0.1371     0.0387    99.0377 2.0334e-04          0     0.5060     0.5179     0.0647     0.1148     4.6072     0.0000     0.0098     0.0000     0.5051     0.5174    34.7784    34.8667    26.2332    26.3085      1.086      1.595      0.409      0.601 0.0000e+00
       8816    367.312    162.024 -106.77982   16.76260    161.000    12.9336    12.9000 4.0741e+04   4.080051     0.1362     0.0390    99.0298 2.0334e-04          0     0.5059     0.5180     0.0646     0.1148     4.6068     0.0000     0.0098     0.0000     0.5047     0.5174    34.7793    34.8666    26.2396    26.3140      1.062      1.492      0.400      0.562 0.0000e+00
       8829    367.825    163.031 -106.77982   16.76260    162.000    12.9050    12.8710 4.0714e+04   4.077337     0.1303     0.0387    99.0357 2.0334e-04          0     0.5062     0.5180     0.0640     0.1148     4.6071     0.0000     0.0098     0.0000     0.5049     0.5166    34.7792    34.8669    26.2453    26.3201      1.117      1.389      0.421      0.523 0.0000e+00
       8841    368.332    164.038 -106.77982   16.76260    163.000    12.8856    12.8528 4.0697e+04   4.075508     0.1251     0.0386    99.0382 2.0334e-04          0     0.5064     0.5181     0.0635     0.1148     4.6072     0.0000     0.0098     0.0000     0.5047     0.5169    34.7802    34.8659    26.2500    26.3229      1.118      1.467      0.421      0.552 0.0000e+00
       8854    368.860    165.044 -106.77982   16.76260    164.000    12.8675    12.8343 4.0680e+04   4.073875     0.1203     0.0387    99.0376 1.8814e-04          0     0.5059     0.5181     0.0631     0.1149     4.6072     0.0000     0.0097     0.0000     0.5046     0.5170    34.7806    34.8669    26.2538    26.3274      1.139      1.536      0.428      0.578 0.0000e+00
       8872    369.637    166.051 -106.77982   16.76260    165.000    12.8486    12.8163 4.0663e+04   4.072075     0.1088     0.0388    99.0339 2.0275e-04          0     0.5062     0.5180     0.0619     0.1148     4.6070     0.0000     0.0098     0.0000     0.5046     0.5169    34.7811    34.8658    26.2580    26.3301      1.125      1.494      0.423      0.562 0.0000e+00
       8966    373.525    167.058 -106.77982   16.76260    166.000    12.8743    12.8487 4.0689e+04   4.075051     0.1016     0.0392    99.0258 2.0334e-04          0     0.5055     0.5178     0.0611     0.1148     4.6066     0.0000     0.0098     0.0000     0.5046     0.5166    34.7818    34.8640    26.2535    26.3223      1.189      1.439      0.448      0.542 0.0000e+00
       9046    376.876    168.065 -106.77982   16.76260    167.000    12.8571    12.8175 4.0674e+04   4.073036     0.1250     0.0394    99.0201 2.0334e-04          0     0.5055     0.5176     0.0635     0.1145     4.6064     0.0000     0.0098     0.0000     0.5049     0.5168    34.7825    34.8730    26.2575    26.3356      1.229      1.485      0.462      0.559 0.0000e+00
       9059    377.433    169.072 -106.77982   16.76260    168.000    12.8171    12.7767 4.0635e+04   4.068689     0.1180     0.0385    99.0425 2.0334e-04          0     0.5055     0.5173     0.0628     0.1148     4.6074     0.0000     0.0098     0.0000     0.5048     0.5166    34.7816    34.8687    26.2648    26.3404      1.134      1.471      0.426      0.553 0.0000e+00
       9072    377.966    170.078 -106.77982   16.76260    169.000    12.7933    12.7602 4.0614e+04   4.067096     0.1128     0.0390    99.0298 2.0334e-04          0     0.5055     0.5177     0.0623     0.1148     4.6068     0.0000     0.0098     0.0000     0.5046     0.5169    34.7827    34.8683    26.2704    26.3433      1.125      1.511      0.423      0.567 0.0000e+00
       9085    378.495    171.085 -106.77982   16.76260    170.000    12.7684    12.7348 4.0589e+04   4.064787     0.1025     0.0390    99.0295 2.0334e-04          0     0.5055     0.5178     0.0613     0.1149     4.6068     0.0000     0.0098     0.0000     0.5046     0.5168    34.7818    34.8692    26.2747    26.3490      1.118      1.415      0.420      0.531 0.0000e+00
