data/ctd-cnv/KM1919/KM1919-St20-P2/St20_P2_cast48-align-cellTM-derive-bin.cnv
* Sea-Bird SBE 9 Data File:
* FileName = C:\Users\otg\Desktop\CTD Data\km1920\St20_P2_cast48.hex
* Software Version Seasave V 7.26.7.107
* Temperature SN = 5554
* Conductivity SN = 3876
* Number of Bytes Per Scan = 41
* Number of Voltage Words = 4
* Number of Scans Averaged by the Deck Unit = 1
* NMEA Latitude = 16 45.79 N
* NMEA Longitude = 106 46.77 W
* NMEA UTC (Time) = Oct 09 2019  07:43:42
* NMEA baud rate = 4800
** Ship: Kilo Moana
** Station: St20_P2 cast 48
** Operator: CF
** midnight diel cast (DIEL 6)
# nquan = 34
# nvalues = 358                         
# units = specified
# name 0 = scan: Scan Count
# name 1 = timeS: Time, Elapsed [seconds]
# name 2 = prDM: Pressure, Digiquartz [db]
# name 3 = longitude: Longitude [deg]
# name 4 = latitude: Latitude [deg]
# name 5 = depSM: Depth [salt water, m]
# name 6 = t090C: Temperature [ITS-90, deg C]
# name 7 = t190C: Temperature, 2 [ITS-90, deg C]
# name 8 = c0uS/cm: Conductivity [uS/cm]
# name 9 = c1S/m: Conductivity, 2 [S/m]
# name 10 = flECO-AFL: Fluorescence, WET Labs ECO-AFL/FL [mg/m^3]
# name 11 = CStarAt0: Beam Attenuation, WET Labs C-Star [1/m]
# name 12 = CStarTr0: Beam Transmission, WET Labs C-Star [%]
# name 13 = par: PAR/Irradiance, Biospherical/Licor
# name 14 = modError: Modulo Error Count
# name 15 = v0: Voltage 0
# name 16 = v1: Voltage 1
# name 17 = v2: Voltage 2
# name 18 = v3: Voltage 3
# name 19 = v4: Voltage 4
# name 20 = v5: Voltage 5
# name 21 = v6: Voltage 6
# name 22 = v7: Voltage 7
# name 23 = sbeox0V: Oxygen raw, SBE 43 [V]
# name 24 = sbeox1V: Oxygen raw, SBE 43, 2 [V]
# name 25 = sal00: Salinity, Practical [PSU]
# name 26 = sal11: Salinity, Practical, 2 [PSU]
# name 27 = sigma-é00: Density [sigma-theta, kg/m^3]
# name 28 = sigma-é11: Density, 2 [sigma-theta, kg/m^3]
# name 29 = sbeox0Mm/L: Oxygen, SBE 43 [umol/l], WS = 2
# name 30 = sbeox1Mm/L: Oxygen, SBE 43, 2 [umol/l], WS = 2
# name 31 = sbeox0PS: Oxygen, SBE 43 [% saturation], WS = 2
# name 32 = sbeox1PS: Oxygen, SBE 43, 2 [% saturation], WS = 2
# name 33 = flag: flag
# span 0 =         37,      17245       
# span 1 =      1.502,    718.515       
# span 2 =      1.006,    360.450       
# span 3 = -106.77958, -106.77954       
# span 4 =   16.76310,   16.76318       
# span 5 =      1.000,    358.000       
# span 6 =     9.9152,    29.6552       
# span 7 =     9.8866,    29.6147       
# span 8 = 3.7828e+04, 5.7362e+04       
# span 9 =   3.787899,   5.744344       
# span 10 =     0.0499,     1.7619      
# span 11 =     0.0169,     0.1128      
# span 12 =    97.2192,    99.5773      
# span 13 = -9.708e-07, 6.7534e+00      
# span 14 =          0,          0      
# span 15 =     0.5031,     2.4910      
# span 16 =     0.5143,     2.4788      
# span 17 =     0.0560,     0.2272      
# span 18 =     0.1123,     0.1165      
# span 19 =     4.5227,     4.6323      
# span 20 =     0.0000,     0.0000      
# span 21 =     0.0085,     1.8228      
# span 22 =     0.0000,     0.0000      
# span 23 =     0.5026,     2.4880      
# span 24 =     0.5132,     2.4726      
# span 25 =    34.2975,    34.7834      
# span 26 =    34.3816,    34.8723      
# span 27 =    21.5234,    26.6991      
# span 28 =    21.6007,    26.7662      
# span 29 =      0.942,    229.788      
# span 30 =      0.992,    241.095      
# span 31 =      0.333,    106.582      
# span 32 =      0.350,    111.585      
# span 33 = 0.0000e+00, 0.0000e+00      
# interval = meters: 1                  
# start_time = Oct 09 2019 07:47:48 [NMEA time, first data scan]
# bad_flag = -9.990e-29
*END*
[from data line 257]
      10744    447.606    259.702 -106.77956   16.76314    258.000    11.4256    11.3937 3.9302e+04   3.935743     0.0633     0.0261    99.3482 1.5518e-04          0     0.5044     0.5165     0.0573     0.1150     4.6217     0.0000     0.0095     0.0000     0.5036     0.5155    34.7412    34.8261    26.5022    26.5741      0.999      1.339      0.365      0.488 0.0000e+00
      10765    448.501    260.710 -106.77956   16.76314    259.000    11.3960    11.3648 3.9272e+04   3.932749     0.0633     0.0255    99.3628 1.0983e-04          0     0.5045     0.5164     0.0573     0.1147     4.6223     0.0000     0.0092     0.0000     0.5035     0.5156    34.7393    34.8233    26.5061    26.5772      0.998      1.354      0.364      0.494 0.0000e+00
      10787    449.434    261.717 -106.77956   16.76314    260.000    11.3739    11.3430 3.9250e+04   3.930511     0.0639     0.0252    99.3697 1.5236e-04          0     0.5044     0.5164     0.0574     0.1148     4.6226     0.0000     0.0095     0.0000     0.5035     0.5155    34.7377    34.8213    26.5090    26.5797      1.023      1.343      0.373      0.490 0.0000e+00
      10815    450.596    262.724 -106.77956   16.76314    261.000    11.3495    11.3187 3.9225e+04   3.928024     0.0631     0.0263    99.3439 1.4620e-04          0     0.5046     0.5165     0.0573     0.1149     4.6214     0.0000     0.0094     0.0000     0.5034     0.5155    34.7356    34.8191    26.5118    26.5825      1.039      1.311      0.379      0.478 0.0000e+00
      10858    452.392    263.731 -106.77956   16.76314    262.000    11.3314    11.3012 3.9207e+04   3.926088     0.0624     0.0261    99.3495 1.4950e-04          0     0.5044     0.5164     0.0573     0.1148     4.6217     0.0000     0.0095     0.0000     0.5035     0.5155    34.7340    34.8160    26.5140    26.5833      1.060      1.395      0.386      0.508 0.0000e+00
      10899    454.087    264.738 -106.77956   16.76314    263.000    11.3137    11.2826 3.9189e+04   3.924357     0.0735     0.0259    99.3541 1.7855e-04          0     0.5043     0.5163     0.0583     0.1146     4.6219     0.0000     0.0096     0.0000     0.5036     0.5156    34.7327    34.8159    26.5162    26.5867      1.075      1.335      0.391      0.486 0.0000e+00
      10924    455.119    265.746 -106.77956   16.76314    264.000    11.2971    11.2665 3.9173e+04   3.922744     0.0634     0.0252    99.3717 1.7261e-04          0     0.5044     0.5163     0.0574     0.1146     4.6227     0.0000     0.0096     0.0000     0.5035     0.5153    34.7317    34.8147    26.5185    26.5887      1.033      1.345      0.376      0.489 0.0000e+00
      10943    455.906    266.753 -106.77956   16.76314    265.000    11.2806    11.2492 3.9156e+04   3.921157     0.0620     0.0252    99.3708 1.5226e-04          0     0.5046     0.5164     0.0572     0.1147     4.6227     0.0000     0.0095     0.0000     0.5036     0.5155    34.7306    34.8148    26.5207    26.5920      1.030      1.358      0.375      0.494 0.0000e+00
      10960    456.610    267.760 -106.77956   16.76314    266.000    11.2571    11.2256 3.9133e+04   3.918873     0.0638     0.0252    99.3708 1.5251e-04          0     0.5043     0.5165     0.0574     0.1147     4.6227     0.0000     0.0095     0.0000     0.5034     0.5156    34.7294    34.8140    26.5241    26.5958      0.970      1.315      0.353      0.478 0.0000e+00
      10976    457.299    268.768 -106.77956   16.76314    267.000    11.2286    11.1970 3.9104e+04   3.916029     0.0639     0.0252    99.3708 1.6495e-04          0     0.5044     0.5165     0.0574     0.1147     4.6227     0.0000     0.0096     0.0000     0.5034     0.5152    34.7268    34.8124    26.5273    26.5997      1.056      1.286      0.384      0.467 0.0000e+00
      10994    458.044    269.775 -106.77956   16.76314    268.000    11.2086    11.1777 3.9085e+04   3.914020     0.0627     0.0252    99.3708 1.8257e-04          0     0.5044     0.5163     0.0573     0.1144     4.6227     0.0000     0.0097     0.0000     0.5035     0.5154    34.7262    34.8102    26.5305    26.6015      1.042      1.363      0.378      0.495 0.0000e+00
      11016    458.947    270.782 -106.77956   16.76314    269.000    11.1967    11.1664 3.9074e+04   3.912805     0.0629     0.0248    99.3813 1.5356e-04          0     0.5045     0.5165     0.0573     0.1147     4.6232     0.0000     0.0095     0.0000     0.5034     0.5153    34.7257    34.8084    26.5323    26.6022      1.021      1.321      0.371      0.480 0.0000e+00
      11057    460.658    271.789 -106.77956   16.76314    270.000    11.1883    11.1574 3.9066e+04   3.911908     0.0640     0.0243    99.3948 1.5038e-04          0     0.5043     0.5163     0.0574     0.1148     4.6238     0.0000     0.0095     0.0000     0.5034     0.5153    34.7254    34.8075    26.5336    26.6032      1.034      1.292      0.375      0.469 0.0000e+00
      11130    463.691    272.797 -106.77956   16.76314    271.000    11.1816    11.1489 3.9061e+04   3.911122     0.0668     0.0247    99.3847 1.4405e-04          0     0.5043     0.5163     0.0577     0.1147     4.6233     0.0000     0.0094     0.0000     0.5034     0.5151    34.7262    34.8073    26.5355    26.6046      1.038      1.333      0.377      0.484 0.0000e+00
      11163    465.104    273.804 -106.77956   16.76314    272.000    11.1711    11.1414 3.9051e+04   3.910459     0.0633     0.0242    99.3963 1.4647e-04          0     0.5043     0.5160     0.0573     0.1147     4.6239     0.0000     0.0094     0.0000     0.5034     0.5153    34.7257    34.8073    26.5370    26.6060      1.052      1.311      0.382      0.476 0.0000e+00
      11184    465.968    274.811 -106.77956   16.76314    273.000    11.1665    11.1365 3.9047e+04   3.910023     0.0639     0.0242    99.3970 1.1742e-04          0     0.5043     0.5159     0.0574     0.1147     4.6239     0.0000     0.0093     0.0000     0.5035     0.5152    34.7256    34.8072    26.5378    26.6068      1.087      1.270      0.395      0.461 0.0000e+00
      11201    466.676    275.819 -106.77956   16.76314    274.000    11.1641    11.1337 3.9045e+04   3.909837     0.0639     0.0242    99.3970 1.2693e-04          0     0.5044     0.5161     0.0574     0.1148     4.6239     0.0000     0.0093     0.0000     0.5035     0.5150    34.7255    34.8075    26.5382    26.6076      1.046      1.314      0.379      0.477 0.0000e+00
      11217    467.333    276.826 -106.77956   16.76314    275.000    11.1598    11.1297 3.9041e+04   3.909472     0.0639     0.0242    99.3970 1.3556e-04          0     0.5043     0.5160     0.0574     0.1146     4.6239     0.0000     0.0094     0.0000     0.5034     0.5153    34.7256    34.8073    26.5391    26.6082      0.992      1.352      0.360      0.491 0.0000e+00
      11233    467.981    277.833 -106.77956   16.76314    276.000    11.1549    11.1245 3.9037e+04   3.909121     0.0639     0.0242    99.3970 1.4960e-04          0     0.5043     0.5162     0.0574     0.1147     4.6239     0.0000     0.0095     0.0000     0.5034     0.5153    34.7255    34.8082    26.5400    26.6099      1.019      1.336      0.370      0.485 0.0000e+00
      11249    468.685    278.840 -106.77956   16.76314    277.000    11.1282    11.0955 3.9011e+04   3.906746     0.0639     0.0242    99.3970 1.2428e-04          0     0.5043     0.5162     0.0574     0.1146     4.6239     0.0000     0.0093     0.0000     0.5034     0.5153    34.7244    34.8116    26.5439    26.6177      1.037      1.316      0.376      0.477 0.0000e+00
      11270    469.539    279.848 -106.77956   16.76314    278.000    11.0769    11.0460 3.8959e+04   3.901490     0.0713     0.0238    99.4066 1.0228e-04          0     0.5044     0.5161     0.0581     0.1147     4.6244     0.0000     0.0092     0.0000     0.5034     0.5152    34.7211    34.8056    26.5506    26.6221      1.039      1.261      0.376      0.457 0.0000e+00
      11303    470.904    280.855 -106.77956   16.76314    279.000    11.0678    11.0378 3.8951e+04   3.900470     0.0664     0.0239    99.4044 1.3575e-04          0     0.5043     0.5161     0.0576     0.1147     4.6243     0.0000     0.0094     0.0000     0.5034     0.5149    34.7207    34.8028    26.5520    26.6214      1.039      1.252      0.376      0.454 0.0000e+00
      11353    473.014    281.863 -106.77956   16.76314    280.000    11.0565    11.0265 3.8939e+04   3.899304     0.0638     0.0237    99.4088 1.3834e-04          0     0.5043     0.5161     0.0574     0.1149     4.6245     0.0000     0.0094     0.0000     0.5034     0.5151    34.7197    34.8014    26.5534    26.6224      1.040      1.302      0.376      0.472 0.0000e+00
      11396    474.772    282.870 -106.77956   16.76314    281.000    11.0507    11.0210 3.8934e+04   3.898768     0.0628     0.0231    99.4223 1.2744e-04          0     0.5043     0.5158     0.0573     0.1147     4.6251     0.0000     0.0093     0.0000     0.5034     0.5149    34.7198    34.8009    26.5544    26.6230      1.040      1.303      0.376      0.472 0.0000e+00
      11428    476.108    283.877 -106.77956   16.76314    282.000    11.0448    11.0153 3.8929e+04   3.898255     0.0725     0.0231    99.4233 1.4919e-04          0     0.5043     0.5159     0.0582     0.1146     4.6252     0.0000     0.0095     0.0000     0.5034     0.5152    34.7191    34.8007    26.5550    26.6239      1.040      1.257      0.377      0.455 0.0000e+00
      11456    477.271    284.884 -106.77956   16.76314    283.000    11.0368    11.0067 3.8921e+04   3.897431     0.0747     0.0231    99.4222 1.2151e-04          0     0.5043     0.5160     0.0585     0.1149     4.6251     0.0000     0.0093     0.0000     0.5034     0.5150    34.7185    34.8002    26.5560    26.6251      1.040      1.308      0.377      0.473 0.0000e+00
      11480    478.297    285.892 -106.77956   16.76314    284.000    11.0094    10.9777 3.8893e+04   3.894856     0.0647     0.0231    99.4233 1.6199e-04          0     0.5043     0.5158     0.0575     0.1147     4.6252     0.0000     0.0095     0.0000     0.5034     0.5150    34.7161    34.8015    26.5591    26.6313      1.041      1.292      0.377      0.467 0.0000e+00
      11502    479.191    286.899 -106.77956   16.76314    285.000    10.9821    10.9513 3.8865e+04   3.892026     0.0712     0.0231    99.4233 1.4226e-04          0     0.5043     0.5162     0.0581     0.1146     4.6252     0.0000     0.0094     0.0000     0.5034     0.5150    34.7140    34.7978    26.5624    26.6333      1.042      1.243      0.377      0.449 0.0000e+00
      11521    479.992    287.907 -106.77956   16.76314    286.000    10.9617    10.9306 3.8845e+04   3.889919     0.0741     0.0230    99.4248 1.1248e-04          0     0.5043     0.5157     0.0584     0.1147     4.6253     0.0000     0.0092     0.0000     0.5034     0.5148    34.7126    34.7959    26.5650    26.6355      1.043      1.202      0.377      0.434 0.0000e+00
      11539    480.758    288.914 -106.77956   16.76314    287.000    10.9563    10.9265 3.8840e+04   3.889336     0.0735     0.0228    99.4316 1.1777e-04          0     0.5043     0.5159     0.0583     0.1145     4.6256     0.0000     0.0093     0.0000     0.5034     0.5148    34.7119    34.7936    26.5655    26.6344      1.043      1.277      0.377      0.461 0.0000e+00
      11559    481.598    289.921 -106.77956   16.76314    288.000    10.9537    10.9239 3.8837e+04   3.889132     0.0637     0.0228    99.4313 5.5045e-05          0     0.5043     0.5160     0.0574     0.1150     4.6256     0.0000     0.0089     0.0000     0.5034     0.5149    34.7114    34.7936    26.5656    26.6349      1.043      1.290      0.377      0.466 0.0000e+00
      11585    482.685    290.929 -106.77956   16.76314    289.000    10.9460    10.9174 3.8831e+04   3.888529     0.0627     0.0230    99.4253 1.1276e-04          0     0.5043     0.5158     0.0573     0.1147     4.6253     0.0000     0.0092     0.0000     0.5034     0.5149    34.7115    34.7932    26.5671    26.6359      1.044      1.273      0.377      0.460 0.0000e+00
      11623    484.239    291.936 -106.77956   16.76314    290.000    10.9358    10.9060 3.8820e+04   3.887381     0.0627     0.0229    99.4291 8.3681e-05          0     0.5043     0.5157     0.0573     0.1147     4.6255     0.0000     0.0090     0.0000     0.5034     0.5148    34.7107    34.7921    26.5683    26.6370      1.044      1.224      0.377      0.442 0.0000e+00
      11659    485.767    292.944 -106.77956   16.76314    291.000    10.9275    10.8976 3.8812e+04   3.886543     0.0620     0.0228    99.4315 7.6053e-05          0     0.5043     0.5158     0.0572     0.1148     4.6256     0.0000     0.0090     0.0000     0.5034     0.5147    34.7097    34.7913    26.5690    26.6379      1.044      1.245      0.377      0.449 0.0000e+00
      11688    486.967    293.951 -106.77958   16.76314    292.000    10.9225    10.8928 3.8807e+04   3.886084     0.0634     0.0223    99.4438 1.0142e-04          0     0.5043     0.5157     0.0574     0.1148     4.6261     0.0000     0.0091     0.0000     0.5034     0.5149    34.7093    34.7908    26.5696    26.6384      1.044      1.301      0.377      0.470 0.0000e+00
      11715    488.086    294.958 -106.77958   16.76314    293.000    10.9202    10.8905 3.8805e+04   3.885858     0.0631     0.0228    99.4323 1.0167e-04          0     0.5043     0.5156     0.0573     0.1148     4.6256     0.0000     0.0092     0.0000     0.5034     0.5148    34.7090    34.7903    26.5698    26.6385      1.045      1.193      0.377      0.431 0.0000e+00
      11744    489.307    295.966 -106.77958   16.76314    294.000    10.9171    10.8873 3.8803e+04   3.885584     0.0631     0.0222    99.4471 9.5157e-05          0     0.5043     0.5156     0.0573     0.1149     4.6263     0.0000     0.0091     0.0000     0.5034     0.5146    34.7092    34.7901    26.5705    26.6389      1.045      1.240      0.377      0.448 0.0000e+00
      11780    490.795    296.973 -106.77958   16.76314    295.000    10.9132    10.8835 3.8800e+04   3.885234     0.0702     0.0221    99.4488 1.0221e-04          0     0.5043     0.5158     0.0580     0.1151     4.6264     0.0000     0.0092     0.0000     0.5034     0.5147    34.7090    34.7897    26.5711    26.6394      1.045      1.256      0.377      0.453 0.0000e+00
      11814    492.222    297.981 -106.77958   16.76312    296.000    10.9113    10.8816 3.8798e+04   3.885123     0.0744     0.0221    99.4487 1.2846e-04          0     0.5043     0.5155     0.0584     0.1149     4.6264     0.0000     0.0093     0.0000     0.5034     0.5147    34.7090    34.7900    26.5715    26.6399      1.045      1.230      0.377      0.444 0.0000e+00
      11842    493.356    298.988 -106.77957   16.76312    297.000    10.9026    10.8718 3.8790e+04   3.884357     0.0747     0.0221    99.4485 9.3799e-05          0     0.5043     0.5157     0.0585     0.1150     4.6264     0.0000     0.0091     0.0000     0.5034     0.5148    34.7087    34.7912    26.5729    26.6426      1.046      1.258      0.377      0.454 0.0000e+00
      11865    494.315    299.995 -106.77956   16.76312    298.000    10.8786    10.8482 3.8765e+04   3.881907     0.0761     0.0221    99.4495 1.2528e-04          0     0.5043     0.5156     0.0586     0.1149     4.6264     0.0000     0.0093     0.0000     0.5034     0.5147    34.7058    34.7886    26.5749    26.6449      1.046      1.262      0.377      0.455 0.0000e+00
