data/ctd-cnv/KM1919/KM1919-St20-P2/St20_P2_cast31-align-cellTM-derive-bin.cnv
* Sea-Bird SBE 9 Data File:
* FileName = C:\Users\otg\Desktop\CTD Data\km1920\St20_P2_cast31.hex
* Software Version Seasave V 7.26.7.107
* Temperature SN = 5554
* Conductivity SN = 3876
* Number of Bytes Per Scan = 41
* Number of Voltage Words = 4
* Number of Scans Averaged by the Deck Unit = 1
* NMEA Latitude = 16 47.03 N
* NMEA Longitude = 106 50.94 W
* NMEA UTC (Time) = Oct 05 2019  13:59:49
* NMEA baud rate = 4800
** Ship: Kilo Moana
** Station: St20_P2cast 31
** Operator: gr
** NK deep metabolomics
# nquan = 34
# nvalues = 1001                        
# units = specified
# name 0 = scan: Scan Count
# name 1 = timeS: Time, Elapsed [seconds]
# name 2 = prDM: Pressure, Digiquartz [db]
# name 3 = longitude: Longitude [deg]
# name 4 = latitude: Latitude [deg]
# name 5 = depSMignore: Depth [salt water, m]
# name 6 = t090C: Temperature [ITS-90, deg C]
# name 7 = t190C: Temperature, 2 [ITS-90, deg C]
# name 8 = c0uS/cm: Conductivity [uS/cm]
# name 9 = c1S/m: Conductivity, 2 [S/m]
# name 10 = flECO-AFL: Fluorescence, WET Labs ECO-AFL/FL [mg/m^3]
# name 11 = CStarAt0: Beam Attenuation, WET Labs C-Star [1/m]
# name 12 = CStarTr0: Beam Transmission, WET Labs C-Star [%]
# name 13 = par: PAR/Irradiance, Biospherical/Licor
# name 14 = modError: Modulo Error Count
# name 15 = v0: Voltage 0
# name 16 = v1: Voltage 1
# name 17 = v2: Voltage 2
# name 18 = v3: Voltage 3
# name 19 = v4: Voltage 4
# name 20 = v5: Voltage 5
# name 21 = v6: Voltage 6
# name 22 = v7: Voltage 7
# name 23 = sbeox0V: Oxygen raw, SBE 43 [V]
# name 24 = sbeox1V: Oxygen raw, SBE 43, 2 [V]
# name 25 = sal00: Salinity, Practical [PSU]
# name 26 = sal11: Salinity, Practical, 2 [PSU]
# name 27 = sigma-é00: Density [sigma-theta, kg/m^3]
# name 28 = sigma-é11: Density, 2 [sigma-theta, kg/m^3]
# name 29 = sbeox0Mm/L: Oxygen, SBE 43 [umol/l], WS = 2
# name 30 = sbeox1Mm/L: Oxygen, SBE 43, 2 [umol/l], WS = 2
# name 31 = sbeox0PS: Oxygen, SBE 43 [% saturation], WS = 2
# name 32 = sbeox1PS: Oxygen, SBE 43, 2 [% saturation], WS = 2
# name 33 = flag: flag
# span 0 =        348,      28317       
# span 1 =     14.447,   1179.823       
# span 2 =      3.018,   1011.442       
# span 3 = -106.84890, -106.84886       
# span 4 =   16.78390,   16.78398       
# span 5 =      3.000,   1003.000       
# span 6 =     4.4747,    29.4288       
# span 7 =     4.4499,    29.3851       
# span 8 = 3.3050e+04, 5.7130e+04       
# span 9 =   3.309377,   5.720871       
# span 10 =     0.0428,     1.4346      
# span 11 =     0.0020,     0.1027      
# span 12 =    97.4654,    99.9506      
# span 13 = -3.149e-05, 3.0294e+02      
# span 14 =          0,          0      
# span 15 =     0.5031,     2.4925      
# span 16 =     0.5101,     2.4734      
# span 17 =     0.0552,     0.1945      
# span 18 =     0.1152,     0.1221      
# span 19 =     4.5341,     4.6497      
# span 20 =     0.0000,     0.0000      
# span 21 =     0.0082,     3.4842      
# span 22 =     0.0000,     0.0000      
# span 23 =     0.5024,     2.4901      
# span 24 =     0.5108,     2.4699      
# span 25 =    34.4109,    34.7863      
# span 26 =    34.5124,    34.8743      
# span 27 =    21.5986,    27.3899      
# span 28 =    21.6760,    27.4538      
# span 29 =      0.867,    221.520      
# span 30 =      0.072,    232.304      
# span 31 =      0.280,    106.496      
# span 32 =      0.023,    111.303      
# span 33 = 0.0000e+00, 0.0000e+00      
# interval = meters: 1                  
# start_time = Oct 05 2019 14:03:00 [NMEA time, first data scan]
# bad_flag = -9.990e-29
*END*
[from data line 257]
       9248    385.305    261.717 -106.84886   16.78396    260.000    11.5818    11.5503 3.9462e+04   3.951644     0.0626     0.0204    99.4923 1.0000e-12          0     0.5053     0.5166     0.0573     0.1173     4.6284     0.0000     0.0084     0.0000     0.5043     0.5158    34.7517    34.8348    26.4814    26.5519      1.171      1.328      0.429      0.486 0.0000e+00
       9266    386.060    262.724 -106.84886   16.78396    261.000    11.5673    11.5361 3.9448e+04   3.950199     0.0625     0.0200    99.5010 1.0000e-12          0     0.5054     0.5167     0.0573     0.1173     4.6288     0.0000     0.0085     0.0000     0.5044     0.5157    34.7506    34.8334    26.4833    26.5535      1.213      1.370      0.444      0.502 0.0000e+00
       9284    386.795    263.731 -106.84886   16.78396    262.000    11.5590    11.5283 3.9440e+04   3.949373     0.0639     0.0203    99.4951 1.0000e-12          0     0.5054     0.5166     0.0574     0.1172     4.6285     0.0000     0.0085     0.0000     0.5045     0.5158    34.7502    34.8322    26.4845    26.5540      1.199      1.436      0.439      0.525 0.0000e+00
       9302    387.545    264.739 -106.84886   16.78396    263.000    11.5543    11.5238 3.9436e+04   3.948936     0.0639     0.0205    99.4876 1.0000e-12          0     0.5052     0.5167     0.0574     0.1172     4.6281     0.0000     0.0084     0.0000     0.5044     0.5159    34.7508    34.8317    26.4859    26.5545      1.156      1.409      0.423      0.516 0.0000e+00
       9321    388.339    265.746 -106.84886   16.78396    264.000    11.5467    11.5157 3.9429e+04   3.948240     0.0626     0.0200    99.5021 1.0000e-12          0     0.5053     0.5170     0.0573     0.1172     4.6288     0.0000     0.0085     0.0000     0.5043     0.5157    34.7501    34.8320    26.4868    26.5563      1.214      1.349      0.444      0.493 0.0000e+00
       9341    389.179    266.753 -106.84886   16.78396    265.000    11.5242    11.4924 3.9406e+04   3.946090     0.0633     0.0200    99.5008 1.0000e-12          0     0.5052     0.5166     0.0573     0.1172     4.6287     0.0000     0.0085     0.0000     0.5045     0.5158    34.7481    34.8322    26.4895    26.5608      1.196      1.352      0.437      0.494 0.0000e+00
       9365    390.148    267.761 -106.84886   16.78396    266.000    11.4886    11.4569 3.9371e+04   3.942546     0.0634     0.0198    99.5071 1.0000e-12          0     0.5053     0.5167     0.0574     0.1172     4.6290     0.0000     0.0085     0.0000     0.5044     0.5157    34.7464    34.8303    26.4947    26.5658      1.143      1.389      0.418      0.508 0.0000e+00
       9397    391.497    268.768 -106.84886   16.78396    267.000    11.4647    11.4336 3.9347e+04   3.940064     0.0636     0.0195    99.5128 1.0000e-12          0     0.5053     0.5167     0.0574     0.1172     4.6293     0.0000     0.0085     0.0000     0.5043     0.5157    34.7451    34.8272    26.4982    26.5678      1.143      1.364      0.417      0.498 0.0000e+00
       9436    393.138    269.775 -106.84886   16.78396    268.000    11.4428    11.4120 3.9325e+04   3.937837     0.0628     0.0189    99.5290 1.0000e-12          0     0.5054     0.5166     0.0573     0.1172     4.6300     0.0000     0.0085     0.0000     0.5044     0.5156    34.7438    34.8251    26.5012    26.5702      1.245      1.367      0.455      0.499 0.0000e+00
       9469    394.501    270.783 -106.84886   16.78396    269.000    11.4336    11.4034 3.9316e+04   3.936983     0.0627     0.0189    99.5283 1.0000e-12          0     0.5053     0.5166     0.0573     0.1172     4.6300     0.0000     0.0085     0.0000     0.5046     0.5156    34.7427    34.8244    26.5021    26.5712      1.236      1.379      0.451      0.503 0.0000e+00
       9496    395.640    271.790 -106.84886   16.78396    270.000    11.3887    11.3564 3.9270e+04   3.932846     0.0634     0.0189    99.5283 1.0000e-12          0     0.5051     0.5165     0.0574     0.1172     4.6300     0.0000     0.0085     0.0000     0.5045     0.5157    34.7393    34.8273    26.5077    26.5822      1.178      1.395      0.430      0.509 0.0000e+00
       9521    396.668    272.797 -106.84886   16.78396    271.000    11.3416    11.3107 3.9223e+04   3.927683     0.0634     0.0189    99.5283 1.0000e-12          0     0.5053     0.5165     0.0573     0.1173     4.6300     0.0000     0.0084     0.0000     0.5044     0.5156    34.7363    34.8189    26.5141    26.5841      1.083      1.334      0.395      0.486 0.0000e+00
       9545    397.651    273.804 -106.84886   16.78396    272.000    11.3149    11.2830 3.9195e+04   3.925141     0.0622     0.0189    99.5283 1.0000e-12          0     0.5053     0.5165     0.0572     0.1172     4.6300     0.0000     0.0085     0.0000     0.5043     0.5156    34.7338    34.8194    26.5171    26.5895      1.087      1.391      0.396      0.506 0.0000e+00
       9567    398.582    274.812 -106.84886   16.78396    273.000    11.2909    11.2606 3.9173e+04   3.922665     0.0728     0.0186    99.5372 1.0000e-12          0     0.5054     0.5165     0.0583     0.1172     4.6304     0.0000     0.0084     0.0000     0.5040     0.5156    34.7335    34.8155    26.5213    26.5906      1.108      1.345      0.403      0.490 0.0000e+00
       9589    399.488    275.819 -106.84886   16.78396    274.000    11.2881    11.2579 3.9170e+04   3.922386     0.0675     0.0180    99.5506 1.0000e-12          0     0.5054     0.5166     0.0577     0.1171     4.6311     0.0000     0.0084     0.0000     0.5043     0.5155    34.7335    34.8149    26.5218    26.5907      1.272      1.376      0.463      0.501 0.0000e+00
       9610    400.375    276.826 -106.84886   16.78396    275.000    11.2865    11.2566 3.9169e+04   3.922280     0.0668     0.0179    99.5545 1.0000e-12          0     0.5051     0.5164     0.0577     0.1171     4.6313     0.0000     0.0085     0.0000     0.5043     0.5156    34.7334    34.8145    26.5220    26.5907      1.096      1.372      0.399      0.499 0.0000e+00
       9632    401.302    277.833 -106.84886   16.78396    276.000    11.2849    11.2550 3.9169e+04   3.922168     0.0714     0.0181    99.5499 1.0000e-12          0     0.5051     0.5165     0.0581     0.1171     4.6311     0.0000     0.0085     0.0000     0.5040     0.5155    34.7340    34.8146    26.5229    26.5910      1.093      1.370      0.398      0.499 0.0000e+00
       9655    402.236    278.841 -106.84886   16.78396    277.000    11.2836    11.2537 3.9168e+04   3.922104     0.0622     0.0186    99.5365 1.0000e-12          0     0.5048     0.5164     0.0572     0.1172     4.6304     0.0000     0.0085     0.0000     0.5042     0.5156    34.7336    34.8146    26.5228    26.5913      1.114      1.331      0.405      0.484 0.0000e+00
       9676    403.132    279.848 -106.84886   16.78396    278.000    11.2793    11.2489 3.9164e+04   3.921707     0.0640     0.0183    99.5429 1.0000e-12          0     0.5051     0.5165     0.0574     0.1172     4.6307     0.0000     0.0084     0.0000     0.5039     0.5154    34.7334    34.8149    26.5234    26.5924      1.114      1.351      0.405      0.492 0.0000e+00
       9696    403.961    280.855 -106.84886   16.78396    279.000    11.2766    11.2467 3.9162e+04   3.921526     0.0639     0.0188    99.5306 1.0000e-12          0     0.5051     0.5165     0.0574     0.1172     4.6301     0.0000     0.0085     0.0000     0.5041     0.5156    34.7339    34.8147    26.5244    26.5927      1.239      1.403      0.451      0.511 0.0000e+00
       9715    404.744    281.863 -106.84886   16.78396    280.000    11.2723    11.2423 3.9158e+04   3.921172     0.0690     0.0182    99.5461 1.0000e-12          0     0.5049     0.5164     0.0579     0.1172     4.6309     0.0000     0.0085     0.0000     0.5043     0.5155    34.7338    34.8149    26.5250    26.5937      1.103      1.350      0.401      0.491 0.0000e+00
       9734    405.540    282.870 -106.84886   16.78396    281.000    11.2637    11.2332 3.9150e+04   3.920373     0.0712     0.0182    99.5479 1.0000e-12          0     0.5049     0.5165     0.0581     0.1172     4.6310     0.0000     0.0084     0.0000     0.5038     0.5155    34.7334    34.8150    26.5264    26.5955      0.973      1.392      0.354      0.506 0.0000e+00
       9756    406.476    283.878 -106.84886   16.78396    282.000    11.2450    11.2147 3.9132e+04   3.918637     0.0655     0.0179    99.5533 1.0000e-12          0     0.5049     0.5163     0.0576     0.1172     4.6312     0.0000     0.0085     0.0000     0.5039     0.5157    34.7322    34.8149    26.5288    26.5988      1.019      1.394      0.371      0.507 0.0000e+00
       9789    407.834    284.885 -106.84886   16.78396    283.000    11.2319    11.2017 3.9119e+04   3.917194     0.0752     0.0180    99.5520 1.0000e-12          0     0.5050     0.5164     0.0585     0.1172     4.6312     0.0000     0.0085     0.0000     0.5038     0.5155    34.7316    34.8124    26.5308    26.5992      1.242      1.366      0.452      0.496 0.0000e+00
       9840    409.963    285.892 -106.84886   16.78396    284.000    11.2283    11.1984 3.9116e+04   3.916890     0.0624     0.0179    99.5552 1.0000e-12          0     0.5047     0.5164     0.0572     0.1172     4.6313     0.0000     0.0085     0.0000     0.5044     0.5155    34.7311    34.8120    26.5311    26.5995      1.223      1.364      0.444      0.496 0.0000e+00
       9877    411.507    286.900 -106.84886   16.78396    285.000    11.2156    11.1851 3.9103e+04   3.915676     0.0603     0.0178    99.5567 1.0000e-12          0     0.5047     0.5163     0.0570     0.1173     4.6314     0.0000     0.0085     0.0000     0.5043     0.5156    34.7303    34.8121    26.5328    26.6021      1.087      1.404      0.395      0.510 0.0000e+00
       9899    412.402    287.907 -106.84886   16.78396    286.000    11.1994    11.1679 3.9087e+04   3.914102     0.0718     0.0178    99.5557 1.0000e-12          0     0.5049     0.5164     0.0582     0.1171     4.6314     0.0000     0.0085     0.0000     0.5041     0.5157    34.7292    34.8122    26.5349    26.6053      1.159      1.424      0.421      0.517 0.0000e+00
       9916    413.137    288.914 -106.84886   16.78396    287.000    11.1750    11.1438 3.9062e+04   3.911667     0.0738     0.0179    99.5545 1.0000e-12          0     0.5053     0.5163     0.0584     0.1173     4.6313     0.0000     0.0085     0.0000     0.5042     0.5157    34.7268    34.8104    26.5375    26.6083      1.055      1.387      0.383      0.503 0.0000e+00
       9932    413.799    289.922 -106.84886   16.78396    288.000    11.1542    11.1232 3.9041e+04   3.909567     0.0753     0.0179    99.5545 1.0000e-12          0     0.5054     0.5163     0.0585     0.1174     4.6313     0.0000     0.0084     0.0000     0.5038     0.5157    34.7251    34.8086    26.5400    26.6106      0.914      1.369      0.331      0.497 0.0000e+00
       9948    414.441    290.929 -106.84886   16.78396    289.000    11.1458    11.1154 3.9034e+04   3.908705     0.0746     0.0179    99.5545 1.0000e-12          0     0.5050     0.5165     0.0584     0.1172     4.6313     0.0000     0.0085     0.0000     0.5037     0.5155    34.7251    34.8069    26.5416    26.6108      0.950      1.363      0.344      0.495 0.0000e+00
       9963    415.099    291.937 -106.84886   16.78396    290.000    11.1269    11.0945 3.9014e+04   3.907017     0.0743     0.0178    99.5565 1.0000e-12          0     0.5051     0.5163     0.0584     0.1174     4.6314     0.0000     0.0085     0.0000     0.5036     0.5157    34.7235    34.8094    26.5438    26.6166      1.003      1.375      0.364      0.499 0.0000e+00
       9980    415.792    292.944 -106.84886   16.78396    291.000    11.0957    11.0647 3.8982e+04   3.903633     0.0626     0.0169    99.5781 1.0000e-12          0     0.5050     0.5165     0.0573     0.1172     4.6324     0.0000     0.0085     0.0000     0.5035     0.5155    34.7203    34.8035    26.5470    26.6174      1.077      1.328      0.390      0.481 0.0000e+00
       9999    416.581    293.951 -106.84886   16.78396    292.000    11.0921    11.0619 3.8980e+04   3.903208     0.0727     0.0170    99.5769 1.0000e-12          0     0.5050     0.5165     0.0583     0.1171     4.6323     0.0000     0.0085     0.0000     0.5037     0.5154    34.7207    34.8015    26.5480    26.6163      1.089      1.322      0.395      0.479 0.0000e+00
      10021    417.500    294.959 -106.84886   16.78396    293.000    11.0893    11.0596 3.8977e+04   3.902979     0.0676     0.0168    99.5807 1.0000e-12          0     0.5047     0.5165     0.0578     0.1173     4.6325     0.0000     0.0085     0.0000     0.5035     0.5154    34.7200    34.8010    26.5479    26.6164      1.036      1.368      0.376      0.496 0.0000e+00
      10048    418.629    295.966 -106.84886   16.78396    294.000    11.0887    11.0587 3.8976e+04   3.902888     0.0693     0.0171    99.5734 1.0000e-12          0     0.5045     0.5163     0.0579     0.1172     4.6322     0.0000     0.0085     0.0000     0.5035     0.5154    34.7199    34.8004    26.5480    26.6161      1.050      1.322      0.380      0.479 0.0000e+00
      10083    420.091    296.973 -106.84886   16.78396    295.000    11.0871    11.0572 3.8975e+04   3.902791     0.0745     0.0179    99.5554 1.0000e-12          0     0.5045     0.5163     0.0584     0.1172     4.6313     0.0000     0.0085     0.0000     0.5035     0.5152    34.7201    34.8004    26.5484    26.6164      1.072      1.318      0.388      0.477 0.0000e+00
      10121    421.650    297.981 -106.84886   16.78396    296.000    11.0854    11.0553 3.8974e+04   3.902635     0.0667     0.0172    99.5717 1.0000e-12          0     0.5044     0.5163     0.0577     0.1174     4.6321     0.0000     0.0085     0.0000     0.5036     0.5154    34.7197    34.8002    26.5485    26.6166      1.067      1.361      0.386      0.493 0.0000e+00
      10150    422.869    298.988 -106.84886   16.78396    297.000    11.0836    11.0538 3.8973e+04   3.902542     0.0757     0.0169    99.5778 1.0000e-12          0     0.5044     0.5162     0.0586     0.1172     4.6324     0.0000     0.0085     0.0000     0.5034     0.5153    34.7197    34.8003    26.5489    26.6170      1.010      1.343      0.366      0.487 0.0000e+00
      10172    423.812    299.996 -106.84886   16.78396    298.000    11.0751    11.0443 3.8964e+04   3.901742     0.0755     0.0171    99.5746 1.0000e-12          0     0.5044     0.5159     0.0585     0.1173     4.6322     0.0000     0.0084     0.0000     0.5036     0.5154    34.7188    34.8009    26.5496    26.6192      1.145      1.347      0.415      0.488 0.0000e+00
      10193    424.656    301.003 -106.84886   16.78396    299.000    11.0593    11.0290 3.8948e+04   3.900135     0.0749     0.0172    99.5704 1.0000e-12          0     0.5045     0.5163     0.0585     0.1173     4.6320     0.0000     0.0085     0.0000     0.5036     0.5153    34.7174    34.7989    26.5515    26.6204      1.119      1.305      0.405      0.473 0.0000e+00
      10213    425.512    302.011 -106.84886   16.78396    300.000    11.0475    11.0170 3.8937e+04   3.898994     0.0744     0.0179    99.5550 1.0000e-12          0     0.5045     0.5162     0.0584     0.1173     4.6313     0.0000     0.0085     0.0000     0.5037     0.5154    34.7164    34.7984    26.5529    26.6222      1.093      1.334      0.396      0.483 0.0000e+00
