data/ctd-cnv/KM1919/KM1919-St20-P2/St20_P2_cast50-align-cellTM-derive-bin.cnv
* Sea-Bird SBE 9 Data File:
* FileName = C:\Users\otg\Desktop\CTD Data\km1920\St20_P2_cast50.hex
* Software Version Seasave V 7.26.7.107
* Temperature SN = 5554
* Conductivity SN = 3876
* Number of Bytes Per Scan = 41
* Number of Voltage Words = 4
* Number of Scans Averaged by the Deck Unit = 1
* NMEA Latitude = 16 45.53 N
* NMEA Longitude = 106 45.95 W
* NMEA UTC (Time) = Oct 09 2019  14:11:27
* NMEA baud rate = 4800
** Ship: Kilo Moana
** Station: St20_P2 cast 50
** Operator: gr
** diel 7
# nquan = 34
# nvalues = 199                         
# units = specified
# name 0 = scan: Scan Count
# name 1 = timeS: Time, Elapsed [seconds]
# name 2 = prDM: Pressure, Digiquartz [db]
# name 3 = longitude: Longitude [deg]
# name 4 = latitude: Latitude [deg]
# name 5 = depSM: Depth [salt water, m]
# name 6 = t090C: Temperature [ITS-90, deg C]
# name 7 = t190C: Temperature, 2 [ITS-90, deg C]
# name 8 = c0uS/cm: Conductivity [uS/cm]
# name 9 = c1S/m: Conductivity, 2 [S/m]
# name 10 = flECO-AFL: Fluorescence, WET Labs ECO-AFL/FL [mg/m^3]
# name 11 = CStarAt0: Beam Attenuation, WET Labs C-Star [1/m]
# name 12 = CStarTr0: Beam Transmission, WET Labs C-Star [%]
# name 13 = par: PAR/Irradiance, Biospherical/Licor
# name 14 = modError: Modulo Error Count
# name 15 = v0: Voltage 0
# name 16 = v1: Voltage 1
# name 17 = v2: Voltage 2
# name 18 = v3: Voltage 3
# name 19 = v4: Voltage 4
# name 20 = v5: Voltage 5
# name 21 = v6: Voltage 6
# name 22 = v7: Voltage 7
# name 23 = sbeox0V: Oxygen raw, SBE 43 [V]
# name 24 = sbeox1V: Oxygen raw, SBE 43, 2 [V]
# name 25 = sal00: Salinity, Practical [PSU]
# name 26 = sal11: Salinity, Practical, 2 [PSU]
# name 27 = sigma-é00: Density [sigma-theta, kg/m^3]
# name 28 = sigma-é11: Density, 2 [sigma-theta, kg/m^3]
# name 29 = sbeox0Mm/L: Oxygen, SBE 43 [umol/l], WS = 2
# name 30 = sbeox1Mm/L: Oxygen, SBE 43, 2 [umol/l], WS = 2
# name 31 = sbeox0PS: Oxygen, SBE 43 [% saturation], WS = 2
# name 32 = sbeox1PS: Oxygen, SBE 43, 2 [% saturation], WS = 2
# name 33 = flag: flag
# span 0 =        257,      11658       
# span 1 =     10.652,    485.719       
# span 2 =      2.012,    201.291       
# span 3 = -106.76580, -106.76556       
# span 4 =   16.75888,   16.75900       
# span 5 =      2.000,    200.000       
# span 6 =    12.2800,    29.5820       
# span 7 =    12.2469,    29.5408       
# span 8 = 4.0128e+04, 5.7300e+04       
# span 9 =   4.018228,   5.738173       
# span 10 =     0.0624,     1.6727      
# span 11 =     0.0228,     0.1064      
# span 12 =    97.3747,    99.4307      
# span 13 = 1.3696e-03, 5.5673e+02      
# span 14 =          0,          0      
# span 15 =     0.5043,     2.4938      
# span 16 =     0.5156,     2.4752      
# span 17 =     0.0573,     0.2182      
# span 18 =     0.1137,     0.1172      
# span 19 =     4.5299,     4.6255      
# span 20 =     0.0000,     0.0000      
# span 21 =     0.0149,     3.7557      
# span 22 =     0.0000,     0.0000      
# span 23 =     0.5034,     2.4962      
# span 24 =     0.5144,     2.4759      
# span 25 =    34.2752,    34.7829      
# span 26 =    34.3645,    34.8714      
# span 27 =    21.5536,    26.3669      
# span 28 =    21.6315,    26.4380      
# span 29 =      0.774,    228.644      
# span 30 =      1.135,    239.531      
# span 31 =      0.289,    107.186      
# span 32 =      0.422,    111.643      
# span 33 = 0.0000e+00, 0.0000e+00      
# interval = meters: 1                  
# start_time = Oct 09 2019 14:15:40 [NMEA time, first data scan]
# bad_flag = -9.990e-29
*END*
        257     10.652      2.012 -106.76578   16.75888      2.000    29.5768    29.5357 5.7288e+04   5.736907     0.0764     0.0481    98.8051 4.5899e+02          0     2.3375     2.3305     0.0586     0.1158     4.5964     0.0000     3.6725     0.0000     2.3414     2.3304    34.5791    34.6642    21.5545    21.6322    191.961    202.056     97.615    102.729 0.0000e+00
        563     23.433      3.018 -106.76580   16.75888      3.000    29.5761    29.5351 5.7288e+04   5.736912     0.0761     0.0475    98.8196 4.5339e+02          0     2.3451     2.3324     0.0586     0.1157     4.5971     0.0000     3.6694     0.0000     2.3437     2.3322    34.5793    34.6644    21.5550    21.6326    192.145    202.247     97.707    102.825 0.0000e+00
        582     24.203      4.024 -106.76580   16.75888      4.000    29.5765    29.5352 5.7288e+04   5.736952     0.0840     0.0465    98.8437 5.5673e+02          0     2.3459     2.3301     0.0594     0.1159     4.5982     0.0000     3.7557     0.0000     2.3425     2.3320    34.5793    34.6643    21.5550    21.6326    191.636    202.331     97.449    102.868 0.0000e+00
        609     25.332      5.030 -106.76579   16.75888      5.000    29.5776    29.5370 5.7290e+04   5.737157     0.0800     0.0466    98.8416 3.0692e+02          0     2.3419     2.3328     0.0590     0.1158     4.5981     0.0000     3.4903     0.0000     2.3409     2.3316    34.5793    34.6641    21.5546    21.6320    191.481    202.314     97.372    102.862 0.0000e+00
        748     31.140      6.036 -106.76577   16.75889      6.000    29.5783    29.5368 5.7291e+04   5.737208     0.0846     0.0478    98.8118 3.7925e+02          0     2.3395     2.3312     0.0594     0.1159     4.5967     0.0000     3.5846     0.0000     2.3372     2.3317    34.5793    34.6643    21.5545    21.6323    191.219    202.422     97.240    102.916 0.0000e+00
        818     34.050      7.042 -106.76578   16.75890      7.000    29.5786    29.5375 5.7292e+04   5.737343     0.0770     0.0481    98.8058 2.9051e+02          0     2.3370     2.3309     0.0587     0.1158     4.5964     0.0000     3.4752     0.0000     2.3409     2.3333    34.5794    34.6644    21.5545    21.6322    191.492    202.526     97.379    102.970 0.0000e+00
        855     35.580      8.048 -106.76578   16.75890      8.000    29.5783    29.5370 5.7292e+04   5.737316     0.0880     0.0465    98.8438 2.7171e+02          0     2.3434     2.3299     0.0598     0.1160     4.5982     0.0000     3.4458     0.0000     2.3386     2.3306    34.5793    34.6643    21.5546    21.6324    191.670    202.059     97.469    102.732 0.0000e+00
        903     37.604      9.054 -106.76578   16.75890      9.000    29.5789    29.5378 5.7293e+04   5.737428     0.0816     0.0469    98.8347 2.2606e+02          0     2.3411     2.3333     0.0591     0.1153     4.5978     0.0000     3.3674     0.0000     2.3449     2.3292    34.5790    34.6642    21.5543    21.6321    192.549    202.223     97.917    102.817 0.0000e+00
        959     39.937     10.060 -106.76578   16.75890     10.000    29.5797    29.5382 5.7294e+04   5.737502     0.0841     0.0474    98.8213 2.1061e+02          0     2.3417     2.3298     0.0594     0.1159     4.5972     0.0000     3.3368     0.0000     2.3459     2.3319    34.5789    34.6642    21.5541    21.6320    192.324    202.467     97.803    102.942 0.0000e+00
       1048     43.609     11.066 -106.76578   16.75890     11.000    29.5805    29.5385 5.7295e+04   5.737569     0.0813     0.0472    98.8263 2.0330e+02          0     2.3469     2.3324     0.0591     0.1159     4.5974     0.0000     3.3210     0.0000     2.3388     2.3306    34.5789    34.6641    21.5539    21.6320    191.568    202.220     97.420    102.816 0.0000e+00
       1091     45.414     12.072 -106.76578   16.75890     12.000    29.5809    29.5394 5.7296e+04   5.737686     0.0762     0.0467    98.8387 1.9132e+02          0     2.3417     2.3309     0.0586     0.1159     4.5980     0.0000     3.2949     0.0000     2.3395     2.3303    34.5791    34.6640    21.5540    21.6316    191.608    202.584     97.441    103.003 0.0000e+00
       1133     47.174     13.078 -106.76578   16.75890     13.000    29.5819    29.5403 5.7297e+04   5.737849     0.0878     0.0479    98.8090 1.7900e+02          0     2.3389     2.3309     0.0597     0.1152     4.5966     0.0000     3.2661     0.0000     2.3373     2.3320    34.5790    34.6641    21.5536    21.6315    191.357    202.497     97.316    102.960 0.0000e+00
       1192     49.617     14.084 -106.76578   16.75891     14.000    29.5820    29.5408 5.7298e+04   5.737966     0.0883     0.0468    98.8355 1.6983e+02          0     2.3386     2.3311     0.0598     0.1157     4.5978     0.0000     3.2435     0.0000     2.3378     2.3295    34.5791    34.6643    21.5537    21.6316    191.815    202.209     97.548    102.815 0.0000e+00
       1292     53.790     15.090 -106.76578   16.75892     15.000    29.5815    29.5403 5.7298e+04   5.737949     0.0820     0.0470    98.8320 1.6267e+02          0     2.3380     2.3296     0.0592     0.1158     4.5977     0.0000     3.2247     0.0000     2.3396     2.3294    34.5792    34.6643    21.5541    21.6318    191.851    202.239     97.566    102.829 0.0000e+00
       1376     57.301     16.096 -106.76578   16.75892     16.000    29.5789    29.5366 5.7296e+04   5.737623     0.0760     0.0481    98.8044 1.5666e+02          0     2.3387     2.3313     0.0586     0.1160     4.5964     0.0000     3.2089     0.0000     2.3420     2.3288    34.5793    34.6644    21.5551    21.6333    192.204    202.318     97.741    102.863 0.0000e+00
       1408     58.610     17.102 -106.76578   16.75892     17.000    29.5775    29.5344 5.7295e+04   5.737419     0.0879     0.0480    98.8073 1.4892e+02          0     2.3411     2.3254     0.0598     0.1159     4.5965     0.0000     3.1868     0.0000     2.3366     2.3264    34.5792    34.6643    21.5556    21.6340    191.022    201.753     97.138    102.572 0.0000e+00
       1441     59.990     18.108 -106.76578   16.75892     18.000    29.5819    29.5403 5.7300e+04   5.738081     0.0883     0.0472    98.8278 1.3277e+02          0     2.3408     2.3280     0.0598     0.1159     4.5975     0.0000     3.1365     0.0000     2.3376     2.3261    34.5793    34.6643    21.5543    21.6320    191.876    202.125     97.579    102.771 0.0000e+00
       1558     64.855     19.114 -106.76578   16.75892     19.000    29.5815    29.5405 5.7300e+04   5.738173     0.0883     0.0473    98.8247 1.2906e+02          0     2.3377     2.3263     0.0598     0.1156     4.5973     0.0000     3.1245     0.0000     2.3394     2.3274    34.5794    34.6645    21.5546    21.6323    192.013    201.987     97.649    102.701 0.0000e+00
       1635     68.093     20.120 -106.76578   16.75892     20.000    29.5787    29.5361 5.7297e+04   5.737847     0.0883     0.0464    98.8468 1.2526e+02          0     2.3377     2.3277     0.0598     0.1152     4.5984     0.0000     3.1117     0.0000     2.3453     2.3200    34.5793    34.6651    21.5556    21.6343    192.631    201.626     97.958    102.511 0.0000e+00
       1670     69.530     21.126 -106.76578   16.75892     21.000    29.5574    29.5151 5.7276e+04   5.735792     0.0883     0.0457    98.8632 1.2184e+02          0     2.3417     2.3278     0.0598     0.1160     4.5991     0.0000     3.0998     0.0000     2.3446     2.3273    34.5798    34.6660    21.5632    21.6421    192.527    202.451     97.872    102.896 0.0000e+00
       1702     70.861     22.133 -106.76578   16.75892     22.000    29.5447    29.5036 5.7267e+04   5.734999     0.0883     0.0466    98.8399 1.1236e+02          0     2.3448     2.3191     0.0598     0.1160     4.5980     0.0000     3.0642     0.0000     2.3429     2.3272    34.5828    34.6686    21.5698    21.6480    192.384    202.278     97.781    102.791 0.0000e+00
       1765     73.514     23.138 -106.76578   16.75892     23.000    29.5426    29.5003 5.7266e+04   5.734684     0.0915     0.0463    98.8471 1.0823e+02          0     2.3438     2.3261     0.0601     0.1156     4.5984     0.0000     3.0482     0.0000     2.3442     2.3292    34.5830    34.6685    21.5707    21.6492    192.670    202.697     97.923    102.998 0.0000e+00
       1872     77.964     24.145 -106.76578   16.75890     24.000    29.5377    29.4942 5.7263e+04   5.734235     0.0931     0.0468    98.8368 1.0581e+02          0     2.3439     2.3300     0.0603     0.1156     4.5979     0.0000     3.0384     0.0000     2.3409     2.3311    34.5842    34.6696    21.5734    21.6522    192.329    202.857     97.743    103.070 0.0000e+00
       1943     80.922     25.151 -106.76578   16.75892     25.000    29.5117    29.4702 5.7238e+04   5.731988     0.0994     0.0464    98.8456 1.0471e+02          0     2.3401     2.3300     0.0610     0.1159     4.5983     0.0000     3.0338     0.0000     2.3467     2.3305    34.5854    34.6713    21.5831    21.6616    193.540    202.812     98.318    103.009 0.0000e+00
       1973     82.158     26.157 -106.76578   16.75892     26.000    29.4957    29.4533 5.7220e+04   5.730260     0.0906     0.0464    98.8457 9.4523e+01          0     2.3421     2.3322     0.0600     0.1160     4.5983     0.0000     2.9896     0.0000     2.3490     2.3292    34.5845    34.6714    21.5880    21.6675    192.907    202.835     97.971    102.992 0.0000e+00
       1998     83.227     27.163 -106.76578   16.75892     27.000    29.4744    29.4325 5.7198e+04   5.728022     0.1005     0.0471    98.8296 9.1519e+01          0     2.3426     2.3315     0.0611     0.1159     4.5976     0.0000     2.9757     0.0000     2.3421     2.3321    34.5843    34.6709    21.5951    21.6742    192.131    203.338     97.543    103.212 0.0000e+00
       2031     84.583     28.169 -106.76576   16.75891     28.000    29.4659    29.4249 5.7190e+04   5.727238     0.1005     0.0464    98.8472 8.9814e+01          0     2.3475     2.3303     0.0611     0.1159     4.5984     0.0000     2.9673     0.0000     2.3368     2.3311    34.5849    34.6707    21.5984    21.6767    191.911    203.263     97.418    103.162 0.0000e+00
       2210     92.047     29.175 -106.76576   16.75890     29.000    29.4721    29.4234 5.7198e+04   5.727370     0.1064     0.0466    98.8408 8.6183e+01          0     2.3403     2.3300     0.0617     0.1154     4.5981     0.0000     2.9496     0.0000     2.3459     2.3280    34.5855    34.6724    21.5969    21.6785    194.189    203.018     98.585    103.036 0.0000e+00
       2238     93.222     30.181 -106.76576   16.75890     30.000    29.3360    29.2864 5.7069e+04   5.715565     0.1004     0.0467    98.8381 8.3767e+01          0     2.3386     2.3298     0.0611     0.1160     4.5979     0.0000     2.9372     0.0000     2.3648     2.3402    34.5953    34.6905    21.6502    21.7382    198.113    206.036    100.362    104.347 0.0000e+00
       2262     94.209     31.187 -106.76576   16.75890     31.000    29.1503    29.0948 5.6894e+04   5.699299     0.1135     0.0493    98.7764 7.8580e+01          0     2.3430     2.3257     0.0624     0.1159     4.5950     0.0000     2.9095     0.0000     2.3791     2.3556    34.6092    34.7176    21.7229    21.8228    198.700    208.206    100.366    105.137 0.0000e+00
       2285     95.178     32.194 -106.76576   16.75890     32.000    28.8253    28.7672 5.6551e+04   5.664137     0.1354     0.0541    98.6564 7.3442e+01          0     2.3469     2.3280     0.0645     0.1165     4.5895     0.0000     2.8802     0.0000     2.3801     2.3632    34.6091    34.7136    21.8314    21.9292    199.517    209.869    100.250    105.414 0.0000e+00
       2316     96.458     33.200 -106.76576   16.75890     33.000    28.8088    28.7654 5.6537e+04   5.662201     0.1520     0.0576    98.5709 7.0849e+01          0     2.3613     2.3389     0.0662     0.1164     4.5855     0.0000     2.8646     0.0000     2.3840     2.3693    34.6111    34.7012    21.8384    21.9205    199.663    210.149    100.298    105.544 0.0000e+00
       2456    102.281     34.206 -106.76576   16.75890     34.000    28.8095    28.7452 5.6540e+04   5.660905     0.1584     0.0579    98.5629 6.9156e+01          0     2.3848     2.3764     0.0669     0.1159     4.5852     0.0000     2.8541     0.0000     2.3989     2.3765    34.6125    34.7068    21.8393    21.9314    204.141    212.219    102.548    106.549 0.0000e+00
       2523    105.081     35.212 -106.76576   16.75890     35.000    27.5598    27.4672 5.5218e+04   5.534857     0.1651     0.0627    98.4452 6.6779e+01          0     2.3723     2.3660     0.0675     0.1172     4.5797     0.0000     2.8389     0.0000     2.4621     2.4337    34.6047    34.7658    22.2423    22.3934    214.918    224.745    105.772    110.538 0.0000e+00
       2559    106.602     36.218 -106.76576   16.75890     36.000    27.0114    26.9697 5.4628e+04   5.472311     0.1957     0.0690    98.2899 6.2636e+01          0     2.4035     2.3696     0.0706     0.1172     4.5724     0.0000     2.8110     0.0000     2.4721     2.4557    34.5933    34.6923    22.4105    22.4984    216.134    227.406    105.409    110.891 0.0000e+00
       2597    108.179     37.224 -106.76576   16.75890     37.000    26.9445    26.9031 5.4557e+04   5.464809     0.2021     0.0707    98.2492 5.7553e+01          0     2.4570     2.4233     0.0712     0.1164     4.5705     0.0000     2.7745     0.0000     2.4746     2.4690    34.5922    34.6882    22.4310    22.5165    217.154    228.816    105.788    111.453 0.0000e+00
       2636    109.777     38.230 -106.76576   16.75891     38.000    26.8760    26.8350 5.4488e+04   5.457395     0.2148     0.0700    98.2651 5.5754e+01          0     2.4710     2.4526     0.0725     0.1170     4.5713     0.0000     2.7607     0.0000     2.4842     2.4708    34.5938    34.6858    22.4541    22.5365    218.457    228.910    106.303    111.371 0.0000e+00
       2709    112.832     39.236 -106.76576   16.75892     39.000    26.7542    26.7654 5.4371e+04   5.450365     0.2350     0.0723    98.2079 5.2827e+01          0     2.4810     2.4695     0.0745     0.1160     4.5686     0.0000     2.7372     0.0000     2.4900     2.4745    34.6006    34.6873    22.4979    22.5597    218.984    229.429    106.348    111.496 0.0000e+00
       2815    117.248     40.243 -106.76574   16.75892     40.000    26.5422    26.4958 5.4153e+04   5.423729     0.2481     0.0740    98.1666 5.0169e+01          0     2.4923     2.4752     0.0758     0.1164     4.5667     0.0000     2.7149     0.0000     2.4907     2.4731    34.6023    34.6980    22.5663    22.6530    219.617    230.202    106.281    111.377 0.0000e+00
       2861    119.178     41.249 -106.76574   16.75892     41.000    26.2820    26.2301 5.3874e+04   5.396577     0.3024     0.0778    98.0737 4.6058e+01          0     2.4901     2.4744     0.0812     0.1170     4.5624     0.0000     2.6778     0.0000     2.4856     2.4714    34.5961    34.7019    22.6434    22.7395    220.412    231.009    106.198    111.275 0.0000e+00
       2894    120.523     42.255 -106.76574   16.75892     42.000    25.8565    25.8065 5.3414e+04   5.352011     0.2750     0.0805    98.0071 4.2862e+01          0     2.4916     2.4722     0.0785     0.1172     4.5593     0.0000     2.6467     0.0000     2.4945     2.4716    34.5830    34.6984    22.7661    22.8687    224.074    233.334    107.186    111.595 0.0000e+00
       2930    122.032     43.261 -106.76574   16.75892     43.000    25.4393    25.3935 5.2969e+04   5.306370     0.2785     0.0803    98.0129 4.1082e+01          0     2.4871     2.4720     0.0788     0.1172     4.5595     0.0000     2.6283     0.0000     2.4962     2.4759    34.5736    34.6783    22.8878    22.9809    224.261    235.094    106.518    111.643 0.0000e+00
