data/ctd-cnv/KM1919/KM1919-St20-P2/St20_P2_cast51-align-cellTM-derive-bin.cnv
* Sea-Bird SBE 9 Data File:
* FileName = C:\Users\otg\Desktop\CTD Data\km1920\St20_P2_cast51.hex
* Software Version Seasave V 7.26.7.107
* Temperature SN = 5554
* Conductivity SN = 3876
* Number of Bytes Per Scan = 41
* Number of Voltage Words = 4
* Number of Scans Averaged by the Deck Unit = 1
* NMEA Latitude = 16 45.51 N
* NMEA Longitude = 106 45.82 W
* NMEA UTC (Time) = Oct 09 2019  19:06:48
* NMEA baud rate = 4800
** Ship: Kilo Moana
** Station: St20_P2 cast 51
** Operator: gr
** diel 8 noon
# nquan = 34
# nvalues = 206                         
# units = specified
# name 0 = scan: Scan Count
# name 1 = timeS: Time, Elapsed [seconds]
# name 2 = prDM: Pressure, Digiquartz [db]
# name 3 = longitude: Longitude [deg]
# name 4 = latitude: Latitude [deg]
# name 5 = depSMignore: Depth [salt water, m]
# name 6 = t090C: Temperature [ITS-90, deg C]
# name 7 = t190C: Temperature, 2 [ITS-90, deg C]
# name 8 = c0uS/cm: Conductivity [uS/cm]
# name 9 = c1S/m: Conductivity, 2 [S/m]
# name 10 = flECO-AFL: Fluorescence, WET Labs ECO-AFL/FL [mg/m^3]
# name 11 = CStarAt0: Beam Attenuation, WET Labs C-Star [1/m]
# name 12 = CStarTr0: Beam Transmission, WET Labs C-Star [%]
# name 13 = par: PAR/Irradiance, Biospherical/Licor
# name 14 = modError: Modulo Error Count
# name 15 = v0: Voltage 0
# name 16 = v1: Voltage 1
# name 17 = v2: Voltage 2
# name 18 = v3: Voltage 3
# name 19 = v4: Voltage 4
# name 20 = v5: Voltage 5
# name 21 = v6: Voltage 6
# name 22 = v7: Voltage 7
# name 23 = sbeox0V: Oxygen raw, SBE 43 [V]
# name 24 = sbeox1V: Oxygen raw, SBE 43, 2 [V]
# name 25 = sal00: Salinity, Practical [PSU]
# name 26 = sal11: Salinity, Practical, 2 [PSU]
# name 27 = sigma-é00: Density [sigma-theta, kg/m^3]
# name 28 = sigma-é11: Density, 2 [sigma-theta, kg/m^3]
# name 29 = sbeox0Mm/L: Oxygen, SBE 43 [umol/l], WS = 2
# name 30 = sbeox1Mm/L: Oxygen, SBE 43, 2 [umol/l], WS = 2
# name 31 = sbeox0PS: Oxygen, SBE 43 [% saturation], WS = 2
# name 32 = sbeox1PS: Oxygen, SBE 43, 2 [% saturation], WS = 2
# name 33 = flag: flag
# span 0 =         84,       8490       
# span 1 =      3.457,    353.712       
# span 2 =      2.012,    208.340       
# span 3 = -106.76364, -106.76358       
# span 4 =   16.75850,   16.75858       
# span 5 =      2.000,    207.000       
# span 6 =    12.2979,    29.6416       
# span 7 =    12.2667,    29.5984       
# span 8 = 4.0152e+04, 5.7354e+04       
# span 9 =   4.020664,   5.743503       
# span 10 =     0.0410,     1.5290      
# span 11 =     0.0268,     0.1248      
# span 12 =    96.9330,    99.3322      
# span 13 = 2.2075e-03, 7.4800e+02      
# span 14 =          0,          0      
# span 15 =     0.5055,     2.4984      
# span 16 =     0.5176,     2.4843      
# span 17 =     0.0551,     0.2039      
# span 18 =     0.1127,     0.1175      
# span 19 =     4.5093,     4.6209      
# span 20 =     0.0000,     0.0000      
# span 21 =     0.0184,     3.8819      
# span 22 =     0.0000,     0.0000      
# span 23 =     0.5045,     2.4995      
# span 24 =     0.5164,     2.4821      
# span 25 =    34.2762,    34.7829      
# span 26 =    34.3757,    34.8703      
# span 27 =    21.5303,    26.3664      
# span 28 =    21.6090,    26.4372      
# span 29 =      1.035,    229.518      
# span 30 =      1.403,    240.496      
# span 31 =      0.386,    107.042      
# span 32 =      0.522,    112.227      
# span 33 = 0.0000e+00, 0.0000e+00      
# interval = meters: 1                  
# start_time = Oct 09 2019 19:12:59 [NMEA time, first data scan]
# bad_flag = -9.990e-29
*END*
[from data line 86]
       4975    207.269     88.544 -106.76360   16.75854     88.000    18.0248    17.9484 4.5294e+04   4.534793     0.7871     0.0581    98.5572 4.5248e+00          0     1.4006     1.3997     0.1297     0.1148     4.5849     0.0000     1.6786     0.0000     1.2349     1.2876    34.4298    34.5407    24.8328    24.9366     76.490     93.324     31.793     38.763 0.0000e+00
       5000    208.282     89.550 -106.76360   16.75854     89.000    17.7294    17.6859 4.5036e+04   4.511051     0.6782     0.0551    98.6319 4.2260e+00          0     1.3923     1.4022     0.1188     0.1148     4.5883     0.0000     1.6495     0.0000     1.1826     1.2257    34.4589    34.5598    24.9275    25.0153     77.908     89.104     32.208     36.829 0.0000e+00
       5025    209.338     90.557 -106.76360   16.75855     90.000    17.6193    17.5824 4.4937e+04   4.500689     0.6013     0.0520    98.7085 3.9012e+00          0     1.3355     1.3718     0.1112     0.1148     4.5919     0.0000     1.6155     0.0000     1.1504     1.1862    34.4668    34.5583    24.9603    25.0394     78.879     87.367     32.543     36.040 0.0000e+00
       5089    211.983     91.563 -106.76361   16.75856     91.000    17.6143    17.5807 4.4933e+04   4.499937     0.6388     0.0516    98.7198 3.5481e+00          0     1.1957     1.2342     0.1149     0.1144     4.5924     0.0000     1.5753     0.0000     1.1195     1.1511    34.4676    34.5530    24.9621    25.0357     73.624     84.914     30.369     35.024 0.0000e+00
       5170    215.386     92.570 -106.76362   16.75854     92.000    17.3292    17.3297 4.4670e+04   4.481149     0.6414     0.0510    98.7323 3.2549e+00          0     1.1371     1.1527     0.1151     0.1134     4.5930     0.0000     1.5392     0.0000     0.9557     1.0280    34.4830    34.6047    25.0424    25.1356     38.184     55.744     15.669     22.896 0.0000e+00
       5194    216.394     93.576 -106.76362   16.75854     93.000    16.9186    16.8789 4.4277e+04   4.435719     0.5529     0.0470    98.8312 3.0382e+00          0     1.1301     1.1532     0.1063     0.1148     4.5976     0.0000     1.5101     0.0000     0.8927     0.9558    34.4926    34.5965    25.1477    25.2368     35.673     48.870     14.524     19.895 0.0000e+00
       5217    217.344     94.582 -106.76362   16.75854     94.000    16.8097    16.7681 4.4175e+04   4.424990     0.4532     0.0433    98.9246 2.8321e+00          0     1.0779     1.1329     0.0963     0.1147     4.6020     0.0000     1.4806     0.0000     0.8512     0.9038    34.4963    34.5977    25.1762    25.2638     37.165     45.252     15.099     18.382 0.0000e+00
       5273    219.671     95.589 -106.76362   16.75854     95.000    16.7506    16.7095 4.4119e+04   4.417940     0.4373     0.0414    98.9709 2.6353e+00          0     0.9282     0.9846     0.0947     0.1132     4.6041     0.0000     1.4503     0.0000     0.8348     0.8633    34.4979    34.5862    25.1913    25.2688     41.508     46.290     16.843     18.781 0.0000e+00
       5367    223.574     96.595 -106.76362   16.75854     96.000    16.6642    16.6193 4.4037e+04   4.410835     0.4921     0.0399    99.0072 2.5137e+00          0     0.8326     0.8470     0.1002     0.1130     4.6058     0.0000     1.4307     0.0000     0.7834     0.8135    34.4999    34.6014    25.2131    25.3015     31.052     38.369     12.581     15.542 0.0000e+00
       5391    224.575     97.602 -106.76362   16.75854     97.000    16.4074    16.3703 4.3787e+04   4.386350     0.4006     0.0414    98.9699 2.3459e+00          0     0.8321     0.8520     0.0910     0.1130     4.6041     0.0000     1.4018     0.0000     0.7638     0.7918    34.5012    34.6010    25.2739    25.3592     31.353     36.497     12.640     14.712 0.0000e+00
       5416    225.616     98.608 -106.76362   16.75854     98.000    16.3475    16.3131 4.3733e+04   4.379849     0.3618     0.0373    99.0715 2.1656e+00          0     0.8144     0.8401     0.0872     0.1127     4.6088     0.0000     1.3685     0.0000     0.7530     0.7775    34.5053    34.5929    25.2910    25.3662     31.809     35.669     12.809     14.361 0.0000e+00
       5449    226.982     99.614 -106.76362   16.75854     99.000    16.3440    16.3097 4.3733e+04   4.379657     0.3486     0.0362    99.0998 1.9946e+00          0     0.7845     0.8135     0.0858     0.1129     4.6101     0.0000     1.3343     0.0000     0.7461     0.7668    34.5078    34.5937    25.2937    25.3676     32.620     35.576     13.135     14.323 0.0000e+00
       5568    231.945    100.621 -106.76364   16.75854    100.000    16.3637    16.3272 4.3755e+04   4.381323     0.4069     0.0373    99.0719 1.8842e+00          0     0.7382     0.7558     0.0917     0.1130     4.6088     0.0000     1.3112     0.0000     0.7372     0.7523    34.5095    34.5929    25.2905    25.3630     32.016     34.415     12.897     13.860 0.0000e+00
       5596    233.122    101.627 -106.76364   16.75854    101.000    16.3049    16.2680 4.3700e+04   4.376408     0.3593     0.0353    99.1217 1.7984e+00          0     0.7438     0.7595     0.0869     0.1129     4.6111     0.0000     1.2918     0.0000     0.7350     0.7497    34.5120    34.6005    25.3060    25.3825     32.240     34.368     12.972     13.826 0.0000e+00
       5613    233.846    102.634 -106.76364   16.75854    102.000    16.2343    16.1948 4.3629e+04   4.369732     0.3341     0.0354    99.1184 1.6965e+00          0     0.7430     0.7582     0.0844     0.1127     4.6110     0.0000     1.2678     0.0000     0.7354     0.7501    34.5095    34.6046    25.3203    25.4025     32.202     34.667     12.939     13.927 0.0000e+00
       5632    234.606    103.641 -106.76364   16.75854    103.000    16.1724    16.1349 4.3567e+04   4.363286     0.3172     0.0348    99.1345 1.6021e+00          0     0.7401     0.7562     0.0827     0.1131     4.6117     0.0000     1.2443     0.0000     0.7346     0.7499    34.5082    34.5992    25.3336    25.4122     31.928     34.438     12.813     13.818 0.0000e+00
       5706    237.693    104.647 -106.76364   16.75854    104.000    16.0948    16.0605 4.3484e+04   4.354475     0.3255     0.0346    99.1391 1.4617e+00          0     0.7360     0.7510     0.0835     0.1130     4.6119     0.0000     1.2068     0.0000     0.7330     0.7473    34.5012    34.5853    25.3459    25.4184     31.752     34.109     12.723     13.665 0.0000e+00
       5810    242.059    105.653 -106.76364   16.75854    105.000    16.0902    16.0580 4.3488e+04   4.358330     0.3834     0.0344    99.1429 1.3600e+00          0     0.7350     0.7483     0.0893     0.1149     4.6121     0.0000     1.1777     0.0000     0.7238     0.7399    34.5084    34.6214    25.3526    25.4469     27.809     31.968     11.143     12.810 0.0000e+00
       5821    242.504    106.660 -106.76364   16.75854    106.000    15.6700    15.5705 4.3049e+04   4.311313     0.2946     0.0329    99.1803 1.2916e+00          0     0.7349     0.7482     0.0805     0.1148     4.6138     0.0000     1.1568     0.0000     0.7168     0.7367    34.4831    34.6276    25.4284    25.5620     25.377     30.971     10.084     12.293 0.0000e+00
       5835    243.088    107.666 -106.76364   16.75854    107.000    15.5127    15.4733 4.2900e+04   4.297249     0.2817     0.0316    99.2136 1.2178e+00          0     0.7342     0.7475     0.0792     0.1146     4.6154     0.0000     1.1331     0.0000     0.7075     0.7302    34.4864    34.5862    25.4663    25.5518     23.346     29.112      9.247     11.530 0.0000e+00
       5848    243.644    108.673 -106.76364   16.75854    108.000    15.4200    15.3741 4.2802e+04   4.288034     0.2331     0.0316    99.2133 1.1327e+00          0     0.7332     0.7472     0.0743     0.1128     4.6154     0.0000     1.1041     0.0000     0.6982     0.7218    34.4793    34.5900    25.4814    25.5769     22.545     27.570      8.914     10.898 0.0000e+00
       5862    244.211    109.679 -106.76364   16.75854    109.000    15.2589    15.2160 4.2661e+04   4.273438     0.2315     0.0312    99.2221 1.0618e+00          0     0.7311     0.7458     0.0742     0.1131     4.6158     0.0000     1.0784     0.0000     0.6909     0.7140    34.4932    34.5971    25.5279    25.6175     22.672     26.747      8.936     10.540 0.0000e+00
       5878    244.892    110.686 -106.76364   16.75854    110.000    15.2147    15.1810 4.2639e+04   4.270387     0.2179     0.0305    99.2394 9.9504e-01          0     0.7275     0.7433     0.0728     0.1130     4.6166     0.0000     1.0526     0.0000     0.6844     0.7060    34.5110    34.6000    25.5514    25.6274     23.314     26.243      9.182     10.334 0.0000e+00
       5926    246.883    111.692 -106.76362   16.75854    111.000    15.2350    15.1959 4.2658e+04   4.271724     0.2222     0.0299    99.2542 9.1279e-01          0     0.7045     0.7247     0.0732     0.1127     4.6173     0.0000     1.0184     0.0000     0.6812     0.6959    34.5106    34.5985    25.5467    25.6230     24.385     26.260      9.608     10.344 0.0000e+00
       6007    250.243    112.699 -106.76362   16.75854    112.000    15.2491    15.1991 4.2675e+04   4.272603     0.2483     0.0295    99.2667 8.5327e-01          0     0.6796     0.6938     0.0758     0.1130     4.6178     0.0000     0.9924     0.0000     0.6628     0.6802    34.5127    34.6032    25.5452    25.6260     18.034     22.680      7.108      8.935 0.0000e+00
       6027    251.085    113.705 -106.76362   16.75854    113.000    15.1755    15.1366 4.2623e+04   4.268513     0.2371     0.0295    99.2658 7.9402e-01          0     0.6833     0.6941     0.0747     0.1145     4.6178     0.0000     0.9644     0.0000     0.6498     0.6698    34.5303    34.6210    25.5751    25.6535     16.481     20.758      6.487      8.168 0.0000e+00
       6045    251.829    114.712 -106.76362   16.75854    114.000    15.1433    15.1098 4.2603e+04   4.266449     0.2220     0.0296    99.2643 7.3967e-01          0     0.6820     0.6926     0.0732     0.1135     4.6177     0.0000     0.9372     0.0000     0.6402     0.6607    34.5405    34.6256    25.5900    25.6629     15.722     19.474      6.184      7.659 0.0000e+00
       6061    252.513    115.719 -106.76362   16.75854    115.000    15.1203    15.0844 4.2586e+04   4.264863     0.2075     0.0295    99.2658 7.0102e-01          0     0.6766     0.6901     0.0717     0.1130     4.6178     0.0000     0.9167     0.0000     0.6333     0.6535    34.5448    34.6333    25.5984    25.6745     15.806     18.871      6.215      7.419 0.0000e+00
       6078    253.203    116.725 -106.76362   16.75854    116.000    15.0968    15.0621 4.2575e+04   4.263568     0.1862     0.0294    99.2673 6.6146e-01          0     0.6686     0.6848     0.0696     0.1133     4.6179     0.0000     0.8947     0.0000     0.6285     0.6476    34.5550    34.6409    25.6115    25.6853     15.846     18.505      6.228      7.272 0.0000e+00
       6097    254.000    117.732 -106.76362   16.75854    117.000    15.0554    15.0196 4.2541e+04   4.260400     0.1981     0.0285    99.2908 6.1969e-01          0     0.6583     0.6770     0.0708     0.1130     4.6189     0.0000     0.8701     0.0000     0.6236     0.6421    34.5604    34.6493    25.6248    25.7011     15.085     17.896      5.924      7.027 0.0000e+00
       6122    255.035    118.738 -106.76362   16.75854    118.000    14.9966    14.9612 4.2486e+04   4.254849     0.2198     0.0277    99.3095 5.8131e-01          0     0.6449     0.6652     0.0730     0.1128     4.6198     0.0000     0.8462     0.0000     0.6154     0.6348    34.5621    34.6502    25.6390    25.7147     13.222     16.645      5.187      6.528 0.0000e+00
       6163    256.752    119.745 -106.76360   16.75856    119.000    14.9531    14.9181 4.2464e+04   4.252514     0.2382     0.0272    99.3230 5.4776e-01          0     0.6292     0.6484     0.0748     0.1129     4.6205     0.0000     0.8243     0.0000     0.5985     0.6193    34.5799    34.6668    25.6623    25.7369     10.184     13.829      3.992      5.420 0.0000e+00
       6204    258.461    120.751 -106.76360   16.75856    120.000    14.8543    14.8192 4.2388e+04   4.245051     0.2249     0.0274    99.3181 5.1341e-01          0     0.6171     0.6362     0.0735     0.1131     4.6203     0.0000     0.8006     0.0000     0.5780     0.6009    34.5981    34.6863    25.6978    25.7735      6.258     10.465      2.448      4.094 0.0000e+00
       6233    259.669    121.758 -106.76360   16.75856    121.000    14.8420    14.8084 4.2402e+04   4.246167     0.1785     0.0274    99.3183 4.8471e-01          0     0.6054     0.6259     0.0689     0.1132     4.6203     0.0000     0.7798     0.0000     0.5612     0.5850    34.6216    34.7056    25.7186    25.7908      3.849      7.939      1.506      3.106 0.0000e+00
       6257    260.651    122.764 -106.76360   16.75856    122.000    14.7874    14.7497 4.2367e+04   4.243116     0.1694     0.0274    99.3183 4.5928e-01          0     0.5954     0.6162     0.0680     0.1130     4.6203     0.0000     0.7604     0.0000     0.5481     0.5720    34.6378    34.7297    25.7430    25.8221      2.527      6.073      0.988      2.373 0.0000e+00
       6278    261.549    123.771 -106.76360   16.75856    123.000    14.7069    14.6704 4.2311e+04   4.237350     0.1642     0.0274    99.3183 4.3337e-01          0     0.5845     0.6069     0.0675     0.1131     4.6203     0.0000     0.7398     0.0000     0.5383     0.5608    34.6570    34.7473    25.7753    25.8529      2.407      4.991      0.939      1.947 0.0000e+00
       6300    262.476    124.777 -106.76360   16.75856    124.000    14.6175    14.5793 4.2241e+04   4.230692     0.1479     0.0271    99.3248 4.1526e-01          0     0.5718     0.5949     0.0658     0.1130     4.6206     0.0000     0.7247     0.0000     0.5318     0.5526    34.6728    34.7673    25.8068    25.8880      2.622      4.636      1.022      1.806 0.0000e+00
       6326    263.539    125.784 -106.76360   16.75856    125.000    14.5398    14.5057 4.2172e+04   4.223529     0.1489     0.0268    99.3322 3.8813e-01          0     0.5571     0.5811     0.0659     0.1130     4.6209     0.0000     0.7011     0.0000     0.5263     0.5457    34.6784    34.7670    25.8278    25.9036      2.312      4.088      0.899      1.590 0.0000e+00
       6356    264.781    126.791 -106.76360   16.75856    126.000    14.4786    14.4430 4.2122e+04   4.218561     0.1670     0.0269    99.3300 3.6770e-01          0     0.5422     0.5651     0.0677     0.1132     4.6208     0.0000     0.6826     0.0000     0.5212     0.5394    34.6863    34.7771    25.8471    25.9248      2.090      3.600      0.812      1.399 0.0000e+00
       6398    266.560    127.797 -106.76360   16.75856    127.000    14.3458    14.3102 4.2011e+04   4.207486     0.2210     0.0298    99.2588 3.4731e-01          0     0.5297     0.5496     0.0731     0.1132     4.6175     0.0000     0.6632     0.0000     0.5166     0.5341    34.7024    34.7938    25.8879    25.9661      2.156      3.532      0.836      1.369 0.0000e+00
       6433    268.008    128.804 -106.76360   16.75856    128.000    14.2765    14.2414 4.1948e+04   4.201097     0.2982     0.0317    99.2114 3.2676e-01          0     0.5230     0.5413     0.0808     0.1142     4.6153     0.0000     0.6427     0.0000     0.5148     0.5323    34.7066    34.7962    25.9060    25.9826      2.042      3.384      0.790      1.309 0.0000e+00
       6457    268.983    129.810 -106.76360   16.75856    129.000    14.2253    14.1904 4.1901e+04   4.196473     0.3075     0.0318    99.2080 3.0724e-01          0     0.5199     0.5375     0.0817     0.1136     4.6152     0.0000     0.6223     0.0000     0.5134     0.5310    34.7089    34.7990    25.9186    25.9956      1.884      3.233      0.728      1.250 0.0000e+00
