data/ctd-cnv/KM1919/KM1919-St20-P2/St20_P2_cast35-align-cellTM-derive-bin.cnv
* Sea-Bird SBE 9 Data File:
* FileName = C:\Users\otg\Desktop\CTD Data\km1920\St20_P2_cast35.hex
* Software Version Seasave V 7.26.7.107
* Temperature SN = 5554
* Conductivity SN = 3876
* Number of Bytes Per Scan = 41
* Number of Voltage Words = 4
* Number of Scans Averaged by the Deck Unit = 1
* NMEA Latitude = 16 47.15 N
* NMEA Longitude = 106 51.09 W
* NMEA UTC (Time) = Oct 06 2019  22:43:35
* NMEA baud rate = 4800
** Ship: Kilo Moana
** Station: St20_P2cast 35
** Operator: jac
# nquan = 34
# nvalues = 1202                        
# units = specified
# name 0 = scan: Scan Count
# name 1 = timeS: Time, Elapsed [seconds]
# name 2 = prDM: Pressure, Digiquartz [db]
# name 3 = longitude: Longitude [deg]
# name 4 = latitude: Latitude [deg]
# name 5 = depSMignore: Depth [salt water, m]
# name 6 = t090C: Temperature [ITS-90, deg C]
# name 7 = t190C: Temperature, 2 [ITS-90, deg C]
# name 8 = c0uS/cm: Conductivity [uS/cm]
# name 9 = c1S/m: Conductivity, 2 [S/m]
# name 10 = flECO-AFL: Fluorescence, WET Labs ECO-AFL/FL [mg/m^3]
# name 11 = CStarAt0: Beam Attenuation, WET Labs C-Star [1/m]
# name 12 = CStarTr0: Beam Transmission, WET Labs C-Star [%]
# name 13 = par: PAR/Irradiance, Biospherical/Licor
# name 14 = modError: Modulo Error Count
# name 15 = v0: Voltage 0
# name 16 = v1: Voltage 1
# name 17 = v2: Voltage 2
# name 18 = v3: Voltage 3
# name 19 = v4: Voltage 4
# name 20 = v5: Voltage 5
# name 21 = v6: Voltage 6
# name 22 = v7: Voltage 7
# name 23 = sbeox0V: Oxygen raw, SBE 43 [V]
# name 24 = sbeox1V: Oxygen raw, SBE 43, 2 [V]
# name 25 = sal00: Salinity, Practical [PSU]
# name 26 = sal11: Salinity, Practical, 2 [PSU]
# name 27 = sigma-é00: Density [sigma-theta, kg/m^3]
# name 28 = sigma-é11: Density, 2 [sigma-theta, kg/m^3]
# name 29 = sbeox0Mm/L: Oxygen, SBE 43 [umol/l], WS = 2
# name 30 = sbeox1Mm/L: Oxygen, SBE 43, 2 [umol/l], WS = 2
# name 31 = sbeox0PS: Oxygen, SBE 43 [% saturation], WS = 2
# name 32 = sbeox1PS: Oxygen, SBE 43, 2 [% saturation], WS = 2
# name 33 = flag: flag
# span 0 =        277,      41339       
# span 1 =     11.506,   1722.400       
# span 2 =      2.012,   1213.710       
# span 3 = -106.85148, -106.85131       
# span 4 =   16.78566,   16.78584       
# span 5 =      2.000,   1203.000       
# span 6 =     3.9019,    29.6551       
# span 7 =     3.8777,    29.6140       
# span 8 = 3.2641e+04, 5.7376e+04       
# span 9 =   3.268431,   5.745853       
# span 10 =     0.0517,     1.7789      
# span 11 =     0.0115,     0.1283      
# span 12 =    96.8424,    99.7123      
# span 13 = -1.157e-04, 2.3746e+02      
# span 14 =          0,          0      
# span 15 =     0.5022,     2.4577      
# span 16 =     0.5124,     2.4355      
# span 17 =     0.0562,     0.2289      
# span 18 =     0.1143,     0.1222      
# span 19 =     4.5051,     4.6386      
# span 20 =     0.0000,     0.0000      
# span 21 =     0.0080,     3.3872      
# span 22 =     0.0000,     0.0000      
# span 23 =     0.4996,     2.4549      
# span 24 =     0.5117,     2.4404      
# span 25 =    34.3294,    34.7842      
# span 26 =    34.5483,    36.2313      
# span 27 =    21.5309,    27.4640      
# span 28 =    21.6090,    27.5277      
# span 29 =     -1.849,    228.905      
# span 30 =      0.626,    222.664      
# span 31 =     -0.706,    105.136      
# span 32 =      0.210,    109.630      
# span 33 = 0.0000e+00, 0.0000e+00      
# interval = meters: 1                  
# start_time = Oct 06 2019 22:48:55 [NMEA time, first data scan]
# bad_flag = -9.990e-29
*END*
[from data line 257]
      11748    489.463    260.710 -106.85144   16.78580    259.000    11.3808    11.3506 3.9257e+04   3.931157     0.0639     0.0284    99.2920 4.8195e-04          0     0.5043     0.5155     0.0574     0.1172     4.6190     0.0000     0.0110     0.0000     0.5035     0.5146    34.7390    34.8209    26.5087    26.5780      1.044      1.189      0.381      0.434 0.0000e+00
      11778    490.713    261.717 -106.85144   16.78580    260.000    11.3697    11.3393 3.9247e+04   3.930077     0.0736     0.0285    99.2902 5.1141e-04          0     0.5043     0.5154     0.0584     0.1152     4.6189     0.0000     0.0111     0.0000     0.5035     0.5145    34.7383    34.8204    26.5102    26.5798      1.045      1.212      0.381      0.442 0.0000e+00
      11803    491.764    262.724 -106.85144   16.78580    261.000    11.3650    11.3350 3.9243e+04   3.929628     0.0647     0.0284    99.2920 7.5587e-04          0     0.5043     0.5154     0.0575     0.1170     4.6190     0.0000     0.0122     0.0000     0.5035     0.5146    34.7383    34.8197    26.5111    26.5800      1.045      1.260      0.381      0.459 0.0000e+00
      11826    492.698    263.732 -106.85144   16.78580    262.000    11.3615    11.3312 3.9240e+04   3.929327     0.0639     0.0284    99.2920 8.3614e-04          0     0.5043     0.5154     0.0574     0.1171     4.6190     0.0000     0.0125     0.0000     0.5035     0.5148    34.7388    34.8198    26.5121    26.5807      1.045      1.243      0.381      0.453 0.0000e+00
      11849    493.658    264.739 -106.85144   16.78580    263.000    11.3375    11.3038 3.9215e+04   3.927058     0.0639     0.0284    99.2920 8.3252e-04          0     0.5043     0.5154     0.0574     0.1171     4.6190     0.0000     0.0125     0.0000     0.5035     0.5147    34.7364    34.8227    26.5147    26.5881      1.046      1.244      0.381      0.453 0.0000e+00
      11876    494.790    265.746 -106.85144   16.78580    264.000    11.2752    11.2430 3.9153e+04   3.920756     0.0639     0.0283    99.2944 8.6062e-04          0     0.5043     0.5154     0.0574     0.1172     4.6191     0.0000     0.0126     0.0000     0.5035     0.5147    34.7324    34.8171    26.5231    26.5949      1.048      1.227      0.381      0.446 0.0000e+00
      11916    496.442    266.754 -106.85144   16.78580    265.000    11.2457    11.2160 3.9123e+04   3.917745     0.0639     0.0280    99.3036 7.0681e-04          0     0.5043     0.5155     0.0574     0.1164     4.6196     0.0000     0.0120     0.0000     0.5035     0.5147    34.7302    34.8123    26.5268    26.5961      1.048      1.228      0.381      0.447 0.0000e+00
      11954    498.051    267.761 -106.85144   16.78580    266.000    11.2317    11.2021 3.9109e+04   3.916387     0.0639     0.0281    99.2994 7.4606e-04          0     0.5043     0.5156     0.0574     0.1148     4.6194     0.0000     0.0121     0.0000     0.5035     0.5146    34.7291    34.8115    26.5285    26.5981      1.049      1.168      0.381      0.425 0.0000e+00
      11979    499.093    268.768 -106.85144   16.78580    267.000    11.2242    11.1947 3.9102e+04   3.915601     0.0639     0.0274    99.3176 7.2344e-04          0     0.5043     0.5156     0.0574     0.1149     4.6203     0.0000     0.0120     0.0000     0.5035     0.5145    34.7286    34.8103    26.5295    26.5984      1.049      1.193      0.381      0.433 0.0000e+00
      11999    499.917    269.775 -106.85144   16.78580    268.000    11.2217    11.1920 3.9099e+04   3.915368     0.0639     0.0274    99.3183 7.4719e-04          0     0.5043     0.5154     0.0574     0.1149     4.6203     0.0000     0.0121     0.0000     0.5035     0.5145    34.7283    34.8101    26.5298    26.5988      1.049      1.206      0.381      0.438 0.0000e+00
      12017    500.658    270.783 -106.85144   16.78580    269.000    11.2197    11.1894 3.9099e+04   3.915170     0.0639     0.0274    99.3183 7.6242e-04          0     0.5043     0.5156     0.0574     0.1151     4.6203     0.0000     0.0122     0.0000     0.5035     0.5146    34.7289    34.8101    26.5306    26.5994      1.050      1.215      0.381      0.441 0.0000e+00
      12035    501.402    271.790 -106.85144   16.78580    270.000    11.2162    11.1867 3.9096e+04   3.914967     0.0639     0.0274    99.3183 8.6352e-04          0     0.5043     0.5154     0.0574     0.1172     4.6203     0.0000     0.0126     0.0000     0.5035     0.5146    34.7290    34.8102    26.5313    26.6000      1.050      1.225      0.381      0.445 0.0000e+00
      12055    502.241    272.797 -106.85144   16.78580    271.000    11.2128    11.1828 3.9093e+04   3.914589     0.0639     0.0274    99.3172 8.0264e-04          0     0.5043     0.5153     0.0574     0.1172     4.6202     0.0000     0.0124     0.0000     0.5035     0.5146    34.7287    34.8097    26.5317    26.6003      1.050      1.218      0.381      0.442 0.0000e+00
      12081    503.320    273.804 -106.85144   16.78580    272.000    11.2108    11.1810 3.9091e+04   3.914471     0.0723     0.0278    99.3070 7.1822e-04          0     0.5043     0.5153     0.0582     0.1155     4.6197     0.0000     0.0120     0.0000     0.5035     0.5145    34.7283    34.8098    26.5318    26.6007      1.050      1.180      0.382      0.429 0.0000e+00
      12119    504.935    274.812 -106.85144   16.78580    273.000    11.2073    11.1773 3.9088e+04   3.914123     0.0648     0.0281    99.3010 5.6792e-04          0     0.5043     0.5154     0.0575     0.1169     4.6194     0.0000     0.0114     0.0000     0.5035     0.5145    34.7284    34.8094    26.5326    26.6011      1.040      1.204      0.378      0.437 0.0000e+00
      12164    506.812    275.819 -106.85144   16.78580    274.000    11.2047    11.1751 3.9086e+04   3.913956     0.0639     0.0279    99.3053 4.7848e-04          0     0.5043     0.5154     0.0574     0.1169     4.6197     0.0000     0.0110     0.0000     0.5035     0.5145    34.7287    34.8093    26.5333    26.6015      1.059      1.196      0.385      0.434 0.0000e+00
      12195    508.064    276.826 -106.85144   16.78580    275.000    11.2017    11.1719 3.9084e+04   3.913715     0.0639     0.0274    99.3187 4.8236e-04          0     0.5043     0.5153     0.0574     0.1151     4.6203     0.0000     0.0110     0.0000     0.5035     0.5145    34.7286    34.8095    26.5338    26.6022      1.051      1.256      0.382      0.456 0.0000e+00
      12217    508.998    277.834 -106.85144   16.78580    276.000    11.1968    11.1673 3.9079e+04   3.913335     0.0639     0.0274    99.3183 5.2127e-04          0     0.5043     0.5153     0.0574     0.1172     4.6203     0.0000     0.0112     0.0000     0.5035     0.5148    34.7281    34.8097    26.5343    26.6032      1.051      1.304      0.382      0.473 0.0000e+00
      12237    509.831    278.841 -106.85144   16.78580    277.000    11.1736    11.1409 3.9056e+04   3.911402     0.0752     0.0275    99.3157 5.7869e-04          0     0.5042     0.5153     0.0585     0.1171     4.6202     0.0000     0.0114     0.0000     0.5035     0.5147    34.7266    34.8150    26.5374    26.6122      1.052      1.167      0.382      0.423 0.0000e+00
      12256    510.642    279.848 -106.85144   16.78580    278.000    11.0646    11.0311 3.8942e+04   3.900256     0.0748     0.0272    99.3222 5.1387e-04          0     0.5043     0.5153     0.0585     0.1171     4.6205     0.0000     0.0111     0.0000     0.5035     0.5146    34.7159    34.8074    26.5489    26.6262      1.055      1.213      0.382      0.439 0.0000e+00
      12278    511.527    280.856 -106.85144   16.78580    279.000    11.0341    11.0033 3.8912e+04   3.896830     0.0750     0.0266    99.3374 4.8285e-04          0     0.5043     0.5153     0.0585     0.1161     4.6212     0.0000     0.0110     0.0000     0.5035     0.5146    34.7143    34.7991    26.5531    26.6248      1.056      1.206      0.382      0.436 0.0000e+00
      12304    512.639    281.863 -106.85144   16.78580    280.000    10.9844    10.9531 3.8862e+04   3.891941     0.0696     0.0263    99.3436 4.8236e-04          0     0.5043     0.5157     0.0580     0.1149     4.6215     0.0000     0.0110     0.0000     0.5035     0.5147    34.7103    34.7974    26.5591    26.6325      1.057      1.270      0.382      0.459 0.0000e+00
      12338    514.062    282.870 -106.85144   16.78580    281.000    10.9306    10.8999 3.8807e+04   3.886383     0.0642     0.0263    99.3445 4.9003e-04          0     0.5043     0.5154     0.0574     0.1149     4.6215     0.0000     0.0110     0.0000     0.5035     0.5145    34.7065    34.7920    26.5657    26.6378      1.058      1.181      0.382      0.426 0.0000e+00
      12374    515.547    283.878 -106.85144   16.78580    282.000    10.8872    10.8564 3.8764e+04   3.881962     0.0756     0.0261    99.3492 4.8223e-04          0     0.5043     0.5154     0.0585     0.1155     4.6217     0.0000     0.0110     0.0000     0.5035     0.5146    34.7033    34.7885    26.5710    26.6430      1.047      1.249      0.378      0.450 0.0000e+00
      12404    516.772    284.885 -106.85144   16.78580    283.000    10.8520    10.8214 3.8728e+04   3.878352     0.0710     0.0253    99.3676 4.8236e-04          0     0.5043     0.5155     0.0581     0.1172     4.6226     0.0000     0.0110     0.0000     0.5034     0.5145    34.7006    34.7852    26.5753    26.6466      1.060      1.180      0.382      0.425 0.0000e+00
      12428    517.786    285.892 -106.85144   16.78580    284.000    10.8353    10.8047 3.8712e+04   3.876663     0.0669     0.0253    99.3685 5.9597e-04          0     0.5043     0.5153     0.0577     0.1171     4.6226     0.0000     0.0115     0.0000     0.5035     0.5145    34.7004    34.7836    26.5781    26.6484      1.072      1.201      0.386      0.433 0.0000e+00
      12451    518.743    286.900 -106.85144   16.78579    285.000    10.8268    10.7973 3.8704e+04   3.875778     0.0757     0.0252    99.3697 6.2269e-04          0     0.5043     0.5154     0.0586     0.1166     4.6227     0.0000     0.0116     0.0000     0.5035     0.5145    34.6996    34.7814    26.5790    26.6480      1.062      1.226      0.382      0.442 0.0000e+00
      12475    519.736    287.907 -106.85144   16.78578    286.000    10.8244    10.7948 3.8703e+04   3.875596     0.0735     0.0252    99.3708 4.8143e-04          0     0.5042     0.5154     0.0583     0.1152     4.6227     0.0000     0.0110     0.0000     0.5035     0.5144    34.7000    34.7815    26.5798    26.6486      1.062      1.182      0.382      0.426 0.0000e+00
      12499    520.765    288.914 -106.85144   16.78578    287.000    10.8218    10.7919 3.8700e+04   3.875359     0.0638     0.0252    99.3697 4.8236e-04          0     0.5043     0.5153     0.0574     0.1168     4.6227     0.0000     0.0110     0.0000     0.5035     0.5145    34.6993    34.7813    26.5797    26.6490      1.062      1.178      0.383      0.424 0.0000e+00
      12526    521.896    289.922 -106.85144   16.78578    288.000    10.8139    10.7838 3.8693e+04   3.874627     0.0639     0.0257    99.3591 4.8236e-04          0     0.5043     0.5153     0.0574     0.1154     4.6222     0.0000     0.0110     0.0000     0.5035     0.5143    34.6995    34.7813    26.5813    26.6504      1.062      1.193      0.383      0.430 0.0000e+00
      12560    523.296    290.929 -106.85144   16.78578    289.000    10.8047    10.7750 3.8684e+04   3.873761     0.0698     0.0259    99.3535 4.8236e-04          0     0.5043     0.5153     0.0580     0.1171     4.6219     0.0000     0.0110     0.0000     0.5035     0.5144    34.6990    34.7805    26.5826    26.6514      1.044      1.215      0.376      0.437 0.0000e+00
      12590    524.561    291.937 -106.85144   16.78578    290.000    10.7948    10.7650 3.8675e+04   3.872824     0.0668     0.0252    99.3711 4.9373e-04          0     0.5043     0.5152     0.0577     0.1153     4.6227     0.0000     0.0110     0.0000     0.5035     0.5145    34.6982    34.7802    26.5837    26.6530      1.082      1.176      0.390      0.423 0.0000e+00
      12613    525.499    292.944 -106.85144   16.78578    291.000    10.7905    10.7611 3.8671e+04   3.872431     0.0639     0.0252    99.3708 4.8237e-04          0     0.5043     0.5151     0.0574     0.1163     4.6227     0.0000     0.0110     0.0000     0.5035     0.5143    34.6980    34.7794    26.5843    26.6531      1.063      1.185      0.383      0.427 0.0000e+00
      12633    526.318    293.951 -106.85144   16.78578    292.000    10.7883    10.7587 3.8670e+04   3.872233     0.0677     0.0252    99.3708 4.8236e-04          0     0.5043     0.5152     0.0578     0.1163     4.6227     0.0000     0.0110     0.0000     0.5035     0.5144    34.6985    34.7794    26.5852    26.6535      1.064      1.204      0.383      0.433 0.0000e+00
      12653    527.177    294.959 -106.85144   16.78578    293.000    10.7855    10.7557 3.8667e+04   3.871987     0.0748     0.0252    99.3697 4.8236e-04          0     0.5042     0.5152     0.0585     0.1154     4.6226     0.0000     0.0110     0.0000     0.5035     0.5143    34.6983    34.7792    26.5856    26.6539      1.064      1.210      0.383      0.436 0.0000e+00
      12682    528.364    295.966 -106.85144   16.78578    294.000    10.7748    10.7448 3.8657e+04   3.870994     0.0708     0.0252    99.3707 4.8236e-04          0     0.5043     0.5152     0.0581     0.1161     4.6227     0.0000     0.0110     0.0000     0.5035     0.5145    34.6974    34.7792    26.5868    26.6559      1.064      1.214      0.383      0.437 0.0000e+00
      12726    530.211    296.973 -106.85144   16.78578    295.000    10.7579    10.7281 3.8640e+04   3.869315     0.0665     0.0257    99.3586 4.7621e-04          0     0.5043     0.5152     0.0577     0.1148     4.6221     0.0000     0.0110     0.0000     0.5035     0.5144    34.6963    34.7778    26.5889    26.6578      1.065      1.191      0.383      0.428 0.0000e+00
      12765    531.845    297.981 -106.85144   16.78578    296.000    10.7418    10.7116 3.8624e+04   3.867784     0.0691     0.0257    99.3590 3.8068e-04          0     0.5043     0.5153     0.0579     0.1160     4.6222     0.0000     0.0106     0.0000     0.5035     0.5145    34.6955    34.7777    26.5912    26.6606      1.065      1.306      0.383      0.470 0.0000e+00
      12790    532.886    298.988 -106.85144   16.78578    297.000    10.7286    10.6988 3.8612e+04   3.866485     0.0700     0.0246    99.3871 4.8528e-04          0     0.5043     0.5152     0.0580     0.1159     4.6234     0.0000     0.0110     0.0000     0.5035     0.5147    34.6947    34.7763    26.5929    26.6619      1.066      1.223      0.383      0.439 0.0000e+00
      12810    533.725    299.996 -106.85144   16.78578    298.000    10.6966    10.6635 3.8579e+04   3.863577     0.0749     0.0250    99.3761 4.8236e-04          0     0.5043     0.5152     0.0585     0.1148     4.6229     0.0000     0.0110     0.0000     0.5035     0.5145    34.6922    34.7802    26.5967    26.6712      1.067      1.181      0.383      0.424 0.0000e+00
      12829    534.510    301.003 -106.85144   16.78578    299.000    10.6228    10.5893 3.8505e+04   3.856257     0.0741     0.0245    99.3881 4.8236e-04          0     0.5043     0.5152     0.0584     0.1149     4.6235     0.0000     0.0110     0.0000     0.5035     0.5145    34.6868    34.7768    26.6055    26.6816      1.069      1.221      0.383      0.438 0.0000e+00
