data/ctd-cnv/KM1919/KM1919-St20-P2/St20_P2_cast34-align-cellTM-derive-bin.cnv
* Sea-Bird SBE 9 Data File:
* FileName = C:\Users\otg\Desktop\CTD Data\km1920\St20_P2_cast34.hex
* Software Version Seasave V 7.26.7.107
* Temperature SN = 5554
* Conductivity SN = 3876
* Number of Bytes Per Scan = 41
* Number of Voltage Words = 4
* Number of Scans Averaged by the Deck Unit = 1
* NMEA Latitude = 16 47.14 N
* NMEA Longitude = 106 51.16 W
* NMEA UTC (Time) = Oct 06 2019  19:31:20
* NMEA baud rate = 4800
** Ship: Kilo Moana
** Station: St20_P2cast 34
** Operator: cf
** eDNA
# nquan = 34
# nvalues = 704                         
# units = specified
# name 0 = scan: Scan Count
# name 1 = timeS: Time, Elapsed [seconds]
# name 2 = prDM: Pressure, Digiquartz [db]
# name 3 = longitude: Longitude [deg]
# name 4 = latitude: Latitude [deg]
# name 5 = depSMignore: Depth [salt water, m]
# name 6 = t090C: Temperature [ITS-90, deg C]
# name 7 = t190C: Temperature, 2 [ITS-90, deg C]
# name 8 = c0uS/cm: Conductivity [uS/cm]
# name 9 = c1S/m: Conductivity, 2 [S/m]
# name 10 = flECO-AFL: Fluorescence, WET Labs ECO-AFL/FL [mg/m^3]
# name 11 = CStarAt0: Beam Attenuation, WET Labs C-Star [1/m]
# name 12 = CStarTr0: Beam Transmission, WET Labs C-Star [%]
# name 13 = par: PAR/Irradiance, Biospherical/Licor
# name 14 = modError: Modulo Error Count
# name 15 = v0: Voltage 0
# name 16 = v1: Voltage 1
# name 17 = v2: Voltage 2
# name 18 = v3: Voltage 3
# name 19 = v4: Voltage 4
# name 20 = v5: Voltage 5
# name 21 = v6: Voltage 6
# name 22 = v7: Voltage 7
# name 23 = sbeox0V: Oxygen raw, SBE 43 [V]
# name 24 = sbeox1V: Oxygen raw, SBE 43, 2 [V]
# name 25 = sal00: Salinity, Practical [PSU]
# name 26 = sal11: Salinity, Practical, 2 [PSU]
# name 27 = sigma-é00: Density [sigma-theta, kg/m^3]
# name 28 = sigma-é11: Density, 2 [sigma-theta, kg/m^3]
# name 29 = sbeox0Mm/L: Oxygen, SBE 43 [umol/l], WS = 2
# name 30 = sbeox1Mm/L: Oxygen, SBE 43, 2 [umol/l], WS = 2
# name 31 = sbeox0PS: Oxygen, SBE 43 [% saturation], WS = 2
# name 32 = sbeox1PS: Oxygen, SBE 43, 2 [% saturation], WS = 2
# name 33 = flag: flag
# span 0 =        -12,      23490       
# span 1 =     -0.544,    978.720       
# span 2 =      1.006,    709.413       
# span 3 = -106.85292, -106.85276       
# span 4 =   16.78568,   16.78570       
# span 5 =      1.000,    704.000       
# span 6 =     6.0668,    29.5516       
# span 7 =     6.0401,    29.5443       
# span 8 = 3.4328e+04, 5.7270e+04       
# span 9 =   3.437385,   5.737654       
# span 10 =     0.0420,     1.8612      
# span 11 =     0.0144,     0.1406      
# span 12 =    96.5470,    99.6399      
# span 13 = 1.8359e-05, 1.5040e+03      
# span 14 =          0,          0      
# span 15 =     0.5030,     2.4700      
# span 16 =     0.5116,     2.4574      
# span 17 =     0.0552,     0.2371      
# span 18 =     0.1139,     0.1256      
# span 19 =     4.4914,     4.6352      
# span 20 =     0.0000,     0.0000      
# span 21 =     0.0086,     4.1786      
# span 22 =     0.0000,     0.0000      
# span 23 =     0.5024,     2.4686      
# span 24 =     0.5111,     2.4558      
# span 25 =    34.3439,    34.7852      
# span 26 =    34.4377,    34.8730      
# span 27 =    21.5677,    27.1823      
# span 28 =    21.6286,    27.2476      
# span 29 =      0.807,    228.432      
# span 30 =      0.695,    239.673      
# span 31 =      0.274,    105.275      
# span 32 =      0.225,    110.402      
# span 33 = 0.0000e+00, 0.0000e+00      
# interval = meters: 1                  
# start_time = Oct 06 2019 19:38:19 [NMEA time, first data scan]
# bad_flag = -9.990e-29
*END*
[from data line 470]
      15826    659.373    474.354 -106.85290   16.78570    471.000     7.9989     7.9703 3.6020e+04   3.607104     0.0693     0.0179    99.5545 1.5840e-04          0     0.5033     0.5140     0.0579     0.1171     4.6313     0.0000     0.0095     0.0000     0.5030     0.5135    34.5670    34.6503    26.9411    27.0109      1.185      1.188      0.401      0.402 0.0000e+00
      15846    660.213    475.362 -106.85291   16.78570    472.000     7.9779     7.9498 3.6000e+04   3.605043     0.0666     0.0178    99.5561 2.0581e-04          0     0.5034     0.5142     0.0577     0.1171     4.6314     0.0000     0.0098     0.0000     0.5028     0.5135    34.5659    34.6479    26.9434    27.0120      0.860      1.168      0.291      0.395 0.0000e+00
      15863    660.902    476.370 -106.85292   16.78570    473.000     7.9591     7.9293 3.5982e+04   3.603357     0.0690     0.0178    99.5560 1.9093e-04          0     0.5037     0.5140     0.0579     0.1172     4.6314     0.0000     0.0097     0.0000     0.5027     0.5135    34.5654    34.6496    26.9459    27.0164      0.831      1.121      0.281      0.379 0.0000e+00
      15879    661.564    477.379 -106.85292   16.78570    474.000     7.9159     7.8842 3.5941e+04   3.599391     0.0654     0.0179    99.5545 1.9063e-04          0     0.5036     0.5142     0.0575     0.1172     4.6313     0.0000     0.0097     0.0000     0.5026     0.5135    34.5636    34.6512    26.9508    27.0243      1.071      1.087      0.362      0.367 0.0000e+00
      15896    662.282    478.387 -106.85292   16.78569    475.000     7.8759     7.8446 3.5905e+04   3.595338     0.0652     0.0179    99.5545 1.9261e-04          0     0.5034     0.5141     0.0575     0.1171     4.6313     0.0000     0.0097     0.0000     0.5027     0.5133    34.5635    34.6463    26.9566    27.0264      1.099      1.130      0.371      0.381 0.0000e+00
      15918    663.212    479.395 -106.85292   16.78568    476.000     7.8579     7.8301 3.5888e+04   3.593836     0.0640     0.0179    99.5545 1.6675e-04          0     0.5038     0.5142     0.0574     0.1171     4.6313     0.0000     0.0096     0.0000     0.5027     0.5135    34.5625    34.6442    26.9585    27.0268      0.999      1.132      0.337      0.382 0.0000e+00
      15951    664.572    480.404 -106.85292   16.78568    477.000     7.8464     7.8188 3.5877e+04   3.592766     0.0648     0.0180    99.5532 1.8155e-04          0     0.5033     0.5142     0.0575     0.1171     4.6312     0.0000     0.0097     0.0000     0.5027     0.5132    34.5622    34.6433    26.9600    27.0278      1.072      1.062      0.361      0.358 0.0000e+00
      15988    666.118    481.412 -106.85292   16.78568    478.000     7.8407     7.8123 3.5873e+04   3.592116     0.0646     0.0178    99.5575 1.6276e-04          0     0.5034     0.5141     0.0575     0.1172     4.6314     0.0000     0.0095     0.0000     0.5025     0.5133    34.5622    34.6423    26.9608    27.0280      0.939      1.145      0.317      0.386 0.0000e+00
      16019    667.428    482.420 -106.85292   16.78568    479.000     7.8353     7.8071 3.5869e+04   3.591716     0.0669     0.0169    99.5788 1.7420e-04          0     0.5033     0.5140     0.0577     0.1172     4.6324     0.0000     0.0096     0.0000     0.5027     0.5132    34.5626    34.6426    26.9620    27.0290      1.046      1.049      0.353      0.353 0.0000e+00
      16048    668.644    483.428 -106.85292   16.78570    480.000     7.8308     7.8019 3.5865e+04   3.591254     0.0651     0.0175    99.5633 1.6107e-04          0     0.5035     0.5139     0.0575     0.1170     4.6317     0.0000     0.0095     0.0000     0.5026     0.5133    34.5624    34.6424    26.9624    27.0296      0.984      1.170      0.332      0.394 0.0000e+00
      16077    669.836    484.437 -106.85292   16.78570    481.000     7.8262     7.7985 3.5861e+04   3.590952     0.0661     0.0169    99.5792 1.6715e-04          0     0.5032     0.5140     0.0576     0.1171     4.6324     0.0000     0.0096     0.0000     0.5025     0.5133    34.5625    34.6421    26.9632    27.0298      0.991      1.082      0.334      0.365 0.0000e+00
      16103    670.908    485.445 -106.85292   16.78570    482.000     7.8243     7.7964 3.5860e+04   3.590841     0.0670     0.0174    99.5653 1.6091e-04          0     0.5034     0.5140     0.0577     0.1171     4.6318     0.0000     0.0095     0.0000     0.5025     0.5131    34.5629    34.6424    26.9639    27.0305      1.006      1.036      0.339      0.349 0.0000e+00
      16126    671.875    486.453 -106.85292   16.78570    483.000     7.8180     7.7906 3.5854e+04   3.590323     0.0666     0.0176    99.5625 1.6798e-04          0     0.5033     0.5139     0.0577     0.1171     4.6317     0.0000     0.0096     0.0000     0.5026     0.5131    34.5626    34.6421    26.9645    27.0311      1.040      1.106      0.350      0.373 0.0000e+00
      16149    672.850    487.462 -106.85292   16.78570    484.000     7.8178     7.7907 3.5855e+04   3.590358     0.0649     0.0175    99.5633 2.0319e-04          0     0.5033     0.5141     0.0575     0.1171     4.6317     0.0000     0.0098     0.0000     0.5027     0.5132    34.5626    34.6419    26.9646    27.0309      1.160      1.188      0.391      0.400 0.0000e+00
      16174    673.863    488.470 -106.85292   16.78570    485.000     7.8136     7.7869 3.5851e+04   3.590092     0.0649     0.0179    99.5555 1.6914e-04          0     0.5032     0.5139     0.0575     0.1171     4.6313     0.0000     0.0096     0.0000     0.5027     0.5136    34.5622    34.6424    26.9649    27.0318      1.004      1.202      0.338      0.405 0.0000e+00
      16198    674.887    489.478 -106.85292   16.78570    486.000     7.8103     7.7832 3.5848e+04   3.589777     0.0639     0.0179    99.5545 1.2145e-04          0     0.5033     0.5138     0.0574     0.1174     4.6313     0.0000     0.0093     0.0000     0.5026     0.5132    34.5622    34.6421    26.9654    27.0322      0.945      1.048      0.318      0.353 0.0000e+00
      16224    675.943    490.487 -106.85292   16.78568    487.000     7.8053     7.7782 3.5845e+04   3.589343     0.0639     0.0181    99.5484 1.5660e-04          0     0.5033     0.5139     0.0574     0.1181     4.6310     0.0000     0.0095     0.0000     0.5025     0.5132    34.5628    34.6420    26.9666    27.0328      0.910      1.110      0.307      0.374 0.0000e+00
      16250    677.047    491.495 -106.85292   16.78568    488.000     7.7997     7.7728 3.5840e+04   3.588931     0.0629     0.0178    99.5578 1.8045e-04          0     0.5035     0.5138     0.0573     0.1171     4.6314     0.0000     0.0097     0.0000     0.5025     0.5135    34.5628    34.6424    26.9674    27.0339      1.041      1.204      0.351      0.406 0.0000e+00
      16275    678.104    492.503 -106.85292   16.78568    489.000     7.7904     7.7623 3.5832e+04   3.587968     0.0575     0.0178    99.5566 1.7063e-04          0     0.5034     0.5141     0.0568     0.1172     4.6314     0.0000     0.0096     0.0000     0.5024     0.5133    34.5625    34.6420    26.9686    27.0352      0.958      1.071      0.323      0.361 0.0000e+00
      16300    679.109    493.512 -106.85292   16.78568    490.000     7.7854     7.7578 3.5827e+04   3.587571     0.0639     0.0168    99.5809 1.7795e-04          0     0.5032     0.5140     0.0574     0.1171     4.6325     0.0000     0.0096     0.0000     0.5025     0.5133    34.5621    34.6416    26.9691    27.0356      1.007      1.116      0.339      0.376 0.0000e+00
      16325    680.148    494.520 -106.85292   16.78568    491.000     7.7807     7.7533 3.5823e+04   3.587175     0.0639     0.0168    99.5808 1.5637e-04          0     0.5031     0.5138     0.0574     0.1172     4.6325     0.0000     0.0095     0.0000     0.5025     0.5131    34.5621    34.6413    26.9697    27.0360      1.040      0.990      0.350      0.333 0.0000e+00
      16351    681.269    495.528 -106.85292   16.78568    492.000     7.7784     7.7503 3.5821e+04   3.586925     0.0639     0.0168    99.5808 1.7491e-04          0     0.5032     0.5140     0.0574     0.1171     4.6325     0.0000     0.0096     0.0000     0.5025     0.5132    34.5620    34.6412    26.9700    27.0363      1.030      1.171      0.347      0.394 0.0000e+00
      16381    682.487    496.537 -106.85292   16.78568    493.000     7.7737     7.7462 3.5817e+04   3.586554     0.0639     0.0168    99.5808 1.8279e-04          0     0.5032     0.5139     0.0574     0.1171     4.6325     0.0000     0.0097     0.0000     0.5026     0.5132    34.5616    34.6407    26.9704    27.0366      1.077      1.062      0.363      0.358 0.0000e+00
      16411    683.764    497.545 -106.85292   16.78570    494.000     7.7736     7.7464 3.5817e+04   3.586607     0.0639     0.0168    99.5808 1.7723e-04          0     0.5032     0.5137     0.0574     0.1171     4.6325     0.0000     0.0096     0.0000     0.5026     0.5131    34.5615    34.6407    26.9703    27.0365      0.982      1.133      0.331      0.381 0.0000e+00
      16441    685.015    498.554 -106.85292   16.78570    495.000     7.7731     7.7458 3.5817e+04   3.586596     0.0639     0.0174    99.5665 1.7626e-04          0     0.5032     0.5138     0.0574     0.1171     4.6318     0.0000     0.0096     0.0000     0.5026     0.5133    34.5613    34.6406    26.9702    27.0366      0.976      1.193      0.329      0.401 0.0000e+00
      16472    686.276    499.562 -106.85292   16.78570    496.000     7.7731     7.7458 3.5818e+04   3.586633     0.0639     0.0178    99.5574 1.4575e-04          0     0.5034     0.5139     0.0574     0.1171     4.6314     0.0000     0.0094     0.0000     0.5026     0.5134    34.5614    34.6406    26.9704    27.0366      1.058      1.036      0.356      0.349 0.0000e+00
      16502    687.546    500.570 -106.85292   16.78569    497.000     7.7732     7.7460 3.5818e+04   3.586702     0.0643     0.0179    99.5545 1.7389e-04          0     0.5033     0.5137     0.0574     0.1171     4.6313     0.0000     0.0096     0.0000     0.5026     0.5131    34.5612    34.6406    26.9702    27.0366      0.982      1.145      0.331      0.385 0.0000e+00
      16528    688.616    501.579 -106.85292   16.78568    498.000     7.7730     7.7459 3.5819e+04   3.586742     0.0639     0.0183    99.5443 1.6803e-04          0     0.5033     0.5140     0.0574     0.1171     4.6308     0.0000     0.0096     0.0000     0.5025     0.5133    34.5620    34.6407    26.9709    27.0367      0.893      1.123      0.301      0.378 0.0000e+00
      16550    689.546    502.587 -106.85292   16.78568    499.000     7.7714     7.7440 3.5818e+04   3.586631     0.0639     0.0183    99.5433 3.1434e-04          0     0.5032     0.5141     0.0574     0.1172     4.6307     0.0000     0.0103     0.0000     0.5024     0.5132    34.5621    34.6409    26.9712    27.0371      0.982      0.985      0.331      0.332 0.0000e+00
      16571    690.415    503.596 -106.85292   16.78568    500.000     7.7681     7.7409 3.5816e+04   3.586393     0.0639     0.0178    99.5570 1.2614e-04          0     0.5033     0.5138     0.0574     0.1171     4.6314     0.0000     0.0093     0.0000     0.5024     0.5129    34.5623    34.6409    26.9719    27.0376      1.039      1.039      0.350      0.350 0.0000e+00
      16592    691.304    504.604 -106.85292   16.78568    501.000     7.7676     7.7401 3.5816e+04   3.586328     0.0639     0.0179    99.5545 1.9347e-04          0     0.5034     0.5138     0.0574     0.1171     4.6313     0.0000     0.0097     0.0000     0.5025     0.5131    34.5622    34.6405    26.9718    27.0374      1.034      1.121      0.348      0.377 0.0000e+00
      16618    692.362    505.612 -106.85292   16.78568    502.000     7.7669     7.7397 3.5815e+04   3.586330     0.0607     0.0172    99.5715 1.8335e-04          0     0.5031     0.5139     0.0571     0.1178     4.6321     0.0000     0.0097     0.0000     0.5025     0.5132    34.5621    34.6404    26.9719    27.0375      1.020      1.165      0.343      0.392 0.0000e+00
      16654    693.875    506.621 -106.85292   16.78568    503.000     7.7620     7.7333 3.5811e+04   3.585818     0.0624     0.0178    99.5550 1.3144e-04          0     0.5031     0.5136     0.0573     0.1179     4.6313     0.0000     0.0093     0.0000     0.5026     0.5132    34.5617    34.6409    26.9724    27.0388      1.053      1.071      0.354      0.360 0.0000e+00
      16689    695.335    507.629 -106.85292   16.78568    504.000     7.7497     7.7205 3.5799e+04   3.584719     0.0618     0.0169    99.5778 1.3325e-04          0     0.5032     0.5137     0.0572     0.1170     4.6324     0.0000     0.0094     0.0000     0.5026     0.5131    34.5606    34.6412    26.9732    27.0409      1.054      1.182      0.355      0.397 0.0000e+00
      16714    696.382    508.638 -106.85292   16.78568    505.000     7.7321     7.7054 3.5783e+04   3.583358     0.0639     0.0170    99.5762 1.5041e-04          0     0.5032     0.5140     0.0574     0.1170     4.6323     0.0000     0.0095     0.0000     0.5027     0.5134    34.5605    34.6411    26.9758    27.0430      0.951      1.012      0.320      0.340 0.0000e+00
      16736    697.307    509.646 -106.85292   16.78568    506.000     7.7204     7.6929 3.5773e+04   3.582175     0.0639     0.0176    99.5606 1.1114e-04          0     0.5032     0.5137     0.0574     0.1171     4.6316     0.0000     0.0092     0.0000     0.5026     0.5129    34.5604    34.6402    26.9774    27.0441      1.023      1.014      0.344      0.341 0.0000e+00
      16760    698.272    510.655 -106.85292   16.78568    507.000     7.7153     7.6875 3.5768e+04   3.581674     0.0644     0.0179    99.5556 1.5258e-04          0     0.5034     0.5137     0.0575     0.1174     4.6313     0.0000     0.0095     0.0000     0.5025     0.5132    34.5602    34.6396    26.9780    27.0445      0.924      1.207      0.311      0.406 0.0000e+00
      16784    699.308    511.663 -106.85292   16.78568    508.000     7.7050     7.6779 3.5759e+04   3.580826     0.0658     0.0171    99.5746 1.5640e-04          0     0.5033     0.5139     0.0576     0.1178     4.6322     0.0000     0.0095     0.0000     0.5024     0.5131    34.5598    34.6396    26.9792    27.0459      1.008      1.041      0.339      0.350 0.0000e+00
      16811    700.399    512.672 -106.85292   16.78568    509.000     7.6959     7.6691 3.5751e+04   3.580015     0.0639     0.0178    99.5565 1.3288e-04          0     0.5032     0.5138     0.0574     0.1172     4.6314     0.0000     0.0093     0.0000     0.5024     0.5131    34.5595    34.6390    26.9803    27.0467      0.955      1.057      0.321      0.355 0.0000e+00
      16839    701.576    513.680 -106.85292   16.78568    510.000     7.6877     7.6594 3.5744e+04   3.579173     0.0647     0.0179    99.5554 1.4424e-04          0     0.5033     0.5138     0.0575     0.1172     4.6313     0.0000     0.0094     0.0000     0.5024     0.5131    34.5594    34.6392    26.9814    27.0483      0.993      1.119      0.334      0.376 0.0000e+00
      16873    702.986    514.688 -106.85292   16.78568    511.000     7.6750     7.6475 3.5732e+04   3.578048     0.0642     0.0173    99.5686 1.6466e-04          0     0.5032     0.5138     0.0574     0.1171     4.6319     0.0000     0.0096     0.0000     0.5025     0.5129    34.5591    34.6382    26.9830    27.0492      1.042      1.001      0.350      0.336 0.0000e+00
      16911    704.579    515.697 -106.85292   16.78568    512.000     7.6663     7.6389 3.5724e+04   3.577270     0.0621     0.0168    99.5805 1.3445e-04          0     0.5031     0.5136     0.0572     0.1173     4.6325     0.0000     0.0094     0.0000     0.5024     0.5132    34.5586    34.6380    26.9839    27.0503      0.981      1.191      0.329      0.400 0.0000e+00
