data/ctd-cnv/KM1919/KM1919-St20-P2/St20_P2_cast60-align-cellTM-derive-bin.cnv
* Sea-Bird SBE 9 Data File:
* FileName = C:\Users\otg\Desktop\CTD Data\km1920\St20_P2_cast60.hex
* Software Version Seasave V 7.26.7.107
* Temperature SN = 5554
* Conductivity SN = 3876
* Number of Bytes Per Scan = 41
* Number of Voltage Words = 4
* Number of Scans Averaged by the Deck Unit = 1
* NMEA Latitude = 16 51.33 N
* NMEA Longitude = 106 51.50 W
* NMEA UTC (Time) = Oct 12 2019  19:45:14
* NMEA baud rate = 4800
** Ship: Kilo Moana
** Station: St20_P2 cast 60
** Operator: gr
# nquan = 34
# nvalues = 1755                        
# units = specified
# name 0 = scan: Scan Count
# name 1 = timeS: Time, Elapsed [seconds]
# name 2 = prDM: Pressure, Digiquartz [db]
# name 3 = longitude: Longitude [deg]
# name 4 = latitude: Latitude [deg]
# name 5 = depSMignore: Depth [salt water, m]
# name 6 = t090C: Temperature [ITS-90, deg C]
# name 7 = t190C: Temperature, 2 [ITS-90, deg C]
# name 8 = c0uS/cm: Conductivity [uS/cm]
# name 9 = c1S/m: Conductivity, 2 [S/m]
# name 10 = flECO-AFL: Fluorescence, WET Labs ECO-AFL/FL [mg/m^3]
# name 11 = CStarAt0: Beam Attenuation, WET Labs C-Star [1/m]
# name 12 = CStarTr0: Beam Transmission, WET Labs C-Star [%]
# name 13 = par: PAR/Irradiance, Biospherical/Licor
# name 14 = modError: Modulo Error Count
# name 15 = v0: Voltage 0
# name 16 = v1: Voltage 1
# name 17 = v2: Voltage 2
# name 18 = v3: Voltage 3
# name 19 = v4: Voltage 4
# name 20 = v5: Voltage 5
# name 21 = v6: Voltage 6
# name 22 = v7: Voltage 7
# name 23 = sbeox0V: Oxygen raw, SBE 43 [V]
# name 24 = sbeox1V: Oxygen raw, SBE 43, 2 [V]
# name 25 = sal00: Salinity, Practical [PSU]
# name 26 = sal11: Salinity, Practical, 2 [PSU]
# name 27 = sigma-é00: Density [sigma-theta, kg/m^3]
# name 28 = sigma-é11: Density, 2 [sigma-theta, kg/m^3]
# name 29 = sbeox0Mm/L: Oxygen, SBE 43 [umol/l], WS = 2
# name 30 = sbeox1Mm/L: Oxygen, SBE 43, 2 [umol/l], WS = 2
# name 31 = sbeox0PS: Oxygen, SBE 43 [% saturation], WS = 2
# name 32 = sbeox1PS: Oxygen, SBE 43, 2 [% saturation], WS = 2
# name 33 = flag: flag
# span 0 =        465,      66737       
# span 1 =     19.346,   2780.655       
# span 2 =      3.018,   1775.003       
# span 3 = -106.85851, -106.85832       
# span 4 =   16.85538,   16.85585       
# span 5 =      3.000,   1757.000       
# span 6 =     2.6419,    28.9993       
# span 7 =     2.6197,    28.9642       
# span 8 = 3.1807e+04, 5.6338e+04       
# span 9 =   3.185143,   5.642411       
# span 10 =     0.0397,     1.6199      
# span 11 =     0.0356,     0.1252      
# span 12 =    96.9189,    99.1147      
# span 13 = -2.849e-04, 4.4372e+02      
# span 14 =          0,          0      
# span 15 =     0.5030,     2.5172      
# span 16 =     0.5123,     2.5053      
# span 17 =     0.0549,     0.2130      
# span 18 =     0.1123,     0.1212      
# span 19 =     4.5087,     4.6108      
# span 20 =     0.0000,     0.0000      
# span 21 =     0.0073,     3.6593      
# span 22 =     0.0000,     0.0000      
# span 23 =     0.5023,     2.5107      
# span 24 =     0.5118,     2.4927      
# span 25 =    34.2591,    34.7831      
# span 26 =    34.3484,    34.8756      
# span 27 =    21.5494,    27.6253      
# span 28 =    21.6227,    27.6895      
# span 29 =      0.645,    231.451      
# span 30 =      0.739,    241.330      
# span 31 =      0.229,    108.730      
# span 32 =      0.245,    112.670      
# span 33 = 0.0000e+00, 0.0000e+00      
# interval = meters: 1                  
# start_time = Oct 12 2019 19:49:37 [NMEA time, first data scan]
# bad_flag = -9.990e-29
*END*
[from data line 1707]
      63003   2625.074   1727.327 -106.85848   16.85576   1710.000     2.6918     2.6684 3.1829e+04   3.187190     0.0517     0.0375    99.0670 1.2109e-03          0     0.7521     0.7605     0.0562     0.1200     4.6086     0.0000     0.0140     0.0000     0.7554     0.7636    34.6186    34.6952    27.6190    27.6823     60.489     62.488     18.059     18.655 0.0000e+00
      63032   2626.310   1728.342 -106.85848   16.85576   1711.000     2.6915     2.6682 3.1830e+04   3.187214     0.0517     0.0376    99.0637 5.8210e-04          0     0.7523     0.7604     0.0562     0.1209     4.6085     0.0000     0.0112     0.0000     0.7557     0.7635    34.6189    34.6953    27.6193    27.6824     60.781     62.400     18.146     18.628 0.0000e+00
      63057   2627.316   1729.356 -106.85848   16.85576   1712.000     2.6916     2.6682 3.1830e+04   3.187256     0.0517     0.0370    99.0789 1.1357e-03          0     0.7527     0.7608     0.0562     0.1208     4.6092     0.0000     0.0136     0.0000     0.7559     0.7637    34.6188    34.6952    27.6192    27.6824     60.293     62.456     18.000     18.645 0.0000e+00
      63078   2628.215   1730.370 -106.85848   16.85576   1713.000     2.6915     2.6682 3.1830e+04   3.187317     0.0517     0.0369    99.0808 1.2628e-03          0     0.7528     0.7610     0.0562     0.1209     4.6092     0.0000     0.0140     0.0000     0.7558     0.7637    34.6186    34.6954    27.6191    27.6826     60.298     62.593     18.002     18.686 0.0000e+00
      63099   2629.081   1731.384 -106.85848   16.85576   1714.000     2.6912     2.6677 3.1830e+04   3.187320     0.0517     0.0369    99.0808 1.7696e-03          0     0.7528     0.7611     0.0562     0.1209     4.6092     0.0000     0.0164     0.0000     0.7558     0.7639    34.6185    34.6955    27.6190    27.6826     60.427     62.567     18.040     18.678 0.0000e+00
      63121   2629.998   1732.399 -106.85848   16.85576   1715.000     2.6908     2.6674 3.1830e+04   3.187329     0.0517     0.0369    99.0820 2.7635e-03          0     0.7533     0.7610     0.0562     0.1208     4.6093     0.0000     0.0207     0.0000     0.7558     0.7639    34.6186    34.6955    27.6192    27.6826     60.389     62.613     18.029     18.692 0.0000e+00
      63147   2631.079   1733.413 -106.85848   16.85576   1716.000     2.6906     2.6672 3.1831e+04   3.187341     0.0517     0.0369    99.0820 4.4688e-04          0     0.7533     0.7612     0.0562     0.1209     4.6093     0.0000     0.0107     0.0000     0.7558     0.7640    34.6187    34.6954    27.6193    27.6826     60.493     62.506     18.060     18.660 0.0000e+00
      63192   2632.944   1734.427 -106.85848   16.85576   1717.000     2.6902     2.6667 3.1831e+04   3.187335     0.0613     0.0369    99.0820 2.4094e-03          0     0.7533     0.7614     0.0571     0.1203     4.6093     0.0000     0.0191     0.0000     0.7559     0.7642    34.6187    34.6952    27.6193    27.6825     60.412     62.639     18.035     18.699 0.0000e+00
      63242   2635.025   1735.442 -106.85848   16.85577   1718.000     2.6886     2.6650 3.1830e+04   3.187257     0.0515     0.0372    99.0741 2.4662e-03          0     0.7534     0.7616     0.0562     0.1203     4.6089     0.0000     0.0192     0.0000     0.7559     0.7643    34.6187    34.6956    27.6195    27.6830     60.572     62.612     18.083     18.690 0.0000e+00
      63270   2636.223   1736.456 -106.85848   16.85578   1719.000     2.6848     2.6613 3.1827e+04   3.186990     0.0512     0.0372    99.0736 3.5765e-05          0     0.7534     0.7618     0.0561     0.1203     4.6089     0.0000     0.0087     0.0000     0.7560     0.7643    34.6191    34.6958    27.6201    27.6835     60.679     62.637     18.113     18.696 0.0000e+00
      63293   2637.182   1737.470 -106.85848   16.85578   1720.000     2.6840     2.6604 3.1827e+04   3.186960     0.0517     0.0378    99.0580 1.3670e-04          0     0.7533     0.7616     0.0562     0.1209     4.6082     0.0000     0.0094     0.0000     0.7562     0.7643    34.6192    34.6959    27.6203    27.6836     60.708     62.775     18.121     18.737 0.0000e+00
      63315   2638.075   1738.485 -106.85848   16.85578   1721.000     2.6826     2.6591 3.1826e+04   3.186909     0.0517     0.0373    99.0728 2.0824e-04          0     0.7534     0.7618     0.0562     0.1208     4.6089     0.0000     0.0097     0.0000     0.7563     0.7646    34.6194    34.6962    27.6205    27.6840     61.058     62.938     18.225     18.785 0.0000e+00
      63337   2639.005   1739.499 -106.85848   16.85578   1722.000     2.6760     2.6523 3.1821e+04   3.186403     0.0512     0.0370    99.0806 9.2974e-05          0     0.7535     0.7618     0.0561     0.1208     4.6092     0.0000     0.0091     0.0000     0.7568     0.7647    34.6198    34.6968    27.6214    27.6850     61.362     62.797     18.313     18.740 0.0000e+00
      63363   2640.070   1740.513 -106.85848   16.85578   1723.000     2.6732     2.6496 3.1819e+04   3.186174     0.0517     0.0372    99.0742 9.0375e-04          0     0.7536     0.7618     0.0562     0.1209     4.6089     0.0000     0.0127     0.0000     0.7571     0.7650    34.6197    34.6964    27.6216    27.6849     60.970     63.173     18.194     18.851 0.0000e+00
      63394   2641.384   1741.527 -106.85848   16.85578   1724.000     2.6721     2.6486 3.1819e+04   3.186121     0.0517     0.0372    99.0748 1.2450e-03          0     0.7537     0.7620     0.0562     0.1209     4.6090     0.0000     0.0140     0.0000     0.7571     0.7652    34.6196    34.6962    27.6217    27.6849     60.936     63.104     18.184     18.830 0.0000e+00
      63430   2642.869   1742.542 -106.85848   16.85578   1725.000     2.6713     2.6478 3.1818e+04   3.186093     0.0517     0.0369    99.0823 3.9106e-04          0     0.7545     0.7622     0.0562     0.1209     4.6093     0.0000     0.0105     0.0000     0.7575     0.7656    34.6197    34.6962    27.6218    27.6850     61.704     63.247     18.413     18.872 0.0000e+00
      63462   2644.196   1743.556 -106.85848   16.85577   1726.000     2.6703     2.6469 3.1818e+04   3.186052     0.0609     0.0374    99.0680 1.9930e-03          0     0.7546     0.7625     0.0571     0.1209     4.6087     0.0000     0.0174     0.0000     0.7582     0.7659    34.6198    34.6963    27.6220    27.6851     61.571     63.280     18.372     18.882 0.0000e+00
      63493   2645.497   1744.570 -106.85848   16.85576   1727.000     2.6695     2.6461 3.1818e+04   3.186020     0.0520     0.0375    99.0670 2.3110e-03          0     0.7547     0.7628     0.0562     0.1204     4.6086     0.0000     0.0187     0.0000     0.7584     0.7661    34.6201    34.6962    27.6223    27.6852     61.121     63.360     18.238     18.905 0.0000e+00
      63527   2646.900   1745.585 -106.85848   16.85578   1728.000     2.6688     2.6453 3.1818e+04   3.186023     0.0517     0.0376    99.0635 8.2595e-04          0     0.7553     0.7632     0.0562     0.1197     4.6084     0.0000     0.0124     0.0000     0.7584     0.7665    34.6200    34.6965    27.6222    27.6855     61.176     63.564     18.254     18.965 0.0000e+00
      63560   2648.289   1746.599 -106.85848   16.85578   1729.000     2.6674     2.6439 3.1817e+04   3.185934     0.0513     0.0375    99.0663 2.7423e-03          0     0.7558     0.7634     0.0562     0.1205     4.6086     0.0000     0.0204     0.0000     0.7584     0.7667    34.6199    34.6965    27.6223    27.6856     61.202     63.469     18.261     18.936 0.0000e+00
      63604   2650.121   1747.613 -106.85848   16.85578   1730.000     2.6666     2.6431 3.1816e+04   3.185904     0.0517     0.0370    99.0802 2.1130e-03          0     0.7558     0.7638     0.0562     0.1198     4.6092     0.0000     0.0179     0.0000     0.7589     0.7671    34.6197    34.6964    27.6223    27.6856     61.706     63.545     18.411     18.959 0.0000e+00
      63649   2651.994   1748.628 -106.85848   16.85578   1731.000     2.6659     2.6425 3.1816e+04   3.185901     0.0517     0.0372    99.0736 2.6793e-03          0     0.7558     0.7641     0.0562     0.1209     4.6089     0.0000     0.0202     0.0000     0.7592     0.7675    34.6197    34.6965    27.6223    27.6857     61.706     63.745     18.411     19.018 0.0000e+00
      63674   2653.039   1749.642 -106.85848   16.85578   1732.000     2.6659     2.6426 3.1817e+04   3.185941     0.0517     0.0374    99.0681 8.4756e-04          0     0.7561     0.7645     0.0562     0.1209     4.6087     0.0000     0.0124     0.0000     0.7595     0.7673    34.6201    34.6965    27.6226    27.6857     61.590     63.340     18.376     18.897 0.0000e+00
      63695   2653.897   1750.656 -106.85848   16.85578   1733.000     2.6656     2.6421 3.1817e+04   3.185963     0.0517     0.0369    99.0820 2.9301e-04          0     0.7565     0.7645     0.0562     0.1209     4.6093     0.0000     0.0100     0.0000     0.7595     0.7674    34.6201    34.6967    27.6227    27.6859     61.406     63.665     18.321     18.994 0.0000e+00
      63714   2654.710   1751.671 -106.85848   16.85578   1734.000     2.6653     2.6418 3.1817e+04   3.185976     0.0510     0.0369    99.0820 1.6742e-04          0     0.7564     0.7645     0.0561     0.1208     4.6093     0.0000     0.0095     0.0000     0.7595     0.7676    34.6200    34.6967    27.6226    27.6860     61.533     63.826     18.359     19.042 0.0000e+00
      63736   2655.629   1752.685 -106.85848   16.85578   1735.000     2.6651     2.6416 3.1817e+04   3.186000     0.0517     0.0369    99.0820 7.5191e-04          0     0.7568     0.7649     0.0562     0.1209     4.6093     0.0000     0.0121     0.0000     0.7596     0.7678    34.6198    34.6967    27.6225    27.6859     61.508     63.777     18.351     19.027 0.0000e+00
      63827   2659.411   1753.700 -106.85848   16.85580   1736.000     2.6658     2.6424 3.1818e+04   3.186074     0.0516     0.0369    99.0817 9.1731e-04          0     0.7570     0.7650     0.0562     0.1205     4.6093     0.0000     0.0127     0.0000     0.7596     0.7680    34.6198    34.6963    27.6224    27.6856     61.479     63.701     18.343     19.005 0.0000e+00
      63872   2661.304   1754.714 -106.85848   16.85580   1737.000     2.6647     2.6413 3.1818e+04   3.186070     0.0511     0.0369    99.0820 1.9903e-03          0     0.7570     0.7655     0.0561     0.1208     4.6093     0.0000     0.0173     0.0000     0.7595     0.7680    34.6199    34.6968    27.6226    27.6861     61.485     63.725     18.344     19.012 0.0000e+00
      63891   2662.087   1755.728 -106.85848   16.85580   1738.000     2.6636     2.6403 3.1817e+04   3.186026     0.0517     0.0369    99.0820 1.0432e-03          0     0.7570     0.7654     0.0562     0.1208     4.6093     0.0000     0.0133     0.0000     0.7596     0.7680    34.6199    34.6969    27.6227    27.6863     61.499     63.658     18.348     18.991 0.0000e+00
      63908   2662.791   1756.743 -106.85848   16.85580   1739.000     2.6635     2.6401 3.1818e+04   3.186040     0.0517     0.0369    99.0820 4.9492e-03          0     0.7570     0.7654     0.0562     0.1208     4.6093     0.0000     0.0298     0.0000     0.7595     0.7680    34.6205    34.6968    27.6232    27.6862     61.516     63.807     18.353     19.035 0.0000e+00
      63925   2663.505   1757.757 -106.85848   16.85580   1740.000     2.6629     2.6395 3.1818e+04   3.186023     0.0531     0.0369    99.0820 1.3357e-03          0     0.7571     0.7654     0.0563     0.1209     4.6093     0.0000     0.0146     0.0000     0.7596     0.7681    34.6204    34.6967    27.6232    27.6862     61.580     63.859     18.372     19.051 0.0000e+00
      63944   2664.299   1758.772 -106.85848   16.85580   1741.000     2.6625     2.6391 3.1817e+04   3.186034     0.0637     0.0375    99.0656 2.1162e-03          0     0.7569     0.7654     0.0574     0.1208     4.6085     0.0000     0.0178     0.0000     0.7596     0.7681    34.6199    34.6968    27.6228    27.6863     61.532     63.704     18.358     19.004 0.0000e+00
      64014   2667.226   1759.786 -106.85848   16.85580   1742.000     2.6630     2.6398 3.1818e+04   3.186114     0.0515     0.0372    99.0735 1.7754e-03          0     0.7570     0.7655     0.0562     0.1206     4.6089     0.0000     0.0165     0.0000     0.7596     0.7682    34.6200    34.6965    27.6229    27.6860     61.564     63.863     18.367     19.052 0.0000e+00
      64119   2671.598   1760.800 -106.85848   16.85580   1743.000     2.6629     2.6394 3.1819e+04   3.186153     0.0517     0.0378    99.0587 3.3961e-03          0     0.7571     0.7658     0.0562     0.1196     4.6082     0.0000     0.0232     0.0000     0.7595     0.7682    34.6201    34.6969    27.6229    27.6864     61.436     63.615     18.329     18.978 0.0000e+00
      64130   2672.032   1761.815 -106.85848   16.85580   1744.000     2.6619     2.6386 3.1818e+04   3.186147     0.0517     0.0375    99.0653 9.8122e-04          0     0.7570     0.7657     0.0562     0.1198     4.6085     0.0000     0.0128     0.0000     0.7596     0.7682    34.6201    34.6972    27.6230    27.6867     61.648     63.770     18.392     19.024 0.0000e+00
      64143   2672.587   1762.829 -106.85848   16.85580   1745.000     2.6606     2.6370 3.1818e+04   3.186059     0.0517     0.0371    99.0781 3.5356e-03          0     0.7570     0.7656     0.0562     0.1208     4.6091     0.0000     0.0239     0.0000     0.7596     0.7680    34.6205    34.6973    27.6235    27.6869     61.757     63.800     18.424     19.032 0.0000e+00
      64156   2673.143   1763.844 -106.85848   16.85580   1746.000     2.6603     2.6367 3.1818e+04   3.186072     0.0517     0.0369    99.0820 3.6832e-03          0     0.7570     0.7656     0.0562     0.1205     4.6093     0.0000     0.0247     0.0000     0.7598     0.7682    34.6205    34.6972    27.6235    27.6869     61.775     63.944     18.429     19.075 0.0000e+00
      64172   2673.774   1764.858 -106.85848   16.85580   1747.000     2.6594     2.6360 3.1818e+04   3.186043     0.0517     0.0371    99.0775 2.6298e-03          0     0.7570     0.7656     0.0562     0.1197     4.6091     0.0000     0.0197     0.0000     0.7596     0.7682    34.6204    34.6971    27.6235    27.6869     61.939     63.943     18.477     19.074 0.0000e+00
      64242   2676.729   1765.873 -106.85849   16.85581   1748.000     2.6600     2.6366 3.1818e+04   3.186101     0.0517     0.0375    99.0675 2.3738e-03          0     0.7570     0.7657     0.0562     0.1208     4.6086     0.0000     0.0189     0.0000     0.7602     0.7682    34.6203    34.6967    27.6234    27.6865     61.901     63.757     18.466     19.019 0.0000e+00
      64367   2681.912   1766.887 -106.85850   16.85582   1749.000     2.6600     2.6363 3.1819e+04   3.186168     0.0517     0.0379    99.0552 3.8624e-03          0     0.7571     0.7660     0.0562     0.1207     4.6081     0.0000     0.0253     0.0000     0.7599     0.7682    34.6204    34.6973    27.6235    27.6871     62.025     63.778     18.503     19.025 0.0000e+00
      64375   2682.256   1767.902 -106.85850   16.85582   1750.000     2.6575     2.6338 3.1817e+04   3.186028     0.0517     0.0378    99.0576 3.5278e-03          0     0.7571     0.7657     0.0562     0.1209     4.6082     0.0000     0.0241     0.0000     0.7599     0.7682    34.6206    34.6978    27.6238    27.6877     62.046     63.923     18.508     19.067 0.0000e+00
      64394   2683.037   1768.916 -106.85850   16.85583   1751.000     2.6530     2.6295 3.1814e+04   3.185681     0.0517     0.0373    99.0708 2.0805e-03          0     0.7570     0.7656     0.0562     0.1209     4.6088     0.0000     0.0178     0.0000     0.7602     0.7684    34.6208    34.6977    27.6244    27.6879     62.567     64.288     18.662     19.174 0.0000e+00
