data/ctd-cnv/KM1919/KM1919-St20-P2/St20_P2_cast52-align-cellTM-derive-bin.cnv
* Sea-Bird SBE 9 Data File:
* FileName = C:\Users\otg\Desktop\CTD Data\km1920\St20_P2_cast52.hex
* Software Version Seasave V 7.26.7.107
* Temperature SN = 5554
* Conductivity SN = 3876
* Number of Bytes Per Scan = 41
* Number of Voltage Words = 4
* Number of Scans Averaged by the Deck Unit = 1
* NMEA Latitude = 16 47.72 N
* NMEA Longitude = 106 52.21 W
* NMEA UTC (Time) = Oct 10 2019  23:58:30
* NMEA baud rate = 4800
** Ship: Kilo Moana
** Station: St20_P2 cast 52
** Operator: jac
# nquan = 34
# nvalues = 200                         
# units = specified
# name 0 = scan: Scan Count
# name 1 = timeS: Time, Elapsed [seconds]
# name 2 = prDM: Pressure, Digiquartz [db]
# name 3 = longitude: Longitude [deg]
# name 4 = latitude: Latitude [deg]
# name 5 = depSMignore: Depth [salt water, m]
# name 6 = t090C: Temperature [ITS-90, deg C]
# name 7 = t190C: Temperature, 2 [ITS-90, deg C]
# name 8 = c0uS/cm: Conductivity [uS/cm]
# name 9 = c1S/m: Conductivity, 2 [S/m]
# name 10 = flECO-AFL: Fluorescence, WET Labs ECO-AFL/FL [mg/m^3]
# name 11 = CStarAt0: Beam Attenuation, WET Labs C-Star [1/m]
# name 12 = CStarTr0: Beam Transmission, WET Labs C-Star [%]
# name 13 = par: PAR/Irradiance, Biospherical/Licor
# name 14 = modError: Modulo Error Count
# name 15 = v0: Voltage 0
# name 16 = v1: Voltage 1
# name 17 = v2: Voltage 2
# name 18 = v3: Voltage 3
# name 19 = v4: Voltage 4
# name 20 = v5: Voltage 5
# name 21 = v6: Voltage 6
# name 22 = v7: Voltage 7
# name 23 = sbeox0V: Oxygen raw, SBE 43 [V]
# name 24 = sbeox1V: Oxygen raw, SBE 43, 2 [V]
# name 25 = sal00: Salinity, Practical [PSU]
# name 26 = sal11: Salinity, Practical, 2 [PSU]
# name 27 = sigma-é00: Density [sigma-theta, kg/m^3]
# name 28 = sigma-é11: Density, 2 [sigma-theta, kg/m^3]
# name 29 = sbeox0Mm/L: Oxygen, SBE 43 [umol/l], WS = 2
# name 30 = sbeox1Mm/L: Oxygen, SBE 43, 2 [umol/l], WS = 2
# name 31 = sbeox0PS: Oxygen, SBE 43 [% saturation], WS = 2
# name 32 = sbeox1PS: Oxygen, SBE 43, 2 [% saturation], WS = 2
# name 33 = flag: flag
# span 0 =        666,      11770       
# span 1 =     27.726,    490.379       
# span 2 =      4.024,    204.313       
# span 3 = -106.87007, -106.86984       
# span 4 =   16.79553,   16.79577       
# span 5 =      4.000,    203.000       
# span 6 =    12.1185,    29.0616       
# span 7 =    12.0754,    29.0248       
# span 8 = 3.9963e+04, 5.6318e+04       
# span 9 =   4.000579,   5.639986       
# span 10 =     0.0643,     1.6613      
# span 11 =     0.0283,     0.1138      
# span 12 =    97.1960,    99.2941      
# span 13 = 7.2061e-04, 2.8830e+01      
# span 14 =          0,          0      
# span 15 =     0.5043,     2.5170      
# span 16 =     0.5160,     2.5048      
# span 17 =     0.0574,     0.2171      
# span 18 =     0.1130,     0.1179      
# span 19 =     4.5216,     4.6191      
# span 20 =     0.0000,     0.0000      
# span 21 =     0.0120,     2.4742      
# span 22 =     0.0000,     0.0000      
# span 23 =     0.5034,     2.5145      
# span 24 =     0.5153,     2.5032      
# span 25 =    34.1609,    34.7811      
# span 26 =    34.2415,    34.8720      
# span 27 =    21.4141,    26.3894      
# span 28 =    21.4867,    26.4610      
# span 29 =      0.978,    230.652      
# span 30 =      1.208,    241.161      
# span 31 =      0.365,    107.927      
# span 32 =      0.447,    113.299      
# span 33 = 0.0000e+00, 0.0000e+00      
# interval = meters: 1                  
# start_time = Oct 11 2019 00:09:56 [NMEA time, first data scan]
# bad_flag = -9.990e-29
*END*
[from data line 171]
       9619    400.733    176.120 -106.86991   16.79577    175.000    12.7138    12.6858 4.0537e+04   4.059587     0.0793     0.0463    98.8485 1.1851e-03          0     0.5051     0.5168     0.0589     0.1153     4.5984     0.0000     0.0141     0.0000     0.5042     0.5156    34.7804    34.8625    26.2845    26.3537      1.091      1.245      0.409      0.467 0.0000e+00
       9677    403.187    177.126 -106.86990   16.79576    176.000    12.6972    12.6613 4.0522e+04   4.057676     0.0883     0.0457    98.8639 1.0924e-03          0     0.5051     0.5161     0.0598     0.1148     4.5991     0.0000     0.0136     0.0000     0.5043     0.5162    34.7806    34.8663    26.2879    26.3615      1.100      1.365      0.412      0.512 0.0000e+00
       9702    404.206    178.133 -106.86990   16.79576    177.000    12.6671    12.6359 4.0493e+04   4.055020     0.0883     0.0455    98.8699 1.0541e-03          0     0.5049     0.5167     0.0598     0.1154     4.5994     0.0000     0.0135     0.0000     0.5042     0.5162    34.7803    34.8639    26.2936    26.3646      1.061      1.502      0.397      0.563 0.0000e+00
       9734    405.546    179.140 -106.86991   16.79576    178.000    12.6562    12.6253 4.0483e+04   4.053937     0.0883     0.0454    98.8719 1.0499e-03          0     0.5052     0.5169     0.0598     0.1152     4.5995     0.0000     0.0134     0.0000     0.5042     0.5160    34.7800    34.8629    26.2956    26.3659      1.103      1.326      0.413      0.497 0.0000e+00
       9785    407.686    180.147 -106.86992   16.79576    179.000    12.6443    12.6129 4.0471e+04   4.052753     0.0832     0.0454    98.8720 1.0429e-03          0     0.5051     0.5172     0.0593     0.1147     4.5995     0.0000     0.0134     0.0000     0.5040     0.5162    34.7796    34.8625    26.2977    26.3682      1.072      1.382      0.402      0.517 0.0000e+00
       9846    410.202    181.154 -106.86992   16.79576    180.000    12.6200    12.5902 4.0448e+04   4.050684     0.0863     0.0453    98.8737 1.0428e-03          0     0.5050     0.5170     0.0596     0.1148     4.5996     0.0000     0.0134     0.0000     0.5041     0.5160    34.7795    34.8632    26.3024    26.3732      1.090      1.422      0.408      0.532 0.0000e+00
       9905    412.672    182.161 -106.86992   16.79576    181.000    12.5731    12.5416 4.0404e+04   4.046024     0.0826     0.0452    98.8766 1.0428e-03          0     0.5050     0.5169     0.0592     0.1150     4.5997     0.0000     0.0134     0.0000     0.5042     0.5161    34.7796    34.8630    26.3117    26.3825      1.154      1.387      0.432      0.518 0.0000e+00
       9955    414.741    183.167 -106.86992   16.79576    182.000    12.5318    12.5000 4.0364e+04   4.042110     0.0759     0.0441    98.9041 1.0428e-03          0     0.5049     0.5170     0.0586     0.1152     4.6010     0.0000     0.0134     0.0000     0.5041     0.5164    34.7785    34.8634    26.3190    26.3911      1.042      1.470      0.389      0.549 0.0000e+00
       9998    416.537    184.174 -106.86991   16.79576    183.000    12.4927    12.4608 4.0326e+04   4.038225     0.0685     0.0437    98.9141 1.0428e-03          0     0.5051     0.5171     0.0578     0.1153     4.6015     0.0000     0.0134     0.0000     0.5040     0.5159    34.7778    34.8619    26.3261    26.3976      1.077      1.316      0.402      0.491 0.0000e+00
      10043    418.408    185.181 -106.86990   16.79576    184.000    12.4692    12.4382 4.0303e+04   4.035902     0.0696     0.0432    98.9268 1.0428e-03          0     0.5050     0.5172     0.0580     0.1153     4.6021     0.0000     0.0134     0.0000     0.5040     0.5158    34.7772    34.8600    26.3302    26.4005      1.017      1.362      0.380      0.508 0.0000e+00
      10086    420.207    186.188 -106.86990   16.79576    185.000    12.4532    12.4221 4.0287e+04   4.034476     0.0766     0.0430    98.9316 1.0428e-03          0     0.5049     0.5169     0.0587     0.1156     4.6023     0.0000     0.0134     0.0000     0.5037     0.5161    34.7766    34.8608    26.3329    26.4043      1.003      1.405      0.374      0.524 0.0000e+00
      10124    421.781    187.195 -106.86990   16.79576    186.000    12.4346    12.4035 4.0270e+04   4.032549     0.0686     0.0430    98.9323 1.0428e-03          0     0.5049     0.5167     0.0579     0.1154     4.6024     0.0000     0.0134     0.0000     0.5036     0.5160    34.7764    34.8590    26.3364    26.4066      0.978      1.360      0.365      0.507 0.0000e+00
      10161    423.328    188.202 -106.86990   16.79576    187.000    12.4325    12.4021 4.0268e+04   4.032412     0.0744     0.0422    98.9505 1.0428e-03          0     0.5047     0.5170     0.0584     0.1149     4.6032     0.0000     0.0134     0.0000     0.5037     0.5157    34.7766    34.8586    26.3370    26.4065      1.089      1.293      0.406      0.482 0.0000e+00
      10207    425.254    189.209 -106.86990   16.79576    188.000    12.4277    12.3974 4.0264e+04   4.032045     0.0760     0.0427    98.9393 1.0428e-03          0     0.5045     0.5168     0.0586     0.1154     4.6027     0.0000     0.0134     0.0000     0.5036     0.5156    34.7763    34.8589    26.3377    26.4077      0.983      1.349      0.366      0.503 0.0000e+00
      10269    427.854    190.215 -106.86990   16.79576    189.000    12.4212    12.3903 4.0259e+04   4.031367     0.0706     0.0423    98.9492 1.0428e-03          0     0.5046     0.5165     0.0581     0.1153     4.6031     0.0000     0.0134     0.0000     0.5036     0.5159    34.7767    34.8585    26.3393    26.4088      1.063      1.376      0.396      0.513 0.0000e+00
      10327    430.251    191.222 -106.86988   16.79576    190.000    12.4098    12.3793 4.0248e+04   4.030378     0.0697     0.0423    98.9482 1.0428e-03          0     0.5044     0.5166     0.0580     0.1153     4.6031     0.0000     0.0134     0.0000     0.5037     0.5161    34.7765    34.8587    26.3414    26.4112      1.019      1.379      0.380      0.514 0.0000e+00
      10373    432.185    192.229 -106.86988   16.79576    191.000    12.3969    12.3666 4.0236e+04   4.029177     0.0688     0.0420    98.9549 1.0428e-03          0     0.5045     0.5169     0.0579     0.1150     4.6034     0.0000     0.0134     0.0000     0.5037     0.5154    34.7763    34.8585    26.3438    26.4135      1.060      1.269      0.395      0.473 0.0000e+00
      10408    433.614    193.236 -106.86988   16.79576    192.000    12.3663    12.3321 4.0205e+04   4.026297     0.0761     0.0423    98.9490 1.0428e-03          0     0.5047     0.5173     0.0586     0.1150     4.6031     0.0000     0.0134     0.0000     0.5037     0.5157    34.7749    34.8622    26.3487    26.4231      0.991      1.450      0.369      0.540 0.0000e+00
      10436    434.800    194.243 -106.86988   16.79576    193.000    12.3120    12.2805 4.0152e+04   4.020840     0.0770     0.0422    98.9508 1.0428e-03          0     0.5045     0.5164     0.0587     0.1155     4.6032     0.0000     0.0134     0.0000     0.5035     0.5160    34.7730    34.8570    26.3577    26.4290      0.989      1.384      0.368      0.515 0.0000e+00
      10465    436.013    195.250 -106.86988   16.79576    194.000    12.3061    12.2755 4.0146e+04   4.020243     0.0646     0.0417    98.9615 1.0428e-03          0     0.5046     0.5163     0.0575     0.1153     4.6037     0.0000     0.0134     0.0000     0.5035     0.5155    34.7725    34.8555    26.3585    26.4288      1.010      1.233      0.375      0.458 0.0000e+00
      10516    438.110    196.257 -106.86988   16.79576    195.000    12.2999    12.2708 4.0141e+04   4.019706     0.0654     0.0421    98.9521 1.0428e-03          0     0.5045     0.5166     0.0576     0.1150     4.6033     0.0000     0.0134     0.0000     0.5035     0.5155    34.7725    34.8542    26.3597    26.4288      1.020      1.303      0.379      0.484 0.0000e+00
      10618    442.383    197.264 -106.86988   16.79576    196.000    12.2980    12.2541 4.0139e+04   4.018283     0.0737     0.0412    98.9748 1.0381e-03          0     0.5043     0.5163     0.0584     0.1149     4.6043     0.0000     0.0134     0.0000     0.5035     0.5157    34.7723    34.8555    26.3600    26.4331      0.988      1.367      0.367      0.508 0.0000e+00
      10665    444.324    198.271 -106.86986   16.79576    197.000    12.2510    12.2176 4.0093e+04   4.014662     0.0643     0.0413    98.9716 1.0426e-03          0     0.5045     0.5164     0.0574     0.1150     4.6042     0.0000     0.0134     0.0000     0.5035     0.5157    34.7706    34.8539    26.3677    26.4389      0.998      1.328      0.371      0.493 0.0000e+00
      10779    449.100    199.278 -106.86986   16.79576    198.000    12.2306    12.1888 4.0073e+04   4.011645     0.0712     0.0415    98.9664 1.0294e-03          0     0.5043     0.5165     0.0581     0.1149     4.6039     0.0000     0.0133     0.0000     0.5034     0.5154    34.7698    34.8511    26.3711    26.4423      1.003      1.309      0.372      0.486 0.0000e+00
      10955    456.414    200.285 -106.86986   16.79574    199.000    12.1884    12.1585 4.0031e+04   4.008609     0.0681     0.0420    98.9564 9.9002e-04          0     0.5043     0.5163     0.0578     0.1151     4.6035     0.0000     0.0132     0.0000     0.5034     0.5153    34.7679    34.8493    26.3777    26.4467      1.002      1.272      0.372      0.472 0.0000e+00
      11052    460.477    201.292 -106.86986   16.79574    200.000    12.1767    12.1437 4.0020e+04   4.007312     0.0682     0.0418    98.9595 9.0667e-04          0     0.5043     0.5160     0.0578     0.1147     4.6036     0.0000     0.0128     0.0000     0.5034     0.5155    34.7676    34.8501    26.3798    26.4502      1.002      1.455      0.372      0.540 0.0000e+00
      11081    461.657    202.298 -106.86984   16.79574    201.000    12.1542    12.1235 3.9998e+04   4.005343     0.0681     0.0418    98.9603 8.4972e-04          0     0.5043     0.5162     0.0578     0.1150     4.6036     0.0000     0.0126     0.0000     0.5034     0.5159    34.7669    34.8493    26.3836    26.4535      1.003      1.325      0.372      0.491 0.0000e+00
      11168    465.308    203.305 -106.86984   16.79574    202.000    12.1450    12.1152 3.9989e+04   4.004404     0.0654     0.0412    98.9748 8.5522e-04          0     0.5043     0.5166     0.0576     0.1157     4.6043     0.0000     0.0126     0.0000     0.5034     0.5165    34.7661    34.8475    26.3848    26.4537      1.003      1.650      0.372      0.611 0.0000e+00
      11770    490.379    204.313 -106.86984   16.79577    203.000    12.1185    12.0754 3.9963e+04   4.000579     0.0657     0.0406    98.9910 7.2061e-04          0     0.5043     0.5171     0.0576     0.1151     4.6050     0.0000     0.0120     0.0000     0.5034     0.5155    34.7655    34.8470    26.3894    26.4610      1.004      1.208      0.372      0.447 0.0000e+00
