data/ctd-cnv/KM1919/KM1919-St20-P2/St20_P2_cast57-align-cellTM-derive-bin.cnv
* Sea-Bird SBE 9 Data File:
* FileName = C:\Users\otg\Desktop\CTD Data\km1920\St20_P2_cast57.hex
* Software Version Seasave V 7.26.7.107
* Temperature SN = 5554
* Conductivity SN = 3876
* Number of Bytes Per Scan = 41
* Number of Voltage Words = 4
* Number of Scans Averaged by the Deck Unit = 1
* NMEA Latitude = 16 51.30 N
* NMEA Longitude = 106 50.85 W
* NMEA UTC (Time) = Oct 12 2019  02:29:04
* NMEA baud rate = 4800
** Ship: Kilo Moana
** Station: St20_P2 cast 57
** Operator: gr
** snow catcher
# nquan = 34
# nvalues = 353                         
# units = specified
# name 0 = scan: Scan Count
# name 1 = timeS: Time, Elapsed [seconds]
# name 2 = prDM: Pressure, Digiquartz [db]
# name 3 = longitude: Longitude [deg]
# name 4 = latitude: Latitude [deg]
# name 5 = depSMignore: Depth [salt water, m]
# name 6 = t090C: Temperature [ITS-90, deg C]
# name 7 = t190C: Temperature, 2 [ITS-90, deg C]
# name 8 = c0uS/cm: Conductivity [uS/cm]
# name 9 = c1S/m: Conductivity, 2 [S/m]
# name 10 = flECO-AFL: Fluorescence, WET Labs ECO-AFL/FL [mg/m^3]
# name 11 = CStarAt0: Beam Attenuation, WET Labs C-Star [1/m]
# name 12 = CStarTr0: Beam Transmission, WET Labs C-Star [%]
# name 13 = par: PAR/Irradiance, Biospherical/Licor
# name 14 = modError: Modulo Error Count
# name 15 = v0: Voltage 0
# name 16 = v1: Voltage 1
# name 17 = v2: Voltage 2
# name 18 = v3: Voltage 3
# name 19 = v4: Voltage 4
# name 20 = v5: Voltage 5
# name 21 = v6: Voltage 6
# name 22 = v7: Voltage 7
# name 23 = sbeox0V: Oxygen raw, SBE 43 [V]
# name 24 = sbeox1V: Oxygen raw, SBE 43, 2 [V]
# name 25 = sal00: Salinity, Practical [PSU]
# name 26 = sal11: Salinity, Practical, 2 [PSU]
# name 27 = sigma-é00: Density [sigma-theta, kg/m^3]
# name 28 = sigma-é11: Density, 2 [sigma-theta, kg/m^3]
# name 29 = sbeox0Mm/L: Oxygen, SBE 43 [umol/l], WS = 2
# name 30 = sbeox1Mm/L: Oxygen, SBE 43, 2 [umol/l], WS = 2
# name 31 = sbeox0PS: Oxygen, SBE 43 [% saturation], WS = 2
# name 32 = sbeox1PS: Oxygen, SBE 43, 2 [% saturation], WS = 2
# name 33 = flag: flag
# span 0 =         66,      55537       
# span 1 =      2.691,   2314.010       
# span 2 =      3.018,    357.428       
# span 3 = -106.84756, -106.84731       
# span 4 =   16.85486,   16.85502       
# span 5 =      3.000,    355.000       
# span 6 =     9.6998,    29.0299       
# span 7 =     9.6707,    28.9898       
# span 8 = 3.7612e+04, 5.6339e+04       
# span 9 =   3.766180,   5.642362       
# span 10 =     0.0594,     1.5084      
# span 11 =     0.0390,     0.1299      
# span 12 =    96.8059,    99.0302      
# span 13 = -8.274e-07, 3.8788e+00      
# span 14 =          0,          0      
# span 15 =     0.5030,     2.5021      
# span 16 =     0.5140,     2.4880      
# span 17 =     0.0570,     0.2018      
# span 18 =     0.1136,     0.1192      
# span 19 =     4.5035,     4.6068      
# span 20 =     0.0000,     0.0000      
# span 21 =     0.0085,     1.6009      
# span 22 =     0.0000,     0.0000      
# span 23 =     0.5026,     2.5042      
# span 24 =     0.5137,     2.4868      
# span 25 =    34.1879,    34.7823      
# span 26 =    34.2124,    34.8726      
# span 27 =    21.4447,    26.7248      
# span 28 =    21.4765,    26.7923      
# span 29 =      0.893,    231.330      
# span 30 =      1.041,    241.941      
# span 31 =      0.324,    107.346      
# span 32 =      0.378,    112.170      
# span 33 = 0.0000e+00, 0.0000e+00      
# interval = meters: 1                  
# start_time = Oct 12 2019 02:30:35 [NMEA time, first data scan]
# bad_flag = -9.990e-29
*END*
[from data line 214]
      35102   1462.550    218.411 -106.84740   16.85492    217.000    11.5957    11.5655 3.9453e+04   3.950736     0.0639     0.0493    98.7741 1.0000e-12          0     0.5058     0.5179     0.0574     0.1154     4.5949     0.0000     0.0085     0.0000     0.5049     0.5169    34.7486    34.8304    26.4754    26.5446      1.243      1.574      0.455      0.576 0.0000e+00
      35154   1464.707    219.418 -106.84740   16.85492    218.000    11.5937    11.5636 3.9452e+04   3.950573     0.0639     0.0491    98.7808 1.0000e-12          0     0.5057     0.5177     0.0574     0.1151     4.5952     0.0000     0.0085     0.0000     0.5049     0.5171    34.7490    34.8302    26.4761    26.5448      1.235      1.592      0.453      0.583 0.0000e+00
      35196   1466.478    220.425 -106.84740   16.85492    219.000    11.5914    11.5612 3.9450e+04   3.950388     0.0639     0.0488    98.7871 1.0000e-12          0     0.5056     0.5177     0.0574     0.1151     4.5955     0.0000     0.0085     0.0000     0.5048     0.5170    34.7488    34.8301    26.4764    26.5453      1.241      1.581      0.454      0.579 0.0000e+00
      35220   1467.454    221.432 -106.84740   16.85492    220.000    11.5891    11.5589 3.9448e+04   3.950227     0.0632     0.0491    98.7791 1.0000e-12          0     0.5055     0.5178     0.0573     0.1151     4.5952     0.0000     0.0085     0.0000     0.5048     0.5171    34.7489    34.8303    26.4769    26.5458      1.228      1.603      0.450      0.587 0.0000e+00
      35237   1468.183    222.439 -106.84740   16.85492    221.000    11.5857    11.5553 3.9445e+04   3.949924     0.0662     0.0492    98.7785 1.0000e-12          0     0.5058     0.5178     0.0576     0.1157     4.5951     0.0000     0.0085     0.0000     0.5049     0.5172    34.7484    34.8303    26.4772    26.5465      1.234      1.590      0.452      0.582 0.0000e+00
      35253   1468.829    223.446 -106.84740   16.85492    222.000    11.5815    11.5511 3.9441e+04   3.949541     0.0760     0.0489    98.7844 1.0000e-12          0     0.5055     0.5177     0.0586     0.1172     4.5954     0.0000     0.0085     0.0000     0.5048     0.5170    34.7482    34.8301    26.4778    26.5472      1.212      1.514      0.444      0.554 0.0000e+00
      35267   1469.431    224.453 -106.84740   16.85492    223.000    11.5765    11.5462 3.9437e+04   3.949073     0.0683     0.0492    98.7764 1.0000e-12          0     0.5055     0.5177     0.0578     0.1172     4.5950     0.0000     0.0085     0.0000     0.5048     0.5168    34.7478    34.8296    26.4785    26.5477      1.232      1.526      0.451      0.558 0.0000e+00
      35282   1470.057    225.460 -106.84740   16.85492    224.000    11.5719    11.5416 3.9432e+04   3.948640     0.0632     0.0490    98.7817 1.0000e-12          0     0.5056     0.5177     0.0573     0.1172     4.5953     0.0000     0.0085     0.0000     0.5048     0.5168    34.7473    34.8292    26.4789    26.5483      1.233      1.590      0.451      0.582 0.0000e+00
      35299   1470.756    226.467 -106.84740   16.85492    225.000    11.5681    11.5378 3.9429e+04   3.948272     0.0639     0.0487    98.7915 1.0000e-12          0     0.5055     0.5178     0.0574     0.1152     4.5957     0.0000     0.0085     0.0000     0.5048     0.5170    34.7470    34.8287    26.4795    26.5486      1.233      1.600      0.451      0.586 0.0000e+00
      35325   1471.852    227.475 -106.84740   16.85492    226.000    11.5612    11.5310 3.9422e+04   3.947589     0.0639     0.0488    98.7893 1.0000e-12          0     0.5055     0.5177     0.0574     0.1151     4.5956     0.0000     0.0085     0.0000     0.5048     0.5169    34.7464    34.8279    26.4803    26.5493      1.233      1.560      0.451      0.571 0.0000e+00
      35424   1475.969    228.482 -106.84742   16.85492    227.000    11.5685    11.5356 3.9429e+04   3.948026     0.0639     0.0492    98.7783 1.0000e-12          0     0.5055     0.5176     0.0574     0.1150     4.5951     0.0000     0.0085     0.0000     0.5049     0.5168    34.7461    34.8275    26.4787    26.5482      1.249      1.571      0.457      0.575 0.0000e+00
      35454   1477.227    229.489 -106.84742   16.85492    228.000    11.5450    11.5107 3.9406e+04   3.945755     0.0639     0.0492    98.7765 1.0000e-12          0     0.5055     0.5175     0.0574     0.1151     4.5950     0.0000     0.0085     0.0000     0.5048     0.5171    34.7451    34.8281    26.4823    26.5533      1.216      1.591      0.445      0.582 0.0000e+00
      35470   1477.865    230.496 -106.84742   16.85492    229.000    11.5239    11.4931 3.9384e+04   3.943975     0.0683     0.0486    98.7935 1.0000e-12          0     0.5055     0.5175     0.0578     0.1149     4.5958     0.0000     0.0085     0.0000     0.5048     0.5170    34.7429    34.8266    26.4846    26.5554      1.225      1.534      0.448      0.561 0.0000e+00
      35483   1478.422    231.503 -106.84742   16.85492    230.000    11.5080    11.4762 3.9368e+04   3.942461     0.0762     0.0486    98.7932 1.0000e-12          0     0.5056     0.5175     0.0586     0.1149     4.5958     0.0000     0.0085     0.0000     0.5048     0.5167    34.7417    34.8271    26.4866    26.5590      1.236      1.537      0.452      0.562 0.0000e+00
      35496   1478.938    232.510 -106.84742   16.85492    231.000    11.4776    11.4462 3.9338e+04   3.939454     0.0689     0.0486    98.7932 1.0000e-12          0     0.5056     0.5174     0.0579     0.1150     4.5958     0.0000     0.0085     0.0000     0.5048     0.5170    34.7395    34.8253    26.4906    26.5631      1.237      1.629      0.452      0.595 0.0000e+00
      35508   1479.447    233.517 -106.84742   16.85492    232.000    11.4447    11.4121 3.9304e+04   3.936310     0.0642     0.0486    98.7932 1.0000e-12          0     0.5055     0.5177     0.0574     0.1154     4.5958     0.0000     0.0085     0.0000     0.5048     0.5170    34.7373    34.8258    26.4949    26.5699      1.238      1.595      0.452      0.582 0.0000e+00
      35520   1479.958    234.524 -106.84742   16.85492    233.000    11.4205    11.3892 3.9280e+04   3.933694     0.0683     0.0486    98.7932 1.0000e-12          0     0.5055     0.5176     0.0578     0.1150     4.5958     0.0000     0.0085     0.0000     0.5048     0.5170    34.7359    34.8211    26.4984    26.5704      1.239      1.572      0.452      0.574 0.0000e+00
      35532   1480.459    235.531 -106.84742   16.85492    234.000    11.4097    11.3783 3.9270e+04   3.932579     0.0754     0.0486    98.7932 1.0000e-12          0     0.5056     0.5177     0.0585     0.1156     4.5958     0.0000     0.0085     0.0000     0.5048     0.5169    34.7354    34.8200    26.5000    26.5716      1.239      1.531      0.452      0.559 0.0000e+00
      35545   1480.989    236.538 -106.84742   16.85492    235.000    11.3842    11.3521 3.9244e+04   3.929997     0.0703     0.0485    98.7963 1.0000e-12          0     0.5055     0.5178     0.0580     0.1150     4.5960     0.0000     0.0085     0.0000     0.5048     0.5169    34.7328    34.8187    26.5027    26.5754      1.240      1.487      0.452      0.542 0.0000e+00
      35622   1484.191    237.546 -106.84742   16.85492    236.000    11.3977    11.3502 3.9259e+04   3.929526     0.0624     0.0482    98.8032 1.0000e-12          0     0.5055     0.5174     0.0573     0.1149     4.5963     0.0000     0.0085     0.0000     0.5048     0.5166    34.7344    34.8154    26.5015    26.5732      1.240      1.502      0.452      0.548 0.0000e+00
      35698   1487.378    238.553 -106.84742   16.85492    237.000    11.3757    11.3305 3.9236e+04   3.927811     0.0639     0.0491    98.7807 1.0000e-12          0     0.5055     0.5175     0.0574     0.1157     4.5952     0.0000     0.0085     0.0000     0.5048     0.5169    34.7323    34.8165    26.5039    26.5778      1.240      1.539      0.452      0.561 0.0000e+00
      35712   1487.946    239.560 -106.84742   16.85492    238.000    11.3438    11.2989 3.9205e+04   3.925248     0.0639     0.0481    98.8039 1.0000e-12          0     0.5055     0.5170     0.0574     0.1173     4.5963     0.0000     0.0085     0.0000     0.5048     0.5166    34.7311    34.8204    26.5089    26.5866      1.242      1.511      0.452      0.551 0.0000e+00
      35725   1488.480    240.567 -106.84742   16.85492    239.000    11.3127    11.2814 3.9175e+04   3.923058     0.0692     0.0480    98.8083 1.0000e-12          0     0.5055     0.5178     0.0579     0.1162     4.5965     0.0000     0.0085     0.0000     0.5048     0.5166    34.7299    34.8149    26.5137    26.5856      1.243      1.431      0.452      0.521 0.0000e+00
      35737   1489.004    241.574 -106.84742   16.85492    240.000    11.2993    11.2690 3.9161e+04   3.921662     0.0749     0.0475    98.8192 1.0000e-12          0     0.5055     0.5173     0.0585     0.1153     4.5971     0.0000     0.0085     0.0000     0.5048     0.5168    34.7289    34.8122    26.5154    26.5858      1.243      1.515      0.453      0.552 0.0000e+00
      35750   1489.534    242.581 -106.84742   16.85492    241.000    11.2923    11.2613 3.9155e+04   3.920969     0.0696     0.0475    98.8195 1.0000e-12          0     0.5055     0.5177     0.0580     0.1159     4.5971     0.0000     0.0085     0.0000     0.5048     0.5163    34.7287    34.8122    26.5165    26.5872      1.244      1.533      0.453      0.558 0.0000e+00
      35764   1490.128    243.588 -106.84742   16.85492    242.000    11.2859    11.2563 3.9148e+04   3.920386     0.0639     0.0475    98.8195 1.0000e-12          0     0.5055     0.5177     0.0574     0.1172     4.5971     0.0000     0.0085     0.0000     0.5048     0.5168    34.7280    34.8107    26.5171    26.5870      1.244      1.644      0.453      0.598 0.0000e+00
      35782   1490.871    244.596 -106.84742   16.85492    243.000    11.2829    11.2528 3.9147e+04   3.920071     0.0731     0.0474    98.8207 1.0000e-12          0     0.5055     0.5174     0.0583     0.1157     4.5972     0.0000     0.0085     0.0000     0.5048     0.5168    34.7286    34.8104    26.5182    26.5874      1.244      1.427      0.453      0.519 0.0000e+00
      35846   1493.553    245.603 -106.84742   16.85493    244.000    11.2846    11.2520 3.9149e+04   3.919993     0.0647     0.0474    98.8212 1.0000e-12          0     0.5055     0.5172     0.0575     0.1151     4.5972     0.0000     0.0085     0.0000     0.5048     0.5164    34.7286    34.8100    26.5179    26.5872      1.242      1.514      0.452      0.551 0.0000e+00
      35909   1496.170    246.610 -106.84742   16.85494    245.000    11.2792    11.2488 3.9144e+04   3.919822     0.0639     0.0475    98.8195 1.0000e-12          0     0.5055     0.5172     0.0574     0.1150     4.5971     0.0000     0.0085     0.0000     0.5048     0.5165    34.7283    34.8108    26.5187    26.5885      1.244      1.489      0.453      0.542 0.0000e+00
      35927   1496.929    247.617 -106.84742   16.85494    246.000    11.2653    11.2352 3.9130e+04   3.918453     0.0679     0.0474    98.8229 1.0000e-12          0     0.5054     0.5172     0.0578     0.1149     4.5973     0.0000     0.0085     0.0000     0.5048     0.5163    34.7275    34.8097    26.5206    26.5901      1.238      1.437      0.451      0.523 0.0000e+00
      35942   1497.530    248.624 -106.84742   16.85494    247.000    11.2544    11.2230 3.9119e+04   3.917405     0.0762     0.0467    98.8384 1.0000e-12          0     0.5055     0.5168     0.0586     0.1151     4.5980     0.0000     0.0085     0.0000     0.5048     0.5165    34.7266    34.8103    26.5220    26.5929      1.224      1.524      0.445      0.554 0.0000e+00
      35955   1498.100    249.632 -106.84742   16.85494    248.000    11.2437    11.2130 3.9109e+04   3.916279     0.0666     0.0475    98.8196 1.0000e-12          0     0.5055     0.5171     0.0577     0.1151     4.5971     0.0000     0.0085     0.0000     0.5047     0.5164    34.7262    34.8081    26.5236    26.5930      1.232      1.510      0.448      0.549 0.0000e+00
      35971   1498.737    250.639 -106.84742   16.85494    249.000    11.2413    11.2109 3.9108e+04   3.916088     0.0640     0.0474    98.8210 1.0000e-12          0     0.5055     0.5172     0.0574     0.1151     4.5972     0.0000     0.0085     0.0000     0.5048     0.5166    34.7263    34.8078    26.5242    26.5932      1.251      1.433      0.455      0.521 0.0000e+00
      35990   1499.524    251.646 -106.84742   16.85494    250.000    11.2329    11.2032 3.9099e+04   3.915405     0.0639     0.0470    98.8309 1.0000e-12          0     0.5055     0.5172     0.0574     0.1170     4.5976     0.0000     0.0085     0.0000     0.5047     0.5161    34.7251    34.8079    26.5248    26.5947      1.226      1.372      0.446      0.498 0.0000e+00
      36066   1502.700    252.653 -106.84742   16.85494    251.000    11.2337    11.2043 3.9100e+04   3.915358     0.0664     0.0472    98.8257 1.0000e-12          0     0.5055     0.5170     0.0576     0.1152     4.5974     0.0000     0.0085     0.0000     0.5048     0.5161    34.7248    34.8059    26.5244    26.5930      1.258      1.454      0.457      0.529 0.0000e+00
      36156   1506.439    253.660 -106.84742   16.85494    252.000    11.2205    11.1875 3.9087e+04   3.913995     0.0713     0.0475    98.8195 1.0000e-12          0     0.5055     0.5167     0.0581     0.1150     4.5971     0.0000     0.0085     0.0000     0.5049     0.5161    34.7243    34.8078    26.5265    26.5975      1.250      1.435      0.454      0.521 0.0000e+00
      36177   1507.321    254.668 -106.84742   16.85494    253.000    11.2004    11.1642 3.9066e+04   3.911688     0.0653     0.0475    98.8195 1.0000e-12          0     0.5054     0.5166     0.0575     0.1153     4.5971     0.0000     0.0085     0.0000     0.5048     0.5161    34.7222    34.8064    26.5285    26.6007      1.214      1.432      0.441      0.520 0.0000e+00
      36444   1518.441    255.675 -106.84742   16.85494    254.000    11.2219    11.1971 3.9089e+04   3.914656     0.0672     0.0473    98.8254 1.0000e-12          0     0.5054     0.5167     0.0577     0.1159     4.5974     0.0000     0.0085     0.0000     0.5045     0.5158    34.7236    34.8044    26.5257    26.5931      1.174      1.399      0.427      0.508 0.0000e+00
      45544   1897.623    256.682 -106.84744   16.85494    255.000    11.1811    11.1525 3.9047e+04   3.910042     0.0636     0.0472    98.8267 1.0000e-12          0     0.5034     0.5143     0.0574     0.1173     4.5974     0.0000     0.0085     0.0000     0.5028     0.5139    34.7202    34.8002    26.5305    26.5981      0.955      1.092      0.347      0.396 0.0000e+00
      48390   2016.210    257.689 -106.84744   16.85494    256.000    11.2011    11.1735 3.9068e+04   3.912254     0.0621     0.0486    98.7926 1.0000e-12          0     0.5031     0.5145     0.0572     0.1176     4.5958     0.0000     0.0085     0.0000     0.5026     0.5141    34.7218    34.8019    26.5282    26.5956      0.915      1.142      0.332      0.415 0.0000e+00
      48581   2024.181    258.696 -106.84744   16.85494    257.000    11.1954    11.1673 3.9063e+04   3.911844     0.0622     0.0486    98.7933 1.0000e-12          0     0.5031     0.5145     0.0572     0.1177     4.5958     0.0000     0.0085     0.0000     0.5026     0.5143    34.7215    34.8033    26.5290    26.5978      0.893      1.167      0.324      0.424 0.0000e+00
      48598   2024.886    259.704 -106.84744   16.85494    258.000    11.1688    11.1391 3.9035e+04   3.909147     0.0633     0.0487    98.7905 1.0000e-12          0     0.5032     0.5147     0.0573     0.1179     4.5957     0.0000     0.0085     0.0000     0.5026     0.5142    34.7188    34.8027    26.5318    26.6025      0.911      1.099      0.330      0.399 0.0000e+00
