data/ctd-cnv/KM1919/KM1919-St20-P2/St20_P2_cast61-align-cellTM-derive-bin.cnv
* Sea-Bird SBE 9 Data File:
* FileName = C:\Users\otg\Desktop\CTD Data\km1920\St20_P2_cast61.hex
* Software Version Seasave V 7.26.7.107
* Temperature SN = 5554
* Conductivity SN = 3876
* Number of Bytes Per Scan = 41
* Number of Voltage Words = 4
* Number of Scans Averaged by the Deck Unit = 1
* NMEA Latitude = 16 53.44 N
* NMEA Longitude = 106 49.86 W
* NMEA UTC (Time) = Oct 13 2019  05:00:01
* NMEA baud rate = 4800
** Ship: Kilo Moana
** Station: St20_P2 cast 61
** Operator: jac
# nquan = 34
# nvalues = 702                         
# units = specified
# name 0 = scan: Scan Count
# name 1 = timeS: Time, Elapsed [seconds]
# name 2 = prDM: Pressure, Digiquartz [db]
# name 3 = longitude: Longitude [deg]
# name 4 = latitude: Latitude [deg]
# name 5 = depSM: Depth [salt water, m]
# name 6 = t090C: Temperature [ITS-90, deg C]
# name 7 = t190C: Temperature, 2 [ITS-90, deg C]
# name 8 = c0uS/cm: Conductivity [uS/cm]
# name 9 = c1S/m: Conductivity, 2 [S/m]
# name 10 = flECO-AFL: Fluorescence, WET Labs ECO-AFL/FL [mg/m^3]
# name 11 = CStarAt0: Beam Attenuation, WET Labs C-Star [1/m]
# name 12 = CStarTr0: Beam Transmission, WET Labs C-Star [%]
# name 13 = par: PAR/Irradiance, Biospherical/Licor
# name 14 = modError: Modulo Error Count
# name 15 = v0: Voltage 0
# name 16 = v1: Voltage 1
# name 17 = v2: Voltage 2
# name 18 = v3: Voltage 3
# name 19 = v4: Voltage 4
# name 20 = v5: Voltage 5
# name 21 = v6: Voltage 6
# name 22 = v7: Voltage 7
# name 23 = sbeox0V: Oxygen raw, SBE 43 [V]
# name 24 = sbeox1V: Oxygen raw, SBE 43, 2 [V]
# name 25 = sal00: Salinity, Practical [PSU]
# name 26 = sal11: Salinity, Practical, 2 [PSU]
# name 27 = sigma-é00: Density [sigma-theta, kg/m^3]
# name 28 = sigma-é11: Density, 2 [sigma-theta, kg/m^3]
# name 29 = sbeox0Mm/L: Oxygen, SBE 43 [umol/l], WS = 2
# name 30 = sbeox1Mm/L: Oxygen, SBE 43, 2 [umol/l], WS = 2
# name 31 = sbeox0PS: Oxygen, SBE 43 [% saturation], WS = 2
# name 32 = sbeox1PS: Oxygen, SBE 43, 2 [% saturation], WS = 2
# name 33 = flag: flag
# span 0 =         64,      25039       
# span 1 =      2.614,   1043.236       
# span 2 =      4.024,    710.426       
# span 3 = -106.83106, -106.83094       
# span 4 =   16.89058,   16.89068       
# span 5 =      4.000,    705.000       
# span 6 =     5.9825,    28.9231       
# span 7 =     5.9567,    28.8823       
# span 8 = 3.4253e+04, 5.6399e+04       
# span 9 =   3.430012,   5.647939       
# span 10 =     0.0531,     1.4817      
# span 11 =     0.0364,     0.1258      
# span 12 =    96.9035,    99.0946      
# span 13 = -1.376e-06, 2.9253e+00      
# span 14 =          0,          0      
# span 15 =     0.5029,     2.5046      
# span 16 =     0.5117,     2.4906      
# span 17 =     0.0563,     0.1991      
# span 18 =     0.1140,     0.1214      
# span 19 =     4.5080,     4.6099      
# span 20 =     0.0000,     0.0000      
# span 21 =     0.0085,     1.4754      
# span 22 =     0.0000,     0.0000      
# span 23 =     0.5021,     2.5013      
# span 24 =     0.5112,     2.4886      
# span 25 =    34.2763,    34.7881      
# span 26 =    34.3641,    34.8748      
# span 27 =    21.6168,    27.1939      
# span 28 =    21.6940,    27.2602      
# span 29 =      0.692,    232.629      
# span 30 =     -0.043,    242.522      
# span 31 =      0.250,    107.744      
# span 32 =     -0.015,    112.569      
# span 33 = 0.0000e+00, 0.0000e+00      
# interval = meters: 1                  
# start_time = Oct 13 2019 05:08:46 [NMEA time, first data scan]
# bad_flag = -9.990e-29
*END*
[from data line 513]
      19520    813.289    520.742 -106.83106   16.89068    517.000     7.5515     7.5236 3.5617e+04   3.566667     0.0639     0.0400    99.0049 1.0771e-04          0     0.5031     0.5129     0.0574     0.1172     4.6057     0.0000     0.0092     0.0000     0.5024     0.5125    34.5542    34.6354    26.9971    27.0649      0.922      0.833      0.309      0.279 0.0000e+00
      19539    814.086    521.751 -106.83106   16.89068    518.000     7.5393     7.5115 3.5606e+04   3.565539     0.0639     0.0391    99.0266 9.2771e-05          0     0.5031     0.5129     0.0574     0.1172     4.6067     0.0000     0.0091     0.0000     0.5022     0.5124    34.5538    34.6348    26.9985    27.0662      0.948      0.901      0.317      0.302 0.0000e+00
      19591    816.265    522.759 -106.83106   16.89068    519.000     7.5402     7.5139 3.5607e+04   3.565669     0.0703     0.0392    99.0246 8.5892e-05          0     0.5030     0.5132     0.0580     0.1168     4.6066     0.0000     0.0090     0.0000     0.5024     0.5125    34.5539    34.6333    26.9985    27.0647      1.012      0.990      0.339      0.331 0.0000e+00
      19660    819.135    523.768 -106.83106   16.89068    520.000     7.5376     7.5121 3.5605e+04   3.565655     0.0633     0.0405    98.9931 1.1378e-04          0     0.5031     0.5133     0.0573     0.1172     4.6051     0.0000     0.0092     0.0000     0.5024     0.5126    34.5540    34.6345    26.9989    27.0659      0.993      1.070      0.332      0.358 0.0000e+00
      19680    819.973    524.776 -106.83106   16.89068    521.000     7.5321     7.5049 3.5601e+04   3.564969     0.0639     0.0393    99.0216 9.6109e-05          0     0.5031     0.5133     0.0574     0.1172     4.6064     0.0000     0.0091     0.0000     0.5024     0.5123    34.5544    34.6337    27.0000    27.0663      0.995      0.917      0.333      0.307 0.0000e+00
      19697    820.652    525.785 -106.83106   16.89068    522.000     7.5308     7.5038 3.5601e+04   3.564889     0.0639     0.0400    99.0050 1.1638e-04          0     0.5032     0.5131     0.0574     0.1172     4.6057     0.0000     0.0092     0.0000     0.5024     0.5125    34.5547    34.6335    27.0005    27.0663      0.996      1.114      0.333      0.373 0.0000e+00
      19711    821.233    526.793 -106.83106   16.89068    523.000     7.5305     7.5032 3.5601e+04   3.564889     0.0639     0.0401    99.0033 7.2314e-05          0     0.5031     0.5127     0.0574     0.1171     4.6056     0.0000     0.0090     0.0000     0.5024     0.5128    34.5546    34.6336    27.0005    27.0666      0.996      1.059      0.333      0.354 0.0000e+00
      19724    821.782    527.802 -106.83106   16.89068    524.000     7.5291     7.5017 3.5600e+04   3.564806     0.0639     0.0401    99.0033 9.3475e-05          0     0.5031     0.5129     0.0574     0.1172     4.6056     0.0000     0.0091     0.0000     0.5024     0.5126    34.5545    34.6337    27.0006    27.0668      0.996      0.962      0.333      0.322 0.0000e+00
      19738    822.357    528.810 -106.83106   16.89068    525.000     7.5254     7.4981 3.5597e+04   3.564544     0.0639     0.0400    99.0050 1.0800e-04          0     0.5031     0.5133     0.0574     0.1172     4.6057     0.0000     0.0092     0.0000     0.5024     0.5124    34.5542    34.6339    27.0009    27.0675      0.996      0.991      0.333      0.332 0.0000e+00
      19755    823.063    529.819 -106.83106   16.89068    526.000     7.5121     7.4842 3.5584e+04   3.563441     0.0639     0.0400    99.0057 8.8895e-05          0     0.5031     0.5131     0.0574     0.1171     4.6057     0.0000     0.0091     0.0000     0.5024     0.5126    34.5535    34.6353    27.0023    27.0706      0.997      0.931      0.333      0.311 0.0000e+00
      19817    825.681    530.827 -106.83106   16.89068    527.000     7.5134     7.4859 3.5586e+04   3.563304     0.0639     0.0397    99.0136 1.0497e-04          0     0.5031     0.5132     0.0574     0.1165     4.6061     0.0000     0.0092     0.0000     0.5024     0.5126    34.5534    34.6317    27.0021    27.0676      0.994      1.056      0.332      0.353 0.0000e+00
      19865    827.672    531.836 -106.83106   16.89068    528.000     7.4923     7.4682 3.5566e+04   3.562150     0.0639     0.0390    99.0295 1.0610e-04          0     0.5030     0.5130     0.0574     0.1171     4.6068     0.0000     0.0092     0.0000     0.5024     0.5126    34.5528    34.6363    27.0046    27.0738      0.997      1.002      0.334      0.335 0.0000e+00
      19886    828.553    532.845 -106.83106   16.89068    529.000     7.4618     7.4336 3.5539e+04   3.558893     0.0639     0.0392    99.0256 7.1524e-05          0     0.5031     0.5131     0.0574     0.1175     4.6066     0.0000     0.0090     0.0000     0.5024     0.5127    34.5525    34.6349    27.0087    27.0776      0.998      0.935      0.334      0.312 0.0000e+00
      19904    829.285    533.853 -106.83106   16.89068    530.000     7.4495     7.4223 3.5528e+04   3.557690     0.0639     0.0393    99.0230 1.0055e-04          0     0.5031     0.5134     0.0574     0.1183     4.6065     0.0000     0.0091     0.0000     0.5024     0.5124    34.5526    34.6327    27.0105    27.0774      0.999      0.922      0.334      0.308 0.0000e+00
      19920    829.951    534.862 -106.83106   16.89068    531.000     7.4475     7.4204 3.5526e+04   3.557508     0.0639     0.0391    99.0277 8.1558e-05          0     0.5031     0.5135     0.0574     0.1174     4.6067     0.0000     0.0090     0.0000     0.5024     0.5124    34.5522    34.6321    27.0105    27.0773      0.999      1.089      0.334      0.364 0.0000e+00
      19936    830.617    535.870 -106.83106   16.89068    532.000     7.4462     7.4193 3.5525e+04   3.557456     0.0639     0.0396    99.0145 1.0207e-04          0     0.5031     0.5132     0.0574     0.1172     4.6061     0.0000     0.0092     0.0000     0.5024     0.5128    34.5521    34.6322    27.0107    27.0775      0.996      1.071      0.333      0.358 0.0000e+00
      19952    831.306    536.879 -106.83106   16.89068    533.000     7.4367     7.4086 3.5517e+04   3.556651     0.0639     0.0397    99.0130 8.6215e-05          0     0.5031     0.5132     0.0574     0.1172     4.6060     0.0000     0.0091     0.0000     0.5024     0.5125    34.5518    34.6335    27.0118    27.0801      0.971      0.916      0.324      0.306 0.0000e+00
      19972    832.129    537.887 -106.83106   16.89068    534.000     7.4183     7.3889 3.5501e+04   3.554865     0.0639     0.0391    99.0280 1.1228e-04          0     0.5031     0.5133     0.0574     0.1172     4.6067     0.0000     0.0092     0.0000     0.5024     0.5126    34.5520    34.6333    27.0145    27.0828      1.003      1.026      0.335      0.342 0.0000e+00
      20036    834.804    538.896 -106.83106   16.89068    535.000     7.4206     7.3905 3.5503e+04   3.554772     0.0639     0.0390    99.0295 8.7081e-05          0     0.5031     0.5131     0.0574     0.1158     4.6068     0.0000     0.0091     0.0000     0.5024     0.5127    34.5518    34.6302    27.0141    27.0801      0.995      1.014      0.332      0.338 0.0000e+00
      20087    836.914    539.905 -106.83106   16.89068    536.000     7.3879     7.3679 3.5473e+04   3.553191     0.0639     0.0392    99.0248 1.2494e-04          0     0.5031     0.5133     0.0574     0.1171     4.6066     0.0000     0.0093     0.0000     0.5024     0.5125    34.5512    34.6351    27.0183    27.0872      1.021      0.996      0.341      0.332 0.0000e+00
      20105    837.658    540.913 -106.83106   16.89068    537.000     7.3699     7.3421 3.5457e+04   3.550611     0.0639     0.0392    99.0246 1.0134e-04          0     0.5031     0.5132     0.0574     0.1172     4.6066     0.0000     0.0091     0.0000     0.5024     0.5126    34.5508    34.6322    27.0205    27.0885      1.001      1.038      0.334      0.346 0.0000e+00
      20120    838.281    541.922 -106.83106   16.89068    538.000     7.3587     7.3312 3.5446e+04   3.549581     0.0639     0.0392    99.0258 8.6910e-05          0     0.5031     0.5130     0.0574     0.1172     4.6066     0.0000     0.0091     0.0000     0.5024     0.5128    34.5505    34.6315    27.0219    27.0895      1.002      0.979      0.334      0.326 0.0000e+00
      20133    838.850    542.930 -106.83106   16.89068    539.000     7.3501     7.3226 3.5439e+04   3.548782     0.0639     0.0390    99.0295 1.1598e-04          0     0.5031     0.5135     0.0574     0.1172     4.6068     0.0000     0.0092     0.0000     0.5024     0.5123    34.5504    34.6308    27.0230    27.0902      1.002      0.863      0.334      0.288 0.0000e+00
      20147    839.412    543.939 -106.83106   16.89068    540.000     7.3453     7.3180 3.5435e+04   3.548359     0.0639     0.0390    99.0295 1.0231e-04          0     0.5030     0.5134     0.0574     0.1172     4.6068     0.0000     0.0092     0.0000     0.5024     0.5123    34.5503    34.6304    27.0236    27.0905      1.003      1.055      0.334      0.352 0.0000e+00
      20162    840.044    544.947 -106.83106   16.89068    541.000     7.3386     7.3112 3.5429e+04   3.547770     0.0639     0.0399    99.0073 8.9345e-05          0     0.5031     0.5130     0.0574     0.1171     4.6058     0.0000     0.0091     0.0000     0.5024     0.5128    34.5501    34.6303    27.0245    27.0914      1.003      1.080      0.334      0.360 0.0000e+00
      20192    841.279    545.956 -106.83106   16.89068    542.000     7.3352     7.3085 3.5426e+04   3.547465     0.0639     0.0393    99.0217 1.1104e-04          0     0.5031     0.5131     0.0574     0.1172     4.6064     0.0000     0.0092     0.0000     0.5024     0.5126    34.5497    34.6291    27.0246    27.0909      1.003      1.028      0.334      0.342 0.0000e+00
      20266    844.383    546.965 -106.83106   16.89068    543.000     7.3403     7.3112 3.5432e+04   3.547809     0.0639     0.0390    99.0298 1.1684e-04          0     0.5031     0.5132     0.0574     0.1171     4.6068     0.0000     0.0092     0.0000     0.5024     0.5125    34.5506    34.6297    27.0246    27.0910      1.003      0.975      0.334      0.325 0.0000e+00
      20294    845.542    547.973 -106.83106   16.89068    544.000     7.3258     7.2988 3.5419e+04   3.546691     0.0639     0.0390    99.0295 1.0581e-04          0     0.5031     0.5131     0.0574     0.1171     4.6068     0.0000     0.0092     0.0000     0.5024     0.5127    34.5502    34.6294    27.0264    27.0925      1.004      0.991      0.334      0.330 0.0000e+00
      20314    846.381    548.982 -106.83106   16.89068    545.000     7.3223     7.2955 3.5416e+04   3.546409     0.0639     0.0390    99.0295 1.2484e-04          0     0.5031     0.5131     0.0574     0.1171     4.6068     0.0000     0.0093     0.0000     0.5024     0.5125    34.5501    34.6292    27.0268    27.0928      1.004      1.011      0.334      0.337 0.0000e+00
      20331    847.082    549.991 -106.83106   16.89068    546.000     7.3204     7.2935 3.5415e+04   3.546250     0.0639     0.0390    99.0295 6.1857e-05          0     0.5031     0.5133     0.0574     0.1172     4.6068     0.0000     0.0089     0.0000     0.5024     0.5126    34.5500    34.6289    27.0270    27.0929      1.004      1.086      0.334      0.362 0.0000e+00
      20346    847.714    550.999 -106.83106   16.89068    547.000     7.3100     7.2810 3.5405e+04   3.545313     0.0639     0.0390    99.0295 9.5177e-05          0     0.5031     0.5130     0.0574     0.1172     4.6068     0.0000     0.0091     0.0000     0.5024     0.5128    34.5492    34.6307    27.0278    27.0961      1.004      1.086      0.335      0.362 0.0000e+00
      20361    848.337    552.008 -106.83106   16.89068    548.000     7.2957     7.2677 3.5391e+04   3.544164     0.0639     0.0390    99.0295 8.1250e-05          0     0.5031     0.5131     0.0574     0.1172     4.6068     0.0000     0.0090     0.0000     0.5024     0.5128    34.5485    34.6310    27.0293    27.0982      0.971      0.988      0.323      0.329 0.0000e+00
      20378    849.040    553.017 -106.83106   16.89068    549.000     7.2603     7.2308 3.5358e+04   3.540890     0.0639     0.0390    99.0295 1.1574e-04          0     0.5031     0.5132     0.0574     0.1171     4.6068     0.0000     0.0092     0.0000     0.5023     0.5125    34.5471    34.6316    27.0332    27.1039      0.992      0.807      0.330      0.269 0.0000e+00
      20423    850.935    554.025 -106.83106   16.89068    550.000     7.2445     7.2114 3.5343e+04   3.538538     0.0677     0.0389    99.0317 8.6963e-05          0     0.5031     0.5132     0.0578     0.1172     4.6069     0.0000     0.0091     0.0000     0.5024     0.5124    34.5461    34.6249    27.0346    27.1013      1.010      1.004      0.336      0.334 0.0000e+00
      20494    853.864    555.034 -106.83106   16.89068    551.000     7.2200     7.2000 3.5321e+04   3.538012     0.0685     0.0381    99.0517 8.9600e-05          0     0.5031     0.5128     0.0579     0.1172     4.6079     0.0000     0.0091     0.0000     0.5024     0.5126    34.5459    34.6301    27.0379    27.1070      1.019      0.963      0.339      0.320 0.0000e+00
      20513    854.687    556.043 -106.83106   16.89068    552.000     7.1901     7.1627 3.5292e+04   3.534121     0.0636     0.0390    99.0283 8.5422e-05          0     0.5031     0.5131     0.0574     0.1172     4.6067     0.0000     0.0090     0.0000     0.5025     0.5123    34.5436    34.6244    27.0403    27.1077      1.019      0.930      0.339      0.309 0.0000e+00
      20530    855.372    557.051 -106.83106   16.89068    553.000     7.1882     7.1611 3.5292e+04   3.533999     0.0639     0.0378    99.0572 9.5402e-05          0     0.5031     0.5133     0.0574     0.1172     4.6082     0.0000     0.0091     0.0000     0.5024     0.5124    34.5445    34.6241    27.0413    27.1078      0.946      1.153      0.314      0.383 0.0000e+00
      20544    855.952    558.060 -106.83106   16.89068    554.000     7.1844     7.1572 3.5288e+04   3.533663     0.0639     0.0387    99.0366 8.6957e-05          0     0.5031     0.5131     0.0574     0.1172     4.6071     0.0000     0.0091     0.0000     0.5023     0.5128    34.5438    34.6239    27.0412    27.1081      0.998      1.103      0.331      0.366 0.0000e+00
      20557    856.495    559.068 -106.83106   16.89068    555.000     7.1753     7.1478 3.5280e+04   3.532844     0.0639     0.0389    99.0316 1.0928e-04          0     0.5031     0.5132     0.0574     0.1171     4.6069     0.0000     0.0092     0.0000     0.5024     0.5125    34.5431    34.6239    27.0420    27.1095      1.042      0.961      0.346      0.319 0.0000e+00
      20570    857.035    560.077 -106.83106   16.89068    556.000     7.1720     7.1452 3.5278e+04   3.532574     0.0639     0.0382    99.0474 8.4066e-05          0     0.5030     0.5131     0.0574     0.1172     4.6077     0.0000     0.0090     0.0000     0.5024     0.5126    34.5441    34.6230    27.0432    27.1091      1.021      0.943      0.339      0.313 0.0000e+00
      20583    857.595    561.086 -106.83106   16.89068    557.000     7.1590     7.1300 3.5265e+04   3.531547     0.0639     0.0388    99.0346 1.0140e-04          0     0.5031     0.5132     0.0574     0.1171     4.6071     0.0000     0.0091     0.0000     0.5024     0.5125    34.5430    34.6265    27.0442    27.1140      1.010      1.003      0.335      0.333 0.0000e+00
