data/ctd-cnv/KM1919/KM1919-St20-P2/St20_P2_cast34-align-cellTM-derive-bin.cnv
* Sea-Bird SBE 9 Data File:
* FileName = C:\Users\otg\Desktop\CTD Data\km1920\St20_P2_cast34.hex
* Software Version Seasave V 7.26.7.107
* Temperature SN = 5554
* Conductivity SN = 3876
* Number of Bytes Per Scan = 41
* Number of Voltage Words = 4
* Number of Scans Averaged by the Deck Unit = 1
* NMEA Latitude = 16 47.14 N
* NMEA Longitude = 106 51.16 W
* NMEA UTC (Time) = Oct 06 2019  19:31:20
* NMEA baud rate = 4800
** Ship: Kilo Moana
** Station: St20_P2cast 34
** Operator: cf
** eDNA
# nquan = 34
# nvalues = 704                         
# units = specified
# name 0 = scan: Scan Count
# name 1 = timeS: Time, Elapsed [seconds]
# name 2 = prDM: Pressure, Digiquartz [db]
# name 3 = longitude: Longitude [deg]
# name 4 = latitude: Latitude [deg]
# name 5 = depSMignore: Depth [salt water, m]
# name 6 = t090C: Temperature [ITS-90, deg C]
# name 7 = t190C: Temperature, 2 [ITS-90, deg C]
# name 8 = c0uS/cm: Conductivity [uS/cm]
# name 9 = c1S/m: Conductivity, 2 [S/m]
# name 10 = flECO-AFL: Fluorescence, WET Labs ECO-AFL/FL [mg/m^3]
# name 11 = CStarAt0: Beam Attenuation, WET Labs C-Star [1/m]
# name 12 = CStarTr0: Beam Transmission, WET Labs C-Star [%]
# name 13 = par: PAR/Irradiance, Biospherical/Licor
# name 14 = modError: Modulo Error Count
# name 15 = v0: Voltage 0
# name 16 = v1: Voltage 1
# name 17 = v2: Voltage 2
# name 18 = v3: Voltage 3
# name 19 = v4: Voltage 4
# name 20 = v5: Voltage 5
# name 21 = v6: Voltage 6
# name 22 = v7: Voltage 7
# name 23 = sbeox0V: Oxygen raw, SBE 43 [V]
# name 24 = sbeox1V: Oxygen raw, SBE 43, 2 [V]
# name 25 = sal00: Salinity, Practical [PSU]
# name 26 = sal11: Salinity, Practical, 2 [PSU]
# name 27 = sigma-é00: Density [sigma-theta, kg/m^3]
# name 28 = sigma-é11: Density, 2 [sigma-theta, kg/m^3]
# name 29 = sbeox0Mm/L: Oxygen, SBE 43 [umol/l], WS = 2
# name 30 = sbeox1Mm/L: Oxygen, SBE 43, 2 [umol/l], WS = 2
# name 31 = sbeox0PS: Oxygen, SBE 43 [% saturation], WS = 2
# name 32 = sbeox1PS: Oxygen, SBE 43, 2 [% saturation], WS = 2
# name 33 = flag: flag
# span 0 =        -12,      23490       
# span 1 =     -0.544,    978.720       
# span 2 =      1.006,    709.413       
# span 3 = -106.85292, -106.85276       
# span 4 =   16.78568,   16.78570       
# span 5 =      1.000,    704.000       
# span 6 =     6.0668,    29.5516       
# span 7 =     6.0401,    29.5443       
# span 8 = 3.4328e+04, 5.7270e+04       
# span 9 =   3.437385,   5.737654       
# span 10 =     0.0420,     1.8612      
# span 11 =     0.0144,     0.1406      
# span 12 =    96.5470,    99.6399      
# span 13 = 1.8359e-05, 1.5040e+03      
# span 14 =          0,          0      
# span 15 =     0.5030,     2.4700      
# span 16 =     0.5116,     2.4574      
# span 17 =     0.0552,     0.2371      
# span 18 =     0.1139,     0.1256      
# span 19 =     4.4914,     4.6352      
# span 20 =     0.0000,     0.0000      
# span 21 =     0.0086,     4.1786      
# span 22 =     0.0000,     0.0000      
# span 23 =     0.5024,     2.4686      
# span 24 =     0.5111,     2.4558      
# span 25 =    34.3439,    34.7852      
# span 26 =    34.4377,    34.8730      
# span 27 =    21.5677,    27.1823      
# span 28 =    21.6286,    27.2476      
# span 29 =      0.807,    228.432      
# span 30 =      0.695,    239.673      
# span 31 =      0.274,    105.275      
# span 32 =      0.225,    110.402      
# span 33 = 0.0000e+00, 0.0000e+00      
# interval = meters: 1                  
# start_time = Oct 06 2019 19:38:19 [NMEA time, first data scan]
# bad_flag = -9.990e-29
*END*
[from data line 86]
       4857    202.313     87.538 -106.85280   16.78569     87.000    17.2541    17.2135 4.4596e+04   4.466489     0.5107     0.0442    98.9015 3.9752e+00          0     1.0289     1.0750     0.1021     0.1146     4.6009     0.0000     1.6236     0.0000     0.9331     0.9662    34.4845    34.5791    25.0616    25.1439     53.896     59.565     22.083     24.402 0.0000e+00
       4977    207.336     88.544 -106.85280   16.78570     88.000    17.2497    17.2844 4.4595e+04   4.471600     0.5558     0.0427    98.9391 3.7562e+00          0     0.9215     0.9527     0.1066     0.1149     4.6027     0.0000     1.5999     0.0000     0.9018     0.9419    34.4872    34.5624    25.0647    25.1140     48.671     58.783     19.939     24.110 0.0000e+00
       5035    209.756     89.551 -106.85280   16.78569     89.000    16.9027    16.8361 4.4259e+04   4.433503     0.5248     0.0426    98.9419 3.6031e+00          0     0.9364     0.9721     0.1035     0.1153     4.6028     0.0000     1.5821     0.0000     0.8140     0.8686    34.4920    34.6154    25.1508    25.2613     28.427     39.972     11.568     16.258 0.0000e+00
       5052    210.477     90.557 -106.85280   16.78568     90.000    16.5906    16.5431 4.3952e+04   4.404073     0.4305     0.0399    99.0071 3.3717e+00          0     0.9294     0.9724     0.0940     0.1147     4.6058     0.0000     1.5540     0.0000     0.7850     0.8332    34.4911    34.6101    25.2233    25.3258     29.373     37.363     11.882     15.112 0.0000e+00
       5073    211.316     91.563 -106.85280   16.78568     91.000    16.3626    16.3196 4.3739e+04   4.381834     0.3946     0.0386    99.0402 3.1521e+00          0     0.8990     0.9528     0.0905     0.1147     4.6073     0.0000     1.5256     0.0000     0.7685     0.8075    34.4997    34.6075    25.2829    25.3757     31.930     36.921     12.861     14.869 0.0000e+00
       5096    212.276     92.570 -106.85280   16.78568     92.000    16.0866    16.0445 4.3463e+04   4.354852     0.3668     0.0374    99.0689 2.9274e+00          0     0.8548     0.9098     0.0877     0.1147     4.6087     0.0000     1.4945     0.0000     0.7608     0.7914    34.4944    34.6073    25.3422    25.4387     33.856     37.529     13.563     15.033 0.0000e+00
       5157    214.850     93.576 -106.85280   16.78569     93.000    16.0767    16.0515 4.3448e+04   4.352177     0.3722     0.0351    99.1259 2.6929e+00          0     0.7869     0.8263     0.0882     0.1146     4.6113     0.0000     1.4592     0.0000     0.7550     0.7768    34.4898    34.5770    25.3409    25.4138     34.487     37.344     13.813     14.958 0.0000e+00
       5260    219.129     94.582 -106.85280   16.78570     94.000    16.0101    16.0041 4.3380e+04   4.349096     0.3632     0.0343    99.1471 2.5521e+00          0     0.7527     0.7709     0.0873     0.1146     4.6123     0.0000     1.4371     0.0000     0.7565     0.7711    34.4869    34.5906    25.3539    25.4350     35.996     38.297     14.399     15.326 0.0000e+00
       5294    220.553     95.589 -106.85280   16.78570     95.000    15.9033    15.8686 4.3269e+04   4.333103     0.3202     0.0337    99.1611 2.4849e+00          0     0.7527     0.7691     0.0830     0.1146     4.6129     0.0000     1.4259     0.0000     0.7575     0.7731    34.4800    34.5660    25.3730    25.4470     35.561     38.257     14.194     15.268 0.0000e+00
       5324    221.802     96.595 -106.85280   16.78570     96.000    15.8986    15.8647 4.3265e+04   4.332702     0.2957     0.0328    99.1833 2.3348e+00          0     0.7558     0.7707     0.0806     0.1146     4.6140     0.0000     1.3999     0.0000     0.7575     0.7730    34.4807    34.5653    25.3746    25.4474     35.563     38.064     14.194     15.190 0.0000e+00
       5364    223.457     97.602 -106.85280   16.78570     97.000    15.8982    15.8651 4.3267e+04   4.332764     0.3007     0.0327    99.1867 2.1548e+00          0     0.7579     0.7732     0.0811     0.1146     4.6142     0.0000     1.3663     0.0000     0.7575     0.7720    34.4818    34.5651    25.3756    25.4472     35.545     37.865     14.186     15.111 0.0000e+00
       5431    226.246     98.608 -106.85280   16.78568     98.000    15.8981    15.8654 4.3268e+04   4.332886     0.3081     0.0325    99.1908 2.0206e+00          0     0.7582     0.7734     0.0818     0.1146     4.6144     0.0000     1.3399     0.0000     0.7562     0.7699    34.4831    34.5656    25.3767    25.4475     34.843     37.485     13.907     14.959 0.0000e+00
       5465    227.686     99.615 -106.85280   16.78568     99.000    15.8889    15.8547 4.3260e+04   4.332006     0.2919     0.0324    99.1952 1.8804e+00          0     0.7582     0.7723     0.0802     0.1146     4.6146     0.0000     1.3101     0.0000     0.7514     0.7673    34.4836    34.5667    25.3792    25.4509     32.861     36.525     13.113     14.573 0.0000e+00
       5493    228.827    100.621 -106.85280   16.78568    100.000    15.8638    15.8283 4.3238e+04   4.330040     0.2836     0.0320    99.2033 1.7560e+00          0     0.7576     0.7715     0.0794     0.1145     4.6149     0.0000     1.2819     0.0000     0.7444     0.7621    34.4849    34.5718    25.3859    25.4608     32.008     35.359     12.766     14.101 0.0000e+00
       5528    230.273    101.628 -106.85282   16.78570    101.000    15.5727    15.5385 4.2951e+04   4.302340     0.2837     0.0316    99.2123 1.6577e+00          0     0.7553     0.7699     0.0794     0.1145     4.6154     0.0000     1.2582     0.0000     0.7394     0.7562    34.4816    34.5770    25.4488    25.5299     32.283     35.329     12.802     14.009 0.0000e+00
       5653    235.513    102.634 -106.85282   16.78570    102.000    15.3961    15.4505 4.2780e+04   4.292785     0.2691     0.0312    99.2223 1.6100e+00          0     0.7332     0.7519     0.0779     0.1146     4.6158     0.0000     1.2464     0.0000     0.7195     0.7409    34.4827    34.5681    25.4892    25.5428     27.726     32.003     10.957     12.669 0.0000e+00
       5679    236.571    103.641 -106.85282   16.78570    103.000    15.2856    15.2482 4.2689e+04   4.275232     0.2444     0.0366    99.0882 1.5311e+00          0     0.7332     0.7520     0.0754     0.1145     4.6096     0.0000     1.2258     0.0000     0.7038     0.7245    34.4968    34.5873    25.5246    25.6026     25.893     29.424     10.211     11.602 0.0000e+00
       5702    237.534    104.647 -106.85282   16.78569    104.000    15.2395    15.2046 4.2650e+04   4.271177     0.2769     0.0305    99.2404 1.4427e+00          0     0.7281     0.7479     0.0787     0.1145     4.6166     0.0000     1.2016     0.0000     0.6975     0.7173    34.5021    34.5887    25.5389    25.6133     24.295     28.661      9.573     11.291 0.0000e+00
       5727    238.597    105.654 -106.85281   16.78568    105.000    15.1716    15.1332 4.2584e+04   4.264940     0.2634     0.0288    99.2836 1.3562e+00          0     0.7178     0.7392     0.0773     0.1146     4.6186     0.0000     1.1765     0.0000     0.6823     0.7078    34.5016    34.5948    25.5535    25.6338     19.856     26.184      7.813     10.302 0.0000e+00
       5768    240.304    106.660 -106.85281   16.78568    106.000    15.0814    15.0569 4.2527e+04   4.259034     0.2111     0.0280    99.3016 1.2573e+00          0     0.7034     0.7240     0.0721     0.1146     4.6195     0.0000     1.1458     0.0000     0.6627     0.6888    34.5289    34.6083    25.5944    25.6609     20.635     24.456      8.106      9.608 0.0000e+00
       5837    243.181    107.667 -106.85282   16.78570    107.000    14.9588    14.9466 4.2407e+04   4.249723     0.2195     0.0275    99.3141 1.1536e+00          0     0.6680     0.6953     0.0729     0.1139     4.6201     0.0000     1.1115     0.0000     0.6559     0.6770    34.5277    34.6209    25.6203    25.6948     19.531     23.652      7.657      9.273 0.0000e+00
       5880    244.957    108.673 -106.85282   16.78570    108.000    14.7716    14.7375 4.2245e+04   4.230127     0.1734     0.0259    99.3548 1.0857e+00          0     0.6584     0.6820     0.0684     0.1146     4.6220     0.0000     1.0872     0.0000     0.6254     0.6544    34.5453    34.6274    25.6746    25.7453     10.598     16.741      4.138      6.536 0.0000e+00
       5917    246.500    109.680 -106.85282   16.78570    109.000    14.8171    14.7853 4.2337e+04   4.239495     0.1809     0.0257    99.3591 1.0417e+00          0     0.6578     0.6791     0.0691     0.1145     4.6222     0.0000     1.0708     0.0000     0.5971     0.6262    34.5892    34.6701    25.6987    25.7680      7.819     13.326      3.057      5.209 0.0000e+00
       5977    249.017    110.686 -106.85282   16.78570    110.000    14.8427    14.8070 4.2391e+04   4.244117     0.1691     0.0276    99.3109 1.0007e+00          0     0.6160     0.6443     0.0679     0.1146     4.6199     0.0000     1.0549     0.0000     0.5669     0.5956    34.6152    34.6926    25.7132    25.7807      5.445      9.661      2.130      3.778 0.0000e+00
       6057    252.329    111.692 -106.85282   16.78570    111.000    14.6545    14.6145 4.2265e+04   4.233770     0.1530     0.0265    99.3396 9.4303e-01          0     0.5689     0.5982     0.0663     0.1146     4.6213     0.0000     1.0316     0.0000     0.5303     0.5538    34.6667    34.7694    25.7937    25.8815      1.699      4.264      0.662      1.662 0.0000e+00
       6083    253.432    112.699 -106.85282   16.78570    112.000    14.3944    14.3535 4.2026e+04   4.209694     0.1369     0.0252    99.3712 9.0182e-01          0     0.5588     0.5864     0.0647     0.1146     4.6227     0.0000     1.0140     0.0000     0.5237     0.5464    34.6792    34.7814    25.8592    25.9468      1.558      3.823      0.604      1.482 0.0000e+00
       6104    254.293    113.706 -106.85282   16.78570    113.000    14.1715    14.1312 4.1838e+04   4.190870     0.1416     0.0264    99.3404 8.5001e-01          0     0.5459     0.5734     0.0652     0.1145     4.6213     0.0000     0.9908     0.0000     0.5196     0.5404    34.7052    34.8069    25.9266    26.0137      1.621      3.336      0.626      1.288 0.0000e+00
       6123    255.093    114.712 -106.85282   16.78570    114.000    14.1255    14.0919 4.1805e+04   4.186833     0.1608     0.0301    99.2494 7.9735e-01          0     0.5380     0.5624     0.0671     0.1147     4.6170     0.0000     0.9660     0.0000     0.5168     0.5366    34.7158    34.8046    25.9445    26.0202      1.663      3.191      0.641      1.231 0.0000e+00
       6145    256.000    115.719 -106.85282   16.78570    115.000    14.1055    14.0711 4.1791e+04   4.185232     0.2472     0.0347    99.1374 7.3848e-01          0     0.5310     0.5545     0.0757     0.1147     4.6119     0.0000     0.9364     0.0000     0.5148     0.5335    34.7197    34.8081    25.9518    26.0273      1.850      3.020      0.713      1.165 0.0000e+00
       6265    260.989    116.725 -106.85282   16.78570    116.000    14.0837    14.0539 4.1772e+04   4.183299     0.3601     0.0364    99.0953 6.9723e-01          0     0.5162     0.5347     0.0870     0.1147     4.6099     0.0000     0.9148     0.0000     0.5113     0.5279    34.7212    34.8053    25.9576    26.0288      2.082      3.004      0.803      1.158 0.0000e+00
       6336    263.949    117.732 -106.85282   16.78570    117.000    14.0001    13.9650 4.1700e+04   4.176587     0.3370     0.0361    99.1011 6.6745e-01          0     0.5158     0.5326     0.0847     0.1150     4.6102     0.0000     0.8980     0.0000     0.5103     0.5266    34.7295    34.8228    25.9816    26.0611      1.599      2.518      0.615      0.969 0.0000e+00
       6357    264.849    118.738 -106.85282   16.78570    118.000    13.8442    13.8046 4.1561e+04   4.162943     0.3342     0.0402    99.0015 6.2475e-01          0     0.5140     0.5308     0.0844     0.1146     4.6055     0.0000     0.8731     0.0000     0.5095     0.5255    34.7404    34.8405    26.0226    26.1082      1.682      2.402      0.646      0.921 0.0000e+00
       6385    266.002    119.745 -106.85282   16.78570    119.000    13.7025    13.6668 4.1434e+04   4.149786     0.3462     0.0419    98.9598 5.8333e-01          0     0.5122     0.5295     0.0856     0.1146     4.6036     0.0000     0.8475     0.0000     0.5092     0.5243    34.7497    34.8421    26.0592    26.1381      1.541      2.383      0.590      0.912 0.0000e+00
       6449    268.648    120.751 -106.85282   16.78570    120.000    13.6726    13.6626 4.1409e+04   4.148544     0.3509     0.0408    98.9861 5.3111e-01          0     0.5105     0.5263     0.0861     0.1147     4.6048     0.0000     0.8128     0.0000     0.5082     0.5231    34.7529    34.8339    26.0679    26.1326      1.596      2.252      0.610      0.862 0.0000e+00
       6527    271.921    121.758 -106.85282   16.78570    121.000    13.6455    13.6165 4.1385e+04   4.144887     0.3224     0.0410    98.9809 4.9131e-01          0     0.5092     0.5242     0.0832     0.1151     4.6046     0.0000     0.7846     0.0000     0.5079     0.5211    34.7544    34.8410    26.0747    26.1477      1.477      1.967      0.564      0.752 0.0000e+00
       6576    273.966    122.764 -106.85282   16.78570    122.000    13.6348    13.6041 4.1376e+04   4.143504     0.3022     0.0411    98.9776 4.5834e-01          0     0.5092     0.5229     0.0812     0.1147     4.6044     0.0000     0.7597     0.0000     0.5073     0.5206    34.7556    34.8389    26.0779    26.1487      1.491      1.993      0.570      0.762 0.0000e+00
       6641    276.673    123.771 -106.85282   16.78569    123.000    13.6205    13.5898 4.1364e+04   4.142308     0.3094     0.0405    98.9936 4.3954e-01          0     0.5083     0.5216     0.0819     0.1145     4.6052     0.0000     0.7448     0.0000     0.5071     0.5205    34.7567    34.8403    26.0817    26.1528      1.452      2.023      0.554      0.773 0.0000e+00
       6685    278.483    124.778 -106.85282   16.78568    124.000    13.5811    13.5480 4.1328e+04   4.138586     0.3090     0.0413    98.9730 4.1786e-01          0     0.5084     0.5214     0.0819     0.1151     4.6042     0.0000     0.7269     0.0000     0.5070     0.5205    34.7588    34.8430    26.0915    26.1634      1.459      2.022      0.557      0.772 0.0000e+00
       6707    279.396    125.784 -106.85282   16.78568    125.000    13.5652    13.5320 4.1314e+04   4.137105     0.2950     0.0418    98.9605 3.9296e-01          0     0.5079     0.5214     0.0805     0.1146     4.6036     0.0000     0.7055     0.0000     0.5070     0.5205    34.7590    34.8432    26.0949    26.1669      1.480      2.023      0.565      0.772 0.0000e+00
       6726    280.207    126.791 -106.85282   16.78568    126.000    13.5393    13.5052 4.1289e+04   4.134796     0.2772     0.0417    98.9632 3.7251e-01          0     0.5080     0.5214     0.0787     0.1151     4.6038     0.0000     0.6870     0.0000     0.5070     0.5205    34.7593    34.8455    26.1005    26.1742      1.481      2.024      0.565      0.772 0.0000e+00
       6744    280.968    127.797 -106.85282   16.78568    127.000    13.5163    13.4831 4.1269e+04   4.132687     0.2668     0.0407    98.9883 3.4849e-01          0     0.5080     0.5214     0.0776     0.1151     4.6049     0.0000     0.6643     0.0000     0.5070     0.5205    34.7603    34.8454    26.1060    26.1787      1.482      2.000      0.565      0.762 0.0000e+00
       6764    281.794    128.804 -106.85282   16.78568    128.000    13.4990    13.4661 4.1253e+04   4.131065     0.2556     0.0419    98.9575 3.2487e-01          0     0.5079     0.5214     0.0765     0.1153     4.6035     0.0000     0.6407     0.0000     0.5070     0.5203    34.7610    34.8453    26.1102    26.1821      1.482      1.977      0.565      0.753 0.0000e+00
