data/ctd-cnv/KM1919/KM1919-St20-P2/St20_P2_cast29-align-cellTM-derive-bin.cnv
* Sea-Bird SBE 9 Data File:
* FileName = C:\Users\otg\Desktop\CTD Data\km1920\St20_P2_cast29.hex
* Software Version Seasave V 7.26.7.107
* Temperature SN = 5554
* Conductivity SN = 3876
* Number of Bytes Per Scan = 41
* Number of Voltage Words = 4
* Number of Scans Averaged by the Deck Unit = 1
* NMEA Latitude = 16 46.66 N
* NMEA Longitude = 106 52.14 W
* NMEA UTC (Time) = Oct 04 2019  23:43:18
* NMEA baud rate = 4800
** Ship: Kilo Moana
** Station: St20_P2cast 29
** Operator: gr
** NK dusk metabolomics
# nquan = 34
# nvalues = 321                         
# units = specified
# name 0 = scan: Scan Count
# name 1 = timeS: Time, Elapsed [seconds]
# name 2 = prDM: Pressure, Digiquartz [db]
# name 3 = longitude: Longitude [deg]
# name 4 = latitude: Latitude [deg]
# name 5 = depSMignore: Depth [salt water, m]
# name 6 = t090C: Temperature [ITS-90, deg C]
# name 7 = t190C: Temperature, 2 [ITS-90, deg C]
# name 8 = c0uS/cm: Conductivity [uS/cm]
# name 9 = c1S/m: Conductivity, 2 [S/m]
# name 10 = flECO-AFL: Fluorescence, WET Labs ECO-AFL/FL [mg/m^3]
# name 11 = CStarAt0: Beam Attenuation, WET Labs C-Star [1/m]
# name 12 = CStarTr0: Beam Transmission, WET Labs C-Star [%]
# name 13 = par: PAR/Irradiance, Biospherical/Licor
# name 14 = modError: Modulo Error Count
# name 15 = v0: Voltage 0
# name 16 = v1: Voltage 1
# name 17 = v2: Voltage 2
# name 18 = v3: Voltage 3
# name 19 = v4: Voltage 4
# name 20 = v5: Voltage 5
# name 21 = v6: Voltage 6
# name 22 = v7: Voltage 7
# name 23 = sbeox0V: Oxygen raw, SBE 43 [V]
# name 24 = sbeox1V: Oxygen raw, SBE 43, 2 [V]
# name 25 = sal00: Salinity, Practical [PSU]
# name 26 = sal11: Salinity, Practical, 2 [PSU]
# name 27 = sigma-é00: Density [sigma-theta, kg/m^3]
# name 28 = sigma-é11: Density, 2 [sigma-theta, kg/m^3]
# name 29 = sbeox0Mm/L: Oxygen, SBE 43 [umol/l], WS = 2
# name 30 = sbeox1Mm/L: Oxygen, SBE 43, 2 [umol/l], WS = 2
# name 31 = sbeox0PS: Oxygen, SBE 43 [% saturation], WS = 2
# name 32 = sbeox1PS: Oxygen, SBE 43, 2 [% saturation], WS = 2
# name 33 = flag: flag
# span 0 =        -88,      13147       
# span 1 =     -3.698,    547.766       
# span 2 =      1.006,    323.168       
# span 3 = -106.86890, -106.86886       
# span 4 =   16.77750,   16.77754       
# span 5 =      1.000,    321.000       
# span 6 =    10.2090,    29.8122       
# span 7 =    10.1828,    29.7776       
# span 8 = 3.8101e+04, 5.7462e+04       
# span 9 =   3.815594,   5.755166       
# span 10 =     0.0554,     1.7347      
# span 11 =     0.0158,     0.1211      
# span 12 =    97.0168,    99.6050      
# span 13 = 1.7533e-03, 6.7941e+01      
# span 14 =          0,          0      
# span 15 =     0.5042,     2.5006      
# span 16 =     0.5147,     2.4792      
# span 17 =     0.0565,     0.2245      
# span 18 =     0.1149,     0.1184      
# span 19 =     4.5132,     4.6336      
# span 20 =     0.0000,     0.0000      
# span 21 =     0.0164,     2.8465      
# span 22 =     0.0000,     0.0000      
# span 23 =     0.5035,     2.4977      
# span 24 =     0.5138,     2.4770      
# span 25 =    34.4490,    34.7873      
# span 26 =    34.5404,    34.8756      
# span 27 =    21.4367,    26.6592      
# span 28 =    21.5128,    26.7274      
# span 29 =      0.925,    221.795      
# span 30 =      1.133,    232.680      
# span 31 =      0.338,    107.152      
# span 32 =      0.404,    111.938      
# span 33 = 0.0000e+00, 0.0000e+00      
# interval = meters: 1                  
# start_time = Oct 04 2019 23:50:02 [NMEA time, first data scan]
# bad_flag = -9.990e-29
*END*
[from data line 43]
       2875    119.732     44.267 -106.86888   16.77752     44.000    25.6028    25.5611 5.3181e+04   5.328237     0.3403     0.0952    97.6486 2.2937e+01          0     2.4896     2.4700     0.0850     0.1175     4.5426     0.0000     2.3759     0.0000     2.4756     2.4602    34.6046    34.7106    22.8610    22.9539    221.795    232.680    105.656    110.831 0.0000e+00
       2928    121.971     45.273 -106.86888   16.77752     45.000    25.4223    25.3832 5.3000e+04   5.308620     0.3871     0.0952    97.6477 2.2287e+01          0     2.4765     2.4561     0.0897     0.1181     4.5425     0.0000     2.3636     0.0000     2.4694     2.4543    34.6090    34.7021    22.9199    23.0022    220.680    231.987    104.808    110.163 0.0000e+00
       2964    123.459     46.279 -106.86888   16.77752     46.000    25.2559    25.2100 5.2826e+04   5.291578     0.4061     0.0942    97.6717 2.1009e+01          0     2.4757     2.4626     0.0916     0.1183     4.5437     0.0000     2.3380     0.0000     2.4550     2.4444    34.6075    34.7087    22.9697    23.0602    219.183    230.936    103.803    109.347 0.0000e+00
       2993    124.647     47.286 -106.86888   16.77752     47.000    25.0902    25.0429 5.2643e+04   5.273589     0.4058     0.0925    97.7135 1.9156e+01          0     2.4739     2.4573     0.0916     0.1176     4.5456     0.0000     2.2981     0.0000     2.4424     2.4341    34.5989    34.7035    23.0138    23.1072    218.677    230.357    103.267    108.761 0.0000e+00
       3022    125.894     48.292 -106.86888   16.77752     48.000    24.8697    24.8254 5.2396e+04   5.248455     0.4147     0.0957    97.6353 1.7976e+01          0     2.4654     2.4526     0.0925     0.1172     4.5420     0.0000     2.2706     0.0000     2.4350     2.4220    34.5838    34.6840    23.0694    23.1584    219.830    230.283    103.414    108.311 0.0000e+00
       3065    127.674     49.298 -106.86888   16.77752     49.000    24.7334    24.6917 5.2250e+04   5.233348     0.4685     0.0976    97.5908 1.6179e+01          0     2.4476     2.4377     0.0979     0.1176     4.5399     0.0000     2.2249     0.0000     2.4314     2.4158    34.5801    34.6743    23.1077    23.1915    220.013    230.393    103.257    108.110 0.0000e+00
       3147    131.063     50.304 -106.86888   16.77752     50.000    24.6303    24.5516 5.2137e+04   5.217680     0.4886     0.0984    97.5714 1.5019e+01          0     2.4310     2.4156     0.0999     0.1182     4.5390     0.0000     2.1931     0.0000     2.4115     2.4019    34.5748    34.6651    23.1348    23.2267    216.513    228.901    101.433    107.147 0.0000e+00
       3209    133.647     51.311 -106.86888   16.77752     51.000    24.4285    24.3850 5.1923e+04   5.200906     0.5250     0.0989    97.5567 1.4055e+01          0     2.4204     2.4066     0.1035     0.1184     4.5384     0.0000     2.1646     0.0000     2.3582     2.3675    34.5696    34.6680    23.1914    23.2788    207.579    222.412     96.908    103.815 0.0000e+00
       3241    134.988     52.317 -106.86888   16.77752     52.000    24.1542    24.1040 5.1623e+04   5.171401     0.5295     0.1003    97.5242 1.3040e+01          0     2.4089     2.4002     0.1040     0.1178     4.5368     0.0000     2.1320     0.0000     2.3184     2.3230    34.5560    34.6638    23.2629    23.3593    204.861    217.623     95.182    101.087 0.0000e+00
       3266    136.032     53.323 -106.86888   16.77752     53.000    23.7596    23.7081 5.1194e+04   5.129392     0.5786     0.1031    97.4555 1.1748e+01          0     2.3898     2.3912     0.1089     0.1172     4.5336     0.0000     2.0870     0.0000     2.2937     2.2940    34.5384    34.6541    23.3660    23.4687    204.869    216.900     94.529    100.058 0.0000e+00
       3291    137.082     54.329 -106.86888   16.77752     54.000    23.5523    23.5074 5.0977e+04   5.106479     0.6601     0.1060    97.3863 1.0835e+01          0     2.3586     2.3677     0.1170     0.1171     4.5304     0.0000     2.0523     0.0000     2.2793     2.2781    34.5341    34.6364    23.4235    23.5140    206.108    217.360     94.757     99.911 0.0000e+00
       3331    138.734     55.336 -106.86888   16.77752     55.000    23.4422    23.4023 5.0861e+04   5.094141     0.7950     0.1051    97.4057 9.9953e+00          0     2.3139     2.3175     0.1305     0.1179     4.5313     0.0000     2.0174     0.0000     2.2806     2.2706    34.5318    34.6242    23.4539    23.5355    209.081    217.991     95.938    100.011 0.0000e+00
       3450    143.690     56.342 -106.86888   16.77752     56.000    23.5695    23.4934 5.1002e+04   5.103973     0.9701     0.1037    97.4411 8.8015e+00          0     2.2758     2.2592     0.1480     0.1175     4.5330     0.0000     1.9635     0.0000     2.2538     2.2502    34.5391    34.6276    23.4224    23.5116    200.115    213.556     92.035     98.135 0.0000e+00
       3480    144.964     57.348 -106.86888   16.77752     57.000    23.2620    23.2192 5.0676e+04   5.075649     0.9685     0.1053    97.4022 8.2287e+00          0     2.2805     2.2672     0.1479     0.1175     4.5312     0.0000     1.9341     0.0000     2.2059     2.2176    34.5303    34.6258    23.5052    23.5899    191.328    207.751     87.517     95.010 0.0000e+00
       3506    146.036     58.354 -106.86888   16.77752     58.000    23.1339    23.0913 5.0538e+04   5.061883     1.0077     0.1056    97.3952 7.4428e+00          0     2.2649     2.2584     0.1517     0.1181     4.5308     0.0000     1.8909     0.0000     2.1440     2.1703    34.5249    34.6204    23.5382    23.6228    180.864    199.280     82.543     90.930 0.0000e+00
       3530    147.023     59.360 -106.86888   16.77752     59.000    22.9503    22.8988 5.0344e+04   5.043809     1.0510     0.1083    97.3274 6.6192e+00          0     2.2455     2.2446     0.1561     0.1184     4.5277     0.0000     1.8407     0.0000     2.0873     2.1149    34.5198    34.6327    23.5871    23.6875    177.956    193.429     80.952     87.969 0.0000e+00
       3557    148.153     60.367 -106.86888   16.77752     60.000    22.3921    22.3378 4.9751e+04   4.985542     1.2461     0.1147    97.1728 5.9359e+00          0     2.2166     2.2253     0.1756     0.1183     4.5204     0.0000     1.7941     0.0000     2.0564     2.0759    34.5004    34.6249    23.7313    23.8411    184.440    195.490     83.067     88.026 0.0000e+00
       3632    151.281     61.373 -106.86888   16.77752     61.000    22.3746    22.3850 4.9725e+04   4.984956     1.6843     0.1211    97.0168 5.2914e+00          0     2.0797     2.1009     0.2194     0.1174     4.5132     0.0000     1.7453     0.0000     2.0495     2.0618    34.4940    34.5825    23.7314    23.7956    181.001    193.653     81.479     87.243 0.0000e+00
       3695    153.924     62.379 -106.86888   16.77752     62.000    21.8694    21.8100 4.9204e+04   4.929248     1.7347     0.1155    97.1538 4.6735e+00          0     2.0855     2.0895     0.2245     0.1174     4.5196     0.0000     1.6924     0.0000     1.9571     1.9797    34.4870    34.6044    23.8680    23.9736    169.046    183.032     75.429     81.639 0.0000e+00
       3723    155.080     63.386 -106.86888   16.77752     63.000    21.7099    21.6670 4.9038e+04   4.912096     1.6988     0.1129    97.2177 4.1811e+00          0     2.0439     2.0622     0.2208     0.1179     4.5226     0.0000     1.6448     0.0000     1.9263     1.9468    34.4834    34.5833    23.9094    23.9973    167.526    179.577     74.537     79.885 0.0000e+00
       3765    156.836     64.392 -106.86888   16.77752     64.000    21.4741    21.4318 4.8788e+04   4.887045     1.6953     0.1104    97.2785 3.6822e+00          0     1.9766     1.9984     0.2205     0.1175     4.5254     0.0000     1.5908     0.0000     1.8872     1.9041    34.4737    34.5735    23.9672    24.0547    162.851    175.253     72.151     77.631 0.0000e+00
       3828    159.440     65.398 -106.86888   16.77752     65.000    21.2034    21.1631 4.8510e+04   4.858663     1.6748     0.1065    97.3730 3.2497e+00          0     1.9086     1.9254     0.2185     0.1173     4.5298     0.0000     1.5385     0.0000     1.8187     1.8391    34.4701    34.5639    24.0386    24.1210    153.606    167.473     67.722     73.822 0.0000e+00
       3867    161.078     66.404 -106.86888   16.77752     66.000    21.0832    21.0432 4.8390e+04   4.846741     1.5869     0.1000    97.5301 2.9468e+00          0     1.8671     1.8858     0.2097     0.1172     4.5371     0.0000     1.4972     0.0000     1.7387     1.7808    34.4712    34.5652    24.0722    24.1547    136.328    155.574     59.975     68.430 0.0000e+00
       3896    162.300     67.411 -106.86888   16.77752     67.000    20.9080    20.8609 4.8213e+04   4.829870     1.4854     0.0976    97.5910 2.6184e+00          0     1.8362     1.8539     0.1995     0.1172     4.5399     0.0000     1.4476     0.0000     1.6619     1.7068    34.4705    34.5773    24.1192    24.2132    130.165    145.812     57.081     63.930 0.0000e+00
       3926    163.552     68.417 -106.86888   16.77752     68.000    20.5384    20.4908 4.7830e+04   4.792050     1.4000     0.0921    97.7242 2.3117e+00          0     1.7983     1.8241     0.1910     0.1172     4.5461     0.0000     1.3954     0.0000     1.6109     1.6460    34.4612    34.5731    24.2114    24.3094    130.142    141.475     56.686     61.612 0.0000e+00
       3984    165.947     69.423 -106.86888   16.77752     69.000    20.2693    20.2467 4.7552e+04   4.764317     1.2819     0.0805    98.0084 2.0352e+00          0     1.6644     1.7039     0.1792     0.1166     4.5593     0.0000     1.3425     0.0000     1.5781     1.5946    34.4545    34.5472    24.2780    24.3546    128.927    139.218     55.881     60.348 0.0000e+00
       4070    169.552     70.430 -106.86888   16.77752     70.000    19.9789    19.8557 4.7261e+04   4.729588     1.1721     0.0732    98.1866 1.8187e+00          0     1.5775     1.5852     0.1682     0.1161     4.5676     0.0000     1.2965     0.0000     1.4127     1.4629    34.4539    34.5841    24.3536    24.4854     98.622    115.367     42.516     49.666 0.0000e+00
       4101    170.824     71.436 -106.86888   16.77752     71.000    19.4050    19.3644 4.6681e+04   4.676641     0.9636     0.0673    98.3317 1.6531e+00          0     1.5586     1.5781     0.1474     0.1170     4.5743     0.0000     1.2572     0.0000     1.3554     1.3962    34.4490    34.5536    24.4997    24.5900     99.686    111.110     42.524     47.391 0.0000e+00
       4127    171.929     72.442 -106.86888   16.77752     72.000    19.2666    19.2256 4.6545e+04   4.662462     0.8818     0.0611    98.4827 1.5154e+00          0     1.4779     1.5220     0.1392     0.1156     4.5814     0.0000     1.2215     0.0000     1.3260     1.3599    34.4505    34.5507    24.5364    24.6235     98.500    108.614     41.912     46.208 0.0000e+00
       4157    173.156     73.449 -106.86888   16.77752     73.000    19.1234    19.0830 4.6403e+04   4.648126     0.8145     0.0578    98.5654 1.3792e+00          0     1.4047     1.4513     0.1324     0.1171     4.5853     0.0000     1.1832     0.0000     1.3001     1.3299    34.4509    34.5497    24.5734    24.6592     97.800    106.352     41.503     45.126 0.0000e+00
       4209    175.317     74.455 -106.86888   16.77752     74.000    18.9986    18.9483 4.6277e+04   4.633612     0.8632     0.0551    98.6331 1.2410e+00          0     1.3333     1.3689     0.1373     0.1172     4.5884     0.0000     1.1403     0.0000     1.2817     1.2996    34.4491    34.5404    24.6039    24.6864     97.809    104.457     41.410     44.208 0.0000e+00
       4292    178.796     75.461 -106.86888   16.77752     75.000    18.9205    18.8664 4.6207e+04   4.625937     0.8161     0.0533    98.6756 1.0992e+00          0     1.2793     1.2952     0.1326     0.1161     4.5904     0.0000     1.0922     0.0000     1.2345     1.2597    34.4555    34.5442    24.6286    24.7101     85.164     97.169     36.007     41.062 0.0000e+00
       4325    180.150     76.468 -106.86888   16.77752     76.000    18.7899    18.7470 4.6079e+04   4.615461     0.7543     0.0539    98.6617 1.0072e+00          0     1.2726     1.2866     0.1265     0.1172     4.5897     0.0000     1.0574     0.0000     1.1712     1.2111    34.4564    34.5558    24.6624    24.7491     74.422     87.200     31.388     36.770 0.0000e+00
       4349    181.152     77.474 -106.86888   16.77752     77.000    18.4866    18.4385 4.5782e+04   4.586733     0.7275     0.0527    98.6910 9.2272e-01          0     1.2603     1.2773     0.1237     0.1159     4.5911     0.0000     1.0228     0.0000     1.1347     1.1726    34.4603    34.5723    24.7415    24.8392     73.544     83.572     30.842     35.040 0.0000e+00
       4378    182.360     78.480 -106.86888   16.77752     78.000    18.2828    18.2413 4.5584e+04   4.566291     0.6798     0.0489    98.7843 8.4483e-01          0     1.2270     1.2557     0.1190     0.1169     4.5954     0.0000     0.9883     0.0000     1.1094     1.1407    34.4633    34.5649    24.7945    24.8826     75.840     82.721     31.683     34.553 0.0000e+00
       4465    185.985     79.487 -106.86888   16.77750     79.000    18.2752    18.2444 4.5575e+04   4.564267     0.6385     0.0438    98.9117 7.6895e-01          0     1.1100     1.1426     0.1148     0.1167     4.6013     0.0000     0.9523     0.0000     1.0946     1.1121    34.4614    34.5448    24.7950    24.8664     73.694     80.375     30.779     33.572 0.0000e+00
       4523    188.425     80.493 -106.86888   16.77750     80.000    17.9386    17.8911 4.5248e+04   4.532298     0.6384     0.0432    98.9262 7.1858e-01          0     1.1145     1.1276     0.1148     0.1161     4.6021     0.0000     0.9261     0.0000     1.0302     1.0598    34.4666    34.5709    24.8819    24.9735     61.599     70.749     25.568     29.358 0.0000e+00
       4549    189.506     81.499 -106.86888   16.77750     81.000    17.7566    17.7135 4.5068e+04   4.513883     0.5563     0.0417    98.9636 6.6396e-01          0     1.0993     1.1167     0.1066     0.1165     4.6038     0.0000     0.8960     0.0000     1.0015     1.0334    34.4659    34.5636    24.9259    25.0112     57.186     67.139     23.655     27.765 0.0000e+00
       4575    190.603     82.506 -106.86888   16.77750     82.000    17.6070    17.5631 4.4921e+04   4.499497     0.5309     0.0406    98.9910 6.0126e-01          0     1.0668     1.0928     0.1041     0.1161     4.6050     0.0000     0.8587     0.0000     0.9674     1.0037    34.4665    34.5675    24.9627    25.0507     53.376     62.763     22.016     25.883 0.0000e+00
       4624    192.608     83.512 -106.86888   16.77750     83.000    17.2598    17.2276 4.4577e+04   4.465063     0.5108     0.0377    99.0616 5.4078e-01          0     1.0112     1.0427     0.1021     0.1156     4.6083     0.0000     0.8191     0.0000     0.9469     0.9699    34.4648    34.5562    25.0447    25.1226     56.128     61.323     22.994     25.124 0.0000e+00
       4718    196.523     84.518 -106.86888   16.77750     84.000    17.1638    16.9886 4.4492e+04   4.446221     0.4855     0.0348    99.1351 4.8941e-01          0     0.9330     0.9533     0.0995     0.1153     4.6117     0.0000     0.7834     0.0000     0.8826     0.9087    34.4727    34.5969    25.0734    25.2103     41.698     50.506     17.057     20.606 0.0000e+00
       4744    197.631     85.525 -106.86888   16.77750     85.000    16.6546    16.6177 4.3994e+04   4.406440     0.4683     0.0327    99.1860 4.5458e-01          0     0.9440     0.9582     0.0978     0.1154     4.6141     0.0000     0.7567     0.0000     0.8546     0.8827    34.4746    34.5685    25.1955    25.2763     41.451     48.648     16.788     19.700 0.0000e+00
