data/ctd-cnv/KM1919/KM1919-St20-P2/St20_P2_cast49-align-cellTM-derive-bin.cnv
* Sea-Bird SBE 9 Data File:
* FileName = C:\Users\otg\Desktop\CTD Data\km1920\St20_P2_cast49.hex
* Software Version Seasave V 7.26.7.107
* Temperature SN = 5554
* Conductivity SN = 3876
* Number of Bytes Per Scan = 41
* Number of Voltage Words = 4
* Number of Scans Averaged by the Deck Unit = 1
* NMEA Latitude = 16 45.76 N
* NMEA Longitude = 106 46.79 W
* NMEA UTC (Time) = Oct 09 2019  11:25:23
* NMEA baud rate = 4800
** Ship: Kilo Moana
** Station: St20_P2 cast 49
** Operator: jac
# nquan = 34
# nvalues = 402                         
# units = specified
# name 0 = scan: Scan Count
# name 1 = timeS: Time, Elapsed [seconds]
# name 2 = prDM: Pressure, Digiquartz [db]
# name 3 = longitude: Longitude [deg]
# name 4 = latitude: Latitude [deg]
# name 5 = depSM: Depth [salt water, m]
# name 6 = t090C: Temperature [ITS-90, deg C]
# name 7 = t190C: Temperature, 2 [ITS-90, deg C]
# name 8 = c0uS/cm: Conductivity [uS/cm]
# name 9 = c1S/m: Conductivity, 2 [S/m]
# name 10 = flECO-AFL: Fluorescence, WET Labs ECO-AFL/FL [mg/m^3]
# name 11 = CStarAt0: Beam Attenuation, WET Labs C-Star [1/m]
# name 12 = CStarTr0: Beam Transmission, WET Labs C-Star [%]
# name 13 = par: PAR/Irradiance, Biospherical/Licor
# name 14 = modError: Modulo Error Count
# name 15 = v0: Voltage 0
# name 16 = v1: Voltage 1
# name 17 = v2: Voltage 2
# name 18 = v3: Voltage 3
# name 19 = v4: Voltage 4
# name 20 = v5: Voltage 5
# name 21 = v6: Voltage 6
# name 22 = v7: Voltage 7
# name 23 = sbeox0V: Oxygen raw, SBE 43 [V]
# name 24 = sbeox1V: Oxygen raw, SBE 43, 2 [V]
# name 25 = sal00: Salinity, Practical [PSU]
# name 26 = sal11: Salinity, Practical, 2 [PSU]
# name 27 = sigma-é00: Density [sigma-theta, kg/m^3]
# name 28 = sigma-é11: Density, 2 [sigma-theta, kg/m^3]
# name 29 = sbeox0Mm/L: Oxygen, SBE 43 [umol/l], WS = 2
# name 30 = sbeox1Mm/L: Oxygen, SBE 43, 2 [umol/l], WS = 2
# name 31 = sbeox0PS: Oxygen, SBE 43 [% saturation], WS = 2
# name 32 = sbeox1PS: Oxygen, SBE 43, 2 [% saturation], WS = 2
# name 33 = flag: flag
# span 0 =         -2,      19347       
# span 1 =     -0.109,    806.100       
# span 2 =      1.006,    404.794       
# span 3 = -106.77984, -106.77980       
# span 4 =   16.76256,   16.76262       
# span 5 =      1.000,    402.000       
# span 6 =     8.9309,    29.5847       
# span 7 =     8.9083,    29.5441       
# span 8 = 3.6882e+04, 5.7292e+04       
# span 9 =   3.693584,   5.737224       
# span 10 =     0.0601,     1.4117      
# span 11 =     0.0153,     0.1091      
# span 12 =    97.3090,    99.6180      
# span 13 = -1.006e-06, 5.3044e+00      
# span 14 =          0,          0      
# span 15 =     0.5031,     2.4913      
# span 16 =     0.5133,     2.4705      
# span 17 =     0.0570,     0.1922      
# span 18 =     0.1145,     0.1174      
# span 19 =     4.5269,     4.6342      
# span 20 =     0.0000,     0.0000      
# span 21 =     0.0085,     1.7463      
# span 22 =     0.0000,     0.0000      
# span 23 =     0.5024,     2.4926      
# span 24 =     0.5126,     2.4698      
# span 25 =    34.2807,    34.7831      
# span 26 =    34.3919,    34.8745      
# span 27 =    21.5494,    26.8230      
# span 28 =    21.6261,    26.8880      
# span 29 =      0.759,    229.166      
# span 30 =      0.963,    240.392      
# span 31 =      0.266,    106.495      
# span 32 =      0.333,    111.322      
# span 33 = 0.0000e+00, 0.0000e+00      
# interval = meters: 1                  
# start_time = Oct 09 2019 11:32:25 [NMEA time, first data scan]
# bad_flag = -9.990e-29
*END*
[from data line 86]
       5767    240.264     87.538 -106.77982   16.76262     87.000    16.6064    16.5662 4.3982e+04   4.405258     0.3762     0.0366    99.0886 3.5102e-03          0     0.8967     0.9545     0.0886     0.1148     4.6096     0.0000     0.0240     0.0000     0.7992     0.8333    34.5051    34.6018    25.2303    25.3139     36.797     42.163     14.892     17.061 0.0000e+00
       5793    241.353     88.544 -106.77983   16.76262     88.000    16.3912    16.3465 4.3756e+04   4.383129     0.3635     0.0343    99.1463 3.4938e-03          0     0.8540     0.9038     0.0874     0.1148     4.6122     0.0000     0.0239     0.0000     0.7909     0.8196    34.4914    34.5967    25.2697    25.3610     37.820     41.906     15.241     16.884 0.0000e+00
       5932    247.116     89.550 -106.77984   16.76262     89.000    16.5789    16.4825 4.3951e+04   4.394039     0.4225     0.0327    99.1868 3.5022e-03          0     0.7802     0.7976     0.0932     0.1148     4.6142     0.0000     0.0240     0.0000     0.7848     0.7983    34.5003    34.5746    25.2329    25.3124     37.717     40.693     15.255     16.435 0.0000e+00
       6006    250.205     90.557 -106.77984   16.76262     90.000    16.1489    15.9403 4.3522e+04   4.346145     0.4040     0.0318    99.2077 3.3315e-03          0     0.7986     0.8047     0.0914     0.1148     4.6151     0.0000     0.0233     0.0000     0.7592     0.7807    34.4938    34.6214    25.3272    25.4731     31.931     36.613     12.807     14.637 0.0000e+00
       6030    251.214     91.563 -106.77984   16.76262     91.000    15.8215    15.7891 4.3193e+04   4.326349     0.3214     0.0306    99.2369 3.5613e-03          0     0.7908     0.8035     0.0831     0.1147     4.6165     0.0000     0.0242     0.0000     0.7501     0.7710    34.4852    34.5767    25.3954    25.4731     31.555     35.964     12.575     14.331 0.0000e+00
       6053    252.174     92.570 -106.77984   16.76262     92.000    15.7881    15.7518 4.3160e+04   4.322552     0.2914     0.0300    99.2533 3.6674e-03          0     0.7788     0.7976     0.0802     0.1149     4.6172     0.0000     0.0247     0.0000     0.7401     0.7639    34.4842    34.5750    25.4022    25.4803     26.984     34.202     10.747     13.619 0.0000e+00
       6076    253.141     93.576 -106.77984   16.76262     93.000    15.6892    15.6454 4.3062e+04   4.313323     0.2772     0.0292    99.2726 3.6167e-03          0     0.7656     0.7867     0.0787     0.1148     4.6181     0.0000     0.0245     0.0000     0.7151     0.7482    34.4827    34.5851    25.4233    25.5120     19.957     29.228      7.934     11.616 0.0000e+00
       6106    254.380     94.582 -106.77984   16.76262     94.000    15.3719    15.3284 4.2784e+04   4.285924     0.2575     0.0291    99.2756 3.6193e-03          0     0.7537     0.7747     0.0767     0.1146     4.6183     0.0000     0.0245     0.0000     0.6867     0.7159    34.5103    34.6168    25.5155    25.6071     22.932     24.447      9.057      9.658 0.0000e+00
       6229    259.493     95.589 -106.77984   16.76262     95.000    15.5383    15.3096 4.2940e+04   4.283372     0.2670     0.0271    99.3253 3.2450e-03          0     0.6926     0.7025     0.0777     0.1147     4.6206     0.0000     0.0229     0.0000     0.7011     0.6854    34.5047    34.6100    25.4741    25.6062     26.972     26.181     10.689     10.338 0.0000e+00
       6295    262.256     96.595 -106.77984   16.76262     96.000    15.2360    15.1636 4.2690e+04   4.272103     0.2718     0.0287    99.2853 3.0725e-03          0     0.7072     0.6998     0.0782     0.1148     4.6187     0.0000     0.0222     0.0000     0.6494     0.6627    34.5444    34.6365    25.5720    25.6589     17.377     20.653      6.848      8.132 0.0000e+00
       6333    263.814     97.602 -106.77984   16.76262     97.000    15.1734    15.1396 4.2636e+04   4.269785     0.2078     0.0255    99.3644 3.0535e-03          0     0.6807     0.6842     0.0718     0.1148     4.6224     0.0000     0.0221     0.0000     0.6392     0.6546    34.5503    34.6363    25.5904    25.6641     17.830     20.453      7.018      8.050 0.0000e+00
       6365    265.187     98.608 -106.77984   16.76262     98.000    15.1506    15.1163 4.2614e+04   4.267710     0.1897     0.0251    99.3743 3.0287e-03          0     0.6562     0.6680     0.0700     0.1148     4.6229     0.0000     0.0220     0.0000     0.6327     0.6490    34.5503    34.6377    25.5954    25.6704     17.322     19.632      6.815      7.723 0.0000e+00
       6397    266.490     99.615 -106.77984   16.76262     99.000    15.0743    15.0374 4.2548e+04   4.261131     0.2075     0.0241    99.4003 2.9715e-03          0     0.6447     0.6588     0.0717     0.1148     4.6241     0.0000     0.0218     0.0000     0.6284     0.6445    34.5573    34.6474    25.6176    25.6952     17.333     19.297      6.810      7.580 0.0000e+00
       6436    268.128    100.621 -106.77984   16.76262    100.000    15.0326    14.9990 4.2510e+04   4.257148     0.1866     0.0231    99.4225 2.8742e-03          0     0.6362     0.6523     0.0697     0.1148     4.6252     0.0000     0.0214     0.0000     0.6258     0.6409    34.5590    34.6448    25.6281    25.7016     17.473     19.117      6.859      7.503 0.0000e+00
       6497    270.665    101.628 -106.77984   16.76260    101.000    15.0120    14.9786 4.2491e+04   4.255096     0.1869     0.0238    99.4068 2.7191e-03          0     0.6279     0.6436     0.0697     0.1147     4.6244     0.0000     0.0207     0.0000     0.6228     0.6376    34.5596    34.6439    25.6331    25.7054     17.042     18.721      6.687      7.345 0.0000e+00
       6552    272.972    102.634 -106.77984   16.76260    102.000    15.0008    14.9679 4.2484e+04   4.254316     0.1933     0.0232    99.4220 2.5478e-03          0     0.6252     0.6400     0.0703     0.1146     4.6251     0.0000     0.0199     0.0000     0.6194     0.6343    34.5627    34.6459    25.6380    25.7093     16.391     18.217      6.430      7.146 0.0000e+00
       6627    276.080    103.641 -106.77984   16.76260    103.000    15.0106    14.9772 4.2502e+04   4.255935     0.2560     0.0236    99.4106 2.3081e-03          0     0.6208     0.6356     0.0766     0.1147     4.6246     0.0000     0.0189     0.0000     0.6112     0.6272    34.5699    34.6519    25.6414    25.7120     14.640     16.770      5.745      6.579 0.0000e+00
       6706    279.357    104.647 -106.77984   16.76260    104.000    14.9980    14.9637 4.2503e+04   4.256229     0.2588     0.0242    99.3962 2.1590e-03          0     0.6129     0.6292     0.0769     0.1147     4.6239     0.0000     0.0182     0.0000     0.5968     0.6145    34.5820    34.6662    25.6536    25.7259     11.675     14.230      4.580      5.582 0.0000e+00
       6737    280.677    105.654 -106.77984   16.76260    105.000    14.9411    14.9059 4.2460e+04   4.252024     0.1921     0.0232    99.4218 2.0280e-03          0     0.6089     0.6250     0.0702     0.1148     4.6251     0.0000     0.0177     0.0000     0.5879     0.6066    34.5925    34.6788    25.6741    25.7484      9.609     12.801      3.766      5.016 0.0000e+00
       6760    281.625    106.660 -106.77984   16.76260    106.000    14.9043    14.8705 4.2429e+04   4.248895     0.2025     0.0228    99.4299 1.7850e-03          0     0.6043     0.6214     0.0713     0.1148     4.6255     0.0000     0.0167     0.0000     0.5782     0.5987    34.5966    34.6814    25.6853    25.7581      7.494     10.989      2.935      4.303 0.0000e+00
       6781    282.485    107.666 -106.77984   16.76260    107.000    14.8867    14.8531 4.2424e+04   4.248155     0.1628     0.0223    99.4443 1.6622e-03          0     0.5994     0.6170     0.0673     0.1147     4.6262     0.0000     0.0161     0.0000     0.5699     0.5904    34.6069    34.6897    25.6971    25.7683      7.018      9.742      2.748      3.813 0.0000e+00
       6805    283.484    108.673 -106.77984   16.76260    108.000    14.8727    14.8392 4.2431e+04   4.249024     0.1784     0.0235    99.4141 1.6667e-03          0     0.5935     0.6113     0.0689     0.1148     4.6247     0.0000     0.0162     0.0000     0.5634     0.5821    34.6261    34.7096    25.7150    25.7867      7.883      9.292      3.086      3.637 0.0000e+00
       6917    288.188    109.679 -106.77984   16.76260    109.000    14.8848    14.8467 4.2434e+04   4.249079     0.1945     0.0228    99.4323 1.5947e-03          0     0.5654     0.5805     0.0704     0.1147     4.6256     0.0000     0.0159     0.0000     0.5638     0.5749    34.6173    34.7030    25.7056    25.7800      9.149      9.937      3.582      3.890 0.0000e+00
       6999    291.599    110.686 -106.77984   16.76260    110.000    14.8633    14.8349 4.2426e+04   4.248772     0.2312     0.0221    99.4500 1.4576e-03          0     0.5660     0.5779     0.0741     0.1147     4.6264     0.0000     0.0153     0.0000     0.5506     0.5685    34.6289    34.7103    25.7193    25.7882      4.819      7.522      1.886      2.944 0.0000e+00
       7031    292.906    111.692 -106.77984   16.76260    111.000    14.8181    14.7824 4.2398e+04   4.245802     0.1595     0.0226    99.4356 1.3806e-03          0     0.5624     0.5763     0.0670     0.1148     4.6258     0.0000     0.0149     0.0000     0.5395     0.5591    34.6430    34.7295    25.7400    25.8145      2.820      5.577      1.103      2.181 0.0000e+00
       7058    294.029    112.699 -106.77984   16.76260    112.000    14.7281    14.6919 4.2329e+04   4.239091     0.1711     0.0262    99.3465 1.3111e-03          0     0.5577     0.5739     0.0681     0.1148     4.6216     0.0000     0.0146     0.0000     0.5303     0.5502    34.6593    34.7485    25.7721    25.8488      1.887      4.238      0.737      1.654 0.0000e+00
       7083    295.068    113.706 -106.77984   16.76260    113.000    14.6462    14.6103 4.2267e+04   4.232965     0.1714     0.0241    99.3994 1.2294e-03          0     0.5514     0.5693     0.0682     0.1147     4.6240     0.0000     0.0143     0.0000     0.5237     0.5423    34.6755    34.7649    25.8023    25.8791      1.764      3.382      0.688      1.318 0.0000e+00
       7118    296.554    114.712 -106.77984   16.76260    114.000    14.5849    14.5510 4.2220e+04   4.228080     0.2320     0.0243    99.3932 1.0754e-03          0     0.5392     0.5586     0.0742     0.1147     4.6237     0.0000     0.0136     0.0000     0.5184     0.5353    34.6866    34.7727    25.8242    25.8979      2.012      3.158      0.783      1.229 0.0000e+00
       7189    299.514    115.718 -106.77984   16.76260    115.000    14.5579    14.5256 4.2198e+04   4.225744     0.3182     0.0256    99.3611 1.0414e-03          0     0.5205     0.5380     0.0828     0.1148     4.6223     0.0000     0.0134     0.0000     0.5144     0.5289    34.6902    34.7736    25.8327    25.9041      2.334      2.943      0.908      1.145 0.0000e+00
       7240    301.637    116.725 -106.77984   16.76260    116.000    14.5372    14.5042 4.2177e+04   4.223527     0.2722     0.0243    99.3944 9.8491e-04          0     0.5164     0.5321     0.0782     0.1147     4.6238     0.0000     0.0132     0.0000     0.5143     0.5279    34.6889    34.7720    25.8362    25.9075      2.503      3.038      0.974      1.181 0.0000e+00
       7318    304.895    117.731 -106.77984   16.76260    117.000    14.5166    14.4835 4.2156e+04   4.221428     0.2556     0.0220    99.4505 8.2578e-04          0     0.5152     0.5289     0.0766     0.1147     4.6264     0.0000     0.0125     0.0000     0.5141     0.5277    34.6875    34.7708    25.8396    25.9110      2.325      3.009      0.904      1.170 0.0000e+00
       7383    307.587    118.738 -106.77984   16.76260    118.000    14.4878    14.4546 4.2131e+04   4.218885     0.3034     0.0226    99.4352 6.6542e-04          0     0.5153     0.5287     0.0813     0.1147     4.6257     0.0000     0.0118     0.0000     0.5130     0.5267    34.6898    34.7729    25.8476    25.9188      2.106      2.780      0.818      1.080 0.0000e+00
       7409    308.678    119.745 -106.77984   16.76260    119.000    14.4591    14.4255 4.2107e+04   4.216585     0.2253     0.0223    99.4451 5.8799e-04          0     0.5152     0.5287     0.0735     0.1148     4.6262     0.0000     0.0115     0.0000     0.5118     0.5262    34.6928    34.7774    25.8561    25.9286      1.628      2.520      0.632      0.978 0.0000e+00
       7433    309.656    120.751 -106.77984   16.76260    120.000    14.4052    14.3690 4.2061e+04   4.212336     0.2103     0.0239    99.4038 6.2262e-04          0     0.5144     0.5284     0.0720     0.1147     4.6243     0.0000     0.0116     0.0000     0.5107     0.5246    34.6982    34.7886    25.8718    25.9493      1.690      2.217      0.656      0.860 0.0000e+00
       7457    310.677    121.758 -106.77984   16.76260    121.000    14.2919    14.2555 4.1964e+04   4.202757     0.2607     0.0308    99.2330 5.7516e-04          0     0.5140     0.5278     0.0771     0.1148     4.6163     0.0000     0.0114     0.0000     0.5100     0.5237    34.7104    34.8018    25.9054    25.9837      1.578      2.221      0.611      0.860 0.0000e+00
       7492    312.122    122.764 -106.77984   16.76260    122.000    14.2444    14.2111 4.1921e+04   4.198109     0.3498     0.0317    99.2113 5.3141e-04          0     0.5128     0.5269     0.0860     0.1148     4.6153     0.0000     0.0112     0.0000     0.5095     0.5227    34.7129    34.7984    25.9174    25.9905      1.712      2.165      0.662      0.837 0.0000e+00
       7612    317.131    123.771 -106.77984   16.76260    123.000    14.2778    14.2719 4.1953e+04   4.203139     0.4560     0.0309    99.2292 4.7150e-04          0     0.5097     0.5225     0.0966     0.1146     4.6161     0.0000     0.0110     0.0000     0.5087     0.5216    34.7122    34.7897    25.9098    25.9709      1.624      2.146      0.629      0.831 0.0000e+00
       7664    319.289    124.777 -106.77984   16.76260    124.000    14.2074    14.1747 4.1890e+04   4.194993     0.4265     0.0317    99.2115 4.8232e-04          0     0.5100     0.5227     0.0937     0.1148     4.6153     0.0000     0.0110     0.0000     0.5083     0.5211    34.7165    34.8015    25.9281    26.0006      1.610      1.946      0.622      0.752 0.0000e+00
       7690    320.395    125.784 -106.77984   16.76260    125.000    14.1916    14.1590 4.1877e+04   4.193657     0.3994     0.0332    99.1752 4.8236e-04          0     0.5096     0.5227     0.0910     0.1148     4.6136     0.0000     0.0110     0.0000     0.5081     0.5206    34.7185    34.8028    25.9330    26.0050      1.460      1.934      0.564      0.747 0.0000e+00
       7712    321.298    126.791 -106.77984   16.76260    126.000    14.1659    14.1323 4.1854e+04   4.191333     0.3990     0.0337    99.1610 4.8236e-04          0     0.5092     0.5226     0.0909     0.1149     4.6129     0.0000     0.0110     0.0000     0.5075     0.5204    34.7199    34.8050    25.9395    26.0124      1.329      1.940      0.513      0.749 0.0000e+00
       7732    322.145    127.797 -106.77984   16.76258    127.000    14.1508    14.1179 4.1842e+04   4.190030     0.3994     0.0342    99.1498 4.8236e-04          0     0.5092     0.5222     0.0910     0.1147     4.6124     0.0000     0.0110     0.0000     0.5072     0.5203    34.7215    34.8054    25.9440    26.0158      1.346      1.935      0.520      0.747 0.0000e+00
       7753    323.005    128.804 -106.77984   16.76258    128.000    14.1406    14.1073 4.1834e+04   4.189153     0.4032     0.0350    99.1283 4.8236e-04          0     0.5092     0.5219     0.0913     0.1148     4.6114     0.0000     0.0110     0.0000     0.5070     0.5203    34.7226    34.8064    25.9470    26.0188      1.431      1.922      0.552      0.742 0.0000e+00
