data/ctd-cnv/KM1919/KM1919-St20-P2/St20_P2_cast56-align-cellTM-derive-bin.cnv
* Sea-Bird SBE 9 Data File:
* FileName = C:\Users\otg\Desktop\CTD Data\km1920\St20_P2_cast56.hex
* Software Version Seasave V 7.26.7.107
* Temperature SN = 5554
* Conductivity SN = 3876
* Number of Bytes Per Scan = 41
* Number of Voltage Words = 4
* Number of Scans Averaged by the Deck Unit = 1
* NMEA Latitude = 16 50.10 N
* NMEA Longitude = 106 51.69 W
* NMEA UTC (Time) = Oct 11 2019  22:53:46
* NMEA baud rate = 4800
** Ship: Kilo Moana
** Station: St20_P2 cast 56
** Operator: gr
# nquan = 34
# nvalues = 320                         
# units = specified
# name 0 = scan: Scan Count
# name 1 = timeS: Time, Elapsed [seconds]
# name 2 = prDM: Pressure, Digiquartz [db]
# name 3 = longitude: Longitude [deg]
# name 4 = latitude: Latitude [deg]
# name 5 = depSMignore: Depth [salt water, m]
# name 6 = t090C: Temperature [ITS-90, deg C]
# name 7 = t190C: Temperature, 2 [ITS-90, deg C]
# name 8 = c0uS/cm: Conductivity [uS/cm]
# name 9 = c1S/m: Conductivity, 2 [S/m]
# name 10 = flECO-AFL: Fluorescence, WET Labs ECO-AFL/FL [mg/m^3]
# name 11 = CStarAt0: Beam Attenuation, WET Labs C-Star [1/m]
# name 12 = CStarTr0: Beam Transmission, WET Labs C-Star [%]
# name 13 = par: PAR/Irradiance, Biospherical/Licor
# name 14 = modError: Modulo Error Count
# name 15 = v0: Voltage 0
# name 16 = v1: Voltage 1
# name 17 = v2: Voltage 2
# name 18 = v3: Voltage 3
# name 19 = v4: Voltage 4
# name 20 = v5: Voltage 5
# name 21 = v6: Voltage 6
# name 22 = v7: Voltage 7
# name 23 = sbeox0V: Oxygen raw, SBE 43 [V]
# name 24 = sbeox1V: Oxygen raw, SBE 43, 2 [V]
# name 25 = sal00: Salinity, Practical [PSU]
# name 26 = sal11: Salinity, Practical, 2 [PSU]
# name 27 = sigma-é00: Density [sigma-theta, kg/m^3]
# name 28 = sigma-é11: Density, 2 [sigma-theta, kg/m^3]
# name 29 = sbeox0Mm/L: Oxygen, SBE 43 [umol/l], WS = 2
# name 30 = sbeox1Mm/L: Oxygen, SBE 43, 2 [umol/l], WS = 2
# name 31 = sbeox0PS: Oxygen, SBE 43 [% saturation], WS = 2
# name 32 = sbeox1PS: Oxygen, SBE 43, 2 [% saturation], WS = 2
# name 33 = flag: flag
# span 0 =       -198,      18644       
# span 1 =     -8.296,    776.779       
# span 2 =      1.006,    322.161       
# span 3 = -106.86167, -106.86149       
# span 4 =   16.83500,   16.83508       
# span 5 =      1.000,    320.000       
# span 6 =    10.2598,    29.1306       
# span 7 =    10.2312,    29.0923       
# span 8 = 3.8149e+04, 5.6436e+04       
# span 9 =   3.820054,   5.651623       
# span 10 =     0.0625,     1.5446      
# span 11 =     0.0408,     0.1337      
# span 12 =    96.7131,    98.9857      
# span 13 = 2.0166e-04, 6.2815e+02      
# span 14 =          0,          0      
# span 15 =     0.5031,     2.5147      
# span 16 =     0.5135,     2.5060      
# span 17 =     0.0573,     0.2054      
# span 18 =     0.1124,     0.1156      
# span 19 =     4.4991,     4.6048      
# span 20 =     0.0000,     0.0000      
# span 21 =     0.0098,     3.8159      
# span 22 =     0.0000,     0.0000      
# span 23 =     0.5024,     2.5122      
# span 24 =     0.5127,     2.4995      
# span 25 =    34.2565,    34.7822      
# span 26 =    34.3409,    34.8718      
# span 27 =    21.4625,    26.6512      
# span 28 =    21.5386,    26.7187      
# span 29 =      0.829,    231.453      
# span 30 =      0.352,    241.508      
# span 31 =      0.317,    107.834      
# span 32 =      0.131,    112.945      
# span 33 = 0.0000e+00, 0.0000e+00      
# interval = meters: 1                  
# start_time = Oct 11 2019 23:05:25 [NMEA time, first data scan]
# bad_flag = -9.990e-29
*END*
[from data line 129]
       8176    340.634    130.817 -106.86162   16.83500    130.000    13.8352    13.7881 4.1545e+04   4.161755     0.3002     0.0551    98.6316 2.0679e-02          0     0.5154     0.5300     0.0810     0.1133     4.5883     0.0000     0.0911     0.0000     0.5110     0.5261    34.7284    34.8393    26.0155    26.1111      1.606      2.483      0.616      0.952 0.0000e+00
       8195    341.422    131.824 -106.86162   16.83500    131.000    13.6757    13.6403 4.1394e+04   4.145911     0.2960     0.0522    98.7047 1.5628e-02          0     0.5153     0.5301     0.0806     0.1135     4.5917     0.0000     0.0724     0.0000     0.5105     0.5248    34.7310    34.8249    26.0507    26.1306      1.637      2.277      0.626      0.870 0.0000e+00
       8214    342.192    132.831 -106.86162   16.83500    132.000    13.6686    13.6363 4.1396e+04   4.145638     0.2191     0.0518    98.7143 6.4466e-03          0     0.5145     0.5296     0.0729     0.1135     4.5922     0.0000     0.0361     0.0000     0.5097     0.5241    34.7392    34.8255    26.0585    26.1319      1.570      2.288      0.600      0.875 0.0000e+00
       8238    343.195    133.837 -106.86162   16.83501    133.000    13.6420    13.6083 4.1375e+04   4.143662     0.2543     0.0550    98.6348 9.8371e-03          0     0.5134     0.5283     0.0764     0.1145     4.5885     0.0000     0.0497     0.0000     0.5093     0.5233    34.7438    34.8320    26.0676    26.1428      1.556      2.245      0.595      0.858 0.0000e+00
       8309    346.157    134.844 -106.86162   16.83502    134.000    13.6471    13.6233 4.1382e+04   4.144615     0.3038     0.0578    98.5647 8.0287e-03          0     0.5106     0.5250     0.0814     0.1136     4.5852     0.0000     0.0424     0.0000     0.5083     0.5219    34.7452    34.8268    26.0676    26.1357      1.624      2.138      0.621      0.817 0.0000e+00
       8400    349.938    135.850 -106.86162   16.83502    135.000    13.6374    13.6008 4.1376e+04   4.143688     0.3603     0.0574    98.5741 6.6181e-03          0     0.5091     0.5223     0.0870     0.1133     4.5857     0.0000     0.0368     0.0000     0.5082     0.5212    34.7480    34.8383    26.0718    26.1492      1.607      2.057      0.614      0.786 0.0000e+00
       8424    350.948    136.857 -106.86162   16.83502    136.000    13.5560    13.5239 4.1308e+04   4.136614     0.3135     0.0582    98.5545 6.5086e-03          0     0.5092     0.5225     0.0823     0.1134     4.5848     0.0000     0.0363     0.0000     0.5081     0.5212    34.7571    34.8414    26.0956    26.1675      1.525      2.095      0.582      0.799 0.0000e+00
       8445    351.847    137.864 -106.86162   16.83502    137.000    13.5524    13.5193 4.1305e+04   4.136353     0.2845     0.0589    98.5374 5.0197e-03          0     0.5095     0.5224     0.0795     0.1133     4.5839     0.0000     0.0302     0.0000     0.5077     0.5206    34.7578    34.8427    26.0970    26.1695      1.402      1.922      0.535      0.733 0.0000e+00
       8468    352.811    138.871 -106.86162   16.83502    138.000    13.5057    13.4705 4.1265e+04   4.132725     0.2837     0.0596    98.5204 2.9263e-03          0     0.5092     0.5223     0.0794     0.1133     4.5831     0.0000     0.0214     0.0000     0.5073     0.5204    34.7623    34.8527    26.1101    26.1872      1.452      2.010      0.554      0.766 0.0000e+00
       8512    354.632    139.877 -106.86162   16.83502    139.000    13.4086    13.3751 4.1178e+04   4.123786     0.2739     0.0606    98.4959 1.9683e-03          0     0.5090     0.5219     0.0784     0.1138     4.5820     0.0000     0.0174     0.0000     0.5072     0.5205    34.7682    34.8551    26.1345    26.2086      1.473      2.011      0.560      0.765 0.0000e+00
       8572    357.127    140.884 -106.86162   16.83502    140.000    13.3603    13.3271 4.1134e+04   4.119206     0.2526     0.0601    98.5098 1.7498e-03          0     0.5083     0.5215     0.0762     0.1132     4.5826     0.0000     0.0165     0.0000     0.5070     0.5202    34.7697    34.8553    26.1456    26.2186      1.447      1.927      0.550      0.732 0.0000e+00
       8614    358.894    141.890 -106.86162   16.83502    141.000    13.3317    13.2987 4.1108e+04   4.116601     0.2211     0.0601    98.5084 1.5783e-03          0     0.5081     0.5214     0.0731     0.1142     4.5826     0.0000     0.0158     0.0000     0.5069     0.5198    34.7717    34.8563    26.1529    26.2252      1.490      1.867      0.566      0.709 0.0000e+00
       8655    360.588    142.897 -106.86162   16.83502    142.000    13.3068    13.2739 4.1087e+04   4.114445     0.2131     0.0603    98.5046 1.6510e-03          0     0.5079     0.5212     0.0723     0.1141     4.5824     0.0000     0.0161     0.0000     0.5070     0.5196    34.7737    34.8581    26.1596    26.2317      1.502      1.891      0.570      0.718 0.0000e+00
       8700    362.448    143.904 -106.86162   16.83502    143.000    13.2861    13.2538 4.1069e+04   4.112622     0.2039     0.0610    98.4854 1.4985e-03          0     0.5079     0.5207     0.0714     0.1136     4.5815     0.0000     0.0154     0.0000     0.5070     0.5193    34.7750    34.8588    26.1649    26.2363      1.492      1.812      0.566      0.687 0.0000e+00
       8755    364.730    144.910 -106.86162   16.83502    144.000    13.2657    13.2335 4.1050e+04   4.110787     0.2055     0.0608    98.4911 1.4273e-03          0     0.5079     0.5205     0.0715     0.1135     4.5818     0.0000     0.0151     0.0000     0.5070     0.5193    34.7755    34.8597    26.1694    26.2411      1.493      1.857      0.566      0.704 0.0000e+00
       8798    366.550    145.917 -106.86162   16.83502    145.000    13.2264    13.1925 4.1014e+04   4.107355     0.1921     0.0612    98.4821 1.9933e-03          0     0.5079     0.5201     0.0702     0.1133     4.5814     0.0000     0.0176     0.0000     0.5070     0.5192    34.7764    34.8643    26.1781    26.2531      1.495      1.870      0.566      0.708 0.0000e+00
       8823    367.582    146.924 -106.86160   16.83502    146.000    13.1818    13.1494 4.0973e+04   4.103035     0.1855     0.0614    98.4761 1.3364e-03          0     0.5079     0.5202     0.0696     0.1131     4.5811     0.0000     0.0148     0.0000     0.5070     0.5193    34.7778    34.8624    26.1882    26.2603      1.496      1.848      0.567      0.700 0.0000e+00
       8848    368.633    147.931 -106.86160   16.83502    147.000    13.1378    13.1033 4.0931e+04   4.099077     0.1653     0.0618    98.4656 1.3247e-03          0     0.5079     0.5202     0.0676     0.1145     4.5806     0.0000     0.0147     0.0000     0.5070     0.5193    34.7782    34.8667    26.1974    26.2730      1.498      1.839      0.567      0.696 0.0000e+00
       8899    370.740    148.937 -106.86160   16.83502    148.000    13.0717    13.0453 4.0869e+04   4.093189     0.1466     0.0617    98.4696 1.3402e-03          0     0.5079     0.5202     0.0657     0.1143     4.5808     0.0000     0.0148     0.0000     0.5070     0.5190    34.7793    34.8637    26.2116    26.2823      1.494      1.788      0.565      0.675 0.0000e+00
       8978    374.024    149.944 -106.86160   16.83502    149.000    13.0226    12.9879 4.0822e+04   4.087882     0.1348     0.0615    98.4727 1.3225e-03          0     0.5079     0.5199     0.0645     0.1148     4.5809     0.0000     0.0147     0.0000     0.5069     0.5189    34.7798    34.8654    26.2219    26.2952      1.468      1.775      0.554      0.670 0.0000e+00
       9014    375.555    150.951 -106.86160   16.83504    150.000    12.9979    12.9660 4.0800e+04   4.085663     0.1201     0.0620    98.4618 1.3241e-03          0     0.5079     0.5198     0.0630     0.1148     4.5804     0.0000     0.0147     0.0000     0.5068     0.5187    34.7806    34.8640    26.2274    26.2985      1.345      1.751      0.508      0.661 0.0000e+00
       9041    376.677    151.957 -106.86160   16.83504    151.000    12.9908    12.9590 4.0793e+04   4.084991     0.1125     0.0624    98.4517 1.3241e-03          0     0.5078     0.5197     0.0623     0.1147     4.5800     0.0000     0.0147     0.0000     0.5062     0.5183    34.7802    34.8637    26.2286    26.2996      1.314      1.643      0.495      0.620 0.0000e+00
       9064    377.625    152.964 -106.86160   16.83504    152.000    12.9852    12.9534 4.0789e+04   4.084514     0.1127     0.0618    98.4654 1.3110e-03          0     0.5077     0.5198     0.0623     0.1142     4.5806     0.0000     0.0146     0.0000     0.5064     0.5186    34.7807    34.8639    26.2302    26.3010      1.334      1.814      0.503      0.684 0.0000e+00
       9091    378.763    153.971 -106.86160   16.83504    153.000    12.9767    12.9448 4.0781e+04   4.083795     0.1127     0.0621    98.4603 1.3160e-03          0     0.5078     0.5196     0.0623     0.1140     4.5804     0.0000     0.0147     0.0000     0.5062     0.5184    34.7812    34.8645    26.2322    26.3032      1.354      1.694      0.511      0.639 0.0000e+00
       9201    383.318    154.977 -106.86160   16.83504    154.000    12.9807    12.9516 4.0785e+04   4.084300     0.1176     0.0619    98.4632 1.2959e-03          0     0.5068     0.5191     0.0628     0.1144     4.5805     0.0000     0.0146     0.0000     0.5060     0.5183    34.7809    34.8626    26.2313    26.3004      1.329      1.720      0.501      0.649 0.0000e+00
       9236    384.784    155.984 -106.86160   16.83504    155.000    12.9216    12.8895 4.0729e+04   4.079263     0.1127     0.0622    98.4565 1.2129e-03          0     0.5067     0.5194     0.0623     0.1148     4.5802     0.0000     0.0142     0.0000     0.5058     0.5180    34.7813    34.8713    26.2434    26.3196      1.242      1.679      0.468      0.632 0.0000e+00
       9258    385.692    156.991 -106.86160   16.83504    156.000    12.8827    12.8497 4.0693e+04   4.075059     0.1127     0.0619    98.4634 1.2445e-03          0     0.5068     0.5191     0.0623     0.1147     4.5805     0.0000     0.0143     0.0000     0.5059     0.5182    34.7816    34.8674    26.2514    26.3245      1.365      1.704      0.514      0.641 0.0000e+00
       9281    386.648    157.998 -106.86160   16.83504    157.000    12.8683    12.8360 4.0680e+04   4.073676     0.1033     0.0618    98.4661 1.1616e-03          0     0.5073     0.5192     0.0614     0.1146     4.5806     0.0000     0.0139     0.0000     0.5060     0.5180    34.7820    34.8664    26.2546    26.3265      1.350      1.676      0.508      0.630 0.0000e+00
       9308    387.806    159.004 -106.86160   16.83504    158.000    12.8360    12.8030 4.0648e+04   4.070678     0.0990     0.0622    98.4564 1.0544e-03          0     0.5070     0.5190     0.0609     0.1147     4.5802     0.0000     0.0135     0.0000     0.5057     0.5180    34.7815    34.8677    26.2606    26.3341      1.270      1.642      0.478      0.617 0.0000e+00
       9380    390.800    160.011 -106.86160   16.83504    159.000    12.8095    12.7782 4.0622e+04   4.067954     0.0947     0.0622    98.4565 1.0478e-03          0     0.5068     0.5189     0.0605     0.1141     4.5802     0.0000     0.0134     0.0000     0.5056     0.5178    34.7806    34.8641    26.2653    26.3362      1.301      1.621      0.489      0.609 0.0000e+00
       9462    394.197    161.018 -106.86162   16.83504    160.000    12.7864    12.7378 4.0602e+04   4.064758     0.1005     0.0620    98.4607 1.0425e-03          0     0.5063     0.5186     0.0611     0.1148     4.5804     0.0000     0.0134     0.0000     0.5058     0.5176    34.7821    34.8704    26.2710    26.3491      1.352      1.711      0.508      0.642 0.0000e+00
       9483    395.079    162.025 -106.86162   16.83504    161.000    12.7485    12.7167 4.0566e+04   4.062244     0.0895     0.0640    98.4134 1.0428e-03          0     0.5066     0.5188     0.0599     0.1147     4.5782     0.0000     0.0134     0.0000     0.5057     0.5179    34.7822    34.8654    26.2786    26.3495      1.345      1.637      0.505      0.614 0.0000e+00
       9503    395.906    163.031 -106.86162   16.83504    162.000    12.7192    12.6833 4.0537e+04   4.059737     0.0813     0.0639    98.4160 1.0428e-03          0     0.5066     0.5188     0.0591     0.1146     4.5783     0.0000     0.0134     0.0000     0.5059     0.5177    34.7810    34.8718    26.2835    26.3610      1.330      1.600      0.499      0.600 0.0000e+00
       9524    396.772    164.038 -106.86162   16.83504    163.000    12.6404    12.6070 4.0461e+04   4.051992     0.0817     0.0619    98.4629 1.0428e-03          0     0.5066     0.5183     0.0591     0.1148     4.5805     0.0000     0.0134     0.0000     0.5057     0.5177    34.7800    34.8676    26.2983    26.3728      1.143      1.571      0.428      0.588 0.0000e+00
       9591    399.564    165.045 -106.86162   16.83504    164.000    12.6387    12.6105 4.0460e+04   4.051757     0.0827     0.0613    98.4783 1.0428e-03          0     0.5065     0.5186     0.0593     0.1139     4.5812     0.0000     0.0134     0.0000     0.5051     0.5173    34.7799    34.8616    26.2985    26.3675      1.228      1.561      0.460      0.584 0.0000e+00
       9660    402.455    166.052 -106.86162   16.83504    165.000    12.6113    12.5855 4.0434e+04   4.049955     0.0800     0.0611    98.4830 1.0428e-03          0     0.5060     0.5181     0.0590     0.1133     4.5814     0.0000     0.0134     0.0000     0.5051     0.5171    34.7799    34.8670    26.3040    26.3766      1.129      1.534      0.422      0.574 0.0000e+00
       9683    403.433    167.058 -106.86162   16.83504    166.000    12.5835    12.5519 4.0407e+04   4.046354     0.0761     0.0605    98.4997 1.0428e-03          0     0.5061     0.5182     0.0586     0.1142     4.5822     0.0000     0.0134     0.0000     0.5049     0.5171    34.7795    34.8631    26.3092    26.3802      1.121      1.575      0.419      0.589 0.0000e+00
       9706    404.376    168.065 -106.86162   16.83504    167.000    12.5676    12.5349 4.0392e+04   4.044777     0.0761     0.0600    98.5125 1.0428e-03          0     0.5064     0.5186     0.0586     0.1148     4.5828     0.0000     0.0134     0.0000     0.5046     0.5172    34.7791    34.8632    26.3120    26.3837      1.107      1.524      0.414      0.570 0.0000e+00
       9733    405.499    169.072 -106.86162   16.83504    168.000    12.5582    12.5269 4.0383e+04   4.043887     0.0757     0.0594    98.5248 1.0428e-03          0     0.5060     0.5180     0.0586     0.1147     4.5833     0.0000     0.0134     0.0000     0.5046     0.5170    34.7791    34.8616    26.3138    26.3840      1.131      1.485      0.423      0.555 0.0000e+00
       9813    408.829    170.079 -106.86162   16.83504    169.000    12.5628    12.5325 4.0388e+04   4.044361     0.0759     0.0596    98.5208 1.0428e-03          0     0.5056     0.5179     0.0586     0.1139     4.5831     0.0000     0.0134     0.0000     0.5045     0.5169    34.7788    34.8606    26.3128    26.3822      1.155      1.511      0.432      0.565 0.0000e+00
       9879    411.598    171.086 -106.86162   16.83504    170.000    12.5487    12.5155 4.0375e+04   4.042938     0.0761     0.0603    98.5057 1.0309e-03          0     0.5055     0.5178     0.0586     0.1145     4.5825     0.0000     0.0133     0.0000     0.5045     0.5167    34.7787    34.8622    26.3155    26.3868      1.153      1.492      0.431      0.557 0.0000e+00
