data/ctd-cnv/KM1919/KM1919-St20-P2/St20_P2_cast29-align-cellTM-derive-bin.cnv
* Sea-Bird SBE 9 Data File:
* FileName = C:\Users\otg\Desktop\CTD Data\km1920\St20_P2_cast29.hex
* Software Version Seasave V 7.26.7.107
* Temperature SN = 5554
* Conductivity SN = 3876
* Number of Bytes Per Scan = 41
* Number of Voltage Words = 4
* Number of Scans Averaged by the Deck Unit = 1
* NMEA Latitude = 16 46.66 N
* NMEA Longitude = 106 52.14 W
* NMEA UTC (Time) = Oct 04 2019  23:43:18
* NMEA baud rate = 4800
** Ship: Kilo Moana
** Station: St20_P2cast 29
** Operator: gr
** NK dusk metabolomics
# nquan = 34
# nvalues = 321                         
# units = specified
# name 0 = scan: Scan Count
# name 1 = timeS: Time, Elapsed [seconds]
# name 2 = prDM: Pressure, Digiquartz [db]
# name 3 = longitude: Longitude [deg]
# name 4 = latitude: Latitude [deg]
# name 5 = depSMignore: Depth [salt water, m]
# name 6 = t090C: Temperature [ITS-90, deg C]
# name 7 = t190C: Temperature, 2 [ITS-90, deg C]
# name 8 = c0uS/cm: Conductivity [uS/cm]
# name 9 = c1S/m: Conductivity, 2 [S/m]
# name 10 = flECO-AFL: Fluorescence, WET Labs ECO-AFL/FL [mg/m^3]
# name 11 = CStarAt0: Beam Attenuation, WET Labs C-Star [1/m]
# name 12 = CStarTr0: Beam Transmission, WET Labs C-Star [%]
# name 13 = par: PAR/Irradiance, Biospherical/Licor
# name 14 = modError: Modulo Error Count
# name 15 = v0: Voltage 0
# name 16 = v1: Voltage 1
# name 17 = v2: Voltage 2
# name 18 = v3: Voltage 3
# name 19 = v4: Voltage 4
# name 20 = v5: Voltage 5
# name 21 = v6: Voltage 6
# name 22 = v7: Voltage 7
# name 23 = sbeox0V: Oxygen raw, SBE 43 [V]
# name 24 = sbeox1V: Oxygen raw, SBE 43, 2 [V]
# name 25 = sal00: Salinity, Practical [PSU]
# name 26 = sal11: Salinity, Practical, 2 [PSU]
# name 27 = sigma-é00: Density [sigma-theta, kg/m^3]
# name 28 = sigma-é11: Density, 2 [sigma-theta, kg/m^3]
# name 29 = sbeox0Mm/L: Oxygen, SBE 43 [umol/l], WS = 2
# name 30 = sbeox1Mm/L: Oxygen, SBE 43, 2 [umol/l], WS = 2
# name 31 = sbeox0PS: Oxygen, SBE 43 [% saturation], WS = 2
# name 32 = sbeox1PS: Oxygen, SBE 43, 2 [% saturation], WS = 2
# name 33 = flag: flag
# span 0 =        -88,      13147       
# span 1 =     -3.698,    547.766       
# span 2 =      1.006,    323.168       
# span 3 = -106.86890, -106.86886       
# span 4 =   16.77750,   16.77754       
# span 5 =      1.000,    321.000       
# span 6 =    10.2090,    29.8122       
# span 7 =    10.1828,    29.7776       
# span 8 = 3.8101e+04, 5.7462e+04       
# span 9 =   3.815594,   5.755166       
# span 10 =     0.0554,     1.7347      
# span 11 =     0.0158,     0.1211      
# span 12 =    97.0168,    99.6050      
# span 13 = 1.7533e-03, 6.7941e+01      
# span 14 =          0,          0      
# span 15 =     0.5042,     2.5006      
# span 16 =     0.5147,     2.4792      
# span 17 =     0.0565,     0.2245      
# span 18 =     0.1149,     0.1184      
# span 19 =     4.5132,     4.6336      
# span 20 =     0.0000,     0.0000      
# span 21 =     0.0164,     2.8465      
# span 22 =     0.0000,     0.0000      
# span 23 =     0.5035,     2.4977      
# span 24 =     0.5138,     2.4770      
# span 25 =    34.4490,    34.7873      
# span 26 =    34.5404,    34.8756      
# span 27 =    21.4367,    26.6592      
# span 28 =    21.5128,    26.7274      
# span 29 =      0.925,    221.795      
# span 30 =      1.133,    232.680      
# span 31 =      0.338,    107.152      
# span 32 =      0.404,    111.938      
# span 33 = 0.0000e+00, 0.0000e+00      
# interval = meters: 1                  
# start_time = Oct 04 2019 23:50:02 [NMEA time, first data scan]
# bad_flag = -9.990e-29
*END*
[from data line 299]
      11352    472.943    302.010 -106.86888   16.77750    300.000    10.6532    10.6237 3.8538e+04   3.859007     0.0757     0.0186    99.5353 5.4744e-03          0     0.5043     0.5152     0.0586     0.1172     4.6303     0.0000     0.0322     0.0000     0.5035     0.5145    34.6908    34.7713    26.6033    26.6713      1.068      1.204      0.383      0.432 0.0000e+00
      11376    473.963    303.018 -106.86888   16.77750    301.000    10.6311    10.6005 3.8516e+04   3.857062     0.0702     0.0180    99.5525 6.2872e-03          0     0.5043     0.5152     0.0580     0.1172     4.6312     0.0000     0.0353     0.0000     0.5035     0.5144    34.6896    34.7733    26.6062    26.6770      1.069      1.214      0.383      0.435 0.0000e+00
      11399    474.927    304.025 -106.86888   16.77750    302.000    10.5982    10.5680 3.8483e+04   3.853684     0.0673     0.0182    99.5474 4.5821e-03          0     0.5043     0.5154     0.0577     0.1164     4.6309     0.0000     0.0284     0.0000     0.5035     0.5146    34.6868    34.7698    26.6099    26.6800      1.070      1.233      0.383      0.442 0.0000e+00
      11423    475.901    305.033 -106.86888   16.77750    303.000    10.5845    10.5547 3.8470e+04   3.852280     0.0755     0.0181    99.5482 3.3728e-03          0     0.5043     0.5153     0.0585     0.1158     4.6310     0.0000     0.0233     0.0000     0.5035     0.5145    34.6859    34.7678    26.6117    26.6808      1.070      1.174      0.384      0.421 0.0000e+00
      11462    477.540    306.040 -106.86888   16.77750    304.000    10.5597    10.5299 3.8445e+04   3.849794     0.0702     0.0182    99.5468 8.0433e-03          0     0.5043     0.5153     0.0580     0.1171     4.6309     0.0000     0.0424     0.0000     0.5035     0.5144    34.6843    34.7659    26.6148    26.6837      1.063      1.207      0.381      0.432 0.0000e+00
      11515    479.761    307.048 -106.86888   16.77750    305.000    10.5496    10.5203 3.8435e+04   3.848702     0.0681     0.0181    99.5491 7.2206e-03          0     0.5043     0.5151     0.0578     0.1171     4.6310     0.0000     0.0392     0.0000     0.5035     0.5144    34.6838    34.7636    26.6162    26.6836      1.078      1.214      0.386      0.435 0.0000e+00
      11548    481.120    308.055 -106.86888   16.77750    306.000    10.5425    10.5134 3.8429e+04   3.848200     0.0761     0.0179    99.5549 1.0380e-02          0     0.5043     0.5152     0.0586     0.1157     4.6313     0.0000     0.0518     0.0000     0.5035     0.5146    34.6835    34.7648    26.6172    26.6857      1.071      1.234      0.384      0.442 0.0000e+00
      11570    482.057    309.063 -106.86888   16.77750    307.000    10.5124    10.4811 3.8399e+04   3.845375     0.0755     0.0179    99.5545 1.1939e-02          0     0.5043     0.5152     0.0585     0.1172     4.6313     0.0000     0.0582     0.0000     0.5035     0.5144    34.6813    34.7666    26.6208    26.6929      1.073      1.206      0.384      0.432 0.0000e+00
      11590    482.887    310.070 -106.86888   16.77750    308.000    10.4423    10.4101 3.8328e+04   3.838539     0.0640     0.0178    99.5558 1.0496e-02          0     0.5042     0.5152     0.0574     0.1172     4.6314     0.0000     0.0524     0.0000     0.5035     0.5144    34.6764    34.7648    26.6292    26.7038      1.075      1.216      0.384      0.434 0.0000e+00
      11612    483.790    311.078 -106.86888   16.77750    309.000    10.4021    10.3720 3.8288e+04   3.834242     0.0639     0.0168    99.5807 9.9542e-03          0     0.5043     0.5151     0.0574     0.1171     4.6325     0.0000     0.0499     0.0000     0.5035     0.5145    34.6739    34.7573    26.6343    26.7046      1.076      1.214      0.384      0.433 0.0000e+00
      11641    484.987    312.085 -106.86886   16.77750    310.000    10.3951    10.3660 3.8282e+04   3.833470     0.0724     0.0168    99.5808 1.1281e-02          0     0.5043     0.5153     0.0582     0.1172     4.6325     0.0000     0.0556     0.0000     0.5035     0.5144    34.6738    34.7547    26.6355    26.7037      1.076      1.211      0.384      0.432 0.0000e+00
      11694    487.197    313.093 -106.86886   16.77750    311.000    10.3916    10.3622 3.8279e+04   3.833095     0.0704     0.0172    99.5710 1.0926e-02          0     0.5043     0.5152     0.0580     0.1172     4.6321     0.0000     0.0541     0.0000     0.5035     0.5144    34.6736    34.7541    26.6360    26.7039      1.076      1.219      0.384      0.435 0.0000e+00
      11747    489.415    314.100 -106.86886   16.77750    312.000    10.3826    10.3535 3.8271e+04   3.832314     0.0747     0.0170    99.5755 9.0871e-03          0     0.5043     0.5152     0.0585     0.1171     4.6323     0.0000     0.0467     0.0000     0.5035     0.5143    34.6736    34.7541    26.6375    26.7054      1.077      1.161      0.384      0.414 0.0000e+00
      11778    490.705    315.108 -106.86886   16.77750    313.000    10.3635    10.3338 3.8252e+04   3.830541     0.0744     0.0168    99.5809 4.0746e-03          0     0.5043     0.5153     0.0584     0.1172     4.6325     0.0000     0.0262     0.0000     0.5035     0.5142    34.6720    34.7545    26.6397    26.7092      1.053      1.214      0.376      0.433 0.0000e+00
      11803    491.764    316.115 -106.86886   16.77750    314.000    10.3487    10.3191 3.8237e+04   3.828996     0.0741     0.0168    99.5808 3.0481e-03          0     0.5043     0.5153     0.0584     0.1172     4.6325     0.0000     0.0219     0.0000     0.5035     0.5143    34.6710    34.7524    26.6414    26.7101      1.096      1.245      0.391      0.444 0.0000e+00
      11829    492.840    317.122 -106.86886   16.77750    315.000    10.3431    10.3138 3.8233e+04   3.828462     0.0751     0.0168    99.5808 6.7974e-03          0     0.5043     0.5151     0.0585     0.1171     4.6325     0.0000     0.0375     0.0000     0.5035     0.5144    34.6716    34.7517    26.6429    26.7105      1.078      1.133      0.384      0.404 0.0000e+00
      11901    495.847    318.130 -106.86887   16.77750    316.000    10.3352    10.3084 3.8225e+04   3.827887     0.0680     0.0167    99.5830 6.6847e-03          0     0.5043     0.5151     0.0578     0.1168     4.6326     0.0000     0.0370     0.0000     0.5035     0.5143    34.6706    34.7505    26.6435    26.7105      1.078      1.199      0.384      0.427 0.0000e+00
      12001    499.987    319.138 -106.86888   16.77750    317.000    10.3194    10.2935 3.8210e+04   3.826762     0.0720     0.0166    99.5849 5.0532e-03          0     0.5043     0.5151     0.0582     0.1172     4.6327     0.0000     0.0301     0.0000     0.5035     0.5145    34.6702    34.7529    26.6460    26.7150      1.079      1.225      0.384      0.436 0.0000e+00
      12023    500.906    320.145 -106.86888   16.77752    318.000    10.2886    10.2588 3.8180e+04   3.823335     0.0751     0.0168    99.5807 8.6834e-03          0     0.5043     0.5152     0.0585     0.1172     4.6325     0.0000     0.0452     0.0000     0.5035     0.5144    34.6683    34.7509    26.6498    26.7195      1.080      1.230      0.385      0.438 0.0000e+00
      12045    501.837    321.153 -106.86888   16.77752    319.000    10.2395    10.2087 3.8131e+04   3.818572     0.0756     0.0165    99.5883 7.2643e-03          0     0.5043     0.5151     0.0585     0.1172     4.6328     0.0000     0.0395     0.0000     0.5035     0.5143    34.6651    34.7500    26.6558    26.7274      1.063      1.144      0.378      0.407 0.0000e+00
      12513    521.352    322.160 -106.86886   16.77750    320.000    10.2300    10.2065 3.8122e+04   3.817779     0.0699     0.0163    99.5932 2.7830e-03          0     0.5043     0.5150     0.0580     0.1173     4.6331     0.0000     0.0206     0.0000     0.5035     0.5140    34.6645    34.7435    26.6570    26.7228      1.094      1.152      0.389      0.410 0.0000e+00
      13147    547.766    323.168 -106.86886   16.77750    321.000    10.2090    10.1828 3.8101e+04   3.815594     0.0755     0.0158    99.6050 1.7533e-03          0     0.5042     0.5147     0.0585     0.1172     4.6336     0.0000     0.0164     0.0000     0.5036     0.5138    34.6627    34.7436    26.6592    26.7270      1.075      1.198      0.382      0.426 0.0000e+00
