data/ctd-cnv/KM1919/KM1919-St20-P2/St20_P2_cast30-align-cellTM-derive-bin.cnv
* Sea-Bird SBE 9 Data File:
* FileName = C:\Users\otg\Desktop\CTD Data\km1920\St20_P2_cast30.hex
* Software Version Seasave V 7.26.7.107
* Temperature SN = 5554
* Conductivity SN = 3876
* Number of Bytes Per Scan = 41
* Number of Voltage Words = 4
* Number of Scans Averaged by the Deck Unit = 1
* NMEA Latitude = 16 46.65 N
* NMEA Longitude = 106 52.11 W
* NMEA UTC (Time) = Oct 05 2019  08:36:20
* NMEA baud rate = 4800
** Ship: Kilo Moana
** Station: St20_P2cast 30
** Operator: rk
** for McLane Pumps
# nquan = 34
# nvalues = 1004                        
# units = specified
# name 0 = scan: Scan Count
# name 1 = timeS: Time, Elapsed [seconds]
# name 2 = prDM: Pressure, Digiquartz [db]
# name 3 = longitude: Longitude [deg]
# name 4 = latitude: Latitude [deg]
# name 5 = depSM: Depth [salt water, m]
# name 6 = t090C: Temperature [ITS-90, deg C]
# name 7 = t190C: Temperature, 2 [ITS-90, deg C]
# name 8 = c0uS/cm: Conductivity [uS/cm]
# name 9 = c1S/m: Conductivity, 2 [S/m]
# name 10 = flECO-AFL: Fluorescence, WET Labs ECO-AFL/FL [mg/m^3]
# name 11 = CStarAt0: Beam Attenuation, WET Labs C-Star [1/m]
# name 12 = CStarTr0: Beam Transmission, WET Labs C-Star [%]
# name 13 = par: PAR/Irradiance, Biospherical/Licor
# name 14 = modError: Modulo Error Count
# name 15 = v0: Voltage 0
# name 16 = v1: Voltage 1
# name 17 = v2: Voltage 2
# name 18 = v3: Voltage 3
# name 19 = v4: Voltage 4
# name 20 = v5: Voltage 5
# name 21 = v6: Voltage 6
# name 22 = v7: Voltage 7
# name 23 = sbeox0V: Oxygen raw, SBE 43 [V]
# name 24 = sbeox1V: Oxygen raw, SBE 43, 2 [V]
# name 25 = sal00: Salinity, Practical [PSU]
# name 26 = sal11: Salinity, Practical, 2 [PSU]
# name 27 = sigma-é00: Density [sigma-theta, kg/m^3]
# name 28 = sigma-é11: Density, 2 [sigma-theta, kg/m^3]
# name 29 = sbeox0Mm/L: Oxygen, SBE 43 [umol/l], WS = 2
# name 30 = sbeox1Mm/L: Oxygen, SBE 43, 2 [umol/l], WS = 2
# name 31 = sbeox0PS: Oxygen, SBE 43 [% saturation], WS = 2
# name 32 = sbeox1PS: Oxygen, SBE 43, 2 [% saturation], WS = 2
# name 33 = flag: flag
# span 0 =         35,     304398       
# span 1 =      1.432,  12683.217       
# span 2 =     15.090,   1026.605       
# span 3 = -106.86842, -106.86752       
# span 4 =   16.77526,   16.77751       
# span 5 =     15.000,   1018.000       
# span 6 =     4.3378,    29.3670       
# span 7 =     4.3135,    29.3254       
# span 8 = 3.2936e+04, 5.7119e+04       
# span 9 =   3.298006,   5.719802       
# span 10 =     0.0485,     1.5638      
# span 11 =     0.0008,     0.1015      
# span 12 =    97.4952,    99.9788      
# span 13 = -4.784e-05, 3.8622e-01      
# span 14 =          0,          0      
# span 15 =     0.5026,     2.4914      
# span 16 =     0.5125,     2.4746      
# span 17 =     0.0558,     0.2074      
# span 18 =     0.1153,     0.1258      
# span 19 =     4.5355,     4.6510      
# span 20 =     0.0000,     0.0007      
# span 21 =     0.0082,     0.6880      
# span 22 =     0.0000,     0.0000      
# span 23 =     0.5023,     2.4921      
# span 24 =     0.5122,     2.4763      
# span 25 =    34.4432,    34.7853      
# span 26 =    34.5339,    34.8737      
# span 27 =    21.6487,    27.4070      
# span 28 =    21.7256,    27.4704      
# span 29 =      0.862,    220.889      
# span 30 =      0.845,    231.768      
# span 31 =      0.284,    106.653      
# span 32 =      0.284,    111.857      
# span 33 = 0.0000e+00, 0.0000e+00      
# interval = meters: 1                  
# start_time = Oct 05 2019 08:39:41 [NMEA time, first data scan]
# bad_flag = -9.990e-29
*END*
[from data line 982]
      50857   2118.995   1005.377 -106.86824   16.77732    997.000     4.4457     4.4195 3.3022e+04   3.306528     0.0752     0.0065    99.8389 4.5307e-03          0     0.5428     0.5522     0.0585     0.1221     4.6445     0.0000     0.0281     0.0000     0.5434     0.5527    34.5554    34.6326    27.3937    27.4579      9.473      9.616      2.951      2.995 0.0000e+00
      50878   2119.895   1006.388 -106.86824   16.77732    998.000     4.4335     4.4084 3.3012e+04   3.305637     0.0814     0.0065    99.8392 4.3604e-03          0     0.5429     0.5522     0.0591     0.1221     4.6445     0.0000     0.0274     0.0000     0.5434     0.5529    34.5550    34.6332    27.3947    27.4595      9.468      9.717      2.948      3.026 0.0000e+00
      50897   2120.660   1007.398 -106.86824   16.77732    999.000     4.4235     4.3969 3.3003e+04   3.304782     0.0774     0.0064    99.8403 4.9407e-03          0     0.5429     0.5526     0.0587     0.1223     4.6446     0.0000     0.0298     0.0000     0.5434     0.5528    34.5550    34.6347    27.3958    27.4620      9.802      9.907      3.051      3.084 0.0000e+00
      50913   2121.348   1008.409 -106.86824   16.77732   1000.000     4.4127     4.3878 3.2995e+04   3.303895     0.0636     0.0073    99.8182 3.5553e-03          0     0.5431     0.5527     0.0574     0.1221     4.6436     0.0000     0.0242     0.0000     0.5438     0.5533    34.5557    34.6333    27.3975    27.4619     10.346     10.180      3.220      3.168 0.0000e+00
      50930   2122.031   1009.420 -106.86824   16.77732   1001.000     4.4123     4.3875 3.2994e+04   3.303891     0.0639     0.0073    99.8172 2.4119e-03          0     0.5433     0.5527     0.0574     0.1221     4.6435     0.0000     0.0191     0.0000     0.5445     0.5537    34.5554    34.6331    27.3973    27.4617     10.178     10.149      3.168      3.158 0.0000e+00
      50948   2122.797   1010.431 -106.86824   16.77732   1002.000     4.4118     4.3871 3.2994e+04   3.303877     0.0682     0.0073    99.8171 3.2505e-03          0     0.5432     0.5528     0.0578     0.1226     4.6435     0.0000     0.0227     0.0000     0.5446     0.5540    34.5552    34.6328    27.3972    27.4616      9.818     10.194      3.056      3.172 0.0000e+00
      50972   2123.805   1011.442 -106.86824   16.77732   1003.000     4.4108     4.3861 3.2994e+04   3.303819     0.0769     0.0072    99.8188 5.9794e-03          0     0.5433     0.5528     0.0587     0.1236     4.6436     0.0000     0.0339     0.0000     0.5447     0.5543    34.5552    34.6327    27.3974    27.4616      9.883     10.148      3.076      3.158 0.0000e+00
      51062   2127.560   1012.453 -106.86824   16.77735   1004.000     4.4127     4.3867 3.2997e+04   3.303898     0.0714     0.0066    99.8366 8.2114e-03          0     0.5450     0.5543     0.0581     0.1216     4.6444     0.0000     0.0433     0.0000     0.5458     0.5549    34.5561    34.6325    27.3979    27.4613     10.153     10.244      3.160      3.188 0.0000e+00
      51104   2129.298   1013.463 -106.86824   16.77734   1005.000     4.4026     4.3763 3.2988e+04   3.303151     0.0716     0.0067    99.8317 6.5793e-03          0     0.5453     0.5544     0.0582     0.1221     4.6442     0.0000     0.0367     0.0000     0.5458     0.5554    34.5559    34.6340    27.3988    27.4637     10.005     10.244      3.113      3.187 0.0000e+00
      51131   2130.399   1014.474 -106.86824   16.77733   1006.000     4.3920     4.3671 3.2979e+04   3.302350     0.0746     0.0073    99.8184 7.7262e-03          0     0.5457     0.5548     0.0585     0.1221     4.6436     0.0000     0.0414     0.0000     0.5459     0.5555    34.5559    34.6337    27.3999    27.4644     10.391     10.442      3.232      3.248 0.0000e+00
      51156   2131.439   1015.485 -106.86824   16.77732   1007.000     4.3891     4.3642 3.2977e+04   3.302128     0.0722     0.0066    99.8367 7.5811e-03          0     0.5457     0.5550     0.0582     0.1221     4.6444     0.0000     0.0409     0.0000     0.5467     0.5559    34.5560    34.6336    27.4003    27.4647     10.873     10.488      3.382      3.262 0.0000e+00
      51231   2134.581   1016.496 -106.86824   16.77732   1008.000     4.3857     4.3599 3.2975e+04   3.301736     0.0662     0.0067    99.8330 7.8501e-03          0     0.5465     0.5558     0.0576     0.1221     4.6442     0.0000     0.0415     0.0000     0.5478     0.5566    34.5564    34.6330    27.4011    27.4647     10.614     10.608      3.301      3.299 0.0000e+00
      51317   2138.154   1017.507 -106.86824   16.77732   1009.000     4.3822     4.3568 3.2972e+04   3.301628     0.0639     0.0066    99.8352 5.7427e-03          0     0.5479     0.5567     0.0574     0.1237     4.6443     0.0000     0.0331     0.0000     0.5483     0.5573    34.5565    34.6345    27.4015    27.4662     10.455     10.705      3.252      3.329 0.0000e+00
      51343   2139.235   1018.518 -106.86824   16.77732   1010.000     4.3694     4.3444 3.2961e+04   3.300570     0.0639     0.0073    99.8177 2.8025e-03          0     0.5482     0.5567     0.0574     0.1227     4.6435     0.0000     0.0207     0.0000     0.5483     0.5573    34.5563    34.6346    27.4027    27.4676     10.762     10.871      3.346      3.380 0.0000e+00
      51366   2140.220   1019.529 -106.86824   16.77734   1011.000     4.3634     4.3385 3.2956e+04   3.300076     0.0639     0.0072    99.8192 2.9978e-03          0     0.5482     0.5570     0.0574     0.1221     4.6436     0.0000     0.0215     0.0000     0.5490     0.5578    34.5565    34.6344    27.4035    27.4681     11.288     11.052      3.509      3.435 0.0000e+00
      51462   2144.202   1020.540 -106.86824   16.77732   1012.000     4.3632     4.3380 3.2957e+04   3.300028     0.0639     0.0073    99.8175 3.2011e-03          0     0.5487     0.5577     0.0574     0.1223     4.6435     0.0000     0.0224     0.0000     0.5495     0.5584    34.5569    34.6339    27.4038    27.4678     10.675     10.976      3.318      3.412 0.0000e+00
      51562   2148.384   1021.551 -106.86824   16.77732   1013.000     4.3565     4.3284 3.2952e+04   3.299337     0.0726     0.0073    99.8171 2.3847e-03          0     0.5495     0.5585     0.0583     0.1233     4.6435     0.0000     0.0188     0.0000     0.5497     0.5590    34.5572    34.6353    27.4048    27.4699     11.347     11.197      3.527      3.480 0.0000e+00
      51606   2150.228   1022.561 -106.86824   16.77732   1014.000     4.3426     4.3176 3.2939e+04   3.298353     0.0670     0.0074    99.8145 4.6326e-03          0     0.5495     0.5584     0.0577     0.1222     4.6434     0.0000     0.0285     0.0000     0.5507     0.5595    34.5571    34.6345    27.4062    27.4704     11.200     11.302      3.480      3.511 0.0000e+00
      52185   2174.340   1023.572 -106.86824   16.77732   1015.000     4.3416     4.3169 3.2939e+04   3.298284     0.0730     0.0072    99.8205 3.1202e-03          0     0.5515     0.5608     0.0583     0.1221     4.6437     0.0000     0.0220     0.0000     0.5518     0.5610    34.5576    34.6339    27.4067    27.4701     11.240     11.442      3.492      3.555 0.0000e+00
      70475   2936.419   1024.583 -106.86815   16.77719   1016.000     4.3378     4.3135 3.2936e+04   3.298006     0.0705     0.0080    99.7998 2.1978e-03          0     0.5523     0.5630     0.0580     0.1254     4.6426     0.0000     0.0180     0.0000     0.5525     0.5632    34.5574    34.6337    27.4070    27.4702     11.348     11.893      3.525      3.695 0.0000e+00
     274639  11443.233   1025.594 -106.86754   16.77544   1017.000     4.3844     4.3601 3.2977e+04   3.302053     0.0673     0.0090    99.7765 1.2358e-03          0     0.5475     0.5566     0.0577     0.1258     4.6415     0.0007     0.0137     0.0000     0.5481     0.5572    34.5560    34.6320    27.4010    27.4639     10.466     10.660      3.255      3.315 0.0000e+00
     304398  12683.217   1026.605 -106.86752   16.77526   1018.000     4.3783     4.3542 3.2972e+04   3.301620     0.0801     0.0096    99.7593 1.4569e-03          0     0.5480     0.5575     0.0590     0.1255     4.6408     0.0001     0.0151     0.0000     0.5485     0.5574    34.5560    34.6326    27.4016    27.4650     10.508     10.882      3.268      3.384 0.0000e+00
