data/ctd-cnv/KM1919/KM1919-St20-P2/St20_P2_cast46-align-cellTM-derive-bin.cnv
* Sea-Bird SBE 9 Data File:
* FileName = C:\Users\otg\Desktop\CTD Data\km1920\St20_P2_cast46.hex
* Software Version Seasave V 7.26.7.107
* Temperature SN = 5554
* Conductivity SN = 3876
* Number of Bytes Per Scan = 41
* Number of Voltage Words = 4
* Number of Scans Averaged by the Deck Unit = 1
* NMEA Latitude = 16 46.70 N
* NMEA Longitude = 106 48.61 W
* NMEA UTC (Time) = Oct 08 2019  22:08:33
* NMEA baud rate = 4800
** Ship: Kilo Moana
** Station: St20_P2 cast 46
** Operator: CLF
# nquan = 34
# nvalues = 404                         
# units = specified
# name 0 = scan: Scan Count
# name 1 = timeS: Time, Elapsed [seconds]
# name 2 = prDM: Pressure, Digiquartz [db]
# name 3 = longitude: Longitude [deg]
# name 4 = latitude: Latitude [deg]
# name 5 = depSMignore: Depth [salt water, m]
# name 6 = t090C: Temperature [ITS-90, deg C]
# name 7 = t190C: Temperature, 2 [ITS-90, deg C]
# name 8 = c0uS/cm: Conductivity [uS/cm]
# name 9 = c1S/m: Conductivity, 2 [S/m]
# name 10 = flECO-AFL: Fluorescence, WET Labs ECO-AFL/FL [mg/m^3]
# name 11 = CStarAt0: Beam Attenuation, WET Labs C-Star [1/m]
# name 12 = CStarTr0: Beam Transmission, WET Labs C-Star [%]
# name 13 = par: PAR/Irradiance, Biospherical/Licor
# name 14 = modError: Modulo Error Count
# name 15 = v0: Voltage 0
# name 16 = v1: Voltage 1
# name 17 = v2: Voltage 2
# name 18 = v3: Voltage 3
# name 19 = v4: Voltage 4
# name 20 = v5: Voltage 5
# name 21 = v6: Voltage 6
# name 22 = v7: Voltage 7
# name 23 = sbeox0V: Oxygen raw, SBE 43 [V]
# name 24 = sbeox1V: Oxygen raw, SBE 43, 2 [V]
# name 25 = sal00: Salinity, Practical [PSU]
# name 26 = sal11: Salinity, Practical, 2 [PSU]
# name 27 = sigma-é00: Density [sigma-theta, kg/m^3]
# name 28 = sigma-é11: Density, 2 [sigma-theta, kg/m^3]
# name 29 = sbeox0Mm/L: Oxygen, SBE 43 [umol/l], WS = 2
# name 30 = sbeox1Mm/L: Oxygen, SBE 43, 2 [umol/l], WS = 2
# name 31 = sbeox0PS: Oxygen, SBE 43 [% saturation], WS = 2
# name 32 = sbeox1PS: Oxygen, SBE 43, 2 [% saturation], WS = 2
# name 33 = flag: flag
# span 0 =        -90,      21305       
# span 1 =     -3.772,    887.669       
# span 2 =      2.012,    407.818       
# span 3 = -106.81014, -106.81002       
# span 4 =   16.77828,   16.77836       
# span 5 =      2.000,    405.000       
# span 6 =     9.0176,    29.7575       
# span 7 =     8.9911,    29.7105       
# span 8 = 3.6969e+04, 5.7493e+04       
# span 9 =   3.701914,   5.757212       
# span 10 =     0.0404,     1.7954      
# span 11 =     0.0169,     0.1176      
# span 12 =    97.1021,    99.5786      
# span 13 = 1.9452e-04, 5.7184e+02      
# span 14 =          0,          0      
# span 15 =     0.5031,     2.5016      
# span 16 =     0.5130,     2.4920      
# span 17 =     0.0550,     0.2306      
# span 18 =     0.1146,     0.1174      
# span 19 =     4.5172,     4.6324      
# span 20 =     0.0000,     0.0000      
# span 21 =     0.0097,     3.7704      
# span 22 =     0.0000,     0.0000      
# span 23 =     0.5024,     2.5018      
# span 24 =     0.5126,     2.4873      
# span 25 =    34.2810,    34.7839      
# span 26 =    34.3748,    34.8707      
# span 27 =    21.4996,    26.8132      
# span 28 =    21.5781,    26.8790      
# span 29 =      0.813,    229.370      
# span 30 =      0.954,    240.129      
# span 31 =      0.282,    107.285      
# span 32 =      0.331,    112.222      
# span 33 = 0.0000e+00, 0.0000e+00      
# interval = meters: 1                  
# start_time = Oct 08 2019 22:10:36 [NMEA time, first data scan]
# bad_flag = -9.990e-29
*END*
[from data line 257]
      11690    487.054    260.710 -106.81006   16.77832    259.000    11.2196    11.1886 3.9093e+04   3.914712     0.0639     0.0264    99.3421 1.0168e-03          0     0.5043     0.5158     0.0574     0.1155     4.6214     0.0000     0.0133     0.0000     0.5034     0.5146    34.7281    34.8108    26.5298    26.5998      1.033      1.164      0.375      0.423 0.0000e+00
      11712    487.962    261.717 -106.81006   16.77832    260.000    11.2164    11.1863 3.9090e+04   3.914447     0.0639     0.0269    99.3291 1.0066e-03          0     0.5044     0.5158     0.0574     0.1149     4.6208     0.0000     0.0132     0.0000     0.5034     0.5144    34.7274    34.8099    26.5298    26.5995      1.033      1.166      0.375      0.424 0.0000e+00
      11737    488.996    262.724 -106.81006   16.77832    261.000    11.2122    11.1833 3.9087e+04   3.914173     0.0639     0.0263    99.3441 9.7872e-04          0     0.5043     0.5157     0.0574     0.1148     4.6215     0.0000     0.0131     0.0000     0.5034     0.5144    34.7278    34.8096    26.5310    26.5999      1.033      1.204      0.375      0.437 0.0000e+00
      11768    490.290    263.732 -106.81006   16.77832    262.000    11.2105    11.1808 3.9085e+04   3.913958     0.0629     0.0264    99.3431 9.4210e-04          0     0.5043     0.5155     0.0573     0.1150     4.6214     0.0000     0.0130     0.0000     0.5034     0.5145    34.7274    34.8093    26.5309    26.6001      1.033      1.177      0.375      0.428 0.0000e+00
      11810    492.035    264.739 -106.81006   16.77832    263.000    11.2090    11.1791 3.9085e+04   3.913829     0.0631     0.0263    99.3445 9.8125e-04          0     0.5043     0.5153     0.0573     0.1150     4.6215     0.0000     0.0131     0.0000     0.5034     0.5144    34.7280    34.8092    26.5317    26.6004      1.034      1.187      0.375      0.431 0.0000e+00
      11851    493.765    265.746 -106.81006   16.77832    264.000    11.1978    11.1702 3.9074e+04   3.913044     0.0653     0.0263    99.3445 9.1166e-04          0     0.5043     0.5154     0.0575     0.1154     4.6215     0.0000     0.0128     0.0000     0.5034     0.5146    34.7273    34.8093    26.5332    26.6021      1.034      1.230      0.376      0.447 0.0000e+00
      11880    494.946    266.753 -106.81006   16.77832    265.000    11.1891    11.1576 3.9066e+04   3.911939     0.0748     0.0263    99.3445 8.9140e-04          0     0.5043     0.5153     0.0585     0.1167     4.6215     0.0000     0.0128     0.0000     0.5034     0.5145    34.7267    34.8098    26.5344    26.6048      1.034      1.151      0.376      0.418 0.0000e+00
      11905    495.986    267.760 -106.81006   16.77832    266.000    11.1706    11.1390 3.9048e+04   3.910171     0.0732     0.0263    99.3445 8.4144e-04          0     0.5043     0.5153     0.0583     0.1150     4.6215     0.0000     0.0125     0.0000     0.5034     0.5144    34.7259    34.8094    26.5371    26.6079      1.035      1.206      0.376      0.438 0.0000e+00
      11933    497.149    268.768 -106.81006   16.77832    267.000    11.1240    11.0938 3.9000e+04   3.905644     0.0671     0.0261    99.3495 8.3467e-04          0     0.5043     0.5154     0.0577     0.1149     4.6217     0.0000     0.0125     0.0000     0.5034     0.5145    34.7218    34.8066    26.5425    26.6140      1.069      1.162      0.388      0.422 0.0000e+00
      12024    500.955    269.775 -106.81006   16.77832    268.000    11.1281    11.1070 3.9005e+04   3.906505     0.0682     0.0263    99.3449 8.4168e-04          0     0.5043     0.5153     0.0578     0.1148     4.6215     0.0000     0.0125     0.0000     0.5035     0.5145    34.7223    34.8023    26.5422    26.6083      1.049      1.226      0.380      0.444 0.0000e+00
      12063    502.576    270.782 -106.81006   16.77832    269.000    11.0846    11.0536 3.8961e+04   3.901906     0.0632     0.0261    99.3487 7.7611e-04          0     0.5043     0.5152     0.0573     0.1151     4.6217     0.0000     0.0123     0.0000     0.5035     0.5144    34.7198    34.8066    26.5481    26.6213      1.053      1.156      0.381      0.419 0.0000e+00
      12079    503.249    271.790 -106.81006   16.77832    270.000    11.0616    11.0283 3.8938e+04   3.899225     0.0639     0.0258    99.3568 7.8092e-04          0     0.5043     0.5152     0.0574     0.1150     4.6221     0.0000     0.0123     0.0000     0.5035     0.5146    34.7183    34.8033    26.5511    26.6233      1.054      1.188      0.382      0.430 0.0000e+00
      12093    503.841    272.797 -106.81006   16.77832    271.000    11.0369    11.0044 3.8913e+04   3.896698     0.0707     0.0252    99.3705 7.8218e-04          0     0.5043     0.5155     0.0581     0.1149     4.6227     0.0000     0.0123     0.0000     0.5035     0.5142    34.7157    34.8004    26.5536    26.6254      1.054      1.130      0.382      0.409 0.0000e+00
      12107    504.399    273.804 -106.81006   16.77832    272.000    11.0176    10.9862 3.8893e+04   3.894915     0.0759     0.0253    99.3688 7.6278e-04          0     0.5043     0.5155     0.0586     0.1150     4.6226     0.0000     0.0122     0.0000     0.5035     0.5144    34.7141    34.7993    26.5558    26.6278      1.055      1.156      0.382      0.418 0.0000e+00
      12120    504.948    274.812 -106.81006   16.77832    273.000    11.0082    10.9784 3.8885e+04   3.893988     0.0752     0.0252    99.3708 7.4107e-04          0     0.5043     0.5156     0.0585     0.1149     4.6227     0.0000     0.0121     0.0000     0.5035     0.5143    34.7143    34.7971    26.5577    26.6275      1.055      1.158      0.382      0.419 0.0000e+00
      12134    505.540    275.819 -106.81006   16.77832    274.000    11.0070    10.9771 3.8885e+04   3.893877     0.0753     0.0252    99.3708 7.6209e-04          0     0.5043     0.5154     0.0585     0.1151     4.6227     0.0000     0.0122     0.0000     0.5035     0.5142    34.7150    34.7967    26.5585    26.6275      1.056      1.168      0.382      0.422 0.0000e+00
      12194    508.056    276.826 -106.81006   16.77832    275.000    11.0113    10.9853 3.8890e+04   3.894607     0.0694     0.0253    99.3674 7.5870e-04          0     0.5043     0.5153     0.0579     0.1160     4.6225     0.0000     0.0122     0.0000     0.5035     0.5144    34.7150    34.7958    26.5577    26.6254      1.054      1.196      0.381      0.433 0.0000e+00
      12288    511.978    277.833 -106.81006   16.77832    276.000    11.0096    10.9817 3.8889e+04   3.894644     0.0753     0.0252    99.3698 6.2055e-04          0     0.5043     0.5151     0.0585     0.1149     4.6227     0.0000     0.0116     0.0000     0.5035     0.5146    34.7159    34.7991    26.5587    26.6286      1.056      1.254      0.382      0.454 0.0000e+00
      12310    512.871    278.841 -106.81004   16.77832    277.000    10.9989    10.9676 3.8879e+04   3.893280     0.0740     0.0252    99.3708 7.1724e-04          0     0.5043     0.5153     0.0584     0.1151     4.6227     0.0000     0.0120     0.0000     0.5035     0.5146    34.7153    34.7985    26.5602    26.6307      1.035      1.184      0.374      0.428 0.0000e+00
      12328    513.614    279.848 -106.81004   16.77832    278.000    10.9812    10.9510 3.8861e+04   3.891545     0.0650     0.0252    99.3708 6.7836e-04          0     0.5043     0.5153     0.0575     0.1149     4.6227     0.0000     0.0118     0.0000     0.5034     0.5145    34.7134    34.7964    26.5620    26.6321      1.038      1.199      0.375      0.433 0.0000e+00
      12344    514.298    280.855 -106.81004   16.77832    279.000    10.9764    10.9465 3.8857e+04   3.891030     0.0661     0.0252    99.3708 6.4666e-04          0     0.5043     0.5152     0.0576     0.1149     4.6227     0.0000     0.0117     0.0000     0.5035     0.5146    34.7133    34.7951    26.5628    26.6319      1.079      1.199      0.390      0.433 0.0000e+00
      12362    515.030    281.863 -106.81004   16.77832    280.000    10.9680    10.9373 3.8848e+04   3.890261     0.0753     0.0252    99.3708 6.2990e-04          0     0.5043     0.5154     0.0585     0.1150     4.6227     0.0000     0.0116     0.0000     0.5035     0.5145    34.7125    34.7956    26.5636    26.6340      1.063      1.168      0.384      0.422 0.0000e+00
      12387    516.075    282.870 -106.81004   16.77832    281.000    10.9350    10.9039 3.8815e+04   3.886989     0.0719     0.0252    99.3722 5.9717e-04          0     0.5043     0.5154     0.0582     0.1149     4.6228     0.0000     0.0115     0.0000     0.5035     0.5144    34.7098    34.7942    26.5675    26.6389      1.040      1.180      0.376      0.426 0.0000e+00
      12459    519.091    283.878 -106.81004   16.77831    282.000    10.9408    10.9191 3.8821e+04   3.888181     0.0645     0.0249    99.3783 4.7517e-04          0     0.5043     0.5152     0.0575     0.1151     4.6230     0.0000     0.0110     0.0000     0.5035     0.5144    34.7100    34.7912    26.5667    26.6338      1.069      1.198      0.386      0.433 0.0000e+00
      12506    521.047    284.885 -106.81004   16.77830    283.000    10.8921    10.8614 3.8773e+04   3.882736     0.0757     0.0248    99.3804 4.8178e-04          0     0.5043     0.5152     0.0586     0.1150     4.6231     0.0000     0.0110     0.0000     0.5035     0.5146    34.7073    34.7911    26.5733    26.6442      1.059      1.203      0.382      0.434 0.0000e+00
      12525    521.844    285.892 -106.81004   16.77830    284.000    10.8824    10.8524 3.8763e+04   3.881626     0.0698     0.0242    99.3976 4.8236e-04          0     0.5043     0.5151     0.0580     0.1150     4.6239     0.0000     0.0110     0.0000     0.5035     0.5144    34.7064    34.7880    26.5743    26.6433      1.060      1.177      0.382      0.424 0.0000e+00
      12542    522.535    286.899 -106.81004   16.77830    285.000    10.8767    10.8465 3.8757e+04   3.881091     0.0638     0.0242    99.3970 4.8236e-04          0     0.5043     0.5153     0.0574     0.1150     4.6239     0.0000     0.0110     0.0000     0.5035     0.5144    34.7057    34.7878    26.5748    26.6443      1.060      1.157      0.382      0.417 0.0000e+00
      12558    523.206    287.907 -106.81004   16.77830    286.000    10.8708    10.8408 3.8752e+04   3.880538     0.0732     0.0242    99.3970 4.8236e-04          0     0.5043     0.5150     0.0583     0.1149     4.6239     0.0000     0.0110     0.0000     0.5035     0.5142    34.7054    34.7873    26.5757    26.6449      1.061      1.128      0.382      0.407 0.0000e+00
      12576    523.964    288.914 -106.81004   16.77830    287.000    10.8591    10.8287 3.8740e+04   3.879403     0.0749     0.0242    99.3958 4.8236e-04          0     0.5043     0.5154     0.0585     0.1159     4.6238     0.0000     0.0110     0.0000     0.5035     0.5143    34.7047    34.7869    26.5773    26.6468      1.061      1.212      0.383      0.437 0.0000e+00
      12649    527.020    289.922 -106.81004   16.77830    288.000    10.8613    10.8299 3.8743e+04   3.879359     0.0717     0.0246    99.3877 4.8236e-04          0     0.5043     0.5152     0.0582     0.1157     4.6235     0.0000     0.0110     0.0000     0.5035     0.5143    34.7045    34.7849    26.5767    26.6450      1.061      1.183      0.383      0.427 0.0000e+00
      12727    530.252    290.929 -106.81004   16.77830    289.000    10.8471    10.8139 3.8729e+04   3.878282     0.0636     0.0247    99.3838 4.8236e-04          0     0.5043     0.5150     0.0574     0.1155     4.6233     0.0000     0.0110     0.0000     0.5035     0.5143    34.7034    34.7889    26.5784    26.6510      1.062      1.176      0.383      0.424 0.0000e+00
      12747    531.093    291.936 -106.81004   16.77830    290.000    10.7931    10.7624 3.8674e+04   3.872991     0.0633     0.0242    99.3971 4.8236e-04          0     0.5043     0.5150     0.0573     0.1170     4.6239     0.0000     0.0110     0.0000     0.5035     0.5143    34.6993    34.7843    26.5849    26.6566      1.063      1.161      0.383      0.418 0.0000e+00
      12765    531.821    292.944 -106.81004   16.77830    291.000    10.7799    10.7497 3.8662e+04   3.871575     0.0639     0.0241    99.4003 4.8236e-04          0     0.5043     0.5152     0.0574     0.1150     4.6241     0.0000     0.0110     0.0000     0.5035     0.5143    34.6989    34.7818    26.5870    26.6569      1.064      1.117      0.383      0.402 0.0000e+00
      12781    532.509    293.951 -106.81004   16.77830    292.000    10.7678    10.7371 3.8649e+04   3.870416     0.0639     0.0235    99.4126 4.8236e-04          0     0.5043     0.5151     0.0574     0.1161     4.6247     0.0000     0.0110     0.0000     0.5035     0.5141    34.6977    34.7816    26.5882    26.6591      1.064      1.127      0.383      0.405 0.0000e+00
      12799    533.232    294.959 -106.81004   16.77830    293.000    10.7531    10.7227 3.8635e+04   3.868908     0.0639     0.0235    99.4145 4.8236e-04          0     0.5043     0.5152     0.0574     0.1170     4.6248     0.0000     0.0110     0.0000     0.5035     0.5141    34.6965    34.7797    26.5899    26.6602      1.065      1.254      0.383      0.451 0.0000e+00
      12821    534.155    295.966 -106.81004   16.77830    294.000    10.7429    10.7129 3.8625e+04   3.867809     0.0631     0.0235    99.4148 4.8236e-04          0     0.5043     0.5151     0.0573     0.1155     4.6248     0.0000     0.0110     0.0000     0.5035     0.5144    34.6955    34.7775    26.5910    26.6602      1.065      1.202      0.383      0.432 0.0000e+00
      12874    536.369    296.973 -106.81004   16.77830    295.000    10.7460    10.7162 3.8628e+04   3.868079     0.0680     0.0238    99.4070 4.8236e-04          0     0.5043     0.5151     0.0578     0.1155     4.6244     0.0000     0.0110     0.0000     0.5035     0.5141    34.6958    34.7767    26.5906    26.6590      1.062      1.151      0.382      0.414 0.0000e+00
      12932    538.807    297.981 -106.81004   16.77830    296.000    10.7392    10.7100 3.8622e+04   3.867644     0.0676     0.0242    99.3979 4.8236e-04          0     0.5043     0.5150     0.0578     0.1157     4.6239     0.0000     0.0110     0.0000     0.5035     0.5143    34.6950    34.7778    26.5913    26.6610      1.063      1.196      0.382      0.430 0.0000e+00
      12960    539.958    298.988 -106.81004   16.77828    297.000    10.7314    10.7016 3.8614e+04   3.866766     0.0688     0.0236    99.4117 4.8236e-04          0     0.5043     0.5148     0.0579     0.1159     4.6246     0.0000     0.0110     0.0000     0.5035     0.5142    34.6942    34.7765    26.5921    26.6615      1.044      1.131      0.375      0.407 0.0000e+00
      12985    541.017    299.996 -106.81004   16.77828    298.000    10.7101    10.6792 3.8593e+04   3.864681     0.0627     0.0234    99.4169 4.8236e-04          0     0.5043     0.5151     0.0573     0.1149     4.6249     0.0000     0.0110     0.0000     0.5035     0.5142    34.6927    34.7764    26.5947    26.6654      1.087      1.178      0.391      0.423 0.0000e+00
      13013    542.186    301.003 -106.81004   16.77828    299.000    10.6981    10.6684 3.8581e+04   3.863421     0.0705     0.0230    99.4253 4.8236e-04          0     0.5043     0.5151     0.0580     0.1149     4.6253     0.0000     0.0110     0.0000     0.5035     0.5141    34.6919    34.7736    26.5962    26.6651      1.068      1.131      0.383      0.406 0.0000e+00
