data/ctd-cnv/KM1919/KM1919-St20-P2/St20_P2_cast31-align-cellTM-derive-bin.cnv
* Sea-Bird SBE 9 Data File:
* FileName = C:\Users\otg\Desktop\CTD Data\km1920\St20_P2_cast31.hex
* Software Version Seasave V 7.26.7.107
* Temperature SN = 5554
* Conductivity SN = 3876
* Number of Bytes Per Scan = 41
* Number of Voltage Words = 4
* Number of Scans Averaged by the Deck Unit = 1
* NMEA Latitude = 16 47.03 N
* NMEA Longitude = 106 50.94 W
* NMEA UTC (Time) = Oct 05 2019  13:59:49
* NMEA baud rate = 4800
** Ship: Kilo Moana
** Station: St20_P2cast 31
** Operator: gr
** NK deep metabolomics
# nquan = 34
# nvalues = 1001                        
# units = specified
# name 0 = scan: Scan Count
# name 1 = timeS: Time, Elapsed [seconds]
# name 2 = prDM: Pressure, Digiquartz [db]
# name 3 = longitude: Longitude [deg]
# name 4 = latitude: Latitude [deg]
# name 5 = depSMignore: Depth [salt water, m]
# name 6 = t090C: Temperature [ITS-90, deg C]
# name 7 = t190C: Temperature, 2 [ITS-90, deg C]
# name 8 = c0uS/cm: Conductivity [uS/cm]
# name 9 = c1S/m: Conductivity, 2 [S/m]
# name 10 = flECO-AFL: Fluorescence, WET Labs ECO-AFL/FL [mg/m^3]
# name 11 = CStarAt0: Beam Attenuation, WET Labs C-Star [1/m]
# name 12 = CStarTr0: Beam Transmission, WET Labs C-Star [%]
# name 13 = par: PAR/Irradiance, Biospherical/Licor
# name 14 = modError: Modulo Error Count
# name 15 = v0: Voltage 0
# name 16 = v1: Voltage 1
# name 17 = v2: Voltage 2
# name 18 = v3: Voltage 3
# name 19 = v4: Voltage 4
# name 20 = v5: Voltage 5
# name 21 = v6: Voltage 6
# name 22 = v7: Voltage 7
# name 23 = sbeox0V: Oxygen raw, SBE 43 [V]
# name 24 = sbeox1V: Oxygen raw, SBE 43, 2 [V]
# name 25 = sal00: Salinity, Practical [PSU]
# name 26 = sal11: Salinity, Practical, 2 [PSU]
# name 27 = sigma-é00: Density [sigma-theta, kg/m^3]
# name 28 = sigma-é11: Density, 2 [sigma-theta, kg/m^3]
# name 29 = sbeox0Mm/L: Oxygen, SBE 43 [umol/l], WS = 2
# name 30 = sbeox1Mm/L: Oxygen, SBE 43, 2 [umol/l], WS = 2
# name 31 = sbeox0PS: Oxygen, SBE 43 [% saturation], WS = 2
# name 32 = sbeox1PS: Oxygen, SBE 43, 2 [% saturation], WS = 2
# name 33 = flag: flag
# span 0 =        348,      28317       
# span 1 =     14.447,   1179.823       
# span 2 =      3.018,   1011.442       
# span 3 = -106.84890, -106.84886       
# span 4 =   16.78390,   16.78398       
# span 5 =      3.000,   1003.000       
# span 6 =     4.4747,    29.4288       
# span 7 =     4.4499,    29.3851       
# span 8 = 3.3050e+04, 5.7130e+04       
# span 9 =   3.309377,   5.720871       
# span 10 =     0.0428,     1.4346      
# span 11 =     0.0020,     0.1027      
# span 12 =    97.4654,    99.9506      
# span 13 = -3.149e-05, 3.0294e+02      
# span 14 =          0,          0      
# span 15 =     0.5031,     2.4925      
# span 16 =     0.5101,     2.4734      
# span 17 =     0.0552,     0.1945      
# span 18 =     0.1152,     0.1221      
# span 19 =     4.5341,     4.6497      
# span 20 =     0.0000,     0.0000      
# span 21 =     0.0082,     3.4842      
# span 22 =     0.0000,     0.0000      
# span 23 =     0.5024,     2.4901      
# span 24 =     0.5108,     2.4699      
# span 25 =    34.4109,    34.7863      
# span 26 =    34.5124,    34.8743      
# span 27 =    21.5986,    27.3899      
# span 28 =    21.6760,    27.4538      
# span 29 =      0.867,    221.520      
# span 30 =      0.072,    232.304      
# span 31 =      0.280,    106.496      
# span 32 =      0.023,    111.303      
# span 33 = 0.0000e+00, 0.0000e+00      
# interval = meters: 1                  
# start_time = Oct 05 2019 14:03:00 [NMEA time, first data scan]
# bad_flag = -9.990e-29
*END*
[from data line 982]
      27753   1156.334    993.247 -106.84890   16.78394    985.000     4.5268     4.5018 3.3087e+04   3.313188     0.0639     0.0073    99.8171 1.2898e-03          0     0.5360     0.5448     0.0574     0.1198     4.6435     0.0000     0.0142     0.0000     0.5370     0.5451    34.5531    34.6307    27.3830    27.4474      8.201      8.198      2.559      2.558 0.0000e+00
      27769   1156.979    994.258 -106.84890   16.78394    986.000     4.5258     4.5008 3.3087e+04   3.313133     0.0746     0.0073    99.8171 1.5011e-03          0     0.5360     0.5452     0.0585     0.1211     4.6435     0.0000     0.0152     0.0000     0.5369     0.5459    34.5530    34.6305    27.3830    27.4473      8.109      8.325      2.530      2.598 0.0000e+00
      27786   1157.688    995.269 -106.84890   16.78394    987.000     4.5248     4.4999 3.3086e+04   3.313097     0.0775     0.0073    99.8171 1.3191e-03          0     0.5361     0.5448     0.0587     0.1220     4.6435     0.0000     0.0146     0.0000     0.5370     0.5456    34.5526    34.6306    27.3829    27.4475      8.135      8.313      2.538      2.594 0.0000e+00
      27808   1158.605    996.280 -106.84890   16.78394    988.000     4.5236     4.4988 3.3085e+04   3.313021     0.0666     0.0070    99.8243 3.1882e-03          0     0.5368     0.5454     0.0577     0.1216     4.6438     0.0000     0.0225     0.0000     0.5370     0.5462    34.5526    34.6303    27.3830    27.4475      8.132      8.390      2.538      2.618 0.0000e+00
      27868   1161.106    997.290 -106.84890   16.78394    989.000     4.5247     4.5002 3.3088e+04   3.313162     0.0681     0.0071    99.8233 2.2317e-03          0     0.5372     0.5461     0.0578     0.1199     4.6438     0.0000     0.0182     0.0000     0.5374     0.5464    34.5537    34.6300    27.3837    27.4470      8.434      8.351      2.632      2.606 0.0000e+00
      27924   1163.448    998.301 -106.84890   16.78394    990.000     4.5208     4.4961 3.3085e+04   3.312907     0.0748     0.0073    99.8169 5.0004e-03          0     0.5373     0.5465     0.0585     0.1220     4.6435     0.0000     0.0300     0.0000     0.5380     0.5467    34.5537    34.6308    27.3842    27.4481      8.510      8.383      2.656      2.616 0.0000e+00
      27950   1164.534    999.312 -106.84890   16.78394    991.000     4.5143     4.4896 3.3080e+04   3.312386     0.0680     0.0073    99.8171 5.7696e-03          0     0.5377     0.5469     0.0578     0.1221     4.6435     0.0000     0.0334     0.0000     0.5382     0.5468    34.5539    34.6310    27.3851    27.4490      8.464      8.544      2.641      2.665 0.0000e+00
      27970   1165.362   1000.323 -106.84890   16.78394    992.000     4.5130     4.4879 3.3079e+04   3.312271     0.0639     0.0073    99.8171 3.2069e-03          0     0.5377     0.5469     0.0574     0.1210     4.6435     0.0000     0.0221     0.0000     0.5382     0.5471    34.5539    34.6309    27.3853    27.4491      8.350      8.678      2.605      2.707 0.0000e+00
      27986   1166.056   1001.334 -106.84890   16.78394    993.000     4.5106     4.4858 3.3077e+04   3.312143     0.0639     0.0073    99.8171 3.3447e-03          0     0.5381     0.5469     0.0574     0.1197     4.6435     0.0000     0.0231     0.0000     0.5382     0.5476    34.5541    34.6311    27.3856    27.4495      8.352      8.492      2.606      2.649 0.0000e+00
      28002   1166.694   1002.345 -106.84890   16.78394    994.000     4.5074     4.4824 3.3074e+04   3.311898     0.0778     0.0073    99.8171 6.9471e-04          0     0.5383     0.5470     0.0588     0.1197     4.6435     0.0000     0.0117     0.0000     0.5382     0.5469    34.5533    34.6313    27.3854    27.4500      8.397      8.439      2.619      2.632 0.0000e+00
      28017   1167.325   1003.356 -106.84890   16.78394    995.000     4.5040     4.4790 3.3071e+04   3.311637     0.0778     0.0073    99.8171 1.5558e-03          0     0.5383     0.5470     0.0588     0.1200     4.6435     0.0000     0.0154     0.0000     0.5383     0.5476    34.5531    34.6312    27.3856    27.4503      8.445      8.757      2.634      2.731 0.0000e+00
      28032   1167.971   1004.366 -106.84890   16.78394    996.000     4.5007     4.4756 3.3069e+04   3.311401     0.0636     0.0073    99.8171 6.3056e-04          0     0.5385     0.5469     0.0574     0.1221     4.6435     0.0000     0.0114     0.0000     0.5382     0.5475    34.5534    34.6315    27.3862    27.4510      8.644      8.577      2.696      2.675 0.0000e+00
      28049   1168.680   1005.377 -106.84890   16.78394    997.000     4.4970     4.4719 3.3066e+04   3.311106     0.0760     0.0073    99.8171 5.8741e-04          0     0.5385     0.5475     0.0586     0.1220     4.6435     0.0000     0.0111     0.0000     0.5387     0.5477    34.5532    34.6314    27.3865    27.4513      9.149      8.780      2.853      2.738 0.0000e+00
      28070   1169.550   1006.388 -106.84890   16.78394    998.000     4.4916     4.4664 3.3062e+04   3.310688     0.0752     0.0073    99.8171 1.5288e-03          0     0.5385     0.5475     0.0585     0.1220     4.6435     0.0000     0.0149     0.0000     0.5392     0.5479    34.5535    34.6317    27.3872    27.4522      8.949      8.761      2.791      2.732 0.0000e+00
      28110   1171.191   1007.399 -106.84890   16.78394    999.000     4.4858     4.4610 3.3057e+04   3.310191     0.0660     0.0073    99.8171 1.7116e-03          0     0.5386     0.5477     0.0576     0.1209     4.6435     0.0000     0.0160     0.0000     0.5394     0.5483    34.5536    34.6311    27.3880    27.4522      8.781      8.906      2.738      2.776 0.0000e+00
      28152   1172.971   1008.410 -106.84890   16.78394   1000.000     4.4835     4.4588 3.3056e+04   3.310042     0.0545     0.0073    99.8171 1.2481e-03          0     0.5395     0.5482     0.0564     0.1221     4.6435     0.0000     0.0140     0.0000     0.5399     0.5488    34.5535    34.6312    27.3881    27.4525      9.118      8.883      2.842      2.769 0.0000e+00
      28185   1174.322   1009.420 -106.84890   16.78394   1001.000     4.4816     4.4567 3.3054e+04   3.309911     0.0640     0.0073    99.8171 2.0611e-03          0     0.5397     0.5484     0.0574     0.1219     4.6435     0.0000     0.0176     0.0000     0.5405     0.5492    34.5536    34.6313    27.3884    27.4529      9.093      9.013      2.835      2.810 0.0000e+00
      28225   1175.992   1010.431 -106.84890   16.78394   1002.000     4.4763     4.4501 3.3050e+04   3.309385     0.0639     0.0073    99.8171 2.4315e-03          0     0.5400     0.5489     0.0574     0.1198     4.6435     0.0000     0.0188     0.0000     0.5407     0.5493    34.5537    34.6315    27.3891    27.4538      8.952      9.102      2.790      2.837 0.0000e+00
      28317   1179.823   1011.442 -106.84890   16.78394   1003.000     4.4747     4.4499 3.3050e+04   3.309377     0.0663     0.0073    99.8171 1.2017e-03          0     0.5408     0.5498     0.0576     0.1204     4.6435     0.0000     0.0138     0.0000     0.5408     0.5500    34.5544    34.6311    27.3899    27.4535      8.966      9.100      2.795      2.836 0.0000e+00
