data/ctd-cnv/KM1919/KM1919-St20-P2/St20_P2_cast35-align-cellTM-derive-bin.cnv
* Sea-Bird SBE 9 Data File:
* FileName = C:\Users\otg\Desktop\CTD Data\km1920\St20_P2_cast35.hex
* Software Version Seasave V 7.26.7.107
* Temperature SN = 5554
* Conductivity SN = 3876
* Number of Bytes Per Scan = 41
* Number of Voltage Words = 4
* Number of Scans Averaged by the Deck Unit = 1
* NMEA Latitude = 16 47.15 N
* NMEA Longitude = 106 51.09 W
* NMEA UTC (Time) = Oct 06 2019  22:43:35
* NMEA baud rate = 4800
** Ship: Kilo Moana
** Station: St20_P2cast 35
** Operator: jac
# nquan = 34
# nvalues = 1202                        
# units = specified
# name 0 = scan: Scan Count
# name 1 = timeS: Time, Elapsed [seconds]
# name 2 = prDM: Pressure, Digiquartz [db]
# name 3 = longitude: Longitude [deg]
# name 4 = latitude: Latitude [deg]
# name 5 = depSMignore: Depth [salt water, m]
# name 6 = t090C: Temperature [ITS-90, deg C]
# name 7 = t190C: Temperature, 2 [ITS-90, deg C]
# name 8 = c0uS/cm: Conductivity [uS/cm]
# name 9 = c1S/m: Conductivity, 2 [S/m]
# name 10 = flECO-AFL: Fluorescence, WET Labs ECO-AFL/FL [mg/m^3]
# name 11 = CStarAt0: Beam Attenuation, WET Labs C-Star [1/m]
# name 12 = CStarTr0: Beam Transmission, WET Labs C-Star [%]
# name 13 = par: PAR/Irradiance, Biospherical/Licor
# name 14 = modError: Modulo Error Count
# name 15 = v0: Voltage 0
# name 16 = v1: Voltage 1
# name 17 = v2: Voltage 2
# name 18 = v3: Voltage 3
# name 19 = v4: Voltage 4
# name 20 = v5: Voltage 5
# name 21 = v6: Voltage 6
# name 22 = v7: Voltage 7
# name 23 = sbeox0V: Oxygen raw, SBE 43 [V]
# name 24 = sbeox1V: Oxygen raw, SBE 43, 2 [V]
# name 25 = sal00: Salinity, Practical [PSU]
# name 26 = sal11: Salinity, Practical, 2 [PSU]
# name 27 = sigma-é00: Density [sigma-theta, kg/m^3]
# name 28 = sigma-é11: Density, 2 [sigma-theta, kg/m^3]
# name 29 = sbeox0Mm/L: Oxygen, SBE 43 [umol/l], WS = 2
# name 30 = sbeox1Mm/L: Oxygen, SBE 43, 2 [umol/l], WS = 2
# name 31 = sbeox0PS: Oxygen, SBE 43 [% saturation], WS = 2
# name 32 = sbeox1PS: Oxygen, SBE 43, 2 [% saturation], WS = 2
# name 33 = flag: flag
# span 0 =        277,      41339       
# span 1 =     11.506,   1722.400       
# span 2 =      2.012,   1213.710       
# span 3 = -106.85148, -106.85131       
# span 4 =   16.78566,   16.78584       
# span 5 =      2.000,   1203.000       
# span 6 =     3.9019,    29.6551       
# span 7 =     3.8777,    29.6140       
# span 8 = 3.2641e+04, 5.7376e+04       
# span 9 =   3.268431,   5.745853       
# span 10 =     0.0517,     1.7789      
# span 11 =     0.0115,     0.1283      
# span 12 =    96.8424,    99.7123      
# span 13 = -1.157e-04, 2.3746e+02      
# span 14 =          0,          0      
# span 15 =     0.5022,     2.4577      
# span 16 =     0.5124,     2.4355      
# span 17 =     0.0562,     0.2289      
# span 18 =     0.1143,     0.1222      
# span 19 =     4.5051,     4.6386      
# span 20 =     0.0000,     0.0000      
# span 21 =     0.0080,     3.3872      
# span 22 =     0.0000,     0.0000      
# span 23 =     0.4996,     2.4549      
# span 24 =     0.5117,     2.4404      
# span 25 =    34.3294,    34.7842      
# span 26 =    34.5483,    36.2313      
# span 27 =    21.5309,    27.4640      
# span 28 =    21.6090,    27.5277      
# span 29 =     -1.849,    228.905      
# span 30 =      0.626,    222.664      
# span 31 =     -0.706,    105.136      
# span 32 =      0.210,    109.630      
# span 33 = 0.0000e+00, 0.0000e+00      
# interval = meters: 1                  
# start_time = Oct 06 2019 22:48:55 [NMEA time, first data scan]
# bad_flag = -9.990e-29
*END*
[from data line 683]
      23130    963.701    690.235 -106.85136   16.78576    685.000     5.8747     5.8486 3.4145e+04   3.419199     0.0639     0.0130    99.6743 1.0966e-05          0     0.5031     0.5129     0.0574     0.1191     4.6368     0.0000     0.0086     0.0000     0.5026     0.5123    34.5305    34.6098    27.2051    27.2711      1.135      1.001      0.366      0.323 0.0000e+00
      23163    965.101    691.245 -106.85136   16.78576    686.000     5.8708     5.8449 3.4143e+04   3.418893     0.0639     0.0130    99.6740 -1.388e-07          0     0.5031     0.5128     0.0574     0.1181     4.6368     0.0000     0.0085     0.0000     0.5025     0.5124    34.5312    34.6097    27.2062    27.2715      1.057      1.122      0.341      0.361 0.0000e+00
      23191    966.268    692.254 -106.85136   16.78576    687.000     5.8683     5.8425 3.4141e+04   3.418690     0.0639     0.0130    99.6751 7.6503e-06          0     0.5031     0.5128     0.0574     0.1180     4.6369     0.0000     0.0085     0.0000     0.5025     0.5124    34.5314    34.6094    27.2066    27.2715      1.055      0.951      0.340      0.306 0.0000e+00
      23218    967.368    693.263 -106.85136   16.78576    688.000     5.8675     5.8416 3.4140e+04   3.418667     0.0639     0.0128    99.6809 7.5311e-06          0     0.5032     0.5128     0.0574     0.1178     4.6372     0.0000     0.0085     0.0000     0.5025     0.5123    34.5310    34.6095    27.2064    27.2717      1.081      1.133      0.348      0.365 0.0000e+00
      23244    968.475    694.273 -106.85136   16.78576    689.000     5.8622     5.8356 3.4136e+04   3.418227     0.0639     0.0130    99.6757 2.9618e-08          0     0.5031     0.5129     0.0574     0.1177     4.6369     0.0000     0.0085     0.0000     0.5025     0.5125    34.5312    34.6101    27.2073    27.2730      1.151      0.921      0.371      0.297 0.0000e+00
      23271    969.582    695.282 -106.85136   16.78576    690.000     5.8565     5.8306 3.4131e+04   3.417766     0.0639     0.0126    99.6858 1.0000e-12          0     0.5031     0.5129     0.0574     0.1180     4.6374     0.0000     0.0085     0.0000     0.5026     0.5124    34.5309    34.6096    27.2078    27.2732      1.144      1.102      0.368      0.355 0.0000e+00
      23297    970.653    696.291 -106.85136   16.78576    691.000     5.8554     5.8293 3.4131e+04   3.417704     0.0639     0.0131    99.6733 1.0000e-12          0     0.5031     0.5128     0.0574     0.1179     4.6368     0.0000     0.0085     0.0000     0.5026     0.5125    34.5310    34.6097    27.2079    27.2735      1.056      1.097      0.340      0.353 0.0000e+00
      23322    971.689    697.300 -106.85136   16.78576    692.000     5.8472     5.8210 3.4124e+04   3.417064     0.0639     0.0126    99.6845 1.0000e-12          0     0.5031     0.5130     0.0574     0.1177     4.6373     0.0000     0.0085     0.0000     0.5025     0.5125    34.5312    34.6104    27.2092    27.2751      1.059      1.020      0.341      0.328 0.0000e+00
      23346    972.695    698.310 -106.85136   16.78576    693.000     5.8435     5.8176 3.4121e+04   3.416746     0.0614     0.0126    99.6858 1.0000e-12          0     0.5032     0.5128     0.0572     0.1180     4.6374     0.0000     0.0085     0.0000     0.5025     0.5125    34.5311    34.6098    27.2095    27.2750      1.088      1.044      0.350      0.336 0.0000e+00
      23369    973.667    699.319 -106.85136   16.78576    694.000     5.8410     5.8146 3.4119e+04   3.416547     0.0617     0.0136    99.6613 1.0000e-12          0     0.5032     0.5130     0.0572     0.1176     4.6362     0.0000     0.0085     0.0000     0.5027     0.5125    34.5314    34.6101    27.2101    27.2756      1.176      1.095      0.378      0.352 0.0000e+00
      23391    974.595    700.329 -106.85136   16.78576    695.000     5.8383     5.8124 3.4117e+04   3.416365     0.0623     0.0137    99.6574 1.0000e-12          0     0.5032     0.5131     0.0572     0.1180     4.6360     0.0000     0.0085     0.0000     0.5025     0.5126    34.5311    34.6098    27.2102    27.2757      0.992      0.988      0.319      0.318 0.0000e+00
      23414    975.529    701.338 -106.85136   16.78576    696.000     5.8383     5.8124 3.4117e+04   3.416403     0.0612     0.0128    99.6813 1.0913e-04          0     0.5032     0.5129     0.0571     0.1180     4.6372     0.0000     0.0090     0.0000     0.5025     0.5122    34.5310    34.6098    27.2101    27.2757      1.087      0.992      0.350      0.319 0.0000e+00
      23437    976.516    702.347 -106.85136   16.78576    697.000     5.8380     5.8122 3.4118e+04   3.416432     0.0638     0.0126    99.6857 1.0869e-05          0     0.5031     0.5129     0.0574     0.1177     4.6374     0.0000     0.0086     0.0000     0.5025     0.5125    34.5311    34.6097    27.2103    27.2757      1.189      1.149      0.383      0.370 0.0000e+00
      23463    977.598    703.357 -106.85137   16.78576    698.000     5.8340     5.8080 3.4115e+04   3.416152     0.0625     0.0134    99.6647 5.4228e-04          0     0.5032     0.5131     0.0573     0.1181     4.6364     0.0000     0.0109     0.0000     0.5026     0.5125    34.5313    34.6104    27.2109    27.2767      1.114      1.039      0.359      0.334 0.0000e+00
      23495    978.902    704.366 -106.85138   16.78576    699.000     5.8245     5.7984 3.4106e+04   3.415288     0.0605     0.0128    99.6793 2.4394e-05          0     0.5031     0.5129     0.0571     0.1188     4.6371     0.0000     0.0086     0.0000     0.5027     0.5126    34.5310    34.6100    27.2119    27.2776      1.173      1.088      0.377      0.350 0.0000e+00
      23535    980.602    705.376 -106.85138   16.78576    700.000     5.8184     5.7926 3.4101e+04   3.414770     0.0641     0.0126    99.6861 -1.341e-06          0     0.5032     0.5130     0.0574     0.1178     4.6374     0.0000     0.0085     0.0000     0.5028     0.5124    34.5309    34.6095    27.2125    27.2780      1.126      1.031      0.362      0.332 0.0000e+00
      23575    982.246    706.385 -106.85138   16.78576    701.000     5.8162     5.7902 3.4100e+04   3.414622     0.0639     0.0126    99.6858 1.0000e-12          0     0.5033     0.5130     0.0574     0.1187     4.6374     0.0000     0.0085     0.0000     0.5025     0.5126    34.5309    34.6098    27.2128    27.2785      1.041      1.146      0.335      0.369 0.0000e+00
      23602    983.377    707.395 -106.85138   16.78576    702.000     5.8031     5.7774 3.4090e+04   3.413696     0.0639     0.0127    99.6825 1.0000e-12          0     0.5033     0.5131     0.0574     0.1184     4.6372     0.0000     0.0085     0.0000     0.5027     0.5126    34.5323    34.6119    27.2156    27.2818      1.151      1.027      0.370      0.330 0.0000e+00
      23623    984.238    708.404 -106.85138   16.78576    703.000     5.7981     5.7720 3.4086e+04   3.413216     0.0639     0.0126    99.6857 1.0000e-12          0     0.5034     0.5129     0.0574     0.1178     4.6374     0.0000     0.0085     0.0000     0.5026     0.5126    34.5330    34.6115    27.2167    27.2821      1.069      1.085      0.344      0.349 0.0000e+00
      23641    985.010    709.413 -106.85138   16.78576    704.000     5.7979     5.7723 3.4086e+04   3.413267     0.0654     0.0121    99.6983 1.0000e-12          0     0.5032     0.5131     0.0575     0.1178     4.6380     0.0000     0.0085     0.0000     0.5026     0.5126    34.5326    34.6112    27.2165    27.2818      1.227      1.087      0.394      0.350 0.0000e+00
      23659    985.757    710.423 -106.85138   16.78576    705.000     5.7976     5.7718 3.4086e+04   3.413264     0.0885     0.0125    99.6871 1.0000e-12          0     0.5031     0.5132     0.0598     0.1180     4.6375     0.0000     0.0085     0.0000     0.5028     0.5126    34.5325    34.6112    27.2165    27.2819      1.222      1.070      0.393      0.344 0.0000e+00
      23678    986.555    711.432 -106.85138   16.78576    706.000     5.7955     5.7696 3.4085e+04   3.413193     0.0709     0.0126    99.6858 1.0000e-12          0     0.5033     0.5131     0.0581     0.1179     4.6374     0.0000     0.0085     0.0000     0.5028     0.5127    34.5329    34.6121    27.2171    27.2829      1.190      1.124      0.383      0.361 0.0000e+00
      23701    987.517    712.441 -106.85138   16.78576    707.000     5.7822     5.7561 3.4074e+04   3.412049     0.0643     0.0127    99.6831 7.0343e-06          0     0.5032     0.5131     0.0574     0.1179     4.6373     0.0000     0.0085     0.0000     0.5028     0.5126    34.5331    34.6125    27.2189    27.2849      1.124      1.032      0.361      0.332 0.0000e+00
      23734    988.862    713.451 -106.85138   16.78576    708.000     5.7728     5.7468 3.4065e+04   3.411178     0.0639     0.0122    99.6947 2.1214e-04          0     0.5033     0.5131     0.0574     0.1176     4.6378     0.0000     0.0095     0.0000     0.5027     0.5126    34.5327    34.6117    27.2197    27.2854      1.136      1.123      0.365      0.361 0.0000e+00
      23769    990.336    714.460 -106.85138   16.78576    709.000     5.7659     5.7402 3.4060e+04   3.410609     0.0639     0.0122    99.6957 -9.955e-06          0     0.5034     0.5132     0.0574     0.1179     4.6379     0.0000     0.0085     0.0000     0.5028     0.5127    34.5332    34.6115    27.2209    27.2861      1.235      1.099      0.397      0.353 0.0000e+00
      23797    991.518    715.469 -106.85138   16.78576    710.000     5.7655     5.7397 3.4060e+04   3.410602     0.0639     0.0120    99.7000 7.2717e-04          0     0.5034     0.5130     0.0574     0.1176     4.6381     0.0000     0.0118     0.0000     0.5031     0.5127    34.5332    34.6114    27.2210    27.2861      1.167      1.033      0.375      0.332 0.0000e+00
      23822    992.530    716.479 -106.85138   16.78576    711.000     5.7561     5.7297 3.4052e+04   3.409922     0.0639     0.0124    99.6901 -6.451e-06          0     0.5033     0.5131     0.0574     0.1179     4.6376     0.0000     0.0085     0.0000     0.5027     0.5125    34.5336    34.6134    27.2225    27.2889      1.040      1.013      0.334      0.325 0.0000e+00
      23845    993.495    717.488 -106.85138   16.78576    712.000     5.7486     5.7227 3.4047e+04   3.409343     0.0639     0.0124    99.6915 7.0332e-04          0     0.5035     0.5133     0.0574     0.1176     4.6377     0.0000     0.0117     0.0000     0.5028     0.5126    34.5350    34.6135    27.2246    27.2899      1.011      1.117      0.325      0.359 0.0000e+00
      23869    994.499    718.498 -106.85138   16.78576    713.000     5.7465     5.7207 3.4046e+04   3.409226     0.0639     0.0126    99.6858 5.6853e-04          0     0.5035     0.5131     0.0574     0.1178     4.6374     0.0000     0.0111     0.0000     0.5025     0.5125    34.5353    34.6138    27.2250    27.2903      1.119      1.026      0.359      0.329 0.0000e+00
      23897    995.680    719.507 -106.85138   16.78576    714.000     5.7414     5.7152 3.4042e+04   3.408834     0.0639     0.0123    99.6928 6.2221e-04          0     0.5034     0.5131     0.0574     0.1177     4.6377     0.0000     0.0113     0.0000     0.5028     0.5125    34.5355    34.6144    27.2258    27.2915      1.204      1.030      0.387      0.331 0.0000e+00
      23932    997.115    720.517 -106.85138   16.78576    715.000     5.7329     5.7070 3.4030e+04   3.408115     0.0639     0.0126    99.6852 2.7561e-04          0     0.5033     0.5131     0.0574     0.1178     4.6374     0.0000     0.0098     0.0000     0.5026     0.5125    34.5299    34.6141    27.2225    27.2923      1.125      1.088      0.361      0.349 0.0000e+00
      23966    998.535    721.527 -106.85138   16.78576    716.000     5.7283     5.7024 3.4031e+04   3.407725     0.0639     0.0126    99.6858 1.9219e-04          0     0.5033     0.5129     0.0574     0.1176     4.6374     0.0000     0.0094     0.0000     0.5029     0.5124    34.5355    34.6140    27.2275    27.2928      1.038      0.974      0.333      0.313 0.0000e+00
      23993    999.675    722.536 -106.85138   16.78576    717.000     5.7277     5.7016 3.4031e+04   3.407711     0.0639     0.0126    99.6858 2.3043e-04          0     0.5035     0.5131     0.0574     0.1177     4.6374     0.0000     0.0096     0.0000     0.5027     0.5126    34.5353    34.6141    27.2274    27.2929      1.246      1.140      0.400      0.366 0.0000e+00
      24015   1000.591    723.545 -106.85138   16.78576    718.000     5.7220     5.6961 3.4026e+04   3.407255     0.0557     0.0126    99.6858 -1.794e-06          0     0.5032     0.5129     0.0566     0.1176     4.6374     0.0000     0.0085     0.0000     0.5027     0.5126    34.5353    34.6141    27.2281    27.2937      1.339      1.089      0.430      0.350 0.0000e+00
      24035   1001.409    724.555 -106.85138   16.78576    719.000     5.7125     5.6856 3.4018e+04   3.406470     0.0613     0.0126    99.6858 1.0000e-12          0     0.5035     0.5132     0.0571     0.1190     4.6374     0.0000     0.0085     0.0000     0.5031     0.5125    34.5351    34.6154    27.2291    27.2960      1.334      0.980      0.428      0.315 0.0000e+00
      24054   1002.209    725.564 -106.85138   16.78576    720.000     5.6993     5.6731 3.4006e+04   3.405212     0.0639     0.0124    99.6899 1.0000e-12          0     0.5032     0.5127     0.0574     0.1190     4.6376     0.0000     0.0085     0.0000     0.5031     0.5124    34.5343    34.6135    27.2301    27.2960      1.106      1.052      0.355      0.338 0.0000e+00
      24075   1003.066    726.574 -106.85138   16.78576    721.000     5.6900     5.6637 3.3997e+04   3.404359     0.0639     0.0126    99.6846 1.0000e-12          0     0.5032     0.5131     0.0574     0.1181     4.6373     0.0000     0.0085     0.0000     0.5029     0.5125    34.5338    34.6129    27.2309    27.2967      1.322      1.205      0.424      0.386 0.0000e+00
      24099   1004.091    727.583 -106.85138   16.78576    722.000     5.6883     5.6626 3.3997e+04   3.404245     0.0639     0.0129    99.6787 1.0000e-12          0     0.5034     0.5130     0.0574     0.1192     4.6371     0.0000     0.0085     0.0000     0.5033     0.5129    34.5342    34.6123    27.2314    27.2963      1.352      1.192      0.434      0.382 0.0000e+00
      24134   1005.545    728.593 -106.85136   16.78576    723.000     5.6856     5.6598 3.3995e+04   3.404109     0.0639     0.0126    99.6856 1.0000e-12          0     0.5037     0.5129     0.0574     0.1188     4.6374     0.0000     0.0085     0.0000     0.5033     0.5126    34.5347    34.6131    27.2321    27.2973      1.302      1.093      0.418      0.351 0.0000e+00
      24174   1007.229    729.602 -106.85136   16.78576    724.000     5.6820     5.6563 3.3992e+04   3.403859     0.0639     0.0128    99.6789 1.0000e-12          0     0.5038     0.5132     0.0574     0.1178     4.6370     0.0000     0.0085     0.0000     0.5034     0.5128    34.5350    34.6133    27.2328    27.2980      1.070      1.121      0.343      0.360 0.0000e+00
      24205   1008.494    730.612 -106.85137   16.78576    725.000     5.6799     5.6541 3.3992e+04   3.403786     0.0639     0.0129    99.6790 1.4992e-05          0     0.5039     0.5133     0.0574     0.1177     4.6371     0.0000     0.0086     0.0000     0.5030     0.5129    34.5358    34.6143    27.2337    27.2990      1.088      1.030      0.349      0.330 0.0000e+00
      24230   1009.545    731.621 -106.85138   16.78576    726.000     5.6771     5.6512 3.3990e+04   3.403592     0.0639     0.0127    99.6825 2.4687e-07          0     0.5039     0.5131     0.0574     0.1184     4.6372     0.0000     0.0085     0.0000     0.5030     0.5125    34.5357    34.6145    27.2340    27.2995      1.292      1.069      0.414      0.343 0.0000e+00
