data/ctd-cnv/KM1919/KM1919-St20-P2/St20_P2_cast58-align-cellTM-derive-bin.cnv
* Sea-Bird SBE 9 Data File:
* FileName = C:\Users\otg\Desktop\CTD Data\km1920\St20_P2_cast58.hex
* Software Version Seasave V 7.26.7.107
* Temperature SN = 5554
* Conductivity SN = 3876
* Number of Bytes Per Scan = 41
* Number of Voltage Words = 4
* Number of Scans Averaged by the Deck Unit = 1
* NMEA Latitude = 16 50.84 N
* NMEA Longitude = 106 50.88 W
* NMEA UTC (Time) = Oct 12 2019  10:28:01
* NMEA baud rate = 4800
** Ship: Kilo Moana
** Station: St20_P2 cast 58
** Operator: cf
** productivity
# nquan = 34
# nvalues = 201                         
# units = specified
# name 0 = scan: Scan Count
# name 1 = timeS: Time, Elapsed [seconds]
# name 2 = prDM: Pressure, Digiquartz [db]
# name 3 = longitude: Longitude [deg]
# name 4 = latitude: Latitude [deg]
# name 5 = depSM: Depth [salt water, m]
# name 6 = t090C: Temperature [ITS-90, deg C]
# name 7 = t190C: Temperature, 2 [ITS-90, deg C]
# name 8 = c0uS/cm: Conductivity [uS/cm]
# name 9 = c1S/m: Conductivity, 2 [S/m]
# name 10 = flECO-AFL: Fluorescence, WET Labs ECO-AFL/FL [mg/m^3]
# name 11 = CStarAt0: Beam Attenuation, WET Labs C-Star [1/m]
# name 12 = CStarTr0: Beam Transmission, WET Labs C-Star [%]
# name 13 = par: PAR/Irradiance, Biospherical/Licor
# name 14 = modError: Modulo Error Count
# name 15 = v0: Voltage 0
# name 16 = v1: Voltage 1
# name 17 = v2: Voltage 2
# name 18 = v3: Voltage 3
# name 19 = v4: Voltage 4
# name 20 = v5: Voltage 5
# name 21 = v6: Voltage 6
# name 22 = v7: Voltage 7
# name 23 = sbeox0V: Oxygen raw, SBE 43 [V]
# name 24 = sbeox1V: Oxygen raw, SBE 43, 2 [V]
# name 25 = sal00: Salinity, Practical [PSU]
# name 26 = sal11: Salinity, Practical, 2 [PSU]
# name 27 = sigma-é00: Density [sigma-theta, kg/m^3]
# name 28 = sigma-é11: Density, 2 [sigma-theta, kg/m^3]
# name 29 = sbeox0Mm/L: Oxygen, SBE 43 [umol/l], WS = 2
# name 30 = sbeox1Mm/L: Oxygen, SBE 43, 2 [umol/l], WS = 2
# name 31 = sbeox0PS: Oxygen, SBE 43 [% saturation], WS = 2
# name 32 = sbeox1PS: Oxygen, SBE 43, 2 [% saturation], WS = 2
# name 33 = flag: flag
# span 0 =        491,      10155       
# span 1 =     20.402,    423.086       
# span 2 =      3.018,    204.313       
# span 3 = -106.84804, -106.84794       
# span 4 =   16.84716,   16.84724       
# span 5 =      3.000,    203.000       
# span 6 =    12.0227,    28.8331       
# span 7 =    11.9950,    28.7920       
# span 8 = 3.9868e+04, 5.6269e+04       
# span 9 =   3.993004,   5.635639       
# span 10 =     0.0626,     1.5194      
# span 11 =     0.0464,     0.1250      
# span 12 =    96.9240,    98.8477      
# span 13 = 7.7618e-05, 3.5571e+00      
# span 14 =          0,          0      
# span 15 =     0.5049,     2.5142      
# span 16 =     0.5165,     2.4937      
# span 17 =     0.0573,     0.2030      
# span 18 =     0.1120,     0.1172      
# span 19 =     4.5089,     4.5984      
# span 20 =     0.0000,     0.0000      
# span 21 =     0.0090,     1.5589      
# span 22 =     0.0000,     0.0000      
# span 23 =     0.5037,     2.5125      
# span 24 =     0.5151,     2.4936      
# span 25 =    34.2765,    34.7816      
# span 26 =    34.3641,    34.8688      
# span 27 =    21.6053,    26.4049      
# span 28 =    21.6823,    26.4773      
# span 29 =      0.928,    229.533      
# span 30 =      1.262,    240.332      
# span 31 =      0.343,    107.646      
# span 32 =      0.469,    112.565      
# span 33 = 0.0000e+00, 0.0000e+00      
# interval = meters: 1                  
# start_time = Oct 12 2019 10:31:27 [NMEA time, first data scan]
# bad_flag = -9.990e-29
*END*
        491     20.402      3.018 -106.84804   16.84724      3.000    28.8208    28.7796 5.6106e+04   5.618473     0.0897     0.0745    98.1564 3.5571e+00          0     2.3422     2.3193     0.0600     0.1153     4.5662     0.0000     1.5589     0.0000     2.3432     2.3200    34.3141    34.3979    21.6091    21.6857    194.810    203.816     97.718    102.214 0.0000e+00
        820     34.127      4.024 -106.84804   16.84724      4.000    28.8182    28.7773 5.6102e+04   5.618115     0.0883     0.0742    98.1634 2.9146e+00          0     2.3405     2.3183     0.0598     0.1159     4.5665     0.0000     1.4797     0.0000     2.3442     2.3218    34.3131    34.3968    21.6092    21.6857    194.114    204.308     97.364    102.457 0.0000e+00
        886     36.886      5.030 -106.84803   16.84724      5.000    28.8218    28.7804 5.6107e+04   5.618583     0.0883     0.0741    98.1655 2.5198e+00          0     2.3420     2.3204     0.0598     0.1149     4.5666     0.0000     1.4198     0.0000     2.3420     2.3203    34.3135    34.3975    21.6084    21.6852    194.726    203.838     97.677    102.227 0.0000e+00
        998     41.526      6.036 -106.84802   16.84724      6.000    28.8283    28.7881 5.6114e+04   5.619451     0.0883     0.0751    98.1404 1.6072e+00          0     2.3446     2.3199     0.0598     0.1147     4.5655     0.0000     1.2432     0.0000     2.3410     2.3197    34.3135    34.3977    21.6064    21.6829    194.591    203.756     97.619    102.198 0.0000e+00
       1025     42.666      7.042 -106.84802   16.84724      7.000    28.8331    28.7920 5.6121e+04   5.620022     0.0883     0.0726    98.2003 1.6718e+00          0     2.3430     2.3209     0.0598     0.1148     4.5683     0.0000     1.2572     0.0000     2.3435     2.3165    34.3142    34.3985    21.6053    21.6823    195.085    203.415     97.875    102.034 0.0000e+00
       1065     44.314      8.048 -106.84802   16.84724      8.000    28.8331    28.7919 5.6121e+04   5.620045     0.0840     0.0733    98.1836 1.4668e+00          0     2.3421     2.3190     0.0594     0.1154     4.5675     0.0000     1.2022     0.0000     2.3413     2.3182    34.3141    34.3985    21.6054    21.6824    194.611    203.825     97.638    102.240 0.0000e+00
       1119     46.572      9.054 -106.84802   16.84724      9.000    28.8290    28.7867 5.6116e+04   5.619425     0.0947     0.0727    98.1983 1.0260e+00          0     2.3434     2.3169     0.0605     0.1153     4.5682     0.0000     1.0632     0.0000     2.3392     2.3214    34.3131    34.3976    21.6061    21.6836    194.209    204.014     97.429    102.325 0.0000e+00
       1207     50.236     10.060 -106.84802   16.84724     10.000    28.8322    28.7904 5.6121e+04   5.619927     0.0878     0.0730    98.1927 7.9230e-01          0     2.3396     2.3200     0.0598     0.1149     4.5679     0.0000     0.9535     0.0000     2.3440     2.3208    34.3142    34.3981    21.6059    21.6828    195.330    204.072     97.997    102.361 0.0000e+00
       1277     53.174     11.066 -106.84802   16.84724     11.000    28.8316    28.7905 5.6122e+04   5.620187     0.0883     0.0732    98.1881 5.1520e-01          0     2.3419     2.3207     0.0598     0.1146     4.5677     0.0000     0.7968     0.0000     2.3463     2.3216    34.3152    34.3995    21.6070    21.6839    194.731    204.042     97.696    102.347 0.0000e+00
       1293     53.824     12.072 -106.84802   16.84724     12.000    28.8297    28.7887 5.6120e+04   5.619991     0.0883     0.0731    98.1895 6.7683e-01          0     2.3461     2.3209     0.0598     0.1147     4.5678     0.0000     0.8984     0.0000     2.3411     2.3187    34.3149    34.3992    21.6074    21.6843    194.006    203.815     97.329    102.230 0.0000e+00
       1311     54.568     13.078 -106.84802   16.84724     13.000    28.8303    28.7894 5.6125e+04   5.620374     0.0863     0.0732    98.1881 6.1684e-01          0     2.3472     2.3229     0.0596     0.1147     4.5677     0.0000     0.8685     0.0000     2.3381     2.3209    34.3174    34.4010    21.6092    21.6855    194.528    204.394     97.593    102.523 0.0000e+00
       1335     55.601     14.084 -106.84801   16.84724     14.000    28.8312    28.7902 5.6127e+04   5.620568     0.0806     0.0727    98.1993 4.6844e-01          0     2.3472     2.3209     0.0590     0.1151     4.5682     0.0000     0.7617     0.0000     2.3415     2.3220    34.3177    34.4015    21.6092    21.6857    195.028    204.199     97.845    102.426 0.0000e+00
       1431     59.571     15.090 -106.84800   16.84723     15.000    28.8314    28.7904 5.6126e+04   5.620586     0.0910     0.0734    98.1814 3.8583e-01          0     2.3405     2.3211     0.0601     0.1145     4.5674     0.0000     0.6920     0.0000     2.3386     2.3215    34.3167    34.4012    21.6085    21.6855    194.447    204.194     97.554    102.424 0.0000e+00
       1506     62.723     16.096 -106.84800   16.84722     16.000    28.8291    28.7865 5.6128e+04   5.620674     0.0911     0.0721    98.2124 2.9691e-01          0     2.3410     2.3241     0.0601     0.1148     4.5688     0.0000     0.6080     0.0000     2.3372     2.3184    34.3197    34.4043    21.6115    21.6892    194.541    204.107     97.599    102.376 0.0000e+00
       1540     64.138     17.102 -106.84800   16.84722     17.000    28.8278    28.7873 5.6130e+04   5.620868     0.0884     0.0728    98.1976 2.7927e-01          0     2.3354     2.3212     0.0598     0.1154     4.5682     0.0000     0.5836     0.0000     2.3394     2.3220    34.3212    34.4048    21.6132    21.6894    195.172    204.436     97.914    102.542 0.0000e+00
       1584     65.966     18.108 -106.84800   16.84722     18.000    28.8273    28.7855 5.6128e+04   5.620259     0.0883     0.0722    98.2114 2.0288e-01          0     2.3373     2.3185     0.0598     0.1156     4.5688     0.0000     0.4896     0.0000     2.3431     2.3222    34.3199    34.4016    21.6124    21.6877    195.116    204.387     97.885    102.513 0.0000e+00
       1660     69.129     19.114 -106.84800   16.84722     19.000    28.8243    28.7857 5.6173e+04   5.622527     0.0907     0.0724    98.2061 1.7127e-01          0     2.3416     2.3214     0.0601     0.1161     4.5685     0.0000     0.4401     0.0000     2.3451     2.3226    34.3528    34.4168    21.6382    21.6991    195.654    204.683     98.168    102.670 0.0000e+00
       1744     72.618     20.121 -106.84800   16.84722     20.000    28.7839    28.7340 5.6253e+04   5.632598     0.1009     0.0722    98.2102 1.6202e-01          0     2.3457     2.3197     0.0611     0.1158     4.5687     0.0000     0.4267     0.0000     2.3545     2.3366    34.4368    34.5235    21.7148    21.7964    197.042    206.503     98.846    103.558 0.0000e+00
       1768     73.617     21.126 -106.84800   16.84722     21.000    28.6732    28.6330 5.6269e+04   5.635639     0.1026     0.0747    98.1499 1.1041e-01          0     2.3427     2.3217     0.0613     0.1159     4.5659     0.0000     0.3277     0.0000     2.3606     2.3395    34.5277    34.6176    21.8198    21.9006    198.073    207.164     99.234    103.773 0.0000e+00
       1795     74.757     22.133 -106.84800   16.84722     22.000    28.6126    28.5698 5.6231e+04   5.631378     0.1163     0.0776    98.0789 1.1248e-01          0     2.3497     2.3293     0.0627     0.1159     4.5626     0.0000     0.3337     0.0000     2.3628     2.3444    34.5452    34.6338    21.8531    21.9338    198.034    207.764     99.127    103.976 0.0000e+00
       1901     79.176     23.138 -106.84800   16.84722     23.000    28.6126    28.5458 5.6214e+04   5.628576     0.1374     0.0762    98.1135 5.6705e-02          0     2.3652     2.3472     0.0647     0.1152     4.5642     0.0000     0.2094     0.0000     2.3663     2.3485    34.5333    34.6317    21.8443    21.9402    198.921    208.286     99.564    104.196 0.0000e+00
       1948     81.137     24.145 -106.84800   16.84722     24.000    28.2907    28.2214 5.5863e+04   5.594399     0.1401     0.0797    98.0266 5.1520e-02          0     2.3623     2.3470     0.0650     0.1151     4.5602     0.0000     0.1867     0.0000     2.3858     2.3649    34.5240    34.6309    21.9434    22.0465    203.133    212.224    101.134    105.604 0.0000e+00
       1988     82.785     25.151 -106.84800   16.84722     25.000    28.0495    27.9287 5.5601e+04   5.561477     0.1556     0.0829    97.9490 1.7855e-02          0     2.3675     2.3472     0.0666     0.1160     4.5566     0.0000     0.0786     0.0000     2.4153     2.3865    34.5171    34.6155    22.0173    22.1306    208.234    216.230    103.263    107.075 0.0000e+00
       2027     84.429     26.157 -106.84800   16.84722     26.000    27.6767    27.6442 5.5208e+04   5.530935     0.1651     0.0850    97.8973 2.2921e-02          0     2.3841     2.3632     0.0675     0.1160     4.5542     0.0000     0.0943     0.0000     2.4339     2.4064    34.5144    34.6101    22.1365    22.2191    210.233    219.065    103.617    107.970 0.0000e+00
       2114     88.050     27.163 -106.84800   16.84722     27.000    27.6075    27.5477 5.5127e+04   5.520142     0.1872     0.0869    97.8496 4.4342e-03          0     2.4326     2.4059     0.0697     0.1159     4.5520     0.0000     0.0275     0.0000     2.4407     2.4222    34.5083    34.6050    22.1544    22.2465    210.539    220.501    103.647    108.503 0.0000e+00
       2173     90.502     28.169 -106.84800   16.84722     28.000    27.4302    27.3966 5.4954e+04   5.505602     0.1985     0.0873    97.8407 2.0735e-03          0     2.4311     2.4156     0.0708     0.1158     4.5516     0.0000     0.0179     0.0000     2.4636     2.4373    34.5165    34.6138    22.2178    22.3019    214.422    223.651    105.255    109.784 0.0000e+00
       2194     91.362     29.175 -106.84800   16.84722     29.000    27.2932    27.2951 5.4814e+04   5.495052     0.1836     0.0887    97.8075 2.1730e-03          0     2.4373     2.4190     0.0694     0.1158     4.5500     0.0000     0.0183     0.0000     2.4667     2.4450    34.5186    34.6140    22.2636    22.3347    214.483    224.436    105.048    109.986 0.0000e+00
       2233     93.017     30.181 -106.84800   16.84722     30.000    27.2469    27.2079 5.4766e+04   5.484980     0.1899     0.0898    97.7814 2.1730e-03          0     2.4522     2.4302     0.0700     0.1159     4.5488     0.0000     0.0183     0.0000     2.4672     2.4463    34.5186    34.6069    22.2785    22.3575    214.422    224.511    104.938    109.859 0.0000e+00
       2345     97.651     31.187 -106.84800   16.84722     31.000    27.2047    27.1544 5.4727e+04   5.480003     0.2029     0.0891    97.7975 2.1458e-03          0     2.4692     2.4488     0.0713     0.1154     4.5496     0.0000     0.0182     0.0000     2.4723     2.4505    34.5215    34.6110    22.2943    22.3777    215.972    225.260    105.625    110.131 0.0000e+00
       2399     99.901     32.194 -106.84800   16.84722     32.000    26.7268    26.6597 5.4265e+04   5.434484     0.2113     0.0950    97.6519 2.0746e-03          0     2.4683     2.4497     0.0721     0.1159     4.5427     0.0000     0.0179     0.0000     2.4916     2.4645    34.5473    34.6546    22.4658    22.5679    220.100    229.022    106.807    111.081 0.0000e+00
       2445    101.828     33.200 -106.84800   16.84722     33.000    26.0808    26.0669 5.3616e+04   5.377379     0.2256     0.0965    97.6172 1.9137e-03          0     2.4819     2.4536     0.0736     0.1159     4.5411     0.0000     0.0172     0.0000     2.5044     2.4729    34.5635    34.6885    22.6810    22.7796    223.805    232.985    107.450    111.909 0.0000e+00
       2473    103.004     34.206 -106.84800   16.84722     34.000    25.7328    25.6910 5.3242e+04   5.334117     0.2390     0.0980    97.5814 1.9471e-03          0     2.4880     2.4637     0.0749     0.1169     4.5395     0.0000     0.0173     0.0000     2.5081     2.4849    34.5539    34.6580    22.7820    22.8735    225.542    235.693    107.646    112.479 0.0000e+00
       2522    105.047     35.212 -106.84800   16.84722     35.000    25.5932    25.5525 5.3096e+04   5.318161     0.2609     0.0969    97.6079 1.9053e-03          0     2.5014     2.4733     0.0771     0.1160     4.5407     0.0000     0.0172     0.0000     2.5125     2.4914    34.5524    34.6462    22.8240    22.9073    226.026    236.441    107.623    112.565 0.0000e+00
       2605    108.494     36.218 -106.84800   16.84722     36.000    25.5421    25.5009 5.3045e+04   5.312448     0.2723     0.0967    97.6130 1.8881e-03          0     2.5142     2.4933     0.0782     0.1153     4.5410     0.0000     0.0171     0.0000     2.5083     2.4936    34.5540    34.6433    22.8410    22.9211    225.358    236.338    107.213    112.416 0.0000e+00
       2646    110.221     37.224 -106.84800   16.84722     37.000    25.4237    25.3812 5.2912e+04   5.299363     0.2491     0.0980    97.5814 1.9095e-03          0     2.5113     2.4937     0.0759     0.1159     4.5395     0.0000     0.0172     0.0000     2.5056     2.4867    34.5457    34.6381    22.8712    22.9540    225.932    236.137    107.266    112.090 0.0000e+00
       2701    112.494     38.230 -106.84800   16.84722     38.000    25.2951    25.2546 5.2775e+04   5.285646     0.2743     0.0999    97.5333 2.0203e-03          0     2.5072     2.4908     0.0784     0.1163     4.5373     0.0000     0.0177     0.0000     2.5057     2.4867    34.5429    34.6334    22.9085    22.9892    226.196    236.571    107.156    112.052 0.0000e+00
       2760    114.976     39.237 -106.84800   16.84722     39.000    25.1836    25.1431 5.2660e+04   5.274288     0.2837     0.0995    97.5429 2.1706e-03          0     2.5068     2.4874     0.0794     0.1159     4.5377     0.0000     0.0183     0.0000     2.4991     2.4749    34.5422    34.6345    22.9420    23.0241    225.778    235.705    106.756    111.431 0.0000e+00
       2805    116.846     40.243 -106.84800   16.84722     40.000    25.0084    24.9673 5.2472e+04   5.255678     0.2830     0.0994    97.5449 2.1896e-03          0     2.5035     2.4832     0.0793     0.1161     4.5378     0.0000     0.0184     0.0000     2.4937     2.4769    34.5369    34.6312    22.9913    23.0751    225.715    237.087    106.405    111.748 0.0000e+00
       2856    118.977     41.249 -106.84800   16.84722     41.000    24.8876    24.8481 5.2342e+04   5.242114     0.2922     0.0999    97.5338 2.5266e-03          0     2.4979     2.4751     0.0802     0.1168     4.5373     0.0000     0.0198     0.0000     2.4885     2.4781    34.5323    34.6217    23.0246    23.1040    226.332    237.625    106.474    111.768 0.0000e+00
       2905    121.003     42.255 -106.84800   16.84722     42.000    24.8163    24.7754 5.2265e+04   5.234453     0.3033     0.1013    97.5001 2.5997e-03          0     2.4912     2.4775     0.0813     0.1158     4.5357     0.0000     0.0201     0.0000     2.4916     2.4777    34.5296    34.6202    23.0441    23.1250    227.545    237.893    106.912    111.754 0.0000e+00
       2965    123.516     43.261 -106.84800   16.84722     43.000    24.7679    24.7140 5.2209e+04   5.227092     0.3221     0.1024    97.4716 2.7209e-03          0     2.4909     2.4778     0.0832     0.1164     4.5344     0.0000     0.0207     0.0000     2.4907     2.4753    34.5249    34.6123    23.0552    23.1375    226.897    237.755    106.516    111.567 0.0000e+00
       3061    127.492     44.267 -106.84800   16.84722     44.000    24.6206    24.5959 5.2051e+04   5.215480     0.3265     0.1035    97.4459 2.9652e-03          0     2.4927     2.4734     0.0836     0.1158     4.5332     0.0000     0.0217     0.0000     2.4816     2.4666    34.5197    34.6164    23.0957    23.1761    226.311    236.469    105.971    110.742 0.0000e+00
