data/ctd-cnv/KM1919/KM1919-St20-P2/St20_P2_cast39-align-cellTM-derive-bin.cnv
* Sea-Bird SBE 9 Data File:
* FileName = C:\Users\otg\Desktop\CTD Data\km1920\St20_P2_cast39.hex
* Software Version Seasave V 7.26.7.107
* Temperature SN = 5554
* Conductivity SN = 3876
* Number of Bytes Per Scan = 41
* Number of Voltage Words = 4
* Number of Scans Averaged by the Deck Unit = 1
* NMEA Latitude = 16 46.06 N
* NMEA Longitude = 106 49.30 W
* NMEA UTC (Time) = Oct 07 2019  20:35:33
* NMEA baud rate = 4800
** Ship: Kilo Moana
** Station: St20_P2cast 39
** Operator: gr
** HiC/Metagenome
# nquan = 34
# nvalues = 504                         
# units = specified
# name 0 = scan: Scan Count
# name 1 = timeS: Time, Elapsed [seconds]
# name 2 = prDM: Pressure, Digiquartz [db]
# name 3 = longitude: Longitude [deg]
# name 4 = latitude: Latitude [deg]
# name 5 = depSMignore: Depth [salt water, m]
# name 6 = t090C: Temperature [ITS-90, deg C]
# name 7 = t190C: Temperature, 2 [ITS-90, deg C]
# name 8 = c0uS/cm: Conductivity [uS/cm]
# name 9 = c1S/m: Conductivity, 2 [S/m]
# name 10 = flECO-AFL: Fluorescence, WET Labs ECO-AFL/FL [mg/m^3]
# name 11 = CStarAt0: Beam Attenuation, WET Labs C-Star [1/m]
# name 12 = CStarTr0: Beam Transmission, WET Labs C-Star [%]
# name 13 = par: PAR/Irradiance, Biospherical/Licor
# name 14 = modError: Modulo Error Count
# name 15 = v0: Voltage 0
# name 16 = v1: Voltage 1
# name 17 = v2: Voltage 2
# name 18 = v3: Voltage 3
# name 19 = v4: Voltage 4
# name 20 = v5: Voltage 5
# name 21 = v6: Voltage 6
# name 22 = v7: Voltage 7
# name 23 = sbeox0V: Oxygen raw, SBE 43 [V]
# name 24 = sbeox1V: Oxygen raw, SBE 43, 2 [V]
# name 25 = sal00: Salinity, Practical [PSU]
# name 26 = sal11: Salinity, Practical, 2 [PSU]
# name 27 = sigma-é00: Density [sigma-theta, kg/m^3]
# name 28 = sigma-é11: Density, 2 [sigma-theta, kg/m^3]
# name 29 = sbeox0Mm/L: Oxygen, SBE 43 [umol/l], WS = 2
# name 30 = sbeox1Mm/L: Oxygen, SBE 43, 2 [umol/l], WS = 2
# name 31 = sbeox0PS: Oxygen, SBE 43 [% saturation], WS = 2
# name 32 = sbeox1PS: Oxygen, SBE 43, 2 [% saturation], WS = 2
# name 33 = flag: flag
# span 0 =        166,      20130       
# span 1 =      6.883,    838.724       
# span 2 =      1.006,    507.629       
# span 3 = -106.82174, -106.82162       
# span 4 =   16.76755,   16.76768       
# span 5 =      1.000,    504.000       
# span 6 =     7.7227,    29.8391       
# span 7 =     7.6952,    29.8028       
# span 8 = 3.5772e+04, 5.7579e+04       
# span 9 =   3.582138,   5.766796       
# span 10 =     0.0242,     1.8411      
# span 11 =     0.0215,     0.1343      
# span 12 =    96.6973,    99.4641      
# span 13 = 4.6148e-04, 1.5844e+03      
# span 14 =          0,          0      
# span 15 =     0.5031,     2.4993      
# span 16 =     0.5110,     2.4828      
# span 17 =     0.0534,     0.2352      
# span 18 =     0.1124,     0.1185      
# span 19 =     4.4984,     4.6271      
# span 20 =     0.0000,     0.0000      
# span 21 =     0.0109,     4.1661      
# span 22 =     0.0000,     0.0000      
# span 23 =     0.5023,     2.4945      
# span 24 =     0.5105,     2.4825      
# span 25 =    34.2796,    34.7846      
# span 26 =    34.3696,    34.8785      
# span 27 =    21.4727,    26.9764      
# span 28 =    21.5497,    27.0438      
# span 29 =      0.752,    229.768      
# span 30 =     -0.283,    240.396      
# span 31 =      0.255,    107.314      
# span 32 =     -0.096,    112.016      
# span 33 = 0.0000e+00, 0.0000e+00      
# interval = meters: 1                  
# start_time = Oct 07 2019 20:45:27 [NMEA time, first data scan]
# bad_flag = -9.990e-29
*END*
[from data line 171]
       7894    328.864    173.099 -106.82166   16.76766    172.000    12.5149    12.4835 4.0347e+04   4.040256     0.0788     0.0454    98.8720 2.6978e-02          0     0.5070     0.5192     0.0589     0.1153     4.5995     0.0000     0.1136     0.0000     0.5057     0.5177    34.7825    34.8651    26.3251    26.3953      1.321      1.588      0.493      0.593 0.0000e+00
       7920    329.961    174.105 -106.82166   16.76766    173.000    12.5133    12.4820 4.0346e+04   4.040090     0.0805     0.0454    98.8720 2.8093e-02          0     0.5069     0.5189     0.0590     0.1156     4.5995     0.0000     0.1172     0.0000     0.5057     0.5176    34.7825    34.8645    26.3255    26.3952      1.274      1.669      0.476      0.623 0.0000e+00
       8027    334.437    175.113 -106.82167   16.76766    174.000    12.5302    12.5057 4.0363e+04   4.042289     0.0765     0.0457    98.8633 2.6954e-02          0     0.5064     0.5185     0.0586     0.1152     4.5991     0.0000     0.1133     0.0000     0.5051     0.5172    34.7827    34.8633    26.3223    26.3896      1.210      1.553      0.452      0.580 0.0000e+00
       8133    338.850    176.119 -106.82168   16.76766    175.000    12.5294    12.4981 4.0363e+04   4.041956     0.0769     0.0458    98.8621 2.7201e-02          0     0.5057     0.5180     0.0587     0.1153     4.5990     0.0000     0.1142     0.0000     0.5047     0.5174    34.7829    34.8667    26.3227    26.3938      1.225      1.651      0.458      0.617 0.0000e+00
       8156    339.783    177.126 -106.82168   16.76766    176.000    12.4964    12.4643 4.0331e+04   4.038697     0.0640     0.0455    98.8707 2.6209e-02          0     0.5060     0.5181     0.0574     0.1153     4.5994     0.0000     0.1109     0.0000     0.5055     0.5177    34.7821    34.8662    26.3285    26.4000      1.404      1.646      0.524      0.614 0.0000e+00
       8176    340.616    178.133 -106.82168   16.76766    177.000    12.4771    12.4449 4.0311e+04   4.036793     0.0791     0.0454    98.8720 2.4018e-02          0     0.5061     0.5181     0.0589     0.1155     4.5995     0.0000     0.1028     0.0000     0.5053     0.5174    34.7811    34.8654    26.3316    26.4032      1.082      1.501      0.404      0.560 0.0000e+00
       8194    341.380    179.140 -106.82168   16.76766    178.000    12.4402    12.4061 4.0275e+04   4.033322     0.0696     0.0454    98.8720 2.2671e-02          0     0.5060     0.5181     0.0580     0.1148     4.5995     0.0000     0.0985     0.0000     0.5046     0.5169    34.7793    34.8675    26.3373    26.4124      0.989      1.502      0.369      0.560 0.0000e+00
       8212    342.113    180.146 -106.82168   16.76766    179.000    12.3887    12.3551 4.0224e+04   4.028279     0.0638     0.0454    98.8720 2.0977e-02          0     0.5059     0.5183     0.0574     0.1147     4.5995     0.0000     0.0923     0.0000     0.5046     0.5173    34.7778    34.8658    26.3462    26.4210      1.095      1.572      0.408      0.586 0.0000e+00
       8231    342.915    181.153 -106.82168   16.76766    180.000    12.3483    12.3155 4.0185e+04   4.024249     0.0639     0.0447    98.8883 2.2095e-02          0     0.5061     0.5184     0.0574     0.1151     4.6003     0.0000     0.0964     0.0000     0.5045     0.5170    34.7771    34.8631    26.3535    26.4266      1.127      1.504      0.420      0.560 0.0000e+00
       8259    344.090    182.160 -106.82168   16.76766    181.000    12.3325    12.3009 4.0170e+04   4.022562     0.0639     0.0451    98.8791 1.9190e-02          0     0.5061     0.5183     0.0574     0.1153     4.5998     0.0000     0.0856     0.0000     0.5045     0.5170    34.7771    34.8599    26.3566    26.4270      1.157      1.506      0.431      0.560 0.0000e+00
       8373    348.845    183.167 -106.82168   16.76766    182.000    12.3600    12.3306 4.0198e+04   4.025279     0.0733     0.0440    98.9066 2.0552e-02          0     0.5053     0.5177     0.0583     0.1149     4.6011     0.0000     0.0908     0.0000     0.5045     0.5167    34.7782    34.8581    26.3522    26.4199      1.159      1.500      0.432      0.558 0.0000e+00
       8409    350.331    184.174 -106.82168   16.76766    183.000    12.3200    12.2866 4.0160e+04   4.021436     0.0794     0.0440    98.9054 1.8783e-02          0     0.5055     0.5177     0.0589     0.1155     4.6011     0.0000     0.0842     0.0000     0.5045     0.5167    34.7775    34.8615    26.3594    26.4311      1.161      1.515      0.432      0.564 0.0000e+00
       8432    351.277    185.181 -106.82168   16.76766    184.000    12.3049    12.2732 4.0145e+04   4.020059     0.0641     0.0434    98.9230 1.8897e-02          0     0.5055     0.5177     0.0574     0.1153     4.6019     0.0000     0.0845     0.0000     0.5045     0.5168    34.7773    34.8601    26.3622    26.4326      1.161      1.526      0.432      0.568 0.0000e+00
       8453    352.148    186.188 -106.82168   16.76766    185.000    12.2935    12.2609 4.0135e+04   4.018873     0.0755     0.0441    98.9035 1.9701e-02          0     0.5055     0.5176     0.0585     0.1151     4.6010     0.0000     0.0877     0.0000     0.5045     0.5168    34.7772    34.8596    26.3644    26.4346      1.162      1.502      0.432      0.558 0.0000e+00
       8475    353.073    187.194 -106.82168   16.76766    186.000    12.2831    12.2502 4.0125e+04   4.017865     0.0703     0.0444    98.8952 1.7810e-02          0     0.5055     0.5176     0.0580     0.1151     4.6006     0.0000     0.0802     0.0000     0.5045     0.5167    34.7771    34.8594    26.3663    26.4365      1.178      1.498      0.438      0.557 0.0000e+00
       8502    354.204    188.201 -106.82168   16.76766    187.000    12.2756    12.2392 4.0118e+04   4.016798     0.0643     0.0434    98.9213 1.6070e-02          0     0.5055     0.5177     0.0574     0.1147     4.6018     0.0000     0.0740     0.0000     0.5045     0.5168    34.7768    34.8588    26.3676    26.4383      1.145      1.508      0.426      0.560 0.0000e+00
       8545    356.002    189.208 -106.82168   16.76766    188.000    12.2568    12.2230 4.0100e+04   4.015385     0.0639     0.0434    98.9223 1.5738e-02          0     0.5055     0.5176     0.0574     0.1153     4.6019     0.0000     0.0729     0.0000     0.5045     0.5167    34.7761    34.8598    26.3707    26.4422      1.168      1.489      0.434      0.553 0.0000e+00
       8587    357.733    190.215 -106.82168   16.76766    189.000    12.2166    12.1857 4.0061e+04   4.011598     0.0639     0.0439    98.9079 1.8049e-02          0     0.5055     0.5177     0.0574     0.1153     4.6012     0.0000     0.0815     0.0000     0.5045     0.5165    34.7753    34.8574    26.3778    26.4475      1.164      1.417      0.432      0.526 0.0000e+00
       8613    358.831    191.222 -106.82168   16.76766    190.000    12.2200    12.1921 4.0065e+04   4.012136     0.0639     0.0427    98.9381 1.6193e-02          0     0.5055     0.5176     0.0574     0.1155     4.6026     0.0000     0.0746     0.0000     0.5045     0.5165    34.7758    34.8562    26.3776    26.4454      1.164      1.507      0.432      0.559 0.0000e+00
       8640    359.959    192.229 -106.82168   16.76766    191.000    12.2219    12.1893 4.0067e+04   4.012079     0.0639     0.0424    98.9450 1.7568e-02          0     0.5055     0.5176     0.0574     0.1154     4.6029     0.0000     0.0796     0.0000     0.5045     0.5164    34.7755    34.8578    26.3770    26.4472      1.165      1.448      0.432      0.537 0.0000e+00
       8676    361.441    193.236 -106.82168   16.76766    192.000    12.2124    12.1809 4.0058e+04   4.011294     0.0639     0.0439    98.9083 1.5621e-02          0     0.5055     0.5174     0.0574     0.1154     4.6012     0.0000     0.0725     0.0000     0.5045     0.5164    34.7753    34.8576    26.3787    26.4487      1.165      1.406      0.432      0.522 0.0000e+00
       8759    364.907    194.243 -106.82170   16.76764    193.000    12.2045    12.1729 4.0051e+04   4.010472     0.0694     0.0419    98.9578 1.4969e-02          0     0.5055     0.5173     0.0579     0.1154     4.6035     0.0000     0.0699     0.0000     0.5045     0.5163    34.7755    34.8567    26.3804    26.4495      1.182      1.466      0.439      0.544 0.0000e+00
       8792    366.272    195.250 -106.82170   16.76764    194.000    12.1891    12.1581 4.0037e+04   4.009170     0.0643     0.0427    98.9390 1.4683e-02          0     0.5055     0.5172     0.0574     0.1156     4.6027     0.0000     0.0689     0.0000     0.5046     0.5162    34.7751    34.8574    26.3831    26.4529      1.179      1.441      0.437      0.535 0.0000e+00
       8816    367.310    196.257 -106.82169   16.76764    195.000    12.1649    12.1334 4.0013e+04   4.006844     0.0639     0.0426    98.9413 1.3963e-02          0     0.5055     0.5173     0.0574     0.1156     4.6028     0.0000     0.0661     0.0000     0.5045     0.5163    34.7738    34.8573    26.3867    26.4577      1.173      1.406      0.435      0.521 0.0000e+00
       8843    368.423    197.263 -106.82168   16.76764    196.000    12.1517    12.1206 4.0000e+04   4.005515     0.0630     0.0422    98.9507 1.7604e-02          0     0.5055     0.5172     0.0573     0.1148     4.6032     0.0000     0.0798     0.0000     0.5046     0.5161    34.7734    34.8559    26.3890    26.4591      1.157      1.421      0.429      0.527 0.0000e+00
       8873    369.684    198.271 -106.82168   16.76764    197.000    12.1396    12.1086 3.9988e+04   4.004317     0.0535     0.0428    98.9353 1.0267e-02          0     0.5055     0.5172     0.0564     0.1154     4.6025     0.0000     0.0516     0.0000     0.5045     0.5162    34.7728    34.8550    26.3909    26.4607      1.132      1.409      0.419      0.522 0.0000e+00
       8914    371.396    199.277 -106.82168   16.76764    198.000    12.1326    12.1018 3.9982e+04   4.003612     0.0644     0.0419    98.9588 8.1184e-03          0     0.5055     0.5171     0.0575     0.1153     4.6036     0.0000     0.0429     0.0000     0.5044     0.5160    34.7725    34.8541    26.3920    26.4613      1.146      1.385      0.425      0.513 0.0000e+00
       8972    373.812    200.284 -106.82168   16.76764    199.000    12.1315    12.1005 3.9982e+04   4.003527     0.0639     0.0421    98.9523 1.0905e-02          0     0.5054     0.5171     0.0574     0.1154     4.6033     0.0000     0.0540     0.0000     0.5046     0.5160    34.7730    34.8540    26.3926    26.4615      1.204      1.397      0.446      0.517 0.0000e+00
       9008    375.295    201.291 -106.82168   16.76764    200.000    12.1228    12.0918 3.9973e+04   4.002784     0.0639     0.0421    98.9534 9.5835e-03          0     0.5053     0.5168     0.0574     0.1154     4.6033     0.0000     0.0488     0.0000     0.5045     0.5161    34.7725    34.8545    26.3940    26.4636      1.179      1.433      0.437      0.531 0.0000e+00
       9034    376.393    202.298 -106.82168   16.76764    201.000    12.1118    12.0808 3.9963e+04   4.001699     0.0639     0.0418    98.9606 1.0944e-02          0     0.5053     0.5171     0.0574     0.1154     4.6036     0.0000     0.0542     0.0000     0.5045     0.5161    34.7722    34.8538    26.3958    26.4652      1.146      1.383      0.424      0.512 0.0000e+00
       9059    377.419    203.305 -106.82168   16.76764    202.000    12.1045    12.0736 3.9956e+04   4.001015     0.0639     0.0418    98.9602 9.2562e-03          0     0.5055     0.5169     0.0574     0.1154     4.6036     0.0000     0.0476     0.0000     0.5045     0.5159    34.7716    34.8534    26.3968    26.4663      1.181      1.329      0.437      0.492 0.0000e+00
       9091    378.734    204.312 -106.82168   16.76764    203.000    12.0953    12.0644 3.9947e+04   4.000089     0.0639     0.0420    98.9554 7.4123e-03          0     0.5054     0.5170     0.0574     0.1155     4.6034     0.0000     0.0401     0.0000     0.5045     0.5158    34.7712    34.8525    26.3983    26.4673      1.152      1.350      0.427      0.500 0.0000e+00
       9190    382.888    205.319 -106.82166   16.76764    204.000    12.0988    12.0715 3.9950e+04   4.000783     0.0695     0.0414    98.9695 5.3843e-03          0     0.5054     0.5167     0.0579     0.1152     4.6041     0.0000     0.0318     0.0000     0.5044     0.5157    34.7703    34.8522    26.3969    26.4658      1.179      1.382      0.437      0.512 0.0000e+00
       9222    384.216    206.326 -106.82166   16.76764    205.000    12.0755    12.0443 3.9928e+04   3.998246     0.0637     0.0412    98.9751 4.4630e-03          0     0.5053     0.5166     0.0574     0.1153     4.6043     0.0000     0.0280     0.0000     0.5045     0.5158    34.7700    34.8525    26.4012    26.4712      1.193      1.359      0.441      0.503 0.0000e+00
       9240    384.940    207.333 -106.82166   16.76764    206.000    12.0628    12.0312 3.9915e+04   3.997057     0.0639     0.0416    98.9660 4.2263e-03          0     0.5054     0.5166     0.0574     0.1151     4.6039     0.0000     0.0270     0.0000     0.5045     0.5159    34.7694    34.8526    26.4031    26.4739      1.131      1.362      0.418      0.504 0.0000e+00
       9257    385.661    208.340 -106.82166   16.76764    207.000    12.0381    12.0062 3.9891e+04   3.994706     0.0639     0.0416    98.9640 3.9033e-03          0     0.5054     0.5167     0.0574     0.1153     4.6038     0.0000     0.0256     0.0000     0.5044     0.5157    34.7680    34.8527    26.4068    26.4787      1.070      1.327      0.395      0.491 0.0000e+00
       9274    386.388    209.347 -106.82166   16.76764    208.000    12.0217    11.9906 3.9875e+04   3.993034     0.0639     0.0411    98.9780 4.1885e-03          0     0.5054     0.5168     0.0574     0.1153     4.6044     0.0000     0.0269     0.0000     0.5042     0.5157    34.7679    34.8505    26.4099    26.4800      1.092      1.351      0.403      0.499 0.0000e+00
       9295    387.254    210.354 -106.82166   16.76764    209.000    12.0158    11.9850 3.9870e+04   3.992493     0.0639     0.0406    98.9899 3.9340e-03          0     0.5054     0.5167     0.0574     0.1155     4.6050     0.0000     0.0258     0.0000     0.5043     0.5157    34.7681    34.8500    26.4112    26.4807      1.163      1.351      0.430      0.499 0.0000e+00
       9330    388.703    211.361 -106.82166   16.76764    210.000    12.0075    11.9764 3.9862e+04   3.991683     0.0639     0.0406    98.9896 4.1611e-03          0     0.5054     0.5167     0.0574     0.1153     4.6050     0.0000     0.0267     0.0000     0.5042     0.5157    34.7678    34.8498    26.4126    26.4822      1.086      1.354      0.401      0.500 0.0000e+00
       9453    393.825    212.368 -106.82166   16.76764    211.000    12.0167    11.9914 3.9872e+04   3.993111     0.0639     0.0406    98.9912 4.4512e-03          0     0.5050     0.5165     0.0574     0.1159     4.6050     0.0000     0.0279     0.0000     0.5042     0.5156    34.7683    34.8492    26.4112    26.4789      1.156      1.364      0.427      0.504 0.0000e+00
       9479    394.914    213.375 -106.82166   16.76764    212.000    11.9925    11.9598 3.9850e+04   3.990224     0.0639     0.0406    98.9906 3.8769e-03          0     0.5052     0.5164     0.0574     0.1148     4.6050     0.0000     0.0255     0.0000     0.5042     0.5156    34.7684    34.8501    26.4160    26.4856      1.069      1.350      0.395      0.499 0.0000e+00
       9502    395.869    214.382 -106.82166   16.76764    213.000    11.9852    11.9548 3.9843e+04   3.989722     0.0639     0.0404    98.9941 4.4088e-03          0     0.5050     0.5166     0.0574     0.1153     4.6052     0.0000     0.0278     0.0000     0.5040     0.5158    34.7680    34.8495    26.4170    26.4861      1.063      1.344      0.393      0.496 0.0000e+00
