data/ctd-cnv/KM1919/KM1919-St20-P2/St20_P2_cast53-align-cellTM-derive-bin.cnv
* Sea-Bird SBE 9 Data File:
* FileName = C:\Users\otg\Desktop\CTD Data\km1920\St20_P2_cast53.hex
* Software Version Seasave V 7.26.7.107
* Temperature SN = 5554
* Conductivity SN = 3876
* Number of Bytes Per Scan = 41
* Number of Voltage Words = 4
* Number of Scans Averaged by the Deck Unit = 1
* NMEA Latitude = 16 48.77 N
* NMEA Longitude = 106 51.63 W
* NMEA UTC (Time) = Oct 11 2019  04:38:33
* NMEA baud rate = 4800
** Ship: Kilo Moana
** Station: St20_P2 cast 53
** Operator: gr
** uptake exp
# nquan = 34
# nvalues = 200                         
# units = specified
# name 0 = scan: Scan Count
# name 1 = timeS: Time, Elapsed [seconds]
# name 2 = prDM: Pressure, Digiquartz [db]
# name 3 = longitude: Longitude [deg]
# name 4 = latitude: Latitude [deg]
# name 5 = depSM: Depth [salt water, m]
# name 6 = t090C: Temperature [ITS-90, deg C]
# name 7 = t190C: Temperature, 2 [ITS-90, deg C]
# name 8 = c0uS/cm: Conductivity [uS/cm]
# name 9 = c1S/m: Conductivity, 2 [S/m]
# name 10 = flECO-AFL: Fluorescence, WET Labs ECO-AFL/FL [mg/m^3]
# name 11 = CStarAt0: Beam Attenuation, WET Labs C-Star [1/m]
# name 12 = CStarTr0: Beam Transmission, WET Labs C-Star [%]
# name 13 = par: PAR/Irradiance, Biospherical/Licor
# name 14 = modError: Modulo Error Count
# name 15 = v0: Voltage 0
# name 16 = v1: Voltage 1
# name 17 = v2: Voltage 2
# name 18 = v3: Voltage 3
# name 19 = v4: Voltage 4
# name 20 = v5: Voltage 5
# name 21 = v6: Voltage 6
# name 22 = v7: Voltage 7
# name 23 = sbeox0V: Oxygen raw, SBE 43 [V]
# name 24 = sbeox1V: Oxygen raw, SBE 43, 2 [V]
# name 25 = sal00: Salinity, Practical [PSU]
# name 26 = sal11: Salinity, Practical, 2 [PSU]
# name 27 = sigma-é00: Density [sigma-theta, kg/m^3]
# name 28 = sigma-é11: Density, 2 [sigma-theta, kg/m^3]
# name 29 = sbeox0Mm/L: Oxygen, SBE 43 [umol/l], WS = 2
# name 30 = sbeox1Mm/L: Oxygen, SBE 43, 2 [umol/l], WS = 2
# name 31 = sbeox0PS: Oxygen, SBE 43 [% saturation], WS = 2
# name 32 = sbeox1PS: Oxygen, SBE 43, 2 [% saturation], WS = 2
# name 33 = flag: flag
# span 0 =        -19,       8726       
# span 1 =     -0.841,    363.558       
# span 2 =      5.030,    205.320       
# span 3 = -106.86008, -106.85994       
# span 4 =   16.81290,   16.81294       
# span 5 =      5.000,    204.000       
# span 6 =    12.2346,    29.0357       
# span 7 =    12.2006,    28.9946       
# span 8 = 4.0083e+04, 5.6329e+04       
# span 9 =   4.013433,   5.640688       
# span 10 =     0.0673,     1.4092      
# span 11 =     0.0369,     0.1124      
# span 12 =    97.2291,    99.0820      
# span 13 = 1.5600e-04, 2.0874e+00      
# span 14 =          0,          0      
# span 15 =     0.5050,     2.5005      
# span 16 =     0.5165,     2.4870      
# span 17 =     0.0577,     0.1919      
# span 18 =     0.1130,     0.1173      
# span 19 =     4.5231,     4.6093      
# span 20 =     0.0000,     0.0000      
# span 21 =     0.0095,     1.3439      
# span 22 =     0.0000,     0.0000      
# span 23 =     0.5040,     2.4997      
# span 24 =     0.5154,     2.4803      
# span 25 =    34.1412,    34.7808      
# span 26 =    34.2254,    34.8716      
# span 27 =    21.4151,    26.3731      
# span 28 =    21.4916,    26.4430      
# span 29 =      1.013,    230.815      
# span 30 =      1.310,    240.784      
# span 31 =      0.376,    107.402      
# span 32 =      0.486,    112.158      
# span 33 = 0.0000e+00, 0.0000e+00      
# interval = meters: 1                  
# start_time = Oct 11 2019 04:49:52 [NMEA time, first data scan]
# bad_flag = -9.990e-29
*END*
[from data line 171]
       7579    315.744    177.126 -106.85996   16.81292    176.000    12.6090    12.5774 4.0437e+04   4.049269     0.0883     0.0524    98.6984 2.0334e-04          0     0.5055     0.5175     0.0598     0.1147     4.5915     0.0000     0.0098     0.0000     0.5046     0.5166    34.7800    34.8632    26.3048    26.3755      1.167      1.496      0.437      0.559 0.0000e+00
       7602    316.706    178.133 -106.85996   16.81292    177.000    12.6006    12.5693 4.0429e+04   4.048496     0.0883     0.0528    98.6882 1.9452e-04          0     0.5055     0.5178     0.0598     0.1147     4.5910     0.0000     0.0097     0.0000     0.5046     0.5166    34.7799    34.8628    26.3064    26.3769      1.167      1.472      0.437      0.551 0.0000e+00
       7628    317.781    179.140 -106.85996   16.81292    178.000    12.5923    12.5609 4.0421e+04   4.047711     0.0773     0.0528    98.6882 2.0342e-04          0     0.5055     0.5176     0.0587     0.1148     4.5910     0.0000     0.0098     0.0000     0.5046     0.5167    34.7798    34.8626    26.3080    26.3784      1.168      1.489      0.437      0.557 0.0000e+00
       7661    319.153    180.147 -106.85996   16.81292    179.000    12.5853    12.5541 4.0415e+04   4.047043     0.0824     0.0526    98.6946 2.0334e-04          0     0.5055     0.5176     0.0592     0.1148     4.5913     0.0000     0.0098     0.0000     0.5046     0.5167    34.7794    34.8621    26.3091    26.3793      1.152      1.478      0.431      0.553 0.0000e+00
       7707    321.086    181.153 -106.85996   16.81292    180.000    12.5812    12.5499 4.0412e+04   4.046664     0.0800     0.0528    98.6880 1.9876e-04          0     0.5055     0.5176     0.0590     0.1148     4.5910     0.0000     0.0098     0.0000     0.5045     0.5164    34.7800    34.8619    26.3104    26.3800      1.173      1.433      0.439      0.536 0.0000e+00
       7747    322.736    182.160 -106.85996   16.81292    181.000    12.5757    12.5448 4.0407e+04   4.046212     0.0817     0.0528    98.6882 2.0353e-04          0     0.5055     0.5175     0.0592     0.1148     4.5910     0.0000     0.0098     0.0000     0.5046     0.5165    34.7799    34.8618    26.3115    26.3810      1.168      1.446      0.437      0.541 0.0000e+00
       7774    323.872    183.168 -106.85996   16.81292    182.000    12.5694    12.5383 4.0401e+04   4.045716     0.0757     0.0525    98.6971 1.9567e-04          0     0.5054     0.5174     0.0586     0.1148     4.5914     0.0000     0.0098     0.0000     0.5046     0.5165    34.7797    34.8626    26.3126    26.3830      1.169      1.468      0.437      0.549 0.0000e+00
       7800    324.978    184.174 -106.85996   16.81292    183.000    12.5431    12.5112 4.0375e+04   4.043171     0.0761     0.0527    98.6903 2.0319e-04          0     0.5055     0.5174     0.0586     0.1147     4.5911     0.0000     0.0098     0.0000     0.5046     0.5165    34.7785    34.8628    26.3167    26.3884      1.170      1.457      0.437      0.544 0.0000e+00
       7829    326.163    185.181 -106.85996   16.81292    184.000    12.5306    12.4994 4.0363e+04   4.041877     0.0881     0.0517    98.7163 1.8588e-04          0     0.5055     0.5174     0.0598     0.1148     4.5923     0.0000     0.0097     0.0000     0.5046     0.5164    34.7781    34.8609    26.3190    26.3893      1.159      1.409      0.433      0.526 0.0000e+00
       7855    327.249    186.188 -106.85996   16.81292    185.000    12.5246    12.4933 4.0357e+04   4.041332     0.0761     0.0520    98.7084 1.8051e-04          0     0.5055     0.5174     0.0586     0.1148     4.5919     0.0000     0.0097     0.0000     0.5046     0.5162    34.7780    34.8608    26.3201    26.3905      1.164      1.408      0.435      0.526 0.0000e+00
       7883    328.429    187.195 -106.85996   16.81292    186.000    12.5120    12.4808 4.0345e+04   4.040189     0.0785     0.0521    98.7068 1.7947e-04          0     0.5055     0.5175     0.0588     0.1148     4.5919     0.0000     0.0096     0.0000     0.5046     0.5163    34.7777    34.8610    26.3223    26.3930      1.162      1.416      0.434      0.529 0.0000e+00
       7945    331.020    188.202 -106.85996   16.81292    187.000    12.5076    12.4746 4.0342e+04   4.039474     0.0784     0.0521    98.7072 1.9159e-04          0     0.5055     0.5172     0.0588     0.1148     4.5919     0.0000     0.0097     0.0000     0.5046     0.5162    34.7778    34.8594    26.3232    26.3930      1.167      1.420      0.436      0.530 0.0000e+00
       8001    333.329    189.209 -106.85996   16.81292    188.000    12.4919    12.4609 4.0327e+04   4.038257     0.0760     0.0518    98.7138 1.8281e-04          0     0.5055     0.5171     0.0586     0.1148     4.5922     0.0000     0.0097     0.0000     0.5046     0.5164    34.7779    34.8600    26.3264    26.3962      1.185      1.451      0.442      0.542 0.0000e+00
       8024    334.300    190.216 -106.85996   16.81292    189.000    12.4881    12.4566 4.0324e+04   4.037857     0.0767     0.0518    98.7145 1.7296e-04          0     0.5054     0.5171     0.0587     0.1147     4.5922     0.0000     0.0096     0.0000     0.5046     0.5160    34.7777    34.8597    26.3270    26.3968      1.172      1.347      0.437      0.503 0.0000e+00
       8043    335.078    191.222 -106.85996   16.81292    190.000    12.4841    12.4530 4.0320e+04   4.037552     0.0761     0.0519    98.7130 1.7937e-04          0     0.5055     0.5173     0.0586     0.1149     4.5921     0.0000     0.0096     0.0000     0.5046     0.5162    34.7774    34.8596    26.3276    26.3975      1.172      1.422      0.438      0.531 0.0000e+00
       8060    335.802    192.229 -106.85996   16.81292    191.000    12.4792    12.4477 4.0316e+04   4.037106     0.0761     0.0522    98.7044 1.8073e-04          0     0.5054     0.5170     0.0586     0.1149     4.5917     0.0000     0.0097     0.0000     0.5046     0.5161    34.7774    34.8598    26.3286    26.3987      1.130      1.386      0.422      0.517 0.0000e+00
       8078    336.560    193.236 -106.85996   16.81292    192.000    12.4451    12.4097 4.0282e+04   4.033920     0.0761     0.0522    98.7035 1.7152e-04          0     0.5055     0.5172     0.0586     0.1149     4.5917     0.0000     0.0096     0.0000     0.5045     0.5161    34.7757    34.8639    26.3339    26.4093      1.107      1.378      0.413      0.514 0.0000e+00
       8103    337.588    194.243 -106.85994   16.81292    193.000    12.3964    12.3639 4.0235e+04   4.029130     0.0758     0.0519    98.7121 1.8957e-04          0     0.5055     0.5172     0.0586     0.1148     4.5921     0.0000     0.0097     0.0000     0.5045     0.5160    34.7747    34.8597    26.3427    26.4150      1.178      1.353      0.439      0.504 0.0000e+00
       8179    340.744    195.250 -106.85994   16.81292    194.000    12.4112    12.3770 4.0249e+04   4.030034     0.0759     0.0511    98.7313 1.9281e-04          0     0.5054     0.5169     0.0586     0.1148     4.5930     0.0000     0.0097     0.0000     0.5046     0.5159    34.7746    34.8558    26.3397    26.4094      1.178      1.385      0.439      0.516 0.0000e+00
       8232    342.961    196.257 -106.85994   16.81294    195.000    12.3586    12.3281 4.0198e+04   4.025755     0.0756     0.0515    98.7205 1.7847e-04          0     0.5055     0.5168     0.0586     0.1150     4.5925     0.0000     0.0096     0.0000     0.5045     0.5159    34.7738    34.8595    26.3494    26.4218      1.120      1.394      0.417      0.519 0.0000e+00
       8253    343.843    197.264 -106.85996   16.81294    196.000    12.3417    12.3105 4.0182e+04   4.023943     0.0761     0.0507    98.7409 2.0359e-04          0     0.5055     0.5168     0.0586     0.1149     4.5934     0.0000     0.0098     0.0000     0.5045     0.5160    34.7734    34.8578    26.3524    26.4239      1.181      1.399      0.440      0.521 0.0000e+00
       8274    344.725    198.271 -106.85996   16.81294    197.000    12.3233    12.2928 4.0165e+04   4.022196     0.0704     0.0504    98.7474 1.8614e-04          0     0.5055     0.5169     0.0580     0.1149     4.5937     0.0000     0.0097     0.0000     0.5045     0.5159    34.7732    34.8569    26.3558    26.4267      1.158      1.351      0.431      0.503 0.0000e+00
       8299    345.766    199.278 -106.85996   16.81294    198.000    12.3092    12.2770 4.0151e+04   4.020695     0.0689     0.0502    98.7532 1.6617e-04          0     0.5055     0.5168     0.0579     0.1149     4.5940     0.0000     0.0096     0.0000     0.5045     0.5159    34.7730    34.8567    26.3584    26.4296      1.132      1.366      0.421      0.508 0.0000e+00
       8329    346.991    200.285 -106.85996   16.81294    199.000    12.2946    12.2629 4.0138e+04   4.019359     0.0757     0.0496    98.7661 1.7702e-04          0     0.5054     0.5169     0.0586     0.1148     4.5946     0.0000     0.0096     0.0000     0.5044     0.5161    34.7730    34.8565    26.3613    26.4322      1.107      1.445      0.411      0.537 0.0000e+00
       8372    348.775    201.292 -106.85996   16.81294    200.000    12.2746    12.2435 4.0119e+04   4.017476     0.0702     0.0496    98.7670 1.6866e-04          0     0.5054     0.5168     0.0580     0.1148     4.5946     0.0000     0.0096     0.0000     0.5042     0.5157    34.7728    34.8558    26.3650    26.4355      1.130      1.315      0.420      0.489 0.0000e+00
       8428    351.141    202.299 -106.85996   16.81294    201.000    12.2596    12.2287 4.0106e+04   4.016079     0.0715     0.0494    98.7734 2.0103e-04          0     0.5052     0.5169     0.0581     0.1149     4.5949     0.0000     0.0098     0.0000     0.5043     0.5157    34.7734    34.8556    26.3684    26.4382      1.130      1.346      0.420      0.500 0.0000e+00
       8460    352.472    203.306 -106.85996   16.81294    202.000    12.2486    12.2174 4.0095e+04   4.015042     0.0727     0.0493    98.7760 1.8949e-04          0     0.5051     0.5165     0.0583     0.1148     4.5950     0.0000     0.0097     0.0000     0.5041     0.5157    34.7733    34.8557    26.3704    26.4404      1.030      1.313      0.382      0.488 0.0000e+00
       8499    354.070    204.313 -106.85996   16.81294    203.000    12.2428    12.2118 4.0090e+04   4.014505     0.0709     0.0491    98.7791 1.9126e-04          0     0.5052     0.5166     0.0581     0.1149     4.5952     0.0000     0.0097     0.0000     0.5042     0.5156    34.7730    34.8552    26.3714    26.4412      1.127      1.338      0.418      0.497 0.0000e+00
       8726    363.558    205.320 -106.85996   16.81294    204.000    12.2346    12.2006 4.0083e+04   4.013433     0.0673     0.0492    98.7787 1.5600e-04          0     0.5050     0.5165     0.0577     0.1149     4.5951     0.0000     0.0095     0.0000     0.5040     0.5154    34.7732    34.8548    26.3731    26.4430      1.013      1.310      0.376      0.486 0.0000e+00
