data/ctd-cnv/KM1919/KM1919-St20-P2/St20_P2_cast30-align-cellTM-derive-bin.cnv
* Sea-Bird SBE 9 Data File:
* FileName = C:\Users\otg\Desktop\CTD Data\km1920\St20_P2_cast30.hex
* Software Version Seasave V 7.26.7.107
* Temperature SN = 5554
* Conductivity SN = 3876
* Number of Bytes Per Scan = 41
* Number of Voltage Words = 4
* Number of Scans Averaged by the Deck Unit = 1
* NMEA Latitude = 16 46.65 N
* NMEA Longitude = 106 52.11 W
* NMEA UTC (Time) = Oct 05 2019  08:36:20
* NMEA baud rate = 4800
** Ship: Kilo Moana
** Station: St20_P2cast 30
** Operator: rk
** for McLane Pumps
# nquan = 34
# nvalues = 1004                        
# units = specified
# name 0 = scan: Scan Count
# name 1 = timeS: Time, Elapsed [seconds]
# name 2 = prDM: Pressure, Digiquartz [db]
# name 3 = longitude: Longitude [deg]
# name 4 = latitude: Latitude [deg]
# name 5 = depSM: Depth [salt water, m]
# name 6 = t090C: Temperature [ITS-90, deg C]
# name 7 = t190C: Temperature, 2 [ITS-90, deg C]
# name 8 = c0uS/cm: Conductivity [uS/cm]
# name 9 = c1S/m: Conductivity, 2 [S/m]
# name 10 = flECO-AFL: Fluorescence, WET Labs ECO-AFL/FL [mg/m^3]
# name 11 = CStarAt0: Beam Attenuation, WET Labs C-Star [1/m]
# name 12 = CStarTr0: Beam Transmission, WET Labs C-Star [%]
# name 13 = par: PAR/Irradiance, Biospherical/Licor
# name 14 = modError: Modulo Error Count
# name 15 = v0: Voltage 0
# name 16 = v1: Voltage 1
# name 17 = v2: Voltage 2
# name 18 = v3: Voltage 3
# name 19 = v4: Voltage 4
# name 20 = v5: Voltage 5
# name 21 = v6: Voltage 6
# name 22 = v7: Voltage 7
# name 23 = sbeox0V: Oxygen raw, SBE 43 [V]
# name 24 = sbeox1V: Oxygen raw, SBE 43, 2 [V]
# name 25 = sal00: Salinity, Practical [PSU]
# name 26 = sal11: Salinity, Practical, 2 [PSU]
# name 27 = sigma-é00: Density [sigma-theta, kg/m^3]
# name 28 = sigma-é11: Density, 2 [sigma-theta, kg/m^3]
# name 29 = sbeox0Mm/L: Oxygen, SBE 43 [umol/l], WS = 2
# name 30 = sbeox1Mm/L: Oxygen, SBE 43, 2 [umol/l], WS = 2
# name 31 = sbeox0PS: Oxygen, SBE 43 [% saturation], WS = 2
# name 32 = sbeox1PS: Oxygen, SBE 43, 2 [% saturation], WS = 2
# name 33 = flag: flag
# span 0 =         35,     304398       
# span 1 =      1.432,  12683.217       
# span 2 =     15.090,   1026.605       
# span 3 = -106.86842, -106.86752       
# span 4 =   16.77526,   16.77751       
# span 5 =     15.000,   1018.000       
# span 6 =     4.3378,    29.3670       
# span 7 =     4.3135,    29.3254       
# span 8 = 3.2936e+04, 5.7119e+04       
# span 9 =   3.298006,   5.719802       
# span 10 =     0.0485,     1.5638      
# span 11 =     0.0008,     0.1015      
# span 12 =    97.4952,    99.9788      
# span 13 = -4.784e-05, 3.8622e-01      
# span 14 =          0,          0      
# span 15 =     0.5026,     2.4914      
# span 16 =     0.5125,     2.4746      
# span 17 =     0.0558,     0.2074      
# span 18 =     0.1153,     0.1258      
# span 19 =     4.5355,     4.6510      
# span 20 =     0.0000,     0.0007      
# span 21 =     0.0082,     0.6880      
# span 22 =     0.0000,     0.0000      
# span 23 =     0.5023,     2.4921      
# span 24 =     0.5122,     2.4763      
# span 25 =    34.4432,    34.7853      
# span 26 =    34.5339,    34.8737      
# span 27 =    21.6487,    27.4070      
# span 28 =    21.7256,    27.4704      
# span 29 =      0.862,    220.889      
# span 30 =      0.845,    231.768      
# span 31 =      0.284,    106.653      
# span 32 =      0.284,    111.857      
# span 33 = 0.0000e+00, 0.0000e+00      
# interval = meters: 1                  
# start_time = Oct 05 2019 08:39:41 [NMEA time, first data scan]
# bad_flag = -9.990e-29
*END*
[from data line 171]
      14645    610.160    187.195 -106.86834   16.77744    186.000    12.4207    12.3892 4.0263e+04   4.031809     0.0642     0.0276    99.3142 1.0000e-12          0     0.5065     0.5188     0.0574     0.1182     4.6201     0.0000     0.0085     0.0000     0.5054     0.5177    34.7826    34.8652    26.3439    26.4141      1.207      1.585      0.450      0.591 0.0000e+00
      14673    611.339    188.201 -106.86834   16.77744    187.000    12.4080    12.3760 4.0251e+04   4.030481     0.0639     0.0275    99.3165 1.0000e-12          0     0.5062     0.5185     0.0574     0.1181     4.6202     0.0000     0.0085     0.0000     0.5052     0.5176    34.7822    34.8641    26.3461    26.4159      1.248      1.628      0.465      0.607 0.0000e+00
      14717    613.181    189.208 -106.86834   16.77744    188.000    12.3992    12.3680 4.0242e+04   4.029650     0.0713     0.0274    99.3193 1.0000e-12          0     0.5061     0.5184     0.0581     0.1181     4.6203     0.0000     0.0085     0.0000     0.5051     0.5175    34.7818    34.8631    26.3475    26.4167      1.231      1.611      0.459      0.600 0.0000e+00
      14762    615.033    190.215 -106.86836   16.77744    189.000    12.3736    12.3408 4.0217e+04   4.027272     0.0763     0.0274    99.3191 1.0000e-12          0     0.5059     0.5183     0.0586     0.1182     4.6203     0.0000     0.0085     0.0000     0.5052     0.5176    34.7809    34.8649    26.3518    26.4234      1.367      1.672      0.509      0.623 0.0000e+00
      14787    616.081    191.222 -106.86836   16.77744    190.000    12.3480    12.3166 4.0192e+04   4.024768     0.0695     0.0273    99.3196 1.0000e-12          0     0.5060     0.5182     0.0579     0.1181     4.6204     0.0000     0.0085     0.0000     0.5055     0.5177    34.7801    34.8627    26.3562    26.4264      1.288      1.657      0.479      0.617 0.0000e+00
      14807    616.903    192.229 -106.86836   16.77744    191.000    12.3391    12.3057 4.0184e+04   4.023827     0.0637     0.0274    99.3183 1.0000e-12          0     0.5059     0.5182     0.0574     0.1182     4.6203     0.0000     0.0085     0.0000     0.5053     0.5175    34.7798    34.8633    26.3577    26.4290      1.192      1.537      0.444      0.572 0.0000e+00
      14825    617.649    193.236 -106.86836   16.77744    192.000    12.3095    12.2770 4.0155e+04   4.021090     0.0639     0.0274    99.3183 1.0000e-12          0     0.5058     0.5181     0.0574     0.1183     4.6203     0.0000     0.0085     0.0000     0.5051     0.5173    34.7785    34.8631    26.3624    26.4344      1.115      1.571      0.415      0.584 0.0000e+00
      14842    618.381    194.243 -106.86836   16.77744    193.000    12.2957    12.2648 4.0142e+04   4.019741     0.0732     0.0276    99.3140 1.0000e-12          0     0.5060     0.5183     0.0583     0.1181     4.6201     0.0000     0.0085     0.0000     0.5049     0.5174    34.7784    34.8609    26.3651    26.4351      1.167      1.562      0.434      0.581 0.0000e+00
      14861    619.156    195.250 -106.86836   16.77744    194.000    12.2912    12.2602 4.0138e+04   4.019240     0.0704     0.0272    99.3237 1.0000e-12          0     0.5063     0.5184     0.0580     0.1179     4.6205     0.0000     0.0085     0.0000     0.5049     0.5171    34.7785    34.8600    26.3660    26.4353      1.200      1.544      0.446      0.574 0.0000e+00
      14882    620.039    196.257 -106.86836   16.77744    195.000    12.2894    12.2589 4.0136e+04   4.019132     0.0666     0.0263    99.3444 1.0000e-12          0     0.5060     0.5184     0.0577     0.1179     4.6215     0.0000     0.0085     0.0000     0.5049     0.5174    34.7782    34.8597    26.3662    26.4353      1.201      1.618      0.446      0.601 0.0000e+00
      14909    621.183    197.264 -106.86836   16.77744    196.000    12.2848    12.2539 4.0132e+04   4.018693     0.0757     0.0265    99.3386 1.0000e-12          0     0.5058     0.5181     0.0586     0.1172     4.6212     0.0000     0.0085     0.0000     0.5049     0.5171    34.7781    34.8596    26.3670    26.4363      1.232      1.552      0.458      0.577 0.0000e+00
      14955    623.094    198.270 -106.86836   16.77744    197.000    12.2792    12.2487 4.0127e+04   4.018199     0.0706     0.0280    99.3016 1.0000e-12          0     0.5056     0.5179     0.0581     0.1181     4.6195     0.0000     0.0085     0.0000     0.5048     0.5171    34.7781    34.8593    26.3681    26.4371      1.211      1.559      0.450      0.579 0.0000e+00
      15011    625.397    199.278 -106.86836   16.77744    198.000    12.2708    12.2398 4.0119e+04   4.017380     0.0643     0.0262    99.3475 1.0000e-12          0     0.5056     0.5177     0.0574     0.1182     4.6216     0.0000     0.0085     0.0000     0.5049     0.5173    34.7777    34.8592    26.3694    26.4387      1.264      1.626      0.470      0.604 0.0000e+00
      15037    626.516    200.285 -106.86836   16.77744    199.000    12.2668    12.2354 4.0116e+04   4.017015     0.0672     0.0263    99.3446 1.0000e-12          0     0.5056     0.5180     0.0577     0.1186     4.6215     0.0000     0.0085     0.0000     0.5050     0.5170    34.7775    34.8593    26.3701    26.4396      1.230      1.515      0.457      0.563 0.0000e+00
      15058    627.387    201.291 -106.86836   16.77744    200.000    12.2518    12.2198 4.0101e+04   4.015699     0.0744     0.0263    99.3445 1.0000e-12          0     0.5056     0.5178     0.0584     0.1195     4.6215     0.0000     0.0085     0.0000     0.5050     0.5172    34.7768    34.8606    26.3725    26.4437      1.214      1.619      0.451      0.601 0.0000e+00
      15079    628.239    202.298 -106.86836   16.77744    201.000    12.2122    12.1794 4.0063e+04   4.011990     0.0640     0.0252    99.3705 1.0000e-12          0     0.5056     0.5178     0.0574     0.1182     4.6227     0.0000     0.0085     0.0000     0.5048     0.5171    34.7764    34.8619    26.3799    26.4525      1.153      1.548      0.428      0.574 0.0000e+00
      15099    629.089    203.305 -106.86836   16.77744    202.000    12.1847    12.1533 4.0037e+04   4.009262     0.0742     0.0244    99.3916 1.0000e-12          0     0.5057     0.5181     0.0584     0.1173     4.6237     0.0000     0.0085     0.0000     0.5048     0.5171    34.7763    34.8593    26.3851    26.4555      1.228      1.523      0.456      0.565 0.0000e+00
      15121    629.994    204.312 -106.86836   16.77744    203.000    12.1766    12.1456 4.0030e+04   4.008453     0.0673     0.0243    99.3949 1.0000e-12          0     0.5056     0.5177     0.0577     0.1179     4.6238     0.0000     0.0085     0.0000     0.5049     0.5168    34.7763    34.8581    26.3866    26.4562      1.247      1.495      0.462      0.555 0.0000e+00
      15146    631.041    205.319 -106.86836   16.77744    204.000    12.1710    12.1401 4.0025e+04   4.007918     0.0711     0.0244    99.3921 1.0000e-12          0     0.5056     0.5179     0.0581     0.1181     4.6237     0.0000     0.0085     0.0000     0.5048     0.5170    34.7758    34.8576    26.3874    26.4568      1.183      1.560      0.439      0.578 0.0000e+00
      15173    632.185    206.326 -106.86836   16.77744    205.000    12.1679    12.1373 4.0023e+04   4.007659     0.0674     0.0249    99.3793 1.0000e-12          0     0.5055     0.5179     0.0577     0.1182     4.6231     0.0000     0.0085     0.0000     0.5048     0.5169    34.7765    34.8573    26.3885    26.4571      1.213      1.534      0.450      0.569 0.0000e+00
      15201    633.323    207.333 -106.86836   16.77744    206.000    12.1667    12.1358 4.0022e+04   4.007547     0.0729     0.0250    99.3748 1.0000e-12          0     0.5056     0.5176     0.0583     0.1183     4.6229     0.0000     0.0085     0.0000     0.5048     0.5170    34.7762    34.8571    26.3886    26.4573      1.213      1.557      0.450      0.577 0.0000e+00
      15228    634.467    208.340 -106.86836   16.77744    207.000    12.1628    12.1319 4.0018e+04   4.007229     0.0660     0.0246    99.3853 1.0000e-12          0     0.5055     0.5177     0.0576     0.1174     4.6234     0.0000     0.0085     0.0000     0.5048     0.5169    34.7760    34.8573    26.3891    26.4582      1.213      1.541      0.450      0.571 0.0000e+00
      15255    635.581    209.347 -106.86836   16.77744    208.000    12.1561    12.1258 4.0012e+04   4.006681     0.0639     0.0245    99.3886 1.0000e-12          0     0.5055     0.5175     0.0574     0.1183     4.6235     0.0000     0.0085     0.0000     0.5048     0.5168    34.7756    34.8572    26.3902    26.4594      1.214      1.488      0.450      0.552 0.0000e+00
      15283    636.749    210.354 -106.86836   16.77744    209.000    12.1528    12.1217 4.0009e+04   4.006313     0.0647     0.0242    99.3970 1.0000e-12          0     0.5055     0.5177     0.0575     0.1182     4.6239     0.0000     0.0085     0.0000     0.5048     0.5169    34.7759    34.8570    26.3910    26.4600      1.214      1.570      0.450      0.582 0.0000e+00
      15315    638.075    211.361 -106.86836   16.77744    210.000    12.1460    12.1149 4.0004e+04   4.005701     0.0713     0.0242    99.3970 1.0000e-12          0     0.5055     0.5177     0.0581     0.1182     4.6239     0.0000     0.0085     0.0000     0.5048     0.5168    34.7762    34.8569    26.3926    26.4613      1.214      1.502      0.450      0.557 0.0000e+00
      15349    639.509    212.368 -106.86836   16.77744    211.000    12.1411    12.1102 3.9999e+04   4.005246     0.0704     0.0242    99.3970 1.0000e-12          0     0.5055     0.5175     0.0580     0.1182     4.6239     0.0000     0.0085     0.0000     0.5048     0.5168    34.7758    34.8565    26.3933    26.4618      1.215      1.509      0.450      0.559 0.0000e+00
      15377    640.683    213.375 -106.86836   16.77744    212.000    12.1363    12.1053 3.9995e+04   4.004803     0.0763     0.0242    99.3970 1.0000e-12          0     0.5055     0.5176     0.0586     0.1184     4.6239     0.0000     0.0085     0.0000     0.5048     0.5168    34.7757    34.8564    26.3941    26.4627      1.215      1.554      0.450      0.576 0.0000e+00
      15401    641.653    214.382 -106.86836   16.77744    213.000    12.1259    12.0949 3.9984e+04   4.003997     0.0683     0.0241    99.3982 1.0000e-12          0     0.5055     0.5176     0.0578     0.1182     4.6240     0.0000     0.0085     0.0000     0.5048     0.5169    34.7749    34.8577    26.3956    26.4658      1.215      1.547      0.450      0.573 0.0000e+00
      15422    642.559    215.389 -106.86836   16.77744    214.000    12.0940    12.0616 3.9953e+04   4.000905     0.0683     0.0236    99.4113 1.0000e-12          0     0.5055     0.5174     0.0578     0.1182     4.6246     0.0000     0.0085     0.0000     0.5048     0.5168    34.7734    34.8583    26.4005    26.4727      1.216      1.505      0.450      0.557 0.0000e+00
      15444    643.473    216.396 -106.86836   16.77744    215.000    12.0522    12.0205 3.9911e+04   3.996792     0.0721     0.0235    99.4133 1.0000e-12          0     0.5055     0.5174     0.0582     0.1183     4.6247     0.0000     0.0085     0.0000     0.5048     0.5168    34.7715    34.8561    26.4071    26.4788      1.218      1.556      0.450      0.575 0.0000e+00
      15467    644.431    217.403 -106.86836   16.77744    216.000    12.0357    12.0051 3.9896e+04   3.995065     0.0638     0.0233    99.4181 1.0000e-12          0     0.5055     0.5176     0.0574     0.1183     4.6249     0.0000     0.0085     0.0000     0.5048     0.5168    34.7714    34.8533    26.4102    26.4796      1.201      1.487      0.444      0.550 0.0000e+00
      15493    645.480    218.410 -106.86836   16.77744    217.000    12.0079    11.9724 3.9869e+04   3.992199     0.0639     0.0236    99.4123 1.0000e-12          0     0.5055     0.5175     0.0574     0.1183     4.6247     0.0000     0.0085     0.0000     0.5048     0.5167    34.7705    34.8554    26.4147    26.4875      1.224      1.488      0.452      0.550 0.0000e+00
      15525    646.836    219.417 -106.86836   16.77744    218.000    11.9746    11.9429 3.9836e+04   3.989046     0.0699     0.0238    99.4066 1.0000e-12          0     0.5055     0.5175     0.0580     0.1183     4.6244     0.0000     0.0085     0.0000     0.5048     0.5165    34.7691    34.8518    26.4200    26.4903      1.222      1.476      0.452      0.545 0.0000e+00
      15571    648.757    220.424 -106.86836   16.77744    219.000    11.9627    11.9319 3.9825e+04   3.987878     0.0652     0.0234    99.4162 1.0000e-12          0     0.5055     0.5174     0.0575     0.1182     4.6248     0.0000     0.0085     0.0000     0.5048     0.5166    34.7687    34.8503    26.4220    26.4912      1.221      1.519      0.451      0.561 0.0000e+00
      15620    650.780    221.431 -106.86836   16.77744    220.000    11.9467    11.9152 3.9809e+04   3.986364     0.0638     0.0231    99.4239 1.0000e-12          0     0.5055     0.5172     0.0574     0.1182     4.6252     0.0000     0.0085     0.0000     0.5048     0.5166    34.7681    34.8507    26.4246    26.4948      1.211      1.444      0.447      0.533 0.0000e+00
      15645    651.818    222.438 -106.86836   16.77742    221.000    11.9274    11.8953 3.9791e+04   3.984527     0.0639     0.0223    99.4441 1.0000e-12          0     0.5055     0.5172     0.0574     0.1183     4.6262     0.0000     0.0085     0.0000     0.5047     0.5164    34.7676    34.8509    26.4279    26.4987      1.210      1.489      0.446      0.549 0.0000e+00
      15664    652.621    223.445 -106.86835   16.77742    222.000    11.9034    11.8711 3.9767e+04   3.982195     0.0639     0.0230    99.4255 1.0000e-12          0     0.5055     0.5172     0.0574     0.1182     4.6253     0.0000     0.0085     0.0000     0.5048     0.5164    34.7670    34.8503    26.4320    26.5029      1.246      1.506      0.459      0.555 0.0000e+00
      15681    653.314    224.452 -106.86834   16.77742    223.000    11.8882    11.8575 3.9753e+04   3.980802     0.0639     0.0222    99.4467 1.0000e-12          0     0.5055     0.5174     0.0574     0.1182     4.6263     0.0000     0.0085     0.0000     0.5048     0.5167    34.7665    34.8490    26.4345    26.5044      1.213      1.496      0.447      0.551 0.0000e+00
      15696    653.964    225.459 -106.86834   16.77742    224.000    11.8758    11.8445 3.9741e+04   3.979604     0.0639     0.0221    99.4495 1.0000e-12          0     0.5055     0.5173     0.0574     0.1183     4.6264     0.0000     0.0085     0.0000     0.5048     0.5164    34.7660    34.8490    26.4365    26.5070      1.181      1.437      0.435      0.529 0.0000e+00
      15713    654.646    226.466 -106.86834   16.77742    225.000    11.8608    11.8291 3.9727e+04   3.978099     0.0639     0.0222    99.4480 1.0000e-12          0     0.5055     0.5171     0.0574     0.1183     4.6263     0.0000     0.0085     0.0000     0.5047     0.5164    34.7658    34.8483    26.4392    26.5093      1.187      1.466      0.437      0.540 0.0000e+00
      15731    655.428    227.474 -106.86834   16.77742    226.000    11.8493    11.8178 3.9716e+04   3.976991     0.0639     0.0221    99.4482 1.0000e-12          0     0.5054     0.5172     0.0574     0.1182     4.6263     0.0000     0.0085     0.0000     0.5047     0.5164    34.7653    34.8476    26.4410    26.5109      1.219      1.416      0.449      0.521 0.0000e+00
      15760    656.612    228.481 -106.86834   16.77742    227.000    11.8368    11.8064 3.9704e+04   3.975819     0.0639     0.0221    99.4494 1.0000e-12          0     0.5055     0.5172     0.0574     0.1183     4.6264     0.0000     0.0085     0.0000     0.5047     0.5162    34.7649    34.8463    26.4431    26.5121      1.203      1.432      0.443      0.527 0.0000e+00
