data/ctd-cnv/KM1919/KM1919-St20-P2/St20_P2_cast40-align-cellTM-derive-bin.cnv
* Sea-Bird SBE 9 Data File:
* FileName = C:\Users\otg\Desktop\CTD Data\km1920\St20_P2_cast40.hex
* Software Version Seasave V 7.26.7.107
* Temperature SN = 5554
* Conductivity SN = 3876
* Number of Bytes Per Scan = 41
* Number of Voltage Words = 4
* Number of Scans Averaged by the Deck Unit = 1
* NMEA Latitude = 16 45.73 N
* NMEA Longitude = 106 49.45 W
* NMEA UTC (Time) = Oct 08 2019  00:57:05
* NMEA baud rate = 4800
** Ship: Kilo Moana
** Station: St20_P2 cast 40
** Operator: cf
** 6 pm cast
# nquan = 34
# nvalues = 200                         
# units = specified
# name 0 = scan: Scan Count
# name 1 = timeS: Time, Elapsed [seconds]
# name 2 = prDM: Pressure, Digiquartz [db]
# name 3 = longitude: Longitude [deg]
# name 4 = latitude: Latitude [deg]
# name 5 = depSM: Depth [salt water, m]
# name 6 = t090C: Temperature [ITS-90, deg C]
# name 7 = t190C: Temperature, 2 [ITS-90, deg C]
# name 8 = c0uS/cm: Conductivity [uS/cm]
# name 9 = c1S/m: Conductivity, 2 [S/m]
# name 10 = flECO-AFL: Fluorescence, WET Labs ECO-AFL/FL [mg/m^3]
# name 11 = CStarAt0: Beam Attenuation, WET Labs C-Star [1/m]
# name 12 = CStarTr0: Beam Transmission, WET Labs C-Star [%]
# name 13 = par: PAR/Irradiance, Biospherical/Licor
# name 14 = modError: Modulo Error Count
# name 15 = v0: Voltage 0
# name 16 = v1: Voltage 1
# name 17 = v2: Voltage 2
# name 18 = v3: Voltage 3
# name 19 = v4: Voltage 4
# name 20 = v5: Voltage 5
# name 21 = v6: Voltage 6
# name 22 = v7: Voltage 7
# name 23 = sbeox0V: Oxygen raw, SBE 43 [V]
# name 24 = sbeox1V: Oxygen raw, SBE 43, 2 [V]
# name 25 = sal00: Salinity, Practical [PSU]
# name 26 = sal11: Salinity, Practical, 2 [PSU]
# name 27 = sigma-é00: Density [sigma-theta, kg/m^3]
# name 28 = sigma-é11: Density, 2 [sigma-theta, kg/m^3]
# name 29 = sbeox0Mm/L: Oxygen, SBE 43 [umol/l], WS = 2
# name 30 = sbeox1Mm/L: Oxygen, SBE 43, 2 [umol/l], WS = 2
# name 31 = sbeox0PS: Oxygen, SBE 43 [% saturation], WS = 2
# name 32 = sbeox1PS: Oxygen, SBE 43, 2 [% saturation], WS = 2
# name 33 = flag: flag
# span 0 =        -11,      11214       
# span 1 =     -0.484,    467.229       
# span 2 =      2.011,    202.298       
# span 3 = -106.82424, -106.82416       
# span 4 =   16.76216,   16.76222       
# span 5 =      2.000,    201.000       
# span 6 =    12.2585,    29.6453       
# span 7 =    12.2308,    29.5997       
# span 8 = 4.0106e+04, 5.7368e+04       
# span 9 =   4.016489,   5.744562       
# span 10 =     0.0621,     1.7255      
# span 11 =     0.0349,     0.1316      
# span 12 =    96.7646,    99.1328      
# span 13 = 2.1730e-03, 3.5563e+00      
# span 14 =          0,          0      
# span 15 =     0.5045,     2.4982      
# span 16 =     0.5163,     2.4871      
# span 17 =     0.0572,     0.2236      
# span 18 =     0.1144,     0.1178      
# span 19 =     4.5015,     4.6116      
# span 20 =     0.0000,     0.0000      
# span 21 =     0.0183,     1.5617      
# span 22 =     0.0000,     0.0000      
# span 23 =     0.5034,     2.4947      
# span 24 =     0.5151,     2.4797      
# span 25 =    34.3108,    34.7835      
# span 26 =    34.4060,    34.8807      
# span 27 =    21.5347,    26.3698      
# span 28 =    21.6144,    26.4394      
# span 29 =      0.947,    231.539      
# span 30 =      1.238,    242.356      
# span 31 =      0.353,    106.983      
# span 32 =      0.460,    111.674      
# span 33 = 0.0000e+00, 0.0000e+00      
# interval = meters: 1                  
# start_time = Oct 08 2019 01:04:02 [NMEA time, first data scan]
# bad_flag = -9.990e-29
*END*
[from data line 129]
       7740    322.456    131.824 -106.82418   16.76220    131.000    13.8810    13.8413 4.1601e+04   4.166534     0.3574     0.0493    98.7747 5.0550e-03          0     0.5104     0.5242     0.0868     0.1146     4.5950     0.0000     0.0305     0.0000     0.5082     0.5215    34.7391    34.8353    26.0143    26.0970      1.608      2.057      0.618      0.790 0.0000e+00
       7764    323.468    132.830 -106.82418   16.76220    132.000    13.8048    13.7716 4.1533e+04   4.159350     0.3694     0.0510    98.7337 5.0241e-03          0     0.5104     0.5238     0.0879     0.1148     4.5931     0.0000     0.0304     0.0000     0.5080     0.5211    34.7444    34.8309    26.0343    26.1081      1.435      1.958      0.550      0.751 0.0000e+00
       7869    327.822    133.837 -106.82418   16.76221    133.000    13.8215    13.7898 4.1547e+04   4.160767     0.3756     0.0481    98.8050 4.8750e-03          0     0.5086     0.5220     0.0885     0.1149     4.5963     0.0000     0.0298     0.0000     0.5072     0.5202    34.7417    34.8272    26.0288    26.1015      1.460      1.971      0.560      0.756 0.0000e+00
       7955    331.401    134.844 -106.82418   16.76222    134.000    13.7861    13.7430 4.1516e+04   4.157419     0.3467     0.0490    98.7829 4.7588e-03          0     0.5088     0.5214     0.0857     0.1151     4.5953     0.0000     0.0293     0.0000     0.5077     0.5204    34.7446    34.8380    26.0384    26.1196      1.414      1.950      0.542      0.747 0.0000e+00
       7970    332.030    135.850 -106.82418   16.76222    135.000    13.7118    13.6777 4.1449e+04   4.150955     0.3314     0.0476    98.8168 4.7631e-03          0     0.5090     0.5217     0.0841     0.1149     4.5970     0.0000     0.0293     0.0000     0.5076     0.5202    34.7484    34.8365    26.0568    26.1320      1.351      1.953      0.517      0.747 0.0000e+00
       7988    332.794    136.857 -106.82418   16.76222    136.000    13.6241    13.5855 4.1369e+04   4.143456     0.3180     0.0474    98.8224 4.6880e-03          0     0.5090     0.5216     0.0828     0.1149     4.5972     0.0000     0.0290     0.0000     0.5070     0.5202    34.7532    34.8496    26.0786    26.1612      1.367      1.905      0.522      0.728 0.0000e+00
       8010    333.696    137.863 -106.82418   16.76222    137.000    13.5520    13.5185 4.1306e+04   4.136616     0.2938     0.0484    98.7988 4.6358e-03          0     0.5091     0.5215     0.0804     0.1151     4.5961     0.0000     0.0288     0.0000     0.5070     0.5199    34.7583    34.8459    26.0975    26.1721      1.466      1.840      0.560      0.702 0.0000e+00
       8041    334.983    138.870 -106.82418   16.76222    138.000    13.5391    13.5069 4.1294e+04   4.135266     0.2844     0.0491    98.7788 4.4839e-03          0     0.5087     0.5213     0.0795     0.1149     4.5951     0.0000     0.0281     0.0000     0.5070     0.5195    34.7588    34.8434    26.1005    26.1726      1.482      1.820      0.566      0.694 0.0000e+00
       8188    341.105    139.877 -106.82418   16.76222    139.000    13.6263    13.5923 4.1375e+04   4.142621     0.3169     0.0519    98.7112 4.4517e-03          0     0.5076     0.5201     0.0827     0.1147     4.5920     0.0000     0.0280     0.0000     0.5070     0.5190    34.7556    34.8342    26.0802    26.1480      1.474      1.809      0.563      0.691 0.0000e+00
       8243    343.428    140.883 -106.82418   16.76222    140.000    13.5653    13.5140 4.1320e+04   4.136533     0.3388     0.0495    98.7693 4.4170e-03          0     0.5078     0.5200     0.0848     0.1148     4.5947     0.0000     0.0279     0.0000     0.5070     0.5190    34.7590    34.8479    26.0953    26.1747      1.478      1.797      0.564      0.685 0.0000e+00
       8270    344.536    141.890 -106.82418   16.76222    141.000    13.5230    13.4907 4.1282e+04   4.133962     0.2727     0.0504    98.7482 4.4718e-03          0     0.5078     0.5200     0.0782     0.1149     4.5937     0.0000     0.0281     0.0000     0.5070     0.5190    34.7613    34.8446    26.1059    26.1770      1.410      1.750      0.537      0.667 0.0000e+00
       8294    345.555    142.897 -106.82418   16.76222    142.000    13.4997    13.4666 4.1261e+04   4.131946     0.2826     0.0499    98.7592 4.4721e-03          0     0.5079     0.5201     0.0793     0.1149     4.5942     0.0000     0.0281     0.0000     0.5068     0.5189    34.7617    34.8472    26.1110    26.1839      1.455      1.797      0.554      0.685 0.0000e+00
       8319    346.564    143.903 -106.82418   16.76222    143.000    13.4845    13.4521 4.1247e+04   4.130506     0.2837     0.0504    98.7472 4.4038e-03          0     0.5079     0.5199     0.0794     0.1146     4.5937     0.0000     0.0278     0.0000     0.5069     0.5188    34.7622    34.8465    26.1145    26.1863      1.435      1.722      0.547      0.656 0.0000e+00
       8343    347.602    144.910 -106.82418   16.76222    144.000    13.4725    13.4404 4.1237e+04   4.129411     0.2715     0.0497    98.7652 4.1910e-03          0     0.5079     0.5200     0.0781     0.1148     4.5945     0.0000     0.0269     0.0000     0.5066     0.5187    34.7632    34.8464    26.1178    26.1887      1.288      1.706      0.491      0.650 0.0000e+00
       8422    350.884    145.917 -106.82417   16.76221    145.000    13.4751    13.4427 4.1240e+04   4.129572     0.2711     0.0513    98.7259 3.9911e-03          0     0.5074     0.5196     0.0781     0.1149     4.5927     0.0000     0.0260     0.0000     0.5061     0.5184    34.7633    34.8454    26.1174    26.1875      1.341      1.708      0.511      0.651 0.0000e+00
       8527    355.269    146.923 -106.82416   16.76222    146.000    13.4746    13.4406 4.1241e+04   4.129598     0.2844     0.0507    98.7400 3.8885e-03          0     0.5070     0.5191     0.0795     0.1149     4.5934     0.0000     0.0256     0.0000     0.5062     0.5184    34.7641    34.8471    26.1181    26.1893      1.271      1.682      0.484      0.641 0.0000e+00
       8549    356.173    147.930 -106.82416   16.76222    147.000    13.4308    13.3964 4.1200e+04   4.125978     0.2585     0.0510    98.7338 3.8925e-03          0     0.5069     0.5193     0.0768     0.1150     4.5931     0.0000     0.0256     0.0000     0.5061     0.5185    34.7653    34.8529    26.1280    26.2028      1.375      1.730      0.523      0.658 0.0000e+00
       8571    357.100    148.937 -106.82416   16.76222    148.000    13.3786    13.3446 4.1153e+04   4.121222     0.2592     0.0507    98.7407 3.8925e-03          0     0.5070     0.5192     0.0769     0.1149     4.5934     0.0000     0.0256     0.0000     0.5060     0.5183    34.7677    34.8549    26.1405    26.2150      1.267      1.646      0.482      0.626 0.0000e+00
       8594    358.039    149.943 -106.82416   16.76222    149.000    13.3465    13.3138 4.1123e+04   4.118152     0.2423     0.0507    98.7407 3.8925e-03          0     0.5073     0.5195     0.0752     0.1150     4.5934     0.0000     0.0256     0.0000     0.5058     0.5182    34.7689    34.8537    26.1480    26.2203      1.248      1.629      0.474      0.619 0.0000e+00
       8622    359.195    150.950 -106.82416   16.76222    150.000    13.3331    13.3011 4.1112e+04   4.116903     0.2352     0.0510    98.7328 3.8925e-03          0     0.5069     0.5194     0.0745     0.1150     4.5930     0.0000     0.0256     0.0000     0.5058     0.5179    34.7697    34.8531    26.1514    26.2225      1.328      1.640      0.504      0.623 0.0000e+00
       8727    363.594    151.957 -106.82416   16.76221    151.000    13.3457    13.3153 4.1124e+04   4.118131     0.2338     0.0520    98.7080 3.8925e-03          0     0.5067     0.5189     0.0744     0.1150     4.5919     0.0000     0.0256     0.0000     0.5057     0.5179    34.7697    34.8513    26.1488    26.2182      1.274      1.611      0.484      0.612 0.0000e+00
       8774    365.545    152.964 -106.82416   16.76222    152.000    13.2953    13.2623 4.1078e+04   4.113687     0.2194     0.0508    98.7378 3.7748e-03          0     0.5067     0.5188     0.0729     0.1150     4.5933     0.0000     0.0251     0.0000     0.5056     0.5178    34.7716    34.8574    26.1606    26.2337      1.225      1.610      0.465      0.611 0.0000e+00
       8801    366.664    153.970 -106.82416   16.76222    153.000    13.2860    13.2544 4.1071e+04   4.112758     0.2102     0.0512    98.7287 3.6175e-03          0     0.5067     0.5189     0.0720     0.1148     4.5929     0.0000     0.0245     0.0000     0.5056     0.5177    34.7727    34.8554    26.1634    26.2338      1.286      1.573      0.488      0.597 0.0000e+00
       8841    368.332    154.977 -106.82416   16.76222    154.000    13.2754    13.2435 4.1062e+04   4.111804     0.2107     0.0510    98.7343 3.6093e-03          0     0.5066     0.5188     0.0720     0.1149     4.5931     0.0000     0.0244     0.0000     0.5056     0.5177    34.7732    34.8558    26.1660    26.2364      1.323      1.632      0.502      0.619 0.0000e+00
       8907    371.074    155.984 -106.82416   16.76222    155.000    13.2111    13.1763 4.1002e+04   4.106151     0.2083     0.0511    98.7318 3.5964e-03          0     0.5064     0.5185     0.0718     0.1151     4.5930     0.0000     0.0244     0.0000     0.5057     0.5177    34.7753    34.8635    26.1806    26.2560      1.281      1.601      0.486      0.606 0.0000e+00
       8937    372.354    156.990 -106.82416   16.76222    156.000    13.1396    13.1060 4.0936e+04   4.099422     0.1816     0.0510    98.7329 3.6040e-03          0     0.5066     0.5186     0.0692     0.1152     4.5930     0.0000     0.0244     0.0000     0.5057     0.5178    34.7777    34.8637    26.1969    26.2703      1.269      1.628      0.480      0.616 0.0000e+00
       8964    373.466    157.997 -106.82416   16.76222    157.000    13.0980    13.0664 4.0897e+04   4.095595     0.1615     0.0509    98.7359 3.6039e-03          0     0.5066     0.5188     0.0672     0.1150     4.5932     0.0000     0.0244     0.0000     0.5054     0.5175    34.7782    34.8633    26.2058    26.2780      1.074      1.515      0.406      0.573 0.0000e+00
       8996    374.803    159.004 -106.82416   16.76222    158.000    13.0822    13.0508 4.0883e+04   4.094030     0.1496     0.0512    98.7293 3.5847e-03          0     0.5065     0.5186     0.0660     0.1149     4.5929     0.0000     0.0243     0.0000     0.5049     0.5173    34.7786    34.8623    26.2093    26.2804      1.152      1.522      0.435      0.575 0.0000e+00
       9129    380.325    160.010 -106.82416   16.76220    159.000    13.1035    13.0739 4.0904e+04   4.096050     0.1318     0.0568    98.5906 3.4813e-03          0     0.5057     0.5180     0.0642     0.1149     4.5864     0.0000     0.0239     0.0000     0.5049     0.5172    34.7787    34.8599    26.2051    26.2739      1.273      1.585      0.481      0.599 0.0000e+00
       9171    382.080    161.017 -106.82416   16.76220    160.000    13.0292    12.9966 4.0834e+04   4.089472     0.1371     0.0507    98.7408 3.3952e-03          0     0.5055     0.5180     0.0647     0.1150     4.5934     0.0000     0.0235     0.0000     0.5058     0.5176    34.7800    34.8679    26.2210    26.2957      1.431      1.643      0.540      0.620 0.0000e+00
       9190    382.884    162.024 -106.82416   16.76220    161.000    12.9907    12.9507 4.0797e+04   4.085300     0.1358     0.0514    98.7246 3.3134e-03          0     0.5058     0.5181     0.0646     0.1149     4.5927     0.0000     0.0232     0.0000     0.5057     0.5176    34.7799    34.8700    26.2287    26.3064      1.298      1.569      0.490      0.592 0.0000e+00
       9208    383.625    163.031 -106.82416   16.76220    162.000    12.8732    12.8330 4.0684e+04   4.075108     0.1349     0.0518    98.7145 3.3499e-03          0     0.5056     0.5188     0.0645     0.1149     4.5922     0.0000     0.0233     0.0000     0.5058     0.5174    34.7798    34.8807    26.2520    26.3383      1.318      1.484      0.496      0.558 0.0000e+00
       9225    384.350    164.038 -106.82416   16.76222    163.000    12.7837    12.7507 4.0601e+04   4.066149     0.1209     0.0518    98.7145 3.3163e-03          0     0.5060     0.5183     0.0631     0.1150     4.5922     0.0000     0.0232     0.0000     0.5057     0.5171    34.7820    34.8705    26.2715    26.3468      1.181      1.471      0.444      0.552 0.0000e+00
       9246    385.205    165.044 -106.82416   16.76222    164.000    12.7702    12.7387 4.0588e+04   4.064636     0.0979     0.0521    98.7065 3.3161e-03          0     0.5066     0.5183     0.0608     0.1154     4.5918     0.0000     0.0232     0.0000     0.5051     0.5169    34.7822    34.8667    26.2744    26.3462      1.004      1.408      0.377      0.528 0.0000e+00
       9341    389.166    166.051 -106.82416   16.76220    165.000    12.8133    12.7766 4.0630e+04   4.068208     0.1024     0.0532    98.6779 3.2496e-03          0     0.5061     0.5179     0.0613     0.1162     4.5905     0.0000     0.0229     0.0000     0.5046     0.5168    34.7820    34.8655    26.2657    26.3378      1.162      1.536      0.437      0.577 0.0000e+00
       9427    392.735    167.058 -106.82416   16.76220    166.000    12.7897    12.7470 4.0609e+04   4.065967     0.1184     0.0522    98.7052 3.1980e-03          0     0.5055     0.5178     0.0629     0.1148     4.5918     0.0000     0.0227     0.0000     0.5046     0.5172    34.7835    34.8709    26.2716    26.3479      1.125      1.539      0.422      0.578 0.0000e+00
       9447    393.584    168.065 -106.82416   16.76220    167.000    12.7020    12.6676 4.0524e+04   4.058910     0.0964     0.0528    98.6882 3.1247e-03          0     0.5055     0.5181     0.0607     0.1148     4.5910     0.0000     0.0224     0.0000     0.5046     0.5169    34.7824    34.8762    26.2882    26.3677      1.163      1.451      0.436      0.544 0.0000e+00
       9470    394.559    169.072 -106.82416   16.76220    168.000    12.6501    12.6185 4.0474e+04   4.053295     0.0887     0.0520    98.7097 3.0627e-03          0     0.5056     0.5178     0.0598     0.1149     4.5920     0.0000     0.0221     0.0000     0.5046     0.5169    34.7818    34.8673    26.2979    26.3705      1.164      1.492      0.436      0.559 0.0000e+00
       9516    396.439    170.078 -106.82416   16.76220    169.000    12.6317    12.5998 4.0457e+04   4.051294     0.0837     0.0513    98.7255 3.0472e-03          0     0.5055     0.5180     0.0594     0.1149     4.5927     0.0000     0.0221     0.0000     0.5046     0.5168    34.7817    34.8649    26.3015    26.3723      1.162      1.485      0.435      0.556 0.0000e+00
       9577    399.000    171.085 -106.82416   16.76220    170.000    12.6227    12.5907 4.0449e+04   4.050496     0.0799     0.0507    98.7408 3.0282e-03          0     0.5055     0.5177     0.0590     0.1155     4.5934     0.0000     0.0220     0.0000     0.5046     0.5167    34.7816    34.8653    26.3032    26.3744      1.166      1.467      0.437      0.549 0.0000e+00
       9609    400.340    172.092 -106.82416   16.76220    171.000    12.5881    12.5553 4.0416e+04   4.047282     0.0830     0.0515    98.7212 3.0291e-03          0     0.5055     0.5177     0.0593     0.1164     4.5925     0.0000     0.0220     0.0000     0.5046     0.5167    34.7818    34.8667    26.3101    26.3825      1.167      1.467      0.436      0.549 0.0000e+00
