data/ctd-cnv/KM1919/KM1919-St20-P2/St20_P2_cast25-align-cellTM-derive-bin.cnv
* Sea-Bird SBE 9 Data File:
* FileName = C:\Users\otg\Desktop\CTD Data\km1920\St20_P2_cast25.hex
* Software Version Seasave V 7.26.7.107
* Temperature SN = 5554
* Conductivity SN = 3876
* Number of Bytes Per Scan = 41
* Number of Voltage Words = 4
* Number of Scans Averaged by the Deck Unit = 1
* NMEA Latitude = 16 48.59 N
* NMEA Longitude = 106 53.14 W
* NMEA UTC (Time) = Oct 03 2019  13:28:12
* NMEA baud rate = 4800
** Ship: Kilo Moana
** Station: St20_P2cast 25
** Operator: cf
** Start of leg 2
# nquan = 34
# nvalues = 503                         
# units = specified
# name 0 = scan: Scan Count
# name 1 = timeS: Time, Elapsed [seconds]
# name 2 = prDM: Pressure, Digiquartz [db]
# name 3 = longitude: Longitude [deg]
# name 4 = latitude: Latitude [deg]
# name 5 = depSMignore: Depth [salt water, m]
# name 6 = t090C: Temperature [ITS-90, deg C]
# name 7 = t190C: Temperature, 2 [ITS-90, deg C]
# name 8 = c0uS/cm: Conductivity [uS/cm]
# name 9 = c1S/m: Conductivity, 2 [S/m]
# name 10 = flECO-AFL: Fluorescence, WET Labs ECO-AFL/FL [mg/m^3]
# name 11 = CStarAt0: Beam Attenuation, WET Labs C-Star [1/m]
# name 12 = CStarTr0: Beam Transmission, WET Labs C-Star [%]
# name 13 = par: PAR/Irradiance, Biospherical/Licor
# name 14 = modError: Modulo Error Count
# name 15 = v0: Voltage 0
# name 16 = v1: Voltage 1
# name 17 = v2: Voltage 2
# name 18 = v3: Voltage 3
# name 19 = v4: Voltage 4
# name 20 = v5: Voltage 5
# name 21 = v6: Voltage 6
# name 22 = v7: Voltage 7
# name 23 = sbeox0V: Oxygen raw, SBE 43 [V]
# name 24 = sbeox1V: Oxygen raw, SBE 43, 2 [V]
# name 25 = sal00: Salinity, Practical [PSU]
# name 26 = sal11: Salinity, Practical, 2 [PSU]
# name 27 = sigma-é00: Density [sigma-theta, kg/m^3]
# name 28 = sigma-é11: Density, 2 [sigma-theta, kg/m^3]
# name 29 = sbeox0Mm/L: Oxygen, SBE 43 [umol/l], WS = 2
# name 30 = sbeox1Mm/L: Oxygen, SBE 43, 2 [umol/l], WS = 2
# name 31 = sbeox0PS: Oxygen, SBE 43 [% saturation], WS = 2
# name 32 = sbeox1PS: Oxygen, SBE 43, 2 [% saturation], WS = 2
# name 33 = flag: flag
# span 0 =        174,      18224       
# span 1 =      7.202,    759.285       
# span 2 =      1.006,    506.622       
# span 3 = -106.88594, -106.88574       
# span 4 =   16.80984,   16.80992       
# span 5 =      1.000,    503.000       
# span 6 =     7.7673,    29.3492       
# span 7 =     7.7407,    29.3129       
# span 8 = 3.5816e+04, 5.7067e+04       
# span 9 =   3.586907,   5.714419       
# span 10 =     0.0583,     1.1394      
# span 11 =     0.0046,     0.0903      
# span 12 =    97.7666,    99.8865      
# span 13 = 1.0000e-12, 5.4334e+02      
# span 14 =          0,          0      
# span 15 =     0.5031,     2.4741      
# span 16 =     0.5122,     2.4589      
# span 17 =     0.0568,     0.1650      
# span 18 =     0.1157,     0.1197      
# span 19 =     4.5481,     4.6467      
# span 20 =     0.0000,     0.0000      
# span 21 =     0.0084,     3.5256      
# span 22 =     0.0000,     0.0000      
# span 23 =     0.5024,     2.4742      
# span 24 =     0.5113,     2.4592      
# span 25 =    34.4462,    34.7900      
# span 26 =    34.5334,    34.8792      
# span 27 =    21.6043,    26.9722      
# span 28 =    21.6789,    27.0415      
# span 29 =      0.783,    222.324      
# span 30 =      0.500,    232.838      
# span 31 =      0.265,    105.553      
# span 32 =      0.169,    110.966      
# span 33 = 0.0000e+00, 0.0000e+00      
# interval = meters: 1                  
# start_time = Oct 03 2019 13:31:34 [NMEA time, first data scan]
# bad_flag = -9.990e-29
*END*
[from data line 470]
      16703    695.916    474.354 -106.88592   16.80986    471.000     8.2145     8.1868 3.6227e+04   3.627498     0.0639     0.0060    99.8510 1.0000e-12          0     0.5034     0.5133     0.0574     0.1183     4.6451     0.0000     0.0085     0.0000     0.5025     0.5121    34.5761    34.6546    26.9161    26.9819      0.862      0.797      0.293      0.271 0.0000e+00
      16722    696.719    475.363 -106.88592   16.80986    472.000     8.2079     8.1802 3.6221e+04   3.626925     0.0762     0.0063    99.8436 1.0000e-12          0     0.5033     0.5127     0.0586     0.1190     4.6447     0.0000     0.0084     0.0000     0.5025     0.5118    34.5758    34.6546    26.9169    26.9829      0.962      0.776      0.327      0.264 0.0000e+00
      16776    698.948    476.371 -106.88590   16.80986    473.000     8.2047     8.1760 3.6218e+04   3.626461     0.0688     0.0056    99.8599 1.0000e-12          0     0.5033     0.5128     0.0579     0.1192     4.6455     0.0000     0.0085     0.0000     0.5025     0.5120    34.5758    34.6533    26.9174    26.9826      1.032      0.904      0.351      0.307 0.0000e+00
      16847    701.910    477.379 -106.88591   16.80986    474.000     8.1853     8.1612 3.6201e+04   3.625425     0.0814     0.0052    99.8693 1.0000e-12          0     0.5032     0.5126     0.0591     0.1187     4.6459     0.0000     0.0084     0.0000     0.5028     0.5121    34.5762    34.6564    26.9206    26.9872      1.136      1.058      0.386      0.359 0.0000e+00
      16873    702.998    478.387 -106.88592   16.80986    475.000     8.1536     8.1254 3.6171e+04   3.622008     0.0636     0.0052    99.8696 1.0000e-12          0     0.5033     0.5127     0.0574     0.1196     4.6459     0.0000     0.0085     0.0000     0.5030     0.5130    34.5750    34.6547    26.9245    26.9913      1.047      1.131      0.355      0.384 0.0000e+00
      16893    703.819    479.396 -106.88592   16.80986    476.000     8.1342     8.1059 3.6153e+04   3.620285     0.0639     0.0052    99.8696 1.0000e-12          0     0.5032     0.5128     0.0574     0.1197     4.6459     0.0000     0.0085     0.0000     0.5027     0.5125    34.5741    34.6550    26.9267    26.9944      1.090      0.807      0.370      0.274 0.0000e+00
      16910    704.561    480.404 -106.88592   16.80986    477.000     8.1068     8.0778 3.6127e+04   3.617827     0.0659     0.0053    99.8667 1.0000e-12          0     0.5034     0.5126     0.0576     0.1196     4.6458     0.0000     0.0085     0.0000     0.5029     0.5122    34.5729    34.6560    26.9299    26.9994      0.976      0.884      0.331      0.300 0.0000e+00
      16927    705.263    481.412 -106.88592   16.80986    478.000     8.0605     8.0316 3.6083e+04   3.613462     0.0647     0.0056    99.8591 1.0000e-12          0     0.5037     0.5129     0.0575     0.1196     4.6454     0.0000     0.0085     0.0000     0.5028     0.5128    34.5710    34.6544    26.9352    27.0051      0.783      0.899      0.265      0.304 0.0000e+00
      16944    705.970    482.421 -106.88592   16.80986    479.000     8.0355     8.0068 3.6060e+04   3.611081     0.0646     0.0052    99.8691 1.0000e-12          0     0.5036     0.5133     0.0575     0.1196     4.6459     0.0000     0.0084     0.0000     0.5024     0.5117    34.5708    34.6530    26.9389    27.0077      0.859      0.699      0.291      0.236 0.0000e+00
      16963    706.744    483.429 -106.88592   16.80986    480.000     8.0116     7.9832 3.6038e+04   3.608777     0.0645     0.0052    99.8696 1.0000e-12          0     0.5035     0.5133     0.0575     0.1197     4.6459     0.0000     0.0084     0.0000     0.5025     0.5122    34.5701    34.6511    26.9419    27.0097      1.008      0.861      0.341      0.291 0.0000e+00
      16984    707.619    484.437 -106.88592   16.80986    481.000     8.0006     7.9732 3.6028e+04   3.607650     0.0644     0.0052    99.8696 1.0000e-12          0     0.5037     0.5132     0.0575     0.1196     4.6459     0.0000     0.0085     0.0000     0.5025     0.5119    34.5694    34.6485    26.9430    27.0092      0.982      0.773      0.332      0.262 0.0000e+00
      17012    708.809    485.446 -106.88592   16.80986    482.000     7.9980     7.9706 3.6026e+04   3.607409     0.0639     0.0052    99.8703 1.0000e-12          0     0.5033     0.5128     0.0574     0.1186     4.6459     0.0000     0.0085     0.0000     0.5025     0.5116    34.5693    34.6480    26.9433    27.0092      1.026      0.810      0.347      0.274 0.0000e+00
      17054    710.554    486.454 -106.88592   16.80986    483.000     7.9928     7.9655 3.6021e+04   3.606973     0.0642     0.0063    99.8421 1.0000e-12          0     0.5032     0.5126     0.0574     0.1189     4.6446     0.0000     0.0085     0.0000     0.5026     0.5119    34.5693    34.6479    26.9440    27.0099      1.002      0.853      0.339      0.288 0.0000e+00
      17094    712.214    487.462 -106.88592   16.80986    484.000     7.9841     7.9566 3.6014e+04   3.606195     0.0612     0.0052    99.8704 1.0000e-12          0     0.5032     0.5124     0.0571     0.1182     4.6459     0.0000     0.0085     0.0000     0.5025     0.5116    34.5694    34.6479    26.9455    27.0112      1.068      0.851      0.361      0.288 0.0000e+00
      17129    713.660    488.470 -106.88592   16.80986    485.000     7.9824     7.9549 3.6013e+04   3.606055     0.0640     0.0059    99.8525 1.0000e-12          0     0.5033     0.5125     0.0574     0.1183     4.6451     0.0000     0.0085     0.0000     0.5026     0.5125    34.5696    34.6475    26.9459    27.0112      0.934      1.086      0.316      0.367 0.0000e+00
      17162    715.036    489.479 -106.88592   16.80986    486.000     7.9803     7.9524 3.6011e+04   3.605905     0.0639     0.0054    99.8643 1.0000e-12          0     0.5032     0.5123     0.0574     0.1192     4.6457     0.0000     0.0085     0.0000     0.5025     0.5118    34.5695    34.6479    26.9462    27.0119      0.961      0.690      0.325      0.233 0.0000e+00
      17192    716.311    490.487 -106.88592   16.80986    487.000     7.9754     7.9478 3.6007e+04   3.605508     0.0859     0.0050    99.8736 1.0000e-12          0     0.5034     0.5122     0.0596     0.1183     4.6461     0.0000     0.0085     0.0000     0.5024     0.5118    34.5695    34.6478    26.9468    27.0125      0.957      0.817      0.323      0.276 0.0000e+00
      17216    717.304    491.496 -106.88592   16.80986    488.000     7.9728     7.9456 3.6006e+04   3.605347     0.0648     0.0050    99.8759 1.0000e-12          0     0.5033     0.5135     0.0575     0.1183     4.6462     0.0000     0.0085     0.0000     0.5024     0.5116    34.5701    34.6477    26.9477    27.0127      1.002      1.151      0.339      0.389 0.0000e+00
      17235    718.098    492.504 -106.88592   16.80986    489.000     7.9681     7.9403 3.6002e+04   3.604940     0.0639     0.0048    99.8789 1.0000e-12          0     0.5031     0.5124     0.0574     0.1192     4.6463     0.0000     0.0085     0.0000     0.5025     0.5130    34.5699    34.6481    26.9483    27.0139      1.034      1.009      0.349      0.341 0.0000e+00
      17253    718.818    493.512 -106.88592   16.80986    490.000     7.9650     7.9372 3.6000e+04   3.604654     0.0639     0.0048    99.8804 1.0000e-12          0     0.5032     0.5126     0.0574     0.1196     4.6464     0.0000     0.0085     0.0000     0.5025     0.5116    34.5700    34.6477    26.9489    27.0140      0.962      0.500      0.325      0.169 0.0000e+00
      17270    719.559    494.521 -106.88592   16.80986    491.000     7.9584     7.9312 3.5994e+04   3.604199     0.0639     0.0046    99.8849 1.0000e-12          0     0.5031     0.5122     0.0574     0.1197     4.6466     0.0000     0.0085     0.0000     0.5024     0.5120    34.5701    34.6482    26.9499    27.0153      0.962      0.848      0.325      0.286 0.0000e+00
      17291    720.426    495.529 -106.88592   16.80986    492.000     7.9551     7.9276 3.5991e+04   3.603865     0.0639     0.0052    99.8687 1.0000e-12          0     0.5031     0.5124     0.0574     0.1185     4.6459     0.0000     0.0085     0.0000     0.5024     0.5113    34.5700    34.6477    26.9504    27.0155      1.006      0.534      0.340      0.181 0.0000e+00
      17329    721.991    496.537 -106.88592   16.80986    493.000     7.9486     7.9214 3.5986e+04   3.603305     0.0639     0.0053    99.8682 1.0000e-12          0     0.5031     0.5127     0.0574     0.1194     4.6458     0.0000     0.0085     0.0000     0.5025     0.5115    34.5698    34.6474    26.9511    27.0162      1.015      0.905      0.343      0.306 0.0000e+00
      17386    724.364    497.546 -106.88592   16.80986    494.000     7.9422     7.9151 3.5980e+04   3.602787     0.0639     0.0055    99.8625 1.0000e-12          0     0.5031     0.5123     0.0574     0.1197     4.6456     0.0000     0.0085     0.0000     0.5024     0.5120    34.5695    34.6475    26.9519    27.0172      0.971      0.807      0.328      0.273 0.0000e+00
      17434    726.369    498.554 -106.88592   16.80986    495.000     7.9245     7.8974 3.5964e+04   3.601215     0.0607     0.0054    99.8650 1.0000e-12          0     0.5032     0.5124     0.0571     0.1190     4.6457     0.0000     0.0085     0.0000     0.5026     0.5118    34.5694    34.6477    26.9544    27.0199      1.039      0.862      0.351      0.291 0.0000e+00
      17478    728.207    499.563 -106.88592   16.80986    496.000     7.8950     7.8670 3.5936e+04   3.598556     0.0640     0.0057    99.8567 1.0000e-12          0     0.5031     0.5125     0.0574     0.1185     4.6453     0.0000     0.0085     0.0000     0.5024     0.5119    34.5684    34.6488    26.9580    27.0253      0.968      1.004      0.327      0.339 0.0000e+00
      17506    729.363    500.571 -106.88594   16.80986    497.000     7.8601     7.8329 3.5904e+04   3.595350     0.0683     0.0054    99.8641 1.0000e-12          0     0.5032     0.5122     0.0578     0.1194     4.6456     0.0000     0.0085     0.0000     0.5026     0.5119    34.5674    34.6476    26.9624    27.0294      1.042      0.731      0.351      0.246 0.0000e+00
      17526    730.189    501.580 -106.88594   16.80986    498.000     7.8471     7.8196 3.5892e+04   3.593946     0.0883     0.0052    99.8696 1.0000e-12          0     0.5032     0.5126     0.0598     0.1184     4.6459     0.0000     0.0085     0.0000     0.5025     0.5117    34.5669    34.6452    26.9639    27.0295      0.998      0.874      0.336      0.295 0.0000e+00
      17543    730.904    502.588 -106.88594   16.80986    499.000     7.8398     7.8119 3.5885e+04   3.593267     0.0698     0.0049    99.8779 1.0000e-12          0     0.5033     0.5123     0.0580     0.1193     4.6463     0.0000     0.0085     0.0000     0.5026     0.5120    34.5663    34.6450    26.9645    27.0305      0.966      0.947      0.326      0.319 0.0000e+00
      17559    731.585    503.596 -106.88594   16.80986    500.000     7.8306     7.8030 3.5877e+04   3.592481     0.0639     0.0046    99.8850 1.0000e-12          0     0.5032     0.5128     0.0574     0.1197     4.6466     0.0000     0.0085     0.0000     0.5025     0.5118    34.5661    34.6450    26.9657    27.0318      0.939      0.810      0.317      0.273 0.0000e+00
      17576    732.276    504.605 -106.88594   16.80986    501.000     7.8086     7.7813 3.5856e+04   3.590692     0.0639     0.0046    99.8865 1.0000e-12          0     0.5032     0.5125     0.0574     0.1197     4.6467     0.0000     0.0085     0.0000     0.5024     0.5121    34.5646    34.6467    26.9677    27.0363      0.981      0.778      0.330      0.262 0.0000e+00
      17594    733.028    505.613 -106.88593   16.80986    502.000     7.7673     7.7407 3.5816e+04   3.586907     0.0639     0.0050    99.8743 1.0000e-12          0     0.5032     0.5125     0.0574     0.1196     4.6461     0.0000     0.0085     0.0000     0.5025     0.5117    34.5626    34.6457    26.9722    27.0415      0.985      0.701      0.331      0.236 0.0000e+00
      18224    759.285    506.622 -106.88592   16.80986    503.000     7.7765     7.7512 3.5825e+04   3.587319     0.0639     0.0054    99.8659 1.0000e-12          0     0.5032     0.5126     0.0574     0.1196     4.6457     0.0000     0.0085     0.0000     0.5024     0.5113    34.5626    34.6393    26.9709    27.0349      0.983      0.744      0.331      0.250 0.0000e+00
