data/ctd-cnv/KM1919/KM1919-St20-P2/St20_P2_cast50-align-cellTM-derive-bin.cnv
* Sea-Bird SBE 9 Data File:
* FileName = C:\Users\otg\Desktop\CTD Data\km1920\St20_P2_cast50.hex
* Software Version Seasave V 7.26.7.107
* Temperature SN = 5554
* Conductivity SN = 3876
* Number of Bytes Per Scan = 41
* Number of Voltage Words = 4
* Number of Scans Averaged by the Deck Unit = 1
* NMEA Latitude = 16 45.53 N
* NMEA Longitude = 106 45.95 W
* NMEA UTC (Time) = Oct 09 2019  14:11:27
* NMEA baud rate = 4800
** Ship: Kilo Moana
** Station: St20_P2 cast 50
** Operator: gr
** diel 7
# nquan = 34
# nvalues = 199                         
# units = specified
# name 0 = scan: Scan Count
# name 1 = timeS: Time, Elapsed [seconds]
# name 2 = prDM: Pressure, Digiquartz [db]
# name 3 = longitude: Longitude [deg]
# name 4 = latitude: Latitude [deg]
# name 5 = depSM: Depth [salt water, m]
# name 6 = t090C: Temperature [ITS-90, deg C]
# name 7 = t190C: Temperature, 2 [ITS-90, deg C]
# name 8 = c0uS/cm: Conductivity [uS/cm]
# name 9 = c1S/m: Conductivity, 2 [S/m]
# name 10 = flECO-AFL: Fluorescence, WET Labs ECO-AFL/FL [mg/m^3]
# name 11 = CStarAt0: Beam Attenuation, WET Labs C-Star [1/m]
# name 12 = CStarTr0: Beam Transmission, WET Labs C-Star [%]
# name 13 = par: PAR/Irradiance, Biospherical/Licor
# name 14 = modError: Modulo Error Count
# name 15 = v0: Voltage 0
# name 16 = v1: Voltage 1
# name 17 = v2: Voltage 2
# name 18 = v3: Voltage 3
# name 19 = v4: Voltage 4
# name 20 = v5: Voltage 5
# name 21 = v6: Voltage 6
# name 22 = v7: Voltage 7
# name 23 = sbeox0V: Oxygen raw, SBE 43 [V]
# name 24 = sbeox1V: Oxygen raw, SBE 43, 2 [V]
# name 25 = sal00: Salinity, Practical [PSU]
# name 26 = sal11: Salinity, Practical, 2 [PSU]
# name 27 = sigma-é00: Density [sigma-theta, kg/m^3]
# name 28 = sigma-é11: Density, 2 [sigma-theta, kg/m^3]
# name 29 = sbeox0Mm/L: Oxygen, SBE 43 [umol/l], WS = 2
# name 30 = sbeox1Mm/L: Oxygen, SBE 43, 2 [umol/l], WS = 2
# name 31 = sbeox0PS: Oxygen, SBE 43 [% saturation], WS = 2
# name 32 = sbeox1PS: Oxygen, SBE 43, 2 [% saturation], WS = 2
# name 33 = flag: flag
# span 0 =        257,      11658       
# span 1 =     10.652,    485.719       
# span 2 =      2.012,    201.291       
# span 3 = -106.76580, -106.76556       
# span 4 =   16.75888,   16.75900       
# span 5 =      2.000,    200.000       
# span 6 =    12.2800,    29.5820       
# span 7 =    12.2469,    29.5408       
# span 8 = 4.0128e+04, 5.7300e+04       
# span 9 =   4.018228,   5.738173       
# span 10 =     0.0624,     1.6727      
# span 11 =     0.0228,     0.1064      
# span 12 =    97.3747,    99.4307      
# span 13 = 1.3696e-03, 5.5673e+02      
# span 14 =          0,          0      
# span 15 =     0.5043,     2.4938      
# span 16 =     0.5156,     2.4752      
# span 17 =     0.0573,     0.2182      
# span 18 =     0.1137,     0.1172      
# span 19 =     4.5299,     4.6255      
# span 20 =     0.0000,     0.0000      
# span 21 =     0.0149,     3.7557      
# span 22 =     0.0000,     0.0000      
# span 23 =     0.5034,     2.4962      
# span 24 =     0.5144,     2.4759      
# span 25 =    34.2752,    34.7829      
# span 26 =    34.3645,    34.8714      
# span 27 =    21.5536,    26.3669      
# span 28 =    21.6315,    26.4380      
# span 29 =      0.774,    228.644      
# span 30 =      1.135,    239.531      
# span 31 =      0.289,    107.186      
# span 32 =      0.422,    111.643      
# span 33 = 0.0000e+00, 0.0000e+00      
# interval = meters: 1                  
# start_time = Oct 09 2019 14:15:40 [NMEA time, first data scan]
# bad_flag = -9.990e-29
*END*
[from data line 171]
       9942    414.219    174.105 -106.76562   16.75896    173.000    12.7306    12.7003 4.0554e+04   4.061037     0.0883     0.0375    99.0660 1.8715e-03          0     0.5052     0.5169     0.0598     0.1147     4.6086     0.0000     0.0170     0.0000     0.5041     0.5159    34.7818    34.8638    26.2822    26.3517      1.133      1.381      0.425      0.518 0.0000e+00
      10002    416.690    175.112 -106.76562   16.75898    174.000    12.6929    12.6615 4.0519e+04   4.057454     0.0856     0.0373    99.0707 1.7660e-03          0     0.5050     0.5167     0.0595     0.1148     4.6088     0.0000     0.0166     0.0000     0.5041     0.5158    34.7824    34.8649    26.2901    26.3603      1.033      1.326      0.387      0.497 0.0000e+00
      10036    418.125    176.119 -106.76562   16.75898    175.000    12.6891    12.6577 4.0516e+04   4.057103     0.0821     0.0379    99.0547 1.7366e-03          0     0.5052     0.5169     0.0592     0.1148     4.6080     0.0000     0.0165     0.0000     0.5042     0.5157    34.7824    34.8646    26.2909    26.3608      1.102      1.323      0.413      0.496 0.0000e+00
      10127    421.907    177.126 -106.76562   16.75898    176.000    12.6783    12.6416 4.0506e+04   4.055538     0.0837     0.0376    99.0644 1.6427e-03          0     0.5050     0.5166     0.0593     0.1147     4.6085     0.0000     0.0161     0.0000     0.5041     0.5158    34.7823    34.8640    26.2929    26.3636      1.110      1.342      0.416      0.503 0.0000e+00
      10202    425.036    178.133 -106.76562   16.75898    177.000    12.6324    12.5928 4.0462e+04   4.051359     0.0779     0.0374    99.0685 1.6634e-03          0     0.5048     0.5166     0.0588     0.1148     4.6087     0.0000     0.0161     0.0000     0.5043     0.5158    34.7820    34.8686    26.3018    26.3767      1.131      1.406      0.424      0.526 0.0000e+00
      10221    425.815    179.139 -106.76561   16.75898    178.000    12.5960    12.5627 4.0426e+04   4.048302     0.0761     0.0377    99.0601 1.6366e-03          0     0.5049     0.5166     0.0586     0.1148     4.6083     0.0000     0.0160     0.0000     0.5043     0.5159    34.7811    34.8667    26.3083    26.3812      1.059      1.315      0.396      0.492 0.0000e+00
      10240    426.623    180.146 -106.76560   16.75898    179.000    12.5517    12.5179 4.0384e+04   4.044203     0.0767     0.0368    99.0852 1.6209e-03          0     0.5053     0.5167     0.0587     0.1148     4.6094     0.0000     0.0160     0.0000     0.5040     0.5157    34.7808    34.8683    26.3168    26.3912      0.960      1.309      0.359      0.489 0.0000e+00
      10266    427.698    181.153 -106.76560   16.75898    180.000    12.5299    12.4985 4.0363e+04   4.041995     0.0755     0.0350    99.1291 1.6361e-03          0     0.5052     0.5166     0.0585     0.1148     4.6115     0.0000     0.0160     0.0000     0.5038     0.5157    34.7807    34.8646    26.3210    26.3922      0.944      1.332      0.353      0.498 0.0000e+00
      10402    433.373    182.160 -106.76560   16.75898    181.000    12.5443    12.5090 4.0378e+04   4.043367     0.0753     0.0361    99.1020 1.6121e-03          0     0.5046     0.5166     0.0585     0.1148     4.6102     0.0000     0.0159     0.0000     0.5040     0.5157    34.7811    34.8676    26.3185    26.3926      1.148      1.269      0.429      0.474 0.0000e+00
      10436    434.811    183.167 -106.76560   16.75899    182.000    12.4964    12.4576 4.0332e+04   4.038514     0.0761     0.0351    99.1264 1.6062e-03          0     0.5046     0.5167     0.0586     0.1149     4.6113     0.0000     0.0159     0.0000     0.5044     0.5156    34.7813    34.8681    26.3280    26.4030      1.037      1.311      0.387      0.489 0.0000e+00
      10456    435.608    184.174 -106.76560   16.75900    183.000    12.4395    12.4062 4.0277e+04   4.033858     0.0761     0.0348    99.1350 1.6063e-03          0     0.5051     0.5166     0.0586     0.1148     4.6117     0.0000     0.0159     0.0000     0.5036     0.5156    34.7800    34.8704    26.3381    26.4148      0.774      1.324      0.289      0.494 0.0000e+00
      10479    436.591    185.181 -106.76560   16.75900    184.000    12.4059    12.3749 4.0245e+04   4.030263     0.0761     0.0343    99.1456 1.6063e-03          0     0.5050     0.5167     0.0586     0.1148     4.6122     0.0000     0.0159     0.0000     0.5036     0.5155    34.7802    34.8643    26.3449    26.4162      0.963      1.284      0.359      0.478 0.0000e+00
      10601    441.655    186.187 -106.76560   16.75898    185.000    12.4186    12.4036 4.0258e+04   4.032727     0.0722     0.0346    99.1398 1.6063e-03          0     0.5048     0.5163     0.0582     0.1148     4.6120     0.0000     0.0159     0.0000     0.5035     0.5154    34.7801    34.8611    26.3423    26.4081      0.950      1.263      0.354      0.471 0.0000e+00
      10669    444.493    187.195 -106.76560   16.75900    186.000    12.3970    12.3592 4.0238e+04   4.029427     0.0635     0.0347    99.1371 1.6063e-03          0     0.5049     0.5164     0.0574     0.1149     4.6118     0.0000     0.0159     0.0000     0.5039     0.5155    34.7805    34.8700    26.3469    26.4236      1.091      1.303      0.406      0.485 0.0000e+00
      10685    445.146    188.201 -106.76560   16.75900    187.000    12.3688    12.3377 4.0211e+04   4.026700     0.0758     0.0337    99.1614 1.6063e-03          0     0.5049     0.5164     0.0586     0.1149     4.6129     0.0000     0.0159     0.0000     0.5040     0.5154    34.7802    34.8631    26.3522    26.4225      0.961      1.293      0.358      0.481 0.0000e+00
      10705    446.009    189.208 -106.76560   16.75900    188.000    12.3655    12.3346 4.0208e+04   4.026369     0.0671     0.0338    99.1576 1.6063e-03          0     0.5051     0.5165     0.0577     0.1148     4.6128     0.0000     0.0159     0.0000     0.5036     0.5155    34.7799    34.8624    26.3526    26.4226      0.921      1.305      0.343      0.486 0.0000e+00
      10797    449.832    190.215 -106.76559   16.75899    189.000    12.3679    12.3365 4.0211e+04   4.026513     0.0665     0.0341    99.1515 1.6038e-03          0     0.5046     0.5164     0.0577     0.1148     4.6125     0.0000     0.0159     0.0000     0.5035     0.5154    34.7797    34.8616    26.3520    26.4217      0.995      1.277      0.371      0.476 0.0000e+00
      10941    455.835    191.222 -106.76558   16.75898    190.000    12.3665    12.3364 4.0210e+04   4.026545     0.0639     0.0349    99.1327 1.5771e-03          0     0.5045     0.5165     0.0574     0.1148     4.6116     0.0000     0.0158     0.0000     0.5034     0.5152    34.7801    34.8615    26.3526    26.4217      0.987      1.227      0.368      0.457 0.0000e+00
      11008    458.628    192.229 -106.76558   16.75898    191.000    12.3607    12.3282 4.0204e+04   4.025766     0.0656     0.0337    99.1622 1.5285e-03          0     0.5044     0.5162     0.0576     0.1148     4.6130     0.0000     0.0156     0.0000     0.5034     0.5152    34.7796    34.8612    26.3533    26.4230      0.996      1.262      0.371      0.470 0.0000e+00
      11124    463.445    193.236 -106.76558   16.75898    192.000    12.3529    12.3236 4.0197e+04   4.025454     0.0652     0.0337    99.1596 1.4828e-03          0     0.5043     0.5160     0.0575     0.1148     4.6128     0.0000     0.0154     0.0000     0.5034     0.5152    34.7793    34.8620    26.3547    26.4245      0.993      1.260      0.369      0.469 0.0000e+00
      11205    466.819    194.243 -106.76558   16.75899    193.000    12.3463    12.3158 4.0191e+04   4.024597     0.0651     0.0338    99.1578 1.4948e-03          0     0.5043     0.5161     0.0575     0.1148     4.6128     0.0000     0.0154     0.0000     0.5034     0.5151    34.7791    34.8605    26.3558    26.4249      0.998      1.232      0.371      0.459 0.0000e+00
      11313    471.339    195.250 -106.76558   16.75900    194.000    12.3439    12.3128 4.0190e+04   4.024359     0.0725     0.0337    99.1610 1.5357e-03          0     0.5043     0.5158     0.0582     0.1148     4.6129     0.0000     0.0156     0.0000     0.5034     0.5149    34.7794    34.8606    26.3566    26.4256      1.013      1.226      0.377      0.456 0.0000e+00
      11331    472.066    196.256 -106.76558   16.75900    195.000    12.3417    12.3114 4.0188e+04   4.024275     0.0628     0.0336    99.1623 1.4620e-03          0     0.5043     0.5161     0.0573     0.1149     4.6130     0.0000     0.0153     0.0000     0.5035     0.5149    34.7796    34.8606    26.3572    26.4259      1.001      1.256      0.373      0.467 0.0000e+00
      11349    472.828    197.263 -106.76557   16.75900    196.000    12.3364    12.3042 4.0182e+04   4.023697     0.0627     0.0330    99.1795 1.4940e-03          0     0.5043     0.5158     0.0573     0.1148     4.6138     0.0000     0.0154     0.0000     0.5034     0.5150    34.7787    34.8614    26.3575    26.4279      0.984      1.215      0.366      0.452 0.0000e+00
      11371    473.760    198.270 -106.76556   16.75900    197.000    12.3244    12.2935 4.0171e+04   4.022623     0.0634     0.0337    99.1618 1.4476e-03          0     0.5043     0.5159     0.0574     0.1148     4.6129     0.0000     0.0152     0.0000     0.5034     0.5150    34.7780    34.8605    26.3593    26.4293      0.998      1.253      0.371      0.466 0.0000e+00
      11495    478.910    199.277 -106.76556   16.75900    198.000    12.3250    12.2951 4.0172e+04   4.022685     0.0680     0.0334    99.1677 1.4804e-03          0     0.5043     0.5158     0.0578     0.1146     4.6132     0.0000     0.0154     0.0000     0.5034     0.5148    34.7781    34.8591    26.3593    26.4280      0.999      1.135      0.372      0.422 0.0000e+00
      11622    484.211    200.284 -106.76556   16.75900    199.000    12.3211    12.2888 4.0169e+04   4.022305     0.0640     0.0337    99.1620 1.4818e-03          0     0.5043     0.5156     0.0574     0.1148     4.6130     0.0000     0.0154     0.0000     0.5034     0.5146    34.7783    34.8608    26.3603    26.4306      0.999      1.172      0.372      0.436 0.0000e+00
      11658    485.719    201.291 -106.76556   16.75900    200.000    12.2800    12.2469 4.0128e+04   4.018228     0.0624     0.0329    99.1825 1.3696e-03          0     0.5043     0.5157     0.0573     0.1148     4.6140     0.0000     0.0149     0.0000     0.5034     0.5144    34.7766    34.8600    26.3669    26.4380      1.000      1.144      0.372      0.425 0.0000e+00
