data/ctd-cnv/KM1919/KM1919-St20-P2/St20_P2_cast60-align-cellTM-derive-bin.cnv
* Sea-Bird SBE 9 Data File:
* FileName = C:\Users\otg\Desktop\CTD Data\km1920\St20_P2_cast60.hex
* Software Version Seasave V 7.26.7.107
* Temperature SN = 5554
* Conductivity SN = 3876
* Number of Bytes Per Scan = 41
* Number of Voltage Words = 4
* Number of Scans Averaged by the Deck Unit = 1
* NMEA Latitude = 16 51.33 N
* NMEA Longitude = 106 51.50 W
* NMEA UTC (Time) = Oct 12 2019  19:45:14
* NMEA baud rate = 4800
** Ship: Kilo Moana
** Station: St20_P2 cast 60
** Operator: gr
# nquan = 34
# nvalues = 1755                        
# units = specified
# name 0 = scan: Scan Count
# name 1 = timeS: Time, Elapsed [seconds]
# name 2 = prDM: Pressure, Digiquartz [db]
# name 3 = longitude: Longitude [deg]
# name 4 = latitude: Latitude [deg]
# name 5 = depSMignore: Depth [salt water, m]
# name 6 = t090C: Temperature [ITS-90, deg C]
# name 7 = t190C: Temperature, 2 [ITS-90, deg C]
# name 8 = c0uS/cm: Conductivity [uS/cm]
# name 9 = c1S/m: Conductivity, 2 [S/m]
# name 10 = flECO-AFL: Fluorescence, WET Labs ECO-AFL/FL [mg/m^3]
# name 11 = CStarAt0: Beam Attenuation, WET Labs C-Star [1/m]
# name 12 = CStarTr0: Beam Transmission, WET Labs C-Star [%]
# name 13 = par: PAR/Irradiance, Biospherical/Licor
# name 14 = modError: Modulo Error Count
# name 15 = v0: Voltage 0
# name 16 = v1: Voltage 1
# name 17 = v2: Voltage 2
# name 18 = v3: Voltage 3
# name 19 = v4: Voltage 4
# name 20 = v5: Voltage 5
# name 21 = v6: Voltage 6
# name 22 = v7: Voltage 7
# name 23 = sbeox0V: Oxygen raw, SBE 43 [V]
# name 24 = sbeox1V: Oxygen raw, SBE 43, 2 [V]
# name 25 = sal00: Salinity, Practical [PSU]
# name 26 = sal11: Salinity, Practical, 2 [PSU]
# name 27 = sigma-é00: Density [sigma-theta, kg/m^3]
# name 28 = sigma-é11: Density, 2 [sigma-theta, kg/m^3]
# name 29 = sbeox0Mm/L: Oxygen, SBE 43 [umol/l], WS = 2
# name 30 = sbeox1Mm/L: Oxygen, SBE 43, 2 [umol/l], WS = 2
# name 31 = sbeox0PS: Oxygen, SBE 43 [% saturation], WS = 2
# name 32 = sbeox1PS: Oxygen, SBE 43, 2 [% saturation], WS = 2
# name 33 = flag: flag
# span 0 =        465,      66737       
# span 1 =     19.346,   2780.655       
# span 2 =      3.018,   1775.003       
# span 3 = -106.85851, -106.85832       
# span 4 =   16.85538,   16.85585       
# span 5 =      3.000,   1757.000       
# span 6 =     2.6419,    28.9993       
# span 7 =     2.6197,    28.9642       
# span 8 = 3.1807e+04, 5.6338e+04       
# span 9 =   3.185143,   5.642411       
# span 10 =     0.0397,     1.6199      
# span 11 =     0.0356,     0.1252      
# span 12 =    96.9189,    99.1147      
# span 13 = -2.849e-04, 4.4372e+02      
# span 14 =          0,          0      
# span 15 =     0.5030,     2.5172      
# span 16 =     0.5123,     2.5053      
# span 17 =     0.0549,     0.2130      
# span 18 =     0.1123,     0.1212      
# span 19 =     4.5087,     4.6108      
# span 20 =     0.0000,     0.0000      
# span 21 =     0.0073,     3.6593      
# span 22 =     0.0000,     0.0000      
# span 23 =     0.5023,     2.5107      
# span 24 =     0.5118,     2.4927      
# span 25 =    34.2591,    34.7831      
# span 26 =    34.3484,    34.8756      
# span 27 =    21.5494,    27.6253      
# span 28 =    21.6227,    27.6895      
# span 29 =      0.645,    231.451      
# span 30 =      0.739,    241.330      
# span 31 =      0.229,    108.730      
# span 32 =      0.245,    112.670      
# span 33 = 0.0000e+00, 0.0000e+00      
# interval = meters: 1                  
# start_time = Oct 12 2019 19:49:37 [NMEA time, first data scan]
# bad_flag = -9.990e-29
*END*
[from data line 1281]
      49330   2055.394   1295.688 -106.85842   16.85566   1284.000     3.6934     3.6694 3.2497e+04   3.254037     0.0635     0.0417    98.9638 1.5681e-04          0     0.6154     0.6242     0.0574     0.1197     4.6038     0.0000     0.0092     0.0000     0.6172     0.6257    34.5769    34.6540    27.4906    27.5544     26.226     26.684      8.023      8.162 0.0000e+00
      49364   2056.773   1296.700 -106.85842   16.85566   1285.000     3.6929     3.6687 3.2496e+04   3.254004     0.0556     0.0407    98.9888 6.4233e-04          0     0.6155     0.6245     0.0566     0.1197     4.6049     0.0000     0.0113     0.0000     0.6173     0.6260    34.5768    34.6538    27.4906    27.5543     25.886     26.695      7.919      8.165 0.0000e+00
      49406   2058.541   1297.712 -106.85842   16.85566   1286.000     3.6925     3.6684 3.2496e+04   3.254019     0.0640     0.0402    99.0000 2.9161e-04          0     0.6162     0.6250     0.0574     0.1196     4.6054     0.0000     0.0099     0.0000     0.6173     0.6261    34.5768    34.6538    27.4906    27.5543     25.806     26.749      7.894      8.182 0.0000e+00
      49443   2060.101   1298.724 -106.85842   16.85566   1287.000     3.6919     3.6676 3.2497e+04   3.254008     0.0639     0.0401    99.0034 2.5119e-05          0     0.6166     0.6254     0.0574     0.1197     4.6056     0.0000     0.0087     0.0000     0.6173     0.6265    34.5769    34.6540    27.4908    27.5546     25.830     26.874      7.901      8.220 0.0000e+00
      49467   2061.104   1299.737 -106.85842   16.85566   1288.000     3.6883     3.6639 3.2494e+04   3.253798     0.0639     0.0401    99.0033 1.6624e-04          0     0.6166     0.6255     0.0574     0.1197     4.6056     0.0000     0.0093     0.0000     0.6174     0.6268    34.5769    34.6549    27.4911    27.5557     26.342     26.871      8.057      8.218 0.0000e+00
      49488   2061.951   1300.749 -106.85842   16.85566   1289.000     3.6824     3.6581 3.2489e+04   3.253287     0.0639     0.0402    99.0019 1.7132e-04          0     0.6166     0.6255     0.0574     0.1197     4.6055     0.0000     0.0094     0.0000     0.6180     0.6267    34.5772    34.6544    27.4920    27.5559     26.497     26.805      8.103      8.197 0.0000e+00
      49508   2062.792   1301.761 -106.85842   16.85566   1290.000     3.6814     3.6572 3.2489e+04   3.253246     0.0639     0.0401    99.0020 -7.412e-08          0     0.6166     0.6257     0.0574     0.1196     4.6055     0.0000     0.0085     0.0000     0.6182     0.6269    34.5775    34.6544    27.4924    27.5559     26.364     26.944      8.063      8.239 0.0000e+00
      49531   2063.747   1302.773 -106.85842   16.85566   1291.000     3.6789     3.6544 3.2487e+04   3.253076     0.0639     0.0405    98.9924 9.5334e-05          0     0.6166     0.6259     0.0574     0.1196     4.6051     0.0000     0.0090     0.0000     0.6184     0.6270    34.5775    34.6548    27.4926    27.5565     26.316     26.941      8.047      8.238 0.0000e+00
      49566   2065.194   1303.786 -106.85842   16.85566   1292.000     3.6746     3.6502 3.2484e+04   3.252742     0.0639     0.0407    98.9886 5.8634e-04          0     0.6170     0.6262     0.0574     0.1197     4.6049     0.0000     0.0112     0.0000     0.6186     0.6273    34.5776    34.6547    27.4931    27.5569     26.468     27.106      8.093      8.287 0.0000e+00
      49615   2067.253   1304.798 -106.85842   16.85566   1293.000     3.6659     3.6415 3.2476e+04   3.252051     0.0634     0.0400    99.0068 9.7514e-06          0     0.6177     0.6264     0.0573     0.1197     4.6058     0.0000     0.0086     0.0000     0.6196     0.6281    34.5771    34.6552    27.4935    27.5581     26.762     27.486      8.181      8.402 0.0000e+00
      49655   2068.921   1305.810 -106.85842   16.85566   1294.000     3.6616     3.6374 3.2473e+04   3.251719     0.0639     0.0396    99.0148 -8.196e-07          0     0.6180     0.6267     0.0574     0.1197     4.6061     0.0000     0.0085     0.0000     0.6197     0.6287    34.5772    34.6550    27.4941    27.5585     26.361     27.468      8.058      8.395 0.0000e+00
      49685   2070.152   1306.822 -106.85842   16.85566   1295.000     3.6604     3.6360 3.2473e+04   3.251655     0.0639     0.0408    98.9859 3.1548e-04          0     0.6186     0.6271     0.0574     0.1196     4.6048     0.0000     0.0100     0.0000     0.6197     0.6292    34.5780    34.6552    27.4948    27.5587     26.832     27.697      8.202      8.465 0.0000e+00
      49709   2071.159   1307.835 -106.85842   16.85566   1296.000     3.6537     3.6292 3.2467e+04   3.251155     0.0639     0.0401    99.0035 4.2895e-04          0     0.6190     0.6277     0.0574     0.1196     4.6056     0.0000     0.0105     0.0000     0.6206     0.6294    34.5774    34.6560    27.4950    27.5600     27.683     27.633      8.460      8.444 0.0000e+00
      49731   2072.103   1308.847 -106.85842   16.85566   1297.000     3.6480     3.6235 3.2462e+04   3.250698     0.0639     0.0401    99.0033 5.1000e-04          0     0.6190     0.6278     0.0574     0.1196     4.6056     0.0000     0.0108     0.0000     0.6211     0.6297    34.5775    34.6560    27.4956    27.5606     27.456     28.026      8.390      8.563 0.0000e+00
      49755   2073.091   1309.859 -106.85842   16.85566   1298.000     3.6405     3.6161 3.2457e+04   3.250124     0.0639     0.0401    99.0033 2.4580e-04          0     0.6190     0.6283     0.0574     0.1196     4.6056     0.0000     0.0096     0.0000     0.6220     0.6307    34.5780    34.6564    27.4967    27.5617     27.648     28.097      8.447      8.583 0.0000e+00
      49783   2074.240   1310.871 -106.85842   16.85566   1299.000     3.6266     3.6020 3.2445e+04   3.249025     0.0635     0.0403    98.9991 2.6106e-04          0     0.6195     0.6286     0.0574     0.1197     4.6054     0.0000     0.0097     0.0000     0.6226     0.6310    34.5785    34.6577    27.4985    27.5641     28.001     28.405      8.552      8.675 0.0000e+00
      49821   2075.819   1311.884 -106.85842   16.85565   1300.000     3.6110     3.5868 3.2432e+04   3.247676     0.0639     0.0407    98.9869 9.7223e-04          0     0.6207     0.6293     0.0574     0.1197     4.6049     0.0000     0.0129     0.0000     0.6238     0.6322    34.5792    34.6571    27.5006    27.5651     28.242     28.642      8.622      8.744 0.0000e+00
      49860   2077.471   1312.896 -106.85842   16.85564   1301.000     3.6085     3.5843 3.2431e+04   3.247465     0.0639     0.0391    99.0280 -1.417e-05          0     0.6217     0.6301     0.0574     0.1197     4.6067     0.0000     0.0084     0.0000     0.6251     0.6333    34.5790    34.6568    27.5007    27.5651     28.526     28.895      8.708      8.820 0.0000e+00
      49891   2078.745   1313.908 -106.85842   16.85564   1302.000     3.6047     3.5803 3.2428e+04   3.247187     0.0639     0.0392    99.0259 1.7621e-03          0     0.6227     0.6311     0.0574     0.1197     4.6066     0.0000     0.0162     0.0000     0.6259     0.6341    34.5792    34.6572    27.5012    27.5658     28.252     29.143      8.624      8.895 0.0000e+00
      49919   2079.920   1314.921 -106.85842   16.85564   1303.000     3.6022     3.5780 3.2426e+04   3.247014     0.0639     0.0397    99.0119 4.0039e-04          0     0.6236     0.6318     0.0574     0.1197     4.6060     0.0000     0.0103     0.0000     0.6266     0.6350    34.5792    34.6570    27.5015    27.5658     28.897     29.096      8.820      8.880 0.0000e+00
      49949   2081.150   1315.933 -106.85842   16.85564   1304.000     3.6008     3.5767 3.2425e+04   3.246942     0.0639     0.0393    99.0216 -8.158e-06          0     0.6245     0.6329     0.0574     0.1196     4.6064     0.0000     0.0085     0.0000     0.6272     0.6352    34.5793    34.6570    27.5017    27.5660     28.261     29.021      8.626      8.857 0.0000e+00
      49978   2082.392   1316.945 -106.85842   16.85565   1305.000     3.5987     3.5746 3.2424e+04   3.246815     0.0639     0.0396    99.0150 5.3970e-04          0     0.6252     0.6334     0.0574     0.1196     4.6061     0.0000     0.0110     0.0000     0.6274     0.6357    34.5792    34.6572    27.5018    27.5663     28.721     29.185      8.766      8.907 0.0000e+00
      50006   2083.559   1317.958 -106.85842   16.85566   1306.000     3.5961     3.5719 3.2422e+04   3.246631     0.0639     0.0391    99.0268 1.4690e-03          0     0.6259     0.6344     0.0574     0.1197     4.6067     0.0000     0.0150     0.0000     0.6281     0.6362    34.5793    34.6574    27.5022    27.5668     28.779     29.391      8.783      8.969 0.0000e+00
      50033   2084.662   1318.970 -106.85842   16.85566   1307.000     3.5938     3.5696 3.2420e+04   3.246482     0.0639     0.0392    99.0256 1.4640e-03          0     0.6264     0.6344     0.0574     0.1197     4.6066     0.0000     0.0151     0.0000     0.6284     0.6366    34.5794    34.6575    27.5025    27.5671     28.434     29.401      8.677      8.972 0.0000e+00
      50066   2086.052   1319.982 -106.85842   16.85566   1308.000     3.5910     3.5668 3.2418e+04   3.246282     0.0639     0.0398    99.0114 1.0699e-03          0     0.6268     0.6349     0.0574     0.1196     4.6060     0.0000     0.0132     0.0000     0.6284     0.6371    34.5794    34.6575    27.5028    27.5674     28.486     29.412      8.692      8.975 0.0000e+00
      50116   2088.128   1320.995 -106.85842   16.85566   1309.000     3.5875     3.5634 3.2417e+04   3.246034     0.0639     0.0396    99.0150 1.7586e-03          0     0.6276     0.6359     0.0574     0.1197     4.6061     0.0000     0.0160     0.0000     0.6291     0.6375    34.5807    34.6577    27.5041    27.5679     29.112     29.617      8.883      9.036 0.0000e+00
      50150   2089.525   1322.007 -106.85842   16.85566   1310.000     3.5833     3.5590 3.2413e+04   3.245717     0.0639     0.0390    99.0288 1.9184e-04          0     0.6276     0.6363     0.0574     0.1196     4.6068     0.0000     0.0094     0.0000     0.6296     0.6381    34.5802    34.6580    27.5041    27.5686     28.769     29.662      8.777      9.049 0.0000e+00
      50175   2090.603   1323.019 -106.85842   16.85566   1311.000     3.5808     3.5565 3.2412e+04   3.245548     0.0639     0.0391    99.0260 3.5733e-04          0     0.6278     0.6364     0.0574     0.1196     4.6066     0.0000     0.0102     0.0000     0.6296     0.6383    34.5807    34.6581    27.5048    27.5689     28.700     29.802      8.756      9.091 0.0000e+00
      50198   2091.559   1324.032 -106.85842   16.85566   1312.000     3.5771     3.5529 3.2409e+04   3.245299     0.0639     0.0391    99.0272 2.7544e-06          0     0.6283     0.6368     0.0574     0.1197     4.6067     0.0000     0.0085     0.0000     0.6298     0.6387    34.5803    34.6585    27.5049    27.5696     29.539     29.966      9.011      9.140 0.0000e+00
      50222   2092.542   1325.044 -106.85842   16.85566   1313.000     3.5657     3.5412 3.2399e+04   3.244409     0.0639     0.0391    99.0262 -1.882e-07          0     0.6287     0.6371     0.0574     0.1196     4.6066     0.0000     0.0085     0.0000     0.6309     0.6391    34.5807    34.6596    27.5063    27.5716     29.716     30.010      9.062      9.151 0.0000e+00
      50248   2093.606   1326.056 -106.85842   16.85568   1314.000     3.5605     3.5363 3.2396e+04   3.243969     0.0639     0.0397    99.0117 9.0919e-05          0     0.6288     0.6374     0.0574     0.1197     4.6060     0.0000     0.0090     0.0000     0.6314     0.6395    34.5812    34.6591    27.5073    27.5717     30.003     30.269      9.149      9.229 0.0000e+00
      50276   2094.792   1327.069 -106.85842   16.85568   1315.000     3.5582     3.5342 3.2394e+04   3.243807     0.0635     0.0399    99.0069 6.1313e-05          0     0.6288     0.6376     0.0574     0.1196     4.6058     0.0000     0.0089     0.0000     0.6321     0.6403    34.5810    34.6588    27.5073    27.5716     29.600     30.530      9.025      9.308 0.0000e+00
      50312   2096.294   1328.081 -106.85842   16.85568   1316.000     3.5536     3.5295 3.2390e+04   3.243459     0.0639     0.0402    99.0013 4.5050e-04          0     0.6299     0.6384     0.0574     0.1197     4.6055     0.0000     0.0105     0.0000     0.6328     0.6410    34.5811    34.6592    27.5078    27.5724     29.940     30.574      9.128      9.321 0.0000e+00
      50360   2098.278   1329.094 -106.85842   16.85568   1317.000     3.5486     3.5245 3.2386e+04   3.243066     0.0636     0.0392    99.0252 7.9711e-04          0     0.6314     0.6395     0.0574     0.1197     4.6066     0.0000     0.0121     0.0000     0.6334     0.6418    34.5812    34.6592    27.5084    27.5729     29.756     30.536      9.070      9.308 0.0000e+00
      50391   2099.601   1330.106 -106.85842   16.85568   1318.000     3.5477     3.5235 3.2386e+04   3.243016     0.0697     0.0398    99.0100 2.8815e-04          0     0.6318     0.6399     0.0580     0.1197     4.6059     0.0000     0.0099     0.0000     0.6340     0.6420    34.5813    34.6592    27.5085    27.5730     30.336     30.747      9.247      9.372 0.0000e+00
      50415   2100.601   1331.118 -106.85842   16.85568   1319.000     3.5465     3.5225 3.2386e+04   3.242973     0.0706     0.0393    99.0216 1.1615e-03          0     0.6324     0.6406     0.0581     0.1198     4.6064     0.0000     0.0138     0.0000     0.6344     0.6426    34.5818    34.6592    27.5091    27.5731     30.082     30.899      9.170      9.418 0.0000e+00
      50439   2101.571   1332.131 -106.85842   16.85568   1320.000     3.5457     3.5216 3.2386e+04   3.242949     0.0640     0.0400    99.0055 8.2572e-04          0     0.6325     0.6409     0.0574     0.1199     4.6057     0.0000     0.0121     0.0000     0.6346     0.6428    34.5824    34.6593    27.5096    27.5733     29.910     30.800      9.117      9.388 0.0000e+00
      50467   2102.734   1333.143 -106.85842   16.85568   1321.000     3.5445     3.5206 3.2385e+04   3.242900     0.0639     0.0395    99.0184 3.6967e-04          0     0.6329     0.6410     0.0574     0.1197     4.6063     0.0000     0.0102     0.0000     0.6347     0.6431    34.5823    34.6593    27.5097    27.5733     29.958     30.800      9.131      9.388 0.0000e+00
      50505   2104.352   1334.155 -106.85844   16.85568   1322.000     3.5437     3.5196 3.2385e+04   3.242845     0.0636     0.0399    99.0081 8.4060e-04          0     0.6336     0.6417     0.0574     0.1197     4.6058     0.0000     0.0122     0.0000     0.6348     0.6435    34.5823    34.6592    27.5098    27.5734     29.990     30.976      9.141      9.441 0.0000e+00
      50543   2105.932   1335.168 -106.85844   16.85566   1323.000     3.5437     3.5197 3.2385e+04   3.242896     0.0639     0.0397    99.0138 3.9822e-04          0     0.6337     0.6423     0.0574     0.1197     4.6061     0.0000     0.0103     0.0000     0.6352     0.6437    34.5822    34.6592    27.5097    27.5734     30.234     30.875      9.215      9.410 0.0000e+00
      50572   2107.121   1336.180 -106.85844   16.85566   1324.000     3.5434     3.5194 3.2385e+04   3.242917     0.0639     0.0401    99.0033 4.9089e-04          0     0.6339     0.6422     0.0574     0.1197     4.6056     0.0000     0.0108     0.0000     0.6355     0.6439    34.5822    34.6593    27.5098    27.5735     30.217     30.979      9.210      9.442 0.0000e+00
