data/ctd-cnv/KM1919/KM1919-St20-P2/St20_P2_cast59-align-cellTM-derive-bin.cnv
* Sea-Bird SBE 9 Data File:
* FileName = C:\Users\otg\Desktop\CTD Data\km1920\St20_P2_cast59.hex
* Software Version Seasave V 7.26.7.107
* Temperature SN = 5554
* Conductivity SN = 3876
* Number of Bytes Per Scan = 41
* Number of Voltage Words = 4
* Number of Scans Averaged by the Deck Unit = 1
* NMEA Latitude = 16 50.93 N
* NMEA Longitude = 106 51.19 W
* NMEA UTC (Time) = Oct 12 2019  13:09:45
* NMEA baud rate = 4800
** Ship: Kilo Moana
** Station: St20_P2 cast 59
** Operator: gr
# nquan = 34
# nvalues = 399                         
# units = specified
# name 0 = scan: Scan Count
# name 1 = timeS: Time, Elapsed [seconds]
# name 2 = prDM: Pressure, Digiquartz [db]
# name 3 = longitude: Longitude [deg]
# name 4 = latitude: Latitude [deg]
# name 5 = depSMignore: Depth [salt water, m]
# name 6 = t090C: Temperature [ITS-90, deg C]
# name 7 = t190C: Temperature, 2 [ITS-90, deg C]
# name 8 = c0uS/cm: Conductivity [uS/cm]
# name 9 = c1S/m: Conductivity, 2 [S/m]
# name 10 = flECO-AFL: Fluorescence, WET Labs ECO-AFL/FL [mg/m^3]
# name 11 = CStarAt0: Beam Attenuation, WET Labs C-Star [1/m]
# name 12 = CStarTr0: Beam Transmission, WET Labs C-Star [%]
# name 13 = par: PAR/Irradiance, Biospherical/Licor
# name 14 = modError: Modulo Error Count
# name 15 = v0: Voltage 0
# name 16 = v1: Voltage 1
# name 17 = v2: Voltage 2
# name 18 = v3: Voltage 3
# name 19 = v4: Voltage 4
# name 20 = v5: Voltage 5
# name 21 = v6: Voltage 6
# name 22 = v7: Voltage 7
# name 23 = sbeox0V: Oxygen raw, SBE 43 [V]
# name 24 = sbeox1V: Oxygen raw, SBE 43, 2 [V]
# name 25 = sal00: Salinity, Practical [PSU]
# name 26 = sal11: Salinity, Practical, 2 [PSU]
# name 27 = sigma-é00: Density [sigma-theta, kg/m^3]
# name 28 = sigma-é11: Density, 2 [sigma-theta, kg/m^3]
# name 29 = sbeox0Mm/L: Oxygen, SBE 43 [umol/l], WS = 2
# name 30 = sbeox1Mm/L: Oxygen, SBE 43, 2 [umol/l], WS = 2
# name 31 = sbeox0PS: Oxygen, SBE 43 [% saturation], WS = 2
# name 32 = sbeox1PS: Oxygen, SBE 43, 2 [% saturation], WS = 2
# name 33 = flag: flag
# span 0 =         14,      18487       
# span 1 =      0.548,    770.240       
# span 2 =      2.012,    402.780       
# span 3 = -106.85328, -106.85320       
# span 4 =   16.84874,   16.84884       
# span 5 =      2.000,    400.000       
# span 6 =     9.3223,    28.7672       
# span 7 =     9.2905,    28.7235       
# span 8 = 3.7262e+04, 5.6254e+04       
# span 9 =   3.730978,   5.633269       
# span 10 =     0.0475,     1.2433      
# span 11 =     0.0373,     0.1142      
# span 12 =    97.1854,    99.0708      
# span 13 = 6.1015e-05, 3.9860e+01      
# span 14 =          0,          0      
# span 15 =     0.5033,     2.5042      
# span 16 =     0.5137,     2.4952      
# span 17 =     0.0557,     0.1753      
# span 18 =     0.1127,     0.1187      
# span 19 =     4.5211,     4.6088      
# span 20 =     0.0000,     0.0000      
# span 21 =     0.0089,     2.6145      
# span 22 =     0.0000,     0.0000      
# span 23 =     0.5023,     2.5044      
# span 24 =     0.5129,     2.4885      
# span 25 =    34.2643,    34.7810      
# span 26 =    34.3597,    34.8697      
# span 27 =    21.6592,    26.7745      
# span 28 =    21.7402,    26.8419      
# span 29 =      0.717,    229.268      
# span 30 =      0.932,    240.618      
# span 31 =      0.252,    107.507      
# span 32 =      0.326,    112.362      
# span 33 = 0.0000e+00, 0.0000e+00      
# interval = meters: 1                  
# start_time = Oct 12 2019 13:13:30 [NMEA time, first data scan]
# bad_flag = -9.990e-29
*END*
[from data line 299]
      14066    586.052    303.019 -106.85324   16.84878    301.000    10.7288    10.6992 3.8612e+04   3.866482     0.0633     0.0437    98.9141 1.8329e-04          0     0.5042     0.5149     0.0573     0.1150     4.6015     0.0000     0.0097     0.0000     0.5032     0.5140    34.6933    34.7741    26.5919    26.6601      1.027      1.159      0.369      0.416 0.0000e+00
      14096    587.278    304.027 -106.85324   16.84878    302.000    10.7266    10.6976 3.8610e+04   3.866326     0.0669     0.0437    98.9139 1.9303e-04          0     0.5042     0.5150     0.0577     0.1149     4.6015     0.0000     0.0097     0.0000     0.5032     0.5140    34.6931    34.7737    26.5921    26.6601      0.998      1.099      0.359      0.395 0.0000e+00
      14170    590.385    305.034 -106.85324   16.84878    303.000    10.7280    10.6988 3.8612e+04   3.866470     0.0710     0.0438    98.9113 1.8712e-04          0     0.5042     0.5150     0.0581     0.1147     4.6014     0.0000     0.0097     0.0000     0.5032     0.5140    34.6927    34.7734    26.5916    26.6597      1.052      1.155      0.378      0.415 0.0000e+00
      14213    592.161    306.042 -106.85324   16.84878    304.000    10.7237    10.6948 3.8608e+04   3.866123     0.0736     0.0446    98.8901 1.7766e-04          0     0.5041     0.5148     0.0584     0.1153     4.6003     0.0000     0.0096     0.0000     0.5033     0.5141    34.6925    34.7734    26.5922    26.6604      1.042      1.112      0.375      0.400 0.0000e+00
      14234    593.046    307.049 -106.85324   16.84878    305.000    10.7209    10.6911 3.8606e+04   3.865866     0.0674     0.0448    98.8858 1.9373e-04          0     0.5042     0.5151     0.0577     0.1151     4.6001     0.0000     0.0097     0.0000     0.5033     0.5139    34.6923    34.7738    26.5926    26.6615      1.027      1.136      0.369      0.408 0.0000e+00
      14254    593.872    308.056 -106.85324   16.84878    306.000    10.7150    10.6856 3.8600e+04   3.865313     0.0639     0.0446    98.8900 1.9264e-04          0     0.5042     0.5149     0.0574     0.1152     4.6003     0.0000     0.0097     0.0000     0.5032     0.5139    34.6918    34.7731    26.5933    26.6618      0.966      1.058      0.347      0.380 0.0000e+00
      14274    594.707    309.064 -106.85324   16.84878    307.000    10.7123    10.6830 3.8598e+04   3.865094     0.0639     0.0441    98.9032 1.7433e-04          0     0.5043     0.5150     0.0574     0.1151     4.6010     0.0000     0.0096     0.0000     0.5031     0.5138    34.6916    34.7729    26.5937    26.6622      0.968      1.105      0.348      0.397 0.0000e+00
      14298    595.705    310.071 -106.85324   16.84878    308.000    10.7073    10.6798 3.8593e+04   3.864785     0.0635     0.0440    98.9063 1.8867e-04          0     0.5043     0.5149     0.0574     0.1144     4.6011     0.0000     0.0097     0.0000     0.5033     0.5139    34.6913    34.7724    26.5943    26.6624      1.086      1.148      0.390      0.413 0.0000e+00
      14356    598.112    311.079 -106.85324   16.84878    309.000    10.7096    10.6810 3.8596e+04   3.864881     0.0663     0.0438    98.9111 1.9431e-04          0     0.5042     0.5149     0.0576     0.1145     4.6013     0.0000     0.0097     0.0000     0.5032     0.5139    34.6915    34.7718    26.5941    26.6618      1.035      1.124      0.372      0.404 0.0000e+00
      14430    601.189    312.086 -106.85324   16.84878    310.000    10.7026    10.6749 3.8589e+04   3.864412     0.0653     0.0443    98.8975 1.8481e-04          0     0.5042     0.5149     0.0575     0.1148     4.6007     0.0000     0.0097     0.0000     0.5033     0.5139    34.6910    34.7724    26.5949    26.6633      1.018      1.119      0.366      0.402 0.0000e+00
      14453    602.166    313.094 -106.85324   16.84878    311.000    10.6884    10.6561 3.8575e+04   3.862750     0.0744     0.0444    98.8969 1.6226e-04          0     0.5042     0.5147     0.0584     0.1150     4.6007     0.0000     0.0095     0.0000     0.5033     0.5139    34.6900    34.7732    26.5967    26.6673      1.015      1.118      0.365      0.402 0.0000e+00
      14471    602.930    314.101 -106.85324   16.84878    312.000    10.6686    10.6376 3.8556e+04   3.860950     0.0631     0.0445    98.8946 1.4810e-04          0     0.5043     0.5147     0.0573     0.1150     4.6005     0.0000     0.0094     0.0000     0.5031     0.5140    34.6892    34.7722    26.5996    26.6698      1.014      1.098      0.364      0.394 0.0000e+00
      14487    603.577    315.109 -106.85324   16.84878    313.000    10.6367    10.6054 3.8524e+04   3.857892     0.0684     0.0432    98.9261 1.9365e-04          0     0.5043     0.5150     0.0578     0.1149     4.6021     0.0000     0.0097     0.0000     0.5033     0.5136    34.6864    34.7716    26.6031    26.6750      1.038      1.069      0.372      0.384 0.0000e+00
      14503    604.248    316.116 -106.85324   16.84878    314.000    10.6133    10.5827 3.8501e+04   3.855578     0.0746     0.0434    98.9214 1.6754e-04          0     0.5043     0.5148     0.0585     0.1149     4.6019     0.0000     0.0096     0.0000     0.5032     0.5139    34.6853    34.7695    26.6063    26.6774      0.918      1.151      0.329      0.413 0.0000e+00
      14522    605.047    317.124 -106.85324   16.84878    315.000    10.5905    10.5603 3.8478e+04   3.853240     0.0736     0.0433    98.9243 1.8512e-04          0     0.5043     0.5150     0.0584     0.1150     4.6020     0.0000     0.0097     0.0000     0.5031     0.5139    34.6835    34.7668    26.6090    26.6792      1.048      1.131      0.376      0.405 0.0000e+00
      14613    608.851    318.131 -106.85324   16.84878    316.000    10.6084    10.5740 3.8497e+04   3.854302     0.0643     0.0431    98.9288 1.9796e-04          0     0.5042     0.5148     0.0574     0.1145     4.6022     0.0000     0.0098     0.0000     0.5034     0.5140    34.6846    34.7640    26.6067    26.6747      1.044      1.139      0.374      0.408 0.0000e+00
      14655    610.596    319.139 -106.85324   16.84878    317.000    10.5815    10.5533 3.8470e+04   3.852683     0.0751     0.0426    98.9423 1.7389e-04          0     0.5042     0.5149     0.0585     0.1147     4.6028     0.0000     0.0096     0.0000     0.5033     0.5138    34.6832    34.7669    26.6104    26.6806      1.025      1.083      0.367      0.388 0.0000e+00
      14674    611.369    320.146 -106.85326   16.84878    318.000    10.5622    10.5318 3.8451e+04   3.850517     0.0747     0.0433    98.9242 1.9236e-04          0     0.5040     0.5150     0.0585     0.1146     4.6020     0.0000     0.0097     0.0000     0.5033     0.5139    34.6820    34.7652    26.6129    26.6831      1.071      1.087      0.384      0.389 0.0000e+00
      14691    612.103    321.154 -106.85326   16.84878    319.000    10.5474    10.5179 3.8437e+04   3.849042     0.0688     0.0433    98.9245 1.5450e-04          0     0.5043     0.5148     0.0579     0.1147     4.6020     0.0000     0.0095     0.0000     0.5034     0.5136    34.6811    34.7631    26.6148    26.6839      1.059      1.081      0.379      0.387 0.0000e+00
      14710    612.866    322.161 -106.85325   16.84878    320.000    10.5404    10.5111 3.8430e+04   3.848331     0.0646     0.0423    98.9492 1.6049e-04          0     0.5043     0.5148     0.0575     0.1148     4.6031     0.0000     0.0095     0.0000     0.5033     0.5139    34.6805    34.7620    26.6156    26.6843      1.015      1.104      0.364      0.395 0.0000e+00
      14732    613.811    323.169 -106.85324   16.84878    321.000    10.5375    10.5083 3.8427e+04   3.848034     0.0748     0.0430    98.9310 1.7369e-04          0     0.5043     0.5148     0.0585     0.1146     4.6023     0.0000     0.0096     0.0000     0.5033     0.5137    34.6801    34.7611    26.6158    26.6841      0.964      1.129      0.345      0.404 0.0000e+00
      14830    617.874    324.176 -106.85324   16.84878    322.000    10.5432    10.5115 3.8434e+04   3.848331     0.0648     0.0430    98.9322 1.8945e-04          0     0.5042     0.5147     0.0575     0.1148     4.6024     0.0000     0.0097     0.0000     0.5033     0.5140    34.6806    34.7606    26.6152    26.6832      1.105      1.134      0.395      0.406 0.0000e+00
      14873    619.653    325.184 -106.85326   16.84878    323.000    10.5315    10.5025 3.8423e+04   3.847702     0.0684     0.0422    98.9510 1.6028e-04          0     0.5042     0.5148     0.0578     0.1148     4.6032     0.0000     0.0095     0.0000     0.5034     0.5141    34.6801    34.7625    26.6169    26.6862      1.034      1.162      0.370      0.416 0.0000e+00
      14890    620.355    326.191 -106.85326   16.84878    324.000    10.4967    10.4617 3.8388e+04   3.844531     0.0692     0.0427    98.9393 1.5250e-04          0     0.5042     0.5145     0.0579     0.1146     4.6027     0.0000     0.0095     0.0000     0.5033     0.5140    34.6777    34.7689    26.6211    26.6984      1.046      1.086      0.374      0.388 0.0000e+00
      14905    620.995    327.199 -106.85326   16.84878    325.000    10.4206    10.3883 3.8312e+04   3.836779     0.0639     0.0424    98.9455 1.7604e-04          0     0.5042     0.5147     0.0574     0.1150     4.6030     0.0000     0.0096     0.0000     0.5034     0.5140    34.6729    34.7602    26.6307    26.7044      1.011      1.090      0.361      0.389 0.0000e+00
      14920    621.619    328.207 -106.85326   16.84878    326.000    10.4005    10.3703 3.8293e+04   3.834721     0.0639     0.0418    98.9594 1.6280e-04          0     0.5042     0.5148     0.0574     0.1150     4.6036     0.0000     0.0095     0.0000     0.5031     0.5138    34.6724    34.7560    26.6338    26.7043      0.949      1.028      0.339      0.367 0.0000e+00
      14936    622.278    329.214 -106.85326   16.84878    327.000    10.3928    10.3631 3.8286e+04   3.833948     0.0639     0.0412    98.9736 1.7907e-04          0     0.5043     0.5148     0.0574     0.1149     4.6042     0.0000     0.0096     0.0000     0.5033     0.5136    34.6720    34.7547    26.6348    26.7045      1.014      1.065      0.362      0.380 0.0000e+00
      14957    623.185    330.222 -106.85326   16.84878    328.000    10.3672    10.3375 3.8260e+04   3.831480     0.0688     0.0417    98.9638 1.7735e-04          0     0.5043     0.5149     0.0579     0.1148     4.6038     0.0000     0.0096     0.0000     0.5032     0.5136    34.6702    34.7537    26.6379    26.7082      1.005      1.125      0.359      0.401 0.0000e+00
      15066    627.728    331.229 -106.85325   16.84878    329.000    10.3853    10.3674 3.8279e+04   3.834071     0.0677     0.0417    98.9626 1.7065e-04          0     0.5041     0.5147     0.0578     0.1144     4.6037     0.0000     0.0096     0.0000     0.5032     0.5140    34.6711    34.7508    26.6355    26.7008      1.045      1.088      0.373      0.388 0.0000e+00
      15103    629.246    332.237 -106.85326   16.84878    330.000    10.3678    10.3350 3.8263e+04   3.831367     0.0684     0.0419    98.9590 1.4920e-04          0     0.5040     0.5143     0.0578     0.1147     4.6036     0.0000     0.0095     0.0000     0.5031     0.5137    34.6710    34.7540    26.6385    26.7089      1.055      1.062      0.376      0.379 0.0000e+00
      15119    629.898    333.245 -106.85326   16.84878    331.000    10.3583    10.3293 3.8253e+04   3.830607     0.0723     0.0413    98.9721 1.9077e-04          0     0.5042     0.5147     0.0582     0.1149     4.6042     0.0000     0.0097     0.0000     0.5034     0.5138    34.6704    34.7513    26.6397    26.7078      1.086      1.170      0.387      0.417 0.0000e+00
      15134    630.531    334.252 -106.85326   16.84878    332.000    10.3569    10.3277 3.8252e+04   3.830491     0.0736     0.0422    98.9511 1.4979e-04          0     0.5041     0.5145     0.0584     0.1149     4.6032     0.0000     0.0095     0.0000     0.5032     0.5139    34.6701    34.7512    26.6397    26.7080      0.954      1.123      0.340      0.400 0.0000e+00
      15149    631.173    335.260 -106.85326   16.84878    333.000    10.3535    10.3242 3.8249e+04   3.830215     0.0731     0.0421    98.9540 1.8968e-04          0     0.5042     0.5147     0.0583     0.1148     4.6033     0.0000     0.0097     0.0000     0.5032     0.5137    34.6699    34.7513    26.6401    26.7087      1.021      1.068      0.364      0.381 0.0000e+00
      15167    631.915    336.267 -106.85326   16.84878    334.000    10.3212    10.2891 3.8217e+04   3.827259     0.0721     0.0415    98.9686 2.0263e-04          0     0.5042     0.5150     0.0582     0.1150     4.6040     0.0000     0.0098     0.0000     0.5033     0.5138    34.6676    34.7544    26.6440    26.7173      0.888      1.070      0.317      0.381 0.0000e+00
      15252    635.461    337.275 -106.85326   16.84878    335.000    10.3239    10.2887 3.8220e+04   3.826436     0.0650     0.0411    98.9770 1.8640e-04          0     0.5040     0.5146     0.0575     0.1146     4.6044     0.0000     0.0097     0.0000     0.5030     0.5138    34.6677    34.7461    26.6436    26.7109      1.100      1.139      0.392      0.406 0.0000e+00
      15307    637.730    338.282 -106.85326   16.84878    336.000    10.2897    10.2642 3.8188e+04   3.824862     0.0684     0.0411    98.9770 2.0345e-04          0     0.5039     0.5145     0.0578     0.1147     4.6044     0.0000     0.0098     0.0000     0.5033     0.5139    34.6668    34.7531    26.6489    26.7206      0.982      1.175      0.350      0.418 0.0000e+00
      15324    638.443    339.290 -106.85326   16.84878    337.000    10.2256    10.1927 3.8124e+04   3.818030     0.0730     0.0411    98.9770 1.7523e-04          0     0.5042     0.5146     0.0583     0.1146     4.6044     0.0000     0.0096     0.0000     0.5032     0.5141    34.6627    34.7517    26.6567    26.7318      0.960      1.094      0.341      0.389 0.0000e+00
      15338    639.044    340.298 -106.85326   16.84878    338.000    10.1989    10.1689 3.8097e+04   3.815200     0.0639     0.0411    98.9770 2.0346e-04          0     0.5042     0.5148     0.0574     0.1151     4.6044     0.0000     0.0098     0.0000     0.5031     0.5137    34.6612    34.7452    26.6601    26.7309      0.904      0.993      0.321      0.353 0.0000e+00
      15352    639.637    341.305 -106.85326   16.84878    339.000    10.1848    10.1545 3.8084e+04   3.813814     0.0673     0.0408    98.9844 1.6039e-04          0     0.5041     0.5148     0.0577     0.1149     4.6047     0.0000     0.0095     0.0000     0.5030     0.5134    34.6605    34.7444    26.6621    26.7328      0.978      1.147      0.347      0.407 0.0000e+00
      15367    640.266    342.313 -106.85326   16.84878    340.000    10.1633    10.1330 3.8063e+04   3.811695     0.0730     0.0407    98.9885 1.7780e-04          0     0.5043     0.5150     0.0583     0.1151     4.6049     0.0000     0.0096     0.0000     0.5031     0.5142    34.6590    34.7431    26.6646    26.7354      0.931      1.283      0.330      0.455 0.0000e+00
      15429    642.834    343.321 -106.85326   16.84878    341.000    10.1703    10.1397 3.8070e+04   3.812113     0.0702     0.0407    98.9865 1.8396e-04          0     0.5040     0.5147     0.0580     0.1147     4.6048     0.0000     0.0097     0.0000     0.5030     0.5137    34.6597    34.7404    26.6640    26.7323      1.030      1.097      0.366      0.390 0.0000e+00
      15509    646.186    344.329 -106.85326   16.84878    342.000    10.1616    10.1350 3.8063e+04   3.811816     0.0663     0.0407    98.9880 1.8647e-04          0     0.5038     0.5144     0.0576     0.1151     4.6049     0.0000     0.0097     0.0000     0.5032     0.5137    34.6599    34.7415    26.6656    26.7339      1.051      1.159      0.373      0.411 0.0000e+00
