data/ctd-cnv/KM1919/KM1919-St20-P2/St20_P2_cast56-align-cellTM-derive-bin.cnv
* Sea-Bird SBE 9 Data File:
* FileName = C:\Users\otg\Desktop\CTD Data\km1920\St20_P2_cast56.hex
* Software Version Seasave V 7.26.7.107
* Temperature SN = 5554
* Conductivity SN = 3876
* Number of Bytes Per Scan = 41
* Number of Voltage Words = 4
* Number of Scans Averaged by the Deck Unit = 1
* NMEA Latitude = 16 50.10 N
* NMEA Longitude = 106 51.69 W
* NMEA UTC (Time) = Oct 11 2019  22:53:46
* NMEA baud rate = 4800
** Ship: Kilo Moana
** Station: St20_P2 cast 56
** Operator: gr
# nquan = 34
# nvalues = 320                         
# units = specified
# name 0 = scan: Scan Count
# name 1 = timeS: Time, Elapsed [seconds]
# name 2 = prDM: Pressure, Digiquartz [db]
# name 3 = longitude: Longitude [deg]
# name 4 = latitude: Latitude [deg]
# name 5 = depSMignore: Depth [salt water, m]
# name 6 = t090C: Temperature [ITS-90, deg C]
# name 7 = t190C: Temperature, 2 [ITS-90, deg C]
# name 8 = c0uS/cm: Conductivity [uS/cm]
# name 9 = c1S/m: Conductivity, 2 [S/m]
# name 10 = flECO-AFL: Fluorescence, WET Labs ECO-AFL/FL [mg/m^3]
# name 11 = CStarAt0: Beam Attenuation, WET Labs C-Star [1/m]
# name 12 = CStarTr0: Beam Transmission, WET Labs C-Star [%]
# name 13 = par: PAR/Irradiance, Biospherical/Licor
# name 14 = modError: Modulo Error Count
# name 15 = v0: Voltage 0
# name 16 = v1: Voltage 1
# name 17 = v2: Voltage 2
# name 18 = v3: Voltage 3
# name 19 = v4: Voltage 4
# name 20 = v5: Voltage 5
# name 21 = v6: Voltage 6
# name 22 = v7: Voltage 7
# name 23 = sbeox0V: Oxygen raw, SBE 43 [V]
# name 24 = sbeox1V: Oxygen raw, SBE 43, 2 [V]
# name 25 = sal00: Salinity, Practical [PSU]
# name 26 = sal11: Salinity, Practical, 2 [PSU]
# name 27 = sigma-é00: Density [sigma-theta, kg/m^3]
# name 28 = sigma-é11: Density, 2 [sigma-theta, kg/m^3]
# name 29 = sbeox0Mm/L: Oxygen, SBE 43 [umol/l], WS = 2
# name 30 = sbeox1Mm/L: Oxygen, SBE 43, 2 [umol/l], WS = 2
# name 31 = sbeox0PS: Oxygen, SBE 43 [% saturation], WS = 2
# name 32 = sbeox1PS: Oxygen, SBE 43, 2 [% saturation], WS = 2
# name 33 = flag: flag
# span 0 =       -198,      18644       
# span 1 =     -8.296,    776.779       
# span 2 =      1.006,    322.161       
# span 3 = -106.86167, -106.86149       
# span 4 =   16.83500,   16.83508       
# span 5 =      1.000,    320.000       
# span 6 =    10.2598,    29.1306       
# span 7 =    10.2312,    29.0923       
# span 8 = 3.8149e+04, 5.6436e+04       
# span 9 =   3.820054,   5.651623       
# span 10 =     0.0625,     1.5446      
# span 11 =     0.0408,     0.1337      
# span 12 =    96.7131,    98.9857      
# span 13 = 2.0166e-04, 6.2815e+02      
# span 14 =          0,          0      
# span 15 =     0.5031,     2.5147      
# span 16 =     0.5135,     2.5060      
# span 17 =     0.0573,     0.2054      
# span 18 =     0.1124,     0.1156      
# span 19 =     4.4991,     4.6048      
# span 20 =     0.0000,     0.0000      
# span 21 =     0.0098,     3.8159      
# span 22 =     0.0000,     0.0000      
# span 23 =     0.5024,     2.5122      
# span 24 =     0.5127,     2.4995      
# span 25 =    34.2565,    34.7822      
# span 26 =    34.3409,    34.8718      
# span 27 =    21.4625,    26.6512      
# span 28 =    21.5386,    26.7187      
# span 29 =      0.829,    231.453      
# span 30 =      0.352,    241.508      
# span 31 =      0.317,    107.834      
# span 32 =      0.131,    112.945      
# span 33 = 0.0000e+00, 0.0000e+00      
# interval = meters: 1                  
# start_time = Oct 11 2019 23:05:25 [NMEA time, first data scan]
# bad_flag = -9.990e-29
*END*
[from data line 43]
       3881    161.666     44.267 -106.86154   16.83502     44.000    25.4568    25.4117 5.2941e+04   5.303046     0.3300     0.1118    97.2443 5.1622e+01          0     2.5051     2.4976     0.0840     0.1152     4.5238     0.0000     2.7272     0.0000     2.5000     2.4819    34.5395    34.6397    22.8568    22.9462    224.799    235.363    106.784    111.781 0.0000e+00
       3924    163.474     45.274 -106.86154   16.83502     45.000    25.0841    25.0375 5.2545e+04   5.264022     0.3373     0.1109    97.2657 4.7373e+01          0     2.5045     2.4900     0.0847     0.1150     4.5248     0.0000     2.6899     0.0000     2.4969     2.4801    34.5316    34.6375    22.9646    23.0587    226.194    237.134    106.764    111.907 0.0000e+00
       3998    166.539     46.280 -106.86154   16.83502     46.000    24.7339    24.6911 5.2170e+04   5.226162     0.3774     0.1101    97.2859 4.4603e+01          0     2.4972     2.4793     0.0887     0.1148     4.5258     0.0000     2.6639     0.0000     2.4854     2.4691    34.5209    34.6221    23.0626    23.1520    226.119    236.760    106.087    111.062 0.0000e+00
       4051    168.759     47.286 -106.86154   16.83502     47.000    24.1770    24.1318 5.1553e+04   5.164810     0.4043     0.1140    97.1897 4.1446e+01          0     2.4906     2.4774     0.0914     0.1152     4.5213     0.0000     2.6322     0.0000     2.4800     2.4683    34.4874    34.5943    23.2039    23.2982    228.134    239.623    105.995    111.315 0.0000e+00
       4096    170.621     48.292 -106.86154   16.83502     48.000    24.0959    24.0553 5.1466e+04   5.154882     0.4235     0.1134    97.2038 3.8804e+01          0     2.4843     2.4673     0.0933     0.1150     4.5219     0.0000     2.6035     0.0000     2.4802     2.4652    34.4845    34.5784    23.2258    23.3089    229.118    239.385    106.301    111.047 0.0000e+00
       4188    174.448     49.298 -106.86154   16.83502     49.000    23.9322    23.8765 5.1291e+04   5.135333     0.4566     0.1147    97.1737 3.5850e+01          0     2.4795     2.4653     0.0967     0.1148     4.5205     0.0000     2.5695     0.0000     2.4708     2.4547    34.4790    34.5693    23.2700    23.3548    227.385    238.571    105.196    110.322 0.0000e+00
       4245    176.814     50.305 -106.86154   16.83502     50.000    23.7031    23.6585 5.1035e+04   5.112384     0.4671     0.1158    97.1465 3.3995e+01          0     2.4756     2.4582     0.0977     0.1148     4.5192     0.0000     2.5463     0.0000     2.4548     2.4452    34.4627    34.5646    23.3250    23.4153    226.784    238.031    104.493    109.655 0.0000e+00
       4267    177.737     51.311 -106.86154   16.83502     51.000    23.5379    23.4913 5.0852e+04   5.094107     0.4679     0.1146    97.1756 3.1516e+01          0     2.4709     2.4548     0.0978     0.1153     4.5206     0.0000     2.5135     0.0000     2.4523     2.4389    34.4515    34.5557    23.3649    23.4575    228.051    238.333    104.769    109.469 0.0000e+00
       4288    178.612     52.317 -106.86154   16.83502     52.000    23.2834    23.2338 5.0570e+04   5.066434     0.4788     0.1155    97.1547 2.9015e+01          0     2.4677     2.4516     0.0989     0.1148     4.5196     0.0000     2.4776     0.0000     2.4541     2.4388    34.4342    34.5453    23.4258    23.5244    230.285    240.571    105.316    109.996 0.0000e+00
       4375    182.258     53.323 -106.86155   16.83502     53.000    23.2925    23.2445 5.0581e+04   5.064378     0.5221     0.1149    97.1672 2.6362e+01          0     2.4606     2.4488     0.1032     0.1149     4.5202     0.0000     2.4361     0.0000     2.4614     2.4513    34.4348    34.5207    23.4235    23.5025    230.159    241.467    105.269    110.405 0.0000e+00
       4489    187.013     54.330 -106.86156   16.83500     54.000    23.2534    23.1879 5.0546e+04   5.062237     0.5096     0.1147    97.1738 2.4998e+01          0     2.4687     2.4610     0.1020     0.1155     4.5205     0.0000     2.4132     0.0000     2.4276     2.4138    34.4387    34.5485    23.4381    23.5402    224.902    235.739    102.804    107.702 0.0000e+00
       4505    187.676     55.336 -106.86156   16.83500     55.000    22.8499    22.7587 5.0094e+04   5.017584     0.5157     0.1150    97.1656 2.3332e+01          0     2.4615     2.4524     0.1026     0.1151     4.5201     0.0000     2.3834     0.0000     2.4238     2.4108    34.4071    34.5419    23.5301    23.6585    227.551    238.237    103.262    108.023 0.0000e+00
       4524    188.439     56.342 -106.86156   16.83500     56.000    22.5733    22.5239 4.9793e+04   4.988378     0.5188     0.1120    97.2398 2.1560e+01          0     2.4520     2.4423     0.1029     0.1150     4.5236     0.0000     2.3492     0.0000     2.4256     2.4111    34.3914    34.5008    23.5972    23.6942    230.132    240.161    103.917    108.421 0.0000e+00
       4545    189.320     57.348 -106.86156   16.83500     57.000    22.4405    22.4002 4.9648e+04   4.973603     0.5324     0.1123    97.2334 1.9794e+01          0     2.4391     2.4292     0.1042     0.1152     4.5233     0.0000     2.3121     0.0000     2.4287     2.4153    34.3833    34.4834    23.6287    23.7161    231.453    241.508    104.265    108.780 0.0000e+00
       4650    193.705     58.354 -106.86156   16.83500     58.000    22.5235    22.4813 4.9737e+04   4.981138     0.6087     0.1119    97.2420 1.7808e+01          0     2.4346     2.4208     0.1119     0.1148     4.5237     0.0000     2.2672     0.0000     2.4246     2.4122    34.3865    34.4774    23.6075    23.6884    229.461    239.880    103.506    108.186 0.0000e+00
       4737    197.344     59.361 -106.86156   16.83500     59.000    22.3511    22.2117 4.9546e+04   4.959594     0.5944     0.1124    97.2291 1.6631e+01          0     2.4425     2.4358     0.1104     0.1154     4.5231     0.0000     2.2370     0.0000     2.3542     2.3531    34.3735    34.5229    23.6463    23.7990    219.222    231.106     98.590    103.770 0.0000e+00
       4759    198.267     60.367 -106.86156   16.83502     60.000    21.5649    21.4886 4.8685e+04   4.879794     0.6396     0.1135    97.2024 1.5360e+01          0     2.4289     2.4255     0.1149     0.1154     4.5219     0.0000     2.2027     0.0000     2.3500     2.3431    34.3211    34.4716    23.8258    23.9612    225.029    234.809     99.765    104.051 0.0000e+00
       4784    199.278     61.373 -106.86156   16.83502     61.000    21.2080    21.1646 4.8299e+04   4.839022     0.7300     0.1131    97.2105 1.4050e+01          0     2.3973     2.3979     0.1240     0.1151     4.5223     0.0000     2.1641     0.0000     2.3556     2.3429    34.2993    34.4072    23.9072    24.0011    228.917    237.235    100.830    104.479 0.0000e+00
       4914    204.701     62.380 -106.86156   16.83502     62.000    21.3951    21.2876 4.8503e+04   4.850410     0.8750     0.1066    97.3701 1.2618e+01          0     2.3507     2.3332     0.1385     0.1147     4.5297     0.0000     2.1184     0.0000     2.3360     2.3254    34.3122    34.3989    23.8659    23.9613    220.732    232.940     97.563    102.811 0.0000e+00
       4960    206.634     63.386 -106.86156   16.83502     63.000    21.0366    20.9948 4.8124e+04   4.819905     0.8562     0.1064    97.3761 1.1688e+01          0     2.3518     2.3401     0.1366     0.1153     4.5299     0.0000     2.0850     0.0000     2.3090     2.3065    34.2970    34.3905    23.9522    24.0346    219.762    231.899     96.499    101.807 0.0000e+00
       4994    208.029     64.392 -106.86156   16.83502     64.000    20.9454    20.9047 4.8027e+04   4.810222     0.8418     0.1038    97.4386 1.0713e+01          0     2.3318     2.3243     0.1351     0.1149     4.5329     0.0000     2.0475     0.0000     2.2875     2.2932    34.2920    34.3852    23.9731    24.0550    214.798    229.507     94.161    100.590 0.0000e+00
       5025    209.337     65.398 -106.86156   16.83502     65.000    20.7927    20.7478 4.7869e+04   4.795167     0.8512     0.1056    97.3946 9.6686e+00          0     2.3151     2.3125     0.1361     0.1148     4.5308     0.0000     2.0032     0.0000     2.2586     2.2703    34.2877    34.3906    24.0110    24.1014    212.938    226.574     93.085     99.026 0.0000e+00
       5063    210.908     66.405 -106.86156   16.83502     66.000    20.5315    20.4915 4.7599e+04   4.767876     1.0247     0.1169    97.1198 8.7556e+00          0     2.2981     2.2996     0.1535     0.1149     4.5180     0.0000     1.9606     0.0000     2.2427     2.2481    34.2810    34.3777    24.0759    24.1603    214.445    226.110     93.297     98.356 0.0000e+00
       5138    214.055     67.411 -106.86156   16.83502     67.000    20.4216    20.4047 4.7491e+04   4.758170     1.3032     0.1259    96.9005 7.9600e+00          0     2.2460     2.2538     0.1813     0.1152     4.5078     0.0000     1.9198     0.0000     2.2275     2.2295    34.2824    34.3693    24.1063    24.1770    213.727    224.782     92.800     97.620 0.0000e+00
       5230    217.863     68.417 -106.86156   16.83502     68.000    20.3673    20.3450 4.7439e+04   4.752945     1.3407     0.1296    96.8121 7.1685e+00          0     2.2260     2.2275     0.1851     0.1156     4.5037     0.0000     1.8751     0.0000     2.1860     2.1824    34.2839    34.3750    24.1220    24.1973    201.939    217.050     87.596     94.162 0.0000e+00
       5274    219.713     69.424 -106.86156   16.83502     69.000    20.2118    20.2325 4.7291e+04   4.747847     1.3739     0.1286    96.8366 6.5294e+00          0     2.2161     2.2095     0.1884     0.1151     4.5048     0.0000     1.8350     0.0000     2.1044     2.1508    34.2893    34.4249    24.1673    24.2652    190.903    211.539     82.576     91.611 0.0000e+00
       5306    221.023     70.430 -106.86156   16.83502     70.000    20.0573    20.0508 4.7157e+04   4.733207     1.4882     0.1337    96.7131 5.9184e+00          0     2.1968     2.1861     0.1998     0.1150     4.4991     0.0000     1.7929     0.0000     2.0692     2.1099    34.3058    34.4537    24.2206    24.3351    190.707    206.007     82.266     88.934 0.0000e+00
       5334    222.194     71.436 -106.86156   16.83502     71.000    19.9885    19.9899 4.7086e+04   4.726977     1.5415     0.1298    96.8086 5.3500e+00          0     2.1479     2.1704     0.2051     0.1151     4.5036     0.0000     1.7498     0.0000     2.0427     2.0755    34.3031    34.4523    24.2367    24.3501    187.910    201.080     80.956     86.709 0.0000e+00
       5366    223.532     72.442 -106.86156   16.83502     72.000    19.7636    19.7888 4.6853e+04   4.711447     1.5446     0.1267    96.8827 4.7713e+00          0     2.0943     2.1410     0.2054     0.1150     4.5070     0.0000     1.7009     0.0000     2.0218     2.0338    34.2955    34.4898    24.2897    24.4313    190.201    198.153     81.601     85.151 0.0000e+00
       5484    228.469     73.449 -106.86156   16.83502     73.000    19.7688    19.6638 4.6861e+04   4.688136     1.5244     0.1172    97.1141 4.1166e+00          0     2.0177     2.0067     0.2034     0.1149     4.5177     0.0000     1.6394     0.0000     2.0027     1.9692    34.2977    34.4007    24.2900    24.3960    182.806    193.081     78.439     82.735 0.0000e+00
       5544    230.960     74.455 -106.86156   16.83502     74.000    19.5079    19.5259 4.6614e+04   4.688048     1.4717     0.1149    97.1686 3.7747e+00          0     2.0287     1.9778     0.1982     0.1149     4.5203     0.0000     1.6017     0.0000     1.8678     1.9470    34.3077    34.5133    24.3653    24.5177    160.947    189.389     68.729     81.003 0.0000e+00
       5566    231.893     75.462 -106.86156   16.83502     75.000    19.1343    19.1768 4.6247e+04   4.661487     1.3282     0.1103    97.2805 3.4298e+00          0     2.0120     1.9728     0.1838     0.1151     4.5255     0.0000     1.5611     0.0000     1.8367     1.9318    34.3116    34.5821    24.4643    24.6601    163.888    186.159     69.505     79.142 0.0000e+00
       5593    232.995     76.468 -106.86156   16.83502     76.000    19.0609    19.0443 4.6178e+04   4.638461     1.1162     0.1022    97.4773 3.0815e+00          0     1.9539     1.9668     0.1626     0.1150     4.5346     0.0000     1.5158     0.0000     1.8190     1.8936    34.3141    34.5002    24.4849    24.6313    165.480    178.984     70.086     75.867 0.0000e+00
       5644    235.114     77.474 -106.86156   16.83502     77.000    19.0178    18.9962 4.6133e+04   4.628598     1.0716     0.0983    97.5736 2.7431e+00          0     1.8549     1.9306     0.1582     0.1149     4.5391     0.0000     1.4669     0.0000     1.8090     1.8270    34.3121    34.4575    24.4944    24.6110    166.761    172.916     70.571     73.210 0.0000e+00
       5737    239.002     78.480 -106.86156   16.83502     78.000    18.9920    18.9701 4.6110e+04   4.623097     1.0842     0.0951    97.6492 2.4805e+00          0     1.8042     1.8135     0.1594     0.1149     4.5426     0.0000     1.4253     0.0000     1.7934     1.7685    34.3136    34.4329    24.5021    24.5989    163.597    169.088     69.199     71.543 0.0000e+00
       5787    241.093     79.487 -106.86156   16.83502     79.000    18.9428    18.9271 4.6063e+04   4.619927     1.0487     0.0951    97.6509 2.2602e+00          0     1.8027     1.7804     0.1559     0.1148     4.5427     0.0000     1.3863     0.0000     1.7672     1.7610    34.3150    34.4419    24.5158    24.6167    156.523    168.010     66.147     71.034 0.0000e+00
       5823    242.586     80.493 -106.86156   16.83502     80.000    18.7980    18.8100 4.5922e+04   4.612073     0.9941     0.0923    97.7191 2.0631e+00          0     1.7916     1.7716     0.1504     0.1150     4.5459     0.0000     1.3484     0.0000     1.7248     1.7495    34.3169    34.4734    24.5538    24.6704    148.439    165.839     62.563     69.977 0.0000e+00
       5870    244.557     81.500 -106.86156   16.83502     81.000    18.6379    18.6408 4.5783e+04   4.595690     0.9141     0.0891    97.7981 1.8748e+00          0     1.7648     1.7614     0.1424     0.1147     4.5496     0.0000     1.3087     0.0000     1.6442     1.7223    34.3330    34.4767    24.6064    24.7157    134.744    161.502     56.627     67.933 0.0000e+00
       5936    247.309     82.506 -106.86156   16.83502     82.000    18.5416    18.5338 4.5732e+04   4.585832     0.8655     0.0871    97.8452 1.6883e+00          0     1.6811     1.7348     0.1376     0.1139     4.5518     0.0000     1.2659     0.0000     1.5385     1.6581    34.3701    34.4829    24.6590    24.7472    128.254    149.700     53.812     62.844 0.0000e+00
       5978    249.039     83.512 -106.86156   16.83502     83.000    18.4722    18.4641 4.5669e+04   4.582454     0.8482     0.0848    97.9025 1.5535e+00          0     1.5985     1.7055     0.1358     0.1148     4.5544     0.0000     1.2316     0.0000     1.5179     1.5930    34.3747    34.5124    24.6799    24.7873    127.474    140.597     53.418     58.957 0.0000e+00
       6033    251.332     84.519 -106.86156   16.83502     84.000    18.3565    18.3532 4.5562e+04   4.571418     0.8101     0.0827    97.9540 1.4119e+00          0     1.5360     1.6369     0.1320     0.1147     4.5568     0.0000     1.1927     0.0000     1.4417     1.5320    34.3808    34.5120    24.7133    24.8146    110.821    135.166     46.342     56.561 0.0000e+00
       6113    254.649     85.525 -106.86156   16.83502     85.000    18.2778    18.2721 4.5526e+04   4.565488     0.8132     0.0804    98.0104 1.2915e+00          0     1.4555     1.5331     0.1323     0.1140     4.5594     0.0000     1.1568     0.0000     1.3289     1.4502    34.4155    34.5296    24.7595    24.8483     98.136    122.546     40.985     51.207 0.0000e+00
