data/ctd-cnv/KM1919/KM1919-St20-P2/St20_P2_cast46-align-cellTM-derive-bin.cnv
* Sea-Bird SBE 9 Data File:
* FileName = C:\Users\otg\Desktop\CTD Data\km1920\St20_P2_cast46.hex
* Software Version Seasave V 7.26.7.107
* Temperature SN = 5554
* Conductivity SN = 3876
* Number of Bytes Per Scan = 41
* Number of Voltage Words = 4
* Number of Scans Averaged by the Deck Unit = 1
* NMEA Latitude = 16 46.70 N
* NMEA Longitude = 106 48.61 W
* NMEA UTC (Time) = Oct 08 2019  22:08:33
* NMEA baud rate = 4800
** Ship: Kilo Moana
** Station: St20_P2 cast 46
** Operator: CLF
# nquan = 34
# nvalues = 404                         
# units = specified
# name 0 = scan: Scan Count
# name 1 = timeS: Time, Elapsed [seconds]
# name 2 = prDM: Pressure, Digiquartz [db]
# name 3 = longitude: Longitude [deg]
# name 4 = latitude: Latitude [deg]
# name 5 = depSMignore: Depth [salt water, m]
# name 6 = t090C: Temperature [ITS-90, deg C]
# name 7 = t190C: Temperature, 2 [ITS-90, deg C]
# name 8 = c0uS/cm: Conductivity [uS/cm]
# name 9 = c1S/m: Conductivity, 2 [S/m]
# name 10 = flECO-AFL: Fluorescence, WET Labs ECO-AFL/FL [mg/m^3]
# name 11 = CStarAt0: Beam Attenuation, WET Labs C-Star [1/m]
# name 12 = CStarTr0: Beam Transmission, WET Labs C-Star [%]
# name 13 = par: PAR/Irradiance, Biospherical/Licor
# name 14 = modError: Modulo Error Count
# name 15 = v0: Voltage 0
# name 16 = v1: Voltage 1
# name 17 = v2: Voltage 2
# name 18 = v3: Voltage 3
# name 19 = v4: Voltage 4
# name 20 = v5: Voltage 5
# name 21 = v6: Voltage 6
# name 22 = v7: Voltage 7
# name 23 = sbeox0V: Oxygen raw, SBE 43 [V]
# name 24 = sbeox1V: Oxygen raw, SBE 43, 2 [V]
# name 25 = sal00: Salinity, Practical [PSU]
# name 26 = sal11: Salinity, Practical, 2 [PSU]
# name 27 = sigma-é00: Density [sigma-theta, kg/m^3]
# name 28 = sigma-é11: Density, 2 [sigma-theta, kg/m^3]
# name 29 = sbeox0Mm/L: Oxygen, SBE 43 [umol/l], WS = 2
# name 30 = sbeox1Mm/L: Oxygen, SBE 43, 2 [umol/l], WS = 2
# name 31 = sbeox0PS: Oxygen, SBE 43 [% saturation], WS = 2
# name 32 = sbeox1PS: Oxygen, SBE 43, 2 [% saturation], WS = 2
# name 33 = flag: flag
# span 0 =        -90,      21305       
# span 1 =     -3.772,    887.669       
# span 2 =      2.012,    407.818       
# span 3 = -106.81014, -106.81002       
# span 4 =   16.77828,   16.77836       
# span 5 =      2.000,    405.000       
# span 6 =     9.0176,    29.7575       
# span 7 =     8.9911,    29.7105       
# span 8 = 3.6969e+04, 5.7493e+04       
# span 9 =   3.701914,   5.757212       
# span 10 =     0.0404,     1.7954      
# span 11 =     0.0169,     0.1176      
# span 12 =    97.1021,    99.5786      
# span 13 = 1.9452e-04, 5.7184e+02      
# span 14 =          0,          0      
# span 15 =     0.5031,     2.5016      
# span 16 =     0.5130,     2.4920      
# span 17 =     0.0550,     0.2306      
# span 18 =     0.1146,     0.1174      
# span 19 =     4.5172,     4.6324      
# span 20 =     0.0000,     0.0000      
# span 21 =     0.0097,     3.7704      
# span 22 =     0.0000,     0.0000      
# span 23 =     0.5024,     2.5018      
# span 24 =     0.5126,     2.4873      
# span 25 =    34.2810,    34.7839      
# span 26 =    34.3748,    34.8707      
# span 27 =    21.4996,    26.8132      
# span 28 =    21.5781,    26.8790      
# span 29 =      0.813,    229.370      
# span 30 =      0.954,    240.129      
# span 31 =      0.282,    107.285      
# span 32 =      0.331,    112.222      
# span 33 = 0.0000e+00, 0.0000e+00      
# interval = meters: 1                  
# start_time = Oct 08 2019 22:10:36 [NMEA time, first data scan]
# bad_flag = -9.990e-29
*END*
[from data line 171]
       8817    367.313    174.106 -106.81008   16.77828    173.000    12.5949    12.5625 4.0423e+04   4.047992     0.0760     0.0385    99.0409 3.6955e-03          0     0.5066     0.5189     0.0586     0.1149     4.6074     0.0000     0.0247     0.0000     0.5048     0.5172    34.7808    34.8660    26.3081    26.3806      1.094      1.497      0.410      0.560 0.0000e+00
       8957    373.174    175.112 -106.81008   16.77828    174.000    12.5810    12.5462 4.0410e+04   4.046326     0.0771     0.0378    99.0579 3.3153e-03          0     0.5055     0.5181     0.0587     0.1150     4.6082     0.0000     0.0231     0.0000     0.5048     0.5170    34.7814    34.8647    26.3113    26.3828      1.172      1.521      0.438      0.568 0.0000e+00
       8974    373.893    176.119 -106.81008   16.77828    175.000    12.5535    12.5217 4.0384e+04   4.044012     0.0783     0.0379    99.0558 2.2785e-03          0     0.5056     0.5178     0.0588     0.1148     4.6081     0.0000     0.0187     0.0000     0.5048     0.5170    34.7812    34.8647    26.3167    26.3876      1.211      1.580      0.453      0.590 0.0000e+00
       8989    374.516    177.126 -106.81008   16.77828    176.000    12.5455    12.5133 4.0377e+04   4.043315     0.0635     0.0378    99.0576 2.6187e-03          0     0.5055     0.5178     0.0574     0.1150     4.6082     0.0000     0.0202     0.0000     0.5048     0.5171    34.7812    34.8653    26.3182    26.3898      1.133      1.564      0.423      0.584 0.0000e+00
       9003    375.096    178.133 -106.81008   16.77830    177.000    12.5288    12.4957 4.0361e+04   4.041827     0.0658     0.0375    99.0661 2.9998e-03          0     0.5061     0.5179     0.0576     0.1148     4.6086     0.0000     0.0218     0.0000     0.5046     0.5170    34.7813    34.8668    26.3216    26.3944      1.108      1.505      0.414      0.562 0.0000e+00
       9017    375.655    179.140 -106.81008   16.77830    178.000    12.5037    12.4707 4.0337e+04   4.039548     0.0772     0.0370    99.0785 2.1593e-03          0     0.5058     0.5180     0.0587     0.1148     4.6091     0.0000     0.0182     0.0000     0.5046     0.5169    34.7809    34.8676    26.3262    26.3999      1.148      1.460      0.429      0.545 0.0000e+00
       9030    376.220    180.147 -106.81008   16.77830    179.000    12.4775    12.4444 4.0313e+04   4.037035     0.0723     0.0368    99.0852 2.1730e-03          0     0.5057     0.5180     0.0582     0.1152     4.6094     0.0000     0.0183     0.0000     0.5046     0.5169    34.7810    34.8673    26.3315    26.4049      1.170      1.511      0.437      0.564 0.0000e+00
       9045    376.832    181.154 -106.81008   16.77830    180.000    12.4598    12.4275 4.0297e+04   4.035329     0.0645     0.0365    99.0904 2.1730e-03          0     0.5057     0.5179     0.0575     0.1151     4.6097     0.0000     0.0183     0.0000     0.5046     0.5169    34.7820    34.8661    26.3357    26.4073      1.171      1.510      0.437      0.563 0.0000e+00
       9063    377.574    182.160 -106.81008   16.77830    181.000    12.4533    12.4223 4.0292e+04   4.034775     0.0639     0.0366    99.0899 2.1730e-03          0     0.5056     0.5178     0.0574     0.1151     4.6097     0.0000     0.0183     0.0000     0.5046     0.5169    34.7823    34.8652    26.3372    26.4076      1.172      1.472      0.437      0.549 0.0000e+00
       9122    380.045    183.167 -106.81008   16.77830    182.000    12.4545    12.4192 4.0293e+04   4.034493     0.0662     0.0366    99.0886 2.3527e-03          0     0.5055     0.5178     0.0576     0.1149     4.6096     0.0000     0.0191     0.0000     0.5046     0.5167    34.7823    34.8649    26.3370    26.4079      1.172      1.505      0.437      0.561 0.0000e+00
       9204    383.477    184.174 -106.81008   16.77828    183.000    12.4298    12.3932 4.0272e+04   4.032415     0.0634     0.0353    99.1202 1.9852e-03          0     0.5055     0.5176     0.0574     0.1150     4.6110     0.0000     0.0175     0.0000     0.5046     0.5169    34.7839    34.8685    26.3431    26.4159      1.172      1.526      0.437      0.569 0.0000e+00
       9232    384.627    185.181 -106.81008   16.77828    184.000    12.3675    12.3341 4.0209e+04   4.026670     0.0630     0.0355    99.1173 1.7987e-03          0     0.5055     0.5177     0.0573     0.1148     4.6109     0.0000     0.0167     0.0000     0.5046     0.5168    34.7808    34.8675    26.3528    26.4266      1.174      1.476      0.437      0.549 0.0000e+00
       9258    385.727    186.188 -106.81008   16.77828    185.000    12.3381    12.3062 4.0179e+04   4.023618     0.0635     0.0358    99.1081 1.9898e-03          0     0.5055     0.5177     0.0574     0.1149     4.6105     0.0000     0.0175     0.0000     0.5046     0.5167    34.7788    34.8635    26.3570    26.4289      1.175      1.493      0.437      0.555 0.0000e+00
       9288    386.971    187.195 -106.81008   16.77828    186.000    12.3228    12.2916 4.0164e+04   4.022027     0.0703     0.0349    99.1319 1.6434e-03          0     0.5055     0.5178     0.0580     0.1150     4.6116     0.0000     0.0161     0.0000     0.5046     0.5168    34.7778    34.8612    26.3592    26.4300      1.158      1.536      0.431      0.571 0.0000e+00
       9319    388.265    188.202 -106.81008   16.77828    187.000    12.3134    12.2822 4.0155e+04   4.021081     0.0672     0.0348    99.1345 1.6065e-03          0     0.5055     0.5177     0.0577     0.1148     4.6117     0.0000     0.0159     0.0000     0.5046     0.5168    34.7777    34.8604    26.3610    26.4312      1.189      1.449      0.442      0.539 0.0000e+00
       9347    389.430    189.208 -106.81008   16.77828    188.000    12.2923    12.2604 4.0135e+04   4.019106     0.0639     0.0349    99.1325 1.6063e-03          0     0.5055     0.5176     0.0574     0.1148     4.6116     0.0000     0.0159     0.0000     0.5046     0.5164    34.7768    34.8611    26.3644    26.4359      1.177      1.434      0.438      0.533 0.0000e+00
       9374    390.544    190.215 -106.81008   16.77828    189.000    12.2709    12.2394 4.0113e+04   4.016920     0.0749     0.0348    99.1335 1.9777e-03          0     0.5055     0.5177     0.0585     0.1149     4.6117     0.0000     0.0175     0.0000     0.5046     0.5166    34.7756    34.8590    26.3676    26.4384      1.162      1.500      0.432      0.557 0.0000e+00
       9399    391.581    191.222 -106.81008   16.77828    190.000    12.2474    12.2155 4.0090e+04   4.014668     0.0761     0.0342    99.1481 2.1345e-03          0     0.5055     0.5177     0.0586     0.1150     4.6123     0.0000     0.0181     0.0000     0.5046     0.5166    34.7741    34.8590    26.3710    26.4431      1.182      1.439      0.439      0.535 0.0000e+00
       9422    392.542    192.229 -106.81008   16.77828    191.000    12.2363    12.2053 4.0079e+04   4.013462     0.0656     0.0347    99.1357 1.6059e-03          0     0.5055     0.5175     0.0576     0.1149     4.6118     0.0000     0.0159     0.0000     0.5046     0.5162    34.7740    34.8563    26.3731    26.4430      1.173      1.384      0.436      0.514 0.0000e+00
       9443    393.437    193.236 -106.81008   16.77828    192.000    12.2352    12.2039 4.0079e+04   4.013403     0.0639     0.0348    99.1345 2.0885e-03          0     0.5055     0.5173     0.0574     0.1163     4.6117     0.0000     0.0179     0.0000     0.5045     0.5164    34.7739    34.8567    26.3732    26.4435      1.165      1.479      0.432      0.549 0.0000e+00
       9465    394.332    194.243 -106.81008   16.77828    193.000    12.2238    12.1923 4.0068e+04   4.012393     0.0633     0.0348    99.1345 1.6070e-03          0     0.5054     0.5174     0.0573     0.1163     4.6117     0.0000     0.0159     0.0000     0.5046     0.5162    34.7735    34.8572    26.3751    26.4462      1.183      1.380      0.439      0.512 0.0000e+00
       9493    395.516    195.250 -106.81008   16.77828    194.000    12.1907    12.1591 4.0035e+04   4.009177     0.0704     0.0344    99.1452 1.6063e-03          0     0.5055     0.5173     0.0580     0.1151     4.6122     0.0000     0.0159     0.0000     0.5045     0.5162    34.7722    34.8565    26.3806    26.4520      1.153      1.422      0.428      0.527 0.0000e+00
       9619    400.731    196.257 -106.81008   16.77828    195.000    12.1901    12.1524 4.0034e+04   4.008239     0.0624     0.0346    99.1384 1.6063e-03          0     0.5055     0.5169     0.0572     0.1149     4.6119     0.0000     0.0159     0.0000     0.5046     0.5162    34.7712    34.8532    26.3799    26.4508      1.158      1.442      0.430      0.535 0.0000e+00
       9652    402.118    197.264 -106.81008   16.77828    196.000    12.1637    12.1282 4.0010e+04   4.006262     0.0632     0.0337    99.1613 1.6063e-03          0     0.5055     0.5172     0.0573     0.1149     4.6129     0.0000     0.0159     0.0000     0.5044     0.5163    34.7718    34.8561    26.3854    26.4577      1.136      1.465      0.421      0.543 0.0000e+00
       9667    402.765    198.271 -106.81008   16.77828    197.000    12.1334    12.1010 3.9980e+04   4.003665     0.0639     0.0338    99.1590 1.6063e-03          0     0.5055     0.5171     0.0574     0.1150     4.6128     0.0000     0.0159     0.0000     0.5046     0.5162    34.7703    34.8558    26.3901    26.4627      1.227      1.381      0.455      0.512 0.0000e+00
       9682    403.369    199.277 -106.81008   16.77828    198.000    12.1185    12.0867 3.9966e+04   4.002181     0.0639     0.0337    99.1608 1.6063e-03          0     0.5055     0.5171     0.0574     0.1149     4.6129     0.0000     0.0159     0.0000     0.5046     0.5162    34.7700    34.8542    26.3928    26.4643      1.197      1.382      0.443      0.512 0.0000e+00
       9696    403.938    200.285 -106.81008   16.77828    199.000    12.1139    12.0831 3.9962e+04   4.001698     0.0639     0.0335    99.1664 1.6063e-03          0     0.5055     0.5172     0.0574     0.1148     4.6132     0.0000     0.0159     0.0000     0.5046     0.5161    34.7700    34.8525    26.3937    26.4636      1.128      1.361      0.418      0.504 0.0000e+00
       9709    404.513    201.291 -106.81008   16.77828    200.000    12.1127    12.0819 3.9961e+04   4.001609     0.0639     0.0327    99.1867 1.6063e-03          0     0.5055     0.5171     0.0574     0.1149     4.6142     0.0000     0.0159     0.0000     0.5044     0.5160    34.7698    34.8523    26.3938    26.4638      1.128      1.342      0.418      0.497 0.0000e+00
       9725    405.152    202.298 -106.81008   16.77828    201.000    12.1109    12.0800 3.9959e+04   4.001469     0.0632     0.0333    99.1704 1.5738e-03          0     0.5054     0.5171     0.0573     0.1151     4.6134     0.0000     0.0158     0.0000     0.5045     0.5157    34.7695    34.8523    26.3939    26.4642      1.157      1.352      0.429      0.501 0.0000e+00
       9745    405.989    203.305 -106.81008   16.77828    202.000    12.1082    12.0774 3.9958e+04   4.001255     0.0634     0.0335    99.1653 1.5485e-03          0     0.5054     0.5171     0.0573     0.1148     4.6131     0.0000     0.0157     0.0000     0.5045     0.5159    34.7704    34.8522    26.3952    26.4646      1.168      1.383      0.432      0.512 0.0000e+00
       9832    409.615    204.312 -106.81008   16.77828    203.000    12.1117    12.0817 3.9962e+04   4.001683     0.0645     0.0335    99.1662 1.6039e-03          0     0.5054     0.5168     0.0575     0.1149     4.6132     0.0000     0.0159     0.0000     0.5044     0.5158    34.7704    34.8519    26.3945    26.4636      1.163      1.367      0.431      0.506 0.0000e+00
       9920    413.308    205.319 -106.81008   16.77828    204.000    12.1056    12.0752 3.9957e+04   4.001174     0.0731     0.0335    99.1653 1.6063e-03          0     0.5054     0.5167     0.0583     0.1148     4.6131     0.0000     0.0159     0.0000     0.5045     0.5158    34.7706    34.8526    26.3959    26.4654      1.166      1.363      0.432      0.505 0.0000e+00
       9938    414.045    206.326 -106.81008   16.77828    205.000    12.0928    12.0604 3.9945e+04   4.000100     0.0633     0.0333    99.1705 1.6063e-03          0     0.5053     0.5167     0.0573     0.1151     4.6134     0.0000     0.0159     0.0000     0.5044     0.5160    34.7704    34.8555    26.3982    26.4705      1.154      1.393      0.427      0.515 0.0000e+00
       9954    414.704    207.333 -106.81008   16.77828    206.000    12.0651    12.0331 3.9918e+04   3.997411     0.0639     0.0337    99.1609 1.6063e-03          0     0.5053     0.5167     0.0574     0.1150     4.6129     0.0000     0.0159     0.0000     0.5046     0.5156    34.7697    34.8543    26.4029    26.4748      1.173      1.349      0.434      0.499 0.0000e+00
       9969    415.337    208.340 -106.81008   16.77828    207.000    12.0450    12.0119 3.9899e+04   3.995552     0.0639     0.0327    99.1872 1.6063e-03          0     0.5053     0.5167     0.0574     0.1149     4.6142     0.0000     0.0159     0.0000     0.5044     0.5162    34.7694    34.8557    26.4066    26.4799      1.137      1.417      0.421      0.524 0.0000e+00
       9985    416.015    209.347 -106.81008   16.77828    208.000    12.0190    11.9865 3.9874e+04   3.992955     0.0639     0.0327    99.1870 1.6063e-03          0     0.5054     0.5167     0.0574     0.1149     4.6142     0.0000     0.0159     0.0000     0.5044     0.5155    34.7687    34.8536    26.4110    26.4832      1.121      1.279      0.414      0.473 0.0000e+00
      10005    416.825    210.354 -106.81008   16.77828    209.000    12.0069    11.9769 3.9862e+04   3.991872     0.0633     0.0327    99.1870 1.6063e-03          0     0.5054     0.5167     0.0573     0.1149     4.6142     0.0000     0.0159     0.0000     0.5043     0.5157    34.7684    34.8516    26.4131    26.4834      1.084      1.382      0.401      0.511 0.0000e+00
      10032    417.967    211.361 -106.81008   16.77828    210.000    12.0024    11.9718 3.9858e+04   3.991328     0.0717     0.0327    99.1870 1.6063e-03          0     0.5054     0.5167     0.0582     0.1148     4.6142     0.0000     0.0159     0.0000     0.5042     0.5157    34.7685    34.8506    26.4141    26.4837      1.101      1.317      0.407      0.486 0.0000e+00
      10086    420.197    212.368 -106.81008   16.77828    211.000    12.0009    11.9703 3.9857e+04   3.991182     0.0635     0.0327    99.1870 1.5982e-03          0     0.5052     0.5166     0.0574     0.1149     4.6142     0.0000     0.0159     0.0000     0.5043     0.5156    34.7684    34.8501    26.4143    26.4836      1.129      1.352      0.417      0.499 0.0000e+00
      10144    422.618    213.375 -106.81008   16.77828    212.000    11.9889    11.9582 3.9846e+04   3.990181     0.0636     0.0327    99.1870 1.5595e-03          0     0.5051     0.5165     0.0574     0.1151     4.6142     0.0000     0.0157     0.0000     0.5042     0.5156    34.7679    34.8512    26.4162    26.4868      1.202      1.349      0.444      0.498 0.0000e+00
      10172    423.778    214.382 -106.81008   16.77829    213.000    11.9650    11.9364 3.9823e+04   3.988181     0.0639     0.0327    99.1870 1.5612e-03          0     0.5052     0.5166     0.0574     0.1168     4.6142     0.0000     0.0157     0.0000     0.5043     0.5156    34.7678    34.8516    26.4207    26.4913      1.039      1.357      0.384      0.501 0.0000e+00
      10197    424.844    215.389 -106.81007   16.77830    214.000    11.9491    11.9180 3.9808e+04   3.986345     0.0649     0.0326    99.1891 1.5383e-03          0     0.5050     0.5165     0.0575     0.1149     4.6143     0.0000     0.0156     0.0000     0.5039     0.5157    34.7674    34.8505    26.4235    26.4939      1.017      1.352      0.375      0.499 0.0000e+00
