data/ctd-cnv/KM1919/KM1919-St20-P2/St20_P2_cast58-align-cellTM-derive-bin.cnv
* Sea-Bird SBE 9 Data File:
* FileName = C:\Users\otg\Desktop\CTD Data\km1920\St20_P2_cast58.hex
* Software Version Seasave V 7.26.7.107
* Temperature SN = 5554
* Conductivity SN = 3876
* Number of Bytes Per Scan = 41
* Number of Voltage Words = 4
* Number of Scans Averaged by the Deck Unit = 1
* NMEA Latitude = 16 50.84 N
* NMEA Longitude = 106 50.88 W
* NMEA UTC (Time) = Oct 12 2019  10:28:01
* NMEA baud rate = 4800
** Ship: Kilo Moana
** Station: St20_P2 cast 58
** Operator: cf
** productivity
# nquan = 34
# nvalues = 201                         
# units = specified
# name 0 = scan: Scan Count
# name 1 = timeS: Time, Elapsed [seconds]
# name 2 = prDM: Pressure, Digiquartz [db]
# name 3 = longitude: Longitude [deg]
# name 4 = latitude: Latitude [deg]
# name 5 = depSM: Depth [salt water, m]
# name 6 = t090C: Temperature [ITS-90, deg C]
# name 7 = t190C: Temperature, 2 [ITS-90, deg C]
# name 8 = c0uS/cm: Conductivity [uS/cm]
# name 9 = c1S/m: Conductivity, 2 [S/m]
# name 10 = flECO-AFL: Fluorescence, WET Labs ECO-AFL/FL [mg/m^3]
# name 11 = CStarAt0: Beam Attenuation, WET Labs C-Star [1/m]
# name 12 = CStarTr0: Beam Transmission, WET Labs C-Star [%]
# name 13 = par: PAR/Irradiance, Biospherical/Licor
# name 14 = modError: Modulo Error Count
# name 15 = v0: Voltage 0
# name 16 = v1: Voltage 1
# name 17 = v2: Voltage 2
# name 18 = v3: Voltage 3
# name 19 = v4: Voltage 4
# name 20 = v5: Voltage 5
# name 21 = v6: Voltage 6
# name 22 = v7: Voltage 7
# name 23 = sbeox0V: Oxygen raw, SBE 43 [V]
# name 24 = sbeox1V: Oxygen raw, SBE 43, 2 [V]
# name 25 = sal00: Salinity, Practical [PSU]
# name 26 = sal11: Salinity, Practical, 2 [PSU]
# name 27 = sigma-é00: Density [sigma-theta, kg/m^3]
# name 28 = sigma-é11: Density, 2 [sigma-theta, kg/m^3]
# name 29 = sbeox0Mm/L: Oxygen, SBE 43 [umol/l], WS = 2
# name 30 = sbeox1Mm/L: Oxygen, SBE 43, 2 [umol/l], WS = 2
# name 31 = sbeox0PS: Oxygen, SBE 43 [% saturation], WS = 2
# name 32 = sbeox1PS: Oxygen, SBE 43, 2 [% saturation], WS = 2
# name 33 = flag: flag
# span 0 =        491,      10155       
# span 1 =     20.402,    423.086       
# span 2 =      3.018,    204.313       
# span 3 = -106.84804, -106.84794       
# span 4 =   16.84716,   16.84724       
# span 5 =      3.000,    203.000       
# span 6 =    12.0227,    28.8331       
# span 7 =    11.9950,    28.7920       
# span 8 = 3.9868e+04, 5.6269e+04       
# span 9 =   3.993004,   5.635639       
# span 10 =     0.0626,     1.5194      
# span 11 =     0.0464,     0.1250      
# span 12 =    96.9240,    98.8477      
# span 13 = 7.7618e-05, 3.5571e+00      
# span 14 =          0,          0      
# span 15 =     0.5049,     2.5142      
# span 16 =     0.5165,     2.4937      
# span 17 =     0.0573,     0.2030      
# span 18 =     0.1120,     0.1172      
# span 19 =     4.5089,     4.5984      
# span 20 =     0.0000,     0.0000      
# span 21 =     0.0090,     1.5589      
# span 22 =     0.0000,     0.0000      
# span 23 =     0.5037,     2.5125      
# span 24 =     0.5151,     2.4936      
# span 25 =    34.2765,    34.7816      
# span 26 =    34.3641,    34.8688      
# span 27 =    21.6053,    26.4049      
# span 28 =    21.6823,    26.4773      
# span 29 =      0.928,    229.533      
# span 30 =      1.262,    240.332      
# span 31 =      0.343,    107.646      
# span 32 =      0.469,    112.565      
# span 33 = 0.0000e+00, 0.0000e+00      
# interval = meters: 1                  
# start_time = Oct 12 2019 10:31:27 [NMEA time, first data scan]
# bad_flag = -9.990e-29
*END*
[from data line 86]
       5497    229.015     89.551 -106.84798   16.84716     89.000    17.8333    17.7768 4.5070e+04   4.515301     0.6487     0.0746    98.1542 1.1191e-03          0     1.4175     1.4161     0.1159     0.1147     4.5661     0.0000     0.0138     0.0000     1.2374     1.2933    34.4003    34.5191    24.8573    24.9620     77.470     93.687     32.078     38.781 0.0000e+00
       5512    229.639     90.557 -106.84798   16.84716     90.000    17.4180    17.3685 4.4694e+04   4.478521     0.5628     0.0699    98.2684 1.1572e-03          0     1.4142     1.4200     0.1072     0.1148     4.5714     0.0000     0.0139     0.0000     1.2035     1.2509    34.4286    34.5496    24.9795    25.0842     80.386     91.556     33.029     37.612 0.0000e+00
       5531    230.404     91.564 -106.84798   16.84716     91.000    17.2662    17.2287 4.4560e+04   4.463427     0.4597     0.0662    98.3576 1.1151e-03          0     1.3923     1.4106     0.0969     0.1147     4.5756     0.0000     0.0137     0.0000     1.1812     1.2175    34.4416    34.5381    25.0259    25.1089     84.533     91.301     34.636     37.404 0.0000e+00
       5617    234.009     92.570 -106.84797   16.84716     92.000    17.4199    17.3194 4.4700e+04   4.470798     0.4917     0.0643    98.4065 1.0425e-03          0     1.2351     1.2688     0.1002     0.1147     4.5779     0.0000     0.0134     0.0000     1.1965     1.2068    34.4318    34.5240    24.9814    25.0763     93.459     97.261     38.377     39.907 0.0000e+00
       5709    237.840     93.576 -106.84798   16.84716     93.000    17.2945    17.3050 4.4590e+04   4.472242     0.5014     0.0666    98.3494 1.0427e-03          0     1.2965     1.2756     0.1011     0.1147     4.5752     0.0000     0.0134     0.0000     1.0809     1.1397    34.4431    34.5485    25.0204    25.0987     51.840     71.026     21.252     29.143 0.0000e+00
       5724    238.451     94.583 -106.84798   16.84716     94.000    16.9772    16.9302 4.4304e+04   4.439439     0.4544     0.0633    98.4305 1.0428e-03          0     1.3001     1.2867     0.0964     0.1148     4.5790     0.0000     0.0134     0.0000     1.0353     1.0903    34.4655    34.5844    25.1131    25.2155     54.051     66.739     22.027     27.193 0.0000e+00
       5741    239.166     95.589 -106.84798   16.84716     95.000    16.7736    16.7272 4.4128e+04   4.420979     0.3810     0.0604    98.5011 1.0428e-03          0     1.2683     1.2732     0.0891     0.1147     4.5822     0.0000     0.0134     0.0000     1.0082     1.0497    34.4861    34.5975    25.1769    25.2733     60.761     65.957     24.666     26.771 0.0000e+00
       5821    242.495     96.596 -106.84798   16.84716     96.000    16.8411    16.7672 4.4190e+04   4.422167     0.4019     0.0604    98.5013 1.0226e-03          0     1.1063     1.1415     0.0912     0.1136     4.5823     0.0000     0.0133     0.0000     1.0368     1.0460    34.4813    34.5730    25.1572    25.2450     78.643     77.728     31.945     31.560 0.0000e+00
       5922    246.718     97.602 -106.84798   16.84716     97.000    16.9150    16.8646 4.4261e+04   4.433257     0.4130     0.0608    98.4928 1.0432e-03          0     1.1767     1.1637     0.0923     0.1148     4.5819     0.0000     0.0134     0.0000     0.9358     1.0044    34.4796    34.5858    25.1387    25.2321     32.299     50.644     13.149     20.610 0.0000e+00
       5937    247.332     98.609 -106.84798   16.84716     98.000    16.4008    16.3018 4.3791e+04   4.386747     0.3693     0.0587    98.5437 1.0108e-03          0     1.1665     1.1778     0.0879     0.1147     4.5843     0.0000     0.0133     0.0000     0.8894     0.9498    34.5101    34.6636    25.2822    25.4231     34.949     47.115     14.087     18.974 0.0000e+00
       5958    248.207     99.615 -106.84797   16.84716     99.000    16.0847    16.0359 4.3499e+04   4.357839     0.3192     0.0566    98.5934 9.8188e-04          0     1.1121     1.1494     0.0829     0.1148     4.5866     0.0000     0.0131     0.0000     0.8594     0.9054    34.5260    34.6386    25.3672    25.4650     41.910     47.564     16.790     19.052 0.0000e+00
       6068    252.805    100.621 -106.84796   16.84716    100.000    16.1818    16.2789 4.3585e+04   4.377629     0.3472     0.0548    98.6386 7.6189e-04          0     0.8933     0.9459     0.0857     0.1147     4.5887     0.0000     0.0122     0.0000     0.8452     0.8953    34.5170    34.6020    25.3378    25.3806     43.661     51.786     17.519     20.831 0.0000e+00
       6148    256.106    101.628 -106.84796   16.84716    101.000    15.6989    15.6706 4.3123e+04   4.324926     0.2973     0.0546    98.6442 7.6098e-04          0     0.9253     0.9959     0.0807     0.1147     4.5889     0.0000     0.0122     0.0000     0.7393     0.8190    34.5260    34.6637    25.4547    25.5670     12.699     28.108      5.050     11.183 0.0000e+00
       6174    257.224    102.634 -106.84796   16.84716    102.000    15.3245    15.2786 4.2768e+04   4.285163     0.2180     0.0512    98.7292 7.6216e-04          0     0.8766     0.9746     0.0728     0.1147     4.5929     0.0000     0.0122     0.0000     0.6801     0.7469    34.5346    34.6507    25.5450    25.6446      9.223     21.014      3.641      8.295 0.0000e+00
       6204    258.449    103.641 -106.84796   16.84716    103.000    15.0524    15.0121 4.2538e+04   4.261536     0.1914     0.0510    98.7344 7.6987e-04          0     0.8060     0.8937     0.0701     0.1124     4.5931     0.0000     0.0122     0.0000     0.6335     0.6896    34.5658    34.6720    25.6291    25.7197      7.501     15.845      2.946      6.223 0.0000e+00
       6272    261.273    104.647 -106.84796   16.84717    104.000    14.9512    14.8760 4.2465e+04   4.249142     0.1857     0.0489    98.7842 7.6250e-04          0     0.6673     0.7289     0.0696     0.1123     4.5954     0.0000     0.0122     0.0000     0.6134     0.6369    34.5886    34.6796    25.6687    25.7553     14.967     16.553      5.864      6.483 0.0000e+00
       6359    264.932    105.654 -106.84796   16.84718    105.000    14.8240    14.7928 4.2359e+04   4.244100     0.1895     0.0474    98.8223 7.6216e-04          0     0.6135     0.6263     0.0699     0.1135     4.5972     0.0000     0.0122     0.0000     0.5910     0.6143    34.6042    34.7071    25.7085    25.7947      9.982     13.501      3.903      5.280 0.0000e+00
       6400    266.626    106.661 -106.84796   16.84718    106.000    14.6532    14.6187 4.2204e+04   4.226943     0.1688     0.0475    98.8195 7.6216e-04          0     0.6101     0.6310     0.0679     0.1125     4.5971     0.0000     0.0122     0.0000     0.5787     0.6022    34.6138    34.7049    25.7530    25.8307      8.440     12.022      3.289      4.685 0.0000e+00
       6440    268.280    107.667 -106.84796   16.84718    107.000    14.5472    14.5119 4.2123e+04   4.218618     0.1645     0.0476    98.8173 7.6216e-04          0     0.5924     0.6155     0.0675     0.1138     4.5970     0.0000     0.0122     0.0000     0.5662     0.5891    34.6342    34.7236    25.7915    25.8681      7.455     10.144      2.899      3.945 0.0000e+00
       6486    270.196    108.673 -106.84796   16.84718    108.000    14.5274    14.4947 4.2114e+04   4.217542     0.1694     0.0474    98.8210 7.5790e-04          0     0.5790     0.6023     0.0680     0.1143     4.5971     0.0000     0.0122     0.0000     0.5585     0.5788    34.6430    34.7287    25.8027    25.8758      7.430      9.436      2.889      3.668 0.0000e+00
       6552    272.961    109.680 -106.84796   16.84718    109.000    14.5152    14.4811 4.2110e+04   4.216931     0.1791     0.0475    98.8190 7.5283e-04          0     0.5616     0.5829     0.0689     0.1122     4.5971     0.0000     0.0122     0.0000     0.5471     0.5677    34.6494    34.7348    25.8103    25.8835      4.767      7.477      1.853      2.906 0.0000e+00
       6612    275.477    110.686 -106.84796   16.84718    110.000    14.4535    14.4194 4.2076e+04   4.213632     0.1733     0.0484    98.7976 7.1615e-04          0     0.5532     0.5731     0.0684     0.1131     4.5960     0.0000     0.0120     0.0000     0.5337     0.5534    34.6730    34.7594    25.8417    25.9157      3.618      5.563      1.405      2.160 0.0000e+00
       6677    278.171    111.693 -106.84796   16.84718    111.000    14.3851    14.3521 4.2024e+04   4.208440     0.2006     0.0482    98.8026 6.1654e-04          0     0.5379     0.5583     0.0710     0.1133     4.5963     0.0000     0.0116     0.0000     0.5229     0.5419    34.6858    34.7715    25.8663    25.9394      2.236      4.053      0.867      1.572 0.0000e+00
       6724    280.107    112.699 -106.84796   16.84718    112.000    14.3366    14.3026 4.1987e+04   4.204744     0.2196     0.0486    98.7922 4.9338e-04          0     0.5304     0.5494     0.0730     0.1123     4.5958     0.0000     0.0110     0.0000     0.5171     0.5351    34.6953    34.7815    25.8839    25.9577      1.932      3.312      0.748      1.283 0.0000e+00
       6756    281.442    113.706 -106.84796   16.84718    113.000    14.3047    14.2709 4.1963e+04   4.202235     0.2232     0.0511    98.7293 4.8184e-04          0     0.5245     0.5438     0.0733     0.1123     4.5928     0.0000     0.0110     0.0000     0.5143     0.5314    34.7008    34.7863    25.8950    25.9682      1.849      2.988      0.716      1.157 0.0000e+00
       6789    282.816    114.712 -106.84796   16.84718    114.000    14.2719    14.2388 4.1935e+04   4.199458     0.2925     0.0548    98.6388 4.8236e-04          0     0.5202     0.5387     0.0802     0.1123     4.5886     0.0000     0.0110     0.0000     0.5129     0.5292    34.7039    34.7892    25.9044    25.9773      1.963      2.931      0.760      1.134 0.0000e+00
       6901    287.487    115.719 -106.84796   16.84718    115.000    14.2781    14.2403 4.1941e+04   4.199531     0.3689     0.0524    98.6982 4.8236e-04          0     0.5125     0.5284     0.0879     0.1123     4.5915     0.0000     0.0110     0.0000     0.5112     0.5263    34.7034    34.7881    25.9027    25.9761      1.907      2.809      0.738      1.087 0.0000e+00
       6936    288.947    116.726 -106.84796   16.84718    116.000    14.2191    14.1859 4.1888e+04   4.194802     0.3169     0.0547    98.6426 4.8236e-04          0     0.5128     0.5281     0.0827     0.1144     4.5888     0.0000     0.0110     0.0000     0.5106     0.5257    34.7074    34.7929    25.9183    25.9914      1.889      2.568      0.730      0.993 0.0000e+00
       6961    289.980    117.732 -106.84796   16.84718    117.000    14.1996    14.1670 4.1872e+04   4.193124     0.3180     0.0576    98.5691 4.8236e-04          0     0.5128     0.5275     0.0828     0.1147     4.5855     0.0000     0.0110     0.0000     0.5106     0.5249    34.7095    34.7940    25.9241    25.9963      1.933      2.480      0.747      0.958 0.0000e+00
       7027    292.730    118.739 -106.84796   16.84718    118.000    14.1987    14.1675 4.1872e+04   4.193034     0.3695     0.0563    98.6014 4.3579e-04          0     0.5118     0.5264     0.0879     0.1143     4.5869     0.0000     0.0108     0.0000     0.5099     0.5239    34.7097    34.7923    25.9245    25.9949      1.794      2.433      0.693      0.940 0.0000e+00
       7130    297.047    119.745 -106.84796   16.84718    119.000    14.1907    14.1635 4.1865e+04   4.193034     0.4207     0.0561    98.6069 2.3762e-04          0     0.5106     0.5245     0.0931     0.1141     4.5872     0.0000     0.0099     0.0000     0.5093     0.5232    34.7106    34.7955    25.9269    25.9982      1.768      2.291      0.683      0.885 0.0000e+00
       7151    297.901    120.752 -106.84796   16.84718    120.000    14.1441    14.1083 4.1824e+04   4.188616     0.3688     0.0568    98.5902 2.8589e-04          0     0.5104     0.5244     0.0879     0.1128     4.5864     0.0000     0.0102     0.0000     0.5092     0.5229    34.7139    34.8039    25.9394    26.0164      1.591      2.243      0.614      0.866 0.0000e+00
       7176    298.973    121.758 -106.84796   16.84718    121.000    14.0538    14.0198 4.1745e+04   4.180611     0.3547     0.0600    98.5126 3.0863e-04          0     0.5104     0.5245     0.0865     0.1147     4.5828     0.0000     0.0103     0.0000     0.5084     0.5224    34.7212    34.8090    25.9640    26.0390      1.495      2.190      0.576      0.844 0.0000e+00
       7237    301.504    122.765 -106.84796   16.84718    122.000    14.0360    14.0046 4.1729e+04   4.178757     0.4007     0.0581    98.5580 2.5597e-04          0     0.5099     0.5238     0.0911     0.1134     4.5849     0.0000     0.0100     0.0000     0.5082     0.5218    34.7224    34.8051    25.9687    26.0392      1.616      2.148      0.622      0.827 0.0000e+00
       7355    306.427    123.771 -106.84796   16.84718    123.000    14.0481    14.0146 4.1739e+04   4.180033     0.4760     0.0567    98.5935 2.2739e-04          0     0.5090     0.5224     0.0986     0.1122     4.5866     0.0000     0.0099     0.0000     0.5098     0.5222    34.7200    34.8075    25.9644    26.0390      2.333      2.515      0.899      0.969 0.0000e+00
       7372    307.135    124.778 -106.84796   16.84718    124.000    13.9176    13.8836 4.1609e+04   4.167379     0.3700     0.0513    98.7252 2.2652e-04          0     0.5092     0.5226     0.0880     0.1147     4.5927     0.0000     0.0099     0.0000     0.5106     0.5229    34.7167    34.8077    25.9892    26.0666      2.076      2.469      0.798      0.949 0.0000e+00
       7395    308.085    125.785 -106.84796   16.84718    125.000    13.8484    13.8144 4.1544e+04   4.160685     0.2014     0.0485    98.7949 2.0279e-04          0     0.5094     0.5224     0.0711     0.1124     4.5959     0.0000     0.0098     0.0000     0.5106     0.5234    34.7182    34.8075    26.0048    26.0809      1.911      2.417      0.733      0.927 0.0000e+00
       7420    309.139    126.791 -106.84796   16.84718    126.000    13.8164    13.7838 4.1519e+04   4.157856     0.1711     0.0464    98.8477 2.0334e-04          0     0.5104     0.5231     0.0681     0.1142     4.5984     0.0000     0.0098     0.0000     0.5101     0.5228    34.7230    34.8084    26.0152    26.0880      1.815      2.297      0.696      0.881 0.0000e+00
       7515    313.100    127.798 -106.84796   16.84718    127.000    13.8353    13.8025 4.1537e+04   4.159220     0.2235     0.0504    98.7478 2.0334e-04          0     0.5117     0.5242     0.0734     0.1120     4.5937     0.0000     0.0098     0.0000     0.5103     0.5229    34.7220    34.8038    26.0105    26.0805      1.863      2.365      0.715      0.907 0.0000e+00
       7559    314.934    128.804 -106.84796   16.84718    128.000    13.6975    13.6922 4.1414e+04   4.151312     0.2236     0.0507    98.7413 2.0334e-04          0     0.5116     0.5239     0.0734     0.1147     4.5934     0.0000     0.0098     0.0000     0.5087     0.5221    34.7319    34.8296    26.0468    26.1234      1.385      2.038      0.530      0.780 0.0000e+00
       7575    315.565    129.811 -106.84796   16.84718    129.000    13.6776    13.6455 4.1400e+04   4.145769     0.2027     0.0507    98.7407 2.0334e-04          0     0.5116     0.5242     0.0712     0.1147     4.5934     0.0000     0.0098     0.0000     0.5082     0.5216    34.7359    34.8196    26.0540    26.1254      1.477      1.985      0.565      0.759 0.0000e+00
       7588    316.145    130.818 -106.84796   16.84718    130.000    13.6780    13.6459 4.1402e+04   4.146077     0.2083     0.0517    98.7154 2.0334e-04          0     0.5116     0.5240     0.0718     0.1136     4.5922     0.0000     0.0098     0.0000     0.5082     0.5212    34.7376    34.8216    26.0553    26.1269      1.511      1.895      0.578      0.725 0.0000e+00
