data/ctd-cnv/KM1919/KM1919-St20-P2/St20_P2_cast25-align-cellTM-derive-bin.cnv
* Sea-Bird SBE 9 Data File:
* FileName = C:\Users\otg\Desktop\CTD Data\km1920\St20_P2_cast25.hex
* Software Version Seasave V 7.26.7.107
* Temperature SN = 5554
* Conductivity SN = 3876
* Number of Bytes Per Scan = 41
* Number of Voltage Words = 4
* Number of Scans Averaged by the Deck Unit = 1
* NMEA Latitude = 16 48.59 N
* NMEA Longitude = 106 53.14 W
* NMEA UTC (Time) = Oct 03 2019  13:28:12
* NMEA baud rate = 4800
** Ship: Kilo Moana
** Station: St20_P2cast 25
** Operator: cf
** Start of leg 2
# nquan = 34
# nvalues = 503                         
# units = specified
# name 0 = scan: Scan Count
# name 1 = timeS: Time, Elapsed [seconds]
# name 2 = prDM: Pressure, Digiquartz [db]
# name 3 = longitude: Longitude [deg]
# name 4 = latitude: Latitude [deg]
# name 5 = depSMignore: Depth [salt water, m]
# name 6 = t090C: Temperature [ITS-90, deg C]
# name 7 = t190C: Temperature, 2 [ITS-90, deg C]
# name 8 = c0uS/cm: Conductivity [uS/cm]
# name 9 = c1S/m: Conductivity, 2 [S/m]
# name 10 = flECO-AFL: Fluorescence, WET Labs ECO-AFL/FL [mg/m^3]
# name 11 = CStarAt0: Beam Attenuation, WET Labs C-Star [1/m]
# name 12 = CStarTr0: Beam Transmission, WET Labs C-Star [%]
# name 13 = par: PAR/Irradiance, Biospherical/Licor
# name 14 = modError: Modulo Error Count
# name 15 = v0: Voltage 0
# name 16 = v1: Voltage 1
# name 17 = v2: Voltage 2
# name 18 = v3: Voltage 3
# name 19 = v4: Voltage 4
# name 20 = v5: Voltage 5
# name 21 = v6: Voltage 6
# name 22 = v7: Voltage 7
# name 23 = sbeox0V: Oxygen raw, SBE 43 [V]
# name 24 = sbeox1V: Oxygen raw, SBE 43, 2 [V]
# name 25 = sal00: Salinity, Practical [PSU]
# name 26 = sal11: Salinity, Practical, 2 [PSU]
# name 27 = sigma-é00: Density [sigma-theta, kg/m^3]
# name 28 = sigma-é11: Density, 2 [sigma-theta, kg/m^3]
# name 29 = sbeox0Mm/L: Oxygen, SBE 43 [umol/l], WS = 2
# name 30 = sbeox1Mm/L: Oxygen, SBE 43, 2 [umol/l], WS = 2
# name 31 = sbeox0PS: Oxygen, SBE 43 [% saturation], WS = 2
# name 32 = sbeox1PS: Oxygen, SBE 43, 2 [% saturation], WS = 2
# name 33 = flag: flag
# span 0 =        174,      18224       
# span 1 =      7.202,    759.285       
# span 2 =      1.006,    506.622       
# span 3 = -106.88594, -106.88574       
# span 4 =   16.80984,   16.80992       
# span 5 =      1.000,    503.000       
# span 6 =     7.7673,    29.3492       
# span 7 =     7.7407,    29.3129       
# span 8 = 3.5816e+04, 5.7067e+04       
# span 9 =   3.586907,   5.714419       
# span 10 =     0.0583,     1.1394      
# span 11 =     0.0046,     0.0903      
# span 12 =    97.7666,    99.8865      
# span 13 = 1.0000e-12, 5.4334e+02      
# span 14 =          0,          0      
# span 15 =     0.5031,     2.4741      
# span 16 =     0.5122,     2.4589      
# span 17 =     0.0568,     0.1650      
# span 18 =     0.1157,     0.1197      
# span 19 =     4.5481,     4.6467      
# span 20 =     0.0000,     0.0000      
# span 21 =     0.0084,     3.5256      
# span 22 =     0.0000,     0.0000      
# span 23 =     0.5024,     2.4742      
# span 24 =     0.5113,     2.4592      
# span 25 =    34.4462,    34.7900      
# span 26 =    34.5334,    34.8792      
# span 27 =    21.6043,    26.9722      
# span 28 =    21.6789,    27.0415      
# span 29 =      0.783,    222.324      
# span 30 =      0.500,    232.838      
# span 31 =      0.265,    105.553      
# span 32 =      0.169,    110.966      
# span 33 = 0.0000e+00, 0.0000e+00      
# interval = meters: 1                  
# start_time = Oct 03 2019 13:31:34 [NMEA time, first data scan]
# bad_flag = -9.990e-29
*END*
[from data line 257]
      10762    448.363    259.703 -106.88590   16.80986    258.000    11.0377    11.0082 3.8906e+04   3.895903     0.0714     0.0163    99.5928 1.0000e-12          0     0.5043     0.5158     0.0581     0.1179     4.6330     0.0000     0.0085     0.0000     0.5035     0.5149    34.7140    34.7946    26.5518    26.6199      1.053      1.307      0.381      0.473 0.0000e+00
      10793    449.683    260.710 -106.88590   16.80986    259.000    11.0267    10.9966 3.8895e+04   3.894733     0.0754     0.0166    99.5849 1.0000e-12          0     0.5043     0.5155     0.0585     0.1183     4.6327     0.0000     0.0085     0.0000     0.5035     0.5149    34.7128    34.7935    26.5528    26.6212      1.053      1.251      0.381      0.453 0.0000e+00
      10822    450.870    261.717 -106.88590   16.80986    260.000    11.0094    10.9791 3.8878e+04   3.893069     0.0635     0.0168    99.5807 1.0000e-12          0     0.5043     0.5157     0.0574     0.1183     4.6325     0.0000     0.0085     0.0000     0.5035     0.5148    34.7118    34.7930    26.5552    26.6240      1.054      1.191      0.381      0.431 0.0000e+00
      10846    451.881    262.725 -106.88590   16.80986    261.000    10.9986    10.9690 3.8868e+04   3.892011     0.0639     0.0167    99.5830 1.0000e-12          0     0.5043     0.5156     0.0574     0.1172     4.6326     0.0000     0.0084     0.0000     0.5035     0.5148    34.7113    34.7916    26.5568    26.6247      1.054      1.219      0.381      0.441 0.0000e+00
      10868    452.794    263.732 -106.88590   16.80986    262.000    10.9913    10.9616 3.8862e+04   3.891321     0.0742     0.0161    99.5972 1.0000e-12          0     0.5043     0.5158     0.0584     0.1179     4.6333     0.0000     0.0085     0.0000     0.5035     0.5146    34.7118    34.7913    26.5585    26.6258      1.054      1.223      0.381      0.442 0.0000e+00
      10889    453.661    264.739 -106.88590   16.80986    263.000    10.9845    10.9546 3.8855e+04   3.890662     0.0656     0.0160    99.5994 1.0000e-12          0     0.5043     0.5158     0.0576     0.1181     4.6334     0.0000     0.0085     0.0000     0.5035     0.5147    34.7113    34.7908    26.5594    26.6267      1.055      1.256      0.381      0.454 0.0000e+00
      10911    454.590    265.746 -106.88590   16.80986    264.000    10.9751    10.9453 3.8846e+04   3.889815     0.0706     0.0160    99.5991 1.0000e-12          0     0.5043     0.5155     0.0581     0.1181     4.6333     0.0000     0.0084     0.0000     0.5035     0.5148    34.7106    34.7908    26.5606    26.6284      1.055      1.242      0.381      0.449 0.0000e+00
      10939    455.750    266.754 -106.88590   16.80986    265.000    10.9493    10.9191 3.8820e+04   3.887355     0.0755     0.0154    99.6146 1.0000e-12          0     0.5043     0.5155     0.0585     0.1181     4.6340     0.0000     0.0085     0.0000     0.5035     0.5147    34.7088    34.7906    26.5638    26.6329      1.056      1.206      0.381      0.435 0.0000e+00
      10997    458.167    267.761 -106.88590   16.80986    266.000    10.9180    10.8844 3.8789e+04   3.883653     0.0714     0.0156    99.6090 1.0000e-12          0     0.5043     0.5155     0.0581     0.1182     4.6338     0.0000     0.0085     0.0000     0.5035     0.5146    34.7064    34.7861    26.5676    26.6357      1.057      1.226      0.381      0.442 0.0000e+00
      11056    460.623    268.768 -106.88590   16.80986    267.000    10.9002    10.8711 3.8772e+04   3.882369     0.0639     0.0156    99.6085 1.0000e-12          0     0.5043     0.5154     0.0574     0.1174     4.6338     0.0000     0.0085     0.0000     0.5035     0.5146    34.7058    34.7854    26.5704    26.6376      1.057      1.198      0.382      0.432 0.0000e+00
      11081    461.667    269.776 -106.88588   16.80986    268.000    10.8956    10.8660 3.8767e+04   3.881856     0.0639     0.0153    99.6163 1.0000e-12          0     0.5043     0.5154     0.0574     0.1183     4.6341     0.0000     0.0085     0.0000     0.5035     0.5145    34.7053    34.7846    26.5708    26.6379      1.058      1.200      0.382      0.433 0.0000e+00
      11100    462.444    270.783 -106.88588   16.80986    269.000    10.8930    10.8633 3.8765e+04   3.881679     0.0639     0.0149    99.6291 1.0000e-12          0     0.5043     0.5157     0.0574     0.1182     4.6347     0.0000     0.0085     0.0000     0.5035     0.5145    34.7051    34.7850    26.5711    26.6387      1.058      1.224      0.382      0.442 0.0000e+00
      11116    463.110    271.790 -106.88588   16.80986    270.000    10.8870    10.8571 3.8760e+04   3.881122     0.0708     0.0148    99.6300 1.0000e-12          0     0.5043     0.5152     0.0581     0.1175     4.6348     0.0000     0.0085     0.0000     0.5035     0.5145    34.7049    34.7849    26.5721    26.6397      1.051      1.195      0.380      0.431 0.0000e+00
      11131    463.748    272.797 -106.88588   16.80986    271.000    10.8840    10.8543 3.8757e+04   3.880851     0.0761     0.0149    99.6280 1.0000e-12          0     0.5043     0.5155     0.0586     0.1171     4.6347     0.0000     0.0085     0.0000     0.5035     0.5145    34.7046    34.7843    26.5724    26.6398      1.037      1.220      0.374      0.440 0.0000e+00
      11146    464.369    273.805 -106.88588   16.80986    272.000    10.8813    10.8516 3.8755e+04   3.880648     0.0640     0.0148    99.6298 1.0000e-12          0     0.5043     0.5153     0.0574     0.1181     4.6347     0.0000     0.0085     0.0000     0.5034     0.5146    34.7043    34.7844    26.5727    26.6404      1.047      1.236      0.378      0.446 0.0000e+00
      11162    465.038    274.812 -106.88587   16.80987    273.000    10.8772    10.8474 3.8751e+04   3.880276     0.0675     0.0148    99.6302 1.0000e-12          0     0.5043     0.5153     0.0578     0.1183     4.6348     0.0000     0.0085     0.0000     0.5035     0.5146    34.7042    34.7842    26.5733    26.6410      1.078      1.179      0.389      0.425 0.0000e+00
      11203    466.761    275.819 -106.88588   16.80988    274.000    10.8756    10.8463 3.8750e+04   3.880121     0.0709     0.0149    99.6291 1.0000e-12          0     0.5043     0.5153     0.0581     0.1182     4.6347     0.0000     0.0085     0.0000     0.5035     0.5145    34.7042    34.7832    26.5736    26.6405      1.063      1.190      0.383      0.429 0.0000e+00
      11293    470.480    276.827 -106.88588   16.80988    275.000    10.8775    10.8487 3.8752e+04   3.880476     0.0636     0.0153    99.6184 1.0000e-12          0     0.5043     0.5151     0.0574     0.1182     4.6342     0.0000     0.0085     0.0000     0.5035     0.5145    34.7044    34.7841    26.5735    26.6407      1.059      1.230      0.382      0.444 0.0000e+00
      11315    471.430    277.834 -106.88588   16.80988    276.000    10.8640    10.8331 3.8740e+04   3.879012     0.0639     0.0147    99.6337 1.0000e-12          0     0.5043     0.5153     0.0574     0.1182     4.6349     0.0000     0.0085     0.0000     0.5035     0.5146    34.7041    34.7838    26.5757    26.6433      1.059      1.198      0.382      0.432 0.0000e+00
      11334    472.201    278.841 -106.88588   16.80988    277.000    10.8575    10.8280 3.8733e+04   3.878481     0.0639     0.0148    99.6318 1.0000e-12          0     0.5043     0.5153     0.0574     0.1180     4.6348     0.0000     0.0085     0.0000     0.5035     0.5145    34.7033    34.7829    26.5763    26.6435      1.060      1.197      0.382      0.431 0.0000e+00
      11350    472.880    279.849 -106.88588   16.80988    278.000    10.8509    10.8216 3.8727e+04   3.877876     0.0745     0.0147    99.6333 1.0000e-12          0     0.5043     0.5153     0.0584     0.1183     4.6349     0.0000     0.0085     0.0000     0.5035     0.5145    34.7026    34.7824    26.5769    26.6444      1.060      1.201      0.382      0.433 0.0000e+00
      11366    473.531    280.856 -106.88588   16.80988    279.000    10.8440    10.8142 3.8720e+04   3.877211     0.0754     0.0151    99.6233 1.0000e-12          0     0.5043     0.5152     0.0585     0.1182     4.6344     0.0000     0.0085     0.0000     0.5035     0.5144    34.7024    34.7823    26.5780    26.6456      1.060      1.197      0.382      0.431 0.0000e+00
      11382    474.199    281.863 -106.88588   16.80988    280.000    10.8263    10.7967 3.8702e+04   3.875576     0.0761     0.0149    99.6286 1.0000e-12          0     0.5043     0.5153     0.0586     0.1182     4.6347     0.0000     0.0085     0.0000     0.5035     0.5145    34.7004    34.7821    26.5796    26.6486      1.061      1.209      0.382      0.435 0.0000e+00
      11400    474.971    282.871 -106.88588   16.80988    281.000    10.8096    10.7787 3.8686e+04   3.873854     0.0739     0.0151    99.6235 1.0000e-12          0     0.5043     0.5154     0.0584     0.1182     4.6345     0.0000     0.0085     0.0000     0.5035     0.5144    34.6997    34.7815    26.5821    26.6513      1.061      1.217      0.382      0.438 0.0000e+00
      11428    476.121    283.878 -106.88588   16.80988    282.000    10.7644    10.7343 3.8641e+04   3.869479     0.0667     0.0147    99.6334 1.0000e-12          0     0.5043     0.5153     0.0577     0.1181     4.6349     0.0000     0.0085     0.0000     0.5035     0.5145    34.6973    34.7793    26.5883    26.6576      1.063      1.207      0.382      0.434 0.0000e+00
      11476    478.144    284.885 -106.88588   16.80988    283.000    10.7438    10.7145 3.8621e+04   3.867231     0.0688     0.0141    99.6465 1.0000e-12          0     0.5043     0.5153     0.0579     0.1181     4.6355     0.0000     0.0085     0.0000     0.5035     0.5145    34.6957    34.7751    26.5907    26.6578      1.063      1.218      0.382      0.438 0.0000e+00
      11518    479.883    285.893 -106.88588   16.80988    284.000    10.7388    10.7095 3.8616e+04   3.866768     0.0638     0.0136    99.6590 1.0000e-12          0     0.5043     0.5153     0.0574     0.1175     4.6361     0.0000     0.0085     0.0000     0.5035     0.5143    34.6955    34.7748    26.5915    26.6585      1.064      1.151      0.382      0.414 0.0000e+00
      11546    481.052    286.900 -106.88588   16.80988    285.000    10.7339    10.7046 3.8612e+04   3.866349     0.0687     0.0136    99.6595 1.0000e-12          0     0.5043     0.5153     0.0579     0.1182     4.6361     0.0000     0.0085     0.0000     0.5035     0.5145    34.6953    34.7748    26.5922    26.6594      1.064      1.269      0.383      0.456 0.0000e+00
      11570    482.051    287.908 -106.88588   16.80988    286.000    10.7215    10.6928 3.8600e+04   3.865380     0.0756     0.0136    99.6595 1.0000e-12          0     0.5043     0.5154     0.0586     0.1181     4.6361     0.0000     0.0084     0.0000     0.5035     0.5145    34.6947    34.7758    26.5940    26.6623      1.064      1.205      0.383      0.433 0.0000e+00
      11595    483.067    288.915 -106.88588   16.80988    287.000    10.6875    10.6624 3.8566e+04   3.862387     0.0747     0.0134    99.6646 1.0000e-12          0     0.5043     0.5152     0.0585     0.1179     4.6364     0.0000     0.0085     0.0000     0.5035     0.5145    34.6924    34.7743    26.5982    26.6665      1.065      1.177      0.383      0.423 0.0000e+00
      11623    484.255    289.922 -106.88588   16.80988    288.000    10.6777    10.6477 3.8557e+04   3.860770     0.0753     0.0135    99.6613 1.0000e-12          0     0.5043     0.5152     0.0585     0.1176     4.6362     0.0000     0.0085     0.0000     0.5035     0.5144    34.6917    34.7715    26.5994    26.6669      1.066      1.206      0.383      0.433 0.0000e+00
      11655    485.601    290.930 -106.88588   16.80988    289.000    10.6740    10.6450 3.8553e+04   3.860451     0.0746     0.0136    99.6587 1.0000e-12          0     0.5043     0.5153     0.0585     0.1183     4.6361     0.0000     0.0085     0.0000     0.5035     0.5145    34.6914    34.7705    26.5999    26.6666      1.066      1.166      0.383      0.419 0.0000e+00
      11684    486.775    291.937 -106.88589   16.80988    290.000    10.6704    10.6416 3.8550e+04   3.860259     0.0751     0.0136    99.6595 1.0000e-12          0     0.5043     0.5152     0.0585     0.1172     4.6361     0.0000     0.0085     0.0000     0.5035     0.5142    34.6912    34.7713    26.6003    26.6679      1.066      1.191      0.383      0.428 0.0000e+00
      11707    487.768    292.944 -106.88590   16.80988    291.000    10.6578    10.6292 3.8538e+04   3.859008     0.0739     0.0128    99.6810 1.0000e-12          0     0.5043     0.5152     0.0584     0.1181     4.6372     0.0000     0.0085     0.0000     0.5035     0.5145    34.6901    34.7700    26.6018    26.6691      1.067      1.279      0.383      0.459 0.0000e+00
      11730    488.719    293.952 -106.88590   16.80988    292.000    10.6475    10.6184 3.8528e+04   3.858052     0.0756     0.0135    99.6616 1.0000e-12          0     0.5043     0.5152     0.0585     0.1192     4.6362     0.0000     0.0085     0.0000     0.5035     0.5145    34.6897    34.7702    26.6033    26.6712      1.067      1.202      0.383      0.431 0.0000e+00
      11755    489.747    294.959 -106.88590   16.80988    293.000    10.6175    10.5888 3.8499e+04   3.855458     0.0748     0.0134    99.6651 1.0000e-12          0     0.5043     0.5150     0.0585     0.1187     4.6364     0.0000     0.0085     0.0000     0.5035     0.5145    34.6885    34.7719    26.6076    26.6778      1.061      1.220      0.380      0.437 0.0000e+00
      11784    490.953    295.967 -106.88590   16.80988    294.000    10.5684    10.5387 3.8450e+04   3.850219     0.0749     0.0129    99.6785 1.0000e-12          0     0.5043     0.5152     0.0585     0.1183     4.6370     0.0000     0.0085     0.0000     0.5035     0.5144    34.6853    34.7663    26.6139    26.6822      1.052      1.162      0.377      0.416 0.0000e+00
      11817    492.333    296.974 -106.88590   16.80988    295.000    10.5499    10.5210 3.8431e+04   3.848372     0.0747     0.0127    99.6819 1.0000e-12          0     0.5043     0.5153     0.0585     0.1181     4.6372     0.0000     0.0085     0.0000     0.5035     0.5144    34.6840    34.7642    26.6161    26.6837      1.072      1.216      0.384      0.435 0.0000e+00
      11851    493.763    297.981 -106.88590   16.80988    296.000    10.5456    10.5161 3.8427e+04   3.847802     0.0697     0.0127    99.6835 1.0000e-12          0     0.5043     0.5153     0.0580     0.1177     4.6373     0.0000     0.0085     0.0000     0.5035     0.5143    34.6832    34.7626    26.6162    26.6834      1.078      1.167      0.386      0.418 0.0000e+00
      11884    495.145    298.989 -106.88590   16.80988    297.000    10.5444    10.5151 3.8427e+04   3.847760     0.0718     0.0126    99.6858 1.0000e-12          0     0.5043     0.5151     0.0582     0.1179     4.6374     0.0000     0.0085     0.0000     0.5035     0.5142    34.6839    34.7627    26.6170    26.6836      1.070      1.188      0.383      0.425 0.0000e+00
      11911    496.249    299.996 -106.88590   16.80988    298.000    10.5383    10.5088 3.8421e+04   3.847269     0.0750     0.0125    99.6881 1.0000e-12          0     0.5042     0.5153     0.0585     0.1182     4.6375     0.0000     0.0085     0.0000     0.5035     0.5144    34.6835    34.7633    26.6178    26.6852      1.071      1.233      0.383      0.441 0.0000e+00
