data/ctd-cnv/KM1919/KM1919-St20-P2/St20_P2_cast44-align-cellTM-derive-bin.cnv
* Sea-Bird SBE 9 Data File:
* FileName = C:\Users\otg\Desktop\CTD Data\km1920\St20_P2_cast44.hex
* Software Version Seasave V 7.26.7.107
* Temperature SN = 5554
* Conductivity SN = 3876
* Number of Bytes Per Scan = 41
* Number of Voltage Words = 4
* Number of Scans Averaged by the Deck Unit = 1
* NMEA Latitude = 16 44.92 N
* NMEA Longitude = 106 48.16 W
* NMEA UTC (Time) = Oct 08 2019  15:54:27
* NMEA baud rate = 4800
** Ship: Kilo Moana
** Station: St20_P2 cast 44
** Operator: jac
# nquan = 34
# nvalues = 203                         
# units = specified
# name 0 = scan: Scan Count
# name 1 = timeS: Time, Elapsed [seconds]
# name 2 = prDM: Pressure, Digiquartz [db]
# name 3 = longitude: Longitude [deg]
# name 4 = latitude: Latitude [deg]
# name 5 = depSM: Depth [salt water, m]
# name 6 = t090C: Temperature [ITS-90, deg C]
# name 7 = t190C: Temperature, 2 [ITS-90, deg C]
# name 8 = c0uS/cm: Conductivity [uS/cm]
# name 9 = c1S/m: Conductivity, 2 [S/m]
# name 10 = flECO-AFL: Fluorescence, WET Labs ECO-AFL/FL [mg/m^3]
# name 11 = CStarAt0: Beam Attenuation, WET Labs C-Star [1/m]
# name 12 = CStarTr0: Beam Transmission, WET Labs C-Star [%]
# name 13 = par: PAR/Irradiance, Biospherical/Licor
# name 14 = modError: Modulo Error Count
# name 15 = v0: Voltage 0
# name 16 = v1: Voltage 1
# name 17 = v2: Voltage 2
# name 18 = v3: Voltage 3
# name 19 = v4: Voltage 4
# name 20 = v5: Voltage 5
# name 21 = v6: Voltage 6
# name 22 = v7: Voltage 7
# name 23 = sbeox0V: Oxygen raw, SBE 43 [V]
# name 24 = sbeox1V: Oxygen raw, SBE 43, 2 [V]
# name 25 = sal00: Salinity, Practical [PSU]
# name 26 = sal11: Salinity, Practical, 2 [PSU]
# name 27 = sigma-é00: Density [sigma-theta, kg/m^3]
# name 28 = sigma-é11: Density, 2 [sigma-theta, kg/m^3]
# name 29 = sbeox0Mm/L: Oxygen, SBE 43 [umol/l], WS = 2
# name 30 = sbeox1Mm/L: Oxygen, SBE 43, 2 [umol/l], WS = 2
# name 31 = sbeox0PS: Oxygen, SBE 43 [% saturation], WS = 2
# name 32 = sbeox1PS: Oxygen, SBE 43, 2 [% saturation], WS = 2
# name 33 = flag: flag
# span 0 =         34,       8003       
# span 1 =      1.387,    333.428       
# span 2 =      1.006,    204.311       
# span 3 = -106.80268, -106.80263       
# span 4 =   16.74852,   16.74858       
# span 5 =      1.000,    203.000       
# span 6 =    12.1647,    29.5212       
# span 7 =    12.1286,    29.4774       
# span 8 = 4.0018e+04, 5.7187e+04       
# span 9 =   4.006614,   5.726717       
# span 10 =     0.0464,     1.4215      
# span 11 =     0.0278,     0.1095      
# span 12 =    97.2985,    99.3088      
# span 13 = 2.2121e-03, 8.7938e+02      
# span 14 =          0,          0      
# span 15 =     0.5055,     2.4914      
# span 16 =     0.5174,     2.4687      
# span 17 =     0.0556,     0.1931      
# span 18 =     0.1122,     0.1164      
# span 19 =     4.5263,     4.6198      
# span 20 =     0.0000,     0.0000      
# span 21 =     0.0185,     3.9562      
# span 22 =     0.0000,     0.0000      
# span 23 =     0.5044,     2.4955      
# span 24 =     0.5162,     2.4741      
# span 25 =    34.3112,    34.7879      
# span 26 =    34.4110,    34.8750      
# span 27 =    21.5518,    26.3890      
# span 28 =    21.6301,    26.4599      
# span 29 =      1.075,    227.798      
# span 30 =      1.356,    239.026      
# span 31 =      0.401,    107.329      
# span 32 =      0.503,    111.576      
# span 33 = 0.0000e+00, 0.0000e+00      
# interval = meters: 1                  
# start_time = Oct 08 2019 15:59:41 [NMEA time, first data scan]
# bad_flag = -9.990e-29
*END*
[from data line 129]
       5799    241.591    130.817 -106.80266   16.74852    130.000    13.9111    13.8774 4.1629e+04   4.169072     0.4425     0.0417    98.9621 1.3187e-01          0     0.5133     0.5299     0.0953     0.1143     4.6037     0.0000     0.3768     0.0000     0.5106     0.5259    34.7386    34.8267    26.0077    26.0828      1.854      2.566      0.712      0.986 0.0000e+00
       5831    242.908    131.823 -106.80266   16.74852    131.000    13.8746    13.8409 4.1597e+04   4.165784     0.4228     0.0411    98.9763 1.2476e-01          0     0.5125     0.5285     0.0933     0.1124     4.6044     0.0000     0.3632     0.0000     0.5097     0.5248    34.7409    34.8286    26.0170    26.0919      1.648      2.447      0.633      0.940 0.0000e+00
       5860    244.110    132.830 -106.80266   16.74852    132.000    13.8469    13.8136 4.1572e+04   4.163228     0.3993     0.0411    98.9770 1.1384e-01          0     0.5117     0.5277     0.0909     0.1135     4.6044     0.0000     0.3415     0.0000     0.5094     0.5241    34.7427    34.8291    26.0242    26.0980      1.773      2.444      0.680      0.938 0.0000e+00
       5884    245.140    133.837 -106.80266   16.74852    133.000    13.8245    13.7911 4.1552e+04   4.161207     0.3759     0.0411    98.9770 1.0927e-01          0     0.5116     0.5270     0.0886     0.1138     4.6044     0.0000     0.3318     0.0000     0.5094     0.5237    34.7437    34.8302    26.0297    26.1036      1.799      2.382      0.690      0.913 0.0000e+00
       5908    246.139    134.843 -106.80266   16.74852    134.000    13.8115    13.7789 4.1541e+04   4.159981     0.3636     0.0411    98.9770 9.8218e-02          0     0.5109     0.5261     0.0874     0.1124     4.6044     0.0000     0.3083     0.0000     0.5094     0.5233    34.7444    34.8294    26.0330    26.1055      1.775      2.354      0.681      0.903 0.0000e+00
       5934    247.212    135.850 -106.80266   16.74852    135.000    13.8048    13.7712 4.1535e+04   4.159392     0.3468     0.0411    98.9770 9.3031e-02          0     0.5105     0.5253     0.0857     0.1135     4.6044     0.0000     0.2968     0.0000     0.5091     0.5232    34.7453    34.8305    26.0351    26.1080      1.719      2.359      0.659      0.904 0.0000e+00
       5959    248.235    136.857 -106.80266   16.74852    136.000    13.7842    13.7510 4.1517e+04   4.157654     0.3324     0.0411    98.9770 8.0088e-02          0     0.5104     0.5249     0.0842     0.1147     4.6044     0.0000     0.2662     0.0000     0.5090     0.5228    34.7466    34.8322    26.0404    26.1135      1.537      2.290      0.589      0.877 0.0000e+00
       5981    249.159    137.863 -106.80266   16.74852    137.000    13.7602    13.7260 4.1496e+04   4.155624     0.3325     0.0409    98.9822 7.1358e-02          0     0.5103     0.5245     0.0842     0.1144     4.6046     0.0000     0.2447     0.0000     0.5083     0.5227    34.7481    34.8354    26.0466    26.1212      1.461      2.258      0.559      0.865 0.0000e+00
       6004    250.136    138.870 -106.80266   16.74852    138.000    13.7297    13.6960 4.1470e+04   4.152949     0.3295     0.0410    98.9808 6.6595e-02          0     0.5104     0.5243     0.0839     0.1123     4.6046     0.0000     0.2324     0.0000     0.5081     0.5223    34.7504    34.8372    26.0547    26.1288      1.604      2.225      0.614      0.852 0.0000e+00
       6037    251.496    139.877 -106.80266   16.74852    139.000    13.7029    13.6704 4.1447e+04   4.150521     0.3198     0.0409    98.9832 6.0596e-02          0     0.5100     0.5239     0.0830     0.1124     4.6047     0.0000     0.2163     0.0000     0.5081     0.5220    34.7528    34.8374    26.0621    26.1343      1.635      2.179      0.626      0.834 0.0000e+00
       6080    253.299    140.883 -106.80266   16.74852    140.000    13.6953    13.6630 4.1440e+04   4.149854     0.3197     0.0411    98.9767 5.6512e-02          0     0.5092     0.5235     0.0829     0.1144     4.6044     0.0000     0.2049     0.0000     0.5081     0.5217    34.7533    34.8374    26.0641    26.1359      1.631      2.172      0.624      0.831 0.0000e+00
       6118    254.874    141.890 -106.80266   16.74852    141.000    13.6370    13.6016 4.1389e+04   4.145063     0.3121     0.0405    98.9931 5.4977e-02          0     0.5092     0.5230     0.0822     0.1132     4.6051     0.0000     0.2006     0.0000     0.5081     0.5216    34.7580    34.8479    26.0798    26.1566      1.635      2.186      0.625      0.835 0.0000e+00
       6146    256.043    142.896 -106.80266   16.74852    142.000    13.5712    13.5376 4.1331e+04   4.139090     0.2884     0.0412    98.9756 5.0625e-02          0     0.5092     0.5227     0.0799     0.1123     4.6043     0.0000     0.1883     0.0000     0.5081     0.5216    34.7629    34.8496    26.0971    26.1712      1.648      2.187      0.629      0.835 0.0000e+00
       6168    256.948    143.903 -106.80266   16.74852    143.000    13.5303    13.4946 4.1293e+04   4.135504     0.2642     0.0412    98.9756 4.9946e-02          0     0.5092     0.5228     0.0774     0.1138     4.6043     0.0000     0.1863     0.0000     0.5081     0.5216    34.7635    34.8548    26.1061    26.1841      1.643      2.146      0.626      0.818 0.0000e+00
       6187    257.758    144.910 -106.80266   16.74852    144.000    13.4374    13.4004 4.1206e+04   4.127064     0.2419     0.0420    98.9553 4.3640e-02          0     0.5092     0.5227     0.0752     0.1141     4.6034     0.0000     0.1675     0.0000     0.5081     0.5213    34.7659    34.8608    26.1271    26.2080      1.646      2.071      0.627      0.788 0.0000e+00
       6206    258.534    145.916 -106.80266   16.74852    145.000    13.3562    13.3197 4.1130e+04   4.119435     0.2292     0.0427    98.9388 4.3648e-02          0     0.5091     0.5225     0.0739     0.1125     4.6027     0.0000     0.1675     0.0000     0.5081     0.5212    34.7684    34.8621    26.1455    26.2255      1.617      2.000      0.615      0.760 0.0000e+00
       6224    259.281    146.923 -106.80266   16.74852    146.000    13.3261    13.2936 4.1103e+04   4.116297     0.2062     0.0432    98.9274 4.2066e-02          0     0.5092     0.5227     0.0716     0.1124     4.6021     0.0000     0.1627     0.0000     0.5080     0.5205    34.7698    34.8559    26.1528    26.2261      1.535      2.006      0.583      0.762 0.0000e+00
       6244    260.112    147.930 -106.80266   16.74852    147.000    13.3103    13.2769 4.1089e+04   4.114892     0.1903     0.0433    98.9245 3.7102e-02          0     0.5092     0.5225     0.0700     0.1137     4.6020     0.0000     0.1471     0.0000     0.5078     0.5210    34.7700    34.8575    26.1562    26.2307      1.547      2.130      0.587      0.809 0.0000e+00
       6268    261.134    148.937 -106.80266   16.74852    148.000    13.2852    13.2529 4.1067e+04   4.112682     0.1820     0.0450    98.8805 3.3357e-02          0     0.5092     0.5224     0.0692     0.1147     4.5999     0.0000     0.1348     0.0000     0.5077     0.5206    34.7722    34.8582    26.1630    26.2361      1.501      1.975      0.569      0.749 0.0000e+00
       6309    262.831    149.943 -106.80266   16.74852    149.000    13.2365    13.2040 4.1023e+04   4.108353     0.1781     0.0432    98.9263 2.9452e-02          0     0.5090     0.5218     0.0688     0.1128     4.6021     0.0000     0.1219     0.0000     0.5072     0.5203    34.7748    34.8615    26.1749    26.2486      1.429      1.984      0.542      0.752 0.0000e+00
       6366    265.190    150.950 -106.80266   16.74852    150.000    13.2068    13.1746 4.0997e+04   4.105456     0.1622     0.0434    98.9226 2.1634e-02          0     0.5085     0.5215     0.0672     0.1133     4.6019     0.0000     0.0944     0.0000     0.5069     0.5201    34.7764    34.8605    26.1822    26.2539      1.470      1.923      0.557      0.728 0.0000e+00
       6403    266.732    151.957 -106.80266   16.74852    151.000    13.1972    13.1647 4.0989e+04   4.104643     0.1606     0.0428    98.9357 2.2143e-02          0     0.5081     0.5213     0.0671     0.1131     4.6025     0.0000     0.0962     0.0000     0.5069     0.5198    34.7777    34.8615    26.1852    26.2566      1.498      1.975      0.567      0.748 0.0000e+00
       6424    267.636    152.963 -106.80266   16.74852    152.000    13.1903    13.1580 4.0983e+04   4.104102     0.1422     0.0422    98.9506 1.7298e-02          0     0.5079     0.5212     0.0652     0.1139     4.6032     0.0000     0.0784     0.0000     0.5070     0.5201    34.7779    34.8621    26.1867    26.2585      1.483      1.948      0.562      0.738 0.0000e+00
       6443    268.402    153.970 -106.80266   16.74852    153.000    13.1779    13.1445 4.0972e+04   4.103108     0.1371     0.0422    98.9508 1.8610e-02          0     0.5080     0.5211     0.0647     0.1147     4.6032     0.0000     0.0836     0.0000     0.5069     0.5197    34.7783    34.8647    26.1896    26.2632      1.469      1.898      0.556      0.719 0.0000e+00
       6458    269.060    154.977 -106.80266   16.74852    154.000    13.1472    13.1132 4.0943e+04   4.100269     0.1371     0.0422    98.9508 1.8148e-02          0     0.5079     0.5210     0.0647     0.1146     4.6032     0.0000     0.0818     0.0000     0.5069     0.5198    34.7785    34.8660    26.1959    26.2706      1.485      1.906      0.562      0.721 0.0000e+00
       6474    269.698    155.984 -106.80266   16.74852    155.000    13.1249    13.0915 4.0923e+04   4.098107     0.1294     0.0423    98.9491 1.5074e-02          0     0.5079     0.5208     0.0639     0.1132     4.6031     0.0000     0.0703     0.0000     0.5069     0.5197    34.7795    34.8649    26.2013    26.2742      1.485      1.890      0.562      0.715 0.0000e+00
       6490    270.384    156.990 -106.80266   16.74852    156.000    13.1181    13.0855 4.0918e+04   4.097542     0.1263     0.0432    98.9257 1.3532e-02          0     0.5079     0.5209     0.0636     0.1124     4.6021     0.0000     0.0643     0.0000     0.5069     0.5196    34.7799    34.8647    26.2029    26.2752      1.486      1.862      0.562      0.704 0.0000e+00
       6509    271.182    157.997 -106.80266   16.74852    157.000    13.0774    13.0432 4.0879e+04   4.093885     0.1266     0.0431    98.9293 1.0758e-02          0     0.5080     0.5210     0.0637     0.1147     4.6022     0.0000     0.0534     0.0000     0.5069     0.5194    34.7798    34.8683    26.2111    26.2866      1.487      1.821      0.562      0.688 0.0000e+00
       6537    272.339    159.004 -106.80266   16.74852    158.000    13.0332    12.9997 4.0837e+04   4.089575     0.1259     0.0432    98.9275 1.0374e-02          0     0.5079     0.5207     0.0636     0.1131     4.6021     0.0000     0.0520     0.0000     0.5069     0.5193    34.7801    34.8668    26.2202    26.2942      1.489      1.868      0.562      0.705 0.0000e+00
       6587    274.401    160.010 -106.80266   16.74852    159.000    13.0002    12.9689 4.0806e+04   4.086507     0.1264     0.0433    98.9245 7.5829e-03          0     0.5079     0.5204     0.0636     0.1136     4.6020     0.0000     0.0408     0.0000     0.5069     0.5192    34.7808    34.8655    26.2274    26.2994      1.490      1.839      0.562      0.694 0.0000e+00
       6635    276.414    161.017 -106.80266   16.74852    160.000    12.9441    12.9112 4.0752e+04   4.081191     0.1245     0.0438    98.9120 9.0233e-03          0     0.5079     0.5202     0.0635     0.1147     4.6014     0.0000     0.0465     0.0000     0.5069     0.5191    34.7806    34.8676    26.2385    26.3125      1.492      1.814      0.562      0.683 0.0000e+00
       6666    277.689    162.024 -106.80266   16.74852    161.000    12.9067    12.8733 4.0717e+04   4.077379     0.1121     0.0440    98.9064 7.8158e-03          0     0.5079     0.5200     0.0622     0.1147     4.6011     0.0000     0.0415     0.0000     0.5069     0.5190    34.7809    34.8657    26.2462    26.3186      1.494      1.822      0.562      0.686 0.0000e+00
       6688    278.636    163.031 -106.80266   16.74852    162.000    12.8978    12.8660 4.0709e+04   4.076630     0.1127     0.0442    98.9018 9.2981e-03          0     0.5079     0.5202     0.0623     0.1122     4.6009     0.0000     0.0478     0.0000     0.5069     0.5189    34.7807    34.8649    26.2479    26.3194      1.494      1.790      0.562      0.674 0.0000e+00
       6707    279.413    164.038 -106.80266   16.74852    163.000    12.8754    12.8423 4.0688e+04   4.074694     0.1127     0.0443    98.8983 5.1379e-03          0     0.5079     0.5200     0.0623     0.1143     4.6007     0.0000     0.0308     0.0000     0.5069     0.5190    34.7806    34.8678    26.2523    26.3264      1.495      1.800      0.563      0.677 0.0000e+00
       6725    280.147    165.044 -106.80266   16.74852    164.000    12.8542    12.8218 4.0668e+04   4.072541     0.1036     0.0440    98.9058 6.5735e-03          0     0.5079     0.5200     0.0614     0.1146     4.6011     0.0000     0.0365     0.0000     0.5069     0.5186    34.7811    34.8657    26.2569    26.3290      1.483      1.669      0.558      0.628 0.0000e+00
       6743    280.902    166.051 -106.80266   16.74852    165.000    12.8426    12.8101 4.0657e+04   4.071483     0.0886     0.0443    98.8984 5.9752e-03          0     0.5079     0.5199     0.0598     0.1146     4.6007     0.0000     0.0342     0.0000     0.5068     0.5186    34.7811    34.8659    26.2593    26.3314      1.459      1.813      0.549      0.682 0.0000e+00
       6764    281.775    167.058 -106.80266   16.74852    166.000    12.8289    12.7966 4.0645e+04   4.070236     0.0899     0.0443    98.8983 5.1719e-03          0     0.5079     0.5199     0.0600     0.1126     4.6007     0.0000     0.0309     0.0000     0.5068     0.5190    34.7812    34.8660    26.2620    26.3343      1.477      1.827      0.555      0.687 0.0000e+00
       6788    282.788    168.064 -106.80266   16.74852    167.000    12.8185    12.7863 4.0636e+04   4.069271     0.0888     0.0443    98.8983 4.4564e-03          0     0.5079     0.5198     0.0599     0.1145     4.6007     0.0000     0.0280     0.0000     0.5068     0.5187    34.7818    34.8659    26.2646    26.3362      1.486      1.714      0.558      0.644 0.0000e+00
       6817    284.018    169.071 -106.80266   16.74852    168.000    12.8010    12.7688 4.0619e+04   4.067640     0.0883     0.0443    98.8983 4.9374e-03          0     0.5079     0.5196     0.0598     0.1143     4.6007     0.0000     0.0299     0.0000     0.5068     0.5182    34.7818    34.8660    26.2681    26.3398      1.444      1.686      0.542      0.633 0.0000e+00
       6853    285.492    170.078 -106.80266   16.74852    169.000    12.7661    12.7330 4.0588e+04   4.064588     0.0883     0.0442    98.9011 5.4751e-03          0     0.5078     0.5197     0.0598     0.1125     4.6008     0.0000     0.0321     0.0000     0.5066     0.5184    34.7834    34.8693    26.2763    26.3495      1.434      1.709      0.538      0.642 0.0000e+00
       6890    287.033    171.085 -106.80266   16.74852    170.000    12.7039    12.6710 4.0527e+04   4.058534     0.0883     0.0433    98.9244 4.2412e-03          0     0.5078     0.5194     0.0598     0.1140     4.6020     0.0000     0.0271     0.0000     0.5064     0.5181    34.7818    34.8682    26.2873    26.3609      1.287      1.686      0.483      0.632 0.0000e+00
