data/ctd-cnv/KM1919/KM1919-St20-P2/St20_P2_cast61-align-cellTM-derive-bin.cnv
* Sea-Bird SBE 9 Data File:
* FileName = C:\Users\otg\Desktop\CTD Data\km1920\St20_P2_cast61.hex
* Software Version Seasave V 7.26.7.107
* Temperature SN = 5554
* Conductivity SN = 3876
* Number of Bytes Per Scan = 41
* Number of Voltage Words = 4
* Number of Scans Averaged by the Deck Unit = 1
* NMEA Latitude = 16 53.44 N
* NMEA Longitude = 106 49.86 W
* NMEA UTC (Time) = Oct 13 2019  05:00:01
* NMEA baud rate = 4800
** Ship: Kilo Moana
** Station: St20_P2 cast 61
** Operator: jac
# nquan = 34
# nvalues = 702                         
# units = specified
# name 0 = scan: Scan Count
# name 1 = timeS: Time, Elapsed [seconds]
# name 2 = prDM: Pressure, Digiquartz [db]
# name 3 = longitude: Longitude [deg]
# name 4 = latitude: Latitude [deg]
# name 5 = depSM: Depth [salt water, m]
# name 6 = t090C: Temperature [ITS-90, deg C]
# name 7 = t190C: Temperature, 2 [ITS-90, deg C]
# name 8 = c0uS/cm: Conductivity [uS/cm]
# name 9 = c1S/m: Conductivity, 2 [S/m]
# name 10 = flECO-AFL: Fluorescence, WET Labs ECO-AFL/FL [mg/m^3]
# name 11 = CStarAt0: Beam Attenuation, WET Labs C-Star [1/m]
# name 12 = CStarTr0: Beam Transmission, WET Labs C-Star [%]
# name 13 = par: PAR/Irradiance, Biospherical/Licor
# name 14 = modError: Modulo Error Count
# name 15 = v0: Voltage 0
# name 16 = v1: Voltage 1
# name 17 = v2: Voltage 2
# name 18 = v3: Voltage 3
# name 19 = v4: Voltage 4
# name 20 = v5: Voltage 5
# name 21 = v6: Voltage 6
# name 22 = v7: Voltage 7
# name 23 = sbeox0V: Oxygen raw, SBE 43 [V]
# name 24 = sbeox1V: Oxygen raw, SBE 43, 2 [V]
# name 25 = sal00: Salinity, Practical [PSU]
# name 26 = sal11: Salinity, Practical, 2 [PSU]
# name 27 = sigma-é00: Density [sigma-theta, kg/m^3]
# name 28 = sigma-é11: Density, 2 [sigma-theta, kg/m^3]
# name 29 = sbeox0Mm/L: Oxygen, SBE 43 [umol/l], WS = 2
# name 30 = sbeox1Mm/L: Oxygen, SBE 43, 2 [umol/l], WS = 2
# name 31 = sbeox0PS: Oxygen, SBE 43 [% saturation], WS = 2
# name 32 = sbeox1PS: Oxygen, SBE 43, 2 [% saturation], WS = 2
# name 33 = flag: flag
# span 0 =         64,      25039       
# span 1 =      2.614,   1043.236       
# span 2 =      4.024,    710.426       
# span 3 = -106.83106, -106.83094       
# span 4 =   16.89058,   16.89068       
# span 5 =      4.000,    705.000       
# span 6 =     5.9825,    28.9231       
# span 7 =     5.9567,    28.8823       
# span 8 = 3.4253e+04, 5.6399e+04       
# span 9 =   3.430012,   5.647939       
# span 10 =     0.0531,     1.4817      
# span 11 =     0.0364,     0.1258      
# span 12 =    96.9035,    99.0946      
# span 13 = -1.376e-06, 2.9253e+00      
# span 14 =          0,          0      
# span 15 =     0.5029,     2.5046      
# span 16 =     0.5117,     2.4906      
# span 17 =     0.0563,     0.1991      
# span 18 =     0.1140,     0.1214      
# span 19 =     4.5080,     4.6099      
# span 20 =     0.0000,     0.0000      
# span 21 =     0.0085,     1.4754      
# span 22 =     0.0000,     0.0000      
# span 23 =     0.5021,     2.5013      
# span 24 =     0.5112,     2.4886      
# span 25 =    34.2763,    34.7881      
# span 26 =    34.3641,    34.8748      
# span 27 =    21.6168,    27.1939      
# span 28 =    21.6940,    27.2602      
# span 29 =      0.692,    232.629      
# span 30 =     -0.043,    242.522      
# span 31 =      0.250,    107.744      
# span 32 =     -0.015,    112.569      
# span 33 = 0.0000e+00, 0.0000e+00      
# interval = meters: 1                  
# start_time = Oct 13 2019 05:08:46 [NMEA time, first data scan]
# bad_flag = -9.990e-29
*END*
[from data line 385]
      16106    671.035    391.694 -106.83102   16.89064    389.000     9.3414     9.3171 3.7276e+04   3.733141     0.0639     0.0433    98.9243 1.8092e-04          0     0.5031     0.5137     0.0574     0.1158     4.6020     0.0000     0.0097     0.0000     0.5024     0.5130    34.6190    34.6996    26.7717    26.8387      0.937      1.039      0.327      0.362 0.0000e+00
      16152    672.977    392.702 -106.83102   16.89064    390.000     9.3182     9.2895 3.7255e+04   3.730726     0.0625     0.0433    98.9245 1.8835e-04          0     0.5031     0.5135     0.0573     0.1151     4.6020     0.0000     0.0097     0.0000     0.5024     0.5131    34.6188    34.7009    26.7753    26.8442      0.947      1.110      0.330      0.387 0.0000e+00
      16175    673.933    393.710 -106.83101   16.89064    391.000     9.2980     9.2691 3.7235e+04   3.728736     0.0639     0.0433    98.9245 1.4253e-04          0     0.5032     0.5136     0.0574     0.1170     4.6020     0.0000     0.0094     0.0000     0.5024     0.5132    34.6173    34.6995    26.7774    26.8465      0.957      0.946      0.333      0.330 0.0000e+00
      16195    674.757    394.718 -106.83100   16.89064    392.000     9.2808     9.2512 3.7218e+04   3.727142     0.0620     0.0433    98.9245 1.7150e-04          0     0.5032     0.5136     0.0572     0.1161     4.6020     0.0000     0.0096     0.0000     0.5024     0.5127    34.6159    34.6999    26.7791    26.8497      0.902      0.825      0.314      0.287 0.0000e+00
      16215    675.588    395.726 -106.83100   16.89064    393.000     9.2458     9.2162 3.7184e+04   3.723795     0.0616     0.0430    98.9308 1.8404e-04          0     0.5032     0.5137     0.0572     0.1157     4.6023     0.0000     0.0097     0.0000     0.5024     0.5128    34.6142    34.6986    26.7835    26.8543      0.927      1.105      0.322      0.384 0.0000e+00
      16236    676.438    396.733 -106.83100   16.89064    394.000     9.2206     9.1910 3.7161e+04   3.721371     0.0639     0.0431    98.9284 1.2196e-04          0     0.5032     0.5138     0.0574     0.1171     4.6022     0.0000     0.0093     0.0000     0.5024     0.5130    34.6134    34.6973    26.7870    26.8574      0.966      1.015      0.336      0.353 0.0000e+00
      16256    677.273    397.741 -106.83100   16.89064    395.000     9.1915     9.1619 3.7132e+04   3.718588     0.0639     0.0429    98.9337 1.4240e-04          0     0.5032     0.5140     0.0574     0.1172     4.6024     0.0000     0.0094     0.0000     0.5024     0.5129    34.6113    34.6961    26.7900    26.8612      0.895      1.000      0.311      0.347 0.0000e+00
      16276    678.131    398.749 -106.83100   16.89064    396.000     9.1466     9.1159 3.7089e+04   3.714383     0.0639     0.0424    98.9459 1.7453e-04          0     0.5032     0.5134     0.0574     0.1172     4.6030     0.0000     0.0096     0.0000     0.5024     0.5128    34.6093    34.6965    26.7957    26.8690      0.906      0.846      0.314      0.294 0.0000e+00
      16302    679.203    399.757 -106.83100   16.89064    397.000     9.1162     9.0865 3.7060e+04   3.711123     0.0639     0.0424    98.9468 1.7260e-04          0     0.5032     0.5136     0.0574     0.1172     4.6030     0.0000     0.0096     0.0000     0.5023     0.5127    34.6085    34.6907    26.8000    26.8691      0.917      0.934      0.318      0.324 0.0000e+00
      16357    681.504    400.765 -106.83100   16.89063    398.000     9.1222     9.0874 3.7067e+04   3.710944     0.0639     0.0427    98.9388 1.5720e-04          0     0.5032     0.5135     0.0574     0.1164     4.6027     0.0000     0.0095     0.0000     0.5023     0.5126    34.6095    34.6874    26.7998    26.8664      0.926      0.971      0.322      0.337 0.0000e+00
      16406    683.547    401.773 -106.83100   16.89062    399.000     9.0976     9.0688 3.7043e+04   3.709419     0.0639     0.0440    98.9063 1.5817e-04          0     0.5031     0.5133     0.0574     0.1154     4.6011     0.0000     0.0095     0.0000     0.5023     0.5129    34.6083    34.6892    26.8029    26.8708      1.053      1.160      0.365      0.402 0.0000e+00
      16428    684.455    402.781 -106.83100   16.89062    400.000     9.0955     9.0676 3.7042e+04   3.709291     0.0639     0.0428    98.9365 1.8031e-04          0     0.5031     0.5131     0.0574     0.1149     4.6025     0.0000     0.0097     0.0000     0.5028     0.5135    34.6080    34.6886    26.8030    26.8705      1.018      1.209      0.353      0.419 0.0000e+00
      16445    685.149    403.789 -106.83100   16.89062    401.000     9.0916     9.0636 3.7038e+04   3.709085     0.0639     0.0429    98.9344 1.5228e-04          0     0.5031     0.5136     0.0574     0.1149     4.6024     0.0000     0.0095     0.0000     0.5023     0.5133    34.6075    34.6899    26.8032    26.8722      0.792      1.033      0.275      0.358 0.0000e+00
      16460    685.789    404.797 -106.83100   16.89062    402.000     9.0479     9.0129 3.6995e+04   3.705058     0.0639     0.0427    98.9385 1.4913e-04          0     0.5031     0.5134     0.0574     0.1151     4.6026     0.0000     0.0095     0.0000     0.5024     0.5132    34.6046    34.6966    26.8079    26.8856      0.870      0.931      0.301      0.322 0.0000e+00
      16475    686.426    405.805 -106.83100   16.89062    403.000     8.9662     8.9336 3.6916e+04   3.697206     0.0639     0.0423    98.9474 1.3996e-04          0     0.5031     0.5134     0.0574     0.1164     4.6030     0.0000     0.0094     0.0000     0.5023     0.5130    34.6008    34.6912    26.8180    26.8940      0.895      0.864      0.309      0.299 0.0000e+00
      16491    687.085    406.813 -106.83100   16.89062    404.000     8.9251     8.8952 3.6877e+04   3.693095     0.0639     0.0422    98.9507 1.3980e-04          0     0.5032     0.5135     0.0574     0.1171     4.6032     0.0000     0.0094     0.0000     0.5022     0.5129    34.5995    34.6852    26.8235    26.8954      0.965      0.930      0.333      0.321 0.0000e+00
      16508    687.795    407.821 -106.83100   16.89062    405.000     8.9082     8.8798 3.6861e+04   3.691360     0.0639     0.0422    98.9508 1.6761e-04          0     0.5034     0.5139     0.0574     0.1149     4.6032     0.0000     0.0096     0.0000     0.5025     0.5127    34.5987    34.6816    26.8256    26.8950      0.980      0.947      0.338      0.327 0.0000e+00
      16530    688.702    408.829 -106.83100   16.89062    406.000     8.9005     8.8722 3.6854e+04   3.690583     0.0639     0.0430    98.9318 1.5491e-04          0     0.5032     0.5141     0.0574     0.1165     4.6023     0.0000     0.0095     0.0000     0.5023     0.5128    34.5983    34.6803    26.8265    26.8953      0.902      1.036      0.311      0.358 0.0000e+00
      16593    691.341    409.837 -106.83100   16.89064    407.000     8.9089     8.8815 3.6863e+04   3.691378     0.0639     0.0423    98.9495 1.6524e-04          0     0.5031     0.5135     0.0574     0.1157     4.6031     0.0000     0.0096     0.0000     0.5023     0.5127    34.5991    34.6792    26.8258    26.8929      0.934      0.997      0.322      0.344 0.0000e+00
      16644    693.467    410.845 -106.83100   16.89062    408.000     8.8903     8.8618 3.6846e+04   3.689636     0.0639     0.0422    98.9509 1.6121e-04          0     0.5031     0.5134     0.0574     0.1154     4.6032     0.0000     0.0095     0.0000     0.5023     0.5130    34.5988    34.6796    26.8285    26.8964      0.951      1.041      0.328      0.359 0.0000e+00
      16667    694.407    411.853 -106.83100   16.89062    409.000     8.8855     8.8576 3.6841e+04   3.689264     0.0639     0.0422    98.9508 1.7114e-04          0     0.5031     0.5132     0.0574     0.1172     4.6032     0.0000     0.0096     0.0000     0.5024     0.5130    34.5985    34.6794    26.8291    26.8969      0.933      1.083      0.322      0.374 0.0000e+00
      16685    695.162    412.860 -106.83100   16.89062    410.000     8.8802     8.8512 3.6837e+04   3.688743     0.0639     0.0422    98.9508 1.6748e-04          0     0.5031     0.5134     0.0574     0.1171     4.6032     0.0000     0.0096     0.0000     0.5023     0.5131    34.5981    34.6797    26.8297    26.8982      0.909      1.057      0.314      0.365 0.0000e+00
      16701    695.852    413.868 -106.83100   16.89062    411.000     8.8687     8.8416 3.6826e+04   3.687848     0.0639     0.0422    98.9508 1.7903e-04          0     0.5031     0.5137     0.0574     0.1162     4.6032     0.0000     0.0096     0.0000     0.5023     0.5131    34.5975    34.6792    26.8310    26.8993      0.931      1.287      0.322      0.444 0.0000e+00
      16718    696.536    414.876 -106.83100   16.89062    412.000     8.8626     8.8344 3.6821e+04   3.687466     0.0639     0.0422    98.9508 1.7798e-04          0     0.5031     0.5136     0.0574     0.1150     4.6032     0.0000     0.0096     0.0000     0.5023     0.5141    34.5983    34.6818    26.8326    26.9025      0.943      1.045      0.326      0.360 0.0000e+00
      16735    697.247    415.884 -106.83100   16.89062    413.000     8.7918     8.7611 3.6751e+04   3.680761     0.0639     0.0422    98.9508 1.9131e-04          0     0.5031     0.5139     0.0574     0.1168     4.6032     0.0000     0.0097     0.0000     0.5023     0.5125    34.5929    34.6823    26.8395    26.9144      0.958      0.424      0.330      0.146 0.0000e+00
      16754    698.061    416.893 -106.83100   16.89062    414.000     8.7783     8.7499 3.6740e+04   3.679116     0.0639     0.0422    98.9508 1.8581e-04          0     0.5032     0.5138     0.0574     0.1160     4.6032     0.0000     0.0097     0.0000     0.5024     0.5123    34.5940    34.6755    26.8425    26.9109      0.928      0.983      0.320      0.338 0.0000e+00
      16795    699.757    417.900 -106.83100   16.89062    415.000     8.7819     8.7568 3.6744e+04   3.679632     0.0639     0.0425    98.9440 1.6329e-04          0     0.5031     0.5137     0.0574     0.1165     4.6029     0.0000     0.0095     0.0000     0.5023     0.5129    34.5941    34.6738    26.8420    26.9084      0.939      1.066      0.323      0.367 0.0000e+00
      16858    702.376    418.908 -106.83100   16.89062    416.000     8.7783     8.7554 3.6741e+04   3.679765     0.0639     0.0422    98.9514 1.5664e-04          0     0.5031     0.5134     0.0574     0.1151     4.6032     0.0000     0.0095     0.0000     0.5023     0.5127    34.5946    34.6761    26.8430    26.9105      0.942      0.972      0.324      0.335 0.0000e+00
      16881    703.351    419.916 -106.83100   16.89064    417.000     8.7675     8.7392 3.6731e+04   3.678194     0.0639     0.0422    98.9508 1.5820e-04          0     0.5031     0.5137     0.0574     0.1161     4.6032     0.0000     0.0095     0.0000     0.5023     0.5129    34.5942    34.6749    26.8444    26.9121      0.907      0.982      0.312      0.338 0.0000e+00
      16899    704.082    420.924 -106.83100   16.89064    418.000     8.7635     8.7357 3.6728e+04   3.677819     0.0639     0.0423    98.9477 1.1943e-04          0     0.5031     0.5134     0.0574     0.1172     4.6031     0.0000     0.0093     0.0000     0.5023     0.5129    34.5940    34.6740    26.8449    26.9120      0.935      1.001      0.322      0.344 0.0000e+00
      16915    704.767    421.933 -106.83100   16.89064    419.000     8.7592     8.7325 3.6724e+04   3.677597     0.0639     0.0422    98.9509 1.6373e-04          0     0.5032     0.5141     0.0574     0.1172     4.6032     0.0000     0.0095     0.0000     0.5023     0.5127    34.5939    34.6742    26.8455    26.9126      0.936      0.941      0.322      0.324 0.0000e+00
      16931    705.430    422.940 -106.83100   16.89064    420.000     8.7445     8.7166 3.6710e+04   3.676267     0.0639     0.0422    98.9508 1.5820e-04          0     0.5031     0.5133     0.0574     0.1172     4.6032     0.0000     0.0095     0.0000     0.5023     0.5127    34.5930    34.6754    26.8471    26.9161      0.936      1.111      0.322      0.382 0.0000e+00
      16949    706.149    423.948 -106.83100   16.89064    421.000     8.7310     8.7030 3.6698e+04   3.674927     0.0639     0.0425    98.9439 1.1531e-04          0     0.5032     0.5136     0.0574     0.1172     4.6029     0.0000     0.0092     0.0000     0.5023     0.5133    34.5926    34.6740    26.8489    26.9172      0.936      1.093      0.322      0.376 0.0000e+00
      16970    707.040    424.957 -106.83100   16.89064    422.000     8.7263     8.6984 3.6694e+04   3.674413     0.0639     0.0423    98.9474 1.6799e-04          0     0.5031     0.5135     0.0574     0.1172     4.6030     0.0000     0.0096     0.0000     0.5023     0.5127    34.5926    34.6726    26.8497    26.9168      0.937      0.939      0.322      0.323 0.0000e+00
      17011    708.756    425.964 -106.83100   16.89064    423.000     8.7269     8.6971 3.6694e+04   3.674261     0.0726     0.0421    98.9539 1.2981e-04          0     0.5031     0.5136     0.0583     0.1157     4.6033     0.0000     0.0093     0.0000     0.5023     0.5130    34.5922    34.6719    26.8493    26.9164      0.946      1.026      0.325      0.353 0.0000e+00
      17069    711.167    426.972 -106.83100   16.89064    424.000     8.7236     8.6935 3.6692e+04   3.674078     0.0629     0.0423    98.9496 1.3441e-04          0     0.5031     0.5134     0.0573     0.1160     4.6031     0.0000     0.0094     0.0000     0.5023     0.5128    34.5928    34.6730    26.8503    26.9179      0.927      1.039      0.319      0.357 0.0000e+00
      17094    712.225    427.981 -106.83100   16.89064    425.000     8.7067     8.6785 3.6676e+04   3.672641     0.0639     0.0417    98.9631 1.8648e-04          0     0.5031     0.5137     0.0574     0.1169     4.6038     0.0000     0.0097     0.0000     0.5024     0.5131    34.5912    34.6721    26.8517    26.9195      0.970      0.975      0.333      0.335 0.0000e+00
      17115    713.092    428.989 -106.83100   16.89064    426.000     8.7055     8.6778 3.6676e+04   3.672560     0.0626     0.0411    98.9761 1.5143e-04          0     0.5031     0.5136     0.0573     0.1158     4.6044     0.0000     0.0095     0.0000     0.5023     0.5126    34.5922    34.6714    26.8527    26.9191      0.914      0.992      0.314      0.341 0.0000e+00
      17135    713.920    429.997 -106.83100   16.89064    427.000     8.7050     8.6772 3.6676e+04   3.672536     0.0633     0.0412    98.9743 1.7342e-04          0     0.5032     0.5136     0.0573     0.1151     4.6043     0.0000     0.0096     0.0000     0.5023     0.5131    34.5919    34.6713    26.8526    26.9192      0.929      1.113      0.319      0.383 0.0000e+00
      17154    714.716    431.005 -106.83100   16.89064    428.000     8.7026     8.6750 3.6674e+04   3.672411     0.0639     0.0417    98.9620 1.3419e-04          0     0.5031     0.5137     0.0574     0.1151     4.6037     0.0000     0.0094     0.0000     0.5023     0.5130    34.5918    34.6717    26.8528    26.9198      0.938      1.063      0.322      0.365 0.0000e+00
      17174    715.538    432.013 -106.83100   16.89064    429.000     8.6916     8.6635 3.6663e+04   3.671450     0.0639     0.0413    98.9724 1.6784e-04          0     0.5031     0.5137     0.0574     0.1152     4.6042     0.0000     0.0096     0.0000     0.5023     0.5130    34.5912    34.6723    26.8541    26.9221      0.938      0.992      0.322      0.341 0.0000e+00
