data/ctd-cnv/KM1919/KM1919-St20-P2/St20_P2_cast37-align-cellTM-derive-bin.cnv
* Sea-Bird SBE 9 Data File:
* FileName = C:\Users\otg\Desktop\CTD Data\km1920\St20_P2_cast37.hex
* Software Version Seasave V 7.26.7.107
* Temperature SN = 5554
* Conductivity SN = 3876
* Number of Bytes Per Scan = 41
* Number of Voltage Words = 4
* Number of Scans Averaged by the Deck Unit = 1
* NMEA Latitude = 16 47.12 N
* NMEA Longitude = 106 50.84 W
* NMEA UTC (Time) = Oct 07 2019  07:36:36
* NMEA baud rate = 4800
** Ship: Kilo Moana
** Station: St20_P2cast 37
** Operator: gr
** go flo cast snow catcher
# nquan = 34
# nvalues = 492                         
# units = specified
# name 0 = scan: Scan Count
# name 1 = timeS: Time, Elapsed [seconds]
# name 2 = prDM: Pressure, Digiquartz [db]
# name 3 = longitude: Longitude [deg]
# name 4 = latitude: Latitude [deg]
# name 5 = depSM: Depth [salt water, m]
# name 6 = t090C: Temperature [ITS-90, deg C]
# name 7 = t190C: Temperature, 2 [ITS-90, deg C]
# name 8 = c0uS/cm: Conductivity [uS/cm]
# name 9 = c1S/m: Conductivity, 2 [S/m]
# name 10 = flECO-AFL: Fluorescence, WET Labs ECO-AFL/FL [mg/m^3]
# name 11 = CStarAt0: Beam Attenuation, WET Labs C-Star [1/m]
# name 12 = CStarTr0: Beam Transmission, WET Labs C-Star [%]
# name 13 = par: PAR/Irradiance, Biospherical/Licor
# name 14 = modError: Modulo Error Count
# name 15 = v0: Voltage 0
# name 16 = v1: Voltage 1
# name 17 = v2: Voltage 2
# name 18 = v3: Voltage 3
# name 19 = v4: Voltage 4
# name 20 = v5: Voltage 5
# name 21 = v6: Voltage 6
# name 22 = v7: Voltage 7
# name 23 = sbeox0V: Oxygen raw, SBE 43 [V]
# name 24 = sbeox1V: Oxygen raw, SBE 43, 2 [V]
# name 25 = sal00: Salinity, Practical [PSU]
# name 26 = sal11: Salinity, Practical, 2 [PSU]
# name 27 = sigma-é00: Density [sigma-theta, kg/m^3]
# name 28 = sigma-é11: Density, 2 [sigma-theta, kg/m^3]
# name 29 = sbeox0Mm/L: Oxygen, SBE 43 [umol/l], WS = 2
# name 30 = sbeox1Mm/L: Oxygen, SBE 43, 2 [umol/l], WS = 2
# name 31 = sbeox0PS: Oxygen, SBE 43 [% saturation], WS = 2
# name 32 = sbeox1PS: Oxygen, SBE 43, 2 [% saturation], WS = 2
# name 33 = flag: flag
# span 0 =        268,      18669       
# span 1 =     11.126,    777.824       
# span 2 =     12.072,    506.621       
# span 3 = -106.84754, -106.84747       
# span 4 =   16.78532,   16.78540       
# span 5 =     12.000,    503.000       
# span 6 =     7.5998,    29.4799       
# span 7 =     7.5803,    29.4398       
# span 8 = 3.5657e+04, 5.7188e+04       
# span 9 =   3.571572,   5.726929       
# span 10 =     0.0604,     1.5235      
# span 11 =     0.0103,     0.1042      
# span 12 =    97.4281,    99.7432      
# span 13 = -2.489e-06, 7.2202e-01      
# span 14 =          0,          0      
# span 15 =     0.5034,     2.4709      
# span 16 =     0.5139,     2.4677      
# span 17 =     0.0571,     0.2034      
# span 18 =     0.1145,     0.1181      
# span 19 =     4.5324,     4.6400      
# span 20 =     0.0000,     0.0000      
# span 21 =     0.0085,     0.9175      
# span 22 =     0.0000,     0.0000      
# span 23 =     0.5023,     2.4708      
# span 24 =     0.5128,     2.4653      
# span 25 =    34.2891,    34.7854      
# span 26 =    34.3815,    34.8716      
# span 27 =    21.5872,    26.9914      
# span 28 =    21.6642,    27.0593      
# span 29 =      0.872,    229.194      
# span 30 =      0.976,    239.647      
# span 31 =      0.293,    106.410      
# span 32 =      0.327,    111.646      
# span 33 = 0.0000e+00, 0.0000e+00      
# interval = meters: 1                  
# start_time = Oct 07 2019 07:40:01 [NMEA time, first data scan]
# bad_flag = -9.990e-29
*END*
[from data line 342]
      12902    537.527    356.419 -106.84752   16.78533    354.000     9.7513     9.7224 3.7663e+04   3.771563     0.0707     0.0147    99.6329 1.0000e-12          0     0.5043     0.5153     0.0581     0.1152     4.6349     0.0000     0.0085     0.0000     0.5035     0.5145    34.6393    34.7207    26.7193    26.7877      1.099      1.258      0.387      0.443 0.0000e+00
      12936    538.941    357.427 -106.84752   16.78534    355.000     9.7396     9.7106 3.7653e+04   3.770483     0.0729     0.0155    99.6134 1.0000e-12          0     0.5043     0.5152     0.0583     0.1157     4.6340     0.0000     0.0085     0.0000     0.5035     0.5145    34.6391    34.7206    26.7210    26.7896      1.076      1.222      0.379      0.430 0.0000e+00
      12960    539.977    358.435 -106.84752   16.78534    356.000     9.7271     9.6979 3.7641e+04   3.769322     0.0722     0.0147    99.6333 1.0000e-12          0     0.5043     0.5153     0.0582     0.1171     4.6349     0.0000     0.0085     0.0000     0.5035     0.5144    34.6385    34.7204    26.7227    26.7916      1.122      1.243      0.395      0.437 0.0000e+00
      12981    540.839    359.443 -106.84752   16.78534    357.000     9.7165     9.6875 3.7631e+04   3.768308     0.0729     0.0147    99.6333 1.0000e-12          0     0.5043     0.5152     0.0583     0.1171     4.6349     0.0000     0.0085     0.0000     0.5035     0.5145    34.6379    34.7196    26.7240    26.7927      1.101      1.268      0.387      0.446 0.0000e+00
      13000    541.639    360.450 -106.84752   16.78534    358.000     9.7124     9.6832 3.7627e+04   3.767939     0.0742     0.0147    99.6333 1.0000e-12          0     0.5043     0.5154     0.0584     0.1172     4.6349     0.0000     0.0085     0.0000     0.5035     0.5144    34.6377    34.7194    26.7246    26.7933      1.101      1.264      0.387      0.444 0.0000e+00
      13020    542.463    361.458 -106.84752   16.78534    359.000     9.6990     9.6691 3.7615e+04   3.766788     0.0749     0.0147    99.6333 1.0000e-12          0     0.5042     0.5152     0.0585     0.1153     4.6349     0.0000     0.0085     0.0000     0.5035     0.5146    34.6375    34.7208    26.7266    26.7968      1.101      1.291      0.387      0.454 0.0000e+00
      13041    543.336    362.466 -106.84752   16.78534    360.000     9.6689     9.6387 3.7586e+04   3.763833     0.0726     0.0147    99.6333 1.0000e-12          0     0.5043     0.5152     0.0583     0.1162     4.6349     0.0000     0.0085     0.0000     0.5035     0.5145    34.6364    34.7192    26.7309    26.8006      1.102      1.166      0.387      0.409 0.0000e+00
      13063    544.257    363.474 -106.84752   16.78534    361.000     9.6552     9.6254 3.7573e+04   3.762415     0.0722     0.0146    99.6345 1.0000e-12          0     0.5043     0.5153     0.0582     0.1172     4.6350     0.0000     0.0085     0.0000     0.5035     0.5143    34.6355    34.7169    26.7324    26.8011      1.103      1.197      0.387      0.420 0.0000e+00
      13087    545.231    364.481 -106.84752   16.78534    362.000     9.6506     9.6218 3.7568e+04   3.761979     0.0705     0.0147    99.6333 1.0000e-12          0     0.5043     0.5152     0.0580     0.1172     4.6349     0.0000     0.0085     0.0000     0.5035     0.5143    34.6346    34.7155    26.7325    26.8005      1.103      1.243      0.387      0.436 0.0000e+00
      13114    546.371    365.488 -106.84752   16.78534    363.000     9.6430     9.6138 3.7560e+04   3.761283     0.0687     0.0155    99.6129 1.0000e-12          0     0.5043     0.5154     0.0579     0.1172     4.6340     0.0000     0.0085     0.0000     0.5035     0.5142    34.6336    34.7156    26.7330    26.8019      1.103      1.155      0.387      0.405 0.0000e+00
      13147    547.767    366.496 -106.84752   16.78534    364.000     9.6231     9.5940 3.7541e+04   3.759360     0.0732     0.0150    99.6241 1.0000e-12          0     0.5043     0.5151     0.0583     0.1171     4.6345     0.0000     0.0085     0.0000     0.5035     0.5143    34.6326    34.7144    26.7355    26.8044      1.098      1.240      0.385      0.435 0.0000e+00
      13185    549.333    367.504 -106.84752   16.78534    365.000     9.6074     9.5784 3.7526e+04   3.757810     0.0717     0.0147    99.6327 1.0000e-12          0     0.5043     0.5152     0.0582     0.1171     4.6349     0.0000     0.0085     0.0000     0.5035     0.5142    34.6319    34.7131    26.7376    26.8059      1.090      1.213      0.382      0.425 0.0000e+00
      13218    550.724    368.512 -106.84752   16.78534    366.000     9.5956     9.5661 3.7516e+04   3.756663     0.0637     0.0151    99.6234 1.0000e-12          0     0.5043     0.5149     0.0574     0.1171     4.6344     0.0000     0.0085     0.0000     0.5035     0.5143    34.6319    34.7127    26.7396    26.8076      1.107      1.242      0.388      0.435 0.0000e+00
      13249    551.989    369.520 -106.84752   16.78534    367.000     9.5882     9.5593 3.7509e+04   3.755987     0.0692     0.0147    99.6334 1.0000e-12          0     0.5043     0.5151     0.0579     0.1171     4.6349     0.0000     0.0085     0.0000     0.5035     0.5143    34.6313    34.7118    26.7403    26.8081      1.116      1.213      0.392      0.425 0.0000e+00
      13278    553.188    370.527 -106.84752   16.78534    368.000     9.5792     9.5498 3.7500e+04   3.755176     0.0652     0.0145    99.6382 1.0000e-12          0     0.5043     0.5150     0.0575     0.1153     4.6351     0.0000     0.0085     0.0000     0.5035     0.5142    34.6308    34.7122    26.7415    26.8100      1.100      1.235      0.386      0.433 0.0000e+00
      13302    554.207    371.535 -106.84752   16.78534    369.000     9.5628     9.5333 3.7484e+04   3.753563     0.0718     0.0140    99.6492 1.0000e-12          0     0.5042     0.5151     0.0582     0.1149     4.6356     0.0000     0.0085     0.0000     0.5034     0.5144    34.6295    34.7110    26.7432    26.8118      1.082      1.242      0.379      0.435 0.0000e+00
      13323    555.083    372.543 -106.84752   16.78534    370.000     9.5479     9.5187 3.7470e+04   3.752175     0.0729     0.0147    99.6333 1.0000e-12          0     0.5043     0.5150     0.0583     0.1164     4.6349     0.0000     0.0085     0.0000     0.5035     0.5142    34.6286    34.7103    26.7450    26.8137      1.128      1.186      0.395      0.415 0.0000e+00
      13341    555.844    373.551 -106.84752   16.78534    371.000     9.5268     9.4937 3.7449e+04   3.750026     0.0740     0.0147    99.6333 1.0000e-12          0     0.5043     0.5151     0.0584     0.1171     4.6349     0.0000     0.0085     0.0000     0.5035     0.5142    34.6271    34.7118    26.7473    26.8190      1.114      1.230      0.390      0.430 0.0000e+00
      13358    556.541    374.559 -106.84752   16.78534    372.000     9.4887     9.4573 3.7412e+04   3.746512     0.0739     0.0146    99.6348 1.0000e-12          0     0.5043     0.5149     0.0584     0.1172     4.6350     0.0000     0.0085     0.0000     0.5035     0.5143    34.6246    34.7102    26.7516    26.8238      1.109      1.174      0.388      0.411 0.0000e+00
      13374    557.212    375.566 -106.84752   16.78534    373.000     9.4614     9.4316 3.7385e+04   3.743791     0.0712     0.0137    99.6561 1.0000e-12          0     0.5043     0.5152     0.0581     0.1170     4.6359     0.0000     0.0085     0.0000     0.5035     0.5140    34.6231    34.7065    26.7549    26.8251      1.110      1.117      0.388      0.390 0.0000e+00
      13391    557.909    376.574 -106.84752   16.78534    374.000     9.4558     9.4272 3.7380e+04   3.743254     0.0711     0.0139    99.6516 1.0000e-12          0     0.5042     0.5151     0.0581     0.1171     4.6357     0.0000     0.0085     0.0000     0.5035     0.5141    34.6231    34.7047    26.7559    26.8245      1.076      1.190      0.376      0.416 0.0000e+00
      13410    558.693    377.582 -106.84752   16.78534    375.000     9.4524     9.4237 3.7378e+04   3.742993     0.0722     0.0144    99.6416 1.0000e-12          0     0.5043     0.5151     0.0582     0.1172     4.6353     0.0000     0.0085     0.0000     0.5034     0.5141    34.6239    34.7049    26.7570    26.8251      1.054      1.160      0.368      0.405 0.0000e+00
      13439    559.932    378.590 -106.84752   16.78534    376.000     9.4436     9.4149 3.7370e+04   3.742171     0.0720     0.0140    99.6507 1.0000e-12          0     0.5043     0.5149     0.0582     0.1171     4.6357     0.0000     0.0085     0.0000     0.5034     0.5140    34.6234    34.7044    26.7582    26.8263      1.110      1.203      0.388      0.420 0.0000e+00
      13519    563.241    379.598 -106.84752   16.78534    377.000     9.4470     9.4212 3.7374e+04   3.742718     0.0656     0.0144    99.6398 1.0000e-12          0     0.5042     0.5148     0.0576     0.1172     4.6352     0.0000     0.0085     0.0000     0.5035     0.5140    34.6235    34.7036    26.7577    26.8246      1.113      1.173      0.389      0.410 0.0000e+00
      13553    564.668    380.605 -106.84752   16.78534    378.000     9.4321     9.4039 3.7360e+04   3.741182     0.0667     0.0136    99.6597 1.0000e-12          0     0.5042     0.5148     0.0577     0.1172     4.6361     0.0000     0.0085     0.0000     0.5035     0.5141    34.6233    34.7040    26.7600    26.8278      1.088      1.201      0.380      0.419 0.0000e+00
      13572    565.475    381.613 -106.84752   16.78534    379.000     9.4299     9.4011 3.7358e+04   3.740975     0.0668     0.0137    99.6579 1.0000e-12          0     0.5043     0.5149     0.0577     0.1171     4.6360     0.0000     0.0085     0.0000     0.5034     0.5142    34.6232    34.7040    26.7603    26.8283      1.079      1.230      0.377      0.430 0.0000e+00
      13589    566.161    382.621 -106.84752   16.78534    380.000     9.4260     9.3972 3.7355e+04   3.740651     0.0724     0.0136    99.6595 1.0000e-12          0     0.5043     0.5146     0.0582     0.1172     4.6361     0.0000     0.0085     0.0000     0.5034     0.5141    34.6231    34.7040    26.7608    26.8289      1.116      1.162      0.390      0.406 0.0000e+00
      13605    566.816    383.629 -106.84752   16.78534    381.000     9.4213     9.3925 3.7351e+04   3.740214     0.0731     0.0139    99.6513 1.0000e-12          0     0.5041     0.5150     0.0583     0.1171     4.6357     0.0000     0.0085     0.0000     0.5035     0.5138    34.6226    34.7036    26.7613    26.8294      1.123      1.070      0.392      0.374 0.0000e+00
      13621    567.508    384.637 -106.84752   16.78534    382.000     9.4161     9.3870 3.7346e+04   3.739761     0.0725     0.0147    99.6331 1.0000e-12          0     0.5043     0.5147     0.0582     0.1171     4.6349     0.0000     0.0085     0.0000     0.5034     0.5139    34.6220    34.7038    26.7617    26.8305      1.115      1.227      0.389      0.429 0.0000e+00
      13640    568.294    385.645 -106.84752   16.78534    383.000     9.4043     9.3757 3.7335e+04   3.738689     0.0726     0.0136    99.6583 1.0000e-12          0     0.5043     0.5149     0.0583     0.1172     4.6360     0.0000     0.0085     0.0000     0.5035     0.5140    34.6216    34.7031    26.7633    26.8318      1.127      1.259      0.394      0.440 0.0000e+00
      13665    569.322    386.652 -106.84752   16.78534    384.000     9.3901     9.3611 3.7321e+04   3.737319     0.0711     0.0137    99.6577 1.0000e-12          0     0.5042     0.5149     0.0581     0.1169     4.6360     0.0000     0.0085     0.0000     0.5035     0.5141    34.6211    34.7026    26.7652    26.8338      1.113      1.191      0.389      0.416 0.0000e+00
      13697    570.684    387.660 -106.84752   16.78534    385.000     9.3771     9.3484 3.7310e+04   3.736145     0.0707     0.0143    99.6435 1.0000e-12          0     0.5043     0.5147     0.0581     0.1156     4.6354     0.0000     0.0085     0.0000     0.5035     0.5140    34.6211    34.7023    26.7674    26.8356      1.114      1.166      0.389      0.407 0.0000e+00
      13733    572.147    388.668 -106.84752   16.78534    386.000     9.3603     9.3311 3.7295e+04   3.734577     0.0721     0.0136    99.6597 1.0000e-12          0     0.5043     0.5149     0.0582     0.1157     4.6361     0.0000     0.0085     0.0000     0.5035     0.5140    34.6212    34.7023    26.7703    26.8385      1.063      1.211      0.371      0.423 0.0000e+00
      13760    573.291    389.676 -106.84752   16.78534    387.000     9.3346     9.3014 3.7270e+04   3.731896     0.0719     0.0136    99.6595 1.0000e-12          0     0.5043     0.5148     0.0582     0.1166     4.6361     0.0000     0.0085     0.0000     0.5033     0.5141    34.6197    34.7028    26.7733    26.8437      1.081      1.205      0.377      0.420 0.0000e+00
      13782    574.226    390.684 -106.84752   16.78534    388.000     9.3230     9.2935 3.7259e+04   3.730874     0.0703     0.0135    99.6628 1.0000e-12          0     0.5043     0.5148     0.0580     0.1171     4.6363     0.0000     0.0085     0.0000     0.5034     0.5140    34.6197    34.6994    26.7752    26.8424      1.158      1.163      0.404      0.405 0.0000e+00
      13805    575.167    391.692 -106.84752   16.78534    389.000     9.3200     9.2923 3.7257e+04   3.730904     0.0722     0.0132    99.6689 1.0000e-12          0     0.5043     0.5148     0.0582     0.1159     4.6366     0.0000     0.0085     0.0000     0.5035     0.5140    34.6193    34.7004    26.7754    26.8434      1.120      1.191      0.390      0.415 0.0000e+00
      13830    576.194    392.700 -106.84752   16.78534    390.000     9.2952     9.2650 3.7232e+04   3.728362     0.0722     0.0136    99.6592 1.0000e-12          0     0.5043     0.5148     0.0582     0.1159     4.6361     0.0000     0.0085     0.0000     0.5035     0.5141    34.6171    34.7001    26.7777    26.8475      1.090      1.190      0.380      0.414 0.0000e+00
      13857    577.340    393.708 -106.84752   16.78534    391.000     9.2873     9.2585 3.7225e+04   3.727572     0.0726     0.0136    99.6604 1.0000e-12          0     0.5041     0.5149     0.0583     0.1172     4.6361     0.0000     0.0085     0.0000     0.5035     0.5140    34.6174    34.6976    26.7793    26.8467      1.139      1.208      0.397      0.421 0.0000e+00
      13890    578.694    394.716 -106.84752   16.78534    392.000     9.2693     9.2400 3.7208e+04   3.725913     0.0656     0.0136    99.6595 1.0000e-12          0     0.5043     0.5147     0.0576     0.1172     4.6361     0.0000     0.0085     0.0000     0.5035     0.5140    34.6168    34.6980    26.7817    26.8500      1.095      1.166      0.381      0.406 0.0000e+00
      13921    579.995    395.723 -106.84752   16.78534    393.000     9.2613     9.2334 3.7201e+04   3.725192     0.0738     0.0136    99.6595 1.0000e-12          0     0.5042     0.5148     0.0584     0.1171     4.6361     0.0000     0.0085     0.0000     0.5035     0.5141    34.6161    34.6964    26.7825    26.8498      1.139      1.174      0.396      0.409 0.0000e+00
      13946    581.056    396.731 -106.84752   16.78534    394.000     9.2534     9.2250 3.7193e+04   3.724495     0.0746     0.0136    99.6595 1.0000e-12          0     0.5043     0.5148     0.0585     0.1172     4.6361     0.0000     0.0085     0.0000     0.5035     0.5137    34.6156    34.6968    26.7834    26.8515      1.118      1.131      0.389      0.394 0.0000e+00
      13969    581.999    397.739 -106.84752   16.78534    395.000     9.2449     9.2162 3.7186e+04   3.723686     0.0721     0.0133    99.6681 1.0000e-12          0     0.5043     0.5148     0.0582     0.1172     4.6365     0.0000     0.0085     0.0000     0.5035     0.5141    34.6155    34.6965    26.7847    26.8527      1.070      1.296      0.372      0.451 0.0000e+00
