data/ctd-cnv/KM1919/KM1919-St20-P2/St20_P2_cast51-align-cellTM-derive-bin.cnv
* Sea-Bird SBE 9 Data File:
* FileName = C:\Users\otg\Desktop\CTD Data\km1920\St20_P2_cast51.hex
* Software Version Seasave V 7.26.7.107
* Temperature SN = 5554
* Conductivity SN = 3876
* Number of Bytes Per Scan = 41
* Number of Voltage Words = 4
* Number of Scans Averaged by the Deck Unit = 1
* NMEA Latitude = 16 45.51 N
* NMEA Longitude = 106 45.82 W
* NMEA UTC (Time) = Oct 09 2019  19:06:48
* NMEA baud rate = 4800
** Ship: Kilo Moana
** Station: St20_P2 cast 51
** Operator: gr
** diel 8 noon
# nquan = 34
# nvalues = 206                         
# units = specified
# name 0 = scan: Scan Count
# name 1 = timeS: Time, Elapsed [seconds]
# name 2 = prDM: Pressure, Digiquartz [db]
# name 3 = longitude: Longitude [deg]
# name 4 = latitude: Latitude [deg]
# name 5 = depSMignore: Depth [salt water, m]
# name 6 = t090C: Temperature [ITS-90, deg C]
# name 7 = t190C: Temperature, 2 [ITS-90, deg C]
# name 8 = c0uS/cm: Conductivity [uS/cm]
# name 9 = c1S/m: Conductivity, 2 [S/m]
# name 10 = flECO-AFL: Fluorescence, WET Labs ECO-AFL/FL [mg/m^3]
# name 11 = CStarAt0: Beam Attenuation, WET Labs C-Star [1/m]
# name 12 = CStarTr0: Beam Transmission, WET Labs C-Star [%]
# name 13 = par: PAR/Irradiance, Biospherical/Licor
# name 14 = modError: Modulo Error Count
# name 15 = v0: Voltage 0
# name 16 = v1: Voltage 1
# name 17 = v2: Voltage 2
# name 18 = v3: Voltage 3
# name 19 = v4: Voltage 4
# name 20 = v5: Voltage 5
# name 21 = v6: Voltage 6
# name 22 = v7: Voltage 7
# name 23 = sbeox0V: Oxygen raw, SBE 43 [V]
# name 24 = sbeox1V: Oxygen raw, SBE 43, 2 [V]
# name 25 = sal00: Salinity, Practical [PSU]
# name 26 = sal11: Salinity, Practical, 2 [PSU]
# name 27 = sigma-é00: Density [sigma-theta, kg/m^3]
# name 28 = sigma-é11: Density, 2 [sigma-theta, kg/m^3]
# name 29 = sbeox0Mm/L: Oxygen, SBE 43 [umol/l], WS = 2
# name 30 = sbeox1Mm/L: Oxygen, SBE 43, 2 [umol/l], WS = 2
# name 31 = sbeox0PS: Oxygen, SBE 43 [% saturation], WS = 2
# name 32 = sbeox1PS: Oxygen, SBE 43, 2 [% saturation], WS = 2
# name 33 = flag: flag
# span 0 =         84,       8490       
# span 1 =      3.457,    353.712       
# span 2 =      2.012,    208.340       
# span 3 = -106.76364, -106.76358       
# span 4 =   16.75850,   16.75858       
# span 5 =      2.000,    207.000       
# span 6 =    12.2979,    29.6416       
# span 7 =    12.2667,    29.5984       
# span 8 = 4.0152e+04, 5.7354e+04       
# span 9 =   4.020664,   5.743503       
# span 10 =     0.0410,     1.5290      
# span 11 =     0.0268,     0.1248      
# span 12 =    96.9330,    99.3322      
# span 13 = 2.2075e-03, 7.4800e+02      
# span 14 =          0,          0      
# span 15 =     0.5055,     2.4984      
# span 16 =     0.5176,     2.4843      
# span 17 =     0.0551,     0.2039      
# span 18 =     0.1127,     0.1175      
# span 19 =     4.5093,     4.6209      
# span 20 =     0.0000,     0.0000      
# span 21 =     0.0184,     3.8819      
# span 22 =     0.0000,     0.0000      
# span 23 =     0.5045,     2.4995      
# span 24 =     0.5164,     2.4821      
# span 25 =    34.2762,    34.7829      
# span 26 =    34.3757,    34.8703      
# span 27 =    21.5303,    26.3664      
# span 28 =    21.6090,    26.4372      
# span 29 =      1.035,    229.518      
# span 30 =      1.403,    240.496      
# span 31 =      0.386,    107.042      
# span 32 =      0.522,    112.227      
# span 33 = 0.0000e+00, 0.0000e+00      
# interval = meters: 1                  
# start_time = Oct 09 2019 19:12:59 [NMEA time, first data scan]
# bad_flag = -9.990e-29
*END*
         84      3.457      2.012 -106.76358   16.75850      2.000    29.6008    29.5596 5.7308e+04   5.738831     0.0672     0.0752    98.1388 5.7743e+02          0     2.3481     2.3365     0.0577     0.1175     4.5654     0.0000     3.7724     0.0000     2.3487     2.3346    34.5761    34.6601    21.5442    21.6211    192.310    202.535     97.828    103.009 0.0000e+00
        135      5.598      3.018 -106.76358   16.75850      3.000    29.5992    29.5572 5.7307e+04   5.738771     0.0599     0.0641    98.4119 4.8440e+02          0     2.3506     2.3355     0.0570     0.1148     4.5781     0.0000     3.6986     0.0000     2.3492     2.3338    34.5759    34.6611    21.5446    21.6227    192.791    202.449     98.070    102.962 0.0000e+00
        584     24.289      4.024 -106.76358   16.75851      4.000    29.6100    29.5679 5.7319e+04   5.740056     0.0605     0.0601    98.5081 5.0580e+02          0     2.3486     2.3334     0.0571     0.1148     4.5826     0.0000     3.7148     0.0000     2.3505     2.3382    34.5764    34.6619    21.5414    21.6198    192.478    202.806     97.928    103.162 0.0000e+00
        807     33.603      5.030 -106.76358   16.75852      5.000    29.6110    29.5709 5.7321e+04   5.740369     0.0634     0.0612    98.4813 4.4698e+02          0     2.3513     2.3366     0.0574     0.1148     4.5813     0.0000     3.6614     0.0000     2.3494     2.3341    34.5764    34.6615    21.5412    21.6186    192.552    202.334     97.967    102.927 0.0000e+00
        937     38.993      6.036 -106.76358   16.75852      6.000    29.6264    29.5904 5.7337e+04   5.742341     0.0639     0.0602    98.5062 7.4800e+02          0     2.3465     2.3322     0.0574     0.1148     4.5825     0.0000     3.8819     0.0000     2.3479     2.3319    34.5759    34.6606    21.5357    21.6114    191.941    202.310     97.680    102.946 0.0000e+00
        969     40.337      7.042 -106.76358   16.75852      7.000    29.6357    29.5955 5.7347e+04   5.742921     0.0579     0.0597    98.5197 6.7235e+02          0     2.3506     2.3343     0.0568     0.1148     4.5831     0.0000     3.8290     0.0000     2.3453     2.3352    34.5757    34.6606    21.5325    21.6097    191.855    202.779     97.651    103.193 0.0000e+00
       1006     41.894      8.048 -106.76358   16.75852      8.000    29.6377    29.5946 5.7349e+04   5.742951     0.0517     0.0603    98.5052 6.8883e+02          0     2.3491     2.3316     0.0562     0.1148     4.5824     0.0000     3.8415     0.0000     2.3472     2.3330    34.5755    34.6611    21.5318    21.6105    193.017    202.126     98.246    102.860 0.0000e+00
       1089     45.354      9.054 -106.76358   16.75852      9.000    29.6318    29.5909 5.7343e+04   5.742529     0.0567     0.0600    98.5111 6.3448e+02          0     2.3487     2.3342     0.0567     0.1142     4.5827     0.0000     3.8095     0.0000     2.3523     2.3359    34.5755    34.6607    21.5338    21.6116    192.806    202.789     98.129    103.191 0.0000e+00
       1166     48.559     10.060 -106.76358   16.75852     10.000    29.6335    29.5910 5.7345e+04   5.742614     0.0515     0.0604    98.5025 6.2082e+02          0     2.3523     2.3365     0.0562     0.1148     4.5823     0.0000     3.8050     0.0000     2.3489     2.3368    34.5754    34.6609    21.5332    21.6117    192.076    202.703     97.760    103.147 0.0000e+00
       1191     49.582     11.066 -106.76358   16.75852     11.000    29.6281    29.5857 5.7341e+04   5.742126     0.0512     0.0595    98.5238 6.1531e+02          0     2.3517     2.3362     0.0561     0.1148     4.5833     0.0000     3.7991     0.0000     2.3460     2.3330    34.5758    34.6611    21.5354    21.6138    192.262    201.839     97.846    102.699 0.0000e+00
       1214     50.524     12.072 -106.76358   16.75852     12.000    29.6416    29.5982 5.7354e+04   5.743354     0.0512     0.0597    98.5185 6.0050e+02          0     2.3504     2.3354     0.0561     0.1148     4.5830     0.0000     3.7834     0.0000     2.3483     2.3255    34.5749    34.6602    21.5303    21.6090    192.770    201.162     98.126    102.374 0.0000e+00
       1275     53.081     13.078 -106.76358   16.75852     13.000    29.6402    29.5982 5.7353e+04   5.743453     0.0576     0.0602    98.5066 5.5232e+02          0     2.3492     2.3319     0.0568     0.1148     4.5825     0.0000     3.7510     0.0000     2.3513     2.3285    34.5750    34.6606    21.5309    21.6093    192.956    201.968     98.219    102.785 0.0000e+00
       1371     57.094     14.084 -106.76360   16.75852     14.000    29.6390    29.5984 5.7352e+04   5.743503     0.0621     0.0595    98.5241 5.5181e+02          0     2.3524     2.3261     0.0572     0.1148     4.5833     0.0000     3.7534     0.0000     2.3501     2.3323    34.5752    34.6605    21.5316    21.6093    192.452    202.487     97.960    103.049 0.0000e+00
       1395     58.078     15.090 -106.76360   16.75852     15.000    29.6255    29.5848 5.7340e+04   5.742442     0.0532     0.0597    98.5181 5.4203e+02          0     2.3517     2.3315     0.0563     0.1148     4.5830     0.0000     3.7433     0.0000     2.3504     2.3312    34.5761    34.6628    21.5369    21.6157    192.984    202.228     98.210    102.896 0.0000e+00
       1420     59.146     16.096 -106.76360   16.75852     16.000    29.6047    29.5619 5.7318e+04   5.740118     0.0635     0.0604    98.5014 4.7937e+02          0     2.3541     2.3314     0.0574     0.1148     4.5823     0.0000     3.6928     0.0000     2.3511     2.3308    34.5760    34.6632    21.5439    21.6237    193.088    202.493     98.230    102.993 0.0000e+00
       1482     61.706     17.102 -106.76360   16.75852     17.000    29.5991    29.5516 5.7311e+04   5.738673     0.0680     0.0594    98.5248 4.5419e+02          0     2.3513     2.3318     0.0578     0.1148     4.5833     0.0000     3.6687     0.0000     2.3475     2.3319    34.5749    34.6605    21.5451    21.6253    192.565    202.582     97.955    103.020 0.0000e+00
       1567     65.260     18.108 -106.76360   16.75852     18.000    29.5779    29.5347 5.7288e+04   5.736883     0.0690     0.0603    98.5026 4.5691e+02          0     2.3449     2.3316     0.0579     0.1148     4.5823     0.0000     3.6709     0.0000     2.3512     2.3287    34.5740    34.6602    21.5517    21.6309    193.520    202.056     98.407    102.725 0.0000e+00
       1595     66.400     19.114 -106.76360   16.75852     19.000    29.5680    29.5265 5.7280e+04   5.736244     0.0764     0.0600    98.5117 4.6895e+02          0     2.3456     2.3312     0.0586     0.1147     4.5827     0.0000     3.6845     0.0000     2.3484     2.3292    34.5754    34.6615    21.5561    21.6347    192.212    202.580     97.727    102.978 0.0000e+00
       1626     67.716     20.120 -106.76360   16.75852     20.000    29.5573    29.5156 5.7265e+04   5.734676     0.0775     0.0592    98.5305 4.3958e+02          0     2.3475     2.3316     0.0587     0.1148     4.5836     0.0000     3.6565     0.0000     2.3440     2.3304    34.5724    34.6583    21.5576    21.6361    192.463    202.768     97.836    103.054 0.0000e+00
       1668     69.479     21.126 -106.76360   16.75852     21.000    29.5542    29.5127 5.7262e+04   5.734424     0.0777     0.0595    98.5226 4.0639e+02          0     2.3496     2.3286     0.0588     0.1148     4.5832     0.0000     3.6221     0.0000     2.3456     2.3304    34.5729    34.6584    21.5591    21.6372    192.862    202.393     98.034    102.858 0.0000e+00
       1748     72.780     22.132 -106.76360   16.75852     22.000    29.5406    29.4984 5.7255e+04   5.733645     0.0817     0.0585    98.5463 3.8986e+02          0     2.3448     2.3301     0.0591     0.1148     4.5844     0.0000     3.6040     0.0000     2.3521     2.3341    34.5772    34.6631    21.5669    21.6457    193.735    203.507     98.458    103.403 0.0000e+00
       1809     75.342     23.139 -106.76360   16.75854     23.000    29.5166    29.4747 5.7236e+04   5.731811     0.0817     0.0601    98.5099 3.6294e+02          0     2.3499     2.3298     0.0592     0.1148     4.5826     0.0000     3.5727     0.0000     2.3538     2.3362    34.5812    34.6674    21.5782    21.6570    193.513    203.085     98.310    103.152 0.0000e+00
       1839     76.574     24.145 -106.76360   16.75854     24.000    29.5014    29.4595 5.7225e+04   5.730781     0.0820     0.0599    98.5135 3.7433e+02          0     2.3532     2.3377     0.0592     0.1148     4.5828     0.0000     3.5866     0.0000     2.3506     2.3331    34.5846    34.6711    21.5859    21.6649    193.360    203.179     98.210    103.177 0.0000e+00
       1868     77.771     25.151 -106.76360   16.75854     25.000    29.4878    29.4466 5.7216e+04   5.729981     0.0775     0.0588    98.5403 3.3523e+02          0     2.3542     2.3386     0.0587     0.1148     4.5841     0.0000     3.5389     0.0000     2.3509     2.3327    34.5881    34.6746    21.5932    21.6720    193.587    203.133     98.306    103.134 0.0000e+00
       1909     79.517     26.157 -106.76360   16.75852     26.000    29.4731    29.4314 5.7204e+04   5.728613     0.0770     0.0582    98.5557 3.3917e+02          0     2.3523     2.3343     0.0587     0.1148     4.5848     0.0000     3.5433     0.0000     2.3530     2.3307    34.5898    34.6760    21.5996    21.6782    193.928    202.985     98.456    103.035 0.0000e+00
       1994     83.051     27.163 -106.76360   16.75852     27.000    29.4670    29.4254 5.7199e+04   5.728019     0.0864     0.0581    98.5559 3.0625e+02          0     2.3524     2.3308     0.0596     0.1147     4.5848     0.0000     3.4999     0.0000     2.3470     2.3327    34.5906    34.6760    21.6023    21.6804    193.045    203.412     97.999    103.241 0.0000e+00
       2051     85.419     28.169 -106.76360   16.75852     28.000    29.4300    29.3877 5.7166e+04   5.724920     0.0883     0.0583    98.5520 2.8172e+02          0     2.3488     2.3325     0.0598     0.1147     4.5847     0.0000     3.4632     0.0000     2.3498     2.3340    34.5943    34.6818    21.6176    21.6975    193.834    203.602     98.343    103.278 0.0000e+00
       2097     87.319     29.175 -106.76360   16.75852     29.000    29.3601    29.3168 5.7099e+04   5.718338     0.0953     0.0581    98.5570 2.6718e+02          0     2.3466     2.3326     0.0605     0.1147     4.5849     0.0000     3.4405     0.0000     2.3505     2.3328    34.5986    34.6877    21.6444    21.7259    194.247    203.832     98.444    103.281 0.0000e+00
       2139     89.093     30.181 -106.76360   16.75852     30.000    29.2341    29.1906 5.6956e+04   5.704794     0.1005     0.0593    98.5281 2.6468e+02          0     2.3500     2.3342     0.0611     0.1148     4.5835     0.0000     3.4364     0.0000     2.3514     2.3339    34.5917    34.6861    21.6816    21.7671    194.519    204.227     98.378    103.269 0.0000e+00
       2178     90.711     31.187 -106.76360   16.75852     31.000    29.0507    29.0073 5.6717e+04   5.680742     0.1093     0.0614    98.4768 2.5016e+02          0     2.3504     2.3327     0.0620     0.1148     4.5811     0.0000     3.4118     0.0000     2.3495     2.3312    34.5602    34.6536    21.7195    21.8041    195.083    204.603     98.354    103.135 0.0000e+00
       2218     92.380     32.193 -106.76360   16.75854     32.000    28.9031    28.8597 5.6523e+04   5.661524     0.1193     0.0631    98.4349 2.5090e+02          0     2.3512     2.3338     0.0629     0.1148     4.5792     0.0000     3.4132     0.0000     2.3536     2.3331    34.5333    34.6282    21.7486    21.8343    196.379    205.527     98.756    103.338 0.0000e+00
       2288     95.272     33.200 -106.76360   16.75854     33.000    28.8442    28.7849 5.6438e+04   5.649787     0.1260     0.0623    98.4542 2.2463e+02          0     2.3520     2.3322     0.0636     0.1142     4.5801     0.0000     3.3649     0.0000     2.3552     2.3328    34.5169    34.6013    21.7560    21.8390    196.464    205.764     98.696    103.317 0.0000e+00
       2370     98.706     34.206 -106.76360   16.75854     34.000    28.7734    28.7306 5.6366e+04   5.645039     0.1224     0.0604    98.5011 2.2157e+02          0     2.3564     2.3328     0.0632     0.1149     4.5822     0.0000     3.3589     0.0000     2.3472     2.3338    34.5187    34.6078    21.7809    21.8620    195.080    205.820     97.889    103.258 0.0000e+00
       2400     99.976     35.212 -106.76360   16.75854     35.000    28.7324    28.6913 5.6332e+04   5.641224     0.1219     0.0605    98.4991 2.1521e+02          0     2.3556     2.3336     0.0632     0.1147     4.5822     0.0000     3.3464     0.0000     2.3456     2.3245    34.5241    34.6097    21.7986    21.8765    199.438    205.394    100.012    102.980 0.0000e+00
       2428    101.108     36.218 -106.76360   16.75854     36.000    28.6860    28.6426 5.6296e+04   5.638587     0.1262     0.0604    98.5004 2.1413e+02          0     2.3518     2.3336     0.0636     0.1147     4.5822     0.0000     3.3444     0.0000     2.4023     2.3523    34.5333    34.6266    21.8209    21.9055    210.551    213.355    105.510    106.895 0.0000e+00
       2457    102.326     37.224 -106.76360   16.75854     37.000    27.9970    27.9331 5.5607e+04   5.575836     0.1413     0.0653    98.3802 2.0955e+02          0     2.3458     2.3330     0.0651     0.1147     4.5766     0.0000     3.3351     0.0000     2.4654     2.4224    34.5565    34.7094    22.0643    22.2001    215.778    224.542    106.935    111.246 0.0000e+00
       2545    106.018     38.230 -106.76360   16.75854     38.000    27.4117    27.4951 5.5023e+04   5.522013     0.2136     0.0797    98.0278 2.0711e+02          0     2.4346     2.3989     0.0724     0.1148     4.5603     0.0000     3.3299     0.0000     2.4599     2.4280    34.5762    34.6539    22.2692    22.3002    213.161    220.944    104.638    108.649 0.0000e+00
       2627    109.435     39.236 -106.76360   16.75854     39.000    26.9591    26.8579 5.4580e+04   5.463442     0.2025     0.0804    98.0089 1.9690e+02          0     2.4433     2.4124     0.0712     0.1148     4.5594     0.0000     3.3080     0.0000     2.4925     2.4645    34.5974    34.7116    22.4304    22.5487    218.687    229.272    106.565    111.608 0.0000e+00
       2654    110.524     40.243 -106.76360   16.75854     40.000    26.8399    26.7987 5.4451e+04   5.454048     0.2261     0.0838    97.9267 1.9048e+02          0     2.4582     2.4183     0.0736     0.1148     4.5556     0.0000     3.2931     0.0000     2.4893     2.4722    34.5934    34.6884    22.4654    22.5500    218.371    229.478    106.197    111.582 0.0000e+00
       2679    111.590     41.249 -106.76360   16.75854     41.000    26.7552    26.7087 5.4361e+04   5.444880     0.2322     0.0847    97.9066 1.7249e+02          0     2.4821     2.4433     0.0742     0.1148     4.5546     0.0000     3.2505     0.0000     2.4922     2.4740    34.5923    34.6898    22.4915    22.5797    220.020    230.085    106.848    111.711 0.0000e+00
       2713    113.004     42.255 -106.76360   16.75854     42.000    26.5603    26.5083 5.4155e+04   5.423933     0.2514     0.0862    97.8684 1.6945e+02          0     2.4899     2.4641     0.0761     0.1148     4.5528     0.0000     3.2428     0.0000     2.4995     2.4821    34.5895    34.6895    22.5511    22.6428    221.141    231.923    107.042    112.227 0.0000e+00
       2813    117.172     43.261 -106.76360   16.75854     43.000    26.4193    26.3764 5.4014e+04   5.409868     0.2968     0.0917    97.7350 1.5639e+02          0     2.4984     2.4843     0.0807     0.1148     4.5466     0.0000     3.2080     0.0000     2.4906     2.4739    34.5935    34.6870    22.5985    22.6824    219.314    229.959    105.911    111.030 0.0000e+00
