data/ctd-cnv/KM1919/KM1919-St20-P2/St20_P2_cast31-align-cellTM-derive-bin.cnv
* Sea-Bird SBE 9 Data File:
* FileName = C:\Users\otg\Desktop\CTD Data\km1920\St20_P2_cast31.hex
* Software Version Seasave V 7.26.7.107
* Temperature SN = 5554
* Conductivity SN = 3876
* Number of Bytes Per Scan = 41
* Number of Voltage Words = 4
* Number of Scans Averaged by the Deck Unit = 1
* NMEA Latitude = 16 47.03 N
* NMEA Longitude = 106 50.94 W
* NMEA UTC (Time) = Oct 05 2019  13:59:49
* NMEA baud rate = 4800
** Ship: Kilo Moana
** Station: St20_P2cast 31
** Operator: gr
** NK deep metabolomics
# nquan = 34
# nvalues = 1001                        
# units = specified
# name 0 = scan: Scan Count
# name 1 = timeS: Time, Elapsed [seconds]
# name 2 = prDM: Pressure, Digiquartz [db]
# name 3 = longitude: Longitude [deg]
# name 4 = latitude: Latitude [deg]
# name 5 = depSMignore: Depth [salt water, m]
# name 6 = t090C: Temperature [ITS-90, deg C]
# name 7 = t190C: Temperature, 2 [ITS-90, deg C]
# name 8 = c0uS/cm: Conductivity [uS/cm]
# name 9 = c1S/m: Conductivity, 2 [S/m]
# name 10 = flECO-AFL: Fluorescence, WET Labs ECO-AFL/FL [mg/m^3]
# name 11 = CStarAt0: Beam Attenuation, WET Labs C-Star [1/m]
# name 12 = CStarTr0: Beam Transmission, WET Labs C-Star [%]
# name 13 = par: PAR/Irradiance, Biospherical/Licor
# name 14 = modError: Modulo Error Count
# name 15 = v0: Voltage 0
# name 16 = v1: Voltage 1
# name 17 = v2: Voltage 2
# name 18 = v3: Voltage 3
# name 19 = v4: Voltage 4
# name 20 = v5: Voltage 5
# name 21 = v6: Voltage 6
# name 22 = v7: Voltage 7
# name 23 = sbeox0V: Oxygen raw, SBE 43 [V]
# name 24 = sbeox1V: Oxygen raw, SBE 43, 2 [V]
# name 25 = sal00: Salinity, Practical [PSU]
# name 26 = sal11: Salinity, Practical, 2 [PSU]
# name 27 = sigma-é00: Density [sigma-theta, kg/m^3]
# name 28 = sigma-é11: Density, 2 [sigma-theta, kg/m^3]
# name 29 = sbeox0Mm/L: Oxygen, SBE 43 [umol/l], WS = 2
# name 30 = sbeox1Mm/L: Oxygen, SBE 43, 2 [umol/l], WS = 2
# name 31 = sbeox0PS: Oxygen, SBE 43 [% saturation], WS = 2
# name 32 = sbeox1PS: Oxygen, SBE 43, 2 [% saturation], WS = 2
# name 33 = flag: flag
# span 0 =        348,      28317       
# span 1 =     14.447,   1179.823       
# span 2 =      3.018,   1011.442       
# span 3 = -106.84890, -106.84886       
# span 4 =   16.78390,   16.78398       
# span 5 =      3.000,   1003.000       
# span 6 =     4.4747,    29.4288       
# span 7 =     4.4499,    29.3851       
# span 8 = 3.3050e+04, 5.7130e+04       
# span 9 =   3.309377,   5.720871       
# span 10 =     0.0428,     1.4346      
# span 11 =     0.0020,     0.1027      
# span 12 =    97.4654,    99.9506      
# span 13 = -3.149e-05, 3.0294e+02      
# span 14 =          0,          0      
# span 15 =     0.5031,     2.4925      
# span 16 =     0.5101,     2.4734      
# span 17 =     0.0552,     0.1945      
# span 18 =     0.1152,     0.1221      
# span 19 =     4.5341,     4.6497      
# span 20 =     0.0000,     0.0000      
# span 21 =     0.0082,     3.4842      
# span 22 =     0.0000,     0.0000      
# span 23 =     0.5024,     2.4901      
# span 24 =     0.5108,     2.4699      
# span 25 =    34.4109,    34.7863      
# span 26 =    34.5124,    34.8743      
# span 27 =    21.5986,    27.3899      
# span 28 =    21.6760,    27.4538      
# span 29 =      0.867,    221.520      
# span 30 =      0.072,    232.304      
# span 31 =      0.280,    106.496      
# span 32 =      0.023,    111.303      
# span 33 = 0.0000e+00, 0.0000e+00      
# interval = meters: 1                  
# start_time = Oct 05 2019 14:03:00 [NMEA time, first data scan]
# bad_flag = -9.990e-29
*END*
[from data line 641]
      19129    796.989    648.858 -106.84888   16.78392    644.000     6.4042     6.3784 3.4608e+04   3.465497     0.0639     0.0041    99.8985 1.0000e-12          0     0.5033     0.5134     0.0574     0.1180     4.6472     0.0000     0.0085     0.0000     0.5025     0.5127    34.5331    34.6111    27.1392    27.2042      1.106      1.131      0.361      0.369 0.0000e+00
      19164    798.468    649.867 -106.84888   16.78392    645.000     6.4035     6.3771 3.4608e+04   3.465419     0.0642     0.0037    99.9084 1.0000e-12          0     0.5033     0.5135     0.0574     0.1196     4.6477     0.0000     0.0084     0.0000     0.5025     0.5128    34.5331    34.6110    27.1393    27.2043      1.003      1.106      0.327      0.361 0.0000e+00
      19202    800.044    650.876 -106.84888   16.78392    646.000     6.4019     6.3755 3.4607e+04   3.465329     0.0639     0.0037    99.9068 1.0000e-12          0     0.5032     0.5132     0.0574     0.1196     4.6476     0.0000     0.0085     0.0000     0.5024     0.5127    34.5328    34.6112    27.1393    27.2047      1.038      1.251      0.339      0.408 0.0000e+00
      19236    801.451    651.885 -106.84888   16.78392    647.000     6.4018     6.3757 3.4607e+04   3.465373     0.0639     0.0033    99.9178 1.0000e-12          0     0.5033     0.5134     0.0574     0.1196     4.6482     0.0000     0.0085     0.0000     0.5025     0.5131    34.5328    34.6110    27.1393    27.2045      1.058      0.795      0.345      0.259 0.0000e+00
      19263    802.580    652.894 -106.84888   16.78392    648.000     6.4017     6.3752 3.4607e+04   3.465392     0.0639     0.0039    99.9021 1.0000e-12          0     0.5031     0.5135     0.0574     0.1196     4.6474     0.0000     0.0085     0.0000     0.5024     0.5123    34.5327    34.6113    27.1393    27.2048      1.135      0.977      0.370      0.319 0.0000e+00
      19285    803.508    653.903 -106.84888   16.78392    649.000     6.3998     6.3736 3.4606e+04   3.465303     0.0639     0.0037    99.9084 1.0000e-12          0     0.5031     0.5133     0.0574     0.1197     4.6477     0.0000     0.0085     0.0000     0.5027     0.5127    34.5327    34.6114    27.1396    27.2051      1.138      1.154      0.371      0.376 0.0000e+00
      19305    804.313    654.912 -106.84888   16.78392    650.000     6.3980     6.3716 3.4605e+04   3.465170     0.0639     0.0037    99.9075 1.0000e-12          0     0.5031     0.5139     0.0574     0.1196     4.6477     0.0000     0.0085     0.0000     0.5025     0.5125    34.5330    34.6114    27.1400    27.2054      0.993      1.222      0.324      0.399 0.0000e+00
      19322    805.053    655.921 -106.84888   16.78392    651.000     6.3976     6.3711 3.4605e+04   3.465140     0.0639     0.0034    99.9160 2.8825e-05          0     0.5032     0.5138     0.0574     0.1197     4.6481     0.0000     0.0086     0.0000     0.5026     0.5131    34.5330    34.6111    27.1401    27.2052      1.047      1.229      0.341      0.401 0.0000e+00
      19339    805.769    656.930 -106.84888   16.78392    652.000     6.3957     6.3704 3.4604e+04   3.465163     0.0639     0.0042    99.8953 2.8374e-05          0     0.5031     0.5127     0.0574     0.1197     4.6471     0.0000     0.0086     0.0000     0.5024     0.5127    34.5329    34.6116    27.1403    27.2057      0.974      1.029      0.317      0.335 0.0000e+00
      19357    806.520    657.940 -106.84888   16.78392    653.000     6.3893     6.3628 3.4598e+04   3.464628     0.0639     0.0042    99.8958 4.7287e-05          0     0.5032     0.5130     0.0574     0.1196     4.6471     0.0000     0.0088     0.0000     0.5025     0.5130    34.5329    34.6128    27.1411    27.2076      1.111      1.158      0.362      0.378 0.0000e+00
      19380    807.445    658.949 -106.84888   16.78392    654.000     6.3726     6.3463 3.4584e+04   3.463165     0.0639     0.0041    99.8977 6.4084e-07          0     0.5034     0.5133     0.0574     0.1196     4.6472     0.0000     0.0085     0.0000     0.5026     0.5128    34.5330    34.6127    27.1434    27.2097      1.179      1.027      0.384      0.335 0.0000e+00
      19415    808.927    659.958 -106.84888   16.78392    655.000     6.3505     6.3239 3.4564e+04   3.461093     0.0639     0.0042    99.8958 1.0000e-12          0     0.5032     0.5135     0.0574     0.1196     4.6471     0.0000     0.0085     0.0000     0.5026     0.5129    34.5331    34.6118    27.1463    27.2119      1.020      1.110      0.332      0.362 0.0000e+00
      19456    810.606    660.967 -106.84888   16.78392    656.000     6.3396     6.3130 3.4555e+04   3.460133     0.0639     0.0042    99.8966 1.0000e-12          0     0.5032     0.5135     0.0574     0.1197     4.6471     0.0000     0.0085     0.0000     0.5025     0.5128    34.5327    34.6116    27.1475    27.2132      1.066      1.122      0.347      0.365 0.0000e+00
      19484    811.787    661.977 -106.84888   16.78392    657.000     6.3252     6.2989 3.4542e+04   3.458864     0.0639     0.0038    99.9047 1.0000e-12          0     0.5033     0.5134     0.0574     0.1196     4.6475     0.0000     0.0085     0.0000     0.5024     0.5129    34.5327    34.6113    27.1493    27.2148      1.089      1.187      0.355      0.387 0.0000e+00
      19505    812.661    662.986 -106.84888   16.78392    658.000     6.3211     6.2938 3.4539e+04   3.458618     0.0639     0.0031    99.9216 1.0000e-12          0     0.5033     0.5133     0.0574     0.1197     4.6484     0.0000     0.0085     0.0000     0.5026     0.5131    34.5337    34.6132    27.1507    27.2170      1.085      1.114      0.353      0.362 0.0000e+00
      19523    813.403    663.995 -106.84888   16.78392    659.000     6.2806     6.2515 3.4502e+04   3.455150     0.0639     0.0032    99.9205 1.0000e-12          0     0.5032     0.5135     0.0574     0.1195     4.6483     0.0000     0.0085     0.0000     0.5026     0.5129    34.5327    34.6168    27.1552    27.2253      1.088      0.938      0.354      0.305 0.0000e+00
      19539    814.102    665.004 -106.84888   16.78392    660.000     6.2551     6.2278 3.4480e+04   3.452799     0.0639     0.0031    99.9221 1.0000e-12          0     0.5032     0.5134     0.0574     0.1199     4.6484     0.0000     0.0085     0.0000     0.5025     0.5125    34.5326    34.6140    27.1583    27.2262      1.024      1.010      0.333      0.328 0.0000e+00
      19557    814.833    666.013 -106.84888   16.78392    661.000     6.2513     6.2250 3.4477e+04   3.452387     0.0639     0.0031    99.9221 1.0000e-12          0     0.5032     0.5135     0.0574     0.1199     4.6484     0.0000     0.0085     0.0000     0.5025     0.5129    34.5326    34.6118    27.1588    27.2248      1.102      1.104      0.358      0.359 0.0000e+00
      19578    815.726    667.022 -106.84888   16.78392    662.000     6.2493     6.2233 3.4476e+04   3.452240     0.0639     0.0030    99.9241 1.0000e-12          0     0.5033     0.5136     0.0574     0.1197     4.6485     0.0000     0.0085     0.0000     0.5026     0.5125    34.5335    34.6114    27.1598    27.2247      1.102      1.025      0.358      0.333 0.0000e+00
      19619    817.432    668.032 -106.84888   16.78392    663.000     6.2477     6.2218 3.4475e+04   3.452144     0.0639     0.0028    99.9292 1.0000e-12          0     0.5032     0.5134     0.0574     0.1197     4.6487     0.0000     0.0085     0.0000     0.5025     0.5127    34.5330    34.6113    27.1596    27.2248      1.065      1.096      0.346      0.356 0.0000e+00
      19671    819.587    669.040 -106.84888   16.78392    664.000     6.2455     6.2189 3.4473e+04   3.451941     0.0639     0.0031    99.9231 1.0000e-12          0     0.5033     0.5133     0.0574     0.1197     4.6484     0.0000     0.0085     0.0000     0.5025     0.5128    34.5334    34.6115    27.1602    27.2254      1.084      1.085      0.352      0.352 0.0000e+00
      19698    820.706    670.050 -106.84888   16.78392    665.000     6.2380     6.2119 3.4467e+04   3.451397     0.0639     0.0031    99.9221 1.0000e-12          0     0.5031     0.5132     0.0574     0.1196     4.6484     0.0000     0.0085     0.0000     0.5026     0.5128    34.5338    34.6120    27.1615    27.2267      1.018      1.113      0.331      0.361 0.0000e+00
      19718    821.521    671.059 -106.84888   16.78392    666.000     6.2322     6.2057 3.4463e+04   3.450931     0.0565     0.0032    99.9189 1.0000e-12          0     0.5032     0.5132     0.0567     0.1197     4.6482     0.0000     0.0085     0.0000     0.5024     0.5127    34.5338    34.6126    27.1623    27.2280      0.971      1.020      0.315      0.331 0.0000e+00
      19734    822.192    672.069 -106.84888   16.78392    667.000     6.2220     6.1959 3.4453e+04   3.450058     0.0616     0.0033    99.9172 1.0000e-12          0     0.5033     0.5135     0.0572     0.1196     4.6482     0.0000     0.0085     0.0000     0.5025     0.5127    34.5325    34.6123    27.1626    27.2290      1.120      1.027      0.364      0.334 0.0000e+00
      19749    822.815    673.078 -106.84888   16.78394    668.000     6.2209     6.1948 3.4453e+04   3.449940     0.0639     0.0034    99.9146 1.0000e-12          0     0.5032     0.5134     0.0574     0.1197     4.6480     0.0000     0.0085     0.0000     0.5025     0.5125    34.5336    34.6116    27.1636    27.2286      1.092      1.061      0.355      0.345 0.0000e+00
      19763    823.424    674.087 -106.84888   16.78394    669.000     6.2162     6.1892 3.4449e+04   3.449550     0.0639     0.0032    99.9186 1.0000e-12          0     0.5033     0.5134     0.0574     0.1197     4.6482     0.0000     0.0085     0.0000     0.5025     0.5126    34.5338    34.6124    27.1643    27.2299      1.016      1.221      0.330      0.396 0.0000e+00
      19778    824.039    675.096 -106.84888   16.78394    670.000     6.2137     6.1872 3.4448e+04   3.449397     0.0639     0.0031    99.9222 1.0000e-12          0     0.5034     0.5133     0.0574     0.1195     4.6484     0.0000     0.0085     0.0000     0.5024     0.5132    34.5339    34.6123    27.1648    27.2301      0.999      1.122      0.324      0.364 0.0000e+00
      19794    824.728    676.105 -106.84888   16.78394    671.000     6.2089     6.1822 3.4444e+04   3.449000     0.0639     0.0039    99.9033 1.0000e-12          0     0.5031     0.5132     0.0574     0.1196     4.6475     0.0000     0.0085     0.0000     0.5024     0.5127    34.5341    34.6124    27.1655    27.2309      1.100      0.951      0.357      0.309 0.0000e+00
      19838    826.525    677.115 -106.84888   16.78394    672.000     6.2067     6.1804 3.4442e+04   3.448795     0.0625     0.0038    99.9051 1.0000e-12          0     0.5031     0.5133     0.0573     0.1196     4.6476     0.0000     0.0085     0.0000     0.5025     0.5126    34.5337    34.6114    27.1656    27.2303      1.063      1.054      0.345      0.342 0.0000e+00
      19902    829.228    678.124 -106.84889   16.78394    673.000     6.2063     6.1780 3.4442e+04   3.448663     0.0639     0.0031    99.9224 1.0000e-12          0     0.5032     0.5132     0.0574     0.1197     4.6484     0.0000     0.0085     0.0000     0.5024     0.5127    34.5335    34.6119    27.1654    27.2310      1.051      1.052      0.341      0.342 0.0000e+00
      19926    830.189    679.133 -106.84890   16.78394    674.000     6.1918     6.1650 3.4429e+04   3.447690     0.0639     0.0029    99.9263 1.0000e-12          0     0.5032     0.5129     0.0574     0.1197     4.6486     0.0000     0.0085     0.0000     0.5025     0.5125    34.5335    34.6137    27.1673    27.2341      1.155      1.065      0.375      0.346 0.0000e+00
      19943    830.920    680.142 -106.84890   16.78394    675.000     6.1784     6.1520 3.4418e+04   3.446409     0.0639     0.0030    99.9253 1.0000e-12          0     0.5032     0.5133     0.0574     0.1195     4.6485     0.0000     0.0085     0.0000     0.5026     0.5127    34.5338    34.6120    27.1693    27.2345      1.085      0.983      0.352      0.319 0.0000e+00
      19959    831.575    681.152 -106.84890   16.78394    676.000     6.1713     6.1445 3.4412e+04   3.445865     0.0608     0.0039    99.9036 1.0000e-12          0     0.5031     0.5135     0.0571     0.1197     4.6475     0.0000     0.0085     0.0000     0.5025     0.5125    34.5335    34.6130    27.1700    27.2363      1.011      1.077      0.328      0.350 0.0000e+00
      19974    832.211    682.161 -106.84890   16.78394    677.000     6.1629     6.1364 3.4405e+04   3.445090     0.0549     0.0035    99.9136 1.0000e-12          0     0.5032     0.5133     0.0565     0.1197     4.6480     0.0000     0.0085     0.0000     0.5025     0.5127    34.5337    34.6122    27.1712    27.2366      1.069      1.190      0.347      0.386 0.0000e+00
      19990    832.878    683.170 -106.84890   16.78394    678.000     6.1590     6.1327 3.4401e+04   3.444743     0.0599     0.0031    99.9219 5.6530e-04          0     0.5031     0.5132     0.0570     0.1197     4.6484     0.0000     0.0110     0.0000     0.5025     0.5127    34.5335    34.6115    27.1716    27.2366      1.096      1.108      0.355      0.359 0.0000e+00
      20008    833.633    684.179 -106.84890   16.78394    679.000     6.1568     6.1304 3.4400e+04   3.444581     0.0637     0.0029    99.9269 2.5361e-05          0     0.5032     0.5132     0.0574     0.1197     4.6486     0.0000     0.0086     0.0000     0.5025     0.5128    34.5333    34.6115    27.1717    27.2369      1.109      1.117      0.360      0.362 0.0000e+00
      20032    834.626    685.189 -106.84890   16.78393    680.000     6.1530     6.1269 3.4397e+04   3.444285     0.0639     0.0025    99.9382 1.0000e-12          0     0.5032     0.5132     0.0574     0.1196     4.6491     0.0000     0.0085     0.0000     0.5025     0.5127    34.5332    34.6113    27.1722    27.2371      1.060      1.018      0.344      0.330 0.0000e+00
      20088    836.965    686.198 -106.84890   16.78392    681.000     6.1544     6.1270 3.4398e+04   3.444317     0.0639     0.0028    99.9303 1.0000e-12          0     0.5032     0.5134     0.0574     0.1196     4.6488     0.0000     0.0085     0.0000     0.5026     0.5126    34.5329    34.6110    27.1717    27.2370      1.079      1.063      0.350      0.345 0.0000e+00
      20135    838.916    687.207 -106.84890   16.78392    682.000     6.1411     6.1143 3.4387e+04   3.443317     0.0639     0.0030    99.9238 1.0000e-12          0     0.5032     0.5131     0.0574     0.1197     4.6485     0.0000     0.0085     0.0000     0.5024     0.5128    34.5330    34.6122    27.1735    27.2395      1.032      1.128      0.334      0.366 0.0000e+00
      20155    839.747    688.217 -106.84890   16.78392    683.000     6.1281     6.1012 3.4375e+04   3.442197     0.0639     0.0029    99.9263 1.0000e-12          0     0.5033     0.5132     0.0574     0.1196     4.6486     0.0000     0.0085     0.0000     0.5024     0.5125    34.5331    34.6125    27.1753    27.2415      1.025      1.026      0.332      0.332 0.0000e+00
      20172    840.446    689.226 -106.84890   16.78392    684.000     6.1175     6.0908 3.4366e+04   3.441258     0.0639     0.0030    99.9239 1.0000e-12          0     0.5032     0.5133     0.0574     0.1197     4.6485     0.0000     0.0085     0.0000     0.5024     0.5127    34.5329    34.6120    27.1765    27.2424      1.097      1.159      0.356      0.375 0.0000e+00
