data/ctd-cnv/KM1919/KM1919-St20-P2/St20_P2_cast43-align-cellTM-derive-bin.cnv
* Sea-Bird SBE 9 Data File:
* FileName = C:\Users\otg\Desktop\CTD Data\km1920\St20_P2_cast43.hex
* Software Version Seasave V 7.26.7.107
* Temperature SN = 5554
* Conductivity SN = 3876
* Number of Bytes Per Scan = 41
* Number of Voltage Words = 4
* Number of Scans Averaged by the Deck Unit = 1
* NMEA Latitude = 16 44.96 N
* NMEA Longitude = 106 48.13 W
* NMEA UTC (Time) = Oct 08 2019  13:13:17
* NMEA baud rate = 4800
** Ship: Kilo Moana
** Station: St20_P2 cast 43
** Operator: gr
** diel #3 dawn
# nquan = 34
# nvalues = 201                         
# units = specified
# name 0 = scan: Scan Count
# name 1 = timeS: Time, Elapsed [seconds]
# name 2 = prDM: Pressure, Digiquartz [db]
# name 3 = longitude: Longitude [deg]
# name 4 = latitude: Latitude [deg]
# name 5 = depSMignore: Depth [salt water, m]
# name 6 = t090C: Temperature [ITS-90, deg C]
# name 7 = t190C: Temperature, 2 [ITS-90, deg C]
# name 8 = c0uS/cm: Conductivity [uS/cm]
# name 9 = c1S/m: Conductivity, 2 [S/m]
# name 10 = flECO-AFL: Fluorescence, WET Labs ECO-AFL/FL [mg/m^3]
# name 11 = CStarAt0: Beam Attenuation, WET Labs C-Star [1/m]
# name 12 = CStarTr0: Beam Transmission, WET Labs C-Star [%]
# name 13 = par: PAR/Irradiance, Biospherical/Licor
# name 14 = modError: Modulo Error Count
# name 15 = v0: Voltage 0
# name 16 = v1: Voltage 1
# name 17 = v2: Voltage 2
# name 18 = v3: Voltage 3
# name 19 = v4: Voltage 4
# name 20 = v5: Voltage 5
# name 21 = v6: Voltage 6
# name 22 = v7: Voltage 7
# name 23 = sbeox0V: Oxygen raw, SBE 43 [V]
# name 24 = sbeox1V: Oxygen raw, SBE 43, 2 [V]
# name 25 = sal00: Salinity, Practical [PSU]
# name 26 = sal11: Salinity, Practical, 2 [PSU]
# name 27 = sigma-é00: Density [sigma-theta, kg/m^3]
# name 28 = sigma-é11: Density, 2 [sigma-theta, kg/m^3]
# name 29 = sbeox0Mm/L: Oxygen, SBE 43 [umol/l], WS = 2
# name 30 = sbeox1Mm/L: Oxygen, SBE 43, 2 [umol/l], WS = 2
# name 31 = sbeox0PS: Oxygen, SBE 43 [% saturation], WS = 2
# name 32 = sbeox1PS: Oxygen, SBE 43, 2 [% saturation], WS = 2
# name 33 = flag: flag
# span 0 =        -82,      10769       
# span 1 =     -3.440,    448.657       
# span 2 =      2.012,    203.305       
# span 3 = -106.80220, -106.80216       
# span 4 =   16.74922,   16.74926       
# span 5 =      2.000,    202.000       
# span 6 =    12.0844,    29.5326       
# span 7 =    12.0530,    29.4915       
# span 8 = 3.9935e+04, 5.7205e+04       
# span 9 =   3.998916,   5.728554       
# span 10 =     0.0476,     1.7477      
# span 11 =     0.0265,     0.1089      
# span 12 =    97.3154,    99.3393      
# span 13 = 1.6056e-03, 4.4714e+01      
# span 14 =          0,          0      
# span 15 =     0.5043,     2.4884      
# span 16 =     0.5153,     2.4639      
# span 17 =     0.0557,     0.2258      
# span 18 =     0.1120,     0.1163      
# span 19 =     4.5271,     4.6213      
# span 20 =     0.0000,     0.0000      
# span 21 =     0.0159,     2.6659      
# span 22 =     0.0000,     0.0000      
# span 23 =     0.5034,     2.4877      
# span 24 =     0.5143,     2.4613      
# span 25 =    34.3125,    34.7857      
# span 26 =    34.3964,    34.8759      
# span 27 =    21.5504,    26.3993      
# span 28 =    21.6278,    26.4692      
# span 29 =      0.949,    227.822      
# span 30 =      1.115,    238.633      
# span 31 =      0.353,    106.639      
# span 32 =      0.413,    111.116      
# span 33 = 0.0000e+00, 0.0000e+00      
# interval = meters: 1                  
# start_time = Oct 08 2019 13:20:27 [NMEA time, first data scan]
# bad_flag = -9.990e-29
*END*
[from data line 43]
       3000    124.952     45.273 -106.80218   16.74924     45.000    25.6170    25.5488 5.3183e+04   5.332013     0.2304     0.0866    97.8588 5.4711e+00          0     2.4767     2.4574     0.0740     0.1148     4.5524     0.0000     1.7595     0.0000     2.4525     2.4245    34.5951    34.7472    22.8493    22.9851    218.686    228.316    104.192    108.749 0.0000e+00
       3037    126.500     46.280 -106.80218   16.74924     46.000    25.0107    24.9619 5.2528e+04   5.263801     0.2773     0.0855    97.8863 5.1735e+00          0     2.4627     2.4365     0.0787     0.1148     4.5536     0.0000     1.7356     0.0000     2.4542     2.4312    34.5744    34.6933    23.0192    23.1239    222.602    232.383    104.961    109.556 0.0000e+00
       3116    129.779     47.286 -106.80218   16.74924     47.000    24.6792    24.6573 5.2154e+04   5.226334     0.3205     0.0825    97.9573 4.8457e+00          0     2.4534     2.4292     0.0830     0.1148     4.5570     0.0000     1.7078     0.0000     2.4574     2.4466    34.5506    34.6491    23.1016    23.1827    223.555    234.804    104.804    110.100 0.0000e+00
       3177    132.330     48.292 -106.80218   16.74924     48.000    24.3826    24.3359 5.1817e+04   5.191230     0.3178     0.0850    97.8991 4.5443e+00          0     2.4582     2.4454     0.0828     0.1148     4.5542     0.0000     1.6805     0.0000     2.4532     2.4390    34.5273    34.6344    23.1730    23.2679    224.100    234.534    104.513    109.359 0.0000e+00
       3211    133.760     49.298 -106.80218   16.74924     49.000    23.8645    23.8123 5.1227e+04   5.133683     0.3078     0.0828    97.9499 4.2602e+00          0     2.4563     2.4470     0.0818     0.1148     4.5566     0.0000     1.6530     0.0000     2.4503     2.4323    34.4831    34.6066    23.2930    23.4018    226.304    236.062    104.575    109.063 0.0000e+00
       3259    135.734     50.304 -106.80218   16.74924     50.000    23.4761    23.4294 5.0794e+04   5.088326     0.3438     0.0837    97.9295 3.9629e+00          0     2.4531     2.4390     0.0854     0.1148     4.5557     0.0000     1.6222     0.0000     2.4462     2.4343    34.4559    34.5602    23.3861    23.4787    227.085    238.633    104.215    109.491 0.0000e+00
       3360    139.972     51.311 -106.80218   16.74924     51.000    23.0909    23.1542 5.0378e+04   5.057710     0.4056     0.0855    97.8861 3.7366e+00          0     2.4449     2.4333     0.0916     0.1148     4.5536     0.0000     1.5976     0.0000     2.4290     2.4233    34.4382    34.5412    23.4844    23.5442    226.441    237.656    103.212    108.508 0.0000e+00
       3395    141.423     52.317 -106.80218   16.74924     52.000    22.8715    22.8287 5.0132e+04   5.021628     0.4323     0.0844    97.9138 3.5248e+00          0     2.4386     2.4310     0.0942     0.1148     4.5549     0.0000     1.5728     0.0000     2.4224     2.4166    34.4200    34.5191    23.5337    23.6211    226.064    237.920    102.635    107.999 0.0000e+00
       3421    142.509     53.323 -106.80218   16.74924     53.000    22.8401    22.7978 5.0101e+04   5.017789     0.4372     0.0845    97.9098 3.2861e+00          0     2.4319     2.4250     0.0947     0.1148     4.5548     0.0000     1.5431     0.0000     2.4135     2.4084    34.4206    34.5134    23.5431    23.6257    225.600    237.118    102.368    107.573 0.0000e+00
       3448    143.627     54.329 -106.80218   16.74924     54.000    22.6604    22.6153 4.9902e+04   4.998715     0.4321     0.0863    97.8651 3.0474e+00          0     2.4286     2.4231     0.0942     0.1148     4.5527     0.0000     1.5113     0.0000     2.4130     2.4040    34.4080    34.5094    23.5850    23.6747    227.822    238.325    103.043    107.771 0.0000e+00
       3549    147.837     55.336 -106.80218   16.74923     55.000    22.6346    22.6362 4.9878e+04   4.999115     0.4976     0.0856    97.8819 2.8044e+00          0     2.4169     2.4087     0.1007     0.1148     4.5535     0.0000     1.4766     0.0000     2.4113     2.4017    34.4091    34.4957    23.5931    23.6583    226.068    237.280    102.202    107.328 0.0000e+00
       3636    151.463     56.342 -106.80218   16.74923     56.000    22.3247    22.3191 4.9539e+04   4.969927     0.4854     0.0855    97.8844 2.6272e+00          0     2.4204     2.4069     0.0995     0.1147     4.5536     0.0000     1.4492     0.0000     2.3682     2.3665    34.3897    34.5194    23.6661    23.7661    219.781    232.657     98.807    104.664 0.0000e+00
       3655    152.260     57.348 -106.80218   16.74924     57.000    22.0765    22.0363 4.9265e+04   4.934756     0.4783     0.0847    97.9050 2.4595e+00          0     2.4104     2.4014     0.0988     0.1148     4.5545     0.0000     1.4216     0.0000     2.3554     2.3550    34.3721    34.4687    23.7225    23.8072    220.585    232.859     98.724    104.201 0.0000e+00
       3675    153.065     58.354 -106.80218   16.74924     58.000    21.9275    21.8742 4.9098e+04   4.919879     0.4931     0.0862    97.8677 2.2727e+00          0     2.3991     2.3894     0.1003     0.1148     4.5528     0.0000     1.3886     0.0000     2.3494     2.3468    34.3591    34.4806    23.7543    23.8614    222.476    232.993     99.298    103.968 0.0000e+00
       3697    153.990     59.361 -106.80218   16.74924     59.000    21.6327    21.5892 4.8775e+04   4.886306     0.5081     0.0865    97.8605 2.0957e+00          0     2.3848     2.3794     0.1018     0.1148     4.5525     0.0000     1.3549     0.0000     2.3515     2.3410    34.3390    34.4431    23.8209    23.9120    225.757    234.688    100.223    104.170 0.0000e+00
       3797    158.182     60.367 -106.80218   16.74923     60.000    21.6035    21.6477 4.8749e+04   4.890429     0.5809     0.0854    97.8883 1.9135e+00          0     2.3553     2.3521     0.1091     0.1148     4.5537     0.0000     1.3177     0.0000     2.3546     2.3471    34.3414    34.4285    23.8307    23.8847    224.706    236.062     99.704    104.879 0.0000e+00
       3871    161.269     61.373 -106.80218   16.74923     61.000    21.4023    21.3949 4.8527e+04   4.866517     0.5892     0.0851    97.8964 1.7899e+00          0     2.3600     2.3559     0.1099     0.1147     4.5541     0.0000     1.2897     0.0000     2.3205     2.3164    34.3258    34.4412    23.8742    23.9640    220.540    231.347     97.496    102.329 0.0000e+00
       3903    162.595     62.379 -106.80218   16.74924     62.000    21.2148    21.1768 4.8326e+04   4.841579     0.5833     0.0856    97.8821 1.6350e+00          0     2.3444     2.3392     0.1093     0.1148     4.5535     0.0000     1.2525     0.0000     2.3150     2.3098    34.3154    34.4175    23.9176    24.0057    221.400    232.269     97.541    102.321 0.0000e+00
       3978    165.718     63.386 -106.80218   16.74924     63.000    21.0977    21.0544 4.8205e+04   4.826631     0.7152     0.0878    97.8289 1.4856e+00          0     2.3156     2.3113     0.1225     0.1147     4.5510     0.0000     1.2137     0.0000     2.2916     2.2898    34.3125    34.3964    23.9474    24.0230    215.514    228.556     94.745    100.451 0.0000e+00
       4031    167.927     64.392 -106.80218   16.74924     64.000    20.9695    20.9292 4.8084e+04   4.816620     0.8185     0.0910    97.7517 1.3764e+00          0     2.3098     2.3020     0.1328     0.1148     4.5474     0.0000     1.1825     0.0000     2.2321     2.2447    34.3184    34.4167    23.9867    24.0724    205.466    220.651     90.123     96.769 0.0000e+00
       4057    169.008     65.398 -106.80218   16.74924     65.000    20.7829    20.7412 4.7899e+04   4.797746     1.0377     0.1057    97.3917 1.2704e+00          0     2.2975     2.2943     0.1548     0.1148     4.5306     0.0000     1.1500     0.0000     2.2014     2.2139    34.3197    34.4167    24.0381    24.1231    204.056    217.825     89.204     95.205 0.0000e+00
       4090    170.374     66.404 -106.80218   16.74924     66.000    20.6186    20.5790 4.7740e+04   4.781738     1.3339     0.1089    97.3154 1.1407e+00          0     2.2632     2.2700     0.1844     0.1148     4.5271     0.0000     1.1066     0.0000     2.1762     2.1834    34.3240    34.4188    24.0854    24.1682    204.505    215.499     89.136     93.913 0.0000e+00
       4223    175.932     67.411 -106.80217   16.74922     67.000    20.6295    20.6022 4.7762e+04   4.783509     1.7477     0.1088    97.3172 1.0020e+00          0     2.1604     2.1608     0.2258     0.1148     4.5272     0.0000     1.0562     0.0000     2.1411     2.1491    34.3330    34.4139    24.0894    24.1584    197.834    212.390     86.248     92.594 0.0000e+00
       4280    178.300     68.417 -106.80216   16.74922     68.000    20.6070    20.5717 4.7779e+04   4.784797     1.6227     0.1083    97.3295 9.2855e-01          0     2.1771     2.1801     0.2133     0.1148     4.5278     0.0000     1.0253     0.0000     2.0082     2.0498    34.3642    34.4487    24.1193    24.1931    172.341    190.922     75.119     83.206 0.0000e+00
       4300    179.129     69.423 -106.80216   16.74922     69.000    20.4876    20.4454 4.7674e+04   4.775159     1.5068     0.1071    97.3578 8.4140e-01          0     2.1569     2.1739     0.2017     0.1148     4.5291     0.0000     0.9868     0.0000     1.9647     2.0028    34.3760    34.4731    24.1602    24.2454    170.618    186.361     74.212     81.044 0.0000e+00
       4321    180.003     70.429 -106.80216   16.74922     70.000    20.3123    20.2677 4.7501e+04   4.758488     1.4807     0.1039    97.4364 7.4144e-01          0     2.1190     2.1503     0.1991     0.1148     4.5327     0.0000     0.9379     0.0000     1.9336     1.9609    34.3782    34.4823    24.2085    24.2997    171.962    183.674     74.558     79.621 0.0000e+00
       4350    181.202     71.436 -106.80216   16.74922     71.000    19.9757    19.9314 4.7152e+04   4.724142     1.4149     0.0987    97.5641 6.5794e-01          0     2.0453     2.0860     0.1925     0.1148     4.5387     0.0000     0.8923     0.0000     1.9182     1.9289    34.3675    34.4770    24.2891    24.3842    176.721    185.191     76.145     79.783 0.0000e+00
       4494    187.189     72.442 -106.80216   16.74922     72.000    20.2778    20.2136 4.7451e+04   4.746582     1.5422     0.0909    97.7528 5.7322e-01          0     1.9057     1.8978     0.2052     0.1147     4.5474     0.0000     0.8420     0.0000     1.9693     1.9580    34.3644    34.4287    24.2070    24.2729    184.572    192.336     79.952     83.262 0.0000e+00
       4557    189.846     73.448 -106.80216   16.74922     73.000    19.7443    19.6993 4.6902e+04   4.703548     1.5276     0.0932    97.6971 5.2344e-01          0     2.0094     1.9908     0.2037     0.1148     4.5449     0.0000     0.8077     0.0000     1.8974     1.9071    34.3517    34.4980    24.3374    24.4608    172.037    182.601     73.804     78.340 0.0000e+00
       4575    190.591     74.455 -106.80216   16.74922     74.000    19.5327    19.4961 4.6683e+04   4.675779     1.2476     0.0870    97.8469 4.6935e-01          0     1.9820     1.9858     0.1757     0.1148     4.5518     0.0000     0.7681     0.0000     1.8881     1.8975    34.3448    34.4364    24.3873    24.4667    171.163    182.864     73.143     78.133 0.0000e+00
       4596    191.438     75.461 -106.80216   16.74922     75.000    19.5188    19.4826 4.6667e+04   4.673942     1.1428     0.0841    97.9204 4.2282e-01          0     1.9445     1.9568     0.1653     0.1148     4.5553     0.0000     0.7310     0.0000     1.8690     1.8838    34.3428    34.4320    24.3894    24.4669    163.847    179.380     69.998     76.623 0.0000e+00
       4613    192.180     76.468 -106.80216   16.74922     76.000    19.5037    19.4670 4.6652e+04   4.672290     1.1070     0.0822    97.9652 3.8283e-01          0     1.9186     1.9313     0.1617     0.1149     4.5574     0.0000     0.6963     0.0000     1.8334     1.8621    34.3421    34.4309    24.3928    24.4701    156.025    173.713     66.637     74.181 0.0000e+00
       4634    193.028     77.474 -106.80216   16.74922     77.000    19.3955    19.3511 4.6539e+04   4.662140     1.0846     0.0832    97.9412 3.4063e-01          0     1.9019     1.9116     0.1595     0.1148     4.5563     0.0000     0.6564     0.0000     1.7933     1.8230    34.3372    34.4423    24.4170    24.5086    155.830    167.640     66.418     71.440 0.0000e+00
       4664    194.286     78.480 -106.80216   16.74922     78.000    19.0382    18.9919 4.6191e+04   4.627266     1.0550     0.0775    98.0812 2.9955e-01          0     1.8823     1.8938     0.1565     0.1148     4.5627     0.0000     0.6135     0.0000     1.7897     1.7859    34.3432    34.4496    24.5129    24.6060    167.226    169.707     70.801     71.839 0.0000e+00
       4804    200.115     79.487 -106.80216   16.74922     79.000    19.4609    19.2991 4.6603e+04   4.653499     1.1364     0.0707    98.2481 2.6361e-01          0     1.7912     1.7896     0.1646     0.1147     4.5705     0.0000     0.5734     0.0000     1.7835     1.7925    34.3359    34.4129    24.3995    24.4997    150.313    167.971     64.155     71.494 0.0000e+00
       4845    201.828     80.493 -106.80216   16.74922     80.000    18.8408    18.7552 4.6023e+04   4.607834     1.0780     0.0723    98.2081 2.3829e-01          0     1.8452     1.8316     0.1588     0.1148     4.5687     0.0000     0.5415     0.0000     1.6499     1.6845    34.3659    34.4835    24.5803    24.6919    133.074    149.188     56.148     62.890 0.0000e+00
       4868    202.776     81.499 -106.80216   16.74922     81.000    18.6398    18.6058 4.5830e+04   4.590412     0.8535     0.0689    98.2917 2.0885e-01          0     1.8180     1.8212     0.1363     0.1147     4.5725     0.0000     0.5019     0.0000     1.5993     1.6404    34.3712    34.4616    24.6352    24.7128    123.912    143.437     52.087     60.288 0.0000e+00
       4887    203.574     82.506 -106.80216   16.74922     82.000    18.6321    18.5957 4.5823e+04   4.589291     0.7818     0.0664    98.3551 1.8593e-01          0     1.7583     1.7865     0.1291     0.1147     4.5755     0.0000     0.4681     0.0000     1.5430     1.5941    34.3709    34.4602    24.6369    24.7144    111.816    134.348     46.996     56.458 0.0000e+00
       4905    204.347     83.512 -106.80216   16.74922     83.000    18.5265    18.4822 4.5728e+04   4.580615     0.7450     0.0656    98.3722 1.6372e-01          0     1.7001     1.7361     0.1255     0.1147     4.5763     0.0000     0.4328     0.0000     1.4747     1.5392    34.3786    34.4818    24.6693    24.7593    100.359    124.375     42.100     52.163 0.0000e+00
       4926    205.210     84.518 -106.80216   16.74922     84.000    18.3584    18.3147 4.5584e+04   4.566282     0.7153     0.0637    98.4194 1.4554e-01          0     1.6553     1.6891     0.1225     0.1147     4.5784     0.0000     0.4017     0.0000     1.4014     1.4664    34.3978    34.5009    24.7259    24.8156     99.601    114.862     41.653     48.028 0.0000e+00
       4999    208.248     85.525 -106.80216   16.74922     85.000    18.2769    18.2238 4.5511e+04   4.556279     0.7114     0.0591    98.5327 1.3028e-01          0     1.4870     1.5202     0.1221     0.1148     4.5837     0.0000     0.3736     0.0000     1.4257     1.4351    34.4040    34.4922    24.7508    24.8314    116.754    123.726     48.743     51.642 0.0000e+00
       5100    212.478     86.531 -106.80216   16.74922     86.000    18.3077    18.1904 4.5540e+04   4.555139     0.8417     0.0597    98.5183 1.2062e-01          0     1.4636     1.4472     0.1352     0.1148     4.5830     0.0000     0.3551     0.0000     1.2723     1.3374    34.4019    34.5103    24.7416    24.8537     68.119     94.574     28.467     39.456 0.0000e+00
