data/ctd-cnv/KM1919/KM1919-St20-P2/St20_P2_cast49-align-cellTM-derive-bin.cnv
* Sea-Bird SBE 9 Data File:
* FileName = C:\Users\otg\Desktop\CTD Data\km1920\St20_P2_cast49.hex
* Software Version Seasave V 7.26.7.107
* Temperature SN = 5554
* Conductivity SN = 3876
* Number of Bytes Per Scan = 41
* Number of Voltage Words = 4
* Number of Scans Averaged by the Deck Unit = 1
* NMEA Latitude = 16 45.76 N
* NMEA Longitude = 106 46.79 W
* NMEA UTC (Time) = Oct 09 2019  11:25:23
* NMEA baud rate = 4800
** Ship: Kilo Moana
** Station: St20_P2 cast 49
** Operator: jac
# nquan = 34
# nvalues = 402                         
# units = specified
# name 0 = scan: Scan Count
# name 1 = timeS: Time, Elapsed [seconds]
# name 2 = prDM: Pressure, Digiquartz [db]
# name 3 = longitude: Longitude [deg]
# name 4 = latitude: Latitude [deg]
# name 5 = depSM: Depth [salt water, m]
# name 6 = t090C: Temperature [ITS-90, deg C]
# name 7 = t190C: Temperature, 2 [ITS-90, deg C]
# name 8 = c0uS/cm: Conductivity [uS/cm]
# name 9 = c1S/m: Conductivity, 2 [S/m]
# name 10 = flECO-AFL: Fluorescence, WET Labs ECO-AFL/FL [mg/m^3]
# name 11 = CStarAt0: Beam Attenuation, WET Labs C-Star [1/m]
# name 12 = CStarTr0: Beam Transmission, WET Labs C-Star [%]
# name 13 = par: PAR/Irradiance, Biospherical/Licor
# name 14 = modError: Modulo Error Count
# name 15 = v0: Voltage 0
# name 16 = v1: Voltage 1
# name 17 = v2: Voltage 2
# name 18 = v3: Voltage 3
# name 19 = v4: Voltage 4
# name 20 = v5: Voltage 5
# name 21 = v6: Voltage 6
# name 22 = v7: Voltage 7
# name 23 = sbeox0V: Oxygen raw, SBE 43 [V]
# name 24 = sbeox1V: Oxygen raw, SBE 43, 2 [V]
# name 25 = sal00: Salinity, Practical [PSU]
# name 26 = sal11: Salinity, Practical, 2 [PSU]
# name 27 = sigma-é00: Density [sigma-theta, kg/m^3]
# name 28 = sigma-é11: Density, 2 [sigma-theta, kg/m^3]
# name 29 = sbeox0Mm/L: Oxygen, SBE 43 [umol/l], WS = 2
# name 30 = sbeox1Mm/L: Oxygen, SBE 43, 2 [umol/l], WS = 2
# name 31 = sbeox0PS: Oxygen, SBE 43 [% saturation], WS = 2
# name 32 = sbeox1PS: Oxygen, SBE 43, 2 [% saturation], WS = 2
# name 33 = flag: flag
# span 0 =         -2,      19347       
# span 1 =     -0.109,    806.100       
# span 2 =      1.006,    404.794       
# span 3 = -106.77984, -106.77980       
# span 4 =   16.76256,   16.76262       
# span 5 =      1.000,    402.000       
# span 6 =     8.9309,    29.5847       
# span 7 =     8.9083,    29.5441       
# span 8 = 3.6882e+04, 5.7292e+04       
# span 9 =   3.693584,   5.737224       
# span 10 =     0.0601,     1.4117      
# span 11 =     0.0153,     0.1091      
# span 12 =    97.3090,    99.6180      
# span 13 = -1.006e-06, 5.3044e+00      
# span 14 =          0,          0      
# span 15 =     0.5031,     2.4913      
# span 16 =     0.5133,     2.4705      
# span 17 =     0.0570,     0.1922      
# span 18 =     0.1145,     0.1174      
# span 19 =     4.5269,     4.6342      
# span 20 =     0.0000,     0.0000      
# span 21 =     0.0085,     1.7463      
# span 22 =     0.0000,     0.0000      
# span 23 =     0.5024,     2.4926      
# span 24 =     0.5126,     2.4698      
# span 25 =    34.2807,    34.7831      
# span 26 =    34.3919,    34.8745      
# span 27 =    21.5494,    26.8230      
# span 28 =    21.6261,    26.8880      
# span 29 =      0.759,    229.166      
# span 30 =      0.963,    240.392      
# span 31 =      0.266,    106.495      
# span 32 =      0.333,    111.322      
# span 33 = 0.0000e+00, 0.0000e+00      
# interval = meters: 1                  
# start_time = Oct 09 2019 11:32:25 [NMEA time, first data scan]
# bad_flag = -9.990e-29
*END*
[from data line 171]
       9115    379.737    173.099 -106.77982   16.76260    172.000    12.6982    12.6659 4.0523e+04   4.058056     0.0891     0.0379    99.0558 2.0334e-04          0     0.5056     0.5177     0.0599     0.1148     4.6081     0.0000     0.0098     0.0000     0.5045     0.5165    34.7821    34.8674    26.2888    26.3613      1.156      1.405      0.433      0.527 0.0000e+00
       9205    383.507    174.106 -106.77982   16.76260    173.000    12.7346    12.7065 4.0558e+04   4.061781     0.0888     0.0385    99.0409 2.1874e-04          0     0.5054     0.5173     0.0599     0.1148     4.6074     0.0000     0.0099     0.0000     0.5045     0.5163    34.7823    34.8652    26.2818    26.3516      1.136      1.397      0.426      0.524 0.0000e+00
       9282    386.693    175.112 -106.77982   16.76260    174.000    12.6943    12.6492 4.0521e+04   4.057273     0.0895     0.0384    99.0445 2.0325e-04          0     0.5054     0.5172     0.0599     0.1148     4.6075     0.0000     0.0098     0.0000     0.5046     0.5166    34.7831    34.8745    26.2904    26.3701      1.164      1.452      0.436      0.544 0.0000e+00
       9300    387.458    176.119 -106.77982   16.76260    175.000    12.6046    12.5643 4.0431e+04   4.048710     0.0883     0.0380    99.0527 2.0334e-04          0     0.5055     0.5175     0.0598     0.1148     4.6079     0.0000     0.0098     0.0000     0.5046     0.5166    34.7796    34.8704    26.3054    26.3837      1.167      1.485      0.437      0.556 0.0000e+00
       9317    388.164    177.126 -106.77982   16.76260    176.000    12.5776    12.5450 4.0406e+04   4.046382     0.0798     0.0379    99.0557 2.1833e-04          0     0.5055     0.5176     0.0590     0.1148     4.6081     0.0000     0.0099     0.0000     0.5046     0.5166    34.7799    34.8654    26.3109    26.3836      1.168      1.451      0.437      0.543 0.0000e+00
       9334    388.879    178.133 -106.77982   16.76260    177.000    12.5491    12.5154 4.0379e+04   4.043733     0.0770     0.0374    99.0690 2.0413e-04          0     0.5055     0.5176     0.0587     0.1148     4.6087     0.0000     0.0098     0.0000     0.5046     0.5167    34.7794    34.8669    26.3161    26.3906      1.169      1.467      0.437      0.548 0.0000e+00
       9353    389.676    179.140 -106.77982   16.76260    178.000    12.5206    12.4882 4.0352e+04   4.040932     0.0761     0.0369    99.0827 2.0334e-04          0     0.5055     0.5177     0.0586     0.1149     4.6093     0.0000     0.0098     0.0000     0.5046     0.5165    34.7793    34.8647    26.3216    26.3942      1.157      1.437      0.432      0.537 0.0000e+00
       9387    391.080    180.146 -106.77982   16.76260    179.000    12.5078    12.4770 4.0340e+04   4.039642     0.0759     0.0361    99.1002 2.0803e-04          0     0.5055     0.5175     0.0586     0.1147     4.6101     0.0000     0.0098     0.0000     0.5045     0.5162    34.7793    34.8622    26.3242    26.3945      1.129      1.356      0.422      0.506 0.0000e+00
       9473    394.682    181.153 -106.77982   16.76260    180.000    12.5305    12.4822 4.0363e+04   4.040151     0.0716     0.0361    99.1025 1.9874e-04          0     0.5054     0.5170     0.0582     0.1148     4.6102     0.0000     0.0098     0.0000     0.5044     0.5159    34.7803    34.8619    26.3206    26.3933      1.116      1.385      0.417      0.517 0.0000e+00
       9511    396.251    182.160 -106.77982   16.76260    181.000    12.4896    12.4583 4.0324e+04   4.037948     0.0770     0.0358    99.1084 2.0339e-04          0     0.5055     0.5170     0.0587     0.1148     4.6105     0.0000     0.0098     0.0000     0.5042     0.5162    34.7801    34.8624    26.3284    26.3984      1.090      1.437      0.407      0.536 0.0000e+00
       9536    397.296    183.167 -106.77982   16.76260    182.000    12.4802    12.4488 4.0315e+04   4.037074     0.0761     0.0353    99.1212 2.0334e-04          0     0.5052     0.5170     0.0586     0.1148     4.6111     0.0000     0.0098     0.0000     0.5043     0.5161    34.7798    34.8623    26.3300    26.4002      1.138      1.417      0.425      0.529 0.0000e+00
       9561    398.323    184.174 -106.77982   16.76260    183.000    12.4702    12.4385 4.0306e+04   4.036164     0.0766     0.0348    99.1346 1.8622e-04          0     0.5054     0.5166     0.0587     0.1148     4.6117     0.0000     0.0097     0.0000     0.5042     0.5163    34.7795    34.8627    26.3318    26.4026      1.117      1.405      0.417      0.524 0.0000e+00
       9590    399.557    185.181 -106.77982   16.76260    184.000    12.4394    12.4066 4.0276e+04   4.033183     0.0758     0.0348    99.1345 1.8161e-04          0     0.5052     0.5170     0.0586     0.1148     4.6117     0.0000     0.0097     0.0000     0.5042     0.5161    34.7790    34.8631    26.3374    26.4090      1.135      1.435      0.423      0.535 0.0000e+00
       9634    401.368    186.188 -106.77982   16.76260    185.000    12.4145    12.3834 4.0252e+04   4.030718     0.0761     0.0355    99.1161 1.9917e-04          0     0.5052     0.5170     0.0586     0.1154     4.6109     0.0000     0.0098     0.0000     0.5044     0.5162    34.7782    34.8604    26.3417    26.4115      1.183      1.378      0.441      0.513 0.0000e+00
       9671    402.933    187.195 -106.77982   16.76260    186.000    12.3807    12.3475 4.0219e+04   4.027656     0.0761     0.0347    99.1371 1.8168e-04          0     0.5051     0.5168     0.0586     0.1160     4.6118     0.0000     0.0097     0.0000     0.5044     0.5162    34.7772    34.8638    26.3475    26.4211      1.095      1.442      0.408      0.537 0.0000e+00
       9696    403.949    188.201 -106.77982   16.76260    187.000    12.3423    12.3109 4.0181e+04   4.023851     0.0778     0.0343    99.1454 1.8488e-04          0     0.5053     0.5172     0.0588     0.1148     4.6122     0.0000     0.0097     0.0000     0.5044     0.5158    34.7761    34.8605    26.3541    26.4257      1.111      1.249      0.413      0.465 0.0000e+00
       9717    404.852    189.208 -106.77982   16.76260    188.000    12.3217    12.2888 4.0162e+04   4.021805     0.0725     0.0340    99.1526 1.9427e-04          0     0.5053     0.5171     0.0582     0.1149     4.6125     0.0000     0.0097     0.0000     0.5042     0.5158    34.7759    34.8608    26.3580    26.4302      0.973      1.351      0.362      0.503 0.0000e+00
       9744    405.958    190.215 -106.77982   16.76260    189.000    12.2880    12.2563 4.0129e+04   4.018557     0.0640     0.0332    99.1751 2.0286e-04          0     0.5053     0.5169     0.0574     0.1148     4.6136     0.0000     0.0098     0.0000     0.5039     0.5157    34.7752    34.8591    26.3640    26.4353      1.024      1.335      0.381      0.496 0.0000e+00
       9829    409.483    191.222 -106.77982   16.76260    190.000    12.3030    12.2727 4.0144e+04   4.019921     0.0671     0.0339    99.1565 1.7089e-04          0     0.5049     0.5167     0.0577     0.1147     4.6127     0.0000     0.0096     0.0000     0.5040     0.5158    34.7753    34.8567    26.3612    26.4302      1.122      1.363      0.417      0.507 0.0000e+00
       9888    411.956    192.229 -106.77982   16.76260    191.000    12.2867    12.2512 4.0129e+04   4.018112     0.0633     0.0337    99.1608 1.3714e-04          0     0.5046     0.5166     0.0573     0.1149     4.6129     0.0000     0.0094     0.0000     0.5041     0.5157    34.7755    34.8587    26.3645    26.4359      1.037      1.317      0.386      0.489 0.0000e+00
       9908    412.777    193.236 -106.77982   16.76260    192.000    12.2753    12.2441 4.0119e+04   4.017327     0.0632     0.0337    99.1608 1.3554e-04          0     0.5050     0.5166     0.0573     0.1148     4.6129     0.0000     0.0094     0.0000     0.5039     0.5157    34.7754    34.8573    26.3666    26.4363      1.074      1.320      0.399      0.491 0.0000e+00
       9925    413.486    194.243 -106.77982   16.76260    193.000    12.2736    12.2427 4.0117e+04   4.017192     0.0639     0.0329    99.1806 1.3984e-04          0     0.5050     0.5166     0.0574     0.1148     4.6139     0.0000     0.0094     0.0000     0.5041     0.5156    34.7752    34.8568    26.3669    26.4362      1.066      1.312      0.396      0.488 0.0000e+00
       9941    414.169    195.249 -106.77982   16.76260    194.000    12.2720    12.2408 4.0116e+04   4.017087     0.0639     0.0327    99.1870 1.3155e-04          0     0.5049     0.5167     0.0574     0.1148     4.6142     0.0000     0.0093     0.0000     0.5039     0.5156    34.7750    34.8571    26.3671    26.4368      0.989      1.331      0.368      0.495 0.0000e+00
       9958    414.879    196.257 -106.77982   16.76260    195.000    12.2654    12.2341 4.0110e+04   4.016534     0.0639     0.0330    99.1799 1.4651e-04          0     0.5051     0.5167     0.0574     0.1148     4.6138     0.0000     0.0094     0.0000     0.5037     0.5156    34.7749    34.8576    26.3682    26.4385      0.984      1.350      0.366      0.502 0.0000e+00
       9980    415.780    197.264 -106.77982   16.76260    196.000    12.2520    12.2207 4.0097e+04   4.015265     0.0634     0.0331    99.1770 1.2590e-04          0     0.5050     0.5166     0.0574     0.1148     4.6137     0.0000     0.0093     0.0000     0.5037     0.5157    34.7746    34.8573    26.3706    26.4409      1.014      1.327      0.376      0.493 0.0000e+00
      10054    418.866    198.270 -106.77982   16.76260    197.000    12.2520    12.2193 4.0098e+04   4.015027     0.0634     0.0328    99.1850 1.2112e-04          0     0.5047     0.5165     0.0574     0.1148     4.6141     0.0000     0.0093     0.0000     0.5038     0.5156    34.7748    34.8559    26.3708    26.4401      1.059      1.324      0.393      0.492 0.0000e+00
      10146    422.693    199.277 -106.77982   16.76260    198.000    12.2476    12.2154 4.0094e+04   4.014798     0.0635     0.0327    99.1861 1.0428e-04          0     0.5047     0.5165     0.0574     0.1148     4.6142     0.0000     0.0092     0.0000     0.5038     0.5156    34.7747    34.8569    26.3716    26.4416      1.110      1.311      0.412      0.487 0.0000e+00
      10166    423.532    200.284 -106.77982   16.76260    199.000    12.2404    12.2099 4.0088e+04   4.014191     0.0633     0.0327    99.1870 7.0804e-05          0     0.5045     0.5165     0.0573     0.1148     4.6142     0.0000     0.0090     0.0000     0.5039     0.5154    34.7746    34.8557    26.3729    26.4418      0.989      1.288      0.367      0.478 0.0000e+00
      10185    424.349    201.291 -106.77982   16.76260    200.000    12.2409    12.2100 4.0088e+04   4.014271     0.0639     0.0327    99.1857 8.1275e-05          0     0.5048     0.5164     0.0574     0.1148     4.6141     0.0000     0.0090     0.0000     0.5037     0.5155    34.7743    34.8559    26.3727    26.4420      1.040      1.341      0.386      0.498 0.0000e+00
      10206    425.199    202.298 -106.77982   16.76260    201.000    12.2393    12.2085 4.0087e+04   4.014200     0.0696     0.0327    99.1870 7.7505e-05          0     0.5045     0.5165     0.0580     0.1148     4.6142     0.0000     0.0090     0.0000     0.5037     0.5155    34.7745    34.8562    26.3731    26.4425      1.063      1.295      0.395      0.481 0.0000e+00
      10231    426.246    203.305 -106.77982   16.76260    202.000    12.2350    12.2041 4.0084e+04   4.013810     0.0700     0.0327    99.1870 1.0771e-04          0     0.5047     0.5165     0.0580     0.1148     4.6142     0.0000     0.0092     0.0000     0.5037     0.5154    34.7744    34.8561    26.3740    26.4433      1.040      1.326      0.386      0.492 0.0000e+00
      10269    427.817    204.312 -106.77982   16.76260    203.000    12.2303    12.1996 4.0079e+04   4.013406     0.0637     0.0328    99.1854 1.2303e-04          0     0.5046     0.5164     0.0574     0.1148     4.6141     0.0000     0.0093     0.0000     0.5038     0.5156    34.7742    34.8559    26.3747    26.4441      1.070      1.334      0.397      0.495 0.0000e+00
      10321    430.001    205.319 -106.77982   16.76260    204.000    12.2002    12.1691 4.0050e+04   4.010535     0.0639     0.0327    99.1876 9.8674e-05          0     0.5046     0.5164     0.0574     0.1149     4.6142     0.0000     0.0091     0.0000     0.5036     0.5155    34.7732    34.8561    26.3797    26.4501      0.980      1.324      0.364      0.491 0.0000e+00
      10365    431.834    206.326 -106.77982   16.76260    205.000    12.1805    12.1497 4.0030e+04   4.008485     0.0720     0.0327    99.1877 1.2702e-04          0     0.5047     0.5164     0.0582     0.1149     4.6142     0.0000     0.0093     0.0000     0.5035     0.5155    34.7721    34.8538    26.3827    26.4520      1.029      1.289      0.382      0.478 0.0000e+00
      10396    433.108    207.333 -106.77982   16.76260    206.000    12.1767    12.1460 4.0027e+04   4.008155     0.0644     0.0327    99.1870 1.2801e-04          0     0.5046     0.5163     0.0575     0.1148     4.6142     0.0000     0.0093     0.0000     0.5036     0.5155    34.7722    34.8535    26.3836    26.4526      1.024      1.372      0.380      0.509 0.0000e+00
      10422    434.226    208.340 -106.77982   16.76259    207.000    12.1709    12.1401 4.0022e+04   4.007612     0.0639     0.0327    99.1870 6.7823e-05          0     0.5044     0.5164     0.0574     0.1149     4.6142     0.0000     0.0089     0.0000     0.5034     0.5155    34.7720    34.8533    26.3845    26.4536      0.959      1.240      0.355      0.460 0.0000e+00
      10475    436.410    209.347 -106.77982   16.76258    208.000    12.1690    12.1401 4.0020e+04   4.007564     0.0681     0.0333    99.1709 1.0689e-04          0     0.5044     0.5163     0.0578     0.1148     4.6134     0.0000     0.0092     0.0000     0.5035     0.5153    34.7716    34.8524    26.3846    26.4529      1.038      1.285      0.385      0.476 0.0000e+00
      10544    439.286    210.354 -106.77982   16.76258    209.000    12.1627    12.1337 4.0014e+04   4.007146     0.0695     0.0330    99.1791 1.1776e-04          0     0.5043     0.5161     0.0580     0.1148     4.6138     0.0000     0.0093     0.0000     0.5036     0.5154    34.7714    34.8539    26.3857    26.4553      1.092      1.290      0.405      0.478 0.0000e+00
      10566    440.205    211.361 -106.77982   16.76258    210.000    12.1564    12.1254 4.0009e+04   4.006329     0.0709     0.0327    99.1873 9.6137e-05          0     0.5045     0.5160     0.0581     0.1149     4.6142     0.0000     0.0091     0.0000     0.5040     0.5153    34.7714    34.8533    26.3869    26.4564      1.058      1.261      0.392      0.467 0.0000e+00
      10585    440.999    212.368 -106.77982   16.76258    211.000    12.1378    12.1060 3.9990e+04   4.004607     0.0762     0.0326    99.1885 9.0212e-05          0     0.5045     0.5162     0.0586     0.1148     4.6143     0.0000     0.0091     0.0000     0.5035     0.5152    34.7704    34.8542    26.3897    26.4609      0.882      1.317      0.327      0.488 0.0000e+00
      10603    441.759    213.375 -106.77982   16.76258    212.000    12.1065    12.0740 3.9959e+04   4.001617     0.0754     0.0324    99.1940 1.1806e-04          0     0.5044     0.5160     0.0585     0.1149     4.6145     0.0000     0.0093     0.0000     0.5035     0.5155    34.7687    34.8546    26.3945    26.4673      0.986      1.330      0.365      0.492 0.0000e+00
      10623    442.576    214.382 -106.77982   16.76258    213.000    12.0901    12.0595 3.9944e+04   3.999876     0.0637     0.0321    99.2003 1.6339e-04          0     0.5045     0.5164     0.0574     0.1149     4.6148     0.0000     0.0095     0.0000     0.5034     0.5152    34.7687    34.8507    26.3976    26.4671      0.984      1.199      0.364      0.444 0.0000e+00
