data/ctd-cnv/KM1919/KM1919-St20-P2/St20_P2_cast32-align-cellTM-derive-bin.cnv
* Sea-Bird SBE 9 Data File:
* FileName = C:\Users\otg\Desktop\CTD Data\km1920\St20_P2_cast32.hex
* Software Version Seasave V 7.26.7.107
* Temperature SN = 5554
* Conductivity SN = 3876
* Number of Bytes Per Scan = 41
* Number of Voltage Words = 4
* Number of Scans Averaged by the Deck Unit = 1
* NMEA Latitude = 16 47.36 N
* NMEA Longitude = 106 50.11 W
* NMEA UTC (Time) = Oct 05 2019  21:23:46
* NMEA baud rate = 4800
** Ship: Kilo Moana
** Station: St20_P2cast 32
** Operator: jac
# nquan = 34
# nvalues = 500                         
# units = specified
# name 0 = scan: Scan Count
# name 1 = timeS: Time, Elapsed [seconds]
# name 2 = prDM: Pressure, Digiquartz [db]
# name 3 = longitude: Longitude [deg]
# name 4 = latitude: Latitude [deg]
# name 5 = depSMignore: Depth [salt water, m]
# name 6 = t090C: Temperature [ITS-90, deg C]
# name 7 = t190C: Temperature, 2 [ITS-90, deg C]
# name 8 = c0uS/cm: Conductivity [uS/cm]
# name 9 = c1S/m: Conductivity, 2 [S/m]
# name 10 = flECO-AFL: Fluorescence, WET Labs ECO-AFL/FL [mg/m^3]
# name 11 = CStarAt0: Beam Attenuation, WET Labs C-Star [1/m]
# name 12 = CStarTr0: Beam Transmission, WET Labs C-Star [%]
# name 13 = par: PAR/Irradiance, Biospherical/Licor
# name 14 = modError: Modulo Error Count
# name 15 = v0: Voltage 0
# name 16 = v1: Voltage 1
# name 17 = v2: Voltage 2
# name 18 = v3: Voltage 3
# name 19 = v4: Voltage 4
# name 20 = v5: Voltage 5
# name 21 = v6: Voltage 6
# name 22 = v7: Voltage 7
# name 23 = sbeox0V: Oxygen raw, SBE 43 [V]
# name 24 = sbeox1V: Oxygen raw, SBE 43, 2 [V]
# name 25 = sal00: Salinity, Practical [PSU]
# name 26 = sal11: Salinity, Practical, 2 [PSU]
# name 27 = sigma-é00: Density [sigma-theta, kg/m^3]
# name 28 = sigma-é11: Density, 2 [sigma-theta, kg/m^3]
# name 29 = sbeox0Mm/L: Oxygen, SBE 43 [umol/l], WS = 2
# name 30 = sbeox1Mm/L: Oxygen, SBE 43, 2 [umol/l], WS = 2
# name 31 = sbeox0PS: Oxygen, SBE 43 [% saturation], WS = 2
# name 32 = sbeox1PS: Oxygen, SBE 43, 2 [% saturation], WS = 2
# name 33 = flag: flag
# span 0 =        375,      21530       
# span 1 =     15.589,    897.025       
# span 2 =      2.012,    504.604       
# span 3 = -106.83496, -106.83464       
# span 4 =   16.78968,   16.78980       
# span 5 =      2.000,    501.000       
# span 6 =     7.5433,    29.5402       
# span 7 =     7.5157,    29.4889       
# span 8 = 3.5604e+04, 5.7223e+04       
# span 9 =   3.565203,   5.729186       
# span 10 =     0.0394,     1.9584      
# span 11 =     0.0079,     0.1393      
# span 12 =    96.5774,    99.8025      
# span 13 = 1.8616e-04, 1.0965e+03      
# span 14 =          0,          0      
# span 15 =     0.5030,     2.4989      
# span 16 =     0.5125,     2.4828      
# span 17 =     0.0549,     0.2469      
# span 18 =     0.1131,     0.1173      
# span 19 =     4.4928,     4.6428      
# span 20 =     0.0000,     0.0000      
# span 21 =     0.0097,     4.0363      
# span 22 =     0.0000,     0.0000      
# span 23 =     0.5023,     2.4986      
# span 24 =     0.5117,     2.4790      
# span 25 =    34.3621,    34.7863      
# span 26 =    34.4501,    34.8785      
# span 27 =    21.5533,    26.9991      
# span 28 =    21.6329,    27.0656      
# span 29 =      0.736,    224.172      
# span 30 =      0.796,    236.425      
# span 31 =      0.258,    106.934      
# span 32 =      0.267,    112.078      
# span 33 = 0.0000e+00, 0.0000e+00      
# interval = meters: 1                  
# start_time = Oct 05 2019 21:38:20 [NMEA time, first data scan]
# bad_flag = -9.990e-29
*END*
[from data line 257]
      13275    553.098    260.710 -106.83476   16.78976    259.000    11.1156    11.0856 3.8984e+04   3.903798     0.0628     0.0210    99.4770 1.3240e-03          0     0.5042     0.5149     0.0573     0.1153     4.6277     0.0000     0.0147     0.0000     0.5033     0.5139    34.7176    34.7996    26.5405    26.6098      0.957      1.099      0.347      0.398 0.0000e+00
      13297    553.993    261.717 -106.83476   16.78976    260.000    11.1088    11.0784 3.8977e+04   3.903032     0.0639     0.0210    99.4758 1.1913e-03          0     0.5042     0.5149     0.0574     0.1153     4.6276     0.0000     0.0141     0.0000     0.5034     0.5144    34.7171    34.7983    26.5414    26.6101      1.058      1.259      0.384      0.456 0.0000e+00
      13319    554.936    262.724 -106.83476   16.78978    261.000    11.1075    11.0770 3.8977e+04   3.902892     0.0629     0.0210    99.4758 1.0431e-03          0     0.5043     0.5152     0.0573     0.1154     4.6276     0.0000     0.0134     0.0000     0.5034     0.5143    34.7173    34.7978    26.5418    26.6100      1.064      1.052      0.385      0.381 0.0000e+00
      13350    556.189    263.732 -106.83476   16.78978    262.000    11.1068    11.0769 3.8977e+04   3.902909     0.0639     0.0208    99.4798 1.0428e-03          0     0.5042     0.5149     0.0574     0.1147     4.6278     0.0000     0.0134     0.0000     0.5033     0.5140    34.7177    34.7976    26.5422    26.6099      0.980      1.148      0.355      0.416 0.0000e+00
      13396    558.112    264.739 -106.83476   16.78977    263.000    11.1047    11.0755 3.8975e+04   3.902826     0.0740     0.0214    99.4663 1.0428e-03          0     0.5042     0.5150     0.0584     0.1154     4.6272     0.0000     0.0134     0.0000     0.5034     0.5142    34.7174    34.7977    26.5424    26.6103      1.072      1.155      0.388      0.419 0.0000e+00
      13446    560.216    265.746 -106.83476   16.78976    264.000    11.0986    11.0692 3.8969e+04   3.902257     0.0630     0.0211    99.4729 1.0428e-03          0     0.5041     0.5149     0.0573     0.1155     4.6275     0.0000     0.0134     0.0000     0.5035     0.5141    34.7170    34.7975    26.5432    26.6113      1.040      1.146      0.377      0.415 0.0000e+00
      13479    561.580    266.753 -106.83476   16.78976    265.000    11.0716    11.0417 3.8943e+04   3.899890     0.0639     0.0210    99.4759 1.0428e-03          0     0.5042     0.5150     0.0574     0.1155     4.6276     0.0000     0.0134     0.0000     0.5035     0.5143    34.7154    34.7995    26.5469    26.6178      1.023      1.142      0.371      0.414 0.0000e+00
      13503    562.599    267.761 -106.83476   16.78976    266.000    11.0361    11.0036 3.8907e+04   3.895946     0.0634     0.0204    99.4908 1.0428e-03          0     0.5042     0.5149     0.0573     0.1153     4.6283     0.0000     0.0134     0.0000     0.5033     0.5141    34.7131    34.7958    26.5516    26.6219      1.041      1.078      0.377      0.390 0.0000e+00
      13526    563.544    268.768 -106.83476   16.78976    267.000    11.0204    10.9902 3.8892e+04   3.894531     0.0634     0.0201    99.4996 1.0428e-03          0     0.5043     0.5149     0.0573     0.1154     4.6287     0.0000     0.0134     0.0000     0.5034     0.5140    34.7124    34.7939    26.5539    26.6228      0.968      1.157      0.350      0.418 0.0000e+00
      13551    564.603    269.775 -106.83478   16.78976    268.000    11.0084    10.9778 3.8880e+04   3.893243     0.0689     0.0198    99.5073 1.0428e-03          0     0.5042     0.5151     0.0579     0.1154     4.6290     0.0000     0.0134     0.0000     0.5031     0.5141    34.7116    34.7924    26.5554    26.6239      0.946      1.142      0.342      0.413 0.0000e+00
      13593    566.340    270.783 -106.83478   16.78976    269.000    11.0050    10.9756 3.8877e+04   3.892967     0.0697     0.0197    99.5101 1.0428e-03          0     0.5042     0.5148     0.0580     0.1150     4.6292     0.0000     0.0134     0.0000     0.5033     0.5141    34.7109    34.7913    26.5555    26.6234      1.068      1.136      0.386      0.411 0.0000e+00
      13645    568.503    271.790 -106.83478   16.78976    270.000    11.0054    10.9762 3.8878e+04   3.893072     0.0752     0.0202    99.4978 1.0292e-03          0     0.5040     0.5149     0.0585     0.1153     4.6286     0.0000     0.0133     0.0000     0.5032     0.5140    34.7115    34.7913    26.5559    26.6234      1.012      1.088      0.366      0.394 0.0000e+00
      13680    569.960    272.797 -106.83478   16.78976    271.000    11.0052    10.9763 3.8878e+04   3.893116     0.0749     0.0208    99.4817 1.4157e-03          0     0.5041     0.5149     0.0585     0.1155     4.6279     0.0000     0.0151     0.0000     0.5035     0.5141    34.7114    34.7913    26.5559    26.6234      1.101      1.213      0.398      0.439 0.0000e+00
      13707    571.089    273.804 -106.83478   16.78976    272.000    11.0018    10.9711 3.8875e+04   3.892772     0.0756     0.0208    99.4813 1.3485e-03          0     0.5041     0.5147     0.0585     0.1153     4.6279     0.0000     0.0148     0.0000     0.5035     0.5143    34.7112    34.7923    26.5564    26.6251      1.049      1.184      0.379      0.428 0.0000e+00
      13732    572.133    274.812 -106.83478   16.78976    273.000    10.9733    10.9406 3.8847e+04   3.890029     0.0682     0.0200    99.5011 1.3467e-03          0     0.5040     0.5149     0.0578     0.1153     4.6288     0.0000     0.0148     0.0000     0.5035     0.5141    34.7094    34.7934    26.5602    26.6315      1.040      1.097      0.376      0.396 0.0000e+00
      13758    573.209    275.819 -106.83478   16.78976    274.000    10.9326    10.9016 3.8807e+04   3.886166     0.0627     0.0198    99.5075 1.3344e-03          0     0.5043     0.5147     0.0573     0.1156     4.6291     0.0000     0.0147     0.0000     0.5035     0.5141    34.7073    34.7913    26.5659    26.6368      1.028      1.128      0.371      0.407 0.0000e+00
      13788    574.457    276.826 -106.83478   16.78976    275.000    10.8830    10.8520 3.8757e+04   3.881143     0.0635     0.0189    99.5291 1.3241e-03          0     0.5043     0.5151     0.0574     0.1148     4.6300     0.0000     0.0147     0.0000     0.5033     0.5140    34.7043    34.7876    26.5724    26.6429      0.926      1.099      0.334      0.396 0.0000e+00
      13824    575.976    277.834 -106.83478   16.78976    276.000    10.8616    10.8318 3.8736e+04   3.878841     0.0666     0.0185    99.5380 1.3380e-03          0     0.5043     0.5149     0.0577     0.1152     4.6305     0.0000     0.0148     0.0000     0.5031     0.5140    34.7024    34.7833    26.5748    26.6432      1.047      1.134      0.377      0.409 0.0000e+00
      13866    577.701    278.841 -106.83478   16.78976    277.000    10.8558    10.8259 3.8730e+04   3.878257     0.0668     0.0181    99.5490 1.3105e-03          0     0.5041     0.5147     0.0577     0.1154     4.6310     0.0000     0.0146     0.0000     0.5034     0.5140    34.7014    34.7826    26.5750    26.6437      1.096      1.160      0.395      0.418 0.0000e+00
      13904    579.305    279.848 -106.83478   16.78976    278.000    10.8473    10.8182 3.8722e+04   3.877488     0.0631     0.0185    99.5389 1.3075e-03          0     0.5039     0.5148     0.0573     0.1149     4.6305     0.0000     0.0146     0.0000     0.5033     0.5141    34.7014    34.7818    26.5766    26.6445      0.999      1.154      0.360      0.416 0.0000e+00
      13935    580.601    280.856 -106.83478   16.78976    279.000    10.8449    10.8155 3.8720e+04   3.877273     0.0635     0.0188    99.5318 1.3142e-03          0     0.5041     0.5147     0.0574     0.1150     4.6302     0.0000     0.0147     0.0000     0.5033     0.5141    34.7013    34.7817    26.5770    26.6449      0.989      1.084      0.356      0.391 0.0000e+00
      13963    581.749    281.863 -106.83478   16.78976    280.000    10.8342    10.8047 3.8710e+04   3.876310     0.0701     0.0185    99.5387 1.3141e-03          0     0.5043     0.5149     0.0580     0.1151     4.6305     0.0000     0.0147     0.0000     0.5034     0.5140    34.7004    34.7819    26.5782    26.6470      0.964      1.089      0.347      0.392 0.0000e+00
      13990    582.894    282.870 -106.83478   16.78976    281.000    10.8163    10.7861 3.8692e+04   3.874492     0.0678     0.0185    99.5395 1.3040e-03          0     0.5040     0.5149     0.0578     0.1155     4.6306     0.0000     0.0146     0.0000     0.5030     0.5136    34.6992    34.7809    26.5805    26.6496      0.979      1.069      0.353      0.385 0.0000e+00
      14026    584.383    283.878 -106.83478   16.78976    282.000    10.8088    10.7779 3.8685e+04   3.873603     0.0635     0.0185    99.5395 1.3234e-03          0     0.5040     0.5148     0.0574     0.1152     4.6306     0.0000     0.0147     0.0000     0.5033     0.5138    34.6987    34.7793    26.5814    26.6498      1.109      1.093      0.400      0.394 0.0000e+00
      14065    586.016    284.885 -106.83478   16.78976    283.000    10.7976    10.7657 3.8674e+04   3.872509     0.0690     0.0179    99.5540 1.3241e-03          0     0.5037     0.5145     0.0579     0.1149     4.6313     0.0000     0.0147     0.0000     0.5034     0.5139    34.6979    34.7794    26.5829    26.6521      1.043      1.105      0.375      0.398 0.0000e+00
      14093    587.167    285.892 -106.83478   16.78976    284.000    10.7815    10.7515 3.8658e+04   3.871193     0.0670     0.0179    99.5533 1.3241e-03          0     0.5039     0.5147     0.0577     0.1150     4.6312     0.0000     0.0147     0.0000     0.5033     0.5139    34.6971    34.7793    26.5851    26.6546      0.996      1.136      0.359      0.409 0.0000e+00
      14115    588.077    286.900 -106.83478   16.78976    285.000    10.7618    10.7319 3.8639e+04   3.869197     0.0689     0.0180    99.5509 1.2981e-03          0     0.5041     0.5144     0.0579     0.1152     4.6311     0.0000     0.0146     0.0000     0.5034     0.5137    34.6958    34.7775    26.5876    26.6566      1.001      0.993      0.360      0.357 0.0000e+00
      14136    588.966    287.907 -106.83478   16.78976    286.000    10.7537    10.7241 3.8631e+04   3.868338     0.0707     0.0179    99.5544 1.3232e-03          0     0.5041     0.5146     0.0581     0.1152     4.6313     0.0000     0.0147     0.0000     0.5030     0.5135    34.6952    34.7758    26.5886    26.6567      0.924      1.025      0.332      0.369 0.0000e+00
      14162    590.031    288.914 -106.83478   16.78976    287.000    10.7405    10.7123 3.8618e+04   3.867310     0.0642     0.0179    99.5545 1.3241e-03          0     0.5042     0.5145     0.0574     0.1153     4.6313     0.0000     0.0147     0.0000     0.5031     0.5137    34.6947    34.7762    26.5906    26.6592      1.025      1.157      0.369      0.416 0.0000e+00
      14209    591.982    289.922 -106.83478   16.78976    288.000    10.7172    10.6831 3.8596e+04   3.864471     0.0637     0.0179    99.5538 1.3202e-03          0     0.5040     0.5145     0.0574     0.1151     4.6313     0.0000     0.0147     0.0000     0.5032     0.5139    34.6936    34.7751    26.5939    26.6634      1.042      1.136      0.374      0.408 0.0000e+00
      14272    594.622    290.929 -106.83478   16.78976    289.000    10.6878    10.6608 3.8567e+04   3.862240     0.0692     0.0175    99.5639 1.3173e-03          0     0.5040     0.5145     0.0579     0.1152     4.6317     0.0000     0.0147     0.0000     0.5034     0.5140    34.6926    34.7734    26.5983    26.6662      1.075      1.111      0.386      0.399 0.0000e+00
      14304    595.959    291.937 -106.83478   16.78978    290.000    10.6668    10.6328 3.8547e+04   3.859711     0.0633     0.0168    99.5813 1.3243e-03          0     0.5039     0.5144     0.0573     0.1152     4.6325     0.0000     0.0147     0.0000     0.5033     0.5138    34.6912    34.7742    26.6010    26.6717      1.016      1.088      0.365      0.391 0.0000e+00
      14327    596.937    292.944 -106.83478   16.78978    291.000    10.6245    10.5948 3.8505e+04   3.855924     0.0633     0.0168    99.5808 1.2985e-03          0     0.5040     0.5147     0.0573     0.1152     4.6325     0.0000     0.0146     0.0000     0.5033     0.5139    34.6886    34.7718    26.6065    26.6766      0.990      1.156      0.355      0.414 0.0000e+00
      14349    597.820    293.951 -106.83478   16.78978    292.000    10.6127    10.5837 3.8493e+04   3.854598     0.0627     0.0168    99.5808 1.3237e-03          0     0.5041     0.5147     0.0573     0.1153     4.6325     0.0000     0.0147     0.0000     0.5032     0.5138    34.6875    34.7685    26.6077    26.6760      0.858      1.023      0.308      0.367 0.0000e+00
      14370    598.709    294.959 -106.83478   16.78978    293.000    10.6106    10.5816 3.8491e+04   3.854383     0.0628     0.0176    99.5609 1.2991e-03          0     0.5041     0.5148     0.0573     0.1155     4.6316     0.0000     0.0146     0.0000     0.5028     0.5137    34.6869    34.7679    26.6076    26.6759      0.962      1.104      0.345      0.396 0.0000e+00
      14393    599.674    295.966 -106.83478   16.78978    294.000    10.6080    10.5788 3.8489e+04   3.854161     0.0639     0.0164    99.5913 1.2996e-03          0     0.5040     0.5143     0.0574     0.1155     4.6330     0.0000     0.0146     0.0000     0.5031     0.5138    34.6867    34.7679    26.6079    26.6764      1.048      1.092      0.376      0.392 0.0000e+00
      14419    600.753    296.974 -106.83478   16.78978    295.000    10.6046    10.5751 3.8486e+04   3.853762     0.0630     0.0168    99.5806 1.2836e-03          0     0.5039     0.5147     0.0573     0.1154     4.6325     0.0000     0.0145     0.0000     0.5029     0.5136    34.6869    34.7670    26.6087    26.6764      0.971      1.060      0.348      0.380 0.0000e+00
      14453    602.168    297.981 -106.83478   16.78978    296.000    10.5974    10.5661 3.8479e+04   3.852929     0.0639     0.0168    99.5808 1.2243e-03          0     0.5037     0.5144     0.0574     0.1153     4.6325     0.0000     0.0142     0.0000     0.5030     0.5138    34.6860    34.7667    26.6093    26.6777      0.968      1.121      0.347      0.402 0.0000e+00
      14507    604.434    298.988 -106.83478   16.78978    297.000    10.5832    10.5539 3.8465e+04   3.851725     0.0702     0.0167    99.5831 1.1216e-03          0     0.5038     0.5144     0.0580     0.1153     4.6326     0.0000     0.0138     0.0000     0.5033     0.5139    34.6850    34.7657    26.6111    26.6792      1.125      1.082      0.403      0.388 0.0000e+00
      14552    606.307    299.996 -106.83478   16.78978    298.000    10.5709    10.5412 3.8452e+04   3.850559     0.0736     0.0164    99.5897 1.0930e-03          0     0.5036     0.5144     0.0584     0.1155     4.6329     0.0000     0.0136     0.0000     0.5032     0.5135    34.6839    34.7657    26.6124    26.6814      0.913      1.092      0.327      0.391 0.0000e+00
      14579    607.422    301.003 -106.83478   16.78978    299.000    10.5561    10.5265 3.8438e+04   3.849058     0.0660     0.0158    99.6036 1.0426e-03          0     0.5039     0.5146     0.0576     0.1156     4.6335     0.0000     0.0134     0.0000     0.5030     0.5139    34.6830    34.7640    26.6143    26.6827      0.952      1.171      0.341      0.419 0.0000e+00
