data/ctd-cnv/KM1919/KM1919-St20-P2/St20_P2_cast48-align-cellTM-derive-bin.cnv
* Sea-Bird SBE 9 Data File:
* FileName = C:\Users\otg\Desktop\CTD Data\km1920\St20_P2_cast48.hex
* Software Version Seasave V 7.26.7.107
* Temperature SN = 5554
* Conductivity SN = 3876
* Number of Bytes Per Scan = 41
* Number of Voltage Words = 4
* Number of Scans Averaged by the Deck Unit = 1
* NMEA Latitude = 16 45.79 N
* NMEA Longitude = 106 46.77 W
* NMEA UTC (Time) = Oct 09 2019  07:43:42
* NMEA baud rate = 4800
** Ship: Kilo Moana
** Station: St20_P2 cast 48
** Operator: CF
** midnight diel cast (DIEL 6)
# nquan = 34
# nvalues = 358                         
# units = specified
# name 0 = scan: Scan Count
# name 1 = timeS: Time, Elapsed [seconds]
# name 2 = prDM: Pressure, Digiquartz [db]
# name 3 = longitude: Longitude [deg]
# name 4 = latitude: Latitude [deg]
# name 5 = depSM: Depth [salt water, m]
# name 6 = t090C: Temperature [ITS-90, deg C]
# name 7 = t190C: Temperature, 2 [ITS-90, deg C]
# name 8 = c0uS/cm: Conductivity [uS/cm]
# name 9 = c1S/m: Conductivity, 2 [S/m]
# name 10 = flECO-AFL: Fluorescence, WET Labs ECO-AFL/FL [mg/m^3]
# name 11 = CStarAt0: Beam Attenuation, WET Labs C-Star [1/m]
# name 12 = CStarTr0: Beam Transmission, WET Labs C-Star [%]
# name 13 = par: PAR/Irradiance, Biospherical/Licor
# name 14 = modError: Modulo Error Count
# name 15 = v0: Voltage 0
# name 16 = v1: Voltage 1
# name 17 = v2: Voltage 2
# name 18 = v3: Voltage 3
# name 19 = v4: Voltage 4
# name 20 = v5: Voltage 5
# name 21 = v6: Voltage 6
# name 22 = v7: Voltage 7
# name 23 = sbeox0V: Oxygen raw, SBE 43 [V]
# name 24 = sbeox1V: Oxygen raw, SBE 43, 2 [V]
# name 25 = sal00: Salinity, Practical [PSU]
# name 26 = sal11: Salinity, Practical, 2 [PSU]
# name 27 = sigma-é00: Density [sigma-theta, kg/m^3]
# name 28 = sigma-é11: Density, 2 [sigma-theta, kg/m^3]
# name 29 = sbeox0Mm/L: Oxygen, SBE 43 [umol/l], WS = 2
# name 30 = sbeox1Mm/L: Oxygen, SBE 43, 2 [umol/l], WS = 2
# name 31 = sbeox0PS: Oxygen, SBE 43 [% saturation], WS = 2
# name 32 = sbeox1PS: Oxygen, SBE 43, 2 [% saturation], WS = 2
# name 33 = flag: flag
# span 0 =         37,      17245       
# span 1 =      1.502,    718.515       
# span 2 =      1.006,    360.450       
# span 3 = -106.77958, -106.77954       
# span 4 =   16.76310,   16.76318       
# span 5 =      1.000,    358.000       
# span 6 =     9.9152,    29.6552       
# span 7 =     9.8866,    29.6147       
# span 8 = 3.7828e+04, 5.7362e+04       
# span 9 =   3.787899,   5.744344       
# span 10 =     0.0499,     1.7619      
# span 11 =     0.0169,     0.1128      
# span 12 =    97.2192,    99.5773      
# span 13 = -9.708e-07, 6.7534e+00      
# span 14 =          0,          0      
# span 15 =     0.5031,     2.4910      
# span 16 =     0.5143,     2.4788      
# span 17 =     0.0560,     0.2272      
# span 18 =     0.1123,     0.1165      
# span 19 =     4.5227,     4.6323      
# span 20 =     0.0000,     0.0000      
# span 21 =     0.0085,     1.8228      
# span 22 =     0.0000,     0.0000      
# span 23 =     0.5026,     2.4880      
# span 24 =     0.5132,     2.4726      
# span 25 =    34.2975,    34.7834      
# span 26 =    34.3816,    34.8723      
# span 27 =    21.5234,    26.6991      
# span 28 =    21.6007,    26.7662      
# span 29 =      0.942,    229.788      
# span 30 =      0.992,    241.095      
# span 31 =      0.333,    106.582      
# span 32 =      0.350,    111.585      
# span 33 = 0.0000e+00, 0.0000e+00      
# interval = meters: 1                  
# start_time = Oct 09 2019 07:47:48 [NMEA time, first data scan]
# bad_flag = -9.990e-29
*END*
         37      1.502      1.006 -106.77956   16.76318      1.000    29.5773    29.5338 5.7269e+04   5.734763     0.0818     0.0600    98.5112 6.7534e+00          0     2.3514     2.3336     0.0592     0.1159     4.5827     0.0000     1.8228     0.0000     2.3495     2.3324    34.5666    34.6512    21.5449    21.6231    192.477    202.524     97.871    102.956 0.0000e+00
        219      9.068      2.012 -106.77956   16.76318      2.000    29.5869    29.5390 5.7281e+04   5.735403     0.0852     0.0540    98.6605 4.4545e+00          0     2.3503     2.3347     0.0595     0.1158     4.5897     0.0000     1.6596     0.0000     2.3505     2.3358    34.5673    34.6516    21.5422    21.6216    192.693    202.701     97.996    103.055 0.0000e+00
       1047     43.580      3.018 -106.77956   16.76315      3.000    29.6552    29.6147 5.7362e+04   5.744344     0.0789     0.0496    98.7687 4.0014e+00          0     2.3522     2.3341     0.0589     0.1161     4.5947     0.0000     1.6050     0.0000     2.3484     2.3349    34.5729    34.6576    21.5234    21.6007    192.356    202.443     97.936    103.052 0.0000e+00
       1054     43.891      4.024 -106.77956   16.76316      4.000    29.5618    29.5026 5.7249e+04   5.731773     0.0761     0.0509    98.7368 2.7749e+00          0     2.3503     2.3297     0.0586     0.1160     4.5932     0.0000     1.4657     0.0000     2.3533     2.3376    34.5628    34.6525    21.5476    21.6348    193.498    203.354     98.364    103.326 0.0000e+00
       1088     45.271      5.030 -106.77956   16.76316      5.000    29.5465    29.4939 5.7234e+04   5.730327     0.0761     0.0510    98.7327 2.6775e+00          0     2.3500     2.3318     0.0586     0.1159     4.5930     0.0000     1.4392     0.0000     2.3550     2.3390    34.5634    34.6486    21.5532    21.6349    193.405    203.309     98.292    103.287 0.0000e+00
       1193     49.655      6.036 -106.77956   16.76316      6.000    29.5214    29.4882 5.7205e+04   5.729563     0.0888     0.0518    98.7151 1.9897e+00          0     2.3555     2.3400     0.0598     0.1145     4.5922     0.0000     1.3168     0.0000     2.3503     2.3334    34.5616    34.6472    21.5605    21.6359    192.621    202.604     97.854    102.919 0.0000e+00
       1234     51.382      7.042 -106.77956   16.76316      7.000    29.5216    29.4801 5.7208e+04   5.728916     0.0782     0.0510    98.7332 1.6645e+00          0     2.3537     2.3359     0.0588     0.1154     4.5931     0.0000     1.2499     0.0000     2.3484     2.3357    34.5635    34.6484    21.5619    21.6395    193.106    203.150     98.101    103.184 0.0000e+00
       1295     53.915      8.048 -106.77956   16.76316      8.000    29.5219    29.4805 5.7211e+04   5.729209     0.0816     0.0506    98.7427 1.2360e+00          0     2.3482     2.3343     0.0591     0.1151     4.5935     0.0000     1.1250     0.0000     2.3497     2.3338    34.5647    34.6498    21.5628    21.6405    192.918    202.810     98.007    103.012 0.0000e+00
       1354     56.394      9.054 -106.77956   16.76316      9.000    29.5253    29.4839 5.7221e+04   5.730162     0.0890     0.0507    98.7405 9.4266e-01          0     2.3515     2.3370     0.0599     0.1153     4.5934     0.0000     1.0320     0.0000     2.3517     2.3391    34.5688    34.6535    21.5648    21.6423    193.413    203.328     98.266    103.283 0.0000e+00
       1382     57.540     10.060 -106.77956   16.76316     10.000    29.5276    29.4864 5.7227e+04   5.730799     0.0791     0.0511    98.7317 8.7527e-01          0     2.3488     2.3311     0.0589     0.1160     4.5930     0.0000     0.9945     0.0000     2.3538     2.3294    34.5713    34.6559    21.5659    21.6433    193.441    201.936     98.285    102.581 0.0000e+00
       1415     58.909     11.066 -106.77955   16.76316     11.000    29.5284    29.4865 5.7229e+04   5.730973     0.0761     0.0510    98.7335 7.1415e-01          0     2.3504     2.3363     0.0586     0.1156     4.5931     0.0000     0.9195     0.0000     2.3517     2.3295    34.5717    34.6566    21.5661    21.6439    193.175    202.314     98.151    102.774 0.0000e+00
       1450     60.374     12.072 -106.77954   16.76316     12.000    29.5234    29.4825 5.7229e+04   5.731019     0.0761     0.0508    98.7379 6.3988e-01          0     2.3525     2.3348     0.0586     0.1147     4.5933     0.0000     0.8790     0.0000     2.3539     2.3273    34.5751    34.6596    21.5704    21.6476    193.651    202.486     98.387    102.856 0.0000e+00
       1489     61.986     13.078 -106.77954   16.76316     13.000    29.5153    29.4680 5.7227e+04   5.730566     0.0761     0.0504    98.7474 5.8151e-01          0     2.3524     2.3290     0.0586     0.1149     4.5937     0.0000     0.8434     0.0000     2.3550     2.3355    34.5793    34.6666    21.5763    21.6578    193.640    203.374     98.371    103.288 0.0000e+00
       1538     64.043     14.084 -106.77954   16.76316     14.000    29.4975    29.4538 5.7221e+04   5.730195     0.0845     0.0489    98.7846 4.6678e-01          0     2.3540     2.3295     0.0594     0.1151     4.5954     0.0000     0.7628     0.0000     2.3552     2.3352    34.5874    34.6740    21.5885    21.6682    193.809    203.186     98.433    103.173 0.0000e+00
       1620     67.477     15.090 -106.77954   16.76316     15.000    29.4869    29.4445 5.7217e+04   5.729780     0.0903     0.0481    98.8058 3.7247e-01          0     2.3555     2.3354     0.0600     0.1153     4.5964     0.0000     0.6822     0.0000     2.3529     2.3369    34.5923    34.6777    21.5959    21.6742    193.474    203.506     98.249    103.321 0.0000e+00
       1696     70.628     16.096 -106.77954   16.76315     16.000    29.4717    29.4302 5.7198e+04   5.727968     0.0913     0.0484    98.7982 3.1770e-01          0     2.3523     2.3357     0.0601     0.1148     4.5960     0.0000     0.6329     0.0000     2.3535     2.3383    34.5898    34.6753    21.5992    21.6773    193.585    203.646     98.280    103.368 0.0000e+00
       1721     71.684     17.102 -106.77954   16.76314     17.000    29.4650    29.4234 5.7190e+04   5.727147     0.0883     0.0496    98.7682 2.8445e-01          0     2.3494     2.3383     0.0598     0.1157     4.5947     0.0000     0.5944     0.0000     2.3532     2.3375    34.5887    34.6743    21.6007    21.6789    193.782    203.591     98.369    103.328 0.0000e+00
       1745     72.677     18.108 -106.77954   16.76314     18.000    29.4564    29.4137 5.7182e+04   5.726274     0.0883     0.0490    98.7811 2.2767e-01          0     2.3537     2.3384     0.0598     0.1147     4.5953     0.0000     0.5248     0.0000     2.3532     2.3378    34.5891    34.6751    21.6040    21.6829    193.646    203.695     98.287    103.365 0.0000e+00
       1774     73.870     19.114 -106.77954   16.76315     19.000    29.4438    29.4020 5.7174e+04   5.725445     0.0950     0.0484    98.7967 1.8925e-01          0     2.3535     2.3382     0.0605     0.1154     4.5960     0.0000     0.4714     0.0000     2.3531     2.3373    34.5924    34.6776    21.6108    21.6888    193.864    203.628     98.379    103.313 0.0000e+00
       1829     76.149     20.120 -106.77954   16.76316     20.000    29.4410    29.3996 5.7173e+04   5.725445     0.1025     0.0489    98.7841 1.4861e-01          0     2.3531     2.3376     0.0613     0.1151     4.5954     0.0000     0.4058     0.0000     2.3509     2.3356    34.5939    34.6791    21.6129    21.6908    193.352    203.625     98.115    103.308 0.0000e+00
       1910     79.538     21.126 -106.77954   16.76315     21.000    29.4405    29.3991 5.7175e+04   5.725641     0.1020     0.0491    98.7813 1.0497e-01          0     2.3516     2.3352     0.0612     0.1152     4.5953     0.0000     0.3217     0.0000     2.3491     2.3390    34.5953    34.6804    21.6143    21.6920    193.592    203.933     98.237    103.465 0.0000e+00
       1973     82.172     22.132 -106.77954   16.76314     22.000    29.4396    29.3983 5.7179e+04   5.725923     0.1043     0.0488    98.7871 7.6038e-02          0     2.3487     2.3391     0.0615     0.1156     4.5955     0.0000     0.2550     0.0000     2.3538     2.3382    34.5981    34.6827    21.6167    21.6941    194.083    203.822     98.487    103.408 0.0000e+00
       2010     83.713     23.138 -106.77954   16.76314     23.000    29.4401    29.3988 5.7185e+04   5.726485     0.1004     0.0496    98.7667 4.4819e-02          0     2.3491     2.3388     0.0611     0.1150     4.5946     0.0000     0.1708     0.0000     2.3489     2.3348    34.6015    34.6859    21.6192    21.6964    193.239    203.596     98.061    103.296 0.0000e+00
       2035     84.745     24.145 -106.77954   16.76314     24.000    29.4400    29.3987 5.7190e+04   5.727009     0.1005     0.0492    98.7779 4.7156e-02          0     2.3509     2.3370     0.0611     0.1156     4.5951     0.0000     0.1781     0.0000     2.3517     2.3380    34.6047    34.6893    21.6217    21.6991    194.116    204.012     98.507    103.509 0.0000e+00
       2058     85.691     25.151 -106.77954   16.76314     25.000    29.4310    29.3897 5.7185e+04   5.726642     0.0969     0.0485    98.7955 1.8713e-02          0     2.3549     2.3395     0.0607     0.1157     4.5959     0.0000     0.0834     0.0000     2.3513     2.3371    34.6075    34.6930    21.6269    21.7049    193.756    203.842     98.312    103.410 0.0000e+00
       2088     86.965     26.157 -106.77954   16.76314     26.000    29.4185    29.3773 5.7176e+04   5.725749     0.0895     0.0476    98.8178 1.1883e-02          0     2.3504     2.3361     0.0599     0.1155     4.5970     0.0000     0.0573     0.0000     2.3527     2.3369    34.6099    34.6955    21.6330    21.7111    194.159    203.927     98.498    103.434 0.0000e+00
       2228     92.788     27.163 -106.77955   16.76314     27.000    29.4249    29.3819 5.7182e+04   5.726097     0.1145     0.0466    98.8404 6.0096e-03          0     2.3540     2.3384     0.0625     0.1156     4.5981     0.0000     0.0347     0.0000     2.3468     2.3376    34.6093    34.6943    21.6305    21.7087    193.372    204.150     98.108    103.554 0.0000e+00
       2248     93.618     28.169 -106.77956   16.76314     28.000    29.4028    29.3608 5.7161e+04   5.724475     0.1032     0.0476    98.8173 6.5274e-03          0     2.3511     2.3355     0.0614     0.1155     4.5970     0.0000     0.0366     0.0000     2.3478     2.3379    34.6110    34.6981    21.6393    21.7188    194.087    203.959     98.437    103.424 0.0000e+00
       2271     94.594     29.175 -106.77956   16.76314     29.000    29.3821    29.3404 5.7137e+04   5.721927     0.1091     0.0487    98.7906 6.5266e-03          0     2.3449     2.3366     0.0619     0.1149     4.5957     0.0000     0.0366     0.0000     2.3536     2.3369    34.6091    34.6952    21.6449    21.7236    194.758    204.276     98.743    103.549 0.0000e+00
       2300     95.778     30.181 -106.77956   16.76314     30.000    29.3679    29.3263 5.7121e+04   5.720338     0.1124     0.0509    98.7351 6.5266e-03          0     2.3471     2.3375     0.0623     0.1147     4.5931     0.0000     0.0366     0.0000     2.3498     2.3402    34.6079    34.6943    21.6489    21.7277    193.484    204.666     98.075    103.723 0.0000e+00
       2441    101.662     31.187 -106.77956   16.76314     31.000    29.3687    29.3265 5.7122e+04   5.720159     0.1127     0.0495    98.7685 6.4280e-03          0     2.3509     2.3338     0.0623     0.1148     4.5947     0.0000     0.0362     0.0000     2.3509     2.3359    34.6081    34.6926    21.6489    21.7265    194.936    203.975     98.812    103.372 0.0000e+00
       2497    103.986     32.194 -106.77956   16.76314     32.000    29.3157    29.2719 5.7067e+04   5.715929     0.1063     0.0501    98.7555 6.2290e-03          0     2.3529     2.3348     0.0617     0.1150     4.5941     0.0000     0.0354     0.0000     2.3592     2.3364    34.6084    34.7029    21.6670    21.7526    195.913    204.659     99.222    103.633 0.0000e+00
       2518    104.893     33.200 -106.77956   16.76314     33.000    29.1804    29.1356 5.6918e+04   5.701751     0.1094     0.0528    98.6887 6.2306e-03          0     2.3543     2.3345     0.0620     0.1153     4.5910     0.0000     0.0354     0.0000     2.3651     2.3414    34.6039    34.7043    21.7091    21.7994    197.511    206.208     99.811    104.188 0.0000e+00
       2546    106.028     34.206 -106.77955   16.76314     34.000    29.0881    29.0438 5.6832e+04   5.692109     0.1242     0.0568    98.5882 6.2306e-03          0     2.3517     2.3333     0.0634     0.1153     4.5863     0.0000     0.0354     0.0000     2.3727     2.3520    34.6108    34.7044    21.7452    21.8302    197.379    207.626     99.600    104.750 0.0000e+00
       2671    111.260     35.212 -106.77954   16.76314     35.000    29.0767    29.0561 5.6822e+04   5.691748     0.1577     0.0587    98.5437 6.1556e-03          0     2.3693     2.3530     0.0667     0.1151     4.5843     0.0000     0.0351     0.0000     2.3681     2.3538    34.6123    34.6927    21.7502    21.8174    197.979    207.085     99.884    104.490 0.0000e+00
       2730    113.704     36.218 -106.77954   16.76314     36.000    28.7527    28.7507 5.6481e+04   5.663744     0.1489     0.0576    98.5700 5.9304e-03          0     2.3649     2.3497     0.0659     0.1151     4.5855     0.0000     0.0342     0.0000     2.4131     2.3766    34.6124    34.7217    21.8582    21.9409    205.803    213.056    103.289    106.989 0.0000e+00
       2756    114.790     37.224 -106.77954   16.76314     37.000    28.3794    28.3242 5.6088e+04   5.620330     0.1564     0.0632    98.4315 5.9355e-03          0     2.3717     2.3527     0.0667     0.1154     4.5790     0.0000     0.0342     0.0000     2.4284     2.4045    34.6120    34.7325    21.9814    22.0901    207.983    217.530    103.750    108.488 0.0000e+00
       2783    115.929     38.230 -106.77954   16.76314     38.000    27.9093    27.8648 5.5590e+04   5.570573     0.1690     0.0755    98.1303 5.9355e-03          0     2.3868     2.3587     0.0679     0.1153     4.5650     0.0000     0.0342     0.0000     2.4464     2.4230    34.6083    34.7224    22.1326    22.2328    212.191    221.273    105.037    109.522 0.0000e+00
       2818    117.391     39.236 -106.77954   16.76314     39.000    27.5537    27.5109 5.5210e+04   5.531647     0.1808     0.0718    98.2217 5.9355e-03          0     2.4153     2.3840     0.0691     0.1152     4.5693     0.0000     0.0342     0.0000     2.4661     2.4481    34.6028    34.7098    22.2438    22.3381    213.924    224.535    105.275    110.485 0.0000e+00
       2924    121.801     40.243 -106.77954   16.76314     40.000    27.6284    27.7348 5.5293e+04   5.551914     0.2160     0.0713    98.2327 5.8374e-03          0     2.4681     2.4531     0.0726     0.1152     4.5698     0.0000     0.0338     0.0000     2.4576     2.4343    34.6060    34.6867    22.2220    22.2483    211.938    220.760    104.428    109.014 0.0000e+00
       2980    124.139     41.249 -106.77956   16.76314     41.000    27.3283    27.2774 5.4979e+04   5.506472     0.1973     0.0713    98.2335 5.6300e-03          0     2.4539     2.4287     0.0707     0.1161     4.5698     0.0000     0.0330     0.0000     2.4736     2.4489    34.6057    34.7045    22.3188    22.4095    216.210    224.664    106.008    110.121 0.0000e+00
       3017    125.679     42.255 -106.77956   16.76314     42.000    27.0461    26.9979 5.4678e+04   5.478037     0.1999     0.0732    98.1861 5.6412e-03          0     2.4642     2.4395     0.0710     0.1160     4.5676     0.0000     0.0330     0.0000     2.4880     2.4619    34.6015    34.7102    22.4059    22.5032    218.404    228.209    106.582    111.344 0.0000e+00
