data/ctd-cnv/KM1919/KM1919-St20-P2/St20_P2_cast53-align-cellTM-derive-bin.cnv
* Sea-Bird SBE 9 Data File:
* FileName = C:\Users\otg\Desktop\CTD Data\km1920\St20_P2_cast53.hex
* Software Version Seasave V 7.26.7.107
* Temperature SN = 5554
* Conductivity SN = 3876
* Number of Bytes Per Scan = 41
* Number of Voltage Words = 4
* Number of Scans Averaged by the Deck Unit = 1
* NMEA Latitude = 16 48.77 N
* NMEA Longitude = 106 51.63 W
* NMEA UTC (Time) = Oct 11 2019  04:38:33
* NMEA baud rate = 4800
** Ship: Kilo Moana
** Station: St20_P2 cast 53
** Operator: gr
** uptake exp
# nquan = 34
# nvalues = 200                         
# units = specified
# name 0 = scan: Scan Count
# name 1 = timeS: Time, Elapsed [seconds]
# name 2 = prDM: Pressure, Digiquartz [db]
# name 3 = longitude: Longitude [deg]
# name 4 = latitude: Latitude [deg]
# name 5 = depSM: Depth [salt water, m]
# name 6 = t090C: Temperature [ITS-90, deg C]
# name 7 = t190C: Temperature, 2 [ITS-90, deg C]
# name 8 = c0uS/cm: Conductivity [uS/cm]
# name 9 = c1S/m: Conductivity, 2 [S/m]
# name 10 = flECO-AFL: Fluorescence, WET Labs ECO-AFL/FL [mg/m^3]
# name 11 = CStarAt0: Beam Attenuation, WET Labs C-Star [1/m]
# name 12 = CStarTr0: Beam Transmission, WET Labs C-Star [%]
# name 13 = par: PAR/Irradiance, Biospherical/Licor
# name 14 = modError: Modulo Error Count
# name 15 = v0: Voltage 0
# name 16 = v1: Voltage 1
# name 17 = v2: Voltage 2
# name 18 = v3: Voltage 3
# name 19 = v4: Voltage 4
# name 20 = v5: Voltage 5
# name 21 = v6: Voltage 6
# name 22 = v7: Voltage 7
# name 23 = sbeox0V: Oxygen raw, SBE 43 [V]
# name 24 = sbeox1V: Oxygen raw, SBE 43, 2 [V]
# name 25 = sal00: Salinity, Practical [PSU]
# name 26 = sal11: Salinity, Practical, 2 [PSU]
# name 27 = sigma-é00: Density [sigma-theta, kg/m^3]
# name 28 = sigma-é11: Density, 2 [sigma-theta, kg/m^3]
# name 29 = sbeox0Mm/L: Oxygen, SBE 43 [umol/l], WS = 2
# name 30 = sbeox1Mm/L: Oxygen, SBE 43, 2 [umol/l], WS = 2
# name 31 = sbeox0PS: Oxygen, SBE 43 [% saturation], WS = 2
# name 32 = sbeox1PS: Oxygen, SBE 43, 2 [% saturation], WS = 2
# name 33 = flag: flag
# span 0 =        -19,       8726       
# span 1 =     -0.841,    363.558       
# span 2 =      5.030,    205.320       
# span 3 = -106.86008, -106.85994       
# span 4 =   16.81290,   16.81294       
# span 5 =      5.000,    204.000       
# span 6 =    12.2346,    29.0357       
# span 7 =    12.2006,    28.9946       
# span 8 = 4.0083e+04, 5.6329e+04       
# span 9 =   4.013433,   5.640688       
# span 10 =     0.0673,     1.4092      
# span 11 =     0.0369,     0.1124      
# span 12 =    97.2291,    99.0820      
# span 13 = 1.5600e-04, 2.0874e+00      
# span 14 =          0,          0      
# span 15 =     0.5050,     2.5005      
# span 16 =     0.5165,     2.4870      
# span 17 =     0.0577,     0.1919      
# span 18 =     0.1130,     0.1173      
# span 19 =     4.5231,     4.6093      
# span 20 =     0.0000,     0.0000      
# span 21 =     0.0095,     1.3439      
# span 22 =     0.0000,     0.0000      
# span 23 =     0.5040,     2.4997      
# span 24 =     0.5154,     2.4803      
# span 25 =    34.1412,    34.7808      
# span 26 =    34.2254,    34.8716      
# span 27 =    21.4151,    26.3731      
# span 28 =    21.4916,    26.4430      
# span 29 =      1.013,    230.815      
# span 30 =      1.310,    240.784      
# span 31 =      0.376,    107.402      
# span 32 =      0.486,    112.158      
# span 33 = 0.0000e+00, 0.0000e+00      
# interval = meters: 1                  
# start_time = Oct 11 2019 04:49:52 [NMEA time, first data scan]
# bad_flag = -9.990e-29
*END*
[from data line 129]
       6147    256.079    134.844 -106.85998   16.81290    134.000    13.7253    13.6909 4.1463e+04   4.152246     0.4770     0.0507    98.7407 3.5127e-04          0     0.5082     0.5215     0.0987     0.1147     4.5934     0.0000     0.0104     0.0000     0.5077     0.5203    34.7497    34.8370    26.0549    26.1296      1.486      1.939      0.569      0.742 0.0000e+00
       6171    257.091    135.850 -106.85998   16.81290    135.000    13.6293    13.5933 4.1376e+04   4.143961     0.4622     0.0506    98.7427 3.8965e-04          0     0.5082     0.5214     0.0972     0.1148     4.5935     0.0000     0.0106     0.0000     0.5073     0.5199    34.7553    34.8476    26.0792    26.1580      1.373      1.900      0.525      0.726 0.0000e+00
       6199    258.237    136.857 -106.85998   16.81290    136.000    13.5642    13.5309 4.1318e+04   4.137819     0.4297     0.0513    98.7255 3.1958e-04          0     0.5084     0.5214     0.0940     0.1148     4.5927     0.0000     0.0103     0.0000     0.5070     0.5199    34.7597    34.8463    26.0960    26.1699      1.463      1.853      0.558      0.707 0.0000e+00
       6229    259.518    137.864 -106.85998   16.81290    137.000    13.5472    13.5153 4.1303e+04   4.136202     0.4066     0.0519    98.7121 3.1670e-04          0     0.5086     0.5212     0.0917     0.1148     4.5921     0.0000     0.0103     0.0000     0.5070     0.5196    34.7602    34.8450    26.0999    26.1721      1.476      1.858      0.563      0.709 0.0000e+00
       6267    261.070    138.870 -106.85998   16.81290    138.000    13.5169    13.4854 4.1275e+04   4.133496     0.3865     0.0519    98.7107 3.3293e-04          0     0.5080     0.5209     0.0896     0.1148     4.5920     0.0000     0.0104     0.0000     0.5070     0.5195    34.7615    34.8463    26.1072    26.1793      1.483      1.843      0.566      0.702 0.0000e+00
       6342    264.219    139.877 -106.85998   16.81290    139.000    13.5251    13.4658 4.1283e+04   4.131594     0.3738     0.0517    98.7180 3.2029e-04          0     0.5079     0.5204     0.0884     0.1147     4.5924     0.0000     0.0103     0.0000     0.5070     0.5192    34.7609    34.8458    26.1051    26.1829      1.484      1.829      0.566      0.697 0.0000e+00
       6389    266.165    140.884 -106.85998   16.81290    140.000    13.4720    13.4399 4.1235e+04   4.129369     0.3440     0.0519    98.7124 2.7398e-04          0     0.5079     0.5201     0.0854     0.1148     4.5921     0.0000     0.0101     0.0000     0.5070     0.5191    34.7636    34.8481    26.1181    26.1900      1.486      1.798      0.566      0.685 0.0000e+00
       6412    267.110    141.890 -106.85998   16.81290    141.000    13.4452    13.4121 4.1211e+04   4.126999     0.3324     0.0524    98.6977 2.4119e-04          0     0.5079     0.5200     0.0842     0.1149     4.5914     0.0000     0.0100     0.0000     0.5070     0.5191    34.7649    34.8507    26.1245    26.1978      1.487      1.811      0.566      0.689 0.0000e+00
       6431    267.920    142.897 -106.85998   16.81290    142.000    13.4189    13.3854 4.1186e+04   4.124433     0.3318     0.0518    98.7156 2.8002e-04          0     0.5079     0.5202     0.0841     0.1147     4.5922     0.0000     0.0101     0.0000     0.5070     0.5190    34.7652    34.8505    26.1302    26.2031      1.488      1.732      0.566      0.659 0.0000e+00
       6449    268.669    143.904 -106.85998   16.81290    143.000    13.4064    13.3720 4.1176e+04   4.123235     0.3203     0.0508    98.7377 2.3600e-04          0     0.5079     0.5202     0.0830     0.1147     4.5933     0.0000     0.0099     0.0000     0.5070     0.5188    34.7663    34.8510    26.1336    26.2063      1.488      1.727      0.566      0.657 0.0000e+00
       6467    269.437    144.910 -106.85998   16.81290    144.000    13.3880    13.3563 4.1159e+04   4.121899     0.2971     0.0516    98.7184 2.5914e-04          0     0.5079     0.5200     0.0807     0.1147     4.5924     0.0000     0.0100     0.0000     0.5070     0.5188    34.7668    34.8523    26.1378    26.2105      1.477      1.721      0.562      0.654 0.0000e+00
       6489    270.333    145.917 -106.85998   16.81290    145.000    13.3752    13.3420 4.1148e+04   4.120432     0.2840     0.0518    98.7146 2.3869e-04          0     0.5079     0.5200     0.0794     0.1148     4.5922     0.0000     0.0100     0.0000     0.5070     0.5186    34.7679    34.8511    26.1413    26.2125      1.471      1.734      0.559      0.659 0.0000e+00
       6518    271.539    146.924 -106.85998   16.81290    146.000    13.3700    13.3379 4.1144e+04   4.120081     0.2834     0.0513    98.7260 2.1997e-04          0     0.5079     0.5199     0.0794     0.1147     4.5927     0.0000     0.0099     0.0000     0.5068     0.5186    34.7680    34.8511    26.1424    26.2134      1.422      1.729      0.541      0.657 0.0000e+00
       6588    274.456    147.930 -106.85996   16.81290    147.000    13.3603    13.3248 4.1136e+04   4.118868     0.2723     0.0516    98.7182 2.1638e-04          0     0.5078     0.5195     0.0782     0.1148     4.5924     0.0000     0.0099     0.0000     0.5067     0.5183    34.7688    34.8513    26.1451    26.2161      1.444      1.692      0.549      0.643 0.0000e+00
       6675    278.084    148.937 -106.85996   16.81290    148.000    13.3215    13.3074 4.1101e+04   4.118075     0.2593     0.0518    98.7133 2.2064e-04          0     0.5073     0.5189     0.0769     0.1147     4.5921     0.0000     0.0099     0.0000     0.5068     0.5185    34.7708    34.8593    26.1546    26.2259      1.450      1.762      0.551      0.669 0.0000e+00
       6695    278.912    149.944 -106.85996   16.81290    149.000    13.2547    13.2220 4.1040e+04   4.109944     0.2381     0.0518    98.7145 2.0310e-04          0     0.5076     0.5192     0.0748     0.1147     4.5922     0.0000     0.0098     0.0000     0.5068     0.5186    34.7737    34.8601    26.1704    26.2439      1.446      1.701      0.548      0.645 0.0000e+00
       6713    279.665    150.950 -106.85996   16.81290    150.000    13.2375    13.2047 4.1024e+04   4.108206     0.2300     0.0518    98.7145 2.0334e-04          0     0.5076     0.5193     0.0740     0.1147     4.5922     0.0000     0.0098     0.0000     0.5067     0.5182    34.7739    34.8591    26.1741    26.2466      1.304      1.568      0.495      0.594 0.0000e+00
       6729    280.347    151.957 -106.85996   16.81290    151.000    13.2163    13.1814 4.1005e+04   4.106173     0.2144     0.0519    98.7129 2.0334e-04          0     0.5079     0.5192     0.0724     0.1148     4.5921     0.0000     0.0098     0.0000     0.5064     0.5180    34.7747    34.8607    26.1790    26.2527      1.356      1.633      0.514      0.619 0.0000e+00
       6745    281.019    152.964 -106.85996   16.81290    152.000    13.1969    13.1645 4.0987e+04   4.104517     0.2085     0.0526    98.6935 2.3513e-04          0     0.5076     0.5194     0.0718     0.1148     4.5912     0.0000     0.0099     0.0000     0.5065     0.5181    34.7754    34.8601    26.1835    26.2557      1.348      1.671      0.511      0.633 0.0000e+00
       6763    281.737    153.970 -106.85996   16.81290    153.000    13.1874    13.1562 4.0979e+04   4.103713     0.2026     0.0528    98.6883 2.2005e-04          0     0.5077     0.5194     0.0712     0.1147     4.5910     0.0000     0.0099     0.0000     0.5060     0.5180    34.7760    34.8597    26.1859    26.2570      1.211      1.618      0.459      0.613 0.0000e+00
       6783    282.601    154.977 -106.85996   16.81290    154.000    13.1790    13.1469 4.0972e+04   4.102879     0.1865     0.0528    98.6882 2.0380e-04          0     0.5078     0.5194     0.0696     0.1147     4.5910     0.0000     0.0098     0.0000     0.5061     0.5179    34.7763    34.8598    26.1878    26.2590      1.302      1.642      0.493      0.622 0.0000e+00
       6838    284.886    155.984 -106.85996   16.81290    155.000    13.1781    13.1476 4.0972e+04   4.102897     0.1903     0.0531    98.6821 2.0334e-04          0     0.5072     0.5190     0.0700     0.1148     4.5907     0.0000     0.0098     0.0000     0.5059     0.5179    34.7769    34.8590    26.1885    26.2583      1.316      1.657      0.498      0.627 0.0000e+00
       6928    288.631    156.991 -106.85996   16.81290    156.000    13.1784    13.1473 4.0972e+04   4.103076     0.1818     0.0532    98.6786 2.0334e-04          0     0.5067     0.5188     0.0692     0.1147     4.5905     0.0000     0.0098     0.0000     0.5058     0.5179    34.7767    34.8605    26.1883    26.2595      1.318      1.588      0.499      0.601 0.0000e+00
       6955    289.766    157.997 -106.85996   16.81290    157.000    13.1559    13.1238 4.0952e+04   4.100888     0.1821     0.0530    98.6835 2.0334e-04          0     0.5067     0.5188     0.0692     0.1147     4.5908     0.0000     0.0098     0.0000     0.5058     0.5177    34.7773    34.8609    26.1933    26.2646      1.327      1.651      0.502      0.625 0.0000e+00
       6981    290.854    159.004 -106.85996   16.81290    158.000    13.1415    13.1107 4.0939e+04   4.099687     0.1809     0.0543    98.6521 1.9487e-04          0     0.5067     0.5189     0.0691     0.1147     4.5893     0.0000     0.0097     0.0000     0.5058     0.5178    34.7777    34.8611    26.1966    26.2674      1.349      1.631      0.510      0.617 0.0000e+00
       7004    291.792    160.011 -106.85996   16.81290    159.000    13.1166    13.0853 4.0915e+04   4.097481     0.1788     0.0545    98.6466 2.0316e-04          0     0.5067     0.5188     0.0689     0.1149     4.5890     0.0000     0.0098     0.0000     0.5059     0.5177    34.7775    34.8630    26.2015    26.2740      1.346      1.632      0.509      0.617 0.0000e+00
       7025    292.678    161.018 -106.85996   16.81290    160.000    13.0967    13.0635 4.0896e+04   4.095365     0.1700     0.0543    98.6506 1.9398e-04          0     0.5067     0.5186     0.0680     0.1149     4.5892     0.0000     0.0097     0.0000     0.5059     0.5177    34.7775    34.8625    26.2055    26.2781      1.394      1.602      0.527      0.605 0.0000e+00
       7048    293.633    162.024 -106.85996   16.81290    161.000    13.0075    12.9723 4.0812e+04   4.087548     0.1627     0.0540    98.6597 2.0321e-04          0     0.5067     0.5186     0.0673     0.1148     4.5896     0.0000     0.0098     0.0000     0.5060     0.5178    34.7784    34.8716    26.2241    26.3034      1.317      1.619      0.497      0.611 0.0000e+00
       7081    294.989    163.031 -106.85996   16.81290    162.000    12.9407    12.9086 4.0749e+04   4.080920     0.1507     0.0544    98.6478 1.9879e-04          0     0.5067     0.5187     0.0661     0.1148     4.5891     0.0000     0.0098     0.0000     0.5058     0.5175    34.7794    34.8665    26.2383    26.3122      1.321      1.597      0.498      0.602 0.0000e+00
       7135    297.241    164.038 -106.85996   16.81290    163.000    12.8782    12.8462 4.0690e+04   4.074882     0.1327     0.0549    98.6354 2.0365e-04          0     0.5068     0.5186     0.0643     0.1148     4.5885     0.0000     0.0098     0.0000     0.5058     0.5176    34.7798    34.8660    26.2511    26.3243      1.306      1.596      0.491      0.600 0.0000e+00
       7174    298.880    165.045 -106.85996   16.81290    164.000    12.8259    12.7928 4.0640e+04   4.069880     0.1208     0.0549    98.6357 1.9597e-04          0     0.5067     0.5184     0.0631     0.1147     4.5885     0.0000     0.0098     0.0000     0.5057     0.5174    34.7805    34.8669    26.2621    26.3357      1.275      1.545      0.479      0.581 0.0000e+00
       7201    299.992    166.052 -106.85996   16.81290    165.000    12.7858    12.7533 4.0602e+04   4.066111     0.1050     0.0547    98.6418 2.0342e-04          0     0.5067     0.5186     0.0615     0.1148     4.5888     0.0000     0.0098     0.0000     0.5056     0.5174    34.7805    34.8669    26.2701    26.3435      1.324      1.598      0.497      0.600 0.0000e+00
       7229    301.165    167.058 -106.85996   16.81290    166.000    12.7752    12.7436 4.0593e+04   4.064933     0.0883     0.0545    98.6450 2.0334e-04          0     0.5066     0.5184     0.0598     0.1148     4.5889     0.0000     0.0098     0.0000     0.5056     0.5173    34.7807    34.8641    26.2723    26.3433      1.279      1.563      0.480      0.587 0.0000e+00
       7262    302.539    168.065 -106.85996   16.81290    167.000    12.7331    12.7001 4.0553e+04   4.061221     0.0886     0.0542    98.6546 1.9802e-04          0     0.5065     0.5183     0.0598     0.1149     4.5894     0.0000     0.0098     0.0000     0.5055     0.5173    34.7808    34.8683    26.2807    26.3551      1.236      1.530      0.464      0.574 0.0000e+00
       7305    304.346    169.072 -106.85996   16.81290    168.000    12.6853    12.6538 4.0506e+04   4.056383     0.0883     0.0536    98.6690 1.9910e-04          0     0.5065     0.5182     0.0598     0.1149     4.5901     0.0000     0.0098     0.0000     0.5052     0.5172    34.7802    34.8643    26.2897    26.3612      1.193      1.589      0.447      0.596 0.0000e+00
       7348    306.132    170.079 -106.85996   16.81290    169.000    12.6574    12.6258 4.0480e+04   4.053739     0.0883     0.0528    98.6877 2.0362e-04          0     0.5064     0.5182     0.0598     0.1147     4.5910     0.0000     0.0098     0.0000     0.5050     0.5172    34.7796    34.8644    26.2948    26.3668      1.122      1.506      0.420      0.564 0.0000e+00
       7377    307.342    171.085 -106.85996   16.81290    170.000    12.6431    12.6115 4.0466e+04   4.052295     0.0883     0.0536    98.6685 2.0334e-04          0     0.5062     0.5180     0.0598     0.1148     4.5900     0.0000     0.0098     0.0000     0.5046     0.5170    34.7797    34.8633    26.2977    26.3688      1.091      1.488      0.409      0.557 0.0000e+00
       7401    308.352    172.092 -106.85996   16.81290    171.000    12.6376    12.6064 4.0462e+04   4.051800     0.0883     0.0531    98.6816 2.0334e-04          0     0.5061     0.5182     0.0598     0.1148     4.5907     0.0000     0.0098     0.0000     0.5046     0.5169    34.7800    34.8628    26.2991    26.3694      1.181      1.486      0.442      0.557 0.0000e+00
       7426    309.373    173.099 -106.85996   16.81290    172.000    12.6351    12.6039 4.0460e+04   4.051580     0.0868     0.0539    98.6631 1.9522e-04          0     0.5058     0.5182     0.0597     0.1148     4.5898     0.0000     0.0097     0.0000     0.5046     0.5169    34.7800    34.8626    26.2996    26.3698      1.186      1.517      0.444      0.568 0.0000e+00
       7459    310.753    174.106 -106.85996   16.81290    173.000    12.6302    12.5989 4.0456e+04   4.051151     0.0829     0.0535    98.6724 1.9843e-04          0     0.5056     0.5179     0.0593     0.1148     4.5902     0.0000     0.0098     0.0000     0.5046     0.5167    34.7801    34.8627    26.3007    26.3709      1.155      1.457      0.432      0.546 0.0000e+00
       7513    313.011    175.113 -106.85996   16.81292    174.000    12.6253    12.5942 4.0452e+04   4.050729     0.0832     0.0534    98.6745 1.9969e-04          0     0.5056     0.5177     0.0593     0.1148     4.5903     0.0000     0.0098     0.0000     0.5046     0.5167    34.7804    34.8625    26.3019    26.3717      1.167      1.506      0.437      0.564 0.0000e+00
