data/ctd-cnv/KM1919/KM1919-St20-P2/St20_P2_cast29-align-cellTM-derive-bin.cnv
* Sea-Bird SBE 9 Data File:
* FileName = C:\Users\otg\Desktop\CTD Data\km1920\St20_P2_cast29.hex
* Software Version Seasave V 7.26.7.107
* Temperature SN = 5554
* Conductivity SN = 3876
* Number of Bytes Per Scan = 41
* Number of Voltage Words = 4
* Number of Scans Averaged by the Deck Unit = 1
* NMEA Latitude = 16 46.66 N
* NMEA Longitude = 106 52.14 W
* NMEA UTC (Time) = Oct 04 2019  23:43:18
* NMEA baud rate = 4800
** Ship: Kilo Moana
** Station: St20_P2cast 29
** Operator: gr
** NK dusk metabolomics
# nquan = 34
# nvalues = 321                         
# units = specified
# name 0 = scan: Scan Count
# name 1 = timeS: Time, Elapsed [seconds]
# name 2 = prDM: Pressure, Digiquartz [db]
# name 3 = longitude: Longitude [deg]
# name 4 = latitude: Latitude [deg]
# name 5 = depSMignore: Depth [salt water, m]
# name 6 = t090C: Temperature [ITS-90, deg C]
# name 7 = t190C: Temperature, 2 [ITS-90, deg C]
# name 8 = c0uS/cm: Conductivity [uS/cm]
# name 9 = c1S/m: Conductivity, 2 [S/m]
# name 10 = flECO-AFL: Fluorescence, WET Labs ECO-AFL/FL [mg/m^3]
# name 11 = CStarAt0: Beam Attenuation, WET Labs C-Star [1/m]
# name 12 = CStarTr0: Beam Transmission, WET Labs C-Star [%]
# name 13 = par: PAR/Irradiance, Biospherical/Licor
# name 14 = modError: Modulo Error Count
# name 15 = v0: Voltage 0
# name 16 = v1: Voltage 1
# name 17 = v2: Voltage 2
# name 18 = v3: Voltage 3
# name 19 = v4: Voltage 4
# name 20 = v5: Voltage 5
# name 21 = v6: Voltage 6
# name 22 = v7: Voltage 7
# name 23 = sbeox0V: Oxygen raw, SBE 43 [V]
# name 24 = sbeox1V: Oxygen raw, SBE 43, 2 [V]
# name 25 = sal00: Salinity, Practical [PSU]
# name 26 = sal11: Salinity, Practical, 2 [PSU]
# name 27 = sigma-é00: Density [sigma-theta, kg/m^3]
# name 28 = sigma-é11: Density, 2 [sigma-theta, kg/m^3]
# name 29 = sbeox0Mm/L: Oxygen, SBE 43 [umol/l], WS = 2
# name 30 = sbeox1Mm/L: Oxygen, SBE 43, 2 [umol/l], WS = 2
# name 31 = sbeox0PS: Oxygen, SBE 43 [% saturation], WS = 2
# name 32 = sbeox1PS: Oxygen, SBE 43, 2 [% saturation], WS = 2
# name 33 = flag: flag
# span 0 =        -88,      13147       
# span 1 =     -3.698,    547.766       
# span 2 =      1.006,    323.168       
# span 3 = -106.86890, -106.86886       
# span 4 =   16.77750,   16.77754       
# span 5 =      1.000,    321.000       
# span 6 =    10.2090,    29.8122       
# span 7 =    10.1828,    29.7776       
# span 8 = 3.8101e+04, 5.7462e+04       
# span 9 =   3.815594,   5.755166       
# span 10 =     0.0554,     1.7347      
# span 11 =     0.0158,     0.1211      
# span 12 =    97.0168,    99.6050      
# span 13 = 1.7533e-03, 6.7941e+01      
# span 14 =          0,          0      
# span 15 =     0.5042,     2.5006      
# span 16 =     0.5147,     2.4792      
# span 17 =     0.0565,     0.2245      
# span 18 =     0.1149,     0.1184      
# span 19 =     4.5132,     4.6336      
# span 20 =     0.0000,     0.0000      
# span 21 =     0.0164,     2.8465      
# span 22 =     0.0000,     0.0000      
# span 23 =     0.5035,     2.4977      
# span 24 =     0.5138,     2.4770      
# span 25 =    34.4490,    34.7873      
# span 26 =    34.5404,    34.8756      
# span 27 =    21.4367,    26.6592      
# span 28 =    21.5128,    26.7274      
# span 29 =      0.925,    221.795      
# span 30 =      1.133,    232.680      
# span 31 =      0.338,    107.152      
# span 32 =      0.404,    111.938      
# span 33 = 0.0000e+00, 0.0000e+00      
# interval = meters: 1                  
# start_time = Oct 04 2019 23:50:02 [NMEA time, first data scan]
# bad_flag = -9.990e-29
*END*
[from data line 257]
      10294    428.868    259.702 -106.86888   16.77752    258.000    11.4748    11.4423 3.9353e+04   3.940977     0.0760     0.0243    99.3934 1.5796e-02          0     0.5045     0.5162     0.0586     0.1172     4.6237     0.0000     0.0729     0.0000     0.5036     0.5154    34.7457    34.8320    26.4966    26.5697      0.925      1.300      0.338      0.475 0.0000e+00
      10313    429.681    260.710 -106.86888   16.77750    259.000    11.4427    11.4125 3.9321e+04   3.937692     0.0647     0.0241    99.3999 1.4631e-02          0     0.5048     0.5160     0.0575     0.1172     4.6240     0.0000     0.0685     0.0000     0.5036     0.5150    34.7435    34.8272    26.5008    26.5715      1.010      1.188      0.369      0.434 0.0000e+00
      10332    430.453    261.717 -106.86888   16.77750    260.000    11.4219    11.3919 3.9300e+04   3.935643     0.0639     0.0236    99.4121 1.2792e-02          0     0.5047     0.5161     0.0574     0.1177     4.6246     0.0000     0.0617     0.0000     0.5035     0.5148    34.7420    34.8259    26.5035    26.5743      1.030      1.289      0.376      0.471 0.0000e+00
      10351    431.237    262.724 -106.86888   16.77750    261.000    11.4115    11.3811 3.9290e+04   3.934388     0.0639     0.0235    99.4131 1.4356e-02          0     0.5046     0.5161     0.0574     0.1182     4.6247     0.0000     0.0672     0.0000     0.5035     0.5154    34.7417    34.8233    26.5052    26.5743      1.066      1.303      0.389      0.475 0.0000e+00
      10370    432.058    263.731 -106.86888   16.77750    262.000    11.4059    11.3762 3.9285e+04   3.933916     0.0639     0.0237    99.4095 2.0199e-02          0     0.5047     0.5160     0.0574     0.1172     4.6245     0.0000     0.0893     0.0000     0.5036     0.5149    34.7412    34.8228    26.5059    26.5748      1.095      1.202      0.399      0.439 0.0000e+00
      10393    433.008    264.739 -106.86888   16.77750    263.000    11.4029    11.3717 3.9282e+04   3.933502     0.0639     0.0234    99.4151 1.9193e-02          0     0.5044     0.5159     0.0574     0.1172     4.6248     0.0000     0.0856     0.0000     0.5036     0.5149    34.7410    34.8225    26.5063    26.5755      1.014      1.256      0.370      0.458 0.0000e+00
      10421    434.179    265.746 -106.86888   16.77750    264.000    11.3989    11.3693 3.9279e+04   3.933246     0.0639     0.0231    99.4223 1.6580e-02          0     0.5043     0.5158     0.0574     0.1181     4.6251     0.0000     0.0758     0.0000     0.5035     0.5148    34.7412    34.8218    26.5072    26.5754      1.041      1.252      0.380      0.457 0.0000e+00
      10453    435.483    266.753 -106.86888   16.77750    265.000    11.3920    11.3630 3.9272e+04   3.932748     0.0635     0.0235    99.4149 1.6418e-02          0     0.5044     0.5158     0.0574     0.1172     4.6248     0.0000     0.0752     0.0000     0.5035     0.5151    34.7407    34.8224    26.5081    26.5770      1.045      1.305      0.381      0.476 0.0000e+00
      10481    436.677    267.761 -106.86888   16.77750    266.000    11.3800    11.3492 3.9261e+04   3.931518     0.0639     0.0232    99.4213 1.0446e-02          0     0.5043     0.5156     0.0574     0.1172     4.6251     0.0000     0.0522     0.0000     0.5035     0.5150    34.7401    34.8227    26.5099    26.5799      1.045      1.222      0.381      0.445 0.0000e+00
      10504    437.628    268.768 -106.86888   16.77750    267.000    11.3594    11.3292 3.9240e+04   3.929452     0.0639     0.0231    99.4246 1.5596e-02          0     0.5043     0.5158     0.0574     0.1172     4.6253     0.0000     0.0721     0.0000     0.5035     0.5148    34.7388    34.8207    26.5127    26.5820      1.046      1.236      0.381      0.451 0.0000e+00
      10524    438.477    269.775 -106.86888   16.77750    268.000    11.3545    11.3241 3.9236e+04   3.928987     0.0632     0.0231    99.4233 1.5005e-02          0     0.5043     0.5158     0.0573     0.1172     4.6252     0.0000     0.0699     0.0000     0.5035     0.5149    34.7385    34.8205    26.5134    26.5827      1.046      1.296      0.381      0.472 0.0000e+00
      10546    439.364    270.782 -106.86888   16.77750    269.000    11.3447    11.3143 3.9227e+04   3.928080     0.0639     0.0231    99.4233 1.5644e-02          0     0.5043     0.5158     0.0574     0.1172     4.6252     0.0000     0.0725     0.0000     0.5035     0.5148    34.7381    34.8202    26.5149    26.5844      1.046      1.174      0.381      0.428 0.0000e+00
      10574    440.530    271.790 -106.86888   16.77750    270.000    11.3109    11.2800 3.9193e+04   3.924775     0.0636     0.0231    99.4240 1.4997e-02          0     0.5043     0.5156     0.0574     0.1171     4.6252     0.0000     0.0700     0.0000     0.5035     0.5147    34.7361    34.8194    26.5196    26.5900      1.059      1.265      0.385      0.460 0.0000e+00
      10618    442.355    272.797 -106.86888   16.77750    271.000    11.2627    11.2322 3.9145e+04   3.919970     0.0639     0.0224    99.4406 1.1507e-02          0     0.5043     0.5157     0.0574     0.1172     4.6260     0.0000     0.0565     0.0000     0.5035     0.5149    34.7331    34.8165    26.5261    26.5965      1.044      1.269      0.379      0.462 0.0000e+00
      10656    443.977    273.804 -106.86888   16.77750    272.000    11.2332    11.2029 3.9114e+04   3.916945     0.0639     0.0228    99.4305 1.2425e-02          0     0.5043     0.5155     0.0574     0.1172     4.6255     0.0000     0.0601     0.0000     0.5035     0.5149    34.7305    34.8136    26.5295    26.5997      1.050      1.241      0.381      0.451 0.0000e+00
      10679    444.936    274.811 -106.86888   16.77750    273.000    11.2123    11.1819 3.9093e+04   3.914784     0.0639     0.0230    99.4259 1.6914e-02          0     0.5044     0.5158     0.0574     0.1171     4.6253     0.0000     0.0773     0.0000     0.5035     0.5149    34.7286    34.8116    26.5319    26.6020      1.050      1.289      0.382      0.468 0.0000e+00
      10698    445.689    275.819 -106.86888   16.77750    274.000    11.1963    11.1656 3.9077e+04   3.913171     0.0639     0.0230    99.4249 1.1974e-02          0     0.5043     0.5156     0.0574     0.1172     4.6253     0.0000     0.0585     0.0000     0.5035     0.5151    34.7271    34.8106    26.5336    26.6042      1.094      1.296      0.397      0.471 0.0000e+00
      10714    446.360    276.826 -106.86888   16.77750    275.000    11.1823    11.1516 3.9063e+04   3.911817     0.0687     0.0224    99.4421 1.2959e-02          0     0.5043     0.5157     0.0579     0.1172     4.6261     0.0000     0.0623     0.0000     0.5037     0.5149    34.7263    34.8098    26.5356    26.6062      1.108      1.259      0.402      0.457 0.0000e+00
      10730    447.022    277.833 -106.86888   16.77750    276.000    11.1640    11.1325 3.9045e+04   3.909879     0.0753     0.0221    99.4495 1.5368e-02          0     0.5043     0.5158     0.0585     0.1172     4.6264     0.0000     0.0715     0.0000     0.5036     0.5151    34.7249    34.8082    26.5377    26.6084      1.042      1.332      0.378      0.483 0.0000e+00
      10746    447.691    278.841 -106.86888   16.77750    277.000    11.1436    11.1118 3.9025e+04   3.907947     0.0656     0.0221    99.4495 1.8738e-02          0     0.5043     0.5156     0.0576     0.1172     4.6264     0.0000     0.0841     0.0000     0.5035     0.5149    34.7236    34.8081    26.5405    26.6121      1.031      1.212      0.374      0.440 0.0000e+00
      10763    448.413    279.848 -106.86888   16.77750    278.000    11.1006    11.0673 3.8980e+04   3.903699     0.0639     0.0222    99.4467 1.4212e-02          0     0.5043     0.5156     0.0574     0.1172     4.6263     0.0000     0.0670     0.0000     0.5036     0.5147    34.7198    34.8074    26.5453    26.6197      1.047      1.188      0.379      0.430 0.0000e+00
      10784    449.279    280.856 -106.86888   16.77750    279.000    11.0418    11.0097 3.8920e+04   3.897678     0.0663     0.0217    99.4599 1.7403e-02          0     0.5043     0.5158     0.0576     0.1172     4.6269     0.0000     0.0790     0.0000     0.5035     0.5149    34.7151    34.8015    26.5524    26.6255      1.046      1.327      0.379      0.480 0.0000e+00
      10814    450.531    281.863 -106.86888   16.77750    280.000    11.0112    10.9802 3.8890e+04   3.894447     0.0759     0.0220    99.4514 1.4575e-02          0     0.5044     0.5158     0.0586     0.1172     4.6265     0.0000     0.0684     0.0000     0.5035     0.5148    34.7133    34.7968    26.5565    26.6272      1.093      1.211      0.395      0.438 0.0000e+00
      10861    452.501    282.870 -106.86888   16.77750    281.000    10.9686    10.9399 3.8848e+04   3.890332     0.0687     0.0215    99.4647 1.3213e-02          0     0.5043     0.5156     0.0579     0.1161     4.6271     0.0000     0.0632     0.0000     0.5036     0.5149    34.7106    34.7935    26.5621    26.6318      1.062      1.332      0.384      0.481 0.0000e+00
      10898    454.029    283.877 -106.86888   16.77750    282.000    10.9225    10.8914 3.8801e+04   3.885839     0.0745     0.0214    99.4672 1.3748e-02          0     0.5043     0.5156     0.0584     0.1172     4.6272     0.0000     0.0650     0.0000     0.5035     0.5149    34.7075    34.7941    26.5680    26.6411      1.024      1.218      0.370      0.440 0.0000e+00
      10921    455.021    284.885 -106.86888   16.77750    283.000    10.8552    10.8237 3.8733e+04   3.879013     0.0733     0.0220    99.4525 1.4430e-02          0     0.5045     0.5156     0.0583     0.1172     4.6265     0.0000     0.0679     0.0000     0.5035     0.5149    34.7027    34.7895    26.5763    26.6496      1.062      1.343      0.382      0.484 0.0000e+00
      10942    455.884    285.892 -106.86888   16.77750    284.000    10.8198    10.7891 3.8697e+04   3.875283     0.0699     0.0210    99.4752 1.3340e-02          0     0.5043     0.5156     0.0580     0.1171     4.6276     0.0000     0.0636     0.0000     0.5035     0.5149    34.6998    34.7846    26.5805    26.6520      1.062      1.234      0.382      0.444 0.0000e+00
      10962    456.702    286.899 -106.86888   16.77750    285.000    10.8047    10.7743 3.8683e+04   3.873732     0.0650     0.0200    99.5011 1.0740e-02          0     0.5044     0.5159     0.0575     0.1170     4.6288     0.0000     0.0534     0.0000     0.5035     0.5148    34.6996    34.7827    26.5830    26.6532      1.062      1.168      0.382      0.421 0.0000e+00
      10981    457.495    287.907 -106.86888   16.77750    286.000    10.7815    10.7509 3.8660e+04   3.871473     0.0760     0.0201    99.5006 8.1929e-03          0     0.5043     0.5157     0.0586     0.1154     4.6287     0.0000     0.0432     0.0000     0.5035     0.5147    34.6980    34.7818    26.5858    26.6567      1.063      1.215      0.383      0.437 0.0000e+00
      11000    458.305    288.914 -106.86888   16.77750    287.000    10.7712    10.7414 3.8650e+04   3.870375     0.0658     0.0197    99.5085 4.2199e-03          0     0.5043     0.5156     0.0576     0.1168     4.6291     0.0000     0.0269     0.0000     0.5035     0.5146    34.6975    34.7794    26.5873    26.6565      1.063      1.217      0.383      0.438 0.0000e+00
      11021    459.185    289.922 -106.86888   16.77750    288.000    10.7655    10.7357 3.8645e+04   3.869835     0.0639     0.0200    99.5019 7.2527e-03          0     0.5043     0.5159     0.0574     0.1159     4.6288     0.0000     0.0393     0.0000     0.5035     0.5146    34.6973    34.7789    26.5882    26.6571      1.064      1.216      0.383      0.437 0.0000e+00
      11044    460.139    290.929 -106.86888   16.77750    289.000    10.7594    10.7297 3.8639e+04   3.869244     0.0639     0.0200    99.5009 8.4908e-03          0     0.5043     0.5155     0.0574     0.1160     4.6287     0.0000     0.0446     0.0000     0.5035     0.5145    34.6966    34.7782    26.5888    26.6577      1.064      1.211      0.383      0.436 0.0000e+00
      11070    461.214    291.936 -106.86888   16.77750    290.000    10.7556    10.7259 3.8637e+04   3.868899     0.0695     0.0206    99.4863 1.1001e-02          0     0.5043     0.5154     0.0580     0.1171     4.6281     0.0000     0.0545     0.0000     0.5035     0.5146    34.6971    34.7779    26.5899    26.6581      1.064      1.220      0.383      0.439 0.0000e+00
      11101    462.495    292.944 -106.86888   16.77750    291.000    10.7525    10.7229 3.8634e+04   3.868643     0.0749     0.0200    99.5017 8.6075e-03          0     0.5043     0.5154     0.0585     0.1172     4.6288     0.0000     0.0448     0.0000     0.5035     0.5145    34.6971    34.7777    26.5904    26.6586      1.064      1.231      0.383      0.443 0.0000e+00
      11132    463.810    293.951 -106.86888   16.77750    292.000    10.7457    10.7160 3.8628e+04   3.868093     0.0646     0.0198    99.5075 6.0835e-03          0     0.5043     0.5153     0.0575     0.1171     4.6291     0.0000     0.0345     0.0000     0.5035     0.5146    34.6970    34.7784    26.5916    26.6603      1.065      1.246      0.383      0.448 0.0000e+00
      11159    464.913    294.959 -106.86888   16.77750    293.000    10.7210    10.6906 3.8603e+04   3.865710     0.0752     0.0193    99.5197 6.4144e-03          0     0.5043     0.5154     0.0585     0.1152     4.6296     0.0000     0.0359     0.0000     0.5035     0.5147    34.6955    34.7781    26.5948    26.6646      1.065      1.269      0.383      0.456 0.0000e+00
      11184    465.955    295.966 -106.86888   16.77750    294.000    10.6945    10.6640 3.8577e+04   3.863122     0.0642     0.0189    99.5274 8.7625e-03          0     0.5043     0.5153     0.0574     0.1170     4.6300     0.0000     0.0455     0.0000     0.5035     0.5146    34.6935    34.7770    26.5980    26.6685      1.066      1.232      0.383      0.443 0.0000e+00
      11208    466.973    296.973 -106.86888   16.77750    295.000    10.6723    10.6425 3.8555e+04   3.860796     0.0740     0.0194    99.5174 5.6761e-03          0     0.5043     0.5153     0.0584     0.1172     4.6295     0.0000     0.0329     0.0000     0.5035     0.5146    34.6917    34.7736    26.6005    26.6697      1.067      1.238      0.383      0.444 0.0000e+00
      11232    467.943    297.981 -106.86888   16.77750    296.000    10.6609    10.6309 3.8543e+04   3.859651     0.0651     0.0189    99.5281 6.3766e-03          0     0.5043     0.5155     0.0575     0.1172     4.6300     0.0000     0.0359     0.0000     0.5035     0.5146    34.6909    34.7727    26.6019    26.6710      1.067      1.178      0.383      0.423 0.0000e+00
      11256    468.970    298.988 -106.86888   16.77750    297.000    10.6572    10.6277 3.8541e+04   3.859275     0.0727     0.0187    99.5333 5.3872e-03          0     0.5043     0.5155     0.0583     0.1172     4.6303     0.0000     0.0317     0.0000     0.5035     0.5145    34.6911    34.7714    26.6028    26.6706      1.068      1.202      0.383      0.431 0.0000e+00
      11286    470.188    299.996 -106.86888   16.77750    298.000    10.6560    10.6266 3.8540e+04   3.859202     0.0658     0.0189    99.5291 5.0115e-03          0     0.5043     0.5155     0.0576     0.1172     4.6300     0.0000     0.0301     0.0000     0.5035     0.5144    34.6909    34.7714    26.6028    26.6708      1.068      1.185      0.383      0.425 0.0000e+00
