data/ctd-cnv/KM1919/KM1919-St20-P2/St20_P2_cast39-align-cellTM-derive-bin.cnv
* Sea-Bird SBE 9 Data File:
* FileName = C:\Users\otg\Desktop\CTD Data\km1920\St20_P2_cast39.hex
* Software Version Seasave V 7.26.7.107
* Temperature SN = 5554
* Conductivity SN = 3876
* Number of Bytes Per Scan = 41
* Number of Voltage Words = 4
* Number of Scans Averaged by the Deck Unit = 1
* NMEA Latitude = 16 46.06 N
* NMEA Longitude = 106 49.30 W
* NMEA UTC (Time) = Oct 07 2019  20:35:33
* NMEA baud rate = 4800
** Ship: Kilo Moana
** Station: St20_P2cast 39
** Operator: gr
** HiC/Metagenome
# nquan = 34
# nvalues = 504                         
# units = specified
# name 0 = scan: Scan Count
# name 1 = timeS: Time, Elapsed [seconds]
# name 2 = prDM: Pressure, Digiquartz [db]
# name 3 = longitude: Longitude [deg]
# name 4 = latitude: Latitude [deg]
# name 5 = depSMignore: Depth [salt water, m]
# name 6 = t090C: Temperature [ITS-90, deg C]
# name 7 = t190C: Temperature, 2 [ITS-90, deg C]
# name 8 = c0uS/cm: Conductivity [uS/cm]
# name 9 = c1S/m: Conductivity, 2 [S/m]
# name 10 = flECO-AFL: Fluorescence, WET Labs ECO-AFL/FL [mg/m^3]
# name 11 = CStarAt0: Beam Attenuation, WET Labs C-Star [1/m]
# name 12 = CStarTr0: Beam Transmission, WET Labs C-Star [%]
# name 13 = par: PAR/Irradiance, Biospherical/Licor
# name 14 = modError: Modulo Error Count
# name 15 = v0: Voltage 0
# name 16 = v1: Voltage 1
# name 17 = v2: Voltage 2
# name 18 = v3: Voltage 3
# name 19 = v4: Voltage 4
# name 20 = v5: Voltage 5
# name 21 = v6: Voltage 6
# name 22 = v7: Voltage 7
# name 23 = sbeox0V: Oxygen raw, SBE 43 [V]
# name 24 = sbeox1V: Oxygen raw, SBE 43, 2 [V]
# name 25 = sal00: Salinity, Practical [PSU]
# name 26 = sal11: Salinity, Practical, 2 [PSU]
# name 27 = sigma-é00: Density [sigma-theta, kg/m^3]
# name 28 = sigma-é11: Density, 2 [sigma-theta, kg/m^3]
# name 29 = sbeox0Mm/L: Oxygen, SBE 43 [umol/l], WS = 2
# name 30 = sbeox1Mm/L: Oxygen, SBE 43, 2 [umol/l], WS = 2
# name 31 = sbeox0PS: Oxygen, SBE 43 [% saturation], WS = 2
# name 32 = sbeox1PS: Oxygen, SBE 43, 2 [% saturation], WS = 2
# name 33 = flag: flag
# span 0 =        166,      20130       
# span 1 =      6.883,    838.724       
# span 2 =      1.006,    507.629       
# span 3 = -106.82174, -106.82162       
# span 4 =   16.76755,   16.76768       
# span 5 =      1.000,    504.000       
# span 6 =     7.7227,    29.8391       
# span 7 =     7.6952,    29.8028       
# span 8 = 3.5772e+04, 5.7579e+04       
# span 9 =   3.582138,   5.766796       
# span 10 =     0.0242,     1.8411      
# span 11 =     0.0215,     0.1343      
# span 12 =    96.6973,    99.4641      
# span 13 = 4.6148e-04, 1.5844e+03      
# span 14 =          0,          0      
# span 15 =     0.5031,     2.4993      
# span 16 =     0.5110,     2.4828      
# span 17 =     0.0534,     0.2352      
# span 18 =     0.1124,     0.1185      
# span 19 =     4.4984,     4.6271      
# span 20 =     0.0000,     0.0000      
# span 21 =     0.0109,     4.1661      
# span 22 =     0.0000,     0.0000      
# span 23 =     0.5023,     2.4945      
# span 24 =     0.5105,     2.4825      
# span 25 =    34.2796,    34.7846      
# span 26 =    34.3696,    34.8785      
# span 27 =    21.4727,    26.9764      
# span 28 =    21.5497,    27.0438      
# span 29 =      0.752,    229.768      
# span 30 =     -0.283,    240.396      
# span 31 =      0.255,    107.314      
# span 32 =     -0.096,    112.016      
# span 33 = 0.0000e+00, 0.0000e+00      
# interval = meters: 1                  
# start_time = Oct 07 2019 20:45:27 [NMEA time, first data scan]
# bad_flag = -9.990e-29
*END*
[from data line 427]
      16773    698.837    431.002 -106.82170   16.76758    428.000     8.4740     8.4457 3.6454e+04   3.650328     0.0701     0.0231    99.4233 1.0428e-03          0     0.5034     0.5139     0.0580     0.1172     4.6252     0.0000     0.0134     0.0000     0.5025     0.5135    34.5830    34.6630    26.8814    26.9485      0.982      1.279      0.336      0.437 0.0000e+00
      16788    699.476    432.010 -106.82170   16.76758    429.000     8.4725     8.4444 3.6453e+04   3.650236     0.0662     0.0231    99.4233 1.0428e-03          0     0.5033     0.5137     0.0576     0.1171     4.6252     0.0000     0.0134     0.0000     0.5025     0.5134    34.5828    34.6628    26.8815    26.9485      0.903      1.189      0.309      0.406 0.0000e+00
      16803    700.081    433.018 -106.82170   16.76758    430.000     8.4712     8.4434 3.6452e+04   3.650169     0.0673     0.0235    99.4143 1.0428e-03          0     0.5033     0.5142     0.0577     0.1170     4.6248     0.0000     0.0134     0.0000     0.5025     0.5136    34.5828    34.6627    26.8816    26.9486      0.871      1.023      0.298      0.350 0.0000e+00
      16818    700.694    434.026 -106.82170   16.76758    431.000     8.4667     8.4386 3.6448e+04   3.649851     0.0687     0.0231    99.4231 1.0428e-03          0     0.5034     0.5137     0.0579     0.1171     4.6252     0.0000     0.0134     0.0000     0.5023     0.5133    34.5829    34.6635    26.8824    26.9499      0.912      0.934      0.312      0.319 0.0000e+00
      16833    701.343    435.034 -106.82170   16.76758    432.000     8.4379     8.4101 3.6421e+04   3.647635     0.0669     0.0235    99.4130 1.0428e-03          0     0.5032     0.5139     0.0577     0.1172     4.6247     0.0000     0.0134     0.0000     0.5024     0.5129    34.5816    34.6675    26.8859    26.9575      0.973      1.017      0.333      0.348 0.0000e+00
      16851    702.097    436.043 -106.82170   16.76758    433.000     8.3906     8.3632 3.6376e+04   3.642925     0.0692     0.0237    99.4078 1.0428e-03          0     0.5034     0.5140     0.0579     0.1172     4.6244     0.0000     0.0134     0.0000     0.5024     0.5132    34.5794    34.6632    26.8914    26.9613      0.994      1.155      0.339      0.394 0.0000e+00
      16911    704.604    437.051 -106.82170   16.76758    434.000     8.3943     8.3761 3.6380e+04   3.643787     0.0672     0.0233    99.4177 1.0428e-03          0     0.5032     0.5139     0.0577     0.1170     4.6249     0.0000     0.0134     0.0000     0.5024     0.5130    34.5802    34.6592    26.8914    26.9562      0.983      1.070      0.335      0.365 0.0000e+00
      17012    708.803    438.059 -106.82170   16.76758    435.000     8.4147     8.3875 3.6401e+04   3.645309     0.0628     0.0231    99.4242 1.0428e-03          0     0.5032     0.5134     0.0573     0.1172     4.6252     0.0000     0.0134     0.0000     0.5025     0.5132    34.5821    34.6636    26.8898    26.9580      0.979      1.081      0.334      0.369 0.0000e+00
      17044    710.125    439.067 -106.82170   16.76758    436.000     8.3785     8.3464 3.6366e+04   3.641344     0.0647     0.0228    99.4321 1.0428e-03          0     0.5032     0.5140     0.0575     0.1172     4.6256     0.0000     0.0134     0.0000     0.5024     0.5132    34.5793    34.6615    26.8932    26.9626      0.923      0.966      0.315      0.330 0.0000e+00
      17073    711.334    440.075 -106.82170   16.76758    437.000     8.3597     8.3302 3.6348e+04   3.639702     0.0648     0.0229    99.4280 1.0428e-03          0     0.5034     0.5140     0.0575     0.1172     4.6254     0.0000     0.0134     0.0000     0.5024     0.5131    34.5783    34.6595    26.8953    26.9635      0.997      1.142      0.340      0.389 0.0000e+00
      17099    712.422    441.083 -106.82172   16.76758    438.000     8.3498     8.3217 3.6338e+04   3.638833     0.0649     0.0224    99.4428 1.0428e-03          0     0.5033     0.5138     0.0575     0.1172     4.6261     0.0000     0.0134     0.0000     0.5024     0.5132    34.5776    34.6581    26.8963    26.9637      0.937      1.021      0.320      0.348 0.0000e+00
      17123    713.429    442.091 -106.82172   16.76758    439.000     8.3486     8.3209 3.6338e+04   3.638763     0.0660     0.0222    99.4475 1.0428e-03          0     0.5033     0.5140     0.0576     0.1171     4.6263     0.0000     0.0134     0.0000     0.5023     0.5131    34.5784    34.6577    26.8971    26.9635      0.955      1.104      0.326      0.376 0.0000e+00
      17146    714.368    443.099 -106.82172   16.76758    440.000     8.3416     8.3141 3.6332e+04   3.638210     0.0672     0.0231    99.4230 1.0428e-03          0     0.5031     0.5137     0.0577     0.1171     4.6252     0.0000     0.0134     0.0000     0.5025     0.5130    34.5784    34.6580    26.8982    26.9648      1.025      1.014      0.349      0.346 0.0000e+00
      17166    715.228    444.107 -106.82172   16.76758    441.000     8.3349     8.3070 3.6326e+04   3.637588     0.0670     0.0231    99.4233 1.0428e-03          0     0.5033     0.5141     0.0577     0.1171     4.6252     0.0000     0.0134     0.0000     0.5025     0.5134    34.5778    34.6579    26.8987    26.9658      1.105      1.180      0.377      0.402 0.0000e+00
      17187    716.070    445.116 -106.82172   16.76758    442.000     8.3098     8.2803 3.6302e+04   3.635339     0.0651     0.0232    99.4208 1.0297e-03          0     0.5033     0.5137     0.0575     0.1171     4.6251     0.0000     0.0133     0.0000     0.5028     0.5131    34.5763    34.6598    26.9013    26.9714      0.976      1.003      0.333      0.342 0.0000e+00
      17208    716.976    446.124 -106.82172   16.76758    443.000     8.2779     8.2498 3.6272e+04   3.632271     0.0645     0.0231    99.4233 1.0428e-03          0     0.5032     0.5140     0.0575     0.1171     4.6252     0.0000     0.0134     0.0000     0.5024     0.5131    34.5747    34.6567    26.9050    26.9736      0.908      0.932      0.309      0.317 0.0000e+00
      17233    718.018    447.132 -106.82172   16.76758    444.000     8.2645     8.2365 3.6259e+04   3.631013     0.0656     0.0231    99.4233 1.0328e-03          0     0.5033     0.5137     0.0576     0.1172     4.6252     0.0000     0.0134     0.0000     0.5025     0.5127    34.5746    34.6559    26.9069    26.9750      0.931      1.009      0.317      0.343 0.0000e+00
      17312    721.273    448.140 -106.82172   16.76758    445.000     8.2606     8.2368 3.6256e+04   3.630844     0.0694     0.0228    99.4312 1.0415e-03          0     0.5033     0.5136     0.0579     0.1172     4.6256     0.0000     0.0134     0.0000     0.5025     0.5128    34.5743    34.6534    26.9073    26.9730      0.994      1.040      0.338      0.354 0.0000e+00
      17415    725.570    449.148 -106.82171   16.76760    446.000     8.2671     8.2368 3.6264e+04   3.631333     0.0672     0.0231    99.4227 1.0428e-03          0     0.5031     0.5133     0.0577     0.1185     4.6252     0.0000     0.0134     0.0000     0.5024     0.5131    34.5755    34.6581    26.9073    26.9767      0.859      1.010      0.292      0.344 0.0000e+00
      17429    726.165    450.156 -106.82170   16.76760    447.000     8.2184     8.1888 3.6217e+04   3.626965     0.0607     0.0225    99.4395 1.0428e-03          0     0.5032     0.5136     0.0571     0.1171     4.6259     0.0000     0.0134     0.0000     0.5025     0.5131    34.5730    34.6583    26.9127    26.9841      0.974      1.020      0.331      0.347 0.0000e+00
      17444    726.783    451.164 -106.82170   16.76760    448.000     8.2049     8.1765 3.6205e+04   3.625480     0.0604     0.0222    99.4459 1.0428e-03          0     0.5034     0.5138     0.0571     0.1172     4.6262     0.0000     0.0134     0.0000     0.5024     0.5128    34.5737    34.6541    26.9153    26.9827      0.925      1.066      0.315      0.362 0.0000e+00
      17457    727.340    452.172 -106.82170   16.76760    449.000     8.2006     8.1732 3.6202e+04   3.625177     0.0620     0.0223    99.4455 1.0210e-03          0     0.5038     0.5138     0.0572     0.1172     4.6262     0.0000     0.0133     0.0000     0.5023     0.5134    34.5733    34.6537    26.9156    26.9829      0.954      1.220      0.324      0.415 0.0000e+00
      17470    727.868    453.181 -106.82170   16.76760    450.000     8.1944     8.1657 3.6196e+04   3.624584     0.0639     0.0225    99.4395 1.0425e-03          0     0.5035     0.5139     0.0574     0.1171     4.6259     0.0000     0.0134     0.0000     0.5025     0.5132    34.5733    34.6543    26.9166    26.9845      0.998      0.898      0.339      0.305 0.0000e+00
      17483    728.396    454.189 -106.82170   16.76760    451.000     8.1833     8.1558 3.6186e+04   3.623658     0.0659     0.0227    99.4342 1.0194e-03          0     0.5035     0.5139     0.0576     0.1172     4.6257     0.0000     0.0133     0.0000     0.5024     0.5131    34.5729    34.6537    26.9179    26.9856      0.930      0.892      0.316      0.303 0.0000e+00
      17496    728.949    455.197 -106.82170   16.76760    452.000     8.1700     8.1411 3.6174e+04   3.622450     0.0639     0.0229    99.4286 1.0424e-03          0     0.5032     0.5139     0.0574     0.1171     4.6254     0.0000     0.0134     0.0000     0.5023     0.5123    34.5722    34.6548    26.9194    26.9886      0.919      0.804      0.312      0.273 0.0000e+00
      17513    729.654    456.205 -106.82170   16.76760    453.000     8.1395     8.1099 3.6145e+04   3.619689     0.0662     0.0231    99.4235 1.0294e-03          0     0.5033     0.5138     0.0576     0.1171     4.6252     0.0000     0.0133     0.0000     0.5024     0.5129    34.5715    34.6556    26.9235    26.9940      1.040      1.120      0.353      0.380 0.0000e+00
      17627    734.422    457.214 -106.82170   16.76759    454.000     8.1469     8.1292 3.6152e+04   3.621023     0.0645     0.0232    99.4203 1.0470e-03          0     0.5031     0.5136     0.0575     0.1175     4.6250     0.0000     0.0134     0.0000     0.5029     0.5131    34.5709    34.6504    26.9219    26.9870      0.975      1.059      0.331      0.359 0.0000e+00
      17676    736.476    458.222 -106.82170   16.76760    455.000     8.1471     8.1145 3.6155e+04   3.620447     0.0669     0.0230    99.4247 1.0290e-03          0     0.5034     0.5132     0.0577     0.1178     4.6253     0.0000     0.0133     0.0000     0.5025     0.5128    34.5734    34.6583    26.9238    26.9954      0.752      0.920      0.255      0.312 0.0000e+00
      17695    737.267    459.230 -106.82170   16.76760    456.000     8.0504     8.0224 3.6062e+04   3.611585     0.0668     0.0226    99.4360 9.8858e-04          0     0.5032     0.5133     0.0577     0.1174     4.6258     0.0000     0.0132     0.0000     0.5024     0.5131    34.5683    34.6539    26.9343    27.0057      0.904      1.121      0.306      0.380 0.0000e+00
      17715    738.084    460.238 -106.82170   16.76760    457.000     8.0498     8.0224 3.6062e+04   3.611214     0.0652     0.0231    99.4245 9.8020e-04          0     0.5036     0.5140     0.0575     0.1184     4.6253     0.0000     0.0131     0.0000     0.5023     0.5128    34.5693    34.6494    26.9352    27.0022      0.955      1.032      0.324      0.349 0.0000e+00
      17734    738.894    461.246 -106.82170   16.76760    458.000     8.0491     8.0217 3.6062e+04   3.611132     0.0651     0.0226    99.4360 9.8955e-04          0     0.5037     0.5139     0.0575     0.1183     4.6258     0.0000     0.0132     0.0000     0.5024     0.5130    34.5691    34.6488    26.9351    27.0018      0.991      0.862      0.336      0.292 0.0000e+00
      17756    739.804    462.255 -106.82168   16.76760    459.000     8.0489     8.0216 3.6062e+04   3.611153     0.0649     0.0223    99.4450 9.7279e-04          0     0.5033     0.5136     0.0575     0.1175     4.6262     0.0000     0.0131     0.0000     0.5024     0.5125    34.5688    34.6486    26.9350    27.0017      0.983      2.512      0.333      0.851 0.0000e+00
      17786    741.045    463.263 -106.82168   16.76760    460.000     8.0492     8.0217 3.6063e+04   3.611201     0.0664     0.0227    99.4335 9.3387e-04          0     0.5031     0.5137     0.0576     0.1172     4.6257     0.0000     0.0129     0.0000     0.5024     0.5150    34.5692    34.6486    26.9352    27.0017      0.953     -0.011      0.323     -0.004 0.0000e+00
      17845    743.501    464.271 -106.82168   16.76758    461.000     8.0487     8.0215 3.6063e+04   3.611221     0.0661     0.0220    99.4518 9.0927e-04          0     0.5032     0.5155     0.0576     0.1172     4.6265     0.0000     0.0128     0.0000     0.5023     0.5126    34.5694    34.6485    26.9355    27.0017      0.991      1.516      0.336      0.513 0.0000e+00
      17898    745.702    465.279 -106.82168   16.76758    462.000     8.0487     8.0213 3.6064e+04   3.611263     0.0652     0.0216    99.4622 8.7831e-04          0     0.5031     0.5110     0.0575     0.1172     4.6270     0.0000     0.0127     0.0000     0.5025     0.5105    34.5697    34.6487    26.9358    27.0019      0.948     -0.283      0.321     -0.096 0.0000e+00
      17927    746.918    466.287 -106.82168   16.76758    463.000     8.0478     8.0210 3.6063e+04   3.611284     0.0644     0.0224    99.4411 8.0697e-04          0     0.5031     0.5116     0.0574     0.1175     4.6260     0.0000     0.0124     0.0000     0.5023     0.5113    34.5696    34.6488    26.9358    27.0020      0.942      1.507      0.319      0.510 0.0000e+00
      17951    747.900    467.295 -106.82168   16.76758    464.000     8.0473     8.0199 3.6063e+04   3.611248     0.0655     0.0222    99.4471 8.1090e-04          0     0.5032     0.5167     0.0576     0.1180     4.6263     0.0000     0.0124     0.0000     0.5024     0.5127    34.5696    34.6489    26.9359    27.0023      0.991      0.691      0.336      0.234 0.0000e+00
      17974    748.890    468.304 -106.82168   16.76758    465.000     8.0437     8.0158 3.6060e+04   3.610938     0.0663     0.0223    99.4443 8.2902e-04          0     0.5033     0.5112     0.0576     0.1172     4.6262     0.0000     0.0125     0.0000     0.5024     0.5120    34.5693    34.6492    26.9363    27.0031      1.015      1.405      0.344      0.476 0.0000e+00
      18002    750.049    469.312 -106.82169   16.76759    466.000     8.0397     8.0119 3.6057e+04   3.610582     0.0643     0.0227    99.4348 7.9992e-04          0     0.5031     0.5117     0.0574     0.1172     4.6257     0.0000     0.0124     0.0000     0.5024     0.5126    34.5694    34.6488    26.9369    27.0034      0.923      0.534      0.313      0.181 0.0000e+00
      18038    751.547    470.320 -106.82170   16.76760    467.000     8.0322     8.0047 3.6050e+04   3.610020     0.0651     0.0228    99.4325 8.3200e-04          0     0.5031     0.5129     0.0575     0.1179     4.6256     0.0000     0.0125     0.0000     0.5024     0.5122    34.5691    34.6494    26.9378    27.0050      1.061      1.082      0.359      0.366 0.0000e+00
      18076    753.124    471.328 -106.82170   16.76760    468.000     7.9979     7.9670 3.6018e+04   3.606688     0.0696     0.0230    99.4255 7.7736e-04          0     0.5032     0.5141     0.0580     0.1171     4.6253     0.0000     0.0123     0.0000     0.5025     0.5124    34.5683    34.6505    26.9423    27.0115      0.968      1.162      0.327      0.393 0.0000e+00
      18106    754.359    472.337 -106.82170   16.76760    469.000     7.9394     7.9095 3.5963e+04   3.601549     0.0822     0.0226    99.4358 7.6145e-04          0     0.5031     0.5118     0.0592     0.1172     4.6258     0.0000     0.0122     0.0000     0.5026     0.5129    34.5661    34.6517    26.9493    27.0210      1.057      0.921      0.357      0.311 0.0000e+00
