data/ctd-cnv/KM1919/KM1919-St20-P2/St20_P2_cast61-align-cellTM-derive-bin.cnv
* Sea-Bird SBE 9 Data File:
* FileName = C:\Users\otg\Desktop\CTD Data\km1920\St20_P2_cast61.hex
* Software Version Seasave V 7.26.7.107
* Temperature SN = 5554
* Conductivity SN = 3876
* Number of Bytes Per Scan = 41
* Number of Voltage Words = 4
* Number of Scans Averaged by the Deck Unit = 1
* NMEA Latitude = 16 53.44 N
* NMEA Longitude = 106 49.86 W
* NMEA UTC (Time) = Oct 13 2019  05:00:01
* NMEA baud rate = 4800
** Ship: Kilo Moana
** Station: St20_P2 cast 61
** Operator: jac
# nquan = 34
# nvalues = 702                         
# units = specified
# name 0 = scan: Scan Count
# name 1 = timeS: Time, Elapsed [seconds]
# name 2 = prDM: Pressure, Digiquartz [db]
# name 3 = longitude: Longitude [deg]
# name 4 = latitude: Latitude [deg]
# name 5 = depSM: Depth [salt water, m]
# name 6 = t090C: Temperature [ITS-90, deg C]
# name 7 = t190C: Temperature, 2 [ITS-90, deg C]
# name 8 = c0uS/cm: Conductivity [uS/cm]
# name 9 = c1S/m: Conductivity, 2 [S/m]
# name 10 = flECO-AFL: Fluorescence, WET Labs ECO-AFL/FL [mg/m^3]
# name 11 = CStarAt0: Beam Attenuation, WET Labs C-Star [1/m]
# name 12 = CStarTr0: Beam Transmission, WET Labs C-Star [%]
# name 13 = par: PAR/Irradiance, Biospherical/Licor
# name 14 = modError: Modulo Error Count
# name 15 = v0: Voltage 0
# name 16 = v1: Voltage 1
# name 17 = v2: Voltage 2
# name 18 = v3: Voltage 3
# name 19 = v4: Voltage 4
# name 20 = v5: Voltage 5
# name 21 = v6: Voltage 6
# name 22 = v7: Voltage 7
# name 23 = sbeox0V: Oxygen raw, SBE 43 [V]
# name 24 = sbeox1V: Oxygen raw, SBE 43, 2 [V]
# name 25 = sal00: Salinity, Practical [PSU]
# name 26 = sal11: Salinity, Practical, 2 [PSU]
# name 27 = sigma-é00: Density [sigma-theta, kg/m^3]
# name 28 = sigma-é11: Density, 2 [sigma-theta, kg/m^3]
# name 29 = sbeox0Mm/L: Oxygen, SBE 43 [umol/l], WS = 2
# name 30 = sbeox1Mm/L: Oxygen, SBE 43, 2 [umol/l], WS = 2
# name 31 = sbeox0PS: Oxygen, SBE 43 [% saturation], WS = 2
# name 32 = sbeox1PS: Oxygen, SBE 43, 2 [% saturation], WS = 2
# name 33 = flag: flag
# span 0 =         64,      25039       
# span 1 =      2.614,   1043.236       
# span 2 =      4.024,    710.426       
# span 3 = -106.83106, -106.83094       
# span 4 =   16.89058,   16.89068       
# span 5 =      4.000,    705.000       
# span 6 =     5.9825,    28.9231       
# span 7 =     5.9567,    28.8823       
# span 8 = 3.4253e+04, 5.6399e+04       
# span 9 =   3.430012,   5.647939       
# span 10 =     0.0531,     1.4817      
# span 11 =     0.0364,     0.1258      
# span 12 =    96.9035,    99.0946      
# span 13 = -1.376e-06, 2.9253e+00      
# span 14 =          0,          0      
# span 15 =     0.5029,     2.5046      
# span 16 =     0.5117,     2.4906      
# span 17 =     0.0563,     0.1991      
# span 18 =     0.1140,     0.1214      
# span 19 =     4.5080,     4.6099      
# span 20 =     0.0000,     0.0000      
# span 21 =     0.0085,     1.4754      
# span 22 =     0.0000,     0.0000      
# span 23 =     0.5021,     2.5013      
# span 24 =     0.5112,     2.4886      
# span 25 =    34.2763,    34.7881      
# span 26 =    34.3641,    34.8748      
# span 27 =    21.6168,    27.1939      
# span 28 =    21.6940,    27.2602      
# span 29 =      0.692,    232.629      
# span 30 =     -0.043,    242.522      
# span 31 =      0.250,    107.744      
# span 32 =     -0.015,    112.569      
# span 33 = 0.0000e+00, 0.0000e+00      
# interval = meters: 1                  
# start_time = Oct 13 2019 05:08:46 [NMEA time, first data scan]
# bad_flag = -9.990e-29
*END*
[from data line 555]
      20677    861.495    563.103 -106.83106   16.89068    559.000     7.1424     7.1026 3.5251e+04   3.528584     0.0639     0.0390    99.0295 9.9110e-05          0     0.5031     0.5132     0.0574     0.1172     4.6068     0.0000     0.0091     0.0000     0.5024     0.5125    34.5427    34.6205    27.0463    27.1132      1.010      1.029      0.335      0.341 0.0000e+00
      20729    863.647    564.112 -106.83106   16.89068    560.000     7.0948     7.0529 3.5206e+04   3.524898     0.0639     0.0390    99.0295 8.9402e-05          0     0.5031     0.5129     0.0574     0.1172     4.6068     0.0000     0.0091     0.0000     0.5024     0.5127    34.5411    34.6295    27.0517    27.1271      0.997      1.021      0.330      0.338 0.0000e+00
      20748    864.452    565.121 -106.83106   16.89068    561.000     7.0379     7.0100 3.5154e+04   3.520360     0.0639     0.0390    99.0295 2.7456e-05          0     0.5031     0.5133     0.0574     0.1172     4.6068     0.0000     0.0087     0.0000     0.5024     0.5128    34.5404    34.6222    27.0590    27.1272      0.995      0.932      0.329      0.308 0.0000e+00
      20764    865.106    566.130 -106.83106   16.89068    562.000     7.0306     7.0038 3.5148e+04   3.519716     0.0639     0.0396    99.0159 9.2842e-05          0     0.5031     0.5130     0.0574     0.1172     4.6062     0.0000     0.0091     0.0000     0.5023     0.5124    34.5400    34.6208    27.0597    27.1270      1.014      0.778      0.336      0.258 0.0000e+00
      20777    865.678    567.138 -106.83106   16.89068    563.000     7.0232     6.9953 3.5141e+04   3.519036     0.0639     0.0399    99.0078 1.2357e-04          0     0.5031     0.5133     0.0574     0.1172     4.6058     0.0000     0.0093     0.0000     0.5024     0.5122    34.5397    34.6214    27.0605    27.1287      1.046      0.897      0.346      0.297 0.0000e+00
      20791    866.235    568.147 -106.83106   16.89068    564.000     7.0141     6.9865 3.5134e+04   3.518198     0.0639     0.0390    99.0289 1.0993e-04          0     0.5031     0.5132     0.0574     0.1172     4.6068     0.0000     0.0092     0.0000     0.5024     0.5122    34.5400    34.6205    27.0619    27.1292      0.991      1.076      0.328      0.356 0.0000e+00
      20804    866.812    569.156 -106.83106   16.89068    565.000     7.0067     6.9796 3.5127e+04   3.517517     0.0639     0.0391    99.0278 5.6203e-05          0     0.5031     0.5136     0.0574     0.1170     4.6067     0.0000     0.0089     0.0000     0.5024     0.5124    34.5394    34.6196    27.0625    27.1294      0.992      1.166      0.328      0.386 0.0000e+00
      20822    867.523    570.164 -106.83106   16.89068    566.000     7.0020     6.9750 3.5122e+04   3.517088     0.0639     0.0391    99.0282 9.3395e-05          0     0.5031     0.5133     0.0574     0.1172     4.6067     0.0000     0.0091     0.0000     0.5023     0.5127    34.5390    34.6189    27.0629    27.1295      1.020      1.015      0.337      0.336 0.0000e+00
      20901    870.843    571.173 -106.83106   16.89068    567.000     7.0089     6.9794 3.5129e+04   3.517467     0.0596     0.0391    99.0280 4.5849e-05          0     0.5031     0.5129     0.0570     0.1171     4.6067     0.0000     0.0088     0.0000     0.5024     0.5122    34.5392    34.6182    27.0621    27.1284      1.016      0.937      0.337      0.310 0.0000e+00
      20937    872.332    572.182 -106.83106   16.89068    568.000     7.0025     6.9754 3.5124e+04   3.517218     0.0602     0.0390    99.0296 8.2273e-05          0     0.5031     0.5130     0.0570     0.1171     4.6068     0.0000     0.0090     0.0000     0.5024     0.5123    34.5390    34.6190    27.0628    27.1296      0.988      0.963      0.327      0.318 0.0000e+00
      20954    873.022    573.191 -106.83106   16.89068    569.000     6.9992     6.9720 3.5121e+04   3.516955     0.0641     0.0390    99.0295 1.4314e-04          0     0.5031     0.5129     0.0574     0.1172     4.6068     0.0000     0.0094     0.0000     0.5023     0.5124    34.5391    34.6190    27.0634    27.1301      0.995      0.962      0.329      0.318 0.0000e+00
      20969    873.651    574.200 -106.83106   16.89068    570.000     6.9976     6.9710 3.5121e+04   3.516873     0.0639     0.0386    99.0386 1.2129e-04          0     0.5031     0.5130     0.0574     0.1172     4.6073     0.0000     0.0093     0.0000     0.5024     0.5122    34.5398    34.6187    27.0641    27.1300      1.044      0.908      0.345      0.300 0.0000e+00
      20983    874.246    575.208 -106.83106   16.89068    571.000     6.9963     6.9697 3.5120e+04   3.516828     0.0639     0.0385    99.0417 1.0854e-04          0     0.5031     0.5131     0.0574     0.1172     4.6074     0.0000     0.0092     0.0000     0.5024     0.5122    34.5398    34.6190    27.0643    27.1304      1.032      0.967      0.341      0.320 0.0000e+00
      20997    874.838    576.217 -106.83106   16.89068    572.000     6.9951     6.9687 3.5120e+04   3.516739     0.0639     0.0382    99.0481 8.7729e-05          0     0.5031     0.5129     0.0574     0.1172     4.6077     0.0000     0.0091     0.0000     0.5024     0.5123    34.5398    34.6185    27.0645    27.1302      1.016      0.979      0.336      0.324 0.0000e+00
      21012    875.476    577.226 -106.83106   16.89068    573.000     6.9900     6.9627 3.5115e+04   3.516321     0.0639     0.0390    99.0296 7.6304e-05          0     0.5031     0.5129     0.0574     0.1171     4.6068     0.0000     0.0090     0.0000     0.5024     0.5123    34.5392    34.6195    27.0648    27.1318      1.010      0.959      0.334      0.317 0.0000e+00
      21031    876.265    578.234 -106.83106   16.89068    574.000     6.9808     6.9539 3.5107e+04   3.515500     0.0639     0.0390    99.0295 7.0906e-05          0     0.5030     0.5130     0.0574     0.1172     4.6068     0.0000     0.0090     0.0000     0.5023     0.5123    34.5394    34.6188    27.0662    27.1325      0.945      0.961      0.312      0.318 0.0000e+00
      21102    879.206    579.243 -106.83106   16.89068    575.000     6.9851     6.9568 3.5111e+04   3.515697     0.0616     0.0390    99.0295 7.4121e-05          0     0.5031     0.5128     0.0572     0.1172     4.6068     0.0000     0.0090     0.0000     0.5024     0.5124    34.5390    34.6176    27.0653    27.1311      1.033      0.978      0.342      0.323 0.0000e+00
      21159    881.590    580.252 -106.83106   16.89068    576.000     6.9737     6.9457 3.5101e+04   3.514998     0.0640     0.0390    99.0295 9.3230e-05          0     0.5030     0.5128     0.0574     0.1172     4.6068     0.0000     0.0091     0.0000     0.5024     0.5123    34.5392    34.6205    27.0670    27.1349      1.017      1.039      0.336      0.343 0.0000e+00
      21176    882.303    581.261 -106.83106   16.89068    577.000     6.9544     6.9273 3.5084e+04   3.513218     0.0639     0.0390    99.0295 7.1476e-05          0     0.5030     0.5129     0.0574     0.1172     4.6068     0.0000     0.0090     0.0000     0.5024     0.5124    34.5392    34.6189    27.0697    27.1362      1.018      0.990      0.336      0.327 0.0000e+00
      21191    882.922    582.270 -106.83106   16.89068    578.000     6.9525     6.9255 3.5083e+04   3.513078     0.0639     0.0390    99.0295 5.8417e-05          0     0.5030     0.5136     0.0574     0.1171     4.6068     0.0000     0.0089     0.0000     0.5024     0.5124    34.5393    34.6187    27.0700    27.1363      1.018      0.918      0.336      0.303 0.0000e+00
      21204    883.476    583.278 -106.83106   16.89068    579.000     6.9457     6.9187 3.5077e+04   3.512496     0.0639     0.0391    99.0276 6.2378e-05          0     0.5031     0.5128     0.0574     0.1172     4.6067     0.0000     0.0089     0.0000     0.5024     0.5122    34.5388    34.6186    27.0706    27.1372      1.018      0.937      0.336      0.309 0.0000e+00
      21217    884.013    584.287 -106.83106   16.89068    580.000     6.9418     6.9150 3.5074e+04   3.512129     0.0639     0.0390    99.0295 1.7595e-05          0     0.5031     0.5127     0.0574     0.1172     4.6068     0.0000     0.0086     0.0000     0.5024     0.5122    34.5391    34.6178    27.0714    27.1371      1.018      0.963      0.336      0.318 0.0000e+00
      21230    884.555    585.296 -106.83106   16.89068    581.000     6.9371     6.9099 3.5070e+04   3.511801     0.0639     0.0391    99.0277 8.6213e-05          0     0.5031     0.5128     0.0574     0.1172     4.6067     0.0000     0.0091     0.0000     0.5024     0.5124    34.5389    34.6188    27.0719    27.1386      0.986      1.047      0.325      0.346 0.0000e+00
      21245    885.152    586.305 -106.83106   16.89068    582.000     6.9210     6.8923 3.5055e+04   3.510320     0.0639     0.0390    99.0295 1.0792e-04          0     0.5031     0.5130     0.0574     0.1171     4.6068     0.0000     0.0092     0.0000     0.5023     0.5123    34.5378    34.6198    27.0732    27.1417      0.991      0.990      0.327      0.327 0.0000e+00
      21265    885.996    587.314 -106.83106   16.89068    583.000     6.9121     6.8850 3.5047e+04   3.509518     0.0639     0.0390    99.0295 9.0451e-05          0     0.5031     0.5130     0.0574     0.1172     4.6068     0.0000     0.0091     0.0000     0.5024     0.5124    34.5376    34.6178    27.0743    27.1412      1.036      0.993      0.342      0.328 0.0000e+00
      21368    890.285    588.323 -106.83106   16.89068    584.000     6.9198     6.8955 3.5055e+04   3.510592     0.0639     0.0387    99.0359 7.5880e-05          0     0.5031     0.5129     0.0574     0.1171     4.6071     0.0000     0.0090     0.0000     0.5024     0.5122    34.5380    34.6185    27.0736    27.1404      1.016      1.042      0.336      0.344 0.0000e+00
      21390    891.192    589.332 -106.83106   16.89068    585.000     6.9116     6.8839 3.5048e+04   3.509546     0.0625     0.0382    99.0485 6.7749e-05          0     0.5031     0.5133     0.0573     0.1173     4.6077     0.0000     0.0089     0.0000     0.5024     0.5123    34.5380    34.6182    27.0747    27.1417      1.002      0.966      0.331      0.319 0.0000e+00
      21405    891.835    590.340 -106.83106   16.89068    586.000     6.9058     6.8790 3.5043e+04   3.509072     0.0554     0.0383    99.0465 1.0069e-04          0     0.5031     0.5127     0.0566     0.1183     4.6076     0.0000     0.0091     0.0000     0.5024     0.5125    34.5382    34.6174    27.0757    27.1417      0.997      0.948      0.329      0.313 0.0000e+00
      21418    892.393    591.349 -106.83106   16.89068    587.000     6.9041     6.8773 3.5042e+04   3.508950     0.0608     0.0382    99.0496 4.9244e-05          0     0.5031     0.5127     0.0571     0.1178     4.6078     0.0000     0.0088     0.0000     0.5023     0.5121    34.5381    34.6174    27.0758    27.1419      1.010      0.899      0.333      0.296 0.0000e+00
      21431    892.927    592.358 -106.83106   16.89068    588.000     6.9021     6.8753 3.5040e+04   3.508844     0.0638     0.0380    99.0535 5.0753e-05          0     0.5031     0.5129     0.0574     0.1172     4.6080     0.0000     0.0088     0.0000     0.5024     0.5123    34.5382    34.6177    27.0762    27.1425      1.055      1.010      0.348      0.333 0.0000e+00
      21444    893.459    593.367 -106.83106   16.89068    589.000     6.8983     6.8713 3.5037e+04   3.508538     0.0639     0.0379    99.0558 4.6916e-05          0     0.5031     0.5127     0.0574     0.1172     4.6081     0.0000     0.0088     0.0000     0.5024     0.5123    34.5381    34.6178    27.0766    27.1432      1.033      1.014      0.341      0.335 0.0000e+00
      21458    894.054    594.376 -106.83106   16.89068    590.000     6.8920     6.8650 3.5032e+04   3.508002     0.0639     0.0379    99.0558 4.0537e-05          0     0.5031     0.5130     0.0574     0.1172     4.6081     0.0000     0.0088     0.0000     0.5024     0.5123    34.5377    34.6178    27.0771    27.1440      1.021      0.969      0.337      0.320 0.0000e+00
      21500    895.793    595.385 -106.83106   16.89068    591.000     6.8902     6.8626 3.5030e+04   3.507725     0.0639     0.0383    99.0462 5.6650e-05          0     0.5031     0.5129     0.0574     0.1173     4.6076     0.0000     0.0089     0.0000     0.5024     0.5123    34.5374    34.6167    27.0772    27.1435      1.019      0.985      0.336      0.325 0.0000e+00
      21576    898.969    596.393 -106.83106   16.89068    592.000     6.8917     6.8631 3.5032e+04   3.507807     0.0639     0.0386    99.0399 6.0169e-05          0     0.5031     0.5129     0.0574     0.1179     4.6073     0.0000     0.0089     0.0000     0.5024     0.5122    34.5376    34.6166    27.0772    27.1433      1.021      0.860      0.337      0.284 0.0000e+00
      21593    899.651    597.402 -106.83106   16.89068    593.000     6.8637     6.8356 3.5006e+04   3.505610     0.0639     0.0390    99.0294 9.0540e-05          0     0.5030     0.5128     0.0574     0.1171     4.6068     0.0000     0.0091     0.0000     0.5024     0.5123    34.5363    34.6195    27.0800    27.1494      1.022      0.980      0.337      0.323 0.0000e+00
      21609    900.348    598.411 -106.83106   16.89068    594.000     6.8470     6.8196 3.4991e+04   3.503981     0.0639     0.0390    99.0295 6.7290e-05          0     0.5031     0.5129     0.0574     0.1172     4.6068     0.0000     0.0089     0.0000     0.5024     0.5122    34.5359    34.6171    27.0820    27.1497      1.023      0.976      0.337      0.321 0.0000e+00
      21624    900.974    599.420 -106.83106   16.89068    595.000     6.8299     6.8028 3.4975e+04   3.502450     0.0639     0.0390    99.0295 1.0138e-04          0     0.5031     0.5129     0.0574     0.1172     4.6068     0.0000     0.0091     0.0000     0.5024     0.5122    34.5350    34.6166    27.0835    27.1516      1.023      0.990      0.337      0.326 0.0000e+00
      21640    901.607    600.429 -106.83106   16.89068    596.000     6.8233     6.7962 3.4970e+04   3.501802     0.0639     0.0390    99.0295 1.0826e-04          0     0.5031     0.5132     0.0574     0.1172     4.6068     0.0000     0.0092     0.0000     0.5024     0.5124    34.5353    34.6157    27.0847    27.1518      1.024      1.116      0.337      0.368 0.0000e+00
      21656    902.298    601.438 -106.83106   16.89068    597.000     6.8053     6.7774 3.4953e+04   3.500237     0.0639     0.0384    99.0438 3.5479e-05          0     0.5031     0.5127     0.0574     0.1172     4.6075     0.0000     0.0087     0.0000     0.5024     0.5126    34.5348    34.6168    27.0867    27.1552      1.024      0.953      0.337      0.314 0.0000e+00
      21677    903.184    602.447 -106.83106   16.89068    598.000     6.7824     6.7551 3.4932e+04   3.498128     0.0639     0.0388    99.0350 5.3724e-05          0     0.5031     0.5128     0.0574     0.1172     4.6071     0.0000     0.0088     0.0000     0.5024     0.5122    34.5342    34.6155    27.0894    27.1571      1.008      0.905      0.331      0.298 0.0000e+00
      21718    904.865    603.456 -106.83106   16.89068    599.000     6.7734     6.7467 3.4925e+04   3.497282     0.0639     0.0388    99.0354 5.3718e-05          0     0.5031     0.5130     0.0574     0.1172     4.6071     0.0000     0.0088     0.0000     0.5023     0.5122    34.5347    34.6142    27.0910    27.1573      1.021      0.944      0.336      0.311 0.0000e+00
      21763    906.735    604.464 -106.83106   16.89068    600.000     6.7651     6.7386 3.4918e+04   3.496579     0.0639     0.0391    99.0268 7.4710e-05          0     0.5031     0.5128     0.0574     0.1172     4.6067     0.0000     0.0090     0.0000     0.5023     0.5123    34.5345    34.6141    27.0920    27.1583      0.977      1.047      0.321      0.344 0.0000e+00
