data/ctd-cnv/KM1919/KM1919-St20-P2/St20_P2_cast39-align-cellTM-derive-bin.cnv
* Sea-Bird SBE 9 Data File:
* FileName = C:\Users\otg\Desktop\CTD Data\km1920\St20_P2_cast39.hex
* Software Version Seasave V 7.26.7.107
* Temperature SN = 5554
* Conductivity SN = 3876
* Number of Bytes Per Scan = 41
* Number of Voltage Words = 4
* Number of Scans Averaged by the Deck Unit = 1
* NMEA Latitude = 16 46.06 N
* NMEA Longitude = 106 49.30 W
* NMEA UTC (Time) = Oct 07 2019  20:35:33
* NMEA baud rate = 4800
** Ship: Kilo Moana
** Station: St20_P2cast 39
** Operator: gr
** HiC/Metagenome
# nquan = 34
# nvalues = 504                         
# units = specified
# name 0 = scan: Scan Count
# name 1 = timeS: Time, Elapsed [seconds]
# name 2 = prDM: Pressure, Digiquartz [db]
# name 3 = longitude: Longitude [deg]
# name 4 = latitude: Latitude [deg]
# name 5 = depSMignore: Depth [salt water, m]
# name 6 = t090C: Temperature [ITS-90, deg C]
# name 7 = t190C: Temperature, 2 [ITS-90, deg C]
# name 8 = c0uS/cm: Conductivity [uS/cm]
# name 9 = c1S/m: Conductivity, 2 [S/m]
# name 10 = flECO-AFL: Fluorescence, WET Labs ECO-AFL/FL [mg/m^3]
# name 11 = CStarAt0: Beam Attenuation, WET Labs C-Star [1/m]
# name 12 = CStarTr0: Beam Transmission, WET Labs C-Star [%]
# name 13 = par: PAR/Irradiance, Biospherical/Licor
# name 14 = modError: Modulo Error Count
# name 15 = v0: Voltage 0
# name 16 = v1: Voltage 1
# name 17 = v2: Voltage 2
# name 18 = v3: Voltage 3
# name 19 = v4: Voltage 4
# name 20 = v5: Voltage 5
# name 21 = v6: Voltage 6
# name 22 = v7: Voltage 7
# name 23 = sbeox0V: Oxygen raw, SBE 43 [V]
# name 24 = sbeox1V: Oxygen raw, SBE 43, 2 [V]
# name 25 = sal00: Salinity, Practical [PSU]
# name 26 = sal11: Salinity, Practical, 2 [PSU]
# name 27 = sigma-é00: Density [sigma-theta, kg/m^3]
# name 28 = sigma-é11: Density, 2 [sigma-theta, kg/m^3]
# name 29 = sbeox0Mm/L: Oxygen, SBE 43 [umol/l], WS = 2
# name 30 = sbeox1Mm/L: Oxygen, SBE 43, 2 [umol/l], WS = 2
# name 31 = sbeox0PS: Oxygen, SBE 43 [% saturation], WS = 2
# name 32 = sbeox1PS: Oxygen, SBE 43, 2 [% saturation], WS = 2
# name 33 = flag: flag
# span 0 =        166,      20130       
# span 1 =      6.883,    838.724       
# span 2 =      1.006,    507.629       
# span 3 = -106.82174, -106.82162       
# span 4 =   16.76755,   16.76768       
# span 5 =      1.000,    504.000       
# span 6 =     7.7227,    29.8391       
# span 7 =     7.6952,    29.8028       
# span 8 = 3.5772e+04, 5.7579e+04       
# span 9 =   3.582138,   5.766796       
# span 10 =     0.0242,     1.8411      
# span 11 =     0.0215,     0.1343      
# span 12 =    96.6973,    99.4641      
# span 13 = 4.6148e-04, 1.5844e+03      
# span 14 =          0,          0      
# span 15 =     0.5031,     2.4993      
# span 16 =     0.5110,     2.4828      
# span 17 =     0.0534,     0.2352      
# span 18 =     0.1124,     0.1185      
# span 19 =     4.4984,     4.6271      
# span 20 =     0.0000,     0.0000      
# span 21 =     0.0109,     4.1661      
# span 22 =     0.0000,     0.0000      
# span 23 =     0.5023,     2.4945      
# span 24 =     0.5105,     2.4825      
# span 25 =    34.2796,    34.7846      
# span 26 =    34.3696,    34.8785      
# span 27 =    21.4727,    26.9764      
# span 28 =    21.5497,    27.0438      
# span 29 =      0.752,    229.768      
# span 30 =     -0.283,    240.396      
# span 31 =      0.255,    107.314      
# span 32 =     -0.096,    112.016      
# span 33 = 0.0000e+00, 0.0000e+00      
# interval = meters: 1                  
# start_time = Oct 07 2019 20:45:27 [NMEA time, first data scan]
# bad_flag = -9.990e-29
*END*
[from data line 470]
      18159    756.584    474.353 -106.82170   16.76760    471.000     7.8739     7.8457 3.5902e+04   3.595142     0.0659     0.0218    99.4574 7.7090e-04          0     0.5033     0.5131     0.0576     0.1177     4.6268     0.0000     0.0122     0.0000     0.5023     0.5121    34.5641    34.6451    26.9573    27.0252      0.924      0.851      0.312      0.287 0.0000e+00
      18198    758.221    475.361 -106.82170   16.76758    472.000     7.8681     7.8402 3.5897e+04   3.594552     0.0652     0.0219    99.4545 7.6810e-04          0     0.5034     0.5136     0.0575     0.1175     4.6266     0.0000     0.0122     0.0000     0.5024     0.5128    34.5640    34.6438    26.9581    27.0249      0.968      1.010      0.326      0.341 0.0000e+00
      18261    760.824    476.370 -106.82170   16.76758    473.000     7.8653     7.8383 3.5895e+04   3.594406     0.0658     0.0217    99.4594 7.6172e-04          0     0.5032     0.5132     0.0576     0.1172     4.6269     0.0000     0.0122     0.0000     0.5025     0.5124    34.5643    34.6436    26.9588    27.0251      0.993      0.928      0.335      0.313 0.0000e+00
      18311    762.930    477.378 -106.82170   16.76758    474.000     7.8647     7.8373 3.5895e+04   3.594365     0.0649     0.0219    99.4553 7.6216e-04          0     0.5031     0.5131     0.0575     0.1172     4.6267     0.0000     0.0122     0.0000     0.5024     0.5126    34.5641    34.6437    26.9588    27.0253      0.969      1.036      0.327      0.349 0.0000e+00
      18339    764.089    478.386 -106.82170   16.76760    475.000     7.8645     7.8371 3.5896e+04   3.594399     0.0658     0.0221    99.4494 7.6216e-04          0     0.5034     0.5132     0.0576     0.1178     4.6264     0.0000     0.0122     0.0000     0.5023     0.5122    34.5649    34.6437    26.9594    27.0254      0.981      0.955      0.331      0.322 0.0000e+00
      18361    765.020    479.395 -106.82170   16.76760    476.000     7.8641     7.8369 3.5896e+04   3.594436     0.0663     0.0221    99.4495 7.6216e-04          0     0.5032     0.5132     0.0576     0.1179     4.6264     0.0000     0.0122     0.0000     0.5024     0.5129    34.5647    34.6439    26.9593    27.0256      0.996      1.164      0.336      0.392 0.0000e+00
      18381    765.816    480.403 -106.82170   16.76760    477.000     7.8628     7.8357 3.5895e+04   3.594367     0.0666     0.0222    99.4480 7.6216e-04          0     0.5031     0.5129     0.0577     0.1171     4.6263     0.0000     0.0122     0.0000     0.5024     0.5126    34.5647    34.6438    26.9595    27.0257      0.945      0.907      0.319      0.306 0.0000e+00
      18398    766.555    481.411 -106.82170   16.76760    478.000     7.8619     7.8347 3.5894e+04   3.594309     0.0660     0.0224    99.4417 7.6216e-04          0     0.5032     0.5134     0.0576     0.1172     4.6260     0.0000     0.0122     0.0000     0.5024     0.5127    34.5646    34.6437    26.9596    27.0257      0.986      0.869      0.332      0.293 0.0000e+00
      18416    767.289    482.420 -106.82170   16.76760    479.000     7.8618     7.8343 3.5895e+04   3.594330     0.0645     0.0224    99.4412 7.6216e-04          0     0.5031     0.5134     0.0575     0.1172     4.6260     0.0000     0.0122     0.0000     0.5024     0.5122    34.5644    34.6438    26.9595    27.0260      0.980      0.975      0.331      0.329 0.0000e+00
      18435    768.103    483.428 -106.82170   16.76760    480.000     7.8613     7.8340 3.5895e+04   3.594340     0.0650     0.0223    99.4434 7.6216e-04          0     0.5032     0.5130     0.0575     0.1171     4.6261     0.0000     0.0122     0.0000     0.5024     0.5126    34.5647    34.6438    26.9598    27.0260      1.019      1.000      0.344      0.337 0.0000e+00
      18512    771.281    484.436 -106.82170   16.76759    481.000     7.8622     7.8347 3.5896e+04   3.594427     0.0682     0.0224    99.4418 7.6583e-04          0     0.5032     0.5133     0.0578     0.1174     4.6260     0.0000     0.0122     0.0000     0.5024     0.5126    34.5648    34.6435    26.9597    27.0257      0.964      0.988      0.325      0.333 0.0000e+00
      18602    775.032    485.445 -106.82170   16.76759    482.000     7.8615     7.8345 3.5896e+04   3.594481     0.0639     0.0229    99.4293 7.6215e-04          0     0.5031     0.5133     0.0574     0.1172     4.6255     0.0000     0.0122     0.0000     0.5023     0.5127    34.5650    34.6439    26.9601    27.0260      0.965      0.948      0.325      0.320 0.0000e+00
      18623    775.908    486.453 -106.82170   16.76760    483.000     7.8579     7.8307 3.5893e+04   3.594181     0.0639     0.0221    99.4489 7.6216e-04          0     0.5031     0.5130     0.0574     0.1172     4.6264     0.0000     0.0122     0.0000     0.5023     0.5117    34.5652    34.6439    26.9607    27.0266      1.023      0.683      0.345      0.230 0.0000e+00
      18640    776.638    487.461 -106.82170   16.76760    484.000     7.8555     7.8283 3.5891e+04   3.593990     0.0639     0.0215    99.4641 7.6216e-04          0     0.5031     0.5137     0.0574     0.1171     4.6271     0.0000     0.0122     0.0000     0.5025     0.5125    34.5650    34.6437    26.9609    27.0268      1.041      1.106      0.351      0.373 0.0000e+00
      18657    777.315    488.469 -106.82170   16.76760    485.000     7.8539     7.8267 3.5891e+04   3.593888     0.0660     0.0216    99.4604 7.6216e-04          0     0.5031     0.5134     0.0576     0.1172     4.6269     0.0000     0.0122     0.0000     0.5024     0.5122    34.5651    34.6438    26.9613    27.0271      0.948      0.972      0.320      0.328 0.0000e+00
      18673    777.984    489.478 -106.82170   16.76760    486.000     7.8511     7.8236 3.5888e+04   3.593648     0.0647     0.0220    99.4515 7.6216e-04          0     0.5031     0.5128     0.0575     0.1171     4.6265     0.0000     0.0122     0.0000     0.5024     0.5124    34.5646    34.6437    26.9613    27.0275      0.943      0.981      0.318      0.331 0.0000e+00
      18690    778.691    490.486 -106.82170   16.76760    487.000     7.8432     7.8156 3.5880e+04   3.592976     0.0639     0.0220    99.4524 7.6216e-04          0     0.5031     0.5137     0.0574     0.1172     4.6265     0.0000     0.0122     0.0000     0.5023     0.5123    34.5634    34.6439    26.9616    27.0289      0.946      0.881      0.319      0.297 0.0000e+00
      18708    779.475    491.494 -106.82170   16.76760    488.000     7.8347     7.8072 3.5873e+04   3.592202     0.0650     0.0219    99.4532 7.6216e-04          0     0.5031     0.5125     0.0575     0.1171     4.6266     0.0000     0.0122     0.0000     0.5023     0.5124    34.5634    34.6435    26.9628    27.0298      0.980      0.857      0.330      0.289 0.0000e+00
      18732    780.452    492.503 -106.82170   16.76760    489.000     7.8307     7.8030 3.5869e+04   3.591801     0.0601     0.0221    99.4497 7.6216e-04          0     0.5032     0.5132     0.0570     0.1172     4.6264     0.0000     0.0122     0.0000     0.5023     0.5119    34.5633    34.6429    26.9633    27.0299      0.952      0.909      0.321      0.306 0.0000e+00
      18804    783.447    493.511 -106.82170   16.76758    490.000     7.8324     7.8045 3.5872e+04   3.591904     0.0642     0.0224    99.4418 7.5988e-04          0     0.5031     0.5129     0.0574     0.1174     4.6260     0.0000     0.0122     0.0000     0.5023     0.5123    34.5636    34.6421    26.9634    27.0291      0.980      0.975      0.330      0.329 0.0000e+00
      18892    787.114    494.520 -106.82170   16.76758    491.000     7.8308     7.8030 3.5871e+04   3.591906     0.0646     0.0223    99.4439 7.6241e-04          0     0.5031     0.5131     0.0575     0.1172     4.6261     0.0000     0.0122     0.0000     0.5024     0.5123    34.5636    34.6430    26.9636    27.0301      0.972      0.822      0.328      0.277 0.0000e+00
      18917    788.148    495.528 -106.82170   16.76758    492.000     7.8125     7.7848 3.5853e+04   3.590221     0.0643     0.0221    99.4496 7.6216e-04          0     0.5031     0.5131     0.0574     0.1172     4.6264     0.0000     0.0122     0.0000     0.5023     0.5124    34.5624    34.6425    26.9653    27.0324      0.940      0.967      0.317      0.326 0.0000e+00
      18943    789.239    496.536 -106.82170   16.76758    493.000     7.8061     7.7787 3.5848e+04   3.589678     0.0639     0.0221    99.4495 7.6216e-04          0     0.5031     0.5132     0.0574     0.1172     4.6264     0.0000     0.0122     0.0000     0.5023     0.5122    34.5623    34.6422    26.9662    27.0330      0.968      0.852      0.326      0.287 0.0000e+00
      18970    790.358    497.545 -106.82170   16.76758    494.000     7.7990     7.7716 3.5841e+04   3.588996     0.0639     0.0221    99.4495 7.6216e-04          0     0.5031     0.5130     0.0574     0.1172     4.6264     0.0000     0.0122     0.0000     0.5023     0.5121    34.5621    34.6414    26.9671    27.0335      0.992      0.963      0.334      0.324 0.0000e+00
      18999    791.588    498.553 -106.82170   16.76758    495.000     7.7962     7.7687 3.5839e+04   3.588767     0.0639     0.0220    99.4531 7.6216e-04          0     0.5031     0.5131     0.0574     0.1176     4.6266     0.0000     0.0122     0.0000     0.5023     0.5122    34.5621    34.6414    26.9675    27.0339      0.953      0.939      0.321      0.316 0.0000e+00
      19028    792.782    499.562 -106.82170   16.76758    496.000     7.7861     7.7587 3.5830e+04   3.587948     0.0639     0.0221    99.4495 7.5259e-04          0     0.5031     0.5128     0.0574     0.1184     4.6264     0.0000     0.0122     0.0000     0.5023     0.5125    34.5616    34.6419    26.9686    27.0358      0.968      0.883      0.326      0.297 0.0000e+00
      19057    793.990    500.570 -106.82170   16.76758    497.000     7.7722     7.7446 3.5817e+04   3.586625     0.0639     0.0221    99.4495 7.6176e-04          0     0.5031     0.5128     0.0574     0.1176     4.6264     0.0000     0.0122     0.0000     0.5023     0.5119    34.5615    34.6412    26.9706    27.0372      1.001      0.724      0.337      0.244 0.0000e+00
      19170    798.724    501.579 -106.82170   16.76758    498.000     7.7682     7.7383 3.5813e+04   3.585946     0.0682     0.0217    99.4583 7.5748e-04          0     0.5031     0.5131     0.0578     0.1176     4.6268     0.0000     0.0122     0.0000     0.5024     0.5119    34.5606    34.6396    26.9705    27.0369      0.991      0.867      0.334      0.292 0.0000e+00
      19301    804.185    502.587 -106.82170   16.76758    499.000     7.7511     7.7220 3.5798e+04   3.584999     0.0799     0.0223    99.4440 7.4747e-04          0     0.5031     0.5128     0.0590     0.1172     4.6261     0.0000     0.0121     0.0000     0.5024     0.5120    34.5603    34.6451    26.9728    27.0436      0.953      0.550      0.321      0.185 0.0000e+00
      19321    805.009    503.595 -106.82170   16.76758    500.000     7.7227     7.6952 3.5772e+04   3.582138     0.0575     0.0221    99.4494 7.4816e-04          0     0.5032     0.5133     0.0568     0.1172     4.6264     0.0000     0.0121     0.0000     0.5024     0.5115    34.5597    34.6403    26.9764    27.0438      0.983      0.931      0.330      0.313 0.0000e+00
      19426    809.355    504.604 -106.82170   16.76758    501.000     7.7337     7.7077 3.5782e+04   3.583173     0.0640     0.0223    99.4447 7.2080e-04          0     0.5031     0.5129     0.0574     0.1172     4.6262     0.0000     0.0120     0.0000     0.5024     0.5119    34.5597    34.6387    26.9749    27.0407      0.986      0.915      0.332      0.308 0.0000e+00
      19634    818.023    505.612 -106.82168   16.76758    502.000     7.7365     7.7111 3.5786e+04   3.583815     0.0639     0.0221    99.4493 6.0392e-04          0     0.5031     0.5130     0.0574     0.1177     4.6264     0.0000     0.0115     0.0000     0.5024     0.5122    34.5605    34.6418    26.9750    27.0426      0.986      0.753      0.331      0.253 0.0000e+00
      19793    824.654    506.620 -106.82167   16.76758    503.000     7.7547     7.7286 3.5803e+04   3.585054     0.0639     0.0221    99.4495 5.3586e-04          0     0.5031     0.5126     0.0574     0.1180     4.6264     0.0000     0.0112     0.0000     0.5024     0.5119    34.5603    34.6372    26.9723    27.0366      0.995      0.937      0.335      0.315 0.0000e+00
      20130    838.724    507.629 -106.82162   16.76755    504.000     7.7937     7.7625 3.5841e+04   3.588630     0.0639     0.0221    99.4495 4.6148e-04          0     0.5031     0.5119     0.0574     0.1173     4.6264     0.0000     0.0109     0.0000     0.5025     0.5115    34.5622    34.6417    26.9681    27.0352      1.024      0.665      0.345      0.224 0.0000e+00
