data/ctd-cnv/KM1919/KM1919-St20-P2/St20_P2_cast38-align-cellTM-derive-bin.cnv
* Sea-Bird SBE 9 Data File:
* FileName = C:\Users\otg\Desktop\CTD Data\km1920\St20_P2_cast38.hex
* Software Version Seasave V 7.26.7.107
* Temperature SN = 5554
* Conductivity SN = 3876
* Number of Bytes Per Scan = 41
* Number of Voltage Words = 4
* Number of Scans Averaged by the Deck Unit = 1
* NMEA Latitude = 16 46.02 N
* NMEA Longitude = 106 49.11 W
* NMEA UTC (Time) = Oct 07 2019  16:45:12
* NMEA baud rate = 4800
** Ship: Kilo Moana
** Station: St20_P2cast 38
** Operator: jac
# nquan = 34
# nvalues = 251                         
# units = specified
# name 0 = scan: Scan Count
# name 1 = timeS: Time, Elapsed [seconds]
# name 2 = prDM: Pressure, Digiquartz [db]
# name 3 = longitude: Longitude [deg]
# name 4 = latitude: Latitude [deg]
# name 5 = depSM: Depth [salt water, m]
# name 6 = t090C: Temperature [ITS-90, deg C]
# name 7 = t190C: Temperature, 2 [ITS-90, deg C]
# name 8 = c0uS/cm: Conductivity [uS/cm]
# name 9 = c1S/m: Conductivity, 2 [S/m]
# name 10 = flECO-AFL: Fluorescence, WET Labs ECO-AFL/FL [mg/m^3]
# name 11 = CStarAt0: Beam Attenuation, WET Labs C-Star [1/m]
# name 12 = CStarTr0: Beam Transmission, WET Labs C-Star [%]
# name 13 = par: PAR/Irradiance, Biospherical/Licor
# name 14 = modError: Modulo Error Count
# name 15 = v0: Voltage 0
# name 16 = v1: Voltage 1
# name 17 = v2: Voltage 2
# name 18 = v3: Voltage 3
# name 19 = v4: Voltage 4
# name 20 = v5: Voltage 5
# name 21 = v6: Voltage 6
# name 22 = v7: Voltage 7
# name 23 = sbeox0V: Oxygen raw, SBE 43 [V]
# name 24 = sbeox1V: Oxygen raw, SBE 43, 2 [V]
# name 25 = sal00: Salinity, Practical [PSU]
# name 26 = sal11: Salinity, Practical, 2 [PSU]
# name 27 = sigma-é00: Density [sigma-theta, kg/m^3]
# name 28 = sigma-é11: Density, 2 [sigma-theta, kg/m^3]
# name 29 = sbeox0Mm/L: Oxygen, SBE 43 [umol/l], WS = 2
# name 30 = sbeox1Mm/L: Oxygen, SBE 43, 2 [umol/l], WS = 2
# name 31 = sbeox0PS: Oxygen, SBE 43 [% saturation], WS = 2
# name 32 = sbeox1PS: Oxygen, SBE 43, 2 [% saturation], WS = 2
# name 33 = flag: flag
# span 0 =         65,       9589       
# span 1 =      2.653,    399.482       
# span 2 =      2.012,    253.659       
# span 3 = -106.81854, -106.81849       
# span 4 =   16.76694,   16.76698       
# span 5 =      2.000,    252.000       
# span 6 =    11.5737,    29.6002       
# span 7 =    11.5436,    29.5606       
# span 8 = 3.9450e+04, 5.7319e+04       
# span 9 =   3.950452,   5.740035       
# span 10 =     0.0228,     1.5943      
# span 11 =     0.0211,     0.1122      
# span 12 =    97.2343,    99.4728      
# span 13 = 3.6832e-03, 1.0575e+03      
# span 14 =          0,          0      
# span 15 =     0.5046,     2.4875      
# span 16 =     0.5164,     2.4722      
# span 17 =     0.0532,     0.2104      
# span 18 =     0.1126,     0.1157      
# span 19 =     4.5234,     4.6275      
# span 20 =     0.0000,     0.0000      
# span 21 =     0.0247,     4.0315      
# span 22 =     0.0000,     0.0000      
# span 23 =     0.5036,     2.4809      
# span 24 =     0.5153,     2.4690      
# span 25 =    34.2599,    34.7850      
# span 26 =    34.3510,    34.8705      
# span 27 =    21.5499,    26.4825      
# span 28 =    21.6263,    26.5517      
# span 29 =      1.027,    227.689      
# span 30 =      1.297,    239.443      
# span 31 =      0.376,    106.025      
# span 32 =      0.477,    111.375      
# span 33 = 0.0000e+00, 0.0000e+00      
# interval = meters: 1                  
# start_time = Oct 07 2019 16:50:06 [NMEA time, first data scan]
# bad_flag = -9.990e-29
*END*
[from data line 86]
       4377    182.339     88.544 -106.81852   16.76696     88.000    17.9628    17.9157 4.5236e+04   4.530833     0.8262     0.0532    98.6774 3.9300e+00          0     1.4637     1.4038     0.1336     0.1147     4.5904     0.0000     1.6188     0.0000     1.2117     1.2743    34.4329    34.5345    24.8506    24.9399     58.871     87.280     24.440     36.227 0.0000e+00
       4401    183.344     89.550 -106.81852   16.76696     89.000    17.7663    17.7231 4.5054e+04   4.512937     0.6551     0.0496    98.7683 3.6401e+00          0     1.4180     1.4005     0.1165     0.1151     4.5947     0.0000     1.5863     0.0000     1.0826     1.1644    34.4431    34.5443    24.9064    24.9945     45.391     68.256     18.776     28.229 0.0000e+00
       4423    184.235     90.557 -106.81852   16.76696     90.000    17.5475    17.4997 4.4868e+04   4.495008     0.5998     0.0480    98.8075 3.3482e+00          0     1.3528     1.3712     0.1110     0.1148     4.5965     0.0000     1.5510     0.0000     1.0101     1.0789    34.4687    34.5799    24.9791    25.0759     47.395     61.644     19.527     25.392 0.0000e+00
       4446    185.203     91.563 -106.81852   16.76696     91.000    17.4019    17.3649 4.4740e+04   4.481134     0.5407     0.0446    98.8920 3.0801e+00          0     1.2718     1.3159     0.1051     0.1148     4.6004     0.0000     1.5158     0.0000     0.9643     1.0179    34.4819    34.5749    25.0243    25.1045     50.759     59.980     20.856     24.642 0.0000e+00
       4515    188.094     92.570 -106.81852   16.76696     92.000    17.4237    17.3839 4.4758e+04   4.481924     0.5383     0.0408    98.9841 2.8064e+00          0     1.0325     1.0886     0.1048     0.1137     4.6047     0.0000     1.4766     0.0000     0.9442     0.9685    34.4783    34.5651    25.0164    25.0925     56.670     61.244     23.294     25.169 0.0000e+00
       4604    191.810     93.576 -106.81852   16.76694     93.000    17.3174    17.2559 4.4651e+04   4.471454     0.5944     0.0416    98.9662 2.6054e+00          0     0.9464     0.9619     0.1104     0.1149     4.6039     0.0000     1.4457     0.0000     0.9045     0.9296    34.4759    34.5836    25.0400    25.1373     47.351     55.081     19.425     22.585 0.0000e+00
       4641    193.313     94.582 -106.81852   16.76694     94.000    16.9153    16.8778 4.4252e+04   4.432845     0.5052     0.0389    99.0320 2.4330e+00          0     0.9446     0.9584     0.1015     0.1135     4.6070     0.0000     1.4170     0.0000     0.8758     0.9030    34.4729    34.5720    25.1334    25.2183     45.524     51.872     18.531     21.112 0.0000e+00
       4674    194.698     95.589 -106.81852   16.76696     95.000    16.7160    16.6801 4.4056e+04   4.412754     0.4706     0.0354    99.1196 2.2247e+00          0     0.9178     0.9404     0.0981     0.1126     4.6110     0.0000     1.3797     0.0000     0.8579     0.8836    34.4725    34.5661    25.1799    25.2602     44.455     50.226     18.026     20.364 0.0000e+00
       4713    196.313     96.595 -106.81852   16.76696     96.000    16.6122    16.5768 4.3959e+04   4.402889     0.4212     0.0348    99.1347 2.0395e+00          0     0.8856     0.9124     0.0931     0.1139     4.6117     0.0000     1.3436     0.0000     0.8400     0.8646    34.4764    34.5683    25.2072    25.2861     42.856     47.975     17.343     19.413 0.0000e+00
       4782    199.216     97.602 -106.81852   16.76694     97.000    16.4682    16.4264 4.3825e+04   4.388282     0.4612     0.0340    99.1535 1.8831e+00          0     0.8471     0.8721     0.0971     0.1128     4.6126     0.0000     1.3107     0.0000     0.8131     0.8365    34.4820    34.5695    25.2450    25.3220     38.809     44.286     15.663     17.868 0.0000e+00
       4840    201.639     98.608 -106.81850   16.76694     98.000    16.2375    16.2014 4.3608e+04   4.368153     0.4045     0.0330    99.1788 1.7550e+00          0     0.8255     0.8476     0.0914     0.1128     4.6138     0.0000     1.2817     0.0000     0.7793     0.8058    34.4895    34.5864    25.3041    25.3869     33.312     39.064     13.384     15.694 0.0000e+00
       4873    202.991     99.615 -106.81850   16.76694     99.000    15.9580    15.9190 4.3332e+04   4.340869     0.3541     0.0315    99.2164 1.6635e+00          0     0.8115     0.8355     0.0864     0.1127     4.6155     0.0000     1.2597     0.0000     0.7610     0.7871    34.4870    34.5896    25.3661    25.4539     31.320     36.859     12.516     14.727 0.0000e+00
       4904    204.272    100.621 -106.81850   16.76696    100.000    15.7541    15.7166 4.3132e+04   4.320801     0.3154     0.0300    99.2539 1.5660e+00          0     0.7930     0.8190     0.0825     0.1128     4.6173     0.0000     1.2350     0.0000     0.7439     0.7701    34.4860    34.5869    25.4115    25.4976     29.215     34.678     11.628     13.800 0.0000e+00
       4943    205.907    101.628 -106.81851   16.76696    101.000    15.3960    15.3593 4.2785e+04   4.286309     0.2984     0.0283    99.2959 1.4425e+00          0     0.7696     0.7957     0.0808     0.1134     4.6192     0.0000     1.2015     0.0000     0.7211     0.7490    34.4875    34.5903    25.4928    25.5802     25.935     31.570     10.250     12.477 0.0000e+00
       5007    208.590    102.634 -106.81852   16.76696    102.000    15.1760    15.1438 4.2590e+04   4.265758     0.2798     0.0260    99.3519 1.3222e+00          0     0.7334     0.7604     0.0790     0.1135     4.6218     0.0000     1.1663     0.0000     0.6940     0.7187    34.5044    34.5941    25.5546    25.6308     23.206     28.162      9.133     11.082 0.0000e+00
       5067    211.097    103.641 -106.81852   16.76696    103.000    15.0714    15.0384 4.2515e+04   4.257596     0.2374     0.0259    99.3531 1.2302e+00          0     0.7036     0.7281     0.0748     0.1131     4.6219     0.0000     1.1372     0.0000     0.6522     0.6823    34.5281    34.6128    25.5959    25.6684     15.097     20.648      5.930      8.108 0.0000e+00
       5114    213.049    104.647 -106.81852   16.76696    104.000    15.0922    15.0591 4.2573e+04   4.263456     0.2692     0.0255    99.3646 1.1235e+00          0     0.6850     0.7114     0.0779     0.1126     4.6224     0.0000     1.1009     0.0000     0.6279     0.6526    34.5624    34.6473    25.6178    25.6906     15.107     18.401      5.937      7.231 0.0000e+00
       5152    214.610    105.654 -106.81852   16.76696    105.000    15.0863    15.0532 4.2573e+04   4.263358     0.2204     0.0246    99.3876 1.0593e+00          0     0.6524     0.6825     0.0730     0.1128     4.6235     0.0000     1.0774     0.0000     0.6166     0.6391    34.5672    34.6513    25.6228    25.6949     13.103     17.062      5.149      6.704 0.0000e+00
       5183    215.898    106.660 -106.81852   16.76696    106.000    15.0523    15.0174 4.2545e+04   4.260828     0.2108     0.0257    99.3596 1.0099e+00          0     0.6351     0.6613     0.0721     0.1130     4.6222     0.0000     1.0585     0.0000     0.6001     0.6263    34.5714    34.6596    25.6335    25.7092      9.213     14.078      3.618      5.528 0.0000e+00
       5206    216.873    107.666 -106.81852   16.76696    107.000    15.0478    15.0137 4.2560e+04   4.261024     0.2191     0.0245    99.3884 9.5906e-01          0     0.6263     0.6502     0.0729     0.1142     4.6236     0.0000     1.0381     0.0000     0.5874     0.6129    34.5881    34.6643    25.6474    25.7136      8.898     12.230      3.495      4.802 0.0000e+00
       5224    217.645    108.673 -106.81852   16.76696    108.000    15.0808    15.0479 4.2610e+04   4.266838     0.2190     0.0231    99.4226 9.0527e-01          0     0.6212     0.6435     0.0729     0.1147     4.6252     0.0000     1.0154     0.0000     0.5817     0.6043    34.6045    34.6864    25.6529    25.7232      9.784     11.941      3.845      4.693 0.0000e+00
       5241    218.327    109.679 -106.81852   16.76696    109.000    15.0753    15.0420 4.2609e+04   4.266955     0.2219     0.0231    99.4233 8.4936e-01          0     0.6160     0.6386     0.0732     0.1148     4.6252     0.0000     0.9905     0.0000     0.5792     0.6001    34.6080    34.6923    25.6568    25.7291     10.846     12.315      4.263      4.839 0.0000e+00
       5258    219.027    110.686 -106.81852   16.76696    110.000    15.0107    14.9684 4.2549e+04   4.261720     0.1727     0.0231    99.4233 7.9022e-01          0     0.6066     0.6322     0.0683     0.1134     4.6252     0.0000     0.9625     0.0000     0.5796     0.5980    34.6095    34.7096    25.6722    25.7586     11.800     12.810      4.631      5.027 0.0000e+00
       5277    219.831    111.692 -106.81852   16.76696    111.000    14.7965    14.7583 4.2339e+04   4.240849     0.1619     0.0231    99.4245 7.2999e-01          0     0.5949     0.6210     0.0672     0.1134     4.6253     0.0000     0.9321     0.0000     0.5803     0.5976    34.6082    34.7057    25.7178    25.8014     11.551     13.136      4.514      5.133 0.0000e+00
       5303    220.901    112.699 -106.81852   16.76696    112.000    14.6690    14.6336 4.2209e+04   4.227701     0.1609     0.0228    99.4310 6.7955e-01          0     0.5846     0.6082     0.0671     0.1132     4.6256     0.0000     0.9048     0.0000     0.5786     0.5964    34.6023    34.6961    25.7409    25.8209     10.861     12.728      4.234      4.961 0.0000e+00
       5364    223.463    113.705 -106.81852   16.76696    113.000    14.6741    14.5761 4.2224e+04   4.222332     0.1682     0.0226    99.4359 6.1942e-01          0     0.5802     0.5981     0.0678     0.1134     4.6258     0.0000     0.8700     0.0000     0.5696     0.5884    34.6110    34.6978    25.7465    25.8347      7.919     10.562      3.087      4.112 0.0000e+00
       5420    225.776    114.712 -106.81852   16.76696    114.000    14.5469    14.5174 4.2137e+04   4.220050     0.1720     0.0221    99.4495 5.8112e-01          0     0.5773     0.5948     0.0682     0.1128     4.6264     0.0000     0.8462     0.0000     0.5520     0.5721    34.6444    34.7290    25.7997    25.8713      4.889      7.569      1.901      2.944 0.0000e+00
       5441    226.661    115.718 -106.81852   16.76696    115.000    14.5147    14.4795 4.2116e+04   4.217798     0.1379     0.0222    99.4467 5.4266e-01          0     0.5742     0.5924     0.0648     0.1147     4.6263     0.0000     0.8208     0.0000     0.5458     0.5660    34.6533    34.7418    25.8135    25.8894      4.301      6.824      1.672      2.652 0.0000e+00
       5458    227.382    116.725 -106.81852   16.76696    116.000    14.4541    14.4187 4.2062e+04   4.212538     0.1370     0.0221    99.4496 5.0677e-01          0     0.5681     0.5876     0.0647     0.1139     4.6264     0.0000     0.7959     0.0000     0.5412     0.5610    34.6569    34.7475    25.8293    25.9068      3.902      6.195      1.515      2.405 0.0000e+00
       5474    228.044    117.732 -106.81852   16.76696    117.000    14.3971    14.3617 4.2015e+04   4.207822     0.1371     0.0211    99.4728 4.7614e-01          0     0.5624     0.5825     0.0647     0.1128     4.6275     0.0000     0.7733     0.0000     0.5373     0.5569    34.6649    34.7546    25.8477    25.9246      3.522      5.758      1.366      2.233 0.0000e+00
       5491    228.732    118.738 -106.81852   16.76696    118.000    14.3439    14.3087 4.1971e+04   4.203353     0.1363     0.0218    99.4560 4.4296e-01          0     0.5570     0.5770     0.0646     0.1128     4.6267     0.0000     0.7475     0.0000     0.5336     0.5532    34.6708    34.7606    25.8636    25.9405      3.164      5.289      1.226      2.049 0.0000e+00
       5508    229.461    119.745 -106.81852   16.76696    119.000    14.2922    14.2573 4.1930e+04   4.199332     0.1319     0.0222    99.4481 4.1642e-01          0     0.5517     0.5718     0.0642     0.1126     4.6263     0.0000     0.7257     0.0000     0.5299     0.5489    34.6792    34.7693    25.8812    25.9581      2.905      4.732      1.124      1.831 0.0000e+00
       5530    230.356    120.751 -106.81852   16.76696    120.000    14.2319    14.1975 4.1883e+04   4.194497     0.1295     0.0221    99.4495 3.8938e-01          0     0.5454     0.5656     0.0639     0.1130     4.6264     0.0000     0.7023     0.0000     0.5262     0.5445    34.6897    34.7779    25.9021    25.9775      2.650      4.286      1.024      1.657 0.0000e+00
       5557    231.509    121.758 -106.81852   16.76696    121.000    14.2019    14.1688 4.1862e+04   4.192210     0.1475     0.0230    99.4271 3.6672e-01          0     0.5385     0.5582     0.0658     0.1129     4.6254     0.0000     0.6816     0.0000     0.5223     0.5399    34.6963    34.7822    25.9135    25.9869      2.472      3.904      0.955      1.508 0.0000e+00
       5597    233.171    122.764 -106.81852   16.76696    122.000    14.1894    14.1567 4.1857e+04   4.191554     0.1795     0.0224    99.4416 3.4402e-01          0     0.5301     0.5489     0.0690     0.1128     4.6260     0.0000     0.6600     0.0000     0.5188     0.5353    34.7026    34.7866    25.9211    25.9929      2.490      3.615      0.962      1.396 0.0000e+00
       5634    234.704    123.771 -106.81850   16.76696    123.000    14.1905    14.1578 4.1860e+04   4.191844     0.1865     0.0221    99.4501 3.2563e-01          0     0.5242     0.5419     0.0696     0.1135     4.6264     0.0000     0.6415     0.0000     0.5164     0.5327    34.7044    34.7879    25.9223    25.9937      2.175      3.367      0.840      1.300 0.0000e+00
       5657    235.687    124.777 -106.81850   16.76696    124.000    14.1826    14.1497 4.1856e+04   4.191526     0.1860     0.0235    99.4146 3.0476e-01          0     0.5214     0.5387     0.0696     0.1141     4.6248     0.0000     0.6197     0.0000     0.5149     0.5310    34.7071    34.7918    25.9260    25.9985      1.979      3.086      0.765      1.192 0.0000e+00
       5678    236.555    125.784 -106.81850   16.76696    125.000    14.1449    14.1107 4.1827e+04   4.188735     0.1860     0.0263    99.3451 2.8161e-01          0     0.5198     0.5364     0.0696     0.1128     4.6215     0.0000     0.5940     0.0000     0.5136     0.5296    34.7137    34.8007    25.9391    26.0136      1.939      2.961      0.748      1.143 0.0000e+00
       5699    237.435    126.791 -106.81850   16.76696    126.000    14.1072    14.0741 4.1797e+04   4.185706     0.1860     0.0272    99.3219 2.6303e-01          0     0.5186     0.5350     0.0696     0.1127     4.6205     0.0000     0.5723     0.0000     0.5130     0.5286    34.7198    34.8052    25.9518    26.0248      2.093      2.874      0.807      1.108 0.0000e+00
       5725    238.512    127.797 -106.81850   16.76696    127.000    14.0834    14.0508 4.1777e+04   4.183699     0.2546     0.0271    99.3250 2.4050e-01          0     0.5170     0.5332     0.0764     0.1126     4.6206     0.0000     0.5443     0.0000     0.5122     0.5274    34.7216    34.8072    25.9583    26.0313      1.914      2.800      0.738      1.079 0.0000e+00
       5761    240.007    128.804 -106.81850   16.76696    128.000    14.0563    14.0236 4.1755e+04   4.181346     0.2836     0.0275    99.3143 2.1614e-01          0     0.5147     0.5307     0.0794     0.1128     4.6201     0.0000     0.5118     0.0000     0.5112     0.5264    34.7253    34.8095    25.9668    26.0388      1.792      2.688      0.691      1.036 0.0000e+00
       5808    241.946    129.810 -106.81852   16.76696    129.000    14.0280    13.9950 4.1737e+04   4.179602     0.3318     0.0323    99.1962 1.9535e-01          0     0.5133     0.5285     0.0842     0.1127     4.6146     0.0000     0.4824     0.0000     0.5105     0.5249    34.7339    34.8187    25.9795    26.0519      1.820      2.482      0.701      0.956 0.0000e+00
