data/ctd-cnv/KM1919/KM1919-St20-P2/St20_P2_cast40-align-cellTM-derive-bin.cnv
* Sea-Bird SBE 9 Data File:
* FileName = C:\Users\otg\Desktop\CTD Data\km1920\St20_P2_cast40.hex
* Software Version Seasave V 7.26.7.107
* Temperature SN = 5554
* Conductivity SN = 3876
* Number of Bytes Per Scan = 41
* Number of Voltage Words = 4
* Number of Scans Averaged by the Deck Unit = 1
* NMEA Latitude = 16 45.73 N
* NMEA Longitude = 106 49.45 W
* NMEA UTC (Time) = Oct 08 2019  00:57:05
* NMEA baud rate = 4800
** Ship: Kilo Moana
** Station: St20_P2 cast 40
** Operator: cf
** 6 pm cast
# nquan = 34
# nvalues = 200                         
# units = specified
# name 0 = scan: Scan Count
# name 1 = timeS: Time, Elapsed [seconds]
# name 2 = prDM: Pressure, Digiquartz [db]
# name 3 = longitude: Longitude [deg]
# name 4 = latitude: Latitude [deg]
# name 5 = depSM: Depth [salt water, m]
# name 6 = t090C: Temperature [ITS-90, deg C]
# name 7 = t190C: Temperature, 2 [ITS-90, deg C]
# name 8 = c0uS/cm: Conductivity [uS/cm]
# name 9 = c1S/m: Conductivity, 2 [S/m]
# name 10 = flECO-AFL: Fluorescence, WET Labs ECO-AFL/FL [mg/m^3]
# name 11 = CStarAt0: Beam Attenuation, WET Labs C-Star [1/m]
# name 12 = CStarTr0: Beam Transmission, WET Labs C-Star [%]
# name 13 = par: PAR/Irradiance, Biospherical/Licor
# name 14 = modError: Modulo Error Count
# name 15 = v0: Voltage 0
# name 16 = v1: Voltage 1
# name 17 = v2: Voltage 2
# name 18 = v3: Voltage 3
# name 19 = v4: Voltage 4
# name 20 = v5: Voltage 5
# name 21 = v6: Voltage 6
# name 22 = v7: Voltage 7
# name 23 = sbeox0V: Oxygen raw, SBE 43 [V]
# name 24 = sbeox1V: Oxygen raw, SBE 43, 2 [V]
# name 25 = sal00: Salinity, Practical [PSU]
# name 26 = sal11: Salinity, Practical, 2 [PSU]
# name 27 = sigma-é00: Density [sigma-theta, kg/m^3]
# name 28 = sigma-é11: Density, 2 [sigma-theta, kg/m^3]
# name 29 = sbeox0Mm/L: Oxygen, SBE 43 [umol/l], WS = 2
# name 30 = sbeox1Mm/L: Oxygen, SBE 43, 2 [umol/l], WS = 2
# name 31 = sbeox0PS: Oxygen, SBE 43 [% saturation], WS = 2
# name 32 = sbeox1PS: Oxygen, SBE 43, 2 [% saturation], WS = 2
# name 33 = flag: flag
# span 0 =        -11,      11214       
# span 1 =     -0.484,    467.229       
# span 2 =      2.011,    202.298       
# span 3 = -106.82424, -106.82416       
# span 4 =   16.76216,   16.76222       
# span 5 =      2.000,    201.000       
# span 6 =    12.2585,    29.6453       
# span 7 =    12.2308,    29.5997       
# span 8 = 4.0106e+04, 5.7368e+04       
# span 9 =   4.016489,   5.744562       
# span 10 =     0.0621,     1.7255      
# span 11 =     0.0349,     0.1316      
# span 12 =    96.7646,    99.1328      
# span 13 = 2.1730e-03, 3.5563e+00      
# span 14 =          0,          0      
# span 15 =     0.5045,     2.4982      
# span 16 =     0.5163,     2.4871      
# span 17 =     0.0572,     0.2236      
# span 18 =     0.1144,     0.1178      
# span 19 =     4.5015,     4.6116      
# span 20 =     0.0000,     0.0000      
# span 21 =     0.0183,     1.5617      
# span 22 =     0.0000,     0.0000      
# span 23 =     0.5034,     2.4947      
# span 24 =     0.5151,     2.4797      
# span 25 =    34.3108,    34.7835      
# span 26 =    34.4060,    34.8807      
# span 27 =    21.5347,    26.3698      
# span 28 =    21.6144,    26.4394      
# span 29 =      0.947,    231.539      
# span 30 =      1.238,    242.356      
# span 31 =      0.353,    106.983      
# span 32 =      0.460,    111.674      
# span 33 = 0.0000e+00, 0.0000e+00      
# interval = meters: 1                  
# start_time = Oct 08 2019 01:04:02 [NMEA time, first data scan]
# bad_flag = -9.990e-29
*END*
[from data line 86]
       5684    236.792     88.544 -106.82420   16.76220     88.000    17.8615    17.8268 4.5152e+04   4.523324     0.7517     0.0655    98.3753 8.6232e-03          0     1.3249     1.3304     0.1262     0.1150     4.5764     0.0000     0.0452     0.0000     1.1825     1.2333    34.4465    34.5456    24.8857    24.9701     71.947     88.241     29.817     36.569 0.0000e+00
       5720    238.294     89.550 -106.82420   16.76220     89.000    17.5431    17.4987 4.4860e+04   4.493222     0.6584     0.0618    98.4656 8.5499e-03          0     1.2918     1.3190     0.1168     0.1149     4.5806     0.0000     0.0449     0.0000     1.1042     1.1521    34.4657    34.5657    24.9779    25.0652     64.103     78.846     26.409     32.474 0.0000e+00
       5753    239.676     90.557 -106.82420   16.76220     90.000    17.4439    17.4064 4.4767e+04   4.483758     0.5761     0.0599    98.5128 8.4382e-03          0     1.2165     1.2640     0.1086     0.1152     4.5828     0.0000     0.0445     0.0000     1.0259     1.0811    34.4697    34.5625    25.0048    25.0850     53.188     67.674     21.871     27.823 0.0000e+00
       5787    241.084     91.563 -106.82420   16.76220     91.000    17.3557    17.3188 4.4693e+04   4.475989     0.5767     0.0580    98.5603 8.4144e-03          0     1.1390     1.1871     0.1087     0.1150     4.5850     0.0000     0.0444     0.0000     0.9720     1.0121    34.4806    34.5698    25.0344    25.1117     55.077     61.667     22.611     25.312 0.0000e+00
       5863    244.261     92.570 -106.82420   16.76220     92.000    17.3310    17.2784 4.4675e+04   4.472366     0.5691     0.0556    98.6199 8.2143e-03          0     0.9926     1.0341     0.1079     0.1148     4.5878     0.0000     0.0435     0.0000     0.9188     0.9360    34.4858    34.5727    25.0444    25.1236     50.264     55.749     20.626     22.866 0.0000e+00
       5942    247.557     93.576 -106.82420   16.76220     93.000    17.2393    17.2025 4.4592e+04   4.465581     0.5395     0.0542    98.6527 8.3196e-03          0     0.9245     0.9406     0.1049     0.1149     4.5893     0.0000     0.0440     0.0000     0.8672     0.8882    34.4920    34.5784    25.0711    25.1461     46.334     51.110     18.980     20.933 0.0000e+00
       6017    250.659     94.583 -106.82420   16.76220     94.000    17.0962    17.0419 4.4457e+04   4.450944     0.5060     0.0530    98.6824 8.1735e-03          0     0.8712     0.8927     0.1016     0.1151     4.5907     0.0000     0.0434     0.0000     0.8345     0.8581    34.4966    34.5886    25.1087    25.1922     40.677     46.413     16.619     18.953 0.0000e+00
       6078    253.209     95.589 -106.82420   16.76220     95.000    16.8215    16.7849 4.4186e+04   4.425253     0.4557     0.0527    98.6896 8.0139e-03          0     0.8489     0.8710     0.0966     0.1151     4.5911     0.0000     0.0427     0.0000     0.8055     0.8278    34.4952    34.5851    25.1726    25.2503     38.689     43.082     15.722     17.504 0.0000e+00
       6117    254.819     96.595 -106.82420   16.76220     96.000    16.7247    16.6849 4.4088e+04   4.415602     0.4308     0.0497    98.7640 7.7869e-03          0     0.8250     0.8496     0.0941     0.1148     4.5945     0.0000     0.0418     0.0000     0.7941     0.8150    34.4926    34.5865    25.1934    25.2748     37.793     41.710     15.329     16.915 0.0000e+00
       6156    256.469     97.602 -106.82420   16.76220     97.000    16.5288    16.4907 4.3893e+04   4.396101     0.4243     0.0483    98.8002 7.7693e-03          0     0.8086     0.8310     0.0934     0.1148     4.5962     0.0000     0.0417     0.0000     0.7853     0.8047    34.4898    34.5827    25.2370    25.3172     37.195     40.916     15.029     16.530 0.0000e+00
       6222    259.212     98.608 -106.82420   16.76220     98.000    16.3765    16.3753 4.3742e+04   4.383974     0.3950     0.0468    98.8363 7.5852e-03          0     0.7904     0.8105     0.0905     0.1148     4.5979     0.0000     0.0410     0.0000     0.7760     0.7953    34.4884    34.5753    25.2712    25.3383     36.906     40.448     14.868     16.303 0.0000e+00
       6322    263.385     99.615 -106.82418   16.76220     99.000    16.1452    16.2474 4.3513e+04   4.372187     0.3778     0.0462    98.8522 7.4041e-03          0     0.7746     0.7937     0.0887     0.1148     4.5986     0.0000     0.0402     0.0000     0.7660     0.7860    34.4857    34.5817    25.3224    25.3726     35.019     38.598     14.045     15.521 0.0000e+00
       6371    265.421    100.621 -106.82418   16.76220    100.000    15.9364    15.8889 4.3304e+04   4.336960     0.3401     0.0457    98.8640 7.4196e-03          0     0.7716     0.7923     0.0850     0.1148     4.5991     0.0000     0.0403     0.0000     0.7524     0.7726    34.4804    34.5807    25.3659    25.4539     32.500     36.362     12.981     14.519 0.0000e+00
       6398    266.545    101.628 -106.82418   16.76220    101.000    15.8117    15.7765 4.3184e+04   4.324982     0.3017     0.0444    98.8969 7.4196e-03          0     0.7687     0.7880     0.0812     0.1149     4.6006     0.0000     0.0403     0.0000     0.7465     0.7654    34.4822    34.5715    25.3956    25.4723     32.843     35.856     13.086     14.284 0.0000e+00
       6430    267.894    102.634 -106.82418   16.76220    102.000    15.8058    15.7732 4.3181e+04   4.324443     0.2862     0.0440    98.9072 7.3680e-03          0     0.7605     0.7803     0.0796     0.1149     4.6011     0.0000     0.0401     0.0000     0.7438     0.7606    34.4841    34.5692    25.3984    25.4713     33.286     35.794     13.261     14.259 0.0000e+00
       6568    273.612    103.640 -106.82418   16.76220    103.000    15.8292    15.7972 4.3206e+04   4.326913     0.3498     0.0442    98.9002 7.0863e-03          0     0.7419     0.7569     0.0860     0.1150     4.6008     0.0000     0.0390     0.0000     0.7407     0.7547    34.4851    34.5699    25.3940    25.4665     33.111     35.425     13.198     14.118 0.0000e+00
       6604    275.121    104.647 -106.82418   16.76220    104.000    15.7793    15.7417 4.3159e+04   4.322016     0.3190     0.0429    98.9337 6.9793e-03          0     0.7433     0.7574     0.0829     0.1148     4.6024     0.0000     0.0385     0.0000     0.7390     0.7533    34.4862    34.5743    25.4061    25.4824     32.470     35.130     12.929     13.986 0.0000e+00
       6632    276.302    105.654 -106.82418   16.76220    105.000    15.6630    15.6246 4.3041e+04   4.310927     0.2933     0.0431    98.9296 7.3165e-03          0     0.7424     0.7568     0.0803     0.1144     4.6022     0.0000     0.0399     0.0000     0.7351     0.7510    34.4826    34.5771    25.4296    25.5109     31.000     34.411     12.316     13.669 0.0000e+00
       6664    277.639    106.660 -106.82418   16.76220    106.000    15.4583    15.4244 4.2839e+04   4.291480     0.2720     0.0414    98.9698 7.1352e-03          0     0.7409     0.7551     0.0782     0.1146     4.6041     0.0000     0.0392     0.0000     0.7256     0.7442    34.4792    34.5776    25.4728    25.5561     27.876     32.432     11.030     12.832 0.0000e+00
       6706    279.392    107.666 -106.82419   16.76220    107.000    15.1020    15.0565 4.2502e+04   4.257151     0.2689     0.0400    99.0038 6.9505e-03          0     0.7372     0.7525     0.0779     0.1149     4.6056     0.0000     0.0384     0.0000     0.7043     0.7266    34.4876    34.5911    25.5579    25.6477     24.610     29.380      9.671     11.542 0.0000e+00
       6775    282.250    108.673 -106.82420   16.76220    108.000    14.9420    14.9230 4.2373e+04   4.244401     0.2121     0.0382    99.0477 6.7177e-03          0     0.7136     0.7348     0.0722     0.1144     4.6077     0.0000     0.0374     0.0000     0.6746     0.6978    34.5115    34.5929    25.6115    25.6785     21.457     25.282      8.405      9.905 0.0000e+00
       6824    284.274    109.679 -106.82420   16.76220    109.000    14.9686    14.9344 4.2419e+04   4.248025     0.1864     0.0379    99.0567 6.4587e-03          0     0.6905     0.7136     0.0696     0.1149     4.6081     0.0000     0.0363     0.0000     0.6615     0.6803    34.5291    34.6155    25.6194    25.6934     21.001     23.754      8.232      9.309 0.0000e+00
       6857    285.663    110.686 -106.82420   16.76220    110.000    14.9233    14.8878 4.2374e+04   4.243372     0.1860     0.0372    99.0751 6.3254e-03          0     0.6757     0.6994     0.0696     0.1145     4.6090     0.0000     0.0358     0.0000     0.6522     0.6720    34.5280    34.6140    25.6284    25.7025     18.814     22.280      7.368      8.724 0.0000e+00
       6897    287.351    111.692 -106.82420   16.76220    111.000    14.8920    14.8591 4.2361e+04   4.242085     0.1860     0.0369    99.0814 6.3495e-03          0     0.6647     0.6845     0.0696     0.1146     4.6093     0.0000     0.0359     0.0000     0.6407     0.6604    34.5436    34.6273    25.6473    25.7190     17.827     21.059      6.977      8.241 0.0000e+00
       6977    290.684    112.699 -106.82418   16.76220    112.000    14.9209    14.8846 4.2405e+04   4.245067     0.1776     0.0369    99.0820 6.2057e-03          0     0.6425     0.6622     0.0688     0.1147     4.6093     0.0000     0.0353     0.0000     0.6134     0.6415    34.5580    34.6314    25.6521    25.7167     10.678     16.591      4.182      6.496 0.0000e+00
       7013    292.165    113.705 -106.82418   16.76220    113.000    14.9917    14.9609 4.2516e+04   4.257015     0.1780     0.0374    99.0695 6.2306e-03          0     0.6342     0.6551     0.0688     0.1149     4.6087     0.0000     0.0354     0.0000     0.5848     0.6138    34.5955    34.6722    25.6656    25.7315      5.847     10.874      2.294      4.265 0.0000e+00
       7035    293.067    114.712 -106.82418   16.76220    114.000    14.8976    14.8508 4.2432e+04   4.249839     0.1664     0.0395    99.0162 6.2306e-03          0     0.6287     0.6531     0.0677     0.1148     4.6062     0.0000     0.0354     0.0000     0.5695     0.5977    34.6017    34.7043    25.6910    25.7803      4.175      8.718      1.635      3.413 0.0000e+00
       7053    293.844    115.718 -106.82418   16.76220    115.000    14.7410    14.7016 4.2312e+04   4.237771     0.1574     0.0386    99.0410 6.2306e-03          0     0.6173     0.6459     0.0668     0.1147     4.6074     0.0000     0.0354     0.0000     0.5580     0.5847    34.6312    34.7266    25.7477    25.8299      3.682      7.303      1.438      2.851 0.0000e+00
       7073    294.658    116.725 -106.82418   16.76220    116.000    14.6502    14.6113 4.2238e+04   4.230271     0.1378     0.0364    99.0932 6.2306e-03          0     0.6030     0.6323     0.0648     0.1151     4.6098     0.0000     0.0354     0.0000     0.5493     0.5735    34.6439    34.7380    25.7772    25.8582      4.215      6.612      1.643      2.577 0.0000e+00
       7153    298.020    117.731 -106.82418   16.76220    117.000    14.6121    14.5659 4.2200e+04   4.225076     0.1451     0.0353    99.1217 5.9376e-03          0     0.5641     0.5866     0.0655     0.1148     4.6111     0.0000     0.0342     0.0000     0.5481     0.5630    34.6430    34.7305    25.7847    25.8622      7.526      7.760      2.931      3.021 0.0000e+00
       7263    302.586    118.738 -106.82418   16.76220    118.000    14.5796    14.5400 4.2179e+04   4.224875     0.1586     0.0369    99.0817 5.6489e-03          0     0.5624     0.5721     0.0669     0.1147     4.6093     0.0000     0.0330     0.0000     0.5407     0.5602    34.6516    34.7515    25.7984    25.8840      3.412      5.868      1.328      2.284 0.0000e+00
       7282    303.379    119.745 -106.82418   16.76220    119.000    14.4077    14.3673 4.2023e+04   4.209165     0.1383     0.0349    99.1316 5.6412e-03          0     0.5623     0.5755     0.0648     0.1146     4.6116     0.0000     0.0330     0.0000     0.5353     0.5551    34.6612    34.7613    25.8427    25.9285      2.550      5.057      0.989      1.961 0.0000e+00
       7298    304.035    120.751 -106.82418   16.76220    120.000    14.3592    14.3219 4.1982e+04   4.204459     0.1250     0.0354    99.1189 5.6412e-03          0     0.5584     0.5754     0.0635     0.1149     4.6110     0.0000     0.0330     0.0000     0.5306     0.5503    34.6672    34.7581    25.8577    25.9358      2.128      4.347      0.825      1.684 0.0000e+00
       7314    304.705    121.758 -106.82418   16.76220    121.000    14.3122    14.2761 4.1948e+04   4.201057     0.1249     0.0352    99.1241 5.6412e-03          0     0.5531     0.5722     0.0635     0.1147     4.6112     0.0000     0.0330     0.0000     0.5263     0.5452    34.6771    34.7675    25.8753    25.9528      2.012      3.813      0.779      1.476 0.0000e+00
       7333    305.517    122.764 -106.82418   16.76220    122.000    14.2489    14.2135 4.1904e+04   4.196634     0.1286     0.0349    99.1328 5.6412e-03          0     0.5464     0.5662     0.0639     0.1145     4.6116     0.0000     0.0330     0.0000     0.5227     0.5406    34.6927    34.7825    25.9008    25.9777      2.292      3.680      0.887      1.423 0.0000e+00
       7407    308.591    123.771 -106.82418   16.76220    123.000    14.2663    14.2342 4.1918e+04   4.197703     0.1627     0.0352    99.1236 5.6412e-03          0     0.5283     0.5462     0.0673     0.1146     4.6112     0.0000     0.0330     0.0000     0.5201     0.5353    34.6894    34.7733    25.8947    25.9663      2.973      3.839      1.150      1.485 0.0000e+00
       7494    312.209    124.777 -106.82418   16.76220    124.000    14.2331    14.1959 4.1894e+04   4.195630     0.1674     0.0355    99.1171 5.5655e-03          0     0.5212     0.5352     0.0678     0.1147     4.6109     0.0000     0.0327     0.0000     0.5154     0.5311    34.6971    34.7882    25.9077    25.9859      1.746      2.944      0.675      1.138 0.0000e+00
       7523    313.399    125.784 -106.82418   16.76220    125.000    14.1370    14.1025 4.1818e+04   4.187706     0.1667     0.0363    99.0975 5.3694e-03          0     0.5211     0.5355     0.0677     0.1147     4.6100     0.0000     0.0318     0.0000     0.5133     0.5285    34.7121    34.7985    25.9396    26.0136      1.776      2.677      0.685      1.033 0.0000e+00
       7572    315.456    126.791 -106.82418   16.76220    126.000    14.1040    14.0659 4.1790e+04   4.184518     0.2240     0.0386    99.0383 5.2374e-03          0     0.5171     0.5324     0.0734     0.1148     4.6072     0.0000     0.0313     0.0000     0.5114     0.5259    34.7159    34.8016    25.9495    26.0237      1.815      2.501      0.700      0.964 0.0000e+00
       7640    318.271    127.797 -106.82418   16.76220    127.000    14.0641    14.0307 4.1760e+04   4.181835     0.2759     0.0417    98.9625 5.0434e-03          0     0.5126     0.5274     0.0786     0.1145     4.6037     0.0000     0.0305     0.0000     0.5097     0.5237    34.7235    34.8080    25.9638    26.0362      1.615      2.346      0.622      0.904 0.0000e+00
       7671    319.588    128.804 -106.82418   16.76220    128.000    14.0282    13.9945 4.1729e+04   4.178829     0.3132     0.0427    98.9400 5.0550e-03          0     0.5118     0.5261     0.0823     0.1150     4.6027     0.0000     0.0305     0.0000     0.5094     0.5230    34.7268    34.8124    25.9739    26.0471      1.758      2.288      0.677      0.881 0.0000e+00
       7696    320.644    129.810 -106.82418   16.76220    129.000    13.9953    13.9617 4.1702e+04   4.176133     0.3249     0.0443    98.9005 5.0550e-03          0     0.5115     0.5251     0.0834     0.1151     4.6009     0.0000     0.0305     0.0000     0.5090     0.5229    34.7312    34.8166    25.9843    26.0573      1.470      2.225      0.566      0.856 0.0000e+00
