data/ctd-cnv/KM1919/KM1919-St20-P2/St20_P2_cast32-align-cellTM-derive-bin.cnv
* Sea-Bird SBE 9 Data File:
* FileName = C:\Users\otg\Desktop\CTD Data\km1920\St20_P2_cast32.hex
* Software Version Seasave V 7.26.7.107
* Temperature SN = 5554
* Conductivity SN = 3876
* Number of Bytes Per Scan = 41
* Number of Voltage Words = 4
* Number of Scans Averaged by the Deck Unit = 1
* NMEA Latitude = 16 47.36 N
* NMEA Longitude = 106 50.11 W
* NMEA UTC (Time) = Oct 05 2019  21:23:46
* NMEA baud rate = 4800
** Ship: Kilo Moana
** Station: St20_P2cast 32
** Operator: jac
# nquan = 34
# nvalues = 500                         
# units = specified
# name 0 = scan: Scan Count
# name 1 = timeS: Time, Elapsed [seconds]
# name 2 = prDM: Pressure, Digiquartz [db]
# name 3 = longitude: Longitude [deg]
# name 4 = latitude: Latitude [deg]
# name 5 = depSMignore: Depth [salt water, m]
# name 6 = t090C: Temperature [ITS-90, deg C]
# name 7 = t190C: Temperature, 2 [ITS-90, deg C]
# name 8 = c0uS/cm: Conductivity [uS/cm]
# name 9 = c1S/m: Conductivity, 2 [S/m]
# name 10 = flECO-AFL: Fluorescence, WET Labs ECO-AFL/FL [mg/m^3]
# name 11 = CStarAt0: Beam Attenuation, WET Labs C-Star [1/m]
# name 12 = CStarTr0: Beam Transmission, WET Labs C-Star [%]
# name 13 = par: PAR/Irradiance, Biospherical/Licor
# name 14 = modError: Modulo Error Count
# name 15 = v0: Voltage 0
# name 16 = v1: Voltage 1
# name 17 = v2: Voltage 2
# name 18 = v3: Voltage 3
# name 19 = v4: Voltage 4
# name 20 = v5: Voltage 5
# name 21 = v6: Voltage 6
# name 22 = v7: Voltage 7
# name 23 = sbeox0V: Oxygen raw, SBE 43 [V]
# name 24 = sbeox1V: Oxygen raw, SBE 43, 2 [V]
# name 25 = sal00: Salinity, Practical [PSU]
# name 26 = sal11: Salinity, Practical, 2 [PSU]
# name 27 = sigma-é00: Density [sigma-theta, kg/m^3]
# name 28 = sigma-é11: Density, 2 [sigma-theta, kg/m^3]
# name 29 = sbeox0Mm/L: Oxygen, SBE 43 [umol/l], WS = 2
# name 30 = sbeox1Mm/L: Oxygen, SBE 43, 2 [umol/l], WS = 2
# name 31 = sbeox0PS: Oxygen, SBE 43 [% saturation], WS = 2
# name 32 = sbeox1PS: Oxygen, SBE 43, 2 [% saturation], WS = 2
# name 33 = flag: flag
# span 0 =        375,      21530       
# span 1 =     15.589,    897.025       
# span 2 =      2.012,    504.604       
# span 3 = -106.83496, -106.83464       
# span 4 =   16.78968,   16.78980       
# span 5 =      2.000,    501.000       
# span 6 =     7.5433,    29.5402       
# span 7 =     7.5157,    29.4889       
# span 8 = 3.5604e+04, 5.7223e+04       
# span 9 =   3.565203,   5.729186       
# span 10 =     0.0394,     1.9584      
# span 11 =     0.0079,     0.1393      
# span 12 =    96.5774,    99.8025      
# span 13 = 1.8616e-04, 1.0965e+03      
# span 14 =          0,          0      
# span 15 =     0.5030,     2.4989      
# span 16 =     0.5125,     2.4828      
# span 17 =     0.0549,     0.2469      
# span 18 =     0.1131,     0.1173      
# span 19 =     4.4928,     4.6428      
# span 20 =     0.0000,     0.0000      
# span 21 =     0.0097,     4.0363      
# span 22 =     0.0000,     0.0000      
# span 23 =     0.5023,     2.4986      
# span 24 =     0.5117,     2.4790      
# span 25 =    34.3621,    34.7863      
# span 26 =    34.4501,    34.8785      
# span 27 =    21.5533,    26.9991      
# span 28 =    21.6329,    27.0656      
# span 29 =      0.736,    224.172      
# span 30 =      0.796,    236.425      
# span 31 =      0.258,    106.934      
# span 32 =      0.267,    112.078      
# span 33 = 0.0000e+00, 0.0000e+00      
# interval = meters: 1                  
# start_time = Oct 05 2019 21:38:20 [NMEA time, first data scan]
# bad_flag = -9.990e-29
*END*
[from data line 214]
      11828    492.792    217.403 -106.83480   16.78976    216.000    11.7606    11.7295 3.9624e+04   3.967941     0.0639     0.0246    99.3856 2.7306e-03          0     0.5042     0.5159     0.0574     0.1154     4.6234     0.0000     0.0207     0.0000     0.5035     0.5145    34.7630    34.8460    26.4557    26.5261      1.029      1.176      0.378      0.432 0.0000e+00
      11856    493.968    218.410 -106.83480   16.78976    217.000    11.7267    11.6979 3.9591e+04   3.964753     0.0639     0.0245    99.3898 2.6668e-03          0     0.5043     0.5153     0.0574     0.1151     4.6236     0.0000     0.0205     0.0000     0.5035     0.5145    34.7613    34.8439    26.4607    26.5304      1.030      1.163      0.378      0.427 0.0000e+00
      11896    495.640    219.417 -106.83480   16.78976    218.000    11.7148    11.6847 3.9579e+04   3.963305     0.0634     0.0234    99.4171 2.6632e-03          0     0.5043     0.5153     0.0574     0.1147     4.6249     0.0000     0.0204     0.0000     0.5035     0.5145    34.7604    34.8417    26.4624    26.5312      1.031      1.182      0.378      0.434 0.0000e+00
      11966    498.522    220.424 -106.83480   16.78976    219.000    11.7082    11.6779 3.9572e+04   3.962595     0.0583     0.0230    99.4261 2.5881e-03          0     0.5043     0.5153     0.0568     0.1146     4.6253     0.0000     0.0201     0.0000     0.5035     0.5146    34.7598    34.8406    26.4631    26.5316      1.031      1.195      0.379      0.439 0.0000e+00
      12013    500.519    221.431 -106.83480   16.78977    220.000    11.7029    11.6727 3.9568e+04   3.962141     0.0638     0.0231    99.4241 2.4467e-03          0     0.5043     0.5153     0.0574     0.1153     4.6252     0.0000     0.0195     0.0000     0.5035     0.5145    34.7600    34.8406    26.4642    26.5327      1.031      1.179      0.379      0.433 0.0000e+00
      12034    501.389    222.438 -106.83480   16.78978    221.000    11.6967    11.6662 3.9562e+04   3.961591     0.0639     0.0231    99.4233 2.4576e-03          0     0.5043     0.5155     0.0574     0.1155     4.6252     0.0000     0.0195     0.0000     0.5035     0.5145    34.7598    34.8409    26.4653    26.5340      1.017      1.168      0.374      0.428 0.0000e+00
      12053    502.154    223.446 -106.83480   16.78978    222.000    11.6922    11.6621 3.9558e+04   3.961159     0.0632     0.0230    99.4263 2.4576e-03          0     0.5043     0.5154     0.0573     0.1152     4.6253     0.0000     0.0195     0.0000     0.5034     0.5145    34.7593    34.8401    26.4658    26.5342      1.013      1.178      0.372      0.432 0.0000e+00
      12070    502.880    224.453 -106.83478   16.78978    223.000    11.6911    11.6609 3.9557e+04   3.961069     0.0639     0.0231    99.4233 3.2333e-03          0     0.5043     0.5154     0.0574     0.1153     4.6252     0.0000     0.0228     0.0000     0.5035     0.5145    34.7592    34.8398    26.4659    26.5343      1.026      1.164      0.377      0.427 0.0000e+00
      12089    503.668    225.460 -106.83478   16.78978    224.000    11.6884    11.6581 3.9555e+04   3.960832     0.0639     0.0230    99.4268 2.4760e-03          0     0.5043     0.5154     0.0574     0.1156     4.6254     0.0000     0.0196     0.0000     0.5034     0.5144    34.7589    34.8397    26.4663    26.5347      1.033      1.170      0.379      0.429 0.0000e+00
      12113    504.649    226.467 -106.83478   16.78978    225.000    11.6863    11.6560 3.9553e+04   3.960651     0.0733     0.0231    99.4235 2.4576e-03          0     0.5043     0.5153     0.0583     0.1155     4.6252     0.0000     0.0195     0.0000     0.5035     0.5146    34.7588    34.8395    26.4666    26.5350      1.022      1.202      0.375      0.441 0.0000e+00
      12150    506.223    227.474 -106.83478   16.78978    226.000    11.6824    11.6522 3.9550e+04   3.960296     0.0645     0.0229    99.4278 2.4468e-03          0     0.5043     0.5153     0.0575     0.1155     4.6254     0.0000     0.0195     0.0000     0.5035     0.5145    34.7585    34.8391    26.4671    26.5354      1.031      1.177      0.378      0.432 0.0000e+00
      12207    508.578    228.481 -106.83478   16.78978    227.000    11.6762    11.6461 3.9544e+04   3.959743     0.0639     0.0228    99.4310 2.4478e-03          0     0.5043     0.5153     0.0574     0.1152     4.6256     0.0000     0.0195     0.0000     0.5035     0.5144    34.7580    34.8389    26.4679    26.5365      1.037      1.140      0.380      0.418 0.0000e+00
      12259    510.744    229.488 -106.83478   16.78978    228.000    11.6678    11.6376 3.9535e+04   3.958872     0.0706     0.0231    99.4229 2.4226e-03          0     0.5043     0.5153     0.0581     0.1151     4.6252     0.0000     0.0194     0.0000     0.5035     0.5145    34.7573    34.8379    26.4690    26.5373      1.026      1.200      0.376      0.440 0.0000e+00
      12295    512.235    230.495 -106.83478   16.78976    229.000    11.6636    11.6330 3.9531e+04   3.958508     0.0637     0.0231    99.4233 2.3853e-03          0     0.5043     0.5152     0.0574     0.1156     4.6252     0.0000     0.0192     0.0000     0.5035     0.5145    34.7568    34.8383    26.4694    26.5384      1.038      1.189      0.381      0.436 0.0000e+00
      12322    513.379    231.502 -106.83478   16.78976    230.000    11.6476    11.6160 3.9516e+04   3.956948     0.0639     0.0231    99.4233 2.2168e-03          0     0.5043     0.5151     0.0574     0.1151     4.6252     0.0000     0.0185     0.0000     0.5035     0.5145    34.7560    34.8384    26.4718    26.5418      1.016      1.192      0.372      0.437 0.0000e+00
      12345    514.352    232.509 -106.83478   16.78976    231.000    11.6207    11.5891 3.9488e+04   3.954313     0.0639     0.0231    99.4221 2.1989e-03          0     0.5042     0.5153     0.0574     0.1150     4.6251     0.0000     0.0184     0.0000     0.5034     0.5146    34.7537    34.8373    26.4750    26.5459      1.040      1.162      0.381      0.426 0.0000e+00
      12367    515.265    233.516 -106.83478   16.78977    232.000    11.5897    11.5584 3.9457e+04   3.951125     0.0633     0.0231    99.4233 2.1732e-03          0     0.5043     0.5152     0.0573     0.1156     4.6252     0.0000     0.0183     0.0000     0.5035     0.5144    34.7515    34.8343    26.4791    26.5494      1.041      1.161      0.381      0.425 0.0000e+00
      12389    516.177    234.523 -106.83478   16.78978    233.000    11.5793    11.5489 3.9446e+04   3.950008     0.0622     0.0227    99.4327 2.1730e-03          0     0.5043     0.5153     0.0572     0.1148     4.6256     0.0000     0.0183     0.0000     0.5035     0.5145    34.7505    34.8319    26.4803    26.5493      1.021      1.180      0.374      0.432 0.0000e+00
      12412    517.138    235.531 -106.83478   16.78978    234.000    11.5697    11.5388 3.9437e+04   3.949057     0.0629     0.0226    99.4353 2.1730e-03          0     0.5043     0.5153     0.0573     0.1152     4.6257     0.0000     0.0183     0.0000     0.5035     0.5144    34.7496    34.8315    26.4814    26.5508      1.029      1.149      0.377      0.420 0.0000e+00
      12439    518.268    236.538 -106.83478   16.78978    235.000    11.5549    11.5242 3.9423e+04   3.947645     0.0639     0.0228    99.4320 2.1636e-03          0     0.5043     0.5153     0.0574     0.1148     4.6256     0.0000     0.0183     0.0000     0.5035     0.5144    34.7490    34.8309    26.4838    26.5531      1.047      1.168      0.383      0.427 0.0000e+00
      12481    519.992    237.545 -106.83478   16.78978    236.000    11.5260    11.4956 3.9394e+04   3.944866     0.0684     0.0230    99.4255 2.1495e-03          0     0.5043     0.5152     0.0578     0.1147     4.6253     0.0000     0.0182     0.0000     0.5035     0.5144    34.7480    34.8299    26.4883    26.5577      1.031      1.185      0.377      0.434 0.0000e+00
      12552    522.971    238.552 -106.83478   16.78978    237.000    11.5142    11.4842 3.9383e+04   3.943661     0.0625     0.0227    99.4342 2.0139e-03          0     0.5043     0.5152     0.0573     0.1157     4.6257     0.0000     0.0176     0.0000     0.5035     0.5145    34.7478    34.8284    26.4904    26.5586      1.036      1.185      0.379      0.433 0.0000e+00
      12589    524.510    239.559 -106.83478   16.78977    238.000    11.4894    11.4581 3.9359e+04   3.941354     0.0639     0.0222    99.4460 1.8961e-03          0     0.5043     0.5153     0.0574     0.1153     4.6262     0.0000     0.0171     0.0000     0.5035     0.5145    34.7465    34.8297    26.4940    26.5646      1.034      1.180      0.378      0.431 0.0000e+00
      12613    525.515    240.566 -106.83478   16.78976    239.000    11.4555    11.4236 3.9325e+04   3.938049     0.0634     0.0221    99.4484 1.9142e-03          0     0.5043     0.5153     0.0573     0.1151     4.6263     0.0000     0.0172     0.0000     0.5034     0.5144    34.7440    34.8291    26.4983    26.5705      1.030      1.158      0.376      0.423 0.0000e+00
      12635    526.427    241.573 -106.83478   16.78976    240.000    11.4254    11.3950 3.9295e+04   3.934877     0.0639     0.0220    99.4508 1.9163e-03          0     0.5043     0.5152     0.0574     0.1155     4.6265     0.0000     0.0172     0.0000     0.5035     0.5144    34.7422    34.8242    26.5025    26.5720      1.059      1.172      0.387      0.428 0.0000e+00
      12657    527.348    242.580 -106.83478   16.78976    241.000    11.4212    11.3910 3.9291e+04   3.934448     0.0679     0.0222    99.4463 1.8895e-03          0     0.5043     0.5153     0.0578     0.1151     4.6263     0.0000     0.0171     0.0000     0.5035     0.5145    34.7417    34.8233    26.5030    26.5720      1.041      1.211      0.380      0.442 0.0000e+00
      12683    528.423    243.587 -106.83478   16.78976    242.000    11.3984    11.3675 3.9268e+04   3.932299     0.0705     0.0222    99.4459 1.8893e-03          0     0.5043     0.5153     0.0581     0.1149     4.6262     0.0000     0.0171     0.0000     0.5035     0.5145    34.7407    34.8238    26.5064    26.5768      1.042      1.170      0.380      0.427 0.0000e+00
      12718    529.893    244.595 -106.83478   16.78976    243.000    11.3792    11.3498 3.9250e+04   3.930383     0.0636     0.0215    99.4639 1.8893e-03          0     0.5043     0.5152     0.0574     0.1149     4.6271     0.0000     0.0171     0.0000     0.5035     0.5144    34.7398    34.8211    26.5093    26.5779      1.042      1.151      0.380      0.420 0.0000e+00
      12764    531.781    245.602 -106.83478   16.78978    244.000    11.3740    11.3441 3.9244e+04   3.929770     0.0707     0.0217    99.4589 1.8893e-03          0     0.5043     0.5153     0.0581     0.1149     4.6268     0.0000     0.0171     0.0000     0.5035     0.5144    34.7392    34.8200    26.5097    26.5781      1.042      1.214      0.380      0.442 0.0000e+00
      12800    533.284    246.609 -106.83478   16.78978    245.000    11.3478    11.3165 3.9218e+04   3.927281     0.0636     0.0210    99.4766 1.8893e-03          0     0.5043     0.5152     0.0574     0.1154     4.6276     0.0000     0.0171     0.0000     0.5035     0.5145    34.7369    34.8209    26.5128    26.5839      1.030      1.182      0.375      0.431 0.0000e+00
      12829    534.485    247.616 -106.83478   16.78978    246.000    11.2812    11.2466 3.9149e+04   3.920610     0.0648     0.0210    99.4758 1.8893e-03          0     0.5043     0.5152     0.0575     0.1157     4.6276     0.0000     0.0171     0.0000     0.5035     0.5144    34.7310    34.8203    26.5204    26.5963      1.049      1.169      0.382      0.425 0.0000e+00
      12857    535.668    248.623 -106.83478   16.78978    247.000    11.2068    11.1759 3.9072e+04   3.912670     0.0715     0.0210    99.4758 1.8893e-03          0     0.5043     0.5153     0.0581     0.1154     4.6276     0.0000     0.0171     0.0000     0.5034     0.5144    34.7241    34.8078    26.5288    26.5996      0.999      1.183      0.363      0.430 0.0000e+00
      12888    536.938    249.631 -106.83478   16.78978    248.000    11.1989    11.1686 3.9064e+04   3.911745     0.0638     0.0211    99.4734 1.8893e-03          0     0.5043     0.5153     0.0574     0.1151     4.6275     0.0000     0.0171     0.0000     0.5035     0.5144    34.7233    34.8050    26.5296    26.5987      1.078      1.149      0.391      0.417 0.0000e+00
      12930    538.697    250.638 -106.83478   16.78978    249.000    11.1893    11.1581 3.9054e+04   3.910706     0.0632     0.0211    99.4728 1.8893e-03          0     0.5043     0.5152     0.0573     0.1151     4.6275     0.0000     0.0171     0.0000     0.5035     0.5144    34.7225    34.8043    26.5307    26.6001      1.036      1.204      0.376      0.437 0.0000e+00
      12985    541.017    251.645 -106.83478   16.78978    250.000    11.1758    11.1463 3.9041e+04   3.909431     0.0634     0.0210    99.4760 1.8893e-03          0     0.5043     0.5152     0.0573     0.1148     4.6276     0.0000     0.0171     0.0000     0.5035     0.5144    34.7217    34.8023    26.5325    26.6007      1.047      1.121      0.380      0.407 0.0000e+00
      13018    542.380    252.652 -106.83478   16.78978    251.000    11.1764    11.1464 3.9042e+04   3.909506     0.0634     0.0210    99.4758 1.8118e-03          0     0.5043     0.5151     0.0574     0.1151     4.6276     0.0000     0.0168     0.0000     0.5034     0.5143    34.7219    34.8024    26.5326    26.6008      1.000      1.165      0.363      0.423 0.0000e+00
      13040    543.287    253.659 -106.83478   16.78978    252.000    11.1743    11.1445 3.9041e+04   3.909407     0.0639     0.0209    99.4772 1.6814e-03          0     0.5042     0.5153     0.0574     0.1154     4.6277     0.0000     0.0162     0.0000     0.5035     0.5142    34.7220    34.8028    26.5331    26.6014      1.090      1.160      0.395      0.421 0.0000e+00
      13059    544.067    254.666 -106.83478   16.78978    253.000    11.1696    11.1382 3.9037e+04   3.908819     0.0639     0.0210    99.4758 1.6533e-03          0     0.5042     0.5153     0.0574     0.1152     4.6276     0.0000     0.0161     0.0000     0.5035     0.5144    34.7216    34.8025    26.5337    26.6024      1.065      1.195      0.387      0.434 0.0000e+00
      13078    544.879    255.674 -106.83478   16.78978    254.000    11.1671    11.1366 3.9034e+04   3.908647     0.0742     0.0209    99.4793 1.5947e-03          0     0.5043     0.5150     0.0584     0.1156     4.6278     0.0000     0.0159     0.0000     0.5035     0.5142    34.7213    34.8018    26.5339    26.6022      1.049      1.165      0.381      0.423 0.0000e+00
      13103    545.923    256.681 -106.83478   16.78978    255.000    11.1615    11.1316 3.9029e+04   3.908196     0.0657     0.0210    99.4768 1.5800e-03          0     0.5042     0.5150     0.0576     0.1155     4.6276     0.0000     0.0158     0.0000     0.5035     0.5144    34.7208    34.8017    26.5346    26.6030      1.023      1.199      0.371      0.435 0.0000e+00
      13156    548.121    257.688 -106.83478   16.78978    256.000    11.1554    11.1258 3.9023e+04   3.907620     0.0676     0.0210    99.4769 1.3466e-03          0     0.5043     0.5151     0.0578     0.1149     4.6276     0.0000     0.0148     0.0000     0.5034     0.5143    34.7206    34.8010    26.5356    26.6035      1.042      1.142      0.378      0.414 0.0000e+00
      13221    550.814    258.696 -106.83478   16.78978    257.000    11.1526    11.1230 3.9021e+04   3.907369     0.0714     0.0216    99.4623 1.3087e-03          0     0.5042     0.5151     0.0581     0.1154     4.6270     0.0000     0.0146     0.0000     0.5034     0.5143    34.7207    34.8006    26.5361    26.6038      1.037      1.226      0.376      0.445 0.0000e+00
