data/ctd-cnv/KM1919/KM1919-St20-P2/St20_P2_cast39-align-cellTM-derive-bin.cnv
* Sea-Bird SBE 9 Data File:
* FileName = C:\Users\otg\Desktop\CTD Data\km1920\St20_P2_cast39.hex
* Software Version Seasave V 7.26.7.107
* Temperature SN = 5554
* Conductivity SN = 3876
* Number of Bytes Per Scan = 41
* Number of Voltage Words = 4
* Number of Scans Averaged by the Deck Unit = 1
* NMEA Latitude = 16 46.06 N
* NMEA Longitude = 106 49.30 W
* NMEA UTC (Time) = Oct 07 2019  20:35:33
* NMEA baud rate = 4800
** Ship: Kilo Moana
** Station: St20_P2cast 39
** Operator: gr
** HiC/Metagenome
# nquan = 34
# nvalues = 504                         
# units = specified
# name 0 = scan: Scan Count
# name 1 = timeS: Time, Elapsed [seconds]
# name 2 = prDM: Pressure, Digiquartz [db]
# name 3 = longitude: Longitude [deg]
# name 4 = latitude: Latitude [deg]
# name 5 = depSMignore: Depth [salt water, m]
# name 6 = t090C: Temperature [ITS-90, deg C]
# name 7 = t190C: Temperature, 2 [ITS-90, deg C]
# name 8 = c0uS/cm: Conductivity [uS/cm]
# name 9 = c1S/m: Conductivity, 2 [S/m]
# name 10 = flECO-AFL: Fluorescence, WET Labs ECO-AFL/FL [mg/m^3]
# name 11 = CStarAt0: Beam Attenuation, WET Labs C-Star [1/m]
# name 12 = CStarTr0: Beam Transmission, WET Labs C-Star [%]
# name 13 = par: PAR/Irradiance, Biospherical/Licor
# name 14 = modError: Modulo Error Count
# name 15 = v0: Voltage 0
# name 16 = v1: Voltage 1
# name 17 = v2: Voltage 2
# name 18 = v3: Voltage 3
# name 19 = v4: Voltage 4
# name 20 = v5: Voltage 5
# name 21 = v6: Voltage 6
# name 22 = v7: Voltage 7
# name 23 = sbeox0V: Oxygen raw, SBE 43 [V]
# name 24 = sbeox1V: Oxygen raw, SBE 43, 2 [V]
# name 25 = sal00: Salinity, Practical [PSU]
# name 26 = sal11: Salinity, Practical, 2 [PSU]
# name 27 = sigma-é00: Density [sigma-theta, kg/m^3]
# name 28 = sigma-é11: Density, 2 [sigma-theta, kg/m^3]
# name 29 = sbeox0Mm/L: Oxygen, SBE 43 [umol/l], WS = 2
# name 30 = sbeox1Mm/L: Oxygen, SBE 43, 2 [umol/l], WS = 2
# name 31 = sbeox0PS: Oxygen, SBE 43 [% saturation], WS = 2
# name 32 = sbeox1PS: Oxygen, SBE 43, 2 [% saturation], WS = 2
# name 33 = flag: flag
# span 0 =        166,      20130       
# span 1 =      6.883,    838.724       
# span 2 =      1.006,    507.629       
# span 3 = -106.82174, -106.82162       
# span 4 =   16.76755,   16.76768       
# span 5 =      1.000,    504.000       
# span 6 =     7.7227,    29.8391       
# span 7 =     7.6952,    29.8028       
# span 8 = 3.5772e+04, 5.7579e+04       
# span 9 =   3.582138,   5.766796       
# span 10 =     0.0242,     1.8411      
# span 11 =     0.0215,     0.1343      
# span 12 =    96.6973,    99.4641      
# span 13 = 4.6148e-04, 1.5844e+03      
# span 14 =          0,          0      
# span 15 =     0.5031,     2.4993      
# span 16 =     0.5110,     2.4828      
# span 17 =     0.0534,     0.2352      
# span 18 =     0.1124,     0.1185      
# span 19 =     4.4984,     4.6271      
# span 20 =     0.0000,     0.0000      
# span 21 =     0.0109,     4.1661      
# span 22 =     0.0000,     0.0000      
# span 23 =     0.5023,     2.4945      
# span 24 =     0.5105,     2.4825      
# span 25 =    34.2796,    34.7846      
# span 26 =    34.3696,    34.8785      
# span 27 =    21.4727,    26.9764      
# span 28 =    21.5497,    27.0438      
# span 29 =      0.752,    229.768      
# span 30 =     -0.283,    240.396      
# span 31 =      0.255,    107.314      
# span 32 =     -0.096,    112.016      
# span 33 = 0.0000e+00, 0.0000e+00      
# interval = meters: 1                  
# start_time = Oct 07 2019 20:45:27 [NMEA time, first data scan]
# bad_flag = -9.990e-29
*END*
[from data line 214]
       9545    397.687    216.396 -106.82166   16.76764    215.000    11.9733    11.9424 3.9832e+04   3.988605     0.0639     0.0408    98.9837 3.8942e-03          0     0.5051     0.5167     0.0574     0.1154     4.6047     0.0000     0.0256     0.0000     0.5040     0.5156    34.7676    34.8493    26.4191    26.4884      1.138      1.335      0.420      0.493 0.0000e+00
       9579    399.089    217.403 -106.82166   16.76764    216.000    11.9542    11.9233 3.9813e+04   3.986847     0.0639     0.0407    98.9886 4.4529e-03          0     0.5050     0.5166     0.0574     0.1152     4.6049     0.0000     0.0279     0.0000     0.5041     0.5156    34.7669    34.8495    26.4221    26.4922      1.139      1.347      0.420      0.497 0.0000e+00
       9631    401.236    218.410 -106.82166   16.76764    217.000    11.9058    11.8747 3.9767e+04   3.982327     0.0639     0.0397    99.0139 3.9278e-03          0     0.5050     0.5165     0.0574     0.1153     4.6061     0.0000     0.0258     0.0000     0.5041     0.5156    34.7660    34.8504    26.4307    26.5022      1.069      1.340      0.394      0.494 0.0000e+00
       9664    402.607    219.417 -106.82166   16.76764    218.000    11.8776    11.8467 3.9739e+04   3.979441     0.0639     0.0390    99.0288 4.3524e-03          0     0.5051     0.5165     0.0574     0.1152     4.6068     0.0000     0.0275     0.0000     0.5042     0.5156    34.7647    34.8480    26.4350    26.5056      1.139      1.354      0.420      0.499 0.0000e+00
       9691    403.743    220.424 -106.82166   16.76764    219.000    11.8591    11.8281 3.9721e+04   3.977611     0.0639     0.0390    99.0295 3.9032e-03          0     0.5051     0.5165     0.0574     0.1151     4.6068     0.0000     0.0256     0.0000     0.5040     0.5156    34.7641    34.8470    26.4381    26.5084      1.099      1.337      0.405      0.493 0.0000e+00
       9732    405.477    221.431 -106.82166   16.76764    220.000    11.8280    11.7961 3.9691e+04   3.974505     0.0637     0.0390    99.0295 3.9640e-03          0     0.5050     0.5165     0.0574     0.1153     4.6068     0.0000     0.0259     0.0000     0.5040     0.5156    34.7630    34.8462    26.4431    26.5138      1.113      1.351      0.410      0.497 0.0000e+00
       9799    408.265    222.438 -106.82166   16.76764    221.000    11.7827    11.7495 3.9646e+04   3.969877     0.0639     0.0382    99.0483 3.5970e-03          0     0.5048     0.5165     0.0574     0.1148     4.6077     0.0000     0.0244     0.0000     0.5041     0.5156    34.7609    34.8440    26.4500    26.5209      1.105      1.354      0.406      0.498 0.0000e+00
       9828    409.444    223.445 -106.82166   16.76764    222.000    11.7520    11.7210 3.9616e+04   3.967068     0.0639     0.0387    99.0363 3.8215e-03          0     0.5050     0.5165     0.0574     0.1154     4.6071     0.0000     0.0253     0.0000     0.5041     0.5157    34.7599    34.8427    26.4551    26.5253      1.204      1.352      0.443      0.497 0.0000e+00
       9847    410.249    224.452 -106.82165   16.76765    223.000    11.7328    11.7010 3.9597e+04   3.965286     0.0639     0.0381    99.0518 3.5988e-03          0     0.5049     0.5165     0.0574     0.1153     4.6079     0.0000     0.0244     0.0000     0.5042     0.5155    34.7590    34.8437    26.4580    26.5298      1.124      1.327      0.413      0.488 0.0000e+00
       9863    410.925    225.459 -106.82164   16.76766    224.000    11.7016    11.6692 3.9567e+04   3.962322     0.0639     0.0378    99.0589 3.6039e-03          0     0.5051     0.5165     0.0574     0.1153     4.6082     0.0000     0.0244     0.0000     0.5042     0.5156    34.7579    34.8439    26.4630    26.5360      1.032      1.367      0.379      0.502 0.0000e+00
       9879    411.589    226.466 -106.82164   16.76766    225.000    11.6694    11.6373 3.9534e+04   3.959091     0.0639     0.0375    99.0671 3.6568e-03          0     0.5051     0.5165     0.0574     0.1151     4.6086     0.0000     0.0246     0.0000     0.5040     0.5156    34.7556    34.8417    26.4672    26.5402      1.019      1.327      0.374      0.487 0.0000e+00
       9896    412.309    227.474 -106.82166   16.76766    226.000    11.6452    11.6136 3.9510e+04   3.956668     0.0639     0.0370    99.0805 3.6042e-03          0     0.5048     0.5166     0.0574     0.1153     4.6092     0.0000     0.0244     0.0000     0.5038     0.5154    34.7545    34.8397    26.4710    26.5431      0.965      1.261      0.354      0.462 0.0000e+00
       9917    413.164    228.480 -106.82166   16.76766    227.000    11.6211    11.5899 3.9486e+04   3.954250     0.0639     0.0369    99.0809 3.9465e-03          0     0.5051     0.5165     0.0574     0.1153     4.6092     0.0000     0.0258     0.0000     0.5036     0.5154    34.7531    34.8377    26.4744    26.5460      0.975      1.300      0.358      0.476 0.0000e+00
       9966    415.195    229.488 -106.82166   16.76766    228.000    11.6202    11.5907 3.9486e+04   3.954016     0.0638     0.0368    99.0832 3.6025e-03          0     0.5048     0.5164     0.0574     0.1153     4.6094     0.0000     0.0244     0.0000     0.5035     0.5154    34.7534    34.8342    26.4748    26.5431      1.073      1.341      0.393      0.491 0.0000e+00
      10026    417.702    230.495 -106.82166   16.76766    229.000    11.6009    11.5772 3.9467e+04   3.953173     0.0639     0.0366    99.0887 3.4672e-03          0     0.5044     0.5162     0.0574     0.1154     4.6096     0.0000     0.0238     0.0000     0.5041     0.5156    34.7526    34.8382    26.4778    26.5488      1.115      1.374      0.409      0.504 0.0000e+00
      10046    418.552    231.502 -106.82166   16.76766    230.000    11.5794    11.5496 3.9446e+04   3.950240     0.0639     0.0369    99.0819 3.3757e-03          0     0.5044     0.5162     0.0574     0.1156     4.6093     0.0000     0.0234     0.0000     0.5035     0.5155    34.7516    34.8348    26.4810    26.5513      0.864      1.283      0.316      0.470 0.0000e+00
      10064    419.287    232.509 -106.82166   16.76766    231.000    11.5697    11.5396 3.9437e+04   3.949180     0.0639     0.0368    99.0837 3.6672e-03          0     0.5043     0.5164     0.0574     0.1172     4.6094     0.0000     0.0247     0.0000     0.5035     0.5154    34.7512    34.8333    26.4826    26.5520      1.040      1.256      0.381      0.460 0.0000e+00
      10081    419.985    233.516 -106.82166   16.76766    232.000    11.5601    11.5305 3.9428e+04   3.948327     0.0639     0.0363    99.0964 3.6949e-03          0     0.5046     0.5164     0.0574     0.1162     4.6100     0.0000     0.0248     0.0000     0.5036     0.5153    34.7504    34.8330    26.4838    26.5536      1.074      1.308      0.393      0.479 0.0000e+00
      10099    420.751    234.523 -106.82166   16.76766    233.000    11.5526    11.5224 3.9420e+04   3.947518     0.0639     0.0359    99.1071 3.3291e-03          0     0.5049     0.5165     0.0574     0.1150     4.6104     0.0000     0.0233     0.0000     0.5036     0.5153    34.7500    34.8322    26.4849    26.5544      1.021      1.303      0.374      0.477 0.0000e+00
      10123    421.757    235.530 -106.82166   16.76766    234.000    11.5465    11.5154 3.9414e+04   3.946815     0.0639     0.0360    99.1027 3.3171e-03          0     0.5046     0.5164     0.0574     0.1153     4.6102     0.0000     0.0232     0.0000     0.5035     0.5153    34.7494    34.8315    26.4855    26.5552      1.016      1.367      0.372      0.500 0.0000e+00
      10165    423.503    236.537 -106.82166   16.76766    235.000    11.5429    11.5126 3.9412e+04   3.946515     0.0639     0.0368    99.0835 3.3161e-03          0     0.5045     0.5162     0.0574     0.1150     4.6094     0.0000     0.0232     0.0000     0.5035     0.5153    34.7497    34.8307    26.4865    26.5551      1.094      1.281      0.400      0.469 0.0000e+00
      10209    425.347    237.545 -106.82166   16.76766    236.000    11.5307    11.5064 3.9400e+04   3.946099     0.0639     0.0363    99.0954 3.3161e-03          0     0.5044     0.5162     0.0574     0.1152     4.6099     0.0000     0.0232     0.0000     0.5037     0.5153    34.7489    34.8319    26.4881    26.5573      1.008      1.326      0.369      0.485 0.0000e+00
      10234    426.362    238.552 -106.82166   16.76766    237.000    11.5184    11.4878 3.9388e+04   3.944135     0.0639     0.0363    99.0964 3.3161e-03          0     0.5044     0.5163     0.0574     0.1151     4.6100     0.0000     0.0232     0.0000     0.5037     0.5152    34.7483    34.8296    26.4900    26.5589      1.115      1.330      0.408      0.487 0.0000e+00
      10253    427.153    239.559 -106.82166   16.76766    238.000    11.5108    11.4785 3.9381e+04   3.943430     0.0639     0.0359    99.1064 3.3161e-03          0     0.5044     0.5164     0.0574     0.1151     4.6104     0.0000     0.0232     0.0000     0.5036     0.5155    34.7477    34.8310    26.4910    26.5617      1.001      1.364      0.366      0.499 0.0000e+00
      10271    427.896    240.566 -106.82166   16.76766    239.000    11.4758    11.4435 3.9345e+04   3.940326     0.0639     0.0358    99.1083 3.3161e-03          0     0.5046     0.5159     0.0574     0.1153     4.6105     0.0000     0.0232     0.0000     0.5035     0.5154    34.7451    34.8328    26.4954    26.5697      1.001      1.291      0.366      0.472 0.0000e+00
      10289    428.683    241.573 -106.82166   16.76766    240.000    11.4262    11.3951 3.9295e+04   3.935125     0.0639     0.0354    99.1200 3.3161e-03          0     0.5045     0.5163     0.0574     0.1152     4.6110     0.0000     0.0232     0.0000     0.5035     0.5151    34.7417    34.8266    26.5020    26.5738      0.989      1.279      0.361      0.467 0.0000e+00
      10314    429.693    242.580 -106.82166   16.76766    241.000    11.4161    11.3858 3.9285e+04   3.934006     0.0639     0.0353    99.1205 3.3161e-03          0     0.5045     0.5161     0.0574     0.1150     4.6111     0.0000     0.0232     0.0000     0.5034     0.5154    34.7412    34.8239    26.5035    26.5734      1.029      1.321      0.376      0.482 0.0000e+00
      10348    431.105    243.587 -106.82166   16.76766    242.000    11.4045    11.3742 3.9274e+04   3.932845     0.0639     0.0352    99.1243 3.7047e-03          0     0.5045     0.5163     0.0574     0.1150     4.6112     0.0000     0.0248     0.0000     0.5034     0.5151    34.7410    34.8229    26.5055    26.5748      1.032      1.267      0.376      0.462 0.0000e+00
      10392    432.966    244.594 -106.82166   16.76766    243.000    11.3967    11.3666 3.9267e+04   3.932053     0.0639     0.0348    99.1344 3.1412e-03          0     0.5044     0.5162     0.0574     0.1151     4.6117     0.0000     0.0225     0.0000     0.5034     0.5151    34.7403    34.8218    26.5064    26.5753      1.024      1.265      0.374      0.461 0.0000e+00
      10436    434.810    245.601 -106.82166   16.76766    244.000    11.3939    11.3638 3.9265e+04   3.931795     0.0639     0.0349    99.1329 3.0241e-03          0     0.5043     0.5160     0.0574     0.1154     4.6116     0.0000     0.0220     0.0000     0.5035     0.5150    34.7405    34.8214    26.5072    26.5756      1.041      1.287      0.380      0.470 0.0000e+00
      10465    436.001    246.609 -106.82166   16.76766    245.000    11.3910    11.3606 3.9262e+04   3.931531     0.0639     0.0350    99.1288 3.0291e-03          0     0.5043     0.5162     0.0574     0.1153     4.6114     0.0000     0.0220     0.0000     0.5034     0.5152    34.7400    34.8214    26.5073    26.5762      1.004      1.315      0.366      0.480 0.0000e+00
      10486    436.894    247.616 -106.82166   16.76766    246.000    11.3894    11.3593 3.9261e+04   3.931432     0.0639     0.0354    99.1183 3.0291e-03          0     0.5043     0.5159     0.0574     0.1152     4.6110     0.0000     0.0220     0.0000     0.5034     0.5150    34.7401    34.8212    26.5076    26.5763      1.050      1.238      0.383      0.452 0.0000e+00
      10505    437.654    248.623 -106.82166   16.76766    247.000    11.3882    11.3580 3.9260e+04   3.931360     0.0639     0.0348    99.1347 3.0291e-03          0     0.5043     0.5159     0.0574     0.1151     4.6117     0.0000     0.0220     0.0000     0.5035     0.5150    34.7398    34.8213    26.5077    26.5767      1.030      1.252      0.376      0.457 0.0000e+00
      10522    438.355    249.630 -106.82166   16.76766    248.000    11.3861    11.3557 3.9259e+04   3.931185     0.0639     0.0349    99.1312 3.0291e-03          0     0.5045     0.5160     0.0574     0.1154     4.6115     0.0000     0.0220     0.0000     0.5034     0.5152    34.7405    34.8213    26.5087    26.5771      1.012      1.318      0.369      0.480 0.0000e+00
      10538    439.022    250.638 -106.82166   16.76766    249.000    11.3828    11.3526 3.9256e+04   3.930920     0.0639     0.0348    99.1345 3.0291e-03          0     0.5043     0.5160     0.0574     0.1154     4.6117     0.0000     0.0220     0.0000     0.5034     0.5150    34.7402    34.8211    26.5091    26.5775      1.049      1.271      0.382      0.463 0.0000e+00
      10554    439.703    251.645 -106.82166   16.76766    250.000    11.3797    11.3496 3.9253e+04   3.930676     0.0639     0.0351    99.1278 3.0291e-03          0     0.5043     0.5161     0.0574     0.1155     4.6114     0.0000     0.0220     0.0000     0.5035     0.5149    34.7400    34.8211    26.5095    26.5781      1.037      1.248      0.378      0.455 0.0000e+00
      10572    440.460    252.652 -106.82168   16.76766    251.000    11.3757    11.3458 3.9250e+04   3.930294     0.0744     0.0351    99.1258 3.0291e-03          0     0.5043     0.5159     0.0584     0.1151     4.6113     0.0000     0.0220     0.0000     0.5034     0.5150    34.7398    34.8205    26.5101    26.5784      1.010      1.296      0.368      0.472 0.0000e+00
      10595    441.404    253.659 -106.82168   16.76766    252.000    11.3725    11.3422 3.9247e+04   3.929968     0.0665     0.0348    99.1342 3.0291e-03          0     0.5043     0.5158     0.0577     0.1151     4.6117     0.0000     0.0220     0.0000     0.5034     0.5150    34.7393    34.8202    26.5103    26.5789      1.027      1.237      0.375      0.451 0.0000e+00
      10630    442.855    254.666 -106.82168   16.76766    253.000    11.3679    11.3377 3.9242e+04   3.929552     0.0650     0.0349    99.1306 3.0230e-03          0     0.5043     0.5159     0.0575     0.1152     4.6115     0.0000     0.0220     0.0000     0.5034     0.5151    34.7390    34.8198    26.5109    26.5794      1.030      1.293      0.376      0.471 0.0000e+00
      10682    445.031    255.674 -106.82168   16.76765    254.000    11.3607    11.3306 3.9236e+04   3.928889     0.0597     0.0351    99.1268 3.0236e-03          0     0.5043     0.5159     0.0570     0.1152     4.6113     0.0000     0.0220     0.0000     0.5034     0.5149    34.7385    34.8195    26.5119    26.5805      1.030      1.246      0.375      0.454 0.0000e+00
      10726    446.878    256.681 -106.82168   16.76764    255.000    11.3440    11.3134 3.9219e+04   3.927353     0.0651     0.0349    99.1331 2.9652e-03          0     0.5043     0.5160     0.0575     0.1152     4.6116     0.0000     0.0217     0.0000     0.5034     0.5149    34.7375    34.8201    26.5142    26.5841      1.029      1.243      0.375      0.453 0.0000e+00
      10764    448.439    257.688 -106.82168   16.76764    256.000    11.2980    11.2670 3.9172e+04   3.922628     0.0705     0.0348    99.1345 2.7796e-03          0     0.5043     0.5157     0.0581     0.1151     4.6117     0.0000     0.0210     0.0000     0.5034     0.5149    34.7336    34.8166    26.5197    26.5899      1.031      1.249      0.375      0.455 0.0000e+00
