data/ctd-cnv/KM1919/KM1919-St20-P2/St20_P2_cast47-align-cellTM-derive-bin.cnv
* Sea-Bird SBE 9 Data File:
* FileName = C:\Users\otg\Desktop\CTD Data\km1920\St20_P2_cast47.hex
* Software Version Seasave V 7.26.7.107
* Temperature SN = 5554
* Conductivity SN = 3876
* Number of Bytes Per Scan = 41
* Number of Voltage Words = 4
* Number of Scans Averaged by the Deck Unit = 1
* NMEA Latitude = 16 46.72 N
* NMEA Longitude = 106 48.51 W
* NMEA UTC (Time) = Oct 09 2019  01:06:19
* NMEA baud rate = 4800
** Ship: Kilo Moana
** Station: St20_P2 cast 47
** Operator: CF
** 6 pm cast
# nquan = 34
# nvalues = 200                         
# units = specified
# name 0 = scan: Scan Count
# name 1 = timeS: Time, Elapsed [seconds]
# name 2 = prDM: Pressure, Digiquartz [db]
# name 3 = longitude: Longitude [deg]
# name 4 = latitude: Latitude [deg]
# name 5 = depSMignore: Depth [salt water, m]
# name 6 = t090C: Temperature [ITS-90, deg C]
# name 7 = t190C: Temperature, 2 [ITS-90, deg C]
# name 8 = c0uS/cm: Conductivity [uS/cm]
# name 9 = c1S/m: Conductivity, 2 [S/m]
# name 10 = flECO-AFL: Fluorescence, WET Labs ECO-AFL/FL [mg/m^3]
# name 11 = CStarAt0: Beam Attenuation, WET Labs C-Star [1/m]
# name 12 = CStarTr0: Beam Transmission, WET Labs C-Star [%]
# name 13 = par: PAR/Irradiance, Biospherical/Licor
# name 14 = modError: Modulo Error Count
# name 15 = v0: Voltage 0
# name 16 = v1: Voltage 1
# name 17 = v2: Voltage 2
# name 18 = v3: Voltage 3
# name 19 = v4: Voltage 4
# name 20 = v5: Voltage 5
# name 21 = v6: Voltage 6
# name 22 = v7: Voltage 7
# name 23 = sbeox0V: Oxygen raw, SBE 43 [V]
# name 24 = sbeox1V: Oxygen raw, SBE 43, 2 [V]
# name 25 = sal00: Salinity, Practical [PSU]
# name 26 = sal11: Salinity, Practical, 2 [PSU]
# name 27 = sigma-é00: Density [sigma-theta, kg/m^3]
# name 28 = sigma-é11: Density, 2 [sigma-theta, kg/m^3]
# name 29 = sbeox0Mm/L: Oxygen, SBE 43 [umol/l], WS = 2
# name 30 = sbeox1Mm/L: Oxygen, SBE 43, 2 [umol/l], WS = 2
# name 31 = sbeox0PS: Oxygen, SBE 43 [% saturation], WS = 2
# name 32 = sbeox1PS: Oxygen, SBE 43, 2 [% saturation], WS = 2
# name 33 = flag: flag
# span 0 =         11,      11618       
# span 1 =      0.416,    484.029       
# span 2 =      1.006,    201.291       
# span 3 = -106.80836, -106.80808       
# span 4 =   16.77880,   16.77890       
# span 5 =      1.000,    200.000       
# span 6 =    12.0951,    29.6011       
# span 7 =    12.0696,    29.5538       
# span 8 = 3.9943e+04, 5.7305e+04       
# span 9 =   4.000244,   5.737935       
# span 10 =     0.0451,     1.7132      
# span 11 =     0.0202,     0.1179      
# span 12 =    97.0951,    99.4960      
# span 13 = 1.9183e-04, 5.8720e+00      
# span 14 =          0,          0      
# span 15 =     0.5045,     2.5133      
# span 16 =     0.5161,     2.4946      
# span 17 =     0.0555,     0.2223      
# span 18 =     0.1145,     0.1176      
# span 19 =     4.5169,     4.6285      
# span 20 =     0.0000,     0.0000      
# span 21 =     0.0097,     1.7775      
# span 22 =     0.0000,     0.0000      
# span 23 =     0.5034,     2.5093      
# span 24 =     0.5151,     2.4951      
# span 25 =    34.2879,    34.7823      
# span 26 =    34.3822,    34.8721      
# span 27 =    21.5415,    26.3965      
# span 28 =    21.6209,    26.4647      
# span 29 =      0.973,    230.890      
# span 30 =      0.825,    241.579      
# span 31 =      0.360,    108.297      
# span 32 =      0.309,    112.704      
# span 33 = 0.0000e+00, 0.0000e+00      
# interval = meters: 1                  
# start_time = Oct 09 2019 01:10:34 [NMEA time, first data scan]
# bad_flag = -9.990e-29
*END*
[from data line 86]
       6043    251.750     87.538 -106.80820   16.77886     87.000    17.7563    17.7154 4.5053e+04   4.513018     0.7194     0.0530    98.6828 2.1761e-03          0     1.3616     1.3912     0.1229     0.1148     4.5907     0.0000     0.0183     0.0000     1.1825     1.2395    34.4516    34.5523    24.9153    25.0024     68.695     88.309     28.412     36.518 0.0000e+00
       6066    252.698     88.544 -106.80820   16.77886     88.000    17.6342    17.5936 4.4941e+04   4.501221     0.6157     0.0483    98.7992 2.1730e-03          0     1.3191     1.3731     0.1126     0.1148     4.5961     0.0000     0.0183     0.0000     1.0993     1.1755    34.4583    34.5542    24.9501    25.0334     48.914     74.648     20.184     30.798 0.0000e+00
       6089    253.663     89.550 -106.80820   16.77886     89.000    17.4603    17.4089 4.4780e+04   4.485749     0.5630     0.0461    98.8552 2.1503e-03          0     1.2666     1.3241     0.1073     0.1148     4.5987     0.0000     0.0182     0.0000     1.0049     1.0847    34.4676    34.5779    24.9992    25.0962     44.573     62.167     18.332     25.563 0.0000e+00
       6174    257.225     90.557 -106.80820   16.77886     90.000    17.1625    17.1935 4.4499e+04   4.462679     0.5586     0.0432    98.9256 2.0291e-03          0     1.0875     1.1490     0.1069     0.1148     4.6020     0.0000     0.0177     0.0000     0.9992     1.0489    34.4779    34.5621    25.0784    25.1355     73.074     78.284     29.898     32.074 0.0000e+00
       6281    261.667     91.563 -106.80822   16.77886     91.000    17.0240    17.0512 4.4374e+04   4.450228     0.5423     0.0462    98.8513 1.9305e-03          0     1.1100     1.1491     0.1052     0.1149     4.5986     0.0000     0.0173     0.0000     0.8962     0.9520    34.4868    34.5756    25.1182    25.1799     42.056     51.339     17.156     20.965 0.0000e+00
       6298    262.362     92.570 -106.80822   16.77886     92.000    16.9548    16.9219 4.4304e+04   4.437504     0.4717     0.0423    98.9491 1.9066e-03          0     1.0769     1.1379     0.0982     0.1148     4.6031     0.0000     0.0172     0.0000     0.8770     0.9230    34.4852    34.5754    25.1334    25.2104     43.351     50.584     17.661     20.606 0.0000e+00
       6317    263.178     93.576 -106.80822   16.77886     93.000    16.8989    16.8560 4.4244e+04   4.431391     0.4367     0.0384    99.0427 1.8641e-03          0     1.0078     1.0785     0.0947     0.1148     4.6075     0.0000     0.0170     0.0000     0.8626     0.9007    34.4804    34.5784    25.1429    25.2283     44.373     50.139     18.058     20.399 0.0000e+00
       6410    267.041     94.583 -106.80821   16.77886     94.000    16.8470    16.8263 4.4192e+04   4.426928     0.4634     0.0384    99.0436 1.8983e-03          0     0.8854     0.9225     0.0973     0.1148     4.6075     0.0000     0.0171     0.0000     0.8646     0.8848    34.4789    34.5646    25.1540    25.2247     50.761     53.104     20.637     21.593 0.0000e+00
       6512    271.293     95.589 -106.80820   16.77886     95.000    16.7414    16.7294 4.4091e+04   4.418292     0.4713     0.0396    99.0138 1.8497e-03          0     0.9096     0.9188     0.0981     0.1148     4.6061     0.0000     0.0169     0.0000     0.8319     0.8603    34.4809    34.5721    25.1804    25.2533     39.386     45.642     15.980     18.524 0.0000e+00
       6534    272.215     96.596 -106.80820   16.77886     96.000    16.7043    16.6695 4.4057e+04   4.412272     0.4111     0.0367    99.0868 1.8747e-03          0     0.8916     0.9137     0.0921     0.1149     4.6095     0.0000     0.0170     0.0000     0.8182     0.8450    34.4834    34.5707    25.1911    25.2663     38.741     44.011     15.707     17.841 0.0000e+00
       6555    273.090     97.602 -106.80820   16.77886     97.000    16.5928    16.5509 4.3951e+04   4.402390     0.4034     0.0351    99.1262 1.8195e-03          0     0.8682     0.8956     0.0914     0.1149     4.6113     0.0000     0.0168     0.0000     0.8090     0.8329    34.4855    34.5859    25.2188    25.3057     39.388     43.370     15.935     17.542 0.0000e+00
       6641    276.657     98.608 -106.80820   16.77886     98.000    16.5190    16.4757 4.3878e+04   4.393482     0.4053     0.0340    99.1538 1.7981e-03          0     0.8229     0.8457     0.0915     0.1148     4.6126     0.0000     0.0167     0.0000     0.8061     0.8226    34.4848    34.5722    25.2354    25.3127     41.598     44.412     16.805     17.937 0.0000e+00
       6751    281.269     99.615 -106.80820   16.77886     99.000    16.3863    16.3485 4.3751e+04   4.381921     0.3982     0.0349    99.1297 1.6287e-03          0     0.8192     0.8351     0.0908     0.1148     4.6115     0.0000     0.0160     0.0000     0.7856     0.8063    34.4871    34.5801    25.2680    25.3482     35.481     40.245     14.297     16.214 0.0000e+00
       6772    282.134    100.621 -106.80820   16.77886    100.000    16.2175    16.1771 4.3583e+04   4.365449     0.3660     0.0326    99.1884 1.7141e-03          0     0.8117     0.8308     0.0876     0.1149     4.6142     0.0000     0.0164     0.0000     0.7749     0.7971    34.4842    34.5828    25.3047    25.3898     33.265     38.673     13.360     15.529 0.0000e+00
       6795    283.097    101.628 -106.80820   16.77886    101.000    16.0541    16.0115 4.3420e+04   4.349735     0.3332     0.0308    99.2319 1.6118e-03          0     0.8025     0.8219     0.0843     0.1148     4.6162     0.0000     0.0159     0.0000     0.7621     0.7855    34.4810    34.5871    25.3397    25.4309     32.450     36.883     12.990     14.763 0.0000e+00
       6878    286.526    102.634 -106.80820   16.77887    102.000    15.9283    15.9206 4.3297e+04   4.338661     0.3202     0.0301    99.2500 1.6079e-03          0     0.7722     0.7912     0.0830     0.1150     4.6171     0.0000     0.0159     0.0000     0.7570     0.7757    34.4810    34.5672    25.3682    25.4362     33.682     37.453     13.448     14.962 0.0000e+00
       6987    291.100    103.640 -106.80820   16.77886    103.000    15.5957    15.5711 4.2977e+04   4.308104     0.3598     0.0309    99.2310 1.6062e-03          0     0.7648     0.7799     0.0870     0.1167     4.6162     0.0000     0.0159     0.0000     0.7090     0.7407    34.4846    34.5995    25.4462    25.5402     19.039     27.101      7.551     10.753 0.0000e+00
       7004    291.773    104.647 -106.80820   16.77888    104.000    15.3717    15.2987 4.2786e+04   4.284264     0.2749     0.0285    99.2895 1.6063e-03          0     0.7640     0.7822     0.0785     0.1149     4.6189     0.0000     0.0159     0.0000     0.6872     0.7193    34.5088    34.6240    25.5147    25.6197     16.553     24.406      6.540      9.635 0.0000e+00
       7023    292.594    105.654 -106.80820   16.77888    105.000    15.3062    15.2705 4.2737e+04   4.280199     0.2419     0.0255    99.3646 1.6063e-03          0     0.7549     0.7770     0.0752     0.1150     4.6224     0.0000     0.0159     0.0000     0.6645     0.6983    34.5216    34.6118    25.5392    25.6166     13.869     21.097      5.472      8.323 0.0000e+00
       7045    293.518    106.660 -106.80819   16.77888    106.000    15.2320    15.1949 4.2683e+04   4.275199     0.2347     0.0250    99.3773 1.6063e-03          0     0.7347     0.7630     0.0745     0.1149     4.6230     0.0000     0.0159     0.0000     0.6448     0.6751    34.5378    34.6328    25.5681    25.6495     15.574     19.324      6.136      7.613 0.0000e+00
       7161    298.317    107.667 -106.80818   16.77888    107.000    15.2539    15.2197 4.2713e+04   4.276816     0.2577     0.0249    99.3798 1.6036e-03          0     0.6461     0.6673     0.0767     0.1147     4.6231     0.0000     0.0159     0.0000     0.6482     0.6584    34.5451    34.6252    25.5689    25.6382     22.169     22.605      8.739      8.910 0.0000e+00
       7228    301.114    108.673 -106.80818   16.77888    108.000    15.1719    15.1376 4.2649e+04   4.271570     0.2455     0.0265    99.3400 1.6063e-03          0     0.6657     0.6725     0.0755     0.1148     4.6213     0.0000     0.0159     0.0000     0.6251     0.6447    34.5592    34.6498    25.5979    25.6753     15.361     18.087      6.047      7.119 0.0000e+00
       7250    302.032    109.680 -106.80818   16.77888    109.000    15.0632    15.0257 4.2546e+04   4.261328     0.1866     0.0239    99.4039 1.6063e-03          0     0.6531     0.6708     0.0697     0.1148     4.6243     0.0000     0.0159     0.0000     0.6181     0.6386    34.5610    34.6556    25.6232    25.7044     13.138     17.092      5.161      6.713 0.0000e+00
       7270    302.888    110.686 -106.80818   16.77888    110.000    15.0191    14.9854 4.2501e+04   4.256351     0.1866     0.0246    99.3864 1.6063e-03          0     0.6408     0.6626     0.0697     0.1148     4.6234     0.0000     0.0159     0.0000     0.6077     0.6302    34.5592    34.6456    25.6316    25.7056     10.918     15.087      4.285      5.920 0.0000e+00
       7297    303.987    111.692 -106.80818   16.77886    111.000    15.0081    14.9775 4.2513e+04   4.257411     0.1794     0.0230    99.4269 1.6063e-03          0     0.6298     0.6508     0.0689     0.1149     4.6254     0.0000     0.0159     0.0000     0.5967     0.6175    34.5787    34.6618    25.6490    25.7198     12.053     13.825      4.730      5.424 0.0000e+00
       7404    308.460    112.699 -106.80818   16.77886    112.000    15.0441    15.0043 4.2560e+04   4.261515     0.2077     0.0227    99.4337 1.4542e-03          0     0.6073     0.6237     0.0718     0.1148     4.6257     0.0000     0.0153     0.0000     0.5982     0.6106    34.5896    34.6751    25.6495    25.7242     14.897     15.731      5.850      6.176 0.0000e+00
       7470    311.228    113.706 -106.80818   16.77886    113.000    14.8436    14.8010 4.2360e+04   4.243988     0.1814     0.0232    99.4219 1.4128e-03          0     0.6099     0.6226     0.0692     0.1149     4.6251     0.0000     0.0151     0.0000     0.5825     0.6037    34.5850    34.6956    25.6898    25.7843      6.499     11.337      2.542      4.434 0.0000e+00
       7489    311.992    114.712 -106.80816   16.77886    114.000    14.7209    14.6794 4.2253e+04   4.232228     0.1579     0.0229    99.4287 1.4279e-03          0     0.6061     0.6218     0.0668     0.1149     4.6254     0.0000     0.0151     0.0000     0.5695     0.5936    34.5957    34.6959    25.7247    25.8110      4.425      9.009      1.727      3.515 0.0000e+00
       7510    312.859    115.719 -106.80816   16.77886    115.000    14.6096    14.5733 4.2179e+04   4.224123     0.1396     0.0211    99.4738 1.4344e-03          0     0.5997     0.6165     0.0649     0.1149     4.6275     0.0000     0.0152     0.0000     0.5580     0.5809    34.6261    34.7160    25.7722    25.8493      5.079      7.439      1.978      2.896 0.0000e+00
       7594    316.376    116.725 -106.80816   16.77886    116.000    14.6449    14.5961 4.2212e+04   4.226244     0.1623     0.0212    99.4708 1.4319e-03          0     0.5685     0.5862     0.0672     0.1148     4.6274     0.0000     0.0152     0.0000     0.5607     0.5713    34.6251    34.7147    25.7638    25.8435      8.733      9.102      3.403      3.546 0.0000e+00
       7682    320.024    117.732 -106.80816   16.77886    117.000    14.6005    14.5303 4.2183e+04   4.222508     0.2207     0.0211    99.4731 1.4014e-03          0     0.5687     0.5732     0.0731     0.1148     4.6275     0.0000     0.0150     0.0000     0.5441     0.5615    34.6373    34.7388    25.7828    25.8762      2.597      5.707      1.011      2.220 0.0000e+00
       7710    321.194    118.738 -106.80816   16.77886    118.000    14.3757    14.3348 4.2001e+04   4.206620     0.1748     0.0202    99.4960 1.3710e-03          0     0.5661     0.5758     0.0685     0.1149     4.6285     0.0000     0.0149     0.0000     0.5325     0.5513    34.6703    34.7674    25.8564    25.9402      1.717      4.298      0.666      1.666 0.0000e+00
       7742    322.540    119.745 -106.80816   16.77886    119.000    14.1947    14.1564 4.1853e+04   4.191919     0.1450     0.0206    99.4874 1.3256e-03          0     0.5551     0.5699     0.0655     0.1147     4.6281     0.0000     0.0147     0.0000     0.5231     0.5412    34.6956    34.7915    25.9144    25.9966      1.637      3.312      0.632      1.279 0.0000e+00
       7781    324.167    120.751 -106.80816   16.77886    120.000    14.1078    14.0741 4.1785e+04   4.184695     0.1800     0.0240    99.4000 1.3174e-03          0     0.5383     0.5567     0.0690     0.1149     4.6241     0.0000     0.0147     0.0000     0.5172     0.5337    34.7103    34.7983    25.9442    26.0193      1.853      3.040      0.715      1.172 0.0000e+00
       7826    326.047    121.758 -106.80816   16.77886    121.000    14.0823    14.0493 4.1766e+04   4.182567     0.2218     0.0259    99.3552 1.2994e-03          0     0.5242     0.5422     0.0732     0.1149     4.6220     0.0000     0.0146     0.0000     0.5137     0.5291    34.7153    34.8006    25.9535    26.0263      1.914      2.759      0.738      1.063 0.0000e+00
       7879    328.237    122.764 -106.80816   16.77886    122.000    14.0732    14.0424 4.1761e+04   4.182077     0.2564     0.0268    99.3334 1.3100e-03          0     0.5170     0.5332     0.0766     0.1149     4.6210     0.0000     0.0146     0.0000     0.5117     0.5265    34.7180    34.8018    25.9575    26.0288      1.835      2.658      0.707      1.024 0.0000e+00
       7943    330.913    123.771 -106.80816   16.77886    123.000    14.0638    14.0315 4.1755e+04   4.181342     0.2944     0.0274    99.3172 1.2129e-03          0     0.5133     0.5282     0.0805     0.1149     4.6202     0.0000     0.0142     0.0000     0.5105     0.5245    34.7209    34.8044    25.9617    26.0331      1.862      2.444      0.717      0.942 0.0000e+00
       8008    333.622    124.778 -106.80816   16.77887    124.000    14.0556    14.0232 4.1750e+04   4.180767     0.3072     0.0283    99.2945 1.0883e-03          0     0.5117     0.5260     0.0817     0.1148     4.6191     0.0000     0.0136     0.0000     0.5095     0.5233    34.7229    34.8062    25.9650    26.0362      1.723      2.321      0.664      0.894 0.0000e+00
       8063    335.930    125.784 -106.80816   16.77888    125.000    14.0451    14.0125 4.1742e+04   4.179995     0.3328     0.0289    99.2810 1.0403e-03          0     0.5109     0.5247     0.0842     0.1149     4.6185     0.0000     0.0134     0.0000     0.5093     0.5228    34.7252    34.8082    25.9690    26.0400      1.763      2.328      0.679      0.897 0.0000e+00
       8093    337.165    126.791 -106.80816   16.77888    126.000    14.0380    14.0063 4.1737e+04   4.179582     0.3077     0.0295    99.2648 1.0428e-03          0     0.5105     0.5241     0.0818     0.1149     4.6178     0.0000     0.0134     0.0000     0.5090     0.5225    34.7260    34.8096    25.9712    26.0425      1.521      2.156      0.586      0.830 0.0000e+00
       8119    338.241    127.797 -106.80816   16.77888    127.000    14.0191    13.9854 4.1722e+04   4.178074     0.3187     0.0310    99.2272 1.0428e-03          0     0.5104     0.5239     0.0828     0.1148     4.6160     0.0000     0.0134     0.0000     0.5083     0.5219    34.7290    34.8140    25.9775    26.0503      1.517      2.090      0.584      0.805 0.0000e+00
       8148    339.442    128.804 -106.80816   16.77888    128.000    13.9915    13.9561 4.1699e+04   4.175644     0.3301     0.0327    99.1875 1.0428e-03          0     0.5103     0.5238     0.0840     0.1149     4.6142     0.0000     0.0134     0.0000     0.5082     0.5215    34.7321    34.8175    25.9857    26.0591      1.621      2.071      0.624      0.797 0.0000e+00
