data/ctd-cnv/KM1919/KM1919-St20-P2/St20_P2_cast38-align-cellTM-derive-bin.cnv
* Sea-Bird SBE 9 Data File:
* FileName = C:\Users\otg\Desktop\CTD Data\km1920\St20_P2_cast38.hex
* Software Version Seasave V 7.26.7.107
* Temperature SN = 5554
* Conductivity SN = 3876
* Number of Bytes Per Scan = 41
* Number of Voltage Words = 4
* Number of Scans Averaged by the Deck Unit = 1
* NMEA Latitude = 16 46.02 N
* NMEA Longitude = 106 49.11 W
* NMEA UTC (Time) = Oct 07 2019  16:45:12
* NMEA baud rate = 4800
** Ship: Kilo Moana
** Station: St20_P2cast 38
** Operator: jac
# nquan = 34
# nvalues = 251                         
# units = specified
# name 0 = scan: Scan Count
# name 1 = timeS: Time, Elapsed [seconds]
# name 2 = prDM: Pressure, Digiquartz [db]
# name 3 = longitude: Longitude [deg]
# name 4 = latitude: Latitude [deg]
# name 5 = depSM: Depth [salt water, m]
# name 6 = t090C: Temperature [ITS-90, deg C]
# name 7 = t190C: Temperature, 2 [ITS-90, deg C]
# name 8 = c0uS/cm: Conductivity [uS/cm]
# name 9 = c1S/m: Conductivity, 2 [S/m]
# name 10 = flECO-AFL: Fluorescence, WET Labs ECO-AFL/FL [mg/m^3]
# name 11 = CStarAt0: Beam Attenuation, WET Labs C-Star [1/m]
# name 12 = CStarTr0: Beam Transmission, WET Labs C-Star [%]
# name 13 = par: PAR/Irradiance, Biospherical/Licor
# name 14 = modError: Modulo Error Count
# name 15 = v0: Voltage 0
# name 16 = v1: Voltage 1
# name 17 = v2: Voltage 2
# name 18 = v3: Voltage 3
# name 19 = v4: Voltage 4
# name 20 = v5: Voltage 5
# name 21 = v6: Voltage 6
# name 22 = v7: Voltage 7
# name 23 = sbeox0V: Oxygen raw, SBE 43 [V]
# name 24 = sbeox1V: Oxygen raw, SBE 43, 2 [V]
# name 25 = sal00: Salinity, Practical [PSU]
# name 26 = sal11: Salinity, Practical, 2 [PSU]
# name 27 = sigma-é00: Density [sigma-theta, kg/m^3]
# name 28 = sigma-é11: Density, 2 [sigma-theta, kg/m^3]
# name 29 = sbeox0Mm/L: Oxygen, SBE 43 [umol/l], WS = 2
# name 30 = sbeox1Mm/L: Oxygen, SBE 43, 2 [umol/l], WS = 2
# name 31 = sbeox0PS: Oxygen, SBE 43 [% saturation], WS = 2
# name 32 = sbeox1PS: Oxygen, SBE 43, 2 [% saturation], WS = 2
# name 33 = flag: flag
# span 0 =         65,       9589       
# span 1 =      2.653,    399.482       
# span 2 =      2.012,    253.659       
# span 3 = -106.81854, -106.81849       
# span 4 =   16.76694,   16.76698       
# span 5 =      2.000,    252.000       
# span 6 =    11.5737,    29.6002       
# span 7 =    11.5436,    29.5606       
# span 8 = 3.9450e+04, 5.7319e+04       
# span 9 =   3.950452,   5.740035       
# span 10 =     0.0228,     1.5943      
# span 11 =     0.0211,     0.1122      
# span 12 =    97.2343,    99.4728      
# span 13 = 3.6832e-03, 1.0575e+03      
# span 14 =          0,          0      
# span 15 =     0.5046,     2.4875      
# span 16 =     0.5164,     2.4722      
# span 17 =     0.0532,     0.2104      
# span 18 =     0.1126,     0.1157      
# span 19 =     4.5234,     4.6275      
# span 20 =     0.0000,     0.0000      
# span 21 =     0.0247,     4.0315      
# span 22 =     0.0000,     0.0000      
# span 23 =     0.5036,     2.4809      
# span 24 =     0.5153,     2.4690      
# span 25 =    34.2599,    34.7850      
# span 26 =    34.3510,    34.8705      
# span 27 =    21.5499,    26.4825      
# span 28 =    21.6263,    26.5517      
# span 29 =      1.027,    227.689      
# span 30 =      1.297,    239.443      
# span 31 =      0.376,    106.025      
# span 32 =      0.477,    111.375      
# span 33 = 0.0000e+00, 0.0000e+00      
# interval = meters: 1                  
# start_time = Oct 07 2019 16:50:06 [NMEA time, first data scan]
# bad_flag = -9.990e-29
*END*
[from data line 129]
       5860    244.137    131.824 -106.81852   16.76696    131.000    13.8810    13.8476 4.1604e+04   4.166450     0.4182     0.0380    99.0537 1.7278e-01          0     0.5116     0.5271     0.0928     0.1148     4.6080     0.0000     0.4477     0.0000     0.5094     0.5240    34.7419    34.8288    26.0165    26.0906      1.808      2.406      0.694      0.924 0.0000e+00
       5878    244.878    132.830 -106.81852   16.76696    132.000    13.8700    13.8371 4.1594e+04   4.165337     0.3821     0.0361    99.1014 1.6184e-01          0     0.5116     0.5263     0.0892     0.1148     4.6102     0.0000     0.4297     0.0000     0.5094     0.5236    34.7423    34.8275    26.0191    26.0918      1.814      2.348      0.696      0.901 0.0000e+00
       5896    245.616    133.837 -106.81852   16.76696    133.000    13.8509    13.8178 4.1577e+04   4.163628     0.3707     0.0350    99.1280 1.4714e-01          0     0.5114     0.5260     0.0881     0.1146     4.6114     0.0000     0.4046     0.0000     0.5094     0.5232    34.7430    34.8287    26.0236    26.0968      1.810      2.263      0.695      0.868 0.0000e+00
       5914    246.396    134.843 -106.81852   16.76696    134.000    13.8032    13.7691 4.1534e+04   4.159641     0.3532     0.0348    99.1345 1.4284e-01          0     0.5108     0.5254     0.0863     0.1139     4.6117     0.0000     0.3970     0.0000     0.5094     0.5230    34.7455    34.8352    26.0356    26.1120      1.704      2.300      0.653      0.882 0.0000e+00
       5934    247.219    135.850 -106.81852   16.76696    135.000    13.7659    13.7329 4.1500e+04   4.155940     0.3316     0.0348    99.1345 1.3260e-01          0     0.5104     0.5251     0.0841     0.1126     4.6117     0.0000     0.3782     0.0000     0.5089     0.5227    34.7474    34.8329    26.0448    26.1178      1.601      2.305      0.613      0.883 0.0000e+00
       5955    248.090    136.857 -106.81852   16.76696    136.000    13.7544    13.7216 4.1490e+04   4.154896     0.3207     0.0348    99.1345 1.2461e-01          0     0.5104     0.5248     0.0830     0.1127     4.6117     0.0000     0.3629     0.0000     0.5088     0.5226    34.7485    34.8330    26.0480    26.1202      1.596      2.251      0.611      0.862 0.0000e+00
       5981    249.160    137.863 -106.81852   16.76696    137.000    13.7393    13.7067 4.1477e+04   4.153561     0.3203     0.0348    99.1354 1.1649e-01          0     0.5104     0.5243     0.0830     0.1129     4.6117     0.0000     0.3468     0.0000     0.5083     0.5222    34.7495    34.8337    26.0520    26.1239      1.573      2.176      0.602      0.833 0.0000e+00
       6022    250.864    138.870 -106.81852   16.76696    138.000    13.7237    13.6915 4.1465e+04   4.152256     0.3300     0.0343    99.1462 1.0692e-01          0     0.5100     0.5237     0.0840     0.1139     4.6122     0.0000     0.3270     0.0000     0.5082     0.5219    34.7513    34.8349    26.0566    26.1280      1.634      2.171      0.625      0.831 0.0000e+00
       6073    252.985    139.877 -106.81850   16.76696    139.000    13.7016    13.6691 4.1445e+04   4.150364     0.3590     0.0350    99.1286 9.8359e-02          0     0.5092     0.5232     0.0869     0.1136     4.6114     0.0000     0.3086     0.0000     0.5082     0.5215    34.7529    34.8370    26.0625    26.1343      1.634      2.145      0.625      0.821 0.0000e+00
       6098    254.059    140.883 -106.81852   16.76696    140.000    13.6858    13.6533 4.1432e+04   4.148977     0.3237     0.0348    99.1334 8.9029e-02          0     0.5092     0.5229     0.0834     0.1140     4.6117     0.0000     0.2876     0.0000     0.5082     0.5214    34.7546    34.8379    26.0671    26.1383      1.669      2.094      0.639      0.801 0.0000e+00
       6117    254.837    141.890 -106.81852   16.76696    141.000    13.6786    13.6463 4.1426e+04   4.148359     0.2994     0.0347    99.1376 8.4306e-02          0     0.5092     0.5227     0.0809     0.1139     4.6118     0.0000     0.2765     0.0000     0.5082     0.5211    34.7547    34.8382    26.0687    26.1399      1.632      2.153      0.625      0.823 0.0000e+00
       6133    255.507    142.896 -106.81852   16.76696    142.000    13.6683    13.6357 4.1417e+04   4.147508     0.2840     0.0348    99.1346 8.2049e-02          0     0.5092     0.5227     0.0794     0.1127     4.6117     0.0000     0.2711     0.0000     0.5081     0.5216    34.7555    34.8394    26.0714    26.1431      1.631      2.232      0.624      0.854 0.0000e+00
       6149    256.165    143.903 -106.81852   16.76696    143.000    13.6586    13.6262 4.1409e+04   4.146630     0.2837     0.0348    99.1345 7.3764e-02          0     0.5092     0.5225     0.0794     0.1140     4.6117     0.0000     0.2508     0.0000     0.5082     0.5215    34.7559    34.8394    26.0738    26.1451      1.634      2.067      0.625      0.790 0.0000e+00
       6166    256.877    144.910 -106.81852   16.76696    144.000    13.6471    13.6141 4.1399e+04   4.145762     0.2805     0.0352    99.1234 6.6148e-02          0     0.5091     0.5225     0.0791     0.1147     4.6112     0.0000     0.2312     0.0000     0.5081     0.5209    34.7567    34.8418    26.0768    26.1495      1.637      1.940      0.626      0.741 0.0000e+00
       6187    257.737    145.917 -106.81852   16.76696    145.000    13.6139    13.5812 4.1370e+04   4.142839     0.2715     0.0352    99.1231 5.9083e-02          0     0.5092     0.5222     0.0781     0.1144     4.6112     0.0000     0.2122     0.0000     0.5082     0.5207    34.7593    34.8439    26.0857    26.1579      1.683      2.039      0.643      0.779 0.0000e+00
       6217    259.001    146.923 -106.81852   16.76696    146.000    13.5970    13.5649 4.1355e+04   4.141270     0.2760     0.0358    99.1088 5.4988e-02          0     0.5092     0.5224     0.0786     0.1136     4.6105     0.0000     0.2008     0.0000     0.5082     0.5208    34.7603    34.8436    26.0900    26.1611      1.617      2.079      0.618      0.794 0.0000e+00
       6260    260.779    147.930 -106.81852   16.76696    147.000    13.5749    13.5416 4.1337e+04   4.139427     0.2839     0.0353    99.1218 5.1120e-02          0     0.5091     0.5219     0.0794     0.1147     4.6111     0.0000     0.1897     0.0000     0.5080     0.5207    34.7625    34.8471    26.0963    26.1686      1.604      2.035      0.612      0.777 0.0000e+00
       6291    262.065    148.937 -106.81852   16.76696    148.000    13.5058    13.4735 4.1273e+04   4.133400     0.2774     0.0354    99.1178 4.5535e-02          0     0.5092     0.5218     0.0788     0.1148     4.6109     0.0000     0.1732     0.0000     0.5077     0.5206    34.7656    34.8521    26.1129    26.1864      1.438      2.054      0.548      0.783 0.0000e+00
       6314    263.041    149.943 -106.81852   16.76696    149.000    13.4778    13.4452 4.1248e+04   4.130696     0.2564     0.0353    99.1213 4.0509e-02          0     0.5091     0.5219     0.0766     0.1147     4.6111     0.0000     0.1577     0.0000     0.5075     0.5207    34.7672    34.8520    26.1199    26.1922      1.488      1.992      0.567      0.759 0.0000e+00
       6336    263.944    150.950 -106.81852   16.76696    150.000    13.4563    13.4238 4.1229e+04   4.128725     0.2346     0.0364    99.0937 3.8676e-02          0     0.5088     0.5217     0.0745     0.1147     4.6098     0.0000     0.1521     0.0000     0.5073     0.5203    34.7679    34.8526    26.1249    26.1971      1.455      1.940      0.554      0.739 0.0000e+00
       6357    264.844    151.957 -106.81852   16.76696    151.000    13.4411    13.4091 4.1215e+04   4.127297     0.2200     0.0364    99.0939 3.5853e-02          0     0.5091     0.5217     0.0730     0.1147     4.6098     0.0000     0.1431     0.0000     0.5073     0.5202    34.7684    34.8521    26.1284    26.1997      1.521      1.931      0.579      0.735 0.0000e+00
       6381    265.824    152.963 -106.81852   16.76696    152.000    13.4344    13.4024 4.1210e+04   4.126715     0.2197     0.0361    99.1019 3.2073e-02          0     0.5086     0.5217     0.0730     0.1134     4.6102     0.0000     0.1307     0.0000     0.5072     0.5201    34.7691    34.8522    26.1304    26.2012      1.465      1.948      0.558      0.741 0.0000e+00
       6409    267.007    153.970 -106.81852   16.76696    153.000    13.4268    13.3946 4.1203e+04   4.126049     0.2183     0.0359    99.1066 3.0218e-02          0     0.5084     0.5215     0.0728     0.1143     4.6104     0.0000     0.1246     0.0000     0.5070     0.5199    34.7693    34.8527    26.1321    26.2033      1.453      1.914      0.553      0.728 0.0000e+00
       6441    268.322    154.977 -106.81852   16.76696    154.000    13.4133    13.3810 4.1191e+04   4.124832     0.2183     0.0365    99.0906 2.9426e-02          0     0.5081     0.5212     0.0728     0.1146     4.6097     0.0000     0.1217     0.0000     0.5070     0.5200    34.7700    34.8532    26.1354    26.2064      1.502      1.914      0.571      0.728 0.0000e+00
       6469    269.481    155.984 -106.81852   16.76696    155.000    13.4059    13.3736 4.1185e+04   4.124205     0.2165     0.0369    99.0820 2.5918e-02          0     0.5081     0.5210     0.0726     0.1147     4.6093     0.0000     0.1098     0.0000     0.5071     0.5196    34.7708    34.8537    26.1376    26.2083      1.486      1.908      0.565      0.726 0.0000e+00
       6491    270.407    156.990 -106.81852   16.76696    156.000    13.3875    13.3552 4.1169e+04   4.122592     0.2105     0.0369    99.0808 2.4435e-02          0     0.5079     0.5209     0.0720     0.1147     4.6092     0.0000     0.1047     0.0000     0.5070     0.5199    34.7714    34.8548    26.1418    26.2130      1.504      1.952      0.572      0.742 0.0000e+00
       6511    271.244    157.997 -106.81852   16.76696    157.000    13.3654    13.3325 4.1149e+04   4.120753     0.2098     0.0371    99.0779 2.3152e-02          0     0.5079     0.5209     0.0719     0.1147     4.6091     0.0000     0.1002     0.0000     0.5071     0.5196    34.7724    34.8578    26.1471    26.2199      1.558      1.934      0.592      0.735 0.0000e+00
       6531    272.067    159.004 -106.81852   16.76696    158.000    13.3069    13.2760 4.1094e+04   4.115603     0.1950     0.0369    99.0819 2.1187e-02          0     0.5079     0.5208     0.0705     0.1147     4.6093     0.0000     0.0929     0.0000     0.5072     0.5199    34.7731    34.8604    26.1596    26.2335      1.522      1.971      0.578      0.748 0.0000e+00
       6551    272.937    160.010 -106.81852   16.76696    159.000    13.2804    13.2463 4.1070e+04   4.112974     0.1860     0.0369    99.0820 1.4324e-02          0     0.5080     0.5206     0.0696     0.1146     4.6093     0.0000     0.0674     0.0000     0.5070     0.5198    34.7749    34.8623    26.1664    26.2410      1.447      1.902      0.549      0.721 0.0000e+00
       6574    273.859    161.017 -106.81852   16.76696    160.000    13.2033    13.1687 4.0999e+04   4.105857     0.1783     0.0369    99.0809 1.6439e-02          0     0.5079     0.5208     0.0688     0.1147     4.6092     0.0000     0.0755     0.0000     0.5071     0.5197    34.7770    34.8656    26.1836    26.2593      1.521      1.906      0.576      0.722 0.0000e+00
       6600    274.938    162.024 -106.81852   16.76696    161.000    13.1259    13.0932 4.0927e+04   4.098849     0.1532     0.0375    99.0660 1.4291e-02          0     0.5080     0.5207     0.0663     0.1147     4.6086     0.0000     0.0672     0.0000     0.5071     0.5197    34.7791    34.8679    26.2009    26.2763      1.512      1.887      0.572      0.714 0.0000e+00
       6635    276.420    163.031 -106.81852   16.76696    162.000    13.0549    13.0226 4.0860e+04   4.092016     0.1314     0.0384    99.0447 1.2190e-02          0     0.5080     0.5208     0.0641     0.1147     4.6076     0.0000     0.0592     0.0000     0.5070     0.5194    34.7806    34.8674    26.2164    26.2901      1.492      1.860      0.564      0.702 0.0000e+00
       6680    278.308    164.038 -106.81852   16.76696    163.000    12.9926    12.9608 4.0801e+04   4.085955     0.1330     0.0379    99.0561 1.1814e-02          0     0.5080     0.5206     0.0643     0.1147     4.6081     0.0000     0.0578     0.0000     0.5070     0.5192    34.7813    34.8660    26.2295    26.3015      1.507      1.858      0.568      0.700 0.0000e+00
       6716    279.784    165.044 -106.81852   16.76696    164.000    12.9701    12.9382 4.0780e+04   4.083808     0.1149     0.0379    99.0558 1.0982e-02          0     0.5079     0.5203     0.0625     0.1147     4.6081     0.0000     0.0545     0.0000     0.5070     0.5192    34.7816    34.8660    26.2342    26.3060      1.507      1.819      0.568      0.685 0.0000e+00
       6740    280.788    166.051 -106.81852   16.76696    165.000    12.9544    12.9224 4.0766e+04   4.082303     0.1127     0.0379    99.0558 9.9841e-03          0     0.5079     0.5202     0.0623     0.1146     4.6081     0.0000     0.0506     0.0000     0.5070     0.5192    34.7821    34.8657    26.2377    26.3089      1.507      1.855      0.568      0.699 0.0000e+00
       6758    281.558    167.058 -106.81852   16.76696    166.000    12.9445    12.9124 4.0757e+04   4.081440     0.1068     0.0379    99.0558 7.2766e-03          0     0.5079     0.5203     0.0617     0.1146     4.6081     0.0000     0.0397     0.0000     0.5070     0.5191    34.7820    34.8663    26.2397    26.3115      1.508      1.848      0.568      0.696 0.0000e+00
       6775    282.249    168.065 -106.81852   16.76696    167.000    12.9313    12.8991 4.0745e+04   4.080227     0.1000     0.0378    99.0572 8.3380e-03          0     0.5079     0.5202     0.0610     0.1147     4.6082     0.0000     0.0440     0.0000     0.5070     0.5191    34.7819    34.8666    26.2422    26.3143      1.508      1.822      0.568      0.686 0.0000e+00
       6791    282.937    169.072 -106.81852   16.76696    168.000    12.9100    12.8774 4.0725e+04   4.078290     0.1012     0.0379    99.0559 8.7100e-03          0     0.5079     0.5202     0.0612     0.1148     4.6081     0.0000     0.0455     0.0000     0.5070     0.5190    34.7820    34.8676    26.2466    26.3195      1.509      1.825      0.568      0.687 0.0000e+00
       6810    283.705    170.078 -106.81852   16.76696    169.000    12.8869    12.8544 4.0703e+04   4.076092     0.0999     0.0390    99.0296 8.0490e-03          0     0.5079     0.5200     0.0610     0.1147     4.6068     0.0000     0.0428     0.0000     0.5070     0.5191    34.7823    34.8674    26.2515    26.3239      1.510      1.830      0.568      0.689 0.0000e+00
       6835    284.741    171.085 -106.81851   16.76696    170.000    12.8599    12.8275 4.0678e+04   4.073581     0.0994     0.0384    99.0441 7.1670e-03          0     0.5079     0.5201     0.0610     0.1147     4.6075     0.0000     0.0392     0.0000     0.5070     0.5188    34.7827    34.8678    26.2572    26.3296      1.508      1.744      0.568      0.656 0.0000e+00
       6878    286.549    172.092 -106.81850   16.76696    171.000    12.8402    12.8089 4.0660e+04   4.071653     0.0956     0.0387    99.0373 7.1779e-03          0     0.5079     0.5200     0.0606     0.1146     4.6072     0.0000     0.0393     0.0000     0.5070     0.5187    34.7834    34.8661    26.2616    26.3319      1.501      1.787      0.564      0.672 0.0000e+00
