data/ctd-cnv/KM1919/KM1919-St20-P2/St20_P2_cast56-align-cellTM-derive-bin.cnv
* Sea-Bird SBE 9 Data File:
* FileName = C:\Users\otg\Desktop\CTD Data\km1920\St20_P2_cast56.hex
* Software Version Seasave V 7.26.7.107
* Temperature SN = 5554
* Conductivity SN = 3876
* Number of Bytes Per Scan = 41
* Number of Voltage Words = 4
* Number of Scans Averaged by the Deck Unit = 1
* NMEA Latitude = 16 50.10 N
* NMEA Longitude = 106 51.69 W
* NMEA UTC (Time) = Oct 11 2019  22:53:46
* NMEA baud rate = 4800
** Ship: Kilo Moana
** Station: St20_P2 cast 56
** Operator: gr
# nquan = 34
# nvalues = 320                         
# units = specified
# name 0 = scan: Scan Count
# name 1 = timeS: Time, Elapsed [seconds]
# name 2 = prDM: Pressure, Digiquartz [db]
# name 3 = longitude: Longitude [deg]
# name 4 = latitude: Latitude [deg]
# name 5 = depSMignore: Depth [salt water, m]
# name 6 = t090C: Temperature [ITS-90, deg C]
# name 7 = t190C: Temperature, 2 [ITS-90, deg C]
# name 8 = c0uS/cm: Conductivity [uS/cm]
# name 9 = c1S/m: Conductivity, 2 [S/m]
# name 10 = flECO-AFL: Fluorescence, WET Labs ECO-AFL/FL [mg/m^3]
# name 11 = CStarAt0: Beam Attenuation, WET Labs C-Star [1/m]
# name 12 = CStarTr0: Beam Transmission, WET Labs C-Star [%]
# name 13 = par: PAR/Irradiance, Biospherical/Licor
# name 14 = modError: Modulo Error Count
# name 15 = v0: Voltage 0
# name 16 = v1: Voltage 1
# name 17 = v2: Voltage 2
# name 18 = v3: Voltage 3
# name 19 = v4: Voltage 4
# name 20 = v5: Voltage 5
# name 21 = v6: Voltage 6
# name 22 = v7: Voltage 7
# name 23 = sbeox0V: Oxygen raw, SBE 43 [V]
# name 24 = sbeox1V: Oxygen raw, SBE 43, 2 [V]
# name 25 = sal00: Salinity, Practical [PSU]
# name 26 = sal11: Salinity, Practical, 2 [PSU]
# name 27 = sigma-é00: Density [sigma-theta, kg/m^3]
# name 28 = sigma-é11: Density, 2 [sigma-theta, kg/m^3]
# name 29 = sbeox0Mm/L: Oxygen, SBE 43 [umol/l], WS = 2
# name 30 = sbeox1Mm/L: Oxygen, SBE 43, 2 [umol/l], WS = 2
# name 31 = sbeox0PS: Oxygen, SBE 43 [% saturation], WS = 2
# name 32 = sbeox1PS: Oxygen, SBE 43, 2 [% saturation], WS = 2
# name 33 = flag: flag
# span 0 =       -198,      18644       
# span 1 =     -8.296,    776.779       
# span 2 =      1.006,    322.161       
# span 3 = -106.86167, -106.86149       
# span 4 =   16.83500,   16.83508       
# span 5 =      1.000,    320.000       
# span 6 =    10.2598,    29.1306       
# span 7 =    10.2312,    29.0923       
# span 8 = 3.8149e+04, 5.6436e+04       
# span 9 =   3.820054,   5.651623       
# span 10 =     0.0625,     1.5446      
# span 11 =     0.0408,     0.1337      
# span 12 =    96.7131,    98.9857      
# span 13 = 2.0166e-04, 6.2815e+02      
# span 14 =          0,          0      
# span 15 =     0.5031,     2.5147      
# span 16 =     0.5135,     2.5060      
# span 17 =     0.0573,     0.2054      
# span 18 =     0.1124,     0.1156      
# span 19 =     4.4991,     4.6048      
# span 20 =     0.0000,     0.0000      
# span 21 =     0.0098,     3.8159      
# span 22 =     0.0000,     0.0000      
# span 23 =     0.5024,     2.5122      
# span 24 =     0.5127,     2.4995      
# span 25 =    34.2565,    34.7822      
# span 26 =    34.3409,    34.8718      
# span 27 =    21.4625,    26.6512      
# span 28 =    21.5386,    26.7187      
# span 29 =      0.829,    231.453      
# span 30 =      0.352,    241.508      
# span 31 =      0.317,    107.834      
# span 32 =      0.131,    112.945      
# span 33 = 0.0000e+00, 0.0000e+00      
# interval = meters: 1                  
# start_time = Oct 11 2019 23:05:25 [NMEA time, first data scan]
# bad_flag = -9.990e-29
*END*
[from data line 257]
      13318    554.856    259.703 -106.86162   16.83506    258.000    11.2108    11.1809 3.9085e+04   3.913971     0.0635     0.0474    98.8212 4.7615e-04          0     0.5043     0.5152     0.0574     0.1147     4.5972     0.0000     0.0110     0.0000     0.5034     0.5144    34.7287    34.8111    26.5318    26.6014      1.033      1.171      0.375      0.425 0.0000e+00
      13352    556.281    260.711 -106.86162   16.83506    259.000    11.1648    11.1337 3.9038e+04   3.909626     0.0696     0.0467    98.8397 4.8249e-04          0     0.5043     0.5151     0.0580     0.1148     4.5980     0.0000     0.0110     0.0000     0.5034     0.5143    34.7253    34.8121    26.5376    26.6108      1.034      1.144      0.375      0.415 0.0000e+00
      13386    557.703    261.718 -106.86162   16.83506    260.000    11.0961    11.0661 3.8968e+04   3.902514     0.0662     0.0469    98.8330 4.7484e-04          0     0.5043     0.5154     0.0576     0.1147     4.5977     0.0000     0.0110     0.0000     0.5034     0.5143    34.7200    34.8048    26.5459    26.6174      1.036      1.192      0.375      0.432 0.0000e+00
      13422    559.218    262.725 -106.86162   16.83506    261.000    11.0829    11.0529 3.8955e+04   3.900934     0.0680     0.0464    98.8456 4.7461e-04          0     0.5043     0.5152     0.0578     0.1148     4.5983     0.0000     0.0110     0.0000     0.5034     0.5143    34.7190    34.8011    26.5476    26.6170      1.036      1.163      0.375      0.421 0.0000e+00
      13457    560.648    263.732 -106.86164   16.83506    262.000    11.0676    11.0360 3.8940e+04   3.899324     0.0680     0.0464    98.8457 4.6557e-04          0     0.5043     0.5151     0.0578     0.1147     4.5983     0.0000     0.0109     0.0000     0.5034     0.5144    34.7180    34.8006    26.5496    26.6196      1.037      1.185      0.376      0.429 0.0000e+00
      13490    562.061    264.740 -106.86164   16.83506    263.000    11.0553    11.0257 3.8928e+04   3.898200     0.0725     0.0463    98.8496 4.8235e-04          0     0.5043     0.5153     0.0582     0.1146     4.5985     0.0000     0.0110     0.0000     0.5034     0.5142    34.7169    34.7988    26.5510    26.6201      1.037      1.090      0.376      0.395 0.0000e+00
      13527    563.579    265.747 -106.86164   16.83506    264.000    11.0460    11.0161 3.8919e+04   3.897316     0.0742     0.0458    98.8612 4.7523e-04          0     0.5043     0.5152     0.0584     0.1147     4.5990     0.0000     0.0110     0.0000     0.5034     0.5142    34.7160    34.7986    26.5520    26.6217      1.038      1.173      0.376      0.424 0.0000e+00
      13579    565.752    266.754 -106.86164   16.83506    265.000    11.0390    11.0095 3.8912e+04   3.896589     0.0685     0.0456    98.8664 4.4898e-04          0     0.5043     0.5151     0.0578     0.1147     4.5992     0.0000     0.0109     0.0000     0.5034     0.5142    34.7158    34.7972    26.5531    26.6218      1.038      1.157      0.376      0.419 0.0000e+00
      13656    568.948    267.761 -106.86164   16.83506    266.000    11.0373    11.0079 3.8912e+04   3.896455     0.0633     0.0457    98.8643 4.6494e-04          0     0.5043     0.5151     0.0573     0.1149     4.5991     0.0000     0.0109     0.0000     0.5034     0.5142    34.7162    34.7969    26.5538    26.6219      1.038      1.157      0.376      0.419 0.0000e+00
      13688    570.307    268.768 -106.86164   16.83506    267.000    11.0370    11.0079 3.8912e+04   3.896526     0.0639     0.0464    98.8455 4.3749e-04          0     0.5043     0.5151     0.0574     0.1149     4.5983     0.0000     0.0108     0.0000     0.5034     0.5141    34.7161    34.7971    26.5538    26.6221      1.038      1.113      0.376      0.403 0.0000e+00
      13709    571.182    269.776 -106.86164   16.83506    268.000    11.0367    11.0072 3.8912e+04   3.896515     0.0700     0.0464    98.8457 4.5128e-04          0     0.5043     0.5150     0.0580     0.1147     4.5983     0.0000     0.0109     0.0000     0.5034     0.5142    34.7162    34.7972    26.5539    26.6223      1.038      1.178      0.376      0.426 0.0000e+00
      13727    571.918    270.783 -106.86164   16.83506    269.000    11.0350    11.0053 3.8910e+04   3.896372     0.0711     0.0462    98.8503 4.6596e-04          0     0.5043     0.5151     0.0581     0.1146     4.5985     0.0000     0.0109     0.0000     0.5034     0.5143    34.7158    34.7971    26.5539    26.6226      1.039      1.151      0.376      0.417 0.0000e+00
      13744    572.618    271.790 -106.86164   16.83506    270.000    11.0332    11.0036 3.8909e+04   3.896246     0.0640     0.0459    98.8595 4.4970e-04          0     0.5043     0.5150     0.0574     0.1147     4.5989     0.0000     0.0109     0.0000     0.5034     0.5140    34.7158    34.7970    26.5542    26.6229      1.039      1.087      0.376      0.393 0.0000e+00
      13762    573.388    272.798 -106.86164   16.83506    271.000    11.0321    11.0024 3.8908e+04   3.896155     0.0633     0.0457    98.8631 4.8116e-04          0     0.5043     0.5152     0.0573     0.1147     4.5991     0.0000     0.0110     0.0000     0.5034     0.5141    34.7156    34.7968    26.5543    26.6230      1.039      1.143      0.376      0.414 0.0000e+00
      13848    576.951    273.805 -106.86164   16.83506    272.000    11.0328    11.0030 3.8910e+04   3.896220     0.0687     0.0458    98.8618 4.0889e-04          0     0.5043     0.5150     0.0579     0.1148     4.5990     0.0000     0.0107     0.0000     0.5034     0.5141    34.7159    34.7965    26.5544    26.6226      1.036      1.143      0.375      0.414 0.0000e+00
      13932    580.439    274.813 -106.86164   16.83506    273.000    11.0296    11.0001 3.8907e+04   3.896093     0.0638     0.0464    98.8452 4.1241e-04          0     0.5043     0.5150     0.0574     0.1154     4.5983     0.0000     0.0107     0.0000     0.5034     0.5142    34.7155    34.7975    26.5548    26.6240      1.039      1.180      0.376      0.427 0.0000e+00
      13947    581.084    275.820 -106.86164   16.83506    274.000    10.9988    10.9665 3.8875e+04   3.893159     0.0639     0.0464    98.8457 2.5107e-04          0     0.5043     0.5151     0.0574     0.1156     4.5983     0.0000     0.0100     0.0000     0.5034     0.5144    34.7126    34.7996    26.5580    26.6317      1.014      1.200      0.367      0.434 0.0000e+00
      13964    581.802    276.827 -106.86164   16.83506    275.000    10.9601    10.9288 3.8835e+04   3.889049     0.0698     0.0460    98.8555 2.3240e-04          0     0.5043     0.5152     0.0580     0.1152     4.5987     0.0000     0.0099     0.0000     0.5033     0.5142    34.7089    34.7939    26.5622    26.6340      1.033      1.108      0.373      0.400 0.0000e+00
      13983    582.595    277.834 -106.86164   16.83506    276.000    10.9263    10.8947 3.8800e+04   3.885603     0.0753     0.0454    98.8714 2.5563e-04          0     0.5043     0.5151     0.0585     0.1152     4.5995     0.0000     0.0100     0.0000     0.5034     0.5141    34.7057    34.7913    26.5658    26.6381      1.059      1.138      0.382      0.411 0.0000e+00
      14008    583.635    278.842 -106.86164   16.83506    277.000    10.9103    10.8805 3.8784e+04   3.883855     0.0709     0.0453    98.8752 2.3210e-04          0     0.5043     0.5151     0.0581     0.1149     4.5996     0.0000     0.0099     0.0000     0.5034     0.5141    34.7047    34.7869    26.5679    26.6372      1.000      1.082      0.361      0.390 0.0000e+00
      14088    586.952    279.849 -106.86164   16.83506    278.000    10.9209    10.8932 3.8796e+04   3.884992     0.0658     0.0454    98.8720 2.3001e-04          0     0.5042     0.5150     0.0576     0.1147     4.5995     0.0000     0.0099     0.0000     0.5034     0.5141    34.7058    34.7857    26.5669    26.6341      1.053      1.163      0.380      0.420 0.0000e+00
      14157    589.832    280.856 -106.86164   16.83506    279.000    10.8903    10.8651 3.8766e+04   3.882815     0.0638     0.0454    98.8720 2.1328e-04          0     0.5043     0.5152     0.0574     0.1147     4.5995     0.0000     0.0098     0.0000     0.5034     0.5143    34.7040    34.7901    26.5710    26.6426      1.031      1.192      0.372      0.430 0.0000e+00
      14178    590.703    281.864 -106.86164   16.83506    280.000    10.8566    10.8288 3.8732e+04   3.878897     0.0639     0.0455    98.8706 2.1748e-04          0     0.5043     0.5148     0.0574     0.1153     4.5994     0.0000     0.0099     0.0000     0.5033     0.5141    34.7017    34.7849    26.5752    26.6450      1.003      1.096      0.362      0.395 0.0000e+00
      14196    591.476    282.871 -106.86164   16.83506    281.000    10.8448    10.8151 3.8720e+04   3.877563     0.0639     0.0455    98.8706 2.0304e-04          0     0.5043     0.5151     0.0574     0.1154     4.5994     0.0000     0.0098     0.0000     0.5033     0.5141    34.7007    34.7841    26.5766    26.6469      1.066      1.121      0.384      0.404 0.0000e+00
      14215    592.250    283.878 -106.86164   16.83506    282.000    10.8334    10.7970 3.8709e+04   3.875774     0.0627     0.0454    98.8720 2.0334e-04          0     0.5043     0.5149     0.0573     0.1152     4.5995     0.0000     0.0098     0.0000     0.5034     0.5140    34.6999    34.7829    26.5780    26.6492      1.043      1.087      0.376      0.392 0.0000e+00
      14236    593.130    284.886 -106.86164   16.83506    283.000    10.8169    10.7864 3.8692e+04   3.874600     0.0638     0.0454    98.8720 2.0334e-04          0     0.5043     0.5152     0.0574     0.1147     4.5995     0.0000     0.0098     0.0000     0.5033     0.5139    34.6983    34.7808    26.5797    26.6495      1.015      1.116      0.366      0.402 0.0000e+00
      14284    595.114    285.893 -106.86164   16.83506    284.000    10.8111    10.7826 3.8687e+04   3.874123     0.0693     0.0453    98.8755 2.0644e-04          0     0.5043     0.5149     0.0579     0.1147     4.5997     0.0000     0.0098     0.0000     0.5034     0.5139    34.6979    34.7792    26.5805    26.6489      1.048      1.128      0.377      0.406 0.0000e+00
      14362    598.391    286.900 -106.86164   16.83506    285.000    10.8097    10.7810 3.8687e+04   3.874253     0.0685     0.0451    98.8792 2.3014e-04          0     0.5043     0.5147     0.0579     0.1148     4.5998     0.0000     0.0099     0.0000     0.5034     0.5142    34.6982    34.7815    26.5810    26.6511      1.046      1.166      0.377      0.420 0.0000e+00
      14391    599.597    287.908 -106.86164   16.83506    286.000    10.7763    10.7461 3.8653e+04   3.870765     0.0670     0.0452    98.8758 2.0346e-04          0     0.5043     0.5147     0.0577     0.1146     4.5997     0.0000     0.0098     0.0000     0.5034     0.5142    34.6959    34.7793    26.5852    26.6555      1.047      1.172      0.377      0.422 0.0000e+00
      14418    600.716    288.915 -106.86164   16.83506    287.000    10.7404    10.7097 3.8617e+04   3.867188     0.0745     0.0451    98.8787 2.0334e-04          0     0.5043     0.5150     0.0584     0.1147     4.5998     0.0000     0.0098     0.0000     0.5034     0.5141    34.6930    34.7775    26.5893    26.6606      1.048      1.115      0.377      0.401 0.0000e+00
      14447    601.925    289.923 -106.86164   16.83506    288.000    10.7095    10.6790 3.8586e+04   3.864114     0.0688     0.0453    98.8755 2.0334e-04          0     0.5043     0.5150     0.0579     0.1148     4.5997     0.0000     0.0098     0.0000     0.5034     0.5141    34.6910    34.7754    26.5932    26.6645      1.049      1.143      0.377      0.411 0.0000e+00
      14481    603.327    290.930 -106.86164   16.83506    289.000    10.6483    10.6174 3.8524e+04   3.858047     0.0710     0.0450    98.8828 2.0334e-04          0     0.5043     0.5151     0.0581     0.1146     4.6000     0.0000     0.0098     0.0000     0.5034     0.5140    34.6869    34.7725    26.6009    26.6731      0.997      1.142      0.358      0.410 0.0000e+00
      14518    604.873    291.937 -106.86164   16.83506    290.000    10.6062    10.5763 3.8483e+04   3.853734     0.0744     0.0438    98.9117 2.0334e-04          0     0.5043     0.5149     0.0584     0.1147     4.6014     0.0000     0.0098     0.0000     0.5033     0.5140    34.6845    34.7678    26.6065    26.6767      1.064      1.118      0.382      0.401 0.0000e+00
      14554    606.379    292.945 -106.86164   16.83506    291.000    10.5921    10.5630 3.8469e+04   3.852269     0.0677     0.0435    98.9200 2.0334e-04          0     0.5043     0.5148     0.0578     0.1147     4.6018     0.0000     0.0098     0.0000     0.5034     0.5140    34.6833    34.7653    26.6080    26.6771      1.045      1.107      0.374      0.397 0.0000e+00
      14589    607.842    293.952 -106.86164   16.83506    292.000    10.5827    10.5526 3.8460e+04   3.851319     0.0718     0.0434    98.9215 2.0334e-04          0     0.5042     0.5150     0.0582     0.1148     4.6019     0.0000     0.0098     0.0000     0.5033     0.5140    34.6831    34.7651    26.6096    26.6788      1.033      1.183      0.370      0.424 0.0000e+00
      14625    609.349    294.959 -106.86164   16.83506    293.000    10.5687    10.5391 3.8447e+04   3.850011     0.0695     0.0430    98.9314 2.0334e-04          0     0.5042     0.5148     0.0580     0.1149     4.6023     0.0000     0.0098     0.0000     0.5033     0.5140    34.6823    34.7643    26.6114    26.6806      1.032      1.112      0.370      0.398 0.0000e+00
      14667    611.094    295.967 -106.86164   16.83506    294.000    10.5570    10.5276 3.8435e+04   3.848862     0.0747     0.0431    98.9285 2.0334e-04          0     0.5042     0.5148     0.0585     0.1146     4.6022     0.0000     0.0098     0.0000     0.5033     0.5137    34.6814    34.7633    26.6128    26.6818      1.030      1.060      0.369      0.380 0.0000e+00
      14713    612.990    296.974 -106.86164   16.83506    295.000    10.5481    10.5187 3.8427e+04   3.848012     0.0672     0.0433    98.9250 2.0334e-04          0     0.5042     0.5149     0.0577     0.1147     4.6020     0.0000     0.0098     0.0000     0.5033     0.5138    34.6816    34.7628    26.6145    26.6830      1.074      1.130      0.385      0.405 0.0000e+00
      14749    614.480    297.982 -106.86164   16.83506    296.000    10.5317    10.5019 3.8412e+04   3.846515     0.0713     0.0431    98.9285 2.0334e-04          0     0.5043     0.5145     0.0581     0.1146     4.6022     0.0000     0.0098     0.0000     0.5034     0.5139    34.6811    34.7632    26.6171    26.6863      1.038      1.120      0.371      0.401 0.0000e+00
      14779    615.743    298.989 -106.86164   16.83506    297.000    10.5111    10.4814 3.8392e+04   3.844578     0.0690     0.0477    98.8137 2.0334e-04          0     0.5041     0.5146     0.0579     0.1150     4.5968     0.0000     0.0098     0.0000     0.5032     0.5138    34.6805    34.7628    26.6202    26.6896      1.002      1.096      0.358      0.392 0.0000e+00
      14808    616.944    299.997 -106.86164   16.83506    298.000    10.4916    10.4617 3.8373e+04   3.842673     0.0739     0.0444    98.8968 2.0334e-04          0     0.5043     0.5147     0.0584     0.1151     4.6007     0.0000     0.0098     0.0000     0.5034     0.5139    34.6789    34.7618    26.6224    26.6923      1.052      1.121      0.376      0.401 0.0000e+00
