data/ctd-cnv/KM1919/KM1919-St20-P2/St20_P2_cast54-align-cellTM-derive-bin.cnv
* Sea-Bird SBE 9 Data File:
* FileName = C:\Users\otg\Desktop\CTD Data\km1920\St20_P2_cast54.hex
* Software Version Seasave V 7.26.7.107
* Temperature SN = 5554
* Conductivity SN = 3876
* Number of Bytes Per Scan = 41
* Number of Voltage Words = 4
* Number of Scans Averaged by the Deck Unit = 1
* NMEA Latitude = 16 48.63 N
* NMEA Longitude = 106 51.45 W
* NMEA UTC (Time) = Oct 11 2019  12:20:15
* NMEA baud rate = 4800
** Ship: Kilo Moana
** Station: St20_P2 cast 54
** Operator: gr
# nquan = 34
# nvalues = 320                         
# units = specified
# name 0 = scan: Scan Count
# name 1 = timeS: Time, Elapsed [seconds]
# name 2 = prDM: Pressure, Digiquartz [db]
# name 3 = longitude: Longitude [deg]
# name 4 = latitude: Latitude [deg]
# name 5 = depSMignore: Depth [salt water, m]
# name 6 = t090C: Temperature [ITS-90, deg C]
# name 7 = t190C: Temperature, 2 [ITS-90, deg C]
# name 8 = c0uS/cm: Conductivity [uS/cm]
# name 9 = c1S/m: Conductivity, 2 [S/m]
# name 10 = flECO-AFL: Fluorescence, WET Labs ECO-AFL/FL [mg/m^3]
# name 11 = CStarAt0: Beam Attenuation, WET Labs C-Star [1/m]
# name 12 = CStarTr0: Beam Transmission, WET Labs C-Star [%]
# name 13 = par: PAR/Irradiance, Biospherical/Licor
# name 14 = modError: Modulo Error Count
# name 15 = v0: Voltage 0
# name 16 = v1: Voltage 1
# name 17 = v2: Voltage 2
# name 18 = v3: Voltage 3
# name 19 = v4: Voltage 4
# name 20 = v5: Voltage 5
# name 21 = v6: Voltage 6
# name 22 = v7: Voltage 7
# name 23 = sbeox0V: Oxygen raw, SBE 43 [V]
# name 24 = sbeox1V: Oxygen raw, SBE 43, 2 [V]
# name 25 = sal00: Salinity, Practical [PSU]
# name 26 = sal11: Salinity, Practical, 2 [PSU]
# name 27 = sigma-é00: Density [sigma-theta, kg/m^3]
# name 28 = sigma-é11: Density, 2 [sigma-theta, kg/m^3]
# name 29 = sbeox0Mm/L: Oxygen, SBE 43 [umol/l], WS = 2
# name 30 = sbeox1Mm/L: Oxygen, SBE 43, 2 [umol/l], WS = 2
# name 31 = sbeox0PS: Oxygen, SBE 43 [% saturation], WS = 2
# name 32 = sbeox1PS: Oxygen, SBE 43, 2 [% saturation], WS = 2
# name 33 = flag: flag
# span 0 =       -152,      20628       
# span 1 =     -6.394,    859.443       
# span 2 =      2.012,    323.168       
# span 3 = -106.85742, -106.85720       
# span 4 =   16.81054,   16.81066       
# span 5 =      2.000,    321.000       
# span 6 =    10.5420,    29.0154       
# span 7 =    10.5103,    28.9762       
# span 8 = 3.8433e+04, 5.6362e+04       
# span 9 =   3.848247,   5.644126       
# span 10 =     0.0584,     1.4155      
# span 11 =     0.0344,     0.1107      
# span 12 =    97.2695,    99.1446      
# span 13 = -2.769e-06, 5.8637e+00      
# span 14 =          0,          0      
# span 15 =     0.5029,     2.4942      
# span 16 =     0.5139,     2.4729      
# span 17 =     0.0569,     0.1926      
# span 18 =     0.1122,     0.1165      
# span 19 =     4.5250,     4.6122      
# span 20 =     0.0000,     0.0000      
# span 21 =     0.0085,     1.7779      
# span 22 =     0.0000,     0.0000      
# span 23 =     0.5021,     2.4912      
# span 24 =     0.5132,     2.4695      
# span 25 =    34.2010,    34.7819      
# span 26 =    34.2842,    34.8778      
# span 27 =    21.4609,    26.6161      
# span 28 =    21.5372,    26.6840      
# span 29 =      0.813,    229.909      
# span 30 =      1.015,    240.728      
# span 31 =      0.292,    107.159      
# span 32 =      0.364,    111.360      
# span 33 = 0.0000e+00, 0.0000e+00      
# interval = meters: 1                  
# start_time = Oct 11 2019 12:24:15 [NMEA time, first data scan]
# bad_flag = -9.990e-29
*END*
[from data line 299]
      14656    610.625    303.018 -106.85724   16.81064    301.000    10.8192    10.7898 3.8704e+04   3.875711     0.0707     0.0379    99.0558 1.6267e-05          0     0.5043     0.5148     0.0581     0.1148     4.6081     0.0000     0.0086     0.0000     0.5035     0.5142    34.7000    34.7806    26.5811    26.6491      1.076      1.190      0.388      0.428 0.0000e+00
      14681    611.669    304.026 -106.85724   16.81064    302.000    10.8123    10.7823 3.8698e+04   3.875128     0.0619     0.0379    99.0558 -3.390e-08          0     0.5042     0.5151     0.0572     0.1149     4.6081     0.0000     0.0085     0.0000     0.5034     0.5141    34.6995    34.7815    26.5820    26.6512      1.043      1.100      0.375      0.396 0.0000e+00
      14705    612.669    305.033 -106.85724   16.81064    303.000    10.7892    10.7586 3.8674e+04   3.872865     0.0696     0.0379    99.0558 1.0000e-12          0     0.5043     0.5148     0.0580     0.1146     4.6081     0.0000     0.0085     0.0000     0.5035     0.5141    34.6973    34.7808    26.5844    26.6548      1.088      1.188      0.392      0.428 0.0000e+00
      14726    613.531    306.041 -106.85724   16.81065    304.000    10.7579    10.7266 3.8643e+04   3.869818     0.0651     0.0370    99.0797 3.0851e-05          0     0.5042     0.5150     0.0575     0.1146     4.6092     0.0000     0.0087     0.0000     0.5035     0.5142    34.6950    34.7802    26.5881    26.6601      1.033      1.102      0.371      0.396 0.0000e+00
      14745    614.339    307.048 -106.85724   16.81066    305.000    10.7439    10.7137 3.8629e+04   3.868272     0.0613     0.0370    99.0806 4.2895e-05          0     0.5043     0.5151     0.0571     0.1145     4.6092     0.0000     0.0088     0.0000     0.5034     0.5138    34.6941    34.7765    26.5900    26.6596      1.028      1.055      0.370      0.379 0.0000e+00
      14766    615.205    308.056 -106.85724   16.81066    306.000    10.7311    10.7012 3.8616e+04   3.867088     0.0604     0.0369    99.0820 1.1395e-06          0     0.5043     0.5150     0.0571     0.1147     4.6093     0.0000     0.0085     0.0000     0.5035     0.5140    34.6931    34.7760    26.5914    26.6614      1.093      1.196      0.393      0.430 0.0000e+00
      14793    616.313    309.063 -106.85724   16.81066    307.000    10.7148    10.6851 3.8601e+04   3.865504     0.0710     0.0369    99.0820 5.6240e-06          0     0.5043     0.5150     0.0581     0.1148     4.6093     0.0000     0.0085     0.0000     0.5034     0.5141    34.6922    34.7750    26.5936    26.6635      1.010      1.096      0.363      0.394 0.0000e+00
      14843    618.436    310.071 -106.85724   16.81066    308.000    10.6952    10.6655 3.8581e+04   3.863485     0.0708     0.0368    99.0843 3.2715e-06          0     0.5043     0.5148     0.0581     0.1147     4.6094     0.0000     0.0085     0.0000     0.5034     0.5139    34.6910    34.7729    26.5962    26.6653      1.080      1.153      0.388      0.414 0.0000e+00
      14902    620.862    311.078 -106.85724   16.81065    309.000    10.6791    10.6497 3.8566e+04   3.861955     0.0654     0.0373    99.0709 1.3031e-05          0     0.5041     0.5147     0.0575     0.1147     4.6088     0.0000     0.0086     0.0000     0.5035     0.5139    34.6905    34.7721    26.5987    26.6675      1.064      1.096      0.382      0.393 0.0000e+00
      14941    622.515    312.086 -106.85724   16.81064    310.000    10.6652    10.6357 3.8552e+04   3.860538     0.0703     0.0369    99.0820 2.0309e-05          0     0.5043     0.5148     0.0580     0.1147     4.6093     0.0000     0.0086     0.0000     0.5034     0.5140    34.6895    34.7707    26.6004    26.6689      1.027      1.133      0.369      0.407 0.0000e+00
      14986    624.372    313.093 -106.85723   16.81064    311.000    10.6599    10.6303 3.8547e+04   3.860055     0.0703     0.0368    99.0840 1.4038e-05          0     0.5042     0.5147     0.0580     0.1147     4.6094     0.0000     0.0086     0.0000     0.5034     0.5139    34.6889    34.7706    26.6009    26.6698      1.054      1.115      0.378      0.400 0.0000e+00
      15016    625.627    314.101 -106.85722   16.81064    312.000    10.6269    10.5964 3.8514e+04   3.856933     0.0622     0.0365    99.0909 1.6986e-05          0     0.5043     0.5148     0.0572     0.1148     4.6097     0.0000     0.0086     0.0000     0.5034     0.5140    34.6868    34.7710    26.6051    26.6761      1.075      1.166      0.386      0.418 0.0000e+00
      15037    626.515    315.108 -106.85722   16.81064    313.000    10.6130    10.5833 3.8501e+04   3.855425     0.0712     0.0363    99.0964 3.0410e-05          0     0.5042     0.5147     0.0581     0.1146     4.6100     0.0000     0.0087     0.0000     0.5035     0.5140    34.6861    34.7678    26.6070    26.6760      1.006      1.081      0.361      0.388 0.0000e+00
      15058    627.359    316.116 -106.85722   16.81064    314.000    10.6028    10.5728 3.8491e+04   3.854423     0.0743     0.0365    99.0921 5.6978e-07          0     0.5042     0.5148     0.0584     0.1147     4.6098     0.0000     0.0085     0.0000     0.5031     0.5138    34.6853    34.7673    26.6082    26.6775      0.956      1.066      0.343      0.382 0.0000e+00
      15086    628.539    317.123 -106.85722   16.81066    315.000    10.5900    10.5604 3.8479e+04   3.853149     0.0704     0.0362    99.0996 4.1659e-06          0     0.5042     0.5147     0.0580     0.1147     4.6101     0.0000     0.0085     0.0000     0.5032     0.5139    34.6844    34.7658    26.6098    26.6785      1.028      1.141      0.368      0.409 0.0000e+00
      15227    634.420    318.131 -106.85723   16.81065    316.000    10.6062    10.5726 3.8495e+04   3.854292     0.0667     0.0366    99.0886 2.7656e-06          0     0.5041     0.5146     0.0577     0.1147     4.6096     0.0000     0.0085     0.0000     0.5034     0.5140    34.6853    34.7652    26.6076    26.6759      1.028      1.084      0.369      0.389 0.0000e+00
      15277    636.494    319.138 -106.85724   16.81064    317.000    10.5827    10.5507 3.8472e+04   3.852436     0.0664     0.0369    99.0821 4.1326e-08          0     0.5042     0.5146     0.0576     0.1146     4.6093     0.0000     0.0085     0.0000     0.5034     0.5138    34.6842    34.7669    26.6110    26.6811      1.008      1.046      0.361      0.375 0.0000e+00
      15303    637.587    320.146 -106.85724   16.81064    318.000    10.5621    10.5325 3.8452e+04   3.850503     0.0644     0.0363    99.0961 7.2676e-06          0     0.5043     0.5145     0.0575     0.1146     4.6099     0.0000     0.0085     0.0000     0.5031     0.5136    34.6824    34.7644    26.6132    26.6823      0.936      1.084      0.335      0.388 0.0000e+00
      15335    638.921    321.153 -106.85724   16.81064    319.000    10.5547    10.5253 3.8445e+04   3.849770     0.0626     0.0355    99.1153 1.1248e-05          0     0.5042     0.5148     0.0573     0.1145     4.6108     0.0000     0.0086     0.0000     0.5032     0.5138    34.6822    34.7634    26.6144    26.6828      0.982      1.079      0.352      0.387 0.0000e+00
      18302    762.540    322.161 -106.85724   16.81066    320.000    10.5479    10.5201 3.8438e+04   3.849100     0.0642     0.0365    99.0927 -2.769e-06          0     0.5033     0.5139     0.0574     0.1148     4.6098     0.0000     0.0085     0.0000     0.5025     0.5133    34.6815    34.7611    26.6151    26.6820      0.925      1.044      0.331      0.374 0.0000e+00
      20628    859.443    323.168 -106.85721   16.81063    321.000    10.5420    10.5103 3.8433e+04   3.848247     0.0657     0.0373    99.0728 -2.130e-07          0     0.5029     0.5141     0.0576     0.1148     4.6089     0.0000     0.0085     0.0000     0.5021     0.5132    34.6815    34.7614    26.6161    26.6840      0.813      1.015      0.292      0.364 0.0000e+00
