data/ctd-cnv/KM1919/KM1919-St20-P2/St20_P2_cast44-align-cellTM-derive-bin.cnv
* Sea-Bird SBE 9 Data File:
* FileName = C:\Users\otg\Desktop\CTD Data\km1920\St20_P2_cast44.hex
* Software Version Seasave V 7.26.7.107
* Temperature SN = 5554
* Conductivity SN = 3876
* Number of Bytes Per Scan = 41
* Number of Voltage Words = 4
* Number of Scans Averaged by the Deck Unit = 1
* NMEA Latitude = 16 44.92 N
* NMEA Longitude = 106 48.16 W
* NMEA UTC (Time) = Oct 08 2019  15:54:27
* NMEA baud rate = 4800
** Ship: Kilo Moana
** Station: St20_P2 cast 44
** Operator: jac
# nquan = 34
# nvalues = 203                         
# units = specified
# name 0 = scan: Scan Count
# name 1 = timeS: Time, Elapsed [seconds]
# name 2 = prDM: Pressure, Digiquartz [db]
# name 3 = longitude: Longitude [deg]
# name 4 = latitude: Latitude [deg]
# name 5 = depSM: Depth [salt water, m]
# name 6 = t090C: Temperature [ITS-90, deg C]
# name 7 = t190C: Temperature, 2 [ITS-90, deg C]
# name 8 = c0uS/cm: Conductivity [uS/cm]
# name 9 = c1S/m: Conductivity, 2 [S/m]
# name 10 = flECO-AFL: Fluorescence, WET Labs ECO-AFL/FL [mg/m^3]
# name 11 = CStarAt0: Beam Attenuation, WET Labs C-Star [1/m]
# name 12 = CStarTr0: Beam Transmission, WET Labs C-Star [%]
# name 13 = par: PAR/Irradiance, Biospherical/Licor
# name 14 = modError: Modulo Error Count
# name 15 = v0: Voltage 0
# name 16 = v1: Voltage 1
# name 17 = v2: Voltage 2
# name 18 = v3: Voltage 3
# name 19 = v4: Voltage 4
# name 20 = v5: Voltage 5
# name 21 = v6: Voltage 6
# name 22 = v7: Voltage 7
# name 23 = sbeox0V: Oxygen raw, SBE 43 [V]
# name 24 = sbeox1V: Oxygen raw, SBE 43, 2 [V]
# name 25 = sal00: Salinity, Practical [PSU]
# name 26 = sal11: Salinity, Practical, 2 [PSU]
# name 27 = sigma-é00: Density [sigma-theta, kg/m^3]
# name 28 = sigma-é11: Density, 2 [sigma-theta, kg/m^3]
# name 29 = sbeox0Mm/L: Oxygen, SBE 43 [umol/l], WS = 2
# name 30 = sbeox1Mm/L: Oxygen, SBE 43, 2 [umol/l], WS = 2
# name 31 = sbeox0PS: Oxygen, SBE 43 [% saturation], WS = 2
# name 32 = sbeox1PS: Oxygen, SBE 43, 2 [% saturation], WS = 2
# name 33 = flag: flag
# span 0 =         34,       8003       
# span 1 =      1.387,    333.428       
# span 2 =      1.006,    204.311       
# span 3 = -106.80268, -106.80263       
# span 4 =   16.74852,   16.74858       
# span 5 =      1.000,    203.000       
# span 6 =    12.1647,    29.5212       
# span 7 =    12.1286,    29.4774       
# span 8 = 4.0018e+04, 5.7187e+04       
# span 9 =   4.006614,   5.726717       
# span 10 =     0.0464,     1.4215      
# span 11 =     0.0278,     0.1095      
# span 12 =    97.2985,    99.3088      
# span 13 = 2.2121e-03, 8.7938e+02      
# span 14 =          0,          0      
# span 15 =     0.5055,     2.4914      
# span 16 =     0.5174,     2.4687      
# span 17 =     0.0556,     0.1931      
# span 18 =     0.1122,     0.1164      
# span 19 =     4.5263,     4.6198      
# span 20 =     0.0000,     0.0000      
# span 21 =     0.0185,     3.9562      
# span 22 =     0.0000,     0.0000      
# span 23 =     0.5044,     2.4955      
# span 24 =     0.5162,     2.4741      
# span 25 =    34.3112,    34.7879      
# span 26 =    34.4110,    34.8750      
# span 27 =    21.5518,    26.3890      
# span 28 =    21.6301,    26.4599      
# span 29 =      1.075,    227.798      
# span 30 =      1.356,    239.026      
# span 31 =      0.401,    107.329      
# span 32 =      0.503,    111.576      
# span 33 = 0.0000e+00, 0.0000e+00      
# interval = meters: 1                  
# start_time = Oct 08 2019 15:59:41 [NMEA time, first data scan]
# bad_flag = -9.990e-29
*END*
         34      1.387      1.006 -106.80264   16.74857      1.000    29.4975    29.4547 5.7159e+04   5.723791     0.0505     0.0571    98.5839 8.7938e+02          0     2.3454     2.3291     0.0560     0.1151     4.5861     0.0000     3.9562     0.0000     2.3450     2.3297    34.5487    34.6334    21.5584    21.6364    192.464    202.274     97.729    102.688 0.0000e+00
        194      8.044      2.012 -106.80264   16.74857      2.000    29.5112    29.4744 5.7174e+04   5.725967     0.0596     0.0569    98.5865 7.4082e+02          0     2.3432     2.3303     0.0570     0.1147     4.5863     0.0000     3.8794     0.0000     2.3423     2.3289    34.5489    34.6338    21.5540    21.6301    192.110    202.177     97.571    102.672 0.0000e+00
        392     16.283      3.018 -106.80264   16.74856      3.000    29.5212    29.4774 5.7187e+04   5.726717     0.0637     0.0577    98.5682 6.3497e+02          0     2.3450     2.3351     0.0574     0.1147     4.5854     0.0000     3.8142     0.0000     2.3427     2.3292    34.5503    34.6365    21.5518    21.6312    191.688    202.292     97.373    102.737 0.0000e+00
        486     20.228      4.024 -106.80264   16.74856      4.000    29.5074    29.4611 5.7171e+04   5.724696     0.0587     0.0578    98.5653 5.9651e+02          0     2.3443     2.3296     0.0569     0.1147     4.5852     0.0000     3.7838     0.0000     2.3429     2.3304    34.5490    34.6342    21.5555    21.6351    192.194    202.566     97.608    102.847 0.0000e+00
        569     23.674      5.030 -106.80264   16.74856      5.000    29.4995    29.4562 5.7164e+04   5.724304     0.0640     0.0571    98.5837 5.1180e+02          0     2.3399     2.3299     0.0574     0.1147     4.5861     0.0000     3.7218     0.0000     2.3453     2.3340    34.5494    34.6347    21.5586    21.6372    192.410    202.619     97.705    102.866 0.0000e+00
        590     24.551      6.036 -106.80264   16.74856      6.000    29.4971    29.4550 5.7161e+04   5.724088     0.0529     0.0578    98.5648 4.3606e+02          0     2.3457     2.3299     0.0563     0.1147     4.5853     0.0000     3.6530     0.0000     2.3448     2.3294    34.5489    34.6339    21.5591    21.6371    192.341    201.734     97.666    102.415 0.0000e+00
        613     25.486      7.042 -106.80264   16.74856      7.000    29.4990    29.4585 5.7163e+04   5.724515     0.0604     0.0573    98.5778 4.6196e+02          0     2.3452     2.3314     0.0571     0.1148     4.5859     0.0000     3.6760     0.0000     2.3432     2.3229    34.5491    34.6340    21.5587    21.6360    192.227    201.597     97.611    102.351 0.0000e+00
        661     27.508      8.048 -106.80264   16.74856      8.000    29.4994    29.4584 5.7164e+04   5.724602     0.0633     0.0568    98.5888 4.2235e+02          0     2.3447     2.3295     0.0573     0.1148     4.5864     0.0000     3.6377     0.0000     2.3453     2.3270    34.5491    34.6343    21.5587    21.6364    192.672    202.188     97.838    102.651 0.0000e+00
        734     30.541      9.054 -106.80264   16.74856      9.000    29.4997    29.4584 5.7165e+04   5.724697     0.0639     0.0568    98.5897 3.6115e+02          0     2.3443     2.3280     0.0574     0.1150     4.5864     0.0000     3.5696     0.0000     2.3441     2.3248    34.5493    34.6347    21.5588    21.6368    192.158    201.940     97.577    102.525 0.0000e+00
        758     31.557     10.060 -106.80264   16.74856     10.000    29.4972    29.4559 5.7162e+04   5.724372     0.0639     0.0581    98.5572 4.1600e+02          0     2.3479     2.3269     0.0574     0.1152     4.5849     0.0000     3.6293     0.0000     2.3442     2.3280    34.5485    34.6340    21.5591    21.6372    192.928    202.594     97.964    102.853 0.0000e+00
        777     32.327     11.066 -106.80264   16.74856     11.000    29.4987    29.4562 5.7164e+04   5.724388     0.0639     0.0571    98.5823 3.4228e+02          0     2.3459     2.3294     0.0574     0.1148     4.5861     0.0000     3.5456     0.0000     2.3465     2.3293    34.5488    34.6336    21.5589    21.6369    192.878    202.523     97.941    102.817 0.0000e+00
        797     33.152     12.072 -106.80264   16.74856     12.000    29.4973    29.4559 5.7163e+04   5.724407     0.0639     0.0571    98.5820 3.4786e+02          0     2.3473     2.3271     0.0574     0.1152     4.5860     0.0000     3.5547     0.0000     2.3454     2.3283    34.5484    34.6337    21.5592    21.6371    192.766    202.321     97.882    102.714 0.0000e+00
        891     37.069     13.078 -106.80263   16.74856     13.000    29.4940    29.4517 5.7158e+04   5.723760     0.0656     0.0574    98.5754 3.1989e+02          0     2.3450     2.3272     0.0576     0.1147     4.5857     0.0000     3.5178     0.0000     2.3454     2.3263    34.5470    34.6320    21.5593    21.6374    192.815    202.192     97.901    102.640 0.0000e+00
        996     41.443     14.084 -106.80264   16.74856     14.000    29.4816    29.4402 5.7139e+04   5.722041     0.0638     0.0584    98.5496 2.9338e+02          0     2.3432     2.3240     0.0574     0.1148     4.5845     0.0000     3.4800     0.0000     2.3506     2.3266    34.5430    34.6283    21.5606    21.6385    193.349    202.327     98.150    102.688 0.0000e+00
       1017     42.353     15.090 -106.80264   16.74856     15.000    29.4669    29.4238 5.7118e+04   5.719957     0.0639     0.0583    98.5534 3.1438e+02          0     2.3440     2.3262     0.0574     0.1146     4.5847     0.0000     3.5108     0.0000     2.3493     2.3225    34.5387    34.6256    21.5624    21.6421    193.050    201.519     97.973    102.249 0.0000e+00
       1041     43.313     16.096 -106.80264   16.74856     16.000    29.4052    29.3650 5.7029e+04   5.712724     0.0697     0.0581    98.5572 2.7766e+02          0     2.3479     2.3271     0.0580     0.1150     4.5849     0.0000     3.4574     0.0000     2.3477     2.3205    34.5226    34.6183    21.5712    21.6565    193.310    202.038     97.999    102.411 0.0000e+00
       1123     46.738     17.102 -106.80263   16.74857     17.000    29.3469    29.3030 5.6945e+04   5.702433     0.0765     0.0590    98.5366 2.7145e+02          0     2.3491     2.3231     0.0586     0.1148     4.5839     0.0000     3.4469     0.0000     2.3475     2.3259    34.5065    34.5925    21.5788    21.6580    193.540    202.973     98.015    102.768 0.0000e+00
       1218     50.720     18.108 -106.80264   16.74858     18.000    29.2749    29.2333 5.6850e+04   5.693328     0.0818     0.0583    98.5529 2.7092e+02          0     2.3482     2.3281     0.0592     0.1147     4.5847     0.0000     3.4465     0.0000     2.3446     2.3285    34.4931    34.5802    21.5930    21.6723    193.766    203.053     98.008    102.686 0.0000e+00
       1252     52.110     19.114 -106.80264   16.74858     19.000    29.2695    29.2279 5.6847e+04   5.692851     0.0761     0.0586    98.5451 2.4700e+02          0     2.3447     2.3295     0.0586     0.1150     4.5843     0.0000     3.4058     0.0000     2.3495     2.3271    34.4949    34.5805    21.5962    21.6744    194.341    203.517     98.291    102.912 0.0000e+00
       1288     53.616     20.120 -106.80263   16.74858     20.000    29.2703    29.2288 5.6850e+04   5.693148     0.0808     0.0582    98.5558 2.2705e+02          0     2.3450     2.3301     0.0591     0.1148     4.5848     0.0000     3.3697     0.0000     2.3467     2.3291    34.4963    34.5816    21.5971    21.6751    193.468    203.444     97.852    102.877 0.0000e+00
       1356     56.443     21.126 -106.80263   16.74858     21.000    29.2743    29.2327 5.6859e+04   5.693966     0.0811     0.0576    98.5687 2.2627e+02          0     2.3475     2.3280     0.0591     0.1147     4.5854     0.0000     3.3685     0.0000     2.3459     2.3292    34.4993    34.5841    21.5981    21.6757    193.893    203.561     98.074    102.944 0.0000e+00
       1425     59.338     22.132 -106.80264   16.74858     22.000    29.2776    29.2363 5.6867e+04   5.694809     0.0945     0.0574    98.5763 2.2373e+02          0     2.3449     2.3301     0.0605     0.1148     4.5858     0.0000     3.3636     0.0000     2.3467     2.3258    34.5020    34.5870    21.5991    21.6767    194.098    202.946     98.185    102.641 0.0000e+00
       1457     60.674     23.139 -106.80264   16.74858     23.000    29.2824    29.2411 5.6877e+04   5.695821     0.0908     0.0582    98.5546 2.2087e+02          0     2.3474     2.3285     0.0601     0.1148     4.5848     0.0000     3.3580     0.0000     2.3493     2.3273    34.5051    34.5902    21.5999    21.6776    194.066    203.639     98.178    103.001 0.0000e+00
       1492     62.116     24.145 -106.80264   16.74858     24.000    29.2885    29.2473 5.6892e+04   5.697173     0.0884     0.0581    98.5575 1.9506e+02          0     2.3461     2.3278     0.0598     0.1147     4.5849     0.0000     3.3029     0.0000     2.3460     2.3267    34.5101    34.5946    21.6017    21.6789    193.469    203.040     97.888    102.711 0.0000e+00
       1542     64.207     25.151 -106.80264   16.74857     25.000    29.2949    29.2526 5.6905e+04   5.698355     0.0930     0.0578    98.5655 1.8286e+02          0     2.3485     2.3266     0.0603     0.1147     4.5853     0.0000     3.2759     0.0000     2.3443     2.3248    34.5144    34.5986    21.6028    21.6802    193.714    203.078     98.025    102.741 0.0000e+00
       1620     67.458     26.157 -106.80264   16.74856     26.000    29.3026    29.2601 5.6920e+04   5.699848     0.0915     0.0574    98.5753 1.7173e+02          0     2.3436     2.3247     0.0601     0.1147     4.5857     0.0000     3.2487     0.0000     2.3485     2.3279    34.5190    34.6031    21.6038    21.6812    194.047    203.545     98.208    102.993 0.0000e+00
       1673     69.679     27.163 -106.80264   16.74856     27.000    29.3121    29.2712 5.6940e+04   5.702076     0.0905     0.0570    98.5869 1.6747e+02          0     2.3479     2.3244     0.0600     0.1148     4.5863     0.0000     3.2379     0.0000     2.3449     2.3264    34.5254    34.6101    21.6055    21.6828    193.222    203.090     97.809    102.785 0.0000e+00
       1707     71.072     28.169 -106.80264   16.74856     28.000    29.3212    29.2798 5.6959e+04   5.703896     0.0938     0.0566    98.5937 1.5612e+02          0     2.3485     2.3293     0.0604     0.1147     4.5866     0.0000     3.2074     0.0000     2.3392     2.3265    34.5318    34.6160    21.6073    21.6844    192.954    203.127     97.691    102.821 0.0000e+00
       1743     72.595     29.175 -106.80264   16.74856     29.000    29.3301    29.2887 5.6977e+04   5.705668     0.0987     0.0573    98.5781 1.5455e+02          0     2.3461     2.3272     0.0609     0.1147     4.5859     0.0000     3.2029     0.0000     2.3454     2.3248    34.5375    34.6215    21.6087    21.6856    194.041    202.993     98.258    102.771 0.0000e+00
       1783     74.269     30.181 -106.80264   16.74856     30.000    29.3457    29.3033 5.7010e+04   5.708683     0.1007     0.0567    98.5924 1.4674e+02          0     2.3405     2.3265     0.0611     0.1147     4.5865     0.0000     3.1805     0.0000     2.3452     2.3260    34.5485    34.6312    21.6117    21.6881    193.661    203.099     98.097    102.854 0.0000e+00
       1827     76.092     31.187 -106.80264   16.74856     31.000    29.3803    29.3396 5.7083e+04   5.716081     0.1072     0.0568    98.5900 1.4020e+02          0     2.3449     2.3248     0.0618     0.1147     4.5864     0.0000     3.1607     0.0000     2.3462     2.3266    34.5731    34.6553    21.6187    21.6940    193.732    203.223     98.201    102.991 0.0000e+00
       1900     79.122     32.193 -106.80264   16.74856     32.000    29.3991    29.3542 5.7125e+04   5.719754     0.1035     0.0556    98.6185 1.3607e+02          0     2.3460     2.3260     0.0614     0.1147     4.5877     0.0000     3.1477     0.0000     2.3444     2.3231    34.5873    34.6695    21.6231    21.6999    193.315    202.585     98.027    102.700 0.0000e+00
       1982     82.554     33.200 -106.80264   16.74856     33.000    29.4063    29.3656 5.7144e+04   5.722748     0.1060     0.0554    98.6238 1.3633e+02          0     2.3427     2.3198     0.0616     0.1147     4.5880     0.0000     3.1486     0.0000     2.3471     2.3269    34.5955    34.6815    21.6269    21.7051    193.830    202.982     98.304    102.927 0.0000e+00
       2012     83.811     34.206 -106.80264   16.74856     34.000    29.4027    29.3607 5.7149e+04   5.722944     0.1126     0.0548    98.6391 1.3133e+02          0     2.3442     2.3239     0.0623     0.1147     4.5887     0.0000     3.1324     0.0000     2.3474     2.3225    34.6006    34.6861    21.6320    21.7103    193.626    202.433     98.197    102.643 0.0000e+00
       2042     85.028     35.212 -106.80264   16.74856     35.000    29.3858    29.3438 5.7132e+04   5.721529     0.1127     0.0546    98.6429 1.2907e+02          0     2.3456     2.3255     0.0623     0.1147     4.5888     0.0000     3.1248     0.0000     2.3473     2.3250    34.6015    34.6883    21.6384    21.7177    194.033    203.149     98.377    102.979 0.0000e+00
       2071     86.238     36.218 -106.80264   16.74856     36.000    29.3449    29.3009 5.7088e+04   5.717100     0.1127     0.0549    98.6358 1.2542e+02          0     2.3472     2.3271     0.0623     0.1147     4.5885     0.0000     3.1124     0.0000     2.3530     2.3274    34.6004    34.6888    21.6515    21.7326    195.182    203.712     98.894    103.194 0.0000e+00
       2104     87.628     37.224 -106.80264   16.74856     37.000    29.2327    29.1846 5.6963e+04   5.704906     0.1168     0.0565    98.5967 1.2236e+02          0     2.3474     2.3230     0.0627     0.1149     4.5867     0.0000     3.1016     0.0000     2.3564     2.3330    34.5958    34.6892    21.6858    21.7720    195.390    204.658     98.819    103.479 0.0000e+00
       2196     91.479     38.230 -106.80264   16.74856     38.000    29.1721    29.1380 5.6896e+04   5.698490     0.1248     0.0607    98.4939 1.1479e+02          0     2.3544     2.3322     0.0635     0.1141     4.5819     0.0000     3.0740     0.0000     2.3552     2.3378    34.5934    34.6787    21.7044    21.7798    195.768    205.250     98.912    103.694 0.0000e+00
       2266     94.390     39.236 -106.80264   16.74856     39.000    29.0125    28.9633 5.6746e+04   5.683011     0.1263     0.0607    98.4944 1.0878e+02          0     2.3506     2.3360     0.0636     0.1148     4.5819     0.0000     3.0506     0.0000     2.3771     2.3462    34.6054    34.6989    21.7668    21.8534    200.367    207.779    100.981    104.687 0.0000e+00
       2300     95.784     40.243 -106.80264   16.74856     40.000    28.7910    28.7371 5.6517e+04   5.661174     0.1462     0.0648    98.3929 1.0682e+02          0     2.3581     2.3415     0.0656     0.1148     4.5773     0.0000     3.0427     0.0000     2.4025     2.3689    34.6083    34.7127    21.8428    21.9391    204.837    212.095    102.865    106.478 0.0000e+00
       2337     97.352     41.249 -106.80264   16.74856     41.000    28.3266    28.2760 5.6013e+04   5.611765     0.1652     0.0691    98.2873 1.0311e+02          0     2.3704     2.3425     0.0675     0.1148     4.5723     0.0000     3.0272     0.0000     2.4293     2.3986    34.5973    34.7069    21.9879    22.0869    207.971    216.632    103.647    107.939 0.0000e+00
       2382     99.206     42.255 -106.80264   16.74856     42.000    28.0944    28.0561 5.5753e+04   5.584287     0.1826     0.0736    98.1781 9.9767e+01          0     2.4005     2.3670     0.0693     0.1147     4.5672     0.0000     3.0131     0.0000     2.4387     2.4136    34.5855    34.6764    22.0554    22.1363    208.736    218.083    103.628    108.256 0.0000e+00
