data/ctd-cnv/KM1919/KM1919-St20-P2/St20_P2_cast44-align-cellTM-derive-bin.cnv
* Sea-Bird SBE 9 Data File:
* FileName = C:\Users\otg\Desktop\CTD Data\km1920\St20_P2_cast44.hex
* Software Version Seasave V 7.26.7.107
* Temperature SN = 5554
* Conductivity SN = 3876
* Number of Bytes Per Scan = 41
* Number of Voltage Words = 4
* Number of Scans Averaged by the Deck Unit = 1
* NMEA Latitude = 16 44.92 N
* NMEA Longitude = 106 48.16 W
* NMEA UTC (Time) = Oct 08 2019  15:54:27
* NMEA baud rate = 4800
** Ship: Kilo Moana
** Station: St20_P2 cast 44
** Operator: jac
# nquan = 34
# nvalues = 203                         
# units = specified
# name 0 = scan: Scan Count
# name 1 = timeS: Time, Elapsed [seconds]
# name 2 = prDM: Pressure, Digiquartz [db]
# name 3 = longitude: Longitude [deg]
# name 4 = latitude: Latitude [deg]
# name 5 = depSM: Depth [salt water, m]
# name 6 = t090C: Temperature [ITS-90, deg C]
# name 7 = t190C: Temperature, 2 [ITS-90, deg C]
# name 8 = c0uS/cm: Conductivity [uS/cm]
# name 9 = c1S/m: Conductivity, 2 [S/m]
# name 10 = flECO-AFL: Fluorescence, WET Labs ECO-AFL/FL [mg/m^3]
# name 11 = CStarAt0: Beam Attenuation, WET Labs C-Star [1/m]
# name 12 = CStarTr0: Beam Transmission, WET Labs C-Star [%]
# name 13 = par: PAR/Irradiance, Biospherical/Licor
# name 14 = modError: Modulo Error Count
# name 15 = v0: Voltage 0
# name 16 = v1: Voltage 1
# name 17 = v2: Voltage 2
# name 18 = v3: Voltage 3
# name 19 = v4: Voltage 4
# name 20 = v5: Voltage 5
# name 21 = v6: Voltage 6
# name 22 = v7: Voltage 7
# name 23 = sbeox0V: Oxygen raw, SBE 43 [V]
# name 24 = sbeox1V: Oxygen raw, SBE 43, 2 [V]
# name 25 = sal00: Salinity, Practical [PSU]
# name 26 = sal11: Salinity, Practical, 2 [PSU]
# name 27 = sigma-é00: Density [sigma-theta, kg/m^3]
# name 28 = sigma-é11: Density, 2 [sigma-theta, kg/m^3]
# name 29 = sbeox0Mm/L: Oxygen, SBE 43 [umol/l], WS = 2
# name 30 = sbeox1Mm/L: Oxygen, SBE 43, 2 [umol/l], WS = 2
# name 31 = sbeox0PS: Oxygen, SBE 43 [% saturation], WS = 2
# name 32 = sbeox1PS: Oxygen, SBE 43, 2 [% saturation], WS = 2
# name 33 = flag: flag
# span 0 =         34,       8003       
# span 1 =      1.387,    333.428       
# span 2 =      1.006,    204.311       
# span 3 = -106.80268, -106.80263       
# span 4 =   16.74852,   16.74858       
# span 5 =      1.000,    203.000       
# span 6 =    12.1647,    29.5212       
# span 7 =    12.1286,    29.4774       
# span 8 = 4.0018e+04, 5.7187e+04       
# span 9 =   4.006614,   5.726717       
# span 10 =     0.0464,     1.4215      
# span 11 =     0.0278,     0.1095      
# span 12 =    97.2985,    99.3088      
# span 13 = 2.2121e-03, 8.7938e+02      
# span 14 =          0,          0      
# span 15 =     0.5055,     2.4914      
# span 16 =     0.5174,     2.4687      
# span 17 =     0.0556,     0.1931      
# span 18 =     0.1122,     0.1164      
# span 19 =     4.5263,     4.6198      
# span 20 =     0.0000,     0.0000      
# span 21 =     0.0185,     3.9562      
# span 22 =     0.0000,     0.0000      
# span 23 =     0.5044,     2.4955      
# span 24 =     0.5162,     2.4741      
# span 25 =    34.3112,    34.7879      
# span 26 =    34.4110,    34.8750      
# span 27 =    21.5518,    26.3890      
# span 28 =    21.6301,    26.4599      
# span 29 =      1.075,    227.798      
# span 30 =      1.356,    239.026      
# span 31 =      0.401,    107.329      
# span 32 =      0.503,    111.576      
# span 33 = 0.0000e+00, 0.0000e+00      
# interval = meters: 1                  
# start_time = Oct 08 2019 15:59:41 [NMEA time, first data scan]
# bad_flag = -9.990e-29
*END*
[from data line 171]
       6955    289.749    173.099 -106.80266   16.74852    172.000    12.6611    12.6294 4.0487e+04   4.054355     0.0883     0.0443    98.8982 3.5796e-03          0     0.5076     0.5192     0.0598     0.1137     4.6007     0.0000     0.0243     0.0000     0.5060     0.5181    34.7820    34.8657    26.2960    26.3672      1.308      1.672      0.490      0.626 0.0000e+00
       6978    290.721    174.105 -106.80266   16.74852    173.000    12.6611    12.6296 4.0489e+04   4.054500     0.0854     0.0433    98.9236 3.6486e-03          0     0.5073     0.5191     0.0595     0.1148     4.6020     0.0000     0.0246     0.0000     0.5057     0.5179    34.7838    34.8664    26.2975    26.3677      1.274      1.689      0.477      0.633 0.0000e+00
       6998    291.539    175.112 -106.80266   16.74852    174.000    12.6601    12.6283 4.0489e+04   4.054495     0.0780     0.0433    98.9245 3.7076e-03          0     0.5072     0.5191     0.0588     0.1148     4.6020     0.0000     0.0248     0.0000     0.5058     0.5181    34.7844    34.8672    26.2981    26.3686      1.358      1.666      0.509      0.624 0.0000e+00
       7016    292.273    176.119 -106.80266   16.74852    175.000    12.6610    12.6297 4.0492e+04   4.054737     0.0788     0.0433    98.9245 3.7415e-03          0     0.5070     0.5190     0.0589     0.1148     4.6020     0.0000     0.0250     0.0000     0.5058     0.5179    34.7856    34.8678    26.2989    26.3688      1.341      1.638      0.502      0.614 0.0000e+00
       7033    292.995    177.126 -106.80266   16.74852    176.000    12.6620    12.6305 4.0494e+04   4.054963     0.0697     0.0425    98.9429 3.1512e-03          0     0.5070     0.5190     0.0580     0.1147     4.6028     0.0000     0.0225     0.0000     0.5058     0.5178    34.7860    34.8688    26.2990    26.3695      1.350      1.643      0.506      0.616 0.0000e+00
       7053    293.830    178.133 -106.80266   16.74852    177.000    12.6558    12.6242 4.0488e+04   4.054540     0.0672     0.0427    98.9400 3.1332e-03          0     0.5068     0.5190     0.0577     0.1147     4.6027     0.0000     0.0224     0.0000     0.5058     0.5179    34.7862    34.8701    26.3005    26.3718      1.325      1.659      0.496      0.621 0.0000e+00
       7085    295.187    179.139 -106.80266   16.74852    178.000    12.6371    12.6065 4.0468e+04   4.052724     0.0776     0.0423    98.9486 3.3364e-03          0     0.5068     0.5190     0.0587     0.1148     4.6031     0.0000     0.0233     0.0000     0.5057     0.5178    34.7837    34.8686    26.3022    26.3741      1.291      1.656      0.484      0.620 0.0000e+00
       7131    297.101    180.146 -106.80266   16.74852    179.000    12.6156    12.5840 4.0447e+04   4.050318     0.0794     0.0425    98.9430 3.3041e-03          0     0.5068     0.5188     0.0589     0.1134     4.6028     0.0000     0.0232     0.0000     0.5056     0.5178    34.7831    34.8659    26.3060    26.3764      1.326      1.640      0.496      0.614 0.0000e+00
       7167    298.604    181.153 -106.80266   16.74852    180.000    12.6162    12.5848 4.0450e+04   4.050561     0.0776     0.0422    98.9512 3.2898e-03          0     0.5067     0.5189     0.0588     0.1147     4.6032     0.0000     0.0231     0.0000     0.5056     0.5175    34.7849    34.8671    26.3073    26.3772      1.230      1.614      0.460      0.604 0.0000e+00
       7194    299.700    182.160 -106.80266   16.74852    181.000    12.6124    12.5806 4.0447e+04   4.050342     0.0799     0.0422    98.9508 2.7818e-03          0     0.5066     0.5188     0.0590     0.1129     4.6032     0.0000     0.0210     0.0000     0.5054     0.5175    34.7851    34.8684    26.3083    26.3791      1.293      1.579      0.484      0.591 0.0000e+00
       7218    300.694    183.167 -106.80266   16.74852    182.000    12.5971    12.5652 4.0433e+04   4.048951     0.0777     0.0422    98.9508 2.8049e-03          0     0.5066     0.5187     0.0588     0.1143     4.6032     0.0000     0.0211     0.0000     0.5054     0.5177    34.7854    34.8689    26.3115    26.3825      1.307      1.696      0.489      0.634 0.0000e+00
       7241    301.673    184.174 -106.80266   16.74852    183.000    12.5895    12.5577 4.0428e+04   4.048340     0.0766     0.0422    98.9496 2.9184e-03          0     0.5066     0.5186     0.0587     0.1132     4.6031     0.0000     0.0215     0.0000     0.5055     0.5178    34.7865    34.8695    26.3139    26.3845      1.288      1.669      0.482      0.624 0.0000e+00
       7264    302.643    185.181 -106.80266   16.74852    184.000    12.5760    12.5437 4.0416e+04   4.047194     0.0766     0.0420    98.9552 3.2611e-03          0     0.5065     0.5187     0.0587     0.1139     4.6034     0.0000     0.0230     0.0000     0.5054     0.5176    34.7870    34.8710    26.3169    26.3884      1.290      1.590      0.482      0.594 0.0000e+00
       7288    303.618    186.187 -106.80266   16.74852    185.000    12.5373    12.5038 4.0377e+04   4.043532     0.0692     0.0411    98.9764 3.4307e-03          0     0.5064     0.5184     0.0579     0.1147     4.6044     0.0000     0.0237     0.0000     0.5054     0.5177    34.7849    34.8723    26.3229    26.3973      1.250      1.711      0.467      0.639 0.0000e+00
       7312    304.627    187.194 -106.80266   16.74852    186.000    12.4881    12.4550 4.0328e+04   4.038625     0.0640     0.0411    98.9770 2.7560e-03          0     0.5065     0.5186     0.0574     0.1147     4.6044     0.0000     0.0209     0.0000     0.5053     0.5178    34.7834    34.8698    26.3314    26.4049      1.251      1.582      0.467      0.591 0.0000e+00
       7337    305.672    188.201 -106.80266   16.74852    187.000    12.4643    12.4318 4.0308e+04   4.036514     0.0693     0.0411    98.9770 2.8815e-03          0     0.5065     0.5187     0.0579     0.1137     4.6044     0.0000     0.0214     0.0000     0.5053     0.5174    34.7852    34.8706    26.3375    26.4100      1.194      1.582      0.445      0.590 0.0000e+00
       7364    306.776    189.208 -106.80266   16.74852    188.000    12.4305    12.3972 4.0277e+04   4.033360     0.0764     0.0404    98.9949 2.7449e-03          0     0.5065     0.5185     0.0586     0.1126     4.6052     0.0000     0.0208     0.0000     0.5049     0.5175    34.7861    34.8719    26.3448    26.4178      1.075      1.592      0.401      0.593 0.0000e+00
       7391    307.923    190.215 -106.80266   16.74852    189.000    12.4023    12.3703 4.0251e+04   4.030695     0.0687     0.0399    99.0082 2.7430e-03          0     0.5062     0.5188     0.0579     0.1138     4.6058     0.0000     0.0208     0.0000     0.5047     0.5173    34.7866    34.8707    26.3507    26.4221      1.176      1.516      0.438      0.565 0.0000e+00
       7417    309.019    191.222 -106.80266   16.74852    190.000    12.3815    12.3492 4.0231e+04   4.028771     0.0639     0.0393    99.0224 2.7430e-03          0     0.5064     0.5184     0.0574     0.1148     4.6065     0.0000     0.0208     0.0000     0.5046     0.5171    34.7866    34.8712    26.3547    26.4267      1.130      1.535      0.421      0.572 0.0000e+00
       7444    310.132    192.229 -106.80266   16.74852    191.000    12.3659    12.3340 4.0216e+04   4.027149     0.0639     0.0390    99.0293 2.7430e-03          0     0.5060     0.5184     0.0574     0.1147     4.6068     0.0000     0.0208     0.0000     0.5045     0.5171    34.7856    34.8692    26.3570    26.4281      1.131      1.555      0.421      0.579 0.0000e+00
       7474    311.389    193.236 -106.80266   16.74852    192.000    12.3621    12.3309 4.0212e+04   4.026810     0.0639     0.0395    99.0165 3.0386e-03          0     0.5057     0.5182     0.0574     0.1147     4.6062     0.0000     0.0220     0.0000     0.5045     0.5170    34.7856    34.8684    26.3578    26.4281      1.173      1.504      0.437      0.560 0.0000e+00
       7507    312.745    194.243 -106.80266   16.74852    193.000    12.3603    12.3289 4.0212e+04   4.026733     0.0639     0.0391    99.0269 2.7343e-03          0     0.5056     0.5181     0.0574     0.1129     4.6067     0.0000     0.0208     0.0000     0.5045     0.5168    34.7863    34.8690    26.3587    26.4290      1.154      1.505      0.430      0.560 0.0000e+00
       7537    314.018    195.249 -106.80268   16.74852    194.000    12.3510    12.3193 4.0204e+04   4.025960     0.0639     0.0384    99.0433 2.7331e-03          0     0.5055     0.5181     0.0574     0.1140     4.6075     0.0000     0.0208     0.0000     0.5045     0.5168    34.7864    34.8701    26.3606    26.4317      1.163      1.511      0.433      0.562 0.0000e+00
       7565    315.163    196.256 -106.80268   16.74852    195.000    12.3380    12.3063 4.0191e+04   4.024729     0.0548     0.0390    99.0301 2.6489e-03          0     0.5055     0.5178     0.0565     0.1126     4.6068     0.0000     0.0204     0.0000     0.5045     0.5168    34.7860    34.8698    26.3629    26.4340      1.183      1.579      0.440      0.588 0.0000e+00
       7589    316.168    197.263 -106.80268   16.74852    196.000    12.3255    12.2937 4.0179e+04   4.023569     0.0464     0.0390    99.0295 2.6356e-03          0     0.5055     0.5179     0.0556     0.1127     4.6068     0.0000     0.0203     0.0000     0.5045     0.5171    34.7859    34.8698    26.3652    26.4365      1.145      1.588      0.426      0.591 0.0000e+00
       7612    317.109    198.270 -106.80268   16.74852    197.000    12.3079    12.2756 4.0164e+04   4.022059     0.0640     0.0386    99.0379 2.6262e-03          0     0.5055     0.5178     0.0574     0.1124     4.6072     0.0000     0.0203     0.0000     0.5045     0.5171    34.7867    34.8716    26.3693    26.4414      1.163      1.566      0.433      0.582 0.0000e+00
       7632    317.967    199.277 -106.80268   16.74852    198.000    12.2782    12.2444 4.0137e+04   4.019451     0.0639     0.0378    99.0581 2.6288e-03          0     0.5055     0.5178     0.0574     0.1126     4.6082     0.0000     0.0203     0.0000     0.5045     0.5170    34.7879    34.8750    26.3760    26.4501      1.164      1.460      0.433      0.543 0.0000e+00
       7656    318.968    200.284 -106.80268   16.74852    199.000    12.2048    12.1707 4.0059e+04   4.011836     0.0639     0.0373    99.0706 2.5906e-03          0     0.5055     0.5180     0.0574     0.1145     4.6088     0.0000     0.0201     0.0000     0.5045     0.5168    34.7801    34.8693    26.3841    26.4599      1.166      1.504      0.433      0.558 0.0000e+00
       7686    320.224    201.291 -106.80268   16.74852    200.000    12.1834    12.1521 4.0036e+04   4.009267     0.0636     0.0377    99.0615 2.6144e-03          0     0.5055     0.5180     0.0574     0.1134     4.6084     0.0000     0.0202     0.0000     0.5045     0.5167    34.7775    34.8613    26.3862    26.4573      1.167      1.447      0.433      0.537 0.0000e+00
       7819    325.745    202.298 -106.80268   16.74852    201.000    12.1933    12.1577 4.0047e+04   4.009616     0.0589     0.0376    99.0642 2.4998e-03          0     0.5055     0.5177     0.0569     0.1139     4.6085     0.0000     0.0197     0.0000     0.5044     0.5164    34.7780    34.8591    26.3847    26.4545      1.135      1.439      0.421      0.534 0.0000e+00
       7932    330.459    203.305 -106.80268   16.74852    202.000    12.1647    12.1318 4.0018e+04   4.007192     0.0603     0.0369    99.0809 2.3131e-03          0     0.5055     0.5176     0.0570     0.1135     4.6092     0.0000     0.0189     0.0000     0.5044     0.5162    34.7764    34.8591    26.3890    26.4595      1.157      1.464      0.429      0.543 0.0000e+00
       8003    333.428    204.311 -106.80268   16.74852    203.000    12.1680    12.1286 4.0021e+04   4.006614     0.0627     0.0371    99.0764 2.2121e-03          0     0.5055     0.5174     0.0573     0.1161     4.6090     0.0000     0.0185     0.0000     0.5044     0.5162    34.7751    34.8561    26.3874    26.4578      1.242      1.356      0.460      0.503 0.0000e+00
