data/ctd-cnv/KM1919/KM1919-St20-P2/St20_P2_cast50-align-cellTM-derive-bin.cnv
* Sea-Bird SBE 9 Data File:
* FileName = C:\Users\otg\Desktop\CTD Data\km1920\St20_P2_cast50.hex
* Software Version Seasave V 7.26.7.107
* Temperature SN = 5554
* Conductivity SN = 3876
* Number of Bytes Per Scan = 41
* Number of Voltage Words = 4
* Number of Scans Averaged by the Deck Unit = 1
* NMEA Latitude = 16 45.53 N
* NMEA Longitude = 106 45.95 W
* NMEA UTC (Time) = Oct 09 2019  14:11:27
* NMEA baud rate = 4800
** Ship: Kilo Moana
** Station: St20_P2 cast 50
** Operator: gr
** diel 7
# nquan = 34
# nvalues = 199                         
# units = specified
# name 0 = scan: Scan Count
# name 1 = timeS: Time, Elapsed [seconds]
# name 2 = prDM: Pressure, Digiquartz [db]
# name 3 = longitude: Longitude [deg]
# name 4 = latitude: Latitude [deg]
# name 5 = depSM: Depth [salt water, m]
# name 6 = t090C: Temperature [ITS-90, deg C]
# name 7 = t190C: Temperature, 2 [ITS-90, deg C]
# name 8 = c0uS/cm: Conductivity [uS/cm]
# name 9 = c1S/m: Conductivity, 2 [S/m]
# name 10 = flECO-AFL: Fluorescence, WET Labs ECO-AFL/FL [mg/m^3]
# name 11 = CStarAt0: Beam Attenuation, WET Labs C-Star [1/m]
# name 12 = CStarTr0: Beam Transmission, WET Labs C-Star [%]
# name 13 = par: PAR/Irradiance, Biospherical/Licor
# name 14 = modError: Modulo Error Count
# name 15 = v0: Voltage 0
# name 16 = v1: Voltage 1
# name 17 = v2: Voltage 2
# name 18 = v3: Voltage 3
# name 19 = v4: Voltage 4
# name 20 = v5: Voltage 5
# name 21 = v6: Voltage 6
# name 22 = v7: Voltage 7
# name 23 = sbeox0V: Oxygen raw, SBE 43 [V]
# name 24 = sbeox1V: Oxygen raw, SBE 43, 2 [V]
# name 25 = sal00: Salinity, Practical [PSU]
# name 26 = sal11: Salinity, Practical, 2 [PSU]
# name 27 = sigma-é00: Density [sigma-theta, kg/m^3]
# name 28 = sigma-é11: Density, 2 [sigma-theta, kg/m^3]
# name 29 = sbeox0Mm/L: Oxygen, SBE 43 [umol/l], WS = 2
# name 30 = sbeox1Mm/L: Oxygen, SBE 43, 2 [umol/l], WS = 2
# name 31 = sbeox0PS: Oxygen, SBE 43 [% saturation], WS = 2
# name 32 = sbeox1PS: Oxygen, SBE 43, 2 [% saturation], WS = 2
# name 33 = flag: flag
# span 0 =        257,      11658       
# span 1 =     10.652,    485.719       
# span 2 =      2.012,    201.291       
# span 3 = -106.76580, -106.76556       
# span 4 =   16.75888,   16.75900       
# span 5 =      2.000,    200.000       
# span 6 =    12.2800,    29.5820       
# span 7 =    12.2469,    29.5408       
# span 8 = 4.0128e+04, 5.7300e+04       
# span 9 =   4.018228,   5.738173       
# span 10 =     0.0624,     1.6727      
# span 11 =     0.0228,     0.1064      
# span 12 =    97.3747,    99.4307      
# span 13 = 1.3696e-03, 5.5673e+02      
# span 14 =          0,          0      
# span 15 =     0.5043,     2.4938      
# span 16 =     0.5156,     2.4752      
# span 17 =     0.0573,     0.2182      
# span 18 =     0.1137,     0.1172      
# span 19 =     4.5299,     4.6255      
# span 20 =     0.0000,     0.0000      
# span 21 =     0.0149,     3.7557      
# span 22 =     0.0000,     0.0000      
# span 23 =     0.5034,     2.4962      
# span 24 =     0.5144,     2.4759      
# span 25 =    34.2752,    34.7829      
# span 26 =    34.3645,    34.8714      
# span 27 =    21.5536,    26.3669      
# span 28 =    21.6315,    26.4380      
# span 29 =      0.774,    228.644      
# span 30 =      1.135,    239.531      
# span 31 =      0.289,    107.186      
# span 32 =      0.422,    111.643      
# span 33 = 0.0000e+00, 0.0000e+00      
# interval = meters: 1                  
# start_time = Oct 09 2019 14:15:40 [NMEA time, first data scan]
# bad_flag = -9.990e-29
*END*
[from data line 86]
       5455    227.265     88.544 -106.76568   16.75892     88.000    17.7229    17.7051 4.5027e+04   4.513615     0.7157     0.0492    98.7784 9.3666e-01          0     1.2862     1.2831     0.1226     0.1147     4.5951     0.0000     1.0288     0.0000     1.0774     1.1609    34.4572    34.5658    24.9276    25.0151     42.913     69.601     17.742     28.787 0.0000e+00
       5482    228.377     89.550 -106.76568   16.75894     89.000    17.2346    17.1783 4.4574e+04   4.466804     0.5963     0.0457    98.8627 8.6106e-01          0     1.2726     1.2902     0.1106     0.1148     4.5991     0.0000     0.9958     0.0000     0.9656     1.0441    34.4812    34.6112    25.0636    25.1768     39.053     55.702     15.995     22.811 0.0000e+00
       5509    229.497     90.557 -106.76568   16.75894     90.000    16.9457    16.9061 4.4296e+04   4.437329     0.5224     0.0408    98.9847 7.8212e-01          0     1.2015     1.2550     0.1033     0.1148     4.6047     0.0000     0.9585     0.0000     0.9061     0.9665    34.4870    34.5882    25.1369    25.2239     41.984     51.940     17.101     21.154 0.0000e+00
       5542    230.871     91.563 -106.76568   16.75894     91.000    16.8512    16.8151 4.4206e+04   4.427681     0.4531     0.0376    99.0646 7.1556e-01          0     1.0596     1.1404     0.0963     0.1148     4.6085     0.0000     0.9244     0.0000     0.8767     0.9163    34.4890    34.5819    25.1607    25.2406     47.003     51.807     19.110     21.062 0.0000e+00
       5663    235.914     92.569 -106.76568   16.75894     92.000    16.9425    16.9059 4.4298e+04   4.435912     0.5267     0.0368    99.0844 6.5516e-01          0     0.8253     0.8502     0.1037     0.1146     4.6094     0.0000     0.8913     0.0000     0.8428     0.8675    34.4907    34.5753    25.1405    25.2140     40.196     48.231     16.373     19.643 0.0000e+00
       5696    237.301     93.576 -106.76568   16.75894     93.000    16.6648    16.6214 4.4039e+04   4.411360     0.4734     0.0380    99.0537 6.0245e-01          0     0.8724     0.8942     0.0983     0.1147     4.6079     0.0000     0.8595     0.0000     0.7927     0.8274    34.5020    34.6054    25.2145    25.3040     32.675     39.466     13.238     15.987 0.0000e+00
       5729    238.658     94.583 -106.76568   16.75894     94.000    16.3576    16.3163 4.3734e+04   4.380999     0.4033     0.0339    99.1570 5.4956e-01          0     0.8519     0.8811     0.0913     0.1147     4.6128     0.0000     0.8254     0.0000     0.7745     0.8022    34.4989    34.6018    25.2835    25.3721     34.539     38.745     13.910     15.602 0.0000e+00
       5808    241.940     95.589 -106.76568   16.75894     95.000    16.2566    16.2286 4.3630e+04   4.370233     0.4102     0.0323    99.1956 4.9925e-01          0     0.7836     0.8125     0.0920     0.1147     4.6146     0.0000     0.7904     0.0000     0.7658     0.7851    34.4940    34.5823    25.3031    25.3774     35.906     38.964     14.432     15.661 0.0000e+00
       5888    245.294     96.595 -106.76566   16.75896     96.000    16.1219    16.0851 4.3494e+04   4.356430     0.3881     0.0321    99.2015 4.6628e-01          0     0.7654     0.7840     0.0898     0.1147     4.6149     0.0000     0.7658     0.0000     0.7560     0.7766    34.4900    34.5844    25.3309    25.4119     32.417     37.009     12.996     14.834 0.0000e+00
       5914    246.379     97.602 -106.76566   16.75896     97.000    15.9611    15.9161 4.3334e+04   4.340758     0.3417     0.0306    99.2371 4.3818e-01          0     0.7668     0.7841     0.0851     0.1147     4.6165     0.0000     0.7437     0.0000     0.7469     0.7684    34.4874    34.5920    25.3656    25.4563     31.065     35.557     12.414     14.206 0.0000e+00
       5934    247.211     98.608 -106.76566   16.75896     98.000    15.8013    15.7633 4.3176e+04   4.324529     0.3096     0.0315    99.2154 4.1231e-01          0     0.7664     0.7833     0.0819     0.1147     4.6155     0.0000     0.7222     0.0000     0.7384     0.7615    34.4853    34.5802    25.4003    25.4819     28.877     34.212     11.504     13.626 0.0000e+00
       5953    248.015     99.615 -106.76566   16.75896     99.000    15.7154    15.6736 4.3090e+04   4.316258     0.2990     0.0293    99.2706 3.7591e-01          0     0.7625     0.7814     0.0809     0.1147     4.6180     0.0000     0.6901     0.0000     0.7279     0.7526    34.4828    34.5843    25.4177    25.5053     28.105     32.629     11.177     12.974 0.0000e+00
       6024    250.968    100.621 -106.76566   16.75896    100.000    15.5863    15.5437 4.2969e+04   4.302454     0.2831     0.0287    99.2858 3.4194e-01          0     0.7447     0.7657     0.0793     0.1147     4.6187     0.0000     0.6577     0.0000     0.7272     0.7447    34.4870    34.5739    25.4499    25.5264     31.562     33.790     12.519     13.400 0.0000e+00
       6160    256.608    101.627 -106.76566   16.75895    101.000    15.5868    15.5334 4.2972e+04   4.303778     0.2709     0.0293    99.2701 3.1860e-01          0     0.7469     0.7622     0.0781     0.1145     4.6180     0.0000     0.6343     0.0000     0.6972     0.7253    34.4882    34.5945    25.4508    25.5447     20.109     26.460      7.977     10.492 0.0000e+00
       6177    257.326    102.634 -106.76566   16.75894    102.000    15.3531    15.2823 4.2768e+04   4.283462     0.2548     0.0284    99.2909 2.9906e-01          0     0.7452     0.7621     0.0765     0.1147     4.6190     0.0000     0.6134     0.0000     0.6849     0.7136    34.5096    34.6320    25.5194    25.6294     18.987     24.918      7.499      9.834 0.0000e+00
       6191    257.909    103.641 -106.76566   16.75896    103.000    15.2584    15.2231 4.2689e+04   4.275497     0.2276     0.0269    99.3299 2.7711e-01          0     0.7420     0.7603     0.0738     0.1147     4.6208     0.0000     0.5888     0.0000     0.6745     0.7025    34.5213    34.6118    25.5495    25.6271     18.795     23.735      7.409      9.355 0.0000e+00
       6206    258.557    104.647 -106.76566   16.75896    104.000    15.2346    15.1995 4.2672e+04   4.273701     0.2112     0.0264    99.3415 2.5597e-01          0     0.7349     0.7560     0.0721     0.1146     4.6214     0.0000     0.5636     0.0000     0.6655     0.6911    34.5261    34.6160    25.5584    25.6355     19.702     22.946      7.763      9.040 0.0000e+00
       6285    261.850    105.653 -106.76566   16.75896    105.000    15.2572    15.2112 4.2697e+04   4.274762     0.2309     0.0264    99.3406 2.2959e-01          0     0.6965     0.7186     0.0741     0.1142     4.6213     0.0000     0.5300     0.0000     0.6716     0.6848    34.5283    34.6149    25.5552    25.6321     25.353     25.531      9.995     10.061 0.0000e+00
       6425    267.667    106.660 -106.76566   16.75896    106.000    15.2888    15.2499 4.2727e+04   4.278499     0.2475     0.0279    99.3053 2.0853e-01          0     0.7015     0.7150     0.0758     0.1147     4.6196     0.0000     0.5013     0.0000     0.6603     0.6796    34.5274    34.6141    25.5476    25.6230     18.495     22.179      7.296      8.747 0.0000e+00
       6450    268.702    107.666 -106.76566   16.75896    107.000    15.2153    15.1535 4.2666e+04   4.271273     0.2376     0.0259    99.3549 1.8800e-01          0     0.6904     0.7080     0.0748     0.1147     4.6220     0.0000     0.4713     0.0000     0.6504     0.6691    34.5364    34.6335    25.5707    25.6592     18.238     21.264      7.184      8.371 0.0000e+00
       6482    270.043    108.673 -106.76566   16.75896    108.000    15.1202    15.0842 4.2584e+04   4.264440     0.2092     0.0244    99.3908 1.7443e-01          0     0.6750     0.6936     0.0719     0.1146     4.6236     0.0000     0.4503     0.0000     0.6416     0.6594    34.5456    34.6324    25.5988    25.6737     18.041     20.628      7.093      8.109 0.0000e+00
       6526    271.895    109.679 -106.76566   16.75896    109.000    15.0801    15.0457 4.2551e+04   4.261031     0.2027     0.0242    99.3969 1.6121e-01          0     0.6543     0.6732     0.0712     0.1147     4.6239     0.0000     0.4288     0.0000     0.6331     0.6508    34.5504    34.6351    25.6113    25.6842     17.341     19.919      6.813      7.825 0.0000e+00
       6576    273.942    110.686 -106.76566   16.75895    110.000    15.0504    15.0170 4.2529e+04   4.259030     0.1949     0.0235    99.4139 1.5393e-01          0     0.6404     0.6580     0.0705     0.1147     4.6247     0.0000     0.4164     0.0000     0.6215     0.6401    34.5570    34.6419    25.6230    25.6958     14.923     17.762      5.860      6.974 0.0000e+00
       6651    277.065    111.692 -106.76564   16.75894    111.000    15.0061    14.9588 4.2500e+04   4.254946     0.2089     0.0234    99.4165 1.4064e-01          0     0.6247     0.6425     0.0719     0.1143     4.6249     0.0000     0.3929     0.0000     0.6130     0.6260    34.5688    34.6560    25.6418    25.7194     15.240     16.437      5.979      6.447 0.0000e+00
       6756    281.459    112.699 -106.76564   16.75894    112.000    14.9597    14.9130 4.2471e+04   4.252032     0.2802     0.0253    99.3690 1.3395e-01          0     0.6132     0.6233     0.0790     0.1147     4.6226     0.0000     0.3807     0.0000     0.5956     0.6103    34.5838    34.6697    25.6635    25.7400     11.091     13.866      4.348      5.434 0.0000e+00
       6791    282.924    113.706 -106.76564   16.75894    113.000    14.9425    14.9104 4.2465e+04   4.252416     0.1841     0.0237    99.4091 1.2756e-01          0     0.6094     0.6194     0.0694     0.1147     4.6245     0.0000     0.3686     0.0000     0.5832     0.6014    34.5930    34.6752    25.6745    25.7448      8.803     11.939      3.450      4.678 0.0000e+00
       6820    284.119    114.712 -106.76564   16.75894    114.000    14.9346    14.9006 4.2474e+04   4.253296     0.2008     0.0245    99.3887 1.2322e-01          0     0.6009     0.6145     0.0711     0.1148     4.6235     0.0000     0.3602     0.0000     0.5732     0.5923    34.6079    34.6915    25.6877    25.7596      7.449     10.457      2.919      4.097 0.0000e+00
       6845    285.172    115.718 -106.76564   16.75894    115.000    14.9114    14.8772 4.2461e+04   4.252037     0.2046     0.0236    99.4118 1.1386e-01          0     0.5944     0.6099     0.0714     0.1147     4.6246     0.0000     0.3415     0.0000     0.5631     0.5838    34.6161    34.7004    25.6991    25.7716      4.935      8.772      1.933      3.436 0.0000e+00
       6871    286.265    116.725 -106.76564   16.75894    116.000    14.8619    14.8259 4.2426e+04   4.248704     0.1969     0.0228    99.4307 1.0392e-01          0     0.5854     0.6034     0.0707     0.1145     4.6255     0.0000     0.3207     0.0000     0.5489     0.5720    34.6273    34.7153    25.7185    25.7942      2.936      6.437      1.149      2.519 0.0000e+00
       6956    289.803    117.731 -106.76564   16.75894    117.000    14.7984    14.7614 4.2380e+04   4.243604     0.1930     0.0238    99.4068 9.6239e-02          0     0.5555     0.5749     0.0703     0.1146     4.6244     0.0000     0.3038     0.0000     0.5455     0.5604    34.6419    34.7258    25.7436    25.8164      6.356      7.321      2.484      2.862 0.0000e+00
       7064    294.277    118.738 -106.76564   16.75894    118.000    14.7613    14.7172 4.2354e+04   4.241537     0.2069     0.0236    99.4112 8.4720e-02          0     0.5504     0.5598     0.0717     0.1137     4.6246     0.0000     0.2776     0.0000     0.5304     0.5499    34.6505    34.7459    25.7583    25.8415      0.800      3.799      0.312      1.484 0.0000e+00
       7095    295.585    119.745 -106.76564   16.75894    119.000    14.5936    14.5608 4.2236e+04   4.229659     0.2418     0.0266    99.3357 7.9921e-02          0     0.5521     0.5633     0.0752     0.1147     4.6211     0.0000     0.2661     0.0000     0.5199     0.5379    34.6911    34.7765    25.8259    25.8989      1.385      2.863      0.539      1.115 0.0000e+00
       7130    297.031    120.751 -106.76564   16.75894    120.000    14.5819    14.5488 4.2227e+04   4.228721     0.3359     0.0302    99.2469 7.2958e-02          0     0.5379     0.5562     0.0846     0.1147     4.6169     0.0000     0.2487     0.0000     0.5152     0.5316    34.6935    34.7782    25.8303    25.9028      1.685      2.754      0.656      1.072 0.0000e+00
       7166    298.541    121.758 -106.76564   16.75894    121.000    14.5685    14.5357 4.2217e+04   4.227593     0.3782     0.0307    99.2357 6.5527e-02          0     0.5239     0.5427     0.0888     0.1147     4.6164     0.0000     0.2295     0.0000     0.5125     0.5281    34.6954    34.7791    25.8347    25.9063      1.629      2.601      0.634      1.012 0.0000e+00
       7202    300.047    122.764 -106.76564   16.75894    122.000    14.5418    14.5084 4.2195e+04   4.225489     0.4029     0.0318    99.2073 6.3975e-02          0     0.5175     0.5343     0.0913     0.1147     4.6151     0.0000     0.2254     0.0000     0.5107     0.5258    34.6985    34.7838    25.8428    25.9159      1.725      2.421      0.671      0.942 0.0000e+00
       7250    302.052    123.771 -106.76564   16.75894    123.000    14.5075    14.4742 4.2165e+04   4.222427     0.4625     0.0349    99.1321 5.8709e-02          0     0.5136     0.5293     0.0973     0.1147     4.6116     0.0000     0.2111     0.0000     0.5098     0.5240    34.7017    34.7859    25.8527    25.9249      1.691      2.295      0.657      0.892 0.0000e+00
       7377    307.330    124.777 -106.76564   16.75894    124.000    14.4920    14.4620 4.2151e+04   4.221400     0.5714     0.0381    99.0525 4.9484e-02          0     0.5101     0.5235     0.1081     0.1147     4.6079     0.0000     0.1848     0.0000     0.5091     0.5225    34.7024    34.7870    25.8566    25.9283      1.698      2.270      0.660      0.882 0.0000e+00
       7430    309.525    125.784 -106.76564   16.75894    125.000    14.3203    14.2856 4.1997e+04   4.205930     0.5614     0.0395    99.0166 4.2444e-02          0     0.5104     0.5238     0.1071     0.1147     4.6062     0.0000     0.1638     0.0000     0.5084     0.5217    34.7134    34.8024    25.9018    25.9779      1.604      2.080      0.621      0.805 0.0000e+00
       7458    310.716    126.791 -106.76564   16.75894    126.000    14.2566    14.2223 4.1936e+04   4.199774     0.5166     0.0366    99.0878 3.7407e-02          0     0.5102     0.5237     0.1027     0.1147     4.6096     0.0000     0.1480     0.0000     0.5082     0.5217    34.7143    34.8020    25.9160    25.9911      1.591      2.149      0.616      0.831 0.0000e+00
       7488    311.941    127.797 -106.76565   16.75894    127.000    14.2208    14.1875 4.1904e+04   4.196388     0.4641     0.0341    99.1510 3.4254e-02          0     0.5096     0.5233     0.0974     0.1147     4.6125     0.0000     0.1379     0.0000     0.5082     0.5216    34.7159    34.8016    25.9249    25.9982      1.618      2.127      0.626      0.822 0.0000e+00
       7531    313.753    128.804 -106.76565   16.75894    128.000    14.1940    14.1615 4.1881e+04   4.194014     0.4614     0.0338    99.1592 2.7617e-02          0     0.5094     0.5227     0.0971     0.1148     4.6128     0.0000     0.1157     0.0000     0.5082     0.5212    34.7182    34.8026    25.9323    26.0045      1.595      2.036      0.616      0.786 0.0000e+00
       7586    316.055    129.810 -106.76564   16.75894    129.000    14.1459    14.1110 4.1838e+04   4.189632     0.5010     0.0347    99.1370 2.7134e-02          0     0.5092     0.5225     0.1011     0.1148     4.6118     0.0000     0.1139     0.0000     0.5079     0.5206    34.7217    34.8071    25.9453    26.0186      1.492      1.944      0.576      0.751 0.0000e+00
