data/ctd-cnv/KM1919/KM1919-St20-P2/St20_P2_cast52-align-cellTM-derive-bin.cnv
* Sea-Bird SBE 9 Data File:
* FileName = C:\Users\otg\Desktop\CTD Data\km1920\St20_P2_cast52.hex
* Software Version Seasave V 7.26.7.107
* Temperature SN = 5554
* Conductivity SN = 3876
* Number of Bytes Per Scan = 41
* Number of Voltage Words = 4
* Number of Scans Averaged by the Deck Unit = 1
* NMEA Latitude = 16 47.72 N
* NMEA Longitude = 106 52.21 W
* NMEA UTC (Time) = Oct 10 2019  23:58:30
* NMEA baud rate = 4800
** Ship: Kilo Moana
** Station: St20_P2 cast 52
** Operator: jac
# nquan = 34
# nvalues = 200                         
# units = specified
# name 0 = scan: Scan Count
# name 1 = timeS: Time, Elapsed [seconds]
# name 2 = prDM: Pressure, Digiquartz [db]
# name 3 = longitude: Longitude [deg]
# name 4 = latitude: Latitude [deg]
# name 5 = depSMignore: Depth [salt water, m]
# name 6 = t090C: Temperature [ITS-90, deg C]
# name 7 = t190C: Temperature, 2 [ITS-90, deg C]
# name 8 = c0uS/cm: Conductivity [uS/cm]
# name 9 = c1S/m: Conductivity, 2 [S/m]
# name 10 = flECO-AFL: Fluorescence, WET Labs ECO-AFL/FL [mg/m^3]
# name 11 = CStarAt0: Beam Attenuation, WET Labs C-Star [1/m]
# name 12 = CStarTr0: Beam Transmission, WET Labs C-Star [%]
# name 13 = par: PAR/Irradiance, Biospherical/Licor
# name 14 = modError: Modulo Error Count
# name 15 = v0: Voltage 0
# name 16 = v1: Voltage 1
# name 17 = v2: Voltage 2
# name 18 = v3: Voltage 3
# name 19 = v4: Voltage 4
# name 20 = v5: Voltage 5
# name 21 = v6: Voltage 6
# name 22 = v7: Voltage 7
# name 23 = sbeox0V: Oxygen raw, SBE 43 [V]
# name 24 = sbeox1V: Oxygen raw, SBE 43, 2 [V]
# name 25 = sal00: Salinity, Practical [PSU]
# name 26 = sal11: Salinity, Practical, 2 [PSU]
# name 27 = sigma-é00: Density [sigma-theta, kg/m^3]
# name 28 = sigma-é11: Density, 2 [sigma-theta, kg/m^3]
# name 29 = sbeox0Mm/L: Oxygen, SBE 43 [umol/l], WS = 2
# name 30 = sbeox1Mm/L: Oxygen, SBE 43, 2 [umol/l], WS = 2
# name 31 = sbeox0PS: Oxygen, SBE 43 [% saturation], WS = 2
# name 32 = sbeox1PS: Oxygen, SBE 43, 2 [% saturation], WS = 2
# name 33 = flag: flag
# span 0 =        666,      11770       
# span 1 =     27.726,    490.379       
# span 2 =      4.024,    204.313       
# span 3 = -106.87007, -106.86984       
# span 4 =   16.79553,   16.79577       
# span 5 =      4.000,    203.000       
# span 6 =    12.1185,    29.0616       
# span 7 =    12.0754,    29.0248       
# span 8 = 3.9963e+04, 5.6318e+04       
# span 9 =   4.000579,   5.639986       
# span 10 =     0.0643,     1.6613      
# span 11 =     0.0283,     0.1138      
# span 12 =    97.1960,    99.2941      
# span 13 = 7.2061e-04, 2.8830e+01      
# span 14 =          0,          0      
# span 15 =     0.5043,     2.5170      
# span 16 =     0.5160,     2.5048      
# span 17 =     0.0574,     0.2171      
# span 18 =     0.1130,     0.1179      
# span 19 =     4.5216,     4.6191      
# span 20 =     0.0000,     0.0000      
# span 21 =     0.0120,     2.4742      
# span 22 =     0.0000,     0.0000      
# span 23 =     0.5034,     2.5145      
# span 24 =     0.5153,     2.5032      
# span 25 =    34.1609,    34.7811      
# span 26 =    34.2415,    34.8720      
# span 27 =    21.4141,    26.3894      
# span 28 =    21.4867,    26.4610      
# span 29 =      0.978,    230.652      
# span 30 =      1.208,    241.161      
# span 31 =      0.365,    107.927      
# span 32 =      0.447,    113.299      
# span 33 = 0.0000e+00, 0.0000e+00      
# interval = meters: 1                  
# start_time = Oct 11 2019 00:09:56 [NMEA time, first data scan]
# bad_flag = -9.990e-29
*END*
[from data line 86]
       5515    229.759     90.557 -106.86998   16.79564     90.000    17.4377    17.4047 4.4725e+04   4.479519     0.4892     0.0497    98.7646 5.5724e-03          0     1.2507     1.2936     0.0999     0.1148     4.5945     0.0000     0.0326     0.0000     1.1827     1.2054    34.4384    34.5273    24.9823    25.0584     88.874     94.908     36.533     39.010 0.0000e+00
       5613    233.833     91.563 -106.86998   16.79564     91.000    17.4722    17.4420 4.4759e+04   4.482623     0.4996     0.0494    98.7730 4.2947e-03          0     1.1714     1.1909     0.1010     0.1142     4.5949     0.0000     0.0274     0.0000     1.1702     1.1868    34.4385    34.5220    24.9741    25.0454     85.686     93.167     35.246     38.321 0.0000e+00
       5656    235.626     92.570 -106.86998   16.79564     92.000    17.3313    17.2908 4.4634e+04   4.470173     0.5219     0.0483    98.8010 4.2075e-03          0     1.1812     1.1968     0.1032     0.1149     4.5962     0.0000     0.0270     0.0000     1.1214     1.1546    34.4496    34.5430    25.0166    25.0979     70.611     83.546     28.969     34.269 0.0000e+00
       5681    236.664     93.576 -106.86998   16.79564     93.000    17.1818    17.1361 4.4505e+04   4.457881     0.4719     0.0466    98.8408 4.0964e-03          0     1.1768     1.1932     0.0982     0.1144     4.5981     0.0000     0.0265     0.0000     1.0798     1.1171    34.4653    34.5685    25.0643    25.1544     66.438     77.470     27.182     31.688 0.0000e+00
       5711    237.931     94.583 -106.86998   16.79564     94.000    16.9521    16.9129 4.4298e+04   4.437162     0.4461     0.0441    98.9041 3.9144e-03          0     1.1565     1.1794     0.0956     0.1140     4.6010     0.0000     0.0257     0.0000     1.0491     1.0790    34.4815    34.5794    25.1313    25.2156     68.714     74.794     27.991     30.464 0.0000e+00
       5811    242.077     95.589 -106.86998   16.79564     95.000    16.9398    16.9433 4.4286e+04   4.437754     0.4277     0.0427    98.9381 3.8925e-03          0     1.0485     1.0749     0.0938     0.1148     4.6026     0.0000     0.0256     0.0000     1.0310     1.0559    34.4813    34.5580    25.1341    25.1921     66.850     75.813     27.224     30.891 0.0000e+00
       5881    245.018     96.595 -106.86998   16.79564     96.000    16.7249    16.6767 4.4084e+04   4.416834     0.4515     0.0427    98.9397 3.8925e-03          0     1.0468     1.0660     0.0962     0.1148     4.6027     0.0000     0.0256     0.0000     0.9270     0.9855    34.4887    34.6044    25.1902    25.2904     35.812     54.321     14.528     22.029 0.0000e+00
       5905    246.003     97.602 -106.86998   16.79564     97.000    16.5291    16.4916 4.3897e+04   4.397287     0.3489     0.0405    98.9924 3.8925e-03          0     1.0403     1.0707     0.0859     0.1147     4.6051     0.0000     0.0256     0.0000     0.8546     0.9199    34.4930    34.5923    25.2394    25.3244     27.220     43.259     10.998     17.477 0.0000e+00
       5929    246.995     98.609 -106.86998   16.79564     98.000    16.1197    16.0849 4.3491e+04   4.361647     0.3311     0.0397    99.0118 3.8812e-03          0     1.0073     1.0504     0.0841     0.1147     4.6060     0.0000     0.0256     0.0000     0.8040     0.8599    34.4880    34.6301    25.3297    25.4470     27.779     37.868     11.134     15.184 0.0000e+00
       5960    248.303     99.615 -106.86998   16.79564     99.000    15.6748    15.6376 4.3053e+04   4.313628     0.3158     0.0369    99.0820 3.8498e-03          0     0.9350     0.9912     0.0826     0.1147     4.6093     0.0000     0.0254     0.0000     0.7743     0.8137    34.4850    34.5921    25.4285    25.5192     33.352     37.921     13.250     15.068 0.0000e+00
       6085    253.490    100.621 -106.86998   16.79565    100.000    15.9117    15.8284 4.3282e+04   4.331402     0.3739     0.0355    99.1167 3.6062e-03          0     0.7650     0.8016     0.0884     0.1138     4.6109     0.0000     0.0244     0.0000     0.7586     0.7860    34.4823    34.5838    25.3728    25.4699     32.348     38.129     12.907     15.204 0.0000e+00
       6128    255.309    101.628 -106.86998   16.79566    101.000    15.5276    15.4902 4.2919e+04   4.299640     0.2906     0.0359    99.1060 3.6044e-03          0     0.7967     0.8229     0.0801     0.1130     4.6104     0.0000     0.0244     0.0000     0.7338     0.7649    34.4930    34.5953    25.4678    25.5549     26.941     32.433     10.675     12.850 0.0000e+00
       6152    256.310    102.634 -106.86998   16.79566    102.000    15.4626    15.4267 4.2861e+04   4.292922     0.2642     0.0352    99.1236 3.5927e-03          0     0.7911     0.8201     0.0774     0.1145     4.6112     0.0000     0.0244     0.0000     0.7210     0.7488    34.4967    34.5902    25.4852    25.5652     26.973     31.427     10.674     12.436 0.0000e+00
       6182    257.534    103.641 -106.86998   16.79566    103.000    15.4238    15.3897 4.2827e+04   4.289078     0.2428     0.0347    99.1367 3.5277e-03          0     0.7611     0.7946     0.0753     0.1136     4.6118     0.0000     0.0241     0.0000     0.7112     0.7350    34.4999    34.5877    25.4963    25.5715     27.296     30.709     10.794     12.142 0.0000e+00
       6246    260.225    104.647 -106.86998   16.79566    104.000    15.4081    15.3776 4.2816e+04   4.287963     0.2603     0.0330    99.1786 3.3528e-03          0     0.7229     0.7494     0.0770     0.1146     4.6138     0.0000     0.0234     0.0000     0.7032     0.7225    34.5033    34.5879    25.5024    25.5744     27.683     30.341     10.944     11.994 0.0000e+00
       6343    264.248    105.654 -106.86998   16.79566    105.000    15.4184    15.3767 4.2828e+04   4.288467     0.2818     0.0326    99.1893 3.3148e-03          0     0.7008     0.7187     0.0792     0.1131     4.6143     0.0000     0.0232     0.0000     0.6948     0.7125    34.5050    34.5929    25.5015    25.5785     25.317     28.749     10.011     11.365 0.0000e+00
       6369    265.333    106.660 -106.86998   16.79566    106.000    15.3777    15.3440 4.2795e+04   4.285504     0.2583     0.0327    99.1880 3.3161e-03          0     0.7017     0.7190     0.0768     0.1135     4.6142     0.0000     0.0232     0.0000     0.6867     0.7057    34.5103    34.5945    25.5147    25.5870     24.006     27.329      9.485     10.797 0.0000e+00
       6398    266.546    107.667 -106.86998   16.79566    107.000    15.3685    15.3352 4.2796e+04   4.285550     0.2269     0.0335    99.1677 3.3161e-03          0     0.7000     0.7168     0.0737     0.1137     4.6133     0.0000     0.0232     0.0000     0.6789     0.6984    34.5188    34.6023    25.5233    25.5950     22.727     26.165      8.978     10.335 0.0000e+00
       6455    268.924    108.673 -106.86998   16.79566    108.000    15.3264    15.2950 4.2764e+04   4.282537     0.2306     0.0326    99.1882 3.1737e-03          0     0.6867     0.7056     0.0741     0.1140     4.6142     0.0000     0.0226     0.0000     0.6651     0.6843    34.5266    34.6101    25.5387    25.6100     20.634     24.006      8.146      9.476 0.0000e+00
       6533    272.151    109.680 -106.86998   16.79566    109.000    15.2223    15.1735 4.2687e+04   4.273877     0.2611     0.0325    99.1926 2.7111e-03          0     0.6684     0.6873     0.0771     0.1139     4.6145     0.0000     0.0207     0.0000     0.6328     0.6550    34.5488    34.6386    25.5789    25.6588     14.423     18.510      5.683      7.290 0.0000e+00
       6566    273.532    110.686 -106.86998   16.79567    110.000    15.1522    15.1169 4.2635e+04   4.269728     0.2170     0.0315    99.2159 2.7430e-03          0     0.6598     0.6787     0.0727     0.1147     4.6155     0.0000     0.0208     0.0000     0.6187     0.6405    34.5633    34.6506    25.6055    25.6806     13.821     17.055      5.438      6.710 0.0000e+00
       6597    274.834    111.693 -106.86998   16.79568    111.000    15.1015    15.0674 4.2596e+04   4.265842     0.1855     0.0305    99.2399 2.7430e-03          0     0.6432     0.6651     0.0695     0.1142     4.6166     0.0000     0.0208     0.0000     0.6095     0.6297    34.5719    34.6588    25.6233    25.6978     13.338     16.036      5.243      6.303 0.0000e+00
       6630    276.224    112.699 -106.86998   16.79568    112.000    15.0609    15.0265 4.2564e+04   4.262488     0.1860     0.0310    99.2275 2.7430e-03          0     0.6273     0.6493     0.0696     0.1131     4.6160     0.0000     0.0208     0.0000     0.6020     0.6212    34.5782    34.6642    25.6371    25.7109     13.017     15.298      5.113      6.008 0.0000e+00
       6719    279.928    113.706 -106.86996   16.79568    113.000    15.0364    15.0116 4.2545e+04   4.261109     0.2008     0.0366    99.0896 2.7358e-03          0     0.6033     0.6221     0.0711     0.1141     4.6096     0.0000     0.0208     0.0000     0.5929     0.6114    34.5821    34.6645    25.6455    25.7145     11.715     14.367      4.599      5.641 0.0000e+00
       6795    283.101    114.712 -106.86996   16.79568    114.000    14.9388    14.8903 4.2471e+04   4.253170     0.2111     0.0294    99.2671 2.6616e-03          0     0.5966     0.6135     0.0721     0.1148     4.6179     0.0000     0.0204     0.0000     0.5672     0.5906    34.6012    34.6995    25.6816    25.7680      5.398      8.927      2.115      3.497 0.0000e+00
       6815    283.925    115.719 -106.86996   16.79568    115.000    14.7799    14.7408 4.2346e+04   4.241349     0.1666     0.0294    99.2682 2.5310e-03          0     0.5966     0.6143     0.0677     0.1147     4.6179     0.0000     0.0198     0.0000     0.5583     0.5809    34.6279    34.7243    25.7368    25.8196      5.068      8.205      1.980      3.205 0.0000e+00
       6837    284.813    116.725 -106.86996   16.79568    116.000    14.7043    14.6693 4.2276e+04   4.233941     0.1437     0.0284    99.2910 2.5353e-03          0     0.5902     0.6110     0.0654     0.1147     4.6190     0.0000     0.0199     0.0000     0.5507     0.5726    34.6304    34.7199    25.7551    25.8317      4.702      8.419      1.835      3.284 0.0000e+00
       6862    285.890    117.732 -106.86996   16.79568    117.000    14.6522    14.6189 4.2241e+04   4.230375     0.1373     0.0289    99.2811 2.4610e-03          0     0.5759     0.5993     0.0647     0.1137     4.6185     0.0000     0.0195     0.0000     0.5442     0.5680    34.6443    34.7318    25.7771    25.8518      4.999      6.425      1.948      2.504 0.0000e+00
       6947    289.418    118.738 -106.86996   16.79568    118.000    14.6641    14.6363 4.2252e+04   4.231444     0.1491     0.0303    99.2447 2.4498e-03          0     0.5468     0.5675     0.0659     0.1139     4.6168     0.0000     0.0195     0.0000     0.5397     0.5548    34.6436    34.7257    25.7740    25.8434      5.501      6.793      2.145      2.648 0.0000e+00
       7017    292.335    119.745 -106.86996   16.79568    119.000    14.6073    14.5782 4.2211e+04   4.227671     0.1516     0.0289    99.2796 2.3055e-03          0     0.5431     0.5576     0.0662     0.1136     4.6184     0.0000     0.0189     0.0000     0.5302     0.5487    34.6558    34.7426    25.7957    25.8690      3.001      4.999      1.169      1.947 0.0000e+00
       7055    293.913    120.751 -106.86996   16.79568    120.000    14.5684    14.5347 4.2185e+04   4.224503     0.1371     0.0292    99.2736 2.2270e-03          0     0.5395     0.5559     0.0647     0.1141     4.6182     0.0000     0.0185     0.0000     0.5243     0.5419    34.6666    34.7520    25.8124    25.8856      2.839      4.157      1.105      1.617 0.0000e+00
       7093    295.485    121.758 -106.86996   16.79568    121.000    14.5092    14.4739 4.2135e+04   4.219734     0.1290     0.0291    99.2752 2.1735e-03          0     0.5328     0.5511     0.0639     0.1132     4.6182     0.0000     0.0183     0.0000     0.5213     0.5379    34.6728    34.7622    25.8300    25.9066      2.891      4.014      1.124      1.560 0.0000e+00
       7131    297.069    122.765 -106.86996   16.79569    122.000    14.3981    14.3641 4.2036e+04   4.209773     0.1256     0.0288    99.2823 2.1730e-03          0     0.5264     0.5444     0.0636     0.1146     4.6186     0.0000     0.0183     0.0000     0.5195     0.5353    34.6809    34.7685    25.8600    25.9349      2.691      3.687      1.044      1.430 0.0000e+00
       7176    298.941    123.771 -106.86994   16.79570    123.000    14.3245    14.2896 4.1974e+04   4.203804     0.1343     0.0283    99.2941 2.1730e-03          0     0.5224     0.5389     0.0644     0.1147     4.6191     0.0000     0.0183     0.0000     0.5156     0.5311    34.6892    34.7799    25.8821    25.9596      1.723      2.916      0.668      1.129 0.0000e+00
       7229    301.181    124.778 -106.86994   16.79570    124.000    14.1223    14.0883 4.1808e+04   4.187256     0.1848     0.0353    99.1210 2.1730e-03          0     0.5194     0.5351     0.0695     0.1148     4.6111     0.0000     0.0183     0.0000     0.5114     0.5269    34.7172    34.8076    25.9466    26.0236      1.645      2.557      0.635      0.986 0.0000e+00
       7288    303.613    125.784 -106.86994   16.79570    125.000    14.0680    14.0337 4.1760e+04   4.181952     0.3060     0.0388    99.0352 2.1730e-03          0     0.5140     0.5296     0.0816     0.1147     4.6071     0.0000     0.0183     0.0000     0.5097     0.5244    34.7208    34.8073    25.9608    26.0349      1.662      2.336      0.641      0.900 0.0000e+00
       7348    306.139    126.791 -106.86994   16.79570    126.000    14.0075    13.9732 4.1708e+04   4.176763     0.3503     0.0403    98.9984 2.1674e-03          0     0.5112     0.5262     0.0860     0.1147     4.6054     0.0000     0.0183     0.0000     0.5086     0.5226    34.7272    34.8132    25.9785    26.0522      1.505      2.224      0.579      0.856 0.0000e+00
       7393    307.982    127.797 -106.86994   16.79570    127.000    13.9762    13.9423 4.1683e+04   4.174101     0.3758     0.0423    98.9482 2.1655e-03          0     0.5104     0.5247     0.0886     0.1147     4.6031     0.0000     0.0183     0.0000     0.5082     0.5222    34.7308    34.8160    25.9879    26.0609      1.623      2.153      0.624      0.828 0.0000e+00
       7424    309.288    128.804 -106.86994   16.79570    128.000    13.9445    13.9115 4.1655e+04   4.171531     0.3777     0.0422    98.9508 2.0577e-03          0     0.5098     0.5237     0.0887     0.1147     4.6032     0.0000     0.0178     0.0000     0.5082     0.5216    34.7335    34.8195    25.9967    26.0700      1.596      2.083      0.614      0.801 0.0000e+00
       7452    310.453    129.811 -106.86994   16.79570    129.000    13.9163    13.8829 4.1630e+04   4.168995     0.3813     0.0427    98.9382 1.9095e-03          0     0.5092     0.5234     0.0891     0.1147     4.6026     0.0000     0.0172     0.0000     0.5080     0.5213    34.7354    34.8213    26.0041    26.0774      1.547      2.106      0.595      0.809 0.0000e+00
       7491    312.083    130.817 -106.86994   16.79570    130.000    13.8828    13.8500 4.1601e+04   4.165957     0.3813     0.0423    98.9473 1.8905e-03          0     0.5092     0.5229     0.0891     0.1147     4.6030     0.0000     0.0171     0.0000     0.5074     0.5209    34.7376    34.8224    26.0127    26.0852      1.384      1.973      0.531      0.757 0.0000e+00
       7578    315.697    131.824 -106.86994   16.79570    131.000    13.8672    13.8352 4.1587e+04   4.164526     0.4150     0.0422    98.9506 1.8835e-03          0     0.5083     0.5219     0.0925     0.1147     4.6032     0.0000     0.0171     0.0000     0.5070     0.5206    34.7390    34.8220    26.0172    26.0880      1.471      2.004      0.565      0.769 0.0000e+00
