data/ctd-cnv/KM1919/KM1919-St20-P2/St20_P2_cast54-align-cellTM-derive-bin.cnv
* Sea-Bird SBE 9 Data File:
* FileName = C:\Users\otg\Desktop\CTD Data\km1920\St20_P2_cast54.hex
* Software Version Seasave V 7.26.7.107
* Temperature SN = 5554
* Conductivity SN = 3876
* Number of Bytes Per Scan = 41
* Number of Voltage Words = 4
* Number of Scans Averaged by the Deck Unit = 1
* NMEA Latitude = 16 48.63 N
* NMEA Longitude = 106 51.45 W
* NMEA UTC (Time) = Oct 11 2019  12:20:15
* NMEA baud rate = 4800
** Ship: Kilo Moana
** Station: St20_P2 cast 54
** Operator: gr
# nquan = 34
# nvalues = 320                         
# units = specified
# name 0 = scan: Scan Count
# name 1 = timeS: Time, Elapsed [seconds]
# name 2 = prDM: Pressure, Digiquartz [db]
# name 3 = longitude: Longitude [deg]
# name 4 = latitude: Latitude [deg]
# name 5 = depSMignore: Depth [salt water, m]
# name 6 = t090C: Temperature [ITS-90, deg C]
# name 7 = t190C: Temperature, 2 [ITS-90, deg C]
# name 8 = c0uS/cm: Conductivity [uS/cm]
# name 9 = c1S/m: Conductivity, 2 [S/m]
# name 10 = flECO-AFL: Fluorescence, WET Labs ECO-AFL/FL [mg/m^3]
# name 11 = CStarAt0: Beam Attenuation, WET Labs C-Star [1/m]
# name 12 = CStarTr0: Beam Transmission, WET Labs C-Star [%]
# name 13 = par: PAR/Irradiance, Biospherical/Licor
# name 14 = modError: Modulo Error Count
# name 15 = v0: Voltage 0
# name 16 = v1: Voltage 1
# name 17 = v2: Voltage 2
# name 18 = v3: Voltage 3
# name 19 = v4: Voltage 4
# name 20 = v5: Voltage 5
# name 21 = v6: Voltage 6
# name 22 = v7: Voltage 7
# name 23 = sbeox0V: Oxygen raw, SBE 43 [V]
# name 24 = sbeox1V: Oxygen raw, SBE 43, 2 [V]
# name 25 = sal00: Salinity, Practical [PSU]
# name 26 = sal11: Salinity, Practical, 2 [PSU]
# name 27 = sigma-é00: Density [sigma-theta, kg/m^3]
# name 28 = sigma-é11: Density, 2 [sigma-theta, kg/m^3]
# name 29 = sbeox0Mm/L: Oxygen, SBE 43 [umol/l], WS = 2
# name 30 = sbeox1Mm/L: Oxygen, SBE 43, 2 [umol/l], WS = 2
# name 31 = sbeox0PS: Oxygen, SBE 43 [% saturation], WS = 2
# name 32 = sbeox1PS: Oxygen, SBE 43, 2 [% saturation], WS = 2
# name 33 = flag: flag
# span 0 =       -152,      20628       
# span 1 =     -6.394,    859.443       
# span 2 =      2.012,    323.168       
# span 3 = -106.85742, -106.85720       
# span 4 =   16.81054,   16.81066       
# span 5 =      2.000,    321.000       
# span 6 =    10.5420,    29.0154       
# span 7 =    10.5103,    28.9762       
# span 8 = 3.8433e+04, 5.6362e+04       
# span 9 =   3.848247,   5.644126       
# span 10 =     0.0584,     1.4155      
# span 11 =     0.0344,     0.1107      
# span 12 =    97.2695,    99.1446      
# span 13 = -2.769e-06, 5.8637e+00      
# span 14 =          0,          0      
# span 15 =     0.5029,     2.4942      
# span 16 =     0.5139,     2.4729      
# span 17 =     0.0569,     0.1926      
# span 18 =     0.1122,     0.1165      
# span 19 =     4.5250,     4.6122      
# span 20 =     0.0000,     0.0000      
# span 21 =     0.0085,     1.7779      
# span 22 =     0.0000,     0.0000      
# span 23 =     0.5021,     2.4912      
# span 24 =     0.5132,     2.4695      
# span 25 =    34.2010,    34.7819      
# span 26 =    34.2842,    34.8778      
# span 27 =    21.4609,    26.6161      
# span 28 =    21.5372,    26.6840      
# span 29 =      0.813,    229.909      
# span 30 =      1.015,    240.728      
# span 31 =      0.292,    107.159      
# span 32 =      0.364,    111.360      
# span 33 = 0.0000e+00, 0.0000e+00      
# interval = meters: 1                  
# start_time = Oct 11 2019 12:24:15 [NMEA time, first data scan]
# bad_flag = -9.990e-29
*END*
[from data line 171]
      10338    430.699    174.106 -106.85724   16.81062    173.000    12.5526    12.5211 4.0379e+04   4.043566     0.0757     0.0528    98.6871 1.2626e-04          0     0.5054     0.5175     0.0586     0.1147     4.5909     0.0000     0.0093     0.0000     0.5045     0.5164    34.7784    34.8618    26.3146    26.3854      1.159      1.420      0.433      0.531 0.0000e+00
      10447    435.252    175.113 -106.85724   16.81062    174.000    12.5650    12.5353 4.0392e+04   4.044770     0.0802     0.0525    98.6953 9.6853e-05          0     0.5054     0.5173     0.0590     0.1146     4.5913     0.0000     0.0091     0.0000     0.5044     0.5162    34.7785    34.8598    26.3122    26.3811      1.133      1.415      0.423      0.529 0.0000e+00
      10527    438.567    176.119 -106.85724   16.81062    175.000    12.5509    12.5186 4.0379e+04   4.043391     0.0885     0.0528    98.6881 5.4421e-05          0     0.5054     0.5170     0.0598     0.1145     4.5910     0.0000     0.0088     0.0000     0.5044     0.5161    34.7788    34.8616    26.3153    26.3858      1.114      1.403      0.416      0.524 0.0000e+00
      10545    439.315    177.126 -106.85724   16.81062    176.000    12.5300    12.4980 4.0359e+04   4.041518     0.0876     0.0528    98.6882 9.0468e-05          0     0.5053     0.5174     0.0597     0.1147     4.5910     0.0000     0.0091     0.0000     0.5045     0.5163    34.7780    34.8622    26.3188    26.3904      1.133      1.381      0.423      0.516 0.0000e+00
      10562    440.023    178.133 -106.85724   16.81062    177.000    12.5161    12.4847 4.0346e+04   4.040151     0.0862     0.0519    98.7123 1.0721e-04          0     0.5054     0.5173     0.0596     0.1145     4.5921     0.0000     0.0092     0.0000     0.5043     0.5160    34.7778    34.8609    26.3213    26.3920      1.046      1.341      0.391      0.501 0.0000e+00
      10578    440.720    179.140 -106.85724   16.81062    178.000    12.5092    12.4785 4.0339e+04   4.039551     0.0765     0.0520    98.7100 7.3290e-05          0     0.5054     0.5173     0.0586     0.1144     4.5920     0.0000     0.0090     0.0000     0.5042     0.5161    34.7776    34.8604    26.3225    26.3928      1.123      1.396      0.419      0.521 0.0000e+00
      10599    441.589    180.147 -106.85724   16.81062    179.000    12.5012    12.4698 4.0332e+04   4.038704     0.0753     0.0519    98.7123 1.2324e-04          0     0.5054     0.5171     0.0585     0.1146     4.5921     0.0000     0.0093     0.0000     0.5043     0.5160    34.7773    34.8599    26.3239    26.3941      1.083      1.360      0.404      0.508 0.0000e+00
      10720    446.630    181.154 -106.85724   16.81064    180.000    12.5083    12.4751 4.0338e+04   4.039138     0.0803     0.0524    98.6988 1.9182e-05          0     0.5054     0.5169     0.0590     0.1145     4.5915     0.0000     0.0086     0.0000     0.5042     0.5160    34.7769    34.8587    26.3223    26.3922      1.080      1.402      0.403      0.524 0.0000e+00
      10786    449.390    182.161 -106.85724   16.81064    181.000    12.4891    12.4501 4.0321e+04   4.037416     0.0746     0.0519    98.7130 9.5848e-05          0     0.5054     0.5168     0.0585     0.1145     4.5921     0.0000     0.0091     0.0000     0.5045     0.5162    34.7771    34.8648    26.3262    26.4019      1.130      1.362      0.422      0.508 0.0000e+00
      10804    450.111    183.167 -106.85724   16.81064    182.000    12.4420    12.4093 4.0274e+04   4.033155     0.0654     0.0519    98.7131 6.4779e-05          0     0.5054     0.5169     0.0575     0.1145     4.5921     0.0000     0.0089     0.0000     0.5044     0.5158    34.7754    34.8612    26.3341    26.4070      1.091      1.237      0.407      0.461 0.0000e+00
      10827    451.082    184.174 -106.85724   16.81064    183.000    12.4121    12.3797 4.0245e+04   4.030207     0.0712     0.0518    98.7144 4.8487e-05          0     0.5053     0.5169     0.0581     0.1146     4.5922     0.0000     0.0088     0.0000     0.5041     0.5156    34.7749    34.8598    26.3395    26.4117      0.976      1.303      0.364      0.486 0.0000e+00
      10939    455.743    185.181 -106.85724   16.81064    184.000    12.4231    12.3866 4.0256e+04   4.030600     0.0684     0.0515    98.7219 7.0572e-05          0     0.5051     0.5167     0.0578     0.1145     4.5925     0.0000     0.0090     0.0000     0.5040     0.5158    34.7745    34.8567    26.3371    26.4080      1.104      1.353      0.411      0.504 0.0000e+00
      11020    459.134    186.188 -106.85724   16.81064    185.000    12.3233    12.2917 4.0158e+04   4.022090     0.0646     0.0522    98.7035 3.2340e-05          0     0.5051     0.5165     0.0575     0.1146     4.5917     0.0000     0.0087     0.0000     0.5045     0.5156    34.7720    34.8622    26.3545    26.4307      1.070      1.261      0.398      0.469 0.0000e+00
      11039    459.908    187.195 -106.85724   16.81064    186.000    12.2841    12.2514 4.0120e+04   4.017793     0.0763     0.0511    98.7313 7.6977e-05          0     0.5054     0.5167     0.0586     0.1144     4.5930     0.0000     0.0090     0.0000     0.5043     0.5156    34.7709    34.8576    26.3613    26.4349      1.023      1.349      0.380      0.501 0.0000e+00
      11059    460.747    188.202 -106.85724   16.81064    187.000    12.2523    12.2204 4.0090e+04   4.014659     0.0657     0.0498    98.7629 5.9737e-05          0     0.5054     0.5169     0.0576     0.1145     4.5944     0.0000     0.0089     0.0000     0.5040     0.5157    34.7710    34.8556    26.3675    26.4394      0.965      1.372      0.358      0.510 0.0000e+00
      11153    464.656    189.209 -106.85724   16.81064    188.000    12.2669    12.2359 4.0104e+04   4.015810     0.0633     0.0500    98.7568 5.8374e-05          0     0.5049     0.5165     0.0573     0.1135     4.5941     0.0000     0.0089     0.0000     0.5039     0.5155    34.7710    34.8519    26.3647    26.4335      1.103      1.308      0.410      0.486 0.0000e+00
      11212    467.146    190.216 -106.85724   16.81064    189.000    12.2512    12.2188 4.0091e+04   4.014463     0.0664     0.0500    98.7573 5.4168e-05          0     0.5048     0.5165     0.0576     0.1146     4.5942     0.0000     0.0088     0.0000     0.5040     0.5157    34.7724    34.8544    26.3689    26.4388      1.133      1.352      0.421      0.502 0.0000e+00
      11240    468.292    191.223 -106.85724   16.81064    190.000    12.2365    12.2055 4.0078e+04   4.013227     0.0624     0.0496    98.7667 8.9925e-05          0     0.5050     0.5165     0.0572     0.1145     4.5946     0.0000     0.0091     0.0000     0.5039     0.5156    34.7724    34.8543    26.3718    26.4414      0.986      1.293      0.366      0.480 0.0000e+00
      11276    469.799    192.229 -106.85724   16.81064    191.000    12.2261    12.1955 4.0068e+04   4.012315     0.0681     0.0496    98.7680 5.0834e-05          0     0.5048     0.5165     0.0578     0.1146     4.5946     0.0000     0.0088     0.0000     0.5036     0.5155    34.7722    34.8544    26.3736    26.4433      0.967      1.319      0.359      0.490 0.0000e+00
      11370    473.701    193.236 -106.85724   16.81064    192.000    12.2348    12.2032 4.0077e+04   4.013000     0.0673     0.0487    98.7917 6.2274e-05          0     0.5046     0.5164     0.0577     0.1145     4.5957     0.0000     0.0089     0.0000     0.5037     0.5155    34.7723    34.8534    26.3720    26.4411      1.069      1.314      0.397      0.488 0.0000e+00
      11419    475.752    194.243 -106.85724   16.81064    193.000    12.2158    12.1853 4.0059e+04   4.011407     0.0659     0.0494    98.7725 7.9541e-05          0     0.5047     0.5163     0.0576     0.1129     4.5949     0.0000     0.0090     0.0000     0.5036     0.5156    34.7727    34.8542    26.3761    26.4452      1.002      1.313      0.372      0.487 0.0000e+00
      11450    477.026    195.250 -106.85724   16.81064    194.000    12.2136    12.1830 4.0058e+04   4.011237     0.0631     0.0493    98.7751 7.7151e-05          0     0.5045     0.5164     0.0573     0.1145     4.5950     0.0000     0.0090     0.0000     0.5036     0.5154    34.7727    34.8542    26.3765    26.4457      1.022      1.322      0.379      0.491 0.0000e+00
      11481    478.326    196.257 -106.85724   16.81064    195.000    12.2070    12.1760 4.0052e+04   4.010639     0.0632     0.0482    98.8020 7.5585e-05          0     0.5045     0.5165     0.0573     0.1146     4.5962     0.0000     0.0090     0.0000     0.5036     0.5155    34.7725    34.8546    26.3777    26.4473      1.019      1.279      0.378      0.475 0.0000e+00
      11561    481.670    197.264 -106.85724   16.81064    196.000    12.2079    12.1777 4.0053e+04   4.010736     0.0692     0.0485    98.7963 1.0799e-05          0     0.5044     0.5164     0.0579     0.1146     4.5960     0.0000     0.0086     0.0000     0.5035     0.5154    34.7722    34.8535    26.3773    26.4462      1.015      1.307      0.377      0.485 0.0000e+00
      11626    484.359    198.271 -106.85724   16.81064    197.000    12.1995    12.1687 4.0045e+04   4.009982     0.0634     0.0491    98.7814 1.7429e-05          0     0.5045     0.5163     0.0573     0.1146     4.5953     0.0000     0.0086     0.0000     0.5034     0.5153    34.7723    34.8540    26.3790    26.4484      1.001      1.243      0.371      0.461 0.0000e+00
      11654    485.562    199.278 -106.85724   16.81064    198.000    12.1991    12.1686 4.0045e+04   4.009988     0.0627     0.0480    98.8073 2.7876e-05          0     0.5045     0.5163     0.0573     0.1146     4.5965     0.0000     0.0087     0.0000     0.5035     0.5153    34.7722    34.8537    26.3790    26.4482      1.016      1.315      0.377      0.488 0.0000e+00
      11684    486.803    200.285 -106.85724   16.81064    199.000    12.1993    12.1687 4.0046e+04   4.010036     0.0638     0.0486    98.7938 2.5523e-05          0     0.5044     0.5163     0.0574     0.1146     4.5958     0.0000     0.0087     0.0000     0.5034     0.5152    34.7728    34.8537    26.3795    26.4482      1.000      1.233      0.371      0.457 0.0000e+00
      11757    489.833    201.292 -106.85724   16.81064    200.000    12.1999    12.1694 4.0047e+04   4.010117     0.0714     0.0487    98.7900 3.2870e-05          0     0.5043     0.5161     0.0581     0.1146     4.5957     0.0000     0.0087     0.0000     0.5034     0.5152    34.7727    34.8535    26.3793    26.4479      1.004      1.279      0.373      0.474 0.0000e+00
      11831    492.923    202.299 -106.85724   16.81064    201.000    12.1985    12.1680 4.0046e+04   4.010083     0.0629     0.0485    98.7950 5.7612e-06          0     0.5043     0.5161     0.0573     0.1146     4.5959     0.0000     0.0085     0.0000     0.5035     0.5155    34.7728    34.8540    26.3796    26.4486      1.085      1.331      0.403      0.494 0.0000e+00
      11857    493.997    203.306 -106.85724   16.81064    202.000    12.1867    12.1547 4.0035e+04   4.008935     0.0634     0.0493    98.7734 2.4352e-05          0     0.5043     0.5163     0.0574     0.1147     4.5949     0.0000     0.0087     0.0000     0.5035     0.5151    34.7720    34.8547    26.3813    26.4517      1.001      1.210      0.371      0.449 0.0000e+00
      11885    495.186    204.313 -106.85724   16.81064    203.000    12.1421    12.1083 3.9991e+04   4.004719     0.0663     0.0476    98.8171 1.2400e-05          0     0.5043     0.5161     0.0576     0.1146     4.5970     0.0000     0.0086     0.0000     0.5036     0.5154    34.7701    34.8566    26.3885    26.4621      1.026      1.334      0.380      0.494 0.0000e+00
      11941    497.489    205.320 -106.85724   16.81064    204.000    12.0930    12.0497 3.9942e+04   3.998562     0.0690     0.0474    98.8213 2.2345e-05          0     0.5045     0.5162     0.0579     0.1146     4.5972     0.0000     0.0086     0.0000     0.5035     0.5152    34.7679    34.8510    26.3961    26.4690      1.008      1.259      0.373      0.466 0.0000e+00
      12018    500.718    206.327 -106.85724   16.81064    205.000    12.0286    11.9988 3.9879e+04   3.993475     0.0680     0.0475    98.8203 2.0546e-05          0     0.5044     0.5161     0.0578     0.1146     4.5971     0.0000     0.0086     0.0000     0.5034     0.5150    34.7660    34.8485    26.4070    26.4768      1.007      1.240      0.372      0.458 0.0000e+00
      12060    502.476    207.333 -106.85724   16.81064    206.000    12.0256    11.9947 3.9877e+04   3.993160     0.0628     0.0471    98.8302 2.1836e-05          0     0.5043     0.5161     0.0573     0.1145     4.5976     0.0000     0.0086     0.0000     0.5034     0.5154    34.7668    34.8488    26.4083    26.4778      1.023      1.372      0.378      0.507 0.0000e+00
      12086    503.523    208.341 -106.85724   16.81064    207.000    12.0102    11.9787 3.9862e+04   3.991764     0.0754     0.0467    98.8385 1.6152e-05          0     0.5043     0.5159     0.0585     0.1149     4.5980     0.0000     0.0086     0.0000     0.5034     0.5152    34.7665    34.8496    26.4110    26.4816      1.006      1.249      0.372      0.462 0.0000e+00
      12109    504.485    209.347 -106.85724   16.81064    208.000    11.9914    11.9594 3.9844e+04   3.989980     0.0641     0.0466    98.8411 8.9502e-06          0     0.5043     0.5158     0.0574     0.1148     4.5981     0.0000     0.0086     0.0000     0.5034     0.5153    34.7653    34.8498    26.4137    26.4854      1.010      1.290      0.373      0.476 0.0000e+00
      12134    505.550    210.354 -106.85724   16.81064    209.000    11.9476    11.9139 3.9800e+04   3.985615     0.0639     0.0459    98.8577 2.1630e-05          0     0.5043     0.5162     0.0574     0.1146     4.5988     0.0000     0.0086     0.0000     0.5034     0.5150    34.7634    34.8494    26.4205    26.4937      1.005      1.193      0.371      0.440 0.0000e+00
      12168    506.948    211.362 -106.85724   16.81064    210.000    11.9272    11.8954 3.9781e+04   3.983459     0.0630     0.0457    98.8646 1.0423e-05          0     0.5043     0.5162     0.0573     0.1145     4.5992     0.0000     0.0086     0.0000     0.5034     0.5151    34.7627    34.8452    26.4239    26.4940      1.007      1.271      0.371      0.469 0.0000e+00
      12212    508.774    212.368 -106.85724   16.81064    211.000    11.9128    11.8823 3.9766e+04   3.982135     0.0633     0.0454    98.8718 4.6927e-06          0     0.5043     0.5160     0.0573     0.1143     4.5995     0.0000     0.0085     0.0000     0.5034     0.5149    34.7618    34.8440    26.4259    26.4956      1.020      1.211      0.376      0.447 0.0000e+00
      12239    509.936    213.375 -106.85724   16.81064    212.000    11.9083    11.8779 3.9762e+04   3.981791     0.0633     0.0454    98.8720 -7.625e-08          0     0.5043     0.5159     0.0573     0.1147     4.5995     0.0000     0.0085     0.0000     0.5035     0.5150    34.7617    34.8444    26.4267    26.4967      1.014      1.248      0.374      0.460 0.0000e+00
      12258    510.722    214.382 -106.85724   16.81064    213.000    11.9009    11.8706 3.9755e+04   3.981025     0.0631     0.0457    98.8634 1.3279e-05          0     0.5043     0.5158     0.0573     0.1146     4.5991     0.0000     0.0086     0.0000     0.5034     0.5149    34.7612    34.8432    26.4278    26.4973      0.991      1.201      0.366      0.443 0.0000e+00
      12274    511.389    215.390 -106.85724   16.81064    214.000    11.8974    11.8654 3.9753e+04   3.980627     0.0632     0.0455    98.8690 2.4154e-05          0     0.5043     0.5161     0.0573     0.1146     4.5994     0.0000     0.0087     0.0000     0.5034     0.5149    34.7617    34.8438    26.4288    26.4987      1.011      1.251      0.373      0.461 0.0000e+00
