data/ctd-cnv/KM1919/KM1919-St20-P2/St20_P2_cast28-align-cellTM-derive-bin.cnv
* Sea-Bird SBE 9 Data File:
* FileName = C:\Users\otg\Desktop\CTD Data\km1920\St20_P2_cast28.hex
* Software Version Seasave V 7.26.7.107
* Temperature SN = 5554
* Conductivity SN = 3876
* Number of Bytes Per Scan = 41
* Number of Voltage Words = 4
* Number of Scans Averaged by the Deck Unit = 1
* NMEA Latitude = 16 47.77 N
* NMEA Longitude = 106 53.66 W
* NMEA UTC (Time) = Oct 04 2019  10:57:58
* NMEA baud rate = 4800
** Ship: Kilo Moana
** Station: St20_P2cast 28
** Operator: gr
# nquan = 34
# nvalues = 321                         
# units = specified
# name 0 = scan: Scan Count
# name 1 = timeS: Time, Elapsed [seconds]
# name 2 = prDM: Pressure, Digiquartz [db]
# name 3 = longitude: Longitude [deg]
# name 4 = latitude: Latitude [deg]
# name 5 = depSM: Depth [salt water, m]
# name 6 = t090C: Temperature [ITS-90, deg C]
# name 7 = t190C: Temperature, 2 [ITS-90, deg C]
# name 8 = c0uS/cm: Conductivity [uS/cm]
# name 9 = c1S/m: Conductivity, 2 [S/m]
# name 10 = flECO-AFL: Fluorescence, WET Labs ECO-AFL/FL [mg/m^3]
# name 11 = CStarAt0: Beam Attenuation, WET Labs C-Star [1/m]
# name 12 = CStarTr0: Beam Transmission, WET Labs C-Star [%]
# name 13 = par: PAR/Irradiance, Biospherical/Licor
# name 14 = modError: Modulo Error Count
# name 15 = v0: Voltage 0
# name 16 = v1: Voltage 1
# name 17 = v2: Voltage 2
# name 18 = v3: Voltage 3
# name 19 = v4: Voltage 4
# name 20 = v5: Voltage 5
# name 21 = v6: Voltage 6
# name 22 = v7: Voltage 7
# name 23 = sbeox0V: Oxygen raw, SBE 43 [V]
# name 24 = sbeox1V: Oxygen raw, SBE 43, 2 [V]
# name 25 = sal00: Salinity, Practical [PSU]
# name 26 = sal11: Salinity, Practical, 2 [PSU]
# name 27 = sigma-é00: Density [sigma-theta, kg/m^3]
# name 28 = sigma-é11: Density, 2 [sigma-theta, kg/m^3]
# name 29 = sbeox0Mm/L: Oxygen, SBE 43 [umol/l], WS = 2
# name 30 = sbeox1Mm/L: Oxygen, SBE 43, 2 [umol/l], WS = 2
# name 31 = sbeox0PS: Oxygen, SBE 43 [% saturation], WS = 2
# name 32 = sbeox1PS: Oxygen, SBE 43, 2 [% saturation], WS = 2
# name 33 = flag: flag
# span 0 =       -315,      18443       
# span 1 =    -13.167,    768.417       
# span 2 =      1.006,    323.168       
# span 3 = -106.89445, -106.89434       
# span 4 =   16.79594,   16.79616       
# span 5 =      1.000,    321.000       
# span 6 =    10.7983,    29.3954       
# span 7 =    10.7682,    29.3469       
# span 8 = 3.8691e+04, 5.7080e+04       
# span 9 =   3.874137,   5.715730       
# span 10 =     0.0614,     1.3955      
# span 11 =     0.0147,     0.1014      
# span 12 =    97.4966,    99.6333      
# span 13 = 1.0000e-12, 5.0478e+00      
# span 14 =          0,          0      
# span 15 =     0.5033,     2.4917      
# span 16 =     0.5135,     2.4745      
# span 17 =     0.0572,     0.1906      
# span 18 =     0.1144,     0.1175      
# span 19 =     4.5355,     4.6349      
# span 20 =     0.0000,     0.0000      
# span 21 =     0.0074,     1.7047      
# span 22 =     0.0000,     0.0000      
# span 23 =     0.5027,     2.4849      
# span 24 =     0.5130,     2.4624      
# span 25 =    34.3721,    34.7839      
# span 26 =    34.4587,    34.8689      
# span 27 =    21.6021,    26.5836      
# span 28 =    21.6806,    26.6502      
# span 29 =      0.848,    223.516      
# span 30 =      0.894,    234.134      
# span 31 =      0.306,    106.117      
# span 32 =      0.322,    111.050      
# span 33 = 0.0000e+00, 0.0000e+00      
# interval = meters: 1                  
# start_time = Oct 04 2019 11:01:37 [NMEA time, first data scan]
# bad_flag = -9.990e-29
*END*
[from data line 86]
       6076    253.137     87.538 -106.89438   16.79612     87.000    17.6788    17.6428 4.5009e+04   4.508205     0.4778     0.0365    99.0906 1.0000e-12          0     1.0014     1.0214     0.0988     0.1162     4.6097     0.0000     0.0083     0.0000     0.9531     0.9778    34.4790    34.5727    24.9550    25.0356     55.300     61.838     22.843     25.540 0.0000e+00
       6114    254.701     88.544 -106.89438   16.79612     88.000    17.4343    17.3723 4.4767e+04   4.482653     0.4936     0.0341    99.1521 1.0000e-12          0     0.9804     1.0035     0.1003     0.1149     4.6125     0.0000     0.0084     0.0000     0.9366     0.9526    34.4784    34.5828    25.0137    25.1086     55.580     59.118     22.851     24.293 0.0000e+00
       6202    258.386     89.550 -106.89438   16.79612     89.000    17.2940    17.2252 4.4634e+04   4.466664     0.5058     0.0323    99.1964 1.0000e-12          0     0.9336     0.9509     0.1016     0.1148     4.6146     0.0000     0.0085     0.0000     0.8885     0.9146    34.4825    34.5699    25.0505    25.1340     45.300     53.483     18.577     21.914 0.0000e+00
       6239    259.935     90.557 -106.89438   16.79612     90.000    16.9400    16.9032 4.4296e+04   4.438103     0.4252     0.0316    99.2135 1.0000e-12          0     0.9238     0.9383     0.0936     0.1148     4.6154     0.0000     0.0084     0.0000     0.8601     0.8855    34.4921    34.5975    25.1421    25.2317     44.437     49.927     18.099     20.334 0.0000e+00
       6268    261.133     91.563 -106.89438   16.79612     91.000    16.5886    16.5483 4.3929e+04   4.401110     0.3814     0.0303    99.2462 1.0000e-12          0     0.9005     0.9260     0.0891     0.1148     4.6169     0.0000     0.0084     0.0000     0.8475     0.8711    34.4722    34.5792    25.2093    25.3009     44.331     49.019     17.931     19.826 0.0000e+00
       6303    262.601     92.570 -106.89438   16.79612     92.000    16.4537    16.4164 4.3796e+04   4.386474     0.3752     0.0290    99.2778 1.0000e-12          0     0.8731     0.8996     0.0885     0.1148     4.6184     0.0000     0.0084     0.0000     0.8407     0.8595    34.4714    34.5642    25.2401    25.3200     45.610     48.618     18.401     19.611 0.0000e+00
       6447    268.581     93.576 -106.89438   16.79612     93.000    16.4509    16.4106 4.3803e+04   4.385892     0.3594     0.0283    99.2960 1.0000e-12          0     0.8426     0.8566     0.0870     0.1147     4.6192     0.0000     0.0084     0.0000     0.8133     0.8364    34.4795    34.5636    25.2470    25.3209     37.345     43.643     15.070     17.603 0.0000e+00
       6498    270.695     94.583 -106.89438   16.79612     94.000    16.3033    16.2630 4.3670e+04   4.375287     0.3207     0.0274    99.3181 1.0000e-12          0     0.8454     0.8593     0.0830     0.1148     4.6203     0.0000     0.0084     0.0000     0.7751     0.8066    34.4890    34.5976    25.2884    25.3812     30.719     37.117     12.358     14.931 0.0000e+00
       6518    271.544     95.589 -106.89438   16.79612     95.000    15.9198    15.8734 4.3293e+04   4.337900     0.3103     0.0267    99.3350 1.0000e-12          0     0.8371     0.8555     0.0820     0.1146     4.6211     0.0000     0.0084     0.0000     0.7622     0.7898    34.4870    34.6045    25.3746    25.4755     31.548     36.350     12.597     14.512 0.0000e+00
       6541    272.479     96.595 -106.89438   16.79612     96.000    15.6556    15.6079 4.3030e+04   4.312043     0.2921     0.0232    99.4215 1.0000e-12          0     0.8209     0.8456     0.0802     0.1146     4.6251     0.0000     0.0085     0.0000     0.7521     0.7769    34.4826    34.6053    25.4308    25.5361     31.865     35.766     12.657     14.205 0.0000e+00
       6637    276.482     97.602 -106.89438   16.79612     97.000    15.5703    15.5913 4.2944e+04   4.306069     0.2958     0.0217    99.4579 1.0000e-12          0     0.7591     0.7816     0.0806     0.1146     4.6268     0.0000     0.0084     0.0000     0.7435     0.7612    34.4796    34.5657    25.4476    25.5090     32.580     35.912     12.918     14.254 0.0000e+00
       6743    280.907     98.608 -106.89438   16.79612     98.000    15.3339    15.4372 4.2729e+04   4.293027     0.2419     0.0212    99.4705 1.0000e-12          0     0.7500     0.7624     0.0752     0.1147     4.6274     0.0000     0.0084     0.0000     0.7108     0.7411    34.4931    34.5835    25.5109    25.5576     23.217     30.034      9.164     11.886 0.0000e+00
       6776    282.282     99.615 -106.89438   16.79612     99.000    15.2550    15.2250 4.2671e+04   4.274032     0.2287     0.0229    99.4289 1.0000e-12          0     0.7388     0.7602     0.0739     0.1148     4.6254     0.0000     0.0084     0.0000     0.6836     0.7141    34.5093    34.5985    25.5408    25.6162     19.868     25.274      7.831      9.962 0.0000e+00
       6825    284.325    100.621 -106.89438   16.79612    100.000    15.1611    15.1257 4.2611e+04   4.267510     0.2339     0.0193    99.5190 1.0000e-12          0     0.7112     0.7412     0.0744     0.1146     4.6296     0.0000     0.0084     0.0000     0.6612     0.6843    34.5374    34.6268    25.5832    25.6599     20.073     23.181      7.899      9.120 0.0000e+00
       6876    286.465    101.628 -106.89438   16.79612    101.000    15.0358    15.0018 4.2492e+04   4.255469     0.2740     0.0187    99.5339 1.0000e-12          0     0.6745     0.7026     0.0784     0.1146     4.6303     0.0000     0.0085     0.0000     0.6456     0.6675    34.5397    34.6267    25.6126    25.6870     16.843     21.138      6.611      8.296 0.0000e+00
       6919    288.264    102.634 -106.89438   16.79612    102.000    15.0274    14.9949 4.2505e+04   4.256141     0.1953     0.0198    99.5079 1.0000e-12          0     0.6591     0.6810     0.0705     0.1148     4.6291     0.0000     0.0083     0.0000     0.6212     0.6466    34.5583    34.6385    25.6288    25.6977     11.936     16.758      4.685      6.576 0.0000e+00
       6967    290.265    103.641 -106.89438   16.79612    103.000    15.0630    15.0315 4.2572e+04   4.263004     0.1960     0.0180    99.5521 1.0000e-12          0     0.6424     0.6651     0.0706     0.1148     4.6312     0.0000     0.0084     0.0000     0.5990     0.6198    34.5876    34.6681    25.6436    25.7126     11.689     13.620      4.592      5.350 0.0000e+00
       7085    295.169    104.647 -106.89438   16.79610    104.000    15.0810    15.0533 4.2595e+04   4.266514     0.1906     0.0169    99.5784 1.0000e-12          0     0.5899     0.6076     0.0701     0.1145     4.6324     0.0000     0.0084     0.0000     0.5860     0.5956    34.5920    34.6802    25.6430    25.7172     11.701     12.776      4.598      5.021 0.0000e+00
       7139    297.435    105.654 -106.89438   16.79610    105.000    15.0684    15.0368 4.2592e+04   4.264991     0.1813     0.0179    99.5534 1.0000e-12          0     0.5916     0.6020     0.0691     0.1146     4.6312     0.0000     0.0084     0.0000     0.5742     0.5912    34.5998    34.6806    25.6519    25.7211      8.477     11.082      3.331      4.354 0.0000e+00
       7170    298.724    106.660 -106.89438   16.79610    106.000    15.0843    15.0512 4.2617e+04   4.267254     0.1831     0.0169    99.5793 1.0000e-12          0     0.5863     0.5988     0.0693     0.1147     4.6324     0.0000     0.0085     0.0000     0.5656     0.5840    34.6084    34.6881    25.6551    25.7238      7.022      9.606      2.760      3.775 0.0000e+00
       7197    299.850    107.667 -106.89438   16.79610    107.000    15.0934    15.0599 4.2635e+04   4.269032     0.1827     0.0178    99.5576 1.0000e-12          0     0.5811     0.5961     0.0693     0.1144     4.6314     0.0000     0.0084     0.0000     0.5575     0.5768    34.6160    34.6961    25.6590    25.7281      5.554      8.365      2.183      3.288 0.0000e+00
       7224    300.966    108.673 -106.89438   16.79610    108.000    15.0395    15.0039 4.2594e+04   4.265582     0.1692     0.0182    99.5457 1.0000e-12          0     0.5749     0.5920     0.0679     0.1145     4.6309     0.0000     0.0085     0.0000     0.5482     0.5684    34.6260    34.7140    25.6785    25.7542      4.238      6.878      1.664      2.701 0.0000e+00
       7329    305.324    109.680 -106.89438   16.79609    109.000    14.9736    14.9689 4.2537e+04   4.262017     0.1807     0.0175    99.5641 1.0000e-12          0     0.5507     0.5677     0.0691     0.1147     4.6317     0.0000     0.0084     0.0000     0.5434     0.5601    34.6327    34.7123    25.6981    25.7605      6.217      7.547      2.438      2.962 0.0000e+00
       7442    310.028    110.686 -106.89438   16.79608    110.000    14.7808    14.8171 4.2368e+04   4.249411     0.1563     0.0168    99.5818 1.0000e-12          0     0.5498     0.5639     0.0666     0.1145     4.6325     0.0000     0.0082     0.0000     0.5390     0.5564    34.6486    34.7320    25.7524    25.8089      6.738      6.942      2.633      2.716 0.0000e+00
       7461    310.835    111.693 -106.89438   16.79608    111.000    14.7217    14.6973 4.2306e+04   4.239332     0.1384     0.0160    99.6003 1.0000e-12          0     0.5445     0.5646     0.0648     0.1145     4.6334     0.0000     0.0084     0.0000     0.5427     0.5568    34.6445    34.7463    25.7621    25.8459      7.964      7.767      3.109      3.032 0.0000e+00
       7482    311.689    112.699 -106.89438   16.79608    112.000    14.6298    14.5935 4.2211e+04   4.227605     0.1371     0.0156    99.6096 1.0000e-12          0     0.5405     0.5620     0.0647     0.1146     4.6338     0.0000     0.0084     0.0000     0.5465     0.5592    34.6386    34.7311    25.7773    25.8566      8.068      8.386      3.143      3.266 0.0000e+00
       7503    312.570    113.705 -106.89438   16.79608    113.000    14.5110    14.4724 4.2092e+04   4.215916     0.1340     0.0157    99.6070 1.0000e-12          0     0.5392     0.5588     0.0644     0.1148     4.6337     0.0000     0.0085     0.0000     0.5475     0.5612    34.6350    34.7316    25.8001    25.8830      7.335      8.324      2.851      3.234 0.0000e+00
       7533    313.816    114.712 -106.89438   16.79608    114.000    14.4201    14.3846 4.2008e+04   4.207027     0.1358     0.0157    99.6076 1.0000e-12          0     0.5419     0.5577     0.0646     0.1148     4.6337     0.0000     0.0084     0.0000     0.5474     0.5610    34.6392    34.7280    25.8228    25.8990      7.153      7.948      2.775      3.083 0.0000e+00
       7702    320.896    115.718 -106.89438   16.79607    115.000    14.5738    14.5477 4.2157e+04   4.221366     0.1596     0.0149    99.6291 1.0000e-12          0     0.5500     0.5636     0.0670     0.1146     4.6347     0.0000     0.0085     0.0000     0.5430     0.5588    34.6384    34.7135    25.7894    25.8529      5.625      7.243      2.190      2.818 0.0000e+00
       7759    323.271    116.725 -106.89438   16.79606    116.000    14.3228    14.3001 4.1949e+04   4.202531     0.1366     0.0151    99.6236 1.0000e-12          0     0.5448     0.5600     0.0646     0.1148     4.6345     0.0000     0.0085     0.0000     0.5322     0.5492    34.6706    34.7616    25.8680    25.9430      3.325      4.906      1.288      1.900 0.0000e+00
       7783    324.266    117.732 -106.89438   16.79606    117.000    14.3202    14.2877 4.1954e+04   4.201271     0.1460     0.0147    99.6333 1.0000e-12          0     0.5450     0.5593     0.0656     0.1148     4.6349     0.0000     0.0084     0.0000     0.5284     0.5448    34.6773    34.7607    25.8737    25.9449      3.054      4.435      1.183      1.717 0.0000e+00
       7805    325.170    118.738 -106.89438   16.79606    118.000    14.3056    14.2716 4.1943e+04   4.200153     0.1646     0.0156    99.6107 1.0000e-12          0     0.5411     0.5577     0.0675     0.1147     4.6339     0.0000     0.0084     0.0000     0.5252     0.5411    34.6796    34.7644    25.8786    25.9513      2.697      3.983      1.044      1.542 0.0000e+00
       7828    326.106    119.745 -106.89438   16.79606    119.000    14.2438    14.2088 4.1892e+04   4.195308     0.1355     0.0156    99.6103 1.0000e-12          0     0.5362     0.5536     0.0645     0.1144     4.6338     0.0000     0.0083     0.0000     0.5222     0.5378    34.6873    34.7757    25.8977    25.9733      2.559      3.715      0.990      1.437 0.0000e+00
       7858    327.392    120.751 -106.89438   16.79606    120.000    14.1910    14.1578 4.1850e+04   4.190942     0.1381     0.0149    99.6277 1.0000e-12          0     0.5307     0.5472     0.0648     0.1148     4.6346     0.0000     0.0084     0.0000     0.5199     0.5344    34.6957    34.7808    25.9153    25.9881      2.843      3.477      1.098      1.343 0.0000e+00
       8015    333.932    121.758 -106.89438   16.79606    121.000    14.2082    14.1866 4.1867e+04   4.193153     0.1380     0.0162    99.5952 1.0000e-12          0     0.5221     0.5354     0.0648     0.1148     4.6332     0.0000     0.0084     0.0000     0.5172     0.5322    34.6952    34.7749    25.9113    25.9775      2.172      3.277      0.839      1.266 0.0000e+00
       8078    336.555    122.764 -106.89438   16.79606    122.000    14.0472    14.0259 4.1740e+04   4.182502     0.1356     0.0171    99.5732 1.0000e-12          0     0.5238     0.5370     0.0646     0.1145     4.6321     0.0000     0.0084     0.0000     0.5125     0.5281    34.7227    34.8206    25.9666    26.0467      1.298      2.216      0.500      0.854 0.0000e+00
       8103    337.591    123.771 -106.89438   16.79608    123.000    13.9210    13.8875 4.1633e+04   4.169628     0.2170     0.0235    99.4139 1.0000e-12          0     0.5213     0.5363     0.0727     0.1148     4.6247     0.0000     0.0085     0.0000     0.5107     0.5253    34.7364    34.8256    26.0036    26.0796      1.461      2.124      0.562      0.816 0.0000e+00
       8131    338.767    124.778 -106.89438   16.79608    124.000    13.8592    13.8250 4.1579e+04   4.163928     0.3620     0.0273    99.3194 1.0000e-12          0     0.5171     0.5333     0.0872     0.1148     4.6203     0.0000     0.0085     0.0000     0.5095     0.5233    34.7410    34.8286    26.0201    26.0950      1.535      2.075      0.589      0.796 0.0000e+00
       8175    340.603    125.784 -106.89438   16.79608    125.000    13.7392    13.7022 4.1472e+04   4.153027     0.4216     0.0295    99.2640 1.0000e-12          0     0.5125     0.5276     0.0931     0.1148     4.6177     0.0000     0.0085     0.0000     0.5085     0.5217    34.7499    34.8378    26.0520    26.1276      1.552      1.986      0.595      0.760 0.0000e+00
       8259    344.074    126.791 -106.89438   16.79606    126.000    13.7056    13.6488 4.1442e+04   4.147703     0.4348     0.0308    99.2329 1.0000e-12          0     0.5095     0.5227     0.0945     0.1148     4.6163     0.0000     0.0084     0.0000     0.5078     0.5203    34.7519    34.8359    26.0605    26.1373      1.485      1.929      0.568      0.738 0.0000e+00
       8384    349.275    127.797 -106.89440   16.79606    127.000    13.6678    13.6275 4.1410e+04   4.145812     0.4327     0.0311    99.2257 1.0000e-12          0     0.5083     0.5207     0.0943     0.1148     4.6160     0.0000     0.0084     0.0000     0.5070     0.5193    34.7551    34.8372    26.0708    26.1426      1.487      1.810      0.569      0.692 0.0000e+00
       8424    350.966    128.804 -106.89440   16.79606    128.000    13.6485    13.6168 4.1392e+04   4.144838     0.4248     0.0315    99.2160 1.0000e-12          0     0.5080     0.5203     0.0935     0.1148     4.6155     0.0000     0.0083     0.0000     0.5071     0.5193    34.7560    34.8374    26.0755    26.1450      1.492      1.820      0.570      0.696 0.0000e+00
