data/ctd-cnv/KM1919/KM1919-St20-P2/St20_P2_cast30-align-cellTM-derive-bin.cnv
* Sea-Bird SBE 9 Data File:
* FileName = C:\Users\otg\Desktop\CTD Data\km1920\St20_P2_cast30.hex
* Software Version Seasave V 7.26.7.107
* Temperature SN = 5554
* Conductivity SN = 3876
* Number of Bytes Per Scan = 41
* Number of Voltage Words = 4
* Number of Scans Averaged by the Deck Unit = 1
* NMEA Latitude = 16 46.65 N
* NMEA Longitude = 106 52.11 W
* NMEA UTC (Time) = Oct 05 2019  08:36:20
* NMEA baud rate = 4800
** Ship: Kilo Moana
** Station: St20_P2cast 30
** Operator: rk
** for McLane Pumps
# nquan = 34
# nvalues = 1004                        
# units = specified
# name 0 = scan: Scan Count
# name 1 = timeS: Time, Elapsed [seconds]
# name 2 = prDM: Pressure, Digiquartz [db]
# name 3 = longitude: Longitude [deg]
# name 4 = latitude: Latitude [deg]
# name 5 = depSM: Depth [salt water, m]
# name 6 = t090C: Temperature [ITS-90, deg C]
# name 7 = t190C: Temperature, 2 [ITS-90, deg C]
# name 8 = c0uS/cm: Conductivity [uS/cm]
# name 9 = c1S/m: Conductivity, 2 [S/m]
# name 10 = flECO-AFL: Fluorescence, WET Labs ECO-AFL/FL [mg/m^3]
# name 11 = CStarAt0: Beam Attenuation, WET Labs C-Star [1/m]
# name 12 = CStarTr0: Beam Transmission, WET Labs C-Star [%]
# name 13 = par: PAR/Irradiance, Biospherical/Licor
# name 14 = modError: Modulo Error Count
# name 15 = v0: Voltage 0
# name 16 = v1: Voltage 1
# name 17 = v2: Voltage 2
# name 18 = v3: Voltage 3
# name 19 = v4: Voltage 4
# name 20 = v5: Voltage 5
# name 21 = v6: Voltage 6
# name 22 = v7: Voltage 7
# name 23 = sbeox0V: Oxygen raw, SBE 43 [V]
# name 24 = sbeox1V: Oxygen raw, SBE 43, 2 [V]
# name 25 = sal00: Salinity, Practical [PSU]
# name 26 = sal11: Salinity, Practical, 2 [PSU]
# name 27 = sigma-é00: Density [sigma-theta, kg/m^3]
# name 28 = sigma-é11: Density, 2 [sigma-theta, kg/m^3]
# name 29 = sbeox0Mm/L: Oxygen, SBE 43 [umol/l], WS = 2
# name 30 = sbeox1Mm/L: Oxygen, SBE 43, 2 [umol/l], WS = 2
# name 31 = sbeox0PS: Oxygen, SBE 43 [% saturation], WS = 2
# name 32 = sbeox1PS: Oxygen, SBE 43, 2 [% saturation], WS = 2
# name 33 = flag: flag
# span 0 =         35,     304398       
# span 1 =      1.432,  12683.217       
# span 2 =     15.090,   1026.605       
# span 3 = -106.86842, -106.86752       
# span 4 =   16.77526,   16.77751       
# span 5 =     15.000,   1018.000       
# span 6 =     4.3378,    29.3670       
# span 7 =     4.3135,    29.3254       
# span 8 = 3.2936e+04, 5.7119e+04       
# span 9 =   3.298006,   5.719802       
# span 10 =     0.0485,     1.5638      
# span 11 =     0.0008,     0.1015      
# span 12 =    97.4952,    99.9788      
# span 13 = -4.784e-05, 3.8622e-01      
# span 14 =          0,          0      
# span 15 =     0.5026,     2.4914      
# span 16 =     0.5125,     2.4746      
# span 17 =     0.0558,     0.2074      
# span 18 =     0.1153,     0.1258      
# span 19 =     4.5355,     4.6510      
# span 20 =     0.0000,     0.0007      
# span 21 =     0.0082,     0.6880      
# span 22 =     0.0000,     0.0000      
# span 23 =     0.5023,     2.4921      
# span 24 =     0.5122,     2.4763      
# span 25 =    34.4432,    34.7853      
# span 26 =    34.5339,    34.8737      
# span 27 =    21.6487,    27.4070      
# span 28 =    21.7256,    27.4704      
# span 29 =      0.862,    220.889      
# span 30 =      0.845,    231.768      
# span 31 =      0.284,    106.653      
# span 32 =      0.284,    111.857      
# span 33 = 0.0000e+00, 0.0000e+00      
# interval = meters: 1                  
# start_time = Oct 05 2019 08:39:41 [NMEA time, first data scan]
# bad_flag = -9.990e-29
*END*
[from data line 598]
      40591   1691.243    617.577 -106.86824   16.77732    613.000     6.5436     6.5174 3.4721e+04   3.476861     0.0639     0.0033    99.9170 1.0000e-12          0     0.5031     0.5129     0.0574     0.1220     4.6481     0.0000     0.0085     0.0000     0.5027     0.5126    34.5332    34.6122    27.1206    27.1865      1.163      1.061      0.380      0.347 0.0000e+00
      40620   1692.479    618.586 -106.86824   16.77732    614.000     6.5391     6.5130 3.4718e+04   3.476473     0.0639     0.0032    99.9203 1.0000e-12          0     0.5030     0.5128     0.0574     0.1220     4.6483     0.0000     0.0085     0.0000     0.5027     0.5125    34.5339    34.6119    27.1218    27.1868      0.986      0.982      0.323      0.321 0.0000e+00
      40647   1693.581    619.595 -106.86824   16.77732    615.000     6.5332     6.5073 3.4713e+04   3.476017     0.0639     0.0033    99.9180 1.0000e-12          0     0.5027     0.5128     0.0574     0.1221     4.6482     0.0000     0.0085     0.0000     0.5024     0.5125    34.5337    34.6121    27.1224    27.1878      1.101      0.959      0.360      0.314 0.0000e+00
      40672   1694.605    620.604 -106.86824   16.77732    616.000     6.5278     6.5015 3.4709e+04   3.475512     0.0639     0.0041    99.8977 1.0000e-12          0     0.5031     0.5129     0.0574     0.1220     4.6472     0.0000     0.0085     0.0000     0.5026     0.5123    34.5337    34.6118    27.1232    27.1883      1.112      1.077      0.364      0.352 0.0000e+00
      40695   1695.587    621.613 -106.86824   16.77732    617.000     6.5240     6.4976 3.4706e+04   3.475196     0.0639     0.0031    99.9216 1.0000e-12          0     0.5030     0.5128     0.0574     0.1221     4.6484     0.0000     0.0085     0.0000     0.5027     0.5126    34.5339    34.6118    27.1238    27.1888      1.059      1.077      0.346      0.352 0.0000e+00
      40721   1696.660    622.622 -106.86824   16.77732    618.000     6.5206     6.4943 3.4703e+04   3.474970     0.0639     0.0032    99.9193 1.0000e-12          0     0.5028     0.5128     0.0574     0.1221     4.6483     0.0000     0.0085     0.0000     0.5026     0.5125    34.5337    34.6121    27.1241    27.1894      1.059      1.022      0.346      0.334 0.0000e+00
      40752   1697.966    623.631 -106.86824   16.77732    619.000     6.5137     6.4875 3.4697e+04   3.474381     0.0639     0.0032    99.9206 1.0000e-12          0     0.5030     0.5127     0.0574     0.1221     4.6483     0.0000     0.0085     0.0000     0.5026     0.5126    34.5337    34.6120    27.1250    27.1902      1.097      1.089      0.359      0.356 0.0000e+00
      40786   1699.387    624.640 -106.86824   16.77732    620.000     6.5033     6.4766 3.4688e+04   3.473514     0.0639     0.0037    99.9076 1.0000e-12          0     0.5030     0.5129     0.0574     0.1219     4.6477     0.0000     0.0085     0.0000     0.5027     0.5127    34.5337    34.6128    27.1264    27.1924      1.122      1.077      0.367      0.352 0.0000e+00
      40817   1700.650    625.649 -106.86824   16.77732    621.000     6.4818     6.4548 3.4669e+04   3.471674     0.0639     0.0033    99.9165 1.0000e-12          0     0.5030     0.5128     0.0574     0.1204     4.6481     0.0000     0.0085     0.0000     0.5027     0.5126    34.5337    34.6140    27.1293    27.1962      1.083      0.994      0.354      0.325 0.0000e+00
      40843   1701.747    626.658 -106.86824   16.77732    622.000     6.4473     6.4197 3.4638e+04   3.468619     0.0639     0.0037    99.9077 1.0000e-12          0     0.5030     0.5130     0.0574     0.1221     4.6477     0.0000     0.0085     0.0000     0.5026     0.5125    34.5332    34.6149    27.1334    27.2015      1.038      0.996      0.339      0.325 0.0000e+00
      40865   1702.676    627.667 -106.86824   16.77732    623.000     6.4224     6.3954 3.4615e+04   3.466312     0.0639     0.0030    99.9235 1.0000e-12          0     0.5030     0.5130     0.0574     0.1221     4.6485     0.0000     0.0085     0.0000     0.5026     0.5126    34.5326    34.6134    27.1362    27.2035      1.069      1.059      0.349      0.346 0.0000e+00
      40885   1703.513    628.676 -106.86824   16.77732    624.000     6.4085     6.3818 3.4603e+04   3.465062     0.0639     0.0030    99.9247 1.0000e-12          0     0.5031     0.5130     0.0574     0.1220     4.6485     0.0000     0.0085     0.0000     0.5026     0.5125    34.5324    34.6127    27.1378    27.2048      1.011      0.990      0.330      0.323 0.0000e+00
      40905   1704.351    629.685 -106.86824   16.77732    625.000     6.3983     6.3726 3.4593e+04   3.464154     0.0639     0.0030    99.9246 1.0000e-12          0     0.5031     0.5129     0.0574     0.1220     4.6485     0.0000     0.0085     0.0000     0.5025     0.5124    34.5320    34.6113    27.1389    27.2049      1.069      1.005      0.349      0.328 0.0000e+00
      40929   1705.348    630.694 -106.86824   16.77732    626.000     6.3938     6.3682 3.4590e+04   3.463753     0.0639     0.0031    99.9213 1.0000e-12          0     0.5031     0.5128     0.0574     0.1221     4.6484     0.0000     0.0085     0.0000     0.5025     0.5125    34.5324    34.6109    27.1398    27.2051      1.022      1.078      0.333      0.352 0.0000e+00
      40963   1706.755    631.703 -106.86824   16.77732    627.000     6.3924     6.3665 3.4589e+04   3.463602     0.0639     0.0030    99.9235 1.0000e-12          0     0.5030     0.5128     0.0574     0.1220     4.6485     0.0000     0.0085     0.0000     0.5026     0.5126    34.5321    34.6104    27.1397    27.2049      1.105      0.989      0.360      0.322 0.0000e+00
      40999   1708.240    632.712 -106.86824   16.77732    628.000     6.3922     6.3662 3.4589e+04   3.463620     0.0639     0.0031    99.9221 3.4603e-05          0     0.5030     0.5128     0.0574     0.1221     4.6484     0.0000     0.0087     0.0000     0.5024     0.5125    34.5320    34.6104    27.1397    27.2050      0.942      1.060      0.307      0.346 0.0000e+00
      41030   1709.523    633.721 -106.86824   16.77732    629.000     6.3922     6.3660 3.4590e+04   3.463660     0.0739     0.0031    99.9221 4.9385e-07          0     0.5028     0.5129     0.0584     0.1221     4.6484     0.0000     0.0085     0.0000     0.5025     0.5125    34.5326    34.6106    27.1402    27.2052      1.069      1.055      0.349      0.344 0.0000e+00
      41058   1710.719    634.730 -106.86824   16.77732    630.000     6.3884     6.3621 3.4587e+04   3.463377     0.0713     0.0033    99.9184 1.0000e-12          0     0.5031     0.5127     0.0581     0.1221     4.6482     0.0000     0.0085     0.0000     0.5024     0.5125    34.5326    34.6109    27.1407    27.2059      1.145      1.038      0.373      0.338 0.0000e+00
      41087   1711.916    635.739 -106.86824   16.77732    631.000     6.3830     6.3572 3.4583e+04   3.462946     0.0640     0.0037    99.9083 1.0000e-12          0     0.5027     0.5128     0.0574     0.1221     4.6477     0.0000     0.0085     0.0000     0.5024     0.5125    34.5325    34.6106    27.1414    27.2064      0.936      0.974      0.305      0.318 0.0000e+00
      41116   1713.145    636.748 -106.86824   16.77732    632.000     6.3801     6.3541 3.4580e+04   3.462699     0.0639     0.0042    99.8951 1.0000e-12          0     0.5029     0.5128     0.0574     0.1220     4.6471     0.0000     0.0085     0.0000     0.5026     0.5125    34.5324    34.6104    27.1417    27.2067      1.206      1.054      0.393      0.344 0.0000e+00
      41143   1714.250    637.757 -106.86824   16.77732    633.000     6.3794     6.3532 3.4580e+04   3.462650     0.0639     0.0036    99.9113 1.0000e-12          0     0.5029     0.5128     0.0574     0.1221     4.6479     0.0000     0.0085     0.0000     0.5024     0.5125    34.5321    34.6104    27.1415    27.2067      1.016      1.016      0.331      0.331 0.0000e+00
      41166   1715.224    638.766 -106.86824   16.77732    634.000     6.3788     6.3524 3.4580e+04   3.462644     0.0639     0.0042    99.8968 1.0000e-12          0     0.5029     0.5130     0.0574     0.1221     4.6472     0.0000     0.0085     0.0000     0.5026     0.5125    34.5321    34.6106    27.1416    27.2070      1.143      1.055      0.373      0.344 0.0000e+00
      41187   1716.092    639.775 -106.86824   16.77732    635.000     6.3759     6.3499 3.4578e+04   3.462438     0.0639     0.0036    99.9097 1.0000e-12          0     0.5028     0.5126     0.0574     0.1221     4.6478     0.0000     0.0085     0.0000     0.5025     0.5125    34.5325    34.6103    27.1423    27.2071      1.105      1.032      0.360      0.336 0.0000e+00
      41207   1716.920    640.785 -106.86824   16.77732    636.000     6.3754     6.3494 3.4578e+04   3.462461     0.0639     0.0033    99.9180 1.0000e-12          0     0.5030     0.5128     0.0574     0.1221     4.6482     0.0000     0.0085     0.0000     0.5026     0.5125    34.5321    34.6105    27.1421    27.2074      1.047      1.032      0.341      0.336 0.0000e+00
      41227   1717.741    641.793 -106.86824   16.77732    637.000     6.3728     6.3467 3.4576e+04   3.462252     0.0639     0.0032    99.9208 1.0000e-12          0     0.5028     0.5127     0.0574     0.1220     4.6483     0.0000     0.0085     0.0000     0.5025     0.5125    34.5321    34.6105    27.1424    27.2077      0.960      1.032      0.313      0.336 0.0000e+00
      41250   1718.718    642.803 -106.86824   16.77732    638.000     6.3716     6.3456 3.4575e+04   3.462183     0.0639     0.0038    99.9062 1.0000e-12          0     0.5030     0.5128     0.0574     0.1221     4.6476     0.0000     0.0085     0.0000     0.5025     0.5125    34.5321    34.6103    27.1426    27.2078      1.150      1.025      0.375      0.334 0.0000e+00
      41295   1720.585    643.812 -106.86824   16.77732    639.000     6.3690     6.3435 3.4573e+04   3.462043     0.0639     0.0042    99.8966 1.0000e-12          0     0.5029     0.5128     0.0574     0.1221     4.6471     0.0000     0.0085     0.0000     0.5026     0.5125    34.5322    34.6104    27.1430    27.2081      1.063      1.024      0.347      0.334 0.0000e+00
      41344   1722.622    644.821 -106.86824   16.77732    640.000     6.3632     6.3375 3.4568e+04   3.461559     0.0639     0.0034    99.9161 1.0000e-12          0     0.5030     0.5128     0.0574     0.1221     4.6481     0.0000     0.0085     0.0000     0.5026     0.5125    34.5319    34.6106    27.1436    27.2090      1.126      1.092      0.367      0.356 0.0000e+00
      41371   1723.734    645.830 -106.86824   16.77732    641.000     6.3585     6.3323 3.4565e+04   3.461162     0.0639     0.0031    99.9210 2.5811e-04          0     0.5030     0.5129     0.0574     0.1221     4.6483     0.0000     0.0097     0.0000     0.5026     0.5127    34.5322    34.6109    27.1444    27.2100      1.117      1.109      0.364      0.361 0.0000e+00
      41390   1724.561    646.839 -106.86824   16.77732    642.000     6.3564     6.3308 3.4563e+04   3.461053     0.0639     0.0031    99.9221 -5.787e-06          0     0.5030     0.5127     0.0574     0.1220     4.6484     0.0000     0.0085     0.0000     0.5027     0.5126    34.5319    34.6108    27.1445    27.2101      1.128      0.919      0.368      0.300 0.0000e+00
      41408   1725.294    647.848 -106.86824   16.77732    643.000     6.3519     6.3254 3.4560e+04   3.460651     0.0639     0.0030    99.9252 1.0000e-12          0     0.5029     0.5127     0.0574     0.1221     4.6485     0.0000     0.0085     0.0000     0.5027     0.5124    34.5323    34.6112    27.1454    27.2111      1.060      1.001      0.345      0.326 0.0000e+00
      41426   1726.037    648.857 -106.86824   16.77732    644.000     6.3369     6.3121 3.4547e+04   3.459588     0.0639     0.0029    99.9262 1.0000e-12          0     0.5031     0.5128     0.0574     0.1221     4.6486     0.0000     0.0085     0.0000     0.5026     0.5125    34.5326    34.6123    27.1475    27.2137      1.014      1.053      0.330      0.343 0.0000e+00
      41448   1726.970    649.866 -106.86824   16.77732    645.000     6.3314     6.3049 3.4542e+04   3.458887     0.0639     0.0027    99.9316 1.0000e-12          0     0.5030     0.5130     0.0574     0.1221     4.6488     0.0000     0.0085     0.0000     0.5024     0.5125    34.5327    34.6114    27.1484    27.2139      0.880      1.035      0.286      0.337 0.0000e+00
      41494   1728.890    650.875 -106.86824   16.77732    646.000     6.3265     6.3000 3.4538e+04   3.458441     0.0590     0.0026    99.9350 1.0000e-12          0     0.5031     0.5128     0.0569     0.1223     4.6490     0.0000     0.0085     0.0000     0.5025     0.5124    34.5326    34.6108    27.1490    27.2141      1.135      1.007      0.369      0.328 0.0000e+00
      41545   1731.017    651.885 -106.86824   16.77732    647.000     6.3170     6.2907 3.4530e+04   3.457682     0.0643     0.0032    99.9210 1.0000e-12          0     0.5027     0.5128     0.0574     0.1224     4.6483     0.0000     0.0085     0.0000     0.5025     0.5124    34.5326    34.6113    27.1502    27.2158      0.911      1.018      0.297      0.331 0.0000e+00
      41569   1732.006    652.894 -106.86824   16.77732    648.000     6.3122     6.2859 3.4526e+04   3.457294     0.0639     0.0025    99.9390 1.0000e-12          0     0.5028     0.5127     0.0574     0.1224     4.6492     0.0000     0.0085     0.0000     0.5024     0.5126    34.5328    34.6113    27.1510    27.2164      1.159      1.101      0.377      0.358 0.0000e+00
      41587   1732.754    653.903 -106.86824   16.77732    649.000     6.3056     6.2792 3.4521e+04   3.456751     0.0639     0.0031    99.9216 1.0000e-12          0     0.5030     0.5126     0.0574     0.1221     4.6484     0.0000     0.0085     0.0000     0.5026     0.5125    34.5329    34.6116    27.1519    27.2175      1.267      0.979      0.413      0.318 0.0000e+00
      41603   1733.417    654.912 -106.86824   16.77732    650.000     6.2998     6.2734 3.4516e+04   3.456263     0.0639     0.0028    99.9289 1.0000e-12          0     0.5029     0.5129     0.0574     0.1221     4.6487     0.0000     0.0085     0.0000     0.5027     0.5123    34.5329    34.6115    27.1527    27.2181      1.052      1.070      0.343      0.348 0.0000e+00
      41619   1734.097    655.921 -106.86824   16.77732    651.000     6.2937     6.2672 3.4511e+04   3.455776     0.0639     0.0031    99.9222 1.0000e-12          0     0.5030     0.5127     0.0574     0.1220     4.6484     0.0000     0.0085     0.0000     0.5025     0.5126    34.5329    34.6119    27.1535    27.2193      1.033      1.123      0.336      0.365 0.0000e+00
      41638   1734.874    656.930 -106.86824   16.77732    652.000     6.2850     6.2583 3.4504e+04   3.455040     0.0639     0.0024    99.9399 1.0000e-12          0     0.5028     0.5127     0.0574     0.1220     4.6492     0.0000     0.0085     0.0000     0.5026     0.5126    34.5331    34.6121    27.1548    27.2207      1.144      0.997      0.372      0.324 0.0000e+00
      41666   1736.035    657.940 -106.86824   16.77732    653.000     6.2611     6.2346 3.4482e+04   3.452917     0.0639     0.0021    99.9472 1.0000e-12          0     0.5029     0.5128     0.0574     0.1221     4.6495     0.0000     0.0084     0.0000     0.5026     0.5125    34.5320    34.6120    27.1570    27.2236      0.982      1.002      0.319      0.326 0.0000e+00
      41712   1737.946    658.949 -106.86824   16.77732    654.000     6.2515     6.2255 3.4474e+04   3.451998     0.0639     0.0021    99.9478 1.0000e-12          0     0.5030     0.5129     0.0574     0.1220     4.6496     0.0000     0.0085     0.0000     0.5024     0.5125    34.5325    34.6104    27.1586    27.2235      1.094      1.060      0.356      0.344 0.0000e+00
