data/ctd-cnv/KM1919/KM1919-St20-P2/St20_P2_cast43-align-cellTM-derive-bin.cnv
* Sea-Bird SBE 9 Data File:
* FileName = C:\Users\otg\Desktop\CTD Data\km1920\St20_P2_cast43.hex
* Software Version Seasave V 7.26.7.107
* Temperature SN = 5554
* Conductivity SN = 3876
* Number of Bytes Per Scan = 41
* Number of Voltage Words = 4
* Number of Scans Averaged by the Deck Unit = 1
* NMEA Latitude = 16 44.96 N
* NMEA Longitude = 106 48.13 W
* NMEA UTC (Time) = Oct 08 2019  13:13:17
* NMEA baud rate = 4800
** Ship: Kilo Moana
** Station: St20_P2 cast 43
** Operator: gr
** diel #3 dawn
# nquan = 34
# nvalues = 201                         
# units = specified
# name 0 = scan: Scan Count
# name 1 = timeS: Time, Elapsed [seconds]
# name 2 = prDM: Pressure, Digiquartz [db]
# name 3 = longitude: Longitude [deg]
# name 4 = latitude: Latitude [deg]
# name 5 = depSMignore: Depth [salt water, m]
# name 6 = t090C: Temperature [ITS-90, deg C]
# name 7 = t190C: Temperature, 2 [ITS-90, deg C]
# name 8 = c0uS/cm: Conductivity [uS/cm]
# name 9 = c1S/m: Conductivity, 2 [S/m]
# name 10 = flECO-AFL: Fluorescence, WET Labs ECO-AFL/FL [mg/m^3]
# name 11 = CStarAt0: Beam Attenuation, WET Labs C-Star [1/m]
# name 12 = CStarTr0: Beam Transmission, WET Labs C-Star [%]
# name 13 = par: PAR/Irradiance, Biospherical/Licor
# name 14 = modError: Modulo Error Count
# name 15 = v0: Voltage 0
# name 16 = v1: Voltage 1
# name 17 = v2: Voltage 2
# name 18 = v3: Voltage 3
# name 19 = v4: Voltage 4
# name 20 = v5: Voltage 5
# name 21 = v6: Voltage 6
# name 22 = v7: Voltage 7
# name 23 = sbeox0V: Oxygen raw, SBE 43 [V]
# name 24 = sbeox1V: Oxygen raw, SBE 43, 2 [V]
# name 25 = sal00: Salinity, Practical [PSU]
# name 26 = sal11: Salinity, Practical, 2 [PSU]
# name 27 = sigma-é00: Density [sigma-theta, kg/m^3]
# name 28 = sigma-é11: Density, 2 [sigma-theta, kg/m^3]
# name 29 = sbeox0Mm/L: Oxygen, SBE 43 [umol/l], WS = 2
# name 30 = sbeox1Mm/L: Oxygen, SBE 43, 2 [umol/l], WS = 2
# name 31 = sbeox0PS: Oxygen, SBE 43 [% saturation], WS = 2
# name 32 = sbeox1PS: Oxygen, SBE 43, 2 [% saturation], WS = 2
# name 33 = flag: flag
# span 0 =        -82,      10769       
# span 1 =     -3.440,    448.657       
# span 2 =      2.012,    203.305       
# span 3 = -106.80220, -106.80216       
# span 4 =   16.74922,   16.74926       
# span 5 =      2.000,    202.000       
# span 6 =    12.0844,    29.5326       
# span 7 =    12.0530,    29.4915       
# span 8 = 3.9935e+04, 5.7205e+04       
# span 9 =   3.998916,   5.728554       
# span 10 =     0.0476,     1.7477      
# span 11 =     0.0265,     0.1089      
# span 12 =    97.3154,    99.3393      
# span 13 = 1.6056e-03, 4.4714e+01      
# span 14 =          0,          0      
# span 15 =     0.5043,     2.4884      
# span 16 =     0.5153,     2.4639      
# span 17 =     0.0557,     0.2258      
# span 18 =     0.1120,     0.1163      
# span 19 =     4.5271,     4.6213      
# span 20 =     0.0000,     0.0000      
# span 21 =     0.0159,     2.6659      
# span 22 =     0.0000,     0.0000      
# span 23 =     0.5034,     2.4877      
# span 24 =     0.5143,     2.4613      
# span 25 =    34.3125,    34.7857      
# span 26 =    34.3964,    34.8759      
# span 27 =    21.5504,    26.3993      
# span 28 =    21.6278,    26.4692      
# span 29 =      0.949,    227.822      
# span 30 =      1.115,    238.633      
# span 31 =      0.353,    106.639      
# span 32 =      0.413,    111.116      
# span 33 = 0.0000e+00, 0.0000e+00      
# interval = meters: 1                  
# start_time = Oct 08 2019 13:20:27 [NMEA time, first data scan]
# bad_flag = -9.990e-29
*END*
[from data line 129]
       7084    295.108    131.824 -106.80218   16.74924    131.000    13.5821    13.5492 4.1334e+04   4.139918     0.3567     0.0392    99.0255 4.0696e-03          0     0.5079     0.5211     0.0867     0.1148     4.6066     0.0000     0.0264     0.0000     0.5070     0.5200    34.7602    34.8515    26.0925    26.1700      1.481      1.876      0.565      0.716 0.0000e+00
       7123    296.737    132.830 -106.80218   16.74924    132.000    13.5639    13.5315 4.1318e+04   4.137661     0.3311     0.0401    99.0038 3.9591e-03          0     0.5079     0.5211     0.0841     0.1146     4.6056     0.0000     0.0259     0.0000     0.5070     0.5194    34.7616    34.8460    26.0974    26.1694      1.481      1.805      0.565      0.688 0.0000e+00
       7207    300.270    133.837 -106.80218   16.74924    133.000    13.5619    13.5251 4.1318e+04   4.137024     0.3307     0.0413    98.9728 3.8943e-03          0     0.5079     0.5204     0.0840     0.1139     4.6042     0.0000     0.0256     0.0000     0.5070     0.5193    34.7624    34.8454    26.0985    26.1703      1.481      1.853      0.565      0.707 0.0000e+00
       7246    301.885    134.843 -106.80218   16.74924    134.000    13.4799    13.4455 4.1243e+04   4.130579     0.3231     0.0402    99.0018 3.9041e-03          0     0.5079     0.5200     0.0833     0.1147     4.6055     0.0000     0.0257     0.0000     0.5070     0.5192    34.7661    34.8569    26.1182    26.1955      1.484      1.831      0.565      0.698 0.0000e+00
       7269    302.814    135.850 -106.80218   16.74924    135.000    13.4010    13.3640 4.1168e+04   4.123085     0.2982     0.0401    99.0021 3.8922e-03          0     0.5079     0.5202     0.0808     0.1147     4.6055     0.0000     0.0256     0.0000     0.5070     0.5191    34.7672    34.8603    26.1352    26.2148      1.487      1.782      0.566      0.678 0.0000e+00
       7289    303.660    136.857 -106.80218   16.74924    136.000    13.3557    13.3232 4.1126e+04   4.118486     0.2728     0.0410    98.9809 3.9062e-03          0     0.5079     0.5203     0.0783     0.1147     4.6046     0.0000     0.0257     0.0000     0.5070     0.5190    34.7680    34.8537    26.1450    26.2181      1.489      1.787      0.566      0.679 0.0000e+00
       7311    304.595    137.863 -106.80218   16.74924    137.000    13.3333    13.2994 4.1104e+04   4.116393     0.2488     0.0420    98.9554 3.8926e-03          0     0.5079     0.5201     0.0759     0.1148     4.6034     0.0000     0.0256     0.0000     0.5070     0.5190    34.7680    34.8553    26.1496    26.2242      1.489      1.743      0.566      0.662 0.0000e+00
       7341    305.849    138.870 -106.80218   16.74924    138.000    13.2997    13.2673 4.1074e+04   4.113270     0.2327     0.0422    98.9505 3.8925e-03          0     0.5079     0.5201     0.0743     0.1148     4.6032     0.0000     0.0256     0.0000     0.5069     0.5186    34.7699    34.8548    26.1580    26.2303      1.406      1.718      0.534      0.652 0.0000e+00
       7462    310.861    139.877 -106.80218   16.74924    139.000    13.3308    13.2910 4.1104e+04   4.115333     0.2299     0.0446    98.8908 3.8651e-03          0     0.5076     0.5195     0.0740     0.1138     4.6004     0.0000     0.0255     0.0000     0.5068     0.5185    34.7692    34.8521    26.1512    26.2234      1.411      1.680      0.536      0.638 0.0000e+00
       7517    313.177    140.883 -106.80218   16.74924    140.000    13.2689    13.2309 4.1049e+04   4.110901     0.2280     0.0422    98.9517 3.8340e-03          0     0.5074     0.5194     0.0738     0.1146     4.6032     0.0000     0.0254     0.0000     0.5065     0.5183    34.7732    34.8648    26.1669    26.2455      1.329      1.657      0.504      0.628 0.0000e+00
       7535    313.936    141.890 -106.80218   16.74924    141.000    13.1699    13.1359 4.0957e+04   4.102059     0.2146     0.0422    98.9508 3.8317e-03          0     0.5072     0.5191     0.0724     0.1147     4.6032     0.0000     0.0253     0.0000     0.5067     0.5183    34.7763    34.8677    26.1893    26.2670      1.374      1.601      0.520      0.606 0.0000e+00
       7555    314.736    142.897 -106.80218   16.74924    142.000    13.1509    13.1184 4.0941e+04   4.099924     0.1728     0.0419    98.9587 3.7766e-03          0     0.5078     0.5196     0.0683     0.1147     4.6036     0.0000     0.0251     0.0000     0.5061     0.5178    34.7780    34.8630    26.1945    26.2669      1.289      1.458      0.488      0.552 0.0000e+00
       7578    315.693    143.903 -106.80218   16.74924    143.000    13.1426    13.1105 4.0934e+04   4.099153     0.1582     0.0412    98.9758 3.7329e-03          0     0.5077     0.5195     0.0668     0.1147     4.6043     0.0000     0.0249     0.0000     0.5063     0.5174    34.7786    34.8625    26.1966    26.2681      1.300      1.471      0.492      0.557 0.0000e+00
       7632    317.941    144.910 -106.80218   16.74924    144.000    13.1402    13.1094 4.0933e+04   4.098909     0.1476     0.0416    98.9643 3.6675e-03          0     0.5073     0.5188     0.0658     0.1141     4.6038     0.0000     0.0247     0.0000     0.5059     0.5170    34.7789    34.8608    26.1974    26.2670      1.303      1.490      0.493      0.564 0.0000e+00
       7717    321.493    145.916 -106.80218   16.74924    145.000    13.1215    13.1038 4.0916e+04   4.098848     0.1424     0.0422    98.9515 3.3511e-03          0     0.5067     0.5178     0.0652     0.1147     4.6032     0.0000     0.0233     0.0000     0.5058     0.5171    34.7794    34.8649    26.2016    26.2714      1.323      1.537      0.500      0.581 0.0000e+00
       7752    322.971    146.923 -106.80218   16.74924    146.000    13.0718    13.0398 4.0868e+04   4.092681     0.1371     0.0413    98.9733 3.4039e-03          0     0.5067     0.5179     0.0647     0.1147     4.6042     0.0000     0.0236     0.0000     0.5058     0.5170    34.7794    34.8647    26.2116    26.2841      1.300      1.517      0.491      0.573 0.0000e+00
       7793    324.668    147.930 -106.80218   16.74924    147.000    13.0470    13.0151 4.0845e+04   4.090245     0.1342     0.0420    98.9564 3.3806e-03          0     0.5067     0.5180     0.0644     0.1147     4.6035     0.0000     0.0235     0.0000     0.5057     0.5169    34.7801    34.8638    26.2172    26.2884      1.259      1.479      0.476      0.558 0.0000e+00
       7841    326.660    148.937 -106.80218   16.74924    148.000    13.0310    12.9993 4.0830e+04   4.088680     0.1350     0.0429    98.9325 3.3149e-03          0     0.5066     0.5180     0.0645     0.1147     4.6023     0.0000     0.0232     0.0000     0.5054     0.5169    34.7801    34.8630    26.2204    26.2910      1.257      1.486      0.475      0.561 0.0000e+00
       7884    328.455    149.943 -106.80219   16.74924    149.000    13.0176    12.9856 4.0818e+04   4.087510     0.1288     0.0486    98.7916 3.3161e-03          0     0.5066     0.5178     0.0639     0.1148     4.5958     0.0000     0.0232     0.0000     0.5054     0.5169    34.7803    34.8640    26.2232    26.2946      1.289      1.508      0.487      0.569 0.0000e+00
       7918    329.888    150.950 -106.80220   16.74925    150.000    13.0034    12.9713 4.0805e+04   4.086204     0.1261     0.0413    98.9715 3.3161e-03          0     0.5063     0.5177     0.0636     0.1146     4.6042     0.0000     0.0232     0.0000     0.5057     0.5169    34.7805    34.8643    26.2263    26.2977      1.296      1.502      0.489      0.567 0.0000e+00
       7946    331.038    151.957 -106.80220   16.74926    151.000    12.9826    12.9499 4.0786e+04   4.084365     0.1311     0.0420    98.9566 3.3161e-03          0     0.5063     0.5178     0.0641     0.1148     4.6035     0.0000     0.0232     0.0000     0.5054     0.5169    34.7808    34.8661    26.2307    26.3034      1.167      1.490      0.440      0.562 0.0000e+00
       7973    332.176    152.963 -106.80220   16.74926    152.000    12.9401    12.9062 4.0746e+04   4.080437     0.1306     0.0421    98.9543 3.2972e-03          0     0.5063     0.5177     0.0641     0.1146     4.6034     0.0000     0.0231     0.0000     0.5050     0.5167    34.7814    34.8684    26.2397    26.3139      1.085      1.402      0.409      0.528 0.0000e+00
       8062    335.895    153.970 -106.80219   16.74924    153.000    12.9340    12.8941 4.0739e+04   4.078691     0.1159     0.0420    98.9551 3.2102e-03          0     0.5060     0.5177     0.0626     0.1145     4.6034     0.0000     0.0228     0.0000     0.5047     0.5166    34.7803    34.8625    26.2401    26.3117      1.166      1.479      0.439      0.557 0.0000e+00
       8146    339.382    154.977 -106.80220   16.74926    154.000    12.9191    12.8753 4.0726e+04   4.077888     0.1252     0.0419    98.9587 3.2322e-03          0     0.5055     0.5174     0.0635     0.1146     4.6036     0.0000     0.0228     0.0000     0.5050     0.5168    34.7813    34.8717    26.2438    26.3227      1.196      1.502      0.451      0.566 0.0000e+00
       8158    339.886    155.984 -106.80220   16.74926    155.000    12.8499    12.8160 4.0661e+04   4.071971     0.1108     0.0420    98.9560 3.1619e-03          0     0.5056     0.5176     0.0621     0.1146     4.6034     0.0000     0.0226     0.0000     0.5048     0.5168    34.7816    34.8694    26.2579    26.3327      1.058      1.481      0.398      0.557 0.0000e+00
       8172    340.455    156.990 -106.80220   16.74926    156.000    12.8371    12.8052 4.0649e+04   4.070695     0.0903     0.0419    98.9588 3.2274e-03          0     0.5057     0.5177     0.0600     0.1146     4.6036     0.0000     0.0228     0.0000     0.5046     0.5167    34.7823    34.8668    26.2610    26.3328      1.081      1.450      0.407      0.545 0.0000e+00
       8185    341.015    157.997 -106.80220   16.74926    157.000    12.8261    12.7944 4.0639e+04   4.069747     0.0900     0.0415    98.9675 3.0922e-03          0     0.5058     0.5177     0.0600     0.1147     4.6040     0.0000     0.0223     0.0000     0.5047     0.5168    34.7824    34.8672    26.2633    26.3353      1.176      1.425      0.442      0.536 0.0000e+00
       8200    341.643    159.004 -106.80220   16.74926    158.000    12.8171    12.7867 4.0631e+04   4.068950     0.0897     0.0411    98.9767 2.9990e-03          0     0.5059     0.5176     0.0600     0.1146     4.6044     0.0000     0.0219     0.0000     0.5046     0.5165    34.7825    34.8663    26.2652    26.3362      1.146      1.375      0.431      0.517 0.0000e+00
       8270    344.552    160.010 -106.80220   16.74925    159.000    12.8231    12.7932 4.0638e+04   4.069520     0.0887     0.0413    98.9723 2.8449e-03          0     0.5057     0.5176     0.0598     0.1147     4.6042     0.0000     0.0212     0.0000     0.5046     0.5163    34.7830    34.8653    26.2644    26.3341      1.157      1.384      0.435      0.520 0.0000e+00
       8397    349.852    161.017 -106.80220   16.74924    160.000    12.8250    12.7897 4.0641e+04   4.069646     0.0883     0.0418    98.9595 2.7427e-03          0     0.5055     0.5173     0.0598     0.1149     4.6036     0.0000     0.0208     0.0000     0.5046     0.5165    34.7833    34.8693    26.2643    26.3379      1.159      1.357      0.436      0.510 0.0000e+00
       8412    350.469    162.024 -106.80220   16.74924    161.000    12.8015    12.7495 4.0618e+04   4.066503     0.0883     0.0412    98.9737 2.7430e-03          0     0.5055     0.5173     0.0598     0.1149     4.6043     0.0000     0.0208     0.0000     0.5046     0.5163    34.7832    34.8759    26.2689    26.3511      1.159      1.339      0.436      0.503 0.0000e+00
       8428    351.109    163.031 -106.80220   16.74924    162.000    12.6907    12.6541 4.0510e+04   4.057159     0.0883     0.0411    98.9770 2.7430e-03          0     0.5055     0.5174     0.0598     0.1147     4.6044     0.0000     0.0208     0.0000     0.5046     0.5162    34.7815    34.8740    26.2895    26.3685      1.161      1.381      0.435      0.518 0.0000e+00
       8446    351.858    164.038 -106.80220   16.74924    163.000    12.6738    12.6425 4.0496e+04   4.055376     0.0883     0.0411    98.9770 2.7430e-03          0     0.5055     0.5175     0.0598     0.1147     4.6044     0.0000     0.0208     0.0000     0.5046     0.5162    34.7832    34.8673    26.2942    26.3656      1.141      1.373      0.428      0.515 0.0000e+00
       8527    355.230    165.044 -106.80220   16.74924    164.000    12.7159    12.6765 4.0536e+04   4.058384     0.0847     0.0411    98.9767 2.7430e-03          0     0.5054     0.5171     0.0594     0.1146     4.6044     0.0000     0.0208     0.0000     0.5044     0.5159    34.7822    34.8642    26.2851    26.3565      1.135      1.349      0.426      0.506 0.0000e+00
       8633    359.684    166.051 -106.80220   16.74924    165.000    12.7306    12.6676 4.0553e+04   4.057785     0.0899     0.0411    98.9770 2.7430e-03          0     0.5050     0.5166     0.0600     0.1147     4.6044     0.0000     0.0208     0.0000     0.5046     0.5160    34.7843    34.8662    26.2839    26.3599      1.159      1.383      0.435      0.518 0.0000e+00
       8654    360.543    167.058 -106.80220   16.74924    166.000    12.6466    12.6169 4.0471e+04   4.053446     0.0878     0.0411    98.9770 2.7430e-03          0     0.5053     0.5168     0.0597     0.1146     4.6044     0.0000     0.0208     0.0000     0.5045     0.5160    34.7830    34.8710    26.2995    26.3736      1.143      1.361      0.428      0.510 0.0000e+00
       8674    361.367    168.065 -106.80220   16.74924    167.000    12.6219    12.5902 4.0447e+04   4.050508     0.0883     0.0411    98.9770 2.7430e-03          0     0.5054     0.5169     0.0598     0.1147     4.6044     0.0000     0.0208     0.0000     0.5046     0.5159    34.7820    34.8671    26.3036    26.3759      1.168      1.311      0.437      0.491 0.0000e+00
       8694    362.196    169.071 -106.80220   16.74924    168.000    12.6019    12.5699 4.0428e+04   4.048584     0.0830     0.0411    98.9770 2.7430e-03          0     0.5055     0.5169     0.0593     0.1147     4.6044     0.0000     0.0208     0.0000     0.5045     0.5159    34.7818    34.8670    26.3074    26.3797      1.068      1.358      0.399      0.508 0.0000e+00
       8718    363.219    170.078 -106.80220   16.74924    169.000    12.5771    12.5459 4.0404e+04   4.046208     0.0764     0.0411    98.9770 2.7430e-03          0     0.5055     0.5168     0.0586     0.1147     4.6044     0.0000     0.0208     0.0000     0.5043     0.5157    34.7815    34.8659    26.3120    26.3836      1.079      1.309      0.404      0.490 0.0000e+00
       8817    367.318    171.085 -106.80220   16.74924    170.000    12.5884    12.5578 4.0416e+04   4.047108     0.0761     0.0412    98.9756 2.7170e-03          0     0.5052     0.5168     0.0586     0.1147     4.6043     0.0000     0.0207     0.0000     0.5041     0.5156    34.7820    34.8632    26.3102    26.3792      1.039      1.328      0.389      0.497 0.0000e+00
       8891    370.431    172.092 -106.80220   16.74924    171.000    12.5574    12.5336 4.0386e+04   4.045622     0.0761     0.0411    98.9770 2.6334e-03          0     0.5050     0.5165     0.0586     0.1147     4.6044     0.0000     0.0203     0.0000     0.5045     0.5159    34.7816    34.8708    26.3161    26.3899      1.152      1.356      0.431      0.507 0.0000e+00
