data/ctd-cnv/KM1919/KM1919-St20-P2/St20_P2_cast54-align-cellTM-derive-bin.cnv
* Sea-Bird SBE 9 Data File:
* FileName = C:\Users\otg\Desktop\CTD Data\km1920\St20_P2_cast54.hex
* Software Version Seasave V 7.26.7.107
* Temperature SN = 5554
* Conductivity SN = 3876
* Number of Bytes Per Scan = 41
* Number of Voltage Words = 4
* Number of Scans Averaged by the Deck Unit = 1
* NMEA Latitude = 16 48.63 N
* NMEA Longitude = 106 51.45 W
* NMEA UTC (Time) = Oct 11 2019  12:20:15
* NMEA baud rate = 4800
** Ship: Kilo Moana
** Station: St20_P2 cast 54
** Operator: gr
# nquan = 34
# nvalues = 320                         
# units = specified
# name 0 = scan: Scan Count
# name 1 = timeS: Time, Elapsed [seconds]
# name 2 = prDM: Pressure, Digiquartz [db]
# name 3 = longitude: Longitude [deg]
# name 4 = latitude: Latitude [deg]
# name 5 = depSMignore: Depth [salt water, m]
# name 6 = t090C: Temperature [ITS-90, deg C]
# name 7 = t190C: Temperature, 2 [ITS-90, deg C]
# name 8 = c0uS/cm: Conductivity [uS/cm]
# name 9 = c1S/m: Conductivity, 2 [S/m]
# name 10 = flECO-AFL: Fluorescence, WET Labs ECO-AFL/FL [mg/m^3]
# name 11 = CStarAt0: Beam Attenuation, WET Labs C-Star [1/m]
# name 12 = CStarTr0: Beam Transmission, WET Labs C-Star [%]
# name 13 = par: PAR/Irradiance, Biospherical/Licor
# name 14 = modError: Modulo Error Count
# name 15 = v0: Voltage 0
# name 16 = v1: Voltage 1
# name 17 = v2: Voltage 2
# name 18 = v3: Voltage 3
# name 19 = v4: Voltage 4
# name 20 = v5: Voltage 5
# name 21 = v6: Voltage 6
# name 22 = v7: Voltage 7
# name 23 = sbeox0V: Oxygen raw, SBE 43 [V]
# name 24 = sbeox1V: Oxygen raw, SBE 43, 2 [V]
# name 25 = sal00: Salinity, Practical [PSU]
# name 26 = sal11: Salinity, Practical, 2 [PSU]
# name 27 = sigma-é00: Density [sigma-theta, kg/m^3]
# name 28 = sigma-é11: Density, 2 [sigma-theta, kg/m^3]
# name 29 = sbeox0Mm/L: Oxygen, SBE 43 [umol/l], WS = 2
# name 30 = sbeox1Mm/L: Oxygen, SBE 43, 2 [umol/l], WS = 2
# name 31 = sbeox0PS: Oxygen, SBE 43 [% saturation], WS = 2
# name 32 = sbeox1PS: Oxygen, SBE 43, 2 [% saturation], WS = 2
# name 33 = flag: flag
# span 0 =       -152,      20628       
# span 1 =     -6.394,    859.443       
# span 2 =      2.012,    323.168       
# span 3 = -106.85742, -106.85720       
# span 4 =   16.81054,   16.81066       
# span 5 =      2.000,    321.000       
# span 6 =    10.5420,    29.0154       
# span 7 =    10.5103,    28.9762       
# span 8 = 3.8433e+04, 5.6362e+04       
# span 9 =   3.848247,   5.644126       
# span 10 =     0.0584,     1.4155      
# span 11 =     0.0344,     0.1107      
# span 12 =    97.2695,    99.1446      
# span 13 = -2.769e-06, 5.8637e+00      
# span 14 =          0,          0      
# span 15 =     0.5029,     2.4942      
# span 16 =     0.5139,     2.4729      
# span 17 =     0.0569,     0.1926      
# span 18 =     0.1122,     0.1165      
# span 19 =     4.5250,     4.6122      
# span 20 =     0.0000,     0.0000      
# span 21 =     0.0085,     1.7779      
# span 22 =     0.0000,     0.0000      
# span 23 =     0.5021,     2.4912      
# span 24 =     0.5132,     2.4695      
# span 25 =    34.2010,    34.7819      
# span 26 =    34.2842,    34.8778      
# span 27 =    21.4609,    26.6161      
# span 28 =    21.5372,    26.6840      
# span 29 =      0.813,    229.909      
# span 30 =      1.015,    240.728      
# span 31 =      0.292,    107.159      
# span 32 =      0.364,    111.360      
# span 33 = 0.0000e+00, 0.0000e+00      
# interval = meters: 1                  
# start_time = Oct 11 2019 12:24:15 [NMEA time, first data scan]
# bad_flag = -9.990e-29
*END*
[from data line 129]
       8270    344.545    131.824 -106.85721   16.81065    131.000    13.9228    13.8850 4.1637e+04   4.168895     0.5108     0.0497    98.7641 1.9941e-04          0     0.5093     0.5238     0.1021     0.1132     4.5945     0.0000     0.0098     0.0000     0.5080     0.5217    34.7347    34.8177    26.0022    26.0743      1.534      2.182      0.590      0.838 0.0000e+00
       8330    347.047    132.831 -106.85720   16.81064    132.000    13.8164    13.7697 4.1542e+04   4.160499     0.4729     0.0518    98.7134 2.0341e-04          0     0.5092     0.5234     0.0983     0.1123     4.5922     0.0000     0.0098     0.0000     0.5082     0.5216    34.7426    34.8435    26.0305    26.1182      1.631      2.107      0.626      0.808 0.0000e+00
       8351    347.913    133.837 -106.85720   16.81064    133.000    13.7165    13.6822 4.1453e+04   4.151512     0.4882     0.0513    98.7260 2.0334e-04          0     0.5092     0.5234     0.0998     0.1123     4.5927     0.0000     0.0098     0.0000     0.5081     0.5214    34.7490    34.8384    26.0562    26.1324      1.532      2.031      0.586      0.777 0.0000e+00
       8378    349.035    134.844 -106.85720   16.81064    134.000    13.6580    13.6231 4.1400e+04   4.146162     0.4807     0.0507    98.7406 2.0334e-04          0     0.5092     0.5232     0.0991     0.1123     4.5934     0.0000     0.0098     0.0000     0.5075     0.5209    34.7524    34.8416    26.0710    26.1472      1.322      1.962      0.505      0.750 0.0000e+00
       8470    352.876    135.850 -106.85720   16.81064    135.000    13.6486    13.6331 4.1393e+04   4.146571     0.4306     0.0509    98.7367 2.0162e-04          0     0.5085     0.5218     0.0940     0.1144     4.5932     0.0000     0.0098     0.0000     0.5070     0.5203    34.7531    34.8359    26.0735    26.1408      1.486      1.968      0.568      0.753 0.0000e+00
       8542    355.868    136.857 -106.85720   16.81064    136.000    13.5753    13.5421 4.1327e+04   4.138800     0.4300     0.0507    98.7408 2.0340e-04          0     0.5079     0.5212     0.0940     0.1124     4.5934     0.0000     0.0098     0.0000     0.5070     0.5200    34.7578    34.8453    26.0923    26.1668      1.482      1.937      0.565      0.739 0.0000e+00
       8563    356.764    137.864 -106.85720   16.81064    137.000    13.5607    13.5283 4.1315e+04   4.137304     0.4027     0.0508    98.7384 1.9437e-04          0     0.5079     0.5213     0.0913     0.1146     4.5933     0.0000     0.0097     0.0000     0.5070     0.5201    34.7591    34.8435    26.0963    26.1682      1.482      1.915      0.566      0.731 0.0000e+00
       8591    357.914    138.870 -106.85721   16.81064    138.000    13.5218    13.4888 4.1279e+04   4.133953     0.3856     0.0516    98.7201 2.0273e-04          0     0.5079     0.5212     0.0895     0.1147     4.5925     0.0000     0.0098     0.0000     0.5070     0.5197    34.7609    34.8475    26.1057    26.1795      1.484      1.836      0.566      0.700 0.0000e+00
       8669    361.150    139.877 -106.85722   16.81064    139.000    13.5076    13.4793 4.1268e+04   4.132732     0.3614     0.0513    98.7271 2.0097e-04          0     0.5079     0.5207     0.0871     0.1139     4.5928     0.0000     0.0098     0.0000     0.5070     0.5193    34.7625    34.8443    26.1099    26.1790      1.484      1.848      0.566      0.704 0.0000e+00
       8730    363.717    140.883 -106.85722   16.81064    140.000    13.4244    13.3913 4.1191e+04   4.125201     0.3330     0.0517    98.7171 2.0343e-04          0     0.5079     0.5204     0.0843     0.1147     4.5923     0.0000     0.0098     0.0000     0.5070     0.5193    34.7657    34.8532    26.1294    26.2039      1.487      1.839      0.566      0.700 0.0000e+00
       8762    365.040    141.890 -106.85722   16.81064    141.000    13.3517    13.3178 4.1125e+04   4.118652     0.3110     0.0518    98.7136 2.0334e-04          0     0.5079     0.5201     0.0821     0.1131     4.5922     0.0000     0.0098     0.0000     0.5070     0.5192    34.7690    34.8581    26.1468    26.2227      1.456      1.828      0.553      0.695 0.0000e+00
       8797    366.519    142.897 -106.85722   16.81064    142.000    13.3018    13.2696 4.1080e+04   4.113844     0.2823     0.0526    98.6939 1.9426e-04          0     0.5079     0.5203     0.0792     0.1137     4.5913     0.0000     0.0097     0.0000     0.5069     0.5191    34.7717    34.8564    26.1591    26.2312      1.446      1.775      0.549      0.674 0.0000e+00
       8876    369.777    143.904 -106.85722   16.81064    143.000    13.2884    13.2640 4.1068e+04   4.113223     0.2505     0.0531    98.6809 1.9572e-04          0     0.5078     0.5200     0.0760     0.1144     4.5906     0.0000     0.0098     0.0000     0.5066     0.5187    34.7724    34.8552    26.1623    26.2314      1.410      1.759      0.535      0.667 0.0000e+00
       8948    372.792    144.910 -106.85722   16.81064    144.000    13.2334    13.2003 4.1018e+04   4.107747     0.2423     0.0528    98.6885 2.0372e-04          0     0.5073     0.5196     0.0752     0.1147     4.5910     0.0000     0.0098     0.0000     0.5065     0.5186    34.7748    34.8613    26.1754    26.2491      1.314      1.714      0.498      0.650 0.0000e+00
       8974    373.894    145.917 -106.85722   16.81064    145.000    13.1941    13.1618 4.0982e+04   4.104053     0.2114     0.0528    98.6892 1.7992e-04          0     0.5076     0.5197     0.0721     0.1147     4.5910     0.0000     0.0097     0.0000     0.5062     0.5185    34.7762    34.8611    26.1844    26.2567      1.381      1.668      0.523      0.632 0.0000e+00
       9001    374.983    146.924 -106.85722   16.81064    146.000    13.1876    13.1557 4.0977e+04   4.103356     0.1961     0.0528    98.6882 2.0255e-04          0     0.5075     0.5196     0.0706     0.1147     4.5910     0.0000     0.0098     0.0000     0.5061     0.5181    34.7765    34.8597    26.1860    26.2570      1.262      1.651      0.478      0.625 0.0000e+00
       9032    376.302    147.930 -106.85722   16.81064    147.000    13.1739    13.1418 4.0964e+04   4.102175     0.1870     0.0531    98.6805 2.0334e-04          0     0.5073     0.5196     0.0697     0.1147     4.5906     0.0000     0.0098     0.0000     0.5059     0.5182    34.7766    34.8608    26.1889    26.2606      1.299      1.683      0.492      0.637 0.0000e+00
       9138    380.699    148.937 -106.85723   16.81064    148.000    13.1610    13.1388 4.0953e+04   4.101826     0.1733     0.0533    98.6756 1.9878e-04          0     0.5068     0.5189     0.0684     0.1140     4.5904     0.0000     0.0098     0.0000     0.5061     0.5181    34.7776    34.8598    26.1923    26.2605      1.432      1.688      0.542      0.639 0.0000e+00
       9190    382.855    149.944 -106.85724   16.81064    149.000    13.0708    13.0354 4.0868e+04   4.092826     0.1699     0.0529    98.6869 1.8232e-04          0     0.5069     0.5189     0.0680     0.1147     4.5909     0.0000     0.0097     0.0000     0.5062     0.5181    34.7785    34.8689    26.2112    26.2883      1.291      1.650      0.488      0.623 0.0000e+00
       9214    383.867    150.951 -106.85724   16.81064    150.000    12.9746    12.9408 4.0776e+04   4.083611     0.1491     0.0541    98.6573 1.9500e-04          0     0.5069     0.5189     0.0659     0.1147     4.5895     0.0000     0.0097     0.0000     0.5061     0.5180    34.7794    34.8677    26.2312    26.3063      1.307      1.674      0.493      0.631 0.0000e+00
       9240    384.953    151.957 -106.85724   16.81064    151.000    12.9551    12.9221 4.0758e+04   4.081501     0.1418     0.0545    98.6466 1.8236e-04          0     0.5072     0.5193     0.0652     0.1147     4.5890     0.0000     0.0097     0.0000     0.5058     0.5180    34.7797    34.8643    26.2354    26.3076      1.290      1.640      0.486      0.618 0.0000e+00
       9322    388.372    152.964 -106.85724   16.81064    152.000    12.9606    12.9333 4.0764e+04   4.082308     0.1276     0.0549    98.6361 2.0010e-04          0     0.5068     0.5188     0.0638     0.1147     4.5885     0.0000     0.0098     0.0000     0.5058     0.5179    34.7799    34.8613    26.2345    26.3030      1.313      1.649      0.495      0.622 0.0000e+00
       9385    390.981    153.970 -106.85724   16.81064    153.000    12.9403    12.9104 4.0746e+04   4.080507     0.1252     0.0548    98.6375 1.8913e-04          0     0.5067     0.5188     0.0635     0.1147     4.5886     0.0000     0.0097     0.0000     0.5055     0.5178    34.7807    34.8648    26.2392    26.3103      1.184      1.627      0.446      0.613 0.0000e+00
       9410    392.047    154.977 -106.85724   16.81064    154.000    12.9389    12.9075 4.0745e+04   4.080125     0.1249     0.0549    98.6357 1.5685e-04          0     0.5067     0.5188     0.0635     0.1147     4.5885     0.0000     0.0095     0.0000     0.5053     0.5176    34.7812    34.8633    26.2398    26.3098      1.091      1.554      0.411      0.585 0.0000e+00
       9439    393.260    155.984 -106.85724   16.81064    155.000    12.9377    12.9065 4.0745e+04   4.080064     0.1249     0.0550    98.6342 1.6700e-04          0     0.5067     0.5187     0.0635     0.1147     4.5884     0.0000     0.0096     0.0000     0.5049     0.5175    34.7813    34.8633    26.2402    26.3099      1.165      1.596      0.439      0.601 0.0000e+00
       9533    397.178    156.991 -106.85724   16.81064    156.000    12.9415    12.9103 4.0749e+04   4.080454     0.1180     0.0548    98.6375 1.6381e-04          0     0.5059     0.5184     0.0628     0.1146     4.5886     0.0000     0.0095     0.0000     0.5048     0.5173    34.7814    34.8631    26.2395    26.3090      1.153      1.548      0.434      0.583 0.0000e+00
       9604    400.113    157.997 -106.85724   16.81062    157.000    12.9374    12.9061 4.0746e+04   4.080132     0.1195     0.0545    98.6457 1.8911e-04          0     0.5058     0.5183     0.0630     0.1147     4.5890     0.0000     0.0097     0.0000     0.5045     0.5174    34.7815    34.8634    26.2405    26.3102      1.193      1.601      0.450      0.603 0.0000e+00
       9625    401.004    159.004 -106.85724   16.81062    158.000    12.9363    12.9051 4.0745e+04   4.080082     0.1249     0.0545    98.6470 1.8396e-04          0     0.5056     0.5183     0.0635     0.1147     4.5890     0.0000     0.0097     0.0000     0.5049     0.5171    34.7812    34.8635    26.2405    26.3104      1.209      1.483      0.456      0.559 0.0000e+00
       9647    401.901    160.011 -106.85724   16.81062    159.000    12.9305    12.8990 4.0740e+04   4.079621     0.1249     0.0549    98.6359 1.6825e-04          0     0.5057     0.5183     0.0635     0.1148     4.5885     0.0000     0.0096     0.0000     0.5046     0.5171    34.7815    34.8642    26.2419    26.3123      1.090      1.527      0.411      0.575 0.0000e+00
       9671    402.929    161.018 -106.85724   16.81062    160.000    12.9204    12.8882 4.0731e+04   4.078738     0.1249     0.0549    98.6357 1.8792e-04          0     0.5055     0.5180     0.0635     0.1148     4.5885     0.0000     0.0097     0.0000     0.5046     0.5170    34.7817    34.8653    26.2441    26.3153      1.119      1.484      0.421      0.559 0.0000e+00
       9792    407.960    162.025 -106.85724   16.81062    161.000    12.9048    12.8799 4.0716e+04   4.077712     0.1124     0.0549    98.6353 1.7932e-04          0     0.5056     0.5179     0.0623     0.1146     4.5885     0.0000     0.0096     0.0000     0.5045     0.5170    34.7812    34.8628    26.2469    26.3151      1.163      1.541      0.438      0.580 0.0000e+00
       9860    410.799    163.031 -106.85724   16.81062    162.000    12.8426    12.8076 4.0657e+04   4.071275     0.1126     0.0551    98.6310 1.2174e-04          0     0.5055     0.5179     0.0623     0.1146     4.5883     0.0000     0.0093     0.0000     0.5046     0.5169    34.7818    34.8675    26.2597    26.3331      1.152      1.448      0.433      0.544 0.0000e+00
       9878    411.538    164.038 -106.85724   16.81062    163.000    12.8235    12.7927 4.0639e+04   4.069631     0.1023     0.0550    98.6343 1.5886e-04          0     0.5055     0.5178     0.0612     0.1147     4.5884     0.0000     0.0095     0.0000     0.5046     0.5168    34.7819    34.8651    26.2636    26.3342      1.159      1.490      0.436      0.560 0.0000e+00
       9897    412.323    165.045 -106.85724   16.81062    164.000    12.8121    12.7806 4.0628e+04   4.068562     0.0891     0.0549    98.6357 1.1672e-04          0     0.5056     0.5180     0.0599     0.1148     4.5885     0.0000     0.0092     0.0000     0.5046     0.5169    34.7813    34.8656    26.2654    26.3370      1.160      1.496      0.436      0.562 0.0000e+00
       9920    413.307    166.051 -106.85724   16.81062    165.000    12.7883    12.7563 4.0605e+04   4.066318     0.0895     0.0548    98.6381 1.5880e-04          0     0.5055     0.5180     0.0599     0.1147     4.5886     0.0000     0.0095     0.0000     0.5046     0.5168    34.7812    34.8661    26.2701    26.3423      1.161      1.461      0.436      0.549 0.0000e+00
      10035    418.071    167.059 -106.85724   16.81062    166.000    12.7992    12.7599 4.0616e+04   4.066168     0.0890     0.0545    98.6473 1.1580e-04          0     0.5055     0.5176     0.0599     0.1146     4.5890     0.0000     0.0092     0.0000     0.5046     0.5168    34.7808    34.8609    26.2677    26.3375      1.162      1.510      0.437      0.567 0.0000e+00
      10084    420.121    168.065 -106.85724   16.81062    167.000    12.6852    12.6685 4.0506e+04   4.059165     0.0883     0.0544    98.6494 6.8619e-05          0     0.5055     0.5177     0.0598     0.1147     4.5891     0.0000     0.0089     0.0000     0.5046     0.5168    34.7800    34.8778    26.2895    26.3687      1.154      1.452      0.433      0.544 0.0000e+00
      10108    421.139    169.072 -106.85724   16.81062    168.000    12.6361    12.6044 4.0459e+04   4.051664     0.0883     0.0529    98.6849 1.0145e-04          0     0.5055     0.5177     0.0598     0.1145     4.5908     0.0000     0.0091     0.0000     0.5046     0.5168    34.7795    34.8646    26.2989    26.3711      1.154      1.452      0.432      0.544 0.0000e+00
      10142    422.546    170.079 -106.85724   16.81062    169.000    12.6161    12.5845 4.0439e+04   4.049609     0.0883     0.0533    98.6767 8.7727e-05          0     0.5055     0.5179     0.0598     0.1147     4.5904     0.0000     0.0091     0.0000     0.5046     0.5166    34.7787    34.8629    26.3023    26.3738      1.155      1.466      0.432      0.549 0.0000e+00
      10262    427.542    171.085 -106.85724   16.81062    170.000    12.6349    12.6011 4.0457e+04   4.051082     0.0883     0.0533    98.6754 1.1668e-04          0     0.5054     0.5174     0.0598     0.1146     4.5904     0.0000     0.0092     0.0000     0.5045     0.5165    34.7784    34.8612    26.2983    26.3692      1.163      1.443      0.436      0.540 0.0000e+00
      10295    428.908    172.092 -106.85724   16.81062    171.000    12.5815    12.5495 4.0407e+04   4.046397     0.0883     0.0528    98.6881 1.0175e-04          0     0.5055     0.5174     0.0598     0.1147     4.5910     0.0000     0.0092     0.0000     0.5046     0.5166    34.7790    34.8636    26.3093    26.3812      1.134      1.441      0.424      0.539 0.0000e+00
