data/ctd-cnv/KM1919/KM1919-St20-P2/St20_P2_cast42-align-cellTM-derive-bin.cnv
* Sea-Bird SBE 9 Data File:
* FileName = C:\Users\otg\Desktop\CTD Data\km1920\St20_P2_cast42.hex
* Software Version Seasave V 7.26.7.107
* Temperature SN = 5554
* Conductivity SN = 3876
* Number of Bytes Per Scan = 41
* Number of Voltage Words = 4
* Number of Scans Averaged by the Deck Unit = 1
* NMEA Latitude = 16 45.02 N
* NMEA Longitude = 106 48.09 W
* NMEA UTC (Time) = Oct 08 2019  06:56:06
* NMEA baud rate = 4800
** Ship: Kilo Moana
** Station: St20_P2 cast 42
** Operator: kc
** midnight diel cast
# nquan = 34
# nvalues = 203                         
# units = specified
# name 0 = scan: Scan Count
# name 1 = timeS: Time, Elapsed [seconds]
# name 2 = prDM: Pressure, Digiquartz [db]
# name 3 = longitude: Longitude [deg]
# name 4 = latitude: Latitude [deg]
# name 5 = depSMignore: Depth [salt water, m]
# name 6 = t090C: Temperature [ITS-90, deg C]
# name 7 = t190C: Temperature, 2 [ITS-90, deg C]
# name 8 = c0uS/cm: Conductivity [uS/cm]
# name 9 = c1S/m: Conductivity, 2 [S/m]
# name 10 = flECO-AFL: Fluorescence, WET Labs ECO-AFL/FL [mg/m^3]
# name 11 = CStarAt0: Beam Attenuation, WET Labs C-Star [1/m]
# name 12 = CStarTr0: Beam Transmission, WET Labs C-Star [%]
# name 13 = par: PAR/Irradiance, Biospherical/Licor
# name 14 = modError: Modulo Error Count
# name 15 = v0: Voltage 0
# name 16 = v1: Voltage 1
# name 17 = v2: Voltage 2
# name 18 = v3: Voltage 3
# name 19 = v4: Voltage 4
# name 20 = v5: Voltage 5
# name 21 = v6: Voltage 6
# name 22 = v7: Voltage 7
# name 23 = sbeox0V: Oxygen raw, SBE 43 [V]
# name 24 = sbeox1V: Oxygen raw, SBE 43, 2 [V]
# name 25 = sal00: Salinity, Practical [PSU]
# name 26 = sal11: Salinity, Practical, 2 [PSU]
# name 27 = sigma-é00: Density [sigma-theta, kg/m^3]
# name 28 = sigma-é11: Density, 2 [sigma-theta, kg/m^3]
# name 29 = sbeox0Mm/L: Oxygen, SBE 43 [umol/l], WS = 2
# name 30 = sbeox1Mm/L: Oxygen, SBE 43, 2 [umol/l], WS = 2
# name 31 = sbeox0PS: Oxygen, SBE 43 [% saturation], WS = 2
# name 32 = sbeox1PS: Oxygen, SBE 43, 2 [% saturation], WS = 2
# name 33 = flag: flag
# span 0 =       -124,       9579       
# span 1 =     -5.197,    399.081       
# span 2 =      1.006,    204.312       
# span 3 = -106.80156, -106.80152       
# span 4 =   16.75016,   16.75025       
# span 5 =      1.000,    203.000       
# span 6 =    12.1619,    29.6454       
# span 7 =    12.1425,    29.6028       
# span 8 = 4.0014e+04, 5.7362e+04       
# span 9 =   4.007659,   5.744289       
# span 10 =     0.0380,     1.4173      
# span 11 =     0.0272,     0.1179      
# span 12 =    97.0945,    99.3233      
# span 13 = 1.5916e-03, 5.0682e+00      
# span 14 =          0,          0      
# span 15 =     0.5052,     2.4910      
# span 16 =     0.5166,     2.4801      
# span 17 =     0.0547,     0.1927      
# span 18 =     0.1123,     0.1172      
# span 19 =     4.5168,     4.6205      
# span 20 =     0.0000,     0.0000      
# span 21 =     0.0158,     1.7310      
# span 22 =     0.0000,     0.0000      
# span 23 =     0.5037,     2.4955      
# span 24 =     0.5156,     2.4712      
# span 25 =    34.3070,    34.7836      
# span 26 =    34.4220,    34.8728      
# span 27 =    21.5317,    26.3877      
# span 28 =    21.6098,    26.4530      
# span 29 =      0.968,    228.447      
# span 30 =      1.322,    239.494      
# span 31 =      0.359,    107.090      
# span 32 =      0.490,    111.901      
# span 33 = 0.0000e+00, 0.0000e+00      
# interval = meters: 1                  
# start_time = Oct 08 2019 07:04:43 [NMEA time, first data scan]
# bad_flag = -9.990e-29
*END*
[from data line 171]
       8166    340.189    173.099 -106.80154   16.75018    172.000    12.6502    12.6178 4.0477e+04   4.053364     0.0775     0.0420    98.9558 2.4685e-03          0     0.5067     0.5188     0.0587     0.1148     4.6034     0.0000     0.0195     0.0000     0.5054     0.5175    34.7826    34.8669    26.2987    26.3704      1.170      1.627      0.438      0.609 0.0000e+00
       8199    341.588    174.105 -106.80154   16.75018    173.000    12.6396    12.6080 4.0467e+04   4.052366     0.0767     0.0420    98.9555 2.4642e-03          0     0.5066     0.5186     0.0587     0.1148     4.6034     0.0000     0.0195     0.0000     0.5051     0.5172    34.7827    34.8660    26.3009    26.3716      1.168      1.504      0.437      0.563 0.0000e+00
       8248    343.639    175.112 -106.80154   16.75018    174.000    12.6344    12.6028 4.0463e+04   4.051888     0.0766     0.0414    98.9702 2.3328e-03          0     0.5063     0.5183     0.0587     0.1148     4.6041     0.0000     0.0190     0.0000     0.5048     0.5172    34.7831    34.8658    26.3022    26.3725      1.232      1.596      0.461      0.597 0.0000e+00
       8285    345.183    176.119 -106.80154   16.75018    175.000    12.6311    12.5985 4.0461e+04   4.051587     0.0770     0.0411    98.9773 2.2434e-03          0     0.5061     0.5180     0.0587     0.1148     4.6044     0.0000     0.0186     0.0000     0.5052     0.5172    34.7836    34.8664    26.3033    26.3739      1.218      1.554      0.456      0.582 0.0000e+00
       8309    346.168    177.126 -106.80154   16.75018    176.000    12.6233    12.5928 4.0454e+04   4.051017     0.0833     0.0411    98.9770 2.1698e-03          0     0.5057     0.5179     0.0593     0.1147     4.6044     0.0000     0.0183     0.0000     0.5049     0.5171    34.7832    34.8658    26.3045    26.3746      1.256      1.538      0.470      0.576 0.0000e+00
       8328    346.956    178.133 -106.80154   16.75018    177.000    12.5840    12.5490 4.0415e+04   4.047575     0.0857     0.0411    98.9770 2.2776e-03          0     0.5058     0.5181     0.0595     0.1145     4.6044     0.0000     0.0187     0.0000     0.5051     0.5171    34.7820    34.8728    26.3113    26.3886      1.168      1.525      0.437      0.570 0.0000e+00
       8346    347.708    179.139 -106.80154   16.75018    178.000    12.5489    12.5174 4.0382e+04   4.043867     0.0768     0.0411    98.9770 2.1731e-03          0     0.5057     0.5183     0.0587     0.1147     4.6044     0.0000     0.0183     0.0000     0.5048     0.5170    34.7826    34.8659    26.3186    26.3895      1.105      1.528      0.413      0.571 0.0000e+00
       8365    348.502    180.146 -106.80154   16.75018    179.000    12.5433    12.5116 4.0377e+04   4.043327     0.0767     0.0419    98.9584 2.1730e-03          0     0.5061     0.5180     0.0587     0.1147     4.6035     0.0000     0.0183     0.0000     0.5048     0.5171    34.7821    34.8656    26.3194    26.3904      1.156      1.505      0.432      0.562 0.0000e+00
       8394    349.724    181.153 -106.80154   16.75018    180.000    12.5228    12.4913 4.0357e+04   4.041411     0.0735     0.0415    98.9678 2.1730e-03          0     0.5060     0.5181     0.0583     0.1147     4.6040     0.0000     0.0183     0.0000     0.5046     0.5170    34.7816    34.8656    26.3231    26.3944      1.148      1.527      0.429      0.570 0.0000e+00
       8514    354.719    182.160 -106.80154   16.75016    181.000    12.5439    12.5058 4.0379e+04   4.042770     0.0760     0.0415    98.9681 2.1730e-03          0     0.5054     0.5178     0.0586     0.1147     4.6040     0.0000     0.0183     0.0000     0.5046     0.5169    34.7824    34.8648    26.3196    26.3910      1.174      1.521      0.439      0.568 0.0000e+00
       8536    355.615    183.167 -106.80156   16.75016    182.000    12.4881    12.4532 4.0324e+04   4.038085     0.0767     0.0411    98.9759 2.1600e-03          0     0.5055     0.5177     0.0587     0.1147     4.6043     0.0000     0.0182     0.0000     0.5046     0.5168    34.7808    34.8680    26.3293    26.4037      1.171      1.493      0.437      0.557 0.0000e+00
       8555    356.430    184.174 -106.80156   16.75016    183.000    12.4565    12.4245 4.0294e+04   4.035013     0.0761     0.0411    98.9770 2.1562e-03          0     0.5055     0.5178     0.0586     0.1148     4.6044     0.0000     0.0182     0.0000     0.5046     0.5169    34.7803    34.8646    26.3351    26.4067      1.189      1.476      0.443      0.551 0.0000e+00
       8573    357.170    185.181 -106.80156   16.75016    184.000    12.4512    12.4194 4.0289e+04   4.034348     0.0768     0.0411    98.9770 2.1736e-03          0     0.5055     0.5177     0.0587     0.1147     4.6044     0.0000     0.0183     0.0000     0.5047     0.5165    34.7802    34.8625    26.3361    26.4061      1.188      1.451      0.443      0.541 0.0000e+00
       8591    357.912    186.187 -106.80156   16.75016    185.000    12.4474    12.4157 4.0285e+04   4.034061     0.0774     0.0411    98.9770 2.1285e-03          0     0.5055     0.5178     0.0587     0.1148     4.6044     0.0000     0.0181     0.0000     0.5046     0.5169    34.7795    34.8627    26.3363    26.4070      1.154      1.589      0.430      0.593 0.0000e+00
       8610    358.726    187.194 -106.80156   16.75016    186.000    12.4385    12.4069 4.0276e+04   4.033228     0.0711     0.0411    98.9770 2.1717e-03          0     0.5055     0.5178     0.0581     0.1149     4.6044     0.0000     0.0183     0.0000     0.5046     0.5167    34.7791    34.8624    26.3377    26.4085      1.171      1.476      0.436      0.550 0.0000e+00
       8638    359.873    188.201 -106.80156   16.75016    187.000    12.4136    12.3808 4.0253e+04   4.030860     0.0643     0.0411    98.9770 2.1209e-03          0     0.5055     0.5177     0.0574     0.1147     4.6044     0.0000     0.0181     0.0000     0.5046     0.5168    34.7788    34.8633    26.3423    26.4143      1.174      1.505      0.437      0.561 0.0000e+00
       8687    361.924    189.208 -106.80154   16.75016    188.000    12.3785    12.3456 4.0219e+04   4.027379     0.0684     0.0406    98.9906 2.0441e-03          0     0.5055     0.5177     0.0578     0.1148     4.6050     0.0000     0.0178     0.0000     0.5046     0.5168    34.7783    34.8619    26.3488    26.4201      1.175      1.494      0.437      0.556 0.0000e+00
       8746    364.372    190.215 -106.80154   16.75016    189.000    12.3423    12.3116 4.0184e+04   4.024042     0.0639     0.0400    99.0045 1.9727e-03          0     0.5055     0.5176     0.0574     0.1146     4.6057     0.0000     0.0175     0.0000     0.5046     0.5165    34.7776    34.8609    26.3554    26.4259      1.176      1.480      0.438      0.550 0.0000e+00
       8784    365.976    191.222 -106.80154   16.75016    190.000    12.3365    12.3057 4.0178e+04   4.023440     0.0765     0.0397    99.0131 1.8453e-03          0     0.5055     0.5177     0.0586     0.1149     4.6060     0.0000     0.0169     0.0000     0.5046     0.5166    34.7773    34.8601    26.3562    26.4265      1.176      1.475      0.438      0.549 0.0000e+00
       8816    367.274    192.229 -106.80155   16.75016    191.000    12.3296    12.2989 4.0173e+04   4.022822     0.0704     0.0405    98.9927 1.8043e-03          0     0.5055     0.5175     0.0580     0.1150     4.6051     0.0000     0.0167     0.0000     0.5046     0.5166    34.7779    34.8600    26.3581    26.4277      1.157      1.477      0.431      0.549 0.0000e+00
       8844    368.473    193.236 -106.80156   16.75016    192.000    12.3227    12.2914 4.0167e+04   4.022192     0.0629     0.0402    99.0015 1.7418e-03          0     0.5055     0.5175     0.0573     0.1148     4.6055     0.0000     0.0165     0.0000     0.5046     0.5165    34.7778    34.8604    26.3594    26.4295      1.186      1.437      0.441      0.534 0.0000e+00
       8871    369.576    194.243 -106.80156   16.75016    193.000    12.3178    12.2867 4.0162e+04   4.021716     0.0635     0.0401    99.0033 1.6688e-03          0     0.5055     0.5175     0.0574     0.1149     4.6056     0.0000     0.0162     0.0000     0.5046     0.5163    34.7777    34.8597    26.3602    26.4299      1.164      1.415      0.433      0.526 0.0000e+00
       8899    370.768    195.250 -106.80156   16.75016    194.000    12.3149    12.2838 4.0159e+04   4.021468     0.0635     0.0398    99.0113 1.6441e-03          0     0.5055     0.5175     0.0574     0.1148     4.6060     0.0000     0.0161     0.0000     0.5046     0.5163    34.7773    34.8596    26.3605    26.4305      1.170      1.461      0.435      0.543 0.0000e+00
       8944    372.645    196.256 -106.80156   16.75016    195.000    12.3118    12.2823 4.0157e+04   4.021338     0.0679     0.0399    99.0070 1.6087e-03          0     0.5055     0.5173     0.0578     0.1147     4.6058     0.0000     0.0159     0.0000     0.5045     0.5164    34.7777    34.8593    26.3615    26.4305      1.142      1.410      0.425      0.524 0.0000e+00
       9021    375.834    197.263 -106.80156   16.75016    196.000    12.3076    12.2770 4.0154e+04   4.020925     0.0630     0.0396    99.0156 1.6063e-03          0     0.5055     0.5173     0.0573     0.1147     4.6062     0.0000     0.0159     0.0000     0.5045     0.5161    34.7775    34.8598    26.3622    26.4320      1.159      1.418      0.431      0.527 0.0000e+00
       9137    380.653    198.270 -106.80156   16.75016    197.000    12.3014    12.2711 4.0148e+04   4.020310     0.0638     0.0398    99.0096 1.6063e-03          0     0.5054     0.5169     0.0574     0.1147     4.6059     0.0000     0.0159     0.0000     0.5044     0.5159    34.7775    34.8589    26.3634    26.4324      1.159      1.355      0.431      0.504 0.0000e+00
       9253    385.487    199.277 -106.80156   16.75016    198.000    12.2973    12.2650 4.0145e+04   4.019929     0.0639     0.0401    99.0031 1.6063e-03          0     0.5053     0.5169     0.0574     0.1148     4.6056     0.0000     0.0159     0.0000     0.5045     0.5159    34.7776    34.8605    26.3642    26.4348      1.197      1.389      0.445      0.516 0.0000e+00
       9276    386.459    200.284 -106.80156   16.75016    199.000    12.2737    12.2416 4.0122e+04   4.017781     0.0639     0.0391    99.0261 1.6063e-03          0     0.5054     0.5169     0.0574     0.1149     4.6066     0.0000     0.0159     0.0000     0.5045     0.5160    34.7773    34.8610    26.3686    26.4398      1.124      1.389      0.418      0.516 0.0000e+00
       9303    387.570    201.291 -106.80156   16.75016    200.000    12.2369    12.2047 4.0086e+04   4.014254     0.0707     0.0392    99.0249 1.6063e-03          0     0.5053     0.5169     0.0581     0.1148     4.6066     0.0000     0.0159     0.0000     0.5043     0.5159    34.7759    34.8607    26.3747    26.4467      1.056      1.370      0.392      0.509 0.0000e+00
       9416    392.289    202.298 -106.80156   16.75016    201.000    12.2465    12.2044 4.0096e+04   4.013865     0.0633     0.0387    99.0366 1.6063e-03          0     0.5053     0.5167     0.0573     0.1146     4.6072     0.0000     0.0159     0.0000     0.5042     0.5158    34.7760    34.8568    26.3729    26.4438      1.115      1.344      0.414      0.499 0.0000e+00
       9524    396.804    203.305 -106.80156   16.75016    202.000    12.2158    12.1738 4.0066e+04   4.011313     0.0636     0.0387    99.0359 1.6063e-03          0     0.5052     0.5167     0.0574     0.1147     4.6071     0.0000     0.0159     0.0000     0.5042     0.5157    34.7754    34.8601    26.3784    26.4522      1.016      1.335      0.377      0.495 0.0000e+00
       9579    399.081    204.312 -106.80156   16.75016    203.000    12.1619    12.1425 4.0014e+04   4.007659     0.0380     0.0387    99.0372 1.5916e-03          0     0.5054     0.5166     0.0547     0.1148     4.6072     0.0000     0.0158     0.0000     0.5037     0.5156    34.7740    34.8533    26.3877    26.4530      0.968      1.322      0.359      0.490 0.0000e+00
