data/ctd-cnv/KM1919/KM1919-St20-P2/St20_P2_cast38-align-cellTM-derive-bin.cnv
* Sea-Bird SBE 9 Data File:
* FileName = C:\Users\otg\Desktop\CTD Data\km1920\St20_P2_cast38.hex
* Software Version Seasave V 7.26.7.107
* Temperature SN = 5554
* Conductivity SN = 3876
* Number of Bytes Per Scan = 41
* Number of Voltage Words = 4
* Number of Scans Averaged by the Deck Unit = 1
* NMEA Latitude = 16 46.02 N
* NMEA Longitude = 106 49.11 W
* NMEA UTC (Time) = Oct 07 2019  16:45:12
* NMEA baud rate = 4800
** Ship: Kilo Moana
** Station: St20_P2cast 38
** Operator: jac
# nquan = 34
# nvalues = 251                         
# units = specified
# name 0 = scan: Scan Count
# name 1 = timeS: Time, Elapsed [seconds]
# name 2 = prDM: Pressure, Digiquartz [db]
# name 3 = longitude: Longitude [deg]
# name 4 = latitude: Latitude [deg]
# name 5 = depSM: Depth [salt water, m]
# name 6 = t090C: Temperature [ITS-90, deg C]
# name 7 = t190C: Temperature, 2 [ITS-90, deg C]
# name 8 = c0uS/cm: Conductivity [uS/cm]
# name 9 = c1S/m: Conductivity, 2 [S/m]
# name 10 = flECO-AFL: Fluorescence, WET Labs ECO-AFL/FL [mg/m^3]
# name 11 = CStarAt0: Beam Attenuation, WET Labs C-Star [1/m]
# name 12 = CStarTr0: Beam Transmission, WET Labs C-Star [%]
# name 13 = par: PAR/Irradiance, Biospherical/Licor
# name 14 = modError: Modulo Error Count
# name 15 = v0: Voltage 0
# name 16 = v1: Voltage 1
# name 17 = v2: Voltage 2
# name 18 = v3: Voltage 3
# name 19 = v4: Voltage 4
# name 20 = v5: Voltage 5
# name 21 = v6: Voltage 6
# name 22 = v7: Voltage 7
# name 23 = sbeox0V: Oxygen raw, SBE 43 [V]
# name 24 = sbeox1V: Oxygen raw, SBE 43, 2 [V]
# name 25 = sal00: Salinity, Practical [PSU]
# name 26 = sal11: Salinity, Practical, 2 [PSU]
# name 27 = sigma-é00: Density [sigma-theta, kg/m^3]
# name 28 = sigma-é11: Density, 2 [sigma-theta, kg/m^3]
# name 29 = sbeox0Mm/L: Oxygen, SBE 43 [umol/l], WS = 2
# name 30 = sbeox1Mm/L: Oxygen, SBE 43, 2 [umol/l], WS = 2
# name 31 = sbeox0PS: Oxygen, SBE 43 [% saturation], WS = 2
# name 32 = sbeox1PS: Oxygen, SBE 43, 2 [% saturation], WS = 2
# name 33 = flag: flag
# span 0 =         65,       9589       
# span 1 =      2.653,    399.482       
# span 2 =      2.012,    253.659       
# span 3 = -106.81854, -106.81849       
# span 4 =   16.76694,   16.76698       
# span 5 =      2.000,    252.000       
# span 6 =    11.5737,    29.6002       
# span 7 =    11.5436,    29.5606       
# span 8 = 3.9450e+04, 5.7319e+04       
# span 9 =   3.950452,   5.740035       
# span 10 =     0.0228,     1.5943      
# span 11 =     0.0211,     0.1122      
# span 12 =    97.2343,    99.4728      
# span 13 = 3.6832e-03, 1.0575e+03      
# span 14 =          0,          0      
# span 15 =     0.5046,     2.4875      
# span 16 =     0.5164,     2.4722      
# span 17 =     0.0532,     0.2104      
# span 18 =     0.1126,     0.1157      
# span 19 =     4.5234,     4.6275      
# span 20 =     0.0000,     0.0000      
# span 21 =     0.0247,     4.0315      
# span 22 =     0.0000,     0.0000      
# span 23 =     0.5036,     2.4809      
# span 24 =     0.5153,     2.4690      
# span 25 =    34.2599,    34.7850      
# span 26 =    34.3510,    34.8705      
# span 27 =    21.5499,    26.4825      
# span 28 =    21.6263,    26.5517      
# span 29 =      1.027,    227.689      
# span 30 =      1.297,    239.443      
# span 31 =      0.376,    106.025      
# span 32 =      0.477,    111.375      
# span 33 = 0.0000e+00, 0.0000e+00      
# interval = meters: 1                  
# start_time = Oct 07 2019 16:50:06 [NMEA time, first data scan]
# bad_flag = -9.990e-29
*END*
[from data line 171]
       6941    289.161    174.106 -106.81850   16.76696    173.000    12.8314    12.7998 4.0653e+04   4.070880     0.0854     0.0379    99.0558 6.2895e-03          0     0.5079     0.5197     0.0595     0.1146     4.6081     0.0000     0.0356     0.0000     0.5069     0.5187    34.7837    34.8662    26.2637    26.3339      1.546      1.766      0.581      0.664 0.0000e+00
       6961    289.998    175.112 -106.81850   16.76696    174.000    12.8235    12.7914 4.0646e+04   4.070208     0.0884     0.0379    99.0558 6.2293e-03          0     0.5078     0.5195     0.0598     0.1147     4.6081     0.0000     0.0354     0.0000     0.5070     0.5186    34.7840    34.8671    26.2655    26.3363      1.534      1.785      0.577      0.671 0.0000e+00
       6980    290.799    176.119 -106.81850   16.76696    175.000    12.8063    12.7742 4.0630e+04   4.068649     0.0901     0.0379    99.0558 6.4296e-03          0     0.5079     0.5196     0.0600     0.1147     4.6081     0.0000     0.0362     0.0000     0.5070     0.5186    34.7838    34.8676    26.2688    26.3401      1.469      1.732      0.552      0.650 0.0000e+00
       7000    291.624    177.126 -106.81850   16.76697    176.000    12.7718    12.7388 4.0597e+04   4.065575     0.0996     0.0382    99.0494 6.2788e-03          0     0.5077     0.5196     0.0610     0.1150     4.6078     0.0000     0.0356     0.0000     0.5068     0.5184    34.7838    34.8705    26.2757    26.3494      1.447      1.689      0.543      0.634 0.0000e+00
       7022    292.562    178.133 -106.81850   16.76698    177.000    12.7414    12.7098 4.0568e+04   4.062466     0.0888     0.0381    99.0503 6.2306e-03          0     0.5078     0.5196     0.0599     0.1147     4.6078     0.0000     0.0354     0.0000     0.5068     0.5184    34.7837    34.8671    26.2817    26.3525      1.399      1.749      0.525      0.656 0.0000e+00
       7053    293.816    179.140 -106.81850   16.76698    178.000    12.7279    12.6964 4.0556e+04   4.061212     0.0883     0.0382    99.0494 6.2306e-03          0     0.5079     0.5195     0.0598     0.1147     4.6078     0.0000     0.0354     0.0000     0.5065     0.5183    34.7837    34.8669    26.2843    26.3551      1.437      1.708      0.539      0.641 0.0000e+00
       7099    295.754    180.147 -106.81850   16.76698    179.000    12.7158    12.6845 4.0545e+04   4.060047     0.0883     0.0379    99.0553 6.2306e-03          0     0.5077     0.5193     0.0598     0.1147     4.6081     0.0000     0.0354     0.0000     0.5064     0.5182    34.7841    34.8663    26.2870    26.3570      1.352      1.710      0.507      0.641 0.0000e+00
       7147    297.763    181.153 -106.81850   16.76698    180.000    12.7122    12.6810 4.0542e+04   4.059726     0.0883     0.0378    99.0574 6.2306e-03          0     0.5074     0.5191     0.0598     0.1148     4.6082     0.0000     0.0354     0.0000     0.5062     0.5184    34.7843    34.8661    26.2880    26.3576      1.365      1.757      0.512      0.659 0.0000e+00
       7174    298.892    182.160 -106.81850   16.76698    181.000    12.7082    12.6768 4.0539e+04   4.059435     0.0883     0.0371    99.0779 6.2306e-03          0     0.5074     0.5192     0.0598     0.1147     4.6091     0.0000     0.0354     0.0000     0.5061     0.5180    34.7848    34.8667    26.2891    26.3589      1.315      1.593      0.493      0.597 0.0000e+00
       7194    299.707    183.167 -106.81850   16.76697    182.000    12.7023    12.6708 4.0534e+04   4.058938     0.0800     0.0369    99.0821 6.2306e-03          0     0.5070     0.5190     0.0590     0.1147     4.6093     0.0000     0.0354     0.0000     0.5059     0.5179    34.7846    34.8671    26.2901    26.3604      1.346      1.698      0.505      0.637 0.0000e+00
       7210    300.388    184.174 -106.81850   16.76696    183.000    12.6912    12.6594 4.0524e+04   4.057946     0.0784     0.0369    99.0820 6.2123e-03          0     0.5072     0.5190     0.0588     0.1148     4.6093     0.0000     0.0353     0.0000     0.5060     0.5181    34.7847    34.8677    26.2925    26.3631      1.386      1.773      0.520      0.665 0.0000e+00
       7225    301.012    185.181 -106.81850   16.76696    184.000    12.6785    12.6467 4.0512e+04   4.056787     0.0882     0.0368    99.0839 6.0641e-03          0     0.5071     0.5193     0.0598     0.1148     4.6094     0.0000     0.0347     0.0000     0.5059     0.5183    34.7849    34.8678    26.2952    26.3658      1.361      1.707      0.510      0.640 0.0000e+00
       7241    301.656    186.188 -106.81850   16.76696    185.000    12.6691    12.6376 4.0503e+04   4.055910     0.0827     0.0368    99.0851 5.9376e-03          0     0.5071     0.5193     0.0592     0.1147     4.6094     0.0000     0.0342     0.0000     0.5059     0.5180    34.7847    34.8675    26.2969    26.3673      1.350      1.637      0.506      0.613 0.0000e+00
       7258    302.392    187.195 -106.81850   16.76696    186.000    12.6625    12.6310 4.0498e+04   4.055285     0.0757     0.0369    99.0821 6.0862e-03          0     0.5069     0.5189     0.0586     0.1147     4.6093     0.0000     0.0348     0.0000     0.5059     0.5179    34.7850    34.8671    26.2984    26.3684      1.343      1.685      0.503      0.631 0.0000e+00
       7281    303.339    188.201 -106.81850   16.76696    187.000    12.6568    12.6250 4.0492e+04   4.054727     0.0761     0.0369    99.0829 5.8574e-03          0     0.5068     0.5189     0.0586     0.1147     4.6093     0.0000     0.0339     0.0000     0.5059     0.5181    34.7847    34.8669    26.2994    26.3694      1.316      1.695      0.493      0.635 0.0000e+00
       7313    304.646    189.208 -106.81850   16.76696    188.000    12.6412    12.6094 4.0478e+04   4.053293     0.0761     0.0369    99.0820 5.8694e-03          0     0.5069     0.5190     0.0586     0.1147     4.6093     0.0000     0.0339     0.0000     0.5058     0.5179    34.7846    34.8671    26.3024    26.3727      1.358      1.680      0.509      0.629 0.0000e+00
       7352    306.289    190.215 -106.81850   16.76696    189.000    12.6234    12.5929 4.0461e+04   4.051691     0.0761     0.0369    99.0820 5.7725e-03          0     0.5068     0.5189     0.0586     0.1146     4.6093     0.0000     0.0335     0.0000     0.5058     0.5180    34.7845    34.8666    26.3058    26.3755      1.336      1.677      0.500      0.628 0.0000e+00
       7386    307.690    191.222 -106.81850   16.76696    190.000    12.6140    12.5832 4.0452e+04   4.050785     0.0761     0.0368    99.0839 5.6410e-03          0     0.5067     0.5189     0.0586     0.1147     4.6094     0.0000     0.0330     0.0000     0.5058     0.5179    34.7842    34.8664    26.3075    26.3773      1.324      1.651      0.495      0.618 0.0000e+00
       7413    308.846    192.229 -106.81850   16.76696    191.000    12.6102    12.5796 4.0448e+04   4.050429     0.0761     0.0369    99.0820 5.6412e-03          0     0.5067     0.5189     0.0586     0.1145     4.6093     0.0000     0.0330     0.0000     0.5056     0.5177    34.7838    34.8659    26.3080    26.3776      1.179      1.626      0.441      0.608 0.0000e+00
       7442    310.048    193.236 -106.81850   16.76696    192.000    12.6089    12.5778 4.0447e+04   4.050295     0.0761     0.0369    99.0829 5.6412e-03          0     0.5067     0.5189     0.0586     0.1146     4.6093     0.0000     0.0330     0.0000     0.5052     0.5178    34.7835    34.8658    26.3080    26.3779      1.268      1.686      0.475      0.631 0.0000e+00
       7474    311.383    194.243 -106.81850   16.76696    193.000    12.6070    12.5761 4.0447e+04   4.050187     0.0761     0.0362    99.0988 5.6412e-03          0     0.5067     0.5187     0.0586     0.1136     4.6101     0.0000     0.0330     0.0000     0.5056     0.5179    34.7845    34.8659    26.3091    26.3784      1.415      1.674      0.530      0.626 0.0000e+00
       7504    312.618    195.250 -106.81850   16.76696    194.000    12.6018    12.5704 4.0442e+04   4.049665     0.0761     0.0358    99.1074 5.6412e-03          0     0.5065     0.5186     0.0586     0.1128     4.6105     0.0000     0.0330     0.0000     0.5057     0.5179    34.7841    34.8658    26.3099    26.3794      1.359      1.715      0.509      0.642 0.0000e+00
       7529    313.649    196.257 -106.81850   16.76696    195.000    12.5747    12.5426 4.0416e+04   4.047472     0.0761     0.0365    99.0919 5.6412e-03          0     0.5061     0.5187     0.0586     0.1143     4.6098     0.0000     0.0330     0.0000     0.5058     0.5181    34.7837    34.8700    26.3149    26.3882      1.345      1.728      0.503      0.646 0.0000e+00
       7550    314.530    197.263 -106.81850   16.76696    196.000    12.5098    12.4783 4.0352e+04   4.041228     0.0761     0.0363    99.0957 5.5998e-03          0     0.5065     0.5188     0.0586     0.1148     4.6099     0.0000     0.0328     0.0000     0.5057     0.5180    34.7818    34.8690    26.3262    26.4000      1.313      1.706      0.491      0.637 0.0000e+00
       7570    315.374    198.270 -106.81850   16.76696    197.000    12.4611    12.4284 4.0305e+04   4.036308     0.0767     0.0365    99.0926 5.6115e-03          0     0.5066     0.5188     0.0587     0.1150     4.6098     0.0000     0.0329     0.0000     0.5057     0.5181    34.7809    34.8674    26.3350    26.4085      1.350      1.677      0.504      0.626 0.0000e+00
       7590    316.220    199.277 -106.81850   16.76696    198.000    12.4144    12.3800 4.0259e+04   4.031730     0.0749     0.0362    99.0977 5.6409e-03          0     0.5066     0.5187     0.0585     0.1152     4.6100     0.0000     0.0330     0.0000     0.5057     0.5177    34.7796    34.8677    26.3431    26.4181      1.280      1.544      0.477      0.575 0.0000e+00
       7611    317.103    200.284 -106.81850   16.76696    199.000    12.3496    12.3134 4.0196e+04   4.025178     0.0639     0.0358    99.1095 5.6146e-03          0     0.5067     0.5190     0.0574     0.1148     4.6106     0.0000     0.0329     0.0000     0.5054     0.5176    34.7778    34.8658    26.3543    26.4297      1.100      1.566      0.410      0.583 0.0000e+00
       7634    318.059    201.291 -106.81850   16.76696    200.000    12.2993    12.2656 4.0146e+04   4.020250     0.0639     0.0350    99.1290 5.5436e-03          0     0.5066     0.5189     0.0574     0.1147     4.6114     0.0000     0.0326     0.0000     0.5050     0.5174    34.7758    34.8621    26.3625    26.4361      1.095      1.615      0.407      0.600 0.0000e+00
       7661    319.157    202.298 -106.81850   16.76696    201.000    12.2733    12.2428 4.0120e+04   4.017761     0.0639     0.0348    99.1345 5.3492e-03          0     0.5066     0.5189     0.0574     0.1147     4.6117     0.0000     0.0317     0.0000     0.5048     0.5176    34.7751    34.8588    26.3670    26.4379      1.132      1.657      0.421      0.616 0.0000e+00
       7692    320.476    203.305 -106.81850   16.76696    202.000    12.2689    12.2389 4.0117e+04   4.017369     0.0639     0.0348    99.1345 5.3391e-03          0     0.5064     0.5184     0.0574     0.1146     4.6117     0.0000     0.0317     0.0000     0.5045     0.5173    34.7752    34.8582    26.3680    26.4382      1.127      1.526      0.419      0.567 0.0000e+00
       7729    321.994    204.312 -106.81850   16.76696    203.000    12.2627    12.2298 4.0111e+04   4.016478     0.0639     0.0348    99.1345 5.1822e-03          0     0.5059     0.5184     0.0574     0.1147     4.6117     0.0000     0.0310     0.0000     0.5045     0.5171    34.7752    34.8576    26.3692    26.4396      1.159      1.583      0.431      0.588 0.0000e+00
       7768    323.615    205.319 -106.81850   16.76696    204.000    12.2494    12.2173 4.0099e+04   4.015432     0.0639     0.0348    99.1337 5.1247e-03          0     0.5056     0.5184     0.0574     0.1147     4.6117     0.0000     0.0308     0.0000     0.5045     0.5173    34.7756    34.8587    26.3722    26.4428      1.166      1.612      0.433      0.599 0.0000e+00
       7798    324.862    206.326 -106.81850   16.76696    205.000    12.2341    12.2031 4.0085e+04   4.014012     0.0639     0.0340    99.1535 5.0639e-03          0     0.5055     0.5181     0.0574     0.1147     4.6126     0.0000     0.0305     0.0000     0.5045     0.5172    34.7749    34.8577    26.3746    26.4448      1.166      1.519      0.433      0.564 0.0000e+00
       7821    325.822    207.333 -106.81850   16.76696    206.000    12.2298    12.1988 4.0081e+04   4.013614     0.0639     0.0346    99.1396 5.0551e-03          0     0.5055     0.5181     0.0574     0.1146     4.6119     0.0000     0.0305     0.0000     0.5045     0.5171    34.7754    34.8574    26.3758    26.4454      1.167      1.581      0.433      0.587 0.0000e+00
       7843    326.734    208.340 -106.81850   16.76696    207.000    12.2208    12.1894 4.0073e+04   4.012832     0.0639     0.0345    99.1425 5.0550e-03          0     0.5055     0.5181     0.0574     0.1147     4.6121     0.0000     0.0305     0.0000     0.5045     0.5172    34.7754    34.8581    26.3775    26.4478      1.196      1.656      0.444      0.615 0.0000e+00
       7868    327.772    209.347 -106.81850   16.76696    208.000    12.2098    12.1787 4.0063e+04   4.011769     0.0639     0.0344    99.1447 5.0550e-03          0     0.5055     0.5182     0.0574     0.1147     4.6122     0.0000     0.0305     0.0000     0.5046     0.5173    34.7750    34.8573    26.3794    26.4493      1.198      1.538      0.445      0.571 0.0000e+00
       7899    329.084    210.354 -106.81850   16.76696    209.000    12.2008    12.1698 4.0054e+04   4.010936     0.0639     0.0338    99.1594 5.0550e-03          0     0.5055     0.5180     0.0574     0.1147     4.6128     0.0000     0.0305     0.0000     0.5046     0.5170    34.7746    34.8571    26.3809    26.4509      1.182      1.556      0.439      0.577 0.0000e+00
       7928    330.280    211.361 -106.81850   16.76696    210.000    12.1896    12.1585 4.0043e+04   4.009887     0.0639     0.0337    99.1609 5.0550e-03          0     0.5055     0.5181     0.0574     0.1147     4.6129     0.0000     0.0305     0.0000     0.5046     0.5171    34.7742    34.8570    26.3827    26.4530      1.183      1.635      0.439      0.607 0.0000e+00
       7949    331.183    212.368 -106.81850   16.76696    211.000    12.1828    12.1517 4.0037e+04   4.009218     0.0639     0.0338    99.1595 5.0550e-03          0     0.5055     0.5183     0.0574     0.1147     4.6128     0.0000     0.0305     0.0000     0.5046     0.5174    34.7741    34.8564    26.3840    26.4538      1.183      1.603      0.439      0.595 0.0000e+00
       7968    331.959    213.375 -106.81850   16.76696    212.000    12.1763    12.1452 4.0032e+04   4.008671     0.0639     0.0338    99.1593 5.0550e-03          0     0.5055     0.5179     0.0574     0.1147     4.6128     0.0000     0.0305     0.0000     0.5046     0.5171    34.7745    34.8568    26.3856    26.4554      1.184      1.479      0.439      0.548 0.0000e+00
       7986    332.713    214.382 -106.81850   16.76696    213.000    12.1614    12.1302 4.0017e+04   4.007267     0.0639     0.0337    99.1607 5.0550e-03          0     0.5055     0.5180     0.0574     0.1147     4.6129     0.0000     0.0305     0.0000     0.5046     0.5170    34.7732    34.8567    26.3874    26.4582      1.184      1.501      0.439      0.556 0.0000e+00
       8008    333.615    215.389 -106.81850   16.76696    214.000    12.1442    12.1129 4.0000e+04   4.005601     0.0639     0.0337    99.1608 5.0550e-03          0     0.5055     0.5180     0.0574     0.1147     4.6129     0.0000     0.0305     0.0000     0.5046     0.5168    34.7723    34.8561    26.3900    26.4611      1.185      1.522      0.439      0.564 0.0000e+00
