data/ctd-cnv/KM1919/KM1919-St20-P2/St20_P2_cast48-align-cellTM-derive-bin.cnv
* Sea-Bird SBE 9 Data File:
* FileName = C:\Users\otg\Desktop\CTD Data\km1920\St20_P2_cast48.hex
* Software Version Seasave V 7.26.7.107
* Temperature SN = 5554
* Conductivity SN = 3876
* Number of Bytes Per Scan = 41
* Number of Voltage Words = 4
* Number of Scans Averaged by the Deck Unit = 1
* NMEA Latitude = 16 45.79 N
* NMEA Longitude = 106 46.77 W
* NMEA UTC (Time) = Oct 09 2019  07:43:42
* NMEA baud rate = 4800
** Ship: Kilo Moana
** Station: St20_P2 cast 48
** Operator: CF
** midnight diel cast (DIEL 6)
# nquan = 34
# nvalues = 358                         
# units = specified
# name 0 = scan: Scan Count
# name 1 = timeS: Time, Elapsed [seconds]
# name 2 = prDM: Pressure, Digiquartz [db]
# name 3 = longitude: Longitude [deg]
# name 4 = latitude: Latitude [deg]
# name 5 = depSM: Depth [salt water, m]
# name 6 = t090C: Temperature [ITS-90, deg C]
# name 7 = t190C: Temperature, 2 [ITS-90, deg C]
# name 8 = c0uS/cm: Conductivity [uS/cm]
# name 9 = c1S/m: Conductivity, 2 [S/m]
# name 10 = flECO-AFL: Fluorescence, WET Labs ECO-AFL/FL [mg/m^3]
# name 11 = CStarAt0: Beam Attenuation, WET Labs C-Star [1/m]
# name 12 = CStarTr0: Beam Transmission, WET Labs C-Star [%]
# name 13 = par: PAR/Irradiance, Biospherical/Licor
# name 14 = modError: Modulo Error Count
# name 15 = v0: Voltage 0
# name 16 = v1: Voltage 1
# name 17 = v2: Voltage 2
# name 18 = v3: Voltage 3
# name 19 = v4: Voltage 4
# name 20 = v5: Voltage 5
# name 21 = v6: Voltage 6
# name 22 = v7: Voltage 7
# name 23 = sbeox0V: Oxygen raw, SBE 43 [V]
# name 24 = sbeox1V: Oxygen raw, SBE 43, 2 [V]
# name 25 = sal00: Salinity, Practical [PSU]
# name 26 = sal11: Salinity, Practical, 2 [PSU]
# name 27 = sigma-é00: Density [sigma-theta, kg/m^3]
# name 28 = sigma-é11: Density, 2 [sigma-theta, kg/m^3]
# name 29 = sbeox0Mm/L: Oxygen, SBE 43 [umol/l], WS = 2
# name 30 = sbeox1Mm/L: Oxygen, SBE 43, 2 [umol/l], WS = 2
# name 31 = sbeox0PS: Oxygen, SBE 43 [% saturation], WS = 2
# name 32 = sbeox1PS: Oxygen, SBE 43, 2 [% saturation], WS = 2
# name 33 = flag: flag
# span 0 =         37,      17245       
# span 1 =      1.502,    718.515       
# span 2 =      1.006,    360.450       
# span 3 = -106.77958, -106.77954       
# span 4 =   16.76310,   16.76318       
# span 5 =      1.000,    358.000       
# span 6 =     9.9152,    29.6552       
# span 7 =     9.8866,    29.6147       
# span 8 = 3.7828e+04, 5.7362e+04       
# span 9 =   3.787899,   5.744344       
# span 10 =     0.0499,     1.7619      
# span 11 =     0.0169,     0.1128      
# span 12 =    97.2192,    99.5773      
# span 13 = -9.708e-07, 6.7534e+00      
# span 14 =          0,          0      
# span 15 =     0.5031,     2.4910      
# span 16 =     0.5143,     2.4788      
# span 17 =     0.0560,     0.2272      
# span 18 =     0.1123,     0.1165      
# span 19 =     4.5227,     4.6323      
# span 20 =     0.0000,     0.0000      
# span 21 =     0.0085,     1.8228      
# span 22 =     0.0000,     0.0000      
# span 23 =     0.5026,     2.4880      
# span 24 =     0.5132,     2.4726      
# span 25 =    34.2975,    34.7834      
# span 26 =    34.3816,    34.8723      
# span 27 =    21.5234,    26.6991      
# span 28 =    21.6007,    26.7662      
# span 29 =      0.942,    229.788      
# span 30 =      0.992,    241.095      
# span 31 =      0.333,    106.582      
# span 32 =      0.350,    111.585      
# span 33 = 0.0000e+00, 0.0000e+00      
# interval = meters: 1                  
# start_time = Oct 09 2019 07:47:48 [NMEA time, first data scan]
# bad_flag = -9.990e-29
*END*
[from data line 129]
       7110    296.189    130.817 -106.77956   16.76312    130.000    14.1815    14.1459 4.1868e+04   4.192534     0.3325     0.0303    99.2443 8.3764e-04          0     0.5142     0.5297     0.0842     0.1133     4.6168     0.0000     0.0125     0.0000     0.5106     0.5253    34.7166    34.8021    25.9338    26.0074      1.754      2.460      0.678      0.950 0.0000e+00
       7128    296.965    131.824 -106.77956   16.76312    131.000    14.1647    14.1318 4.1854e+04   4.191349     0.3325     0.0311    99.2253 9.0129e-04          0     0.5138     0.5288     0.0842     0.1147     4.6159     0.0000     0.0128     0.0000     0.5101     0.5248    34.7188    34.8035    25.9391    26.0115      1.582      2.405      0.611      0.928 0.0000e+00
       7148    297.784    132.830 -106.77956   16.76312    132.000    14.1465    14.1134 4.1840e+04   4.189991     0.3561     0.0316    99.2134 8.9598e-04          0     0.5131     0.5280     0.0866     0.1123     4.6154     0.0000     0.0128     0.0000     0.5094     0.5239    34.7218    34.8070    25.9453    26.0181      1.622      2.218      0.626      0.856 0.0000e+00
       7179    299.065    133.837 -106.77954   16.76312    133.000    14.1249    14.0920 4.1822e+04   4.188086     0.3858     0.0325    99.1922 8.6455e-04          0     0.5121     0.5270     0.0896     0.1143     4.6144     0.0000     0.0126     0.0000     0.5091     0.5230    34.7243    34.8082    25.9518    26.0236      1.604      2.224      0.619      0.858 0.0000e+00
       7234    301.376    134.843 -106.77954   16.76312    134.000    14.1117    14.0791 4.1812e+04   4.186984     0.4282     0.0338    99.1594 7.6565e-04          0     0.5105     0.5248     0.0938     0.1148     4.6128     0.0000     0.0122     0.0000     0.5082     0.5223    34.7258    34.8093    25.9558    26.0272      1.576      2.186      0.608      0.843 0.0000e+00
       7271    302.900    135.850 -106.77954   16.76312    135.000    14.0954    14.0623 4.1798e+04   4.185681     0.4260     0.0337    99.1608 6.9561e-04          0     0.5101     0.5238     0.0936     0.1148     4.6129     0.0000     0.0119     0.0000     0.5082     0.5220    34.7273    34.8119    25.9604    26.0327      1.637      2.231      0.632      0.860 0.0000e+00
       7294    303.870    136.857 -106.77954   16.76312    136.000    14.0697    14.0358 4.1777e+04   4.183576     0.4184     0.0347    99.1377 6.7283e-04          0     0.5094     0.5235     0.0928     0.1147     4.6118     0.0000     0.0118     0.0000     0.5082     0.5218    34.7302    34.8159    25.9681    26.0414      1.636      2.174      0.631      0.838 0.0000e+00
       7316    304.777    137.863 -106.77954   16.76312    137.000    14.0371    14.0029 4.1750e+04   4.180893     0.4258     0.0362    99.0985 6.6040e-04          0     0.5094     0.5234     0.0936     0.1147     4.6101     0.0000     0.0118     0.0000     0.5082     0.5220    34.7341    34.8202    25.9779    26.0517      1.638      2.197      0.631      0.846 0.0000e+00
       7337    305.686    138.870 -106.77954   16.76312    138.000    13.9717    13.9327 4.1691e+04   4.175779     0.4512     0.0369    99.0820 6.4775e-04          0     0.5092     0.5229     0.0961     0.1147     4.6093     0.0000     0.0117     0.0000     0.5082     0.5215    34.7382    34.8358    25.9949    26.0785      1.640      2.094      0.631      0.805 0.0000e+00
       7361    306.668    139.877 -106.77954   16.76312    139.000    13.7981    13.7613 4.1535e+04   4.160076     0.4803     0.0367    99.0879 6.1222e-04          0     0.5092     0.5229     0.0991     0.1147     4.6096     0.0000     0.0116     0.0000     0.5082     0.5215    34.7496    34.8442    26.0399    26.1208      1.638      2.107      0.628      0.808 0.0000e+00
       7390    307.875    140.883 -106.77954   16.76312    140.000    13.7052    13.6709 4.1448e+04   4.151051     0.5041     0.0354    99.1199 6.5057e-04          0     0.5092     0.5229     0.1014     0.1146     4.6110     0.0000     0.0117     0.0000     0.5081     0.5213    34.7517    34.8414    26.0609    26.1373      1.554      2.138      0.595      0.818 0.0000e+00
       7428    309.469    141.890 -106.77954   16.76313    141.000    13.6714    13.6389 4.1416e+04   4.147516     0.4588     0.0337    99.1606 6.3634e-04          0     0.5092     0.5226     0.0969     0.1147     4.6129     0.0000     0.0117     0.0000     0.5076     0.5210    34.7516    34.8369    26.0678    26.1405      1.419      1.975      0.542      0.755 0.0000e+00
       7465    311.004    142.897 -106.77954   16.76314    142.000    13.6508    13.6184 4.1398e+04   4.145658     0.4187     0.0337    99.1608 6.2162e-04          0     0.5092     0.5223     0.0929     0.1146     4.6129     0.0000     0.0116     0.0000     0.5071     0.5204    34.7529    34.8378    26.0731    26.1455      1.409      1.976      0.539      0.755 0.0000e+00
       7491    312.078    143.903 -106.77954   16.76314    143.000    13.6342    13.6015 4.1384e+04   4.144287     0.4088     0.0337    99.1608 6.0555e-04          0     0.5089     0.5222     0.0919     0.1146     4.6129     0.0000     0.0115     0.0000     0.5071     0.5204    34.7551    34.8399    26.0783    26.1506      1.493      2.004      0.571      0.765 0.0000e+00
       7517    313.182    144.910 -106.77954   16.76314    144.000    13.6211    13.5883 4.1373e+04   4.143151     0.4005     0.0343    99.1457 6.0773e-04          0     0.5085     0.5219     0.0911     0.1145     4.6122     0.0000     0.0115     0.0000     0.5070     0.5203    34.7561    34.8408    26.0817    26.1540      1.481      1.961      0.566      0.749 0.0000e+00
       7550    314.545    145.917 -106.77954   16.76314    145.000    13.5957    13.5629 4.1350e+04   4.140859     0.3873     0.0342    99.1479 5.0791e-04          0     0.5080     0.5214     0.0897     0.1145     4.6123     0.0000     0.0111     0.0000     0.5070     0.5201    34.7571    34.8419    26.0878    26.1602      1.478      1.948      0.564      0.743 0.0000e+00
       7589    316.168    146.923 -106.77954   16.76314    146.000    13.5744    13.5420 4.1330e+04   4.138797     0.3629     0.0341    99.1504 4.8108e-04          0     0.5079     0.5214     0.0873     0.1146     4.6124     0.0000     0.0110     0.0000     0.5070     0.5201    34.7574    34.8412    26.0924    26.1640      1.500      1.937      0.572      0.739 0.0000e+00
       7620    317.439    147.930 -106.77954   16.76314    147.000    13.5488    13.5151 4.1307e+04   4.136575     0.3452     0.0338    99.1583 4.8236e-04          0     0.5079     0.5211     0.0855     0.1148     4.6128     0.0000     0.0110     0.0000     0.5070     0.5201    34.7581    34.8444    26.0983    26.1720      1.470      1.997      0.561      0.762 0.0000e+00
       7643    318.436    148.937 -106.77954   16.76314    148.000    13.4975    13.4630 4.1259e+04   4.131960     0.3314     0.0337    99.1609 4.8236e-04          0     0.5079     0.5210     0.0841     0.1145     4.6129     0.0000     0.0110     0.0000     0.5070     0.5201    34.7598    34.8481    26.1101    26.1855      1.487      1.913      0.566      0.729 0.0000e+00
       7664    319.300    149.943 -106.77954   16.76314    149.000    13.4617    13.4289 4.1227e+04   4.128541     0.3284     0.0337    99.1608 4.8236e-04          0     0.5079     0.5213     0.0838     0.1145     4.6129     0.0000     0.0110     0.0000     0.5070     0.5197    34.7613    34.8466    26.1186    26.1914      1.488      1.820      0.566      0.693 0.0000e+00
       7684    320.111    150.950 -106.77954   16.76314    150.000    13.4366    13.4022 4.1204e+04   4.126427     0.3059     0.0338    99.1594 4.8236e-04          0     0.5080     0.5208     0.0816     0.1147     4.6128     0.0000     0.0110     0.0000     0.5070     0.5196    34.7624    34.8506    26.1247    26.2000      1.489      1.867      0.567      0.711 0.0000e+00
       7704    320.959    151.957 -106.77954   16.76313    151.000    13.3993    13.3666 4.1171e+04   4.122919     0.2875     0.0338    99.1584 4.8236e-04          0     0.5079     0.5212     0.0798     0.1147     4.6128     0.0000     0.0110     0.0000     0.5070     0.5196    34.7644    34.8496    26.1338    26.2065      1.490      1.892      0.567      0.720 0.0000e+00
       7726    321.894    152.963 -106.77954   16.76312    152.000    13.3842    13.3515 4.1158e+04   4.121601     0.2754     0.0337    99.1607 4.8236e-04          0     0.5079     0.5211     0.0785     0.1132     4.6129     0.0000     0.0110     0.0000     0.5070     0.5195    34.7655    34.8506    26.1378    26.2103      1.491      1.848      0.567      0.702 0.0000e+00
       7755    323.082    153.970 -106.77954   16.76312    153.000    13.3230    13.2889 4.1101e+04   4.116191     0.2564     0.0343    99.1456 4.8236e-04          0     0.5079     0.5207     0.0766     0.1124     4.6122     0.0000     0.0110     0.0000     0.5070     0.5194    34.7678    34.8563    26.1521    26.2275      1.493      1.842      0.567      0.699 0.0000e+00
       7814    325.544    154.977 -106.77954   16.76312    154.000    13.2654    13.2185 4.1047e+04   4.109388     0.2297     0.0358    99.1081 4.8236e-04          0     0.5079     0.5204     0.0740     0.1147     4.6105     0.0000     0.0110     0.0000     0.5070     0.5193    34.7688    34.8559    26.1646    26.2416      1.495      1.852      0.567      0.702 0.0000e+00
       7866    327.700    155.984 -106.77954   16.76312    155.000    13.1978    13.1657 4.0987e+04   4.104745     0.2097     0.0350    99.1288 4.8236e-04          0     0.5079     0.5202     0.0719     0.1146     4.6114     0.0000     0.0110     0.0000     0.5070     0.5191    34.7734    34.8599    26.1818    26.2553      1.497      1.823      0.567      0.691 0.0000e+00
       7889    328.661    156.990 -106.77954   16.76312    156.000    13.1672    13.1336 4.0960e+04   4.101934     0.1856     0.0359    99.1066 4.8236e-04          0     0.5079     0.5201     0.0696     0.1146     4.6104     0.0000     0.0110     0.0000     0.5070     0.5193    34.7750    34.8623    26.1893    26.2636      1.498      1.861      0.567      0.704 0.0000e+00
       7907    329.436    157.997 -106.77954   16.76312    157.000    13.1296    13.0966 4.0925e+04   4.098363     0.1684     0.0369    99.0821 4.8236e-04          0     0.5079     0.5203     0.0679     0.1147     4.6093     0.0000     0.0110     0.0000     0.5070     0.5191    34.7756    34.8618    26.1973    26.2708      1.500      1.820      0.567      0.688 0.0000e+00
       7924    330.137    159.004 -106.77954   16.76312    158.000    13.1085    13.0744 4.0905e+04   4.096415     0.1647     0.0369    99.0820 4.8236e-04          0     0.5079     0.5201     0.0675     0.1147     4.6093     0.0000     0.0110     0.0000     0.5070     0.5191    34.7759    34.8633    26.2018    26.2764      1.501      1.838      0.567      0.695 0.0000e+00
       7941    330.817    160.011 -106.77954   16.76312    159.000    13.0748    13.0412 4.0873e+04   4.093318     0.1646     0.0375    99.0672 3.7697e-04          0     0.5079     0.5200     0.0675     0.1146     4.6086     0.0000     0.0105     0.0000     0.5070     0.5191    34.7761    34.8639    26.2088    26.2836      1.502      1.847      0.568      0.698 0.0000e+00
       7957    331.502    161.017 -106.77954   16.76312    160.000    13.0414    13.0077 4.0842e+04   4.090205     0.1594     0.0378    99.0573 3.1803e-04          0     0.5079     0.5200     0.0670     0.1147     4.6082     0.0000     0.0103     0.0000     0.5070     0.5191    34.7770    34.8647    26.2162    26.2910      1.486      1.871      0.561      0.706 0.0000e+00
       7976    332.304    162.024 -106.77954   16.76312    161.000    13.0191    12.9865 4.0822e+04   4.088018     0.1478     0.0380    99.0534 3.3004e-04          0     0.5079     0.5202     0.0658     0.1144     4.6080     0.0000     0.0103     0.0000     0.5069     0.5192    34.7776    34.8630    26.2212    26.2939      1.435      1.841      0.541      0.695 0.0000e+00
       8002    333.388    163.031 -106.77954   16.76312    162.000    12.9895    12.9565 4.0795e+04   4.085348     0.1377     0.0377    99.0601 3.0636e-04          0     0.5079     0.5200     0.0648     0.1146     4.6083     0.0000     0.0102     0.0000     0.5069     0.5193    34.7782    34.8646    26.2276    26.3012      1.511      1.899      0.570      0.716 0.0000e+00
       8054    335.534    164.037 -106.77954   16.76312    163.000    12.9482    12.9060 4.0756e+04   4.080488     0.1341     0.0381    99.0501 3.4932e-04          0     0.5078     0.5200     0.0644     0.1146     4.6078     0.0000     0.0104     0.0000     0.5067     0.5189    34.7790    34.8644    26.2365    26.3111      1.441      1.757      0.543      0.662 0.0000e+00
       8111    337.929    165.044 -106.77954   16.76312    164.000    12.9173    12.8856 4.0729e+04   4.078730     0.1269     0.0379    99.0562 3.5107e-04          0     0.5078     0.5202     0.0637     0.1146     4.6081     0.0000     0.0104     0.0000     0.5068     0.5188    34.7811    34.8659    26.2443    26.3164      1.430      1.812      0.538      0.682 0.0000e+00
       8136    338.969    166.051 -106.77954   16.76312    165.000    12.8654    12.8315 4.0680e+04   4.073982     0.1248     0.0379    99.0558 3.8171e-04          0     0.5075     0.5198     0.0635     0.1147     4.6081     0.0000     0.0106     0.0000     0.5065     0.5186    34.7818    34.8700    26.2552    26.3304      1.433      1.675      0.539      0.630 0.0000e+00
       8156    339.802    167.058 -106.77954   16.76312    166.000    12.8250    12.7924 4.0643e+04   4.070059     0.1087     0.0380    99.0528 3.4144e-04          0     0.5077     0.5197     0.0619     0.1147     4.6080     0.0000     0.0104     0.0000     0.5067     0.5183    34.7826    34.8682    26.2640    26.3368      1.326      1.661      0.498      0.624 0.0000e+00
       8174    340.553    168.065 -106.77954   16.76312    167.000    12.8174    12.7857 4.0635e+04   4.069243     0.0874     0.0379    99.0559 3.2669e-04          0     0.5076     0.5194     0.0597     0.1146     4.6081     0.0000     0.0103     0.0000     0.5060     0.5183    34.7823    34.8661    26.2652    26.3365      1.302      1.709      0.489      0.642 0.0000e+00
       8193    341.323    169.071 -106.77954   16.76312    168.000    12.8006    12.7678 4.0620e+04   4.067828     0.0883     0.0379    99.0558 3.2297e-04          0     0.5077     0.5198     0.0598     0.1147     4.6081     0.0000     0.0103     0.0000     0.5065     0.5182    34.7824    34.8687    26.2687    26.3421      1.494      1.708      0.561      0.642 0.0000e+00
       8215    342.243    170.078 -106.77954   16.76312    169.000    12.7759    12.7435 4.0597e+04   4.065481     0.0883     0.0379    99.0558 3.1535e-04          0     0.5075     0.5196     0.0598     0.1143     4.6081     0.0000     0.0103     0.0000     0.5061     0.5182    34.7827    34.8682    26.2738    26.3466      1.276      1.693      0.479      0.636 0.0000e+00
       8250    343.706    171.085 -106.77954   16.76312    170.000    12.7378    12.7056 4.0561e+04   4.061874     0.0883     0.0377    99.0599 3.4631e-04          0     0.5073     0.5192     0.0598     0.1146     4.6083     0.0000     0.0104     0.0000     0.5061     0.5182    34.7830    34.8682    26.2816    26.3541      1.332      1.706      0.500      0.640 0.0000e+00
