data/ctd-cnv/KM1919/KM1919-St20-P2/St20_P2_cast60-align-cellTM-derive-bin.cnv
* Sea-Bird SBE 9 Data File:
* FileName = C:\Users\otg\Desktop\CTD Data\km1920\St20_P2_cast60.hex
* Software Version Seasave V 7.26.7.107
* Temperature SN = 5554
* Conductivity SN = 3876
* Number of Bytes Per Scan = 41
* Number of Voltage Words = 4
* Number of Scans Averaged by the Deck Unit = 1
* NMEA Latitude = 16 51.33 N
* NMEA Longitude = 106 51.50 W
* NMEA UTC (Time) = Oct 12 2019  19:45:14
* NMEA baud rate = 4800
** Ship: Kilo Moana
** Station: St20_P2 cast 60
** Operator: gr
# nquan = 34
# nvalues = 1755                        
# units = specified
# name 0 = scan: Scan Count
# name 1 = timeS: Time, Elapsed [seconds]
# name 2 = prDM: Pressure, Digiquartz [db]
# name 3 = longitude: Longitude [deg]
# name 4 = latitude: Latitude [deg]
# name 5 = depSMignore: Depth [salt water, m]
# name 6 = t090C: Temperature [ITS-90, deg C]
# name 7 = t190C: Temperature, 2 [ITS-90, deg C]
# name 8 = c0uS/cm: Conductivity [uS/cm]
# name 9 = c1S/m: Conductivity, 2 [S/m]
# name 10 = flECO-AFL: Fluorescence, WET Labs ECO-AFL/FL [mg/m^3]
# name 11 = CStarAt0: Beam Attenuation, WET Labs C-Star [1/m]
# name 12 = CStarTr0: Beam Transmission, WET Labs C-Star [%]
# name 13 = par: PAR/Irradiance, Biospherical/Licor
# name 14 = modError: Modulo Error Count
# name 15 = v0: Voltage 0
# name 16 = v1: Voltage 1
# name 17 = v2: Voltage 2
# name 18 = v3: Voltage 3
# name 19 = v4: Voltage 4
# name 20 = v5: Voltage 5
# name 21 = v6: Voltage 6
# name 22 = v7: Voltage 7
# name 23 = sbeox0V: Oxygen raw, SBE 43 [V]
# name 24 = sbeox1V: Oxygen raw, SBE 43, 2 [V]
# name 25 = sal00: Salinity, Practical [PSU]
# name 26 = sal11: Salinity, Practical, 2 [PSU]
# name 27 = sigma-é00: Density [sigma-theta, kg/m^3]
# name 28 = sigma-é11: Density, 2 [sigma-theta, kg/m^3]
# name 29 = sbeox0Mm/L: Oxygen, SBE 43 [umol/l], WS = 2
# name 30 = sbeox1Mm/L: Oxygen, SBE 43, 2 [umol/l], WS = 2
# name 31 = sbeox0PS: Oxygen, SBE 43 [% saturation], WS = 2
# name 32 = sbeox1PS: Oxygen, SBE 43, 2 [% saturation], WS = 2
# name 33 = flag: flag
# span 0 =        465,      66737       
# span 1 =     19.346,   2780.655       
# span 2 =      3.018,   1775.003       
# span 3 = -106.85851, -106.85832       
# span 4 =   16.85538,   16.85585       
# span 5 =      3.000,   1757.000       
# span 6 =     2.6419,    28.9993       
# span 7 =     2.6197,    28.9642       
# span 8 = 3.1807e+04, 5.6338e+04       
# span 9 =   3.185143,   5.642411       
# span 10 =     0.0397,     1.6199      
# span 11 =     0.0356,     0.1252      
# span 12 =    96.9189,    99.1147      
# span 13 = -2.849e-04, 4.4372e+02      
# span 14 =          0,          0      
# span 15 =     0.5030,     2.5172      
# span 16 =     0.5123,     2.5053      
# span 17 =     0.0549,     0.2130      
# span 18 =     0.1123,     0.1212      
# span 19 =     4.5087,     4.6108      
# span 20 =     0.0000,     0.0000      
# span 21 =     0.0073,     3.6593      
# span 22 =     0.0000,     0.0000      
# span 23 =     0.5023,     2.5107      
# span 24 =     0.5118,     2.4927      
# span 25 =    34.2591,    34.7831      
# span 26 =    34.3484,    34.8756      
# span 27 =    21.5494,    27.6253      
# span 28 =    21.6227,    27.6895      
# span 29 =      0.645,    231.451      
# span 30 =      0.739,    241.330      
# span 31 =      0.229,    108.730      
# span 32 =      0.245,    112.670      
# span 33 = 0.0000e+00, 0.0000e+00      
# interval = meters: 1                  
# start_time = Oct 12 2019 19:49:37 [NMEA time, first data scan]
# bad_flag = -9.990e-29
*END*
[from data line 86]
       5746    239.393     89.551 -106.85834   16.85540     89.000    17.2981    17.2640 4.4599e+04   4.467064     0.5345     0.0639    98.4163 1.5986e+00          0     1.1517     1.1648     0.1044     0.1126     4.5783     0.0000     1.2435     0.0000     1.1127     1.1395    34.4489    34.5402    25.0238    25.1020     73.187     83.304     30.007     34.152 0.0000e+00
       5772    240.442     90.557 -106.85834   16.85540     90.000    17.1451    17.1056 4.4462e+04   4.453215     0.4233     0.0631    98.4352 1.4920e+00          0     1.1531     1.1672     0.0933     0.1141     4.5792     0.0000     1.2152     0.0000     1.0816     1.1101    34.4605    34.5552    25.0693    25.1514     70.107     78.976     28.662     32.282 0.0000e+00
       5799    241.572     91.564 -106.85834   16.85540     91.000    17.0419    17.0043 4.4369e+04   4.443706     0.3965     0.0617    98.4679 1.3896e+00          0     1.1394     1.1596     0.0907     0.1127     4.5807     0.0000     1.1863     0.0000     1.0575     1.0846    34.4678    34.5591    25.0994    25.1783     69.131     76.285     28.208     31.122 0.0000e+00
       5877    244.843     92.570 -106.85834   16.85540     92.000    16.9851    16.9701 4.4320e+04   4.440080     0.4016     0.0609    98.4883 1.2842e+00          0     1.0735     1.0970     0.0912     0.1132     4.5817     0.0000     1.1544     0.0000     1.0445     1.0654    34.4730    34.5565    25.1169    25.1845     71.323     77.172     29.071     31.462 0.0000e+00
       5971    248.766     93.577 -106.85834   16.85540     93.000    16.9297    16.9014 4.4272e+04   4.435415     0.4540     0.0610    98.4858 1.2047e+00          0     1.0477     1.0649     0.0964     0.1126     4.5815     0.0000     1.1288     0.0000     1.0134     1.0396    34.4786    34.5745    25.1343    25.2146     63.395     70.802     25.813     28.831 0.0000e+00
       5990    249.562     94.583 -106.85834   16.85540     94.000    16.8028    16.7684 4.4160e+04   4.422733     0.3669     0.0592    98.5297 1.1183e+00          0     1.0492     1.0701     0.0877     0.1124     4.5836     0.0000     1.0989     0.0000     0.9993     1.0249    34.4889    34.5777    25.1721    25.2484     62.261     69.181     25.291     28.099 0.0000e+00
       6013    250.501     95.589 -106.85834   16.85540     95.000    16.7640    16.7288 4.4124e+04   4.419026     0.3307     0.0593    98.5286 1.0444e+00          0     1.0411     1.0655     0.0840     0.1124     4.5835     0.0000     1.0717     0.0000     0.9864     1.0098    34.4908    34.5790    25.1827    25.2587     62.224     67.699     25.258     27.476 0.0000e+00
       6116    254.791     96.596 -106.85834   16.85540     96.000    16.7727    16.7283 4.4130e+04   4.418364     0.3592     0.0584    98.5494 9.6562e-01          0     0.9924     1.0097     0.0869     0.1125     4.5845     0.0000     1.0409     0.0000     0.9852     0.9975    34.4883    34.5733    25.1788    25.2545     63.192     68.159     25.653     27.661 0.0000e+00
       6197    258.149     97.602 -106.85834   16.85540     97.000    16.6522    16.6089 4.4021e+04   4.409151     0.3569     0.0587    98.5420 9.2118e-01          0     1.0023     1.0060     0.0867     0.1125     4.5842     0.0000     1.0223     0.0000     0.9184     0.9541    34.4956    34.5952    25.2126    25.2992     44.422     55.159     17.994     22.337 0.0000e+00
       6218    259.030     98.609 -106.85834   16.85540     98.000    16.4387    16.3920 4.3820e+04   4.389170     0.3282     0.0577    98.5679 8.5532e-01          0     0.9977     1.0085     0.0838     0.1126     4.5854     0.0000     0.9932     0.0000     0.8891     0.9239    34.5029    34.6067    25.2679    25.3586     43.442     51.715     17.524     20.856 0.0000e+00
       6241    259.996     99.615 -106.85834   16.85540     99.000    16.2082    16.1640 4.3605e+04   4.367829     0.2967     0.0565    98.5976 7.8743e-01          0     0.9794     1.0010     0.0807     0.1124     4.5868     0.0000     0.9611     0.0000     0.8689     0.8984    34.5126    34.6157    25.3286    25.4181     45.970     50.889     18.462     20.433 0.0000e+00
       6341    264.156    100.622 -106.85834   16.85538    100.000    16.2388    16.1823 4.3635e+04   4.367824     0.3016     0.0550    98.6354 7.2451e-01          0     0.8810     0.9037     0.0811     0.1125     4.5885     0.0000     0.9295     0.0000     0.8661     0.8736    34.5118    34.5994    25.3210    25.4013     49.425     51.220     19.859     20.571 0.0000e+00
       6415    267.264    101.628 -106.85834   16.85538    101.000    16.0480    16.0078 4.3461e+04   4.353756     0.3179     0.0565    98.5968 6.9305e-01          0     0.8982     0.8908     0.0828     0.1124     4.5867     0.0000     0.9123     0.0000     0.8050     0.8373    34.5228    34.6261    25.3731    25.4618     29.286     39.981     11.727     16.006 0.0000e+00
       6439    268.259    102.634 -106.85834   16.85539    102.000    15.8341    15.7982 4.3268e+04   4.334746     0.2631     0.0535    98.6709 6.4979e-01          0     0.8858     0.8901     0.0773     0.1134     4.5902     0.0000     0.8879     0.0000     0.7689     0.8066    34.5372    34.6395    25.4329    25.5197     24.981     35.187      9.962     14.030 0.0000e+00
       6488    270.299    103.641 -106.85834   16.85540    103.000    15.4974    15.5308 4.2953e+04   4.308285     0.2339     0.0512    98.7277 5.9920e-01          0     0.8210     0.8463     0.0744     0.1129     4.5928     0.0000     0.8573     0.0000     0.7356     0.7685    34.5490    34.6364    25.5175    25.5774     28.179     34.218     11.158     13.572 0.0000e+00
       6583    274.263    104.647 -106.85834   16.85540    104.000    15.4424    15.4531 4.2907e+04   4.301196     0.2676     0.0503    98.7496 5.6126e-01          0     0.7236     0.7543     0.0778     0.1126     4.5938     0.0000     0.8333     0.0000     0.7028     0.7329    34.5556    34.6407    25.5350    25.5981     23.649     29.081      9.361     11.519 0.0000e+00
       6644    276.779    105.654 -106.85834   16.85540    105.000    15.0892    15.0763 4.2576e+04   4.266548     0.1880     0.0502    98.7538 5.2472e-01          0     0.7151     0.7457     0.0698     0.1126     4.5940     0.0000     0.8086     0.0000     0.6687     0.6957    34.5669    34.6598    25.6220    25.6964     19.663     24.176      7.727      9.504 0.0000e+00
       6692    278.772    106.660 -106.85834   16.85540    106.000    14.9007    14.8626 4.2400e+04   4.246787     0.1726     0.0487    98.7906 4.8651e-01          0     0.6885     0.7169     0.0683     0.1125     4.5957     0.0000     0.7811     0.0000     0.6501     0.6733    34.5737    34.6691    25.6685    25.7503     18.578     21.975      7.274      8.603 0.0000e+00
       6723    280.101    107.667 -106.85834   16.85540    107.000    14.8229    14.7868 4.2323e+04   4.238666     0.1644     0.0487    98.7903 4.5203e-01          0     0.6713     0.6987     0.0675     0.1124     4.5957     0.0000     0.7548     0.0000     0.6405     0.6626    34.5719    34.6620    25.6840    25.7613     17.523     20.767      6.850      8.117 0.0000e+00
       6749    281.166    108.673 -106.85834   16.85540    108.000    14.7404    14.7040 4.2247e+04   4.231255     0.1462     0.0487    98.7902 4.2552e-01          0     0.6598     0.6853     0.0656     0.1126     4.5957     0.0000     0.7333     0.0000     0.6340     0.6548    34.5750    34.6675    25.7043    25.7835     17.047     19.948      6.653      7.784 0.0000e+00
       6779    282.402    109.680 -106.85834   16.85540    109.000    14.6961    14.6611 4.2209e+04   4.227135     0.1514     0.0495    98.7707 4.0259e-01          0     0.6501     0.6732     0.0662     0.1130     4.5948     0.0000     0.7139     0.0000     0.6272     0.6473    34.5796    34.6676    25.7175    25.7929     16.089     18.984      6.274      7.402 0.0000e+00
       6826    284.383    110.686 -106.85834   16.85540    110.000    14.6269    14.5897 4.2153e+04   4.221340     0.1663     0.0482    98.8030 3.7722e-01          0     0.6366     0.6577     0.0677     0.1125     4.5963     0.0000     0.6914     0.0000     0.6157     0.6351    34.5891    34.6778    25.7397    25.8162     14.700     17.301      5.725      6.737 0.0000e+00
       6870    286.188    111.693 -106.85834   16.85540    111.000    14.5655    14.5327 4.2103e+04   4.216486     0.1625     0.0479    98.8090 3.5449e-01          0     0.6264     0.6464     0.0673     0.1125     4.5966     0.0000     0.6701     0.0000     0.6079     0.6259    34.5973    34.6837    25.7593    25.8330     14.006     16.327      5.448      6.350 0.0000e+00
       6909    287.853    112.699 -106.85836   16.85540    112.000    14.5406    14.5080 4.2084e+04   4.214503     0.1682     0.0482    98.8031 3.2743e-01          0     0.6168     0.6361     0.0678     0.1125     4.5963     0.0000     0.6434     0.0000     0.5990     0.6185    34.6016    34.6871    25.7680    25.8410     10.955     14.824      4.260      5.763 0.0000e+00
       6939    289.099    113.706 -106.85836   16.85540    113.000    14.5045    14.4705 4.2057e+04   4.211926     0.1613     0.0489    98.7863 3.0500e-01          0     0.6111     0.6295     0.0672     0.1123     4.5955     0.0000     0.6199     0.0000     0.5827     0.6074    34.6088    34.6966    25.7813    25.8564      5.801     11.379      2.254      4.421 0.0000e+00
       6967    290.258    114.712 -106.85836   16.85540    114.000    14.4018    14.3639 4.1986e+04   4.204971     0.1695     0.0496    98.7658 2.8252e-01          0     0.6066     0.6243     0.0680     0.1126     4.5945     0.0000     0.5951     0.0000     0.5621     0.5893    34.6344    34.7276    25.8230    25.9031      2.646      7.606      1.026      2.949 0.0000e+00
       6993    291.313    115.719 -106.85836   16.85540    115.000    14.3523    14.3212 4.1976e+04   4.203294     0.1713     0.0496    98.7671 2.6673e-01          0     0.6005     0.6198     0.0681     0.1123     4.5946     0.0000     0.5766     0.0000     0.5458     0.5722    34.6690    34.7501    25.8604    25.9296      1.599      5.532      0.619      2.143 0.0000e+00
       7015    292.232    116.725 -106.85836   16.85540    116.000    14.3683    14.3355 4.2003e+04   4.206277     0.1853     0.0496    98.7670 2.4602e-01          0     0.5899     0.6129     0.0695     0.1126     4.5946     0.0000     0.5514     0.0000     0.5347     0.5598    34.6800    34.7644    25.8654    25.9376      1.461      4.469      0.566      1.732 0.0000e+00
       7037    293.176    117.732 -106.85836   16.85540    117.000    14.3293    14.2941 4.1978e+04   4.204066     0.1815     0.0495    98.7691 2.2354e-01          0     0.5734     0.6001     0.0692     0.1128     4.5947     0.0000     0.5220     0.0000     0.5274     0.5497    34.6911    34.7807    25.8824    25.9591      1.899      3.900      0.736      1.510 0.0000e+00
       7064    294.302    118.739 -106.85836   16.85540    118.000    14.2495    14.2142 4.1911e+04   4.197331     0.2157     0.0520    98.7077 2.0246e-01          0     0.5544     0.5812     0.0726     0.1126     4.5919     0.0000     0.4926     0.0000     0.5224     0.5424    34.7005    34.7900    25.9067    25.9833      2.325      3.807      0.899      1.472 0.0000e+00
       7125    296.852    119.745 -106.85836   16.85540    119.000    14.2206    14.2048 4.1885e+04   4.195732     0.2902     0.0540    98.6592 1.8355e-01          0     0.5299     0.5521     0.0800     0.1129     4.5896     0.0000     0.4645     0.0000     0.5188     0.5358    34.7020    34.7832    25.9140    25.9800      2.809      3.810      1.086      1.473 0.0000e+00
       7198    299.867    120.752 -106.85836   16.85540    120.000    14.1921    14.1640 4.1858e+04   4.192530     0.3073     0.0534    98.6731 1.7348e-01          0     0.5192     0.5360     0.0817     0.1126     4.5902     0.0000     0.4488     0.0000     0.5180     0.5335    34.7026    34.7899    25.9204    25.9939      2.935      3.885      1.134      1.501 0.0000e+00
       7217    300.657    121.758 -106.85836   16.85540    121.000    14.1604    14.1260 4.1829e+04   4.188988     0.2830     0.0548    98.6377 1.5933e-01          0     0.5189     0.5359     0.0793     0.1124     4.5886     0.0000     0.4255     0.0000     0.5175     0.5332    34.7035    34.7909    25.9278    26.0027      2.294      3.566      0.886      1.377 0.0000e+00
       7233    301.322    122.765 -106.85836   16.85540    122.000    14.1342    14.1000 4.1807e+04   4.186729     0.2837     0.0549    98.6357 1.4995e-01          0     0.5189     0.5350     0.0794     0.1124     4.5885     0.0000     0.4096     0.0000     0.5158     0.5321    34.7061    34.7929    25.9355    26.0098      1.748      3.138      0.674      1.211 0.0000e+00
       7247    301.935    123.771 -106.85836   16.85540    123.000    14.1013    14.0645 4.1780e+04   4.184175     0.2837     0.0566    98.5946 1.3980e-01          0     0.5189     0.5350     0.0794     0.1125     4.5866     0.0000     0.3915     0.0000     0.5143     0.5306    34.7105    34.8009    25.9458    26.0235      1.608      2.831      0.620      1.092 0.0000e+00
       7262    302.561    124.778 -106.85836   16.85540    124.000    13.9910    13.9501 4.1689e+04   4.175614     0.3027     0.0598    98.5161 1.2956e-01          0     0.5189     0.5347     0.0813     0.1126     4.5829     0.0000     0.3724     0.0000     0.5129     0.5291    34.7245    34.8243    25.9798    26.0655      1.511      2.616      0.582      1.006 0.0000e+00
       7281    303.348    125.785 -106.85836   16.85540    125.000    13.9090    13.8738 4.1621e+04   4.168420     0.3346     0.0679    98.3174 1.2225e-01          0     0.5189     0.5346     0.0844     0.1127     4.5737     0.0000     0.3583     0.0000     0.5115     0.5274    34.7351    34.8259    26.0052    26.0828      1.542      2.572      0.592      0.988 0.0000e+00
       7366    306.871    126.791 -106.85836   16.85540    126.000    13.9588    13.9219 4.1663e+04   4.171726     0.4260     0.0627    98.4449 1.1389e-01          0     0.5136     0.5293     0.0936     0.1142     4.5797     0.0000     0.3416     0.0000     0.5108     0.5249    34.7288    34.8128    25.9900    26.0626      2.178      2.581      0.838      0.992 0.0000e+00
       7423    309.241    127.798 -106.85836   16.85541    127.000    13.9050    13.8486 4.1618e+04   4.167037     0.3670     0.0645    98.4006 1.0895e-01          0     0.5126     0.5261     0.0877     0.1126     4.5776     0.0000     0.3313     0.0000     0.5103     0.5243    34.7346    34.8350    26.0057    26.0951      1.627      2.300      0.625      0.883 0.0000e+00
       7438    309.863    128.804 -106.85836   16.85542    128.000    13.8221    13.7879 4.1547e+04   4.160682     0.3665     0.0636    98.4241 1.0389e-01          0     0.5128     0.5267     0.0876     0.1140     4.5787     0.0000     0.3205     0.0000     0.5094     0.5238    34.7429    34.8303    26.0295    26.1041      1.568      2.239      0.602      0.859 0.0000e+00
       7452    310.469    129.811 -106.85836   16.85542    129.000    13.7949    13.7604 4.1521e+04   4.158202     0.3691     0.0635    98.4257 9.0255e-02          0     0.5128     0.5269     0.0879     0.1148     4.5788     0.0000     0.2905     0.0000     0.5094     0.5230    34.7431    34.8317    26.0352    26.1110      1.601      2.162      0.614      0.829 0.0000e+00
       7467    311.079    130.818 -106.85836   16.85542    130.000    13.7633    13.7289 4.1492e+04   4.155365     0.3675     0.0634    98.4292 8.5899e-02          0     0.5126     0.5269     0.0877     0.1148     4.5790     0.0000     0.2802     0.0000     0.5090     0.5227    34.7448    34.8333    26.0432    26.1188      1.442      2.209      0.552      0.846 0.0000e+00
