data/ctd-cnv/KM1919/KM1919-St20-P2/St20_P2_cast42-align-cellTM-derive-bin.cnv
* Sea-Bird SBE 9 Data File:
* FileName = C:\Users\otg\Desktop\CTD Data\km1920\St20_P2_cast42.hex
* Software Version Seasave V 7.26.7.107
* Temperature SN = 5554
* Conductivity SN = 3876
* Number of Bytes Per Scan = 41
* Number of Voltage Words = 4
* Number of Scans Averaged by the Deck Unit = 1
* NMEA Latitude = 16 45.02 N
* NMEA Longitude = 106 48.09 W
* NMEA UTC (Time) = Oct 08 2019  06:56:06
* NMEA baud rate = 4800
** Ship: Kilo Moana
** Station: St20_P2 cast 42
** Operator: kc
** midnight diel cast
# nquan = 34
# nvalues = 203                         
# units = specified
# name 0 = scan: Scan Count
# name 1 = timeS: Time, Elapsed [seconds]
# name 2 = prDM: Pressure, Digiquartz [db]
# name 3 = longitude: Longitude [deg]
# name 4 = latitude: Latitude [deg]
# name 5 = depSMignore: Depth [salt water, m]
# name 6 = t090C: Temperature [ITS-90, deg C]
# name 7 = t190C: Temperature, 2 [ITS-90, deg C]
# name 8 = c0uS/cm: Conductivity [uS/cm]
# name 9 = c1S/m: Conductivity, 2 [S/m]
# name 10 = flECO-AFL: Fluorescence, WET Labs ECO-AFL/FL [mg/m^3]
# name 11 = CStarAt0: Beam Attenuation, WET Labs C-Star [1/m]
# name 12 = CStarTr0: Beam Transmission, WET Labs C-Star [%]
# name 13 = par: PAR/Irradiance, Biospherical/Licor
# name 14 = modError: Modulo Error Count
# name 15 = v0: Voltage 0
# name 16 = v1: Voltage 1
# name 17 = v2: Voltage 2
# name 18 = v3: Voltage 3
# name 19 = v4: Voltage 4
# name 20 = v5: Voltage 5
# name 21 = v6: Voltage 6
# name 22 = v7: Voltage 7
# name 23 = sbeox0V: Oxygen raw, SBE 43 [V]
# name 24 = sbeox1V: Oxygen raw, SBE 43, 2 [V]
# name 25 = sal00: Salinity, Practical [PSU]
# name 26 = sal11: Salinity, Practical, 2 [PSU]
# name 27 = sigma-é00: Density [sigma-theta, kg/m^3]
# name 28 = sigma-é11: Density, 2 [sigma-theta, kg/m^3]
# name 29 = sbeox0Mm/L: Oxygen, SBE 43 [umol/l], WS = 2
# name 30 = sbeox1Mm/L: Oxygen, SBE 43, 2 [umol/l], WS = 2
# name 31 = sbeox0PS: Oxygen, SBE 43 [% saturation], WS = 2
# name 32 = sbeox1PS: Oxygen, SBE 43, 2 [% saturation], WS = 2
# name 33 = flag: flag
# span 0 =       -124,       9579       
# span 1 =     -5.197,    399.081       
# span 2 =      1.006,    204.312       
# span 3 = -106.80156, -106.80152       
# span 4 =   16.75016,   16.75025       
# span 5 =      1.000,    203.000       
# span 6 =    12.1619,    29.6454       
# span 7 =    12.1425,    29.6028       
# span 8 = 4.0014e+04, 5.7362e+04       
# span 9 =   4.007659,   5.744289       
# span 10 =     0.0380,     1.4173      
# span 11 =     0.0272,     0.1179      
# span 12 =    97.0945,    99.3233      
# span 13 = 1.5916e-03, 5.0682e+00      
# span 14 =          0,          0      
# span 15 =     0.5052,     2.4910      
# span 16 =     0.5166,     2.4801      
# span 17 =     0.0547,     0.1927      
# span 18 =     0.1123,     0.1172      
# span 19 =     4.5168,     4.6205      
# span 20 =     0.0000,     0.0000      
# span 21 =     0.0158,     1.7310      
# span 22 =     0.0000,     0.0000      
# span 23 =     0.5037,     2.4955      
# span 24 =     0.5156,     2.4712      
# span 25 =    34.3070,    34.7836      
# span 26 =    34.4220,    34.8728      
# span 27 =    21.5317,    26.3877      
# span 28 =    21.6098,    26.4530      
# span 29 =      0.968,    228.447      
# span 30 =      1.322,    239.494      
# span 31 =      0.359,    107.090      
# span 32 =      0.490,    111.901      
# span 33 = 0.0000e+00, 0.0000e+00      
# interval = meters: 1                  
# start_time = Oct 08 2019 07:04:43 [NMEA time, first data scan]
# bad_flag = -9.990e-29
*END*
       -124     -5.197      1.006 -106.80152   16.75025      1.000    29.6356    29.5917 5.7350e+04   5.742881     0.0747     0.0504    98.7452 5.0682e+00          0     2.3563     2.3304     0.0585     0.1146     4.5936     0.0000     1.7310     0.0000     2.3433     2.3255    34.5795    34.6648    21.5349    21.6137    191.651    201.317     97.549    102.445 0.0000e+00
        209      8.673      2.012 -106.80152   16.75023      2.000    29.6382    29.5966 5.7352e+04   5.743326     0.0784     0.0717    98.2237 3.9757e+00          0     2.3505     2.3317     0.0588     0.1152     4.5694     0.0000     1.5951     0.0000     2.3492     2.3332    34.5790    34.6640    21.5337    21.6115    192.487    202.268     97.978    102.937 0.0000e+00
        640     26.632      3.018 -106.80152   16.75022      3.000    29.6382    29.5966 5.7353e+04   5.743405     0.0757     0.0564    98.5987 3.9873e+00          0     2.3477     2.3356     0.0586     0.1148     4.5868     0.0000     1.6211     0.0000     2.3488     2.3282    34.5791    34.6643    21.5339    21.6118    192.270    201.485     97.868    102.538 0.0000e+00
        800     33.283      4.024 -106.80152   16.75022      4.000    29.6404    29.5984 5.7355e+04   5.743612     0.0725     0.0575    98.5725 3.2364e+00          0     2.3483     2.3307     0.0582     0.1148     4.5856     0.0000     1.5317     0.0000     2.3496     2.3324    34.5790    34.6641    21.5331    21.6111    192.793    202.234     98.138    102.923 0.0000e+00
       1019     42.408      5.030 -106.80152   16.75020      5.000    29.6410    29.5986 5.7357e+04   5.743671     0.0823     0.0575    98.5720 2.7930e+00          0     2.3474     2.3354     0.0592     0.1148     4.5856     0.0000     1.4621     0.0000     2.3491     2.3327    34.5791    34.6640    21.5330    21.6111    192.601    201.977     98.041    102.792 0.0000e+00
       1215     50.594      6.036 -106.80152   16.75020      6.000    29.6454    29.6027 5.7362e+04   5.744146     0.0815     0.0579    98.5631 2.2109e+00          0     2.3489     2.3379     0.0591     0.1148     4.5852     0.0000     1.3689     0.0000     2.3524     2.3343    34.5792    34.6641    21.5317    21.6098    193.184    202.584     98.345    103.108 0.0000e+00
       1295     53.928      7.042 -106.80152   16.75020      7.000    29.6443    29.6028 5.7361e+04   5.744289     0.0762     0.0581    98.5571 1.6824e+00          0     2.3478     2.3371     0.0586     0.1148     4.5849     0.0000     1.2610     0.0000     2.3479     2.3335    34.5793    34.6647    21.5322    21.6103    192.500    202.457     97.995    103.044 0.0000e+00
       1316     54.804      8.048 -106.80152   16.75020      8.000    29.6395    29.5960 5.7356e+04   5.743513     0.0772     0.0581    98.5570 1.4802e+00          0     2.3406     2.3381     0.0587     0.1146     4.5849     0.0000     1.2050     0.0000     2.3478     2.3358    34.5791    34.6640    21.5338    21.6122    192.078    202.694     97.772    103.153 0.0000e+00
       1409     58.651      9.054 -106.80152   16.75020      9.000    29.6409    29.6004 5.7358e+04   5.744018     0.0767     0.0586    98.5458 1.2090e+00          0     2.3449     2.3336     0.0587     0.1147     4.5844     0.0000     1.1258     0.0000     2.3486     2.3331    34.5791    34.6640    21.5334    21.6108    192.597    202.345     98.039    102.982 0.0000e+00
       1494     62.210     10.060 -106.80152   16.75020     10.000    29.6384    29.5965 5.7356e+04   5.743714     0.0761     0.0581    98.5575 7.9297e-01          0     2.3513     2.3356     0.0586     0.1148     4.5849     0.0000     0.9615     0.0000     2.3502     2.3332    34.5794    34.6644    21.5346    21.6125    192.120    202.197     97.792    102.901 0.0000e+00
       1510     62.895     11.066 -106.80152   16.75020     11.000    29.6332    29.5916 5.7351e+04   5.743214     0.0761     0.0581    98.5570 7.7222e-01          0     2.3526     2.3323     0.0586     0.1149     4.5849     0.0000     0.9495     0.0000     2.3474     2.3320    34.5793    34.6643    21.5363    21.6141    192.248    202.177     97.849    102.882 0.0000e+00
       1529     63.678     12.072 -106.80152   16.75020     12.000    29.6335    29.5915 5.7352e+04   5.743547     0.0761     0.0581    98.5570 7.3166e-01          0     2.3538     2.3312     0.0586     0.1148     4.5849     0.0000     0.9210     0.0000     2.3478     2.3305    34.5796    34.6663    21.5365    21.6158    192.724    202.159     98.092    102.874 0.0000e+00
       1556     64.809     13.078 -106.80152   16.75020     13.000    29.6155    29.5734 5.7326e+04   5.740710     0.0761     0.0577    98.5683 6.8164e-01          0     2.3523     2.3338     0.0586     0.1148     4.5854     0.0000     0.9017     0.0000     2.3503     2.3321    34.5741    34.6598    21.5386    21.6171    192.916    202.645     98.158    103.088 0.0000e+00
       1695     70.579     14.084 -106.80152   16.75020     14.000    29.6246    29.5771 5.7339e+04   5.741159     0.0767     0.0588    98.5401 5.0951e-01          0     2.3442     2.3351     0.0587     0.1148     4.5841     0.0000     0.7938     0.0000     2.3408     2.3349    34.5764    34.6599    21.5374    21.6160    191.780    202.581     97.596    103.062 0.0000e+00
       1715     71.415     15.090 -106.80152   16.75020     15.000    29.5923    29.5435 5.7293e+04   5.737438     0.0767     0.0581    98.5575 3.4218e-01          0     2.3453     2.3316     0.0587     0.1148     4.5849     0.0000     0.6575     0.0000     2.3428     2.3322    34.5681    34.6585    21.5421    21.6264    192.469    202.251     97.891    102.837 0.0000e+00
       1734     72.206     16.096 -106.80152   16.75020     16.000    29.5442    29.4969 5.7228e+04   5.730432     0.0773     0.0589    98.5382 3.3972e-01          0     2.3419     2.3320     0.0587     0.1148     4.5840     0.0000     0.6332     0.0000     2.3435     2.3282    34.5581    34.6440    21.5510    21.6314    192.370    202.030     97.760    102.640 0.0000e+00
       1758     73.214     17.102 -106.80152   16.75020     17.000    29.4918    29.4475 5.7157e+04   5.724336     0.0769     0.0586    98.5459 3.2291e-01          0     2.3415     2.3352     0.0587     0.1147     4.5844     0.0000     0.6318     0.0000     2.3438     2.3269    34.5474    34.6378    21.5607    21.6434    193.040    202.322     98.012    102.703 0.0000e+00
       1865     77.684     18.108 -106.80152   16.75020     18.000    29.4915    29.4397 5.7156e+04   5.722173     0.0792     0.0608    98.4931 2.3493e-01          0     2.3440     2.3295     0.0589     0.1147     4.5819     0.0000     0.5354     0.0000     2.3456     2.3309    34.5460    34.6284    21.5598    21.6391    192.539    203.122     97.756    103.091 0.0000e+00
       1932     80.463     19.114 -106.80152   16.75020     19.000    29.4477    29.3816 5.7100e+04   5.715785     0.0761     0.0603    98.5044 1.7489e-01          0     2.3440     2.3295     0.0586     0.1145     4.5824     0.0000     0.4504     0.0000     2.3394     2.3311    34.5397    34.6264    21.5699    21.6573    192.456    202.878     97.642    102.869 0.0000e+00
       1946     81.024     20.120 -106.80152   16.75020     20.000    29.4026    29.3588 5.7044e+04   5.712857     0.0761     0.0604    98.5027 1.4997e-01          0     2.3436     2.3310     0.0586     0.1148     4.5823     0.0000     0.4077     0.0000     2.3398     2.3277    34.5331    34.6226    21.5802    21.6621    192.552    202.839     97.616    102.810 0.0000e+00
       1961     81.662     21.126 -106.80152   16.75020     21.000    29.3696    29.3249 5.7001e+04   5.708478     0.0768     0.0613    98.4784 1.2618e-01          0     2.3454     2.3322     0.0587     0.1148     4.5812     0.0000     0.3657     0.0000     2.3374     2.3310    34.5274    34.6168    21.5872    21.6693    192.841    203.525     97.708    103.098 0.0000e+00
       1981     82.484     22.132 -106.80152   16.75020     22.000    29.3428    29.2998 5.6965e+04   5.704800     0.0766     0.0613    98.4792 1.2271e-01          0     2.3445     2.3308     0.0587     0.1148     4.5812     0.0000     0.3580     0.0000     2.3433     2.3298    34.5221    34.6095    21.5923    21.6723    193.923    203.341     98.210    102.959 0.0000e+00
       2084     86.800     23.138 -106.80152   16.75020     23.000    29.3460    29.3126 5.6970e+04   5.706208     0.0838     0.0602    98.5069 8.3909e-02          0     2.3391     2.3315     0.0594     0.1148     4.5825     0.0000     0.2725     0.0000     2.3461     2.3330    34.5224    34.6096    21.5915    21.6682    193.334    204.006     97.918    103.317 0.0000e+00
       2174     90.548     24.144 -106.80152   16.75020     24.000    29.3269    29.2901 5.6946e+04   5.704023     0.0760     0.0602    98.5062 3.6664e-02          0     2.3401     2.3346     0.0586     0.1148     4.5825     0.0000     0.1457     0.0000     2.3474     2.3284    34.5197    34.6106    21.5960    21.6766    193.930    203.358     98.188    102.952 0.0000e+00
       2190     91.211     25.151 -106.80152   16.75020     25.000    29.2978    29.2540 5.6905e+04   5.698762     0.0838     0.0603    98.5045 2.4048e-02          0     2.3417     2.3300     0.0594     0.1148     4.5824     0.0000     0.1027     0.0000     2.3491     2.3284    34.5122    34.6004    21.6002    21.6811    194.045    203.371     98.195    102.892 0.0000e+00
       2210     92.029     26.157 -106.80152   16.75020     26.000    29.2825    29.2404 5.6887e+04   5.696912     0.0882     0.0603    98.5045 2.8576e-02          0     2.3462     2.3277     0.0598     0.1148     4.5824     0.0000     0.1173     0.0000     2.3465     2.3272    34.5107    34.5973    21.6043    21.6835    193.390    203.406     97.839    102.886 0.0000e+00
       2235     93.066     27.163 -106.80152   16.75020     27.000    29.2766    29.2345 5.6884e+04   5.696550     0.0883     0.0603    98.5037 3.4413e-02          0     2.3480     2.3273     0.0598     0.1148     4.5824     0.0000     0.1376     0.0000     2.3428     2.3286    34.5130    34.5988    21.6081    21.6866    193.246    203.742     97.758    103.047 0.0000e+00
       2367     98.575     28.169 -106.80152   16.75020     28.000    29.2706    29.2340 5.6885e+04   5.697021     0.0972     0.0622    98.4568 7.0219e-03          0     2.3449     2.3315     0.0607     0.1148     4.5802     0.0000     0.0402     0.0000     2.3405     2.3321    34.5176    34.6021    21.6137    21.6893    193.519    203.938     97.889    103.147 0.0000e+00
       2425    101.020     29.175 -106.80152   16.75019     29.000    29.2291    29.1871 5.6863e+04   5.694502     0.0993     0.0605    98.4984 8.7671e-03          0     2.3432     2.3284     0.0610     0.1147     4.5821     0.0000     0.0458     0.0000     2.3422     2.3276    34.5320    34.6184    21.6385    21.7174    193.837    203.578     97.993    102.897 0.0000e+00
       2455    102.241     30.181 -106.80152   16.75018     30.000    29.2038    29.1607 5.6883e+04   5.696634     0.0903     0.0608    98.4924 8.6038e-03          0     2.3405     2.3325     0.0600     0.1148     4.5818     0.0000     0.0451     0.0000     2.3449     2.3291    34.5639    34.6519    21.6710    21.7514    194.431    204.086     98.270    103.128 0.0000e+00
       2488    103.617     31.187 -106.80152   16.75018     31.000    29.0417    28.9961 5.6655e+04   5.674888     0.1083     0.0612    98.4804 8.3542e-03          0     2.3419     2.3296     0.0619     0.1147     4.5813     0.0000     0.0441     0.0000     2.3538     2.3307    34.5243    34.6215    21.6955    21.7837    197.842    205.380     99.710    103.489 0.0000e+00
       2535    105.604     32.193 -106.80152   16.75018     32.000    28.8593    28.8160 5.6499e+04   5.658990     0.1097     0.0625    98.4490 8.3194e-03          0     2.3441     2.3285     0.0620     0.1147     4.5799     0.0000     0.0440     0.0000     2.3935     2.3608    34.5483    34.6426    21.7743    21.8596    203.307    210.752    102.175    105.897 0.0000e+00
       2584    107.622     33.199 -106.80152   16.75018     33.000    28.3877    28.3417 5.6091e+04   5.620159     0.1249     0.0700    98.2648 8.3201e-03          0     2.3639     2.3360     0.0635     0.1148     4.5713     0.0000     0.0440     0.0000     2.4308     2.4005    34.6089    34.7196    21.9759    22.0742    207.956    216.419    103.750    107.957 0.0000e+00
       2642    110.059     34.206 -106.80152   16.75018     34.000    28.0338    27.9450 5.5726e+04   5.577051     0.1489     0.0749    98.1446 8.2970e-03          0     2.4108     2.3797     0.0659     0.1148     4.5657     0.0000     0.0439     0.0000     2.4467     2.4246    34.6135    34.7099    22.0955    22.1969    210.511    220.173    104.420    109.112 0.0000e+00
       2722    113.360     35.212 -106.80154   16.75018     35.000    27.3970    27.3495 5.5052e+04   5.515005     0.1773     0.0821    97.9671 8.1680e-03          0     2.4428     2.4229     0.0687     0.1158     4.5574     0.0000     0.0433     0.0000     2.4715     2.4514    34.6089    34.7132    22.2987    22.3924    214.102    224.441    105.096    110.150 0.0000e+00
       2763    115.078     36.218 -106.80154   16.75018     36.000    27.2684    27.2250 5.4915e+04   5.500326     0.1852     0.0839    97.9254 8.0142e-03          0     2.4633     2.4401     0.0695     0.1154     4.5555     0.0000     0.0427     0.0000     2.4693     2.4479    34.6068    34.7014    22.3385    22.4235    214.508    224.518    105.070    109.952 0.0000e+00
       2792    116.311     37.224 -106.80154   16.75018     37.000    27.0819    27.0282 5.4721e+04   5.481278     0.1947     0.0865    97.8608 8.0983e-03          0     2.4722     2.4515     0.0705     0.1166     4.5525     0.0000     0.0430     0.0000     2.4701     2.4501    34.6069    34.7123    22.3983    22.4948    216.420    225.831    105.679    110.243 0.0000e+00
       2818    117.365     38.230 -106.80154   16.75018     38.000    26.7736    26.7222 5.4399e+04   5.452351     0.1952     0.0884    97.8149 8.0690e-03          0     2.4677     2.4489     0.0705     0.1148     4.5504     0.0000     0.0429     0.0000     2.4829     2.4563    34.6067    34.7342    22.4962    22.6085    220.050    228.599    106.903    111.041 0.0000e+00
       2848    118.631     39.236 -106.80152   16.75018     39.000    26.1890    26.1378 5.3794e+04   5.390336     0.2224     0.0923    97.7189 7.8079e-03          0     2.4690     2.4483     0.0732     0.1159     4.5459     0.0000     0.0419     0.0000     2.4955     2.4712    34.6094    34.7269    22.6822    22.7868    222.593    232.641    107.090    111.901 0.0000e+00
       2929    122.009     40.243 -106.80152   16.75018     40.000    26.0122    25.8714 5.3614e+04   5.359300     0.2940     0.0978    97.5862 7.5642e-03          0     2.4910     2.4675     0.0804     0.1151     4.5397     0.0000     0.0409     0.0000     2.4658     2.4626    34.6114    34.7030    22.7391    22.8520    216.595    229.763    103.895    110.011 0.0000e+00
       2983    124.237     41.249 -106.80152   16.75018     41.000    25.1929    25.1499 5.2723e+04   5.284571     0.3141     0.0957    97.6361 7.4119e-03          0     2.4844     2.4801     0.0824     0.1159     4.5420     0.0000     0.0403     0.0000     2.4562     2.4368    34.5810    34.7046    22.9687    23.0752    222.664    231.681    105.324    109.585 0.0000e+00
       3010    125.386     42.255 -106.80152   16.75018     42.000    24.9031    24.8558 5.2405e+04   5.250610     0.3073     0.0927    97.7089 7.3031e-03          0     2.4624     2.4604     0.0817     0.1148     4.5454     0.0000     0.0398     0.0000     2.4616     2.4454    34.5671    34.6785    23.0462    23.1447    223.606    234.345    105.240    110.275 0.0000e+00
