data/ctd-cnv/KM1919/KM1919-St20-P2/St20_P2_cast59-align-cellTM-derive-bin.cnv
* Sea-Bird SBE 9 Data File:
* FileName = C:\Users\otg\Desktop\CTD Data\km1920\St20_P2_cast59.hex
* Software Version Seasave V 7.26.7.107
* Temperature SN = 5554
* Conductivity SN = 3876
* Number of Bytes Per Scan = 41
* Number of Voltage Words = 4
* Number of Scans Averaged by the Deck Unit = 1
* NMEA Latitude = 16 50.93 N
* NMEA Longitude = 106 51.19 W
* NMEA UTC (Time) = Oct 12 2019  13:09:45
* NMEA baud rate = 4800
** Ship: Kilo Moana
** Station: St20_P2 cast 59
** Operator: gr
# nquan = 34
# nvalues = 399                         
# units = specified
# name 0 = scan: Scan Count
# name 1 = timeS: Time, Elapsed [seconds]
# name 2 = prDM: Pressure, Digiquartz [db]
# name 3 = longitude: Longitude [deg]
# name 4 = latitude: Latitude [deg]
# name 5 = depSMignore: Depth [salt water, m]
# name 6 = t090C: Temperature [ITS-90, deg C]
# name 7 = t190C: Temperature, 2 [ITS-90, deg C]
# name 8 = c0uS/cm: Conductivity [uS/cm]
# name 9 = c1S/m: Conductivity, 2 [S/m]
# name 10 = flECO-AFL: Fluorescence, WET Labs ECO-AFL/FL [mg/m^3]
# name 11 = CStarAt0: Beam Attenuation, WET Labs C-Star [1/m]
# name 12 = CStarTr0: Beam Transmission, WET Labs C-Star [%]
# name 13 = par: PAR/Irradiance, Biospherical/Licor
# name 14 = modError: Modulo Error Count
# name 15 = v0: Voltage 0
# name 16 = v1: Voltage 1
# name 17 = v2: Voltage 2
# name 18 = v3: Voltage 3
# name 19 = v4: Voltage 4
# name 20 = v5: Voltage 5
# name 21 = v6: Voltage 6
# name 22 = v7: Voltage 7
# name 23 = sbeox0V: Oxygen raw, SBE 43 [V]
# name 24 = sbeox1V: Oxygen raw, SBE 43, 2 [V]
# name 25 = sal00: Salinity, Practical [PSU]
# name 26 = sal11: Salinity, Practical, 2 [PSU]
# name 27 = sigma-é00: Density [sigma-theta, kg/m^3]
# name 28 = sigma-é11: Density, 2 [sigma-theta, kg/m^3]
# name 29 = sbeox0Mm/L: Oxygen, SBE 43 [umol/l], WS = 2
# name 30 = sbeox1Mm/L: Oxygen, SBE 43, 2 [umol/l], WS = 2
# name 31 = sbeox0PS: Oxygen, SBE 43 [% saturation], WS = 2
# name 32 = sbeox1PS: Oxygen, SBE 43, 2 [% saturation], WS = 2
# name 33 = flag: flag
# span 0 =         14,      18487       
# span 1 =      0.548,    770.240       
# span 2 =      2.012,    402.780       
# span 3 = -106.85328, -106.85320       
# span 4 =   16.84874,   16.84884       
# span 5 =      2.000,    400.000       
# span 6 =     9.3223,    28.7672       
# span 7 =     9.2905,    28.7235       
# span 8 = 3.7262e+04, 5.6254e+04       
# span 9 =   3.730978,   5.633269       
# span 10 =     0.0475,     1.2433      
# span 11 =     0.0373,     0.1142      
# span 12 =    97.1854,    99.0708      
# span 13 = 6.1015e-05, 3.9860e+01      
# span 14 =          0,          0      
# span 15 =     0.5033,     2.5042      
# span 16 =     0.5137,     2.4952      
# span 17 =     0.0557,     0.1753      
# span 18 =     0.1127,     0.1187      
# span 19 =     4.5211,     4.6088      
# span 20 =     0.0000,     0.0000      
# span 21 =     0.0089,     2.6145      
# span 22 =     0.0000,     0.0000      
# span 23 =     0.5023,     2.5044      
# span 24 =     0.5129,     2.4885      
# span 25 =    34.2643,    34.7810      
# span 26 =    34.3597,    34.8697      
# span 27 =    21.6592,    26.7745      
# span 28 =    21.7402,    26.8419      
# span 29 =      0.717,    229.268      
# span 30 =      0.932,    240.618      
# span 31 =      0.252,    107.507      
# span 32 =      0.326,    112.362      
# span 33 = 0.0000e+00, 0.0000e+00      
# interval = meters: 1                  
# start_time = Oct 12 2019 13:13:30 [NMEA time, first data scan]
# bad_flag = -9.990e-29
*END*
[from data line 214]
      11266    469.380    217.404 -106.85326   16.84878    216.000    12.1624    12.1160 4.0013e+04   4.005868     0.0641     0.0560    98.6101 2.0334e-04          0     0.5047     0.5165     0.0574     0.1145     4.5873     0.0000     0.0098     0.0000     0.5040     0.5155    34.7672    34.8550    26.3826    26.4597      1.002      1.341      0.371      0.497 0.0000e+00
      11287    470.239    218.411 -106.85326   16.84878    217.000    12.1031    12.0690 3.9954e+04   4.001089     0.0751     0.0560    98.6095 2.0334e-04          0     0.5048     0.5165     0.0585     0.1148     4.5873     0.0000     0.0098     0.0000     0.5038     0.5156    34.7648    34.8519    26.3921    26.4663      1.010      1.335      0.374      0.494 0.0000e+00
      11305    470.991    219.418 -106.85326   16.84878    218.000    12.0645    12.0326 3.9916e+04   3.997269     0.0662     0.0556    98.6202 2.0334e-04          0     0.5050     0.5164     0.0576     0.1149     4.5878     0.0000     0.0098     0.0000     0.5038     0.5154    34.7633    34.8482    26.3984    26.4705      1.085      1.289      0.401      0.477 0.0000e+00
      11321    471.677    220.425 -106.85326   16.84878    219.000    12.0429    12.0108 3.9895e+04   3.995192     0.0654     0.0549    98.6355 1.9083e-04          0     0.5050     0.5164     0.0576     0.1149     4.5885     0.0000     0.0097     0.0000     0.5038     0.5155    34.7621    34.8479    26.4016    26.4744      1.015      1.325      0.375      0.490 0.0000e+00
      11338    472.383    221.432 -106.85328   16.84878    220.000    12.0156    11.9838 3.9868e+04   3.992514     0.0759     0.0548    98.6371 2.0311e-04          0     0.5052     0.5165     0.0586     0.1150     4.5886     0.0000     0.0098     0.0000     0.5036     0.5154    34.7609    34.8466    26.4059    26.4786      0.890      1.292      0.329      0.477 0.0000e+00
      11358    473.219    222.439 -106.85328   16.84878    221.000    12.0022    11.9713 3.9855e+04   3.991167     0.0475     0.0542    98.6545 1.9482e-04          0     0.5048     0.5165     0.0557     0.1148     4.5894     0.0000     0.0097     0.0000     0.5034     0.5153    34.7608    34.8447    26.4084    26.4795      0.947      1.259      0.350      0.465 0.0000e+00
      11430    476.191    223.446 -106.85328   16.84879    222.000    12.0041    11.9710 3.9858e+04   3.991032     0.0634     0.0540    98.6588 2.0382e-04          0     0.5046     0.5164     0.0574     0.1148     4.5896     0.0000     0.0098     0.0000     0.5035     0.5154    34.7616    34.8433    26.4087    26.4785      1.049      1.321      0.387      0.488 0.0000e+00
      11492    478.812    224.453 -106.85328   16.84878    223.000    11.9858    11.9487 3.9841e+04   3.989285     0.0756     0.0537    98.6675 2.0334e-04          0     0.5044     0.5163     0.0585     0.1146     4.5900     0.0000     0.0098     0.0000     0.5035     0.5154    34.7617    34.8465    26.4123    26.4852      0.957      1.244      0.354      0.459 0.0000e+00
      11514    479.706    225.460 -106.85328   16.84878    224.000    11.9452    11.9137 3.9802e+04   3.985829     0.0639     0.0530    98.6840 1.9267e-04          0     0.5046     0.5162     0.0574     0.1146     4.5908     0.0000     0.0097     0.0000     0.5035     0.5152    34.7604    34.8451    26.4190    26.4908      1.044      1.333      0.385      0.492 0.0000e+00
      11535    480.601    226.468 -106.85326   16.84878    225.000    11.9277    11.8968 3.9785e+04   3.984041     0.0639     0.0528    98.6882 2.0331e-04          0     0.5046     0.5165     0.0574     0.1148     4.5910     0.0000     0.0098     0.0000     0.5035     0.5154    34.7602    34.8430    26.4222    26.4924      1.026      1.293      0.378      0.477 0.0000e+00
      11563    481.748    227.475 -106.85326   16.84878    226.000    11.9137    11.8828 3.9772e+04   3.982692     0.0639     0.0528    98.6874 1.9024e-04          0     0.5046     0.5165     0.0574     0.1148     4.5910     0.0000     0.0097     0.0000     0.5034     0.5153    34.7596    34.8425    26.4244    26.4947      1.028      1.318      0.379      0.486 0.0000e+00
      11595    483.075    228.482 -106.85326   16.84878    227.000    11.8828    11.8501 3.9739e+04   3.979515     0.0639     0.0528    98.6874 2.0346e-04          0     0.5044     0.5163     0.0574     0.1148     4.5910     0.0000     0.0098     0.0000     0.5035     0.5152    34.7564    34.8416    26.4278    26.5002      0.966      1.281      0.356      0.472 0.0000e+00
      11626    484.387    229.489 -106.85326   16.84878    228.000    11.8571    11.8266 3.9712e+04   3.976721     0.0639     0.0528    98.6882 2.0334e-04          0     0.5045     0.5163     0.0574     0.1150     4.5910     0.0000     0.0098     0.0000     0.5033     0.5152    34.7530    34.8358    26.4300    26.5001      1.039      1.240      0.383      0.457 0.0000e+00
      11658    485.722    230.496 -106.85326   16.84878    229.000    11.8478    11.8169 3.9703e+04   3.975787     0.0635     0.0528    98.6882 2.0334e-04          0     0.5045     0.5163     0.0574     0.1148     4.5910     0.0000     0.0098     0.0000     0.5035     0.5152    34.7530    34.8353    26.4319    26.5017      1.014      1.297      0.374      0.478 0.0000e+00
      11696    487.284    231.503 -106.85326   16.84878    230.000    11.8322    11.8020 3.9688e+04   3.974313     0.0639     0.0528    98.6882 1.9821e-04          0     0.5044     0.5163     0.0574     0.1149     4.5910     0.0000     0.0098     0.0000     0.5033     0.5150    34.7518    34.8344    26.4339    26.5037      0.969      1.243      0.357      0.457 0.0000e+00
      11735    488.904    232.510 -106.85326   16.84878    231.000    11.8254    11.7955 3.9681e+04   3.973694     0.0639     0.0525    98.6954 2.0343e-04          0     0.5045     0.5161     0.0574     0.1150     4.5913     0.0000     0.0098     0.0000     0.5034     0.5151    34.7515    34.8340    26.4349    26.5047      1.031      1.303      0.379      0.480 0.0000e+00
      11772    490.453    233.517 -106.85326   16.84878    232.000    11.8006    11.7696 3.9657e+04   3.971291     0.0636     0.0518    98.7145 2.0334e-04          0     0.5043     0.5161     0.0574     0.1146     4.5922     0.0000     0.0098     0.0000     0.5034     0.5153    34.7501    34.8342    26.4386    26.5098      1.040      1.315      0.382      0.484 0.0000e+00
      11810    492.044    234.524 -106.85326   16.84878    233.000    11.7501    11.7187 3.9607e+04   3.966392     0.0639     0.0518    98.7145 1.9769e-04          0     0.5043     0.5160     0.0574     0.1146     4.5922     0.0000     0.0098     0.0000     0.5033     0.5152    34.7484    34.8335    26.4467    26.5187      0.974      1.271      0.358      0.467 0.0000e+00
      11845    493.500    235.531 -106.85326   16.84878    234.000    11.7222    11.6911 3.9580e+04   3.963529     0.0639     0.0516    98.7182 1.9172e-04          0     0.5043     0.5162     0.0574     0.1147     4.5924     0.0000     0.0097     0.0000     0.5034     0.5153    34.7477    34.8308    26.4515    26.5219      1.037      1.282      0.381      0.471 0.0000e+00
      11877    494.822    236.538 -106.85327   16.84878    235.000    11.6966    11.6653 3.9555e+04   3.961134     0.0635     0.0515    98.7226 1.9629e-04          0     0.5045     0.5163     0.0574     0.1151     4.5926     0.0000     0.0098     0.0000     0.5033     0.5150    34.7466    34.8311    26.4554    26.5270      0.969      1.199      0.356      0.440 0.0000e+00
      11906    496.035    237.545 -106.85328   16.84878    236.000    11.6702    11.6399 3.9529e+04   3.958548     0.0639     0.0507    98.7406 2.0330e-04          0     0.5043     0.5161     0.0574     0.1148     4.5934     0.0000     0.0098     0.0000     0.5033     0.5149    34.7457    34.8291    26.4597    26.5302      1.016      1.266      0.372      0.464 0.0000e+00
      11935    497.259    238.552 -106.85328   16.84880    237.000    11.6488    11.6180 3.9509e+04   3.956513     0.0681     0.0507    98.7407 1.9628e-04          0     0.5044     0.5162     0.0578     0.1149     4.5934     0.0000     0.0098     0.0000     0.5034     0.5150    34.7449    34.8291    26.4631    26.5343      1.030      1.289      0.378      0.473 0.0000e+00
      11963    498.436    239.560 -106.85328   16.84880    238.000    11.6160    11.5851 3.9476e+04   3.953282     0.0698     0.0506    98.7427 2.0346e-04          0     0.5043     0.5160     0.0580     0.1150     4.5935     0.0000     0.0098     0.0000     0.5033     0.5151    34.7435    34.8279    26.4681    26.5395      0.978      1.217      0.358      0.446 0.0000e+00
      11993    499.676    240.567 -106.85328   16.84880    239.000    11.6080    11.5780 3.9469e+04   3.952376     0.0640     0.0495    98.7691 2.0334e-04          0     0.5043     0.5159     0.0574     0.1153     4.5947     0.0000     0.0098     0.0000     0.5033     0.5148    34.7433    34.8251    26.4695    26.5388      1.023      1.223      0.375      0.448 0.0000e+00
      12040    501.632    241.574 -106.85328   16.84878    240.000    11.6031    11.5725 3.9465e+04   3.951916     0.0637     0.0496    98.7679 2.0334e-04          0     0.5043     0.5160     0.0574     0.1148     4.5946     0.0000     0.0098     0.0000     0.5033     0.5147    34.7435    34.8254    26.4706    26.5400      1.000      1.224      0.366      0.448 0.0000e+00
      12098    504.051    242.581 -106.85328   16.84878    241.000    11.5891    11.5581 3.9452e+04   3.950628     0.0639     0.0495    98.7697 1.9789e-04          0     0.5043     0.5158     0.0574     0.1148     4.5947     0.0000     0.0098     0.0000     0.5033     0.5148    34.7437    34.8258    26.4734    26.5430      1.007      1.206      0.369      0.442 0.0000e+00
      12127    505.248    243.588 -106.85328   16.84878    242.000    11.5756    11.5455 3.9439e+04   3.949371     0.0639     0.0494    98.7716 2.0349e-04          0     0.5043     0.5157     0.0574     0.1146     4.5948     0.0000     0.0098     0.0000     0.5033     0.5149    34.7431    34.8248    26.4754    26.5446      1.007      1.239      0.369      0.454 0.0000e+00
      12148    506.135    244.595 -106.85328   16.84878    243.000    11.5687    11.5386 3.9433e+04   3.948759     0.0639     0.0495    98.7696 2.0334e-04          0     0.5043     0.5158     0.0574     0.1151     4.5947     0.0000     0.0098     0.0000     0.5033     0.5148    34.7427    34.8248    26.4764    26.5459      1.007      1.202      0.369      0.440 0.0000e+00
      12170    507.043    245.603 -106.85328   16.84878    244.000    11.5628    11.5325 3.9427e+04   3.948157     0.0639     0.0495    98.7703 1.9502e-04          0     0.5043     0.5158     0.0574     0.1148     4.5947     0.0000     0.0097     0.0000     0.5033     0.5146    34.7425    34.8242    26.4774    26.5466      1.007      1.133      0.369      0.415 0.0000e+00
      12193    507.994    246.610 -106.85328   16.84878    245.000    11.5570    11.5269 3.9422e+04   3.947673     0.0639     0.0492    98.7787 1.9412e-04          0     0.5043     0.5157     0.0574     0.1147     4.5951     0.0000     0.0097     0.0000     0.5033     0.5145    34.7421    34.8242    26.4782    26.5477      1.008      1.174      0.369      0.429 0.0000e+00
      12218    509.034    247.617 -106.85328   16.84878    246.000    11.5493    11.5202 3.9415e+04   3.947011     0.0639     0.0492    98.7782 1.9602e-04          0     0.5043     0.5157     0.0574     0.1147     4.5951     0.0000     0.0098     0.0000     0.5033     0.5146    34.7417    34.8235    26.4793    26.5484      1.008      1.219      0.369      0.446 0.0000e+00
      12280    511.626    248.624 -106.85328   16.84878    247.000    11.5540    11.5232 3.9420e+04   3.947278     0.0639     0.0492    98.7787 1.9903e-04          0     0.5043     0.5156     0.0574     0.1147     4.5951     0.0000     0.0098     0.0000     0.5033     0.5146    34.7418    34.8229    26.4786    26.5474      1.008      1.194      0.369      0.437 0.0000e+00
      12349    514.500    249.631 -106.85328   16.84878    248.000    11.5465    11.5167 3.9413e+04   3.946809     0.0639     0.0489    98.7842 2.0361e-04          0     0.5043     0.5154     0.0574     0.1147     4.5954     0.0000     0.0098     0.0000     0.5033     0.5145    34.7420    34.8240    26.4802    26.5495      1.008      1.186      0.369      0.434 0.0000e+00
      12372    515.444    250.639 -106.85328   16.84880    249.000    11.5382    11.5046 3.9405e+04   3.945699     0.0639     0.0492    98.7768 2.0334e-04          0     0.5043     0.5156     0.0574     0.1149     4.5950     0.0000     0.0098     0.0000     0.5033     0.5145    34.7415    34.8239    26.4814    26.5517      1.008      1.209      0.369      0.442 0.0000e+00
      12390    516.227    251.646 -106.85328   16.84880    250.000    11.5251    11.4940 3.9393e+04   3.944674     0.0639     0.0494    98.7715 2.0334e-04          0     0.5043     0.5155     0.0574     0.1150     4.5948     0.0000     0.0098     0.0000     0.5033     0.5147    34.7414    34.8234    26.4837    26.5533      1.009      1.206      0.369      0.441 0.0000e+00
      12408    516.977    252.653 -106.85328   16.84880    251.000    11.5142    11.4835 3.9383e+04   3.943705     0.0639     0.0486    98.7923 2.0334e-04          0     0.5043     0.5156     0.0574     0.1146     4.5958     0.0000     0.0098     0.0000     0.5033     0.5146    34.7411    34.8233    26.4855    26.5551      1.009      1.168      0.369      0.427 0.0000e+00
      12427    517.771    253.660 -106.85328   16.84880    252.000    11.5049    11.4744 3.9374e+04   3.942846     0.0639     0.0488    98.7880 2.0334e-04          0     0.5043     0.5154     0.0574     0.1150     4.5956     0.0000     0.0098     0.0000     0.5033     0.5144    34.7405    34.8230    26.4867    26.5566      1.010      1.153      0.369      0.421 0.0000e+00
      12450    518.715    254.667 -106.85328   16.84880    253.000    11.4941    11.4632 3.9364e+04   3.941879     0.0639     0.0486    98.7930 2.0334e-04          0     0.5043     0.5156     0.0574     0.1149     4.5958     0.0000     0.0098     0.0000     0.5033     0.5145    34.7403    34.8235    26.4887    26.5591      1.010      1.155      0.369      0.422 0.0000e+00
      12495    520.566    255.675 -106.85328   16.84880    254.000    11.4771    11.4472 3.9348e+04   3.940253     0.0639     0.0483    98.8003 2.0045e-04          0     0.5043     0.5156     0.0574     0.1147     4.5962     0.0000     0.0098     0.0000     0.5033     0.5144    34.7403    34.8221    26.4918    26.5610      1.011      1.183      0.369      0.432 0.0000e+00
      12555    523.093    256.682 -106.85328   16.84880    255.000    11.4709    11.4410 3.9343e+04   3.939683     0.0639     0.0482    98.8020 1.9838e-04          0     0.5043     0.5154     0.0574     0.1147     4.5962     0.0000     0.0098     0.0000     0.5033     0.5144    34.7408    34.8218    26.4934    26.5620      1.011      1.165      0.369      0.426 0.0000e+00
      12588    524.468    257.689 -106.85328   16.84880    256.000    11.4655    11.4358 3.9338e+04   3.939230     0.0639     0.0484    98.7974 1.9017e-04          0     0.5043     0.5155     0.0574     0.1146     4.5960     0.0000     0.0097     0.0000     0.5033     0.5144    34.7407    34.8218    26.4943    26.5630      1.011      1.192      0.369      0.436 0.0000e+00
      12616    525.645    258.696 -106.85328   16.84880    257.000    11.4464    11.4159 3.9319e+04   3.937418     0.0732     0.0483    98.8006 1.9588e-04          0     0.5043     0.5155     0.0583     0.1147     4.5962     0.0000     0.0098     0.0000     0.5033     0.5145    34.7389    34.8222    26.4965    26.5669      1.012      1.191      0.369      0.435 0.0000e+00
