data/ctd-cnv/KM1919/KM1919-St20-P2/St20_P2_cast25-align-cellTM-derive-bin.cnv
* Sea-Bird SBE 9 Data File:
* FileName = C:\Users\otg\Desktop\CTD Data\km1920\St20_P2_cast25.hex
* Software Version Seasave V 7.26.7.107
* Temperature SN = 5554
* Conductivity SN = 3876
* Number of Bytes Per Scan = 41
* Number of Voltage Words = 4
* Number of Scans Averaged by the Deck Unit = 1
* NMEA Latitude = 16 48.59 N
* NMEA Longitude = 106 53.14 W
* NMEA UTC (Time) = Oct 03 2019  13:28:12
* NMEA baud rate = 4800
** Ship: Kilo Moana
** Station: St20_P2cast 25
** Operator: cf
** Start of leg 2
# nquan = 34
# nvalues = 503                         
# units = specified
# name 0 = scan: Scan Count
# name 1 = timeS: Time, Elapsed [seconds]
# name 2 = prDM: Pressure, Digiquartz [db]
# name 3 = longitude: Longitude [deg]
# name 4 = latitude: Latitude [deg]
# name 5 = depSMignore: Depth [salt water, m]
# name 6 = t090C: Temperature [ITS-90, deg C]
# name 7 = t190C: Temperature, 2 [ITS-90, deg C]
# name 8 = c0uS/cm: Conductivity [uS/cm]
# name 9 = c1S/m: Conductivity, 2 [S/m]
# name 10 = flECO-AFL: Fluorescence, WET Labs ECO-AFL/FL [mg/m^3]
# name 11 = CStarAt0: Beam Attenuation, WET Labs C-Star [1/m]
# name 12 = CStarTr0: Beam Transmission, WET Labs C-Star [%]
# name 13 = par: PAR/Irradiance, Biospherical/Licor
# name 14 = modError: Modulo Error Count
# name 15 = v0: Voltage 0
# name 16 = v1: Voltage 1
# name 17 = v2: Voltage 2
# name 18 = v3: Voltage 3
# name 19 = v4: Voltage 4
# name 20 = v5: Voltage 5
# name 21 = v6: Voltage 6
# name 22 = v7: Voltage 7
# name 23 = sbeox0V: Oxygen raw, SBE 43 [V]
# name 24 = sbeox1V: Oxygen raw, SBE 43, 2 [V]
# name 25 = sal00: Salinity, Practical [PSU]
# name 26 = sal11: Salinity, Practical, 2 [PSU]
# name 27 = sigma-é00: Density [sigma-theta, kg/m^3]
# name 28 = sigma-é11: Density, 2 [sigma-theta, kg/m^3]
# name 29 = sbeox0Mm/L: Oxygen, SBE 43 [umol/l], WS = 2
# name 30 = sbeox1Mm/L: Oxygen, SBE 43, 2 [umol/l], WS = 2
# name 31 = sbeox0PS: Oxygen, SBE 43 [% saturation], WS = 2
# name 32 = sbeox1PS: Oxygen, SBE 43, 2 [% saturation], WS = 2
# name 33 = flag: flag
# span 0 =        174,      18224       
# span 1 =      7.202,    759.285       
# span 2 =      1.006,    506.622       
# span 3 = -106.88594, -106.88574       
# span 4 =   16.80984,   16.80992       
# span 5 =      1.000,    503.000       
# span 6 =     7.7673,    29.3492       
# span 7 =     7.7407,    29.3129       
# span 8 = 3.5816e+04, 5.7067e+04       
# span 9 =   3.586907,   5.714419       
# span 10 =     0.0583,     1.1394      
# span 11 =     0.0046,     0.0903      
# span 12 =    97.7666,    99.8865      
# span 13 = 1.0000e-12, 5.4334e+02      
# span 14 =          0,          0      
# span 15 =     0.5031,     2.4741      
# span 16 =     0.5122,     2.4589      
# span 17 =     0.0568,     0.1650      
# span 18 =     0.1157,     0.1197      
# span 19 =     4.5481,     4.6467      
# span 20 =     0.0000,     0.0000      
# span 21 =     0.0084,     3.5256      
# span 22 =     0.0000,     0.0000      
# span 23 =     0.5024,     2.4742      
# span 24 =     0.5113,     2.4592      
# span 25 =    34.4462,    34.7900      
# span 26 =    34.5334,    34.8792      
# span 27 =    21.6043,    26.9722      
# span 28 =    21.6789,    27.0415      
# span 29 =      0.783,    222.324      
# span 30 =      0.500,    232.838      
# span 31 =      0.265,    105.553      
# span 32 =      0.169,    110.966      
# span 33 = 0.0000e+00, 0.0000e+00      
# interval = meters: 1                  
# start_time = Oct 03 2019 13:31:34 [NMEA time, first data scan]
# bad_flag = -9.990e-29
*END*
[from data line 427]
      15556    648.114    431.003 -106.88590   16.80988    428.000     9.1067     9.0779 3.7067e+04   3.711807     0.0659     0.0069    99.8283 1.0000e-12          0     0.5036     0.5133     0.0576     0.1186     4.6440     0.0000     0.0085     0.0000     0.5036     0.5133    34.6108    34.6918    26.8039    26.8719      1.210      1.149      0.420      0.399 0.0000e+00
      15584    649.287    432.011 -106.88590   16.80988    429.000     9.0131     8.9836 3.6976e+04   3.703353     0.0650     0.0073    99.8179 1.0000e-12          0     0.5035     0.5135     0.0575     0.1194     4.6435     0.0000     0.0085     0.0000     0.5035     0.5138    34.6064    34.6947    26.8154    26.8893      0.966      1.238      0.334      0.428 0.0000e+00
      15603    650.089    433.019 -106.88590   16.80988    430.000     8.9601     8.9289 3.6925e+04   3.697897     0.0667     0.0071    99.8231 1.0000e-12          0     0.5039     0.5139     0.0577     0.1188     4.6438     0.0000     0.0085     0.0000     0.5033     0.5136    34.6034    34.6905    26.8215    26.8947      0.994      0.987      0.344      0.341 0.0000e+00
      15620    650.780    434.027 -106.88590   16.80988    431.000     8.9030     8.8720 3.6870e+04   3.692371     0.0654     0.0071    99.8220 1.0000e-12          0     0.5042     0.5137     0.0575     0.1182     4.6437     0.0000     0.0085     0.0000     0.5032     0.5132    34.6010    34.6877    26.8287    26.9015      1.006      0.795      0.347      0.275 0.0000e+00
      15635    651.426    435.035 -106.88590   16.80988    432.000     8.8260     8.7939 3.6793e+04   3.684976     0.0680     0.0072    99.8206 1.0000e-12          0     0.5042     0.5141     0.0578     0.1197     4.6437     0.0000     0.0085     0.0000     0.5030     0.5127    34.5954    34.6858    26.8365    26.9123      0.911      0.829      0.314      0.286 0.0000e+00
      15651    652.063    436.044 -106.88590   16.80988    433.000     8.7989     8.7701 3.6768e+04   3.682053     0.0662     0.0066    99.8351 1.0000e-12          0     0.5043     0.5140     0.0576     0.1190     4.6443     0.0000     0.0084     0.0000     0.5030     0.5127    34.5951    34.6778    26.8404    26.9098      0.887      1.029      0.306      0.354 0.0000e+00
      15666    652.727    437.051 -106.88590   16.80988    434.000     8.7924     8.7647 3.6762e+04   3.681335     0.0662     0.0067    99.8335 1.0000e-12          0     0.5042     0.5144     0.0576     0.1183     4.6443     0.0000     0.0085     0.0000     0.5027     0.5134    34.5946    34.6751    26.8411    26.9086      0.812      0.973      0.280      0.335 0.0000e+00
      15685    653.488    438.060 -106.88590   16.80988    435.000     8.7909     8.7628 3.6762e+04   3.681172     0.0662     0.0068    99.8309 1.0000e-12          0     0.5040     0.5143     0.0576     0.1194     4.6441     0.0000     0.0085     0.0000     0.5026     0.5124    34.5947    34.6748    26.8415    26.9087      1.003      0.705      0.346      0.243 0.0000e+00
      15710    654.561    439.068 -106.88590   16.80988    436.000     8.7755     8.7471 3.6747e+04   3.679816     0.0665     0.0070    99.8254 1.0000e-12          0     0.5038     0.5136     0.0577     0.1195     4.6439     0.0000     0.0085     0.0000     0.5028     0.5123    34.5944    34.6754    26.8436    26.9116      1.024      0.945      0.353      0.325 0.0000e+00
      15785    657.675    440.076 -106.88590   16.80988    437.000     8.7835     8.7531 3.6756e+04   3.680226     0.0660     0.0068    99.8303 1.0000e-12          0     0.5034     0.5131     0.0576     0.1182     4.6441     0.0000     0.0085     0.0000     0.5029     0.5127    34.5955    34.6733    26.8433    26.9091      1.149      1.054      0.396      0.363 0.0000e+00
      15846    660.216    441.084 -106.88590   16.80988    438.000     8.7589     8.7326 3.6734e+04   3.678822     0.0652     0.0065    99.8370 1.0000e-12          0     0.5035     0.5134     0.0575     0.1196     4.6444     0.0000     0.0085     0.0000     0.5030     0.5131    34.5957    34.6781    26.8473    26.9160      0.783      1.096      0.270      0.377 0.0000e+00
      15867    661.082    442.092 -106.88590   16.80988    439.000     8.6971     8.6660 3.6675e+04   3.672804     0.0646     0.0066    99.8360 1.0000e-12          0     0.5036     0.5135     0.0575     0.1183     4.6444     0.0000     0.0085     0.0000     0.5029     0.5131    34.5930    34.6795    26.8548    26.9275      1.024      1.028      0.352      0.353 0.0000e+00
      15885    661.815    443.100 -106.88590   16.80988    440.000     8.6523     8.6237 3.6632e+04   3.668359     0.0659     0.0065    99.8389 1.0000e-12          0     0.5036     0.5134     0.0576     0.1192     4.6445     0.0000     0.0085     0.0000     0.5027     0.5130    34.5908    34.6735    26.8601    26.9294      1.011      0.994      0.347      0.341 0.0000e+00
      15901    662.484    444.108 -106.88590   16.80988    441.000     8.6408     8.6143 3.6621e+04   3.667241     0.0647     0.0063    99.8432 1.0000e-12          0     0.5041     0.5137     0.0575     0.1196     4.6447     0.0000     0.0085     0.0000     0.5029     0.5130    34.5901    34.6705    26.8614    26.9285      0.934      0.780      0.321      0.268 0.0000e+00
      15917    663.146    445.116 -106.88590   16.80988    442.000     8.6339     8.6080 3.6614e+04   3.666657     0.0670     0.0064    99.8400 1.0000e-12          0     0.5041     0.5136     0.0577     0.1197     4.6445     0.0000     0.0085     0.0000     0.5025     0.5121    34.5896    34.6700    26.8621    26.9291      0.864      0.674      0.297      0.231 0.0000e+00
      15933    663.836    446.124 -106.88590   16.80988    443.000     8.6288     8.5996 3.6610e+04   3.665862     0.0646     0.0063    99.8433 1.0000e-12          0     0.5035     0.5139     0.0575     0.1189     4.6447     0.0000     0.0085     0.0000     0.5027     0.5122    34.5894    34.6694    26.8627    26.9299      1.020      1.073      0.350      0.368 0.0000e+00
      15951    664.579    447.133 -106.88590   16.80988    444.000     8.6232     8.5949 3.6605e+04   3.665428     0.0652     0.0065    99.8392 1.0000e-12          0     0.5036     0.5138     0.0575     0.1184     4.6445     0.0000     0.0085     0.0000     0.5026     0.5130    34.5897    34.6689    26.8638    26.9304      1.056      1.027      0.362      0.352 0.0000e+00
      15970    665.395    448.141 -106.88590   16.80986    445.000     8.6159     8.5854 3.6598e+04   3.664580     0.0639     0.0064    99.8420 1.0000e-12          0     0.5035     0.5137     0.0574     0.1197     4.6446     0.0000     0.0085     0.0000     0.5027     0.5123    34.5892    34.6688    26.8646    26.9318      0.955      0.873      0.328      0.299 0.0000e+00
      15994    666.368    449.149 -106.88590   16.80986    446.000     8.6088     8.5810 3.6592e+04   3.664129     0.0643     0.0064    99.8406 1.0000e-12          0     0.5034     0.5131     0.0574     0.1196     4.6446     0.0000     0.0085     0.0000     0.5026     0.5124    34.5890    34.6679    26.8655    26.9318      0.988      0.892      0.339      0.306 0.0000e+00
      16028    667.783    450.157 -106.88590   16.80986    447.000     8.6040     8.5781 3.6588e+04   3.663889     0.0645     0.0064    99.8394 1.0000e-12          0     0.5033     0.5132     0.0575     0.1183     4.6445     0.0000     0.0085     0.0000     0.5026     0.5125    34.5892    34.6677    26.8665    26.9321      1.080      1.027      0.371      0.352 0.0000e+00
      16070    669.554    451.165 -106.88590   16.80986    448.000     8.5953     8.5660 3.6580e+04   3.662776     0.0648     0.0066    99.8343 1.0000e-12          0     0.5033     0.5132     0.0575     0.1184     4.6443     0.0000     0.0085     0.0000     0.5029     0.5124    34.5884    34.6674    26.8673    26.9337      1.055      0.881      0.362      0.302 0.0000e+00
      16107    671.102    452.173 -106.88590   16.80986    449.000     8.5889     8.5613 3.6575e+04   3.662427     0.0646     0.0069    99.8279 1.0000e-12          0     0.5033     0.5130     0.0575     0.1197     4.6440     0.0000     0.0085     0.0000     0.5028     0.5122    34.5890    34.6677    26.8687    26.9347      0.983      0.921      0.337      0.316 0.0000e+00
      16142    672.549    453.182 -106.88590   16.80986    450.000     8.5466     8.5165 3.6535e+04   3.658414     0.0649     0.0067    99.8322 1.0000e-12          0     0.5036     0.5132     0.0575     0.1187     4.6442     0.0000     0.0085     0.0000     0.5027     0.5126    34.5872    34.6688    26.8739    26.9425      0.979      0.971      0.335      0.333 0.0000e+00
      16185    674.345    454.190 -106.88590   16.80986    451.000     8.4983     8.4693 3.6489e+04   3.653852     0.0644     0.0062    99.8460 1.0000e-12          0     0.5035     0.5129     0.0575     0.1190     4.6448     0.0000     0.0085     0.0000     0.5027     0.5125    34.5855    34.6663    26.8800    26.9478      1.031      0.971      0.353      0.332 0.0000e+00
      16230    676.204    455.198 -106.88590   16.80986    452.000     8.4767     8.4488 3.6469e+04   3.651717     0.0639     0.0055    99.8612 1.0000e-12          0     0.5035     0.5133     0.0574     0.1193     4.6455     0.0000     0.0085     0.0000     0.5028     0.5128    34.5847    34.6634    26.8826    26.9487      1.106      1.233      0.378      0.422 0.0000e+00
      16257    677.353    456.206 -106.88590   16.80986    453.000     8.4727     8.4453 3.6465e+04   3.651460     0.0639     0.0065    99.8378 1.0000e-12          0     0.5034     0.5132     0.0574     0.1182     4.6444     0.0000     0.0085     0.0000     0.5028     0.5134    34.5841    34.6637    26.8828    26.9494      1.043      1.063      0.357      0.363 0.0000e+00
      16277    678.161    457.214 -106.88590   16.80986    454.000     8.4588     8.4304 3.6452e+04   3.650225     0.0646     0.0063    99.8434 1.0000e-12          0     0.5033     0.5134     0.0575     0.1183     4.6447     0.0000     0.0085     0.0000     0.5031     0.5128    34.5840    34.6647    26.8849    26.9526      1.022      0.961      0.350      0.328 0.0000e+00
      16293    678.839    458.223 -106.88590   16.80986    455.000     8.4367     8.4077 3.6432e+04   3.648221     0.0655     0.0063    99.8433 1.0000e-12          0     0.5036     0.5130     0.0576     0.1194     4.6447     0.0000     0.0085     0.0000     0.5029     0.5131    34.5836    34.6652    26.8879    26.9565      0.826      0.941      0.282      0.322 0.0000e+00
      16308    679.457    459.231 -106.88590   16.80986    456.000     8.3754     8.3438 3.6372e+04   3.642689     0.0639     0.0063    99.8433 1.0000e-12          0     0.5033     0.5132     0.0574     0.1195     4.6447     0.0000     0.0085     0.0000     0.5025     0.5126    34.5801    34.6689    26.8946    26.9691      0.895      0.924      0.305      0.315 0.0000e+00
      16322    680.060    460.239 -106.88590   16.80986    457.000     8.3515     8.3236 3.6350e+04   3.640042     0.0674     0.0063    99.8433 1.0000e-12          0     0.5037     0.5137     0.0577     0.1184     4.6447     0.0000     0.0085     0.0000     0.5027     0.5131    34.5793    34.6601    26.8976    26.9653      0.967      1.047      0.330      0.357 0.0000e+00
      16337    680.678    461.247 -106.88590   16.80986    458.000     8.3468     8.3191 3.6346e+04   3.639574     0.0655     0.0063    99.8433 1.0000e-12          0     0.5036     0.5139     0.0576     0.1183     4.6447     0.0000     0.0085     0.0000     0.5024     0.5127    34.5792    34.6591    26.8983    26.9652      0.918      0.805      0.313      0.275 0.0000e+00
      16354    681.366    462.255 -106.88590   16.80986    459.000     8.3406     8.3127 3.6341e+04   3.639025     0.0653     0.0063    99.8433 1.0000e-12          0     0.5036     0.5136     0.0575     0.1183     4.6447     0.0000     0.0085     0.0000     0.5025     0.5121    34.5793    34.6591    26.8993    26.9662      1.004      0.747      0.342      0.255 0.0000e+00
      16378    682.378    463.263 -106.88590   16.80986    460.000     8.3323     8.3047 3.6333e+04   3.638251     0.0647     0.0063    99.8433 1.0000e-12          0     0.5034     0.5135     0.0575     0.1184     4.6447     0.0000     0.0085     0.0000     0.5025     0.5123    34.5789    34.6582    26.9003    26.9667      1.056      0.894      0.360      0.304 0.0000e+00
      16451    685.422    464.272 -106.88590   16.80986    461.000     8.3402     8.3148 3.6342e+04   3.639135     0.0730     0.0061    99.8490 1.0000e-12          0     0.5032     0.5130     0.0583     0.1195     4.6450     0.0000     0.0085     0.0000     0.5027     0.5122    34.5798    34.6573    26.8998    26.9645      1.040      0.958      0.355      0.327 0.0000e+00
      16501    687.495    465.280 -106.88592   16.80986    462.000     8.3250     8.2970 3.6328e+04   3.637687     0.0641     0.0062    99.8450 1.0000e-12          0     0.5034     0.5128     0.0574     0.1193     4.6448     0.0000     0.0085     0.0000     0.5029     0.5128    34.5794    34.6589    26.9018    26.9684      1.116      1.136      0.381      0.387 0.0000e+00
      16527    688.570    466.288 -106.88592   16.80986    463.000     8.3232     8.2956 3.6326e+04   3.637471     0.0639     0.0057    99.8585 1.0000e-12          0     0.5033     0.5131     0.0574     0.1197     4.6454     0.0000     0.0085     0.0000     0.5028     0.5127    34.5792    34.6575    26.9020    26.9676      0.957      0.914      0.326      0.311 0.0000e+00
      16549    689.515    467.296 -106.88592   16.80986    464.000     8.2966     8.2674 3.6302e+04   3.635310     0.0619     0.0052    99.8695 1.0000e-12          0     0.5033     0.5127     0.0572     0.1196     4.6459     0.0000     0.0085     0.0000     0.5028     0.5127    34.5789    34.6618    26.9057    26.9753      0.970      0.933      0.330      0.318 0.0000e+00
      16573    690.501    468.305 -106.88592   16.80986    465.000     8.2555     8.2273 3.6263e+04   3.631278     0.0619     0.0052    99.8696 1.0000e-12          0     0.5036     0.5132     0.0572     0.1196     4.6459     0.0000     0.0085     0.0000     0.5026     0.5123    34.5774    34.6578    26.9108    26.9782      0.916      0.843      0.311      0.287 0.0000e+00
      16599    691.573    469.313 -106.88592   16.80986    466.000     8.2428     8.2152 3.6251e+04   3.629991     0.0639     0.0053    99.8676 1.0000e-12          0     0.5037     0.5134     0.0574     0.1197     4.6458     0.0000     0.0085     0.0000     0.5026     0.5121    34.5765    34.6556    26.9121    26.9784      0.997      0.778      0.339      0.265 0.0000e+00
      16625    692.677    470.321 -106.88592   16.80986    467.000     8.2376     8.2101 3.6246e+04   3.629508     0.0639     0.0062    99.8468 1.0000e-12          0     0.5035     0.5134     0.0574     0.1196     4.6449     0.0000     0.0085     0.0000     0.5026     0.5124    34.5759    34.6550    26.9124    26.9787      1.026      1.002      0.349      0.341 0.0000e+00
      16649    693.650    471.329 -106.88592   16.80986    468.000     8.2295     8.2020 3.6239e+04   3.628847     0.0639     0.0059    99.8535 1.0000e-12          0     0.5034     0.5130     0.0574     0.1196     4.6452     0.0000     0.0085     0.0000     0.5026     0.5123    34.5757    34.6554    26.9135    26.9802      1.012      0.877      0.344      0.298 0.0000e+00
      16668    694.471    472.338 -106.88592   16.80986    469.000     8.2225     8.1945 3.6233e+04   3.628119     0.0639     0.0054    99.8642 1.0000e-12          0     0.5032     0.5135     0.0574     0.1196     4.6457     0.0000     0.0085     0.0000     0.5026     0.5121    34.5762    34.6546    26.9149    26.9807      1.061      0.909      0.361      0.309 0.0000e+00
