data/ctd-cnv/KM1919/KM1919-St20-P2/St20_P2_cast40-align-cellTM-derive-bin.cnv
* Sea-Bird SBE 9 Data File:
* FileName = C:\Users\otg\Desktop\CTD Data\km1920\St20_P2_cast40.hex
* Software Version Seasave V 7.26.7.107
* Temperature SN = 5554
* Conductivity SN = 3876
* Number of Bytes Per Scan = 41
* Number of Voltage Words = 4
* Number of Scans Averaged by the Deck Unit = 1
* NMEA Latitude = 16 45.73 N
* NMEA Longitude = 106 49.45 W
* NMEA UTC (Time) = Oct 08 2019  00:57:05
* NMEA baud rate = 4800
** Ship: Kilo Moana
** Station: St20_P2 cast 40
** Operator: cf
** 6 pm cast
# nquan = 34
# nvalues = 200                         
# units = specified
# name 0 = scan: Scan Count
# name 1 = timeS: Time, Elapsed [seconds]
# name 2 = prDM: Pressure, Digiquartz [db]
# name 3 = longitude: Longitude [deg]
# name 4 = latitude: Latitude [deg]
# name 5 = depSM: Depth [salt water, m]
# name 6 = t090C: Temperature [ITS-90, deg C]
# name 7 = t190C: Temperature, 2 [ITS-90, deg C]
# name 8 = c0uS/cm: Conductivity [uS/cm]
# name 9 = c1S/m: Conductivity, 2 [S/m]
# name 10 = flECO-AFL: Fluorescence, WET Labs ECO-AFL/FL [mg/m^3]
# name 11 = CStarAt0: Beam Attenuation, WET Labs C-Star [1/m]
# name 12 = CStarTr0: Beam Transmission, WET Labs C-Star [%]
# name 13 = par: PAR/Irradiance, Biospherical/Licor
# name 14 = modError: Modulo Error Count
# name 15 = v0: Voltage 0
# name 16 = v1: Voltage 1
# name 17 = v2: Voltage 2
# name 18 = v3: Voltage 3
# name 19 = v4: Voltage 4
# name 20 = v5: Voltage 5
# name 21 = v6: Voltage 6
# name 22 = v7: Voltage 7
# name 23 = sbeox0V: Oxygen raw, SBE 43 [V]
# name 24 = sbeox1V: Oxygen raw, SBE 43, 2 [V]
# name 25 = sal00: Salinity, Practical [PSU]
# name 26 = sal11: Salinity, Practical, 2 [PSU]
# name 27 = sigma-é00: Density [sigma-theta, kg/m^3]
# name 28 = sigma-é11: Density, 2 [sigma-theta, kg/m^3]
# name 29 = sbeox0Mm/L: Oxygen, SBE 43 [umol/l], WS = 2
# name 30 = sbeox1Mm/L: Oxygen, SBE 43, 2 [umol/l], WS = 2
# name 31 = sbeox0PS: Oxygen, SBE 43 [% saturation], WS = 2
# name 32 = sbeox1PS: Oxygen, SBE 43, 2 [% saturation], WS = 2
# name 33 = flag: flag
# span 0 =        -11,      11214       
# span 1 =     -0.484,    467.229       
# span 2 =      2.011,    202.298       
# span 3 = -106.82424, -106.82416       
# span 4 =   16.76216,   16.76222       
# span 5 =      2.000,    201.000       
# span 6 =    12.2585,    29.6453       
# span 7 =    12.2308,    29.5997       
# span 8 = 4.0106e+04, 5.7368e+04       
# span 9 =   4.016489,   5.744562       
# span 10 =     0.0621,     1.7255      
# span 11 =     0.0349,     0.1316      
# span 12 =    96.7646,    99.1328      
# span 13 = 2.1730e-03, 3.5563e+00      
# span 14 =          0,          0      
# span 15 =     0.5045,     2.4982      
# span 16 =     0.5163,     2.4871      
# span 17 =     0.0572,     0.2236      
# span 18 =     0.1144,     0.1178      
# span 19 =     4.5015,     4.6116      
# span 20 =     0.0000,     0.0000      
# span 21 =     0.0183,     1.5617      
# span 22 =     0.0000,     0.0000      
# span 23 =     0.5034,     2.4947      
# span 24 =     0.5151,     2.4797      
# span 25 =    34.3108,    34.7835      
# span 26 =    34.4060,    34.8807      
# span 27 =    21.5347,    26.3698      
# span 28 =    21.6144,    26.4394      
# span 29 =      0.947,    231.539      
# span 30 =      1.238,    242.356      
# span 31 =      0.353,    106.983      
# span 32 =      0.460,    111.674      
# span 33 = 0.0000e+00, 0.0000e+00      
# interval = meters: 1                  
# start_time = Oct 08 2019 01:04:02 [NMEA time, first data scan]
# bad_flag = -9.990e-29
*END*
[from data line 171]
       9666    402.702    174.105 -106.82416   16.76220    173.000    12.5237    12.4927 4.0355e+04   4.041076     0.0753     0.0500    98.7573 3.0094e-03          0     0.5055     0.5176     0.0585     0.1156     4.5942     0.0000     0.0219     0.0000     0.5045     0.5163    34.7812    34.8640    26.3224    26.3927      1.134      1.395      0.424      0.521 0.0000e+00
       9794    408.029    175.112 -106.82416   16.76221    174.000    12.5376    12.5076 4.0369e+04   4.042465     0.0697     0.0510    98.7333 2.6547e-03          0     0.5054     0.5174     0.0580     0.1149     4.5931     0.0000     0.0204     0.0000     0.5045     0.5165    34.7820    34.8633    26.3203    26.3893      1.138      1.481      0.425      0.553 0.0000e+00
       9851    410.417    176.119 -106.82416   16.76222    175.000    12.5187    12.4860 4.0351e+04   4.040663     0.0756     0.0507    98.7407 2.7587e-03          0     0.5054     0.5172     0.0585     0.1171     4.5934     0.0000     0.0209     0.0000     0.5045     0.5164    34.7812    34.8654    26.3234    26.3952      1.166      1.464      0.436      0.547 0.0000e+00
       9865    410.989    177.126 -106.82416   16.76222    176.000    12.5081    12.4769 4.0341e+04   4.039686     0.0746     0.0507    98.7407 2.8878e-03          0     0.5053     0.5171     0.0584     0.1161     4.5934     0.0000     0.0214     0.0000     0.5045     0.5166    34.7814    34.8641    26.3256    26.3959      1.150      1.422      0.429      0.531 0.0000e+00
       9880    411.615    178.133 -106.82416   16.76222    177.000    12.5023    12.4709 4.0336e+04   4.039183     0.0761     0.0507    98.7407 2.7406e-03          0     0.5055     0.5173     0.0586     0.1154     4.5934     0.0000     0.0208     0.0000     0.5046     0.5161    34.7816    34.8643    26.3270    26.3973      1.141      1.295      0.426      0.483 0.0000e+00
       9895    412.234    179.139 -106.82416   16.76222    178.000    12.4850    12.4529 4.0319e+04   4.037599     0.0661     0.0506    98.7424 2.7430e-03          0     0.5054     0.5174     0.0576     0.1166     4.5935     0.0000     0.0208     0.0000     0.5044     0.5161    34.7807    34.8653    26.3297    26.4016      1.048      1.404      0.391      0.524 0.0000e+00
       9912    412.953    180.146 -106.82416   16.76222    179.000    12.4661    12.4340 4.0301e+04   4.035772     0.0673     0.0507    98.7408 2.7430e-03          0     0.5053     0.5173     0.0577     0.1171     4.5934     0.0000     0.0208     0.0000     0.5042     0.5163    34.7799    34.8648    26.3328    26.4049      1.040      1.457      0.388      0.544 0.0000e+00
      10025    417.675    181.153 -106.82416   16.76222    180.000    12.4854    12.4530 4.0319e+04   4.037286     0.0767     0.0504    98.7489 2.7430e-03          0     0.5052     0.5169     0.0587     0.1157     4.5938     0.0000     0.0208     0.0000     0.5043     0.5159    34.7798    34.8613    26.3290    26.3985      1.155      1.343      0.431      0.501 0.0000e+00
      10118    421.525    182.160 -106.82416   16.76222    181.000    12.4708    12.4343 4.0307e+04   4.035698     0.0754     0.0508    98.7376 2.7430e-03          0     0.5053     0.5169     0.0585     0.1148     4.5933     0.0000     0.0208     0.0000     0.5044     0.5158    34.7805    34.8629    26.3324    26.4034      1.104      1.342      0.412      0.501 0.0000e+00
      10151    422.899    183.167 -106.82416   16.76222    182.000    12.4387    12.4063 4.0275e+04   4.033069     0.0757     0.0507    98.7407 2.7342e-03          0     0.5053     0.5169     0.0586     0.1150     4.5934     0.0000     0.0208     0.0000     0.5043     0.5158    34.7791    34.8632    26.3376    26.4091      1.117      1.346      0.417      0.502 0.0000e+00
      10182    424.210    184.174 -106.82416   16.76222    183.000    12.4289    12.3972 4.0265e+04   4.032047     0.0753     0.0507    98.7407 2.7431e-03          0     0.5053     0.5168     0.0585     0.1150     4.5934     0.0000     0.0208     0.0000     0.5042     0.5158    34.7786    34.8613    26.3392    26.4095      1.081      1.327      0.403      0.495 0.0000e+00
      10207    425.268    185.181 -106.82416   16.76222    184.000    12.4231    12.3926 4.0260e+04   4.031611     0.0761     0.0500    98.7575 2.7430e-03          0     0.5052     0.5168     0.0586     0.1171     4.5942     0.0000     0.0208     0.0000     0.5042     0.5157    34.7784    34.8609    26.3401    26.4101      1.106      1.370      0.412      0.511 0.0000e+00
      10231    426.239    186.187 -106.82416   16.76222    185.000    12.4175    12.3878 4.0255e+04   4.031191     0.0643     0.0498    98.7623 2.7430e-03          0     0.5052     0.5166     0.0574     0.1153     4.5944     0.0000     0.0208     0.0000     0.5041     0.5159    34.7784    34.8608    26.3413    26.4110      1.080      1.373      0.403      0.512 0.0000e+00
      10253    427.177    187.195 -106.82416   16.76222    186.000    12.4151    12.3844 4.0254e+04   4.030864     0.0639     0.0498    98.7613 2.7430e-03          0     0.5052     0.5168     0.0574     0.1148     4.5943     0.0000     0.0208     0.0000     0.5041     0.5158    34.7791    34.8604    26.3422    26.4114      1.083      1.316      0.403      0.490 0.0000e+00
      10282    428.369    188.201 -106.82416   16.76222    187.000    12.4078    12.3774 4.0247e+04   4.030251     0.0701     0.0502    98.7531 2.7430e-03          0     0.5051     0.5166     0.0580     0.1161     4.5940     0.0000     0.0208     0.0000     0.5041     0.5156    34.7787    34.8606    26.3434    26.4128      1.061      1.329      0.395      0.495 0.0000e+00
      10419    434.088    189.208 -106.82416   16.76222    188.000    12.4124    12.3815 4.0250e+04   4.030537     0.0679     0.0502    98.7518 2.5934e-03          0     0.5048     0.5167     0.0578     0.1150     4.5939     0.0000     0.0201     0.0000     0.5038     0.5158    34.7774    34.8591    26.3416    26.4109      1.005      1.345      0.375      0.501 0.0000e+00
      10495    437.233    190.215 -106.82416   16.76222    189.000    12.4056    12.3726 4.0245e+04   4.030118     0.0762     0.0497    98.7654 2.4551e-03          0     0.5049     0.5165     0.0586     0.1172     4.5945     0.0000     0.0195     0.0000     0.5039     0.5158    34.7782    34.8629    26.3435    26.4157      0.947      1.334      0.353      0.497 0.0000e+00
      10508    437.791    191.222 -106.82416   16.76222    190.000    12.3861    12.3551 4.0227e+04   4.028265     0.0650     0.0496    98.7669 2.4576e-03          0     0.5051     0.5165     0.0575     0.1171     4.5946     0.0000     0.0195     0.0000     0.5039     0.5157    34.7780    34.8608    26.3471    26.4175      0.953      1.312      0.355      0.489 0.0000e+00
      10525    438.507    192.229 -106.82416   16.76222    191.000    12.3767    12.3459 4.0218e+04   4.027390     0.0633     0.0495    98.7699 2.4576e-03          0     0.5050     0.5165     0.0573     0.1163     4.5947     0.0000     0.0195     0.0000     0.5037     0.5156    34.7779    34.8605    26.3489    26.4190      1.046      1.303      0.389      0.485 0.0000e+00
      10624    442.610    193.236 -106.82416   16.76222    192.000    12.3812    12.3485 4.0222e+04   4.027497     0.0687     0.0496    98.7681 2.4503e-03          0     0.5048     0.5165     0.0579     0.1150     4.5947     0.0000     0.0195     0.0000     0.5038     0.5155    34.7772    34.8586    26.3475    26.4171      1.056      1.307      0.393      0.487 0.0000e+00
      10777    448.986    194.243 -106.82416   16.76222    193.000    12.3873    12.3614 4.0229e+04   4.028871     0.0698     0.0498    98.7629 2.4062e-03          0     0.5048     0.5165     0.0580     0.1161     4.5944     0.0000     0.0193     0.0000     0.5039     0.5156    34.7781    34.8595    26.3471    26.4153      1.074      1.320      0.400      0.492 0.0000e+00
      10825    450.998    195.250 -106.82416   16.76222    194.000    12.3494    12.3074 4.0193e+04   4.024046     0.0673     0.0491    98.7799 2.3548e-03          0     0.5049     0.5165     0.0577     0.1157     4.5952     0.0000     0.0191     0.0000     0.5038     0.5155    34.7775    34.8626    26.3540    26.4282      1.006      1.294      0.374      0.481 0.0000e+00
      10865    452.684    196.257 -106.82416   16.76222    195.000    12.2955    12.2649 4.0139e+04   4.019601     0.0675     0.0486    98.7935 2.2801e-03          0     0.5048     0.5165     0.0578     0.1172     4.5958     0.0000     0.0188     0.0000     0.5037     0.5155    34.7755    34.8586    26.3629    26.4334      1.010      1.327      0.375      0.493 0.0000e+00
      10897    453.985    197.263 -106.82416   16.76222    196.000    12.2851    12.2542 4.0130e+04   4.018503     0.0733     0.0486    98.7932 2.2008e-03          0     0.5048     0.5164     0.0583     0.1171     4.5958     0.0000     0.0184     0.0000     0.5035     0.5155    34.7755    34.8576    26.3649    26.4346      0.949      1.298      0.353      0.483 0.0000e+00
      10926    455.226    198.270 -106.82416   16.76222    197.000    12.2793    12.2485 4.0125e+04   4.017977     0.0646     0.0486    98.7932 2.1753e-03          0     0.5047     0.5164     0.0575     0.1157     4.5958     0.0000     0.0183     0.0000     0.5034     0.5153    34.7753    34.8573    26.3660    26.4355      0.999      1.238      0.371      0.460 0.0000e+00
      11092    462.116    199.277 -106.82416   16.76222    198.000    12.2846    12.2531 4.0130e+04   4.018427     0.0634     0.0486    98.7932 2.1979e-03          0     0.5045     0.5164     0.0573     0.1171     4.5958     0.0000     0.0184     0.0000     0.5035     0.5152    34.7752    34.8570    26.3648    26.4345      0.967      1.276      0.359      0.474 0.0000e+00
      11169    465.339    200.284 -106.82416   16.76222    199.000    12.2790    12.2480 4.0125e+04   4.018152     0.0735     0.0487    98.7915 2.1733e-03          0     0.5047     0.5164     0.0583     0.1170     4.5957     0.0000     0.0183     0.0000     0.5034     0.5151    34.7752    34.8586    26.3660    26.4367      0.972      1.244      0.362      0.462 0.0000e+00
      11188    466.111    201.291 -106.82416   16.76222    200.000    12.2686    12.2362 4.0115e+04   4.016946     0.0708     0.0486    98.7944 2.1730e-03          0     0.5045     0.5164     0.0581     0.1171     4.5959     0.0000     0.0183     0.0000     0.5034     0.5152    34.7748    34.8575    26.3677    26.4382      0.999      1.274      0.371      0.473 0.0000e+00
      11214    467.229    202.298 -106.82416   16.76222    201.000    12.2585    12.2308 4.0106e+04   4.016489     0.0621     0.0483    98.7992 2.1730e-03          0     0.5046     0.5163     0.0572     0.1170     4.5961     0.0000     0.0183     0.0000     0.5034     0.5153    34.7749    34.8577    26.3698    26.4394      1.001      1.297      0.372      0.482 0.0000e+00
