data/ctd-cnv/KM1919/KM1919-St20-P2/St20_P2_cast57-align-cellTM-derive-bin.cnv
* Sea-Bird SBE 9 Data File:
* FileName = C:\Users\otg\Desktop\CTD Data\km1920\St20_P2_cast57.hex
* Software Version Seasave V 7.26.7.107
* Temperature SN = 5554
* Conductivity SN = 3876
* Number of Bytes Per Scan = 41
* Number of Voltage Words = 4
* Number of Scans Averaged by the Deck Unit = 1
* NMEA Latitude = 16 51.30 N
* NMEA Longitude = 106 50.85 W
* NMEA UTC (Time) = Oct 12 2019  02:29:04
* NMEA baud rate = 4800
** Ship: Kilo Moana
** Station: St20_P2 cast 57
** Operator: gr
** snow catcher
# nquan = 34
# nvalues = 353                         
# units = specified
# name 0 = scan: Scan Count
# name 1 = timeS: Time, Elapsed [seconds]
# name 2 = prDM: Pressure, Digiquartz [db]
# name 3 = longitude: Longitude [deg]
# name 4 = latitude: Latitude [deg]
# name 5 = depSMignore: Depth [salt water, m]
# name 6 = t090C: Temperature [ITS-90, deg C]
# name 7 = t190C: Temperature, 2 [ITS-90, deg C]
# name 8 = c0uS/cm: Conductivity [uS/cm]
# name 9 = c1S/m: Conductivity, 2 [S/m]
# name 10 = flECO-AFL: Fluorescence, WET Labs ECO-AFL/FL [mg/m^3]
# name 11 = CStarAt0: Beam Attenuation, WET Labs C-Star [1/m]
# name 12 = CStarTr0: Beam Transmission, WET Labs C-Star [%]
# name 13 = par: PAR/Irradiance, Biospherical/Licor
# name 14 = modError: Modulo Error Count
# name 15 = v0: Voltage 0
# name 16 = v1: Voltage 1
# name 17 = v2: Voltage 2
# name 18 = v3: Voltage 3
# name 19 = v4: Voltage 4
# name 20 = v5: Voltage 5
# name 21 = v6: Voltage 6
# name 22 = v7: Voltage 7
# name 23 = sbeox0V: Oxygen raw, SBE 43 [V]
# name 24 = sbeox1V: Oxygen raw, SBE 43, 2 [V]
# name 25 = sal00: Salinity, Practical [PSU]
# name 26 = sal11: Salinity, Practical, 2 [PSU]
# name 27 = sigma-é00: Density [sigma-theta, kg/m^3]
# name 28 = sigma-é11: Density, 2 [sigma-theta, kg/m^3]
# name 29 = sbeox0Mm/L: Oxygen, SBE 43 [umol/l], WS = 2
# name 30 = sbeox1Mm/L: Oxygen, SBE 43, 2 [umol/l], WS = 2
# name 31 = sbeox0PS: Oxygen, SBE 43 [% saturation], WS = 2
# name 32 = sbeox1PS: Oxygen, SBE 43, 2 [% saturation], WS = 2
# name 33 = flag: flag
# span 0 =         66,      55537       
# span 1 =      2.691,   2314.010       
# span 2 =      3.018,    357.428       
# span 3 = -106.84756, -106.84731       
# span 4 =   16.85486,   16.85502       
# span 5 =      3.000,    355.000       
# span 6 =     9.6998,    29.0299       
# span 7 =     9.6707,    28.9898       
# span 8 = 3.7612e+04, 5.6339e+04       
# span 9 =   3.766180,   5.642362       
# span 10 =     0.0594,     1.5084      
# span 11 =     0.0390,     0.1299      
# span 12 =    96.8059,    99.0302      
# span 13 = -8.274e-07, 3.8788e+00      
# span 14 =          0,          0      
# span 15 =     0.5030,     2.5021      
# span 16 =     0.5140,     2.4880      
# span 17 =     0.0570,     0.2018      
# span 18 =     0.1136,     0.1192      
# span 19 =     4.5035,     4.6068      
# span 20 =     0.0000,     0.0000      
# span 21 =     0.0085,     1.6009      
# span 22 =     0.0000,     0.0000      
# span 23 =     0.5026,     2.5042      
# span 24 =     0.5137,     2.4868      
# span 25 =    34.1879,    34.7823      
# span 26 =    34.2124,    34.8726      
# span 27 =    21.4447,    26.7248      
# span 28 =    21.4765,    26.7923      
# span 29 =      0.893,    231.330      
# span 30 =      1.041,    241.941      
# span 31 =      0.324,    107.346      
# span 32 =      0.378,    112.170      
# span 33 = 0.0000e+00, 0.0000e+00      
# interval = meters: 1                  
# start_time = Oct 12 2019 02:30:35 [NMEA time, first data scan]
# bad_flag = -9.990e-29
*END*
[from data line 257]
      48729   2030.324    261.718 -106.84744   16.85494    260.000    11.1480    11.1216 3.9015e+04   3.907122     0.0639     0.0480    98.8085 1.0000e-12          0     0.5031     0.5146     0.0574     0.1179     4.5966     0.0000     0.0085     0.0000     0.5026     0.5142    34.7175    34.7982    26.5345    26.6022      0.914      1.184      0.332      0.429 0.0000e+00
      48807   2033.585    262.725 -106.84742   16.85494    261.000    11.1264    11.0938 3.8994e+04   3.904813     0.0620     0.0486    98.7938 1.0000e-12          0     0.5031     0.5146     0.0572     0.1179     4.5958     0.0000     0.0085     0.0000     0.5027     0.5141    34.7168    34.8010    26.5379    26.6095      0.897      1.070      0.325      0.388 0.0000e+00
      49179   2049.098    263.733 -106.84742   16.85494    262.000    11.0876    11.0620 3.8955e+04   3.901089     0.0623     0.0475    98.8193 1.0000e-12          0     0.5031     0.5147     0.0572     0.1178     4.5971     0.0000     0.0085     0.0000     0.5026     0.5141    34.7140    34.7936    26.5428    26.6095      0.916      1.154      0.332      0.418 0.0000e+00
      49466   2061.062    264.740 -106.84742   16.85494    263.000    11.0802    11.0493 3.8949e+04   3.900230     0.0629     0.0475    98.8193 1.0000e-12          0     0.5031     0.5148     0.0573     0.1182     4.5971     0.0000     0.0085     0.0000     0.5026     0.5142    34.7141    34.7966    26.5443    26.6142      0.904      1.168      0.328      0.423 0.0000e+00
      49508   2062.803    265.747 -106.84742   16.85494    264.000    11.0378    11.0074 3.8906e+04   3.896081     0.0638     0.0475    98.8195 1.0000e-12          0     0.5031     0.5146     0.0574     0.1190     4.5971     0.0000     0.0085     0.0000     0.5026     0.5141    34.7110    34.7945    26.5496    26.6201      0.913      1.130      0.331      0.409 0.0000e+00
      49614   2067.188    266.754 -106.84742   16.85494    265.000    11.0459    11.0157 3.8914e+04   3.896594     0.0630     0.0463    98.8487 1.0000e-12          0     0.5031     0.5146     0.0573     0.1173     4.5984     0.0000     0.0085     0.0000     0.5026     0.5142    34.7111    34.7913    26.5482    26.6161      0.916      1.117      0.332      0.404 0.0000e+00
      49667   2069.423    267.762 -106.84742   16.85494    266.000    11.0012    10.9755 3.8870e+04   3.893437     0.0632     0.0466    98.8411 1.0000e-12          0     0.5031     0.5144     0.0573     0.1180     4.5981     0.0000     0.0085     0.0000     0.5026     0.5142    34.7090    34.7974    26.5547    26.6282      0.899      1.173      0.325      0.424 0.0000e+00
      49682   2070.059    268.769 -106.84742   16.85494    267.000    10.9672    10.9367 3.8836e+04   3.889213     0.0613     0.0465    98.8438 1.0000e-12          0     0.5031     0.5146     0.0571     0.1183     4.5982     0.0000     0.0085     0.0000     0.5026     0.5143    34.7064    34.7916    26.5588    26.6306      0.916      1.168      0.331      0.422 0.0000e+00
      49696   2070.630    269.776 -106.84744   16.85494    268.000    10.9484    10.9185 3.8817e+04   3.887254     0.0604     0.0465    98.8438 1.0000e-12          0     0.5031     0.5148     0.0571     0.1181     4.5982     0.0000     0.0085     0.0000     0.5026     0.5143    34.7051    34.7888    26.5612    26.6317      0.916      1.096      0.331      0.396 0.0000e+00
      49710   2071.215    270.783 -106.84744   16.85494    269.000    10.9408    10.9115 3.8810e+04   3.886455     0.0638     0.0464    98.8457 1.0000e-12          0     0.5031     0.5151     0.0574     0.1180     4.5983     0.0000     0.0085     0.0000     0.5026     0.5140    34.7048    34.7871    26.5623    26.6317      0.917      1.061      0.331      0.383 0.0000e+00
      49727   2071.921    271.791 -106.84744   16.85494    270.000    10.9337    10.9043 3.8803e+04   3.885779     0.0627     0.0464    98.8457 1.0000e-12          0     0.5032     0.5148     0.0573     0.1182     4.5983     0.0000     0.0085     0.0000     0.5026     0.5141    34.7043    34.7866    26.5633    26.6326      0.917      1.170      0.331      0.423 0.0000e+00
      49806   2075.217    272.798 -106.84742   16.85494    271.000    10.9428    10.9119 3.8813e+04   3.886409     0.0629     0.0462    98.8516 1.0000e-12          0     0.5031     0.5146     0.0573     0.1181     4.5986     0.0000     0.0085     0.0000     0.5026     0.5141    34.7049    34.7853    26.5621    26.6303      0.917      1.163      0.331      0.420 0.0000e+00
      49885   2078.504    273.805 -106.84742   16.85494    272.000    10.9354    10.9062 3.8807e+04   3.885984     0.0639     0.0464    98.8454 1.0000e-12          0     0.5031     0.5143     0.0574     0.1173     4.5983     0.0000     0.0085     0.0000     0.5026     0.5144    34.7056    34.7860    26.5640    26.6319      0.917      1.150      0.331      0.415 0.0000e+00
      49902   2079.213    274.813 -106.84742   16.85494    273.000    10.9171    10.8874 3.8789e+04   3.884370     0.0639     0.0464    98.8457 1.0000e-12          0     0.5031     0.5147     0.0574     0.1177     4.5983     0.0000     0.0085     0.0000     0.5026     0.5142    34.7040    34.7873    26.5660    26.6362      0.918      1.099      0.331      0.397 0.0000e+00
      49918   2079.873    275.820 -106.84742   16.85494    274.000    10.8983    10.8678 3.8770e+04   3.882486     0.0639     0.0464    98.8457 1.0000e-12          0     0.5031     0.5143     0.0574     0.1182     4.5983     0.0000     0.0085     0.0000     0.5026     0.5139    34.7028    34.7865    26.5685    26.6392      0.918      1.174      0.331      0.424 0.0000e+00
      49933   2080.485    276.827 -106.84742   16.85494    275.000    10.8852    10.8553 3.8758e+04   3.881207     0.0639     0.0464    98.8457 1.0000e-12          0     0.5031     0.5150     0.0574     0.1181     4.5983     0.0000     0.0085     0.0000     0.5026     0.5145    34.7026    34.7851    26.5707    26.6403      0.919      1.281      0.331      0.462 0.0000e+00
      49947   2081.068    277.835 -106.84742   16.85494    276.000    10.8597    10.8284 3.8731e+04   3.878710     0.0639     0.0460    98.8571 1.0000e-12          0     0.5031     0.5149     0.0574     0.1181     4.5988     0.0000     0.0085     0.0000     0.5026     0.5145    34.6992    34.7852    26.5726    26.6453      0.919      1.129      0.331      0.407 0.0000e+00
      49961   2081.659    278.842 -106.84742   16.85494    277.000    10.8273    10.7970 3.8698e+04   3.875380     0.0639     0.0454    98.8718 1.0000e-12          0     0.5031     0.5148     0.0574     0.1183     4.5995     0.0000     0.0085     0.0000     0.5026     0.5141    34.6972    34.7812    26.5769    26.6477      0.920      1.056      0.331      0.381 0.0000e+00
      49977   2082.321    279.849 -106.84742   16.85494    278.000    10.8205    10.7914 3.8693e+04   3.874672     0.0639     0.0454    98.8720 1.0000e-12          0     0.5031     0.5148     0.0574     0.1181     4.5995     0.0000     0.0085     0.0000     0.5026     0.5140    34.6974    34.7790    26.5783    26.6471      0.920      1.114      0.332      0.401 0.0000e+00
      50034   2084.714    280.857 -106.84742   16.85494    279.000    10.8228    10.7962 3.8695e+04   3.875025     0.0626     0.0452    98.8770 1.0000e-12          0     0.5031     0.5147     0.0573     0.1179     4.5997     0.0000     0.0085     0.0000     0.5026     0.5141    34.6974    34.7775    26.5779    26.6451      0.919      1.166      0.331      0.420 0.0000e+00
      50116   2088.138    281.864 -106.84742   16.85494    280.000    10.8240    10.7941 3.8698e+04   3.875182     0.0630     0.0454    98.8716 1.0000e-12          0     0.5031     0.5144     0.0573     0.1181     4.5995     0.0000     0.0085     0.0000     0.5026     0.5144    34.6981    34.7807    26.5782    26.6479      0.921      1.156      0.332      0.416 0.0000e+00
      50133   2088.850    282.871 -106.84742   16.85494    281.000    10.8080    10.7768 3.8681e+04   3.873368     0.0625     0.0454    98.8720 1.0000e-12          0     0.5031     0.5146     0.0573     0.1180     4.5995     0.0000     0.0085     0.0000     0.5026     0.5141    34.6960    34.7785    26.5795    26.6493      0.921      1.146      0.332      0.412 0.0000e+00
      50149   2089.513    283.879 -106.84742   16.85494    282.000    10.7997    10.7706 3.8673e+04   3.872702     0.0624     0.0454    98.8720 1.0000e-12          0     0.5031     0.5145     0.0573     0.1182     4.5995     0.0000     0.0085     0.0000     0.5026     0.5143    34.6955    34.7772    26.5806    26.6495      0.921      1.216      0.332      0.438 0.0000e+00
      50164   2090.140    284.886 -106.84742   16.85494    283.000    10.7967    10.7675 3.8671e+04   3.872446     0.0639     0.0454    98.8720 1.0000e-12          0     0.5031     0.5146     0.0574     0.1182     4.5995     0.0000     0.0085     0.0000     0.5026     0.5142    34.6954    34.7771    26.5811    26.6500      0.922      1.091      0.332      0.393 0.0000e+00
      50179   2090.743    285.893 -106.84742   16.85494    284.000    10.7907    10.7613 3.8665e+04   3.871891     0.0639     0.0454    98.8720 1.0000e-12          0     0.5031     0.5147     0.0574     0.1182     4.5995     0.0000     0.0085     0.0000     0.5026     0.5141    34.6953    34.7770    26.5821    26.6510      0.922      1.074      0.332      0.387 0.0000e+00
      50194   2091.371    286.901 -106.84742   16.85494    285.000    10.7863    10.7572 3.8661e+04   3.871489     0.0639     0.0454    98.8720 1.0000e-12          0     0.5031     0.5152     0.0574     0.1182     4.5995     0.0000     0.0085     0.0000     0.5026     0.5140    34.6949    34.7764    26.5826    26.6513      0.922      1.183      0.332      0.426 0.0000e+00
      50210   2092.057    287.908 -106.84742   16.85494    286.000    10.7834    10.7543 3.8658e+04   3.871235     0.0639     0.0454    98.8720 1.0000e-12          0     0.5031     0.5145     0.0574     0.1181     4.5995     0.0000     0.0085     0.0000     0.5026     0.5143    34.6946    34.7762    26.5829    26.6517      0.922      1.172      0.332      0.422 0.0000e+00
      50260   2094.126    288.915 -106.84742   16.85494    287.000    10.7818    10.7509 3.8657e+04   3.870897     0.0628     0.0454    98.8714 1.0000e-12          0     0.5031     0.5146     0.0573     0.1179     4.5995     0.0000     0.0085     0.0000     0.5026     0.5141    34.6946    34.7755    26.5832    26.6518      0.921      1.152      0.331      0.415 0.0000e+00
      50345   2097.681    289.923 -106.84742   16.85494    288.000    10.7845    10.7517 3.8661e+04   3.871051     0.0621     0.0454    98.8731 1.0000e-12          0     0.5031     0.5145     0.0572     0.1178     4.5995     0.0000     0.0085     0.0000     0.5026     0.5141    34.6953    34.7759    26.5833    26.6520      0.947      1.197      0.341      0.431 0.0000e+00
      50363   2098.429    290.930 -106.84742   16.85494    289.000    10.7584    10.7280 3.8636e+04   3.869035     0.0639     0.0449    98.8830 1.0000e-12          0     0.5031     0.5145     0.0574     0.1183     4.6000     0.0000     0.0085     0.0000     0.5026     0.5145    34.6945    34.7778    26.5873    26.6576      0.905      1.217      0.326      0.438 0.0000e+00
      50379   2099.085    291.938 -106.84742   16.85494    290.000    10.7446    10.7150 3.8623e+04   3.867697     0.0639     0.0449    98.8843 1.0000e-12          0     0.5031     0.5145     0.0574     0.1181     4.6001     0.0000     0.0085     0.0000     0.5026     0.5142    34.6940    34.7762    26.5894    26.6587      0.912      1.153      0.328      0.414 0.0000e+00
      50394   2099.699    292.945 -106.84742   16.85494    291.000    10.7352    10.7058 3.8615e+04   3.866907     0.0639     0.0448    98.8860 1.0000e-12          0     0.5031     0.5148     0.0574     0.1181     4.6001     0.0000     0.0085     0.0000     0.5026     0.5145    34.6941    34.7766    26.5912    26.6607      0.924      1.232      0.332      0.443 0.0000e+00
      50409   2100.330    293.952 -106.84742   16.85494    292.000    10.7217    10.6917 3.8602e+04   3.865688     0.0632     0.0450    98.8804 1.0000e-12          0     0.5031     0.5146     0.0573     0.1183     4.5999     0.0000     0.0085     0.0000     0.5026     0.5142    34.6939    34.7773    26.5934    26.6638      0.924      1.145      0.332      0.411 0.0000e+00
      50426   2101.046    294.960 -106.84742   16.85494    293.000    10.6982    10.6683 3.8579e+04   3.863410     0.0639     0.0446    98.8907 1.0000e-12          0     0.5031     0.5145     0.0574     0.1181     4.6004     0.0000     0.0085     0.0000     0.5026     0.5143    34.6928    34.7762    26.5967    26.6671      0.925      1.159      0.332      0.416 0.0000e+00
      50447   2101.922    295.967 -106.84740   16.85494    294.000    10.6723    10.6426 3.8553e+04   3.860811     0.0639     0.0443    98.8992 1.0000e-12          0     0.5031     0.5148     0.0574     0.1178     4.6007     0.0000     0.0085     0.0000     0.5026     0.5142    34.6905    34.7741    26.5996    26.6700      0.926      1.091      0.332      0.392 0.0000e+00
      50487   2103.588    296.975 -106.84740   16.85494    295.000    10.6588    10.6289 3.8540e+04   3.859252     0.0639     0.0443    98.8984 1.0000e-12          0     0.5031     0.5148     0.0574     0.1177     4.6007     0.0000     0.0085     0.0000     0.5026     0.5141    34.6896    34.7710    26.6012    26.6700      0.926      1.175      0.332      0.422 0.0000e+00
      50548   2106.110    297.982 -106.84740   16.85494    296.000    10.6436    10.6084 3.8526e+04   3.857321     0.0630     0.0442    98.9009 1.0000e-12          0     0.5031     0.5145     0.0573     0.1178     4.6008     0.0000     0.0085     0.0000     0.5026     0.5141    34.6898    34.7706    26.6041    26.6733      0.917      1.119      0.329      0.402 0.0000e+00
      50579   2107.399    298.989 -106.84740   16.85494    297.000    10.6178    10.5887 3.8499e+04   3.855301     0.0639     0.0436    98.9164 1.0000e-12          0     0.5031     0.5145     0.0574     0.1181     4.6016     0.0000     0.0085     0.0000     0.5026     0.5141    34.6871    34.7686    26.6066    26.6753      0.924      1.157      0.332      0.415 0.0000e+00
      50602   2108.359    299.997 -106.84740   16.85494    298.000    10.6060    10.5767 3.8488e+04   3.854142     0.0615     0.0443    98.8991 1.0000e-12          0     0.5031     0.5146     0.0572     0.1183     4.6007     0.0000     0.0085     0.0000     0.5026     0.5141    34.6862    34.7679    26.6080    26.6769      0.941      1.227      0.338      0.440 0.0000e+00
      50623   2109.254    301.004 -106.84740   16.85494    299.000    10.5924    10.5633 3.8474e+04   3.852774     0.0634     0.0443    98.8994 1.0000e-12          0     0.5031     0.5148     0.0573     0.1179     4.6008     0.0000     0.0085     0.0000     0.5026     0.5143    34.6843    34.7664    26.6089    26.6781      0.928      1.154      0.333      0.414 0.0000e+00
      50647   2110.267    302.012 -106.84740   16.85494    300.000    10.5833    10.5543 3.8465e+04   3.851868     0.0639     0.0443    98.8973 1.0000e-12          0     0.5031     0.5145     0.0574     0.1179     4.6007     0.0000     0.0085     0.0000     0.5026     0.5141    34.6842    34.7654    26.6105    26.6789      0.928      1.126      0.333      0.403 0.0000e+00
