data/ctd-cnv/KM1919/KM1919-St20-P2/St20_P2_cast36-align-cellTM-derive-bin.cnv
* Sea-Bird SBE 9 Data File:
* FileName = C:\Users\otg\Desktop\CTD Data\km1920\St20_P2_cast36.hex
* Software Version Seasave V 7.26.7.107
* Temperature SN = 5554
* Conductivity SN = 3876
* Number of Bytes Per Scan = 41
* Number of Voltage Words = 4
* Number of Scans Averaged by the Deck Unit = 1
* NMEA Latitude = 16 47.21 N
* NMEA Longitude = 106 50.78 W
* NMEA UTC (Time) = Oct 07 2019  01:40:29
* NMEA baud rate = 4800
** Ship: Kilo Moana
** Station: St20_P2cast 35
** Operator: gr
** deep HiC metagenomics cast
# nquan = 34
# nvalues = 1250                        
# units = specified
# name 0 = scan: Scan Count
# name 1 = timeS: Time, Elapsed [seconds]
# name 2 = prDM: Pressure, Digiquartz [db]
# name 3 = longitude: Longitude [deg]
# name 4 = latitude: Latitude [deg]
# name 5 = depSMignore: Depth [salt water, m]
# name 6 = t090C: Temperature [ITS-90, deg C]
# name 7 = t190C: Temperature, 2 [ITS-90, deg C]
# name 8 = c0uS/cm: Conductivity [uS/cm]
# name 9 = c1S/m: Conductivity, 2 [S/m]
# name 10 = flECO-AFL: Fluorescence, WET Labs ECO-AFL/FL [mg/m^3]
# name 11 = CStarAt0: Beam Attenuation, WET Labs C-Star [1/m]
# name 12 = CStarTr0: Beam Transmission, WET Labs C-Star [%]
# name 13 = par: PAR/Irradiance, Biospherical/Licor
# name 14 = modError: Modulo Error Count
# name 15 = v0: Voltage 0
# name 16 = v1: Voltage 1
# name 17 = v2: Voltage 2
# name 18 = v3: Voltage 3
# name 19 = v4: Voltage 4
# name 20 = v5: Voltage 5
# name 21 = v6: Voltage 6
# name 22 = v7: Voltage 7
# name 23 = sbeox0V: Oxygen raw, SBE 43 [V]
# name 24 = sbeox1V: Oxygen raw, SBE 43, 2 [V]
# name 25 = sal00: Salinity, Practical [PSU]
# name 26 = sal11: Salinity, Practical, 2 [PSU]
# name 27 = sigma-é00: Density [sigma-theta, kg/m^3]
# name 28 = sigma-é11: Density, 2 [sigma-theta, kg/m^3]
# name 29 = sbeox0Mm/L: Oxygen, SBE 43 [umol/l], WS = 2
# name 30 = sbeox1Mm/L: Oxygen, SBE 43, 2 [umol/l], WS = 2
# name 31 = sbeox0PS: Oxygen, SBE 43 [% saturation], WS = 2
# name 32 = sbeox1PS: Oxygen, SBE 43, 2 [% saturation], WS = 2
# name 33 = flag: flag
# span 0 =         -9,      40782       
# span 1 =     -0.403,   1699.187       
# span 2 =      5.030,   1265.319       
# span 3 = -106.84630, -106.84626       
# span 4 =   16.78670,   16.78684       
# span 5 =      5.000,   1254.000       
# span 6 =     3.7113,    29.5714       
# span 7 =     3.6859,    29.5333       
# span 8 = 3.2498e+04, 5.7267e+04       
# span 9 =   3.254137,   5.734824       
# span 10 =     0.0575,     1.7597      
# span 11 =     0.0115,     0.1308      
# span 12 =    96.7836,    99.7123      
# span 13 = -1.877e-06, 2.7022e+00      
# span 14 =          0,          0      
# span 15 =     0.5030,     2.4877      
# span 16 =     0.5126,     2.4690      
# span 17 =     0.0568,     0.2270      
# span 18 =     0.1142,     0.1220      
# span 19 =     4.5024,     4.6386      
# span 20 =     0.0000,     0.0000      
# span 21 =     0.0084,     1.4695      
# span 22 =     0.0000,     0.0000      
# span 23 =     0.5023,     2.4891      
# span 24 =     0.5121,     2.4683      
# span 25 =    34.3220,    34.7841      
# span 26 =    34.4124,    34.8708      
# span 27 =    21.5471,    27.4878      
# span 28 =    21.6233,    27.5517      
# span 29 =      0.699,    228.787      
# span 30 =      0.757,    238.894      
# span 31 =      0.241,    106.385      
# span 32 =      0.255,    111.300      
# span 33 = 0.0000e+00, 0.0000e+00      
# interval = meters: 1                  
# start_time = Oct 07 2019 01:47:00 [NMEA time, first data scan]
# bad_flag = -9.990e-29
*END*
[from data line 385]
      14046    585.204    392.700 -106.84628   16.78678    390.000     9.3945     9.3659 3.7327e+04   3.737838     0.0737     0.0180    99.5517 6.9974e-05          0     0.5042     0.5145     0.0584     0.1163     4.6312     0.0000     0.0089     0.0000     0.5032     0.5137    34.6199    34.7006    26.7637    26.8315      1.133      1.071      0.396      0.374 0.0000e+00
      14113    588.007    393.707 -106.84628   16.78678    391.000     9.3805     9.3547 3.7316e+04   3.736727     0.0726     0.0182    99.5460 8.5393e-05          0     0.5038     0.5145     0.0583     0.1171     4.6309     0.0000     0.0090     0.0000     0.5032     0.5136    34.6214    34.6995    26.7672    26.8325      1.045      1.176      0.365      0.410 0.0000e+00
      14156    589.801    394.716 -106.84628   16.78678    392.000     9.3749     9.3474 3.7309e+04   3.736088     0.0736     0.0188    99.5315 1.0572e-04          0     0.5041     0.5143     0.0584     0.1175     4.6302     0.0000     0.0092     0.0000     0.5033     0.5138    34.6192    34.6994    26.7664    26.8337      1.036      1.117      0.361      0.390 0.0000e+00
      14181    590.821    395.723 -106.84628   16.78678    393.000     9.3653     9.3363 3.7300e+04   3.735172     0.0683     0.0187    99.5331 7.3701e-05          0     0.5040     0.5143     0.0578     0.1175     4.6302     0.0000     0.0090     0.0000     0.5033     0.5137    34.6188    34.7002    26.7676    26.8362      1.247      1.183      0.435      0.412 0.0000e+00
      14201    591.680    396.731 -106.84628   16.78678    394.000     9.3507     9.3208 3.7286e+04   3.733705     0.0664     0.0188    99.5310 7.4929e-05          0     0.5041     0.5144     0.0576     0.1171     4.6301     0.0000     0.0090     0.0000     0.5035     0.5137    34.6181    34.6995    26.7696    26.8382      1.119      1.155      0.390      0.403 0.0000e+00
      14220    592.453    397.739 -106.84628   16.78678    395.000     9.3343     9.3055 3.7271e+04   3.732310     0.0742     0.0187    99.5327 1.0219e-04          0     0.5039     0.5145     0.0584     0.1171     4.6302     0.0000     0.0092     0.0000     0.5034     0.5138    34.6172    34.6995    26.7716    26.8406      0.993      1.150      0.346      0.401 0.0000e+00
      14238    593.194    398.747 -106.84628   16.78678    396.000     9.3126     9.2833 3.7249e+04   3.730203     0.0645     0.0188    99.5312 1.0167e-04          0     0.5043     0.5147     0.0575     0.1172     4.6301     0.0000     0.0092     0.0000     0.5032     0.5138    34.6156    34.6986    26.7738    26.8435      0.884      1.133      0.308      0.395 0.0000e+00
      14256    593.951    399.755 -106.84628   16.78678    397.000     9.2687     9.2379 3.7207e+04   3.726137     0.0652     0.0179    99.5543 6.4561e-05          0     0.5037     0.5141     0.0575     0.1171     4.6313     0.0000     0.0089     0.0000     0.5029     0.5138    34.6138    34.7000    26.7795    26.8520      0.865      1.141      0.301      0.397 0.0000e+00
      14276    594.782    400.763 -106.84628   16.78678    398.000     9.2474     9.2186 3.7187e+04   3.723933     0.0720     0.0179    99.5545 1.1562e-04          0     0.5043     0.5146     0.0582     0.1170     4.6313     0.0000     0.0092     0.0000     0.5029     0.5137    34.6130    34.6954    26.7824    26.8515      1.102      1.070      0.384      0.372 0.0000e+00
      14305    595.999    401.771 -106.84628   16.78678    399.000     9.2361     9.2075 3.7177e+04   3.722802     0.0683     0.0179    99.5551 8.5032e-05          0     0.5042     0.5146     0.0578     0.1172     4.6313     0.0000     0.0090     0.0000     0.5030     0.5136    34.6129    34.6939    26.7841    26.8522      1.068      1.138      0.372      0.396 0.0000e+00
      14364    598.469    402.779 -106.84628   16.78678    400.000     9.2308     9.2020 3.7172e+04   3.722259     0.0660     0.0178    99.5560 7.8892e-05          0     0.5037     0.5144     0.0576     0.1160     4.6313     0.0000     0.0090     0.0000     0.5031     0.5136    34.6129    34.6931    26.7850    26.8525      1.056      1.084      0.367      0.377 0.0000e+00
      14402    600.050    403.787 -106.84628   16.78678    401.000     9.2237     9.1946 3.7166e+04   3.721656     0.0633     0.0179    99.5534 6.1895e-05          0     0.5037     0.5144     0.0573     0.1172     4.6312     0.0000     0.0089     0.0000     0.5031     0.5135    34.6130    34.6935    26.7863    26.8540      0.989      1.128      0.344      0.392 0.0000e+00
      14424    600.971    404.795 -106.84628   16.78678    402.000     9.2184     9.1898 3.7162e+04   3.721209     0.0633     0.0183    99.5431 6.7847e-05          0     0.5039     0.5144     0.0573     0.1171     4.6307     0.0000     0.0089     0.0000     0.5030     0.5137    34.6129    34.6931    26.7871    26.8545      1.011      1.127      0.352      0.392 0.0000e+00
      14444    601.790    405.803 -106.84628   16.78678    403.000     9.2137     9.1853 3.7157e+04   3.720813     0.0735     0.0184    99.5407 7.4900e-05          0     0.5037     0.5143     0.0583     0.1171     4.6306     0.0000     0.0090     0.0000     0.5027     0.5134    34.6126    34.6929    26.7876    26.8550      0.965      1.023      0.335      0.356 0.0000e+00
      14463    602.596    406.810 -106.84628   16.78678    404.000     9.2081     9.1806 3.7153e+04   3.720440     0.0670     0.0179    99.5544 4.1003e-05          0     0.5040     0.5142     0.0577     0.1171     4.6313     0.0000     0.0088     0.0000     0.5030     0.5135    34.6127    34.6931    26.7886    26.8560      1.109      1.101      0.385      0.383 0.0000e+00
      14484    603.478    407.818 -106.84628   16.78678    405.000     9.2049     9.1766 3.7150e+04   3.720060     0.0671     0.0179    99.5545 6.1375e-05          0     0.5038     0.5142     0.0577     0.1171     4.6313     0.0000     0.0089     0.0000     0.5031     0.5134    34.6124    34.6926    26.7889    26.8562      1.163      1.096      0.404      0.381 0.0000e+00
      14511    604.564    408.826 -106.84628   16.78678    406.000     9.1997     9.1712 3.7145e+04   3.719627     0.0721     0.0179    99.5545 5.2522e-05          0     0.5039     0.5144     0.0582     0.1171     4.6313     0.0000     0.0088     0.0000     0.5031     0.5136    34.6125    34.6929    26.7898    26.8574      0.988      1.150      0.343      0.400 0.0000e+00
      14546    606.022    409.834 -106.84626   16.78678    407.000     9.1946     9.1667 3.7142e+04   3.719235     0.0699     0.0177    99.5593 5.2026e-05          0     0.5037     0.5142     0.0580     0.1171     4.6315     0.0000     0.0088     0.0000     0.5031     0.5136    34.6130    34.6927    26.7911    26.8580      1.053      1.122      0.366      0.390 0.0000e+00
      14588    607.776    410.842 -106.84626   16.78678    408.000     9.1839     9.1554 3.7132e+04   3.718257     0.0695     0.0178    99.5573 4.9358e-05          0     0.5040     0.5142     0.0579     0.1172     4.6314     0.0000     0.0088     0.0000     0.5031     0.5135    34.6128    34.6930    26.7926    26.8601      1.107      1.143      0.385      0.397 0.0000e+00
      14619    609.103    411.850 -106.84626   16.78678    409.000     9.1658     9.1361 3.7114e+04   3.716449     0.0714     0.0177    99.5593 5.8358e-05          0     0.5039     0.5144     0.0581     0.1172     4.6315     0.0000     0.0089     0.0000     0.5033     0.5137    34.6114    34.6924    26.7945    26.8627      1.111      1.141      0.386      0.396 0.0000e+00
      14645    610.166    412.858 -106.84626   16.78678    410.000     9.1524     9.1242 3.7102e+04   3.715364     0.0714     0.0173    99.5695 3.1797e-05          0     0.5038     0.5143     0.0581     0.1172     4.6320     0.0000     0.0087     0.0000     0.5031     0.5136    34.6108    34.6923    26.7962    26.8645      1.097      1.120      0.381      0.389 0.0000e+00
      14669    611.176    413.866 -106.84626   16.78678    411.000     9.1327     9.1035 3.7083e+04   3.713435     0.0713     0.0179    99.5550 5.2366e-05          0     0.5039     0.5143     0.0581     0.1172     4.6313     0.0000     0.0088     0.0000     0.5033     0.5136    34.6098    34.6918    26.7986    26.8675      1.190      1.163      0.413      0.404 0.0000e+00
      14693    612.160    414.874 -106.84626   16.78678    412.000     9.1012     9.0707 3.7053e+04   3.710581     0.0695     0.0179    99.5534 3.4420e-05          0     0.5040     0.5143     0.0580     0.1172     4.6312     0.0000     0.0087     0.0000     0.5035     0.5138    34.6084    34.6934    26.8026    26.8741      1.152      1.127      0.399      0.391 0.0000e+00
      14718    613.203    415.882 -106.84626   16.78678    413.000     9.0414     9.0107 3.6994e+04   3.704822     0.0673     0.0179    99.5535 7.2985e-05          0     0.5040     0.5143     0.0577     0.1157     4.6312     0.0000     0.0090     0.0000     0.5034     0.5136    34.6052    34.6912    26.8097    26.8819      0.974      1.171      0.337      0.405 0.0000e+00
      14745    614.336    416.890 -106.84626   16.78678    414.000     8.9520     8.9204 3.6907e+04   3.696168     0.0678     0.0179    99.5545 7.2609e-05          0     0.5041     0.5144     0.0578     0.1163     4.6313     0.0000     0.0090     0.0000     0.5031     0.5138    34.6003    34.6882    26.8201    26.8939      1.086      1.203      0.375      0.416 0.0000e+00
      14771    615.430    417.898 -106.84626   16.78678    415.000     8.9185     8.8897 3.6875e+04   3.692709     0.0708     0.0182    99.5460 4.8517e-05          0     0.5043     0.5144     0.0581     0.1171     4.6309     0.0000     0.0088     0.0000     0.5035     0.5138    34.5986    34.6814    26.8241    26.8935      1.172      1.103      0.405      0.381 0.0000e+00
      14794    616.362    418.906 -106.84626   16.78678    416.000     8.8939     8.8643 3.6851e+04   3.690400     0.0681     0.0175    99.5652 7.1356e-05          0     0.5043     0.5144     0.0578     0.1176     4.6318     0.0000     0.0090     0.0000     0.5033     0.5136    34.5971    34.6815    26.8268    26.8976      1.074      1.137      0.371      0.392 0.0000e+00
      14813    617.167    419.914 -106.84626   16.78678    417.000     8.8546     8.8232 3.6813e+04   3.686823     0.0735     0.0171    99.5739 3.2108e-05          0     0.5040     0.5145     0.0583     0.1176     4.6322     0.0000     0.0087     0.0000     0.5033     0.5137    34.5956    34.6836    26.8318    26.9057      1.002      1.132      0.345      0.390 0.0000e+00
      14832    617.945    420.922 -106.84626   16.78678    418.000     8.8105     8.7805 3.6771e+04   3.682479     0.0881     0.0168    99.5807 2.1578e-05          0     0.5039     0.5145     0.0598     0.1172     4.6325     0.0000     0.0086     0.0000     0.5030     0.5135    34.5940    34.6792    26.8375    26.9090      0.699      0.992      0.241      0.342 0.0000e+00
      14852    618.793    421.930 -106.84626   16.78678    419.000     8.7617     8.7312 3.6724e+04   3.677835     0.0645     0.0169    99.5785 5.4665e-05          0     0.5042     0.5146     0.0575     0.1171     4.6324     0.0000     0.0088     0.0000     0.5025     0.5134    34.5914    34.6780    26.8431    26.9159      0.862      1.104      0.297      0.380 0.0000e+00
      14923    621.767    422.938 -106.84626   16.78678    420.000     8.7680     8.7316 3.6731e+04   3.677272     0.0754     0.0168    99.5813 4.5582e-05          0     0.5037     0.5142     0.0585     0.1171     4.6325     0.0000     0.0088     0.0000     0.5031     0.5136    34.5925    34.6713    26.8431    26.9105      1.187      1.147      0.409      0.395 0.0000e+00
      14984    624.312    423.946 -106.84626   16.78678    421.000     8.7392     8.7005 3.6704e+04   3.675038     0.0730     0.0177    99.5590 1.5579e-05          0     0.5037     0.5143     0.0583     0.1172     4.6315     0.0000     0.0086     0.0000     0.5032     0.5134    34.5907    34.6776    26.8462    26.9204      0.986      1.093      0.339      0.376 0.0000e+00
      15001    625.012    424.954 -106.84627   16.78678    422.000     8.6946     8.6661 3.6662e+04   3.671293     0.0693     0.0168    99.5806 1.7995e-07          0     0.5038     0.5142     0.0579     0.1171     4.6325     0.0000     0.0085     0.0000     0.5031     0.5135    34.5898    34.6714    26.8525    26.9209      1.086      1.131      0.373      0.388 0.0000e+00
      15016    625.642    425.962 -106.84628   16.78678    423.000     8.6897     8.6610 3.6657e+04   3.670811     0.0726     0.0169    99.5789 4.3273e-05          0     0.5041     0.5146     0.0583     0.1172     4.6324     0.0000     0.0088     0.0000     0.5031     0.5134    34.5896    34.6709    26.8531    26.9213      0.875      1.083      0.301      0.372 0.0000e+00
      15030    626.226    426.970 -106.84628   16.78678    424.000     8.6839     8.6557 3.6653e+04   3.670308     0.0717     0.0168    99.5808 1.4676e-05          0     0.5043     0.5144     0.0582     0.1172     4.6325     0.0000     0.0086     0.0000     0.5028     0.5134    34.5896    34.6702    26.8540    26.9216      0.826      1.131      0.284      0.389 0.0000e+00
      15044    626.799    427.978 -106.84628   16.78678    425.000     8.6819     8.6535 3.6651e+04   3.670104     0.0683     0.0168    99.5808 1.4524e-05          0     0.5041     0.5144     0.0578     0.1169     4.6325     0.0000     0.0086     0.0000     0.5027     0.5136    34.5894    34.6698    26.8542    26.9216      1.011      1.150      0.348      0.395 0.0000e+00
      15059    627.404    428.986 -106.84628   16.78678    426.000     8.6783     8.6497 3.6648e+04   3.669822     0.0712     0.0178    99.5567 2.6858e-05          0     0.5041     0.5140     0.0581     0.1172     4.6314     0.0000     0.0087     0.0000     0.5029     0.5133    34.5891    34.6701    26.8545    26.9225      1.128      1.116      0.388      0.383 0.0000e+00
      15075    628.101    429.994 -106.84627   16.78678    427.000     8.6721     8.6445 3.6642e+04   3.669338     0.0685     0.0172    99.5706 2.1596e-05          0     0.5038     0.5142     0.0579     0.1171     4.6320     0.0000     0.0086     0.0000     0.5028     0.5136    34.5891    34.6696    26.8554    26.9229      1.009      1.116      0.347      0.383 0.0000e+00
      15099    629.071    431.003 -106.84626   16.78678    428.000     8.6654     8.6378 3.6637e+04   3.668749     0.0713     0.0169    99.5794 2.1055e-05          0     0.5039     0.5142     0.0581     0.1172     4.6324     0.0000     0.0086     0.0000     0.5028     0.5133    34.5893    34.6695    26.8567    26.9239      1.088      1.037      0.374      0.356 0.0000e+00
      15147    631.070    432.011 -106.84626   16.78678    429.000     8.6621     8.6333 3.6634e+04   3.668330     0.0706     0.0162    99.5960 2.7613e-05          0     0.5036     0.5142     0.0581     0.1171     4.6332     0.0000     0.0087     0.0000     0.5029     0.5134    34.5892    34.6690    26.8572    26.9242      1.009      1.113      0.346      0.382 0.0000e+00
      15207    633.592    433.019 -106.84626   16.78678    430.000     8.6557     8.6281 3.6629e+04   3.667896     0.0694     0.0170    99.5772 2.2796e-05          0     0.5037     0.5141     0.0579     0.1171     4.6323     0.0000     0.0086     0.0000     0.5028     0.5134    34.5891    34.6690    26.8581    26.9251      0.978      1.141      0.336      0.392 0.0000e+00
