data/ctd-cnv/KM1919/KM1919-St20-P2/St20_P2_cast33-align-cellTM-derive-bin.cnv
* Sea-Bird SBE 9 Data File:
* FileName = C:\Users\otg\Desktop\CTD Data\km1920\St20_P2_cast33.hex
* Software Version Seasave V 7.26.7.107
* Temperature SN = 5554
* Conductivity SN = 3876
* Number of Bytes Per Scan = 41
* Number of Voltage Words = 4
* Number of Scans Averaged by the Deck Unit = 1
* NMEA Latitude = 16 46.93 N
* NMEA Longitude = 106 50.96 W
* NMEA UTC (Time) = Oct 06 2019  14:06:41
* NMEA baud rate = 4800
** Ship: Kilo Moana
** Station: St20_P2cast 33
** Operator: gr
** surface HiC metagenome cast
# nquan = 34
# nvalues = 202                         
# units = specified
# name 0 = scan: Scan Count
# name 1 = timeS: Time, Elapsed [seconds]
# name 2 = prDM: Pressure, Digiquartz [db]
# name 3 = longitude: Longitude [deg]
# name 4 = latitude: Latitude [deg]
# name 5 = depSMignore: Depth [salt water, m]
# name 6 = t090C: Temperature [ITS-90, deg C]
# name 7 = t190C: Temperature, 2 [ITS-90, deg C]
# name 8 = c0uS/cm: Conductivity [uS/cm]
# name 9 = c1S/m: Conductivity, 2 [S/m]
# name 10 = flECO-AFL: Fluorescence, WET Labs ECO-AFL/FL [mg/m^3]
# name 11 = CStarAt0: Beam Attenuation, WET Labs C-Star [1/m]
# name 12 = CStarTr0: Beam Transmission, WET Labs C-Star [%]
# name 13 = par: PAR/Irradiance, Biospherical/Licor
# name 14 = modError: Modulo Error Count
# name 15 = v0: Voltage 0
# name 16 = v1: Voltage 1
# name 17 = v2: Voltage 2
# name 18 = v3: Voltage 3
# name 19 = v4: Voltage 4
# name 20 = v5: Voltage 5
# name 21 = v6: Voltage 6
# name 22 = v7: Voltage 7
# name 23 = sbeox0V: Oxygen raw, SBE 43 [V]
# name 24 = sbeox1V: Oxygen raw, SBE 43, 2 [V]
# name 25 = sal00: Salinity, Practical [PSU]
# name 26 = sal11: Salinity, Practical, 2 [PSU]
# name 27 = sigma-é00: Density [sigma-theta, kg/m^3]
# name 28 = sigma-é11: Density, 2 [sigma-theta, kg/m^3]
# name 29 = sbeox0Mm/L: Oxygen, SBE 43 [umol/l], WS = 2
# name 30 = sbeox1Mm/L: Oxygen, SBE 43, 2 [umol/l], WS = 2
# name 31 = sbeox0PS: Oxygen, SBE 43 [% saturation], WS = 2
# name 32 = sbeox1PS: Oxygen, SBE 43, 2 [% saturation], WS = 2
# name 33 = flag: flag
# span 0 =         79,       9914       
# span 1 =      3.231,    413.039       
# span 2 =      1.006,    203.305       
# span 3 = -106.84948, -106.84944       
# span 4 =   16.78234,   16.78240       
# span 5 =      1.000,    202.000       
# span 6 =    12.2313,    29.5360       
# span 7 =    12.2038,    29.4944       
# span 8 = 4.0082e+04, 5.7244e+04       
# span 9 =   4.013886,   5.732496       
# span 10 =     0.0630,     1.4958      
# span 11 =     0.0142,     0.1074      
# span 12 =    97.3516,    99.6452      
# span 13 = 1.5644e-03, 1.0655e+03      
# span 14 =          0,          0      
# span 15 =     0.5043,     2.4719      
# span 16 =     0.5163,     2.4441      
# span 17 =     0.0573,     0.2006      
# span 18 =     0.1132,     0.1177      
# span 19 =     4.5288,     4.6354      
# span 20 =     0.0000,     0.0000      
# span 21 =     0.0157,     3.9241      
# span 22 =     0.0000,     0.0000      
# span 23 =     0.5034,     2.4677      
# span 24 =     0.5154,     2.4433      
# span 25 =    34.3493,    34.7825      
# span 26 =    34.4563,    34.8701      
# span 27 =    21.5673,    26.3766      
# span 28 =    21.6454,    26.4441      
# span 29 =      0.955,    225.816      
# span 30 =      1.292,    235.726      
# span 31 =      0.355,    105.120      
# span 32 =      0.480,    109.919      
# span 33 = 0.0000e+00, 0.0000e+00      
# interval = meters: 1                  
# start_time = Oct 06 2019 14:14:24 [NMEA time, first data scan]
# bad_flag = -9.990e-29
*END*
[from data line 129]
       6536    272.288    130.817 -106.84948   16.78238    130.000    13.8810    13.8545 4.1600e+04   4.166229     0.4706     0.0290    99.2781 4.4739e-03          0     0.5084     0.5220     0.0981     0.1148     4.6184     0.0000     0.0281     0.0000     0.5070     0.5206    34.7387    34.8208    26.0140    26.0830      1.504      2.044      0.578      0.785 0.0000e+00
       6600    274.939    131.824 -106.84948   16.78238    131.000    13.8340    13.7890 4.1559e+04   4.161011     0.4289     0.0292    99.2737 4.4699e-03          0     0.5079     0.5215     0.0939     0.1148     4.6182     0.0000     0.0281     0.0000     0.5070     0.5206    34.7430    34.8311    26.0271    26.1047      1.430      1.980      0.548      0.759 0.0000e+00
       6629    276.175    132.830 -106.84948   16.78238    132.000    13.7071    13.6730 4.1446e+04   4.150895     0.4013     0.0289    99.2792 4.4721e-03          0     0.5081     0.5215     0.0911     0.1148     4.6184     0.0000     0.0281     0.0000     0.5070     0.5205    34.7519    34.8414    26.0603    26.1367      1.475      1.996      0.565      0.764 0.0000e+00
       6663    277.563    133.837 -106.84948   16.78238    133.000    13.6630    13.6300 4.1406e+04   4.146520     0.3816     0.0285    99.2903 4.4639e-03          0     0.5081     0.5217     0.0891     0.1147     4.6189     0.0000     0.0281     0.0000     0.5070     0.5203    34.7538    34.8391    26.0710    26.1438      1.478      1.958      0.565      0.749 0.0000e+00
       6699    279.100    134.844 -106.84948   16.78238    134.000    13.6205    13.5872 4.1368e+04   4.142712     0.3766     0.0287    99.2841 4.4087e-03          0     0.5079     0.5214     0.0886     0.1147     4.6186     0.0000     0.0278     0.0000     0.5070     0.5201    34.7556    34.8419    26.0812    26.1548      1.480      1.913      0.565      0.731 0.0000e+00
       6734    280.555    135.850 -106.84948   16.78238    135.000    13.5803    13.5474 4.1331e+04   4.139049     0.3685     0.0310    99.2284 5.0612e-03          0     0.5079     0.5213     0.0878     0.1148     4.6161     0.0000     0.0305     0.0000     0.5070     0.5199    34.7578    34.8433    26.0912    26.1641      1.481      1.911      0.565      0.730 0.0000e+00
       6766    281.893    136.857 -106.84948   16.78238    136.000    13.5591    13.5269 4.1312e+04   4.137010     0.3371     0.0305    99.2403 4.6000e-03          0     0.5079     0.5212     0.0847     0.1146     4.6166     0.0000     0.0286     0.0000     0.5070     0.5196    34.7586    34.8424    26.0962    26.1677      1.482      1.811      0.565      0.691 0.0000e+00
       6800    283.290    137.864 -106.84948   16.78238    137.000    13.5535    13.5206 4.1307e+04   4.136400     0.3326     0.0298    99.2588 3.9519e-03          0     0.5079     0.5209     0.0842     0.1148     4.6175     0.0000     0.0259     0.0000     0.5070     0.5194    34.7587    34.8420    26.0975    26.1687      1.473      1.835      0.562      0.700 0.0000e+00
       6865    285.989    138.870 -106.84948   16.78238    138.000    13.5534    13.5157 4.1308e+04   4.135966     0.3325     0.0299    99.2555 4.1617e-03          0     0.5079     0.5205     0.0842     0.1150     4.6173     0.0000     0.0268     0.0000     0.5069     0.5192    34.7590    34.8419    26.0977    26.1696      1.471      1.805      0.561      0.688 0.0000e+00
       6956    289.773    139.877 -106.84948   16.78238    139.000    13.5379    13.5053 4.1295e+04   4.135121     0.3275     0.0293    99.2700 4.4756e-03          0     0.5079     0.5200     0.0837     0.1148     4.6180     0.0000     0.0281     0.0000     0.5068     0.5191    34.7603    34.8430    26.1019    26.1727      1.440      1.843      0.549      0.703 0.0000e+00
       6993    291.336    140.883 -106.84948   16.78238    140.000    13.5032    13.4712 4.1263e+04   4.132097     0.3192     0.0291    99.2750 4.8886e-03          0     0.5078     0.5199     0.0829     0.1148     4.6182     0.0000     0.0298     0.0000     0.5068     0.5192    34.7610    34.8453    26.1096    26.1814      1.454      1.824      0.554      0.695 0.0000e+00
       7022    292.527    141.890 -106.84948   16.78238    141.000    13.4863    13.4539 4.1248e+04   4.130477     0.3080     0.0295    99.2658 4.7522e-03          0     0.5078     0.5200     0.0818     0.1148     4.6178     0.0000     0.0293     0.0000     0.5068     0.5191    34.7619    34.8454    26.1138    26.1851      1.388      1.782      0.529      0.679 0.0000e+00
       7046    293.547    142.897 -106.84948   16.78238    142.000    13.4721    13.4395 4.1235e+04   4.129326     0.2845     0.0295    99.2658 4.4817e-03          0     0.5077     0.5200     0.0795     0.1151     4.6178     0.0000     0.0281     0.0000     0.5065     0.5190    34.7623    34.8472    26.1171    26.1894      1.398      1.841      0.532      0.701 0.0000e+00
       7070    294.542    143.903 -106.84948   16.78238    143.000    13.4524    13.4206 4.1217e+04   4.127446     0.2842     0.0297    99.2594 4.4721e-03          0     0.5077     0.5200     0.0794     0.1150     4.6175     0.0000     0.0281     0.0000     0.5067     0.5192    34.7630    34.8463    26.1216    26.1927      1.454      1.818      0.553      0.692 0.0000e+00
       7096    295.645    144.910 -106.84948   16.78238    144.000    13.4454    13.4142 4.1210e+04   4.126843     0.2837     0.0302    99.2470 4.3697e-03          0     0.5078     0.5200     0.0794     0.1147     4.6169     0.0000     0.0277     0.0000     0.5065     0.5189    34.7628    34.8460    26.1230    26.1938      1.398      1.711      0.532      0.651 0.0000e+00
       7169    298.658    145.917 -106.84948   16.78238    145.000    13.4239    13.3929 4.1191e+04   4.124786     0.2751     0.0301    99.2499 3.9798e-03          0     0.5074     0.5197     0.0785     0.1148     4.6171     0.0000     0.0260     0.0000     0.5063     0.5187    34.7639    34.8457    26.1283    26.1979      1.376      1.752      0.524      0.667 0.0000e+00
       7269    302.833    146.923 -106.84948   16.78236    146.000    13.3555    13.3493 4.1130e+04   4.121692     0.2684     0.0296    99.2631 3.9269e-03          0     0.5069     0.5193     0.0778     0.1148     4.6177     0.0000     0.0258     0.0000     0.5061     0.5185    34.7681    34.8560    26.1455    26.2148      1.252      1.693      0.476      0.644 0.0000e+00
       7297    303.980    147.930 -106.84948   16.78236    147.000    13.2905    13.2584 4.1069e+04   4.112847     0.2249     0.0303    99.2445 3.8925e-03          0     0.5072     0.5196     0.0735     0.1147     4.6168     0.0000     0.0256     0.0000     0.5059     0.5185    34.7698    34.8550    26.1600    26.2325      1.270      1.703      0.482      0.646 0.0000e+00
       7323    305.074    148.937 -106.84948   16.78236    148.000    13.2752    13.2444 4.1056e+04   4.111438     0.2123     0.0308    99.2328 3.8925e-03          0     0.5075     0.5198     0.0722     0.1148     4.6163     0.0000     0.0256     0.0000     0.5058     0.5185    34.7705    34.8541    26.1637    26.2347      1.286      1.736      0.488      0.659 0.0000e+00
       7351    306.261    149.943 -106.84948   16.78236    149.000    13.2692    13.2374 4.1051e+04   4.110775     0.2092     0.0311    99.2247 3.7971e-03          0     0.5070     0.5194     0.0719     0.1151     4.6159     0.0000     0.0252     0.0000     0.5057     0.5182    34.7710    34.8539    26.1654    26.2360      1.294      1.613      0.491      0.612 0.0000e+00
       7384    307.642    150.950 -106.84948   16.78236    150.000    13.2674    13.2356 4.1050e+04   4.110627     0.2090     0.0314    99.2172 3.4319e-03          0     0.5068     0.5193     0.0719     0.1149     4.6156     0.0000     0.0237     0.0000     0.5057     0.5181    34.7714    34.8537    26.1661    26.2362      1.291      1.702      0.490      0.646 0.0000e+00
       7424    309.271    151.957 -106.84948   16.78236    151.000    13.2653    13.2339 4.1049e+04   4.110524     0.2092     0.0308    99.2323 3.3382e-03          0     0.5067     0.5193     0.0719     0.1147     4.6163     0.0000     0.0233     0.0000     0.5057     0.5181    34.7718    34.8539    26.1669    26.2367      1.317      1.644      0.500      0.623 0.0000e+00
       7473    311.348    152.963 -106.84948   16.78236    152.000    13.2533    13.2224 4.1039e+04   4.109610     0.2035     0.0313    99.2206 3.3175e-03          0     0.5066     0.5191     0.0713     0.1149     4.6157     0.0000     0.0232     0.0000     0.5057     0.5181    34.7726    34.8552    26.1699    26.2401      1.325      1.673      0.502      0.634 0.0000e+00
       7551    314.567    153.970 -106.84948   16.78236    153.000    13.1503    13.1201 4.0944e+04   4.100594     0.1805     0.0314    99.2171 3.3161e-03          0     0.5066     0.5189     0.0691     0.1149     4.6156     0.0000     0.0232     0.0000     0.5057     0.5180    34.7767    34.8632    26.1939    26.2670      1.240      1.641      0.469      0.621 0.0000e+00
       7601    316.686    154.977 -106.84948   16.78236    154.000    13.1026    13.0709 4.0899e+04   4.095652     0.1603     0.0317    99.2118 3.2930e-03          0     0.5067     0.5189     0.0671     0.1151     4.6153     0.0000     0.0231     0.0000     0.5051     0.5179    34.7775    34.8610    26.2042    26.2752      1.139      1.648      0.431      0.623 0.0000e+00
       7638    318.223    155.984 -106.84948   16.78236    155.000    13.0921    13.0605 4.0890e+04   4.094656     0.1376     0.0320    99.2029 3.0883e-03          0     0.5065     0.5189     0.0648     0.1151     4.6149     0.0000     0.0222     0.0000     0.5050     0.5176    34.7778    34.8606    26.2065    26.2771      1.226      1.577      0.464      0.596 0.0000e+00
       7679    319.931    156.990 -106.84948   16.78236    156.000    13.0783    13.0455 4.0878e+04   4.093308     0.1371     0.0323    99.1956 2.8309e-03          0     0.5061     0.5188     0.0647     0.1150     4.6146     0.0000     0.0212     0.0000     0.5050     0.5176    34.7782    34.8611    26.2097    26.2805      1.139      1.572      0.431      0.594 0.0000e+00
       7723    321.765    157.997 -106.84948   16.78236    157.000    13.0710    13.0394 4.0871e+04   4.092713     0.1371     0.0326    99.1902 2.6921e-03          0     0.5060     0.5185     0.0647     0.1152     4.6143     0.0000     0.0206     0.0000     0.5048     0.5174    34.7785    34.8607    26.2114    26.2814      1.176      1.566      0.444      0.592 0.0000e+00
       7757    323.161    159.004 -106.84948   16.78236    158.000    13.0648    13.0333 4.0866e+04   4.092232     0.1371     0.0319    99.2061 2.5452e-03          0     0.5059     0.5185     0.0647     0.1149     4.6151     0.0000     0.0199     0.0000     0.5047     0.5175    34.7790    34.8613    26.2130    26.2832      1.118      1.573      0.423      0.594 0.0000e+00
       7788    324.461    160.011 -106.84948   16.78236    159.000    13.0468    13.0141 4.0850e+04   4.090641     0.1371     0.0325    99.1923 2.2453e-03          0     0.5057     0.5184     0.0647     0.1150     4.6144     0.0000     0.0186     0.0000     0.5046     0.5173    34.7798    34.8633    26.2173    26.2886      1.143      1.534      0.431      0.579 0.0000e+00
       7858    327.390    161.018 -106.84948   16.78236    160.000    13.0360    13.0138 4.0840e+04   4.090403     0.1355     0.0325    99.1918 2.1709e-03          0     0.5056     0.5182     0.0645     0.1149     4.6144     0.0000     0.0183     0.0000     0.5046     0.5172    34.7798    34.8609    26.2195    26.2868      1.153      1.549      0.435      0.585 0.0000e+00
       7935    330.575    162.024 -106.84948   16.78236    161.000    13.0272    12.9959 4.0833e+04   4.088975     0.1245     0.0323    99.1975 2.1659e-03          0     0.5055     0.5180     0.0635     0.1148     4.6147     0.0000     0.0183     0.0000     0.5046     0.5170    34.7804    34.8634    26.2218    26.2923      1.154      1.479      0.435      0.558 0.0000e+00
       7970    332.047    163.031 -106.84948   16.78236    162.000    13.0254    12.9940 4.0831e+04   4.088701     0.1368     0.0331    99.1769 2.0679e-03          0     0.5055     0.5181     0.0647     0.1151     4.6137     0.0000     0.0179     0.0000     0.5046     0.5170    34.7803    34.8622    26.2221    26.2918      1.154      1.524      0.436      0.575 0.0000e+00
       8007    333.586    164.038 -106.84946   16.78236    163.000    13.0180    12.9860 4.0825e+04   4.088217     0.1368     0.0332    99.1732 2.1173e-03          0     0.5055     0.5180     0.0647     0.1152     4.6135     0.0000     0.0181     0.0000     0.5046     0.5170    34.7810    34.8644    26.2241    26.2952      1.154      1.525      0.436      0.575 0.0000e+00
       8044    335.125    165.045 -106.84946   16.78237    164.000    12.9501    12.9171 4.0762e+04   4.082203     0.1338     0.0332    99.1728 2.1730e-03          0     0.5055     0.5179     0.0644     0.1151     4.6135     0.0000     0.0183     0.0000     0.5046     0.5171    34.7823    34.8701    26.2388    26.3134      1.156      1.556      0.436      0.586 0.0000e+00
       8083    336.761    166.051 -106.84946   16.78238    165.000    12.8646    12.8323 4.0680e+04   4.073813     0.1177     0.0336    99.1627 2.1730e-03          0     0.5055     0.5179     0.0628     0.1149     4.6130     0.0000     0.0183     0.0000     0.5046     0.5170    34.7825    34.8677    26.2559    26.3284      1.159      1.471      0.436      0.553 0.0000e+00
       8140    339.107    167.058 -106.84946   16.78238    166.000    12.8299    12.7984 4.0646e+04   4.070334     0.1046     0.0331    99.1767 1.9511e-03          0     0.5055     0.5180     0.0615     0.1151     4.6137     0.0000     0.0174     0.0000     0.5046     0.5169    34.7817    34.8653    26.2623    26.3333      1.160      1.514      0.436      0.569 0.0000e+00
       8207    341.919    168.065 -106.84946   16.78238    167.000    12.7902    12.7590 4.0608e+04   4.066640     0.0989     0.0327    99.1880 1.5897e-03          0     0.5055     0.5178     0.0609     0.1150     4.6142     0.0000     0.0158     0.0000     0.5046     0.5168    34.7815    34.8658    26.2700    26.3416      1.161      1.474      0.436      0.554 0.0000e+00
       8252    343.771    169.072 -106.84946   16.78238    168.000    12.7596    12.7281 4.0579e+04   4.063586     0.0962     0.0333    99.1704 1.6405e-03          0     0.5055     0.5177     0.0606     0.1151     4.6134     0.0000     0.0160     0.0000     0.5046     0.5167    34.7815    34.8647    26.2761    26.3468      1.162      1.508      0.436      0.566 0.0000e+00
       8285    345.184    170.079 -106.84946   16.78238    169.000    12.7438    12.7123 4.0565e+04   4.062060     0.0935     0.0324    99.1940 1.7614e-03          0     0.5055     0.5178     0.0604     0.1151     4.6145     0.0000     0.0166     0.0000     0.5045     0.5168    34.7814    34.8642    26.2792    26.3496      1.124      1.472      0.422      0.552 0.0000e+00
       8320    346.624    171.085 -106.84946   16.78238    170.000    12.7352    12.7040 4.0556e+04   4.061244     0.0910     0.0324    99.1950 1.6086e-03          0     0.5055     0.5176     0.0601     0.1152     4.6146     0.0000     0.0159     0.0000     0.5046     0.5165    34.7811    34.8637    26.2806    26.3509      1.173      1.439      0.440      0.540 0.0000e+00
