data/ctd-cnv/KM1919/KM1919-St20-P2/St20_P2_cast51-align-cellTM-derive-bin.cnv
* Sea-Bird SBE 9 Data File:
* FileName = C:\Users\otg\Desktop\CTD Data\km1920\St20_P2_cast51.hex
* Software Version Seasave V 7.26.7.107
* Temperature SN = 5554
* Conductivity SN = 3876
* Number of Bytes Per Scan = 41
* Number of Voltage Words = 4
* Number of Scans Averaged by the Deck Unit = 1
* NMEA Latitude = 16 45.51 N
* NMEA Longitude = 106 45.82 W
* NMEA UTC (Time) = Oct 09 2019  19:06:48
* NMEA baud rate = 4800
** Ship: Kilo Moana
** Station: St20_P2 cast 51
** Operator: gr
** diel 8 noon
# nquan = 34
# nvalues = 206                         
# units = specified
# name 0 = scan: Scan Count
# name 1 = timeS: Time, Elapsed [seconds]
# name 2 = prDM: Pressure, Digiquartz [db]
# name 3 = longitude: Longitude [deg]
# name 4 = latitude: Latitude [deg]
# name 5 = depSMignore: Depth [salt water, m]
# name 6 = t090C: Temperature [ITS-90, deg C]
# name 7 = t190C: Temperature, 2 [ITS-90, deg C]
# name 8 = c0uS/cm: Conductivity [uS/cm]
# name 9 = c1S/m: Conductivity, 2 [S/m]
# name 10 = flECO-AFL: Fluorescence, WET Labs ECO-AFL/FL [mg/m^3]
# name 11 = CStarAt0: Beam Attenuation, WET Labs C-Star [1/m]
# name 12 = CStarTr0: Beam Transmission, WET Labs C-Star [%]
# name 13 = par: PAR/Irradiance, Biospherical/Licor
# name 14 = modError: Modulo Error Count
# name 15 = v0: Voltage 0
# name 16 = v1: Voltage 1
# name 17 = v2: Voltage 2
# name 18 = v3: Voltage 3
# name 19 = v4: Voltage 4
# name 20 = v5: Voltage 5
# name 21 = v6: Voltage 6
# name 22 = v7: Voltage 7
# name 23 = sbeox0V: Oxygen raw, SBE 43 [V]
# name 24 = sbeox1V: Oxygen raw, SBE 43, 2 [V]
# name 25 = sal00: Salinity, Practical [PSU]
# name 26 = sal11: Salinity, Practical, 2 [PSU]
# name 27 = sigma-é00: Density [sigma-theta, kg/m^3]
# name 28 = sigma-é11: Density, 2 [sigma-theta, kg/m^3]
# name 29 = sbeox0Mm/L: Oxygen, SBE 43 [umol/l], WS = 2
# name 30 = sbeox1Mm/L: Oxygen, SBE 43, 2 [umol/l], WS = 2
# name 31 = sbeox0PS: Oxygen, SBE 43 [% saturation], WS = 2
# name 32 = sbeox1PS: Oxygen, SBE 43, 2 [% saturation], WS = 2
# name 33 = flag: flag
# span 0 =         84,       8490       
# span 1 =      3.457,    353.712       
# span 2 =      2.012,    208.340       
# span 3 = -106.76364, -106.76358       
# span 4 =   16.75850,   16.75858       
# span 5 =      2.000,    207.000       
# span 6 =    12.2979,    29.6416       
# span 7 =    12.2667,    29.5984       
# span 8 = 4.0152e+04, 5.7354e+04       
# span 9 =   4.020664,   5.743503       
# span 10 =     0.0410,     1.5290      
# span 11 =     0.0268,     0.1248      
# span 12 =    96.9330,    99.3322      
# span 13 = 2.2075e-03, 7.4800e+02      
# span 14 =          0,          0      
# span 15 =     0.5055,     2.4984      
# span 16 =     0.5176,     2.4843      
# span 17 =     0.0551,     0.2039      
# span 18 =     0.1127,     0.1175      
# span 19 =     4.5093,     4.6209      
# span 20 =     0.0000,     0.0000      
# span 21 =     0.0184,     3.8819      
# span 22 =     0.0000,     0.0000      
# span 23 =     0.5045,     2.4995      
# span 24 =     0.5164,     2.4821      
# span 25 =    34.2762,    34.7829      
# span 26 =    34.3757,    34.8703      
# span 27 =    21.5303,    26.3664      
# span 28 =    21.6090,    26.4372      
# span 29 =      1.035,    229.518      
# span 30 =      1.403,    240.496      
# span 31 =      0.386,    107.042      
# span 32 =      0.522,    112.227      
# span 33 = 0.0000e+00, 0.0000e+00      
# interval = meters: 1                  
# start_time = Oct 09 2019 19:12:59 [NMEA time, first data scan]
# bad_flag = -9.990e-29
*END*
[from data line 129]
       6493    270.485    131.823 -106.76360   16.75856    131.000    14.1420    14.1090 4.1832e+04   4.189268     0.2831     0.0339    99.1570 2.6864e-01          0     0.5170     0.5346     0.0793     0.1133     4.6128     0.0000     0.5790     0.0000     0.5119     0.5293    34.7188    34.8047    25.9439    26.0172      1.845      3.043      0.712      1.174 0.0000e+00
       6510    271.208    132.830 -106.76360   16.75856    132.000    14.1334    14.0998 4.1826e+04   4.188638     0.3249     0.0370    99.0804 2.5437e-01          0     0.5162     0.5337     0.0835     0.1130     4.6092     0.0000     0.5618     0.0000     0.5115     0.5288    34.7201    34.8067    25.9467    26.0208      1.776      3.064      0.686      1.182 0.0000e+00
       6531    272.069    133.837 -106.76360   16.75856    133.000    14.1075    14.0733 4.1802e+04   4.186339     0.3723     0.0399    99.0063 2.3193e-01          0     0.5150     0.5325     0.0882     0.1142     4.6057     0.0000     0.5332     0.0000     0.5107     0.5283    34.7210    34.8089    25.9529    26.0281      1.792      2.959      0.691      1.141 0.0000e+00
       6561    273.316    134.843 -106.76359   16.75856    134.000    14.0690    14.0356 4.1768e+04   4.182851     0.4020     0.0406    98.9903 2.1158e-01          0     0.5135     0.5310     0.0912     0.1136     4.6050     0.0000     0.5056     0.0000     0.5105     0.5274    34.7238    34.8102    25.9632    26.0370      1.854      2.854      0.715      1.100 0.0000e+00
       6607    275.256    135.850 -106.76358   16.75856    135.000    14.0124    13.9784 4.1720e+04   4.178185     0.4146     0.0424    98.9453 1.9696e-01          0     0.5120     0.5295     0.0925     0.1132     4.6029     0.0000     0.4846     0.0000     0.5097     0.5265    34.7300    34.8181    25.9799    26.0552      1.687      2.796      0.649      1.076 0.0000e+00
       6646    276.875    136.857 -106.76360   16.75856    136.000    13.9237    13.8862 4.1644e+04   4.170797     0.4266     0.0424    98.9453 1.7960e-01          0     0.5114     0.5284     0.0936     0.1146     4.6029     0.0000     0.4584     0.0000     0.5094     0.5260    34.7386    34.8323    26.0052    26.0855      1.819      2.689      0.699      1.033 0.0000e+00
       6669    277.851    137.863 -106.76360   16.75856    137.000    13.7909    13.7541 4.1524e+04   4.158858     0.4261     0.0418    98.9610 1.7239e-01          0     0.5111     0.5278     0.0936     0.1134     4.6037     0.0000     0.4471     0.0000     0.5094     0.5251    34.7466    34.8402    26.0390    26.1191      1.803      2.510      0.691      0.962 0.0000e+00
       6688    278.638    138.870 -106.76360   16.75856    138.000    13.7318    13.6970 4.1471e+04   4.153419     0.3871     0.0412    98.9754 1.6281e-01          0     0.5107     0.5275     0.0897     0.1132     4.6043     0.0000     0.4314     0.0000     0.5093     0.5247    34.7500    34.8407    26.0540    26.1313      1.732      2.477      0.663      0.948 0.0000e+00
       6706    279.367    139.877 -106.76360   16.75856    139.000    13.7024    13.6683 4.1444e+04   4.150622     0.3615     0.0411    98.9770 1.4984e-01          0     0.5104     0.5272     0.0871     0.1132     4.6044     0.0000     0.4094     0.0000     0.5091     0.5242    34.7513    34.8402    26.0611    26.1369      1.610      2.457      0.616      0.940 0.0000e+00
       6723    280.094    140.883 -106.76360   16.75856    140.000    13.6873    13.6535 4.1432e+04   4.149184     0.3329     0.0411    98.9770 1.4077e-01          0     0.5104     0.5270     0.0842     0.1130     4.6044     0.0000     0.3933     0.0000     0.5088     0.5241    34.7525    34.8398    26.0652    26.1397      1.565      2.426      0.599      0.928 0.0000e+00
       6744    280.975    141.890 -106.76360   16.75856    141.000    13.6489    13.6149 4.1397e+04   4.145766     0.3325     0.0401    99.0032 1.3201e-01          0     0.5104     0.5264     0.0842     0.1132     4.6056     0.0000     0.3771     0.0000     0.5085     0.5235    34.7542    34.8424    26.0744    26.1497      1.576      2.358      0.602      0.901 0.0000e+00
       6776    282.309    142.897 -106.76360   16.75856    142.000    13.6112    13.5773 4.1362e+04   4.142275     0.3077     0.0401    99.0033 1.2170e-01          0     0.5102     0.5255     0.0818     0.1131     4.6056     0.0000     0.3572     0.0000     0.5082     0.5231    34.7556    34.8434    26.0833    26.1582      1.621      2.315      0.619      0.884 0.0000e+00
       6821    284.169    143.903 -106.76360   16.75856    143.000    13.5532    13.5201 4.1308e+04   4.136731     0.2856     0.0401    99.0026 1.1708e-01          0     0.5096     0.5247     0.0796     0.1133     4.6056     0.0000     0.3481     0.0000     0.5082     0.5225    34.7572    34.8430    26.0965    26.1697      1.658      2.256      0.633      0.860 0.0000e+00
       6852    285.467    144.910 -106.76360   16.75856    144.000    13.5510    13.5190 4.1307e+04   4.136525     0.2472     0.0401    99.0033 1.0575e-01          0     0.5092     0.5243     0.0757     0.1145     4.6056     0.0000     0.3245     0.0000     0.5082     0.5223    34.7576    34.8416    26.0974    26.1689      1.651      2.266      0.630      0.864 0.0000e+00
       6873    286.350    145.917 -106.76360   16.75856    145.000    13.5374    13.5030 4.1296e+04   4.135504     0.2342     0.0401    99.0033 1.0129e-01          0     0.5092     0.5238     0.0744     0.1133     4.6056     0.0000     0.3151     0.0000     0.5082     0.5221    34.7588    34.8462    26.1011    26.1757      1.644      2.139      0.627      0.816 0.0000e+00
       6892    287.132    146.923 -106.76360   16.75856    146.000    13.5023    13.4680 4.1265e+04   4.132468     0.2348     0.0401    99.0033 9.6238e-02          0     0.5092     0.5237     0.0745     0.1132     4.6056     0.0000     0.3039     0.0000     0.5081     0.5217    34.7615    34.8492    26.1104    26.1853      1.662      2.135      0.633      0.814 0.0000e+00
       6912    287.967    147.930 -106.76360   16.75856    147.000    13.4529    13.4178 4.1222e+04   4.128234     0.2309     0.0400    99.0057 9.0792e-02          0     0.5092     0.5234     0.0741     0.1131     4.6057     0.0000     0.2917     0.0000     0.5082     0.5217    34.7659    34.8546    26.1239    26.1998      1.618      2.173      0.616      0.827 0.0000e+00
       6937    289.012    148.937 -106.76360   16.75856    148.000    13.4123    13.3790 4.1184e+04   4.124396     0.2302     0.0401    99.0042 8.2594e-02          0     0.5092     0.5233     0.0740     0.1140     4.6056     0.0000     0.2724     0.0000     0.5080     0.5214    34.7663    34.8535    26.1326    26.2068      1.583      2.118      0.602      0.806 0.0000e+00
       6972    290.457    149.943 -106.76360   16.75856    149.000    13.3926    13.3603 4.1166e+04   4.122426     0.2135     0.0410    98.9797 7.7285e-02          0     0.5092     0.5228     0.0723     0.1132     4.6045     0.0000     0.2595     0.0000     0.5080     0.5213    34.7670    34.8515    26.1371    26.2092      1.608      2.126      0.612      0.809 0.0000e+00
       7010    292.051    150.950 -106.76360   16.75856    150.000    13.3705    13.3373 4.1146e+04   4.120482     0.2125     0.0410    98.9800 6.8917e-02          0     0.5090     0.5225     0.0722     0.1127     4.6045     0.0000     0.2384     0.0000     0.5076     0.5208    34.7678    34.8537    26.1423    26.2156      1.476      1.990      0.561      0.756 0.0000e+00
       7038    293.220    151.957 -106.76360   16.75856    151.000    13.3288    13.2950 4.1108e+04   4.116705     0.1943     0.0410    98.9793 6.5549e-02          0     0.5090     0.5224     0.0704     0.1139     4.6045     0.0000     0.2296     0.0000     0.5074     0.5207    34.7695    34.8563    26.1521    26.2263      1.436      2.063      0.545      0.783 0.0000e+00
       7060    294.136    152.963 -106.76360   16.75856    152.000    13.3050    13.2724 4.1087e+04   4.114455     0.1765     0.0411    98.9770 5.8894e-02          0     0.5089     0.5223     0.0687     0.1142     4.6044     0.0000     0.2117     0.0000     0.5071     0.5207    34.7706    34.8554    26.1579    26.2301      1.425      2.057      0.541      0.781 0.0000e+00
       7080    294.958    153.970 -106.76360   16.75856    153.000    13.2996    13.2675 4.1082e+04   4.113998     0.1647     0.0419    98.9576 6.0296e-02          0     0.5088     0.5222     0.0675     0.1131     4.6035     0.0000     0.2155     0.0000     0.5071     0.5205    34.7712    34.8551    26.1594    26.2309      1.520      2.007      0.577      0.762 0.0000e+00
       7099    295.759    154.977 -106.76360   16.75856    154.000    13.2971    13.2649 4.1081e+04   4.113794     0.1663     0.0414    98.9696 5.3506e-02          0     0.5085     0.5216     0.0677     0.1146     4.6041     0.0000     0.1965     0.0000     0.5071     0.5205    34.7715    34.8551    26.1602    26.2315      1.503      2.048      0.571      0.777 0.0000e+00
       7120    296.640    155.984 -106.76360   16.75856    155.000    13.2860    13.2536 4.1071e+04   4.112943     0.1776     0.0411    98.9769 5.3329e-02          0     0.5084     0.5218     0.0688     0.1147     4.6044     0.0000     0.1960     0.0000     0.5070     0.5205    34.7717    34.8570    26.1627    26.2353      1.458      1.966      0.553      0.746 0.0000e+00
       7145    297.687    156.990 -106.76360   16.75856    156.000    13.2598    13.2280 4.1047e+04   4.110671     0.1712     0.0420    98.9552 4.8046e-02          0     0.5080     0.5217     0.0681     0.1148     4.6034     0.0000     0.1807     0.0000     0.5070     0.5203    34.7728    34.8585    26.1689    26.2417      1.494      2.016      0.566      0.765 0.0000e+00
       7183    299.257    157.997 -106.76360   16.75858    157.000    13.2332    13.2009 4.1023e+04   4.108071     0.1724     0.0422    98.9510 4.3519e-02          0     0.5080     0.5215     0.0683     0.1141     4.6032     0.0000     0.1671     0.0000     0.5070     0.5202    34.7740    34.8583    26.1752    26.2470      1.497      1.936      0.567      0.734 0.0000e+00
       7234    301.377    159.004 -106.76360   16.75858    158.000    13.2118    13.1821 4.1004e+04   4.106295     0.1650     0.0421    98.9541 4.1905e-02          0     0.5079     0.5213     0.0675     0.1129     4.6034     0.0000     0.1622     0.0000     0.5070     0.5195    34.7747    34.8583    26.1801    26.2509      1.497      1.796      0.567      0.680 0.0000e+00
       7265    302.685    160.011 -106.76360   16.75858    159.000    13.2108    13.1783 4.1003e+04   4.105948     0.1489     0.0422    98.9506 3.5688e-02          0     0.5079     0.5213     0.0659     0.1136     4.6032     0.0000     0.1426     0.0000     0.5070     0.5192    34.7749    34.8580    26.1805    26.2514      1.498      1.858      0.567      0.704 0.0000e+00
       7286    303.527    161.017 -106.76360   16.75858    160.000    13.1870    13.1531 4.0981e+04   4.104094     0.1364     0.0422    98.9508 3.4783e-02          0     0.5079     0.5209     0.0646     0.1147     4.6032     0.0000     0.1396     0.0000     0.5070     0.5194    34.7753    34.8631    26.1856    26.2605      1.499      1.849      0.568      0.700 0.0000e+00
       7302    304.224    162.024 -106.76360   16.75858    161.000    13.1588    13.1264 4.0955e+04   4.101287     0.1371     0.0422    98.9508 3.4641e-02          0     0.5079     0.5209     0.0647     0.1130     4.6032     0.0000     0.1391     0.0000     0.5070     0.5190    34.7762    34.8606    26.1920    26.2640      1.500      1.777      0.568      0.673 0.0000e+00
       7318    304.867    163.031 -106.76360   16.75858    162.000    13.1452    13.1118 4.0943e+04   4.100120     0.1363     0.0422    98.9508 3.4833e-02          0     0.5079     0.5205     0.0646     0.1136     4.6032     0.0000     0.1398     0.0000     0.5070     0.5192    34.7761    34.8624    26.1948    26.2683      1.500      1.846      0.568      0.698 0.0000e+00
       7333    305.512    164.037 -106.76360   16.75858    163.000    13.1267    13.0944 4.0925e+04   4.098316     0.1348     0.0425    98.9443 3.2809e-02          0     0.5079     0.5202     0.0645     0.1146     4.6029     0.0000     0.1332     0.0000     0.5070     0.5191    34.7764    34.8609    26.1987    26.2707      1.501      1.822      0.568      0.689 0.0000e+00
       7350    306.222    165.044 -106.76360   16.75858    164.000    13.1144    13.0818 4.0914e+04   4.097222     0.1271     0.0433    98.9253 2.8107e-02          0     0.5079     0.5201     0.0637     0.1147     4.6020     0.0000     0.1173     0.0000     0.5070     0.5190    34.7766    34.8616    26.2014    26.2738      1.502      1.836      0.568      0.694 0.0000e+00
       7373    307.162    166.051 -106.76360   16.75858    165.000    13.0818    13.0482 4.0884e+04   4.094322     0.1246     0.0438    98.9125 2.5483e-02          0     0.5079     0.5202     0.0635     0.1136     4.6014     0.0000     0.1082     0.0000     0.5070     0.5192    34.7775    34.8645    26.2086    26.2828      1.503      1.828      0.568      0.691 0.0000e+00
       7424    309.280    167.058 -106.76360   16.75856    166.000    13.0060    12.9757 4.0813e+04   4.087504     0.1310     0.0436    98.9155 2.5413e-02          0     0.5079     0.5200     0.0641     0.1139     4.6016     0.0000     0.1080     0.0000     0.5070     0.5189    34.7789    34.8659    26.2250    26.2985      1.506      1.795      0.568      0.677 0.0000e+00
       7479    311.568    168.065 -106.76360   16.75856    167.000    12.9715    12.9375 4.0781e+04   4.083848     0.1370     0.0450    98.8823 2.3035e-02          0     0.5079     0.5199     0.0647     0.1136     4.6000     0.0000     0.0997     0.0000     0.5070     0.5188    34.7797    34.8658    26.2325    26.3060      1.507      1.776      0.568      0.669 0.0000e+00
       7502    312.538    169.071 -106.76360   16.75856    168.000    12.9314    12.8981 4.0744e+04   4.080171     0.1198     0.0450    98.8811 2.1547e-02          0     0.5079     0.5200     0.0630     0.1141     4.6000     0.0000     0.0944     0.0000     0.5070     0.5185    34.7804    34.8665    26.2411    26.3144      1.509      1.770      0.568      0.667 0.0000e+00
       7521    313.315    170.078 -106.76360   16.75856    169.000    12.9144    12.8821 4.0727e+04   4.078462     0.1051     0.0432    98.9258 1.8260e-02          0     0.5079     0.5198     0.0615     0.1147     4.6021     0.0000     0.0821     0.0000     0.5070     0.5188    34.7802    34.8645    26.2444    26.3162      1.509      1.783      0.568      0.671 0.0000e+00
       7538    314.028    171.085 -106.76360   16.75856    170.000    12.9077    12.8757 4.0721e+04   4.077939     0.0881     0.0433    98.9245 2.2751e-02          0     0.5079     0.5198     0.0598     0.1147     4.6020     0.0000     0.0985     0.0000     0.5070     0.5187    34.7801    34.8650    26.2457    26.3178      1.510      1.641      0.569      0.618 0.0000e+00
       7555    314.746    172.092 -106.76360   16.75856    171.000    12.8777    12.8435 4.0694e+04   4.075320     0.0968     0.0431    98.9302 1.9823e-02          0     0.5079     0.5196     0.0607     0.1135     4.6023     0.0000     0.0881     0.0000     0.5070     0.5180    34.7808    34.8692    26.2522    26.3275      1.511      1.649      0.569      0.621 0.0000e+00
