data/ctd-cnv/KM1919/KM1919-St20-P2/St20_P2_cast36-align-cellTM-derive-bin.cnv
* Sea-Bird SBE 9 Data File:
* FileName = C:\Users\otg\Desktop\CTD Data\km1920\St20_P2_cast36.hex
* Software Version Seasave V 7.26.7.107
* Temperature SN = 5554
* Conductivity SN = 3876
* Number of Bytes Per Scan = 41
* Number of Voltage Words = 4
* Number of Scans Averaged by the Deck Unit = 1
* NMEA Latitude = 16 47.21 N
* NMEA Longitude = 106 50.78 W
* NMEA UTC (Time) = Oct 07 2019  01:40:29
* NMEA baud rate = 4800
** Ship: Kilo Moana
** Station: St20_P2cast 35
** Operator: gr
** deep HiC metagenomics cast
# nquan = 34
# nvalues = 1250                        
# units = specified
# name 0 = scan: Scan Count
# name 1 = timeS: Time, Elapsed [seconds]
# name 2 = prDM: Pressure, Digiquartz [db]
# name 3 = longitude: Longitude [deg]
# name 4 = latitude: Latitude [deg]
# name 5 = depSMignore: Depth [salt water, m]
# name 6 = t090C: Temperature [ITS-90, deg C]
# name 7 = t190C: Temperature, 2 [ITS-90, deg C]
# name 8 = c0uS/cm: Conductivity [uS/cm]
# name 9 = c1S/m: Conductivity, 2 [S/m]
# name 10 = flECO-AFL: Fluorescence, WET Labs ECO-AFL/FL [mg/m^3]
# name 11 = CStarAt0: Beam Attenuation, WET Labs C-Star [1/m]
# name 12 = CStarTr0: Beam Transmission, WET Labs C-Star [%]
# name 13 = par: PAR/Irradiance, Biospherical/Licor
# name 14 = modError: Modulo Error Count
# name 15 = v0: Voltage 0
# name 16 = v1: Voltage 1
# name 17 = v2: Voltage 2
# name 18 = v3: Voltage 3
# name 19 = v4: Voltage 4
# name 20 = v5: Voltage 5
# name 21 = v6: Voltage 6
# name 22 = v7: Voltage 7
# name 23 = sbeox0V: Oxygen raw, SBE 43 [V]
# name 24 = sbeox1V: Oxygen raw, SBE 43, 2 [V]
# name 25 = sal00: Salinity, Practical [PSU]
# name 26 = sal11: Salinity, Practical, 2 [PSU]
# name 27 = sigma-é00: Density [sigma-theta, kg/m^3]
# name 28 = sigma-é11: Density, 2 [sigma-theta, kg/m^3]
# name 29 = sbeox0Mm/L: Oxygen, SBE 43 [umol/l], WS = 2
# name 30 = sbeox1Mm/L: Oxygen, SBE 43, 2 [umol/l], WS = 2
# name 31 = sbeox0PS: Oxygen, SBE 43 [% saturation], WS = 2
# name 32 = sbeox1PS: Oxygen, SBE 43, 2 [% saturation], WS = 2
# name 33 = flag: flag
# span 0 =         -9,      40782       
# span 1 =     -0.403,   1699.187       
# span 2 =      5.030,   1265.319       
# span 3 = -106.84630, -106.84626       
# span 4 =   16.78670,   16.78684       
# span 5 =      5.000,   1254.000       
# span 6 =     3.7113,    29.5714       
# span 7 =     3.6859,    29.5333       
# span 8 = 3.2498e+04, 5.7267e+04       
# span 9 =   3.254137,   5.734824       
# span 10 =     0.0575,     1.7597      
# span 11 =     0.0115,     0.1308      
# span 12 =    96.7836,    99.7123      
# span 13 = -1.877e-06, 2.7022e+00      
# span 14 =          0,          0      
# span 15 =     0.5030,     2.4877      
# span 16 =     0.5126,     2.4690      
# span 17 =     0.0568,     0.2270      
# span 18 =     0.1142,     0.1220      
# span 19 =     4.5024,     4.6386      
# span 20 =     0.0000,     0.0000      
# span 21 =     0.0084,     1.4695      
# span 22 =     0.0000,     0.0000      
# span 23 =     0.5023,     2.4891      
# span 24 =     0.5121,     2.4683      
# span 25 =    34.3220,    34.7841      
# span 26 =    34.4124,    34.8708      
# span 27 =    21.5471,    27.4878      
# span 28 =    21.6233,    27.5517      
# span 29 =      0.699,    228.787      
# span 30 =      0.757,    238.894      
# span 31 =      0.241,    106.385      
# span 32 =      0.255,    111.300      
# span 33 = 0.0000e+00, 0.0000e+00      
# interval = meters: 1                  
# start_time = Oct 07 2019 01:47:00 [NMEA time, first data scan]
# bad_flag = -9.990e-29
*END*
[from data line 86]
       4972    207.113     91.563 -106.84628   16.78682     91.000    17.2659    17.2347 4.4608e+04   4.472666     0.5679     0.0429    98.9319 3.6329e-03          0     1.0883     1.0789     0.1078     0.1166     4.6023     0.0000     0.0245     0.0000     0.8944     0.9463    34.4833    34.6130    25.0578    25.1648     40.751     50.840     16.701     20.840 0.0000e+00
       4991    207.933     92.570 -106.84628   16.78682     92.000    16.8594    16.8048 4.4198e+04   4.429075     0.4789     0.0403    98.9977 3.6184e-03          0     1.0448     1.0771     0.0989     0.1148     4.6053     0.0000     0.0245     0.0000     0.8683     0.9136    34.4744    34.6026    25.1475    25.2588     41.106     49.136     16.714     19.975 0.0000e+00
       5015    208.908     93.576 -106.84628   16.78683     93.000    16.5894    16.5412 4.3925e+04   4.400449     0.4291     0.0379    99.0568 3.6243e-03          0     0.9842     1.0408     0.0939     0.1169     4.6081     0.0000     0.0245     0.0000     0.8507     0.8869    34.4673    34.5788    25.2054    25.3023     43.994     48.836     17.794     19.749 0.0000e+00
       5116    213.118     94.583 -106.84626   16.78684     94.000    16.7478    16.6046 4.4084e+04   4.403319     0.4273     0.0362    99.0982 3.3772e-03          0     0.8362     0.8680     0.0937     0.1142     4.6100     0.0000     0.0235     0.0000     0.8420     0.8531    34.4701    34.5488    25.1705    25.2645     45.426     48.433     18.429     19.605 0.0000e+00
       5171    215.424     95.589 -106.84626   16.78684     95.000    16.4450    16.4051 4.3788e+04   4.386563     0.4255     0.0352    99.1236 3.3158e-03          0     0.8513     0.8629     0.0935     0.1148     4.6112     0.0000     0.0232     0.0000     0.8207     0.8396    34.4701    34.5735    25.2412    25.3298     41.736     45.702     16.835     18.432 0.0000e+00
       5202    216.701     96.595 -106.84626   16.78682     96.000    16.3372    16.2995 4.3681e+04   4.374960     0.3647     0.0341    99.1505 3.5377e-03          0     0.8422     0.8574     0.0875     0.1148     4.6124     0.0000     0.0241     0.0000     0.8150     0.8336    34.4686    34.5623    25.2650    25.3457     41.465     45.472     16.690     18.300 0.0000e+00
       5239    218.256     97.602 -106.84627   16.78682     97.000    16.1847    16.1484 4.3528e+04   4.359765     0.3667     0.0339    99.1550 3.5831e-03          0     0.8265     0.8453     0.0877     0.1148     4.6126     0.0000     0.0243     0.0000     0.8068     0.8261    34.4656    34.5585    25.2978    25.3776     40.374     44.239     16.203     17.752 0.0000e+00
       5326    221.895     98.608 -106.84628   16.78682     98.000    16.0353    16.0288 4.3389e+04   4.347076     0.3853     0.0333    99.1711 3.6088e-03          0     0.8073     0.8259     0.0895     0.1148     4.6134     0.0000     0.0244     0.0000     0.7981     0.8141    34.4716    34.5496    25.3366    25.3981     40.765     43.570     16.313     17.441 0.0000e+00
       5388    224.448     99.615 -106.84626   16.78682     99.000    15.9203    15.8835 4.3262e+04   4.332641     0.3659     0.0318    99.2085 3.5211e-03          0     0.7997     0.8166     0.0876     0.1148     4.6152     0.0000     0.0241     0.0000     0.7968     0.8115    34.4581    34.5472    25.3525    25.4294     40.411     43.473     16.133     17.353 0.0000e+00
       5410    225.366    100.621 -106.84626   16.78682    100.000    15.8580    15.8225 4.3198e+04   4.326832     0.3201     0.0333    99.1723 3.3586e-03          0     0.7992     0.8152     0.0830     0.1148     4.6135     0.0000     0.0234     0.0000     0.7944     0.8101    34.4547    34.5483    25.3640    25.4440     39.557     42.945     15.773     17.121 0.0000e+00
       5431    226.231    101.628 -106.84626   16.78683    101.000    15.7837    15.7483 4.3123e+04   4.318714     0.3015     0.0323    99.1965 3.3170e-03          0     0.7984     0.8138     0.0812     0.1148     4.6146     0.0000     0.0232     0.0000     0.7914     0.8075    34.4516    34.5401    25.3784    25.4545     39.357     42.439     15.670     16.894 0.0000e+00
       5456    227.303    102.634 -106.84626   16.78684    102.000    15.7199    15.6840 4.3063e+04   4.312747     0.2845     0.0306    99.2368 3.3487e-03          0     0.7980     0.8128     0.0795     0.1148     4.6165     0.0000     0.0233     0.0000     0.7901     0.8045    34.4532    34.5426    25.3940    25.4709     40.182     42.491     15.978     16.894 0.0000e+00
       5596    233.104    103.640 -106.84628   16.78684    103.000    15.7528    15.7231 4.3099e+04   4.316558     0.3291     0.0312    99.2227 3.2234e-03          0     0.7950     0.8071     0.0839     0.1148     4.6158     0.0000     0.0228     0.0000     0.7705     0.7926    34.4562    34.5421    25.3890    25.4618     32.653     38.174     12.992     15.189 0.0000e+00
       5624    234.304    104.647 -106.84628   16.78684    104.000    15.4294    15.4168 4.2788e+04   4.291482     0.2722     0.0300    99.2526 3.2015e-03          0     0.7949     0.8071     0.0782     0.1148     4.6172     0.0000     0.0227     0.0000     0.7555     0.7789    34.4597    34.5851    25.4641    25.5634     31.030     35.910     12.269     14.206 0.0000e+00
       5643    235.086    105.654 -106.84628   16.78684    105.000    15.3013    15.2662 4.2674e+04   4.274428     0.3124     0.0288    99.2822 3.1094e-03          0     0.7935     0.8067     0.0822     0.1147     4.6186     0.0000     0.0223     0.0000     0.7468     0.7690    34.4689    34.5633    25.4996    25.5802     31.169     35.110     12.294     13.846 0.0000e+00
       5667    236.063    106.660 -106.84628   16.78684    106.000    15.2650    15.2307 4.2643e+04   4.270659     0.2781     0.0282    99.2974 3.2751e-03          0     0.7831     0.8023     0.0788     0.1148     4.6193     0.0000     0.0230     0.0000     0.7403     0.7594    34.4725    34.5601    25.5105    25.5856     32.208     34.639     12.695     13.651 0.0000e+00
       5766    240.218    107.667 -106.84626   16.78684    107.000    15.3188    15.2674 4.2696e+04   4.273686     0.3275     0.0361    99.1030 3.1430e-03          0     0.7385     0.7570     0.0837     0.1148     4.6103     0.0000     0.0225     0.0000     0.7361     0.7490    34.4725    34.5548    25.4987    25.5734     32.145     34.936     12.683     13.777 0.0000e+00
       5834    243.052    108.673 -106.84626   16.78684    108.000    15.2420    15.2185 4.2638e+04   4.270736     0.2627     0.0264    99.3432 3.0000e-03          0     0.7412     0.7522     0.0773     0.1147     4.6214     0.0000     0.0219     0.0000     0.7173     0.7361    34.4875    34.5708    25.5272    25.5966     27.235     31.457     10.731     12.395 0.0000e+00
       5877    244.823    109.680 -106.84626   16.78684    109.000    15.2278    15.1940 4.2631e+04   4.268935     0.2471     0.0255    99.3646 3.0229e-03          0     0.7308     0.7485     0.0757     0.1148     4.6224     0.0000     0.0220     0.0000     0.6876     0.7158    34.4930    34.5757    25.5346    25.6058     17.078     25.309      6.727      9.968 0.0000e+00
       5915    246.423    110.686 -106.84626   16.78684    110.000    15.2265    15.1935 4.2684e+04   4.273984     0.2101     0.0260    99.3516 2.8999e-03          0     0.7190     0.7375     0.0720     0.1148     4.6218     0.0000     0.0215     0.0000     0.6452     0.6759    34.5415    34.6215    25.5723    25.6412     13.417     18.542      5.287      7.304 0.0000e+00
       5948    247.798    111.692 -106.84626   16.78684    111.000    15.2002    15.1653 4.2689e+04   4.275090     0.2496     0.0245    99.3879 2.7423e-03          0     0.7017     0.7260     0.0760     0.1148     4.6235     0.0000     0.0208     0.0000     0.6300     0.6522    34.5695    34.6560    25.5997    25.6741     16.908     18.582      6.659      7.318 0.0000e+00
       5980    249.137    112.699 -106.84626   16.78684    112.000    15.0598    15.0220 4.2544e+04   4.261252     0.2126     0.0246    99.3855 2.7430e-03          0     0.6650     0.6972     0.0723     0.1148     4.6234     0.0000     0.0208     0.0000     0.6286     0.6462    34.5612    34.6569    25.6242    25.7063     17.049     19.571      6.697      7.686 0.0000e+00
       6018    250.688    113.706 -106.84626   16.78684    113.000    14.9414    14.9075 4.2424e+04   4.248472     0.2089     0.0251    99.3741 2.7430e-03          0     0.6363     0.6622     0.0719     0.1148     4.6229     0.0000     0.0208     0.0000     0.6143     0.6358    34.5559    34.6418    25.6461    25.7197     13.043     16.157      5.111      6.330 0.0000e+00
       6115    254.746    114.712 -106.84626   16.78684    114.000    14.9802    14.9419 4.2488e+04   4.254432     0.1847     0.0246    99.3874 2.6838e-03          0     0.6148     0.6311     0.0695     0.1148     4.6235     0.0000     0.0205     0.0000     0.5989     0.6138    34.5799    34.6652    25.6561    25.7303     11.615     14.242      4.555      5.584 0.0000e+00
       6187    257.731    115.719 -106.84626   16.78684    115.000    14.8928    14.8563 4.2454e+04   4.251550     0.1831     0.0242    99.3972 2.6941e-03          0     0.6107     0.6226     0.0693     0.1147     4.6239     0.0000     0.0206     0.0000     0.5567     0.5806    34.6257    34.7146    25.7105    25.7870      3.710      6.942      1.453      2.718 0.0000e+00
       6219    259.099    116.725 -106.84626   16.78684    116.000    14.8065    14.7721 4.2392e+04   4.245276     0.1501     0.0229    99.4276 2.6386e-03          0     0.5945     0.6148     0.0660     0.1148     4.6254     0.0000     0.0203     0.0000     0.5470     0.5663    34.6455    34.7319    25.7446    25.8188      5.859      6.983      2.291      2.730 0.0000e+00
       6253    260.521    117.732 -106.84626   16.78684    117.000    14.7200    14.6839 4.2304e+04   4.236903     0.1402     0.0222    99.4466 2.5369e-03          0     0.5679     0.5926     0.0650     0.1148     4.6263     0.0000     0.0199     0.0000     0.5465     0.5621    34.6421    34.7335    25.7607    25.8391      7.222      7.853      2.819      3.064 0.0000e+00
       6289    262.012    118.738 -106.84626   16.78684    118.000    14.6169    14.5829 4.2198e+04   4.226009     0.1445     0.0222    99.4473 2.4899e-03          0     0.5506     0.5719     0.0654     0.1147     4.6263     0.0000     0.0196     0.0000     0.5473     0.5620    34.6361    34.7235    25.7784    25.8532      7.144      8.095      2.782      3.152 0.0000e+00
       6325    263.504    119.745 -106.84626   16.78684    119.000    14.5763    14.5427 4.2162e+04   4.222267     0.1626     0.0224    99.4406 2.3987e-03          0     0.5471     0.5637     0.0673     0.1148     4.6260     0.0000     0.0193     0.0000     0.5473     0.5618    34.6387    34.7247    25.7892    25.8628      7.056      7.994      2.746      3.111 0.0000e+00
       6397    266.490    120.751 -106.84626   16.78684    120.000    14.5686    14.5314 4.2157e+04   4.221187     0.1499     0.0230    99.4274 2.2526e-03          0     0.5482     0.5627     0.0660     0.1148     4.6254     0.0000     0.0186     0.0000     0.5449     0.5595    34.6408    34.7244    25.7925    25.8650      6.126      7.428      2.384      2.890 0.0000e+00
       6470    269.538    121.758 -106.84626   16.78684    121.000    14.5041    14.4693 4.2109e+04   4.216900     0.1408     0.0230    99.4256 2.1082e-03          0     0.5467     0.5610     0.0651     0.1148     4.6253     0.0000     0.0180     0.0000     0.5357     0.5528    34.6539    34.7402    25.8165    25.8906      3.717      5.616      1.445      2.182 0.0000e+00
       6504    270.969    122.764 -106.84626   16.78684    122.000    14.4324    14.3979 4.2056e+04   4.211613     0.1354     0.0235    99.4134 2.0681e-03          0     0.5447     0.5596     0.0645     0.1148     4.6247     0.0000     0.0179     0.0000     0.5294     0.5465    34.6689    34.7551    25.8434    25.9174      3.024      4.757      1.174      1.846 0.0000e+00
       6532    272.112    123.771 -106.84626   16.78684    123.000    14.3951    14.3602 4.2028e+04   4.208882     0.1375     0.0235    99.4139 1.9339e-03          0     0.5406     0.5571     0.0647     0.1148     4.6247     0.0000     0.0173     0.0000     0.5246     0.5418    34.6761    34.7633    25.8570    25.9318      2.291      3.966      0.888      1.538 0.0000e+00
       6558    273.226    124.778 -106.84626   16.78684    124.000    14.2811    14.2451 4.1931e+04   4.199538     0.1376     0.0241    99.3992 1.9602e-03          0     0.5355     0.5527     0.0647     0.1148     4.6240     0.0000     0.0174     0.0000     0.5200     0.5371    34.6886    34.7801    25.8909    25.9692      1.852      3.332      0.717      1.289 0.0000e+00
       6584    274.293    125.784 -106.84626   16.78684    125.000    14.2427    14.2093 4.1903e+04   4.196298     0.1552     0.0231    99.4233 1.9104e-03          0     0.5311     0.5480     0.0665     0.1148     4.6252     0.0000     0.0172     0.0000     0.5165     0.5331    34.6965    34.7819    25.9052    25.9783      1.617      2.963      0.625      1.146 0.0000e+00
       6613    275.491    126.791 -106.84626   16.78684    126.000    14.1984    14.1646 4.1875e+04   4.193439     0.1713     0.0239    99.4031 1.8170e-03          0     0.5261     0.5433     0.0682     0.1148     4.6242     0.0000     0.0168     0.0000     0.5135     0.5296    34.7096    34.7953    25.9247    25.9981      1.576      2.607      0.609      1.007 0.0000e+00
       6649    277.012    127.797 -106.84626   16.78684    127.000    14.1716    14.1387 4.1860e+04   4.191863     0.2487     0.0316    99.2144 1.7897e-03          0     0.5200     0.5368     0.0759     0.1148     4.6154     0.0000     0.0167     0.0000     0.5111     0.5265    34.7193    34.8037    25.9379    26.0101      1.671      2.457      0.645      0.949 0.0000e+00
       6687    278.576    128.804 -106.84626   16.78684    128.000    14.1358    14.1020 4.1825e+04   4.188503     0.3461     0.0323    99.1963 1.7345e-03          0     0.5153     0.5317     0.0856     0.1148     4.6146     0.0000     0.0164     0.0000     0.5103     0.5246    34.7187    34.8052    25.9450    26.0190      1.674      2.372      0.646      0.915 0.0000e+00
       6716    279.809    129.810 -106.84626   16.78684    129.000    14.0948    14.0614 4.1786e+04   4.184507     0.3385     0.0308    99.2320 1.7013e-03          0     0.5129     0.5287     0.0848     0.1148     4.6163     0.0000     0.0163     0.0000     0.5094     0.5238    34.7193    34.8043    25.9542    26.0269      1.675      2.314      0.646      0.892 0.0000e+00
       6744    280.959    130.817 -106.84626   16.78684    130.000    14.0667    14.0331 4.1765e+04   4.182347     0.2936     0.0310    99.2278 1.6062e-03          0     0.5117     0.5268     0.0804     0.1148     4.6161     0.0000     0.0159     0.0000     0.5092     0.5231    34.7247    34.8094    25.9642    26.0368      1.571      2.270      0.605      0.875 0.0000e+00
       6772    282.124    131.824 -106.84626   16.78684    131.000    14.0389    14.0053 4.1742e+04   4.180060     0.3253     0.0332    99.1744 1.6063e-03          0     0.5113     0.5256     0.0835     0.1148     4.6136     0.0000     0.0159     0.0000     0.5084     0.5227    34.7276    34.8129    25.9724    26.0454      1.485      2.212      0.572      0.852 0.0000e+00
       6800    283.273    132.830 -106.84626   16.78684    132.000    13.9958    13.9616 4.1703e+04   4.176331     0.3546     0.0353    99.1222 1.5966e-03          0     0.5104     0.5247     0.0865     0.1148     4.6111     0.0000     0.0159     0.0000     0.5082     0.5224    34.7305    34.8172    25.9837    26.0579      1.619      2.185      0.624      0.841 0.0000e+00
