data/ctd-cnv/KM1919/KM1919-St20-P2/St20_P2_cast49-align-cellTM-derive-bin.cnv
* Sea-Bird SBE 9 Data File:
* FileName = C:\Users\otg\Desktop\CTD Data\km1920\St20_P2_cast49.hex
* Software Version Seasave V 7.26.7.107
* Temperature SN = 5554
* Conductivity SN = 3876
* Number of Bytes Per Scan = 41
* Number of Voltage Words = 4
* Number of Scans Averaged by the Deck Unit = 1
* NMEA Latitude = 16 45.76 N
* NMEA Longitude = 106 46.79 W
* NMEA UTC (Time) = Oct 09 2019  11:25:23
* NMEA baud rate = 4800
** Ship: Kilo Moana
** Station: St20_P2 cast 49
** Operator: jac
# nquan = 34
# nvalues = 402                         
# units = specified
# name 0 = scan: Scan Count
# name 1 = timeS: Time, Elapsed [seconds]
# name 2 = prDM: Pressure, Digiquartz [db]
# name 3 = longitude: Longitude [deg]
# name 4 = latitude: Latitude [deg]
# name 5 = depSM: Depth [salt water, m]
# name 6 = t090C: Temperature [ITS-90, deg C]
# name 7 = t190C: Temperature, 2 [ITS-90, deg C]
# name 8 = c0uS/cm: Conductivity [uS/cm]
# name 9 = c1S/m: Conductivity, 2 [S/m]
# name 10 = flECO-AFL: Fluorescence, WET Labs ECO-AFL/FL [mg/m^3]
# name 11 = CStarAt0: Beam Attenuation, WET Labs C-Star [1/m]
# name 12 = CStarTr0: Beam Transmission, WET Labs C-Star [%]
# name 13 = par: PAR/Irradiance, Biospherical/Licor
# name 14 = modError: Modulo Error Count
# name 15 = v0: Voltage 0
# name 16 = v1: Voltage 1
# name 17 = v2: Voltage 2
# name 18 = v3: Voltage 3
# name 19 = v4: Voltage 4
# name 20 = v5: Voltage 5
# name 21 = v6: Voltage 6
# name 22 = v7: Voltage 7
# name 23 = sbeox0V: Oxygen raw, SBE 43 [V]
# name 24 = sbeox1V: Oxygen raw, SBE 43, 2 [V]
# name 25 = sal00: Salinity, Practical [PSU]
# name 26 = sal11: Salinity, Practical, 2 [PSU]
# name 27 = sigma-é00: Density [sigma-theta, kg/m^3]
# name 28 = sigma-é11: Density, 2 [sigma-theta, kg/m^3]
# name 29 = sbeox0Mm/L: Oxygen, SBE 43 [umol/l], WS = 2
# name 30 = sbeox1Mm/L: Oxygen, SBE 43, 2 [umol/l], WS = 2
# name 31 = sbeox0PS: Oxygen, SBE 43 [% saturation], WS = 2
# name 32 = sbeox1PS: Oxygen, SBE 43, 2 [% saturation], WS = 2
# name 33 = flag: flag
# span 0 =         -2,      19347       
# span 1 =     -0.109,    806.100       
# span 2 =      1.006,    404.794       
# span 3 = -106.77984, -106.77980       
# span 4 =   16.76256,   16.76262       
# span 5 =      1.000,    402.000       
# span 6 =     8.9309,    29.5847       
# span 7 =     8.9083,    29.5441       
# span 8 = 3.6882e+04, 5.7292e+04       
# span 9 =   3.693584,   5.737224       
# span 10 =     0.0601,     1.4117      
# span 11 =     0.0153,     0.1091      
# span 12 =    97.3090,    99.6180      
# span 13 = -1.006e-06, 5.3044e+00      
# span 14 =          0,          0      
# span 15 =     0.5031,     2.4913      
# span 16 =     0.5133,     2.4705      
# span 17 =     0.0570,     0.1922      
# span 18 =     0.1145,     0.1174      
# span 19 =     4.5269,     4.6342      
# span 20 =     0.0000,     0.0000      
# span 21 =     0.0085,     1.7463      
# span 22 =     0.0000,     0.0000      
# span 23 =     0.5024,     2.4926      
# span 24 =     0.5126,     2.4698      
# span 25 =    34.2807,    34.7831      
# span 26 =    34.3919,    34.8745      
# span 27 =    21.5494,    26.8230      
# span 28 =    21.6261,    26.8880      
# span 29 =      0.759,    229.166      
# span 30 =      0.963,    240.392      
# span 31 =      0.266,    106.495      
# span 32 =      0.333,    111.322      
# span 33 = 0.0000e+00, 0.0000e+00      
# interval = meters: 1                  
# start_time = Oct 09 2019 11:32:25 [NMEA time, first data scan]
# bad_flag = -9.990e-29
*END*
[from data line 214]
      10723    446.743    216.396 -106.77982   16.76258    215.000    12.0884    12.0576 3.9943e+04   3.999648     0.0660     0.0319    99.2070 1.3490e-04          0     0.5043     0.5160     0.0576     0.1148     4.6151     0.0000     0.0094     0.0000     0.5034     0.5151    34.7684    34.8493    26.3977    26.4664      1.006      1.261      0.373      0.467 0.0000e+00
      10805    450.151    217.403 -106.77982   16.76258    216.000    12.0809    12.0523 3.9936e+04   3.999330     0.0634     0.0317    99.2117 1.1848e-04          0     0.5043     0.5158     0.0573     0.1148     4.6153     0.0000     0.0093     0.0000     0.5034     0.5152    34.7687    34.8507    26.3994    26.4686      1.011      1.268      0.374      0.469 0.0000e+00
      10827    451.090    218.410 -106.77982   16.76258    217.000    12.0652    12.0338 3.9921e+04   3.997603     0.0639     0.0316    99.2134 1.1605e-04          0     0.5043     0.5158     0.0574     0.1149     4.6154     0.0000     0.0092     0.0000     0.5034     0.5151    34.7683    34.8508    26.4021    26.4722      0.995      1.183      0.368      0.438 0.0000e+00
      10849    451.983    219.417 -106.77982   16.76258    218.000    12.0538    12.0230 3.9910e+04   3.996446     0.0623     0.0316    99.2121 8.7662e-05          0     0.5043     0.5161     0.0572     0.1149     4.6153     0.0000     0.0091     0.0000     0.5034     0.5148    34.7676    34.8492    26.4038    26.4730      1.008      1.174      0.373      0.434 0.0000e+00
      10872    452.940    220.424 -106.77982   16.76258    219.000    12.0530    12.0225 3.9910e+04   3.996385     0.0639     0.0311    99.2246 1.1341e-04          0     0.5043     0.5160     0.0574     0.1148     4.6159     0.0000     0.0092     0.0000     0.5034     0.5149    34.7677    34.8486    26.4041    26.4727      1.008      1.261      0.373      0.466 0.0000e+00
      10898    454.049    221.431 -106.77982   16.76258    220.000    12.0505    12.0186 3.9908e+04   3.996100     0.0635     0.0309    99.2294 1.1224e-04          0     0.5043     0.5160     0.0574     0.1148     4.6161     0.0000     0.0092     0.0000     0.5034     0.5149    34.7675    34.8491    26.4044    26.4738      1.008      1.194      0.373      0.442 0.0000e+00
      10929    455.317    222.438 -106.77982   16.76258    221.000    12.0406    12.0096 3.9898e+04   3.995210     0.0732     0.0313    99.2202 1.0504e-04          0     0.5043     0.5157     0.0583     0.1148     4.6157     0.0000     0.0092     0.0000     0.5034     0.5148    34.7670    34.8483    26.4059    26.4750      1.008      1.242      0.373      0.459 0.0000e+00
      10962    456.694    223.445 -106.77982   16.76258    222.000    12.0373    12.0061 3.9895e+04   3.994918     0.0635     0.0310    99.2272 1.0766e-04          0     0.5043     0.5158     0.0574     0.1148     4.6160     0.0000     0.0092     0.0000     0.5034     0.5148    34.7668    34.8483    26.4064    26.4757      1.028      1.182      0.380      0.437 0.0000e+00
      10996    458.138    224.452 -106.77982   16.76258    223.000    12.0237    11.9929 3.9882e+04   3.993685     0.0639     0.0316    99.2143 9.8929e-05          0     0.5043     0.5157     0.0574     0.1148     4.6154     0.0000     0.0091     0.0000     0.5035     0.5148    34.7664    34.8482    26.4087    26.4781      1.037      1.270      0.384      0.469 0.0000e+00
      11035    459.745    225.459 -106.77982   16.76258    224.000    12.0124    11.9816 3.9871e+04   3.992569     0.0639     0.0310    99.2281 1.2164e-04          0     0.5043     0.5157     0.0574     0.1148     4.6161     0.0000     0.0093     0.0000     0.5035     0.5148    34.7657    34.8475    26.4103    26.4797      1.024      1.179      0.379      0.436 0.0000e+00
      11080    461.616    226.466 -106.77982   16.76258    225.000    11.9886    11.9576 3.9848e+04   3.990335     0.0653     0.0313    99.2213 9.7992e-05          0     0.5043     0.5157     0.0575     0.1148     4.6158     0.0000     0.0091     0.0000     0.5035     0.5146    34.7652    34.8476    26.4145    26.4844      1.025      1.188      0.379      0.439 0.0000e+00
      11143    464.246    227.473 -106.77983   16.76258    226.000    11.9716    11.9410 3.9835e+04   3.988894     0.0662     0.0306    99.2369 1.0474e-04          0     0.5043     0.5156     0.0576     0.1148     4.6165     0.0000     0.0092     0.0000     0.5035     0.5147    34.7672    34.8487    26.4193    26.4885      1.026      1.221      0.379      0.451 0.0000e+00
      11196    466.468    228.481 -106.77984   16.76258    227.000    11.9605    11.9300 3.9825e+04   3.987868     0.0638     0.0305    99.2396 4.4005e-05          0     0.5043     0.5156     0.0574     0.1156     4.6166     0.0000     0.0088     0.0000     0.5035     0.5149    34.7673    34.8484    26.4215    26.4904      1.026      1.208      0.379      0.446 0.0000e+00
      11222    467.546    229.488 -106.77984   16.76258    228.000    11.9518    11.9209 3.9817e+04   3.987112     0.0674     0.0305    99.2395 5.8144e-05          0     0.5043     0.5156     0.0577     0.1164     4.6166     0.0000     0.0089     0.0000     0.5035     0.5149    34.7673    34.8491    26.4232    26.4927      1.026      1.264      0.379      0.467 0.0000e+00
      11241    468.334    230.495 -106.77984   16.76258    229.000    11.9421    11.9112 3.9808e+04   3.986258     0.0761     0.0305    99.2395 7.1777e-05          0     0.5043     0.5153     0.0586     0.1148     4.6166     0.0000     0.0090     0.0000     0.5035     0.5148    34.7670    34.8494    26.4249    26.4948      1.027      1.189      0.379      0.439 0.0000e+00
      11257    469.015    231.502 -106.77984   16.76258    230.000    11.9324    11.9012 3.9799e+04   3.985370     0.0640     0.0303    99.2460 7.6216e-05          0     0.5043     0.5159     0.0574     0.1148     4.6169     0.0000     0.0090     0.0000     0.5035     0.5147    34.7667    34.8496    26.4265    26.4968      1.027      1.224      0.379      0.452 0.0000e+00
      11273    469.683    232.509 -106.77984   16.76258    231.000    11.9190    11.8880 3.9786e+04   3.984152     0.0639     0.0301    99.2510 1.0150e-04          0     0.5043     0.5157     0.0574     0.1148     4.6171     0.0000     0.0091     0.0000     0.5035     0.5150    34.7668    34.8497    26.4291    26.4994      1.027      1.237      0.379      0.457 0.0000e+00
      11291    470.402    233.516 -106.77984   16.76258    232.000    11.9030    11.8711 3.9771e+04   3.982720     0.0639     0.0301    99.2492 9.6430e-05          0     0.5043     0.5155     0.0574     0.1149     4.6170     0.0000     0.0091     0.0000     0.5035     0.5146    34.7668    34.8510    26.4321    26.5037      1.028      1.137      0.379      0.419 0.0000e+00
      11314    471.384    234.523 -106.77984   16.76258    233.000    11.8729    11.8415 3.9742e+04   3.979816     0.0722     0.0298    99.2576 1.0698e-04          0     0.5043     0.5157     0.0582     0.1148     4.6174     0.0000     0.0092     0.0000     0.5035     0.5147    34.7658    34.8499    26.4371    26.5084      1.029      1.190      0.379      0.438 0.0000e+00
      11428    476.119    235.530 -106.77983   16.76258    234.000    11.8828    11.8603 3.9751e+04   3.981111     0.0601     0.0298    99.2578 7.7668e-05          0     0.5043     0.5155     0.0570     0.1148     4.6174     0.0000     0.0090     0.0000     0.5035     0.5149    34.7652    34.8446    26.4348    26.5008      1.018      1.252      0.375      0.461 0.0000e+00
      11477    478.172    236.537 -106.77984   16.76258    235.000    11.8221    11.8004 3.9690e+04   3.977127     0.0662     0.0297    99.2609 7.6298e-05          0     0.5043     0.5153     0.0576     0.1148     4.6176     0.0000     0.0090     0.0000     0.5035     0.5149    34.7617    34.8612    26.4436    26.5250      1.030      1.158      0.379      0.426 0.0000e+00
      11492    478.812    237.544 -106.77984   16.76258    236.000    11.7547    11.7234 3.9624e+04   3.968406     0.0758     0.0292    99.2741 9.4264e-05          0     0.5043     0.5156     0.0586     0.1148     4.6182     0.0000     0.0091     0.0000     0.5035     0.5147    34.7598    34.8475    26.4548    26.5289      1.032      1.214      0.379      0.446 0.0000e+00
      11507    479.412    238.552 -106.77984   16.76258    237.000    11.7364    11.7058 3.9606e+04   3.966360     0.0761     0.0284    99.2913 1.1530e-04          0     0.5043     0.5156     0.0586     0.1148     4.6190     0.0000     0.0092     0.0000     0.5035     0.5152    34.7586    34.8435    26.4573    26.5291      1.033      1.267      0.379      0.465 0.0000e+00
      11522    480.051    239.559 -106.77984   16.76258    238.000    11.7280    11.6975 3.9599e+04   3.965373     0.0761     0.0284    99.2920 1.2688e-04          0     0.5044     0.5157     0.0586     0.1149     4.6190     0.0000     0.0093     0.0000     0.5035     0.5146    34.7587    34.8412    26.4590    26.5289      1.033      1.124      0.379      0.413 0.0000e+00
      11542    480.872    240.566 -106.77984   16.76258    239.000    11.7157    11.6826 3.9587e+04   3.964152     0.0643     0.0284    99.2920 1.1063e-04          0     0.5043     0.5159     0.0574     0.1148     4.6190     0.0000     0.0092     0.0000     0.5035     0.5147    34.7579    34.8427    26.4607    26.5329      1.033      1.155      0.380      0.424 0.0000e+00
      11615    483.927    241.573 -106.77984   16.76258    240.000    11.7194    11.6807 3.9590e+04   3.963518     0.0633     0.0275    99.3141 1.1207e-04          0     0.5043     0.5155     0.0573     0.1149     4.6201     0.0000     0.0092     0.0000     0.5035     0.5146    34.7577    34.8378    26.4599    26.5294      1.033      1.194      0.380      0.438 0.0000e+00
      11682    486.690    242.580 -106.77983   16.76258    241.000    11.6802    11.6486 3.9552e+04   3.960954     0.0639     0.0274    99.3176 6.2818e-05          0     0.5043     0.5154     0.0574     0.1148     4.6203     0.0000     0.0089     0.0000     0.5035     0.5147    34.7567    34.8423    26.4665    26.5390      1.034      1.251      0.380      0.459 0.0000e+00
      11708    487.780    243.587 -106.77982   16.76257    242.000    11.6351    11.6040 3.9506e+04   3.956157     0.0639     0.0275    99.3147 5.5388e-05          0     0.5043     0.5155     0.0574     0.1148     4.6201     0.0000     0.0089     0.0000     0.5035     0.5145    34.7525    34.8366    26.4717    26.5429      1.036      1.123      0.380      0.412 0.0000e+00
      11728    488.645    244.594 -106.77982   16.76256    243.000    11.6164    11.5862 3.9487e+04   3.954364     0.0639     0.0274    99.3184 9.7255e-05          0     0.5043     0.5154     0.0574     0.1150     4.6203     0.0000     0.0091     0.0000     0.5035     0.5146    34.7513    34.8353    26.4742    26.5452      1.036      1.187      0.380      0.435 0.0000e+00
      11747    489.410    245.601 -106.77982   16.76256    244.000    11.6066    11.5765 3.9477e+04   3.953256     0.0639     0.0274    99.3183 9.6319e-05          0     0.5043     0.5153     0.0574     0.1172     4.6203     0.0000     0.0091     0.0000     0.5035     0.5145    34.7507    34.8330    26.4756    26.5453      1.037      1.184      0.380      0.434 0.0000e+00
      11766    490.207    246.609 -106.77982   16.76256    245.000    11.6039    11.5737 3.9476e+04   3.952954     0.0639     0.0274    99.3183 6.9269e-05          0     0.5043     0.5155     0.0574     0.1154     4.6203     0.0000     0.0089     0.0000     0.5035     0.5145    34.7509    34.8323    26.4763    26.5453      1.037      1.183      0.380      0.433 0.0000e+00
      11792    491.288    247.616 -106.77982   16.76258    246.000    11.6005    11.5699 3.9472e+04   3.952615     0.0632     0.0278    99.3080 6.2097e-05          0     0.5043     0.5154     0.0573     0.1148     4.6198     0.0000     0.0089     0.0000     0.5035     0.5145    34.7503    34.8320    26.4765    26.5458      1.037      1.164      0.380      0.427 0.0000e+00
      11883    495.088    248.623 -106.77982   16.76258    247.000    11.6065    11.5760 3.9479e+04   3.953198     0.0635     0.0277    99.3109 3.3722e-05          0     0.5043     0.5153     0.0574     0.1149     4.6199     0.0000     0.0087     0.0000     0.5035     0.5147    34.7512    34.8316    26.4761    26.5443      1.037      1.227      0.380      0.449 0.0000e+00
      11928    496.970    249.630 -106.77982   16.76258    248.000    11.5922    11.5625 3.9465e+04   3.952071     0.0639     0.0274    99.3185 4.8980e-05          0     0.5043     0.5153     0.0574     0.1149     4.6203     0.0000     0.0088     0.0000     0.5035     0.5145    34.7501    34.8328    26.4779    26.5478      1.038      1.160      0.380      0.425 0.0000e+00
      11949    497.852    250.637 -106.77982   16.76256    249.000    11.5883    11.5572 3.9462e+04   3.951568     0.0639     0.0274    99.3183 5.3608e-05          0     0.5043     0.5155     0.0574     0.1151     4.6203     0.0000     0.0088     0.0000     0.5035     0.5145    34.7507    34.8324    26.4792    26.5485      1.038      1.207      0.380      0.442 0.0000e+00
      11968    498.643    251.644 -106.77982   16.76256    250.000    11.5841    11.5536 3.9459e+04   3.951178     0.0639     0.0274    99.3183 3.0568e-05          0     0.5043     0.5155     0.0574     0.1165     4.6203     0.0000     0.0087     0.0000     0.5035     0.5146    34.7506    34.8314    26.4799    26.5484      1.038      1.228      0.380      0.450 0.0000e+00
      11989    499.480    252.652 -106.77982   16.76256    251.000    11.5815    11.5508 3.9456e+04   3.950961     0.0639     0.0274    99.3171 4.8001e-05          0     0.5043     0.5154     0.0574     0.1162     4.6202     0.0000     0.0088     0.0000     0.5035     0.5147    34.7505    34.8315    26.4803    26.5490      1.038      1.191      0.380      0.436 0.0000e+00
      12018    500.699    253.659 -106.77982   16.76256    252.000    11.5700    11.5395 3.9446e+04   3.949938     0.0703     0.0273    99.3218 8.1736e-05          0     0.5043     0.5153     0.0580     0.1150     4.6205     0.0000     0.0090     0.0000     0.5035     0.5145    34.7503    34.8316    26.4823    26.5512      1.039      1.173      0.380      0.429 0.0000e+00
      12080    503.286    254.666 -106.77982   16.76256    253.000    11.5585    11.5288 3.9435e+04   3.948865     0.0626     0.0267    99.3347 1.4576e-05          0     0.5043     0.5154     0.0573     0.1149     4.6211     0.0000     0.0086     0.0000     0.5035     0.5145    34.7498    34.8307    26.4841    26.5525      1.031      1.172      0.377      0.429 0.0000e+00
      12120    504.960    255.673 -106.77982   16.76256    254.000    11.5492    11.5189 3.9426e+04   3.947933     0.0635     0.0266    99.3371 5.1796e-05          0     0.5043     0.5153     0.0574     0.1161     4.6212     0.0000     0.0088     0.0000     0.5035     0.5144    34.7490    34.8303    26.4852    26.5541      1.034      1.124      0.378      0.411 0.0000e+00
      12146    506.049    256.681 -106.77982   16.76256    255.000    11.5480    11.5180 3.9425e+04   3.947838     0.0639     0.0266    99.3364 2.2773e-05          0     0.5043     0.5153     0.0574     0.1158     4.6211     0.0000     0.0086     0.0000     0.5035     0.5144    34.7487    34.8298    26.4853    26.5539      1.051      1.198      0.384      0.438 0.0000e+00
      12174    507.228    257.688 -106.77982   16.76256    256.000    11.5426    11.5123 3.9420e+04   3.947358     0.0715     0.0266    99.3363 2.5415e-05          0     0.5043     0.5153     0.0581     0.1149     4.6211     0.0000     0.0087     0.0000     0.5035     0.5145    34.7484    34.8300    26.4861    26.5552      1.040      1.211      0.380      0.443 0.0000e+00
