data/ctd-cnv/KM1919/KM1919-St20-P2/St20_P2_cast31-align-cellTM-derive-bin.cnv
* Sea-Bird SBE 9 Data File:
* FileName = C:\Users\otg\Desktop\CTD Data\km1920\St20_P2_cast31.hex
* Software Version Seasave V 7.26.7.107
* Temperature SN = 5554
* Conductivity SN = 3876
* Number of Bytes Per Scan = 41
* Number of Voltage Words = 4
* Number of Scans Averaged by the Deck Unit = 1
* NMEA Latitude = 16 47.03 N
* NMEA Longitude = 106 50.94 W
* NMEA UTC (Time) = Oct 05 2019  13:59:49
* NMEA baud rate = 4800
** Ship: Kilo Moana
** Station: St20_P2cast 31
** Operator: gr
** NK deep metabolomics
# nquan = 34
# nvalues = 1001                        
# units = specified
# name 0 = scan: Scan Count
# name 1 = timeS: Time, Elapsed [seconds]
# name 2 = prDM: Pressure, Digiquartz [db]
# name 3 = longitude: Longitude [deg]
# name 4 = latitude: Latitude [deg]
# name 5 = depSMignore: Depth [salt water, m]
# name 6 = t090C: Temperature [ITS-90, deg C]
# name 7 = t190C: Temperature, 2 [ITS-90, deg C]
# name 8 = c0uS/cm: Conductivity [uS/cm]
# name 9 = c1S/m: Conductivity, 2 [S/m]
# name 10 = flECO-AFL: Fluorescence, WET Labs ECO-AFL/FL [mg/m^3]
# name 11 = CStarAt0: Beam Attenuation, WET Labs C-Star [1/m]
# name 12 = CStarTr0: Beam Transmission, WET Labs C-Star [%]
# name 13 = par: PAR/Irradiance, Biospherical/Licor
# name 14 = modError: Modulo Error Count
# name 15 = v0: Voltage 0
# name 16 = v1: Voltage 1
# name 17 = v2: Voltage 2
# name 18 = v3: Voltage 3
# name 19 = v4: Voltage 4
# name 20 = v5: Voltage 5
# name 21 = v6: Voltage 6
# name 22 = v7: Voltage 7
# name 23 = sbeox0V: Oxygen raw, SBE 43 [V]
# name 24 = sbeox1V: Oxygen raw, SBE 43, 2 [V]
# name 25 = sal00: Salinity, Practical [PSU]
# name 26 = sal11: Salinity, Practical, 2 [PSU]
# name 27 = sigma-é00: Density [sigma-theta, kg/m^3]
# name 28 = sigma-é11: Density, 2 [sigma-theta, kg/m^3]
# name 29 = sbeox0Mm/L: Oxygen, SBE 43 [umol/l], WS = 2
# name 30 = sbeox1Mm/L: Oxygen, SBE 43, 2 [umol/l], WS = 2
# name 31 = sbeox0PS: Oxygen, SBE 43 [% saturation], WS = 2
# name 32 = sbeox1PS: Oxygen, SBE 43, 2 [% saturation], WS = 2
# name 33 = flag: flag
# span 0 =        348,      28317       
# span 1 =     14.447,   1179.823       
# span 2 =      3.018,   1011.442       
# span 3 = -106.84890, -106.84886       
# span 4 =   16.78390,   16.78398       
# span 5 =      3.000,   1003.000       
# span 6 =     4.4747,    29.4288       
# span 7 =     4.4499,    29.3851       
# span 8 = 3.3050e+04, 5.7130e+04       
# span 9 =   3.309377,   5.720871       
# span 10 =     0.0428,     1.4346      
# span 11 =     0.0020,     0.1027      
# span 12 =    97.4654,    99.9506      
# span 13 = -3.149e-05, 3.0294e+02      
# span 14 =          0,          0      
# span 15 =     0.5031,     2.4925      
# span 16 =     0.5101,     2.4734      
# span 17 =     0.0552,     0.1945      
# span 18 =     0.1152,     0.1221      
# span 19 =     4.5341,     4.6497      
# span 20 =     0.0000,     0.0000      
# span 21 =     0.0082,     3.4842      
# span 22 =     0.0000,     0.0000      
# span 23 =     0.5024,     2.4901      
# span 24 =     0.5108,     2.4699      
# span 25 =    34.4109,    34.7863      
# span 26 =    34.5124,    34.8743      
# span 27 =    21.5986,    27.3899      
# span 28 =    21.6760,    27.4538      
# span 29 =      0.867,    221.520      
# span 30 =      0.072,    232.304      
# span 31 =      0.280,    106.496      
# span 32 =      0.023,    111.303      
# span 33 = 0.0000e+00, 0.0000e+00      
# interval = meters: 1                  
# start_time = Oct 05 2019 14:03:00 [NMEA time, first data scan]
# bad_flag = -9.990e-29
*END*
[from data line 939]
      26641   1109.990    949.789 -106.84888   16.78394    942.000     4.7374     4.7121 3.3252e+04   3.329750     0.0769     0.0063    99.8433 6.3493e-04          0     0.5233     0.5326     0.0587     0.1204     4.6447     0.0000     0.0113     0.0000     0.5234     0.5327    34.5483    34.6266    27.3557    27.4207      5.416      5.600      1.699      1.756 0.0000e+00
      26655   1110.603    950.799 -106.84888   16.78394    943.000     4.7330     4.7078 3.3249e+04   3.329395     0.0639     0.0063    99.8433 3.0710e-03          0     0.5235     0.5322     0.0574     0.1219     4.6447     0.0000     0.0219     0.0000     0.5235     0.5328    34.5483    34.6264    27.3562    27.4210      5.834      5.523      1.830      1.732 0.0000e+00
      26701   1112.500    951.810 -106.84888   16.78394    944.000     4.7287     4.7033 3.3246e+04   3.328984     0.0588     0.0063    99.8433 9.2398e-04          0     0.5238     0.5328     0.0569     0.1208     4.6447     0.0000     0.0125     0.0000     0.5244     0.5335    34.5484    34.6257    27.3568    27.4210      5.784      5.674      1.813      1.779 0.0000e+00
      26781   1115.835    952.821 -106.84888   16.78394    945.000     4.7259     4.6974 3.3244e+04   3.328606     0.0645     0.0070    99.8239 4.1735e-04          0     0.5251     0.5338     0.0575     0.1197     4.6438     0.0000     0.0103     0.0000     0.5248     0.5335    34.5487    34.6270    27.3573    27.4226      5.790      5.273      1.815      1.653 0.0000e+00
      26801   1116.654    953.831 -106.84888   16.78394    946.000     4.7106     4.6857 3.3231e+04   3.327610     0.0762     0.0064    99.8408 6.9592e-05          0     0.5250     0.5340     0.0586     0.1198     4.6446     0.0000     0.0089     0.0000     0.5251     0.5339    34.5488    34.6271    27.3591    27.4240      6.094      5.988      1.910      1.877 0.0000e+00
      26817   1117.349    954.842 -106.84888   16.78394    947.000     4.7073     4.6820 3.3228e+04   3.327300     0.0787     0.0067    99.8340 6.4740e-04          0     0.5250     0.5346     0.0589     0.1198     4.6443     0.0000     0.0115     0.0000     0.5255     0.5344    34.5488    34.6268    27.3595    27.4242      6.193      5.956      1.941      1.867 0.0000e+00
      26831   1117.927    955.853 -106.84888   16.78394    948.000     4.7042     4.6791 3.3226e+04   3.327060     0.0636     0.0065    99.8373 3.6677e-04          0     0.5250     0.5339     0.0574     0.1198     4.6444     0.0000     0.0102     0.0000     0.5258     0.5346    34.5488    34.6265    27.3598    27.4243      6.171      5.932      1.934      1.859 0.0000e+00
      26844   1118.473    956.863 -106.84889   16.78394    949.000     4.6944     4.6684 3.3218e+04   3.326334     0.0639     0.0065    99.8377 9.8801e-04          0     0.5250     0.5350     0.0574     0.1197     4.6444     0.0000     0.0129     0.0000     0.5259     0.5344    34.5489    34.6287    27.3610    27.4272      6.021      5.812      1.886      1.821 0.0000e+00
      26857   1119.013    957.874 -106.84890   16.78394    950.000     4.6863     4.6612 3.3211e+04   3.325619     0.0639     0.0063    99.8432 1.4949e-05          0     0.5251     0.5337     0.0574     0.1199     4.6447     0.0000     0.0085     0.0000     0.5259     0.5349    34.5495    34.6273    27.3624    27.4270      6.076      5.840      1.903      1.829 0.0000e+00
      26871   1119.589    958.884 -106.84890   16.78394    951.000     4.6833     4.6581 3.3209e+04   3.325379     0.0639     0.0063    99.8433 1.0000e-12          0     0.5251     0.5338     0.0574     0.1199     4.6447     0.0000     0.0085     0.0000     0.5262     0.5345    34.5494    34.6273    27.3627    27.4273      6.532      5.997      2.046      1.878 0.0000e+00
      26888   1120.290    959.895 -106.84890   16.78394    952.000     4.6766     4.6513 3.3204e+04   3.324851     0.0639     0.0063    99.8433 1.0000e-12          0     0.5256     0.5346     0.0574     0.1198     4.6447     0.0000     0.0083     0.0000     0.5268     0.5353    34.5495    34.6277    27.3635    27.4284      6.634      6.320      2.077      1.979 0.0000e+00
      26943   1122.598    960.905 -106.84888   16.78394    953.000     4.6750     4.6507 3.3202e+04   3.324726     0.0639     0.0074    99.8150 4.6969e-04          0     0.5265     0.5351     0.0574     0.1212     4.6434     0.0000     0.0106     0.0000     0.5272     0.5360    34.5494    34.6263    27.3636    27.4274      6.223      6.182      1.949      1.936 0.0000e+00
      27001   1125.008    961.916 -106.84888   16.78394    954.000     4.6635     4.6396 3.3193e+04   3.323940     0.0639     0.0063    99.8424 2.7228e-04          0     0.5276     0.5361     0.0574     0.1198     4.6447     0.0000     0.0097     0.0000     0.5280     0.5366    34.5499    34.6283    27.3652    27.4302      6.860      6.427      2.148      2.012 0.0000e+00
      27022   1125.890    962.927 -106.84888   16.78394    955.000     4.6597     4.6347 3.3190e+04   3.323498     0.0639     0.0064    99.8405 1.4712e-03          0     0.5275     0.5361     0.0574     0.1203     4.6446     0.0000     0.0151     0.0000     0.5284     0.5369    34.5500    34.6277    27.3658    27.4302      6.474      6.399      2.027      2.003 0.0000e+00
      27038   1126.537    963.937 -106.84888   16.78394    956.000     4.6503     4.6240 3.3183e+04   3.322817     0.0639     0.0065    99.8381 8.3387e-04          0     0.5277     0.5365     0.0574     0.1221     4.6445     0.0000     0.0122     0.0000     0.5284     0.5372    34.5505    34.6304    27.3672    27.4335      6.918      6.509      2.165      2.037 0.0000e+00
      27052   1127.133    964.948 -106.84888   16.78394    957.000     4.6238     4.5973 3.3159e+04   3.320578     0.0639     0.0073    99.8168 2.0509e-04          0     0.5276     0.5366     0.0574     0.1208     4.6435     0.0000     0.0095     0.0000     0.5291     0.5371    34.5498    34.6315    27.3696    27.4374      7.342      6.659      2.297      2.083 0.0000e+00
      27065   1127.676    965.959 -106.84888   16.78394    958.000     4.6099     4.5843 3.3147e+04   3.319327     0.0639     0.0068    99.8315 2.6543e-03          0     0.5281     0.5365     0.0574     0.1198     4.6442     0.0000     0.0201     0.0000     0.5296     0.5380    34.5504    34.6301    27.3716    27.4376      7.403      6.967      2.315      2.179 0.0000e+00
      27078   1128.216    966.969 -106.84888   16.78394    959.000     4.6066     4.5816 3.3145e+04   3.319028     0.0744     0.0063    99.8435 1.3378e-03          0     0.5281     0.5367     0.0584     0.1210     4.6447     0.0000     0.0141     0.0000     0.5296     0.5379    34.5508    34.6288    27.3723    27.4370      7.247      6.910      2.266      2.160 0.0000e+00
      27092   1128.778    967.980 -106.84888   16.78394    960.000     4.6038     4.5787 3.3143e+04   3.318827     0.0832     0.0064    99.8414 3.0877e-04          0     0.5287     0.5372     0.0593     0.1221     4.6446     0.0000     0.0100     0.0000     0.5304     0.5388    34.5507    34.6290    27.3725    27.4374      7.522      7.074      2.352      2.211 0.0000e+00
      27109   1129.496    968.991 -106.84888   16.78394    961.000     4.6015     4.5764 3.3141e+04   3.318647     0.0683     0.0063    99.8421 1.0469e-05          0     0.5287     0.5374     0.0578     0.1203     4.6446     0.0000     0.0084     0.0000     0.5308     0.5388    34.5505    34.6288    27.3726    27.4376      7.162      7.030      2.239      2.198 0.0000e+00
      27188   1132.800    970.001 -106.84888   16.78394    962.000     4.6015     4.5770 3.3142e+04   3.318666     0.0656     0.0069    99.8281 5.5744e-04          0     0.5307     0.5390     0.0576     0.1206     4.6440     0.0000     0.0110     0.0000     0.5315     0.5403    34.5512    34.6279    27.3732    27.4368      7.228      7.085      2.260      2.215 0.0000e+00
      27228   1134.458    971.012 -106.84890   16.78394    963.000     4.5933     4.5682 3.3136e+04   3.318036     0.0743     0.0063    99.8425 1.8191e-04          0     0.5313     0.5400     0.0584     0.1197     4.6447     0.0000     0.0093     0.0000     0.5320     0.5407    34.5515    34.6292    27.3743    27.4388      7.206      7.250      2.253      2.266 0.0000e+00
      27248   1135.283    972.022 -106.84890   16.78394    964.000     4.5874     4.5632 3.3131e+04   3.317642     0.0638     0.0064    99.8418 -2.623e-06          0     0.5316     0.5402     0.0574     0.1200     4.6446     0.0000     0.0085     0.0000     0.5321     0.5409    34.5517    34.6293    27.3751    27.4394      7.564      7.237      2.364      2.261 0.0000e+00
      27265   1135.993    973.033 -106.84890   16.78394    965.000     4.5857     4.5608 3.3130e+04   3.317453     0.0639     0.0064    99.8400 3.3816e-04          0     0.5318     0.5407     0.0574     0.1221     4.6445     0.0000     0.0101     0.0000     0.5327     0.5411    34.5516    34.6291    27.3752    27.4395      7.814      7.198      2.442      2.249 0.0000e+00
      27280   1136.631    974.044 -106.84890   16.78394    966.000     4.5833     4.5583 3.3128e+04   3.317311     0.0639     0.0068    99.8292 8.2913e-04          0     0.5322     0.5406     0.0574     0.1219     4.6441     0.0000     0.0120     0.0000     0.5328     0.5409    34.5518    34.6295    27.3757    27.4401      7.682      7.341      2.401      2.294 0.0000e+00
      27295   1137.252    975.054 -106.84890   16.78394    967.000     4.5799     4.5547 3.3126e+04   3.317042     0.0639     0.0064    99.8399 -3.149e-05          0     0.5322     0.5407     0.0574     0.1220     4.6445     0.0000     0.0084     0.0000     0.5333     0.5417    34.5517    34.6296    27.3759    27.4406      7.622      7.593      2.382      2.372 0.0000e+00
      27310   1137.879    976.065 -106.84890   16.78394    968.000     4.5774     4.5524 3.3124e+04   3.316871     0.0754     0.0064    99.8402 1.0000e-12          0     0.5324     0.5409     0.0585     0.1205     4.6446     0.0000     0.0085     0.0000     0.5333     0.5417    34.5518    34.6296    27.3763    27.4408      7.412      7.437      2.316      2.324 0.0000e+00
      27327   1138.579    977.076 -106.84890   16.78394    969.000     4.5750     4.5502 3.3122e+04   3.316716     0.0791     0.0063    99.8431 1.0000e-12          0     0.5325     0.5411     0.0589     0.1198     4.6447     0.0000     0.0085     0.0000     0.5333     0.5419    34.5518    34.6295    27.3766    27.4410      7.335      7.400      2.292      2.312 0.0000e+00
      27352   1139.607    978.086 -106.84890   16.78394    970.000     4.5715     4.5473 3.3120e+04   3.316486     0.0747     0.0069    99.8283 1.0419e-04          0     0.5330     0.5413     0.0585     0.1198     4.6440     0.0000     0.0090     0.0000     0.5334     0.5421    34.5518    34.6293    27.3770    27.4412      7.609      7.536      2.377      2.354 0.0000e+00
      27403   1141.759    979.097 -106.84890   16.78394    971.000     4.5706     4.5455 3.3119e+04   3.316372     0.0682     0.0065    99.8376 7.9301e-04          0     0.5337     0.5421     0.0578     0.1204     4.6444     0.0000     0.0120     0.0000     0.5342     0.5426    34.5516    34.6294    27.3769    27.4415      7.894      7.590      2.466      2.371 0.0000e+00
      27438   1143.225    980.108 -106.84890   16.78394    972.000     4.5611     4.5360 3.3112e+04   3.315640     0.0700     0.0072    99.8186 1.3594e-04          0     0.5336     0.5425     0.0580     0.1206     4.6436     0.0000     0.0089     0.0000     0.5345     0.5429    34.5521    34.6302    27.3784    27.4432      7.596      7.572      2.372      2.365 0.0000e+00
      27463   1144.250    981.119 -106.84890   16.78394    973.000     4.5563     4.5315 3.3108e+04   3.315271     0.0639     0.0073    99.8171 7.5094e-05          0     0.5342     0.5426     0.0574     0.1197     4.6435     0.0000     0.0089     0.0000     0.5345     0.5431    34.5524    34.6301    27.3791    27.4436      7.806      7.772      2.438      2.427 0.0000e+00
      27484   1145.145    982.129 -106.84890   16.78394    974.000     4.5545     4.5297 3.3107e+04   3.315142     0.0639     0.0071    99.8223 2.4284e-04          0     0.5344     0.5430     0.0574     0.1207     4.6437     0.0000     0.0097     0.0000     0.5350     0.5434    34.5525    34.6299    27.3794    27.4436      8.057      7.752      2.516      2.421 0.0000e+00
      27505   1146.011    983.140 -106.84890   16.78394    975.000     4.5541     4.5293 3.3107e+04   3.315141     0.0639     0.0070    99.8259 2.7196e-04          0     0.5348     0.5432     0.0574     0.1215     4.6439     0.0000     0.0098     0.0000     0.5350     0.5434    34.5524    34.6299    27.3794    27.4437      7.981      7.963      2.492      2.486 0.0000e+00
      27528   1146.938    984.151 -106.84890   16.78394    976.000     4.5532     4.5284 3.3106e+04   3.315101     0.0639     0.0073    99.8173 3.2515e-05          0     0.5348     0.5432     0.0574     0.1201     4.6435     0.0000     0.0087     0.0000     0.5355     0.5442    34.5522    34.6298    27.3793    27.4437      8.126      7.972      2.538      2.489 0.0000e+00
      27553   1147.980    985.161 -106.84890   16.78394    977.000     4.5527     4.5277 3.3106e+04   3.315080     0.0639     0.0080    99.7996 4.7641e-04          0     0.5348     0.5434     0.0574     0.1219     4.6426     0.0000     0.0106     0.0000     0.5357     0.5440    34.5521    34.6298    27.3794    27.4438      7.880      7.742      2.461      2.417 0.0000e+00
      27582   1149.215    986.172 -106.84890   16.78394    978.000     4.5521     4.5274 3.3107e+04   3.315084     0.0686     0.0073    99.8163 9.1178e-05          0     0.5354     0.5436     0.0579     0.1221     4.6435     0.0000     0.0090     0.0000     0.5357     0.5443    34.5532    34.6297    27.3803    27.4437      7.838      7.873      2.448      2.459 0.0000e+00
      27617   1150.667    987.183 -106.84890   16.78394    979.000     4.5514     4.5266 3.3107e+04   3.315069     0.0721     0.0073    99.8171 6.2824e-04          0     0.5359     0.5444     0.0582     0.1206     4.6435     0.0000     0.0112     0.0000     0.5357     0.5443    34.5533    34.6298    27.3804    27.4440      7.828      7.833      2.445      2.446 0.0000e+00
      27651   1152.100    988.194 -106.84890   16.78394    980.000     4.5492     4.5243 3.3105e+04   3.314925     0.0637     0.0073    99.8171 3.5852e-04          0     0.5360     0.5444     0.0574     0.1197     4.6435     0.0000     0.0102     0.0000     0.5357     0.5443    34.5534    34.6300    27.3808    27.4443      7.828      7.913      2.444      2.471 0.0000e+00
      27680   1153.306    989.205 -106.84890   16.78394    981.000     4.5457     4.5207 3.3103e+04   3.314686     0.0639     0.0073    99.8171 1.7850e-04          0     0.5360     0.5446     0.0574     0.1197     4.6435     0.0000     0.0093     0.0000     0.5357     0.5448    34.5534    34.6305    27.3812    27.4451      7.948      8.011      2.481      2.501 0.0000e+00
      27703   1154.251    990.215 -106.84890   16.78394    982.000     4.5390     4.5140 3.3097e+04   3.314155     0.0639     0.0073    99.8171 2.1009e-04          0     0.5360     0.5446     0.0574     0.1198     4.6435     0.0000     0.0095     0.0000     0.5359     0.5446    34.5525    34.6308    27.3812    27.4461      8.348      8.009      2.606      2.500 0.0000e+00
      27721   1155.014    991.226 -106.84890   16.78394    983.000     4.5352     4.5100 3.3094e+04   3.313849     0.0639     0.0073    99.8171 4.0099e-03          0     0.5360     0.5447     0.0574     0.1216     4.6435     0.0000     0.0252     0.0000     0.5365     0.5449    34.5528    34.6308    27.3819    27.4466      8.666      8.207      2.705      2.562 0.0000e+00
