data/ctd-cnv/KM1919/KM1919-St20-P2/St20_P2_cast58-align-cellTM-derive-bin.cnv
* Sea-Bird SBE 9 Data File:
* FileName = C:\Users\otg\Desktop\CTD Data\km1920\St20_P2_cast58.hex
* Software Version Seasave V 7.26.7.107
* Temperature SN = 5554
* Conductivity SN = 3876
* Number of Bytes Per Scan = 41
* Number of Voltage Words = 4
* Number of Scans Averaged by the Deck Unit = 1
* NMEA Latitude = 16 50.84 N
* NMEA Longitude = 106 50.88 W
* NMEA UTC (Time) = Oct 12 2019  10:28:01
* NMEA baud rate = 4800
** Ship: Kilo Moana
** Station: St20_P2 cast 58
** Operator: cf
** productivity
# nquan = 34
# nvalues = 201                         
# units = specified
# name 0 = scan: Scan Count
# name 1 = timeS: Time, Elapsed [seconds]
# name 2 = prDM: Pressure, Digiquartz [db]
# name 3 = longitude: Longitude [deg]
# name 4 = latitude: Latitude [deg]
# name 5 = depSM: Depth [salt water, m]
# name 6 = t090C: Temperature [ITS-90, deg C]
# name 7 = t190C: Temperature, 2 [ITS-90, deg C]
# name 8 = c0uS/cm: Conductivity [uS/cm]
# name 9 = c1S/m: Conductivity, 2 [S/m]
# name 10 = flECO-AFL: Fluorescence, WET Labs ECO-AFL/FL [mg/m^3]
# name 11 = CStarAt0: Beam Attenuation, WET Labs C-Star [1/m]
# name 12 = CStarTr0: Beam Transmission, WET Labs C-Star [%]
# name 13 = par: PAR/Irradiance, Biospherical/Licor
# name 14 = modError: Modulo Error Count
# name 15 = v0: Voltage 0
# name 16 = v1: Voltage 1
# name 17 = v2: Voltage 2
# name 18 = v3: Voltage 3
# name 19 = v4: Voltage 4
# name 20 = v5: Voltage 5
# name 21 = v6: Voltage 6
# name 22 = v7: Voltage 7
# name 23 = sbeox0V: Oxygen raw, SBE 43 [V]
# name 24 = sbeox1V: Oxygen raw, SBE 43, 2 [V]
# name 25 = sal00: Salinity, Practical [PSU]
# name 26 = sal11: Salinity, Practical, 2 [PSU]
# name 27 = sigma-é00: Density [sigma-theta, kg/m^3]
# name 28 = sigma-é11: Density, 2 [sigma-theta, kg/m^3]
# name 29 = sbeox0Mm/L: Oxygen, SBE 43 [umol/l], WS = 2
# name 30 = sbeox1Mm/L: Oxygen, SBE 43, 2 [umol/l], WS = 2
# name 31 = sbeox0PS: Oxygen, SBE 43 [% saturation], WS = 2
# name 32 = sbeox1PS: Oxygen, SBE 43, 2 [% saturation], WS = 2
# name 33 = flag: flag
# span 0 =        491,      10155       
# span 1 =     20.402,    423.086       
# span 2 =      3.018,    204.313       
# span 3 = -106.84804, -106.84794       
# span 4 =   16.84716,   16.84724       
# span 5 =      3.000,    203.000       
# span 6 =    12.0227,    28.8331       
# span 7 =    11.9950,    28.7920       
# span 8 = 3.9868e+04, 5.6269e+04       
# span 9 =   3.993004,   5.635639       
# span 10 =     0.0626,     1.5194      
# span 11 =     0.0464,     0.1250      
# span 12 =    96.9240,    98.8477      
# span 13 = 7.7618e-05, 3.5571e+00      
# span 14 =          0,          0      
# span 15 =     0.5049,     2.5142      
# span 16 =     0.5165,     2.4937      
# span 17 =     0.0573,     0.2030      
# span 18 =     0.1120,     0.1172      
# span 19 =     4.5089,     4.5984      
# span 20 =     0.0000,     0.0000      
# span 21 =     0.0090,     1.5589      
# span 22 =     0.0000,     0.0000      
# span 23 =     0.5037,     2.5125      
# span 24 =     0.5151,     2.4936      
# span 25 =    34.2765,    34.7816      
# span 26 =    34.3641,    34.8688      
# span 27 =    21.6053,    26.4049      
# span 28 =    21.6823,    26.4773      
# span 29 =      0.928,    229.533      
# span 30 =      1.262,    240.332      
# span 31 =      0.343,    107.646      
# span 32 =      0.469,    112.565      
# span 33 = 0.0000e+00, 0.0000e+00      
# interval = meters: 1                  
# start_time = Oct 12 2019 10:31:27 [NMEA time, first data scan]
# bad_flag = -9.990e-29
*END*
[from data line 43]
       3113    129.652     46.280 -106.84800   16.84722     46.000    24.3264    24.2862 5.1724e+04   5.180576     0.3074     0.1011    97.5053 2.7936e-03          0     2.4849     2.4714     0.0817     0.1161     4.5359     0.0000     0.0210     0.0000     2.4822     2.4634    34.5008    34.5936    23.1695    23.2517    228.229    239.034    106.320    111.336 0.0000e+00
       3176    132.287     47.286 -106.84800   16.84722     47.000    24.2058    24.1956 5.1591e+04   5.169874     0.3297     0.1009    97.5097 2.7438e-03          0     2.4817     2.4632     0.0840     0.1162     4.5361     0.0000     0.0208     0.0000     2.4812     2.4645    34.4941    34.5829    23.2004    23.2706    228.461    238.719    106.203    111.009 0.0000e+00
       3257    135.677     48.292 -106.84800   16.84722     48.000    24.1547    24.1141 5.1537e+04   5.161112     0.3268     0.1013    97.5004 2.7483e-03          0     2.4814     2.4652     0.0836     0.1158     4.5357     0.0000     0.0208     0.0000     2.4771     2.4584    34.4926    34.5798    23.2145    23.2925    227.674    238.321    105.744    110.666 0.0000e+00
       3300    137.442     49.298 -106.84800   16.84722     49.000    24.0883    24.0486 5.1465e+04   5.154503     0.3636     0.1004    97.5217 2.6694e-03          0     2.4803     2.4614     0.0874     0.1167     4.5367     0.0000     0.0205     0.0000     2.4689     2.4557    34.4893    34.5804    23.2317    23.3124    226.803    238.078    105.216    110.429 0.0000e+00
       3341    139.186     50.304 -106.84800   16.84722     50.000    23.8377    23.7976 5.1183e+04   5.127569     0.3617     0.1018    97.4876 2.4476e-03          0     2.4766     2.4584     0.0872     0.1158     4.5351     0.0000     0.0195     0.0000     2.4621     2.4476    34.4698    34.5715    23.2909    23.3797    227.300    238.144    104.979    109.976 0.0000e+00
       3401    141.683     51.311 -106.84800   16.84722     51.000    23.5435    23.5043 5.0860e+04   5.094668     0.4029     0.1030    97.4573 2.1589e-03          0     2.4659     2.4521     0.0913     0.1158     4.5337     0.0000     0.0182     0.0000     2.4560     2.4426    34.4532    34.5498    23.3646    23.4492    228.335    238.816    104.910    109.712 0.0000e+00
       3462    144.227     52.317 -106.84800   16.84722     52.000    23.2751    23.2397 5.0561e+04   5.064826     0.4151     0.1025    97.4707 1.8804e-03          0     2.4571     2.4458     0.0925     0.1164     4.5343     0.0000     0.0171     0.0000     2.4542     2.4365    34.4341    34.5285    23.4282    23.5100    229.533    239.656    104.958    109.578 0.0000e+00
       3508    146.138     53.323 -106.84800   16.84722     53.000    23.1695    23.1311 5.0445e+04   5.052350     0.4216     0.1026    97.4684 1.8893e-03          0     2.4550     2.4383     0.0932     0.1157     4.5342     0.0000     0.0171     0.0000     2.4509     2.4337    34.4274    34.5176    23.4537    23.5331    228.943    239.642    104.491    109.358 0.0000e+00
       3564    148.475     54.330 -106.84799   16.84721     54.000    23.0469    23.0096 5.0312e+04   5.039127     0.4500     0.1034    97.4474 1.8099e-03          0     2.4536     2.4359     0.0960     0.1158     4.5333     0.0000     0.0168     0.0000     2.4436     2.4340    34.4204    34.5110    23.4838    23.5632    229.099    240.332    104.334    109.435 0.0000e+00
       3620    150.792     55.336 -106.84798   16.84720     55.000    22.9477    22.9085 5.0204e+04   5.028114     0.4481     0.1033    97.4506 1.7190e-03          0     2.4463     2.4333     0.0958     0.1157     4.5334     0.0000     0.0164     0.0000     2.4415     2.4262    34.4148    34.5053    23.5081    23.5880    229.218    239.441    104.203    108.833 0.0000e+00
       3670    152.876     56.342 -106.84798   16.84720     56.000    22.8298    22.7893 5.0076e+04   5.015124     0.4556     0.1025    97.4697 1.6051e-03          0     2.4428     2.4323     0.0966     0.1158     4.5343     0.0000     0.0159     0.0000     2.4336     2.4207    34.4082    34.4986    23.5369    23.6170    228.296    239.253    103.565    108.516 0.0000e+00
       3722    155.036     57.348 -106.84798   16.84720     57.000    22.6296    22.5946 4.9858e+04   4.994447     0.4910     0.1023    97.4759 1.6063e-03          0     2.4395     2.4245     0.1001     0.1156     4.5346     0.0000     0.0159     0.0000     2.4278     2.4131    34.3968    34.4917    23.5854    23.6673    228.842    239.223    103.441    108.127 0.0000e+00
       3776    157.283     58.355 -106.84798   16.84720     58.000    22.4757    22.4349 4.9689e+04   4.976503     0.5084     0.1045    97.4204 1.5968e-03          0     2.4305     2.4173     0.1018     0.1158     4.5320     0.0000     0.0159     0.0000     2.4200     2.4083    34.3869    34.4782    23.6216    23.7024    228.701    239.620    103.092    107.993 0.0000e+00
       3838    159.857     59.361 -106.84798   16.84720     59.000    22.3584    22.3204 4.9563e+04   4.963634     0.5344     0.1005    97.5180 1.3956e-03          0     2.4228     2.4094     0.1044     0.1153     4.5365     0.0000     0.0150     0.0000     2.4140     2.4011    34.3810    34.4683    23.6502    23.7272    227.964    238.778    102.543    107.390 0.0000e+00
       3887    161.933     60.367 -106.84798   16.84720     60.000    22.2932    22.2522 4.9496e+04   4.957287     0.5471     0.0988    97.5589 1.3250e-03          0     2.4182     2.4061     0.1057     0.1156     4.5385     0.0000     0.0147     0.0000     2.3974     2.3853    34.3804    34.4725    23.6682    23.7497    224.996    236.072    101.091    106.047 0.0000e+00
       3940    164.137     61.373 -106.84798   16.84720     61.000    21.9581    21.9192 4.9131e+04   4.922382     0.5669     0.1002    97.5262 1.3241e-03          0     2.4093     2.3972     0.1077     0.1156     4.5369     0.0000     0.0147     0.0000     2.3770     2.3674    34.3592    34.4634    23.7459    23.8360    225.426    236.299    100.670    105.517 0.0000e+00
       3987    166.094     62.380 -106.84798   16.84718     62.000    21.7133    21.6755 4.8859e+04   4.893592     0.5828     0.1005    97.5180 1.3241e-03          0     2.3897     2.3780     0.1093     0.1155     4.5365     0.0000     0.0147     0.0000     2.3743     2.3631    34.3397    34.4306    23.7993    23.8788    226.729    237.463    100.800    105.557 0.0000e+00
       4055    168.926     63.386 -106.84796   16.84718     63.000    21.6119    21.5703 4.8747e+04   4.881798     0.6082     0.1010    97.5068 1.3166e-03          0     2.3745     2.3638     0.1118     0.1155     4.5360     0.0000     0.0147     0.0000     2.3674     2.3567    34.3321    34.4212    23.8215    23.9007    226.195    236.653    100.376    104.994 0.0000e+00
       4119    171.584     64.392 -106.84796   16.84718     64.000    21.4865    21.4470 4.8609e+04   4.868319     0.6252     0.0988    97.5602 1.2697e-03          0     2.3691     2.3606     0.1135     0.1155     4.5385     0.0000     0.0144     0.0000     2.3565     2.3505    34.3227    34.4127    23.8490    23.9283    224.723    236.377     99.493    104.634 0.0000e+00
       4152    172.977     65.398 -106.84796   16.84718     65.000    21.4104    21.3723 4.8529e+04   4.860298     0.5940     0.1004    97.5224 1.1586e-03          0     2.3664     2.3537     0.1104     0.1155     4.5367     0.0000     0.0139     0.0000     2.3504     2.3404    34.3191    34.4086    23.8671    23.9457    224.870    234.929     99.421    103.852 0.0000e+00
       4199    174.925     66.405 -106.84796   16.84718     66.000    21.3505    21.3140 4.8465e+04   4.853714     0.6550     0.1015    97.4950 1.1827e-03          0     2.3573     2.3501     0.1165     0.1154     4.5355     0.0000     0.0140     0.0000     2.3435     2.3340    34.3158    34.4026    23.8811    23.9572    224.185    234.982     99.009    103.763 0.0000e+00
       4257    177.348     67.411 -106.84796   16.84718     67.000    21.2827    21.2448 4.8391e+04   4.846612     0.7161     0.1014    97.4969 1.1670e-03          0     2.3473     2.3366     0.1226     0.1154     4.5355     0.0000     0.0140     0.0000     2.3338     2.3252    34.3109    34.4013    23.8960    23.9751    223.802    234.147     98.717    103.265 0.0000e+00
       4335    180.575     68.417 -106.84796   16.84718     68.000    21.1580    21.1112 4.8257e+04   4.831919     0.7547     0.1006    97.5156 1.0573e-03          0     2.3352     2.3263     0.1264     0.1150     4.5364     0.0000     0.0135     0.0000     2.3153     2.3102    34.3041    34.3911    23.9248    24.0038    219.313    231.642     96.517    101.909 0.0000e+00
       4385    182.657     69.424 -106.84796   16.84718     69.000    20.9753    20.9324 4.8068e+04   4.815037     0.7439     0.0995    97.5438 1.0521e-03          0     2.3302     2.3199     0.1254     0.1152     4.5377     0.0000     0.0134     0.0000     2.2755     2.2754    34.2989    34.3997    23.9705    24.0588    213.421    226.415     93.612     99.293 0.0000e+00
       4412    183.802     70.430 -106.84796   16.84718     70.000    20.7086    20.6627 4.7784e+04   4.787039     0.7325     0.1024    97.4728 1.0430e-03          0     2.3193     2.3151     0.1242     0.1151     4.5344     0.0000     0.0134     0.0000     2.2533     2.2550    34.2853    34.3922    24.0321    24.1257    214.026    225.315     93.416     98.325 0.0000e+00
       4470    186.197     71.436 -106.84796   16.84718     71.000    20.5606    20.5045 4.7625e+04   4.767723     0.9684     0.1140    97.1898 1.0428e-03          0     2.2780     2.2760     0.1478     0.1150     4.5213     0.0000     0.0134     0.0000     2.2458     2.2459    34.2765    34.3641    24.0649    24.1466    213.819    226.338     93.065     98.468 0.0000e+00
       4569    190.342     72.442 -106.84796   16.84718     72.000    20.2420    20.3518 4.7312e+04   4.756173     1.1751     0.1209    97.0224 1.0428e-03          0     2.2562     2.2463     0.1685     0.1151     4.5135     0.0000     0.0134     0.0000     2.1670     2.1829    34.2805    34.3942    24.1527    24.2101    203.559    215.347     88.091     93.445 0.0000e+00
       4602    191.727     73.449 -106.84796   16.84718     73.000    20.1408    20.1015 4.7216e+04   4.728367     1.3279     0.1199    97.0462 1.0428e-03          0     2.2191     2.2375     0.1838     0.1151     4.5146     0.0000     0.0134     0.0000     2.1525     2.1587    34.2845    34.3717    24.1826    24.2594    201.899    215.091     87.217     92.896 0.0000e+00
       4632    192.953     74.455 -106.84796   16.84718     74.000    20.1152    20.0776 4.7190e+04   4.725995     1.2963     0.1250    96.9240 1.0636e-03          0     2.1829     2.1999     0.1806     0.1151     4.5089     0.0000     0.0135     0.0000     2.1158     2.1343    34.2838    34.3715    24.1888    24.2656    193.492    209.564     83.546     90.470 0.0000e+00
       4660    194.132     75.462 -106.84796   16.84718     75.000    20.0320    19.9885 4.7110e+04   4.718915     1.2994     0.1201    97.0428 1.3167e-03          0     2.1663     2.1751     0.1809     0.1150     4.5144     0.0000     0.0147     0.0000     2.0862     2.0965    34.2859    34.3862    24.2123    24.3002    197.531    206.007     85.159     88.796 0.0000e+00
       4768    198.610     76.468 -106.84796   16.84718     76.000    19.9133    19.8629 4.6992e+04   4.704176     1.5194     0.1205    97.0311 1.3209e-03          0     2.1018     2.1050     0.2030     0.1152     4.5139     0.0000     0.0147     0.0000     2.0672     2.0754    34.2859    34.3679    24.2434    24.3191    189.732    205.077     81.603     88.176 0.0000e+00
       4827    201.072     77.474 -106.84796   16.84718     77.000    19.2815    19.2647 4.6366e+04   4.652463     1.4408     0.1151    97.1633 1.3242e-03          0     2.1248     2.1205     0.1951     0.1172     4.5201     0.0000     0.0147     0.0000     1.8880     1.9359    34.2883    34.4335    24.4088    24.5239    158.265    178.112     67.293     75.775 0.0000e+00
       4845    201.821     78.480 -106.84796   16.84718     78.000    19.0806    19.0416 4.6178e+04   4.625803     1.0510     0.1027    97.4651 1.3241e-03          0     2.1026     2.1125     0.1561     0.1149     4.5341     0.0000     0.0147     0.0000     1.8399     1.8868    34.2972    34.3962    24.4671    24.5526    156.248    174.093     66.193     73.744 0.0000e+00
       4866    202.723     79.487 -106.84796   16.84718     79.000    18.9499    18.9075 4.6055e+04   4.613441     0.9299     0.0948    97.6587 1.3241e-03          0     2.0311     2.0704     0.1440     0.1150     4.5431     0.0000     0.0147     0.0000     1.8024     1.8398    34.3023    34.4040    24.5043    24.5927    160.505    171.815     67.832     72.600 0.0000e+00
       4969    206.997     80.493 -106.84796   16.84718     80.000    19.0434    18.9567 4.6156e+04   4.616792     0.9906     0.0913    97.7422 1.2057e-03          0     1.8244     1.8517     0.1501     0.1148     4.5470     0.0000     0.0142     0.0000     1.8087     1.8187    34.3087    34.3907    24.4853    24.5701    161.049    174.796     68.161     73.921 0.0000e+00
       5053    210.516     81.500 -106.84796   16.84718     81.000    18.8763    18.8530 4.6014e+04   4.609984     0.9941     0.0919    97.7291 1.1628e-03          0     1.8773     1.8618     0.1504     0.1147     4.5463     0.0000     0.0140     0.0000     1.5472     1.6410    34.3288    34.4197    24.5432    24.6185     99.848    127.635     42.147     53.885 0.0000e+00
       5078    211.526     82.506 -106.84796   16.84718     82.000    18.7166    18.6701 4.5940e+04   4.602299     0.8235     0.0900    97.7756 1.0687e-03          0     1.8554     1.8467     0.1334     0.1148     4.5485     0.0000     0.0135     0.0000     1.4622     1.5249    34.3991    34.5074    24.6372    24.7317    109.907    121.690     46.271     51.223 0.0000e+00
       5103    212.593     83.512 -106.84796   16.84718     83.000    18.3100    18.2627 4.5548e+04   4.563670     0.7884     0.0860    97.8723 1.0529e-03          0     1.7551     1.8001     0.1298     0.1148     4.5530     0.0000     0.0134     0.0000     1.4374     1.4742    34.4081    34.5228    24.7457    24.8451    116.977    125.340     48.877     52.361 0.0000e+00
       5214    217.192     84.519 -106.84796   16.84717     84.000    18.4105    18.3608 4.5615e+04   4.566004     0.8149     0.0806    98.0037 1.0376e-03          0     1.3888     1.4331     0.1325     0.1148     4.5591     0.0000     0.0134     0.0000     1.4404     1.4398    34.3798    34.4597    24.6989    24.7725    123.448    128.195     51.668     53.636 0.0000e+00
       5277    219.831     85.525 -106.84796   16.84716     85.000    18.1272    18.1097 4.5340e+04   4.546302     0.7824     0.0840    97.9231 1.0428e-03          0     1.4640     1.4623     0.1292     0.1148     4.5554     0.0000     0.0134     0.0000     1.4109     1.4271    34.3843    34.5035    24.7728    24.8683    109.421    122.494     45.559     51.022 0.0000e+00
       5297    220.654     86.531 -106.84796   16.84716     86.000    17.9925    17.9558 4.5207e+04   4.528043     0.6665     0.0776    98.0807 1.0428e-03          0     1.4591     1.4614     0.1176     0.1148     4.5627     0.0000     0.0134     0.0000     1.3810     1.4073    34.3837    34.4775    24.8055    24.8864    105.435    117.955     43.787     48.980 0.0000e+00
       5317    221.488     87.538 -106.84796   16.84716     87.000    17.8849    17.8431 4.5108e+04   4.518307     0.6026     0.0764    98.1091 1.0296e-03          0     1.4480     1.4446     0.1113     0.1149     4.5640     0.0000     0.0133     0.0000     1.3570     1.3817    34.3896    34.4893    24.8364    24.9230    108.281    115.205     44.878     47.739 0.0000e+00
