data/ctd-cnv/KM1919/KM1919-St20-P2/St20_P2_cast59-align-cellTM-derive-bin.cnv
* Sea-Bird SBE 9 Data File:
* FileName = C:\Users\otg\Desktop\CTD Data\km1920\St20_P2_cast59.hex
* Software Version Seasave V 7.26.7.107
* Temperature SN = 5554
* Conductivity SN = 3876
* Number of Bytes Per Scan = 41
* Number of Voltage Words = 4
* Number of Scans Averaged by the Deck Unit = 1
* NMEA Latitude = 16 50.93 N
* NMEA Longitude = 106 51.19 W
* NMEA UTC (Time) = Oct 12 2019  13:09:45
* NMEA baud rate = 4800
** Ship: Kilo Moana
** Station: St20_P2 cast 59
** Operator: gr
# nquan = 34
# nvalues = 399                         
# units = specified
# name 0 = scan: Scan Count
# name 1 = timeS: Time, Elapsed [seconds]
# name 2 = prDM: Pressure, Digiquartz [db]
# name 3 = longitude: Longitude [deg]
# name 4 = latitude: Latitude [deg]
# name 5 = depSMignore: Depth [salt water, m]
# name 6 = t090C: Temperature [ITS-90, deg C]
# name 7 = t190C: Temperature, 2 [ITS-90, deg C]
# name 8 = c0uS/cm: Conductivity [uS/cm]
# name 9 = c1S/m: Conductivity, 2 [S/m]
# name 10 = flECO-AFL: Fluorescence, WET Labs ECO-AFL/FL [mg/m^3]
# name 11 = CStarAt0: Beam Attenuation, WET Labs C-Star [1/m]
# name 12 = CStarTr0: Beam Transmission, WET Labs C-Star [%]
# name 13 = par: PAR/Irradiance, Biospherical/Licor
# name 14 = modError: Modulo Error Count
# name 15 = v0: Voltage 0
# name 16 = v1: Voltage 1
# name 17 = v2: Voltage 2
# name 18 = v3: Voltage 3
# name 19 = v4: Voltage 4
# name 20 = v5: Voltage 5
# name 21 = v6: Voltage 6
# name 22 = v7: Voltage 7
# name 23 = sbeox0V: Oxygen raw, SBE 43 [V]
# name 24 = sbeox1V: Oxygen raw, SBE 43, 2 [V]
# name 25 = sal00: Salinity, Practical [PSU]
# name 26 = sal11: Salinity, Practical, 2 [PSU]
# name 27 = sigma-é00: Density [sigma-theta, kg/m^3]
# name 28 = sigma-é11: Density, 2 [sigma-theta, kg/m^3]
# name 29 = sbeox0Mm/L: Oxygen, SBE 43 [umol/l], WS = 2
# name 30 = sbeox1Mm/L: Oxygen, SBE 43, 2 [umol/l], WS = 2
# name 31 = sbeox0PS: Oxygen, SBE 43 [% saturation], WS = 2
# name 32 = sbeox1PS: Oxygen, SBE 43, 2 [% saturation], WS = 2
# name 33 = flag: flag
# span 0 =         14,      18487       
# span 1 =      0.548,    770.240       
# span 2 =      2.012,    402.780       
# span 3 = -106.85328, -106.85320       
# span 4 =   16.84874,   16.84884       
# span 5 =      2.000,    400.000       
# span 6 =     9.3223,    28.7672       
# span 7 =     9.2905,    28.7235       
# span 8 = 3.7262e+04, 5.6254e+04       
# span 9 =   3.730978,   5.633269       
# span 10 =     0.0475,     1.2433      
# span 11 =     0.0373,     0.1142      
# span 12 =    97.1854,    99.0708      
# span 13 = 6.1015e-05, 3.9860e+01      
# span 14 =          0,          0      
# span 15 =     0.5033,     2.5042      
# span 16 =     0.5137,     2.4952      
# span 17 =     0.0557,     0.1753      
# span 18 =     0.1127,     0.1187      
# span 19 =     4.5211,     4.6088      
# span 20 =     0.0000,     0.0000      
# span 21 =     0.0089,     2.6145      
# span 22 =     0.0000,     0.0000      
# span 23 =     0.5023,     2.5044      
# span 24 =     0.5129,     2.4885      
# span 25 =    34.2643,    34.7810      
# span 26 =    34.3597,    34.8697      
# span 27 =    21.6592,    26.7745      
# span 28 =    21.7402,    26.8419      
# span 29 =      0.717,    229.268      
# span 30 =      0.932,    240.618      
# span 31 =      0.252,    107.507      
# span 32 =      0.326,    112.362      
# span 33 = 0.0000e+00, 0.0000e+00      
# interval = meters: 1                  
# start_time = Oct 12 2019 13:13:30 [NMEA time, first data scan]
# bad_flag = -9.990e-29
*END*
[from data line 342]
      15550    647.865    346.344 -106.85326   16.84878    344.000    10.1117    10.0815 3.8014e+04   3.806738     0.0639     0.0403    98.9970 1.4914e-04          0     0.5041     0.5145     0.0574     0.1148     4.6053     0.0000     0.0095     0.0000     0.5029     0.5139    34.6568    34.7401    26.6718    26.7420      0.907      1.046      0.322      0.371 0.0000e+00
      15572    648.773    347.351 -106.85326   16.84878    345.000    10.0960    10.0667 3.7999e+04   3.805176     0.0639     0.0404    98.9950 1.5673e-04          0     0.5041     0.5146     0.0574     0.1147     4.6052     0.0000     0.0095     0.0000     0.5031     0.5136    34.6558    34.7379    26.6737    26.7429      1.099      1.036      0.390      0.367 0.0000e+00
      15595    649.758    348.359 -106.85326   16.84878    346.000    10.0878    10.0587 3.7991e+04   3.804362     0.0734     0.0401    99.0043 1.7765e-04          0     0.5041     0.5146     0.0583     0.1150     4.6056     0.0000     0.0096     0.0000     0.5032     0.5138    34.6553    34.7369    26.6747    26.7434      1.074      1.195      0.381      0.424 0.0000e+00
      15621    650.824    349.366 -106.85326   16.84878    347.000    10.0752    10.0462 3.7978e+04   3.803207     0.0637     0.0401    99.0033 1.8145e-04          0     0.5041     0.5149     0.0574     0.1150     4.6056     0.0000     0.0097     0.0000     0.5032     0.5138    34.6543    34.7365    26.6761    26.7453      1.001      1.092      0.355      0.387 0.0000e+00
      15654    652.206    350.374 -106.85326   16.84878    348.000    10.0692    10.0404 3.7974e+04   3.802555     0.0639     0.0401    99.0033 1.4207e-04          0     0.5039     0.5146     0.0574     0.1150     4.6056     0.0000     0.0094     0.0000     0.5030     0.5135    34.6545    34.7350    26.6773    26.7451      0.918      1.020      0.325      0.362 0.0000e+00
      15722    655.052    351.382 -106.85326   16.84878    349.000    10.0718    10.0438 3.7977e+04   3.802924     0.0722     0.0402    99.0000 1.7127e-04          0     0.5040     0.5145     0.0582     0.1146     4.6054     0.0000     0.0096     0.0000     0.5029     0.5137    34.6549    34.7351    26.6772    26.7446      1.079      1.170      0.382      0.415 0.0000e+00
      15769    656.988    352.390 -106.85326   16.84878    350.000    10.0603    10.0307 3.7966e+04   3.801815     0.0705     0.0402    99.0011 1.5186e-04          0     0.5036     0.5143     0.0580     0.1149     4.6055     0.0000     0.0095     0.0000     0.5032     0.5138    34.6547    34.7359    26.6790    26.7475      0.988      1.007      0.350      0.357 0.0000e+00
      15788    657.790    353.397 -106.85326   16.84878    351.000    10.0393    10.0090 3.7945e+04   3.799811     0.0722     0.0406    98.9909 1.9258e-04          0     0.5040     0.5144     0.0582     0.1151     4.6050     0.0000     0.0097     0.0000     0.5030     0.5136    34.6524    34.7359    26.6808    26.7512      1.035      1.119      0.366      0.396 0.0000e+00
      15807    658.576    354.405 -106.85326   16.84880    352.000    10.0216     9.9913 3.7928e+04   3.798012     0.0677     0.0401    99.0029 1.3430e-04          0     0.5038     0.5144     0.0578     0.1152     4.6056     0.0000     0.0094     0.0000     0.5032     0.5138    34.6517    34.7339    26.6833    26.7527      1.103      1.133      0.390      0.401 0.0000e+00
      15828    659.463    355.413 -106.85326   16.84880    353.000    10.0046     9.9749 3.7912e+04   3.796467     0.0625     0.0401    99.0033 1.7497e-04          0     0.5040     0.5148     0.0573     0.1150     4.6056     0.0000     0.0096     0.0000     0.5032     0.5137    34.6508    34.7335    26.6856    26.7552      1.080      1.107      0.382      0.392 0.0000e+00
      15858    660.722    356.420 -106.85326   16.84880    354.000     9.9775     9.9481 3.7884e+04   3.793800     0.0663     0.0395    99.0167 1.8258e-04          0     0.5040     0.5145     0.0576     0.1147     4.6062     0.0000     0.0097     0.0000     0.5032     0.5137    34.6487    34.7315    26.6885    26.7582      1.016      1.123      0.359      0.397 0.0000e+00
      15908    662.772    357.428 -106.85326   16.84880    355.000     9.9364     9.9058 3.7844e+04   3.789864     0.0699     0.0399    99.0090 1.5276e-04          0     0.5041     0.5146     0.0580     0.1148     4.6059     0.0000     0.0095     0.0000     0.5031     0.5139    34.6465    34.7315    26.6938    26.7654      0.972      1.170      0.343      0.413 0.0000e+00
      15941    664.167    358.436 -106.85326   16.84880    356.000     9.8767     9.8475 3.7787e+04   3.783994     0.0714     0.0393    99.0226 1.8023e-04          0     0.5041     0.5146     0.0581     0.1150     4.6065     0.0000     0.0097     0.0000     0.5030     0.5138    34.6444    34.7270    26.7022    26.7717      0.970      1.026      0.342      0.362 0.0000e+00
      15968    665.275    359.444 -106.85326   16.84880    357.000     9.8613     9.8342 3.7772e+04   3.782714     0.0716     0.0390    99.0297 1.5766e-04          0     0.5040     0.5147     0.0582     0.1149     4.6068     0.0000     0.0095     0.0000     0.5027     0.5137    34.6437    34.7262    26.7043    26.7733      0.923      1.189      0.326      0.419 0.0000e+00
      15996    666.477    360.451 -106.85326   16.84880    358.000     9.8520     9.8232 3.7764e+04   3.781619     0.0742     0.0397    99.0132 1.4409e-04          0     0.5040     0.5147     0.0584     0.1146     4.6061     0.0000     0.0094     0.0000     0.5028     0.5136    34.6438    34.7251    26.7059    26.7743      0.991      1.072      0.349      0.378 0.0000e+00
      16030    667.856    361.459 -106.85326   16.84880    359.000     9.8464     9.8174 3.7759e+04   3.781072     0.0723     0.0393    99.0226 1.5097e-04          0     0.5038     0.5144     0.0582     0.1146     4.6065     0.0000     0.0095     0.0000     0.5029     0.5138    34.6437    34.7246    26.7068    26.7749      0.982      1.091      0.346      0.384 0.0000e+00
      16065    669.324    362.467 -106.85326   16.84880    360.000     9.8454     9.8167 3.7759e+04   3.781020     0.0809     0.0391    99.0263 1.7300e-04          0     0.5037     0.5147     0.0591     0.1149     4.6067     0.0000     0.0096     0.0000     0.5028     0.5136    34.6440    34.7243    26.7072    26.7749      1.053      1.092      0.371      0.385 0.0000e+00
      16099    670.737    363.474 -106.85326   16.84880    361.000     9.8451     9.8165 3.7759e+04   3.781058     0.0725     0.0392    99.0245 1.7501e-04          0     0.5038     0.5146     0.0582     0.1149     4.6066     0.0000     0.0096     0.0000     0.5029     0.5135    34.6439    34.7244    26.7073    26.7750      0.957      1.089      0.338      0.384 0.0000e+00
      16144    672.617    364.482 -106.85326   16.84880    362.000     9.8452     9.8167 3.7760e+04   3.781109     0.0695     0.0393    99.0226 1.5405e-04          0     0.5037     0.5144     0.0580     0.1144     4.6065     0.0000     0.0095     0.0000     0.5027     0.5136    34.6441    34.7243    26.7074    26.7749      0.964      1.101      0.340      0.388 0.0000e+00
      16196    674.801    365.490 -106.85326   16.84880    363.000     9.8444     9.8149 3.7759e+04   3.781001     0.0699     0.0390    99.0294 1.4836e-04          0     0.5037     0.5144     0.0580     0.1148     4.6068     0.0000     0.0094     0.0000     0.5031     0.5135    34.6443    34.7245    26.7077    26.7753      1.059      1.064      0.373      0.375 0.0000e+00
      16226    676.062    366.498 -106.85326   16.84880    364.000     9.8387     9.8096 3.7754e+04   3.780577     0.0714     0.0390    99.0295 1.4088e-04          0     0.5037     0.5145     0.0581     0.1149     4.6068     0.0000     0.0094     0.0000     0.5030     0.5135    34.6440    34.7248    26.7085    26.7765      1.037      1.029      0.366      0.363 0.0000e+00
      16245    676.833    367.505 -106.85326   16.84880    365.000     9.8257     9.7989 3.7741e+04   3.779617     0.0681     0.0390    99.0295 1.0599e-04          0     0.5034     0.5144     0.0578     0.1149     4.6068     0.0000     0.0092     0.0000     0.5030     0.5136    34.6429    34.7247    26.7098    26.7783      0.901      1.199      0.318      0.422 0.0000e+00
      16261    677.491    368.513 -106.85326   16.84880    366.000     9.8193     9.7899 3.7735e+04   3.778729     0.0685     0.0390    99.0295 1.1449e-04          0     0.5039     0.5146     0.0579     0.1149     4.6068     0.0000     0.0092     0.0000     0.5025     0.5137    34.6426    34.7238    26.7107    26.7791      0.849      1.110      0.299      0.391 0.0000e+00
      16276    678.137    369.521 -106.85326   16.84880    367.000     9.8084     9.7789 3.7724e+04   3.777681     0.0655     0.0390    99.0295 1.5198e-04          0     0.5039     0.5141     0.0576     0.1149     4.6068     0.0000     0.0095     0.0000     0.5027     0.5136    34.6409    34.7232    26.7112    26.7805      1.058      1.047      0.373      0.369 0.0000e+00
      16295    678.920    370.529 -106.85326   16.84881    368.000     9.7746     9.7435 3.7691e+04   3.774565     0.0706     0.0390    99.0295 1.2889e-04          0     0.5039     0.5145     0.0581     0.1149     4.6068     0.0000     0.0093     0.0000     0.5028     0.5135    34.6391    34.7249    26.7155    26.7877      0.880      1.040      0.310      0.366 0.0000e+00
      16375    682.249    371.537 -106.85326   16.84882    369.000     9.7830     9.7332 3.7700e+04   3.773099     0.0691     0.0396    99.0150 1.2947e-04          0     0.5036     0.5143     0.0579     0.1147     4.6061     0.0000     0.0093     0.0000     0.5028     0.5134    34.6393    34.7193    26.7142    26.7851      1.073      1.080      0.378      0.380 0.0000e+00
      16443    685.067    372.544 -106.85326   16.84882    370.000     9.7389     9.6908 3.7657e+04   3.769351     0.0670     0.0397    99.0126 9.1528e-05          0     0.5036     0.5144     0.0577     0.1147     4.6060     0.0000     0.0091     0.0000     0.5028     0.5135    34.6379    34.7211    26.7205    26.7936      0.852      1.066      0.300      0.375 0.0000e+00
      16470    686.205    373.552 -106.85326   16.84882    371.000     9.6861     9.6564 3.7607e+04   3.765910     0.0663     0.0390    99.0294 1.1380e-04          0     0.5040     0.5142     0.0576     0.1148     4.6068     0.0000     0.0092     0.0000     0.5028     0.5135    34.6359    34.7185    26.7278    26.7973      1.069      1.160      0.376      0.407 0.0000e+00
      16494    687.216    374.560 -106.85326   16.84882    372.000     9.6697     9.6408 3.7591e+04   3.764386     0.0655     0.0390    99.0295 1.5839e-04          0     0.5041     0.5141     0.0576     0.1147     4.6068     0.0000     0.0095     0.0000     0.5030     0.5137    34.6352    34.7173    26.7300    26.7990      1.096      1.147      0.385      0.403 0.0000e+00
      16516    688.143    375.568 -106.85326   16.84882    373.000     9.6513     9.6246 3.7573e+04   3.762964     0.0671     0.0388    99.0342 1.3215e-04          0     0.5039     0.5142     0.0577     0.1146     4.6070     0.0000     0.0093     0.0000     0.5030     0.5136    34.6343    34.7179    26.7324    26.8022      0.949      1.059      0.333      0.372 0.0000e+00
      16537    688.992    376.576 -106.85326   16.84882    374.000     9.6256     9.5961 3.7548e+04   3.760174     0.0670     0.0387    99.0373 1.1250e-04          0     0.5036     0.5142     0.0577     0.1149     4.6072     0.0000     0.0092     0.0000     0.5028     0.5136    34.6327    34.7162    26.7354    26.8056      0.717      1.037      0.252      0.364 0.0000e+00
      16558    689.891    377.583 -106.85326   16.84882    375.000     9.6043     9.5743 3.7528e+04   3.758146     0.0679     0.0383    99.0455 1.4240e-04          0     0.5037     0.5144     0.0578     0.1149     4.6076     0.0000     0.0094     0.0000     0.5023     0.5135    34.6319    34.7159    26.7383    26.8089      0.789      1.085      0.277      0.380 0.0000e+00
      16633    692.996    378.591 -106.85326   16.84882    376.000     9.5946     9.5561 3.7519e+04   3.756137     0.0661     0.0383    99.0465 1.3383e-04          0     0.5036     0.5143     0.0576     0.1147     4.6076     0.0000     0.0094     0.0000     0.5028     0.5134    34.6314    34.7123    26.7395    26.8092      1.092      1.104      0.383      0.387 0.0000e+00
      16690    695.394    379.599 -106.85326   16.84882    377.000     9.5244     9.4839 3.7451e+04   3.749716     0.0661     0.0389    99.0329 9.1798e-05          0     0.5035     0.5142     0.0576     0.1144     4.6070     0.0000     0.0091     0.0000     0.5029     0.5138    34.6287    34.7153    26.7490    26.8235      0.906      1.073      0.317      0.376 0.0000e+00
      16708    696.134    380.607 -106.85326   16.84882    378.000     9.4969     9.4675 3.7424e+04   3.747674     0.0677     0.0386    99.0393 1.0153e-04          0     0.5036     0.5141     0.0578     0.1150     4.6073     0.0000     0.0091     0.0000     0.5025     0.5133    34.6268    34.7096    26.7521    26.8217      0.988      0.932      0.346      0.326 0.0000e+00
      16724    696.781    381.614 -106.85326   16.84882    379.000     9.4904     9.4614 3.7418e+04   3.747059     0.0696     0.0387    99.0366 1.2165e-04          0     0.5040     0.5145     0.0580     0.1148     4.6071     0.0000     0.0093     0.0000     0.5029     0.5133    34.6265    34.7086    26.7530    26.8220      1.019      1.031      0.356      0.360 0.0000e+00
      16739    697.420    382.622 -106.85326   16.84882    380.000     9.4751     9.4458 3.7403e+04   3.745592     0.0678     0.0389    99.0329 1.5168e-04          0     0.5039     0.5143     0.0578     0.1147     4.6070     0.0000     0.0095     0.0000     0.5027     0.5134    34.6251    34.7082    26.7544    26.8242      0.842      1.046      0.295      0.366 0.0000e+00
      16759    698.248    383.630 -106.85326   16.84882    381.000     9.4680     9.4393 3.7396e+04   3.744902     0.0675     0.0385    99.0422 1.3035e-04          0     0.5039     0.5145     0.0578     0.1147     4.6074     0.0000     0.0093     0.0000     0.5025     0.5133    34.6249    34.7068    26.7555    26.8242      0.814      1.056      0.285      0.369 0.0000e+00
      16876    703.110    384.638 -106.85326   16.84882    382.000     9.4702     9.4491 3.7400e+04   3.746008     0.0712     0.0385    99.0409 1.0523e-04          0     0.5036     0.5141     0.0581     0.1150     4.6074     0.0000     0.0092     0.0000     0.5025     0.5132    34.6255    34.7083    26.7555    26.8238      0.952      1.004      0.333      0.351 0.0000e+00
      16935    705.596    385.646 -106.85326   16.84882    383.000     9.4658     9.4340 3.7396e+04   3.744665     0.0693     0.0380    99.0524 1.1433e-04          0     0.5037     0.5142     0.0579     0.1149     4.6079     0.0000     0.0092     0.0000     0.5026     0.5135    34.6257    34.7086    26.7565    26.8266      0.903      1.106      0.316      0.387 0.0000e+00
      16953    706.337    386.654 -106.85326   16.84882    384.000     9.4527     9.4239 3.7384e+04   3.743556     0.0693     0.0381    99.0514 1.0198e-04          0     0.5036     0.5142     0.0579     0.1149     4.6079     0.0000     0.0092     0.0000     0.5023     0.5134    34.6250    34.7064    26.7581    26.8265      0.817      1.014      0.286      0.354 0.0000e+00
      16973    707.182    387.662 -106.85326   16.84882    385.000     9.4462     9.4176 3.7378e+04   3.742958     0.0700     0.0387    99.0369 1.0167e-04          0     0.5036     0.5142     0.0580     0.1150     4.6072     0.0000     0.0092     0.0000     0.5024     0.5132    34.6248    34.7059    26.7590    26.8272      0.984      0.989      0.344      0.345 0.0000e+00
