data/ctd-cnv/KM1919/KM1919-St20-P2/St20_P2_cast58-align-cellTM-derive-bin.cnv
* Sea-Bird SBE 9 Data File:
* FileName = C:\Users\otg\Desktop\CTD Data\km1920\St20_P2_cast58.hex
* Software Version Seasave V 7.26.7.107
* Temperature SN = 5554
* Conductivity SN = 3876
* Number of Bytes Per Scan = 41
* Number of Voltage Words = 4
* Number of Scans Averaged by the Deck Unit = 1
* NMEA Latitude = 16 50.84 N
* NMEA Longitude = 106 50.88 W
* NMEA UTC (Time) = Oct 12 2019  10:28:01
* NMEA baud rate = 4800
** Ship: Kilo Moana
** Station: St20_P2 cast 58
** Operator: cf
** productivity
# nquan = 34
# nvalues = 201                         
# units = specified
# name 0 = scan: Scan Count
# name 1 = timeS: Time, Elapsed [seconds]
# name 2 = prDM: Pressure, Digiquartz [db]
# name 3 = longitude: Longitude [deg]
# name 4 = latitude: Latitude [deg]
# name 5 = depSM: Depth [salt water, m]
# name 6 = t090C: Temperature [ITS-90, deg C]
# name 7 = t190C: Temperature, 2 [ITS-90, deg C]
# name 8 = c0uS/cm: Conductivity [uS/cm]
# name 9 = c1S/m: Conductivity, 2 [S/m]
# name 10 = flECO-AFL: Fluorescence, WET Labs ECO-AFL/FL [mg/m^3]
# name 11 = CStarAt0: Beam Attenuation, WET Labs C-Star [1/m]
# name 12 = CStarTr0: Beam Transmission, WET Labs C-Star [%]
# name 13 = par: PAR/Irradiance, Biospherical/Licor
# name 14 = modError: Modulo Error Count
# name 15 = v0: Voltage 0
# name 16 = v1: Voltage 1
# name 17 = v2: Voltage 2
# name 18 = v3: Voltage 3
# name 19 = v4: Voltage 4
# name 20 = v5: Voltage 5
# name 21 = v6: Voltage 6
# name 22 = v7: Voltage 7
# name 23 = sbeox0V: Oxygen raw, SBE 43 [V]
# name 24 = sbeox1V: Oxygen raw, SBE 43, 2 [V]
# name 25 = sal00: Salinity, Practical [PSU]
# name 26 = sal11: Salinity, Practical, 2 [PSU]
# name 27 = sigma-é00: Density [sigma-theta, kg/m^3]
# name 28 = sigma-é11: Density, 2 [sigma-theta, kg/m^3]
# name 29 = sbeox0Mm/L: Oxygen, SBE 43 [umol/l], WS = 2
# name 30 = sbeox1Mm/L: Oxygen, SBE 43, 2 [umol/l], WS = 2
# name 31 = sbeox0PS: Oxygen, SBE 43 [% saturation], WS = 2
# name 32 = sbeox1PS: Oxygen, SBE 43, 2 [% saturation], WS = 2
# name 33 = flag: flag
# span 0 =        491,      10155       
# span 1 =     20.402,    423.086       
# span 2 =      3.018,    204.313       
# span 3 = -106.84804, -106.84794       
# span 4 =   16.84716,   16.84724       
# span 5 =      3.000,    203.000       
# span 6 =    12.0227,    28.8331       
# span 7 =    11.9950,    28.7920       
# span 8 = 3.9868e+04, 5.6269e+04       
# span 9 =   3.993004,   5.635639       
# span 10 =     0.0626,     1.5194      
# span 11 =     0.0464,     0.1250      
# span 12 =    96.9240,    98.8477      
# span 13 = 7.7618e-05, 3.5571e+00      
# span 14 =          0,          0      
# span 15 =     0.5049,     2.5142      
# span 16 =     0.5165,     2.4937      
# span 17 =     0.0573,     0.2030      
# span 18 =     0.1120,     0.1172      
# span 19 =     4.5089,     4.5984      
# span 20 =     0.0000,     0.0000      
# span 21 =     0.0090,     1.5589      
# span 22 =     0.0000,     0.0000      
# span 23 =     0.5037,     2.5125      
# span 24 =     0.5151,     2.4936      
# span 25 =    34.2765,    34.7816      
# span 26 =    34.3641,    34.8688      
# span 27 =    21.6053,    26.4049      
# span 28 =    21.6823,    26.4773      
# span 29 =      0.928,    229.533      
# span 30 =      1.262,    240.332      
# span 31 =      0.343,    107.646      
# span 32 =      0.469,    112.565      
# span 33 = 0.0000e+00, 0.0000e+00      
# interval = meters: 1                  
# start_time = Oct 12 2019 10:31:27 [NMEA time, first data scan]
# bad_flag = -9.990e-29
*END*
[from data line 129]
       7614    317.217    132.831 -106.84796   16.84718    132.000    13.6853    13.6539 4.1416e+04   4.147291     0.2232     0.0544    98.6497 2.0334e-04          0     0.5105     0.5238     0.0733     0.1123     4.5892     0.0000     0.0098     0.0000     0.5075     0.5205    34.7429    34.8250    26.0579    26.1279      1.248      1.901      0.478      0.727 0.0000e+00
       7629    317.835    133.837 -106.84796   16.84718    133.000    13.6903    13.6578 4.1424e+04   4.147940     0.2345     0.0562    98.6043 2.0334e-04          0     0.5103     0.5237     0.0745     0.1123     4.5871     0.0000     0.0098     0.0000     0.5071     0.5203    34.7453    34.8271    26.0588    26.1288      1.310      1.912      0.501      0.731 0.0000e+00
       7705    320.981    134.844 -106.84796   16.84718    134.000    13.6925    13.6613 4.1425e+04   4.148251     0.2929     0.0578    98.5661 2.0610e-04          0     0.5085     0.5215     0.0803     0.1135     4.5853     0.0000     0.0098     0.0000     0.5069     0.5196    34.7439    34.8264    26.0573    26.1276      1.468      1.843      0.562      0.705 0.0000e+00
       7777    324.004    135.851 -106.84796   16.84718    135.000    13.6942    13.6618 4.1429e+04   4.148489     0.2501     0.0562    98.6038 2.0330e-04          0     0.5079     0.5208     0.0760     0.1147     4.5870     0.0000     0.0098     0.0000     0.5069     0.5192    34.7458    34.8278    26.0584    26.1285      1.463      1.796      0.560      0.687 0.0000e+00
       7792    324.609    136.857 -106.84798   16.84718    136.000    13.6963    13.6648 4.1434e+04   4.149136     0.2638     0.0577    98.5683 2.0334e-04          0     0.5079     0.5207     0.0774     0.1147     4.5854     0.0000     0.0098     0.0000     0.5069     0.5192    34.7487    34.8307    26.0602    26.1302      1.463      1.808      0.560      0.692 0.0000e+00
       7805    325.172    137.864 -106.84798   16.84718    137.000    13.6953    13.6627 4.1436e+04   4.149197     0.2825     0.0591    98.5330 2.0334e-04          0     0.5079     0.5207     0.0793     0.1147     4.5837     0.0000     0.0098     0.0000     0.5069     0.5191    34.7504    34.8327    26.0618    26.1322      1.454      1.767      0.556      0.676 0.0000e+00
       7820    325.784    138.871 -106.84798   16.84718    138.000    13.6843    13.6526 4.1427e+04   4.148531     0.3019     0.0601    98.5104 2.0334e-04          0     0.5079     0.5207     0.0812     0.1146     4.5827     0.0000     0.0098     0.0000     0.5069     0.5190    34.7515    34.8353    26.0649    26.1363      1.450      1.779      0.555      0.680 0.0000e+00
       7840    326.624    139.877 -106.84796   16.84718    139.000    13.6746    13.6423 4.1419e+04   4.147652     0.3648     0.0602    98.5067 2.0334e-04          0     0.5079     0.5203     0.0875     0.1147     4.5825     0.0000     0.0098     0.0000     0.5069     0.5190    34.7526    34.8360    26.0678    26.1390      1.468      1.730      0.561      0.662 0.0000e+00
       7904    329.304    140.884 -106.84796   16.84718    140.000    13.6779    13.6436 4.1422e+04   4.147666     0.4433     0.0603    98.5047 2.0334e-04          0     0.5079     0.5199     0.0953     0.1147     4.5824     0.0000     0.0098     0.0000     0.5068     0.5186    34.7523    34.8345    26.0670    26.1376      1.440      1.730      0.551      0.662 0.0000e+00
       7966    331.867    141.890 -106.84796   16.84718    141.000    13.6552    13.6193 4.1402e+04   4.145980     0.4213     0.0603    98.5045 2.0334e-04          0     0.5077     0.5195     0.0931     0.1146     4.5824     0.0000     0.0098     0.0000     0.5069     0.5188    34.7539    34.8404    26.0729    26.1472      1.467      1.798      0.561      0.687 0.0000e+00
       7987    332.765    142.897 -106.84796   16.84718    142.000    13.6059    13.5711 4.1358e+04   4.141752     0.4248     0.0603    98.5045 2.1649e-04          0     0.5076     0.5196     0.0935     0.1147     4.5824     0.0000     0.0099     0.0000     0.5069     0.5190    34.7568    34.8442    26.0854    26.1601      1.468      1.750      0.561      0.668 0.0000e+00
       8008    333.639    143.904 -106.84796   16.84716    143.000    13.5433    13.5079 4.1301e+04   4.136139     0.4241     0.0603    98.5045 2.0344e-04          0     0.5078     0.5194     0.0934     0.1146     4.5824     0.0000     0.0098     0.0000     0.5068     0.5185    34.7594    34.8486    26.1003    26.1765      1.423      1.656      0.543      0.631 0.0000e+00
       8029    334.512    144.911 -106.84796   16.84716    144.000    13.5017    13.4687 4.1263e+04   4.132209     0.3867     0.0603    98.5033 2.0334e-04          0     0.5078     0.5197     0.0896     0.1147     4.5823     0.0000     0.0098     0.0000     0.5069     0.5185    34.7611    34.8469    26.1101    26.1833      1.473      1.716      0.561      0.654 0.0000e+00
       8053    335.511    145.917 -106.84796   16.84716    145.000    13.4660    13.4325 4.1230e+04   4.129042     0.3580     0.0603    98.5045 2.0334e-04          0     0.5079     0.5197     0.0868     0.1146     4.5824     0.0000     0.0098     0.0000     0.5067     0.5184    34.7626    34.8497    26.1186    26.1929      1.337      1.648      0.509      0.628 0.0000e+00
       8083    336.745    146.924 -106.84796   16.84716    146.000    13.4335    13.4010 4.1201e+04   4.125933     0.3340     0.0605    98.5002 2.0334e-04          0     0.5078     0.5196     0.0844     0.1147     4.5822     0.0000     0.0098     0.0000     0.5064     0.5182    34.7639    34.8487    26.1264    26.1987      1.322      1.648      0.503      0.627 0.0000e+00
       8121    338.318    147.931 -106.84796   16.84718    147.000    13.4139    13.3819 4.1186e+04   4.124329     0.3186     0.0612    98.4816 2.0334e-04          0     0.5078     0.5194     0.0828     0.1147     4.5814     0.0000     0.0098     0.0000     0.5062     0.5181    34.7670    34.8506    26.1327    26.2040      1.326      1.682      0.505      0.640 0.0000e+00
       8156    339.811    148.937 -106.84796   16.84718    148.000    13.3848    13.3523 4.1160e+04   4.121830     0.3042     0.0619    98.4628 1.9736e-04          0     0.5074     0.5191     0.0814     0.1147     4.5805     0.0000     0.0098     0.0000     0.5059     0.5181    34.7690    34.8536    26.1402    26.2124      1.254      1.652      0.477      0.628 0.0000e+00
       8191    341.257    149.944 -106.84796   16.84718    149.000    13.3610    13.3298 4.1138e+04   4.119584     0.2855     0.0624    98.4523 2.0320e-04          0     0.5072     0.5190     0.0796     0.1146     4.5800     0.0000     0.0098     0.0000     0.5060     0.5180    34.7692    34.8526    26.1453    26.2162      1.394      1.640      0.530      0.623 0.0000e+00
       8230    342.856    150.951 -106.84796   16.84718    150.000    13.3485    13.3192 4.1125e+04   4.118608     0.2805     0.0624    98.4520 2.0334e-04          0     0.5070     0.5190     0.0791     0.1146     4.5800     0.0000     0.0098     0.0000     0.5059     0.5180    34.7684    34.8526    26.1473    26.2184      1.256      1.644      0.477      0.624 0.0000e+00
       8265    344.351    151.957 -106.84796   16.84718    151.000    13.3137    13.2810 4.1094e+04   4.115286     0.2671     0.0624    98.4520 2.0334e-04          0     0.5068     0.5189     0.0777     0.1147     4.5800     0.0000     0.0098     0.0000     0.5057     0.5178    34.7704    34.8558    26.1559    26.2287      1.290      1.638      0.490      0.622 0.0000e+00
       8301    345.813    152.964 -106.84796   16.84718    152.000    13.2860    13.2542 4.1070e+04   4.112779     0.2409     0.0629    98.4398 1.9660e-04          0     0.5070     0.5189     0.0751     0.1148     4.5794     0.0000     0.0098     0.0000     0.5057     0.5179    34.7726    34.8561    26.1632    26.2344      1.304      1.638      0.495      0.622 0.0000e+00
       8328    346.959    153.971 -106.84796   16.84718    153.000    13.2687    13.2365 4.1055e+04   4.111364     0.2328     0.0630    98.4378 1.8753e-04          0     0.5068     0.5189     0.0743     0.1147     4.5794     0.0000     0.0097     0.0000     0.5057     0.5178    34.7739    34.8585    26.1678    26.2399      1.292      1.623      0.490      0.616 0.0000e+00
       8354    348.054    154.977 -106.84796   16.84718    154.000    13.2471    13.2142 4.1036e+04   4.109356     0.2316     0.0635    98.4262 1.8969e-04          0     0.5067     0.5187     0.0742     0.1146     4.5788     0.0000     0.0097     0.0000     0.5057     0.5178    34.7751    34.8596    26.1732    26.2452      1.313      1.607      0.498      0.609 0.0000e+00
       8393    349.664    155.984 -106.84796   16.84718    155.000    13.2206    13.1886 4.1012e+04   4.107028     0.2270     0.0636    98.4220 2.0369e-04          0     0.5067     0.5188     0.0737     0.1147     4.5786     0.0000     0.0098     0.0000     0.5056     0.5178    34.7758    34.8605    26.1791    26.2512      1.248      1.635      0.473      0.620 0.0000e+00
       8432    351.271    156.991 -106.84796   16.84718    156.000    13.1881    13.1561 4.0981e+04   4.103932     0.2055     0.0636    98.4233 2.0334e-04          0     0.5067     0.5187     0.0715     0.1146     4.5787     0.0000     0.0098     0.0000     0.5056     0.5178    34.7762    34.8605    26.1860    26.2578      1.363      1.666      0.516      0.631 0.0000e+00
       8457    352.322    157.998 -106.84796   16.84718    157.000    13.1803    13.1485 4.0975e+04   4.103161     0.1899     0.0635    98.4257 2.0334e-04          0     0.5067     0.5187     0.0700     0.1147     4.5788     0.0000     0.0098     0.0000     0.5058     0.5178    34.7767    34.8597    26.1880    26.2587      1.331      1.609      0.504      0.609 0.0000e+00
       8480    353.292    159.004 -106.84796   16.84718    158.000    13.1647    13.1320 4.0961e+04   4.101872     0.1871     0.0639    98.4139 2.0334e-04          0     0.5066     0.5186     0.0697     0.1146     4.5782     0.0000     0.0098     0.0000     0.5057     0.5177    34.7773    34.8622    26.1916    26.2640      1.294      1.604      0.490      0.607 0.0000e+00
       8506    354.376    160.011 -106.84796   16.84718    159.000    13.0829    13.0483 4.0883e+04   4.094512     0.1830     0.0643    98.4034 2.0334e-04          0     0.5065     0.5187     0.0693     0.1147     4.5777     0.0000     0.0098     0.0000     0.5057     0.5178    34.7780    34.8688    26.2087    26.2860      1.307      1.592      0.494      0.601 0.0000e+00
       8542    355.878    161.018 -106.84796   16.84718    160.000    13.0065    12.9736 4.0811e+04   4.086987     0.1488     0.0638    98.4166 2.0334e-04          0     0.5067     0.5188     0.0659     0.1147     4.5783     0.0000     0.0098     0.0000     0.5056     0.5174    34.7791    34.8654    26.2249    26.2984      1.276      1.543      0.482      0.582 0.0000e+00
       8592    357.957    162.025 -106.84796   16.84718    161.000    12.9679    12.9383 4.0775e+04   4.083492     0.1302     0.0642    98.4077 2.0334e-04          0     0.5067     0.5186     0.0640     0.1148     4.5779     0.0000     0.0098     0.0000     0.5053     0.5172    34.7795    34.8642    26.2329    26.3044      1.212      1.545      0.457      0.582 0.0000e+00
       8630    359.536    163.032 -106.84796   16.84718    162.000    12.9459    12.9137 4.0754e+04   4.081111     0.1248     0.0639    98.4157 2.0334e-04          0     0.5067     0.5184     0.0635     0.1148     4.5783     0.0000     0.0098     0.0000     0.5052     0.5175    34.7798    34.8637    26.2376    26.3090      1.146      1.603      0.432      0.604 0.0000e+00
       8657    360.684    164.038 -106.84794   16.84718    163.000    12.9331    12.9010 4.0743e+04   4.079952     0.1202     0.0640    98.4116 1.9554e-04          0     0.5065     0.5182     0.0630     0.1147     4.5781     0.0000     0.0098     0.0000     0.5051     0.5171    34.7801    34.8639    26.2404    26.3117      1.179      1.470      0.444      0.554 0.0000e+00
       8682    361.717    165.045 -106.84794   16.84718    164.000    12.9226    12.8910 4.0734e+04   4.079033     0.1173     0.0645    98.3996 1.9488e-04          0     0.5062     0.5182     0.0628     0.1147     4.5775     0.0000     0.0097     0.0000     0.5047     0.5170    34.7806    34.8639    26.2429    26.3137      1.041      1.487      0.392      0.560 0.0000e+00
       8708    362.777    166.052 -106.84796   16.84718    165.000    12.9129    12.8814 4.0724e+04   4.078162     0.1248     0.0645    98.3995 2.0322e-04          0     0.5064     0.5183     0.0635     0.1148     4.5775     0.0000     0.0098     0.0000     0.5047     0.5169    34.7805    34.8640    26.2448    26.3158      1.162      1.481      0.438      0.558 0.0000e+00
       8738    364.038    167.058 -106.84796   16.84718    166.000    12.9033    12.8719 4.0716e+04   4.077288     0.1179     0.0641    98.4098 1.9106e-04          0     0.5060     0.5181     0.0628     0.1148     4.5780     0.0000     0.0097     0.0000     0.5045     0.5168    34.7809    34.8640    26.2471    26.3177      1.150      1.473      0.433      0.554 0.0000e+00
       8770    365.356    168.065 -106.84796   16.84718    167.000    12.8909    12.8594 4.0705e+04   4.076183     0.1120     0.0642    98.4080 1.9670e-04          0     0.5057     0.5180     0.0622     0.1148     4.5779     0.0000     0.0098     0.0000     0.5047     0.5169    34.7812    34.8645    26.2498    26.3206      1.183      1.546      0.445      0.582 0.0000e+00
       8799    366.571    169.072 -106.84796   16.84718    168.000    12.8693    12.8367 4.0685e+04   4.074180     0.1127     0.0641    98.4092 2.0327e-04          0     0.5056     0.5179     0.0623     0.1148     4.5780     0.0000     0.0098     0.0000     0.5048     0.5170    34.7816    34.8659    26.2544    26.3263      1.192      1.504      0.449      0.566 0.0000e+00
       8827    367.750    170.079 -106.84796   16.84718    169.000    12.8334    12.8001 4.0650e+04   4.070768     0.1118     0.0647    98.3936 2.0334e-04          0     0.5055     0.5177     0.0622     0.1146     4.5772     0.0000     0.0098     0.0000     0.5046     0.5169    34.7811    34.8665    26.2612    26.3340      1.126      1.535      0.423      0.577 0.0000e+00
       8872    369.610    171.086 -106.84796   16.84718    170.000    12.8000    12.7684 4.0619e+04   4.067630     0.0983     0.0639    98.4151 1.9388e-04          0     0.5057     0.5179     0.0608     0.1147     4.5783     0.0000     0.0097     0.0000     0.5046     0.5168    34.7811    34.8653    26.2678    26.3394      1.146      1.496      0.431      0.562 0.0000e+00
       8926    371.889    172.093 -106.84796   16.84718    171.000    12.7714    12.7399 4.0592e+04   4.064833     0.0876     0.0639    98.4147 1.9193e-04          0     0.5056     0.5179     0.0597     0.1147     4.5783     0.0000     0.0097     0.0000     0.5047     0.5171    34.7815    34.8645    26.2738    26.3444      1.202      1.540      0.451      0.578 0.0000e+00
       8951    372.918    173.099 -106.84794   16.84718    172.000    12.7630    12.7314 4.0584e+04   4.064068     0.0883     0.0635    98.4246 1.9319e-04          0     0.5055     0.5178     0.0598     0.1148     4.5787     0.0000     0.0097     0.0000     0.5046     0.5167    34.7813    34.8646    26.2754    26.3462      1.121      1.448      0.421      0.544 0.0000e+00
