data/ctd-cnv/KM1919/KM1919-St20-P2/St20_P2_cast33-align-cellTM-derive-bin.cnv
* Sea-Bird SBE 9 Data File:
* FileName = C:\Users\otg\Desktop\CTD Data\km1920\St20_P2_cast33.hex
* Software Version Seasave V 7.26.7.107
* Temperature SN = 5554
* Conductivity SN = 3876
* Number of Bytes Per Scan = 41
* Number of Voltage Words = 4
* Number of Scans Averaged by the Deck Unit = 1
* NMEA Latitude = 16 46.93 N
* NMEA Longitude = 106 50.96 W
* NMEA UTC (Time) = Oct 06 2019  14:06:41
* NMEA baud rate = 4800
** Ship: Kilo Moana
** Station: St20_P2cast 33
** Operator: gr
** surface HiC metagenome cast
# nquan = 34
# nvalues = 202                         
# units = specified
# name 0 = scan: Scan Count
# name 1 = timeS: Time, Elapsed [seconds]
# name 2 = prDM: Pressure, Digiquartz [db]
# name 3 = longitude: Longitude [deg]
# name 4 = latitude: Latitude [deg]
# name 5 = depSMignore: Depth [salt water, m]
# name 6 = t090C: Temperature [ITS-90, deg C]
# name 7 = t190C: Temperature, 2 [ITS-90, deg C]
# name 8 = c0uS/cm: Conductivity [uS/cm]
# name 9 = c1S/m: Conductivity, 2 [S/m]
# name 10 = flECO-AFL: Fluorescence, WET Labs ECO-AFL/FL [mg/m^3]
# name 11 = CStarAt0: Beam Attenuation, WET Labs C-Star [1/m]
# name 12 = CStarTr0: Beam Transmission, WET Labs C-Star [%]
# name 13 = par: PAR/Irradiance, Biospherical/Licor
# name 14 = modError: Modulo Error Count
# name 15 = v0: Voltage 0
# name 16 = v1: Voltage 1
# name 17 = v2: Voltage 2
# name 18 = v3: Voltage 3
# name 19 = v4: Voltage 4
# name 20 = v5: Voltage 5
# name 21 = v6: Voltage 6
# name 22 = v7: Voltage 7
# name 23 = sbeox0V: Oxygen raw, SBE 43 [V]
# name 24 = sbeox1V: Oxygen raw, SBE 43, 2 [V]
# name 25 = sal00: Salinity, Practical [PSU]
# name 26 = sal11: Salinity, Practical, 2 [PSU]
# name 27 = sigma-é00: Density [sigma-theta, kg/m^3]
# name 28 = sigma-é11: Density, 2 [sigma-theta, kg/m^3]
# name 29 = sbeox0Mm/L: Oxygen, SBE 43 [umol/l], WS = 2
# name 30 = sbeox1Mm/L: Oxygen, SBE 43, 2 [umol/l], WS = 2
# name 31 = sbeox0PS: Oxygen, SBE 43 [% saturation], WS = 2
# name 32 = sbeox1PS: Oxygen, SBE 43, 2 [% saturation], WS = 2
# name 33 = flag: flag
# span 0 =         79,       9914       
# span 1 =      3.231,    413.039       
# span 2 =      1.006,    203.305       
# span 3 = -106.84948, -106.84944       
# span 4 =   16.78234,   16.78240       
# span 5 =      1.000,    202.000       
# span 6 =    12.2313,    29.5360       
# span 7 =    12.2038,    29.4944       
# span 8 = 4.0082e+04, 5.7244e+04       
# span 9 =   4.013886,   5.732496       
# span 10 =     0.0630,     1.4958      
# span 11 =     0.0142,     0.1074      
# span 12 =    97.3516,    99.6452      
# span 13 = 1.5644e-03, 1.0655e+03      
# span 14 =          0,          0      
# span 15 =     0.5043,     2.4719      
# span 16 =     0.5163,     2.4441      
# span 17 =     0.0573,     0.2006      
# span 18 =     0.1132,     0.1177      
# span 19 =     4.5288,     4.6354      
# span 20 =     0.0000,     0.0000      
# span 21 =     0.0157,     3.9241      
# span 22 =     0.0000,     0.0000      
# span 23 =     0.5034,     2.4677      
# span 24 =     0.5154,     2.4433      
# span 25 =    34.3493,    34.7825      
# span 26 =    34.4563,    34.8701      
# span 27 =    21.5673,    26.3766      
# span 28 =    21.6454,    26.4441      
# span 29 =      0.955,    225.816      
# span 30 =      1.292,    235.726      
# span 31 =      0.355,    105.120      
# span 32 =      0.480,    109.919      
# span 33 = 0.0000e+00, 0.0000e+00      
# interval = meters: 1                  
# start_time = Oct 06 2019 14:14:24 [NMEA time, first data scan]
# bad_flag = -9.990e-29
*END*
[from data line 171]
       8429    351.157    173.099 -106.84946   16.78238    172.000    12.7242    12.6929 4.0547e+04   4.060236     0.0879     0.0325    99.1929 1.6055e-03          0     0.5054     0.5175     0.0598     0.1150     4.6145     0.0000     0.0159     0.0000     0.5045     0.5167    34.7810    34.8634    26.2828    26.3528      1.155      1.489      0.433      0.559 0.0000e+00
       8470    352.888    174.106 -106.84946   16.78238    173.000    12.7133    12.6819 4.0536e+04   4.059237     0.0883     0.0324    99.1948 1.6063e-03          0     0.5053     0.5173     0.0598     0.1151     4.6146     0.0000     0.0159     0.0000     0.5044     0.5164    34.7809    34.8636    26.2849    26.3552      1.080      1.403      0.405      0.526 0.0000e+00
       8500    354.106    175.112 -106.84946   16.78238    174.000    12.7005    12.6696 4.0524e+04   4.058106     0.0883     0.0325    99.1907 1.6063e-03          0     0.5053     0.5175     0.0598     0.1151     4.6144     0.0000     0.0159     0.0000     0.5044     0.5163    34.7807    34.8637    26.2873    26.3577      1.148      1.395      0.431      0.523 0.0000e+00
       8532    355.441    176.119 -106.84946   16.78238    175.000    12.6939    12.6627 4.0519e+04   4.057421     0.0843     0.0320    99.2031 1.6063e-03          0     0.5054     0.5176     0.0594     0.1151     4.6149     0.0000     0.0159     0.0000     0.5044     0.5164    34.7807    34.8630    26.2886    26.3586      1.163      1.451      0.436      0.544 0.0000e+00
       8586    357.698    177.126 -106.84946   16.78238    176.000    12.6854    12.6536 4.0511e+04   4.056573     0.0861     0.0320    99.2030 1.6063e-03          0     0.5052     0.5172     0.0596     0.1151     4.6149     0.0000     0.0159     0.0000     0.5045     0.5162    34.7810    34.8628    26.2905    26.3603      1.150      1.401      0.431      0.525 0.0000e+00
       8653    360.490    178.133 -106.84946   16.78238    177.000    12.6618    12.6298 4.0489e+04   4.054425     0.0869     0.0320    99.2043 1.6063e-03          0     0.5054     0.5172     0.0597     0.1153     4.6150     0.0000     0.0159     0.0000     0.5045     0.5163    34.7808    34.8638    26.2951    26.3658      1.173      1.423      0.439      0.533 0.0000e+00
       8688    361.940    179.140 -106.84946   16.78238    178.000    12.6245    12.5921 4.0453e+04   4.050882     0.0762     0.0316    99.2132 2.1125e-03          0     0.5054     0.5171     0.0586     0.1151     4.6154     0.0000     0.0180     0.0000     0.5045     0.5163    34.7804    34.8643    26.3022    26.3736      1.125      1.408      0.421      0.527 0.0000e+00
       8718    363.194    180.146 -106.84946   16.78238    179.000    12.5874    12.5554 4.0417e+04   4.047430     0.0757     0.0316    99.2133 2.3566e-03          0     0.5054     0.5172     0.0586     0.1151     4.6154     0.0000     0.0191     0.0000     0.5044     0.5163    34.7797    34.8646    26.3090    26.3810      1.115      1.456      0.417      0.545 0.0000e+00
       8749    364.492    181.154 -106.84946   16.78238    180.000    12.5756    12.5446 4.0406e+04   4.046176     0.0765     0.0312    99.2220 2.3799e-03          0     0.5054     0.5171     0.0586     0.1151     4.6158     0.0000     0.0192     0.0000     0.5044     0.5161    34.7797    34.8621    26.3112    26.3813      1.136      1.372      0.425      0.513 0.0000e+00
       8796    366.475    182.160 -106.84946   16.78238    181.000    12.5321    12.5047 4.0365e+04   4.042611     0.0759     0.0309    99.2303 2.3068e-03          0     0.5053     0.5171     0.0586     0.1151     4.6162     0.0000     0.0189     0.0000     0.5043     0.5163    34.7804    34.8643    26.3203    26.3908      1.122      1.425      0.419      0.532 0.0000e+00
       8860    369.123    183.167 -106.84946   16.78238    182.000    12.4864    12.4521 4.0322e+04   4.037611     0.0763     0.0300    99.2537 2.1698e-03          0     0.5053     0.5170     0.0586     0.1151     4.6172     0.0000     0.0183     0.0000     0.5043     0.5162    34.7801    34.8644    26.3291    26.4012      1.095      1.373      0.409      0.512 0.0000e+00
       8904    370.956    184.174 -106.84946   16.78238    183.000    12.4572    12.4287 4.0295e+04   4.035260     0.0761     0.0298    99.2581 2.1730e-03          0     0.5052     0.5171     0.0586     0.1151     4.6174     0.0000     0.0183     0.0000     0.5041     0.5158    34.7809    34.8631    26.3354    26.4047      1.106      1.326      0.413      0.494 0.0000e+00
       8943    372.591    185.181 -106.84946   16.78238    184.000    12.4554    12.4246 4.0293e+04   4.034887     0.0764     0.0296    99.2631 2.0853e-03          0     0.5053     0.5170     0.0586     0.1152     4.6177     0.0000     0.0179     0.0000     0.5041     0.5158    34.7807    34.8628    26.3356    26.4054      1.066      1.374      0.397      0.512 0.0000e+00
       8979    374.063    186.188 -106.84946   16.78238    185.000    12.4495    12.4182 4.0288e+04   4.034364     0.0757     0.0295    99.2666 2.1730e-03          0     0.5050     0.5168     0.0586     0.1151     4.6178     0.0000     0.0183     0.0000     0.5041     0.5159    34.7811    34.8633    26.3371    26.4070      1.114      1.385      0.415      0.516 0.0000e+00
       9012    375.438    187.195 -106.84946   16.78238    186.000    12.4264    12.3929 4.0267e+04   4.032084     0.0672     0.0289    99.2798 2.1730e-03          0     0.5051     0.5167     0.0577     0.1151     4.6184     0.0000     0.0183     0.0000     0.5041     0.5159    34.7810    34.8643    26.3416    26.4127      1.045      1.351      0.390      0.503 0.0000e+00
       9054    377.196    188.201 -106.84946   16.78238    187.000    12.4179    12.3868 4.0259e+04   4.031373     0.0737     0.0294    99.2688 2.0684e-03          0     0.5050     0.5168     0.0584     0.1152     4.6179     0.0000     0.0179     0.0000     0.5039     0.5158    34.7811    34.8627    26.3433    26.4127      1.059      1.340      0.395      0.499 0.0000e+00
       9132    380.439    189.208 -106.84946   16.78238    188.000    12.4171    12.3860 4.0259e+04   4.031317     0.0667     0.0286    99.2872 1.8389e-03          0     0.5049     0.5167     0.0577     0.1149     4.6188     0.0000     0.0169     0.0000     0.5037     0.5157    34.7811    34.8625    26.3435    26.4127      1.014      1.334      0.378      0.497 0.0000e+00
       9174    382.200    190.215 -106.84946   16.78238    189.000    12.4139    12.3830 4.0256e+04   4.031074     0.0684     0.0294    99.2671 1.7153e-03          0     0.5047     0.5167     0.0578     0.1149     4.6179     0.0000     0.0164     0.0000     0.5038     0.5156    34.7811    34.8625    26.3442    26.4133      1.050      1.314      0.391      0.490 0.0000e+00
       9200    383.274    191.222 -106.84946   16.78238    190.000    12.4134    12.3826 4.0256e+04   4.031062     0.0763     0.0289    99.2797 1.6416e-03          0     0.5047     0.5165     0.0586     0.1158     4.6184     0.0000     0.0160     0.0000     0.5037     0.5155    34.7809    34.8623    26.3442    26.4133      1.019      1.315      0.380      0.490 0.0000e+00
       9222    384.227    192.229 -106.84946   16.78238    191.000    12.4119    12.3812 4.0255e+04   4.030983     0.0761     0.0284    99.2920 1.6064e-03          0     0.5047     0.5166     0.0586     0.1166     4.6190     0.0000     0.0159     0.0000     0.5037     0.5157    34.7808    34.8624    26.3443    26.4137      1.022      1.359      0.381      0.506 0.0000e+00
       9254    385.536    193.236 -106.84946   16.78238    192.000    12.4103    12.3796 4.0254e+04   4.030851     0.0761     0.0293    99.2717 1.6063e-03          0     0.5046     0.5166     0.0586     0.1151     4.6181     0.0000     0.0159     0.0000     0.5037     0.5157    34.7807    34.8622    26.3446    26.4139      1.040      1.342      0.387      0.500 0.0000e+00
       9383    390.919    194.243 -106.84946   16.78238    193.000    12.4137    12.3844 4.0258e+04   4.031321     0.0729     0.0287    99.2838 1.7210e-03          0     0.5046     0.5166     0.0583     0.1151     4.6186     0.0000     0.0164     0.0000     0.5038     0.5155    34.7813    34.8619    26.3444    26.4127      1.082      1.310      0.403      0.488 0.0000e+00
       9416    392.273    195.250 -106.84946   16.78238    194.000    12.4084    12.3775 4.0253e+04   4.030752     0.0659     0.0290    99.2773 1.8952e-03          0     0.5045     0.5165     0.0576     0.1152     4.6183     0.0000     0.0171     0.0000     0.5037     0.5156    34.7811    34.8623    26.3454    26.4144      1.012      1.349      0.377      0.503 0.0000e+00
       9445    393.492    196.257 -106.84946   16.78238    195.000    12.4044    12.3733 4.0249e+04   4.030407     0.0753     0.0284    99.2914 1.9199e-03          0     0.5046     0.5165     0.0585     0.1152     4.6190     0.0000     0.0172     0.0000     0.5038     0.5156    34.7808    34.8624    26.3460    26.4153      1.008      1.314      0.376      0.490 0.0000e+00
       9477    394.844    197.264 -106.84946   16.78238    196.000    12.3832    12.3539 4.0228e+04   4.028595     0.0761     0.0289    99.2804 2.0694e-03          0     0.5047     0.5164     0.0586     0.1160     4.6185     0.0000     0.0179     0.0000     0.5034     0.5156    34.7794    34.8625    26.3489    26.4192      0.962      1.300      0.358      0.484 0.0000e+00
       9537    397.338    198.271 -106.84946   16.78238    197.000    12.3704    12.3402 4.0216e+04   4.027154     0.0691     0.0287    99.2847 1.7515e-03          0     0.5045     0.5165     0.0579     0.1153     4.6187     0.0000     0.0165     0.0000     0.5036     0.5155    34.7790    34.8609    26.3512    26.4206      1.036      1.308      0.386      0.487 0.0000e+00
       9631    401.260    199.278 -106.84946   16.78239    198.000    12.3488    12.3179 4.0195e+04   4.025040     0.0630     0.0283    99.2933 1.5924e-03          0     0.5044     0.5164     0.0573     0.1152     4.6191     0.0000     0.0158     0.0000     0.5035     0.5156    34.7785    34.8607    26.3550    26.4248      0.978      1.333      0.364      0.496 0.0000e+00
       9669    402.836    200.284 -106.84946   16.78240    199.000    12.3323    12.3014 4.0180e+04   4.023582     0.0639     0.0284    99.2920 1.6062e-03          0     0.5045     0.5164     0.0574     0.1149     4.6190     0.0000     0.0159     0.0000     0.5035     0.5156    34.7792    34.8616    26.3587    26.4287      1.015      1.347      0.378      0.501 0.0000e+00
       9746    406.043    201.291 -106.84946   16.78240    200.000    12.3035    12.2761 4.0152e+04   4.021037     0.0639     0.0277    99.3091 1.5644e-03          0     0.5044     0.5163     0.0574     0.1149     4.6198     0.0000     0.0157     0.0000     0.5035     0.5155    34.7783    34.8600    26.3637    26.4324      1.014      1.313      0.377      0.488 0.0000e+00
       9864    410.953    202.298 -106.84945   16.78240    201.000    12.2755    12.2432 4.0126e+04   4.018307     0.0639     0.0280    99.3035 1.6008e-03          0     0.5043     0.5163     0.0574     0.1150     4.6196     0.0000     0.0159     0.0000     0.5034     0.5154    34.7783    34.8637    26.3691    26.4417      0.955      1.292      0.355      0.480 0.0000e+00
       9914    413.039    203.305 -106.84944   16.78240    202.000    12.2313    12.2038 4.0082e+04   4.013886     0.0705     0.0261    99.3483 1.6074e-03          0     0.5045     0.5164     0.0581     0.1149     4.6217     0.0000     0.0159     0.0000     0.5034     0.5155    34.7769    34.8571    26.3766    26.4441      1.020      1.301      0.379      0.483 0.0000e+00
