data/ctd-cnv/KM1919/KM1919-St20-P2/St20_P2_cast55-align-cellTM-derive-bin.cnv
* Sea-Bird SBE 9 Data File:
* FileName = C:\Users\otg\Desktop\CTD Data\km1920\St20_P2_cast55.hex
* Software Version Seasave V 7.26.7.107
* Temperature SN = 5554
* Conductivity SN = 3876
* Number of Bytes Per Scan = 41
* Number of Voltage Words = 4
* Number of Scans Averaged by the Deck Unit = 1
* NMEA Latitude = 16 50.10 N
* NMEA Longitude = 106 51.68 W
* NMEA UTC (Time) = Oct 11 2019  19:05:44
* NMEA baud rate = 4800
** Ship: Kilo Moana
** Station: St20_P2 cast 55
** Operator: jac
# nquan = 34
# nvalues = 510                         
# units = specified
# name 0 = scan: Scan Count
# name 1 = timeS: Time, Elapsed [seconds]
# name 2 = prDM: Pressure, Digiquartz [db]
# name 3 = longitude: Longitude [deg]
# name 4 = latitude: Latitude [deg]
# name 5 = depSMignore: Depth [salt water, m]
# name 6 = t090C: Temperature [ITS-90, deg C]
# name 7 = t190C: Temperature, 2 [ITS-90, deg C]
# name 8 = c0uS/cm: Conductivity [uS/cm]
# name 9 = c1S/m: Conductivity, 2 [S/m]
# name 10 = flECO-AFL: Fluorescence, WET Labs ECO-AFL/FL [mg/m^3]
# name 11 = CStarAt0: Beam Attenuation, WET Labs C-Star [1/m]
# name 12 = CStarTr0: Beam Transmission, WET Labs C-Star [%]
# name 13 = par: PAR/Irradiance, Biospherical/Licor
# name 14 = modError: Modulo Error Count
# name 15 = v0: Voltage 0
# name 16 = v1: Voltage 1
# name 17 = v2: Voltage 2
# name 18 = v3: Voltage 3
# name 19 = v4: Voltage 4
# name 20 = v5: Voltage 5
# name 21 = v6: Voltage 6
# name 22 = v7: Voltage 7
# name 23 = sbeox0V: Oxygen raw, SBE 43 [V]
# name 24 = sbeox1V: Oxygen raw, SBE 43, 2 [V]
# name 25 = sal00: Salinity, Practical [PSU]
# name 26 = sal11: Salinity, Practical, 2 [PSU]
# name 27 = sigma-é00: Density [sigma-theta, kg/m^3]
# name 28 = sigma-é11: Density, 2 [sigma-theta, kg/m^3]
# name 29 = sbeox0Mm/L: Oxygen, SBE 43 [umol/l], WS = 2
# name 30 = sbeox1Mm/L: Oxygen, SBE 43, 2 [umol/l], WS = 2
# name 31 = sbeox0PS: Oxygen, SBE 43 [% saturation], WS = 2
# name 32 = sbeox1PS: Oxygen, SBE 43, 2 [% saturation], WS = 2
# name 33 = flag: flag
# span 0 =         69,      17460       
# span 1 =      2.831,    727.445       
# span 2 =      2.012,    514.690       
# span 3 = -106.86150, -106.86139       
# span 4 =   16.83494,   16.83498       
# span 5 =      2.000,    511.000       
# span 6 =     8.0045,    29.0041       
# span 7 =     7.9772,    28.9632       
# span 8 = 3.6041e+04, 5.6572e+04       
# span 9 =   3.609094,   5.665162       
# span 10 =     0.0427,     1.5603      
# span 11 =     0.0369,     0.1287      
# span 12 =    96.8330,    99.0829      
# span 13 = 1.8648e-04, 1.2240e+03      
# span 14 =          0,          0      
# span 15 =     0.5034,     2.5091      
# span 16 =     0.5136,     2.4969      
# span 17 =     0.0552,     0.2070      
# span 18 =     0.1121,     0.1154      
# span 19 =     4.5047,     4.6093      
# span 20 =     0.0000,     0.0000      
# span 21 =     0.0097,     4.0830      
# span 22 =     0.0000,     0.0000      
# span 23 =     0.5025,     2.5102      
# span 24 =     0.5129,     2.4900      
# span 25 =    34.2630,    34.7818      
# span 26 =    34.3578,    34.8708      
# span 27 =    21.5420,    26.9399      
# span 28 =    21.6183,    27.0071      
# span 29 =      0.905,    231.319      
# span 30 =      0.990,    241.443      
# span 31 =      0.306,    107.674      
# span 32 =      0.339,    112.395      
# span 33 = 0.0000e+00, 0.0000e+00      
# interval = meters: 1                  
# start_time = Oct 11 2019 19:08:18 [NMEA time, first data scan]
# bad_flag = -9.990e-29
*END*
[from data line 214]
       9361    390.013    217.404 -106.86142   16.83494    216.000    11.9635    11.9317 3.9820e+04   3.987740     0.0639     0.0561    98.6062 4.8236e-04          0     0.5055     0.5174     0.0574     0.1147     4.5871     0.0000     0.0110     0.0000     0.5046     0.5163    34.7646    34.8504    26.4186    26.4913      1.190      1.444      0.439      0.533 0.0000e+00
       9388    391.115    218.411 -106.86142   16.83494    217.000    11.9412    11.9098 3.9797e+04   3.985452     0.0631     0.0548    98.6396 5.3764e-04          0     0.5055     0.5174     0.0573     0.1146     4.5887     0.0000     0.0112     0.0000     0.5046     0.5163    34.7632    34.8481    26.4218    26.4937      1.191      1.444      0.439      0.533 0.0000e+00
       9424    392.624    219.418 -106.86142   16.83494    218.000    11.8987    11.8667 3.9755e+04   3.981289     0.0639     0.0540    98.6598 6.6147e-04          0     0.5055     0.5172     0.0574     0.1136     4.5896     0.0000     0.0118     0.0000     0.5046     0.5163    34.7611    34.8473    26.4282    26.5012      1.178      1.443      0.435      0.532 0.0000e+00
       9466    394.373    220.425 -106.86142   16.83494    219.000    11.8467    11.8154 3.9704e+04   3.976054     0.0629     0.0532    98.6792 4.7809e-04          0     0.5055     0.5172     0.0573     0.1141     4.5906     0.0000     0.0110     0.0000     0.5046     0.5162    34.7591    34.8437    26.4365    26.5082      1.199      1.485      0.441      0.547 0.0000e+00
       9502    395.859    221.432 -106.86142   16.83494    220.000    11.8229    11.7918 3.9681e+04   3.973719     0.0640     0.0528    98.6888 4.8236e-04          0     0.5055     0.5173     0.0574     0.1147     4.5910     0.0000     0.0110     0.0000     0.5046     0.5162    34.7582    34.8425    26.4403    26.5118      1.177      1.361      0.433      0.501 0.0000e+00
       9528    396.979    222.439 -106.86142   16.83494    221.000    11.8010    11.7694 3.9659e+04   3.971619     0.0629     0.0528    98.6882 4.8236e-04          0     0.5055     0.5170     0.0573     0.1147     4.5910     0.0000     0.0110     0.0000     0.5046     0.5162    34.7572    34.8425    26.4437    26.5160      1.198      1.455      0.441      0.535 0.0000e+00
       9551    397.921    223.446 -106.86142   16.83494    222.000    11.7789    11.7475 3.9638e+04   3.969472     0.0628     0.0528    98.6882 4.8236e-04          0     0.5055     0.5173     0.0573     0.1146     4.5910     0.0000     0.0110     0.0000     0.5046     0.5160    34.7567    34.8415    26.4475    26.5193      1.211      1.401      0.445      0.515 0.0000e+00
       9571    398.768    224.453 -106.86142   16.83494    223.000    11.7625    11.7309 3.9622e+04   3.967882     0.0639     0.0528    98.6882 4.8236e-04          0     0.5055     0.5172     0.0574     0.1145     4.5910     0.0000     0.0110     0.0000     0.5046     0.5160    34.7563    34.8410    26.4503    26.5221      1.160      1.343      0.426      0.494 0.0000e+00
       9590    399.558    225.460 -106.86142   16.83494    224.000    11.7480    11.7171 3.9609e+04   3.966467     0.0760     0.0527    98.6897 4.8236e-04          0     0.5054     0.5169     0.0586     0.1146     4.5911     0.0000     0.0110     0.0000     0.5045     0.5157    34.7566    34.8397    26.4533    26.5237      1.114      1.348      0.409      0.495 0.0000e+00
       9610    400.364    226.467 -106.86142   16.83494    225.000    11.7420    11.7113 3.9604e+04   3.965896     0.0664     0.0518    98.7142 4.8236e-04          0     0.5054     0.5171     0.0576     0.1130     4.5922     0.0000     0.0110     0.0000     0.5044     0.5158    34.7563    34.8390    26.4542    26.5243      1.198      1.372      0.440      0.504 0.0000e+00
       9633    401.314    227.474 -106.86142   16.83494    226.000    11.7363    11.7057 3.9598e+04   3.965354     0.0635     0.0521    98.7067 4.8236e-04          0     0.5055     0.5170     0.0574     0.1124     4.5918     0.0000     0.0110     0.0000     0.5045     0.5157    34.7558    34.8386    26.4549    26.5250      1.161      1.389      0.426      0.510 0.0000e+00
       9667    402.734    228.481 -106.86142   16.83494    227.000    11.7317    11.7013 3.9595e+04   3.964951     0.0704     0.0518    98.7136 4.8236e-04          0     0.5054     0.5168     0.0580     0.1123     4.5922     0.0000     0.0110     0.0000     0.5044     0.5159    34.7562    34.8383    26.4561    26.5257      1.155      1.386      0.424      0.509 0.0000e+00
       9710    404.561    229.489 -106.86142   16.83494    228.000    11.7270    11.6968 3.9591e+04   3.964549     0.0636     0.0521    98.7058 4.8236e-04          0     0.5054     0.5167     0.0574     0.1135     4.5918     0.0000     0.0110     0.0000     0.5044     0.5158    34.7560    34.8381    26.4569    26.5264      1.163      1.374      0.427      0.505 0.0000e+00
       9742    405.869    230.496 -106.86142   16.83494    229.000    11.7235    11.6929 3.9588e+04   3.964226     0.0639     0.0523    98.7001 4.8236e-04          0     0.5053     0.5168     0.0574     0.1144     4.5915     0.0000     0.0110     0.0000     0.5044     0.5157    34.7564    34.8382    26.4579    26.5272      1.169      1.333      0.429      0.489 0.0000e+00
       9765    406.845    231.503 -106.86142   16.83494    230.000    11.7212    11.6907 3.9586e+04   3.964046     0.0629     0.0518    98.7141 4.8236e-04          0     0.5053     0.5167     0.0573     0.1128     4.5922     0.0000     0.0110     0.0000     0.5045     0.5156    34.7563    34.8381    26.4582    26.5275      1.238      1.394      0.455      0.512 0.0000e+00
       9786    407.702    232.510 -106.86142   16.83494    231.000    11.7180    11.6876 3.9583e+04   3.963802     0.0632     0.0518    98.7145 4.8236e-04          0     0.5052     0.5166     0.0573     0.1124     4.5922     0.0000     0.0110     0.0000     0.5045     0.5158    34.7561    34.8381    26.4587    26.5282      1.182      1.384      0.434      0.508 0.0000e+00
       9806    408.534    233.517 -106.86142   16.83494    232.000    11.7167    11.6863 3.9583e+04   3.963699     0.0633     0.0518    98.7145 4.8236e-04          0     0.5054     0.5167     0.0573     0.1125     4.5922     0.0000     0.0110     0.0000     0.5045     0.5157    34.7560    34.8379    26.4589    26.5283      1.176      1.332      0.432      0.489 0.0000e+00
       9827    409.424    234.524 -106.86142   16.83494    233.000    11.7134    11.6829 3.9579e+04   3.963442     0.0634     0.0518    98.7145 4.8236e-04          0     0.5052     0.5166     0.0573     0.1128     4.5922     0.0000     0.0110     0.0000     0.5043     0.5157    34.7556    34.8381    26.4593    26.5291      1.066      1.415      0.392      0.520 0.0000e+00
       9857    410.687    235.531 -106.86142   16.83494    234.000    11.7111    11.6805 3.9578e+04   3.963196     0.0639     0.0518    98.7139 4.8236e-04          0     0.5054     0.5166     0.0574     0.1145     4.5922     0.0000     0.0110     0.0000     0.5043     0.5166    34.7563    34.8375    26.4602    26.5291      1.184      1.645      0.435      0.604 0.0000e+00
       9901    412.509    236.538 -106.86142   16.83494    235.000    11.7100    11.6800 3.9578e+04   3.963191     0.0633     0.0518    98.7145 4.8236e-04          0     0.5054     0.5166     0.0573     0.1127     4.5922     0.0000     0.0110     0.0000     0.5043     0.5159    34.7562    34.8375    26.4604    26.5292      1.126      1.243      0.413      0.456 0.0000e+00
       9937    413.997    237.545 -106.86142   16.83494    236.000    11.7086    11.6785 3.9577e+04   3.963101     0.0639     0.0518    98.7145 4.8236e-04          0     0.5052     0.5172     0.0574     0.1134     4.5922     0.0000     0.0110     0.0000     0.5044     0.5154    34.7562    34.8375    26.4606    26.5295      1.168      1.272      0.429      0.467 0.0000e+00
       9963    415.065    238.552 -106.86142   16.83494    237.000    11.7066    11.6760 3.9575e+04   3.962913     0.0634     0.0518    98.7145 4.8236e-04          0     0.5053     0.5173     0.0573     0.1136     4.5922     0.0000     0.0110     0.0000     0.5042     0.5160    34.7559    34.8376    26.4608    26.5301      1.196      1.398      0.439      0.513 0.0000e+00
       9985    415.981    239.560 -106.86142   16.83494    238.000    11.7038    11.6739 3.9573e+04   3.962730     0.0639     0.0518    98.7145 4.8236e-04          0     0.5051     0.5172     0.0574     0.1124     4.5922     0.0000     0.0110     0.0000     0.5045     0.5147    34.7556    34.8374    26.4612    26.5303      1.169      1.095      0.429      0.402 0.0000e+00
      10005    416.825    240.567 -106.86142   16.83494    239.000    11.7031    11.6725 3.9572e+04   3.962660     0.0633     0.0518    98.7145 4.8236e-04          0     0.5053     0.5165     0.0573     0.1127     4.5922     0.0000     0.0110     0.0000     0.5043     0.5155    34.7557    34.8375    26.4614    26.5308      1.090      1.429      0.400      0.524 0.0000e+00
      10025    417.657    241.574 -106.86142   16.83494    240.000    11.7000    11.6701 3.9570e+04   3.962437     0.0633     0.0518    98.7145 4.8236e-04          0     0.5052     0.5162     0.0573     0.1146     4.5922     0.0000     0.0110     0.0000     0.5042     0.5153    34.7555    34.8372    26.4618    26.5309      1.149      1.186      0.422      0.435 0.0000e+00
      10046    418.554    242.581 -106.86142   16.83494    241.000    11.6963    11.6657 3.9566e+04   3.962099     0.0639     0.0581    98.5574 4.8236e-04          0     0.5051     0.5169     0.0574     0.1145     4.5849     0.0000     0.0110     0.0000     0.5043     0.5152    34.7553    34.8375    26.4624    26.5320      1.168      1.387      0.429      0.509 0.0000e+00
      10072    419.643    243.588 -106.86142   16.83496    242.000    11.6826    11.6506 3.9553e+04   3.960703     0.0639     0.0544    98.6486 4.8236e-04          0     0.5053     0.5159     0.0574     0.1130     4.5891     0.0000     0.0110     0.0000     0.5042     0.5153    34.7548    34.8376    26.4646    26.5350      1.106      1.301      0.406      0.478 0.0000e+00
      10108    421.142    244.595 -106.86142   16.83496    243.000    11.6682    11.6376 3.9539e+04   3.959368     0.0703     0.0522    98.7050 4.8236e-04          0     0.5052     0.5161     0.0580     0.1133     4.5918     0.0000     0.0110     0.0000     0.5042     0.5155    34.7543    34.8362    26.4669    26.5363      1.143      1.374      0.419      0.504 0.0000e+00
      10150    422.871    245.602 -106.86142   16.83495    244.000    11.6576    11.6265 3.9529e+04   3.958267     0.0722     0.0513    98.7270 4.8236e-04          0     0.5051     0.5163     0.0582     0.1147     4.5928     0.0000     0.0110     0.0000     0.5043     0.5156    34.7537    34.8354    26.4685    26.5378      1.220      1.400      0.447      0.513 0.0000e+00
      10181    424.185    246.610 -106.86142   16.83494    245.000    11.6439    11.6119 3.9516e+04   3.957001     0.0748     0.0515    98.7214 4.8236e-04          0     0.5051     0.5163     0.0585     0.1145     4.5925     0.0000     0.0110     0.0000     0.5044     0.5157    34.7532    34.8362    26.4706    26.5412      1.112      1.352      0.408      0.496 0.0000e+00
      10204    425.145    247.617 -106.86142   16.83494    246.000    11.5931    11.5597 3.9465e+04   3.952488     0.0634     0.0507    98.7402 4.8236e-04          0     0.5050     0.5164     0.0574     0.1147     4.5934     0.0000     0.0110     0.0000     0.5042     0.5156    34.7497    34.8404    26.4774    26.5542      1.134      1.349      0.415      0.494 0.0000e+00
      10225    425.986    248.624 -106.86142   16.83494    247.000    11.5392    11.5077 3.9411e+04   3.946784     0.0633     0.0504    98.7468 4.8236e-04          0     0.5052     0.5164     0.0573     0.1147     4.5937     0.0000     0.0110     0.0000     0.5043     0.5157    34.7470    34.8326    26.4854    26.5578      1.081      1.394      0.395      0.510 0.0000e+00
      10245    426.831    249.631 -106.86142   16.83496    248.000    11.5151    11.4832 3.9387e+04   3.944305     0.0633     0.0497    98.7639 4.8236e-04          0     0.5053     0.5166     0.0573     0.1144     4.5945     0.0000     0.0110     0.0000     0.5040     0.5157    34.7459    34.8308    26.4890    26.5609      1.050      1.311      0.384      0.479 0.0000e+00
      10266    427.721    250.638 -106.86142   16.83496    249.000    11.4953    11.4647 3.9368e+04   3.942356     0.0633     0.0497    98.7645 4.8236e-04          0     0.5052     0.5167     0.0573     0.1139     4.5945     0.0000     0.0110     0.0000     0.5039     0.5154    34.7450    34.8285    26.4920    26.5626      1.076      1.325      0.393      0.484 0.0000e+00
      10290    428.720    251.646 -106.86142   16.83496    250.000    11.4918    11.4614 3.9365e+04   3.941935     0.0639     0.0498    98.7633 4.8236e-04          0     0.5052     0.5165     0.0574     0.1133     4.5944     0.0000     0.0110     0.0000     0.5040     0.5156    34.7450    34.8271    26.4927    26.5622      1.109      1.347      0.405      0.492 0.0000e+00
      10321    430.011    252.653 -106.86142   16.83496    251.000    11.4885    11.4587 3.9362e+04   3.941704     0.0704     0.0497    98.7640 4.8236e-04          0     0.5050     0.5166     0.0580     0.1146     4.5945     0.0000     0.0110     0.0000     0.5039     0.5154    34.7448    34.8269    26.4932    26.5625      1.028      1.356      0.376      0.495 0.0000e+00
      10364    431.795    253.660 -106.86142   16.83496    252.000    11.4861    11.4559 3.9361e+04   3.941461     0.0647     0.0501    98.7552 4.8236e-04          0     0.5048     0.5164     0.0575     0.1146     4.5941     0.0000     0.0110     0.0000     0.5037     0.5155    34.7451    34.8266    26.4938    26.5629      1.124      1.321      0.411      0.483 0.0000e+00
      10407    433.576    254.667 -106.86142   16.83496    253.000    11.4782    11.4475 3.9353e+04   3.940694     0.0635     0.0498    98.7632 4.8236e-04          0     0.5048     0.5163     0.0574     0.1129     4.5944     0.0000     0.0110     0.0000     0.5040     0.5153    34.7446    34.8266    26.4949    26.5644      1.085      1.281      0.396      0.468 0.0000e+00
      10433    434.673    255.674 -106.86142   16.83496    254.000    11.4716    11.4413 3.9347e+04   3.940133     0.0639     0.0496    98.7670 4.8236e-04          0     0.5044     0.5165     0.0574     0.1148     4.5946     0.0000     0.0110     0.0000     0.5039     0.5153    34.7444    34.8264    26.4960    26.5654      1.077      1.352      0.393      0.494 0.0000e+00
      10453    435.507    256.681 -106.86142   16.83496    255.000    11.4659    11.4354 3.9342e+04   3.939614     0.0633     0.0496    98.7670 4.8236e-04          0     0.5049     0.5163     0.0573     0.1146     4.5946     0.0000     0.0110     0.0000     0.5037     0.5155    34.7439    34.8264    26.4967    26.5665      0.963      1.336      0.352      0.488 0.0000e+00
      10472    436.274    257.689 -106.86142   16.83496    256.000    11.4582    11.4276 3.9334e+04   3.938839     0.0632     0.0496    98.7670 4.8236e-04          0     0.5048     0.5164     0.0573     0.1144     4.5946     0.0000     0.0110     0.0000     0.5037     0.5151    34.7436    34.8257    26.4979    26.5674      1.072      1.268      0.391      0.463 0.0000e+00
      10491    437.077    258.696 -106.86142   16.83496    257.000    11.4549    11.4245 3.9331e+04   3.938567     0.0639     0.0496    98.7670 4.8236e-04          0     0.5048     0.5161     0.0574     0.1140     4.5946     0.0000     0.0110     0.0000     0.5036     0.5153    34.7433    34.8254    26.4983    26.5679      1.090      1.325      0.398      0.484 0.0000e+00
