data/ctd-cnv/KM1919/KM1919-St20-P2/St20_P2_cast57-align-cellTM-derive-bin.cnv
* Sea-Bird SBE 9 Data File:
* FileName = C:\Users\otg\Desktop\CTD Data\km1920\St20_P2_cast57.hex
* Software Version Seasave V 7.26.7.107
* Temperature SN = 5554
* Conductivity SN = 3876
* Number of Bytes Per Scan = 41
* Number of Voltage Words = 4
* Number of Scans Averaged by the Deck Unit = 1
* NMEA Latitude = 16 51.30 N
* NMEA Longitude = 106 50.85 W
* NMEA UTC (Time) = Oct 12 2019  02:29:04
* NMEA baud rate = 4800
** Ship: Kilo Moana
** Station: St20_P2 cast 57
** Operator: gr
** snow catcher
# nquan = 34
# nvalues = 353                         
# units = specified
# name 0 = scan: Scan Count
# name 1 = timeS: Time, Elapsed [seconds]
# name 2 = prDM: Pressure, Digiquartz [db]
# name 3 = longitude: Longitude [deg]
# name 4 = latitude: Latitude [deg]
# name 5 = depSMignore: Depth [salt water, m]
# name 6 = t090C: Temperature [ITS-90, deg C]
# name 7 = t190C: Temperature, 2 [ITS-90, deg C]
# name 8 = c0uS/cm: Conductivity [uS/cm]
# name 9 = c1S/m: Conductivity, 2 [S/m]
# name 10 = flECO-AFL: Fluorescence, WET Labs ECO-AFL/FL [mg/m^3]
# name 11 = CStarAt0: Beam Attenuation, WET Labs C-Star [1/m]
# name 12 = CStarTr0: Beam Transmission, WET Labs C-Star [%]
# name 13 = par: PAR/Irradiance, Biospherical/Licor
# name 14 = modError: Modulo Error Count
# name 15 = v0: Voltage 0
# name 16 = v1: Voltage 1
# name 17 = v2: Voltage 2
# name 18 = v3: Voltage 3
# name 19 = v4: Voltage 4
# name 20 = v5: Voltage 5
# name 21 = v6: Voltage 6
# name 22 = v7: Voltage 7
# name 23 = sbeox0V: Oxygen raw, SBE 43 [V]
# name 24 = sbeox1V: Oxygen raw, SBE 43, 2 [V]
# name 25 = sal00: Salinity, Practical [PSU]
# name 26 = sal11: Salinity, Practical, 2 [PSU]
# name 27 = sigma-é00: Density [sigma-theta, kg/m^3]
# name 28 = sigma-é11: Density, 2 [sigma-theta, kg/m^3]
# name 29 = sbeox0Mm/L: Oxygen, SBE 43 [umol/l], WS = 2
# name 30 = sbeox1Mm/L: Oxygen, SBE 43, 2 [umol/l], WS = 2
# name 31 = sbeox0PS: Oxygen, SBE 43 [% saturation], WS = 2
# name 32 = sbeox1PS: Oxygen, SBE 43, 2 [% saturation], WS = 2
# name 33 = flag: flag
# span 0 =         66,      55537       
# span 1 =      2.691,   2314.010       
# span 2 =      3.018,    357.428       
# span 3 = -106.84756, -106.84731       
# span 4 =   16.85486,   16.85502       
# span 5 =      3.000,    355.000       
# span 6 =     9.6998,    29.0299       
# span 7 =     9.6707,    28.9898       
# span 8 = 3.7612e+04, 5.6339e+04       
# span 9 =   3.766180,   5.642362       
# span 10 =     0.0594,     1.5084      
# span 11 =     0.0390,     0.1299      
# span 12 =    96.8059,    99.0302      
# span 13 = -8.274e-07, 3.8788e+00      
# span 14 =          0,          0      
# span 15 =     0.5030,     2.5021      
# span 16 =     0.5140,     2.4880      
# span 17 =     0.0570,     0.2018      
# span 18 =     0.1136,     0.1192      
# span 19 =     4.5035,     4.6068      
# span 20 =     0.0000,     0.0000      
# span 21 =     0.0085,     1.6009      
# span 22 =     0.0000,     0.0000      
# span 23 =     0.5026,     2.5042      
# span 24 =     0.5137,     2.4868      
# span 25 =    34.1879,    34.7823      
# span 26 =    34.2124,    34.8726      
# span 27 =    21.4447,    26.7248      
# span 28 =    21.4765,    26.7923      
# span 29 =      0.893,    231.330      
# span 30 =      1.041,    241.941      
# span 31 =      0.324,    107.346      
# span 32 =      0.378,    112.170      
# span 33 = 0.0000e+00, 0.0000e+00      
# interval = meters: 1                  
# start_time = Oct 12 2019 02:30:35 [NMEA time, first data scan]
# bad_flag = -9.990e-29
*END*
[from data line 299]
      50713   2113.012    304.027 -106.84740   16.85494    302.000    10.5383    10.5086 3.8420e+04   3.847479     0.0615     0.0436    98.9159 1.0000e-12          0     0.5031     0.5146     0.0572     0.1181     4.6016     0.0000     0.0085     0.0000     0.5026     0.5142    34.6803    34.7638    26.6154    26.6857      0.930      1.137      0.333      0.407 0.0000e+00
      50750   2114.562    305.034 -106.84740   16.85494    303.000    10.5113    10.4822 3.8393e+04   3.844643     0.0628     0.0441    98.9037 1.0000e-12          0     0.5031     0.5145     0.0573     0.1179     4.6010     0.0000     0.0085     0.0000     0.5026     0.5140    34.6782    34.7599    26.6185    26.6873      0.930      1.158      0.333      0.414 0.0000e+00
      50779   2115.742    306.042 -106.84740   16.85494    304.000    10.5039    10.4752 3.8386e+04   3.843973     0.0639     0.0435    98.9191 1.0000e-12          0     0.5031     0.5147     0.0574     0.1178     4.6017     0.0000     0.0085     0.0000     0.5026     0.5143    34.6780    34.7594    26.6196    26.6882      0.931      1.154      0.333      0.413 0.0000e+00
      50804   2116.799    307.049 -106.84740   16.85494    305.000    10.4993    10.4706 3.8383e+04   3.843547     0.0639     0.0437    98.9150 1.0000e-12          0     0.5031     0.5147     0.0574     0.1180     4.6015     0.0000     0.0085     0.0000     0.5026     0.5139    34.6783    34.7590    26.6207    26.6887      0.931      1.111      0.333      0.397 0.0000e+00
      50830   2117.859    308.056 -106.84740   16.85494    306.000    10.4947    10.4657 3.8378e+04   3.843130     0.0599     0.0433    98.9244 1.0000e-12          0     0.5031     0.5144     0.0570     0.1179     4.6020     0.0000     0.0085     0.0000     0.5026     0.5139    34.6780    34.7590    26.6213    26.6896      0.931      1.115      0.333      0.399 0.0000e+00
      50859   2119.067    309.064 -106.84740   16.85494    307.000    10.4845    10.4553 3.8369e+04   3.842197     0.0631     0.0435    98.9195 1.0000e-12          0     0.5031     0.5147     0.0573     0.1181     4.6018     0.0000     0.0085     0.0000     0.5026     0.5141    34.6776    34.7591    26.6228    26.6915      0.931      1.173      0.333      0.419 0.0000e+00
      50892   2120.477    310.071 -106.84740   16.85494    308.000    10.4731    10.4437 3.8358e+04   3.841058     0.0605     0.0434    98.9231 1.0000e-12          0     0.5031     0.5143     0.0571     0.1181     4.6019     0.0000     0.0085     0.0000     0.5026     0.5142    34.6771    34.7582    26.6244    26.6928      0.936      1.264      0.334      0.452 0.0000e+00
      50924   2121.776    311.079 -106.84740   16.85492    309.000    10.4571    10.4290 3.8343e+04   3.839778     0.0640     0.0435    98.9191 1.0000e-12          0     0.5031     0.5144     0.0574     0.1180     4.6017     0.0000     0.0085     0.0000     0.5026     0.5143    34.6768    34.7589    26.6270    26.6959      0.951      1.226      0.340      0.438 0.0000e+00
      50952   2122.968    312.086 -106.84740   16.85492    310.000    10.4226    10.3899 3.8310e+04   3.836322     0.0639     0.0440    98.9054 1.0000e-12          0     0.5031     0.5145     0.0574     0.1180     4.6011     0.0000     0.0085     0.0000     0.5026     0.5144    34.6760    34.7608    26.6324    26.7043      0.918      1.126      0.328      0.402 0.0000e+00
      50983   2124.270    313.094 -106.84740   16.85492    311.000    10.3739    10.3450 3.8266e+04   3.832037     0.0631     0.0433    98.9253 1.0000e-12          0     0.5031     0.5146     0.0573     0.1178     4.6020     0.0000     0.0085     0.0000     0.5026     0.5140    34.6776    34.7598    26.6421    26.7114      0.934      1.085      0.333      0.387 0.0000e+00
      51016   2125.637    314.101 -106.84740   16.85492    312.000    10.3677    10.3389 3.8261e+04   3.831391     0.0618     0.0425    98.9425 1.0000e-12          0     0.5031     0.5148     0.0572     0.1173     4.6028     0.0000     0.0085     0.0000     0.5026     0.5140    34.6776    34.7586    26.6433    26.7115      0.934      1.150      0.333      0.410 0.0000e+00
      51045   2126.814    315.109 -106.84740   16.85492    313.000    10.3671    10.3386 3.8261e+04   3.831412     0.0616     0.0424    98.9450 1.0000e-12          0     0.5031     0.5148     0.0572     0.1178     4.6029     0.0000     0.0085     0.0000     0.5026     0.5139    34.6778    34.7587    26.6435    26.7117      0.917      1.116      0.327      0.398 0.0000e+00
      51070   2127.893    316.116 -106.84740   16.85492    314.000    10.3656    10.3369 3.8261e+04   3.831356     0.0606     0.0430    98.9306 1.0000e-12          0     0.5031     0.5144     0.0571     0.1181     4.6023     0.0000     0.0085     0.0000     0.5026     0.5140    34.6786    34.7593    26.6444    26.7124      0.946      1.229      0.337      0.438 0.0000e+00
      51097   2128.984    317.124 -106.84738   16.85492    315.000    10.3626    10.3340 3.8258e+04   3.831109     0.0639     0.0425    98.9438 1.0000e-12          0     0.5031     0.5145     0.0574     0.1180     4.6029     0.0000     0.0085     0.0000     0.5026     0.5141    34.6784    34.7592    26.6449    26.7128      0.935      1.153      0.333      0.411 0.0000e+00
      51129   2130.331    318.131 -106.84738   16.85492    316.000    10.3577    10.3289 3.8254e+04   3.830692     0.0639     0.0424    98.9454 1.0000e-12          0     0.5031     0.5143     0.0574     0.1181     4.6030     0.0000     0.0085     0.0000     0.5026     0.5140    34.6781    34.7593    26.6455    26.7138      0.935      1.101      0.333      0.393 0.0000e+00
      51167   2131.921    319.139 -106.84738   16.85492    317.000    10.3487    10.3199 3.8245e+04   3.829845     0.0639     0.0422    98.9510 1.0000e-12          0     0.5031     0.5146     0.0574     0.1177     4.6032     0.0000     0.0085     0.0000     0.5026     0.5139    34.6777    34.7589    26.6468    26.7151      0.935      1.128      0.334      0.402 0.0000e+00
      51196   2133.134    320.146 -106.84738   16.85492    318.000    10.3454    10.3167 3.8243e+04   3.829560     0.0639     0.0422    98.9508 1.0000e-12          0     0.5031     0.5146     0.0574     0.1181     4.6032     0.0000     0.0085     0.0000     0.5026     0.5138    34.6782    34.7586    26.6477    26.7155      0.936      1.101      0.334      0.393 0.0000e+00
      51220   2134.146    321.154 -106.84738   16.85492    319.000    10.3418    10.3131 3.8240e+04   3.829288     0.0639     0.0422    98.9508 1.0000e-12          0     0.5031     0.5142     0.0574     0.1180     4.6032     0.0000     0.0085     0.0000     0.5026     0.5139    34.6784    34.7589    26.6485    26.7163      0.936      1.177      0.334      0.419 0.0000e+00
      51248   2135.302    322.161 -106.84738   16.85492    320.000    10.3388    10.3103 3.8238e+04   3.829034     0.0625     0.0425    98.9438 1.0000e-12          0     0.5031     0.5144     0.0573     0.1180     4.6029     0.0000     0.0085     0.0000     0.5026     0.5140    34.6783    34.7585    26.6490    26.7165      0.936      1.140      0.334      0.406 0.0000e+00
      51287   2136.897    323.169 -106.84738   16.85492    321.000    10.3383    10.3098 3.8238e+04   3.829024     0.0624     0.0422    98.9509 1.0000e-12          0     0.5031     0.5143     0.0573     0.1175     4.6032     0.0000     0.0085     0.0000     0.5026     0.5140    34.6782    34.7585    26.6490    26.7166      0.929      1.126      0.332      0.401 0.0000e+00
      51324   2138.441    324.177 -106.84738   16.85492    322.000    10.3374    10.3087 3.8237e+04   3.828975     0.0639     0.0422    98.9508 1.0000e-12          0     0.5031     0.5144     0.0574     0.1181     4.6032     0.0000     0.0085     0.0000     0.5026     0.5137    34.6779    34.7585    26.6489    26.7169      0.930      1.096      0.331      0.391 0.0000e+00
      51352   2139.614    325.184 -106.84738   16.85492    323.000    10.3372    10.3086 3.8237e+04   3.829000     0.0639     0.0422    98.9508 1.0000e-12          0     0.5031     0.5143     0.0574     0.1179     4.6032     0.0000     0.0085     0.0000     0.5026     0.5140    34.6778    34.7584    26.6490    26.7168      0.950      1.223      0.339      0.436 0.0000e+00
      51376   2140.631    326.192 -106.84738   16.85492    324.000    10.3363    10.3076 3.8237e+04   3.828963     0.0639     0.0422    98.9508 1.0000e-12          0     0.5031     0.5145     0.0574     0.1175     4.6032     0.0000     0.0085     0.0000     0.5026     0.5141    34.6776    34.7585    26.6490    26.7171      0.937      1.160      0.334      0.414 0.0000e+00
      51400   2141.615    327.199 -106.84738   16.85492    325.000    10.3343    10.3056 3.8235e+04   3.828806     0.0618     0.0424    98.9463 1.0000e-12          0     0.5030     0.5142     0.0572     0.1171     4.6030     0.0000     0.0085     0.0000     0.5026     0.5139    34.6776    34.7584    26.6493    26.7174      0.937      1.146      0.334      0.409 0.0000e+00
      51424   2142.610    328.207 -106.84738   16.85492    326.000    10.2978    10.2667 3.8199e+04   3.825492     0.0610     0.0425    98.9435 1.0000e-12          0     0.5031     0.5143     0.0571     0.1173     4.6029     0.0000     0.0085     0.0000     0.5026     0.5141    34.6754    34.7616    26.6539    26.7266      0.938      1.125      0.334      0.401 0.0000e+00
      51449   2143.683    329.214 -106.84738   16.85492    327.000    10.2547    10.2257 3.8158e+04   3.821107     0.0638     0.0422    98.9506 1.0000e-12          0     0.5031     0.5145     0.0574     0.1180     4.6032     0.0000     0.0085     0.0000     0.5026     0.5138    34.6740    34.7559    26.6603    26.7292      0.939      1.113      0.334      0.396 0.0000e+00
      51480   2144.975    330.222 -106.84738   16.85492    328.000    10.2376    10.2085 3.8141e+04   3.819444     0.0764     0.0422    98.9508 1.0000e-12          0     0.5031     0.5144     0.0586     0.1178     4.6032     0.0000     0.0085     0.0000     0.5026     0.5141    34.6733    34.7549    26.6627    26.7315      0.925      1.231      0.329      0.438 0.0000e+00
      51518   2146.531    331.229 -106.84738   16.85492    329.000    10.2193    10.1906 3.8124e+04   3.817641     0.0675     0.0418    98.9600 1.0000e-12          0     0.5031     0.5144     0.0578     0.1173     4.6036     0.0000     0.0085     0.0000     0.5026     0.5140    34.6725    34.7533    26.6653    26.7333      0.947      1.099      0.337      0.390 0.0000e+00
      51558   2148.215    332.237 -106.84738   16.85492    330.000    10.2040    10.1750 3.8109e+04   3.816206     0.0638     0.0418    98.9602 1.0000e-12          0     0.5031     0.5144     0.0574     0.1175     4.6036     0.0000     0.0085     0.0000     0.5026     0.5139    34.6717    34.7532    26.6673    26.7359      0.940      1.145      0.334      0.407 0.0000e+00
      51596   2149.787    333.245 -106.84738   16.85492    331.000    10.1926    10.1640 3.8098e+04   3.815032     0.0639     0.0416    98.9659 1.0000e-12          0     0.5031     0.5144     0.0574     0.1179     4.6039     0.0000     0.0085     0.0000     0.5026     0.5140    34.6708    34.7514    26.6686    26.7364      0.941      1.199      0.334      0.426 0.0000e+00
      51625   2151.020    334.252 -106.84738   16.85492    332.000    10.1908    10.1622 3.8096e+04   3.814921     0.0639     0.0417    98.9619 1.0000e-12          0     0.5031     0.5144     0.0574     0.1179     4.6037     0.0000     0.0085     0.0000     0.5026     0.5140    34.6706    34.7515    26.6687    26.7368      0.941      1.120      0.334      0.398 0.0000e+00
      51649   2152.007    335.260 -106.84738   16.85490    333.000    10.1792    10.1502 3.8085e+04   3.813878     0.0639     0.0420    98.9545 1.0000e-12          0     0.5031     0.5143     0.0574     0.1172     4.6034     0.0000     0.0085     0.0000     0.5026     0.5140    34.6700    34.7519    26.6703    26.7393      0.941      1.253      0.334      0.445 0.0000e+00
      51670   2152.870    336.268 -106.84738   16.85490    334.000    10.1676    10.1384 3.8074e+04   3.812789     0.0639     0.0421    98.9536 1.0000e-12          0     0.5031     0.5143     0.0574     0.1181     4.6033     0.0000     0.0085     0.0000     0.5026     0.5144    34.6694    34.7517    26.6718    26.7411      0.967      1.202      0.343      0.427 0.0000e+00
      51690   2153.711    337.275 -106.84738   16.85490    335.000    10.1366    10.1057 3.8044e+04   3.809907     0.0639     0.0418    98.9615 1.0000e-12          0     0.5031     0.5147     0.0574     0.1173     4.6037     0.0000     0.0085     0.0000     0.5027     0.5140    34.6674    34.7533    26.6756    26.7480      0.961      1.201      0.341      0.426 0.0000e+00
      51711   2154.577    338.283 -106.84738   16.85490    336.000    10.0605    10.0290 3.7967e+04   3.802399     0.0639     0.0413    98.9724 1.0000e-12          0     0.5031     0.5144     0.0574     0.1178     4.6042     0.0000     0.0085     0.0000     0.5027     0.5144    34.6617    34.7498    26.6842    26.7584      0.947      1.276      0.335      0.452 0.0000e+00
      51735   2155.597    339.290 -106.84738   16.85490    337.000    10.0067     9.9756 3.7912e+04   3.796799     0.0639     0.0411    98.9760 1.0000e-12          0     0.5031     0.5145     0.0574     0.1179     4.6044     0.0000     0.0085     0.0000     0.5026     0.5144    34.6568    34.7435    26.6896    26.7625      0.926      1.145      0.328      0.405 0.0000e+00
      51764   2156.774    340.298 -106.84738   16.85490    338.000     9.9357     9.9054 3.7840e+04   3.789647     0.0639     0.0411    98.9779 1.0000e-12          0     0.5031     0.5146     0.0574     0.1178     4.6044     0.0000     0.0085     0.0000     0.5026     0.5140    34.6509    34.7374    26.6970    26.7697      0.948      1.100      0.335      0.389 0.0000e+00
      51794   2158.054    341.306 -106.84738   16.85490    339.000     9.9005     9.8718 3.7807e+04   3.786072     0.0639     0.0411    98.9770 1.0000e-12          0     0.5031     0.5147     0.0574     0.1173     4.6044     0.0000     0.0085     0.0000     0.5026     0.5140    34.6501    34.7326    26.7024    26.7717      0.948      1.141      0.335      0.403 0.0000e+00
      51840   2159.977    342.313 -106.84738   16.85490    340.000     9.8956     9.8673 3.7803e+04   3.785585     0.0633     0.0404    98.9961 1.0000e-12          0     0.5031     0.5146     0.0573     0.1181     4.6053     0.0000     0.0085     0.0000     0.5026     0.5141    34.6504    34.7315    26.7034    26.7716      0.949      1.200      0.335      0.423 0.0000e+00
      51892   2162.144    343.321 -106.84738   16.85490    341.000     9.8930     9.8646 3.7802e+04   3.785397     0.0613     0.0402    99.0011 1.0000e-12          0     0.5031     0.5143     0.0571     0.1176     4.6055     0.0000     0.0085     0.0000     0.5026     0.5139    34.6509    34.7317    26.7042    26.7722      0.949      1.076      0.335      0.380 0.0000e+00
      51919   2163.253    344.329 -106.84738   16.85490    342.000     9.8911     9.8627 3.7800e+04   3.785265     0.0640     0.0410    98.9789 1.0000e-12          0     0.5031     0.5145     0.0574     0.1177     4.6045     0.0000     0.0085     0.0000     0.5026     0.5139    34.6511    34.7317    26.7048    26.7726      0.949      1.181      0.335      0.417 0.0000e+00
      51939   2164.101    345.336 -106.84738   16.85490    343.000     9.8881     9.8597 3.7798e+04   3.785044     0.0639     0.0402    99.0002 1.0000e-12          0     0.5031     0.5146     0.0574     0.1178     4.6055     0.0000     0.0085     0.0000     0.5026     0.5140    34.6509    34.7319    26.7052    26.7732      0.949      1.134      0.335      0.400 0.0000e+00
