data/ctd-cnv/KM1919/KM1919-St20-P2/St20_P2_cast46-align-cellTM-derive-bin.cnv
* Sea-Bird SBE 9 Data File:
* FileName = C:\Users\otg\Desktop\CTD Data\km1920\St20_P2_cast46.hex
* Software Version Seasave V 7.26.7.107
* Temperature SN = 5554
* Conductivity SN = 3876
* Number of Bytes Per Scan = 41
* Number of Voltage Words = 4
* Number of Scans Averaged by the Deck Unit = 1
* NMEA Latitude = 16 46.70 N
* NMEA Longitude = 106 48.61 W
* NMEA UTC (Time) = Oct 08 2019  22:08:33
* NMEA baud rate = 4800
** Ship: Kilo Moana
** Station: St20_P2 cast 46
** Operator: CLF
# nquan = 34
# nvalues = 404                         
# units = specified
# name 0 = scan: Scan Count
# name 1 = timeS: Time, Elapsed [seconds]
# name 2 = prDM: Pressure, Digiquartz [db]
# name 3 = longitude: Longitude [deg]
# name 4 = latitude: Latitude [deg]
# name 5 = depSMignore: Depth [salt water, m]
# name 6 = t090C: Temperature [ITS-90, deg C]
# name 7 = t190C: Temperature, 2 [ITS-90, deg C]
# name 8 = c0uS/cm: Conductivity [uS/cm]
# name 9 = c1S/m: Conductivity, 2 [S/m]
# name 10 = flECO-AFL: Fluorescence, WET Labs ECO-AFL/FL [mg/m^3]
# name 11 = CStarAt0: Beam Attenuation, WET Labs C-Star [1/m]
# name 12 = CStarTr0: Beam Transmission, WET Labs C-Star [%]
# name 13 = par: PAR/Irradiance, Biospherical/Licor
# name 14 = modError: Modulo Error Count
# name 15 = v0: Voltage 0
# name 16 = v1: Voltage 1
# name 17 = v2: Voltage 2
# name 18 = v3: Voltage 3
# name 19 = v4: Voltage 4
# name 20 = v5: Voltage 5
# name 21 = v6: Voltage 6
# name 22 = v7: Voltage 7
# name 23 = sbeox0V: Oxygen raw, SBE 43 [V]
# name 24 = sbeox1V: Oxygen raw, SBE 43, 2 [V]
# name 25 = sal00: Salinity, Practical [PSU]
# name 26 = sal11: Salinity, Practical, 2 [PSU]
# name 27 = sigma-é00: Density [sigma-theta, kg/m^3]
# name 28 = sigma-é11: Density, 2 [sigma-theta, kg/m^3]
# name 29 = sbeox0Mm/L: Oxygen, SBE 43 [umol/l], WS = 2
# name 30 = sbeox1Mm/L: Oxygen, SBE 43, 2 [umol/l], WS = 2
# name 31 = sbeox0PS: Oxygen, SBE 43 [% saturation], WS = 2
# name 32 = sbeox1PS: Oxygen, SBE 43, 2 [% saturation], WS = 2
# name 33 = flag: flag
# span 0 =        -90,      21305       
# span 1 =     -3.772,    887.669       
# span 2 =      2.012,    407.818       
# span 3 = -106.81014, -106.81002       
# span 4 =   16.77828,   16.77836       
# span 5 =      2.000,    405.000       
# span 6 =     9.0176,    29.7575       
# span 7 =     8.9911,    29.7105       
# span 8 = 3.6969e+04, 5.7493e+04       
# span 9 =   3.701914,   5.757212       
# span 10 =     0.0404,     1.7954      
# span 11 =     0.0169,     0.1176      
# span 12 =    97.1021,    99.5786      
# span 13 = 1.9452e-04, 5.7184e+02      
# span 14 =          0,          0      
# span 15 =     0.5031,     2.5016      
# span 16 =     0.5130,     2.4920      
# span 17 =     0.0550,     0.2306      
# span 18 =     0.1146,     0.1174      
# span 19 =     4.5172,     4.6324      
# span 20 =     0.0000,     0.0000      
# span 21 =     0.0097,     3.7704      
# span 22 =     0.0000,     0.0000      
# span 23 =     0.5024,     2.5018      
# span 24 =     0.5126,     2.4873      
# span 25 =    34.2810,    34.7839      
# span 26 =    34.3748,    34.8707      
# span 27 =    21.4996,    26.8132      
# span 28 =    21.5781,    26.8790      
# span 29 =      0.813,    229.370      
# span 30 =      0.954,    240.129      
# span 31 =      0.282,    107.285      
# span 32 =      0.331,    112.222      
# span 33 = 0.0000e+00, 0.0000e+00      
# interval = meters: 1                  
# start_time = Oct 08 2019 22:10:36 [NMEA time, first data scan]
# bad_flag = -9.990e-29
*END*
[from data line 86]
       5769    240.335     88.544 -106.81012   16.77833     88.000    17.0615    17.1420 4.4409e+04   4.457759     0.5643     0.0411    98.9778 1.5273e+00          0     0.9986     1.0704     0.1074     0.1148     4.6044     0.0000     1.2248     0.0000     0.9139     0.9884    34.4869    34.5641    25.1091    25.1490     51.241     62.882     20.918     25.730 0.0000e+00
       5868    244.463     89.550 -106.81012   16.77832     89.000    16.7125    16.6647 4.4054e+04   4.410889     0.4700     0.0385    99.0427 1.4123e+00          0     0.9048     0.9848     0.0980     0.1147     4.6075     0.0000     1.1931     0.0000     0.8423     0.8700    34.4759    34.5654    25.1832    25.2632     44.166     48.197     17.906     19.529 0.0000e+00
       5905    246.000     90.557 -106.81010   16.77832     90.000    16.6524    16.6124 4.3995e+04   4.406202     0.4416     0.0379    99.0568 1.3111e+00          0     0.8640     0.9098     0.0952     0.1148     4.6081     0.0000     1.1628     0.0000     0.8380     0.8625    34.4754    34.5689    25.1968    25.2780     44.113     48.465     17.866     19.624 0.0000e+00
       5937    247.316     91.563 -106.81010   16.77834     91.000    16.5357    16.4976 4.3880e+04   4.394611     0.4114     0.0367    99.0878 1.2092e+00          0     0.8511     0.8843     0.0921     0.1148     4.6096     0.0000     1.1302     0.0000     0.8324     0.8536    34.4750    34.5659    25.2238    25.3025     43.922     47.744     17.748     19.289 0.0000e+00
       5974    248.877     92.570 -106.81010   16.77834     92.000    16.5129    16.4781 4.3861e+04   4.392396     0.4080     0.0355    99.1158 1.1127e+00          0     0.8422     0.8683     0.0918     0.1148     4.6108     0.0000     1.0968     0.0000     0.8278     0.8470    34.4771    34.5629    25.2307    25.3047     43.770     47.357     17.679     19.125 0.0000e+00
       6029    251.177     93.576 -106.81010   16.77833     93.000    16.5057    16.4709 4.3856e+04   4.391755     0.4368     0.0355    99.1158 1.0289e+00          0     0.8321     0.8530     0.0947     0.1148     4.6108     0.0000     1.0658     0.0000     0.8241     0.8415    34.4787    34.5631    25.2336    25.3066     43.789     46.990     17.685     18.974 0.0000e+00
       6152    256.282     94.582 -106.81010   16.77833     94.000    16.5049    16.4664 4.3857e+04   4.391940     0.4450     0.0350    99.1299 9.4284e-01          0     0.8227     0.8383     0.0955     0.1148     4.6115     0.0000     1.0318     0.0000     0.8138     0.8312    34.4804    34.5683    25.2352    25.3116     40.064     44.610     16.181     18.013 0.0000e+00
       6187    257.751     95.589 -106.81010   16.77834     95.000    16.2259    16.1874 4.3582e+04   4.365265     0.3930     0.0337    99.1597 8.9244e-01          0     0.8240     0.8390     0.0903     0.1148     4.6128     0.0000     1.0099     0.0000     0.7902     0.8130    34.4779    34.5742    25.2978    25.3806     35.135     40.682     14.112     16.338 0.0000e+00
       6209    258.672     96.595 -106.81010   16.77834     96.000    16.0667    16.0267 4.3426e+04   4.349908     0.3489     0.0330    99.1791 8.3312e-01          0     0.8185     0.8357     0.0859     0.1148     4.6138     0.0000     0.9830     0.0000     0.7771     0.8008    34.4772    34.5774    25.3337    25.4199     33.490     38.846     13.410     15.552 0.0000e+00
       6233    259.668     97.602 -106.81010   16.77834     97.000    15.8978    15.8586 4.3265e+04   4.333915     0.3165     0.0327    99.1870 7.6611e-01          0     0.8096     0.8296     0.0826     0.1147     4.6142     0.0000     0.9506     0.0000     0.7646     0.7880    34.4811    34.5812    25.3751    25.4610     33.029     37.406     13.182     14.927 0.0000e+00
       6302    262.547     98.608 -106.81010   16.77833     98.000    15.8318    15.8020 4.3204e+04   4.326899     0.3316     0.0306    99.2370 7.0205e-01          0     0.7776     0.7986     0.0841     0.1147     4.6165     0.0000     0.9171     0.0000     0.7573     0.7749    34.4835    34.5676    25.3919    25.4634     34.094     37.295     13.589     14.864 0.0000e+00
       6398    266.533     99.615 -106.81010   16.77832     99.000    15.5220    15.4645 4.2899e+04   4.297064     0.3328     0.0304    99.2431 6.5730e-01          0     0.7608     0.7749     0.0842     0.1148     4.6168     0.0000     0.8923     0.0000     0.7325     0.7530    34.4808    34.5954    25.4595    25.5606     28.528     33.111     11.302     13.112 0.0000e+00
       6423    267.584    100.621 -106.81010   16.77832    100.000    15.3151    15.2788 4.2701e+04   4.277107     0.2840     0.0291    99.2751 6.1259e-01          0     0.7559     0.7725     0.0794     0.1148     4.6182     0.0000     0.8658     0.0000     0.7194     0.7419    34.4829    34.5784    25.5072    25.5889     25.622     31.088     10.110     12.265 0.0000e+00
       6452    268.773    101.628 -106.81010   16.77832    101.000    15.2679    15.2334 4.2664e+04   4.272678     0.2440     0.0270    99.3266 5.6670e-01          0     0.7454     0.7647     0.0754     0.1147     4.6207     0.0000     0.8368     0.0000     0.7016     0.7258    34.4906    34.5780    25.5236    25.5986     24.260     28.368      9.564     11.181 0.0000e+00
       6545    272.679    102.634 -106.81010   16.77832    102.000    15.2892    15.2405 4.2696e+04   4.274941     0.2657     0.0272    99.3224 5.1828e-01          0     0.7062     0.7248     0.0776     0.1148     4.6205     0.0000     0.8042     0.0000     0.6946     0.7061    34.5008    34.5918    25.5268    25.6077     24.545     27.347      9.680     10.781 0.0000e+00
       6613    275.513    103.641 -106.81010   16.77830    103.000    15.1757    15.1158 4.2626e+04   4.267796     0.3012     0.0263    99.3450 4.8885e-01          0     0.7083     0.7140     0.0811     0.1148     4.6215     0.0000     0.7828     0.0000     0.6352     0.6647    34.5371    34.6370    25.5799    25.6701      8.271     15.707      3.255      6.179 0.0000e+00
       6632    276.290    104.647 -106.81010   16.77830    104.000    15.1058    15.0723 4.2592e+04   4.265194     0.3020     0.0249    99.3788 4.6163e-01          0     0.7077     0.7159     0.0812     0.1148     4.6231     0.0000     0.7622     0.0000     0.6153     0.6425    34.5671    34.6514    25.6184    25.6908      9.632     13.844      3.787      5.442 0.0000e+00
       6649    276.999    105.654 -106.81010   16.77830    105.000    15.1033    15.0676 4.2615e+04   4.267566     0.2349     0.0243    99.3939 4.3361e-01          0     0.6974     0.7114     0.0745     0.1148     4.6238     0.0000     0.7399     0.0000     0.6061     0.6295    34.5902    34.6767    25.6368    25.7113     10.942     13.853      4.302      5.446 0.0000e+00
       6665    277.667    106.660 -106.81010   16.77830    106.000    15.0363    14.9958 4.2561e+04   4.262800     0.1982     0.0242    99.3970 4.1109e-01          0     0.6793     0.6996     0.0708     0.1148     4.6239     0.0000     0.7212     0.0000     0.5997     0.6214    34.5995    34.6967    25.6587    25.7426     11.158     13.956      4.381      5.479 0.0000e+00
       6682    278.358    107.666 -106.81010   16.77830    107.000    14.8603    14.8160 4.2375e+04   4.244878     0.1812     0.0242    99.3970 3.8187e-01          0     0.6566     0.6829     0.0691     0.1147     4.6239     0.0000     0.6956     0.0000     0.5947     0.6155    34.5856    34.6927    25.6865    25.7787     11.252     13.762      4.402      5.383 0.0000e+00
       6704    279.275    108.673 -106.81010   16.77830    108.000    14.7900    14.7551 4.2317e+04   4.238099     0.1682     0.0242    99.3970 3.5743e-01          0     0.6283     0.6571     0.0678     0.1147     4.6239     0.0000     0.6729     0.0000     0.5902     0.6092    34.5954    34.6847    25.7093    25.7857     11.691     13.540      4.568      5.290 0.0000e+00
       6778    282.379    109.679 -106.81010   16.77830    109.000    14.8049    14.7579 4.2334e+04   4.238236     0.1763     0.0234    99.4161 3.2605e-01          0     0.5943     0.6140     0.0686     0.1148     4.6248     0.0000     0.6420     0.0000     0.5812     0.5997    34.5970    34.6830    25.7074    25.7839      9.596     12.548      3.751      4.902 0.0000e+00
       6844    285.141    110.686 -106.81010   16.77830    110.000    14.6502    14.6880 4.2219e+04   4.234569     0.1857     0.0237    99.4086 3.0669e-01          0     0.5876     0.6027     0.0696     0.1148     4.6245     0.0000     0.6217     0.0000     0.5546     0.5805    34.6292    34.7114    25.7656    25.8209      3.787      7.437      1.476      2.902 0.0000e+00
       6868    286.116    111.692 -106.81010   16.77830    111.000    14.5194    14.4815 4.2125e+04   4.219157     0.1512     0.0239    99.4053 2.8372e-01          0     0.5844     0.6009     0.0661     0.1146     4.6243     0.0000     0.5964     0.0000     0.5454     0.5687    34.6592    34.7542    25.8170    25.8984      3.833      6.378      1.490      2.479 0.0000e+00
       6888    286.966    112.699 -106.81010   16.77830    112.000    14.4723    14.4377 4.2083e+04   4.214631     0.1377     0.0228    99.4310 2.7019e-01          0     0.5771     0.5986     0.0648     0.1148     4.6256     0.0000     0.5807     0.0000     0.5398     0.5616    34.6620    34.7513    25.8293    25.9056      3.517      5.901      1.366      2.292 0.0000e+00
       6911    287.901    113.705 -106.81010   16.77830    113.000    14.4100    14.3725 4.2027e+04   4.209222     0.1365     0.0225    99.4388 2.4607e-01          0     0.5645     0.5906     0.0646     0.1147     4.6259     0.0000     0.5515     0.0000     0.5334     0.5547    34.6661    34.7595    25.8457    25.9259      2.484      4.995      0.964      1.937 0.0000e+00
       6937    289.000    114.712 -106.81010   16.77830    114.000    14.2995    14.2574 4.1936e+04   4.199915     0.1359     0.0243    99.3928 2.2885e-01          0     0.5517     0.5766     0.0646     0.1147     4.6237     0.0000     0.5291     0.0000     0.5261     0.5464    34.6802    34.7766    25.8802    25.9636      1.808      3.914      0.700      1.515 0.0000e+00
       6969    290.316    115.719 -106.81010   16.77830    115.000    14.1264    14.0937 4.1798e+04   4.186591     0.2129     0.0239    99.4053 2.1040e-01          0     0.5416     0.5636     0.0723     0.1148     4.6243     0.0000     0.5039     0.0000     0.5198     0.5387    34.7079    34.8003    25.9383    26.0165      1.931      3.375      0.745      1.302 0.0000e+00
       7000    291.635    116.725 -106.81010   16.77830    116.000    14.1020    14.0692 4.1779e+04   4.184008     0.2148     0.0256    99.3628 1.9473e-01          0     0.5327     0.5539     0.0725     0.1146     4.6223     0.0000     0.4814     0.0000     0.5166     0.5338    34.7119    34.7980    25.9465    26.0200      2.038      3.203      0.786      1.235 0.0000e+00
       7036    293.122    117.732 -106.81009   16.77830    117.000    14.0978    14.0646 4.1777e+04   4.183670     0.2119     0.0261    99.3487 1.8069e-01          0     0.5236     0.5432     0.0722     0.1147     4.6217     0.0000     0.4601     0.0000     0.5144     0.5307    34.7135    34.7986    25.9487    26.0214      2.098      3.031      0.809      1.169 0.0000e+00
       7081    295.007    118.738 -106.81008   16.77830    118.000    14.0951    14.0630 4.1777e+04   4.183602     0.2292     0.0267    99.3352 1.6684e-01          0     0.5179     0.5353     0.0739     0.1147     4.6211     0.0000     0.4380     0.0000     0.5132     0.5284    34.7151    34.7990    25.9505    26.0221      2.102      2.932      0.811      1.130 0.0000e+00
       7132    297.111    119.745 -106.81008   16.77830    119.000    14.0901    14.0572 4.1775e+04   4.183321     0.2447     0.0258    99.3567 1.5523e-01          0     0.5149     0.5308     0.0755     0.1147     4.6221     0.0000     0.4186     0.0000     0.5117     0.5268    34.7172    34.8012    25.9532    26.0251      1.823      2.715      0.703      1.047 0.0000e+00
       7163    298.437    120.751 -106.81008   16.77830    120.000    14.0640    14.0310 4.1755e+04   4.181550     0.2345     0.0279    99.3046 1.4703e-01          0     0.5140     0.5293     0.0745     0.1147     4.6196     0.0000     0.4044     0.0000     0.5107     0.5257    34.7223    34.8081    25.9627    26.0359      1.808      2.493      0.697      0.961 0.0000e+00
       7188    299.474    121.758 -106.81008   16.77830    121.000    14.0406    14.0087 4.1737e+04   4.179677     0.2769     0.0310    99.2269 1.3750e-01          0     0.5136     0.5287     0.0787     0.1148     4.6160     0.0000     0.3873     0.0000     0.5105     0.5245    34.7262    34.8104    25.9707    26.0424      1.741      2.397      0.671      0.923 0.0000e+00
       7212    300.451    122.764 -106.81008   16.77830    122.000    14.0333    13.9998 4.1732e+04   4.179044     0.3204     0.0326    99.1898 1.2946e-01          0     0.5127     0.5278     0.0830     0.1147     4.6143     0.0000     0.3722     0.0000     0.5096     0.5241    34.7278    34.8121    25.9734    26.0456      1.583      2.429      0.610      0.935 0.0000e+00
       7236    301.456    123.771 -106.81008   16.77830    123.000    13.9964    13.9613 4.1701e+04   4.176000     0.3203     0.0333    99.1723 1.2177e-01          0     0.5119     0.5271     0.0830     0.1148     4.6135     0.0000     0.3574     0.0000     0.5094     0.5238    34.7312    34.8182    25.9838    26.0584      1.783      2.351      0.686      0.905 0.0000e+00
       7269    302.822    124.777 -106.81008   16.77830    124.000    13.9750    13.9414 4.1684e+04   4.174151     0.3459     0.0359    99.1072 1.1352e-01          0     0.5114     0.5258     0.0856     0.1148     4.6105     0.0000     0.3408     0.0000     0.5092     0.5229    34.7343    34.8186    25.9908    26.0629      1.630      2.286      0.627      0.879 0.0000e+00
       7323    305.067    125.784 -106.81009   16.77830    125.000    13.9490    13.9154 4.1662e+04   4.172063     0.4154     0.0379    99.0569 1.0706e-01          0     0.5104     0.5244     0.0925     0.1149     4.6081     0.0000     0.3274     0.0000     0.5085     0.5225    34.7370    34.8222    25.9984    26.0712      1.624      2.242      0.625      0.862 0.0000e+00
       7370    307.039    126.791 -106.81010   16.77830    126.000    13.8457    13.8101 4.1568e+04   4.163079     0.4153     0.0418    98.9589 9.8913e-02          0     0.5099     0.5238     0.0925     0.1148     4.6035     0.0000     0.3099     0.0000     0.5083     0.5221    34.7428    34.8334    26.0244    26.1018      1.597      2.152      0.613      0.826 0.0000e+00
       7397    308.158    127.797 -106.81010   16.77830    127.000    13.7642    13.7282 4.1495e+04   4.155662     0.3618     0.0372    99.0727 9.1150e-02          0     0.5095     0.5237     0.0871     0.1148     4.6089     0.0000     0.2923     0.0000     0.5082     0.5217    34.7476    34.8380    26.0450    26.1224      1.639      2.157      0.628      0.826 0.0000e+00
       7421    309.161    128.804 -106.81010   16.77830    128.000    13.7155    13.6828 4.1451e+04   4.151111     0.3173     0.0359    99.1059 8.1046e-02          0     0.5095     0.5231     0.0827     0.1148     4.6104     0.0000     0.2687     0.0000     0.5081     0.5216    34.7504    34.8361    26.0573    26.1305      1.617      2.088      0.619      0.799 0.0000e+00
       7445    310.148    129.811 -106.81010   16.77830    129.000    13.7123    13.6801 4.1449e+04   4.150742     0.3040     0.0350    99.1291 7.9909e-02          0     0.5093     0.5233     0.0814     0.1147     4.6115     0.0000     0.2660     0.0000     0.5082     0.5210    34.7505    34.8348    26.0581    26.1300      1.636      2.000      0.626      0.765 0.0000e+00
