data/ctd-cnv/KM1919/KM1919-St20-P2/St20_P2_cast38-align-cellTM-derive-bin.cnv
* Sea-Bird SBE 9 Data File:
* FileName = C:\Users\otg\Desktop\CTD Data\km1920\St20_P2_cast38.hex
* Software Version Seasave V 7.26.7.107
* Temperature SN = 5554
* Conductivity SN = 3876
* Number of Bytes Per Scan = 41
* Number of Voltage Words = 4
* Number of Scans Averaged by the Deck Unit = 1
* NMEA Latitude = 16 46.02 N
* NMEA Longitude = 106 49.11 W
* NMEA UTC (Time) = Oct 07 2019  16:45:12
* NMEA baud rate = 4800
** Ship: Kilo Moana
** Station: St20_P2cast 38
** Operator: jac
# nquan = 34
# nvalues = 251                         
# units = specified
# name 0 = scan: Scan Count
# name 1 = timeS: Time, Elapsed [seconds]
# name 2 = prDM: Pressure, Digiquartz [db]
# name 3 = longitude: Longitude [deg]
# name 4 = latitude: Latitude [deg]
# name 5 = depSM: Depth [salt water, m]
# name 6 = t090C: Temperature [ITS-90, deg C]
# name 7 = t190C: Temperature, 2 [ITS-90, deg C]
# name 8 = c0uS/cm: Conductivity [uS/cm]
# name 9 = c1S/m: Conductivity, 2 [S/m]
# name 10 = flECO-AFL: Fluorescence, WET Labs ECO-AFL/FL [mg/m^3]
# name 11 = CStarAt0: Beam Attenuation, WET Labs C-Star [1/m]
# name 12 = CStarTr0: Beam Transmission, WET Labs C-Star [%]
# name 13 = par: PAR/Irradiance, Biospherical/Licor
# name 14 = modError: Modulo Error Count
# name 15 = v0: Voltage 0
# name 16 = v1: Voltage 1
# name 17 = v2: Voltage 2
# name 18 = v3: Voltage 3
# name 19 = v4: Voltage 4
# name 20 = v5: Voltage 5
# name 21 = v6: Voltage 6
# name 22 = v7: Voltage 7
# name 23 = sbeox0V: Oxygen raw, SBE 43 [V]
# name 24 = sbeox1V: Oxygen raw, SBE 43, 2 [V]
# name 25 = sal00: Salinity, Practical [PSU]
# name 26 = sal11: Salinity, Practical, 2 [PSU]
# name 27 = sigma-é00: Density [sigma-theta, kg/m^3]
# name 28 = sigma-é11: Density, 2 [sigma-theta, kg/m^3]
# name 29 = sbeox0Mm/L: Oxygen, SBE 43 [umol/l], WS = 2
# name 30 = sbeox1Mm/L: Oxygen, SBE 43, 2 [umol/l], WS = 2
# name 31 = sbeox0PS: Oxygen, SBE 43 [% saturation], WS = 2
# name 32 = sbeox1PS: Oxygen, SBE 43, 2 [% saturation], WS = 2
# name 33 = flag: flag
# span 0 =         65,       9589       
# span 1 =      2.653,    399.482       
# span 2 =      2.012,    253.659       
# span 3 = -106.81854, -106.81849       
# span 4 =   16.76694,   16.76698       
# span 5 =      2.000,    252.000       
# span 6 =    11.5737,    29.6002       
# span 7 =    11.5436,    29.5606       
# span 8 = 3.9450e+04, 5.7319e+04       
# span 9 =   3.950452,   5.740035       
# span 10 =     0.0228,     1.5943      
# span 11 =     0.0211,     0.1122      
# span 12 =    97.2343,    99.4728      
# span 13 = 3.6832e-03, 1.0575e+03      
# span 14 =          0,          0      
# span 15 =     0.5046,     2.4875      
# span 16 =     0.5164,     2.4722      
# span 17 =     0.0532,     0.2104      
# span 18 =     0.1126,     0.1157      
# span 19 =     4.5234,     4.6275      
# span 20 =     0.0000,     0.0000      
# span 21 =     0.0247,     4.0315      
# span 22 =     0.0000,     0.0000      
# span 23 =     0.5036,     2.4809      
# span 24 =     0.5153,     2.4690      
# span 25 =    34.2599,    34.7850      
# span 26 =    34.3510,    34.8705      
# span 27 =    21.5499,    26.4825      
# span 28 =    21.6263,    26.5517      
# span 29 =      1.027,    227.689      
# span 30 =      1.297,    239.443      
# span 31 =      0.376,    106.025      
# span 32 =      0.477,    111.375      
# span 33 = 0.0000e+00, 0.0000e+00      
# interval = meters: 1                  
# start_time = Oct 07 2019 16:50:06 [NMEA time, first data scan]
# bad_flag = -9.990e-29
*END*
         65      2.653      2.012 -106.81854   16.76695      2.000    29.6002    29.5606 5.7319e+04   5.740035     0.0228     0.0516    98.7187 1.0575e+03          0     2.3395     2.3220     0.0532     0.1157     4.5924     0.0000     4.0315     0.0000     2.3400     2.3275    34.5835    34.6675    21.5499    21.6263    191.634    201.749     97.488    102.615 0.0000e+00
        167      6.897      3.018 -106.81854   16.76696      3.000    29.5788    29.5334 5.7295e+04   5.738023     0.0390     0.0497    98.7656 9.4606e+02          0     2.3471     2.3300     0.0549     0.1126     4.5945     0.0000     3.9854     0.0000     2.3421     2.3266    34.5821    34.6731    21.5562    21.6398    191.651    201.581     97.462    102.488 0.0000e+00
        188      7.779      4.024 -106.81854   16.76696      4.000    29.5546    29.5113 5.7268e+04   5.734882     0.0395     0.0497    98.7656 8.1006e+02          0     2.3460     2.3295     0.0549     0.1147     4.5945     0.0000     3.9205     0.0000     2.3401     2.3253    34.5811    34.6674    21.5637    21.6431    191.853    201.584     97.526    102.450 0.0000e+00
        209      8.676      5.030 -106.81854   16.76696      5.000    29.5530    29.5091 5.7267e+04   5.734591     0.0395     0.0501    98.7555 7.2117e+02          0     2.3462     2.3278     0.0549     0.1148     4.5941     0.0000     3.8674     0.0000     2.3444     2.3247    34.5814    34.6667    21.5645    21.6433    192.618    201.350     97.912    102.327 0.0000e+00
        301     12.507      6.036 -106.81854   16.76695      6.000    29.5605    29.5196 5.7276e+04   5.735743     0.0395     0.0496    98.7666 7.3359e+02          0     2.3414     2.3243     0.0549     0.1148     4.5946     0.0000     3.8717     0.0000     2.3424     2.3275    34.5816    34.6667    21.5623    21.6399    191.971    201.978     97.595    102.664 0.0000e+00
        395     16.433      7.042 -106.81854   16.76694      7.000    29.5583    29.5174 5.7274e+04   5.735610     0.0395     0.0496    98.7660 6.8628e+02          0     2.3443     2.3157     0.0549     0.1147     4.5946     0.0000     3.8493     0.0000     2.3401     2.3306    34.5815    34.6671    21.5630    21.6411    191.981    202.323     97.597    102.836 0.0000e+00
        429     17.819      8.048 -106.81854   16.76694      8.000    29.5546    29.5110 5.7270e+04   5.734872     0.0423     0.0493    98.7739 6.4777e+02          0     2.3392     2.3268     0.0552     0.1148     4.5949     0.0000     3.8225     0.0000     2.3428     2.3263    34.5812    34.6664    21.5640    21.6428    192.498    201.620     97.854    102.467 0.0000e+00
        541     22.508      9.054 -106.81854   16.76694      9.000    29.5450    29.5003 5.7259e+04   5.733827     0.0400     0.0499    98.7607 6.2119e+02          0     2.3464     2.3237     0.0550     0.1147     4.5943     0.0000     3.7868     0.0000     2.3506     2.3292    34.5808    34.6667    21.5671    21.6466    192.807    202.631     97.996    102.964 0.0000e+00
        564     23.477     10.060 -106.81854   16.76694     10.000    29.5326    29.4913 5.7246e+04   5.732710     0.0395     0.0504    98.7473 5.6061e+02          0     2.3436     2.3264     0.0549     0.1148     4.5937     0.0000     3.7434     0.0000     2.3463     2.3335    34.5805    34.6653    21.5711    21.6488    192.042    203.065     97.587    103.169 0.0000e+00
        590     24.525     11.066 -106.81854   16.76694     11.000    29.5449    29.5016 5.7261e+04   5.734038     0.0423     0.0497    98.7640 5.1019e+02          0     2.3463     2.3283     0.0552     0.1148     4.5945     0.0000     3.7174     0.0000     2.3440     2.3353    34.5812    34.6666    21.5676    21.6463    192.030    202.986     97.601    103.146 0.0000e+00
        628     26.138     12.072 -106.81854   16.76694     12.000    29.5444    29.5027 5.7261e+04   5.734085     0.0420     0.0496    98.7667 4.8851e+02          0     2.3484     2.3308     0.0552     0.1147     4.5946     0.0000     3.6920     0.0000     2.3384     2.3310    34.5813    34.6659    21.5679    21.6454    191.657    202.169     97.411    102.732 0.0000e+00
        716     29.779     13.078 -106.81854   16.76694     13.000    29.5449    29.5027 5.7261e+04   5.734159     0.0427     0.0493    98.7761 4.5207e+02          0     2.3390     2.3314     0.0552     0.1148     4.5950     0.0000     3.6684     0.0000     2.3431     2.3270    34.5812    34.6661    21.5678    21.6457    192.151    202.248     97.662    102.772 0.0000e+00
        780     32.478     14.084 -106.81854   16.76695     14.000    29.5158    29.4785 5.7231e+04   5.731951     0.0394     0.0497    98.7653 4.6161e+02          0     2.3464     2.3266     0.0549     0.1147     4.5945     0.0000     3.6763     0.0000     2.3390     2.3227    34.5811    34.6682    21.5776    21.6556    192.487    201.118     97.787    102.160 0.0000e+00
        813     33.824     15.090 -106.81854   16.76696     15.000    29.5054    29.4662 5.7222e+04   5.730464     0.0428     0.0498    98.7616 4.3807e+02          0     2.3402     2.3286     0.0552     0.1148     4.5944     0.0000     3.6519     0.0000     2.3443     2.3200    34.5821    34.6666    21.5819    21.6586    192.763    201.940     97.911    102.556 0.0000e+00
        840     34.942     16.096 -106.81854   16.76696     16.000    29.5132    29.4694 5.7231e+04   5.730991     0.0460     0.0497    98.7639 4.7248e+02          0     2.3364     2.3295     0.0556     0.1148     4.5945     0.0000     3.6835     0.0000     2.3420     2.3273    34.5821    34.6677    21.5794    21.6584    192.215    202.736     97.646    102.967 0.0000e+00
        867     36.101     17.102 -106.81854   16.76696     17.000    29.5087    29.4652 5.7228e+04   5.730736     0.0469     0.0496    98.7661 4.2195e+02          0     2.3399     2.3206     0.0557     0.1148     4.5946     0.0000     3.6320     0.0000     2.3449     2.3283    34.5831    34.6687    21.5817    21.6607    192.859    202.311     97.966    102.744 0.0000e+00
        962     40.024     18.108 -106.81854   16.76694     18.000    29.5088    29.4662 5.7228e+04   5.730797     0.0451     0.0496    98.7679 4.0244e+02          0     2.3425     2.3268     0.0555     0.1148     4.5946     0.0000     3.6127     0.0000     2.3412     2.3297    34.5832    34.6681    21.5819    21.6599    192.294    202.731     97.679    102.959 0.0000e+00
       1036     43.143     19.114 -106.81854   16.76694     19.000    29.4743    29.4242 5.7195e+04   5.727620     0.0447     0.0494    98.7735 3.5244e+02          0     2.3455     2.3295     0.0555     0.1148     4.5949     0.0000     3.5590     0.0000     2.3419     2.3315    34.5848    34.6764    21.5948    21.6804    192.454    203.085     97.707    103.074 0.0000e+00
       1065     44.347     20.120 -106.81854   16.76694     20.000    29.3979    29.3565 5.7116e+04   5.720032     0.0525     0.0492    98.7773 4.0099e+02          0     2.3390     2.3324     0.0562     0.1147     4.5951     0.0000     3.6164     0.0000     2.3430     2.3315    34.5861    34.6732    21.6216    21.7009    193.209    203.017     97.970    102.925 0.0000e+00
       1098     45.711     21.127 -106.81854   16.76694     21.000    29.3869    29.3447 5.7104e+04   5.718555     0.0638     0.0496    98.7665 3.8320e+02          0     2.3428     2.3306     0.0574     0.1147     4.5946     0.0000     3.5962     0.0000     2.3455     2.3279    34.5850    34.6714    21.6246    21.7036    193.488    202.981     98.094    102.886 0.0000e+00
       1141     47.489     22.132 -106.81854   16.76694     22.000    29.3764    29.3338 5.7094e+04   5.717437     0.0706     0.0507    98.7417 3.5506e+02          0     2.3427     2.3313     0.0581     0.1147     4.5934     0.0000     3.5627     0.0000     2.3482     2.3295    34.5855    34.6713    21.6285    21.7073    193.525    203.096     98.097    102.926 0.0000e+00
       1192     49.609     23.139 -106.81854   16.76694     23.000    29.3701    29.3278 5.7091e+04   5.717189     0.0825     0.0507    98.7407 3.5170e+02          0     2.3463     2.3287     0.0592     0.1147     4.5934     0.0000     3.5581     0.0000     2.3440     2.3275    34.5882    34.6737    21.6328    21.7112    192.990    203.030     97.817    102.884 0.0000e+00
       1283     53.399     24.144 -106.81854   16.76694     24.000    29.3610    29.3170 5.7084e+04   5.716322     0.0799     0.0512    98.7286 2.6998e+02          0     2.3434     2.3295     0.0590     0.1147     4.5928     0.0000     3.4442     0.0000     2.3389     2.3353    34.5897    34.6753    21.6371    21.7161    192.794    204.003     97.704    103.360 0.0000e+00
       1357     56.488     25.151 -106.81854   16.76696     25.000    29.3474    29.3057 5.7071e+04   5.715299     0.0766     0.0527    98.6916 2.4518e+02          0     2.3377     2.3359     0.0587     0.1148     4.5911     0.0000     3.4035     0.0000     2.3446     2.3336    34.5903    34.6762    21.6422    21.7206    193.515    203.728     98.048    103.203 0.0000e+00
       1383     57.568     26.157 -106.81854   16.76696     26.000    29.3413    29.2990 5.7067e+04   5.714693     0.0883     0.0536    98.6689 2.5326e+02          0     2.3388     2.3357     0.0598     0.1148     4.5901     0.0000     3.4173     0.0000     2.3457     2.3337    34.5912    34.6765    21.6450    21.7232    193.779    203.692     98.173    103.174 0.0000e+00
       1406     58.561     27.163 -106.81854   16.76696     27.000    29.3389    29.2968 5.7067e+04   5.714672     0.0842     0.0514    98.7235 2.3097e+02          0     2.3427     2.3348     0.0594     0.1148     4.5926     0.0000     3.3768     0.0000     2.3471     2.3316    34.5926    34.6777    21.6470    21.7249    193.558    203.810     98.058    103.231 0.0000e+00
       1431     59.597     28.169 -106.81854   16.76696     28.000    29.3374    29.2953 5.7075e+04   5.715580     0.0807     0.0514    98.7233 2.2685e+02          0     2.3442     2.3339     0.0591     0.1148     4.5926     0.0000     3.3695     0.0000     2.3435     2.3365    34.5992    34.6847    21.6525    21.7307    192.868    204.491     97.710    103.577 0.0000e+00
       1513     63.009     29.175 -106.81854   16.76696     29.000    29.3288    29.2839 5.7065e+04   5.714135     0.0867     0.0519    98.7116 1.9841e+02          0     2.3430     2.3352     0.0596     0.1147     4.5921     0.0000     3.3099     0.0000     2.3408     2.3342    34.5979    34.6828    21.6544    21.7332    193.029    203.907     97.777    103.261 0.0000e+00
       1610     67.028     30.181 -106.81854   16.76696     30.000    29.2753    29.2373 5.6990e+04   5.709557     0.0841     0.0518    98.7147 2.0547e+02          0     2.3400     2.3345     0.0594     0.1147     4.5922     0.0000     3.3245     0.0000     2.3355     2.3308    34.5855    34.6849    21.6632    21.7505    192.537    203.904     97.437    103.183 0.0000e+00
       1631     67.902     31.187 -106.81854   16.76696     31.000    29.0766    29.0247 5.6709e+04   5.680711     0.0885     0.0523    98.7021 2.2473e+02          0     2.3460     2.3328     0.0598     0.1147     4.5916     0.0000     3.3647     0.0000     2.3362     2.3294    34.5356    34.6408    21.6924    21.7887    193.861    204.143     97.766    102.924 0.0000e+00
       1651     68.760     32.194 -106.81854   16.76696     32.000    28.9533    28.9103 5.6533e+04   5.662057     0.0883     0.0528    98.6889 1.8533e+02          0     2.3387     2.3296     0.0598     0.1147     4.5910     0.0000     3.2819     0.0000     2.3386     2.3268    34.5037    34.5952    21.7097    21.7927    195.397    204.534     98.327    102.905 0.0000e+00
       1674     69.690     33.199 -106.81854   16.76696     33.000    28.9336    28.8912 5.6506e+04   5.658962     0.0991     0.0528    98.6882 2.1731e+02          0     2.3386     2.3290     0.0609     0.1147     4.5910     0.0000     3.3507     0.0000     2.3463     2.3287    34.4993    34.5874    21.7130    21.7932    195.383    205.147     98.286    103.177 0.0000e+00
       1776     73.943     34.206 -106.81854   16.76696     34.000    28.9604    28.9161 5.6547e+04   5.662344     0.0978     0.0522    98.7047 1.8462e+02          0     2.3395     2.3296     0.0608     0.1147     4.5917     0.0000     3.2788     0.0000     2.3361     2.3306    34.5077    34.5924    21.7104    21.7888    194.623    205.187     97.950    103.242 0.0000e+00
       1840     76.623     35.212 -106.81854   16.76696     35.000    28.9445    28.9022 5.6557e+04   5.663177     0.1073     0.0520    98.7087 1.4760e+02          0     2.3377     2.3301     0.0617     0.1147     4.5919     0.0000     3.1830     0.0000     2.3837     2.3522    34.5261    34.6079    21.7296    21.8051    204.897    210.697    103.105    105.999 0.0000e+00
       1864     77.633     36.218 -106.81854   16.76696     36.000    28.5381    28.4688 5.6230e+04   5.636573     0.1125     0.0565    98.5961 1.4869e+02          0     2.3342     2.3336     0.0623     0.1147     4.5867     0.0000     3.1861     0.0000     2.4181     2.3835    34.5946    34.7397    21.9157    22.0475    208.733    215.340    104.381    107.651 0.0000e+00
       1893     78.832     37.224 -106.81854   16.76696     37.000    27.6890    27.6315 5.5352e+04   5.547702     0.1455     0.0669    98.3417 1.6815e+02          0     2.3407     2.3285     0.0656     0.1148     4.5749     0.0000     3.2393     0.0000     2.4464     2.4127    34.6040    34.7343    22.2005    22.3172    213.223    221.681    105.163    109.308 0.0000e+00
       1949     81.167     38.230 -106.81854   16.76696     38.000    26.9006    26.8564 5.4530e+04   5.464020     0.1771     0.0764    98.1080 1.4671e+02          0     2.4168     2.3821     0.0687     0.1148     4.5640     0.0000     3.1798     0.0000     2.4747     2.4551    34.6055    34.7171    22.4549    22.5531    217.632    228.065    105.951    111.018 0.0000e+00
       2006     83.534     39.236 -106.81854   16.76696     39.000    26.6116    26.5697 5.4228e+04   5.431873     0.2106     0.0810    97.9965 1.0649e+02          0     2.4634     2.4407     0.0720     0.1147     4.5588     0.0000     3.0395     0.0000     2.4677     2.4640    34.6050    34.7014    22.5464    22.6322    215.313    228.258    104.320    110.575 0.0000e+00
       2044     85.132     40.243 -106.81854   16.76696     40.000    26.3714    26.3215 5.3978e+04   5.407939     0.2299     0.0829    97.9482 8.2564e+01          0     2.4793     2.4603     0.0740     0.1148     4.5565     0.0000     2.9294     0.0000     2.4686     2.4586    34.6044    34.7154    22.6215    22.7208    219.182    229.516    105.767    110.731 0.0000e+00
       2114     88.062     41.249 -106.81854   16.76696     41.000    25.4364    25.3617 5.2957e+04   5.302678     0.2553     0.0846    97.9057 6.8896e+01          0     2.4712     2.4617     0.0765     0.1149     4.5546     0.0000     2.8517     0.0000     2.4809     2.4690    34.5673    34.6757    22.8834    22.9881    223.247    234.667    106.025    111.375 0.0000e+00
       2212     92.106     42.255 -106.81854   16.76696     42.000    24.8924    24.8535 5.2361e+04   5.246339     0.2430     0.0801    98.0176 6.4489e+01          0     2.4875     2.4720     0.0753     0.1149     4.5598     0.0000     2.8239     0.0000     2.4713     2.4646    34.5426    34.6487    23.0310    23.1229    223.710    234.903    105.255    110.515 0.0000e+00
       2237     93.149     43.261 -106.81854   16.76696     43.000    24.6986    24.6571 5.2178e+04   5.226464     0.2620     0.0795    98.0328 6.5464e+01          0     2.4796     2.4718     0.0772     0.1148     4.5605     0.0000     2.8303     0.0000     2.4628     2.4567    34.5552    34.6515    23.0990    23.1843    221.938    234.993    104.083    110.188 0.0000e+00
