data/ctd-cnv/KM1919/KM1919-St20-P2/St20_P2_cast55-align-cellTM-derive-bin.cnv
* Sea-Bird SBE 9 Data File:
* FileName = C:\Users\otg\Desktop\CTD Data\km1920\St20_P2_cast55.hex
* Software Version Seasave V 7.26.7.107
* Temperature SN = 5554
* Conductivity SN = 3876
* Number of Bytes Per Scan = 41
* Number of Voltage Words = 4
* Number of Scans Averaged by the Deck Unit = 1
* NMEA Latitude = 16 50.10 N
* NMEA Longitude = 106 51.68 W
* NMEA UTC (Time) = Oct 11 2019  19:05:44
* NMEA baud rate = 4800
** Ship: Kilo Moana
** Station: St20_P2 cast 55
** Operator: jac
# nquan = 34
# nvalues = 510                         
# units = specified
# name 0 = scan: Scan Count
# name 1 = timeS: Time, Elapsed [seconds]
# name 2 = prDM: Pressure, Digiquartz [db]
# name 3 = longitude: Longitude [deg]
# name 4 = latitude: Latitude [deg]
# name 5 = depSMignore: Depth [salt water, m]
# name 6 = t090C: Temperature [ITS-90, deg C]
# name 7 = t190C: Temperature, 2 [ITS-90, deg C]
# name 8 = c0uS/cm: Conductivity [uS/cm]
# name 9 = c1S/m: Conductivity, 2 [S/m]
# name 10 = flECO-AFL: Fluorescence, WET Labs ECO-AFL/FL [mg/m^3]
# name 11 = CStarAt0: Beam Attenuation, WET Labs C-Star [1/m]
# name 12 = CStarTr0: Beam Transmission, WET Labs C-Star [%]
# name 13 = par: PAR/Irradiance, Biospherical/Licor
# name 14 = modError: Modulo Error Count
# name 15 = v0: Voltage 0
# name 16 = v1: Voltage 1
# name 17 = v2: Voltage 2
# name 18 = v3: Voltage 3
# name 19 = v4: Voltage 4
# name 20 = v5: Voltage 5
# name 21 = v6: Voltage 6
# name 22 = v7: Voltage 7
# name 23 = sbeox0V: Oxygen raw, SBE 43 [V]
# name 24 = sbeox1V: Oxygen raw, SBE 43, 2 [V]
# name 25 = sal00: Salinity, Practical [PSU]
# name 26 = sal11: Salinity, Practical, 2 [PSU]
# name 27 = sigma-é00: Density [sigma-theta, kg/m^3]
# name 28 = sigma-é11: Density, 2 [sigma-theta, kg/m^3]
# name 29 = sbeox0Mm/L: Oxygen, SBE 43 [umol/l], WS = 2
# name 30 = sbeox1Mm/L: Oxygen, SBE 43, 2 [umol/l], WS = 2
# name 31 = sbeox0PS: Oxygen, SBE 43 [% saturation], WS = 2
# name 32 = sbeox1PS: Oxygen, SBE 43, 2 [% saturation], WS = 2
# name 33 = flag: flag
# span 0 =         69,      17460       
# span 1 =      2.831,    727.445       
# span 2 =      2.012,    514.690       
# span 3 = -106.86150, -106.86139       
# span 4 =   16.83494,   16.83498       
# span 5 =      2.000,    511.000       
# span 6 =     8.0045,    29.0041       
# span 7 =     7.9772,    28.9632       
# span 8 = 3.6041e+04, 5.6572e+04       
# span 9 =   3.609094,   5.665162       
# span 10 =     0.0427,     1.5603      
# span 11 =     0.0369,     0.1287      
# span 12 =    96.8330,    99.0829      
# span 13 = 1.8648e-04, 1.2240e+03      
# span 14 =          0,          0      
# span 15 =     0.5034,     2.5091      
# span 16 =     0.5136,     2.4969      
# span 17 =     0.0552,     0.2070      
# span 18 =     0.1121,     0.1154      
# span 19 =     4.5047,     4.6093      
# span 20 =     0.0000,     0.0000      
# span 21 =     0.0097,     4.0830      
# span 22 =     0.0000,     0.0000      
# span 23 =     0.5025,     2.5102      
# span 24 =     0.5129,     2.4900      
# span 25 =    34.2630,    34.7818      
# span 26 =    34.3578,    34.8708      
# span 27 =    21.5420,    26.9399      
# span 28 =    21.6183,    27.0071      
# span 29 =      0.905,    231.319      
# span 30 =      0.990,    241.443      
# span 31 =      0.306,    107.674      
# span 32 =      0.339,    112.395      
# span 33 = 0.0000e+00, 0.0000e+00      
# interval = meters: 1                  
# start_time = Oct 11 2019 19:08:18 [NMEA time, first data scan]
# bad_flag = -9.990e-29
*END*
[from data line 171]
       8171    340.429    174.106 -106.86142   16.83494    173.000    12.8107    12.7786 4.0631e+04   4.068872     0.0889     0.0635    98.4257 8.5895e-04          0     0.5077     0.5191     0.0599     0.1127     4.5788     0.0000     0.0126     0.0000     0.5065     0.5181    34.7813    34.8666    26.2660    26.3385      1.366      1.702      0.513      0.639 0.0000e+00
       8191    341.264    175.113 -106.86142   16.83494    174.000    12.8022    12.7705 4.0623e+04   4.067964     0.0883     0.0635    98.4257 9.5811e-04          0     0.5075     0.5190     0.0598     0.1146     4.5788     0.0000     0.0130     0.0000     0.5062     0.5180    34.7811    34.8649    26.2675    26.3387      1.274      1.682      0.479      0.632 0.0000e+00
       8214    342.223    176.120 -106.86142   16.83494    175.000    12.7548    12.7208 4.0577e+04   4.063735     0.0883     0.0635    98.4257 9.2436e-04          0     0.5072     0.5191     0.0598     0.1147     4.5788     0.0000     0.0129     0.0000     0.5061     0.5180    34.7807    34.8699    26.2766    26.3525      1.313      1.660      0.493      0.623 0.0000e+00
       8253    343.817    177.126 -106.86142   16.83494    176.000    12.7092    12.6777 4.0534e+04   4.059215     0.0828     0.0633    98.4314 1.0362e-03          0     0.5074     0.5189     0.0593     0.1135     4.5791     0.0000     0.0134     0.0000     0.5059     0.5179    34.7809    34.8659    26.2858    26.3579      1.333      1.678      0.500      0.629 0.0000e+00
       8308    346.143    178.133 -106.86142   16.83494    177.000    12.6695    12.6369 4.0496e+04   4.055389     0.0888     0.0630    98.4369 8.9338e-04          0     0.5069     0.5188     0.0599     0.1134     4.5793     0.0000     0.0128     0.0000     0.5059     0.5180    34.7804    34.8665    26.2933    26.3665      1.343      1.673      0.503      0.627 0.0000e+00
       8336    347.306    179.140 -106.86142   16.83494    178.000    12.6126    12.5797 4.0440e+04   4.049960     0.0883     0.0621    98.4602 1.0698e-03          0     0.5069     0.5189     0.0598     0.1147     4.5804     0.0000     0.0135     0.0000     0.5058     0.5178    34.7793    34.8668    26.3037    26.3780      1.299      1.616      0.486      0.605 0.0000e+00
       8357    348.168    180.147 -106.86142   16.83494    179.000    12.5848    12.5522 4.0413e+04   4.047078     0.0825     0.0613    98.4782 9.2442e-04          0     0.5068     0.5189     0.0592     0.1134     4.5812     0.0000     0.0129     0.0000     0.5057     0.5176    34.7785    34.8641    26.3085    26.3813      1.284      1.642      0.480      0.614 0.0000e+00
       8376    348.955    181.154 -106.86142   16.83494    180.000    12.5772    12.5457 4.0407e+04   4.046338     0.0761     0.0618    98.4658 1.3404e-03          0     0.5067     0.5188     0.0586     0.1127     4.5806     0.0000     0.0147     0.0000     0.5057     0.5178    34.7790    34.8626    26.3104    26.3815      1.345      1.630      0.503      0.609 0.0000e+00
       8396    349.787    182.161 -106.86142   16.83494    181.000    12.5744    12.5428 4.0404e+04   4.046031     0.0756     0.0614    98.4767 9.7832e-04          0     0.5068     0.5189     0.0585     0.1147     4.5811     0.0000     0.0131     0.0000     0.5057     0.5176    34.7787    34.8619    26.3107    26.3815      1.271      1.514      0.475      0.566 0.0000e+00
       8421    350.814    183.168 -106.86142   16.83494    182.000    12.5723    12.5410 4.0403e+04   4.045879     0.0757     0.0613    98.4781 8.5612e-04          0     0.5067     0.5187     0.0586     0.1128     4.5812     0.0000     0.0126     0.0000     0.5056     0.5173    34.7792    34.8617    26.3116    26.3817      1.335      1.596      0.499      0.597 0.0000e+00
       8456    352.278    184.175 -106.86142   16.83494    183.000    12.5691    12.5380 4.0401e+04   4.045646     0.0761     0.0613    98.4782 1.0375e-03          0     0.5066     0.5186     0.0586     0.1147     4.5812     0.0000     0.0134     0.0000     0.5055     0.5174    34.7792    34.8618    26.3122    26.3824      1.212      1.596      0.453      0.597 0.0000e+00
       8493    353.818    185.181 -106.86142   16.83494    184.000    12.5646    12.5333 4.0397e+04   4.045253     0.0746     0.0613    98.4782 1.0615e-03          0     0.5064     0.5182     0.0585     0.1146     4.5812     0.0000     0.0135     0.0000     0.5052     0.5173    34.7791    34.8620    26.3131    26.3835      1.243      1.543      0.465      0.577 0.0000e+00
       8520    354.968    186.188 -106.86142   16.83494    185.000    12.5592    12.5288 4.0392e+04   4.044884     0.0761     0.0613    98.4782 8.5753e-04          0     0.5067     0.5184     0.0586     0.1127     4.5812     0.0000     0.0126     0.0000     0.5052     0.5172    34.7790    34.8621    26.3141    26.3845      1.214      1.587      0.454      0.593 0.0000e+00
       8545    355.986    187.195 -106.86142   16.83494    186.000    12.5540    12.5223 4.0388e+04   4.044319     0.0766     0.0613    98.4782 8.3578e-04          0     0.5063     0.5182     0.0587     0.1126     4.5812     0.0000     0.0125     0.0000     0.5052     0.5172    34.7797    34.8622    26.3157    26.3859      1.241      1.553      0.464      0.581 0.0000e+00
       8570    357.033    188.202 -106.86142   16.83494    187.000    12.5375    12.5049 4.0372e+04   4.042758     0.0761     0.0613    98.4772 7.9430e-04          0     0.5061     0.5183     0.0586     0.1125     4.5812     0.0000     0.0123     0.0000     0.5052     0.5173    34.7790    34.8630    26.3184    26.3899      1.284      1.603      0.480      0.599 0.0000e+00
       8597    358.184    189.209 -106.86142   16.83494    188.000    12.5216    12.4903 4.0356e+04   4.041256     0.0765     0.0613    98.4782 7.4227e-04          0     0.5062     0.5181     0.0586     0.1144     4.5812     0.0000     0.0121     0.0000     0.5050     0.5172    34.7784    34.8616    26.3210    26.3917      1.168      1.547      0.436      0.578 0.0000e+00
       8626    359.392    190.216 -106.86142   16.83494    189.000    12.5089    12.4771 4.0344e+04   4.040084     0.0765     0.0611    98.4834 7.8101e-04          0     0.5061     0.5181     0.0586     0.1126     4.5814     0.0000     0.0123     0.0000     0.5051     0.5172    34.7784    34.8621    26.3235    26.3947      1.162      1.539      0.434      0.575 0.0000e+00
       8656    360.613    191.223 -106.86142   16.83494    190.000    12.4875    12.4558 4.0324e+04   4.038050     0.0765     0.0610    98.4857 7.7244e-04          0     0.5061     0.5182     0.0586     0.1123     4.5815     0.0000     0.0122     0.0000     0.5047     0.5168    34.7776    34.8618    26.3271    26.3986      1.156      1.464      0.432      0.546 0.0000e+00
       8684    361.785    192.230 -106.86142   16.83494    191.000    12.4747    12.4434 4.0312e+04   4.036775     0.0761     0.0609    98.4876 8.9514e-04          0     0.5059     0.5182     0.0586     0.1131     4.5816     0.0000     0.0128     0.0000     0.5047     0.5169    34.7778    34.8606    26.3298    26.4001      1.211      1.542      0.452      0.575 0.0000e+00
       8710    362.870    193.236 -106.86144   16.83494    192.000    12.4726    12.4416 4.0311e+04   4.036602     0.0746     0.0616    98.4720 8.1878e-04          0     0.5059     0.5180     0.0585     0.1147     4.5809     0.0000     0.0124     0.0000     0.5047     0.5170    34.7780    34.8602    26.3304    26.4002      1.216      1.586      0.454      0.592 0.0000e+00
       8736    363.952    194.243 -106.86144   16.83494    193.000    12.4700    12.4386 4.0308e+04   4.036380     0.0709     0.0606    98.4967 8.9280e-04          0     0.5056     0.5179     0.0581     0.1138     4.5820     0.0000     0.0128     0.0000     0.5050     0.5172    34.7777    34.8603    26.3307    26.4009      1.316      1.561      0.491      0.582 0.0000e+00
       8761    365.019    195.250 -106.86144   16.83494    194.000    12.4331    12.4005 4.0273e+04   4.033406     0.0677     0.0607    98.4950 7.8289e-04          0     0.5057     0.5177     0.0578     0.1125     4.5820     0.0000     0.0123     0.0000     0.5049     0.5170    34.7775    34.8666    26.3378    26.4132      1.078      1.539      0.402      0.574 0.0000e+00
       8787    366.098    196.257 -106.86144   16.83494    195.000    12.3528    12.3205 4.0193e+04   4.025243     0.0709     0.0601    98.5091 7.5260e-04          0     0.5056     0.5179     0.0581     0.1133     4.5826     0.0000     0.0122     0.0000     0.5046     0.5170    34.7743    34.8616    26.3509    26.4249      1.138      1.555      0.423      0.579 0.0000e+00
       8817    367.351    197.264 -106.86144   16.83494    196.000    12.3174    12.2847 4.0158e+04   4.021648     0.0640     0.0599    98.5147 6.6219e-04          0     0.5059     0.5180     0.0574     0.1146     4.5829     0.0000     0.0118     0.0000     0.5046     0.5170    34.7727    34.8596    26.3566    26.4303      1.188      1.515      0.442      0.564 0.0000e+00
       8852    368.777    198.271 -106.86144   16.83494    197.000    12.2688    12.2375 4.0111e+04   4.016780     0.0632     0.0587    98.5432 6.4691e-04          0     0.5056     0.5179     0.0573     0.1146     4.5842     0.0000     0.0117     0.0000     0.5046     0.5168    34.7719    34.8560    26.3653    26.4366      1.173      1.493      0.436      0.555 0.0000e+00
       8886    370.206    199.278 -106.86143   16.83494    198.000    12.2644    12.2338 4.0108e+04   4.016353     0.0628     0.0581    98.5574 6.0851e-04          0     0.5055     0.5180     0.0573     0.1130     4.5849     0.0000     0.0115     0.0000     0.5046     0.5168    34.7725    34.8548    26.3666    26.4365      1.179      1.500      0.438      0.557 0.0000e+00
       8918    371.540    200.285 -106.86142   16.83494    199.000    12.2639    12.2331 4.0108e+04   4.016342     0.0639     0.0581    98.5570 8.2170e-04          0     0.5055     0.5178     0.0574     0.1147     4.5849     0.0000     0.0125     0.0000     0.5046     0.5166    34.7724    34.8549    26.3667    26.4367      1.179      1.499      0.438      0.557 0.0000e+00
       8945    372.659    201.292 -106.86142   16.83494    200.000    12.2556    12.2237 4.0100e+04   4.015598     0.0696     0.0581    98.5570 9.5189e-04          0     0.5055     0.5176     0.0580     0.1146     4.5849     0.0000     0.0130     0.0000     0.5046     0.5167    34.7726    34.8560    26.3685    26.4394      1.180      1.493      0.438      0.554 0.0000e+00
       8968    373.631    202.299 -106.86142   16.83494    201.000    12.2431    12.2117 4.0089e+04   4.014361     0.0697     0.0579    98.5616 8.4706e-04          0     0.5055     0.5177     0.0580     0.1146     4.5851     0.0000     0.0126     0.0000     0.5046     0.5167    34.7723    34.8548    26.3707    26.4408      1.180      1.504      0.438      0.559 0.0000e+00
       8990    374.561    203.306 -106.86142   16.83494    202.000    12.2391    12.2105 4.0085e+04   4.014335     0.0639     0.0578    98.5641 1.9853e-03          0     0.5055     0.5175     0.0574     0.1146     4.5852     0.0000     0.0174     0.0000     0.5046     0.5167    34.7724    34.8552    26.3715    26.4414      1.181      1.506      0.438      0.559 0.0000e+00
       9013    375.491    204.313 -106.86142   16.83494    203.000    12.2310    12.2011 4.0077e+04   4.013536     0.0639     0.0581    98.5571 7.1323e-04          0     0.5055     0.5176     0.0574     0.1141     4.5849     0.0000     0.0120     0.0000     0.5046     0.5165    34.7718    34.8558    26.3727    26.4437      1.181      1.466      0.438      0.544 0.0000e+00
       9036    376.438    205.320 -106.86142   16.83494    204.000    12.2175    12.1834 4.0065e+04   4.011781     0.0629     0.0576    98.5693 6.4178e-04          0     0.5055     0.5176     0.0573     0.1129     4.5855     0.0000     0.0117     0.0000     0.5046     0.5168    34.7715    34.8548    26.3750    26.4463      1.181      1.543      0.439      0.572 0.0000e+00
       9060    377.445    206.327 -106.86142   16.83494    205.000    12.1766    12.1433 4.0025e+04   4.008086     0.0634     0.0570    98.5857 6.2288e-04          0     0.5055     0.5175     0.0574     0.1144     4.5862     0.0000     0.0116     0.0000     0.5046     0.5167    34.7702    34.8558    26.3820    26.4549      1.183      1.457      0.439      0.540 0.0000e+00
       9088    378.630    207.334 -106.86142   16.83494    206.000    12.1641    12.1347 4.0013e+04   4.007024     0.0639     0.0562    98.6047 5.7413e-04          0     0.5055     0.5176     0.0574     0.1124     4.5871     0.0000     0.0114     0.0000     0.5046     0.5164    34.7702    34.8531    26.3844    26.4544      1.174      1.447      0.435      0.536 0.0000e+00
       9124    380.142    208.341 -106.86142   16.83494    207.000    12.1675    12.1358 4.0017e+04   4.007075     0.0633     0.0560    98.6095 5.1048e-04          0     0.5055     0.5176     0.0573     0.1125     4.5873     0.0000     0.0111     0.0000     0.5046     0.5165    34.7703    34.8521    26.3838    26.4535      1.186      1.484      0.440      0.550 0.0000e+00
       9165    381.833    209.348 -106.86142   16.83494    208.000    12.1572    12.1219 4.0007e+04   4.005820     0.0640     0.0560    98.6095 5.2475e-04          0     0.5055     0.5174     0.0574     0.1147     4.5873     0.0000     0.0112     0.0000     0.5046     0.5165    34.7702    34.8525    26.3857    26.4564      1.177      1.474      0.437      0.546 0.0000e+00
       9197    383.173    210.355 -106.86142   16.83494    209.000    12.1470    12.1160 3.9997e+04   4.005208     0.0639     0.0563    98.6025 5.0894e-04          0     0.5055     0.5173     0.0574     0.1136     4.5870     0.0000     0.0111     0.0000     0.5046     0.5163    34.7697    34.8516    26.3873    26.4569      1.178      1.421      0.437      0.527 0.0000e+00
       9224    384.286    211.362 -106.86142   16.83494    210.000    12.1422    12.1066 3.9993e+04   4.004435     0.0629     0.0570    98.5854 5.2704e-04          0     0.5055     0.5174     0.0573     0.1136     4.5862     0.0000     0.0112     0.0000     0.5046     0.5164    34.7691    34.8524    26.3878    26.4593      1.194      1.488      0.443      0.551 0.0000e+00
       9248    385.294    212.369 -106.86142   16.83494    211.000    12.1352    12.1046 3.9986e+04   4.004114     0.0629     0.0560    98.6091 5.0607e-04          0     0.5055     0.5174     0.0573     0.1146     4.5873     0.0000     0.0111     0.0000     0.5046     0.5164    34.7689    34.8507    26.3890    26.4584      1.185      1.465      0.439      0.543 0.0000e+00
       9272    386.280    213.376 -106.86142   16.83494    212.000    12.1337    12.1019 3.9985e+04   4.004080     0.0639     0.0561    98.6083 6.7558e-04          0     0.5054     0.5173     0.0574     0.1145     4.5872     0.0000     0.0118     0.0000     0.5046     0.5164    34.7687    34.8524    26.3892    26.4603      1.185      1.518      0.439      0.562 0.0000e+00
       9295    387.237    214.383 -106.86142   16.83494    213.000    12.0987    12.0645 3.9950e+04   4.000622     0.0634     0.0561    98.6072 4.8901e-04          0     0.5055     0.5172     0.0573     0.1141     4.5872     0.0000     0.0110     0.0000     0.5046     0.5167    34.7669    34.8533    26.3945    26.4682      1.186      1.489      0.439      0.551 0.0000e+00
       9317    388.160    215.390 -106.86142   16.83494    214.000    12.0420    12.0086 3.9895e+04   3.995382     0.0634     0.0560    98.6095 4.8244e-04          0     0.5055     0.5172     0.0573     0.1126     4.5873     0.0000     0.0110     0.0000     0.5046     0.5164    34.7657    34.8540    26.4044    26.4794      1.188      1.456      0.439      0.538 0.0000e+00
