data/ctd-cnv/KM1919/KM1919-St20-P2/St20_P2_cast45-align-cellTM-derive-bin.cnv
* Sea-Bird SBE 9 Data File:
* FileName = C:\Users\otg\Desktop\CTD Data\km1920\St20_P2_cast45.hex
* Software Version Seasave V 7.26.7.107
* Temperature SN = 5554
* Conductivity SN = 3876
* Number of Bytes Per Scan = 41
* Number of Voltage Words = 4
* Number of Scans Averaged by the Deck Unit = 1
* NMEA Latitude = 16 46.70 N
* NMEA Longitude = 106 48.55 W
* NMEA UTC (Time) = Oct 08 2019  18:54:14
* NMEA baud rate = 4800
** Ship: Kilo Moana
** Station: St20_P2 cast 45
** Operator: gr
# nquan = 34
# nvalues = 202                         
# units = specified
# name 0 = scan: Scan Count
# name 1 = timeS: Time, Elapsed [seconds]
# name 2 = prDM: Pressure, Digiquartz [db]
# name 3 = longitude: Longitude [deg]
# name 4 = latitude: Latitude [deg]
# name 5 = depSM: Depth [salt water, m]
# name 6 = t090C: Temperature [ITS-90, deg C]
# name 7 = t190C: Temperature, 2 [ITS-90, deg C]
# name 8 = c0uS/cm: Conductivity [uS/cm]
# name 9 = c1S/m: Conductivity, 2 [S/m]
# name 10 = flECO-AFL: Fluorescence, WET Labs ECO-AFL/FL [mg/m^3]
# name 11 = CStarAt0: Beam Attenuation, WET Labs C-Star [1/m]
# name 12 = CStarTr0: Beam Transmission, WET Labs C-Star [%]
# name 13 = par: PAR/Irradiance, Biospherical/Licor
# name 14 = modError: Modulo Error Count
# name 15 = v0: Voltage 0
# name 16 = v1: Voltage 1
# name 17 = v2: Voltage 2
# name 18 = v3: Voltage 3
# name 19 = v4: Voltage 4
# name 20 = v5: Voltage 5
# name 21 = v6: Voltage 6
# name 22 = v7: Voltage 7
# name 23 = sbeox0V: Oxygen raw, SBE 43 [V]
# name 24 = sbeox1V: Oxygen raw, SBE 43, 2 [V]
# name 25 = sal00: Salinity, Practical [PSU]
# name 26 = sal11: Salinity, Practical, 2 [PSU]
# name 27 = sigma-é00: Density [sigma-theta, kg/m^3]
# name 28 = sigma-é11: Density, 2 [sigma-theta, kg/m^3]
# name 29 = sbeox0Mm/L: Oxygen, SBE 43 [umol/l], WS = 2
# name 30 = sbeox1Mm/L: Oxygen, SBE 43, 2 [umol/l], WS = 2
# name 31 = sbeox0PS: Oxygen, SBE 43 [% saturation], WS = 2
# name 32 = sbeox1PS: Oxygen, SBE 43, 2 [% saturation], WS = 2
# name 33 = flag: flag
# span 0 =        514,      10929       
# span 1 =     21.361,    455.340       
# span 2 =      2.012,    204.312       
# span 3 = -106.80944, -106.80926       
# span 4 =   16.77822,   16.77828       
# span 5 =      2.000,    203.000       
# span 6 =    12.0455,    29.5735       
# span 7 =    12.0147,    29.5316       
# span 8 = 3.9897e+04, 5.7286e+04       
# span 9 =   3.995095,   5.737241       
# span 10 =     0.0396,     1.7606      
# span 11 =     0.0258,     0.1239      
# span 12 =    96.9520,    99.3565      
# span 13 = 1.5950e-03, 1.1184e+03      
# span 14 =          0,          0      
# span 15 =     0.5043,     2.4984      
# span 16 =     0.5162,     2.4853      
# span 17 =     0.0549,     0.2271      
# span 18 =     0.1126,     0.1172      
# span 19 =     4.5102,     4.6220      
# span 20 =     0.0000,     0.0000      
# span 21 =     0.0159,     4.0543      
# span 22 =     0.0000,     0.0000      
# span 23 =     0.5035,     2.4975      
# span 24 =     0.5152,     2.4757      
# span 25 =    34.2742,    34.7840      
# span 26 =    34.3686,    34.8732      
# span 27 =    21.5567,    26.4061      
# span 28 =    21.6353,    26.4751      
# span 29 =      0.978,    229.288      
# span 30 =      1.236,    240.561      
# span 31 =      0.362,    107.886      
# span 32 =      0.459,    112.247      
# span 33 = 0.0000e+00, 0.0000e+00      
# interval = meters: 1                  
# start_time = Oct 08 2019 18:55:49 [NMEA time, first data scan]
# bad_flag = -9.990e-29
*END*
        514     21.361      2.012 -106.80927   16.77828      2.000    29.5735    29.5316 5.7286e+04   5.736793     0.0437     0.0598    98.5151 1.1184e+03          0     2.3516     2.3354     0.0554     0.1154     4.5829     0.0000     4.0543     0.0000     2.3507     2.3337    34.5805    34.6664    21.5567    21.6353    192.583    202.536     97.927    102.967 0.0000e+00
        922     38.374      3.018 -106.80928   16.77828      3.000    29.5612    29.5293 5.7273e+04   5.737241     0.0396     0.0593    98.5276 9.4499e+02          0     2.3486     2.3409     0.0549     0.1148     4.5835     0.0000     3.9844     0.0000     2.3503     2.3357    34.5801    34.6708    21.5606    21.6395    191.979    203.163     97.600    103.284 0.0000e+00
        953     39.656      4.024 -106.80928   16.77828      4.000    29.5379    29.4985 5.7247e+04   5.733206     0.0495     0.0587    98.5432 8.7342e+02          0     2.3532     2.3362     0.0560     0.1149     4.5842     0.0000     3.9529     0.0000     2.3454     2.3382    34.5793    34.6652    21.5680    21.6457    191.875    203.037     97.510    103.166 0.0000e+00
        978     40.707      5.030 -106.80928   16.77828      5.000    29.5571    29.5116 5.7269e+04   5.734445     0.0517     0.0603    98.5045 7.8371e+02          0     2.3540     2.3364     0.0562     0.1149     4.5824     0.0000     3.9049     0.0000     2.3464     2.3336    34.5796    34.6639    21.5618    21.6404    192.801    202.374     98.011    102.850 0.0000e+00
       1033     42.992      6.036 -106.80928   16.77828      6.000    29.5579    29.5171 5.7270e+04   5.735175     0.0471     0.0592    98.5314 7.6621e+02          0     2.3479     2.3350     0.0557     0.1149     4.5836     0.0000     3.8925     0.0000     2.3481     2.3348    34.5798    34.6646    21.5618    21.6392    192.633    202.906     97.927    103.130 0.0000e+00
       1087     45.237      7.042 -106.80928   16.77828      7.000    29.5643    29.5236 5.7278e+04   5.735962     0.0518     0.0604    98.5024 6.8941e+02          0     2.3486     2.3331     0.0562     0.1149     4.5823     0.0000     3.8499     0.0000     2.3514     2.3385    34.5800    34.6651    21.5598    21.6374    193.277    203.269     98.265    103.326 0.0000e+00
       1152     47.978      8.048 -106.80928   16.77828      8.000    29.5662    29.5248 5.7280e+04   5.736171     0.0497     0.0596    98.5199 6.7034e+02          0     2.3500     2.3363     0.0560     0.1149     4.5831     0.0000     3.8361     0.0000     2.3507     2.3360    34.5801    34.6653    21.5593    21.6373    192.882    202.861     98.067    103.120 0.0000e+00
       1251     52.092      9.054 -106.80928   16.77828      9.000    29.5619    29.5203 5.7276e+04   5.735774     0.0472     0.0607    98.4943 6.4134e+02          0     2.3502     2.3352     0.0557     0.1148     4.5819     0.0000     3.8078     0.0000     2.3489     2.3363    34.5800    34.6656    21.5608    21.6391    192.580    203.091     97.906    103.230 0.0000e+00
       1277     53.176     10.060 -106.80928   16.77828     10.000    29.5560    29.5130 5.7270e+04   5.735023     0.0451     0.0592    98.5304 5.9497e+02          0     2.3500     2.3348     0.0555     0.1148     4.5836     0.0000     3.7829     0.0000     2.3476     2.3366    34.5797    34.6655    21.5626    21.6415    192.723    203.011     97.970    103.177 0.0000e+00
       1303     54.238     11.066 -106.80928   16.77828     11.000    29.5591    29.5154 5.7274e+04   5.735241     0.0516     0.0598    98.5172 6.0161e+02          0     2.3500     2.3346     0.0562     0.1148     4.5830     0.0000     3.7841     0.0000     2.3505     2.3358    34.5798    34.6649    21.5618    21.6404    193.461    202.851     98.350    103.100 0.0000e+00
       1332     55.470     12.072 -106.80928   16.77828     12.000    29.5535    29.5123 5.7268e+04   5.735034     0.0517     0.0597    98.5186 4.9559e+02          0     2.3486     2.3363     0.0562     0.1148     4.5830     0.0000     3.7071     0.0000     2.3525     2.3322    34.5796    34.6654    21.5636    21.6419    193.239    202.323     98.228    102.826 0.0000e+00
       1440     59.970     13.078 -106.80926   16.77827     13.000    29.5511    29.5090 5.7265e+04   5.734597     0.0517     0.0607    98.4930 5.1881e+02          0     2.3513     2.3326     0.0562     0.1149     4.5819     0.0000     3.7266     0.0000     2.3517     2.3318    34.5791    34.6645    21.5641    21.6424    193.021    202.773     98.113    103.049 0.0000e+00
       1494     62.212     14.084 -106.80928   16.77828     14.000    29.5485    29.5077 5.7263e+04   5.734584     0.0517     0.0603    98.5044 4.9444e+02          0     2.3523     2.3312     0.0562     0.1149     4.5824     0.0000     3.7072     0.0000     2.3442     2.3328    34.5796    34.6651    21.5655    21.6434    192.063    202.776     97.622    103.048 0.0000e+00
       1528     63.636     15.090 -106.80928   16.77828     15.000    29.5400    29.4967 5.7254e+04   5.733430     0.0517     0.0603    98.5039 4.4784e+02          0     2.3535     2.3319     0.0562     0.1148     4.5824     0.0000     3.6608     0.0000     2.3457     2.3317    34.5793    34.6649    21.5682    21.6470    192.840    202.662     98.004    102.973 0.0000e+00
       1589     66.171     16.096 -106.80928   16.77828     16.000    29.5446    29.5021 5.7260e+04   5.733979     0.0549     0.0602    98.5063 4.3253e+02          0     2.3460     2.3322     0.0565     0.1149     4.5825     0.0000     3.6486     0.0000     2.3482     2.3296    34.5793    34.6644    21.5667    21.6449    193.049    202.521     98.117    102.909 0.0000e+00
       1656     68.949     17.102 -106.80928   16.77828     17.000    29.5419    29.4947 5.7258e+04   5.733482     0.0645     0.0600    98.5115 4.2030e+02          0     2.3468     2.3304     0.0575     0.1148     4.5827     0.0000     3.6365     0.0000     2.3513     2.3364    34.5799    34.6661    21.5682    21.6488    193.278    203.267     98.230    103.277 0.0000e+00
       1686     70.191     18.108 -106.80928   16.77828     18.000    29.5028    29.4678 5.7224e+04   5.731599     0.0639     0.0596    98.5209 3.6234e+02          0     2.3491     2.3266     0.0574     0.1148     4.5832     0.0000     3.5726     0.0000     2.3507     2.3313    34.5846    34.6724    21.5850    21.6626    193.366    202.540     98.215    102.867 0.0000e+00
       1712     71.297     19.114 -106.80928   16.77828     19.000    29.4900    29.4521 5.7215e+04   5.730018     0.0639     0.0584    98.5487 3.8133e+02          0     2.3503     2.3333     0.0574     0.1148     4.5845     0.0000     3.5947     0.0000     2.3524     2.3332    34.5870    34.6726    21.5912    21.6682    194.042    203.489     98.539    103.323 0.0000e+00
       1817     75.663     20.120 -106.80928   16.77828     20.000    29.4577    29.4002 5.7182e+04   5.724985     0.0667     0.0581    98.5564 3.6503e+02          0     2.3533     2.3351     0.0577     0.1148     4.5849     0.0000     3.5745     0.0000     2.3520     2.3383    34.5875    34.6755    21.6025    21.6879    193.480    203.828     98.203    103.410 0.0000e+00
       1882     78.362     21.126 -106.80928   16.77828     21.000    29.3946    29.3507 5.7121e+04   5.720840     0.0639     0.0581    98.5570 3.4768e+02          0     2.3483     2.3377     0.0574     0.1148     4.5849     0.0000     3.5543     0.0000     2.3501     2.3374    34.5916    34.6827    21.6269    21.7100    193.699    203.636     98.217    103.235 0.0000e+00
       1901     79.183     22.132 -106.80928   16.77828     22.000    29.3388    29.2952 5.7072e+04   5.715578     0.0639     0.0589    98.5374 3.4551e+02          0     2.3476     2.3379     0.0574     0.1148     4.5840     0.0000     3.5519     0.0000     2.3541     2.3350    34.5976    34.6865    21.6503    21.7316    194.790    203.859     98.685    103.258 0.0000e+00
       1924     80.126     23.139 -106.80928   16.77828     23.000    29.3061    29.2635 5.7042e+04   5.712784     0.0754     0.0613    98.4785 3.1568e+02          0     2.3505     2.3374     0.0585     0.1148     4.5812     0.0000     3.5119     0.0000     2.3535     2.3365    34.6007    34.6900    21.6636    21.7450    194.108    204.313     98.289    103.437 0.0000e+00
       1987     82.739     24.145 -106.80928   16.77828     24.000    29.2772    29.2190 5.7002e+04   5.706600     0.0807     0.0624    98.4516 3.1591e+02          0     2.3528     2.3375     0.0591     0.1148     4.5800     0.0000     3.5126     0.0000     2.3550     2.3374    34.5937    34.6796    21.6682    21.7522    194.631    204.426     98.504    103.414 0.0000e+00
       2108     87.800     25.151 -106.80928   16.77828     25.000    29.1841    29.1135 5.6876e+04   5.693900     0.0812     0.0633    98.4297 3.1506e+02          0     2.3585     2.3384     0.0591     0.1148     4.5790     0.0000     3.5116     0.0000     2.3440     2.3359    34.5743    34.6687    21.6849    21.7794    193.540    204.933     97.794    103.487 0.0000e+00
       2129     88.686     26.157 -106.80928   16.77828     26.000    28.9186    28.8707 5.6510e+04   5.660355     0.0886     0.0647    98.3946 3.0974e+02          0     2.3525     2.3344     0.0598     0.1148     4.5773     0.0000     3.5039     0.0000     2.3482     2.3384    34.5150    34.6139    21.7292    21.8194    195.852    205.744     98.506    103.458 0.0000e+00
       2152     89.616     27.163 -106.80928   16.77828     27.000    28.7998    28.7541 5.6348e+04   5.643857     0.0883     0.0644    98.4028 2.7290e+02          0     2.3493     2.3345     0.0598     0.1148     4.5777     0.0000     3.4495     0.0000     2.3493     2.3342    34.4887    34.5845    21.7491    21.8361    195.850    205.586     98.301    103.166 0.0000e+00
       2190     91.202     28.169 -106.80928   16.77828     28.000    28.7881    28.7434 5.6356e+04   5.643737     0.0918     0.0633    98.4299 2.7513e+02          0     2.3472     2.3368     0.0602     0.1148     4.5790     0.0000     3.4529     0.0000     2.3519     2.3361    34.5024    34.5912    21.7633    21.8448    196.541    206.223     98.637    103.472 0.0000e+00
       2298     95.725     29.175 -106.80928   16.77828     29.000    28.8113    28.7639 5.6399e+04   5.647853     0.0877     0.0635    98.4255 2.7310e+02          0     2.3543     2.3367     0.0597     0.1147     4.5788     0.0000     3.4500     0.0000     2.3545     2.3379    34.5150    34.6044    21.7651    21.8480    196.169    206.469     98.494    103.638 0.0000e+00
       2322     96.711     30.181 -106.80928   16.77828     30.000    28.7567    28.7113 5.6354e+04   5.643787     0.0883     0.0621    98.4583 2.4507e+02          0     2.3565     2.3389     0.0598     0.1148     4.5803     0.0000     3.4031     0.0000     2.3557     2.3383    34.5231    34.6143    21.7894    21.8730    197.146    206.364     98.902    103.502 0.0000e+00
       2349     97.848     31.187 -106.80928   16.77828     31.000    28.7110    28.6701 5.6289e+04   5.637241     0.0883     0.0619    98.4633 2.6195e+02          0     2.3567     2.3355     0.0598     0.1148     4.5805     0.0000     3.4313     0.0000     2.3562     2.3373    34.5113    34.5988    21.7958    21.8750    196.901    206.379     98.699    103.431 0.0000e+00
       2423    100.927     32.193 -106.80928   16.77828     32.000    28.7142    28.6695 5.6293e+04   5.636896     0.1093     0.0629    98.4389 2.4034e+02          0     2.3554     2.3367     0.0620     0.1148     4.5794     0.0000     3.3942     0.0000     2.3540     2.3372    34.5116    34.5965    21.7951    21.8736    196.803    206.631     98.655    103.555 0.0000e+00
       2506    104.381     33.199 -106.80928   16.77828     33.000    28.6986    28.6591 5.6285e+04   5.636795     0.1070     0.0642    98.4078 2.3670e+02          0     2.3537     2.3371     0.0617     0.1148     4.5779     0.0000     3.3881     0.0000     2.3502     2.3303    34.5171    34.6031    21.8044    21.8821    196.721    204.975     98.592    102.712 0.0000e+00
       2533    105.496     34.206 -106.80928   16.77828     34.000    28.6938    28.6517 5.6295e+04   5.637578     0.1128     0.0640    98.4137 2.0966e+02          0     2.3508     2.3392     0.0623     0.1148     4.5782     0.0000     3.3349     0.0000     2.3784     2.3252    34.5271    34.6136    21.8136    21.8925    207.759    207.904    104.121    104.173 0.0000e+00
       2559    106.590     35.212 -106.80928   16.77828     35.000    28.5792    28.5117 5.6182e+04   5.628193     0.1226     0.0657    98.3719 2.0584e+02          0     2.3550     2.3398     0.0633     0.1148     4.5762     0.0000     3.3272     0.0000     2.4526     2.3848    34.5321    34.6505    21.8552    21.9665    214.639    218.689    107.373    109.347 0.0000e+00
       2637    109.847     36.218 -106.80928   16.77827     36.000    27.6182    27.3241 5.5217e+04   5.505613     0.1661     0.0791    98.0430 2.0497e+02          0     2.4100     2.3826     0.0676     0.1152     4.5610     0.0000     3.3254     0.0000     2.4376     2.4374    34.5608    34.6652    22.1901    22.3640    209.807    223.522    103.340    109.615 0.0000e+00
       2727    113.579     37.224 -106.80930   16.77826     37.000    26.9752    26.9946 5.4577e+04   5.480696     0.1505     0.0775    98.0819 1.9830e+02          0     2.4167     2.4539     0.0660     0.1148     4.5628     0.0000     3.3112     0.0000     2.4753     2.4399    34.5840    34.7331    22.4150    22.5209    219.182    226.054    106.828    110.300 0.0000e+00
       2747    114.399     38.230 -106.80930   16.77826     38.000    25.9762    25.8731 5.3516e+04   5.367139     0.1762     0.0861    97.8706 1.9869e+02          0     2.4282     2.4323     0.0686     0.1149     4.5530     0.0000     3.3120     0.0000     2.4832     2.4553    34.5678    34.7591    22.7167    22.8931    223.175    232.627    106.957    111.414 0.0000e+00
       2770    115.386     39.236 -106.80930   16.77828     39.000    25.2952    25.2459 5.2785e+04   5.290022     0.2475     0.0949    97.6565 1.9181e+02          0     2.4421     2.4275     0.0758     0.1169     4.5430     0.0000     3.2965     0.0000     2.4975     2.4731    34.5496    34.6719    22.9135    23.0210    227.729    236.968    107.886    112.247 0.0000e+00
       2867    119.424     40.243 -106.80930   16.77826     40.000    25.3540    25.2777 5.2842e+04   5.289192     0.2720     0.0935    97.6886 1.7109e+02          0     2.4984     2.4688     0.0782     0.1144     4.5445     0.0000     3.2476     0.0000     2.4914     2.4757    34.5464    34.6412    22.8930    22.9880    223.276    234.993    105.876    111.352 0.0000e+00
       2942    122.535     41.249 -106.80930   16.77826     41.000    24.8708    24.7179 5.2332e+04   5.234726     0.2499     0.0934    97.6935 1.6324e+02          0     2.4915     2.4853     0.0760     0.1165     4.5447     0.0000     3.2266     0.0000     2.4633     2.4533    34.5379    34.6668    23.0337    23.1774    222.286    233.612    104.542    109.664 0.0000e+00
       2959    123.270     42.255 -106.80930   16.77826     42.000    24.5777    24.5271 5.2018e+04   5.211315     0.2696     0.0916    97.7353 1.5473e+02          0     2.4841     2.4744     0.0780     0.1161     4.5466     0.0000     3.2034     0.0000     2.4594     2.4435    34.5292    34.6390    23.1156    23.2138    225.158    234.257    105.359    109.591 0.0000e+00
       2980    124.140     43.261 -106.80930   16.77826     43.000    24.3435    24.2865 5.1762e+04   5.186857     0.2859     0.0914    97.7419 1.4333e+02          0     2.4739     2.4643     0.0796     0.1148     4.5469     0.0000     3.1702     0.0000     2.4719     2.4485    34.5173    34.6414    23.1766    23.2875    229.288    238.140    106.854    110.949 0.0000e+00
