data/ctd-cnv/KM1919/KM1919-St20-P2/St20_P2_cast25-align-cellTM-derive-bin.cnv
* Sea-Bird SBE 9 Data File:
* FileName = C:\Users\otg\Desktop\CTD Data\km1920\St20_P2_cast25.hex
* Software Version Seasave V 7.26.7.107
* Temperature SN = 5554
* Conductivity SN = 3876
* Number of Bytes Per Scan = 41
* Number of Voltage Words = 4
* Number of Scans Averaged by the Deck Unit = 1
* NMEA Latitude = 16 48.59 N
* NMEA Longitude = 106 53.14 W
* NMEA UTC (Time) = Oct 03 2019  13:28:12
* NMEA baud rate = 4800
** Ship: Kilo Moana
** Station: St20_P2cast 25
** Operator: cf
** Start of leg 2
# nquan = 34
# nvalues = 503                         
# units = specified
# name 0 = scan: Scan Count
# name 1 = timeS: Time, Elapsed [seconds]
# name 2 = prDM: Pressure, Digiquartz [db]
# name 3 = longitude: Longitude [deg]
# name 4 = latitude: Latitude [deg]
# name 5 = depSMignore: Depth [salt water, m]
# name 6 = t090C: Temperature [ITS-90, deg C]
# name 7 = t190C: Temperature, 2 [ITS-90, deg C]
# name 8 = c0uS/cm: Conductivity [uS/cm]
# name 9 = c1S/m: Conductivity, 2 [S/m]
# name 10 = flECO-AFL: Fluorescence, WET Labs ECO-AFL/FL [mg/m^3]
# name 11 = CStarAt0: Beam Attenuation, WET Labs C-Star [1/m]
# name 12 = CStarTr0: Beam Transmission, WET Labs C-Star [%]
# name 13 = par: PAR/Irradiance, Biospherical/Licor
# name 14 = modError: Modulo Error Count
# name 15 = v0: Voltage 0
# name 16 = v1: Voltage 1
# name 17 = v2: Voltage 2
# name 18 = v3: Voltage 3
# name 19 = v4: Voltage 4
# name 20 = v5: Voltage 5
# name 21 = v6: Voltage 6
# name 22 = v7: Voltage 7
# name 23 = sbeox0V: Oxygen raw, SBE 43 [V]
# name 24 = sbeox1V: Oxygen raw, SBE 43, 2 [V]
# name 25 = sal00: Salinity, Practical [PSU]
# name 26 = sal11: Salinity, Practical, 2 [PSU]
# name 27 = sigma-é00: Density [sigma-theta, kg/m^3]
# name 28 = sigma-é11: Density, 2 [sigma-theta, kg/m^3]
# name 29 = sbeox0Mm/L: Oxygen, SBE 43 [umol/l], WS = 2
# name 30 = sbeox1Mm/L: Oxygen, SBE 43, 2 [umol/l], WS = 2
# name 31 = sbeox0PS: Oxygen, SBE 43 [% saturation], WS = 2
# name 32 = sbeox1PS: Oxygen, SBE 43, 2 [% saturation], WS = 2
# name 33 = flag: flag
# span 0 =        174,      18224       
# span 1 =      7.202,    759.285       
# span 2 =      1.006,    506.622       
# span 3 = -106.88594, -106.88574       
# span 4 =   16.80984,   16.80992       
# span 5 =      1.000,    503.000       
# span 6 =     7.7673,    29.3492       
# span 7 =     7.7407,    29.3129       
# span 8 = 3.5816e+04, 5.7067e+04       
# span 9 =   3.586907,   5.714419       
# span 10 =     0.0583,     1.1394      
# span 11 =     0.0046,     0.0903      
# span 12 =    97.7666,    99.8865      
# span 13 = 1.0000e-12, 5.4334e+02      
# span 14 =          0,          0      
# span 15 =     0.5031,     2.4741      
# span 16 =     0.5122,     2.4589      
# span 17 =     0.0568,     0.1650      
# span 18 =     0.1157,     0.1197      
# span 19 =     4.5481,     4.6467      
# span 20 =     0.0000,     0.0000      
# span 21 =     0.0084,     3.5256      
# span 22 =     0.0000,     0.0000      
# span 23 =     0.5024,     2.4742      
# span 24 =     0.5113,     2.4592      
# span 25 =    34.4462,    34.7900      
# span 26 =    34.5334,    34.8792      
# span 27 =    21.6043,    26.9722      
# span 28 =    21.6789,    27.0415      
# span 29 =      0.783,    222.324      
# span 30 =      0.500,    232.838      
# span 31 =      0.265,    105.553      
# span 32 =      0.169,    110.966      
# span 33 = 0.0000e+00, 0.0000e+00      
# interval = meters: 1                  
# start_time = Oct 03 2019 13:31:34 [NMEA time, first data scan]
# bad_flag = -9.990e-29
*END*
[from data line 43]
       2832    117.975     44.267 -106.88578   16.80988     44.000    28.8703    28.7483 5.6586e+04   5.659024     0.1858     0.0493    98.7761 1.2929e+01          0     2.3509     2.3276     0.0696     0.1183     4.5950     0.0000     2.1285     0.0000     2.3737     2.3435    34.5972    34.6886    21.8084    21.9174    200.666    208.360    100.897    104.601 0.0000e+00
       2924    121.810     45.274 -106.88578   16.80990     45.000    27.2636    27.3641 5.4924e+04   5.520350     0.2042     0.0536    98.6698 1.2547e+01          0     2.3571     2.3338     0.0714     0.1183     4.5901     0.0000     2.1155     0.0000     2.4608     2.4192    34.6137    34.7371    22.3457    22.4064    215.474    222.954    105.541    109.461 0.0000e+00
       2976    123.976     46.280 -106.88578   16.80990     46.000    27.0377    27.0151 5.4686e+04   5.479939     0.2747     0.0585    98.5471 1.1571e+01          0     2.4381     2.3877     0.0785     0.1190     4.5844     0.0000     2.0806     0.0000     2.4690     2.4398    34.6124    34.7098    22.4172    22.4977    216.313    225.653    105.553    110.129 0.0000e+00
       3020    125.781     47.286 -106.88578   16.80990     47.000    26.5307    26.4756 5.4164e+04   5.427374     0.2746     0.0600    98.5121 1.0802e+01          0     2.4643     2.4288     0.0784     0.1192     4.5827     0.0000     2.0511     0.0000     2.4742     2.4592    34.6170    34.7372    22.5814    22.6893    217.969    229.379    105.471    110.966 0.0000e+00
       3052    127.139     48.292 -106.88578   16.80990     48.000    26.2040    26.1647 5.3821e+04   5.391014     0.2907     0.0634    98.4290 1.0323e+01          0     2.4661     2.4359     0.0801     0.1183     4.5790     0.0000     2.0316     0.0000     2.4703     2.4551    34.6150    34.7088    22.6826    22.7657    218.480    228.808    105.142    110.098 0.0000e+00
       3078    128.224     49.298 -106.88578   16.80990     49.000    26.0540    26.0091 5.3668e+04   5.376984     0.3080     0.0624    98.4520 1.0026e+01          0     2.4732     2.4487     0.0818     0.1183     4.5800     0.0000     2.0191     0.0000     2.4664     2.4454    34.6164    34.7244    22.7305    22.8260    218.752    228.304    105.009    109.579 0.0000e+00
       3104    129.274     50.305 -106.88578   16.80992     50.000    25.6395    25.5856 5.3216e+04   5.332482     0.3163     0.0642    98.4076 9.5719e+00          0     2.4741     2.4589     0.0826     0.1184     4.5779     0.0000     1.9990     0.0000     2.4654     2.4414    34.6005    34.7212    22.8470    22.9547    220.786    230.377    105.238    109.785 0.0000e+00
       3131    130.425     51.311 -106.88578   16.80992     51.000    25.2694    25.2182 5.2807e+04   5.289901     0.3472     0.0648    98.3926 8.7044e+00          0     2.4708     2.4561     0.0857     0.1188     4.5772     0.0000     1.9582     0.0000     2.4650     2.4452    34.5817    34.6885    22.9466    23.0428    222.324    232.838    105.299    110.250 0.0000e+00
       3236    134.787     52.317 -106.88579   16.80991     52.000    25.3108    25.2294 5.2857e+04   5.289533     0.4003     0.0653    98.3798 7.8465e+00          0     2.4667     2.4481     0.0910     0.1189     4.5766     0.0000     1.9136     0.0000     2.4629     2.4488    34.5868    34.6769    22.9377    23.0306    221.603    232.692    105.034    110.194 0.0000e+00
       3355    139.751     53.323 -106.88580   16.80990     53.000    25.1056    25.0903 5.2649e+04   5.275167     0.4307     0.0647    98.3956 7.5438e+00          0     2.4612     2.4507     0.0940     0.1195     4.5773     0.0000     1.8969     0.0000     2.4457     2.4337    34.5891    34.6770    23.0021    23.0732    218.649    230.288    103.275    108.799 0.0000e+00
       3375    140.595     54.329 -106.88580   16.80990     54.000    25.0301    24.9876 5.2571e+04   5.265053     0.3800     0.0659    98.3655 7.0259e+00          0     2.4566     2.4492     0.0890     0.1196     4.5759     0.0000     1.8664     0.0000     2.4283     2.4213    34.5891    34.6806    23.0251    23.1072    215.583    228.188    101.696    107.621 0.0000e+00
       3395    141.423     55.336 -106.88580   16.80992     55.000    24.9878    24.9473 5.2529e+04   5.260672     0.3813     0.0665    98.3511 6.5267e+00          0     2.4550     2.4449     0.0891     0.1185     4.5753     0.0000     1.8348     0.0000     2.4128     2.4042    34.5899    34.6787    23.0386    23.1181    214.215    226.048    100.979    106.537 0.0000e+00
       3414    142.224     56.342 -106.88580   16.80992     56.000    24.8157    24.7673 5.2346e+04   5.244327     0.4009     0.0670    98.3383 6.0277e+00          0     2.4514     2.4399     0.0911     0.1190     4.5747     0.0000     1.8008     0.0000     2.3985     2.3894    34.5860    34.6954    23.0878    23.1852    213.601    225.299    100.392    105.869 0.0000e+00
       3434    143.031     57.348 -106.88580   16.80992     57.000    24.4822    24.4338 5.1988e+04   5.209013     0.4275     0.0686    98.2992 5.5638e+00          0     2.4471     2.4342     0.0938     0.1194     4.5729     0.0000     1.7666     0.0000     2.3867     2.3776    34.5751    34.6890    23.1798    23.2805    214.976    225.910    100.457    105.547 0.0000e+00
       3456    143.972     58.354 -106.88580   16.80992     58.000    24.2553    24.2124 5.1747e+04   5.183964     0.4795     0.0713    98.2323 5.1474e+00          0     2.4305     2.4228     0.0990     0.1186     4.5698     0.0000     1.7334     0.0000     2.3851     2.3714    34.5697    34.6723    23.2436    23.3339    218.112    227.456    101.522    105.856 0.0000e+00
       3579    149.075     59.361 -106.88580   16.80990     59.000    24.4089    24.3791 5.1916e+04   5.199175     0.6264     0.0702    98.2604 4.6932e+00          0     2.4044     2.3894     0.1136     0.1196     4.5711     0.0000     1.6945     0.0000     2.3978     2.3893    34.5768    34.6567    23.2028    23.2722    216.443    228.545    100.995    106.648 0.0000e+00
       3688    153.606     60.367 -106.88580   16.80990     60.000    24.2932    24.2761 5.1804e+04   5.196361     0.5064     0.0694    98.2792 4.3598e+00          0     2.4307     2.4190     0.1016     0.1197     4.5719     0.0000     1.6628     0.0000     2.2602     2.2824    34.5824    34.7155    23.2417    23.3476    189.081    207.631     88.079     96.763 0.0000e+00
       3708    154.473     61.373 -106.88580   16.80990     61.000    23.3121    23.2640 5.0751e+04   5.090044     0.5550     0.0735    98.1796 4.0550e+00          0     2.4110     2.4029     0.1065     0.1197     4.5673     0.0000     1.6321     0.0000     2.1909     2.2216    34.5476    34.6996    23.5042    23.6333    181.505    202.199     83.103     92.582 0.0000e+00
       3728    155.298     62.379 -106.88580   16.80990     62.000    22.9621    22.9175 5.0365e+04   5.047027     0.7237     0.0795    98.0317 3.7659e+00          0     2.3724     2.3770     0.1234     0.1197     4.5604     0.0000     1.6007     0.0000     2.1208     2.1584    34.5258    34.6417    23.5885    23.6892    175.236    195.084     79.735     88.756 0.0000e+00
       3748    156.117     63.386 -106.88580   16.80990     63.000    22.6196    22.5671 4.9996e+04   5.011349     0.8224     0.0834    97.9375 3.4378e+00          0     2.3204     2.3373     0.1333     0.1197     4.5561     0.0000     1.5621     0.0000     2.0649     2.1008    34.5099    34.6426    23.6743    23.7899    173.597    190.788     78.507     86.269 0.0000e+00
       3769    156.985     64.392 -106.88580   16.80990     64.000    22.1632    22.1159 4.9503e+04   4.960906     0.9293     0.0873    97.8415 3.0910e+00          0     2.2638     2.2853     0.1439     0.1192     4.5516     0.0000     1.5173     0.0000     2.0250     2.0554    34.4871    34.6079    23.7860    23.8910    176.543    189.635     79.186     85.048 0.0000e+00
       3797    158.162     65.398 -106.88580   16.80990     65.000    21.9610    21.9207 4.9292e+04   4.938299     1.0743     0.0903    97.7666 2.7364e+00          0     2.1733     2.2057     0.1584     0.1191     4.5481     0.0000     1.4656     0.0000     2.0208     2.0308    34.4822    34.5860    23.8388    23.9289    185.498    193.327     82.900     86.391 0.0000e+00
       3947    164.426     66.404 -106.88580   16.80990     66.000    22.2616    22.1524 4.9618e+04   4.962543     1.0912     0.0860    97.8744 2.3813e+00          0     2.1271     2.1389     0.1601     0.1187     4.5532     0.0000     1.4086     0.0000     1.9702     2.0105    34.4980    34.5907    23.7666    23.8676    167.441    184.647     75.213     82.837 0.0000e+00
       4008    166.952     67.411 -106.88580   16.80990     67.000    21.5406    21.5291 4.8875e+04   4.903249     1.0642     0.0859    97.8750 2.1092e+00          0     2.1441     2.1638     0.1574     0.1196     4.5531     0.0000     1.3574     0.0000     1.8158     1.8705    34.4889    34.6226    23.9605    24.0653    144.163    162.165     63.953     71.982 0.0000e+00
       4040    168.303     68.417 -106.88580   16.80990     68.000    21.1825    21.1420 4.8499e+04   4.858984     1.1394     0.0785    98.0567 1.9107e+00          0     2.0234     2.0711     0.1650     0.1184     4.5616     0.0000     1.3167     0.0000     1.7436     1.7886    34.4774    34.5824    24.0500    24.1410    140.722    156.632     62.021     69.025 0.0000e+00
       4072    169.617     69.423 -106.88580   16.80990     69.000    20.9286    20.8881 4.8234e+04   4.832221     1.1063     0.0747    98.1512 1.7371e+00          0     1.8821     1.9444     0.1617     0.1183     4.5660     0.0000     1.2774     0.0000     1.6805     1.7275    34.4700    34.5734    24.1134    24.2031    132.347    150.028     58.061     65.809 0.0000e+00
       4099    170.740     70.430 -106.88580   16.80990     70.000    20.7190    20.6782 4.8017e+04   4.810311     1.0755     0.0723    98.2079 1.5607e+00          0     1.7976     1.8507     0.1586     0.1183     4.5686     0.0000     1.2335     0.0000     1.6163     1.6706    34.4649    34.5673    24.1660    24.2550    123.383    141.926     53.921     62.017 0.0000e+00
       4122    171.693     71.436 -106.88580   16.80990     71.000    20.4353    20.3886 4.7722e+04   4.782114     1.0305     0.0690    98.2901 1.3885e+00          0     1.7489     1.7938     0.1541     0.1183     4.5724     0.0000     1.1859     0.0000     1.5616     1.6158    34.4563    34.5750    24.2353    24.3383    119.983    135.472     52.163     58.889 0.0000e+00
       4144    172.632     72.442 -106.88580   16.80990     72.000    20.1429    20.1006 4.7420e+04   4.751274     0.9696     0.0646    98.3980 1.2286e+00          0     1.7054     1.7502     0.1480     0.1182     4.5775     0.0000     1.1365     0.0000     1.5283     1.5707    34.4497    34.5596    24.3079    24.4029    123.727    133.480     53.501     57.712 0.0000e+00
       4221    175.837     73.449 -106.88580   16.80990     73.000    19.9779    19.9548 4.7251e+04   4.733487     0.8800     0.0586    98.5463 1.0623e+00          0     1.6112     1.6539     0.1390     0.1177     4.5844     0.0000     1.0784     0.0000     1.5451     1.5650    34.4462    34.5334    24.3484    24.4209    133.909    140.349     57.700     60.501 0.0000e+00
       4356    181.442     74.455 -106.88580   16.80990     74.000    20.0100    19.8936 4.7301e+04   4.733189     0.9015     0.0642    98.4063 9.9256e-01          0     1.6852     1.6986     0.1411     0.1182     4.5778     0.0000     1.0515     0.0000     1.3215     1.4140    34.4607    34.5812    24.3514    24.4738     68.471     96.647     29.537     41.635 0.0000e+00
       4372    182.140     75.461 -106.88580   16.80990     75.000    19.2481    19.1142 4.6527e+04   4.661764     0.8458     0.0553    98.6280 8.9974e-01          0     1.6625     1.6846     0.1356     0.1184     4.5882     0.0000     1.0129     0.0000     1.2427     1.3382    34.4500    34.6363    24.5405    24.7173     62.414     88.127     26.550     37.437 0.0000e+00
       4386    182.729     76.468 -106.88580   16.80990     76.000    18.7255    18.6752 4.6010e+04   4.611694     0.7111     0.0499    98.7594 8.0392e-01          0     1.6223     1.6564     0.1221     0.1184     4.5943     0.0000     0.9691     0.0000     1.1802     1.2724    34.4526    34.5842    24.6757    24.7890     60.835     82.479     25.626     34.738 0.0000e+00
       4401    183.332     77.474 -106.88580   16.80990     77.000    18.5206    18.4764 4.5810e+04   4.590400     0.6615     0.0453    98.8753 7.1722e-01          0     1.5646     1.6126     0.1171     0.1181     4.5996     0.0000     0.9253     0.0000     1.1308     1.2146    34.4555    34.5714    24.7293    24.8290     63.128     78.681     26.490     33.013 0.0000e+00
       4418    184.062     78.480 -106.88580   16.80990     78.000    18.2677    18.2214 4.5569e+04   4.566708     0.5598     0.0403    98.9975 6.4156e-01          0     1.4631     1.5379     0.1070     0.1183     4.6053     0.0000     0.8828     0.0000     1.1008     1.1634    34.4629    34.5853    24.7979    24.9031     70.115     78.203     29.281     32.657 0.0000e+00
       4522    188.367     79.487 -106.88580   16.80990     79.000    18.4969    18.5594 4.5792e+04   4.595357     0.6090     0.0393    99.0209 5.5243e-01          0     1.2009     1.2680     0.1119     0.1173     4.6065     0.0000     0.8279     0.0000     1.1807     1.2052    34.4587    34.5414    24.7367    24.7835     96.505     98.069     40.418     41.190 0.0000e+00
       4642    193.356     80.493 -106.88580   16.80990     80.000    18.6272    18.7639 4.5954e+04   4.623755     0.6793     0.0464    98.8462 5.1690e-01          0     1.3688     1.4275     0.1189     0.1183     4.5983     0.0000     0.8029     0.0000     1.0595     1.1881    34.4854    34.6096    24.7254    24.7860     41.915     67.144     17.627     28.334 0.0000e+00
       4662    194.191     81.499 -106.88580   16.80990     81.000    17.9729    18.1828 4.5306e+04   4.576060     0.6049     0.0358    99.1095 4.5945e-01          0     1.3444     1.4345     0.1115     0.1184     4.6106     0.0000     0.7604     0.0000     0.9880     1.0967    34.4862    34.6965    24.8875    24.9967     41.814     59.150     17.367     24.704 0.0000e+00
       4681    194.980     82.506 -106.88580   16.80990     82.000    17.0559    17.0100 4.4394e+04   4.452325     0.5211     0.0318    99.2094 4.1590e-01          0     1.2853     1.4030     0.1031     0.1183     4.6152     0.0000     0.7252     0.0000     0.9435     1.0296    34.4808    34.6326    25.1057    25.2330     44.938     56.914     18.342     23.232 0.0000e+00
       4703    195.913     83.512 -106.88580   16.80990     83.000    16.6268    16.5840 4.3952e+04   4.405963     0.3856     0.0276    99.3133 3.7901e-01          0     1.1826     1.3143     0.0895     0.1172     4.6200     0.0000     0.6928     0.0000     0.9155     0.9801    34.4623    34.5940    25.1923    25.3035     48.976     56.798     19.822     22.989 0.0000e+00
       4779    199.077     84.519 -106.88580   16.80989     84.000    16.6669    16.7083 4.3983e+04   4.411661     0.3813     0.0248    99.3819 3.3852e-01          0     0.9494     1.0270     0.0891     0.1172     4.6232     0.0000     0.6545     0.0000     0.8865     0.9251    34.4550    34.5363    25.1774    25.2301     49.526     56.053     20.060     22.733 0.0000e+00
       4862    202.527     85.525 -106.88581   16.80988     85.000    16.3732    16.4030 4.3695e+04   4.384980     0.3612     0.0235    99.4148 3.1478e-01          0     0.8880     0.9254     0.0871     0.1171     4.6248     0.0000     0.6302     0.0000     0.8575     0.8878    34.4541    34.5651    25.2451    25.3234     46.075     51.360     18.557     20.712 0.0000e+00
