data/ctd-cnv/KM1919/KM1919-St20-P2/St20_P2_cast37-align-cellTM-derive-bin.cnv
* Sea-Bird SBE 9 Data File:
* FileName = C:\Users\otg\Desktop\CTD Data\km1920\St20_P2_cast37.hex
* Software Version Seasave V 7.26.7.107
* Temperature SN = 5554
* Conductivity SN = 3876
* Number of Bytes Per Scan = 41
* Number of Voltage Words = 4
* Number of Scans Averaged by the Deck Unit = 1
* NMEA Latitude = 16 47.12 N
* NMEA Longitude = 106 50.84 W
* NMEA UTC (Time) = Oct 07 2019  07:36:36
* NMEA baud rate = 4800
** Ship: Kilo Moana
** Station: St20_P2cast 37
** Operator: gr
** go flo cast snow catcher
# nquan = 34
# nvalues = 492                         
# units = specified
# name 0 = scan: Scan Count
# name 1 = timeS: Time, Elapsed [seconds]
# name 2 = prDM: Pressure, Digiquartz [db]
# name 3 = longitude: Longitude [deg]
# name 4 = latitude: Latitude [deg]
# name 5 = depSM: Depth [salt water, m]
# name 6 = t090C: Temperature [ITS-90, deg C]
# name 7 = t190C: Temperature, 2 [ITS-90, deg C]
# name 8 = c0uS/cm: Conductivity [uS/cm]
# name 9 = c1S/m: Conductivity, 2 [S/m]
# name 10 = flECO-AFL: Fluorescence, WET Labs ECO-AFL/FL [mg/m^3]
# name 11 = CStarAt0: Beam Attenuation, WET Labs C-Star [1/m]
# name 12 = CStarTr0: Beam Transmission, WET Labs C-Star [%]
# name 13 = par: PAR/Irradiance, Biospherical/Licor
# name 14 = modError: Modulo Error Count
# name 15 = v0: Voltage 0
# name 16 = v1: Voltage 1
# name 17 = v2: Voltage 2
# name 18 = v3: Voltage 3
# name 19 = v4: Voltage 4
# name 20 = v5: Voltage 5
# name 21 = v6: Voltage 6
# name 22 = v7: Voltage 7
# name 23 = sbeox0V: Oxygen raw, SBE 43 [V]
# name 24 = sbeox1V: Oxygen raw, SBE 43, 2 [V]
# name 25 = sal00: Salinity, Practical [PSU]
# name 26 = sal11: Salinity, Practical, 2 [PSU]
# name 27 = sigma-é00: Density [sigma-theta, kg/m^3]
# name 28 = sigma-é11: Density, 2 [sigma-theta, kg/m^3]
# name 29 = sbeox0Mm/L: Oxygen, SBE 43 [umol/l], WS = 2
# name 30 = sbeox1Mm/L: Oxygen, SBE 43, 2 [umol/l], WS = 2
# name 31 = sbeox0PS: Oxygen, SBE 43 [% saturation], WS = 2
# name 32 = sbeox1PS: Oxygen, SBE 43, 2 [% saturation], WS = 2
# name 33 = flag: flag
# span 0 =        268,      18669       
# span 1 =     11.126,    777.824       
# span 2 =     12.072,    506.621       
# span 3 = -106.84754, -106.84747       
# span 4 =   16.78532,   16.78540       
# span 5 =     12.000,    503.000       
# span 6 =     7.5998,    29.4799       
# span 7 =     7.5803,    29.4398       
# span 8 = 3.5657e+04, 5.7188e+04       
# span 9 =   3.571572,   5.726929       
# span 10 =     0.0604,     1.5235      
# span 11 =     0.0103,     0.1042      
# span 12 =    97.4281,    99.7432      
# span 13 = -2.489e-06, 7.2202e-01      
# span 14 =          0,          0      
# span 15 =     0.5034,     2.4709      
# span 16 =     0.5139,     2.4677      
# span 17 =     0.0571,     0.2034      
# span 18 =     0.1145,     0.1181      
# span 19 =     4.5324,     4.6400      
# span 20 =     0.0000,     0.0000      
# span 21 =     0.0085,     0.9175      
# span 22 =     0.0000,     0.0000      
# span 23 =     0.5023,     2.4708      
# span 24 =     0.5128,     2.4653      
# span 25 =    34.2891,    34.7854      
# span 26 =    34.3815,    34.8716      
# span 27 =    21.5872,    26.9914      
# span 28 =    21.6642,    27.0593      
# span 29 =      0.872,    229.194      
# span 30 =      0.976,    239.647      
# span 31 =      0.293,    106.410      
# span 32 =      0.327,    111.646      
# span 33 = 0.0000e+00, 0.0000e+00      
# interval = meters: 1                  
# start_time = Oct 07 2019 07:40:01 [NMEA time, first data scan]
# bad_flag = -9.990e-29
*END*
[from data line 299]
      11733    488.836    313.093 -106.84750   16.78534    311.000    10.4528    10.4230 3.8340e+04   3.839275     0.0639     0.0179    99.5545 1.0000e-12          0     0.5043     0.5158     0.0574     0.1172     4.6313     0.0000     0.0085     0.0000     0.5035     0.5149    34.6767    34.7585    26.6277    26.6968      1.075      1.272      0.384      0.454 0.0000e+00
      11757    489.851    314.100 -106.84750   16.78534    312.000    10.4416    10.4117 3.8329e+04   3.838193     0.0654     0.0179    99.5545 8.2769e-06          0     0.5043     0.5159     0.0575     0.1171     4.6313     0.0000     0.0086     0.0000     0.5035     0.5148    34.6760    34.7580    26.6292    26.6983      1.075      1.280      0.384      0.457 0.0000e+00
      11781    490.844    315.108 -106.84750   16.78534    313.000    10.4309    10.4012 3.8319e+04   3.837154     0.0755     0.0187    99.5340 8.2110e-08          0     0.5043     0.5154     0.0585     0.1169     4.6303     0.0000     0.0085     0.0000     0.5035     0.5148    34.6753    34.7571    26.6305    26.6995      1.076      1.250      0.384      0.447 0.0000e+00
      11804    491.785    316.115 -106.84750   16.78534    314.000    10.4094    10.3794 3.8297e+04   3.835224     0.0749     0.0179    99.5543 1.0000e-12          0     0.5043     0.5156     0.0585     0.1148     4.6313     0.0000     0.0085     0.0000     0.5035     0.5148    34.6739    34.7578    26.6332    26.7039      1.076      1.325      0.384      0.473 0.0000e+00
      11826    492.726    317.123 -106.84750   16.78534    315.000    10.3913    10.3618 3.8279e+04   3.833258     0.0750     0.0179    99.5545 1.0000e-12          0     0.5043     0.5156     0.0585     0.1171     4.6313     0.0000     0.0085     0.0000     0.5035     0.5148    34.6725    34.7543    26.6352    26.7042      1.077      1.228      0.384      0.438 0.0000e+00
      11850    493.700    318.130 -106.84750   16.78534    316.000    10.3721    10.3412 3.8260e+04   3.831397     0.0751     0.0180    99.5512 1.0000e-12          0     0.5043     0.5157     0.0585     0.1172     4.6311     0.0000     0.0085     0.0000     0.5035     0.5147    34.6710    34.7548    26.6374    26.7082      1.078      1.257      0.384      0.448 0.0000e+00
      11873    494.677    319.138 -106.84750   16.78532    317.000    10.3471    10.3166 3.8235e+04   3.828934     0.0751     0.0176    99.5621 1.0000e-12          0     0.5043     0.5156     0.0585     0.1171     4.6316     0.0000     0.0085     0.0000     0.5035     0.5147    34.6690    34.7528    26.6403    26.7109      1.078      1.268      0.384      0.452 0.0000e+00
      11899    495.737    320.145 -106.84750   16.78532    318.000    10.3128    10.2820 3.8202e+04   3.825665     0.0665     0.0178    99.5566 1.0000e-12          0     0.5043     0.5157     0.0577     0.1172     4.6314     0.0000     0.0085     0.0000     0.5035     0.5148    34.6674    34.7523    26.6449    26.7165      1.079      1.248      0.385      0.445 0.0000e+00
      11957    498.184    321.153 -106.84751   16.78532    319.000    10.3065    10.2737 3.8196e+04   3.824388     0.0672     0.0173    99.5687 1.0000e-12          0     0.5043     0.5155     0.0577     0.1172     4.6319     0.0000     0.0085     0.0000     0.5035     0.5145    34.6668    34.7468    26.6456    26.7137      1.080      1.225      0.385      0.436 0.0000e+00
      12022    500.859    322.160 -106.84752   16.78532    320.000    10.2838    10.2671 3.8174e+04   3.826291     0.0756     0.0172    99.5709 1.0000e-12          0     0.5043     0.5152     0.0586     0.1160     4.6320     0.0000     0.0085     0.0000     0.5035     0.5147    34.6663    34.7719    26.6491    26.7345      1.080      1.387      0.385      0.494 0.0000e+00
      12043    501.757    323.168 -106.84752   16.78532    321.000    10.2426    10.2310 3.8133e+04   3.824097     0.0685     0.0173    99.5691 1.0000e-12          0     0.5043     0.5154     0.0578     0.1157     4.6320     0.0000     0.0085     0.0000     0.5035     0.5150    34.6635    34.7838    26.6541    26.7500      1.082      1.392      0.385      0.495 0.0000e+00
      12061    502.492    324.175 -106.84752   16.78534    322.000    10.2133    10.1923 3.8105e+04   3.820749     0.0604     0.0168    99.5810 1.0000e-12          0     0.5043     0.5153     0.0571     0.1179     4.6325     0.0000     0.0085     0.0000     0.5035     0.5152    34.6621    34.7864    26.6581    26.7587      1.083      1.417      0.385      0.504 0.0000e+00
      12077    503.165    325.183 -106.84752   16.78534    323.000    10.1977    10.1747 3.8090e+04   3.817445     0.0616     0.0169    99.5792 1.0000e-12          0     0.5043     0.5152     0.0572     0.1172     4.6324     0.0000     0.0085     0.0000     0.5035     0.5154    34.6615    34.7693    26.6603    26.7484      1.083      1.306      0.385      0.464 0.0000e+00
      12092    503.789    326.191 -106.84752   16.78534    324.000    10.1514    10.1227 3.8043e+04   3.812119     0.0647     0.0168    99.5807 1.0000e-12          0     0.5043     0.5155     0.0575     0.1171     4.6325     0.0000     0.0085     0.0000     0.5035     0.5148    34.6578    34.7645    26.6654    26.7536      1.084      1.122      0.385      0.398 0.0000e+00
      12107    504.404    327.198 -106.84752   16.78534    325.000    10.1128    10.0821 3.8006e+04   3.806048     0.0754     0.0168    99.5808 1.0000e-12          0     0.5043     0.5153     0.0585     0.1172     4.6325     0.0000     0.0085     0.0000     0.5035     0.5148    34.6564    34.7411    26.6709    26.7423      1.086      1.210      0.385      0.429 0.0000e+00
      12121    505.008    328.206 -106.84752   16.78534    326.000    10.1086    10.0792 3.8002e+04   3.805596     0.0695     0.0161    99.5985 1.0000e-12          0     0.5043     0.5161     0.0580     0.1161     4.6333     0.0000     0.0085     0.0000     0.5035     0.5147    34.6563    34.7388    26.6716    26.7410      1.086      1.210      0.385      0.429 0.0000e+00
      12136    505.638    329.213 -106.84752   16.78532    327.000    10.1072    10.0779 3.8001e+04   3.805474     0.0638     0.0159    99.6018 1.0000e-12          0     0.5043     0.5158     0.0574     0.1149     4.6335     0.0000     0.0085     0.0000     0.5035     0.5146    34.6559    34.7383    26.6715    26.7409      1.086      1.194      0.385      0.423 0.0000e+00
      12153    506.341    330.221 -106.84752   16.78532    328.000    10.1063    10.0768 3.8001e+04   3.805378     0.0717     0.0159    99.6029 1.0000e-12          0     0.5043     0.5160     0.0582     0.1166     4.6335     0.0000     0.0085     0.0000     0.5035     0.5145    34.6564    34.7380    26.6721    26.7409      1.086      1.236      0.385      0.438 0.0000e+00
      12175    507.236    331.228 -106.84752   16.78532    329.000    10.1047    10.0756 3.8000e+04   3.805278     0.0741     0.0157    99.6068 1.0000e-12          0     0.5043     0.5157     0.0584     0.1170     4.6337     0.0000     0.0085     0.0000     0.5035     0.5145    34.6560    34.7377    26.6721    26.7408      1.086      1.228      0.385      0.435 0.0000e+00
      12260    510.781    332.236 -106.84752   16.78532    330.000    10.1094    10.0788 3.8006e+04   3.805589     0.0710     0.0168    99.5799 1.0000e-12          0     0.5043     0.5153     0.0581     0.1165     4.6325     0.0000     0.0085     0.0000     0.5035     0.5145    34.6570    34.7373    26.6720    26.7400      1.084      1.251      0.384      0.444 0.0000e+00
      12319    513.249    333.243 -106.84752   16.78532    331.000    10.1058    10.0769 3.8003e+04   3.805502     0.0747     0.0163    99.5920 1.0000e-12          0     0.5043     0.5155     0.0585     0.1150     4.6330     0.0000     0.0085     0.0000     0.5035     0.5147    34.6569    34.7378    26.6726    26.7407      1.087      1.318      0.385      0.467 0.0000e+00
      12338    514.054    334.251 -106.84752   16.78532    332.000    10.1045    10.0755 3.8002e+04   3.805394     0.0748     0.0168    99.5804 1.0000e-12          0     0.5043     0.5151     0.0585     0.1173     4.6325     0.0000     0.0085     0.0000     0.5035     0.5145    34.6571    34.7376    26.6730    26.7408      1.087      1.185      0.385      0.420 0.0000e+00
      12355    514.746    335.259 -106.84752   16.78532    333.000    10.1046    10.0752 3.8003e+04   3.805428     0.0738     0.0166    99.5858 1.0000e-12          0     0.5043     0.5155     0.0584     0.1154     4.6327     0.0000     0.0085     0.0000     0.5035     0.5146    34.6575    34.7378    26.6733    26.7411      1.087      1.231      0.385      0.437 0.0000e+00
      12370    515.395    336.266 -106.84752   16.78534    334.000    10.0996    10.0695 3.7998e+04   3.804922     0.0738     0.0164    99.5906 1.2684e-05          0     0.5043     0.5153     0.0584     0.1152     4.6329     0.0000     0.0086     0.0000     0.5035     0.5144    34.6571    34.7377    26.6739    26.7420      1.087      1.179      0.385      0.418 0.0000e+00
      12386    516.027    337.274 -106.84752   16.78534    335.000    10.0984    10.0693 3.7998e+04   3.804888     0.0760     0.0168    99.5810 2.9359e-07          0     0.5043     0.5152     0.0586     0.1172     4.6325     0.0000     0.0085     0.0000     0.5035     0.5143    34.6570    34.7370    26.6740    26.7415      1.087      1.231      0.386      0.436 0.0000e+00
      12401    516.681    338.282 -106.84752   16.78534    336.000    10.0964    10.0672 3.7996e+04   3.804751     0.0738     0.0168    99.5808 1.0000e-12          0     0.5043     0.5155     0.0584     0.1172     4.6325     0.0000     0.0085     0.0000     0.5035     0.5146    34.6567    34.7372    26.6742    26.7420      1.087      1.299      0.386      0.460 0.0000e+00
      12418    517.383    339.289 -106.84752   16.78534    337.000    10.0940    10.0655 3.7994e+04   3.804602     0.0747     0.0164    99.5908 1.0000e-12          0     0.5043     0.5154     0.0585     0.1171     4.6330     0.0000     0.0085     0.0000     0.5035     0.5145    34.6566    34.7368    26.6746    26.7420      1.088      1.229      0.386      0.435 0.0000e+00
      12438    518.210    340.297 -106.84752   16.78534    338.000    10.0901    10.0625 3.7990e+04   3.804357     0.0631     0.0165    99.5869 1.0000e-12          0     0.5043     0.5154     0.0573     0.1171     4.6328     0.0000     0.0085     0.0000     0.5035     0.5144    34.6559    34.7368    26.6747    26.7426      1.088      1.185      0.386      0.420 0.0000e+00
      12463    519.269    341.304 -106.84752   16.78534    339.000    10.0886    10.0601 3.7989e+04   3.804124     0.0622     0.0167    99.5827 1.0000e-12          0     0.5043     0.5152     0.0572     0.1172     4.6326     0.0000     0.0085     0.0000     0.5035     0.5144    34.6559    34.7363    26.6750    26.7426      1.088      1.201      0.386      0.426 0.0000e+00
      12505    520.990    342.312 -106.84752   16.78534    340.000    10.0868    10.0576 3.7987e+04   3.803912     0.0682     0.0165    99.5889 1.0000e-12          0     0.5043     0.5153     0.0578     0.1171     4.6329     0.0000     0.0085     0.0000     0.5035     0.5144    34.6554    34.7360    26.6749    26.7428      1.088      1.240      0.386      0.439 0.0000e+00
      12557    523.182    343.320 -106.84752   16.78534    341.000    10.0810    10.0523 3.7982e+04   3.803457     0.0743     0.0163    99.5925 1.0000e-12          0     0.5043     0.5151     0.0584     0.1171     4.6330     0.0000     0.0085     0.0000     0.5035     0.5145    34.6550    34.7360    26.6756    26.7438      1.089      1.230      0.386      0.436 0.0000e+00
      12589    524.485    344.327 -106.84752   16.78534    342.000    10.0425    10.0102 3.7944e+04   3.799864     0.0743     0.0166    99.5867 1.0000e-12          0     0.5043     0.5152     0.0584     0.1153     4.6328     0.0000     0.0085     0.0000     0.5035     0.5145    34.6529    34.7393    26.6805    26.7535      1.090      1.322      0.386      0.468 0.0000e+00
      12613    525.520    345.335 -106.84752   16.78534    343.000     9.9860     9.9562 3.7888e+04   3.794203     0.0739     0.0157    99.6070 1.0000e-12          0     0.5043     0.5153     0.0584     0.1168     4.6337     0.0000     0.0085     0.0000     0.5035     0.5147    34.6494    34.7329    26.6874    26.7577      1.091      1.215      0.386      0.430 0.0000e+00
      12637    526.495    346.342 -106.84752   16.78534    344.000     9.9511     9.9207 3.7854e+04   3.790917     0.0736     0.0159    99.6015 1.0000e-12          0     0.5043     0.5153     0.0583     0.1171     4.6334     0.0000     0.0085     0.0000     0.5035     0.5144    34.6472    34.7329    26.6916    26.7637      1.092      1.183      0.386      0.418 0.0000e+00
      12662    527.542    347.350 -106.84752   16.78534    345.000     9.9089     9.8792 3.7813e+04   3.786661     0.0733     0.0158    99.6051 1.0000e-12          0     0.5043     0.5152     0.0583     0.1172     4.6336     0.0000     0.0085     0.0000     0.5035     0.5143    34.6451    34.7288    26.6971    26.7675      1.094      1.205      0.386      0.425 0.0000e+00
      12688    528.626    348.358 -106.84752   16.78534    346.000     9.8960     9.8669 3.7800e+04   3.785306     0.0742     0.0157    99.6060 1.0000e-12          0     0.5043     0.5154     0.0584     0.1172     4.6337     0.0000     0.0085     0.0000     0.5035     0.5145    34.6443    34.7263    26.6987    26.7677      1.094      1.340      0.386      0.473 0.0000e+00
      12713    529.659    349.366 -106.84752   16.78534    347.000     9.8845     9.8552 3.7789e+04   3.784202     0.0723     0.0157    99.6070 1.0000e-12          0     0.5043     0.5152     0.0582     0.1156     4.6337     0.0000     0.0085     0.0000     0.5035     0.5146    34.6432    34.7258    26.6998    26.7693      1.095      1.226      0.386      0.433 0.0000e+00
      12736    530.615    350.373 -106.84752   16.78534    348.000     9.8653     9.8360 3.7771e+04   3.782472     0.0750     0.0159    99.6025 1.0000e-12          0     0.5043     0.5151     0.0585     0.1163     4.6335     0.0000     0.0085     0.0000     0.5035     0.5144    34.6425    34.7261    26.7025    26.7727      1.095      1.195      0.386      0.421 0.0000e+00
      12759    531.589    351.381 -106.84752   16.78534    349.000     9.8379     9.8079 3.7744e+04   3.779846     0.0741     0.0157    99.6080 1.0000e-12          0     0.5043     0.5151     0.0584     0.1171     4.6337     0.0000     0.0085     0.0000     0.5035     0.5144    34.6416    34.7257    26.7065    26.7772      1.096      1.245      0.386      0.439 0.0000e+00
      12783    532.580    352.388 -106.84752   16.78534    350.000     9.8163     9.7871 3.7724e+04   3.777636     0.0692     0.0148    99.6298 1.0000e-12          0     0.5043     0.5154     0.0579     0.1171     4.6347     0.0000     0.0085     0.0000     0.5035     0.5145    34.6409    34.7226    26.7095    26.7783      1.097      1.289      0.387      0.454 0.0000e+00
      12806    533.545    353.396 -106.84752   16.78534    351.000     9.8127     9.7836 3.7721e+04   3.777321     0.0665     0.0147    99.6322 1.0000e-12          0     0.5043     0.5154     0.0577     0.1171     4.6348     0.0000     0.0085     0.0000     0.5035     0.5145    34.6408    34.7223    26.7101    26.7787      1.081      1.224      0.381      0.431 0.0000e+00
      12830    534.533    354.404 -106.84752   16.78534    352.000     9.8080     9.7791 3.7717e+04   3.776887     0.0713     0.0149    99.6293 1.0000e-12          0     0.5043     0.5152     0.0581     0.1165     4.6347     0.0000     0.0085     0.0000     0.5035     0.5144    34.6412    34.7217    26.7112    26.7790      1.091      1.188      0.384      0.419 0.0000e+00
