data/ctd-cnv/KM1919/KM1919-St20-P2/St20_P2_cast53-align-cellTM-derive-bin.cnv
* Sea-Bird SBE 9 Data File:
* FileName = C:\Users\otg\Desktop\CTD Data\km1920\St20_P2_cast53.hex
* Software Version Seasave V 7.26.7.107
* Temperature SN = 5554
* Conductivity SN = 3876
* Number of Bytes Per Scan = 41
* Number of Voltage Words = 4
* Number of Scans Averaged by the Deck Unit = 1
* NMEA Latitude = 16 48.77 N
* NMEA Longitude = 106 51.63 W
* NMEA UTC (Time) = Oct 11 2019  04:38:33
* NMEA baud rate = 4800
** Ship: Kilo Moana
** Station: St20_P2 cast 53
** Operator: gr
** uptake exp
# nquan = 34
# nvalues = 200                         
# units = specified
# name 0 = scan: Scan Count
# name 1 = timeS: Time, Elapsed [seconds]
# name 2 = prDM: Pressure, Digiquartz [db]
# name 3 = longitude: Longitude [deg]
# name 4 = latitude: Latitude [deg]
# name 5 = depSM: Depth [salt water, m]
# name 6 = t090C: Temperature [ITS-90, deg C]
# name 7 = t190C: Temperature, 2 [ITS-90, deg C]
# name 8 = c0uS/cm: Conductivity [uS/cm]
# name 9 = c1S/m: Conductivity, 2 [S/m]
# name 10 = flECO-AFL: Fluorescence, WET Labs ECO-AFL/FL [mg/m^3]
# name 11 = CStarAt0: Beam Attenuation, WET Labs C-Star [1/m]
# name 12 = CStarTr0: Beam Transmission, WET Labs C-Star [%]
# name 13 = par: PAR/Irradiance, Biospherical/Licor
# name 14 = modError: Modulo Error Count
# name 15 = v0: Voltage 0
# name 16 = v1: Voltage 1
# name 17 = v2: Voltage 2
# name 18 = v3: Voltage 3
# name 19 = v4: Voltage 4
# name 20 = v5: Voltage 5
# name 21 = v6: Voltage 6
# name 22 = v7: Voltage 7
# name 23 = sbeox0V: Oxygen raw, SBE 43 [V]
# name 24 = sbeox1V: Oxygen raw, SBE 43, 2 [V]
# name 25 = sal00: Salinity, Practical [PSU]
# name 26 = sal11: Salinity, Practical, 2 [PSU]
# name 27 = sigma-é00: Density [sigma-theta, kg/m^3]
# name 28 = sigma-é11: Density, 2 [sigma-theta, kg/m^3]
# name 29 = sbeox0Mm/L: Oxygen, SBE 43 [umol/l], WS = 2
# name 30 = sbeox1Mm/L: Oxygen, SBE 43, 2 [umol/l], WS = 2
# name 31 = sbeox0PS: Oxygen, SBE 43 [% saturation], WS = 2
# name 32 = sbeox1PS: Oxygen, SBE 43, 2 [% saturation], WS = 2
# name 33 = flag: flag
# span 0 =        -19,       8726       
# span 1 =     -0.841,    363.558       
# span 2 =      5.030,    205.320       
# span 3 = -106.86008, -106.85994       
# span 4 =   16.81290,   16.81294       
# span 5 =      5.000,    204.000       
# span 6 =    12.2346,    29.0357       
# span 7 =    12.2006,    28.9946       
# span 8 = 4.0083e+04, 5.6329e+04       
# span 9 =   4.013433,   5.640688       
# span 10 =     0.0673,     1.4092      
# span 11 =     0.0369,     0.1124      
# span 12 =    97.2291,    99.0820      
# span 13 = 1.5600e-04, 2.0874e+00      
# span 14 =          0,          0      
# span 15 =     0.5050,     2.5005      
# span 16 =     0.5165,     2.4870      
# span 17 =     0.0577,     0.1919      
# span 18 =     0.1130,     0.1173      
# span 19 =     4.5231,     4.6093      
# span 20 =     0.0000,     0.0000      
# span 21 =     0.0095,     1.3439      
# span 22 =     0.0000,     0.0000      
# span 23 =     0.5040,     2.4997      
# span 24 =     0.5154,     2.4803      
# span 25 =    34.1412,    34.7808      
# span 26 =    34.2254,    34.8716      
# span 27 =    21.4151,    26.3731      
# span 28 =    21.4916,    26.4430      
# span 29 =      1.013,    230.815      
# span 30 =      1.310,    240.784      
# span 31 =      0.376,    107.402      
# span 32 =      0.486,    112.158      
# span 33 = 0.0000e+00, 0.0000e+00      
# interval = meters: 1                  
# start_time = Oct 11 2019 04:49:52 [NMEA time, first data scan]
# bad_flag = -9.990e-29
*END*
[from data line 86]
       4357    181.500     91.563 -106.86002   16.81290     91.000    16.8158    16.7763 4.4169e+04   4.424483     0.3819     0.0508    98.7387 1.5981e-03          0     1.1176     1.1380     0.0892     0.1148     4.5933     0.0000     0.0159     0.0000     0.9952     1.0345    34.4870    34.5874    25.1674    25.2539     55.102     65.916     22.389     26.779 0.0000e+00
       4396    183.116     92.570 -106.86002   16.81290     92.000    16.6249    16.5878 4.3988e+04   4.405735     0.3696     0.0487    98.7915 1.5631e-03          0     1.0670     1.0999     0.0879     0.1147     4.5957     0.0000     0.0157     0.0000     0.9526     0.9830    34.4920    34.5854    25.2161    25.2964     55.232     60.942     22.359     24.668 0.0000e+00
       4482    186.698     93.576 -106.86002   16.81290     93.000    16.5466    16.4771 4.3910e+04   4.394090     0.3918     0.0475    98.8202 1.4209e-03          0     0.9486     0.9808     0.0902     0.1147     4.5971     0.0000     0.0151     0.0000     0.9027     0.9207    34.4909    34.5783    25.2335    25.3168     48.875     55.675     19.756     22.486 0.0000e+00
       4530    188.689     94.583 -106.86002   16.81290     94.000    16.3888    16.3519 4.3756e+04   4.382982     0.3583     0.0473    98.8242 1.4208e-03          0     0.9286     0.9425     0.0868     0.1148     4.5973     0.0000     0.0151     0.0000     0.8578     0.8880    34.4917    34.5884    25.2707    25.3536     40.158     48.847     16.183     19.682 0.0000e+00
       4556    189.799     95.589 -106.86002   16.81290     95.000    16.1697    16.1289 4.3543e+04   4.361839     0.3250     0.0468    98.8372 1.3651e-03          0     0.9092     0.9300     0.0835     0.1147     4.5979     0.0000     0.0149     0.0000     0.8289     0.8608    34.4927    34.5947    25.3220    25.4097     37.310     44.688     14.971     17.929 0.0000e+00
       4596    191.471     96.596 -106.86002   16.81290     96.000    15.9103    15.8573 4.3288e+04   4.334899     0.3314     0.0469    98.8350 1.3334e-03          0     0.8741     0.9014     0.0841     0.1147     4.5978     0.0000     0.0147     0.0000     0.8112     0.8309    34.4905    34.5914    25.3794    25.4691     40.970     43.552     16.354     17.380 0.0000e+00
       4707    196.068     97.602 -106.86002   16.81290     97.000    15.9840    15.9619 4.3364e+04   4.343195     0.3327     0.0424    98.9461 1.2923e-03          0     0.7971     0.8141     0.0842     0.1130     4.6030     0.0000     0.0146     0.0000     0.7922     0.8142    34.4938    34.5737    25.3653    25.4317     36.683     42.810     14.669     17.118 0.0000e+00
       4748    197.806     98.608 -106.86002   16.81290     98.000    15.6640    15.6301 4.3062e+04   4.312646     0.2676     0.0423    98.9482 1.0834e-03          0     0.8079     0.8257     0.0777     0.1147     4.6031     0.0000     0.0136     0.0000     0.7704     0.7921    34.5031    34.5904    25.4449    25.5198     34.453     38.868     13.689     15.441 0.0000e+00
       4770    198.726     99.615 -106.86002   16.81290     99.000    15.6707    15.6368 4.3071e+04   4.313408     0.2366     0.0432    98.9269 1.0429e-03          0     0.7965     0.8212     0.0747     0.1147     4.6021     0.0000     0.0134     0.0000     0.7608     0.7840    34.5051    34.5910    25.4450    25.5187     32.106     37.251     12.759     14.801 0.0000e+00
       4792    199.609    100.621 -106.86002   16.81290    100.000    15.6418    15.6044 4.3049e+04   4.311440     0.2348     0.0425    98.9442 1.0428e-03          0     0.7855     0.8101     0.0745     0.1147     4.6029     0.0000     0.0134     0.0000     0.7507     0.7730    34.5098    34.6014    25.4551    25.5340     31.909     35.513     12.673     14.102 0.0000e+00
       4876    203.143    101.628 -106.86002   16.81290    101.000    15.5918    15.5513 4.3002e+04   4.305731     0.2529     0.0416    98.9657 9.7950e-04          0     0.7588     0.7783     0.0763     0.1140     4.6039     0.0000     0.0131     0.0000     0.7497     0.7655    34.5113    34.5963    25.4675    25.5420     33.628     36.701     13.342     14.559 0.0000e+00
       4974    207.202    102.634 -106.86002   16.81290    102.000    15.5034    15.5106 4.2923e+04   4.303343     0.2606     0.0413    98.9732 8.2155e-04          0     0.7556     0.7688     0.0771     0.1148     4.6042     0.0000     0.0125     0.0000     0.7152     0.7444    34.5175    34.6103    25.4921    25.5619     20.689     29.063      8.195     11.520 0.0000e+00
       4993    208.005    103.641 -106.86002   16.81290    103.000    15.2280    15.1951 4.2659e+04   4.275279     0.2244     0.0411    98.9759 8.6522e-04          0     0.7578     0.7700     0.0734     0.1148     4.6043     0.0000     0.0126     0.0000     0.6906     0.7224    34.5209    34.6346    25.5559    25.6507     17.027     25.050      6.708      9.870 0.0000e+00
       5017    208.985    104.647 -106.86002   16.81290    104.000    15.0793    15.0417 4.2540e+04   4.261005     0.1964     0.0402    99.0010 8.4572e-04          0     0.7496     0.7661     0.0706     0.1148     4.6055     0.0000     0.0126     0.0000     0.6641     0.6981    34.5431    34.6405    25.6057    25.6890     14.133     21.387      5.553      8.402 0.0000e+00
       5086    211.887    105.654 -106.86002   16.81290    105.000    15.0313    15.0162 4.2507e+04   4.258318     0.1976     0.0399    99.0077 7.9415e-04          0     0.6874     0.7141     0.0708     0.1143     4.6058     0.0000     0.0123     0.0000     0.6464     0.6729    34.5558    34.6382    25.6261    25.6929     17.478     21.868      6.859      8.586 0.0000e+00
       5193    216.339    106.660 -106.86002   16.81290    106.000    14.9301    14.8938 4.2443e+04   4.251103     0.2081     0.0396    99.0159 7.3379e-04          0     0.6483     0.6693     0.0718     0.1130     4.6062     0.0000     0.0121     0.0000     0.5957     0.6294    34.5861    34.6808    25.6716    25.7525      5.369     11.629      2.103      4.555 0.0000e+00
       5217    217.322    107.667 -106.86002   16.81290    107.000    14.8249    14.7912 4.2372e+04   4.243445     0.1729     0.0389    99.0322 7.5193e-04          0     0.6475     0.6716     0.0683     0.1147     4.6069     0.0000     0.0122     0.0000     0.5760     0.6053    34.6145    34.7018    25.7165    25.7911      5.895      9.803      2.305      3.833 0.0000e+00
       5238    218.201    108.673 -106.86002   16.81290    108.000    14.7835    14.7511 4.2343e+04   4.240840     0.1476     0.0381    99.0515 7.0364e-04          0     0.6309     0.6619     0.0658     0.1147     4.6079     0.0000     0.0119     0.0000     0.5662     0.5925    34.6248    34.7133    25.7334    25.8087      6.176      9.106      2.414      3.558 0.0000e+00
       5258    219.025    109.680 -106.86002   16.81290    109.000    14.7448    14.7101 4.2312e+04   4.237427     0.1379     0.0378    99.0582 6.5654e-04          0     0.6111     0.6448     0.0648     0.1147     4.6082     0.0000     0.0117     0.0000     0.5601     0.5833    34.6302    34.7182    25.7459    25.8214      6.513      8.694      2.543      3.394 0.0000e+00
       5282    220.040    110.686 -106.86002   16.81290    110.000    14.7069    14.6728 4.2280e+04   4.234154     0.1364     0.0370    99.0794 6.7895e-04          0     0.5900     0.6217     0.0646     0.1148     4.6092     0.0000     0.0118     0.0000     0.5555     0.5761    34.6341    34.7211    25.7572    25.8317      6.910      8.591      2.696      3.351 0.0000e+00
       5361    223.322    111.693 -106.86002   16.81290    111.000    14.7117    14.6932 4.2285e+04   4.235475     0.1484     0.0370    99.0807 6.0597e-04          0     0.5570     0.5783     0.0658     0.1134     4.6092     0.0000     0.0115     0.0000     0.5485     0.5664    34.6343    34.7147    25.7564    25.8224      6.182      8.082      2.412      3.154 0.0000e+00
       5418    225.699    112.699 -106.86000   16.81290    112.000    14.6366    14.6107 4.2228e+04   4.230061     0.1500     0.0370    99.0799 5.1162e-04          0     0.5520     0.5697     0.0660     0.1142     4.6092     0.0000     0.0111     0.0000     0.5382     0.5574    34.6482    34.7383    25.7834    25.8584      3.919      5.975      1.527      2.328 0.0000e+00
       5441    226.657    113.706 -106.86000   16.81290    113.000    14.6118    14.5794 4.2213e+04   4.227360     0.1351     0.0369    99.0820 4.9288e-04          0     0.5511     0.5685     0.0645     0.1131     4.6093     0.0000     0.0110     0.0000     0.5338     0.5525    34.6560    34.7411    25.7948    25.8674      3.571      5.445      1.391      2.120 0.0000e+00
       5465    227.670    114.712 -106.86000   16.81290    114.000    14.5930    14.5596 4.2199e+04   4.225963     0.1337     0.0369    99.0820 4.8275e-04          0     0.5471     0.5659     0.0644     0.1141     4.6093     0.0000     0.0110     0.0000     0.5296     0.5482    34.6603    34.7456    25.8021    25.8751      2.996      4.799      1.166      1.868 0.0000e+00
       5493    228.820    115.719 -106.86000   16.81290    115.000    14.5722    14.5391 4.2186e+04   4.224509     0.1371     0.0375    99.0660 4.8236e-04          0     0.5409     0.5601     0.0647     0.1133     4.6086     0.0000     0.0110     0.0000     0.5249     0.5426    34.6658    34.7501    25.8109    25.8831      2.789      4.143      1.085      1.612 0.0000e+00
       5523    230.081    116.725 -106.86000   16.81290    116.000    14.5200    14.4844 4.2145e+04   4.220656     0.1426     0.0389    99.0315 4.8236e-04          0     0.5351     0.5538     0.0653     0.1147     4.6069     0.0000     0.0110     0.0000     0.5224     0.5388    34.6749    34.7633    25.8291    25.9050      3.164      4.139      1.230      1.609 0.0000e+00
       5553    231.354    117.732 -106.86000   16.81290    117.000    14.4691    14.4353 4.2098e+04   4.215842     0.1263     0.0377    99.0626 4.8236e-04          0     0.5297     0.5482     0.0636     0.1148     4.6084     0.0000     0.0110     0.0000     0.5223     0.5375    34.6770    34.7626    25.8417    25.9150      3.828      4.412      1.487      1.713 0.0000e+00
       5584    232.611    118.738 -106.86000   16.81290    118.000    14.4376    14.3996 4.2067e+04   4.212362     0.1348     0.0371    99.0747 4.8236e-04          0     0.5251     0.5425     0.0645     0.1148     4.6090     0.0000     0.0110     0.0000     0.5226     0.5374    34.6760    34.7621    25.8477    25.9223      3.316      4.376      1.287      1.698 0.0000e+00
       5621    234.151    119.745 -106.86000   16.81290    119.000    14.3688    14.3334 4.2008e+04   4.207185     0.1362     0.0370    99.0782 4.8236e-04          0     0.5231     0.5391     0.0646     0.1147     4.6091     0.0000     0.0110     0.0000     0.5198     0.5357    34.6824    34.7734    25.8673    25.9452      2.471      3.774      0.958      1.463 0.0000e+00
       5681    236.665    120.752 -106.86000   16.81290    120.000    14.1271    14.0889 4.1801e+04   4.186133     0.1713     0.0400    99.0058 4.8236e-04          0     0.5228     0.5379     0.0681     0.1147     4.6058     0.0000     0.0110     0.0000     0.5145     0.5302    34.7081    34.7983    25.9384    26.0162      1.723      2.797      0.665      1.079 0.0000e+00
       5721    238.348    121.758 -106.86000   16.81290    121.000    14.0508    14.0168 4.1742e+04   4.180281     0.2677     0.0437    98.9125 4.8236e-04          0     0.5193     0.5353     0.0778     0.1148     4.6014     0.0000     0.0110     0.0000     0.5114     0.5266    34.7213    34.8086    25.9647    26.0394      1.552      2.446      0.598      0.942 0.0000e+00
       5745    239.333    122.765 -106.86000   16.81290    122.000    14.0351    14.0005 4.1731e+04   4.179015     0.3075     0.0475    98.8196 4.8236e-04          0     0.5171     0.5330     0.0817     0.1146     4.5971     0.0000     0.0110     0.0000     0.5106     0.5252    34.7245    34.8112    25.9705    26.0448      1.595      2.289      0.614      0.881 0.0000e+00
       5770    240.388    123.771 -106.86000   16.81290    123.000    14.0038    13.9705 4.1705e+04   4.176499     0.3264     0.0489    98.7840 4.8236e-04          0     0.5148     0.5306     0.0836     0.1147     4.5954     0.0000     0.0110     0.0000     0.5094     0.5240    34.7289    34.8145    25.9805    26.0537      1.582      2.257      0.609      0.869 0.0000e+00
       5799    241.579    124.778 -106.86000   16.81290    124.000    13.9960    13.9629 4.1699e+04   4.175777     0.3610     0.0500    98.7570 4.8236e-04          0     0.5129     0.5281     0.0871     0.1148     4.5941     0.0000     0.0110     0.0000     0.5092     0.5230    34.7299    34.8143    25.9830    26.0551      1.637      2.254      0.630      0.867 0.0000e+00
       5832    242.943    125.784 -106.86000   16.81290    125.000    13.9913    13.9599 4.1696e+04   4.175579     0.3810     0.0498    98.7634 4.7458e-04          0     0.5113     0.5260     0.0891     0.1147     4.5944     0.0000     0.0110     0.0000     0.5086     0.5227    34.7309    34.8147    25.9847    26.0561      1.550      2.244      0.597      0.864 0.0000e+00
       5866    244.381    126.791 -106.86000   16.81290    126.000    13.9727    13.9378 4.1681e+04   4.173881     0.3831     0.0497    98.7654 4.8228e-04          0     0.5104     0.5244     0.0893     0.1147     4.5945     0.0000     0.0110     0.0000     0.5082     0.5221    34.7326    34.8184    25.9900    26.0636      1.590      2.123      0.612      0.816 0.0000e+00
       5903    245.907    127.797 -106.86000   16.81290    127.000    13.9345    13.9017 4.1648e+04   4.170620     0.4333     0.0508    98.7382 4.6104e-04          0     0.5098     0.5238     0.0943     0.1148     4.5933     0.0000     0.0109     0.0000     0.5082     0.5217    34.7359    34.8204    26.0006    26.0727      1.639      2.151      0.630      0.827 0.0000e+00
       5941    247.489    128.804 -106.85998   16.81290    128.000    13.9040    13.8704 4.1621e+04   4.168111     0.4870     0.0510    98.7339 4.3400e-04          0     0.5093     0.5231     0.0997     0.1147     4.5931     0.0000     0.0108     0.0000     0.5082     0.5214    34.7381    34.8249    26.0086    26.0827      1.620      2.062      0.622      0.792 0.0000e+00
       5972    248.795    129.811 -106.85998   16.81290    129.000    13.8580    13.8253 4.1580e+04   4.163901     0.4979     0.0507    98.7413 3.8478e-04          0     0.5092     0.5227     0.1008     0.1148     4.5934     0.0000     0.0106     0.0000     0.5081     0.5211    34.7409    34.8261    26.0204    26.0931      1.556      2.030      0.597      0.779 0.0000e+00
       6004    250.145    130.817 -106.85998   16.81290    130.000    13.8436    13.8111 4.1567e+04   4.162542     0.4509     0.0499    98.7595 3.6430e-04          0     0.5092     0.5225     0.0961     0.1147     4.5943     0.0000     0.0105     0.0000     0.5078     0.5205    34.7417    34.8258    26.0241    26.0959      1.599      1.942      0.614      0.745 0.0000e+00
       6046    251.888    131.824 -106.85998   16.81290    131.000    13.8177    13.7852 4.1545e+04   4.160347     0.4622     0.0501    98.7560 3.9038e-04          0     0.5091     0.5221     0.0972     0.1148     4.5941     0.0000     0.0106     0.0000     0.5076     0.5205    34.7439    34.8283    26.0312    26.1033      1.455      2.003      0.558      0.768 0.0000e+00
       6095    253.927    132.831 -106.85998   16.81290    132.000    13.7587    13.7256 4.1492e+04   4.155185     0.4637     0.0500    98.7567 3.2433e-04          0     0.5088     0.5215     0.0974     0.1146     4.5941     0.0000     0.0103     0.0000     0.5073     0.5204    34.7475    34.8337    26.0463    26.1198      1.545      1.990      0.592      0.762 0.0000e+00
