data/ctd-cnv/KM1919/KM1919-St20-P2/St20_P2_cast42-align-cellTM-derive-bin.cnv
* Sea-Bird SBE 9 Data File:
* FileName = C:\Users\otg\Desktop\CTD Data\km1920\St20_P2_cast42.hex
* Software Version Seasave V 7.26.7.107
* Temperature SN = 5554
* Conductivity SN = 3876
* Number of Bytes Per Scan = 41
* Number of Voltage Words = 4
* Number of Scans Averaged by the Deck Unit = 1
* NMEA Latitude = 16 45.02 N
* NMEA Longitude = 106 48.09 W
* NMEA UTC (Time) = Oct 08 2019  06:56:06
* NMEA baud rate = 4800
** Ship: Kilo Moana
** Station: St20_P2 cast 42
** Operator: kc
** midnight diel cast
# nquan = 34
# nvalues = 203                         
# units = specified
# name 0 = scan: Scan Count
# name 1 = timeS: Time, Elapsed [seconds]
# name 2 = prDM: Pressure, Digiquartz [db]
# name 3 = longitude: Longitude [deg]
# name 4 = latitude: Latitude [deg]
# name 5 = depSMignore: Depth [salt water, m]
# name 6 = t090C: Temperature [ITS-90, deg C]
# name 7 = t190C: Temperature, 2 [ITS-90, deg C]
# name 8 = c0uS/cm: Conductivity [uS/cm]
# name 9 = c1S/m: Conductivity, 2 [S/m]
# name 10 = flECO-AFL: Fluorescence, WET Labs ECO-AFL/FL [mg/m^3]
# name 11 = CStarAt0: Beam Attenuation, WET Labs C-Star [1/m]
# name 12 = CStarTr0: Beam Transmission, WET Labs C-Star [%]
# name 13 = par: PAR/Irradiance, Biospherical/Licor
# name 14 = modError: Modulo Error Count
# name 15 = v0: Voltage 0
# name 16 = v1: Voltage 1
# name 17 = v2: Voltage 2
# name 18 = v3: Voltage 3
# name 19 = v4: Voltage 4
# name 20 = v5: Voltage 5
# name 21 = v6: Voltage 6
# name 22 = v7: Voltage 7
# name 23 = sbeox0V: Oxygen raw, SBE 43 [V]
# name 24 = sbeox1V: Oxygen raw, SBE 43, 2 [V]
# name 25 = sal00: Salinity, Practical [PSU]
# name 26 = sal11: Salinity, Practical, 2 [PSU]
# name 27 = sigma-é00: Density [sigma-theta, kg/m^3]
# name 28 = sigma-é11: Density, 2 [sigma-theta, kg/m^3]
# name 29 = sbeox0Mm/L: Oxygen, SBE 43 [umol/l], WS = 2
# name 30 = sbeox1Mm/L: Oxygen, SBE 43, 2 [umol/l], WS = 2
# name 31 = sbeox0PS: Oxygen, SBE 43 [% saturation], WS = 2
# name 32 = sbeox1PS: Oxygen, SBE 43, 2 [% saturation], WS = 2
# name 33 = flag: flag
# span 0 =       -124,       9579       
# span 1 =     -5.197,    399.081       
# span 2 =      1.006,    204.312       
# span 3 = -106.80156, -106.80152       
# span 4 =   16.75016,   16.75025       
# span 5 =      1.000,    203.000       
# span 6 =    12.1619,    29.6454       
# span 7 =    12.1425,    29.6028       
# span 8 = 4.0014e+04, 5.7362e+04       
# span 9 =   4.007659,   5.744289       
# span 10 =     0.0380,     1.4173      
# span 11 =     0.0272,     0.1179      
# span 12 =    97.0945,    99.3233      
# span 13 = 1.5916e-03, 5.0682e+00      
# span 14 =          0,          0      
# span 15 =     0.5052,     2.4910      
# span 16 =     0.5166,     2.4801      
# span 17 =     0.0547,     0.1927      
# span 18 =     0.1123,     0.1172      
# span 19 =     4.5168,     4.6205      
# span 20 =     0.0000,     0.0000      
# span 21 =     0.0158,     1.7310      
# span 22 =     0.0000,     0.0000      
# span 23 =     0.5037,     2.4955      
# span 24 =     0.5156,     2.4712      
# span 25 =    34.3070,    34.7836      
# span 26 =    34.4220,    34.8728      
# span 27 =    21.5317,    26.3877      
# span 28 =    21.6098,    26.4530      
# span 29 =      0.968,    228.447      
# span 30 =      1.322,    239.494      
# span 31 =      0.359,    107.090      
# span 32 =      0.490,    111.901      
# span 33 = 0.0000e+00, 0.0000e+00      
# interval = meters: 1                  
# start_time = Oct 08 2019 07:04:43 [NMEA time, first data scan]
# bad_flag = -9.990e-29
*END*
[from data line 86]
       5167    215.230     87.538 -106.80156   16.75016     87.000    16.7831    16.7488 4.4138e+04   4.420429     0.4261     0.0420    98.9546 6.8238e-03          0     0.8926     0.9372     0.0936     0.1139     4.6034     0.0000     0.0379     0.0000     0.8348     0.8615    34.4896    34.5772    25.1770    25.2523     43.245     47.713     17.560     19.372 0.0000e+00
       5229    217.849     88.544 -106.80156   16.75016     88.000    16.7864    16.7538 4.4143e+04   4.420808     0.4334     0.0415    98.9668 7.0601e-03          0     0.8491     0.8805     0.0943     0.1142     4.6039     0.0000     0.0389     0.0000     0.8271     0.8486    34.4903    34.5758    25.1769    25.2501     42.987     46.999     17.456     19.084 0.0000e+00
       5327    221.897     89.550 -106.80156   16.75016     89.000    16.7451    16.6884 4.4106e+04   4.415818     0.4739     0.0411    98.9779 6.9111e-03          0     0.8257     0.8446     0.0984     0.1147     4.6044     0.0000     0.0383     0.0000     0.8055     0.8281    34.4931    34.5881    25.1887    25.2750     37.639     42.867     15.273     17.386 0.0000e+00
       5347    222.739     90.557 -106.80156   16.75016     90.000    16.6170    16.5817 4.3980e+04   4.404805     0.4209     0.0411    98.9770 6.7954e-03          0     0.8259     0.8454     0.0931     0.1139     4.6044     0.0000     0.0378     0.0000     0.7956     0.8175    34.4933    34.5832    25.2189    25.2962     37.552     41.751     15.200     16.897 0.0000e+00
       5367    223.579     91.563 -106.80156   16.75016     91.000    16.5187    16.4760 4.3884e+04   4.395838     0.3801     0.0403    98.9974 6.6930e-03          0     0.8224     0.8422     0.0890     0.1128     4.6053     0.0000     0.0373     0.0000     0.7904     0.8112    34.4929    34.5954    25.2415    25.3301     37.825     41.505     15.281     16.765 0.0000e+00
       5387    224.423     92.570 -106.80156   16.75016     92.000    16.2376    16.1929 4.3594e+04   4.367704     0.3689     0.0387    99.0378 6.5743e-03          0     0.8147     0.8365     0.0879     0.1147     4.6072     0.0000     0.0368     0.0000     0.7872     0.8064    34.4797    34.5921    25.2963    25.3930     38.207     41.453     15.350     16.651 0.0000e+00
       5476    228.127     93.576 -106.80156   16.75017     93.000    16.3182    16.3027 4.3677e+04   4.375583     0.3859     0.0376    99.0650 6.4183e-03          0     0.7908     0.8100     0.0896     0.1139     4.6085     0.0000     0.0362     0.0000     0.7847     0.8010    34.4830    34.5660    25.2803    25.3476     38.659     41.494     15.556     16.700 0.0000e+00
       5569    231.999     94.582 -106.80156   16.75018     94.000    16.3028    16.2091 4.3667e+04   4.368504     0.3983     0.0379    99.0558 6.2307e-03          0     0.7862     0.8025     0.0909     0.1146     4.6081     0.0000     0.0354     0.0000     0.7789     0.7949    34.4873    34.5844    25.2873    25.3834     36.506     40.100     14.686     16.112 0.0000e+00
       5590    232.890     95.589 -106.80156   16.75018     95.000    16.0816    16.0389 4.3439e+04   4.351584     0.3314     0.0373    99.0712 6.2306e-03          0     0.7875     0.8032     0.0841     0.1147     4.6088     0.0000     0.0354     0.0000     0.7744     0.7911    34.4764    34.5820    25.3296    25.4206     35.704     39.454     14.301     15.800 0.0000e+00
       5609    233.664     96.595 -106.80156   16.75018     96.000    15.9398    15.9015 4.3297e+04   4.336603     0.3139     0.0363    99.0957 6.2306e-03          0     0.7869     0.8016     0.0824     0.1145     4.6099     0.0000     0.0354     0.0000     0.7693     0.7872    34.4728    34.5680    25.3592    25.4411     34.761     38.823     13.884     15.504 0.0000e+00
       5628    234.466     97.602 -106.80156   16.75018     97.000    15.8573    15.8179 4.3216e+04   4.328631     0.2974     0.0355    99.1158 6.2306e-03          0     0.7842     0.7991     0.0807     0.1147     4.6108     0.0000     0.0354     0.0000     0.7636     0.7825    34.4724    34.5695    25.3776    25.4613     34.141     37.868     13.614     15.098 0.0000e+00
       5654    235.540     98.608 -106.80156   16.75018     98.000    15.6931    15.6518 4.3056e+04   4.312836     0.3298     0.0341    99.1502 6.1242e-03          0     0.7795     0.7954     0.0840     0.1136     4.6124     0.0000     0.0350     0.0000     0.7585     0.7749    34.4719    34.5731    25.4143    25.5015     34.991     37.389     13.908     14.859 0.0000e+00
       5780    240.793     99.615 -106.80156   16.75018     99.000    15.7956    15.7207 4.3160e+04   4.316997     0.3249     0.0340    99.1548 5.8105e-03          0     0.7653     0.7807     0.0835     0.1132     4.6127     0.0000     0.0337     0.0000     0.7498     0.7688    34.4748    34.5496    25.3934    25.4679     31.967     36.265     12.728     14.427 0.0000e+00
       5840    243.275    100.621 -106.80156   16.75018    100.000    15.5387    15.4923 4.2920e+04   4.301782     0.2970     0.0337    99.1608 5.6409e-03          0     0.7693     0.7838     0.0807     0.1131     4.6129     0.0000     0.0330     0.0000     0.7250     0.7493    34.4843    34.6130    25.4585    25.5679     26.447     31.019     10.481     12.292 0.0000e+00
       5861    244.181    101.627 -106.80156   16.75018    101.000    15.3554    15.3205 4.2755e+04   4.282305     0.2533     0.0327    99.1874 5.6128e-03          0     0.7676     0.7834     0.0764     0.1123     4.6142     0.0000     0.0329     0.0000     0.7152     0.7367    34.4957    34.5883    25.5082    25.5873     27.198     30.487     10.741     12.038 0.0000e+00
       5885    245.185    102.634 -106.80156   16.75018    102.000    15.3071    15.2704 4.2710e+04   4.277286     0.2287     0.0327    99.1870 5.5367e-03          0     0.7544     0.7763     0.0739     0.1136     4.6142     0.0000     0.0325     0.0000     0.7095     0.7285    34.4979    34.5867    25.5206    25.5972     27.786     30.564     10.962     12.056 0.0000e+00
       5928    246.963    103.640 -106.80156   16.75018    103.000    15.2859    15.2508 4.2688e+04   4.274869     0.2518     0.0310    99.2270 5.3101e-03          0     0.7253     0.7484     0.0762     0.1137     4.6160     0.0000     0.0316     0.0000     0.7029     0.7206    34.4955    34.5817    25.5235    25.5977     27.017     29.927     10.655     11.800 0.0000e+00
       5994    249.697    104.647 -106.80156   16.75018    104.000    15.2377    15.2041 4.2649e+04   4.271000     0.2509     0.0298    99.2574 5.1219e-03          0     0.7060     0.7238     0.0761     0.1134     4.6174     0.0000     0.0308     0.0000     0.6905     0.7084    34.5029    34.5875    25.5399    25.6125     25.005     28.014      9.852     11.036 0.0000e+00
       6034    251.355    105.653 -106.80156   16.75018    105.000    15.2420    15.2088 4.2662e+04   4.272099     0.2382     0.0311    99.2249 5.0956e-03          0     0.7001     0.7176     0.0748     0.1132     4.6159     0.0000     0.0307     0.0000     0.6825     0.6996    34.5102    34.5929    25.5446    25.6156     24.102     26.734      9.498     10.533 0.0000e+00
       6067    252.744    106.660 -106.80156   16.75018    106.000    15.2449    15.2117 4.2671e+04   4.273062     0.2780     0.0307    99.2335 5.0552e-03          0     0.6935     0.7114     0.0788     0.1132     4.6163     0.0000     0.0305     0.0000     0.6767     0.6937    34.5155    34.5987    25.5481    25.6195     22.593     25.997      8.904     10.243 0.0000e+00
       6095    253.902    107.666 -106.80156   16.75018    107.000    15.2446    15.2112 4.2674e+04   4.273261     0.3440     0.0302    99.2484 5.0550e-03          0     0.6877     0.7056     0.0854     0.1141     4.6170     0.0000     0.0305     0.0000     0.6649     0.6865    34.5178    34.6005    25.5500    25.6211     17.171     23.278      6.767      9.172 0.0000e+00
       6119    254.910    108.673 -106.80156   16.75018    108.000    15.2434    15.2101 4.2681e+04   4.273870     0.2673     0.0286    99.2871 5.0057e-03          0     0.6831     0.7000     0.0777     0.1147     4.6188     0.0000     0.0303     0.0000     0.6433     0.6707    34.5249    34.6066    25.5558    25.6261     12.497     18.945      4.925      7.465 0.0000e+00
       6140    255.798    109.679 -106.80156   16.75018    109.000    15.2326    15.1984 4.2700e+04   4.275804     0.2137     0.0294    99.2690 4.8793e-03          0     0.6794     0.6961     0.0723     0.1135     4.6179     0.0000     0.0298     0.0000     0.6257     0.6525    34.5516    34.6341    25.5787    25.6498     11.124     16.267      4.384      6.409 0.0000e+00
       6161    256.670    110.686 -106.80156   16.75018    110.000    15.1943    15.1557 4.2690e+04   4.275373     0.1991     0.0285    99.2889 4.9083e-03          0     0.6751     0.6928     0.0709     0.1125     4.6189     0.0000     0.0299     0.0000     0.6104     0.6374    34.5755    34.6675    25.6056    25.6850      9.294     14.504      3.661      5.711 0.0000e+00
       6186    257.718    111.692 -106.80156   16.75018    111.000    15.0358    14.9987 4.2540e+04   4.260452     0.1799     0.0284    99.2920 4.9040e-03          0     0.6595     0.6833     0.0690     0.1123     4.6190     0.0000     0.0299     0.0000     0.5929     0.6195    34.5789    34.6707    25.6431    25.7220      8.042     12.242      3.157      4.806 0.0000e+00
       6215    258.914    112.699 -106.80156   16.75020    112.000    15.0305    14.9981 4.2563e+04   4.262212     0.1835     0.0284    99.2920 4.7935e-03          0     0.6336     0.6610     0.0694     0.1134     4.6190     0.0000     0.0294     0.0000     0.5790     0.6030    34.6044    34.6869    25.6640    25.7347      7.644     10.964      3.001      4.304 0.0000e+00
       6250    260.355    113.705 -106.80156   16.75020    113.000    14.9988    14.9640 4.2537e+04   4.259926     0.1769     0.0281    99.2996 4.7425e-03          0     0.6080     0.6350     0.0687     0.1133     4.6194     0.0000     0.0292     0.0000     0.5660     0.5883    34.6088    34.6960    25.6743    25.7491      6.819      9.444      2.676      3.705 0.0000e+00
       6300    262.466    114.712 -106.80156   16.75020    114.000    14.9231    14.8881 4.2481e+04   4.254266     0.1929     0.0277    99.3117 4.6509e-03          0     0.5794     0.6035     0.0703     0.1134     4.6200     0.0000     0.0288     0.0000     0.5562     0.5746    34.6243    34.7115    25.7028    25.7777      7.457      8.909      2.922      3.490 0.0000e+00
       6348    264.450    115.718 -106.80156   16.75018    115.000    14.8423    14.8036 4.2403e+04   4.246527     0.2592     0.0275    99.3144 4.4807e-03          0     0.5625     0.5839     0.0769     0.1123     4.6201     0.0000     0.0281     0.0000     0.5541     0.5704    34.6247    34.7156    25.7207    25.7993      7.462      8.930      2.919      3.493 0.0000e+00
       6379    265.770    116.725 -106.80156   16.75018    116.000    14.6570    14.6176 4.2228e+04   4.229655     0.1707     0.0272    99.3233 4.4719e-03          0     0.5575     0.5760     0.0681     0.1123     4.6205     0.0000     0.0281     0.0000     0.5492     0.5678    34.6285    34.7267    25.7638    25.8481      4.620      7.717      1.801      3.007 0.0000e+00
       6406    266.884    117.731 -106.80156   16.75018    117.000    14.5499    14.5140 4.2136e+04   4.219929     0.1381     0.0274    99.3182 4.4721e-03          0     0.5555     0.5729     0.0648     0.1146     4.6203     0.0000     0.0281     0.0000     0.5388     0.5599    34.6397    34.7297    25.7955    25.8727      2.337      5.493      0.909      2.136 0.0000e+00
       6431    267.898    118.738 -106.80156   16.75018    118.000    14.4763    14.4395 4.2097e+04   4.216066     0.1371     0.0274    99.3172 4.4236e-03          0     0.5552     0.5713     0.0647     0.1148     4.6202     0.0000     0.0279     0.0000     0.5301     0.5509    34.6687    34.7605    25.8338    25.9125      1.805      4.211      0.701      1.636 0.0000e+00
       6454    268.865    119.745 -106.80156   16.75018    119.000    14.4117    14.3771 4.2056e+04   4.211737     0.1550     0.0283    99.2968 4.4092e-03          0     0.5527     0.5700     0.0665     0.1129     4.6193     0.0000     0.0278     0.0000     0.5240     0.5435    34.6880    34.7762    25.8625    25.9380      1.854      3.560      0.719      1.381 0.0000e+00
       6477    269.852    120.751 -106.80156   16.75018    120.000    14.3946    14.3608 4.2047e+04   4.210764     0.2148     0.0301    99.2511 4.2781e-03          0     0.5449     0.5652     0.0725     0.1142     4.6171     0.0000     0.0273     0.0000     0.5200     0.5382    34.6952    34.7814    25.8717    25.9455      1.883      3.416      0.730      1.325 0.0000e+00
       6505    271.014    121.758 -106.80156   16.75018    121.000    14.3813    14.3482 4.2039e+04   4.209862     0.2721     0.0324    99.1926 4.2483e-03          0     0.5342     0.5551     0.0782     0.1129     4.6144     0.0000     0.0271     0.0000     0.5164     0.5341    34.6989    34.7840    25.8774    25.9503      1.721      3.067      0.667      1.189 0.0000e+00
       6546    272.692    122.764 -106.80156   16.75018    122.000    14.3439    14.3101 4.2014e+04   4.207515     0.3562     0.0407    98.9873 4.0912e-03          0     0.5236     0.5427     0.0866     0.1147     4.6049     0.0000     0.0265     0.0000     0.5129     0.5294    34.7098    34.7962    25.8939    25.9678      1.666      2.717      0.646      1.053 0.0000e+00
       6590    274.541    123.771 -106.80156   16.75018    123.000    14.3072    14.2741 4.1986e+04   4.204574     0.4622     0.0478    98.8123 4.0075e-03          0     0.5173     0.5349     0.0972     0.1146     4.5967     0.0000     0.0261     0.0000     0.5108     0.5266    34.7157    34.8010    25.9063    25.9792      1.802      2.613      0.698      1.012 0.0000e+00
       6629    276.172    124.777 -106.80156   16.75018    124.000    14.2807    14.2472 4.1963e+04   4.202267     0.4950     0.0456    98.8676 3.9295e-03          0     0.5137     0.5303     0.1005     0.1148     4.5993     0.0000     0.0258     0.0000     0.5103     0.5249    34.7179    34.8035    25.9137    25.9869      1.704      2.414      0.659      0.934 0.0000e+00
       6661    277.521    125.784 -106.80156   16.75018    125.000    14.2115    14.1751 4.1903e+04   4.196599     0.4983     0.0460    98.8557 3.9126e-03          0     0.5121     0.5280     0.1008     0.1147     4.5988     0.0000     0.0257     0.0000     0.5096     0.5243    34.7240    34.8155    25.9330    26.0114      1.698      2.473      0.656      0.956 0.0000e+00
       6687    278.598    126.791 -106.80156   16.75018    126.000    14.1175    14.0820 4.1815e+04   4.187861     0.5248     0.0448    98.8861 3.9040e-03          0     0.5116     0.5271     0.1035     0.1147     4.6001     0.0000     0.0257     0.0000     0.5094     0.5240    34.7268    34.8181    25.9551    26.0332      1.786      2.404      0.689      0.927 0.0000e+00
       6712    279.612    127.797 -106.80156   16.75018    127.000    14.0493    14.0135 4.1752e+04   4.181398     0.4824     0.0420    98.9552 3.8926e-03          0     0.5113     0.5260     0.0992     0.1147     4.6034     0.0000     0.0256     0.0000     0.5094     0.5233    34.7291    34.8196    25.9712    26.0487      1.795      2.280      0.692      0.878 0.0000e+00
       6739    280.758    128.804 -106.80156   16.75018    128.000    13.9965    13.9625 4.1704e+04   4.176677     0.4332     0.0411    98.9764 3.8925e-03          0     0.5107     0.5253     0.0943     0.1147     4.6044     0.0000     0.0256     0.0000     0.5092     0.5231    34.7318    34.8213    25.9844    26.0608      1.655      2.333      0.637      0.898 0.0000e+00
