data/ctd-cnv/KM1919/KM1919-St20-P2/St20_P2_cast53-align-cellTM-derive-bin.cnv
* Sea-Bird SBE 9 Data File:
* FileName = C:\Users\otg\Desktop\CTD Data\km1920\St20_P2_cast53.hex
* Software Version Seasave V 7.26.7.107
* Temperature SN = 5554
* Conductivity SN = 3876
* Number of Bytes Per Scan = 41
* Number of Voltage Words = 4
* Number of Scans Averaged by the Deck Unit = 1
* NMEA Latitude = 16 48.77 N
* NMEA Longitude = 106 51.63 W
* NMEA UTC (Time) = Oct 11 2019  04:38:33
* NMEA baud rate = 4800
** Ship: Kilo Moana
** Station: St20_P2 cast 53
** Operator: gr
** uptake exp
# nquan = 34
# nvalues = 200                         
# units = specified
# name 0 = scan: Scan Count
# name 1 = timeS: Time, Elapsed [seconds]
# name 2 = prDM: Pressure, Digiquartz [db]
# name 3 = longitude: Longitude [deg]
# name 4 = latitude: Latitude [deg]
# name 5 = depSM: Depth [salt water, m]
# name 6 = t090C: Temperature [ITS-90, deg C]
# name 7 = t190C: Temperature, 2 [ITS-90, deg C]
# name 8 = c0uS/cm: Conductivity [uS/cm]
# name 9 = c1S/m: Conductivity, 2 [S/m]
# name 10 = flECO-AFL: Fluorescence, WET Labs ECO-AFL/FL [mg/m^3]
# name 11 = CStarAt0: Beam Attenuation, WET Labs C-Star [1/m]
# name 12 = CStarTr0: Beam Transmission, WET Labs C-Star [%]
# name 13 = par: PAR/Irradiance, Biospherical/Licor
# name 14 = modError: Modulo Error Count
# name 15 = v0: Voltage 0
# name 16 = v1: Voltage 1
# name 17 = v2: Voltage 2
# name 18 = v3: Voltage 3
# name 19 = v4: Voltage 4
# name 20 = v5: Voltage 5
# name 21 = v6: Voltage 6
# name 22 = v7: Voltage 7
# name 23 = sbeox0V: Oxygen raw, SBE 43 [V]
# name 24 = sbeox1V: Oxygen raw, SBE 43, 2 [V]
# name 25 = sal00: Salinity, Practical [PSU]
# name 26 = sal11: Salinity, Practical, 2 [PSU]
# name 27 = sigma-é00: Density [sigma-theta, kg/m^3]
# name 28 = sigma-é11: Density, 2 [sigma-theta, kg/m^3]
# name 29 = sbeox0Mm/L: Oxygen, SBE 43 [umol/l], WS = 2
# name 30 = sbeox1Mm/L: Oxygen, SBE 43, 2 [umol/l], WS = 2
# name 31 = sbeox0PS: Oxygen, SBE 43 [% saturation], WS = 2
# name 32 = sbeox1PS: Oxygen, SBE 43, 2 [% saturation], WS = 2
# name 33 = flag: flag
# span 0 =        -19,       8726       
# span 1 =     -0.841,    363.558       
# span 2 =      5.030,    205.320       
# span 3 = -106.86008, -106.85994       
# span 4 =   16.81290,   16.81294       
# span 5 =      5.000,    204.000       
# span 6 =    12.2346,    29.0357       
# span 7 =    12.2006,    28.9946       
# span 8 = 4.0083e+04, 5.6329e+04       
# span 9 =   4.013433,   5.640688       
# span 10 =     0.0673,     1.4092      
# span 11 =     0.0369,     0.1124      
# span 12 =    97.2291,    99.0820      
# span 13 = 1.5600e-04, 2.0874e+00      
# span 14 =          0,          0      
# span 15 =     0.5050,     2.5005      
# span 16 =     0.5165,     2.4870      
# span 17 =     0.0577,     0.1919      
# span 18 =     0.1130,     0.1173      
# span 19 =     4.5231,     4.6093      
# span 20 =     0.0000,     0.0000      
# span 21 =     0.0095,     1.3439      
# span 22 =     0.0000,     0.0000      
# span 23 =     0.5040,     2.4997      
# span 24 =     0.5154,     2.4803      
# span 25 =    34.1412,    34.7808      
# span 26 =    34.2254,    34.8716      
# span 27 =    21.4151,    26.3731      
# span 28 =    21.4916,    26.4430      
# span 29 =      1.013,    230.815      
# span 30 =      1.310,    240.784      
# span 31 =      0.376,    107.402      
# span 32 =      0.486,    112.158      
# span 33 = 0.0000e+00, 0.0000e+00      
# interval = meters: 1                  
# start_time = Oct 11 2019 04:49:52 [NMEA time, first data scan]
# bad_flag = -9.990e-29
*END*
[from data line 43]
       2205     91.835     48.292 -106.86004   16.81290     48.000    23.8195    23.7711 5.1164e+04   5.124945     0.3852     0.0929    97.7058 4.0751e-03          0     2.4759     2.4617     0.0895     0.1172     4.5453     0.0000     0.0264     0.0000     2.4649     2.4413    34.4703    34.5729    23.2965    23.3885    228.956    238.023    105.711    109.870 0.0000e+00
       2226     92.715     49.298 -106.86004   16.81290     49.000    23.6749    23.6303 5.1004e+04   5.108955     0.3951     0.0944    97.6680 3.9218e-03          0     2.4677     2.4563     0.0905     0.1172     4.5435     0.0000     0.0257     0.0000     2.4675     2.4458    34.4615    34.5609    23.3323    23.4207    229.515    239.841    105.699    110.432 0.0000e+00
       2315     96.422     50.305 -106.86004   16.81290     50.000    23.6994    23.6218 5.1031e+04   5.106457     0.4604     0.0947    97.6606 3.8403e-03          0     2.4659     2.4477     0.0970     0.1150     4.5432     0.0000     0.0254     0.0000     2.4632     2.4540    34.4623    34.5482    23.3259    23.4136    228.609    240.517    105.326    110.718 0.0000e+00
       2420    100.773     51.311 -106.86004   16.81290     51.000    23.5551    23.4939 5.0874e+04   5.094765     0.4302     0.0924    97.7169 3.6199e-03          0     2.4696     2.4569     0.0940     0.1171     4.5458     0.0000     0.0245     0.0000     2.4472     2.4338    34.4552    34.5586    23.3627    23.4589    226.577    237.446    104.125    109.069 0.0000e+00
       2436    101.478     52.317 -106.86004   16.81290     52.000    23.4338    23.3856 5.0740e+04   5.081893     0.4165     0.0933    97.6956 3.6039e-03          0     2.4642     2.4486     0.0927     0.1172     4.5448     0.0000     0.0244     0.0000     2.4437     2.4285    34.4468    34.5448    23.3918    23.4800    227.343    237.370    104.252    108.820 0.0000e+00
       2453    102.164     53.323 -106.86004   16.81290     53.000    23.2447    23.1895 5.0528e+04   5.062096     0.4044     0.0945    97.6645 3.5702e-03          0     2.4592     2.4427     0.0915     0.1172     4.5433     0.0000     0.0243     0.0000     2.4447     2.4268    34.4322    34.5465    23.4356    23.5381    229.366    238.731    104.824    109.071 0.0000e+00
       2472    102.976     54.329 -106.86004   16.81291     54.000    23.0573    23.0093 5.0322e+04   5.040719     0.4139     0.0945    97.6644 3.3407e-03          0     2.4543     2.4381     0.0924     0.1150     4.5433     0.0000     0.0233     0.0000     2.4492     2.4289    34.4200    34.5235    23.4805    23.5727    230.815    240.081    105.134    109.328 0.0000e+00
       2565    106.835     55.336 -106.86004   16.81292     55.000    23.0781    22.9911 5.0342e+04   5.037157     0.5175     0.0942    97.6737 3.2165e-03          0     2.4498     2.4347     0.1028     0.1167     4.5438     0.0000     0.0228     0.0000     2.4473     2.4329    34.4189    34.5099    23.4736    23.5676    229.635    240.784    104.632    109.602 0.0000e+00
       2656    110.645     56.342 -106.86004   16.81290     56.000    22.8133    22.7906 5.0058e+04   5.021137     0.4652     0.0937    97.6844 3.0281e-03          0     2.4487     2.4455     0.0975     0.1150     4.5443     0.0000     0.0220     0.0000     2.4199     2.4114    34.4075    34.5439    23.5410    23.6509    226.068    238.137    102.524    108.039 0.0000e+00
       2680    111.640     57.348 -106.86004   16.81290     57.000    22.5743    22.5339 4.9790e+04   4.987089     0.4796     0.0945    97.6649 3.0291e-03          0     2.4364     2.4327     0.0990     0.1171     4.5433     0.0000     0.0220     0.0000     2.4105     2.4085    34.3877    34.4826    23.5942    23.6776    225.513    238.478    101.832    107.669 0.0000e+00
       2707    112.749     58.354 -106.86004   16.81290     58.000    22.4824    22.4390 4.9690e+04   4.977250     0.5064     0.0938    97.6828 3.0291e-03          0     2.4271     2.4178     0.1016     0.1172     4.5442     0.0000     0.0220     0.0000     2.4010     2.3985    34.3821    34.4808    23.6160    23.7032    225.488    236.939    101.652    106.794 0.0000e+00
       2739    114.069     59.361 -106.86004   16.81291     59.000    22.2011    22.1531 4.9382e+04   4.946920     0.5415     0.0933    97.6933 3.0291e-03          0     2.4201     2.4119     0.1051     0.1163     4.5447     0.0000     0.0220     0.0000     2.3955     2.3862    34.3646    34.4704    23.6820    23.7759    226.957    237.513    101.796    106.505 0.0000e+00
       2817    117.327     60.367 -106.86004   16.81292     60.000    21.9506    21.9096 4.9102e+04   4.918313     0.6230     0.0941    97.6752 2.9793e-03          0     2.3990     2.3923     0.1133     0.1163     4.5438     0.0000     0.0218     0.0000     2.3903     2.3824    34.3430    34.4394    23.7358    23.8204    227.461    238.577    101.556    106.502 0.0000e+00
       2905    120.996     61.373 -106.86004   16.81291     61.000    21.8298    21.8037 4.8986e+04   4.907433     0.6242     0.0939    97.6802 2.7471e-03          0     2.3906     2.3823     0.1134     0.1147     4.5441     0.0000     0.0208     0.0000     2.3745     2.3687    34.3472    34.4378    23.7726    23.8487    224.746    236.705    100.131    105.466 0.0000e+00
       2941    122.510     62.379 -106.86004   16.81290     62.000    21.7432    21.7036 4.8889e+04   4.896250     0.6452     0.0946    97.6627 2.7427e-03          0     2.3862     2.3807     0.1155     0.1172     4.5433     0.0000     0.0208     0.0000     2.3645     2.3576    34.3400    34.4292    23.7912    23.8700    225.443    235.798    100.282    104.869 0.0000e+00
       2978    124.034     63.386 -106.86004   16.81290     63.000    21.4507    21.4022 4.8547e+04   4.863844     0.6615     0.0950    97.6537 2.7347e-03          0     2.3778     2.3706     0.1171     0.1156     4.5428     0.0000     0.0208     0.0000     2.3650     2.3539    34.3019    34.4133    23.8429    23.9409    226.711    237.364    100.297    104.987 0.0000e+00
       3013    125.483     64.392 -106.86003   16.81291     64.000    21.2316    21.1888 4.8278e+04   4.835647     0.6945     0.0928    97.7065 2.7431e-03          0     2.3659     2.3613     0.1205     0.1152     4.5453     0.0000     0.0208     0.0000     2.3479     2.3456    34.2632    34.3599    23.8735    23.9588    219.102    234.685     96.529    103.373 0.0000e+00
       3047    126.933     65.398 -106.86002   16.81292     65.000    20.9520    20.9076 4.7973e+04   4.805960     0.7159     0.0928    97.7063 2.8798e-03          0     2.3648     2.3546     0.1226     0.1160     4.5453     0.0000     0.0214     0.0000     2.2768     2.2986    34.2436    34.3483    23.9345    24.0262    205.737    225.089     90.176     98.640 0.0000e+00
       3108    129.460     66.405 -106.86002   16.81290     66.000    20.6672    20.6865 4.7738e+04   4.787897     1.0321     0.1041    97.4309 2.9927e-03          0     2.3121     2.3192     0.1542     0.1158     4.5325     0.0000     0.0218     0.0000     2.2187     2.2293    34.2836    34.3813    24.0416    24.1108    208.479    220.719     90.925     96.353 0.0000e+00
       3210    133.695     67.411 -106.86002   16.81290     67.000    20.4028    20.2625 4.7476e+04   4.747610     1.3396     0.1099    97.2905 2.9123e-03          0     2.1984     2.2097     0.1849     0.1152     4.5260     0.0000     0.0215     0.0000     2.1240     2.1418    34.2855    34.3992    24.1135    24.2376    187.137    208.721     81.243     90.428 0.0000e+00
       3244    135.136     68.417 -106.86003   16.81290     68.000    19.9731    19.9388 4.7035e+04   4.711686     1.4092     0.1124    97.2291 2.7444e-03          0     2.1901     2.1856     0.1919     0.1173     4.5231     0.0000     0.0208     0.0000     1.9774     2.0446    34.2750    34.3702    24.2192    24.3007    157.179    186.041     67.681     80.108 0.0000e+00
       3268    136.142     69.423 -106.86004   16.81290     69.000    19.9247    19.8876 4.7048e+04   4.711598     1.3930     0.1098    97.2921 2.7428e-03          0     2.1606     2.1665     0.1903     0.1171     4.5260     0.0000     0.0208     0.0000     1.8714     1.9422    34.3249    34.4110    24.2699    24.3453    146.895    171.805     63.220     73.928 0.0000e+00
       3292    137.110     70.430 -106.86004   16.81290     70.000    19.8152    19.7681 4.6976e+04   4.706152     1.3562     0.1096    97.2968 2.7430e-03          0     2.1201     2.1444     0.1866     0.1149     4.5263     0.0000     0.0208     0.0000     1.7884     1.8524    34.3552    34.4641    24.3217    24.4170    146.402    163.034     62.891     70.023 0.0000e+00
       3343    139.246     71.436 -106.86003   16.81290     71.000    19.5696    19.5545 4.6736e+04   4.683304     1.2813     0.1024    97.4735 2.7387e-03          0     1.9272     1.9772     0.1791     0.1153     4.5345     0.0000     0.0208     0.0000     1.7541     1.7951    34.3589    34.4514    24.3882    24.4628    150.923    165.734     64.537     70.893 0.0000e+00
       3446    143.536     72.442 -106.86002   16.81290     72.000    19.3656    19.3826 4.6557e+04   4.669287     1.3426     0.0989    97.5559 2.5472e-03          0     1.7464     1.7645     0.1853     0.1148     4.5383     0.0000     0.0199     0.0000     1.6150     1.6697    34.3789    34.4772    24.4563    24.5269    129.285    144.786     55.088     61.750 0.0000e+00
       3478    144.868     73.449 -106.86002   16.81290     73.000    19.0888    19.0489 4.6283e+04   4.636984     1.1705     0.0950    97.6521 2.4856e-03          0     1.7099     1.7718     0.1681     0.1148     4.5427     0.0000     0.0196     0.0000     1.5640     1.6018    34.3799    34.4851    24.5280    24.6185    130.389    140.291     55.273     59.465 0.0000e+00
       3509    146.147     74.455 -106.86002   16.81290     74.000    18.9716    18.9341 4.6179e+04   4.625470     1.0012     0.0883    97.8176 2.4671e-03          0     1.6509     1.7059     0.1511     0.1148     4.5505     0.0000     0.0195     0.0000     1.5566     1.5754    34.3902    34.4842    24.5657    24.6470    135.399    142.170     57.276     60.132 0.0000e+00
       3544    147.633     75.461 -106.86002   16.81290     75.000    18.8140    18.7755 4.6004e+04   4.608102     0.9277     0.0862    97.8683 2.4643e-03          0     1.5884     1.6344     0.1438     0.1148     4.5528     0.0000     0.0195     0.0000     1.5534     1.5696    34.3742    34.4706    24.5934    24.6768    133.459    142.658     56.285     60.156 0.0000e+00
       3619    150.737     76.468 -106.86002   16.81290     76.000    18.7004    18.6622 4.5894e+04   4.595577     0.9120     0.0820    97.9695 2.3891e-03          0     1.5511     1.5655     0.1422     0.1156     4.5576     0.0000     0.0192     0.0000     1.4982     1.5282    34.3758    34.4597    24.6233    24.6970    121.884    133.644     51.293     56.230 0.0000e+00
       3668    152.810     77.474 -106.86002   16.81290     77.000    18.7051    18.6690 4.5927e+04   4.599286     0.8777     0.0812    97.9896 2.1788e-03          0     1.5336     1.5572     0.1388     0.1148     4.5585     0.0000     0.0183     0.0000     1.4677     1.4818    34.3993    34.4849    24.6401    24.7146    123.237    130.332     51.875     54.853 0.0000e+00
       3696    153.942     78.480 -106.86002   16.81290     78.000    18.4497    18.4022 4.5650e+04   4.574101     0.8297     0.0806    98.0055 2.1731e-03          0     1.5050     1.5360     0.1340     0.1148     4.5592     0.0000     0.0183     0.0000     1.4553     1.4732    34.3787    34.4957    24.6883    24.7896    120.461    129.318     50.458     54.159 0.0000e+00
       3730    155.369     79.487 -106.86002   16.81290     79.000    18.1696    18.1292 4.5375e+04   4.545186     0.7636     0.0779    98.0724 2.1730e-03          0     1.4745     1.4980     0.1274     0.1148     4.5623     0.0000     0.0183     0.0000     1.4462     1.4564    34.3804    34.4799    24.7591    24.8452    122.326    128.159     50.970     53.393 0.0000e+00
       3824    159.297     80.493 -106.86002   16.81290     80.000    18.1559    18.1253 4.5363e+04   4.541899     0.7288     0.0711    98.2375 2.0641e-03          0     1.4449     1.4538     0.1239     0.1148     4.5700     0.0000     0.0178     0.0000     1.4023     1.4282    34.3814    34.4549    24.7632    24.8270    108.749    122.595     45.309     51.065 0.0000e+00
       3882    161.711     81.500 -106.86002   16.81290     81.000    17.8939    17.8586 4.5132e+04   4.520153     0.6830     0.0687    98.2976 1.9839e-03          0     1.4248     1.4444     0.1193     0.1148     4.5728     0.0000     0.0175     0.0000     1.2874     1.3356    34.4052    34.4942    24.8459    24.9227     88.210    103.499     36.569     42.902 0.0000e+00
       3919    163.241     82.506 -106.86002   16.81290     82.000    17.7243    17.6849 4.4994e+04   4.507365     0.6509     0.0666    98.3495 1.8949e-03          0     1.3878     1.4203     0.1161     0.1149     4.5752     0.0000     0.0171     0.0000     1.2262     1.2658    34.4300    34.5315    24.9063    24.9936     87.287     97.207     36.075     40.170 0.0000e+00
       3945    164.346     83.512 -106.86002   16.81290     83.000    17.5413    17.5022 4.4817e+04   4.489038     0.5749     0.0630    98.4372 1.8895e-03          0     1.3333     1.3780     0.1085     0.1148     4.5793     0.0000     0.0171     0.0000     1.2034     1.2353    34.4324    34.5290    24.9525    25.0360     87.579     95.847     36.071     39.470 0.0000e+00
       3976    165.617     84.519 -106.86002   16.81290     84.000    17.4892    17.4547 4.4770e+04   4.483854     0.5142     0.0593    98.5286 1.8893e-03          0     1.2678     1.3145     0.1024     0.1148     4.5835     0.0000     0.0171     0.0000     1.1879     1.2130    34.4361    34.5244    24.9680    25.0439     88.811     95.351     36.543     39.229 0.0000e+00
       4072    169.622     85.525 -106.86001   16.81290     85.000    17.5096    17.4918 4.4791e+04   4.487094     0.5600     0.0581    98.5574 1.8770e-03          0     1.1806     1.2031     0.1070     0.1147     4.5849     0.0000     0.0170     0.0000     1.1757     1.1943    34.4367    34.5204    24.9635    25.0319     87.743     94.402     36.117     38.865 0.0000e+00
       4125    171.841     86.531 -106.86000   16.81290     86.000    17.4129    17.3771 4.4706e+04   4.477403     0.5305     0.0574    98.5747 1.8188e-03          0     1.1850     1.2036     0.1040     0.1148     4.5857     0.0000     0.0168     0.0000     1.1507     1.1710    34.4445    34.5341    24.9928    25.0701     83.600     90.040     34.350     36.991 0.0000e+00
       4152    172.940     87.538 -106.86000   16.81290     87.000    17.3552    17.3195 4.4653e+04   4.471951     0.4717     0.0571    98.5810 1.6877e-03          0     1.1789     1.1988     0.0982     0.1148     4.5860     0.0000     0.0162     0.0000     1.1440     1.1613    34.4475    34.5357    25.0090    25.0852     84.409     89.580     34.645     36.762 0.0000e+00
       4189    174.482     88.544 -106.86001   16.81290     88.000    17.2966    17.2583 4.4599e+04   4.466394     0.4515     0.0555    98.6219 1.6245e-03          0     1.1609     1.1815     0.0962     0.1148     4.5879     0.0000     0.0160     0.0000     1.1416     1.1545    34.4510    34.5396    25.0258    25.1029     84.800     89.442     34.767     36.663 0.0000e+00
       4281    178.319     89.551 -106.86002   16.81290     89.000    17.2595    17.2228 4.4572e+04   4.463266     0.5161     0.0543    98.6520 1.6043e-03          0     1.1393     1.1516     0.1026     0.1147     4.5893     0.0000     0.0159     0.0000     1.1140     1.1341    34.4588    34.5425    25.0406    25.1136     74.672     84.265     30.597     34.520 0.0000e+00
