data/ctd-cnv/KM1919/KM1919-St20-P2/St20_P2_cast51-align-cellTM-derive-bin.cnv
* Sea-Bird SBE 9 Data File:
* FileName = C:\Users\otg\Desktop\CTD Data\km1920\St20_P2_cast51.hex
* Software Version Seasave V 7.26.7.107
* Temperature SN = 5554
* Conductivity SN = 3876
* Number of Bytes Per Scan = 41
* Number of Voltage Words = 4
* Number of Scans Averaged by the Deck Unit = 1
* NMEA Latitude = 16 45.51 N
* NMEA Longitude = 106 45.82 W
* NMEA UTC (Time) = Oct 09 2019  19:06:48
* NMEA baud rate = 4800
** Ship: Kilo Moana
** Station: St20_P2 cast 51
** Operator: gr
** diel 8 noon
# nquan = 34
# nvalues = 206                         
# units = specified
# name 0 = scan: Scan Count
# name 1 = timeS: Time, Elapsed [seconds]
# name 2 = prDM: Pressure, Digiquartz [db]
# name 3 = longitude: Longitude [deg]
# name 4 = latitude: Latitude [deg]
# name 5 = depSMignore: Depth [salt water, m]
# name 6 = t090C: Temperature [ITS-90, deg C]
# name 7 = t190C: Temperature, 2 [ITS-90, deg C]
# name 8 = c0uS/cm: Conductivity [uS/cm]
# name 9 = c1S/m: Conductivity, 2 [S/m]
# name 10 = flECO-AFL: Fluorescence, WET Labs ECO-AFL/FL [mg/m^3]
# name 11 = CStarAt0: Beam Attenuation, WET Labs C-Star [1/m]
# name 12 = CStarTr0: Beam Transmission, WET Labs C-Star [%]
# name 13 = par: PAR/Irradiance, Biospherical/Licor
# name 14 = modError: Modulo Error Count
# name 15 = v0: Voltage 0
# name 16 = v1: Voltage 1
# name 17 = v2: Voltage 2
# name 18 = v3: Voltage 3
# name 19 = v4: Voltage 4
# name 20 = v5: Voltage 5
# name 21 = v6: Voltage 6
# name 22 = v7: Voltage 7
# name 23 = sbeox0V: Oxygen raw, SBE 43 [V]
# name 24 = sbeox1V: Oxygen raw, SBE 43, 2 [V]
# name 25 = sal00: Salinity, Practical [PSU]
# name 26 = sal11: Salinity, Practical, 2 [PSU]
# name 27 = sigma-é00: Density [sigma-theta, kg/m^3]
# name 28 = sigma-é11: Density, 2 [sigma-theta, kg/m^3]
# name 29 = sbeox0Mm/L: Oxygen, SBE 43 [umol/l], WS = 2
# name 30 = sbeox1Mm/L: Oxygen, SBE 43, 2 [umol/l], WS = 2
# name 31 = sbeox0PS: Oxygen, SBE 43 [% saturation], WS = 2
# name 32 = sbeox1PS: Oxygen, SBE 43, 2 [% saturation], WS = 2
# name 33 = flag: flag
# span 0 =         84,       8490       
# span 1 =      3.457,    353.712       
# span 2 =      2.012,    208.340       
# span 3 = -106.76364, -106.76358       
# span 4 =   16.75850,   16.75858       
# span 5 =      2.000,    207.000       
# span 6 =    12.2979,    29.6416       
# span 7 =    12.2667,    29.5984       
# span 8 = 4.0152e+04, 5.7354e+04       
# span 9 =   4.020664,   5.743503       
# span 10 =     0.0410,     1.5290      
# span 11 =     0.0268,     0.1248      
# span 12 =    96.9330,    99.3322      
# span 13 = 2.2075e-03, 7.4800e+02      
# span 14 =          0,          0      
# span 15 =     0.5055,     2.4984      
# span 16 =     0.5176,     2.4843      
# span 17 =     0.0551,     0.2039      
# span 18 =     0.1127,     0.1175      
# span 19 =     4.5093,     4.6209      
# span 20 =     0.0000,     0.0000      
# span 21 =     0.0184,     3.8819      
# span 22 =     0.0000,     0.0000      
# span 23 =     0.5045,     2.4995      
# span 24 =     0.5164,     2.4821      
# span 25 =    34.2762,    34.7829      
# span 26 =    34.3757,    34.8703      
# span 27 =    21.5303,    26.3664      
# span 28 =    21.6090,    26.4372      
# span 29 =      1.035,    229.518      
# span 30 =      1.403,    240.496      
# span 31 =      0.386,    107.042      
# span 32 =      0.522,    112.227      
# span 33 = 0.0000e+00, 0.0000e+00      
# interval = meters: 1                  
# start_time = Oct 09 2019 19:12:59 [NMEA time, first data scan]
# bad_flag = -9.990e-29
*END*
[from data line 171]
       7598    316.555    174.106 -106.76361   16.75856    173.000    12.8233    12.7911 4.0644e+04   4.070146     0.0884     0.0436    98.9154 1.4134e-02          0     0.5079     0.5196     0.0598     0.1138     4.6015     0.0000     0.0663     0.0000     0.5067     0.5183    34.7825    34.8673    26.2644    26.3365      1.423      1.687      0.535      0.634 0.0000e+00
       7635    318.099    175.112 -106.76362   16.75856    174.000    12.8117    12.7801 4.0633e+04   4.068994     0.0883     0.0433    98.9237 1.5039e-02          0     0.5079     0.5193     0.0598     0.1142     4.6019     0.0000     0.0700     0.0000     0.5067     0.5181    34.7825    34.8659    26.2667    26.3376      1.459      1.697      0.548      0.637 0.0000e+00
       7679    319.928    176.119 -106.76362   16.75856    175.000    12.7895    12.7564 4.0613e+04   4.066986     0.0883     0.0428    98.9357 1.5104e-02          0     0.5077     0.5193     0.0598     0.1139     4.6025     0.0000     0.0704     0.0000     0.5067     0.5181    34.7829    34.8681    26.2714    26.3441      1.464      1.695      0.550      0.637 0.0000e+00
       7708    321.137    177.126 -106.76362   16.75856    176.000    12.7643    12.7324 4.0589e+04   4.064514     0.0883     0.0423    98.9496 1.4857e-02          0     0.5078     0.5190     0.0598     0.1131     4.6031     0.0000     0.0693     0.0000     0.5067     0.5181    34.7827    34.8662    26.2763    26.3473      1.483      1.691      0.557      0.635 0.0000e+00
       7730    322.049    178.133 -106.76362   16.75856    177.000    12.7593    12.7280 4.0584e+04   4.064079     0.0818     0.0423    98.9494 1.3899e-02          0     0.5076     0.5191     0.0592     0.1142     4.6031     0.0000     0.0655     0.0000     0.5067     0.5182    34.7821    34.8657    26.2768    26.3478      1.374      1.739      0.516      0.653 0.0000e+00
       7748    322.803    179.139 -106.76362   16.75856    178.000    12.7493    12.7169 4.0574e+04   4.063158     0.0775     0.0423    98.9493 1.6852e-02          0     0.5075     0.5190     0.0587     0.1147     4.6031     0.0000     0.0771     0.0000     0.5063     0.5181    34.7818    34.8666    26.2786    26.3508      1.402      1.692      0.526      0.635 0.0000e+00
       7765    323.501    180.146 -106.76362   16.75856    179.000    12.7416    12.7102 4.0568e+04   4.062435     0.0783     0.0415    98.9678 1.2806e-02          0     0.5077     0.5190     0.0588     0.1148     4.6040     0.0000     0.0615     0.0000     0.5066     0.5181    34.7824    34.8655    26.2807    26.3513      1.515      1.695      0.569      0.636 0.0000e+00
       7781    324.186    181.153 -106.76362   16.75856    180.000    12.7148    12.6804 4.0542e+04   4.060113     0.0769     0.0417    98.9633 1.6166e-02          0     0.5075     0.5192     0.0587     0.1148     4.6038     0.0000     0.0746     0.0000     0.5065     0.5181    34.7815    34.8703    26.2852    26.3609      1.403      1.670      0.526      0.626 0.0000e+00
       7800    324.947    182.160 -106.76362   16.75856    181.000    12.6667    12.6331 4.0495e+04   4.055466     0.0805     0.0418    98.9591 8.7885e-03          0     0.5076     0.5188     0.0590     0.1147     4.6036     0.0000     0.0457     0.0000     0.5065     0.5180    34.7810    34.8690    26.2944    26.3693      1.323      1.631      0.496      0.611 0.0000e+00
       7828    326.104    183.167 -106.76362   16.75856    182.000    12.6210    12.5886 4.0452e+04   4.051074     0.0875     0.0412    98.9747 9.6312e-03          0     0.5075     0.5191     0.0597     0.1148     4.6043     0.0000     0.0490     0.0000     0.5060     0.5178    34.7816    34.8676    26.3039    26.3770      1.295      1.631      0.485      0.610 0.0000e+00
       7901    329.165    184.174 -106.76361   16.75856    183.000    12.6423    12.6084 4.0473e+04   4.052411     0.0773     0.0414    98.9705 7.7511e-03          0     0.5071     0.5187     0.0587     0.1135     4.6041     0.0000     0.0414     0.0000     0.5060     0.5178    34.7808    34.8617    26.2991    26.3685      1.404      1.656      0.526      0.620 0.0000e+00
       7933    330.489    185.181 -106.76360   16.75856    184.000    12.5789    12.5474 4.0413e+04   4.047011     0.0820     0.0407    98.9887 7.1864e-03          0     0.5069     0.5188     0.0592     0.1139     4.6049     0.0000     0.0390     0.0000     0.5059     0.5178    34.7821    34.8658    26.3126    26.3837      1.301      1.697      0.487      0.635 0.0000e+00
       7949    331.170    186.188 -106.76360   16.75856    185.000    12.5759    12.5442 4.0410e+04   4.046718     0.0757     0.0410    98.9800 9.1279e-03          0     0.5069     0.5186     0.0586     0.1149     4.6045     0.0000     0.0470     0.0000     0.5058     0.5178    34.7816    34.8655    26.3128    26.3841      1.366      1.629      0.511      0.609 0.0000e+00
       7963    331.762    187.194 -106.76360   16.75856    186.000    12.5699    12.5379 4.0405e+04   4.046210     0.0761     0.0411    98.9769 4.1981e-03          0     0.5069     0.5187     0.0586     0.1148     4.6044     0.0000     0.0268     0.0000     0.5060     0.5177    34.7814    34.8660    26.3138    26.3858      1.377      1.600      0.515      0.598 0.0000e+00
       7976    332.308    188.201 -106.76360   16.75856    187.000    12.5416    12.5068 4.0377e+04   4.043677     0.0761     0.0411    98.9770 3.6950e-03          0     0.5068     0.5189     0.0586     0.1147     4.6044     0.0000     0.0248     0.0000     0.5061     0.5176    34.7803    34.8701    26.3185    26.3950      1.296      1.575      0.484      0.588 0.0000e+00
       7989    332.847    189.208 -106.76360   16.75856    188.000    12.5125    12.4801 4.0350e+04   4.040773     0.0761     0.0407    98.9863 2.5366e-03          0     0.5068     0.5184     0.0586     0.1133     4.6048     0.0000     0.0199     0.0000     0.5056     0.5177    34.7807    34.8663    26.3246    26.3974      1.255      1.581      0.469      0.590 0.0000e+00
       8003    333.431    190.215 -106.76360   16.75856    189.000    12.5020    12.4701 4.0341e+04   4.039766     0.0761     0.0403    98.9975 7.6598e-03          0     0.5071     0.5188     0.0586     0.1136     4.6053     0.0000     0.0412     0.0000     0.5058     0.5173    34.7809    34.8655    26.3268    26.3987      1.309      1.506      0.489      0.562 0.0000e+00
       8023    334.234    191.222 -106.76360   16.75856    190.000    12.4741    12.4414 4.0315e+04   4.037274     0.0770     0.0399    99.0068 7.2298e-03          0     0.5068     0.5187     0.0587     0.1144     4.6058     0.0000     0.0394     0.0000     0.5057     0.5172    34.7814    34.8677    26.3327    26.4061      1.292      1.556      0.482      0.581 0.0000e+00
       8084    336.788    192.229 -106.76360   16.75856    191.000    12.4810    12.4424 4.0322e+04   4.037020     0.0696     0.0393    99.0224 4.4302e-03          0     0.5067     0.5184     0.0580     0.1144     4.6065     0.0000     0.0278     0.0000     0.5057     0.5172    34.7815    34.8638    26.3314    26.4029      1.327      1.588      0.495      0.593 0.0000e+00
       8147    339.401    193.236 -106.76360   16.75856    192.000    12.4663    12.4190 4.0309e+04   4.035225     0.0736     0.0393    99.0217 2.4856e-03          0     0.5066     0.5181     0.0584     0.1136     4.6064     0.0000     0.0197     0.0000     0.5056     0.5172    34.7819    34.8678    26.3346    26.4105      1.294      1.497      0.483      0.558 0.0000e+00
       8166    340.222    194.243 -106.76360   16.75858    193.000    12.4211    12.3887 4.0265e+04   4.032224     0.0761     0.0394    99.0198 2.9917e-03          0     0.5067     0.5180     0.0586     0.1144     4.6064     0.0000     0.0218     0.0000     0.5052     0.5170    34.7814    34.8666    26.3431    26.4155      1.198      1.521      0.447      0.567 0.0000e+00
       8183    340.904    195.250 -106.76360   16.75858    194.000    12.4074    12.3755 4.0252e+04   4.030893     0.0726     0.0390    99.0296 6.4489e-03          0     0.5067     0.5179     0.0583     0.1148     4.6068     0.0000     0.0362     0.0000     0.5055     0.5170    34.7810    34.8655    26.3454    26.4173      1.296      1.541      0.483      0.574 0.0000e+00
       8197    341.501    196.256 -106.76360   16.75858    195.000    12.3952    12.3619 4.0241e+04   4.029772     0.0639     0.0390    99.0295 7.1213e-03          0     0.5066     0.5183     0.0574     0.1148     4.6068     0.0000     0.0387     0.0000     0.5055     0.5170    34.7808    34.8669    26.3477    26.4210      1.106      1.565      0.412      0.583 0.0000e+00
       8211    342.070    197.263 -106.76360   16.75858    196.000    12.3677    12.3342 4.0214e+04   4.027038     0.0639     0.0390    99.0295 2.7369e-03          0     0.5065     0.5184     0.0574     0.1148     4.6068     0.0000     0.0207     0.0000     0.5049     0.5171    34.7801    34.8658    26.3525    26.4255      1.079      1.534      0.402      0.571 0.0000e+00
       8224    342.633    198.270 -106.76360   16.75858    197.000    12.3610    12.3292 4.0208e+04   4.026408     0.0639     0.0389    99.0316 6.4560e-03          0     0.5063     0.5182     0.0574     0.1147     4.6069     0.0000     0.0361     0.0000     0.5046     0.5170    34.7806    34.8639    26.3542    26.4250      1.169      1.486      0.435      0.553 0.0000e+00
       8239    343.229    199.277 -106.76360   16.75858    198.000    12.3600    12.3289 4.0208e+04   4.026388     0.0639     0.0387    99.0377 3.0864e-03          0     0.5066     0.5179     0.0574     0.1147     4.6072     0.0000     0.0222     0.0000     0.5052     0.5169    34.7806    34.8636    26.3544    26.4249      1.247      1.507      0.464      0.561 0.0000e+00
       8256    343.960    200.284 -106.76360   16.75858    199.000    12.3584    12.3273 4.0208e+04   4.026334     0.0639     0.0390    99.0299 3.2575e-03          0     0.5063     0.5179     0.0574     0.1147     4.6068     0.0000     0.0229     0.0000     0.5047     0.5168    34.7817    34.8641    26.3556    26.4257      1.035      1.498      0.386      0.558 0.0000e+00
       8317    346.520    201.291 -106.76360   16.75858    200.000    12.3604    12.3278 4.0210e+04   4.026431     0.0666     0.0385    99.0410 3.7314e-03          0     0.5059     0.5178     0.0577     0.1142     4.6074     0.0000     0.0249     0.0000     0.5046     0.5168    34.7818    34.8642    26.3553    26.4256      1.177      1.526      0.438      0.568 0.0000e+00
       8387    349.422    202.298 -106.76360   16.75858    201.000    12.3578    12.3235 4.0209e+04   4.026286     0.0638     0.0384    99.0450 4.5824e-03          0     0.5056     0.5179     0.0574     0.1132     4.6076     0.0000     0.0285     0.0000     0.5046     0.5169    34.7821    34.8663    26.3561    26.4282      1.193      1.528      0.444      0.569 0.0000e+00
       8405    350.178    203.305 -106.76360   16.75858    202.000    12.3202    12.2847 4.0172e+04   4.022804     0.0639     0.0386    99.0387 3.7202e-03          0     0.5055     0.5176     0.0574     0.1131     4.6073     0.0000     0.0248     0.0000     0.5047     0.5169    34.7812    34.8682    26.3627    26.4372      1.195      1.479      0.444      0.550 0.0000e+00
       8421    350.815    204.312 -106.76360   16.75858    203.000    12.3038    12.2717 4.0155e+04   4.021054     0.0425     0.0379    99.0564 2.2075e-03          0     0.5059     0.5178     0.0552     0.1144     4.6081     0.0000     0.0184     0.0000     0.5046     0.5167    34.7795    34.8630    26.3646    26.4356      1.135      1.422      0.422      0.529 0.0000e+00
       8435    351.398    205.319 -106.76360   16.75858    204.000    12.3016    12.2703 4.0154e+04   4.020915     0.0410     0.0379    99.0558 4.3742e-03          0     0.5056     0.5177     0.0551     0.1147     4.6081     0.0000     0.0276     0.0000     0.5045     0.5165    34.7797    34.8625    26.3653    26.4356      1.115      1.403      0.415      0.522 0.0000e+00
       8449    351.988    206.326 -106.76360   16.75858    205.000    12.3003    12.2691 4.0154e+04   4.020852     0.0651     0.0379    99.0558 2.6443e-03          0     0.5057     0.5178     0.0575     0.1148     4.6081     0.0000     0.0203     0.0000     0.5045     0.5164    34.7803    34.8626    26.3660    26.4359      1.193      1.446      0.444      0.538 0.0000e+00
       8461    352.520    207.333 -106.76361   16.75858    206.000    12.2979    12.2667 4.0152e+04   4.020664     0.0639     0.0379    99.0558 3.8849e-03          0     0.5055     0.5179     0.0574     0.1147     4.6081     0.0000     0.0254     0.0000     0.5046     0.5164    34.7803    34.8625    26.3664    26.4363      1.209      1.543      0.449      0.574 0.0000e+00
       8490    353.712    208.340 -106.76362   16.75858    207.000    12.2993    12.2682 4.0153e+04   4.020802     0.0639     0.0372    99.0742 3.8114e-03          0     0.5057     0.5177     0.0574     0.1142     4.6089     0.0000     0.0251     0.0000     0.5046     0.5167    34.7802    34.8620    26.3661    26.4356      1.178      1.468      0.438      0.546 0.0000e+00
