data/ctd-cnv/KM1919/KM1919-St20-P2/St20_P2_cast40-align-cellTM-derive-bin.cnv
* Sea-Bird SBE 9 Data File:
* FileName = C:\Users\otg\Desktop\CTD Data\km1920\St20_P2_cast40.hex
* Software Version Seasave V 7.26.7.107
* Temperature SN = 5554
* Conductivity SN = 3876
* Number of Bytes Per Scan = 41
* Number of Voltage Words = 4
* Number of Scans Averaged by the Deck Unit = 1
* NMEA Latitude = 16 45.73 N
* NMEA Longitude = 106 49.45 W
* NMEA UTC (Time) = Oct 08 2019  00:57:05
* NMEA baud rate = 4800
** Ship: Kilo Moana
** Station: St20_P2 cast 40
** Operator: cf
** 6 pm cast
# nquan = 34
# nvalues = 200                         
# units = specified
# name 0 = scan: Scan Count
# name 1 = timeS: Time, Elapsed [seconds]
# name 2 = prDM: Pressure, Digiquartz [db]
# name 3 = longitude: Longitude [deg]
# name 4 = latitude: Latitude [deg]
# name 5 = depSM: Depth [salt water, m]
# name 6 = t090C: Temperature [ITS-90, deg C]
# name 7 = t190C: Temperature, 2 [ITS-90, deg C]
# name 8 = c0uS/cm: Conductivity [uS/cm]
# name 9 = c1S/m: Conductivity, 2 [S/m]
# name 10 = flECO-AFL: Fluorescence, WET Labs ECO-AFL/FL [mg/m^3]
# name 11 = CStarAt0: Beam Attenuation, WET Labs C-Star [1/m]
# name 12 = CStarTr0: Beam Transmission, WET Labs C-Star [%]
# name 13 = par: PAR/Irradiance, Biospherical/Licor
# name 14 = modError: Modulo Error Count
# name 15 = v0: Voltage 0
# name 16 = v1: Voltage 1
# name 17 = v2: Voltage 2
# name 18 = v3: Voltage 3
# name 19 = v4: Voltage 4
# name 20 = v5: Voltage 5
# name 21 = v6: Voltage 6
# name 22 = v7: Voltage 7
# name 23 = sbeox0V: Oxygen raw, SBE 43 [V]
# name 24 = sbeox1V: Oxygen raw, SBE 43, 2 [V]
# name 25 = sal00: Salinity, Practical [PSU]
# name 26 = sal11: Salinity, Practical, 2 [PSU]
# name 27 = sigma-é00: Density [sigma-theta, kg/m^3]
# name 28 = sigma-é11: Density, 2 [sigma-theta, kg/m^3]
# name 29 = sbeox0Mm/L: Oxygen, SBE 43 [umol/l], WS = 2
# name 30 = sbeox1Mm/L: Oxygen, SBE 43, 2 [umol/l], WS = 2
# name 31 = sbeox0PS: Oxygen, SBE 43 [% saturation], WS = 2
# name 32 = sbeox1PS: Oxygen, SBE 43, 2 [% saturation], WS = 2
# name 33 = flag: flag
# span 0 =        -11,      11214       
# span 1 =     -0.484,    467.229       
# span 2 =      2.011,    202.298       
# span 3 = -106.82424, -106.82416       
# span 4 =   16.76216,   16.76222       
# span 5 =      2.000,    201.000       
# span 6 =    12.2585,    29.6453       
# span 7 =    12.2308,    29.5997       
# span 8 = 4.0106e+04, 5.7368e+04       
# span 9 =   4.016489,   5.744562       
# span 10 =     0.0621,     1.7255      
# span 11 =     0.0349,     0.1316      
# span 12 =    96.7646,    99.1328      
# span 13 = 2.1730e-03, 3.5563e+00      
# span 14 =          0,          0      
# span 15 =     0.5045,     2.4982      
# span 16 =     0.5163,     2.4871      
# span 17 =     0.0572,     0.2236      
# span 18 =     0.1144,     0.1178      
# span 19 =     4.5015,     4.6116      
# span 20 =     0.0000,     0.0000      
# span 21 =     0.0183,     1.5617      
# span 22 =     0.0000,     0.0000      
# span 23 =     0.5034,     2.4947      
# span 24 =     0.5151,     2.4797      
# span 25 =    34.3108,    34.7835      
# span 26 =    34.4060,    34.8807      
# span 27 =    21.5347,    26.3698      
# span 28 =    21.6144,    26.4394      
# span 29 =      0.947,    231.539      
# span 30 =      1.238,    242.356      
# span 31 =      0.353,    106.983      
# span 32 =      0.460,    111.674      
# span 33 = 0.0000e+00, 0.0000e+00      
# interval = meters: 1                  
# start_time = Oct 08 2019 01:04:02 [NMEA time, first data scan]
# bad_flag = -9.990e-29
*END*
        -11     -0.484      2.011 -106.82424   16.76216      2.000    29.5571    29.5170 5.7266e+04   5.734940     0.0742     0.0726    98.2023 2.5500e+00          0     2.3586     2.3333     0.0584     0.1172     4.5684     0.0000     1.4569     0.0000     2.3545     2.3421    34.5786    34.6642    21.5608    21.6386    193.156    203.514     98.192    103.439 0.0000e+00
         17      0.676      3.018 -106.82424   16.76216      3.000    29.5680    29.5287 5.7278e+04   5.736139     0.0788     0.0738    98.1716 3.5563e+00          0     2.3567     2.3393     0.0589     0.1172     4.5669     0.0000     1.5617     0.0000     2.3506     2.3417    34.5789    34.6637    21.5574    21.6343    192.818    203.332     98.036    103.365 0.0000e+00
        551     22.929      4.024 -106.82424   16.76216      4.000    29.5723    29.5299 5.7283e+04   5.736323     0.0814     0.0736    98.1776 3.0615e+00          0     2.3524     2.3438     0.0591     0.1148     4.5672     0.0000     1.5054     0.0000     2.3518     2.3415    34.5788    34.6638    21.5559    21.6341    192.852    203.440     98.060    103.423 0.0000e+00
        598     24.891      5.030 -106.82424   16.76216      5.000    29.5806    29.5457 5.7293e+04   5.737797     0.0820     0.0744    98.1570 1.9437e+00          0     2.3514     2.3371     0.0592     0.1170     4.5662     0.0000     1.3078     0.0000     2.3487     2.3398    34.5791    34.6622    21.5535    21.6276    192.719    203.359     98.006    103.407 0.0000e+00
        626     26.027      6.036 -106.82424   16.76216      6.000    29.6243    29.5864 5.7343e+04   5.742290     0.0809     0.0732    98.1879 1.5419e+00          0     2.3518     2.3382     0.0591     0.1155     4.5677     0.0000     1.2160     0.0000     2.3516     2.3424    34.5818    34.6632    21.5408    21.6147    193.153    203.063     98.297    103.324 0.0000e+00
        656     27.282      7.042 -106.82424   16.76216      7.000    29.6453    29.5997 5.7368e+04   5.744562     0.0752     0.0731    98.1895 1.6862e+00          0     2.3492     2.3422     0.0585     0.1164     4.5678     0.0000     1.2593     0.0000     2.3546     2.3337    34.5830    34.6687    21.5347    21.6144    192.967    201.842     98.236    102.728 0.0000e+00
        690     28.696      8.048 -106.82424   16.76216      8.000    29.6187    29.5762 5.7338e+04   5.741946     0.0758     0.0732    98.1871 1.4093e+00          0     2.3494     2.3416     0.0586     0.1162     4.5677     0.0000     1.1760     0.0000     2.3522     2.3304    34.5816    34.6676    21.5427    21.6216    192.607    202.109     98.011    102.824 0.0000e+00
        828     34.469      9.054 -106.82424   16.76216      9.000    29.6308    29.5809 5.7351e+04   5.742164     0.0881     0.0735    98.1790 1.2084e+00          0     2.3517     2.3325     0.0598     0.1145     4.5673     0.0000     1.1282     0.0000     2.3487     2.3402    34.5815    34.6654    21.5386    21.6185    192.693    203.175     98.073    103.373 0.0000e+00
        875     36.419     10.060 -106.82424   16.76216     10.000    29.6259    29.5857 5.7346e+04   5.742984     0.0832     0.0731    98.1894 1.0910e+00          0     2.3550     2.3393     0.0593     0.1151     4.5678     0.0000     1.0874     0.0000     2.3509     2.3378    34.5816    34.6672    21.5405    21.6183    192.454    202.869     97.944    103.227 0.0000e+00
        985     40.989     11.066 -106.82424   16.76216     11.000    29.6044    29.5650 5.7322e+04   5.740585     0.0897     0.0729    98.1935 7.6521e-01          0     2.3494     2.3381     0.0599     0.1161     4.5680     0.0000     0.9475     0.0000     2.3527     2.3382    34.5800    34.6656    21.5466    21.6241    193.225    203.110     98.302    103.314 0.0000e+00
       1045     43.513     12.072 -106.82424   16.76216     12.000    29.6030    29.5590 5.7321e+04   5.739721     0.0909     0.0729    98.1941 8.2519e-01          0     2.3519     2.3379     0.0601     0.1160     4.5680     0.0000     0.9640     0.0000     2.3477     2.3403    34.5800    34.6637    21.5471    21.6248    191.935    203.640     97.643    103.572 0.0000e+00
       1070     44.547     13.078 -106.82424   16.76216     13.000    29.6022    29.5469 5.7318e+04   5.738912     0.0829     0.0731    98.1905 6.1637e-01          0     2.3550     2.3392     0.0593     0.1149     4.5678     0.0000     0.8624     0.0000     2.3450     2.3395    34.5787    34.6666    21.5466    21.6312    192.228    203.179     97.790    103.320 0.0000e+00
       1099     45.748     14.084 -106.82424   16.76216     14.000    29.5880    29.5506 5.7304e+04   5.738904     0.0824     0.0725    98.2047 6.1647e-01          0     2.3546     2.3363     0.0592     0.1148     4.5685     0.0000     0.8607     0.0000     2.3474     2.3379    34.5790    34.6637    21.5516    21.6278    193.063    202.970     98.192    103.218 0.0000e+00
       1245     51.826     15.090 -106.82424   16.76216     15.000    29.5840    29.5523 5.7299e+04   5.739231     0.0922     0.0730    98.1917 4.6489e-01          0     2.3477     2.3385     0.0602     0.1153     4.5679     0.0000     0.7629     0.0000     2.3526     2.3358    34.5783    34.6643    21.5525    21.6278    192.928    202.974     98.118    103.223 0.0000e+00
       1322     55.051     16.096 -106.82424   16.76216     16.000    29.5969    29.5503 5.7315e+04   5.738929     0.0857     0.0729    98.1938 4.0588e-01          0     2.3577     2.3361     0.0595     0.1158     4.5680     0.0000     0.7154     0.0000     2.3450     2.3300    34.5793    34.6634    21.5491    21.6279    192.862    202.235     98.105    102.843 0.0000e+00
       1342     55.889     17.102 -106.82424   16.76216     17.000    29.5659    29.5182 5.7279e+04   5.736012     0.0795     0.0731    98.1895 3.9925e-01          0     2.3552     2.3352     0.0589     0.1172     4.5678     0.0000     0.7081     0.0000     2.3498     2.3320    34.5770    34.6664    21.5579    21.6411    193.616    202.995     98.438    103.178 0.0000e+00
       1366     56.874     18.108 -106.82424   16.76216     18.000    29.5202    29.4755 5.7226e+04   5.730585     0.0817     0.0731    98.1895 3.3330e-01          0     2.3476     2.3355     0.0591     0.1167     4.5678     0.0000     0.6458     0.0000     2.3519     2.3357    34.5731    34.6599    21.5705    21.6507    193.323    203.528     98.214    103.374 0.0000e+00
       1446     60.215     19.114 -106.82424   16.76216     19.000    29.5320    29.4854 5.7240e+04   5.731502     0.0879     0.0727    98.1991 2.8125e-01          0     2.3494     2.3346     0.0598     0.1149     4.5682     0.0000     0.5907     0.0000     2.3516     2.3385    34.5741    34.6587    21.5673    21.6465    193.333    203.605     98.239    103.429 0.0000e+00
       1547     64.419     20.120 -106.82424   16.76216     20.000    29.5365    29.4943 5.7247e+04   5.732682     0.0947     0.0728    98.1956 2.1316e-01          0     2.3517     2.3394     0.0605     0.1149     4.5681     0.0000     0.5049     0.0000     2.3490     2.3360    34.5750    34.6601    21.5666    21.6446    193.184    203.196     98.171    103.237 0.0000e+00
       1625     67.672     21.127 -106.82424   16.76216     21.000    29.5187    29.4734 5.7225e+04   5.730507     0.0875     0.0725    98.2034 2.1522e-01          0     2.3483     2.3365     0.0597     0.1168     4.5684     0.0000     0.5093     0.0000     2.3488     2.3340    34.5731    34.6601    21.5712    21.6517    192.913    203.289     98.004    103.250 0.0000e+00
       1660     69.107     22.132 -106.82424   16.76216     22.000    29.4856    29.4438 5.7185e+04   5.726769     0.0840     0.0728    98.1957 1.6986e-01          0     2.3497     2.3338     0.0594     0.1157     4.5681     0.0000     0.4413     0.0000     2.3474     2.3353    34.5695    34.6556    21.5798    21.6585    193.093    203.255     98.041    103.180 0.0000e+00
       1687     70.234     23.139 -106.82424   16.76216     23.000    29.4737    29.4321 5.7171e+04   5.725408     0.0816     0.0734    98.1819 1.6216e-01          0     2.3509     2.3342     0.0591     0.1148     4.5674     0.0000     0.4299     0.0000     2.3460     2.3318    34.5680    34.6545    21.5828    21.6616    193.016    203.295     97.982    103.181 0.0000e+00
       1719     71.597     24.145 -106.82424   16.76216     24.000    29.4638    29.4220 5.7160e+04   5.724179     0.0877     0.0750    98.1441 1.4788e-01          0     2.3474     2.3349     0.0597     0.1162     4.5657     0.0000     0.4055     0.0000     2.3463     2.3365    34.5672    34.6531    21.5856    21.6641    193.246    203.741     98.083    103.389 0.0000e+00
       1843     76.760     25.151 -106.82424   16.76216     25.000    29.4623    29.4217 5.7160e+04   5.724203     0.0925     0.0716    98.2252 9.9068e-02          0     2.3480     2.3336     0.0602     0.1154     4.5695     0.0000     0.3072     0.0000     2.3485     2.3335    34.5683    34.6532    21.5870    21.6644    193.106    203.460     98.010    103.246 0.0000e+00
       1911     79.601     26.157 -106.82424   16.76216     26.000    29.4442    29.4021 5.7147e+04   5.722801     0.0868     0.0723    98.2091 9.8001e-02          0     2.3549     2.3359     0.0597     0.1163     4.5687     0.0000     0.3037     0.0000     2.3452     2.3375    34.5717    34.6575    21.5957    21.6742    193.152    204.021     98.007    103.501 0.0000e+00
       1937     80.651     27.163 -106.82424   16.76216     27.000    29.4311    29.3890 5.7138e+04   5.721940     0.0868     0.0728    98.1970 5.8839e-02          0     2.3540     2.3338     0.0597     0.1158     4.5681     0.0000     0.2092     0.0000     2.3478     2.3372    34.5748    34.6608    21.6025    21.6812    193.579    203.563     98.205    103.249 0.0000e+00
       1972     82.111     28.169 -106.82424   16.76216     28.000    29.4218    29.3800 5.7129e+04   5.720934     0.0893     0.0728    98.1964 5.7121e-02          0     2.3492     2.3356     0.0599     0.1150     4.5681     0.0000     0.2026     0.0000     2.3482     2.3303    34.5749    34.6601    21.6058    21.6838    193.890    203.209     98.347    103.054 0.0000e+00
       2083     86.764     29.175 -106.82424   16.76216     29.000    29.4300    29.3822 5.7136e+04   5.721063     0.1085     0.0731    98.1886 3.9662e-02          0     2.3474     2.3330     0.0619     0.1165     4.5677     0.0000     0.1548     0.0000     2.3409     2.3355    34.5739    34.6591    21.6024    21.6824    192.557    203.888     97.684    103.401 0.0000e+00
       2165     90.148     30.181 -106.82424   16.76217     30.000    29.4073    29.3673 5.7112e+04   5.719534     0.1036     0.0731    98.1895 2.6064e-02          0     2.3388     2.3339     0.0614     0.1169     4.5678     0.0000     0.1090     0.0000     2.3465     2.3352    34.5736    34.6592    21.6099    21.6875    193.684    203.738     98.219    103.301 0.0000e+00
       2217     92.341     31.187 -106.82424   16.76218     31.000    29.4030    29.3585 5.7107e+04   5.718543     0.1037     0.0741    98.1646 2.0608e-02          0     2.3442     2.3358     0.0614     0.1160     4.5666     0.0000     0.0908     0.0000     2.3482     2.3300    34.5727    34.6585    21.6108    21.6901    193.887    203.287     98.315    103.057 0.0000e+00
       2264     94.282     32.193 -106.82424   16.76218     32.000    29.3265    29.2830 5.7012e+04   5.709779     0.1013     0.0750    98.1420 1.7172e-02          0     2.3469     2.3343     0.0612     0.1150     4.5655     0.0000     0.0782     0.0000     2.3524     2.3307    34.5629    34.6528    21.6292    21.7112    194.839    203.761     98.671    103.168 0.0000e+00
       2313     96.313     33.199 -106.82424   16.76218     33.000    29.2159    29.1721 5.6908e+04   5.699156     0.1186     0.0783    98.0610 1.5675e-02          0     2.3486     2.3302     0.0629     0.1160     4.5618     0.0000     0.0728     0.0000     2.3542     2.3304    34.5708    34.6600    21.6724    21.7539    195.249    204.041     98.706    103.130 0.0000e+00
       2385     99.326     34.206 -106.82423   16.76218     34.000    29.0998    29.0965 5.6793e+04   5.691011     0.1436     0.0812    97.9903 1.6319e-02          0     2.3549     2.3306     0.0654     0.1160     4.5585     0.0000     0.0752     0.0000     2.3690     2.3399    34.5760    34.6586    21.7152    21.7783    198.040    205.985     99.932    103.984 0.0000e+00
       2488    103.627     35.212 -106.82422   16.76217     35.000    28.5622    28.4960 5.6280e+04   5.638067     0.1518     0.0852    97.8921 1.6098e-02          0     2.3712     2.3425     0.0662     0.1158     4.5540     0.0000     0.0744     0.0000     2.4264     2.3920    34.6123    34.7303    21.9210    22.0315    208.646    216.039    104.388    108.042 0.0000e+00
       2534    105.523     36.218 -106.82424   16.76218     36.000    27.3849    27.3350 5.5038e+04   5.517656     0.1834     0.0989    97.5578 1.5236e-02          0     2.3938     2.3588     0.0693     0.1167     4.5384     0.0000     0.0711     0.0000     2.4713     2.4411    34.6071    34.7425    22.3012    22.4192    216.454    225.671    106.229    110.743 0.0000e+00
       2571    107.094     37.224 -106.82424   16.76218     37.000    26.7820    26.7391 5.4400e+04   5.450974     0.2209     0.1059    97.3862 1.4866e-02          0     2.4288     2.3959     0.0731     0.1172     4.5304     0.0000     0.0697     0.0000     2.4818     2.4666    34.6015    34.7119    22.4896    22.5864    218.843    229.618    106.329    111.554 0.0000e+00
       2626    109.365     38.230 -106.82422   16.76218     38.000    26.6952    26.6559 5.4314e+04   5.440308     0.2643     0.1114    97.2549 1.4560e-02          0     2.4715     2.4463     0.0774     0.1175     4.5243     0.0000     0.0685     0.0000     2.4908     2.4754    34.6041    34.6975    22.5192    22.6020    219.484    230.202    106.488    111.674 0.0000e+00
       2691    112.086     39.236 -106.82422   16.76218     39.000    26.6175    26.5771 5.4240e+04   5.432832     0.2847     0.1120    97.2394 1.3518e-02          0     2.4890     2.4739     0.0795     0.1176     4.5236     0.0000     0.0645     0.0000     2.4947     2.4754    34.6090    34.7027    22.5475    22.6309    220.784    230.341    106.983    111.598 0.0000e+00
       2775    115.566     40.243 -106.82422   16.76218     40.000    26.3945    26.4178 5.4008e+04   5.415545     0.3202     0.1145    97.1788 1.3492e-02          0     2.4982     2.4808     0.0830     0.1174     4.5208     0.0000     0.0644     0.0000     2.4925     2.4797    34.6086    34.6976    22.6174    22.6772    219.711    230.836    106.067    111.535 0.0000e+00
       2869    119.511     41.249 -106.82422   16.76218     41.000    25.6572    25.7370 5.3233e+04   5.353186     0.3344     0.1147    97.1736 1.2906e-02          0     2.4920     2.4871     0.0844     0.1171     4.5205     0.0000     0.0622     0.0000     2.4701     2.4489    34.6025    34.7598    22.8423    22.9360    221.031    230.109    105.386    109.957 0.0000e+00
       2899    120.749     42.255 -106.82422   16.76218     42.000    25.0262    24.9718 5.2551e+04   5.265952     0.3092     0.1136    97.2016 1.2412e-02          0     2.4784     2.4710     0.0819     0.1172     4.5218     0.0000     0.0602     0.0000     2.4747     2.4523    34.5811    34.7033    23.0195    23.1284    225.264    234.564    106.251    110.613 0.0000e+00
       2928    121.959     43.261 -106.82422   16.76218     43.000    24.7051    24.6599 5.2181e+04   5.228334     0.2969     0.1104    97.2783 1.2048e-02          0     2.4730     2.4542     0.0807     0.1172     4.5254     0.0000     0.0588     0.0000     2.4823     2.4589    34.5525    34.6632    23.0949    23.1923    227.110    236.910    106.519    111.100 0.0000e+00
