data/ctd-cnv/KM1919/KM1919-St20-P2/St20_P2_cast34-align-cellTM-derive-bin.cnv
* Sea-Bird SBE 9 Data File:
* FileName = C:\Users\otg\Desktop\CTD Data\km1920\St20_P2_cast34.hex
* Software Version Seasave V 7.26.7.107
* Temperature SN = 5554
* Conductivity SN = 3876
* Number of Bytes Per Scan = 41
* Number of Voltage Words = 4
* Number of Scans Averaged by the Deck Unit = 1
* NMEA Latitude = 16 47.14 N
* NMEA Longitude = 106 51.16 W
* NMEA UTC (Time) = Oct 06 2019  19:31:20
* NMEA baud rate = 4800
** Ship: Kilo Moana
** Station: St20_P2cast 34
** Operator: cf
** eDNA
# nquan = 34
# nvalues = 704                         
# units = specified
# name 0 = scan: Scan Count
# name 1 = timeS: Time, Elapsed [seconds]
# name 2 = prDM: Pressure, Digiquartz [db]
# name 3 = longitude: Longitude [deg]
# name 4 = latitude: Latitude [deg]
# name 5 = depSMignore: Depth [salt water, m]
# name 6 = t090C: Temperature [ITS-90, deg C]
# name 7 = t190C: Temperature, 2 [ITS-90, deg C]
# name 8 = c0uS/cm: Conductivity [uS/cm]
# name 9 = c1S/m: Conductivity, 2 [S/m]
# name 10 = flECO-AFL: Fluorescence, WET Labs ECO-AFL/FL [mg/m^3]
# name 11 = CStarAt0: Beam Attenuation, WET Labs C-Star [1/m]
# name 12 = CStarTr0: Beam Transmission, WET Labs C-Star [%]
# name 13 = par: PAR/Irradiance, Biospherical/Licor
# name 14 = modError: Modulo Error Count
# name 15 = v0: Voltage 0
# name 16 = v1: Voltage 1
# name 17 = v2: Voltage 2
# name 18 = v3: Voltage 3
# name 19 = v4: Voltage 4
# name 20 = v5: Voltage 5
# name 21 = v6: Voltage 6
# name 22 = v7: Voltage 7
# name 23 = sbeox0V: Oxygen raw, SBE 43 [V]
# name 24 = sbeox1V: Oxygen raw, SBE 43, 2 [V]
# name 25 = sal00: Salinity, Practical [PSU]
# name 26 = sal11: Salinity, Practical, 2 [PSU]
# name 27 = sigma-é00: Density [sigma-theta, kg/m^3]
# name 28 = sigma-é11: Density, 2 [sigma-theta, kg/m^3]
# name 29 = sbeox0Mm/L: Oxygen, SBE 43 [umol/l], WS = 2
# name 30 = sbeox1Mm/L: Oxygen, SBE 43, 2 [umol/l], WS = 2
# name 31 = sbeox0PS: Oxygen, SBE 43 [% saturation], WS = 2
# name 32 = sbeox1PS: Oxygen, SBE 43, 2 [% saturation], WS = 2
# name 33 = flag: flag
# span 0 =        -12,      23490       
# span 1 =     -0.544,    978.720       
# span 2 =      1.006,    709.413       
# span 3 = -106.85292, -106.85276       
# span 4 =   16.78568,   16.78570       
# span 5 =      1.000,    704.000       
# span 6 =     6.0668,    29.5516       
# span 7 =     6.0401,    29.5443       
# span 8 = 3.4328e+04, 5.7270e+04       
# span 9 =   3.437385,   5.737654       
# span 10 =     0.0420,     1.8612      
# span 11 =     0.0144,     0.1406      
# span 12 =    96.5470,    99.6399      
# span 13 = 1.8359e-05, 1.5040e+03      
# span 14 =          0,          0      
# span 15 =     0.5030,     2.4700      
# span 16 =     0.5116,     2.4574      
# span 17 =     0.0552,     0.2371      
# span 18 =     0.1139,     0.1256      
# span 19 =     4.4914,     4.6352      
# span 20 =     0.0000,     0.0000      
# span 21 =     0.0086,     4.1786      
# span 22 =     0.0000,     0.0000      
# span 23 =     0.5024,     2.4686      
# span 24 =     0.5111,     2.4558      
# span 25 =    34.3439,    34.7852      
# span 26 =    34.4377,    34.8730      
# span 27 =    21.5677,    27.1823      
# span 28 =    21.6286,    27.2476      
# span 29 =      0.807,    228.432      
# span 30 =      0.695,    239.673      
# span 31 =      0.274,    105.275      
# span 32 =      0.225,    110.402      
# span 33 = 0.0000e+00, 0.0000e+00      
# interval = meters: 1                  
# start_time = Oct 06 2019 19:38:19 [NMEA time, first data scan]
# bad_flag = -9.990e-29
*END*
[from data line 683]
      21572    898.782    689.226 -106.85290   16.78568    684.000     6.1617     6.1353 3.4404e+04   3.445152     0.0639     0.0147    99.6335 9.4910e-04          0     0.5031     0.5121     0.0574     0.1184     4.6349     0.0000     0.0127     0.0000     0.5025     0.5117    34.5311    34.6105    27.1694    27.2355      1.072      1.049      0.348      0.340 0.0000e+00
      21589    899.501    690.235 -106.85290   16.78568    685.000     6.1560     6.1295 3.4400e+04   3.444640     0.0639     0.0147    99.6333 7.0825e-05          0     0.5031     0.5125     0.0574     0.1181     4.6349     0.0000     0.0089     0.0000     0.5025     0.5118    34.5310    34.6102    27.1701    27.2360      1.073      1.056      0.348      0.343 0.0000e+00
      21608    900.305    691.245 -106.85290   16.78568    686.000     6.1474     6.1204 3.4392e+04   3.443925     0.0639     0.0147    99.6333 1.8461e-03          0     0.5031     0.5120     0.0574     0.1189     4.6349     0.0000     0.0166     0.0000     0.5025     0.5120    34.5312    34.6109    27.1713    27.2378      1.089      1.007      0.353      0.326 0.0000e+00
      21633    901.344    692.254 -106.85290   16.78568    687.000     6.1276     6.1012 3.4375e+04   3.442225     0.0639     0.0147    99.6333 1.2717e-03          0     0.5031     0.5118     0.0574     0.1190     4.6349     0.0000     0.0142     0.0000     0.5025     0.5117    34.5317    34.6108    27.1743    27.2402      1.088      0.791      0.353      0.256 0.0000e+00
      21668    902.784    693.263 -106.85290   16.78568    688.000     6.1130     6.0871 3.4362e+04   3.440938     0.0639     0.0147    99.6333 9.9703e-04          0     0.5031     0.5123     0.0574     0.1182     4.6349     0.0000     0.0131     0.0000     0.5025     0.5115    34.5313    34.6102    27.1758    27.2415      1.059      0.740      0.343      0.240 0.0000e+00
      21706    904.364    694.273 -106.85290   16.78568    689.000     6.1113     6.0852 3.4362e+04   3.440760     0.0639     0.0147    99.6333 4.0569e-04          0     0.5031     0.5125     0.0574     0.1188     4.6349     0.0000     0.0104     0.0000     0.5025     0.5116    34.5317    34.6097    27.1764    27.2413      1.074      0.985      0.348      0.319 0.0000e+00
      21737    905.682    695.282 -106.85290   16.78568    690.000     6.1103     6.0841 3.4361e+04   3.440704     0.0639     0.0147    99.6333 4.4548e-05          0     0.5031     0.5123     0.0574     0.1191     4.6349     0.0000     0.0088     0.0000     0.5025     0.5116    34.5314    34.6096    27.1763    27.2414      1.140      0.903      0.369      0.292 0.0000e+00
      21761    906.687    696.291 -106.85290   16.78568    691.000     6.1070     6.0804 3.4358e+04   3.440455     0.0639     0.0147    99.6321 4.3886e-05          0     0.5031     0.5120     0.0574     0.1182     4.6348     0.0000     0.0088     0.0000     0.5026     0.5116    34.5315    34.6101    27.1768    27.2423      1.028      0.854      0.333      0.277 0.0000e+00
      21782    907.548    697.301 -106.85290   16.78568    692.000     6.1037     6.0777 3.4356e+04   3.440243     0.0639     0.0147    99.6333 4.7855e-04          0     0.5031     0.5119     0.0574     0.1183     4.6349     0.0000     0.0107     0.0000     0.5025     0.5118    34.5315    34.6100    27.1772    27.2426      1.063      0.862      0.344      0.279 0.0000e+00
      21802    908.370    698.310 -106.85290   16.78568    693.000     6.0977     6.0719 3.4351e+04   3.439851     0.0639     0.0147    99.6333 1.1478e-04          0     0.5031     0.5124     0.0574     0.1182     4.6349     0.0000     0.0091     0.0000     0.5025     0.5114    34.5318    34.6110    27.1782    27.2441      1.075      0.768      0.348      0.249 0.0000e+00
      21824    909.279    699.319 -106.85290   16.78568    694.000     6.0867     6.0604 3.4342e+04   3.438847     0.0639     0.0147    99.6333 2.9236e-04          0     0.5032     0.5123     0.0574     0.1182     4.6349     0.0000     0.0099     0.0000     0.5025     0.5116    34.5319    34.6110    27.1797    27.2455      1.076      0.814      0.348      0.264 0.0000e+00
      21854    910.548    700.329 -106.85290   16.78568    695.000     6.0848     6.0589 3.4340e+04   3.438675     0.0639     0.0147    99.6327 8.1896e-04          0     0.5031     0.5123     0.0574     0.1182     4.6349     0.0000     0.0122     0.0000     0.5025     0.5115    34.5316    34.6101    27.1797    27.2450      1.076      0.897      0.348      0.290 0.0000e+00
      21898    912.387    701.338 -106.85290   16.78568    696.000     6.0838     6.0579 3.4340e+04   3.438624     0.0639     0.0145    99.6374 1.7180e-04          0     0.5031     0.5121     0.0574     0.1183     4.6351     0.0000     0.0093     0.0000     0.5025     0.5114    34.5315    34.6100    27.1798    27.2451      1.092      0.838      0.353      0.271 0.0000e+00
      21937    914.012    702.347 -106.85290   16.78568    697.000     6.0817     6.0558 3.4338e+04   3.438497     0.0611     0.0147    99.6332 3.4723e-05          0     0.5031     0.5122     0.0571     0.1182     4.6349     0.0000     0.0087     0.0000     0.5025     0.5115    34.5315    34.6102    27.1800    27.2456      1.059      0.787      0.343      0.255 0.0000e+00
      21965    915.182    703.357 -106.85290   16.78568    698.000     6.0762     6.0501 3.4334e+04   3.438053     0.0538     0.0144    99.6399 1.6878e-04          0     0.5031     0.5119     0.0564     0.1187     4.6352     0.0000     0.0094     0.0000     0.5025     0.5114    34.5315    34.6105    27.1808    27.2465      1.078      0.884      0.348      0.286 0.0000e+00
      21989    916.151    704.366 -106.85290   16.78568    699.000     6.0738     6.0478 3.4332e+04   3.437869     0.0574     0.0147    99.6342 2.1317e-05          0     0.5031     0.5121     0.0568     0.1196     4.6349     0.0000     0.0086     0.0000     0.5025     0.5115    34.5317    34.6103    27.1812    27.2467      1.077      0.827      0.349      0.268 0.0000e+00
      22010    917.033    705.375 -106.85290   16.78568    700.000     6.0726     6.0466 3.4331e+04   3.437810     0.0640     0.0147    99.6333 1.8359e-05          0     0.5032     0.5121     0.0574     0.1194     4.6349     0.0000     0.0086     0.0000     0.5025     0.5114    34.5315    34.6103    27.1812    27.2468      1.077      0.801      0.349      0.259 0.0000e+00
      22031    917.908    706.385 -106.85292   16.78568    701.000     6.0719     6.0460 3.4331e+04   3.437799     0.0639     0.0147    99.6333 3.8528e-05          0     0.5031     0.5120     0.0574     0.1181     4.6349     0.0000     0.0087     0.0000     0.5025     0.5113    34.5316    34.6103    27.1814    27.2469      1.077      0.785      0.349      0.254 0.0000e+00
      22054    918.858    707.394 -106.85292   16.78568    702.000     6.0705     6.0444 3.4330e+04   3.437696     0.0639     0.0147    99.6333 3.1571e-05          0     0.5031     0.5120     0.0574     0.1195     4.6349     0.0000     0.0087     0.0000     0.5025     0.5112    34.5316    34.6103    27.1816    27.2471      1.077      0.695      0.349      0.225 0.0000e+00
      22692    945.469    708.404 -106.85290   16.78568    703.000     6.0701     6.0450 3.4331e+04   3.437740     0.0634     0.0148    99.6301 1.7176e-04          0     0.5031     0.5119     0.0574     0.1187     4.6348     0.0000     0.0093     0.0000     0.5025     0.5113    34.5322    34.6098    27.1821    27.2466      1.078      0.838      0.349      0.271 0.0000e+00
      23490    978.720    709.413 -106.85290   16.78568    704.000     6.0668     6.0401 3.4328e+04   3.437385     0.0640     0.0147    99.6329 4.2776e-04          0     0.5031     0.5116     0.0574     0.1198     4.6349     0.0000     0.0105     0.0000     0.5025     0.5112    34.5318    34.6102    27.1823    27.2476      1.079      0.740      0.349      0.240 0.0000e+00
