data/ctd-cnv/KM1919/KM1919-St20-P2/St20_P2_cast50-align-cellTM-derive-bin.cnv
* Sea-Bird SBE 9 Data File:
* FileName = C:\Users\otg\Desktop\CTD Data\km1920\St20_P2_cast50.hex
* Software Version Seasave V 7.26.7.107
* Temperature SN = 5554
* Conductivity SN = 3876
* Number of Bytes Per Scan = 41
* Number of Voltage Words = 4
* Number of Scans Averaged by the Deck Unit = 1
* NMEA Latitude = 16 45.53 N
* NMEA Longitude = 106 45.95 W
* NMEA UTC (Time) = Oct 09 2019  14:11:27
* NMEA baud rate = 4800
** Ship: Kilo Moana
** Station: St20_P2 cast 50
** Operator: gr
** diel 7
# nquan = 34
# nvalues = 199                         
# units = specified
# name 0 = scan: Scan Count
# name 1 = timeS: Time, Elapsed [seconds]
# name 2 = prDM: Pressure, Digiquartz [db]
# name 3 = longitude: Longitude [deg]
# name 4 = latitude: Latitude [deg]
# name 5 = depSM: Depth [salt water, m]
# name 6 = t090C: Temperature [ITS-90, deg C]
# name 7 = t190C: Temperature, 2 [ITS-90, deg C]
# name 8 = c0uS/cm: Conductivity [uS/cm]
# name 9 = c1S/m: Conductivity, 2 [S/m]
# name 10 = flECO-AFL: Fluorescence, WET Labs ECO-AFL/FL [mg/m^3]
# name 11 = CStarAt0: Beam Attenuation, WET Labs C-Star [1/m]
# name 12 = CStarTr0: Beam Transmission, WET Labs C-Star [%]
# name 13 = par: PAR/Irradiance, Biospherical/Licor
# name 14 = modError: Modulo Error Count
# name 15 = v0: Voltage 0
# name 16 = v1: Voltage 1
# name 17 = v2: Voltage 2
# name 18 = v3: Voltage 3
# name 19 = v4: Voltage 4
# name 20 = v5: Voltage 5
# name 21 = v6: Voltage 6
# name 22 = v7: Voltage 7
# name 23 = sbeox0V: Oxygen raw, SBE 43 [V]
# name 24 = sbeox1V: Oxygen raw, SBE 43, 2 [V]
# name 25 = sal00: Salinity, Practical [PSU]
# name 26 = sal11: Salinity, Practical, 2 [PSU]
# name 27 = sigma-é00: Density [sigma-theta, kg/m^3]
# name 28 = sigma-é11: Density, 2 [sigma-theta, kg/m^3]
# name 29 = sbeox0Mm/L: Oxygen, SBE 43 [umol/l], WS = 2
# name 30 = sbeox1Mm/L: Oxygen, SBE 43, 2 [umol/l], WS = 2
# name 31 = sbeox0PS: Oxygen, SBE 43 [% saturation], WS = 2
# name 32 = sbeox1PS: Oxygen, SBE 43, 2 [% saturation], WS = 2
# name 33 = flag: flag
# span 0 =        257,      11658       
# span 1 =     10.652,    485.719       
# span 2 =      2.012,    201.291       
# span 3 = -106.76580, -106.76556       
# span 4 =   16.75888,   16.75900       
# span 5 =      2.000,    200.000       
# span 6 =    12.2800,    29.5820       
# span 7 =    12.2469,    29.5408       
# span 8 = 4.0128e+04, 5.7300e+04       
# span 9 =   4.018228,   5.738173       
# span 10 =     0.0624,     1.6727      
# span 11 =     0.0228,     0.1064      
# span 12 =    97.3747,    99.4307      
# span 13 = 1.3696e-03, 5.5673e+02      
# span 14 =          0,          0      
# span 15 =     0.5043,     2.4938      
# span 16 =     0.5156,     2.4752      
# span 17 =     0.0573,     0.2182      
# span 18 =     0.1137,     0.1172      
# span 19 =     4.5299,     4.6255      
# span 20 =     0.0000,     0.0000      
# span 21 =     0.0149,     3.7557      
# span 22 =     0.0000,     0.0000      
# span 23 =     0.5034,     2.4962      
# span 24 =     0.5144,     2.4759      
# span 25 =    34.2752,    34.7829      
# span 26 =    34.3645,    34.8714      
# span 27 =    21.5536,    26.3669      
# span 28 =    21.6315,    26.4380      
# span 29 =      0.774,    228.644      
# span 30 =      1.135,    239.531      
# span 31 =      0.289,    107.186      
# span 32 =      0.422,    111.643      
# span 33 = 0.0000e+00, 0.0000e+00      
# interval = meters: 1                  
# start_time = Oct 09 2019 14:15:40 [NMEA time, first data scan]
# bad_flag = -9.990e-29
*END*
[from data line 129]
       7765    323.518    131.824 -106.76564   16.75894    131.000    14.0693    14.0352 4.1774e+04   4.183901     0.5691     0.0370    99.0779 1.6844e-02          0     0.5078     0.5211     0.1079     0.1146     4.6091     0.0000     0.0770     0.0000     0.5070     0.5199    34.7304    34.8216    25.9682    26.0458      1.467      1.852      0.566      0.714 0.0000e+00
       7798    324.890    132.830 -106.76564   16.75894    132.000    13.9895    13.9565 4.1702e+04   4.176162     0.5370     0.0388    99.0344 1.6879e-02          0     0.5079     0.5212     0.1047     0.1147     4.6070     0.0000     0.0768     0.0000     0.5070     0.5199    34.7351    34.8202    25.9886    26.0613      1.468      1.921      0.565      0.739 0.0000e+00
       7824    325.979    133.837 -106.76564   16.75894    133.000    13.9508    13.9144 4.1667e+04   4.172883     0.5033     0.0379    99.0550 6.2771e-03          0     0.5079     0.5212     0.1013     0.1147     4.6081     0.0000     0.0355     0.0000     0.5070     0.5198    34.7371    34.8274    25.9982    26.0757      1.469      1.828      0.565      0.703 0.0000e+00
       7847    326.919    134.843 -106.76564   16.75894    134.000    13.8613    13.8257 4.1585e+04   4.164668     0.4971     0.0382    99.0497 8.3647e-03          0     0.5079     0.5210     0.1007     0.1148     4.6078     0.0000     0.0440     0.0000     0.5070     0.5194    34.7407    34.8308    26.0198    26.0968      1.472      1.773      0.565      0.680 0.0000e+00
       7870    327.877    135.850 -106.76564   16.75894    135.000    13.8003    13.7653 4.1530e+04   4.159222     0.4848     0.0379    99.0558 3.8737e-03          0     0.5079     0.5207     0.0995     0.1148     4.6081     0.0000     0.0255     0.0000     0.5070     0.5192    34.7444    34.8342    26.0354    26.1121      1.473      1.751      0.565      0.671 0.0000e+00
       7965    331.850    136.857 -106.76564   16.75894    136.000    13.8117    13.7800 4.1540e+04   4.159801     0.5071     0.0367    99.0860 3.9845e-03          0     0.5078     0.5201     0.1017     0.1147     4.6095     0.0000     0.0260     0.0000     0.5068     0.5187    34.7425    34.8259    26.0315    26.1026      1.433      1.725      0.550      0.661 0.0000e+00
       8058    335.705    137.863 -106.76564   16.75894    137.000    13.7779    13.7472 4.1511e+04   4.157554     0.4989     0.0371    99.0777 3.6913e-03          0     0.5077     0.5198     0.1009     0.1147     4.6091     0.0000     0.0248     0.0000     0.5069     0.5186    34.7456    34.8342    26.0410    26.1159      1.387      1.724      0.532      0.661 0.0000e+00
       8083    336.734    138.870 -106.76564   16.75894    138.000    13.7056    13.6727 4.1448e+04   4.150803     0.4814     0.0369    99.0819 3.6150e-03          0     0.5079     0.5200     0.0991     0.1148     4.6093     0.0000     0.0244     0.0000     0.5066     0.5187    34.7522    34.8383    26.0611    26.1345      1.339      1.658      0.513      0.635 0.0000e+00
       8132    338.784    139.877 -106.76564   16.75894    139.000    13.6997    13.6672 4.1443e+04   4.150011     0.4836     0.0368    99.0848 3.5826e-03          0     0.5077     0.5197     0.0994     0.1148     4.6094     0.0000     0.0243     0.0000     0.5063     0.5183    34.7523    34.8355    26.0624    26.1335      1.349      1.660      0.516      0.635 0.0000e+00
       8242    343.378    140.883 -106.76564   16.75896    140.000    13.6992    13.6623 4.1444e+04   4.149829     0.4870     0.0369    99.0828 3.3241e-03          0     0.5071     0.5190     0.0997     0.1147     4.6093     0.0000     0.0232     0.0000     0.5063     0.5183    34.7535    34.8378    26.0635    26.1363      1.307      1.657      0.500      0.634 0.0000e+00
       8262    344.213    141.890 -106.76564   16.75896    141.000    13.6322    13.5975 4.1384e+04   4.144387     0.4758     0.0360    99.1038 3.3159e-03          0     0.5070     0.5190     0.0986     0.1146     4.6103     0.0000     0.0232     0.0000     0.5060     0.5181    34.7575    34.8453    26.0805    26.1555      1.292      1.636      0.494      0.625 0.0000e+00
       8283    345.102    142.897 -106.76564   16.75896    142.000    13.5842    13.5508 4.1340e+04   4.139913     0.4400     0.0353    99.1214 3.3161e-03          0     0.5075     0.5193     0.0950     0.1146     4.6111     0.0000     0.0232     0.0000     0.5060     0.5181    34.7590    34.8454    26.0915    26.1652      1.311      1.644      0.501      0.627 0.0000e+00
       8306    346.022    143.903 -106.76564   16.75896    143.000    13.5692    13.5374 4.1326e+04   4.138458     0.3976     0.0348    99.1334 3.3161e-03          0     0.5073     0.5192     0.0907     0.1148     4.6117     0.0000     0.0232     0.0000     0.5059     0.5180    34.7594    34.8434    26.0950    26.1665      1.253      1.622      0.478      0.619 0.0000e+00
       8397    349.853    144.910 -106.76564   16.75896    144.000    13.5680    13.5407 4.1326e+04   4.138650     0.3559     0.0355    99.1174 3.2488e-03          0     0.5068     0.5189     0.0866     0.1148     4.6109     0.0000     0.0229     0.0000     0.5057     0.5178    34.7597    34.8419    26.0954    26.1647      1.273      1.610      0.486      0.615 0.0000e+00
       8504    354.295    145.917 -106.76564   16.75896    145.000    13.5644    13.5288 4.1323e+04   4.137875     0.3660     0.0357    99.1100 3.1373e-03          0     0.5067     0.5188     0.0876     0.1148     4.6106     0.0000     0.0225     0.0000     0.5058     0.5178    34.7602    34.8450    26.0966    26.1695      1.309      1.610      0.499      0.614 0.0000e+00
       8519    354.931    146.923 -106.76564   16.75896    146.000    13.5438    13.5109 4.1304e+04   4.136146     0.3542     0.0348    99.1335 2.9789e-03          0     0.5067     0.5187     0.0864     0.1148     4.6117     0.0000     0.0218     0.0000     0.5058     0.5180    34.7601    34.8446    26.1008    26.1730      1.293      1.655      0.493      0.631 0.0000e+00
       8535    355.580    147.930 -106.76564   16.75896    147.000    13.5205    13.4867 4.1282e+04   4.134035     0.3399     0.0355    99.1156 3.0617e-03          0     0.5067     0.5189     0.0850     0.1148     4.6108     0.0000     0.0221     0.0000     0.5057     0.5180    34.7605    34.8464    26.1059    26.1793      1.270      1.595      0.484      0.608 0.0000e+00
       8554    356.374    148.937 -106.76564   16.75896    148.000    13.4613    13.4253 4.1228e+04   4.128901     0.3248     0.0352    99.1248 3.1139e-03          0     0.5067     0.5188     0.0834     0.1148     4.6113     0.0000     0.0224     0.0000     0.5057     0.5175    34.7629    34.8536    26.1199    26.1975      1.145      1.501      0.436      0.571 0.0000e+00
       8667    361.093    149.943 -106.76564   16.75896    149.000    13.4546    13.4383 4.1221e+04   4.129240     0.2946     0.0346    99.1398 2.9198e-03          0     0.5062     0.5185     0.0804     0.1147     4.6119     0.0000     0.0215     0.0000     0.5050     0.5175    34.7625    34.8446    26.1210    26.1879      1.177      1.573      0.448      0.599 0.0000e+00
       8761    364.989    150.950 -106.76564   16.75896    150.000    13.4266    13.3667 4.1196e+04   4.123178     0.2927     0.0350    99.1287 2.9060e-03          0     0.5065     0.5184     0.0803     0.1147     4.6114     0.0000     0.0215     0.0000     0.5055     0.5175    34.7643    34.8524    26.1281    26.2086      1.211      1.505      0.461      0.572 0.0000e+00
       8797    366.509    151.957 -106.76564   16.75896    151.000    13.3632    13.3298 4.1137e+04   4.119388     0.2547     0.0348    99.1348 2.8467e-03          0     0.5064     0.5185     0.0765     0.1148     4.6117     0.0000     0.0212     0.0000     0.5053     0.5173    34.7660    34.8499    26.1424    26.2142      1.185      1.566      0.450      0.595 0.0000e+00
       8854    368.884    152.964 -106.76564   16.75896    152.000    13.3349    13.3004 4.1112e+04   4.116770     0.2301     0.0355    99.1161 2.7378e-03          0     0.5064     0.5184     0.0740     0.1147     4.6109     0.0000     0.0208     0.0000     0.5053     0.5173    34.7676    34.8516    26.1495    26.2216      1.289      1.535      0.490      0.583 0.0000e+00
       8894    370.558    153.970 -106.76564   16.75896    153.000    13.2634    13.2295 4.1045e+04   4.110580     0.2171     0.0364    99.0949 2.7430e-03          0     0.5059     0.5181     0.0727     0.1147     4.6099     0.0000     0.0208     0.0000     0.5055     0.5173    34.7693    34.8575    26.1654    26.2405      1.234      1.544      0.468      0.586 0.0000e+00
       8921    371.677    154.977 -106.76564   16.75896    154.000    13.2071    13.1726 4.0993e+04   4.105328     0.1930     0.0361    99.1005 2.7430e-03          0     0.5062     0.5183     0.0703     0.1146     4.6101     0.0000     0.0208     0.0000     0.5051     0.5172    34.7710    34.8595    26.1781    26.2535      1.080      1.495      0.409      0.566 0.0000e+00
       8949    372.813    155.984 -106.76564   16.75896    155.000    13.1488    13.1161 4.0941e+04   4.099947     0.1815     0.0369    99.0826 2.7430e-03          0     0.5062     0.5181     0.0692     0.1148     4.6093     0.0000     0.0208     0.0000     0.5047     0.5170    34.7742    34.8598    26.1923    26.2653      1.077      1.474      0.407      0.557 0.0000e+00
       9061    377.504    156.990 -106.76562   16.75896    156.000    13.1515    13.1132 4.0943e+04   4.099373     0.1642     0.0370    99.0804 2.6748e-03          0     0.5058     0.5179     0.0674     0.1148     4.6092     0.0000     0.0205     0.0000     0.5046     0.5168    34.7735    34.8566    26.1913    26.2634      1.164      1.479      0.440      0.560 0.0000e+00
       9143    380.907    157.997 -106.76562   16.75896    157.000    13.1125    13.0764 4.0909e+04   4.096232     0.1602     0.0369    99.0829 2.5886e-03          0     0.5055     0.5177     0.0671     0.1148     4.6093     0.0000     0.0201     0.0000     0.5046     0.5168    34.7759    34.8602    26.2010    26.2736      1.170      1.481      0.442      0.560 0.0000e+00
       9171    382.088    159.004 -106.76562   16.75896    158.000    13.0839    13.0517 4.0881e+04   4.093883     0.1429     0.0373    99.0722 2.6490e-03          0     0.5055     0.5179     0.0653     0.1148     4.6089     0.0000     0.0204     0.0000     0.5046     0.5168    34.7755    34.8600    26.2065    26.2785      1.139      1.502      0.430      0.567 0.0000e+00
       9200    383.301    160.010 -106.76562   16.75896    159.000    13.0626    13.0305 4.0861e+04   4.091916     0.1371     0.0377    99.0611 2.5851e-03          0     0.5055     0.5178     0.0647     0.1148     4.6083     0.0000     0.0201     0.0000     0.5046     0.5168    34.7759    34.8605    26.2111    26.2831      1.153      1.460      0.435      0.551 0.0000e+00
       9230    384.546    161.017 -106.76562   16.75896    160.000    13.0283    12.9956 4.0830e+04   4.088813     0.1371     0.0382    99.0494 2.5825e-03          0     0.5055     0.5177     0.0647     0.1148     4.6078     0.0000     0.0201     0.0000     0.5046     0.5169    34.7769    34.8626    26.2188    26.2918      1.133      1.486      0.428      0.561 0.0000e+00
       9296    387.308    162.024 -106.76562   16.75896    161.000    13.0083    12.9684 4.0811e+04   4.085912     0.1334     0.0382    99.0477 2.4915e-03          0     0.5055     0.5177     0.0643     0.1147     4.6077     0.0000     0.0197     0.0000     0.5046     0.5167    34.7766    34.8596    26.2226    26.2949      1.156      1.467      0.436      0.553 0.0000e+00
       9373    390.479    163.031 -106.76562   16.75896    162.000    12.9554    12.9208 4.0763e+04   4.082196     0.1309     0.0377    99.0600 2.3362e-03          0     0.5055     0.5175     0.0641     0.1148     4.6083     0.0000     0.0190     0.0000     0.5046     0.5167    34.7790    34.8675    26.2351    26.3105      1.148      1.437      0.433      0.542 0.0000e+00
       9405    391.823    164.037 -106.76562   16.75896    163.000    12.9105    12.8784 4.0721e+04   4.077766     0.1273     0.0378    99.0586 2.2038e-03          0     0.5055     0.5175     0.0637     0.1148     4.6082     0.0000     0.0184     0.0000     0.5045     0.5165    34.7797    34.8638    26.2446    26.3162      1.129      1.399      0.425      0.527 0.0000e+00
       9516    396.466    165.045 -106.76562   16.75896    164.000    12.9136    12.8765 4.0724e+04   4.077419     0.1216     0.0385    99.0413 2.1640e-03          0     0.5055     0.5175     0.0632     0.1148     4.6074     0.0000     0.0183     0.0000     0.5046     0.5165    34.7795    34.8619    26.2439    26.3151      1.167      1.495      0.439      0.563 0.0000e+00
       9561    398.327    166.051 -106.76562   16.75896    165.000    12.8615    12.8281 4.0675e+04   4.073248     0.1143     0.0382    99.0483 2.1730e-03          0     0.5054     0.5175     0.0625     0.1148     4.6077     0.0000     0.0183     0.0000     0.5045     0.5165    34.7807    34.8662    26.2552    26.3280      1.159      1.431      0.436      0.538 0.0000e+00
       9579    399.069    167.058 -106.76562   16.75896    166.000    12.8555    12.8240 4.0671e+04   4.072714     0.1000     0.0380    99.0526 2.1730e-03          0     0.5054     0.5175     0.0610     0.1148     4.6079     0.0000     0.0183     0.0000     0.5046     0.5165    34.7814    34.8644    26.2569    26.3276      1.172      1.414      0.441      0.532 0.0000e+00
       9596    399.794    168.065 -106.76562   16.75896    167.000    12.8499    12.8185 4.0666e+04   4.072243     0.0883     0.0384    99.0449 2.1730e-03          0     0.5054     0.5173     0.0598     0.1149     4.6076     0.0000     0.0183     0.0000     0.5046     0.5164    34.7815    34.8646    26.2582    26.3288      1.108      1.385      0.417      0.521 0.0000e+00
       9615    400.576    169.071 -106.76562   16.75896    168.000    12.8318    12.7995 4.0649e+04   4.070681     0.0883     0.0390    99.0297 2.1463e-03          0     0.5055     0.5175     0.0598     0.1149     4.6068     0.0000     0.0182     0.0000     0.5044     0.5164    34.7819    34.8668    26.2621    26.3343      1.049      1.388      0.394      0.522 0.0000e+00
       9698    404.029    170.078 -106.76562   16.75896    169.000    12.8271    12.7947 4.0645e+04   4.069937     0.0941     0.0387    99.0355 2.1478e-03          0     0.5054     0.5173     0.0604     0.1147     4.6071     0.0000     0.0182     0.0000     0.5043     0.5159    34.7817    34.8637    26.2629    26.3329      1.102      1.341      0.414      0.504 0.0000e+00
       9817    409.011    171.085 -106.76562   16.75896    170.000    12.8310    12.7927 4.0650e+04   4.070152     0.0907     0.0390    99.0295 2.0162e-03          0     0.5053     0.5169     0.0600     0.1148     4.6068     0.0000     0.0176     0.0000     0.5045     0.5163    34.7829    34.8671    26.2630    26.3360      1.150      1.415      0.432      0.532 0.0000e+00
       9837    409.842    172.092 -106.76562   16.75896    171.000    12.7777    12.7357 4.0599e+04   4.065150     0.0883     0.0383    99.0472 1.9548e-03          0     0.5054     0.5170     0.0598     0.1148     4.6077     0.0000     0.0174     0.0000     0.5045     0.5161    34.7824    34.8714    26.2733    26.3506      1.144      1.395      0.430      0.524 0.0000e+00
