data/ctd-cnv/KM1919/KM1919-St20-P2/St20_P2_cast29-align-cellTM-derive-bin.cnv
* Sea-Bird SBE 9 Data File:
* FileName = C:\Users\otg\Desktop\CTD Data\km1920\St20_P2_cast29.hex
* Software Version Seasave V 7.26.7.107
* Temperature SN = 5554
* Conductivity SN = 3876
* Number of Bytes Per Scan = 41
* Number of Voltage Words = 4
* Number of Scans Averaged by the Deck Unit = 1
* NMEA Latitude = 16 46.66 N
* NMEA Longitude = 106 52.14 W
* NMEA UTC (Time) = Oct 04 2019  23:43:18
* NMEA baud rate = 4800
** Ship: Kilo Moana
** Station: St20_P2cast 29
** Operator: gr
** NK dusk metabolomics
# nquan = 34
# nvalues = 321                         
# units = specified
# name 0 = scan: Scan Count
# name 1 = timeS: Time, Elapsed [seconds]
# name 2 = prDM: Pressure, Digiquartz [db]
# name 3 = longitude: Longitude [deg]
# name 4 = latitude: Latitude [deg]
# name 5 = depSMignore: Depth [salt water, m]
# name 6 = t090C: Temperature [ITS-90, deg C]
# name 7 = t190C: Temperature, 2 [ITS-90, deg C]
# name 8 = c0uS/cm: Conductivity [uS/cm]
# name 9 = c1S/m: Conductivity, 2 [S/m]
# name 10 = flECO-AFL: Fluorescence, WET Labs ECO-AFL/FL [mg/m^3]
# name 11 = CStarAt0: Beam Attenuation, WET Labs C-Star [1/m]
# name 12 = CStarTr0: Beam Transmission, WET Labs C-Star [%]
# name 13 = par: PAR/Irradiance, Biospherical/Licor
# name 14 = modError: Modulo Error Count
# name 15 = v0: Voltage 0
# name 16 = v1: Voltage 1
# name 17 = v2: Voltage 2
# name 18 = v3: Voltage 3
# name 19 = v4: Voltage 4
# name 20 = v5: Voltage 5
# name 21 = v6: Voltage 6
# name 22 = v7: Voltage 7
# name 23 = sbeox0V: Oxygen raw, SBE 43 [V]
# name 24 = sbeox1V: Oxygen raw, SBE 43, 2 [V]
# name 25 = sal00: Salinity, Practical [PSU]
# name 26 = sal11: Salinity, Practical, 2 [PSU]
# name 27 = sigma-é00: Density [sigma-theta, kg/m^3]
# name 28 = sigma-é11: Density, 2 [sigma-theta, kg/m^3]
# name 29 = sbeox0Mm/L: Oxygen, SBE 43 [umol/l], WS = 2
# name 30 = sbeox1Mm/L: Oxygen, SBE 43, 2 [umol/l], WS = 2
# name 31 = sbeox0PS: Oxygen, SBE 43 [% saturation], WS = 2
# name 32 = sbeox1PS: Oxygen, SBE 43, 2 [% saturation], WS = 2
# name 33 = flag: flag
# span 0 =        -88,      13147       
# span 1 =     -3.698,    547.766       
# span 2 =      1.006,    323.168       
# span 3 = -106.86890, -106.86886       
# span 4 =   16.77750,   16.77754       
# span 5 =      1.000,    321.000       
# span 6 =    10.2090,    29.8122       
# span 7 =    10.1828,    29.7776       
# span 8 = 3.8101e+04, 5.7462e+04       
# span 9 =   3.815594,   5.755166       
# span 10 =     0.0554,     1.7347      
# span 11 =     0.0158,     0.1211      
# span 12 =    97.0168,    99.6050      
# span 13 = 1.7533e-03, 6.7941e+01      
# span 14 =          0,          0      
# span 15 =     0.5042,     2.5006      
# span 16 =     0.5147,     2.4792      
# span 17 =     0.0565,     0.2245      
# span 18 =     0.1149,     0.1184      
# span 19 =     4.5132,     4.6336      
# span 20 =     0.0000,     0.0000      
# span 21 =     0.0164,     2.8465      
# span 22 =     0.0000,     0.0000      
# span 23 =     0.5035,     2.4977      
# span 24 =     0.5138,     2.4770      
# span 25 =    34.4490,    34.7873      
# span 26 =    34.5404,    34.8756      
# span 27 =    21.4367,    26.6592      
# span 28 =    21.5128,    26.7274      
# span 29 =      0.925,    221.795      
# span 30 =      1.133,    232.680      
# span 31 =      0.338,    107.152      
# span 32 =      0.404,    111.938      
# span 33 = 0.0000e+00, 0.0000e+00      
# interval = meters: 1                  
# start_time = Oct 04 2019 23:50:02 [NMEA time, first data scan]
# bad_flag = -9.990e-29
*END*
[from data line 171]
       8099    337.437    173.099 -106.86888   16.77752    172.000    12.9761    12.9437 4.0790e+04   4.084943     0.1249     0.0361    99.1017 4.4138e-02          0     0.5056     0.5177     0.0635     0.1172     4.6102     0.0000     0.1690     0.0000     0.5048     0.5170    34.7821    34.8684    26.2336    26.3070      1.215      1.512      0.458      0.570 0.0000e+00
       8119    338.242    174.105 -106.86888   16.77752    173.000    12.9226    12.8878 4.0739e+04   4.079808     0.1153     0.0369    99.0817 4.4979e-02          0     0.5056     0.5178     0.0626     0.1171     4.6093     0.0000     0.1715     0.0000     0.5050     0.5171    34.7822    34.8704    26.2444    26.3197      1.234      1.554      0.465      0.585 0.0000e+00
       8138    339.023    175.112 -106.86888   16.77752    174.000    12.8786    12.8455 4.0698e+04   4.075545     0.1127     0.0371    99.0767 4.1817e-02          0     0.5055     0.5177     0.0623     0.1172     4.6091     0.0000     0.1620     0.0000     0.5049     0.5171    34.7828    34.8683    26.2536    26.3265      1.169      1.544      0.440      0.581 0.0000e+00
       8157    339.829    176.119 -106.86888   16.77752    175.000    12.8484    12.8151 4.0670e+04   4.072735     0.1091     0.0377    99.0615 4.0186e-02          0     0.5055     0.5178     0.0619     0.1171     4.6084     0.0000     0.1569     0.0000     0.5048     0.5171    34.7830    34.8690    26.2598    26.3331      1.143      1.541      0.430      0.579 0.0000e+00
       8177    340.682    177.126 -106.86888   16.77752    176.000    12.7896    12.7541 4.0614e+04   4.067418     0.0884     0.0368    99.0845 4.2020e-02          0     0.5057     0.5179     0.0598     0.1172     4.6094     0.0000     0.1625     0.0000     0.5048     0.5170    34.7834    34.8740    26.2719    26.3491      1.160      1.491      0.436      0.560 0.0000e+00
       8200    341.610    178.133 -106.86888   16.77752    177.000    12.7249    12.6916 4.0553e+04   4.061140     0.0990     0.0358    99.1084 4.1406e-02          0     0.5057     0.5178     0.0609     0.1155     4.6105     0.0000     0.1606     0.0000     0.5047     0.5170    34.7843    34.8711    26.2853    26.3593      1.172      1.546      0.439      0.580 0.0000e+00
       8227    342.729    179.140 -106.86888   16.77752    178.000    12.6923    12.6604 4.0522e+04   4.057940     0.0895     0.0353    99.1214 3.9126e-02          0     0.5057     0.5179     0.0599     0.1154     4.6111     0.0000     0.1536     0.0000     0.5047     0.5170    34.7846    34.8689    26.2920    26.3637      1.180      1.522      0.442      0.570 0.0000e+00
       8256    343.973    180.146 -106.86888   16.77752    179.000    12.6701    12.6388 4.0502e+04   4.055868     0.0883     0.0348    99.1336 3.9636e-02          0     0.5055     0.5179     0.0598     0.1172     4.6117     0.0000     0.1551     0.0000     0.5047     0.5169    34.7850    34.8685    26.2968    26.3677      1.180      1.458      0.442      0.546 0.0000e+00
       8285    345.153    181.154 -106.86888   16.77752    180.000    12.6540    12.6221 4.0487e+04   4.054350     0.0868     0.0346    99.1388 3.6819e-02          0     0.5055     0.5178     0.0597     0.1172     4.6119     0.0000     0.1462     0.0000     0.5047     0.5167    34.7854    34.8690    26.3003    26.3714      1.181      1.432      0.442      0.536 0.0000e+00
       8309    346.154    182.160 -106.86888   16.77752    181.000    12.6392    12.6073 4.0474e+04   4.052959     0.0767     0.0348    99.1355 3.8203e-02          0     0.5055     0.5178     0.0587     0.1172     4.6117     0.0000     0.1506     0.0000     0.5047     0.5166    34.7856    34.8689    26.3034    26.3742      1.181      1.504      0.442      0.563 0.0000e+00
       8330    347.050    183.167 -106.86888   16.77752    182.000    12.6279    12.5960 4.0464e+04   4.051923     0.0766     0.0346    99.1394 3.5203e-02          0     0.5055     0.5178     0.0587     0.1172     4.6119     0.0000     0.1410     0.0000     0.5047     0.5167    34.7863    34.8689    26.3061    26.3765      1.172      1.511      0.438      0.566 0.0000e+00
       8351    347.896    184.174 -106.86888   16.77752    183.000    12.6210    12.5895 4.0458e+04   4.051309     0.0761     0.0341    99.1503 3.3337e-02          0     0.5055     0.5176     0.0586     0.1172     4.6124     0.0000     0.1349     0.0000     0.5046     0.5167    34.7861    34.8686    26.3074    26.3776      1.156      1.481      0.433      0.554 0.0000e+00
       8371    348.739    185.181 -106.86888   16.77752    184.000    12.6133    12.5820 4.0451e+04   4.050643     0.0761     0.0343    99.1454 3.2851e-02          0     0.5055     0.5174     0.0586     0.1171     4.6122     0.0000     0.1332     0.0000     0.5046     0.5168    34.7866    34.8687    26.3093    26.3792      1.181      1.497      0.442      0.560 0.0000e+00
       8394    349.722    186.188 -106.86888   16.77752    185.000    12.6079    12.5768 4.0446e+04   4.050174     0.0756     0.0340    99.1532 3.4903e-02          0     0.5055     0.5175     0.0586     0.1172     4.6126     0.0000     0.1401     0.0000     0.5047     0.5166    34.7867    34.8686    26.3104    26.3801      1.155      1.434      0.432      0.537 0.0000e+00
       8419    350.758    187.195 -106.86888   16.77752    186.000    12.6023    12.5712 4.0441e+04   4.049637     0.0761     0.0337    99.1604 3.6166e-02          0     0.5055     0.5176     0.0586     0.1164     4.6129     0.0000     0.1441     0.0000     0.5046     0.5165    34.7865    34.8682    26.3114    26.3810      1.160      1.459      0.434      0.546 0.0000e+00
       8450    352.033    188.201 -106.86888   16.77752    187.000    12.5999    12.5692 4.0440e+04   4.049468     0.0761     0.0336    99.1625 3.7513e-02          0     0.5054     0.5175     0.0586     0.1165     4.6130     0.0000     0.1485     0.0000     0.5047     0.5166    34.7868    34.8680    26.3121    26.3812      1.198      1.465      0.448      0.548 0.0000e+00
       8482    353.395    189.208 -106.86888   16.77752    188.000    12.5922    12.5628 4.0432e+04   4.048920     0.0757     0.0342    99.1493 3.7396e-02          0     0.5055     0.5174     0.0586     0.1159     4.6124     0.0000     0.1481     0.0000     0.5047     0.5165    34.7865    34.8682    26.3135    26.3826      1.173      1.479      0.439      0.553 0.0000e+00
       8517    354.823    190.215 -106.86888   16.77752    189.000    12.5756    12.5463 4.0417e+04   4.047485     0.0769     0.0337    99.1602 3.4437e-02          0     0.5054     0.5174     0.0587     0.1172     4.6129     0.0000     0.1383     0.0000     0.5046     0.5164    34.7864    34.8692    26.3167    26.3867      1.180      1.390      0.441      0.520 0.0000e+00
       8545    355.999    191.222 -106.86888   16.77752    190.000    12.5712    12.5401 4.0414e+04   4.046771     0.0761     0.0337    99.1618 3.3526e-02          0     0.5055     0.5173     0.0586     0.1172     4.6129     0.0000     0.1355     0.0000     0.5046     0.5165    34.7868    34.8677    26.3178    26.3867      1.158      1.462      0.433      0.547 0.0000e+00
       8570    357.037    192.229 -106.86888   16.77750    191.000    12.5718    12.5406 4.0414e+04   4.046861     0.0761     0.0337    99.1608 3.4336e-02          0     0.5055     0.5173     0.0586     0.1172     4.6129     0.0000     0.1382     0.0000     0.5046     0.5162    34.7866    34.8676    26.3176    26.3866      1.191      1.357      0.445      0.507 0.0000e+00
       8594    358.047    193.236 -106.86888   16.77750    192.000    12.5684    12.5369 4.0412e+04   4.046573     0.0766     0.0337    99.1618 3.2533e-02          0     0.5054     0.5173     0.0586     0.1172     4.6129     0.0000     0.1323     0.0000     0.5047     0.5162    34.7866    34.8679    26.3184    26.3876      1.187      1.415      0.444      0.529 0.0000e+00
       8619    359.072    194.243 -106.86888   16.77750    193.000    12.5647    12.5308 4.0408e+04   4.046090     0.0777     0.0337    99.1608 3.6153e-02          0     0.5054     0.5172     0.0588     0.1172     4.6129     0.0000     0.1440     0.0000     0.5046     0.5162    34.7865    34.8684    26.3190    26.3892      1.171      1.440      0.438      0.539 0.0000e+00
       8643    360.088    195.250 -106.86888   16.77750    194.000    12.5568    12.5247 4.0401e+04   4.045593     0.0766     0.0333    99.1705 3.4319e-02          0     0.5054     0.5171     0.0587     0.1172     4.6134     0.0000     0.1381     0.0000     0.5046     0.5164    34.7868    34.8689    26.3208    26.3908      1.151      1.416      0.430      0.529 0.0000e+00
       8668    361.109    196.257 -106.86888   16.77750    195.000    12.5461    12.5148 4.0392e+04   4.044582     0.0766     0.0328    99.1849 3.2382e-02          0     0.5055     0.5170     0.0586     0.1172     4.6141     0.0000     0.1317     0.0000     0.5045     0.5159    34.7866    34.8679    26.3228    26.3920      1.113      1.377      0.416      0.515 0.0000e+00
       8693    362.173    197.264 -106.86888   16.77750    196.000    12.5456    12.5163 4.0392e+04   4.044785     0.0727     0.0334    99.1694 3.0914e-02          0     0.5055     0.5170     0.0583     0.1172     4.6133     0.0000     0.1265     0.0000     0.5046     0.5164    34.7872    34.8681    26.3234    26.3918      1.220      1.447      0.456      0.541 0.0000e+00
       8720    363.302    198.271 -106.86888   16.77750    197.000    12.5352    12.5048 4.0382e+04   4.043814     0.0672     0.0327    99.1858 3.6768e-02          0     0.5055     0.5170     0.0577     0.1167     4.6141     0.0000     0.1460     0.0000     0.5047     0.5160    34.7868    34.8689    26.3251    26.3948      1.213      1.360      0.453      0.508 0.0000e+00
       8746    364.391    199.277 -106.86888   16.77750    198.000    12.5333    12.5033 4.0381e+04   4.043592     0.0762     0.0325    99.1924 3.3273e-02          0     0.5054     0.5170     0.0586     0.1158     4.6144     0.0000     0.1347     0.0000     0.5047     0.5162    34.7873    34.8677    26.3259    26.3941      1.170      1.479      0.437      0.553 0.0000e+00
       8769    365.350    200.284 -106.86888   16.77750    199.000    12.5207    12.4895 4.0369e+04   4.042614     0.0761     0.0328    99.1847 3.0353e-02          0     0.5053     0.5170     0.0586     0.1172     4.6141     0.0000     0.1250     0.0000     0.5046     0.5162    34.7871    34.8707    26.3282    26.3992      1.192      1.456      0.445      0.544 0.0000e+00
       8790    366.214    201.291 -106.86888   16.77750    200.000    12.4958    12.4638 4.0346e+04   4.040230     0.0761     0.0325    99.1926 3.4657e-02          0     0.5054     0.5170     0.0586     0.1172     4.6144     0.0000     0.1393     0.0000     0.5047     0.5164    34.7873    34.8711    26.3333    26.4046      1.194      1.448      0.446      0.541 0.0000e+00
       8810    367.055    202.298 -106.86888   16.77750    201.000    12.4625    12.4305 4.0314e+04   4.037089     0.0648     0.0322    99.1981 3.3193e-02          0     0.5055     0.5168     0.0575     0.1172     4.6147     0.0000     0.1345     0.0000     0.5047     0.5162    34.7864    34.8712    26.3391    26.4112      1.174      1.419      0.438      0.529 0.0000e+00
       8831    367.930    203.305 -106.86888   16.77750    202.000    12.4035    12.3666 4.0256e+04   4.031436     0.0712     0.0322    99.1983 3.0428e-02          0     0.5055     0.5171     0.0581     0.1171     4.6147     0.0000     0.1253     0.0000     0.5046     0.5165    34.7852    34.8756    26.3497    26.4270      1.182      1.511      0.440      0.563 0.0000e+00
       8858    369.036    204.312 -106.86888   16.77750    203.000    12.3320    12.2983 4.0187e+04   4.024364     0.0678     0.0317    99.2113 3.3811e-02          0     0.5055     0.5171     0.0578     0.1172     4.6153     0.0000     0.1364     0.0000     0.5047     0.5164    34.7840    34.8702    26.3626    26.4361      1.203      1.473      0.448      0.548 0.0000e+00
       8900    370.779    205.319 -106.86888   16.77750    204.000    12.2357    12.1989 4.0090e+04   4.014481     0.0639     0.0314    99.2185 3.2618e-02          0     0.5055     0.5171     0.0574     0.1172     4.6156     0.0000     0.1324     0.0000     0.5047     0.5163    34.7792    34.8665    26.3776    26.4524      1.195      1.397      0.444      0.519 0.0000e+00
       8943    372.571    206.326 -106.86888   16.77750    205.000    12.1564    12.1257 4.0010e+04   4.006853     0.0639     0.0301    99.2488 2.6591e-02          0     0.5055     0.5172     0.0574     0.1172     4.6170     0.0000     0.1120     0.0000     0.5047     0.5162    34.7753    34.8603    26.3898    26.4617      1.161      1.392      0.430      0.516 0.0000e+00
       8970    373.710    207.333 -106.86888   16.77750    206.000    12.1231    12.0907 3.9977e+04   4.003463     0.0639     0.0296    99.2625 2.5798e-02          0     0.5055     0.5171     0.0574     0.1172     4.6176     0.0000     0.1095     0.0000     0.5045     0.5159    34.7735    34.8595    26.3948    26.4678      1.149      1.328      0.426      0.492 0.0000e+00
       8990    374.558    208.340 -106.86888   16.77750    207.000    12.1082    12.0766 3.9963e+04   4.001782     0.0639     0.0295    99.2660 2.8248e-02          0     0.5055     0.5170     0.0574     0.1172     4.6178     0.0000     0.1178     0.0000     0.5046     0.5159    34.7734    34.8559    26.3976    26.4677      1.132      1.376      0.419      0.510 0.0000e+00
       9008    375.279    209.347 -106.86888   16.77750    208.000    12.0985    12.0677 3.9954e+04   4.000990     0.0639     0.0295    99.2658 2.8643e-02          0     0.5055     0.5172     0.0574     0.1172     4.6178     0.0000     0.1189     0.0000     0.5044     0.5159    34.7730    34.8561    26.3992    26.4696      1.115      1.336      0.413      0.494 0.0000e+00
       9025    375.989    210.354 -106.86888   16.77750    209.000    12.0910    12.0616 3.9947e+04   4.000414     0.0639     0.0295    99.2658 2.6383e-02          0     0.5054     0.5167     0.0574     0.1171     4.6178     0.0000     0.1114     0.0000     0.5044     0.5157    34.7725    34.8557    26.4003    26.4705      1.123      1.336      0.416      0.494 0.0000e+00
       9043    376.735    211.361 -106.86888   16.77750    210.000    12.0868    12.0566 3.9944e+04   3.999906     0.0639     0.0293    99.2699 2.9634e-02          0     0.5054     0.5171     0.0574     0.1172     4.6180     0.0000     0.1225     0.0000     0.5043     0.5158    34.7733    34.8550    26.4017    26.4710      1.151      1.414      0.426      0.523 0.0000e+00
       9064    377.643    212.368 -106.86888   16.77750    211.000    12.0860    12.0554 3.9944e+04   3.999812     0.0639     0.0295    99.2659 2.9072e-02          0     0.5054     0.5166     0.0574     0.1172     4.6178     0.0000     0.1206     0.0000     0.5044     0.5158    34.7731    34.8547    26.4018    26.4710      1.180      1.374      0.437      0.508 0.0000e+00
       9095    378.896    213.375 -106.86888   16.77750    212.000    12.0843    12.0540 3.9943e+04   3.999745     0.0639     0.0295    99.2658 2.8039e-02          0     0.5052     0.5166     0.0574     0.1172     4.6178     0.0000     0.1171     0.0000     0.5044     0.5158    34.7735    34.8550    26.4024    26.4715      1.120      1.389      0.414      0.514 0.0000e+00
       9133    380.518    214.382 -106.86888   16.77750    213.000    12.0779    12.0476 3.9937e+04   3.999194     0.0699     0.0294    99.2678 2.6555e-02          0     0.5052     0.5166     0.0580     0.1172     4.6179     0.0000     0.1120     0.0000     0.5043     0.5159    34.7739    34.8551    26.4039    26.4728      1.139      1.380      0.422      0.511 0.0000e+00
