data/ctd-cnv/KM1919/KM1919-St20-P2/St20_P2_cast52-align-cellTM-derive-bin.cnv
* Sea-Bird SBE 9 Data File:
* FileName = C:\Users\otg\Desktop\CTD Data\km1920\St20_P2_cast52.hex
* Software Version Seasave V 7.26.7.107
* Temperature SN = 5554
* Conductivity SN = 3876
* Number of Bytes Per Scan = 41
* Number of Voltage Words = 4
* Number of Scans Averaged by the Deck Unit = 1
* NMEA Latitude = 16 47.72 N
* NMEA Longitude = 106 52.21 W
* NMEA UTC (Time) = Oct 10 2019  23:58:30
* NMEA baud rate = 4800
** Ship: Kilo Moana
** Station: St20_P2 cast 52
** Operator: jac
# nquan = 34
# nvalues = 200                         
# units = specified
# name 0 = scan: Scan Count
# name 1 = timeS: Time, Elapsed [seconds]
# name 2 = prDM: Pressure, Digiquartz [db]
# name 3 = longitude: Longitude [deg]
# name 4 = latitude: Latitude [deg]
# name 5 = depSMignore: Depth [salt water, m]
# name 6 = t090C: Temperature [ITS-90, deg C]
# name 7 = t190C: Temperature, 2 [ITS-90, deg C]
# name 8 = c0uS/cm: Conductivity [uS/cm]
# name 9 = c1S/m: Conductivity, 2 [S/m]
# name 10 = flECO-AFL: Fluorescence, WET Labs ECO-AFL/FL [mg/m^3]
# name 11 = CStarAt0: Beam Attenuation, WET Labs C-Star [1/m]
# name 12 = CStarTr0: Beam Transmission, WET Labs C-Star [%]
# name 13 = par: PAR/Irradiance, Biospherical/Licor
# name 14 = modError: Modulo Error Count
# name 15 = v0: Voltage 0
# name 16 = v1: Voltage 1
# name 17 = v2: Voltage 2
# name 18 = v3: Voltage 3
# name 19 = v4: Voltage 4
# name 20 = v5: Voltage 5
# name 21 = v6: Voltage 6
# name 22 = v7: Voltage 7
# name 23 = sbeox0V: Oxygen raw, SBE 43 [V]
# name 24 = sbeox1V: Oxygen raw, SBE 43, 2 [V]
# name 25 = sal00: Salinity, Practical [PSU]
# name 26 = sal11: Salinity, Practical, 2 [PSU]
# name 27 = sigma-é00: Density [sigma-theta, kg/m^3]
# name 28 = sigma-é11: Density, 2 [sigma-theta, kg/m^3]
# name 29 = sbeox0Mm/L: Oxygen, SBE 43 [umol/l], WS = 2
# name 30 = sbeox1Mm/L: Oxygen, SBE 43, 2 [umol/l], WS = 2
# name 31 = sbeox0PS: Oxygen, SBE 43 [% saturation], WS = 2
# name 32 = sbeox1PS: Oxygen, SBE 43, 2 [% saturation], WS = 2
# name 33 = flag: flag
# span 0 =        666,      11770       
# span 1 =     27.726,    490.379       
# span 2 =      4.024,    204.313       
# span 3 = -106.87007, -106.86984       
# span 4 =   16.79553,   16.79577       
# span 5 =      4.000,    203.000       
# span 6 =    12.1185,    29.0616       
# span 7 =    12.0754,    29.0248       
# span 8 = 3.9963e+04, 5.6318e+04       
# span 9 =   4.000579,   5.639986       
# span 10 =     0.0643,     1.6613      
# span 11 =     0.0283,     0.1138      
# span 12 =    97.1960,    99.2941      
# span 13 = 7.2061e-04, 2.8830e+01      
# span 14 =          0,          0      
# span 15 =     0.5043,     2.5170      
# span 16 =     0.5160,     2.5048      
# span 17 =     0.0574,     0.2171      
# span 18 =     0.1130,     0.1179      
# span 19 =     4.5216,     4.6191      
# span 20 =     0.0000,     0.0000      
# span 21 =     0.0120,     2.4742      
# span 22 =     0.0000,     0.0000      
# span 23 =     0.5034,     2.5145      
# span 24 =     0.5153,     2.5032      
# span 25 =    34.1609,    34.7811      
# span 26 =    34.2415,    34.8720      
# span 27 =    21.4141,    26.3894      
# span 28 =    21.4867,    26.4610      
# span 29 =      0.978,    230.652      
# span 30 =      1.208,    241.161      
# span 31 =      0.365,    107.927      
# span 32 =      0.447,    113.299      
# span 33 = 0.0000e+00, 0.0000e+00      
# interval = meters: 1                  
# start_time = Oct 11 2019 00:09:56 [NMEA time, first data scan]
# bad_flag = -9.990e-29
*END*
        666     27.726      4.024 -106.87007   16.79553      4.000    29.0562    29.0248 5.6130e+04   5.621412     0.1323     0.0686    98.2994 2.8830e+01          0     2.3496     2.3350     0.0642     0.1149     4.5729     0.0000     2.4742     0.0000     2.3484     2.3323    34.1611    34.2415    21.4159    21.4867    194.785    204.483     97.995    102.868 0.0000e+00
       1132     47.120      5.030 -106.87006   16.79554      5.000    29.0616    29.0197 5.6135e+04   5.621750     0.1336     0.0684    98.3046 2.6280e+01          0     2.3483     2.3319     0.0644     0.1148     4.5731     0.0000     2.4348     0.0000     2.3468     2.3349    34.1609    34.2471    21.4141    21.4927    194.272    204.802     97.746    103.023 0.0000e+00
       1195     49.735      6.036 -106.87006   16.79554      6.000    29.0312    28.9895 5.6119e+04   5.620005     0.1344     0.0675    98.3271 2.3621e+01          0     2.3470     2.3338     0.0644     0.1149     4.5742     0.0000     2.3883     0.0000     2.3474     2.3336    34.1711    34.2565    21.4320    21.5099    195.167    204.855     98.153    103.005 0.0000e+00
       1272     52.970      7.042 -106.87006   16.79554      7.000    29.0162    28.9784 5.6120e+04   5.620025     0.1311     0.0667    98.3473 2.1235e+01          0     2.3458     2.3338     0.0641     0.1149     4.5751     0.0000     2.3425     0.0000     2.3531     2.3357    34.1824    34.2643    21.4455    21.5196    195.272    205.460     98.188    103.295 0.0000e+00
       1339     55.755      8.048 -106.87006   16.79554      8.000    28.9323    28.8859 5.6132e+04   5.621464     0.1345     0.0670    98.3383 1.9936e+01          0     2.3539     2.3335     0.0644     0.1149     4.5747     0.0000     2.3151     0.0000     2.3504     2.3427    34.2506    34.3404    21.5247    21.6076    195.421    206.233     98.167    103.572 0.0000e+00
       1384     57.614      9.054 -106.87006   16.79554      9.000    28.8887    28.8531 5.6140e+04   5.621983     0.1371     0.0670    98.3390 1.8969e+01          0     2.3501     2.3394     0.0647     0.1149     4.5747     0.0000     2.2940     0.0000     2.3519     2.3394    34.2865    34.3673    21.5662    21.6388    195.975    205.909     98.395    103.370 0.0000e+00
       1438     59.878     10.060 -106.87006   16.79554     10.000    28.8675    28.8100 5.6146e+04   5.623000     0.1371     0.0661    98.3611 1.7642e+01          0     2.3512     2.3413     0.0647     0.1149     4.5757     0.0000     2.2623     0.0000     2.3537     2.3427    34.3057    34.4052    21.5878    21.6816    195.976    206.546     98.372    103.639 0.0000e+00
       1521     63.324     11.066 -106.87006   16.79554     11.000    28.8024    28.7927 5.6161e+04   5.623403     0.1596     0.0660    98.3634 1.6034e+01          0     2.3537     2.3415     0.0670     0.1148     4.5758     0.0000     2.2214     0.0000     2.3495     2.3449    34.3631    34.4201    21.6526    21.6986    195.619    206.477     98.121    103.584 0.0000e+00
       1550     64.536     12.072 -106.87006   16.79554     12.000    28.8184    28.8208 5.6158e+04   5.623181     0.1511     0.0661    98.3621 1.5147e+01          0     2.3552     2.3443     0.0661     0.1148     4.5758     0.0000     2.1968     0.0000     2.3534     2.3423    34.3487    34.3980    21.6365    21.6727    196.446    206.270     98.553    103.514 0.0000e+00
       1590     66.188     13.078 -106.87006   16.79554     13.000    28.7674    28.7349 5.6182e+04   5.626157     0.1378     0.0656    98.3742 1.4661e+01          0     2.3510     2.3454     0.0648     0.1148     4.5763     0.0000     2.1827     0.0000     2.3550     2.3421    34.4022    34.4804    21.6937    21.7632    196.645    206.724     98.601    103.645 0.0000e+00
       1650     68.727     14.084 -106.87006   16.79554     14.000    28.7245    28.6765 5.6201e+04   5.628419     0.1614     0.0646    98.3982 1.3506e+01          0     2.3537     2.3418     0.0672     0.1148     4.5774     0.0000     2.1473     0.0000     2.3565     2.3472    34.4455    34.5381    21.7405    21.8260    196.602    207.569     98.535    104.004 0.0000e+00
       1706     71.022     15.090 -106.87006   16.79554     15.000    28.7167    28.6750 5.6204e+04   5.628614     0.1672     0.0645    98.4006 1.3335e+01          0     2.3570     2.3440     0.0678     0.1149     4.5776     0.0000     2.1418     0.0000     2.3575     2.3482    34.4535    34.5402    21.7492    21.8282    197.014    207.361     98.733    103.898 0.0000e+00
       1750     72.895     16.096 -106.87006   16.79554     16.000    28.7155    28.6741 5.6208e+04   5.628894     0.1598     0.0640    98.4120 1.2331e+01          0     2.3561     2.3495     0.0670     0.1149     4.5781     0.0000     2.1081     0.0000     2.3585     2.3489    34.4562    34.5425    21.7517    21.8302    197.251    207.773     98.852    104.104 0.0000e+00
       1790     74.523     17.102 -106.87006   16.79554     17.000    28.7158    28.6746 5.6209e+04   5.628921     0.1604     0.0649    98.3902 1.1705e+01          0     2.3578     2.3482     0.0671     0.1150     4.5771     0.0000     2.0857     0.0000     2.3618     2.3460    34.4565    34.5420    21.7520    21.8298    197.199    206.619     98.826    103.527 0.0000e+00
       1842     76.696     18.108 -106.87006   16.79554     18.000    28.7159    28.6749 5.6211e+04   5.629074     0.1686     0.0650    98.3870 1.1315e+01          0     2.3598     2.3484     0.0679     0.1148     4.5769     0.0000     2.0710     0.0000     2.3538     2.3431    34.4578    34.5426    21.7530    21.8302    196.309    207.079     98.381    103.758 0.0000e+00
       1933     80.500     19.114 -106.87006   16.79556     19.000    28.7154    28.6740 5.6215e+04   5.629627     0.1735     0.0644    98.4022 1.0810e+01          0     2.3532     2.3417     0.0684     0.1149     4.5776     0.0000     2.0515     0.0000     2.3599     2.3473    34.4604    34.5467    21.7552    21.8337    197.603    207.541     99.030    103.990 0.0000e+00
       1987     82.751     20.121 -106.87006   16.79556     20.000    28.7097    28.6684 5.6231e+04   5.631130     0.1603     0.0647    98.3953 1.0252e+01          0     2.3585     2.3452     0.0671     0.1150     4.5773     0.0000     2.0286     0.0000     2.3632     2.3465    34.4752    34.5609    21.7682    21.8463    197.446    207.272     98.950    103.854 0.0000e+00
       2019     84.074     21.126 -106.87006   16.79556     21.000    28.7082    28.6671 5.6233e+04   5.631372     0.1616     0.0650    98.3870 9.7739e+00          0     2.3588     2.3480     0.0672     0.1151     4.5769     0.0000     2.0081     0.0000     2.3603     2.3439    34.4776    34.5632    21.7706    21.8485    197.238    207.101     98.845    103.768 0.0000e+00
       2105     87.663     22.132 -106.87006   16.79556     22.000    28.7079    28.6670 5.6236e+04   5.631594     0.1702     0.0640    98.4123 9.5032e+00          0     2.3610     2.3441     0.0681     0.1150     4.5781     0.0000     1.9960     0.0000     2.3589     2.3426    34.4794    34.5646    21.7722    21.8497    197.135    207.033     98.794    103.734 0.0000e+00
       2205     91.831     23.139 -106.87006   16.79556     23.000    28.7049    28.6637 5.6245e+04   5.632502     0.1832     0.0648    98.3930 9.0817e+00          0     2.3566     2.3426     0.0693     0.1148     4.5772     0.0000     1.9765     0.0000     2.3615     2.3461    34.4880    34.5730    21.7797    21.8572    197.528    207.234     98.990    103.834 0.0000e+00
       2244     93.449     24.145 -106.87006   16.79556     24.000    28.7022    28.6611 5.6255e+04   5.633503     0.1726     0.0652    98.3826 8.7019e+00          0     2.3579     2.3436     0.0683     0.1148     4.5767     0.0000     1.9582     0.0000     2.3586     2.3421    34.4965    34.5815    21.7871    21.8644    197.086    206.927     98.770    103.681 0.0000e+00
       2313     96.339     25.151 -106.87006   16.79556     25.000    28.6991    28.6566 5.6267e+04   5.635230     0.1784     0.0651    98.3841 8.3988e+00          0     2.3598     2.3435     0.0689     0.1149     4.5768     0.0000     1.9429     0.0000     2.3582     2.3451    34.5064    34.5964    21.7956    21.8772    197.034    207.493     98.744    103.966 0.0000e+00
       2413    100.516     26.157 -106.87006   16.79556     26.000    28.6917    28.6497 5.6303e+04   5.638531     0.1769     0.0640    98.4129 8.0199e+00          0     2.3577     2.3461     0.0687     0.1149     4.5782     0.0000     1.9232     0.0000     2.3568     2.3448    34.5366    34.6240    21.8208    21.9003    197.089    207.311     98.776    103.879 0.0000e+00
       2489    103.648     27.163 -106.87006   16.79556     27.000    28.6612    28.6194 5.6318e+04   5.639986     0.1827     0.0636    98.4212 7.8412e+00          0     2.3570     2.3445     0.0693     0.1147     4.5785     0.0000     1.9135     0.0000     2.3563     2.3427    34.5687    34.6558    21.8551    21.9343    197.514    207.143     98.957    103.762 0.0000e+00
       2555    106.416     28.169 -106.87006   16.79556     28.000    28.4933    28.4478 5.6120e+04   5.620414     0.2238     0.0644    98.4026 7.4360e+00          0     2.3554     2.3437     0.0734     0.1150     4.5777     0.0000     1.8907     0.0000     2.3743     2.3514    34.5535    34.6451    21.8992    21.9831    200.562    209.515    100.202    104.651 0.0000e+00
       2605    108.496     29.175 -106.87006   16.79556     29.000    28.3864    28.3421 5.5976e+04   5.606332     0.2334     0.0684    98.3031 7.1663e+00          0     2.3647     2.3432     0.0744     0.1148     4.5730     0.0000     1.8749     0.0000     2.3988     2.3659    34.5315    34.6243    21.9180    22.0023    206.338    212.504    102.896    105.949 0.0000e+00
       2645    110.150     30.181 -106.87006   16.79556     30.000    27.9167    27.8607 5.5368e+04   5.548531     0.2414     0.0720    98.2147 6.9057e+00          0     2.3746     2.3533     0.0752     0.1152     4.5689     0.0000     1.8590     0.0000     2.4428     2.4091    34.4500    34.5731    22.0105    22.1212    212.093    220.674    104.909    109.127 0.0000e+00
       2712    112.978     31.187 -106.87006   16.79558     31.000    27.4074    27.3838 5.4956e+04   5.506446     0.3156     0.0819    97.9740 6.6306e+00          0     2.4234     2.3929     0.0826     0.1154     4.5578     0.0000     1.8416     0.0000     2.4700     2.4476    34.5343    34.6283    22.2388    22.3171    215.470    224.926    105.739    110.395 0.0000e+00
       2796    116.447     32.194 -106.87006   16.79558     32.000    26.7906    26.7311 5.4366e+04   5.446746     0.3704     0.0895    97.7874 6.3469e+00          0     2.4718     2.4521     0.0880     0.1159     4.5491     0.0000     1.8230     0.0000     2.5062     2.4796    34.5720    34.6891    22.4643    22.5715    222.132    230.970    107.927    112.183 0.0000e+00
       2825    117.680     33.200 -106.87006   16.79558     33.000    26.3318    26.2744 5.3883e+04   5.398942     0.3734     0.0916    97.7349 6.1085e+00          0     2.4782     2.4540     0.0883     0.1173     4.5466     0.0000     1.8066     0.0000     2.5145     2.4873    34.5680    34.6880    22.6060    22.7145    223.333    233.372    107.679    112.487 0.0000e+00
       2851    118.745     34.206 -106.87006   16.79558     34.000    26.0409    25.9918 5.3579e+04   5.367876     0.3759     0.0924    97.7170 5.7917e+00          0     2.4913     2.4677     0.0886     0.1172     4.5458     0.0000     1.7838     0.0000     2.5117     2.4948    34.5668    34.6760    22.6961    22.7938    223.801    235.588    107.379    113.011 0.0000e+00
       2876    119.802     35.212 -106.87006   16.79558     35.000    25.8461    25.7977 5.3370e+04   5.346640     0.3737     0.0962    97.6238 5.4503e+00          0     2.5049     2.4787     0.0884     0.1172     4.5414     0.0000     1.7578     0.0000     2.5120     2.4996    34.5608    34.6681    22.7522    22.8482    224.962    236.459    107.580    113.054 0.0000e+00
       2902    120.862     36.218 -106.87006   16.79558     36.000    25.6946    25.6502 5.3204e+04   5.329552     0.3811     0.0942    97.6722 5.1305e+00          0     2.5131     2.4856     0.0891     0.1163     4.5437     0.0000     1.7320     0.0000     2.5133     2.5032    34.5542    34.6550    22.7941    22.8839    226.148    237.579    107.867    113.299 0.0000e+00
       3019    125.739     37.224 -106.87005   16.79558     37.000    25.7110    25.6558 5.3232e+04   5.329209     0.4514     0.0933    97.6952 4.7441e+00          0     2.5149     2.5048     0.0961     0.1148     4.5448     0.0000     1.6990     0.0000     2.5125     2.4976    34.5623    34.6480    22.7952    22.8770    224.835    236.136    107.275    112.617 0.0000e+00
       3087    128.568     38.230 -106.87004   16.79558     38.000    25.5048    25.4570 5.3010e+04   5.309318     0.4223     0.0924    97.7167 4.4903e+00          0     2.5170     2.5005     0.0932     0.1165     4.5458     0.0000     1.6754     0.0000     2.4938     2.4830    34.5556    34.6531    22.8538    22.9421    222.922    234.551    105.989    111.489 0.0000e+00
       3112    129.637     39.236 -106.87004   16.79558     39.000    25.3050    25.2528 5.2792e+04   5.288382     0.3943     0.0909    97.7516 4.2326e+00          0     2.5119     2.4926     0.0904     0.1156     4.5474     0.0000     1.6502     0.0000     2.4890     2.4759    34.5470    34.6546    22.9086    23.0058    224.240    234.904    106.249    111.272 0.0000e+00
       3135    130.593     40.243 -106.87004   16.79558     40.000    25.0691    25.0164 5.2534e+04   5.262977     0.3817     0.0902    97.7688 3.9881e+00          0     2.5046     2.4902     0.0891     0.1163     4.5482     0.0000     1.6250     0.0000     2.4881     2.4708    34.5367    34.6475    22.9728    23.0725    224.943    235.535    106.150    111.119 0.0000e+00
       3162    131.705     41.249 -106.87004   16.79558     41.000    24.7440    24.6930 5.2175e+04   5.227138     0.3953     0.0924    97.7174 3.7445e+00          0     2.4974     2.4865     0.0905     0.1159     4.5458     0.0000     1.5983     0.0000     2.4839     2.4715    34.5186    34.6294    23.0575    23.1566    226.557    237.954    106.309    111.631 0.0000e+00
       3222    134.228     42.255 -106.87004   16.79558     42.000    24.6374    24.5581 5.2059e+04   5.208934     0.4514     0.0911    97.7474 3.5049e+00          0     2.4896     2.4762     0.0961     0.1153     4.5472     0.0000     1.5702     0.0000     2.4905     2.4791    34.5133    34.5973    23.0856    23.1729    227.562    239.108    106.582    111.892 0.0000e+00
       3328    138.614     43.261 -106.87004   16.79558     43.000    24.5857    24.4174 5.2012e+04   5.196887     0.4806     0.0905    97.7614 3.2547e+00          0     2.4996     2.4856     0.0991     0.1150     4.5478     0.0000     1.5392     0.0000     2.4842     2.4724    34.5180    34.6154    23.1047    23.2288    227.440    238.881    106.434    111.529 0.0000e+00
       3352    139.621     44.267 -106.87004   16.79558     44.000    24.3546    24.3196 5.1755e+04   5.184021     0.4282     0.0899    97.7778 3.0747e+00          0     2.4825     2.4789     0.0938     0.1173     4.5486     0.0000     1.5152     0.0000     2.4851     2.4754    34.5035    34.5942    23.1630    23.2421    228.000    239.399    106.266    111.570 0.0000e+00
       3376    140.645     45.274 -106.87004   16.79558     45.000    24.3296    24.2887 5.1728e+04   5.180749     0.4182     0.0893    97.7934 2.8903e+00          0     2.4831     2.4744     0.0928     0.1171     4.5494     0.0000     1.4891     0.0000     2.4826     2.4720    34.5024    34.5932    23.1697    23.2506    227.567    239.122    106.018    111.381 0.0000e+00
