data/ctd-cnv/KM1919/KM1919-St20-P2/St20_P2_cast47-align-cellTM-derive-bin.cnv
* Sea-Bird SBE 9 Data File:
* FileName = C:\Users\otg\Desktop\CTD Data\km1920\St20_P2_cast47.hex
* Software Version Seasave V 7.26.7.107
* Temperature SN = 5554
* Conductivity SN = 3876
* Number of Bytes Per Scan = 41
* Number of Voltage Words = 4
* Number of Scans Averaged by the Deck Unit = 1
* NMEA Latitude = 16 46.72 N
* NMEA Longitude = 106 48.51 W
* NMEA UTC (Time) = Oct 09 2019  01:06:19
* NMEA baud rate = 4800
** Ship: Kilo Moana
** Station: St20_P2 cast 47
** Operator: CF
** 6 pm cast
# nquan = 34
# nvalues = 200                         
# units = specified
# name 0 = scan: Scan Count
# name 1 = timeS: Time, Elapsed [seconds]
# name 2 = prDM: Pressure, Digiquartz [db]
# name 3 = longitude: Longitude [deg]
# name 4 = latitude: Latitude [deg]
# name 5 = depSMignore: Depth [salt water, m]
# name 6 = t090C: Temperature [ITS-90, deg C]
# name 7 = t190C: Temperature, 2 [ITS-90, deg C]
# name 8 = c0uS/cm: Conductivity [uS/cm]
# name 9 = c1S/m: Conductivity, 2 [S/m]
# name 10 = flECO-AFL: Fluorescence, WET Labs ECO-AFL/FL [mg/m^3]
# name 11 = CStarAt0: Beam Attenuation, WET Labs C-Star [1/m]
# name 12 = CStarTr0: Beam Transmission, WET Labs C-Star [%]
# name 13 = par: PAR/Irradiance, Biospherical/Licor
# name 14 = modError: Modulo Error Count
# name 15 = v0: Voltage 0
# name 16 = v1: Voltage 1
# name 17 = v2: Voltage 2
# name 18 = v3: Voltage 3
# name 19 = v4: Voltage 4
# name 20 = v5: Voltage 5
# name 21 = v6: Voltage 6
# name 22 = v7: Voltage 7
# name 23 = sbeox0V: Oxygen raw, SBE 43 [V]
# name 24 = sbeox1V: Oxygen raw, SBE 43, 2 [V]
# name 25 = sal00: Salinity, Practical [PSU]
# name 26 = sal11: Salinity, Practical, 2 [PSU]
# name 27 = sigma-é00: Density [sigma-theta, kg/m^3]
# name 28 = sigma-é11: Density, 2 [sigma-theta, kg/m^3]
# name 29 = sbeox0Mm/L: Oxygen, SBE 43 [umol/l], WS = 2
# name 30 = sbeox1Mm/L: Oxygen, SBE 43, 2 [umol/l], WS = 2
# name 31 = sbeox0PS: Oxygen, SBE 43 [% saturation], WS = 2
# name 32 = sbeox1PS: Oxygen, SBE 43, 2 [% saturation], WS = 2
# name 33 = flag: flag
# span 0 =         11,      11618       
# span 1 =      0.416,    484.029       
# span 2 =      1.006,    201.291       
# span 3 = -106.80836, -106.80808       
# span 4 =   16.77880,   16.77890       
# span 5 =      1.000,    200.000       
# span 6 =    12.0951,    29.6011       
# span 7 =    12.0696,    29.5538       
# span 8 = 3.9943e+04, 5.7305e+04       
# span 9 =   4.000244,   5.737935       
# span 10 =     0.0451,     1.7132      
# span 11 =     0.0202,     0.1179      
# span 12 =    97.0951,    99.4960      
# span 13 = 1.9183e-04, 5.8720e+00      
# span 14 =          0,          0      
# span 15 =     0.5045,     2.5133      
# span 16 =     0.5161,     2.4946      
# span 17 =     0.0555,     0.2223      
# span 18 =     0.1145,     0.1176      
# span 19 =     4.5169,     4.6285      
# span 20 =     0.0000,     0.0000      
# span 21 =     0.0097,     1.7775      
# span 22 =     0.0000,     0.0000      
# span 23 =     0.5034,     2.5093      
# span 24 =     0.5151,     2.4951      
# span 25 =    34.2879,    34.7823      
# span 26 =    34.3822,    34.8721      
# span 27 =    21.5415,    26.3965      
# span 28 =    21.6209,    26.4647      
# span 29 =      0.973,    230.890      
# span 30 =      0.825,    241.579      
# span 31 =      0.360,    108.297      
# span 32 =      0.309,    112.704      
# span 33 = 0.0000e+00, 0.0000e+00      
# interval = meters: 1                  
# start_time = Oct 09 2019 01:10:34 [NMEA time, first data scan]
# bad_flag = -9.990e-29
*END*
         11      0.416      1.006 -106.80836   16.77880      1.000    29.5462    29.5037 5.7243e+04   5.732260     0.0988     0.0847    97.9053 5.8720e+00          0     2.3544     2.3347     0.0609     0.1161     4.5546     0.0000     1.7775     0.0000     2.3558     2.3364    34.5709    34.6559    21.5586    21.6367    193.302    202.892     98.244    103.095 0.0000e+00
         42      1.721      2.012 -106.80836   16.77880      2.000    29.5430    29.5016 5.7239e+04   5.732086     0.0835     0.0834    97.9381 5.3816e+00          0     2.3582     2.3367     0.0593     0.1172     4.5560     0.0000     1.7483     0.0000     2.3553     2.3380    34.5702    34.6559    21.5592    21.6375    193.634    203.007     98.407    103.151 0.0000e+00
        215      8.912      3.018 -106.80836   16.77882      3.000    29.5472    29.5060 5.7245e+04   5.732518     0.0962     0.0556    98.6199 4.1709e+00          0     2.3556     2.3348     0.0606     0.1166     4.5878     0.0000     1.6344     0.0000     2.3541     2.3352    34.5709    34.6554    21.5584    21.6357    193.203    202.798     98.195    103.051 0.0000e+00
        558     23.229      4.024 -106.80834   16.77882      4.000    29.5547    29.5164 5.7253e+04   5.733569     0.0844     0.0595    98.5234 3.8897e+00          0     2.3579     2.3389     0.0594     0.1174     4.5833     0.0000     1.6051     0.0000     2.3537     2.3391    34.5706    34.6548    21.5558    21.6318    193.030    203.334     98.119    103.341 0.0000e+00
        826     34.386      5.030 -106.80834   16.77882      5.000    29.5683    29.5318 5.7268e+04   5.735602     0.0979     0.0594    98.5271 2.4632e+00          0     2.3566     2.3381     0.0608     0.1161     4.5835     0.0000     1.4249     0.0000     2.3576     2.3395    34.5708    34.6572    21.5514    21.6286    193.584    203.071     98.422    103.234 0.0000e+00
        838     34.893      6.036 -106.80834   16.77882      6.000    29.5990    29.5455 5.7302e+04   5.736899     0.0931     0.0602    98.5066 1.9265e+00          0     2.3606     2.3348     0.0603     0.1167     4.5825     0.0000     1.3039     0.0000     2.3496     2.3365    34.5720    34.6559    21.5420    21.6231    192.322    202.634     97.829    103.034 0.0000e+00
        908     37.804      7.042 -106.80834   16.77882      7.000    29.6011    29.5538 5.7305e+04   5.737935     0.0887     0.0592    98.5298 1.7421e+00          0     2.3552     2.3354     0.0598     0.1167     4.5836     0.0000     1.2662     0.0000     2.3542     2.3365    34.5721    34.6567    21.5415    21.6209    193.156    202.858     98.257    103.162 0.0000e+00
       1017     42.326      8.048 -106.80834   16.77882      8.000    29.5702    29.5288 5.7270e+04   5.735516     0.0929     0.0600    98.5101 1.2055e+00          0     2.3553     2.3384     0.0603     0.1166     4.5827     0.0000     1.1310     0.0000     2.3532     2.3334    34.5704    34.6579    21.5508    21.6303    193.464    202.581     98.363    102.980 0.0000e+00
       1060     44.108      9.054 -106.80833   16.77882      9.000    29.5359    29.4931 5.7235e+04   5.731526     0.0896     0.0598    98.5171 1.2017e+00          0     2.3531     2.3358     0.0599     0.1167     4.5830     0.0000     1.1255     0.0000     2.3558     2.3383    34.5707    34.6562    21.5626    21.6412    193.251    203.428     98.202    103.351 0.0000e+00
       1115     46.417     10.060 -106.80832   16.77882     10.000    29.5315    29.4898 5.7230e+04   5.731118     0.0841     0.0592    98.5312 1.0000e+00          0     2.3556     2.3358     0.0594     0.1170     4.5836     0.0000     1.0511     0.0000     2.3537     2.3363    34.5700    34.6556    21.5637    21.6419    193.392    203.149     98.266    103.203 0.0000e+00
       1194     49.716     11.066 -106.80832   16.77882     11.000    29.5292    29.4874 5.7230e+04   5.731112     0.0990     0.0591    98.5338 8.4294e-01          0     2.3532     2.3365     0.0609     0.1171     4.5838     0.0000     0.9843     0.0000     2.3567     2.3362    34.5714    34.6570    21.5655    21.6439    193.947    202.988     98.545    103.118 0.0000e+00
       1273     52.994     12.072 -106.80832   16.77882     12.000    29.5307    29.4699 5.7238e+04   5.730294     0.1016     0.0582    98.5548 7.3521e-01          0     2.3564     2.3361     0.0612     0.1162     4.5848     0.0000     0.9295     0.0000     2.3552     2.3378    34.5758    34.6637    21.5684    21.6549    193.478    203.490     98.311    103.348 0.0000e+00
       1376     57.305     13.078 -106.80830   16.77883     13.000    29.4661    29.4304 5.7187e+04   5.727352     0.1091     0.0569    98.5887 4.7005e-01          0     2.3536     2.3398     0.0620     0.1166     4.5864     0.0000     0.7719     0.0000     2.3574     2.3421    34.5869    34.6718    21.5986    21.6744    194.512    204.025     98.740    103.559 0.0000e+00
       1408     58.616     14.084 -106.80830   16.77884     14.000    29.4652    29.4131 5.7185e+04   5.725797     0.1003     0.0563    98.6035 4.5766e-01          0     2.3540     2.3379     0.0611     0.1172     4.5870     0.0000     0.7528     0.0000     2.3622     2.3398    34.5862    34.6734    21.5986    21.6815    194.737    203.800     98.853    103.416 0.0000e+00
       1434     59.729     15.090 -106.80830   16.77884     15.000    29.4610    29.4157 5.7182e+04   5.725965     0.0892     0.0561    98.6067 4.5450e-01          0     2.3555     2.3422     0.0599     0.1172     4.5872     0.0000     0.7516     0.0000     2.3614     2.3396    34.5867    34.6724    21.6004    21.6800    194.292    203.725     98.620    103.382 0.0000e+00
       1470     61.199     16.096 -106.80830   16.77884     16.000    29.4419    29.3921 5.7165e+04   5.723920     0.0940     0.0570    98.5855 3.8249e-01          0     2.3597     2.3406     0.0604     0.1171     4.5862     0.0000     0.6901     0.0000     2.3586     2.3392    34.5889    34.6752    21.6086    21.6901    194.258    203.911     98.574    103.439 0.0000e+00
       1639     68.244     17.102 -106.80828   16.77884     17.000    29.4452    29.4003 5.7169e+04   5.724840     0.1129     0.0564    98.6002 2.3895e-01          0     2.3556     2.3398     0.0623     0.1157     4.5869     0.0000     0.5325     0.0000     2.3543     2.3378    34.5885    34.6753    21.6072    21.6875    193.635    203.862     98.263    103.428 0.0000e+00
       1667     69.428     18.108 -106.80828   16.77884     18.000    29.4259    29.3822 5.7152e+04   5.723127     0.1006     0.0567    98.5936 2.7093e-01          0     2.3590     2.3395     0.0611     0.1172     4.5866     0.0000     0.5756     0.0000     2.3525     2.3372    34.5908    34.6764    21.6155    21.6945    193.296    203.701     98.062    103.316 0.0000e+00
       1708     71.118     19.114 -106.80828   16.77884     19.000    29.4297    29.3851 5.7156e+04   5.723377     0.1033     0.0573    98.5786 2.1029e-01          0     2.3561     2.3379     0.0614     0.1167     4.5859     0.0000     0.4989     0.0000     2.3504     2.3365    34.5905    34.6757    21.6141    21.6930    193.691    203.610     98.268    103.275 0.0000e+00
       1791     74.598     20.120 -106.80828   16.77884     20.000    29.4312    29.3834 5.7159e+04   5.723541     0.1137     0.0574    98.5764 1.6449e-01          0     2.3495     2.3364     0.0624     0.1164     4.5858     0.0000     0.4277     0.0000     2.3586     2.3339    34.5911    34.6778    21.6141    21.6953    194.824    203.362     98.845    103.147 0.0000e+00
       1853     77.171     21.126 -106.80828   16.77884     21.000    29.4459    29.3857 5.7171e+04   5.723436     0.1082     0.0566    98.5949 1.5149e-01          0     2.3560     2.3345     0.0619     0.1163     4.5866     0.0000     0.4094     0.0000     2.3598     2.3349    34.5887    34.6751    21.6074    21.6926    194.326    203.641     98.615    103.291 0.0000e+00
       2000     83.272     22.133 -106.80826   16.77886     22.000    29.4261    29.3860 5.7156e+04   5.723859     0.1282     0.0573    98.5771 9.3435e-02          0     2.3579     2.3368     0.0638     0.1168     4.5858     0.0000     0.2987     0.0000     2.3548     2.3377    34.5919    34.6775    21.6166    21.6943    194.105    203.897     98.473    103.422 0.0000e+00
       2024     84.311     23.139 -106.80826   16.77886     23.000    29.4277    29.3764 5.7156e+04   5.723134     0.0999     0.0574    98.5753 8.9527e-02          0     2.3572     2.3382     0.0610     0.1172     4.5857     0.0000     0.2849     0.0000     2.3560     2.3384    34.5908    34.6792    21.6154    21.6990    194.306    204.113     98.577    103.517 0.0000e+00
       2049     85.346     24.145 -106.80826   16.77886     24.000    29.3632    29.3206 5.7098e+04   5.718270     0.1005     0.0581    98.5575 6.7416e-02          0     2.3565     2.3348     0.0611     0.1172     4.5849     0.0000     0.2326     0.0000     2.3576     2.3399    34.5972    34.6860    21.6420    21.7229    195.204    204.578     98.933    103.664 0.0000e+00
       2080     86.645     25.151 -106.80826   16.77886     25.000    29.3260    29.2759 5.7060e+04   5.713448     0.1057     0.0592    98.5309 6.8689e-02          0     2.3553     2.3380     0.0616     0.1172     4.5836     0.0000     0.2359     0.0000     2.3607     2.3406    34.5976    34.6851    21.6549    21.7373    195.034    204.569     98.788    103.584 0.0000e+00
       2231     92.922     26.157 -106.80826   16.77884     26.000    29.3235    29.2927 5.7056e+04   5.714642     0.1441     0.0596    98.5218 2.3213e-02          0     2.3567     2.3411     0.0654     0.1172     4.5832     0.0000     0.1043     0.0000     2.3535     2.3435    34.5967    34.6808    21.6551    21.7285    195.087    205.053     98.810    103.855 0.0000e+00
       2279     94.924     27.163 -106.80826   16.77882     27.000    29.2497    29.2085 5.6962e+04   5.705602     0.1175     0.0606    98.4966 1.9829e-02          0     2.3531     2.3420     0.0628     0.1172     4.5820     0.0000     0.0863     0.0000     2.3611     2.3455    34.5856    34.6796    21.6716    21.7559    195.474    205.729     98.882    104.055 0.0000e+00
       2326     96.864     28.169 -106.80826   16.77883     28.000    29.1819    29.1413 5.6880e+04   5.696361     0.1345     0.0611    98.4842 1.0146e-02          0     2.3561     2.3434     0.0644     0.1166     4.5815     0.0000     0.0502     0.0000     2.3612     2.3442    34.5781    34.6646    21.6888    21.7673    195.804    205.636     98.937    103.886 0.0000e+00
       2421    100.822     29.175 -106.80826   16.77884     29.000    29.1660    29.1299 5.6872e+04   5.696163     0.1567     0.0658    98.3673 4.3368e-03          0     2.3619     2.3451     0.0667     0.1173     4.5760     0.0000     0.0277     0.0000     2.3626     2.3450    34.5833    34.6712    21.6981    21.7762    196.083    205.646     99.056    103.876 0.0000e+00
       2469    102.846     30.181 -106.80824   16.77884     30.000    29.0561    29.0121 5.6732e+04   5.681829     0.1528     0.0642    98.4066 4.7871e-03          0     2.3624     2.3475     0.0663     0.1172     4.5779     0.0000     0.0294     0.0000     2.3628     2.3433    34.5671    34.6579    21.7228    21.8056    196.501    206.000     99.081    103.849 0.0000e+00
       2543    105.913     31.187 -106.80824   16.77884     31.000    29.0321    28.9732 5.6702e+04   5.676109     0.1659     0.0656    98.3744 4.7651e-03          0     2.3627     2.3443     0.0676     0.1172     4.5764     0.0000     0.0293     0.0000     2.3626     2.3446    34.5632    34.6465    21.7280    21.8102    196.483    206.281     99.032    103.919 0.0000e+00
       2659    110.769     32.193 -106.80824   16.77885     32.000    28.9846    28.9282 5.6644e+04   5.670913     0.1885     0.0661    98.3614 4.5410e-03          0     2.3631     2.3466     0.0698     0.1169     4.5758     0.0000     0.0284     0.0000     2.3666     2.3434    34.5577    34.6432    21.7398    21.8227    198.195    206.763     99.815    104.084 0.0000e+00
       2697    112.325     33.200 -106.80824   16.77886     33.000    28.9310    28.8901 5.6588e+04   5.666751     0.1655     0.0650    98.3886 4.2934e-03          0     2.3600     2.3399     0.0676     0.1161     4.5770     0.0000     0.0274     0.0000     2.3860     2.3563    34.5573    34.6418    21.7574    21.8345    202.546    209.513    101.918    105.403 0.0000e+00
       2723    113.416     34.206 -106.80824   16.77886     34.000    28.7576    28.7005 5.6474e+04   5.657387     0.1640     0.0676    98.3239 4.1820e-03          0     2.3632     2.3426     0.0674     0.1172     4.5740     0.0000     0.0269     0.0000     2.4191     2.3790    34.6044    34.7150    21.8504    21.9525    207.845    213.843    104.316    107.293 0.0000e+00
       2749    114.504     35.212 -106.80824   16.77886     35.000    28.2461    28.1807 5.5911e+04   5.602384     0.1775     0.0756    98.1283 4.1819e-03          0     2.3704     2.3451     0.0688     0.1172     4.5649     0.0000     0.0269     0.0000     2.4399     2.4092    34.5868    34.7132    22.0059    22.1224    207.819    218.357    103.432    108.633 0.0000e+00
       2864    119.306     36.218 -106.80824   16.77884     36.000    28.0817    28.0329 5.5749e+04   5.582189     0.2201     0.0767    98.1017 4.1009e-03          0     2.4070     2.3821     0.0730     0.1172     4.5637     0.0000     0.0265     0.0000     2.4192     2.4095    34.5936    34.6806    22.0649    22.1464    205.297    216.826    101.896    107.591 0.0000e+00
       2961    123.348     37.224 -106.80824   16.77886     37.000    27.8283    27.6326 5.5489e+04   5.546276     0.2035     0.0771    98.0905 3.8830e-03          0     2.4061     2.3700     0.0713     0.1174     4.5632     0.0000     0.0256     0.0000     2.4710     2.4368    34.5974    34.7235    22.1505    22.3090    214.780    223.376    106.172    110.145 0.0000e+00
       2981    124.154     38.230 -106.80824   16.77886     38.000    27.4258    27.3771 5.5072e+04   5.517013     0.2028     0.0800    98.0194 3.8925e-03          0     2.4256     2.3861     0.0712     0.1176     4.5598     0.0000     0.0256     0.0000     2.4803     2.4479    34.6004    34.7060    22.2832    22.3784    217.029    225.555    106.577    110.741 0.0000e+00
       3006    125.196     39.237 -106.80826   16.77886     39.000    27.2956    27.2501 5.4935e+04   5.502944     0.2093     0.0810    97.9961 3.8925e-03          0     2.4424     2.4055     0.0719     0.1175     4.5588     0.0000     0.0256     0.0000     2.4923     2.4637    34.5995    34.7004    22.3244    22.4150    217.871    227.523    106.761    111.469 0.0000e+00
       3117    129.851     40.243 -106.80826   16.77886     40.000    27.2610    27.2464 5.4897e+04   5.500857     0.2627     0.0825    97.9585 3.8515e-03          0     2.4859     2.4630     0.0773     0.1172     4.5570     0.0000     0.0254     0.0000     2.4795     2.4614    34.5978    34.6880    22.3343    22.4068    215.247    225.768    105.412    110.593 0.0000e+00
       3210    133.688     41.249 -106.80826   16.77886     41.000    26.9537    26.8148 5.4576e+04   5.462986     0.2402     0.0845    97.9094 3.6827e-03          0     2.4763     2.4523     0.0750     0.1172     4.5548     0.0000     0.0247     0.0000     2.4886     2.4582    34.5975    34.7399    22.4320    22.5834    219.661    228.375    107.025    111.103 0.0000e+00
       3235    134.765     42.255 -106.80826   16.77886     42.000    26.2234    26.1573 5.3797e+04   5.390387     0.2454     0.0904    97.7656 3.6621e-03          0     2.4722     2.4484     0.0755     0.1173     4.5481     0.0000     0.0246     0.0000     2.4974     2.4691    34.5848    34.7117    22.6532    22.7696    223.217    232.641    107.436    111.929 0.0000e+00
