data/ctd-cnv/KM1919/KM1919-St20-P2/St20_P2_cast61-align-cellTM-derive-bin.cnv
* Sea-Bird SBE 9 Data File:
* FileName = C:\Users\otg\Desktop\CTD Data\km1920\St20_P2_cast61.hex
* Software Version Seasave V 7.26.7.107
* Temperature SN = 5554
* Conductivity SN = 3876
* Number of Bytes Per Scan = 41
* Number of Voltage Words = 4
* Number of Scans Averaged by the Deck Unit = 1
* NMEA Latitude = 16 53.44 N
* NMEA Longitude = 106 49.86 W
* NMEA UTC (Time) = Oct 13 2019  05:00:01
* NMEA baud rate = 4800
** Ship: Kilo Moana
** Station: St20_P2 cast 61
** Operator: jac
# nquan = 34
# nvalues = 702                         
# units = specified
# name 0 = scan: Scan Count
# name 1 = timeS: Time, Elapsed [seconds]
# name 2 = prDM: Pressure, Digiquartz [db]
# name 3 = longitude: Longitude [deg]
# name 4 = latitude: Latitude [deg]
# name 5 = depSM: Depth [salt water, m]
# name 6 = t090C: Temperature [ITS-90, deg C]
# name 7 = t190C: Temperature, 2 [ITS-90, deg C]
# name 8 = c0uS/cm: Conductivity [uS/cm]
# name 9 = c1S/m: Conductivity, 2 [S/m]
# name 10 = flECO-AFL: Fluorescence, WET Labs ECO-AFL/FL [mg/m^3]
# name 11 = CStarAt0: Beam Attenuation, WET Labs C-Star [1/m]
# name 12 = CStarTr0: Beam Transmission, WET Labs C-Star [%]
# name 13 = par: PAR/Irradiance, Biospherical/Licor
# name 14 = modError: Modulo Error Count
# name 15 = v0: Voltage 0
# name 16 = v1: Voltage 1
# name 17 = v2: Voltage 2
# name 18 = v3: Voltage 3
# name 19 = v4: Voltage 4
# name 20 = v5: Voltage 5
# name 21 = v6: Voltage 6
# name 22 = v7: Voltage 7
# name 23 = sbeox0V: Oxygen raw, SBE 43 [V]
# name 24 = sbeox1V: Oxygen raw, SBE 43, 2 [V]
# name 25 = sal00: Salinity, Practical [PSU]
# name 26 = sal11: Salinity, Practical, 2 [PSU]
# name 27 = sigma-é00: Density [sigma-theta, kg/m^3]
# name 28 = sigma-é11: Density, 2 [sigma-theta, kg/m^3]
# name 29 = sbeox0Mm/L: Oxygen, SBE 43 [umol/l], WS = 2
# name 30 = sbeox1Mm/L: Oxygen, SBE 43, 2 [umol/l], WS = 2
# name 31 = sbeox0PS: Oxygen, SBE 43 [% saturation], WS = 2
# name 32 = sbeox1PS: Oxygen, SBE 43, 2 [% saturation], WS = 2
# name 33 = flag: flag
# span 0 =         64,      25039       
# span 1 =      2.614,   1043.236       
# span 2 =      4.024,    710.426       
# span 3 = -106.83106, -106.83094       
# span 4 =   16.89058,   16.89068       
# span 5 =      4.000,    705.000       
# span 6 =     5.9825,    28.9231       
# span 7 =     5.9567,    28.8823       
# span 8 = 3.4253e+04, 5.6399e+04       
# span 9 =   3.430012,   5.647939       
# span 10 =     0.0531,     1.4817      
# span 11 =     0.0364,     0.1258      
# span 12 =    96.9035,    99.0946      
# span 13 = -1.376e-06, 2.9253e+00      
# span 14 =          0,          0      
# span 15 =     0.5029,     2.5046      
# span 16 =     0.5117,     2.4906      
# span 17 =     0.0563,     0.1991      
# span 18 =     0.1140,     0.1214      
# span 19 =     4.5080,     4.6099      
# span 20 =     0.0000,     0.0000      
# span 21 =     0.0085,     1.4754      
# span 22 =     0.0000,     0.0000      
# span 23 =     0.5021,     2.5013      
# span 24 =     0.5112,     2.4886      
# span 25 =    34.2763,    34.7881      
# span 26 =    34.3641,    34.8748      
# span 27 =    21.6168,    27.1939      
# span 28 =    21.6940,    27.2602      
# span 29 =      0.692,    232.629      
# span 30 =     -0.043,    242.522      
# span 31 =      0.250,    107.744      
# span 32 =     -0.015,    112.569      
# span 33 = 0.0000e+00, 0.0000e+00      
# interval = meters: 1                  
# start_time = Oct 13 2019 05:08:46 [NMEA time, first data scan]
# bad_flag = -9.990e-29
*END*
[from data line 299]
      13592    566.298    305.034 -106.83098   16.89062    303.000    10.6093    10.5800 3.8493e+04   3.854708     0.0639     0.0486    98.7933 2.0361e-04          0     0.5040     0.5148     0.0574     0.1149     4.5958     0.0000     0.0098     0.0000     0.5025     0.5131    34.6857    34.7682    26.6071    26.6766      0.771      1.014      0.276      0.364 0.0000e+00
      13678    569.889    306.042 -106.83098   16.89064    304.000    10.6209    10.5939 3.8506e+04   3.856060     0.0640     0.0484    98.7976 1.7201e-04          0     0.5035     0.5139     0.0574     0.1157     4.5960     0.0000     0.0096     0.0000     0.5025     0.5134    34.6874    34.7681    26.6064    26.6741      0.929      1.028      0.333      0.369 0.0000e+00
      13750    572.873    307.049 -106.83098   16.89064    305.000    10.6060    10.5754 3.8491e+04   3.854572     0.0649     0.0482    98.8016 1.7081e-04          0     0.5032     0.5140     0.0575     0.1164     4.5962     0.0000     0.0096     0.0000     0.5025     0.5133    34.6863    34.7703    26.6083    26.6791      0.870      0.987      0.312      0.354 0.0000e+00
      13777    573.991    308.057 -106.83098   16.89064    306.000    10.5851    10.5548 3.8471e+04   3.852413     0.0639     0.0481    98.8045 1.7433e-04          0     0.5034     0.5140     0.0574     0.1159     4.5964     0.0000     0.0096     0.0000     0.5025     0.5133    34.6858    34.7677    26.6116    26.6808      0.925      1.035      0.332      0.371 0.0000e+00
      13813    575.479    309.064 -106.83098   16.89064    307.000    10.5634    10.5340 3.8451e+04   3.850459     0.0623     0.0478    98.8128 1.5808e-04          0     0.5034     0.5141     0.0572     0.1150     4.5968     0.0000     0.0095     0.0000     0.5026     0.5132    34.6859    34.7674    26.6154    26.6842      0.942      1.001      0.337      0.358 0.0000e+00
      13882    578.376    310.072 -106.83098   16.89064    308.000    10.5490    10.5228 3.8438e+04   3.849347     0.0644     0.0483    98.7997 1.9582e-04          0     0.5033     0.5140     0.0575     0.1160     4.5961     0.0000     0.0098     0.0000     0.5025     0.5134    34.6852    34.7664    26.6175    26.6854      0.892      1.039      0.319      0.372 0.0000e+00
      13923    580.071    311.079 -106.83100   16.89064    309.000    10.5432    10.5138 3.8432e+04   3.848522     0.0631     0.0476    98.8177 2.0393e-04          0     0.5034     0.5140     0.0573     0.1149     4.5970     0.0000     0.0098     0.0000     0.5026     0.5133    34.6847    34.7662    26.6181    26.6868      0.956      1.019      0.342      0.365 0.0000e+00
      13951    581.256    312.087 -106.83100   16.89064    310.000    10.5355    10.5060 3.8425e+04   3.847841     0.0635     0.0481    98.8061 1.8850e-04          0     0.5033     0.5141     0.0574     0.1151     4.5964     0.0000     0.0097     0.0000     0.5027     0.5132    34.6846    34.7664    26.6194    26.6884      0.903      0.946      0.323      0.339 0.0000e+00
      13975    582.238    313.094 -106.83100   16.89064    311.000    10.5235    10.4941 3.8414e+04   3.846710     0.0668     0.0475    98.8194 1.8403e-04          0     0.5032     0.5139     0.0577     0.1150     4.5971     0.0000     0.0097     0.0000     0.5024     0.5131    34.6839    34.7658    26.6209    26.6901      0.777      1.046      0.278      0.374 0.0000e+00
      13996    583.111    314.102 -106.83100   16.89064    312.000    10.5183    10.4890 3.8409e+04   3.846196     0.0639     0.0475    98.8195 1.8300e-04          0     0.5035     0.5141     0.0574     0.1155     4.5971     0.0000     0.0097     0.0000     0.5024     0.5133    34.6834    34.7651    26.6215    26.6904      0.902      1.021      0.323      0.365 0.0000e+00
      14018    584.062    315.109 -106.83100   16.89064    313.000    10.5136    10.4845 3.8404e+04   3.845725     0.0648     0.0475    98.8195 1.8816e-04          0     0.5034     0.5140     0.0575     0.1171     4.5971     0.0000     0.0097     0.0000     0.5023     0.5131    34.6829    34.7642    26.6220    26.6905      0.896      0.931      0.321      0.333 0.0000e+00
      14076    586.478    316.117 -106.83100   16.89064    314.000    10.5110    10.4825 3.8402e+04   3.845509     0.0635     0.0469    98.8347 1.9046e-04          0     0.5032     0.5139     0.0574     0.1162     4.5978     0.0000     0.0097     0.0000     0.5025     0.5132    34.6832    34.7634    26.6227    26.6903      0.939      1.027      0.336      0.367 0.0000e+00
      14130    588.693    317.124 -106.83100   16.89064    315.000    10.5037    10.4742 3.8396e+04   3.844859     0.0635     0.0472    98.8261 1.7541e-04          0     0.5032     0.5137     0.0574     0.1151     4.5974     0.0000     0.0096     0.0000     0.5027     0.5133    34.6830    34.7644    26.6238    26.6925      0.995      1.030      0.356      0.369 0.0000e+00
      14152    589.619    318.132 -106.83100   16.89064    316.000    10.4874    10.4570 3.8381e+04   3.843432     0.0645     0.0469    98.8332 1.9357e-04          0     0.5034     0.5141     0.0575     0.1158     4.5977     0.0000     0.0097     0.0000     0.5025     0.5132    34.6832    34.7659    26.6269    26.6966      0.792      1.008      0.283      0.361 0.0000e+00
      14171    590.437    319.139 -106.83100   16.89064    317.000    10.4716    10.4425 3.8366e+04   3.842020     0.0639     0.0466    98.8399 1.8075e-04          0     0.5031     0.5138     0.0574     0.1171     4.5980     0.0000     0.0097     0.0000     0.5024     0.5133    34.6826    34.7650    26.6292    26.6986      0.848      1.014      0.303      0.362 0.0000e+00
      14189    591.180    320.147 -106.83100   16.89064    318.000    10.4648    10.4360 3.8360e+04   3.841333     0.0639     0.0469    98.8348 1.6720e-04          0     0.5033     0.5139     0.0574     0.1150     4.5978     0.0000     0.0096     0.0000     0.5024     0.5131    34.6823    34.7638    26.6301    26.6988      0.909      0.971      0.325      0.347 0.0000e+00
      14207    591.907    321.155 -106.83100   16.89064    319.000    10.4619    10.4329 3.8357e+04   3.841056     0.0625     0.0475    98.8193 1.9241e-04          0     0.5034     0.5140     0.0573     0.1151     4.5971     0.0000     0.0097     0.0000     0.5024     0.5131    34.6820    34.7635    26.6304    26.6991      0.891      1.036      0.319      0.370 0.0000e+00
      14225    592.686    322.162 -106.83100   16.89064    320.000    10.4573    10.4277 3.8354e+04   3.840649     0.0627     0.0471    98.8300 1.9317e-04          0     0.5035     0.5139     0.0573     0.1154     4.5976     0.0000     0.0097     0.0000     0.5023     0.5133    34.6823    34.7639    26.6315    26.7003      0.844      1.060      0.302      0.379 0.0000e+00
      14253    593.839    323.170 -106.83100   16.89064    321.000    10.4442    10.4149 3.8341e+04   3.839409     0.0641     0.0470    98.8302 1.9293e-04          0     0.5032     0.5139     0.0574     0.1170     4.5976     0.0000     0.0097     0.0000     0.5024     0.5133    34.6813    34.7632    26.6330    26.7020      0.949      1.023      0.339      0.365 0.0000e+00
      14307    596.080    324.177 -106.83100   16.89064    322.000    10.4367    10.4076 3.8335e+04   3.838652     0.0637     0.0468    98.8361 1.8531e-04          0     0.5031     0.5139     0.0574     0.1152     4.5979     0.0000     0.0097     0.0000     0.5025     0.5131    34.6818    34.7621    26.6348    26.7025      0.896      0.969      0.320      0.346 0.0000e+00
      14356    598.140    325.185 -106.83100   16.89064    323.000    10.4316    10.4022 3.8330e+04   3.838204     0.0643     0.0474    98.8224 1.7565e-04          0     0.5032     0.5140     0.0574     0.1151     4.5972     0.0000     0.0096     0.0000     0.5024     0.5131    34.6814    34.7622    26.6353    26.7035      0.906      1.025      0.324      0.366 0.0000e+00
      14380    599.131    326.192 -106.83100   16.89064    324.000    10.4262    10.3969 3.8325e+04   3.837762     0.0645     0.0475    98.8196 1.9296e-04          0     0.5032     0.5138     0.0575     0.1157     4.5971     0.0000     0.0097     0.0000     0.5025     0.5131    34.6810    34.7623    26.6360    26.7045      0.965      0.959      0.345      0.342 0.0000e+00
      14399    599.937    327.200 -106.83100   16.89064    325.000    10.4199    10.3904 3.8319e+04   3.837122     0.0646     0.0472    98.8258 2.0361e-04          0     0.5032     0.5137     0.0575     0.1172     4.5974     0.0000     0.0098     0.0000     0.5024     0.5130    34.6807    34.7616    26.6369    26.7052      0.962      0.940      0.344      0.336 0.0000e+00
      14417    600.677    328.208 -106.83100   16.89064    326.000    10.4153    10.3866 3.8315e+04   3.836773     0.0632     0.0471    98.8292 1.5994e-04          0     0.5032     0.5137     0.0573     0.1172     4.5975     0.0000     0.0095     0.0000     0.5027     0.5129    34.6805    34.7612    26.6375    26.7055      0.955      0.984      0.341      0.351 0.0000e+00
      14437    601.488    329.215 -106.83100   16.89064    327.000    10.4094    10.3799 3.8309e+04   3.836183     0.0639     0.0475    98.8194 1.7297e-04          0     0.5033     0.5140     0.0574     0.1157     4.5971     0.0000     0.0096     0.0000     0.5024     0.5131    34.6800    34.7612    26.6382    26.7067      0.762      1.017      0.272      0.363 0.0000e+00
      14457    602.352    330.223 -106.83100   16.89064    328.000    10.4007    10.3709 3.8301e+04   3.835343     0.0639     0.0472    98.8266 1.6639e-04          0     0.5032     0.5138     0.0574     0.1149     4.5974     0.0000     0.0096     0.0000     0.5024     0.5129    34.6794    34.7609    26.6393    26.7080      0.944      0.976      0.337      0.348 0.0000e+00
      14480    603.289    331.230 -106.83100   16.89064    329.000    10.3930    10.3640 3.8294e+04   3.834592     0.0644     0.0467    98.8378 1.9418e-04          0     0.5033     0.5138     0.0574     0.1156     4.5979     0.0000     0.0097     0.0000     0.5025     0.5132    34.6790    34.7594    26.6404    26.7081      0.940      1.075      0.335      0.383 0.0000e+00
      14508    604.472    332.238 -106.83100   16.89064    330.000    10.3817    10.3513 3.8283e+04   3.833586     0.0636     0.0466    98.8416 1.5501e-04          0     0.5034     0.5136     0.0574     0.1162     4.5981     0.0000     0.0095     0.0000     0.5024     0.5132    34.6782    34.7609    26.6417    26.7115      0.902      0.988      0.322      0.352 0.0000e+00
      14552    606.312    333.245 -106.83100   16.89064    331.000    10.3379    10.3087 3.8239e+04   3.829224     0.0639     0.0464    98.8477 1.7367e-04          0     0.5032     0.5138     0.0574     0.1159     4.5984     0.0000     0.0096     0.0000     0.5024     0.5131    34.6750    34.7570    26.6468    26.7159      0.884      1.006      0.315      0.359 0.0000e+00
      14607    608.566    334.253 -106.83100   16.89064    332.000    10.3204    10.2914 3.8222e+04   3.827419     0.0646     0.0464    98.8463 1.8836e-04          0     0.5032     0.5138     0.0575     0.1152     4.5983     0.0000     0.0097     0.0000     0.5024     0.5134    34.6738    34.7547    26.6489    26.7171      0.909      1.062      0.324      0.379 0.0000e+00
      14632    609.637    335.260 -106.83100   16.89064    333.000    10.3193    10.2903 3.8221e+04   3.827355     0.0626     0.0464    98.8457 1.8289e-04          0     0.5033     0.5138     0.0573     0.1151     4.5983     0.0000     0.0097     0.0000     0.5024     0.5132    34.6738    34.7547    26.6491    26.7173      0.925      0.964      0.330      0.343 0.0000e+00
      14650    610.373    336.268 -106.83100   16.89064    334.000    10.3156    10.2863 3.8218e+04   3.827073     0.0632     0.0464    98.8457 2.0328e-04          0     0.5032     0.5137     0.0573     0.1151     4.5983     0.0000     0.0098     0.0000     0.5024     0.5131    34.6736    34.7552    26.6496    26.7184      0.890      0.914      0.317      0.326 0.0000e+00
      14666    611.027    337.276 -106.83100   16.89064    335.000    10.3086    10.2791 3.8211e+04   3.826452     0.0639     0.0464    98.8457 1.6359e-04          0     0.5031     0.5139     0.0574     0.1164     4.5983     0.0000     0.0095     0.0000     0.5023     0.5129    34.6735    34.7553    26.6508    26.7197      0.948      0.964      0.338      0.343 0.0000e+00
      14681    611.680    338.283 -106.83100   16.89064    336.000    10.3030    10.2736 3.8207e+04   3.826021     0.0654     0.0464    98.8457 1.9033e-04          0     0.5032     0.5142     0.0575     0.1171     4.5983     0.0000     0.0097     0.0000     0.5025     0.5129    34.6740    34.7558    26.6522    26.7211      1.028      1.088      0.366      0.387 0.0000e+00
      14699    612.408    339.291 -106.83100   16.89064    337.000    10.2958    10.2665 3.8201e+04   3.825428     0.0633     0.0464    98.8457 2.0319e-04          0     0.5031     0.5139     0.0573     0.1150     4.5983     0.0000     0.0098     0.0000     0.5027     0.5134    34.6745    34.7561    26.6538    26.7226      1.008      1.114      0.359      0.397 0.0000e+00
      14720    613.276    340.299 -106.83100   16.89064    338.000    10.2855    10.2551 3.8192e+04   3.824608     0.0644     0.0464    98.8457 1.9466e-04          0     0.5032     0.5139     0.0575     0.1166     4.5983     0.0000     0.0097     0.0000     0.5026     0.5133    34.6747    34.7583    26.6558    26.7263      0.843      1.002      0.300      0.357 0.0000e+00
      14746    614.356    341.306 -106.83100   16.89064    339.000    10.2208    10.1895 3.8127e+04   3.818211     0.0643     0.0464    98.8457 1.7036e-04          0     0.5032     0.5137     0.0574     0.1172     4.5983     0.0000     0.0096     0.0000     0.5023     0.5131    34.6695    34.7556    26.6629    26.7355      0.818      0.954      0.291      0.339 0.0000e+00
      14797    616.507    342.314 -106.83100   16.89064    340.000    10.2047    10.1703 3.8110e+04   3.815794     0.0639     0.0462    98.8507 1.7627e-04          0     0.5033     0.5139     0.0574     0.1152     4.5985     0.0000     0.0096     0.0000     0.5025     0.5131    34.6672    34.7490    26.6639    26.7337      0.928      1.012      0.330      0.360 0.0000e+00
      14856    618.956    343.322 -106.83100   16.89064    341.000    10.1494    10.1193 3.8054e+04   3.810643     0.0644     0.0455    98.8687 1.9027e-04          0     0.5031     0.5137     0.0574     0.1150     4.5993     0.0000     0.0097     0.0000     0.5026     0.5131    34.6633    34.7450    26.6704    26.7393      1.273      1.060      0.452      0.376 0.0000e+00
      14876    619.780    344.329 -106.83100   16.89064    342.000    10.1503    10.1214 3.8056e+04   3.810871     0.0639     0.0455    98.8691 1.6926e-04          0     0.5035     0.5138     0.0574     0.1151     4.5994     0.0000     0.0096     0.0000     0.5034     0.5133    34.6634    34.7448    26.6703    26.7388      1.215      1.077      0.431      0.382 0.0000e+00
      14892    620.460    345.337 -106.83100   16.89064    343.000    10.1442    10.1155 3.8050e+04   3.810369     0.0639     0.0455    98.8685 1.3548e-04          0     0.5032     0.5139     0.0574     0.1152     4.5993     0.0000     0.0094     0.0000     0.5032     0.5134    34.6633    34.7449    26.6713    26.7399      0.778      1.078      0.276      0.383 0.0000e+00
      14906    621.059    346.344 -106.83100   16.89064    344.000    10.1370    10.1068 3.8043e+04   3.809690     0.0656     0.0456    98.8664 2.0292e-04          0     0.5034     0.5139     0.0576     0.1150     4.5992     0.0000     0.0098     0.0000     0.5028     0.5134    34.6626    34.7459    26.6720    26.7422      0.706      1.055      0.250      0.374 0.0000e+00
