data/ctd-cnv/KM1919/KM1919-St20-P2/St20_P2_cast30-align-cellTM-derive-bin.cnv
* Sea-Bird SBE 9 Data File:
* FileName = C:\Users\otg\Desktop\CTD Data\km1920\St20_P2_cast30.hex
* Software Version Seasave V 7.26.7.107
* Temperature SN = 5554
* Conductivity SN = 3876
* Number of Bytes Per Scan = 41
* Number of Voltage Words = 4
* Number of Scans Averaged by the Deck Unit = 1
* NMEA Latitude = 16 46.65 N
* NMEA Longitude = 106 52.11 W
* NMEA UTC (Time) = Oct 05 2019  08:36:20
* NMEA baud rate = 4800
** Ship: Kilo Moana
** Station: St20_P2cast 30
** Operator: rk
** for McLane Pumps
# nquan = 34
# nvalues = 1004                        
# units = specified
# name 0 = scan: Scan Count
# name 1 = timeS: Time, Elapsed [seconds]
# name 2 = prDM: Pressure, Digiquartz [db]
# name 3 = longitude: Longitude [deg]
# name 4 = latitude: Latitude [deg]
# name 5 = depSM: Depth [salt water, m]
# name 6 = t090C: Temperature [ITS-90, deg C]
# name 7 = t190C: Temperature, 2 [ITS-90, deg C]
# name 8 = c0uS/cm: Conductivity [uS/cm]
# name 9 = c1S/m: Conductivity, 2 [S/m]
# name 10 = flECO-AFL: Fluorescence, WET Labs ECO-AFL/FL [mg/m^3]
# name 11 = CStarAt0: Beam Attenuation, WET Labs C-Star [1/m]
# name 12 = CStarTr0: Beam Transmission, WET Labs C-Star [%]
# name 13 = par: PAR/Irradiance, Biospherical/Licor
# name 14 = modError: Modulo Error Count
# name 15 = v0: Voltage 0
# name 16 = v1: Voltage 1
# name 17 = v2: Voltage 2
# name 18 = v3: Voltage 3
# name 19 = v4: Voltage 4
# name 20 = v5: Voltage 5
# name 21 = v6: Voltage 6
# name 22 = v7: Voltage 7
# name 23 = sbeox0V: Oxygen raw, SBE 43 [V]
# name 24 = sbeox1V: Oxygen raw, SBE 43, 2 [V]
# name 25 = sal00: Salinity, Practical [PSU]
# name 26 = sal11: Salinity, Practical, 2 [PSU]
# name 27 = sigma-é00: Density [sigma-theta, kg/m^3]
# name 28 = sigma-é11: Density, 2 [sigma-theta, kg/m^3]
# name 29 = sbeox0Mm/L: Oxygen, SBE 43 [umol/l], WS = 2
# name 30 = sbeox1Mm/L: Oxygen, SBE 43, 2 [umol/l], WS = 2
# name 31 = sbeox0PS: Oxygen, SBE 43 [% saturation], WS = 2
# name 32 = sbeox1PS: Oxygen, SBE 43, 2 [% saturation], WS = 2
# name 33 = flag: flag
# span 0 =         35,     304398       
# span 1 =      1.432,  12683.217       
# span 2 =     15.090,   1026.605       
# span 3 = -106.86842, -106.86752       
# span 4 =   16.77526,   16.77751       
# span 5 =     15.000,   1018.000       
# span 6 =     4.3378,    29.3670       
# span 7 =     4.3135,    29.3254       
# span 8 = 3.2936e+04, 5.7119e+04       
# span 9 =   3.298006,   5.719802       
# span 10 =     0.0485,     1.5638      
# span 11 =     0.0008,     0.1015      
# span 12 =    97.4952,    99.9788      
# span 13 = -4.784e-05, 3.8622e-01      
# span 14 =          0,          0      
# span 15 =     0.5026,     2.4914      
# span 16 =     0.5125,     2.4746      
# span 17 =     0.0558,     0.2074      
# span 18 =     0.1153,     0.1258      
# span 19 =     4.5355,     4.6510      
# span 20 =     0.0000,     0.0007      
# span 21 =     0.0082,     0.6880      
# span 22 =     0.0000,     0.0000      
# span 23 =     0.5023,     2.4921      
# span 24 =     0.5122,     2.4763      
# span 25 =    34.4432,    34.7853      
# span 26 =    34.5339,    34.8737      
# span 27 =    21.6487,    27.4070      
# span 28 =    21.7256,    27.4704      
# span 29 =      0.862,    220.889      
# span 30 =      0.845,    231.768      
# span 31 =      0.284,    106.653      
# span 32 =      0.284,    111.857      
# span 33 = 0.0000e+00, 0.0000e+00      
# interval = meters: 1                  
# start_time = Oct 05 2019 08:39:41 [NMEA time, first data scan]
# bad_flag = -9.990e-29
*END*
[from data line 641]
      41779   1740.732    660.967 -106.86824   16.77732    656.000     6.2480     6.2220 3.4472e+04   3.451786     0.0639     0.0025    99.9378 1.0000e-12          0     0.5026     0.5128     0.0574     0.1221     4.6491     0.0000     0.0085     0.0000     0.5025     0.5125    34.5329    34.6106    27.1594    27.2241      1.011      1.032      0.328      0.335 0.0000e+00
      41802   1741.708    661.976 -106.86824   16.77732    657.000     6.2442     6.2179 3.4468e+04   3.451503     0.0639     0.0028    99.9312 1.0000e-12          0     0.5029     0.5129     0.0574     0.1220     4.6488     0.0000     0.0085     0.0000     0.5025     0.5125    34.5326    34.6111    27.1597    27.2251      1.127      1.007      0.366      0.327 0.0000e+00
      41824   1742.609    662.985 -106.86824   16.77732    658.000     6.2378     6.2114 3.4463e+04   3.450995     0.0639     0.0022    99.9455 1.0000e-12          0     0.5030     0.5128     0.0574     0.1221     4.6495     0.0000     0.0085     0.0000     0.5026     0.5124    34.5329    34.6115    27.1608    27.2263      1.069      0.990      0.347      0.321 0.0000e+00
      41844   1743.470    663.994 -106.86824   16.77732    659.000     6.2298     6.2036 3.4456e+04   3.450319     0.0639     0.0022    99.9470 1.0000e-12          0     0.5030     0.5128     0.0574     0.1221     4.6495     0.0000     0.0084     0.0000     0.5026     0.5124    34.5328    34.6114    27.1617    27.2271      1.046      1.027      0.340      0.334 0.0000e+00
      41867   1744.399    665.004 -106.86824   16.77732    660.000     6.2251     6.1989 3.4453e+04   3.449945     0.0639     0.0022    99.9463 1.0000e-12          0     0.5029     0.5128     0.0574     0.1221     4.6495     0.0000     0.0085     0.0000     0.5025     0.5125    34.5330    34.6114    27.1625    27.2278      1.163      1.084      0.378      0.352 0.0000e+00
      41902   1745.869    666.013 -106.86824   16.77732    661.000     6.2127     6.1866 3.4442e+04   3.448889     0.0639     0.0021    99.9471 1.0000e-12          0     0.5030     0.5127     0.0574     0.1221     4.6495     0.0000     0.0085     0.0000     0.5027     0.5125    34.5333    34.6116    27.1643    27.2296      1.081      1.046      0.351      0.339 0.0000e+00
      41947   1747.754    667.022 -106.86824   16.77732    662.000     6.2005     6.1741 3.4432e+04   3.447812     0.0639     0.0024    99.9408 1.0000e-12          0     0.5029     0.5128     0.0574     0.1221     4.6493     0.0000     0.0085     0.0000     0.5024     0.5127    34.5334    34.6117    27.1660    27.2313      0.984      1.081      0.319      0.351 0.0000e+00
      41979   1749.091    668.031 -106.86824   16.77732    663.000     6.1837     6.1572 3.4417e+04   3.446400     0.0639     0.0025    99.9388 1.0000e-12          0     0.5031     0.5128     0.0574     0.1221     4.6492     0.0000     0.0085     0.0000     0.5026     0.5124    34.5336    34.6127    27.1683    27.2342      1.224      0.967      0.397      0.314 0.0000e+00
      42004   1750.107    669.041 -106.86824   16.77732    664.000     6.1753     6.1492 3.4410e+04   3.445637     0.0639     0.0028    99.9287 1.0000e-12          0     0.5031     0.5127     0.0574     0.1221     4.6487     0.0000     0.0085     0.0000     0.5026     0.5124    34.5338    34.6117    27.1696    27.2345      1.083      1.045      0.351      0.339 0.0000e+00
      42024   1750.976    670.050 -106.86824   16.77732    665.000     6.1711     6.1451 3.4407e+04   3.445291     0.0639     0.0029    99.9273 1.0000e-12          0     0.5027     0.5130     0.0574     0.1220     4.6486     0.0000     0.0085     0.0000     0.5026     0.5125    34.5337    34.6115    27.1700    27.2349      1.006      1.087      0.326      0.353 0.0000e+00
      42044   1751.801    671.059 -106.86824   16.77732    666.000     6.1676     6.1415 3.4404e+04   3.445008     0.0639     0.0023    99.9441 1.0000e-12          0     0.5028     0.5129     0.0574     0.1220     4.6494     0.0000     0.0085     0.0000     0.5024     0.5126    34.5337    34.6115    27.1705    27.2353      0.948      1.044      0.308      0.339 0.0000e+00
      42065   1752.660    672.068 -106.86824   16.77732    667.000     6.1622     6.1361 3.4399e+04   3.444581     0.0639     0.0030    99.9240 1.0000e-12          0     0.5030     0.5128     0.0574     0.1221     4.6485     0.0000     0.0085     0.0000     0.5025     0.5124    34.5335    34.6117    27.1710    27.2362      1.175      0.979      0.381      0.317 0.0000e+00
      42087   1753.594    673.077 -106.86824   16.77732    668.000     6.1550     6.1287 3.4393e+04   3.443975     0.0639     0.0022    99.9460 1.0000e-12          0     0.5030     0.5127     0.0574     0.1221     4.6495     0.0000     0.0084     0.0000     0.5025     0.5125    34.5335    34.6119    27.1720    27.2373      1.034      1.054      0.335      0.342 0.0000e+00
      42113   1754.650    674.087 -106.86824   16.77732    669.000     6.1451     6.1189 3.4385e+04   3.443125     0.0639     0.0025    99.9387 1.0000e-12          0     0.5029     0.5128     0.0574     0.1220     4.6492     0.0000     0.0085     0.0000     0.5025     0.5124    34.5335    34.6118    27.1733    27.2385      1.098      1.006      0.356      0.326 0.0000e+00
      42142   1755.884    675.096 -106.86824   16.77732    670.000     6.1341     6.1078 3.4375e+04   3.442164     0.0639     0.0038    99.9052 1.0000e-12          0     0.5029     0.5128     0.0574     0.1223     4.6476     0.0000     0.0085     0.0000     0.5025     0.5125    34.5335    34.6118    27.1747    27.2399      1.125      1.070      0.365      0.347 0.0000e+00
      42175   1757.267    676.105 -106.86824   16.77732    671.000     6.1250     6.0991 3.4368e+04   3.441365     0.0639     0.0022    99.9459 1.0000e-12          0     0.5029     0.5128     0.0574     0.1224     4.6495     0.0000     0.0085     0.0000     0.5027     0.5125    34.5334    34.6112    27.1757    27.2405      1.141      1.054      0.370      0.341 0.0000e+00
      42209   1758.685    677.114 -106.86824   16.77732    672.000     6.1210     6.0950 3.4364e+04   3.441031     0.0639     0.0022    99.9451 1.0000e-12          0     0.5029     0.5127     0.0574     0.1221     4.6495     0.0000     0.0085     0.0000     0.5027     0.5125    34.5333    34.6111    27.1762    27.2410      1.109      1.026      0.359      0.332 0.0000e+00
      42240   1759.974    678.124 -106.86824   16.77732    673.000     6.1136     6.0874 3.4358e+04   3.440449     0.0639     0.0021    99.9484 1.0000e-12          0     0.5030     0.5128     0.0574     0.1221     4.6496     0.0000     0.0084     0.0000     0.5026     0.5125    34.5333    34.6119    27.1771    27.2426      1.047      1.071      0.339      0.347 0.0000e+00
      42266   1761.057    679.133 -106.86824   16.77732    674.000     6.0987     6.0716 3.4345e+04   3.439106     0.0639     0.0029    99.9271 1.0000e-12          0     0.5030     0.5128     0.0574     0.1221     4.6486     0.0000     0.0085     0.0000     0.5027     0.5126    34.5332    34.6123    27.1790    27.2449      1.087      1.055      0.352      0.341 0.0000e+00
      42291   1762.076    680.142 -106.86824   16.77732    675.000     6.0855     6.0592 3.4332e+04   3.437947     0.0639     0.0030    99.9253 1.0000e-12          0     0.5030     0.5129     0.0574     0.1221     4.6485     0.0000     0.0085     0.0000     0.5025     0.5125    34.5321    34.6114    27.1798    27.2458      1.076      1.065      0.348      0.345 0.0000e+00
      42315   1763.100    681.152 -106.86824   16.77732    676.000     6.0777     6.0507 3.4326e+04   3.437193     0.0639     0.0021    99.9472 1.0000e-12          0     0.5030     0.5128     0.0574     0.1221     4.6496     0.0000     0.0085     0.0000     0.5027     0.5126    34.5320    34.6111    27.1807    27.2467      1.155      1.031      0.374      0.334 0.0000e+00
      42342   1764.193    682.161 -106.86824   16.77732    677.000     6.0739     6.0480 3.4323e+04   3.436928     0.0639     0.0021    99.9483 1.0000e-12          0     0.5030     0.5129     0.0574     0.1221     4.6496     0.0000     0.0085     0.0000     0.5027     0.5125    34.5326    34.6103    27.1817    27.2464      1.088      1.029      0.352      0.333 0.0000e+00
      42369   1765.340    683.170 -106.86824   16.77732    678.000     6.0720     6.0457 3.4322e+04   3.436776     0.0639     0.0028    99.9298 1.0000e-12          0     0.5030     0.5128     0.0574     0.1221     4.6488     0.0000     0.0085     0.0000     0.5026     0.5125    34.5326    34.6105    27.1819    27.2468      1.110      1.051      0.359      0.340 0.0000e+00
      42397   1766.496    684.179 -106.86824   16.77732    679.000     6.0638     6.0376 3.4315e+04   3.436121     0.0639     0.0025    99.9384 1.0000e-12          0     0.5030     0.5129     0.0574     0.1223     4.6491     0.0000     0.0085     0.0000     0.5027     0.5125    34.5325    34.6110    27.1829    27.2482      1.119      1.106      0.362      0.358 0.0000e+00
      42424   1767.622    685.188 -106.86824   16.77732    680.000     6.0474     6.0210 3.4300e+04   3.434743     0.0639     0.0026    99.9366 1.0000e-12          0     0.5031     0.5128     0.0574     0.1221     4.6491     0.0000     0.0085     0.0000     0.5027     0.5126    34.5321    34.6118    27.1847    27.2510      1.047      0.990      0.338      0.320 0.0000e+00
      42450   1768.716    686.198 -106.86824   16.77732    681.000     6.0325     6.0056 3.4287e+04   3.433374     0.0639     0.0021    99.9476 1.0000e-12          0     0.5030     0.5128     0.0574     0.1220     4.6496     0.0000     0.0085     0.0000     0.5026     0.5123    34.5317    34.6116    27.1863    27.2528      1.118      0.993      0.361      0.321 0.0000e+00
      42474   1769.729    687.207 -106.86824   16.77732    682.000     6.0125     5.9856 3.4269e+04   3.431645     0.0639     0.0022    99.9461 1.0000e-12          0     0.5030     0.5128     0.0574     0.1221     4.6495     0.0000     0.0085     0.0000     0.5026     0.5125    34.5316    34.6120    27.1887    27.2556      0.980      1.152      0.317      0.373 0.0000e+00
      42497   1770.685    688.216 -106.86824   16.77732    683.000     5.9922     5.9652 3.4252e+04   3.429888     0.0639     0.0021    99.9483 1.0000e-12          0     0.5031     0.5129     0.0574     0.1225     4.6496     0.0000     0.0084     0.0000     0.5025     0.5127    34.5320    34.6125    27.1916    27.2586      1.162      1.030      0.375      0.333 0.0000e+00
      42521   1771.654    689.226 -106.86824   16.77732    684.000     5.9720     5.9463 3.4234e+04   3.428123     0.0639     0.0021    99.9483 1.0000e-12          0     0.5029     0.5127     0.0574     0.1220     4.6496     0.0000     0.0085     0.0000     0.5026     0.5125    34.5323    34.6114    27.1943    27.2601      1.060      1.047      0.342      0.338 0.0000e+00
      42546   1772.700    690.235 -106.86824   16.77732    685.000     5.9668     5.9413 3.4230e+04   3.427636     0.0639     0.0021    99.9483 1.0000e-12          0     0.5030     0.5127     0.0574     0.1225     4.6496     0.0000     0.0085     0.0000     0.5025     0.5124    34.5322    34.6105    27.1950    27.2600      1.100      0.928      0.355      0.299 0.0000e+00
      42575   1773.920    691.244 -106.86824   16.77732    686.000     5.9650     5.9392 3.4228e+04   3.427449     0.0639     0.0021    99.9483 1.0000e-12          0     0.5029     0.5129     0.0574     0.1225     4.6496     0.0000     0.0085     0.0000     0.5025     0.5124    34.5318    34.6101    27.1949    27.2600      1.046      1.125      0.338      0.363 0.0000e+00
      42610   1775.392    692.254 -106.86824   16.77732    687.000     5.9636     5.9372 3.4227e+04   3.427317     0.0639     0.0021    99.9483 1.0000e-12          0     0.5030     0.5128     0.0574     0.1223     4.6496     0.0000     0.0085     0.0000     0.5026     0.5125    34.5318    34.6101    27.1951    27.2603      1.158      0.980      0.374      0.316 0.0000e+00
      42646   1776.885    693.263 -106.86824   16.77732    688.000     5.9596     5.9335 3.4225e+04   3.427048     0.0639     0.0021    99.9491 1.0000e-12          0     0.5029     0.5126     0.0574     0.1222     4.6496     0.0000     0.0085     0.0000     0.5027     0.5127    34.5325    34.6104    27.1961    27.2610      1.100      1.172      0.355      0.378 0.0000e+00
      42677   1778.175    694.272 -106.86824   16.77732    689.000     5.9520     5.9261 3.4218e+04   3.426436     0.0485     0.0021    99.9483 1.4232e-04          0     0.5029     0.5129     0.0558     0.1220     4.6496     0.0000     0.0092     0.0000     0.5026     0.5124    34.5326    34.6105    27.1971    27.2620      1.135      0.970      0.366      0.313 0.0000e+00
      42704   1779.277    695.282 -106.86824   16.77732    690.000     5.9458     5.9198 3.4213e+04   3.425909     0.0643     0.0021    99.9483 -3.360e-06          0     0.5030     0.5125     0.0574     0.1224     4.6496     0.0000     0.0085     0.0000     0.5026     0.5125    34.5325    34.6105    27.1979    27.2627      1.043      1.106      0.337      0.357 0.0000e+00
      42726   1780.195    696.291 -106.86824   16.77732    691.000     5.9420     5.9162 3.4210e+04   3.425631     0.0639     0.0021    99.9483 1.0000e-12          0     0.5031     0.5129     0.0574     0.1224     4.6496     0.0000     0.0085     0.0000     0.5025     0.5126    34.5326    34.6105    27.1985    27.2633      1.098      1.073      0.354      0.346 0.0000e+00
      42745   1781.019    697.300 -106.86824   16.77732    692.000     5.9343     5.9071 3.4204e+04   3.424990     0.0639     0.0021    99.9483 1.0000e-12          0     0.5030     0.5129     0.0574     0.1223     4.6496     0.0000     0.0085     0.0000     0.5027     0.5125    34.5326    34.6121    27.1994    27.2657      1.214      1.034      0.392      0.334 0.0000e+00
      42765   1781.826    698.310 -106.86824   16.77732    693.000     5.9139     5.8875 3.4185e+04   3.423252     0.0639     0.0021    99.9483 1.0000e-12          0     0.5030     0.5127     0.0574     0.1224     4.6496     0.0000     0.0085     0.0000     0.5027     0.5126    34.5317    34.6120    27.2013    27.2681      1.027      1.067      0.331      0.344 0.0000e+00
      42786   1782.694    699.319 -106.86824   16.77732    694.000     5.9073     5.8808 3.4180e+04   3.422570     0.0695     0.0021    99.9471 1.0000e-12          0     0.5030     0.5128     0.0579     0.1222     4.6495     0.0000     0.0085     0.0000     0.5025     0.5126    34.5318    34.6106    27.2022    27.2678      1.060      1.062      0.342      0.342 0.0000e+00
      42810   1783.720    700.328 -106.86824   16.77732    695.000     5.9032     5.8770 3.4176e+04   3.422250     0.0775     0.0022    99.9464 1.0000e-12          0     0.5030     0.5129     0.0587     0.1221     4.6495     0.0000     0.0085     0.0000     0.5026     0.5126    34.5319    34.6103    27.2028    27.2681      1.116      1.091      0.360      0.352 0.0000e+00
      42842   1785.052    701.338 -106.86824   16.77732    696.000     5.8990     5.8726 3.4174e+04   3.421904     0.0745     0.0025    99.9386 1.0000e-12          0     0.5031     0.5128     0.0584     0.1221     4.6492     0.0000     0.0085     0.0000     0.5026     0.5125    34.5327    34.6105    27.2039    27.2687      1.100      1.052      0.355      0.339 0.0000e+00
