data/ctd-cnv/KM1919/KM1919-St20-P2/St20_P2_cast47-align-cellTM-derive-bin.cnv
* Sea-Bird SBE 9 Data File:
* FileName = C:\Users\otg\Desktop\CTD Data\km1920\St20_P2_cast47.hex
* Software Version Seasave V 7.26.7.107
* Temperature SN = 5554
* Conductivity SN = 3876
* Number of Bytes Per Scan = 41
* Number of Voltage Words = 4
* Number of Scans Averaged by the Deck Unit = 1
* NMEA Latitude = 16 46.72 N
* NMEA Longitude = 106 48.51 W
* NMEA UTC (Time) = Oct 09 2019  01:06:19
* NMEA baud rate = 4800
** Ship: Kilo Moana
** Station: St20_P2 cast 47
** Operator: CF
** 6 pm cast
# nquan = 34
# nvalues = 200                         
# units = specified
# name 0 = scan: Scan Count
# name 1 = timeS: Time, Elapsed [seconds]
# name 2 = prDM: Pressure, Digiquartz [db]
# name 3 = longitude: Longitude [deg]
# name 4 = latitude: Latitude [deg]
# name 5 = depSMignore: Depth [salt water, m]
# name 6 = t090C: Temperature [ITS-90, deg C]
# name 7 = t190C: Temperature, 2 [ITS-90, deg C]
# name 8 = c0uS/cm: Conductivity [uS/cm]
# name 9 = c1S/m: Conductivity, 2 [S/m]
# name 10 = flECO-AFL: Fluorescence, WET Labs ECO-AFL/FL [mg/m^3]
# name 11 = CStarAt0: Beam Attenuation, WET Labs C-Star [1/m]
# name 12 = CStarTr0: Beam Transmission, WET Labs C-Star [%]
# name 13 = par: PAR/Irradiance, Biospherical/Licor
# name 14 = modError: Modulo Error Count
# name 15 = v0: Voltage 0
# name 16 = v1: Voltage 1
# name 17 = v2: Voltage 2
# name 18 = v3: Voltage 3
# name 19 = v4: Voltage 4
# name 20 = v5: Voltage 5
# name 21 = v6: Voltage 6
# name 22 = v7: Voltage 7
# name 23 = sbeox0V: Oxygen raw, SBE 43 [V]
# name 24 = sbeox1V: Oxygen raw, SBE 43, 2 [V]
# name 25 = sal00: Salinity, Practical [PSU]
# name 26 = sal11: Salinity, Practical, 2 [PSU]
# name 27 = sigma-é00: Density [sigma-theta, kg/m^3]
# name 28 = sigma-é11: Density, 2 [sigma-theta, kg/m^3]
# name 29 = sbeox0Mm/L: Oxygen, SBE 43 [umol/l], WS = 2
# name 30 = sbeox1Mm/L: Oxygen, SBE 43, 2 [umol/l], WS = 2
# name 31 = sbeox0PS: Oxygen, SBE 43 [% saturation], WS = 2
# name 32 = sbeox1PS: Oxygen, SBE 43, 2 [% saturation], WS = 2
# name 33 = flag: flag
# span 0 =         11,      11618       
# span 1 =      0.416,    484.029       
# span 2 =      1.006,    201.291       
# span 3 = -106.80836, -106.80808       
# span 4 =   16.77880,   16.77890       
# span 5 =      1.000,    200.000       
# span 6 =    12.0951,    29.6011       
# span 7 =    12.0696,    29.5538       
# span 8 = 3.9943e+04, 5.7305e+04       
# span 9 =   4.000244,   5.737935       
# span 10 =     0.0451,     1.7132      
# span 11 =     0.0202,     0.1179      
# span 12 =    97.0951,    99.4960      
# span 13 = 1.9183e-04, 5.8720e+00      
# span 14 =          0,          0      
# span 15 =     0.5045,     2.5133      
# span 16 =     0.5161,     2.4946      
# span 17 =     0.0555,     0.2223      
# span 18 =     0.1145,     0.1176      
# span 19 =     4.5169,     4.6285      
# span 20 =     0.0000,     0.0000      
# span 21 =     0.0097,     1.7775      
# span 22 =     0.0000,     0.0000      
# span 23 =     0.5034,     2.5093      
# span 24 =     0.5151,     2.4951      
# span 25 =    34.2879,    34.7823      
# span 26 =    34.3822,    34.8721      
# span 27 =    21.5415,    26.3965      
# span 28 =    21.6209,    26.4647      
# span 29 =      0.973,    230.890      
# span 30 =      0.825,    241.579      
# span 31 =      0.360,    108.297      
# span 32 =      0.309,    112.704      
# span 33 = 0.0000e+00, 0.0000e+00      
# interval = meters: 1                  
# start_time = Oct 09 2019 01:10:34 [NMEA time, first data scan]
# bad_flag = -9.990e-29
*END*
[from data line 171]
       9993    416.349    173.099 -106.80812   16.77890    172.000    12.3385    12.3068 4.0173e+04   4.022949     0.0719     0.0337    99.1608 3.0184e-04          0     0.5055     0.5175     0.0582     0.1149     4.6129     0.0000     0.0102     0.0000     0.5045     0.5167    34.7780    34.8620    26.3559    26.4273      1.157      1.488      0.431      0.554 0.0000e+00
      10010    417.038    174.106 -106.80812   16.77890    173.000    12.3271    12.2956 4.0162e+04   4.021832     0.0746     0.0334    99.1692 2.7236e-04          0     0.5055     0.5176     0.0585     0.1150     4.6133     0.0000     0.0101     0.0000     0.5046     0.5167    34.7777    34.8612    26.3579    26.4289      1.191      1.501      0.443      0.558 0.0000e+00
      10027    417.758    175.112 -106.80812   16.77890    174.000    12.3186    12.2870 4.0154e+04   4.021055     0.0641     0.0336    99.1622 2.8681e-04          0     0.5055     0.5177     0.0574     0.1150     4.6130     0.0000     0.0102     0.0000     0.5046     0.5167    34.7772    34.8612    26.3592    26.4306      1.180      1.447      0.439      0.538 0.0000e+00
      10050    418.700    176.119 -106.80812   16.77890    175.000    12.3018    12.2703 4.0137e+04   4.019290     0.0736     0.0337    99.1609 2.8334e-04          0     0.5055     0.5177     0.0584     0.1151     4.6129     0.0000     0.0101     0.0000     0.5046     0.5165    34.7758    34.8593    26.3614    26.4323      1.150      1.478      0.428      0.549 0.0000e+00
      10152    422.968    177.126 -106.80810   16.77890    176.000    12.3223    12.2821 4.0159e+04   4.020340     0.0629     0.0337    99.1602 2.2631e-04          0     0.5054     0.5174     0.0573     0.1148     4.6129     0.0000     0.0099     0.0000     0.5045     0.5164    34.7774    34.8580    26.3587    26.4291      1.158      1.433      0.431      0.533 0.0000e+00
      10192    424.606    178.133 -106.80810   16.77890    177.000    12.3017    12.2710 4.0138e+04   4.019532     0.0632     0.0337    99.1608 2.0244e-04          0     0.5055     0.5174     0.0573     0.1150     4.6129     0.0000     0.0098     0.0000     0.5044     0.5163    34.7761    34.8601    26.3617    26.4329      1.134      1.408      0.422      0.523 0.0000e+00
      10210    425.376    179.140 -106.80810   16.77890    178.000    12.2953    12.2643 4.0132e+04   4.018727     0.0633     0.0337    99.1608 2.3200e-04          0     0.5054     0.5175     0.0573     0.1149     4.6129     0.0000     0.0099     0.0000     0.5044     0.5164    34.7758    34.8581    26.3628    26.4326      1.179      1.433      0.438      0.533 0.0000e+00
      10230    426.195    180.146 -106.80810   16.77890    179.000    12.2944    12.2635 4.0132e+04   4.018679     0.0633     0.0337    99.1608 2.2993e-04          0     0.5054     0.5169     0.0573     0.1149     4.6129     0.0000     0.0099     0.0000     0.5045     0.5162    34.7758    34.8580    26.3629    26.4327      1.168      1.364      0.435      0.507 0.0000e+00
      10251    427.082    181.153 -106.80810   16.77890    180.000    12.2939    12.2630 4.0132e+04   4.018673     0.0720     0.0337    99.1608 2.0401e-04          0     0.5054     0.5175     0.0582     0.1149     4.6129     0.0000     0.0098     0.0000     0.5045     0.5160    34.7761    34.8579    26.3633    26.4328      1.147      1.370      0.426      0.509 0.0000e+00
      10286    428.550    182.160 -106.80810   16.77890    181.000    12.2932    12.2626 4.0132e+04   4.018667     0.0710     0.0336    99.1645 2.1664e-04          0     0.5054     0.5172     0.0581     0.1150     4.6131     0.0000     0.0099     0.0000     0.5045     0.5161    34.7765    34.8578    26.3638    26.4328      1.157      1.423      0.430      0.529 0.0000e+00
      10408    433.634    183.167 -106.80810   16.77890    182.000    12.2973    12.2683 4.0136e+04   4.019244     0.0718     0.0330    99.1804 2.0523e-04          0     0.5054     0.5169     0.0582     0.1149     4.6139     0.0000     0.0098     0.0000     0.5045     0.5159    34.7757    34.8577    26.3624    26.4316      1.174      1.360      0.436      0.506 0.0000e+00
      10441    435.019    184.174 -106.80810   16.77890    183.000    12.2893    12.2582 4.0129e+04   4.018405     0.0647     0.0336    99.1626 2.2605e-04          0     0.5053     0.5170     0.0575     0.1149     4.6130     0.0000     0.0099     0.0000     0.5046     0.5160    34.7759    34.8585    26.3641    26.4343      1.178      1.415      0.438      0.526 0.0000e+00
      10462    435.884    185.181 -106.80810   16.77890    184.000    12.2762    12.2439 4.0116e+04   4.017202     0.0760     0.0335    99.1660 2.0362e-04          0     0.5053     0.5169     0.0586     0.1149     4.6132     0.0000     0.0098     0.0000     0.5045     0.5160    34.7757    34.8597    26.3665    26.4380      1.127      1.351      0.419      0.502 0.0000e+00
      10482    436.724    186.188 -106.80810   16.77890    185.000    12.2294    12.1957 4.0070e+04   4.012713     0.0451     0.0336    99.1646 2.0334e-04          0     0.5054     0.5168     0.0555     0.1169     4.6131     0.0000     0.0098     0.0000     0.5044     0.5161    34.7734    34.8606    26.3738    26.4480      1.122      1.444      0.417      0.536 0.0000e+00
      10506    437.718    187.195 -106.80810   16.77890    186.000    12.2098    12.1788 4.0051e+04   4.010660     0.0565     0.0330    99.1786 2.1138e-04          0     0.5055     0.5168     0.0566     0.1171     4.6138     0.0000     0.0098     0.0000     0.5044     0.5161    34.7732    34.8560    26.3774    26.4477      1.164      1.417      0.432      0.526 0.0000e+00
      10558    439.871    188.201 -106.80810   16.77890    187.000    12.1957    12.1656 4.0037e+04   4.009335     0.0677     0.0328    99.1842 2.1168e-04          0     0.5054     0.5169     0.0578     0.1158     4.6140     0.0000     0.0098     0.0000     0.5044     0.5159    34.7723    34.8550    26.3795    26.4495      1.133      1.361      0.420      0.505 0.0000e+00
      10613    442.172    189.208 -106.80810   16.77890    188.000    12.1786    12.1484 4.0021e+04   4.007657     0.0656     0.0327    99.1870 2.0986e-04          0     0.5054     0.5170     0.0576     0.1150     4.6142     0.0000     0.0098     0.0000     0.5043     0.5157    34.7719    34.8544    26.3824    26.4523      1.082      1.311      0.401      0.486 0.0000e+00
      10736    447.285    190.215 -106.80810   16.77888    189.000    12.1825    12.1511 4.0025e+04   4.007839     0.0649     0.0322    99.1990 2.0770e-04          0     0.5051     0.5166     0.0575     0.1149     4.6147     0.0000     0.0098     0.0000     0.5042     0.5157    34.7718    34.8531    26.3817    26.4508      1.157      1.355      0.429      0.502 0.0000e+00
      10802    450.032    191.222 -106.80810   16.77888    190.000    12.1670    12.1370 4.0010e+04   4.006742     0.0639     0.0326    99.1883 2.0340e-04          0     0.5053     0.5166     0.0574     0.1151     4.6143     0.0000     0.0098     0.0000     0.5044     0.5157    34.7719    34.8552    26.3848    26.4552      1.119      1.359      0.415      0.504 0.0000e+00
      10823    450.905    192.229 -106.80810   16.77890    191.000    12.1592    12.1280 4.0003e+04   4.005851     0.0639     0.0316    99.2136 2.0334e-04          0     0.5054     0.5166     0.0574     0.1149     4.6154     0.0000     0.0098     0.0000     0.5042     0.5157    34.7718    34.8545    26.3862    26.4564      1.077      1.341      0.399      0.497 0.0000e+00
      10842    451.697    193.236 -106.80810   16.77890    192.000    12.1441    12.1120 3.9989e+04   4.004480     0.0639     0.0327    99.1880 2.0334e-04          0     0.5053     0.5167     0.0574     0.1151     4.6142     0.0000     0.0098     0.0000     0.5042     0.5157    34.7712    34.8556    26.3886    26.4604      1.180      1.311      0.437      0.486 0.0000e+00
      10863    452.580    194.243 -106.80810   16.77890    193.000    12.1237    12.0926 3.9969e+04   4.002415     0.0634     0.0319    99.2061 2.0334e-04          0     0.5052     0.5166     0.0574     0.1150     4.6151     0.0000     0.0098     0.0000     0.5044     0.5155    34.7701    34.8532    26.3917    26.4622      1.113      1.321      0.412      0.489 0.0000e+00
      10952    456.278    195.250 -106.80810   16.77890    194.000    12.1304    12.0982 3.9975e+04   4.002833     0.0659     0.0321    99.2022 2.0334e-04          0     0.5052     0.5165     0.0576     0.1154     4.6149     0.0000     0.0098     0.0000     0.5039     0.5156    34.7702    34.8516    26.3905    26.4600      1.029      1.325      0.381      0.491 0.0000e+00
      11096    462.283    196.257 -106.80808   16.77890    195.000    12.1305    12.1007 3.9976e+04   4.003402     0.0652     0.0324    99.1952 2.0334e-04          0     0.5050     0.5164     0.0575     0.1172     4.6146     0.0000     0.0098     0.0000     0.5039     0.5156    34.7705    34.8544    26.3908    26.4616      0.995      1.284      0.369      0.475 0.0000e+00
      11113    462.988    197.264 -106.80808   16.77890    196.000    12.1165    12.0842 3.9963e+04   4.001722     0.0639     0.0328    99.1828 2.0334e-04          0     0.5052     0.5165     0.0574     0.1161     4.6140     0.0000     0.0098     0.0000     0.5038     0.5153    34.7703    34.8529    26.3933    26.4637      0.973      1.264      0.360      0.468 0.0000e+00
      11241    468.333    198.271 -106.80808   16.77890    197.000    12.1236    12.0914 3.9970e+04   4.002277     0.0544     0.0329    99.1824 1.9183e-04          0     0.5048     0.5164     0.0564     0.1158     4.6140     0.0000     0.0097     0.0000     0.5036     0.5155    34.7699    34.8513    26.3917    26.4610      1.062      1.340      0.394      0.496 0.0000e+00
      11498    479.033    199.277 -106.80808   16.77890    198.000    12.1267    12.0901 3.9973e+04   4.002166     0.0655     0.0323    99.1979 2.0587e-04          0     0.5045     0.5163     0.0576     0.1157     4.6147     0.0000     0.0098     0.0000     0.5035     0.5154    34.7700    34.8509    26.3912    26.4610      0.983      1.316      0.364      0.487 0.0000e+00
      11569    482.012    200.285 -106.80808   16.77890    199.000    12.1145    12.0802 3.9962e+04   4.001353     0.0636     0.0323    99.1958 1.9774e-04          0     0.5045     0.5164     0.0574     0.1161     4.6146     0.0000     0.0098     0.0000     0.5035     0.5153    34.7696    34.8519    26.3933    26.4637      1.008      1.269      0.373      0.470 0.0000e+00
      11618    484.029    201.291 -106.80808   16.77890    200.000    12.0951    12.0696 3.9943e+04   4.000244     0.0755     0.0312    99.2225 2.0629e-04          0     0.5045     0.5161     0.0585     0.1154     4.6158     0.0000     0.0098     0.0000     0.5034     0.5151    34.7690    34.8505    26.3965    26.4647      1.003      1.226      0.371      0.454 0.0000e+00
