data/ctd-cnv/KM1919/KM1919-St20-P2/St20_P2_cast55-align-cellTM-derive-bin.cnv
* Sea-Bird SBE 9 Data File:
* FileName = C:\Users\otg\Desktop\CTD Data\km1920\St20_P2_cast55.hex
* Software Version Seasave V 7.26.7.107
* Temperature SN = 5554
* Conductivity SN = 3876
* Number of Bytes Per Scan = 41
* Number of Voltage Words = 4
* Number of Scans Averaged by the Deck Unit = 1
* NMEA Latitude = 16 50.10 N
* NMEA Longitude = 106 51.68 W
* NMEA UTC (Time) = Oct 11 2019  19:05:44
* NMEA baud rate = 4800
** Ship: Kilo Moana
** Station: St20_P2 cast 55
** Operator: jac
# nquan = 34
# nvalues = 510                         
# units = specified
# name 0 = scan: Scan Count
# name 1 = timeS: Time, Elapsed [seconds]
# name 2 = prDM: Pressure, Digiquartz [db]
# name 3 = longitude: Longitude [deg]
# name 4 = latitude: Latitude [deg]
# name 5 = depSMignore: Depth [salt water, m]
# name 6 = t090C: Temperature [ITS-90, deg C]
# name 7 = t190C: Temperature, 2 [ITS-90, deg C]
# name 8 = c0uS/cm: Conductivity [uS/cm]
# name 9 = c1S/m: Conductivity, 2 [S/m]
# name 10 = flECO-AFL: Fluorescence, WET Labs ECO-AFL/FL [mg/m^3]
# name 11 = CStarAt0: Beam Attenuation, WET Labs C-Star [1/m]
# name 12 = CStarTr0: Beam Transmission, WET Labs C-Star [%]
# name 13 = par: PAR/Irradiance, Biospherical/Licor
# name 14 = modError: Modulo Error Count
# name 15 = v0: Voltage 0
# name 16 = v1: Voltage 1
# name 17 = v2: Voltage 2
# name 18 = v3: Voltage 3
# name 19 = v4: Voltage 4
# name 20 = v5: Voltage 5
# name 21 = v6: Voltage 6
# name 22 = v7: Voltage 7
# name 23 = sbeox0V: Oxygen raw, SBE 43 [V]
# name 24 = sbeox1V: Oxygen raw, SBE 43, 2 [V]
# name 25 = sal00: Salinity, Practical [PSU]
# name 26 = sal11: Salinity, Practical, 2 [PSU]
# name 27 = sigma-é00: Density [sigma-theta, kg/m^3]
# name 28 = sigma-é11: Density, 2 [sigma-theta, kg/m^3]
# name 29 = sbeox0Mm/L: Oxygen, SBE 43 [umol/l], WS = 2
# name 30 = sbeox1Mm/L: Oxygen, SBE 43, 2 [umol/l], WS = 2
# name 31 = sbeox0PS: Oxygen, SBE 43 [% saturation], WS = 2
# name 32 = sbeox1PS: Oxygen, SBE 43, 2 [% saturation], WS = 2
# name 33 = flag: flag
# span 0 =         69,      17460       
# span 1 =      2.831,    727.445       
# span 2 =      2.012,    514.690       
# span 3 = -106.86150, -106.86139       
# span 4 =   16.83494,   16.83498       
# span 5 =      2.000,    511.000       
# span 6 =     8.0045,    29.0041       
# span 7 =     7.9772,    28.9632       
# span 8 = 3.6041e+04, 5.6572e+04       
# span 9 =   3.609094,   5.665162       
# span 10 =     0.0427,     1.5603      
# span 11 =     0.0369,     0.1287      
# span 12 =    96.8330,    99.0829      
# span 13 = 1.8648e-04, 1.2240e+03      
# span 14 =          0,          0      
# span 15 =     0.5034,     2.5091      
# span 16 =     0.5136,     2.4969      
# span 17 =     0.0552,     0.2070      
# span 18 =     0.1121,     0.1154      
# span 19 =     4.5047,     4.6093      
# span 20 =     0.0000,     0.0000      
# span 21 =     0.0097,     4.0830      
# span 22 =     0.0000,     0.0000      
# span 23 =     0.5025,     2.5102      
# span 24 =     0.5129,     2.4900      
# span 25 =    34.2630,    34.7818      
# span 26 =    34.3578,    34.8708      
# span 27 =    21.5420,    26.9399      
# span 28 =    21.6183,    27.0071      
# span 29 =      0.905,    231.319      
# span 30 =      0.990,    241.443      
# span 31 =      0.306,    107.674      
# span 32 =      0.339,    112.395      
# span 33 = 0.0000e+00, 0.0000e+00      
# interval = meters: 1                  
# start_time = Oct 11 2019 19:08:18 [NMEA time, first data scan]
# bad_flag = -9.990e-29
*END*
[from data line 427]
      15091    628.759    432.012 -106.86148   16.83496    429.000     8.9893     8.9607 3.6950e+04   3.700220     0.0639     0.0390    99.0295 2.0334e-04          0     0.5042     0.5147     0.0574     0.1146     4.6068     0.0000     0.0098     0.0000     0.5035     0.5137    34.6023    34.6843    26.8160    26.8848      1.123      1.058      0.388      0.366 0.0000e+00
      15130    630.394    433.020 -106.86148   16.83496    430.000     8.9793     8.9511 3.6941e+04   3.699248     0.0645     0.0391    99.0262 1.9819e-04          0     0.5042     0.5146     0.0575     0.1147     4.6066     0.0000     0.0098     0.0000     0.5034     0.5135    34.6017    34.6831    26.8171    26.8854      1.104      1.168      0.382      0.404 0.0000e+00
      15163    631.748    434.028 -106.86148   16.83496    431.000     8.9705     8.9419 3.6933e+04   3.698430     0.0662     0.0390    99.0295 2.0333e-04          0     0.5042     0.5146     0.0576     0.1148     4.6068     0.0000     0.0098     0.0000     0.5033     0.5137    34.6020    34.6830    26.8188    26.8868      1.107      1.205      0.383      0.417 0.0000e+00
      15186    632.714    435.036 -106.86148   16.83496    432.000     8.9626     8.9340 3.6926e+04   3.697718     0.0645     0.0390    99.0295 2.0334e-04          0     0.5043     0.5142     0.0575     0.1149     4.6068     0.0000     0.0098     0.0000     0.5034     0.5139    34.6013    34.6828    26.8195    26.8879      1.095      1.283      0.379      0.444 0.0000e+00
      15206    633.537    436.044 -106.86148   16.83496    433.000     8.9443     8.9150 3.6908e+04   3.696050     0.0626     0.0390    99.0295 2.0334e-04          0     0.5042     0.5143     0.0573     0.1146     4.6068     0.0000     0.0098     0.0000     0.5032     0.5141    34.6005    34.6833    26.8218    26.8913      1.120      1.139      0.387      0.394 0.0000e+00
      15225    634.338    437.052 -106.86148   16.83496    434.000     8.9315     8.9027 3.6897e+04   3.694806     0.0633     0.0390    99.0295 2.0334e-04          0     0.5043     0.5144     0.0573     0.1147     4.6068     0.0000     0.0098     0.0000     0.5034     0.5135    34.6000    34.6818    26.8234    26.8921      1.169      1.074      0.404      0.371 0.0000e+00
      15247    635.247    438.060 -106.86148   16.83496    435.000     8.9049     8.8758 3.6871e+04   3.692415     0.0649     0.0389    99.0316 1.9508e-04          0     0.5041     0.5144     0.0575     0.1146     4.6069     0.0000     0.0097     0.0000     0.5034     0.5139    34.5984    34.6825    26.8264    26.8969      1.137      1.184      0.393      0.409 0.0000e+00
      15273    636.351    439.068 -106.86148   16.83496    436.000     8.8895     8.8612 3.6857e+04   3.690760     0.0669     0.0386    99.0389 2.0332e-04          0     0.5041     0.5146     0.0577     0.1145     4.6073     0.0000     0.0098     0.0000     0.5035     0.5135    34.5981    34.6790    26.8286    26.8964      1.070      1.108      0.370      0.382 0.0000e+00
      15302    637.556    440.076 -106.86148   16.83496    437.000     8.8835     8.8551 3.6851e+04   3.690244     0.0659     0.0390    99.0296 1.9660e-04          0     0.5043     0.5146     0.0576     0.1149     4.6068     0.0000     0.0098     0.0000     0.5033     0.5139    34.5978    34.6790    26.8293    26.8975      1.082      1.189      0.374      0.411 0.0000e+00
      15331    638.748    441.085 -106.86148   16.83496    438.000     8.8736     8.8451 3.6842e+04   3.689351     0.0648     0.0390    99.0295 2.0333e-04          0     0.5042     0.5147     0.0575     0.1147     4.6068     0.0000     0.0098     0.0000     0.5032     0.5136    34.5972    34.6790    26.8305    26.8990      1.003      1.105      0.346      0.382 0.0000e+00
      15361    639.985    442.093 -106.86148   16.83496    439.000     8.8525     8.8239 3.6822e+04   3.687359     0.0663     0.0390    99.0286 2.0334e-04          0     0.5042     0.5143     0.0576     0.1145     4.6068     0.0000     0.0098     0.0000     0.5032     0.5136    34.5965    34.6782    26.8333    26.9018      1.083      1.134      0.374      0.391 0.0000e+00
      15392    641.304    443.101 -106.86148   16.83496    440.000     8.8465     8.8183 3.6817e+04   3.686773     0.0666     0.0390    99.0295 1.9683e-04          0     0.5041     0.5146     0.0577     0.1143     4.6068     0.0000     0.0098     0.0000     0.5031     0.5136    34.5964    34.6771    26.8341    26.9018      1.143      1.095      0.394      0.377 0.0000e+00
      15422    642.550    444.109 -106.86148   16.83496    441.000     8.8415     8.8135 3.6813e+04   3.686350     0.0652     0.0390    99.0295 2.0329e-04          0     0.5040     0.5143     0.0575     0.1148     4.6068     0.0000     0.0098     0.0000     0.5033     0.5134    34.5964    34.6769    26.8349    26.9025      1.119      1.146      0.386      0.395 0.0000e+00
      15448    643.615    445.117 -106.86148   16.83494    442.000     8.8385     8.8102 3.6810e+04   3.686073     0.0650     0.0390    99.0295 1.9459e-04          0     0.5040     0.5143     0.0575     0.1149     4.6068     0.0000     0.0097     0.0000     0.5033     0.5138    34.5962    34.6767    26.8353    26.9028      1.082      1.257      0.373      0.433 0.0000e+00
      15470    644.526    446.125 -106.86148   16.83494    443.000     8.8340     8.8057 3.6806e+04   3.685715     0.0645     0.0389    99.0307 2.0319e-04          0     0.5038     0.5144     0.0575     0.1148     4.6069     0.0000     0.0098     0.0000     0.5033     0.5136    34.5958    34.6769    26.8357    26.9037      1.016      1.015      0.350      0.350 0.0000e+00
      15490    645.385    447.133 -106.86148   16.83494    444.000     8.8069     8.7770 3.6780e+04   3.683282     0.0645     0.0379    99.0555 2.0334e-04          0     0.5041     0.5142     0.0575     0.1149     4.6081     0.0000     0.0098     0.0000     0.5030     0.5134    34.5944    34.6789    26.8388    26.9098      1.081      1.096      0.373      0.377 0.0000e+00
      15514    646.359    448.141 -106.86148   16.83494    445.000     8.7821     8.7532 3.6757e+04   3.680830     0.0639     0.0379    99.0558 2.0334e-04          0     0.5041     0.5141     0.0574     0.1148     4.6081     0.0000     0.0098     0.0000     0.5032     0.5134    34.5934    34.6759    26.8420    26.9112      1.139      1.132      0.392      0.390 0.0000e+00
      15547    647.743    449.150 -106.86148   16.83494    446.000     8.7710     8.7430 3.6747e+04   3.679748     0.0655     0.0382    99.0497 2.0334e-04          0     0.5041     0.5145     0.0576     0.1144     4.6078     0.0000     0.0098     0.0000     0.5032     0.5136    34.5933    34.6740    26.8436    26.9113      1.073      1.167      0.369      0.402 0.0000e+00
      15583    649.244    450.158 -106.86148   16.83494    447.000     8.7623     8.7340 3.6739e+04   3.678950     0.0651     0.0384    99.0448 2.0334e-04          0     0.5040     0.5141     0.0575     0.1146     4.6076     0.0000     0.0098     0.0000     0.5033     0.5135    34.5931    34.6740    26.8449    26.9127      1.115      1.083      0.384      0.373 0.0000e+00
      15610    650.381    451.166 -106.86148   16.83494    448.000     8.7524     8.7237 3.6730e+04   3.678022     0.0639     0.0382    99.0478 1.9446e-04          0     0.5040     0.5143     0.0574     0.1147     4.6077     0.0000     0.0097     0.0000     0.5033     0.5136    34.5926    34.6738    26.8461    26.9142      1.085      1.207      0.374      0.415 0.0000e+00
      15632    651.305    452.174 -106.86148   16.83494    449.000     8.7349     8.7073 3.6713e+04   3.676517     0.0651     0.0386    99.0394 2.0346e-04          0     0.5041     0.5143     0.0575     0.1147     4.6073     0.0000     0.0098     0.0000     0.5032     0.5137    34.5919    34.6735    26.8483    26.9166      1.033      1.133      0.355      0.390 0.0000e+00
      15653    652.187    453.182 -106.86148   16.83494    450.000     8.7287     8.7006 3.6708e+04   3.675813     0.0656     0.0390    99.0295 1.9410e-04          0     0.5040     0.5144     0.0576     0.1143     4.6068     0.0000     0.0097     0.0000     0.5031     0.5135    34.5917    34.6722    26.8491    26.9166      1.161      1.107      0.399      0.381 0.0000e+00
      15676    653.130    454.190 -106.86148   16.83494    451.000     8.7245     8.6963 3.6704e+04   3.675417     0.0654     0.0392    99.0252 2.0319e-04          0     0.5040     0.5141     0.0576     0.1146     4.6066     0.0000     0.0098     0.0000     0.5033     0.5136    34.5912    34.6718    26.8494    26.9170      1.026      1.117      0.353      0.384 0.0000e+00
      15702    654.194    455.199 -106.86148   16.83494    452.000     8.7195     8.6921 3.6700e+04   3.675073     0.0661     0.0391    99.0275 1.9591e-04          0     0.5040     0.5143     0.0576     0.1145     4.6067     0.0000     0.0098     0.0000     0.5030     0.5133    34.5912    34.6717    26.8502    26.9176      1.045      1.084      0.359      0.373 0.0000e+00
      15730    655.391    456.207 -106.86148   16.83494    453.000     8.7174     8.6897 3.6698e+04   3.674853     0.0660     0.0385    99.0424 2.0344e-04          0     0.5040     0.5144     0.0576     0.1148     4.6074     0.0000     0.0098     0.0000     0.5030     0.5136    34.5910    34.6713    26.8504    26.9177      1.039      1.193      0.357      0.410 0.0000e+00
      15759    656.577    457.215 -106.86148   16.83494    454.000     8.7171     8.6894 3.6698e+04   3.674853     0.0673     0.0390    99.0296 1.9637e-04          0     0.5041     0.5143     0.0577     0.1146     4.6068     0.0000     0.0098     0.0000     0.5033     0.5134    34.5916    34.6712    26.8509    26.9176      1.200      1.038      0.413      0.357 0.0000e+00
      15788    657.793    458.223 -106.86148   16.83494    455.000     8.7155     8.6874 3.6697e+04   3.674728     0.0652     0.0383    99.0467 2.0311e-04          0     0.5038     0.5141     0.0575     0.1146     4.6077     0.0000     0.0098     0.0000     0.5032     0.5134    34.5913    34.6713    26.8510    26.9181      1.077      1.107      0.370      0.380 0.0000e+00
      15820    659.116    459.231 -106.86148   16.83494    456.000     8.7107     8.6826 3.6693e+04   3.674345     0.0647     0.0383    99.0458 2.0334e-04          0     0.5038     0.5144     0.0575     0.1145     4.6076     0.0000     0.0098     0.0000     0.5031     0.5135    34.5911    34.6715    26.8516    26.9190      1.012      1.120      0.348      0.385 0.0000e+00
      15848    660.289    460.239 -106.86148   16.83494    457.000     8.7034     8.6752 3.6686e+04   3.673700     0.0639     0.0380    99.0529 2.0334e-04          0     0.5041     0.5141     0.0574     0.1145     4.6080     0.0000     0.0098     0.0000     0.5031     0.5133    34.5909    34.6715    26.8525    26.9201      1.132      1.109      0.389      0.381 0.0000e+00
      15873    661.354    461.248 -106.86148   16.83494    458.000     8.6945     8.6667 3.6678e+04   3.672882     0.0639     0.0379    99.0547 1.9537e-04          0     0.5040     0.5141     0.0574     0.1145     4.6080     0.0000     0.0097     0.0000     0.5033     0.5136    34.5907    34.6707    26.8538    26.9208      1.020      1.103      0.351      0.379 0.0000e+00
      15899    662.397    462.256 -106.86148   16.83494    459.000     8.6904     8.6624 3.6675e+04   3.672507     0.0644     0.0379    99.0558 2.0319e-04          0     0.5039     0.5141     0.0574     0.1143     4.6081     0.0000     0.0098     0.0000     0.5029     0.5132    34.5905    34.6705    26.8543    26.9214      0.943      1.081      0.324      0.371 0.0000e+00
      15924    663.459    463.264 -106.86148   16.83494    460.000     8.6879     8.6597 3.6673e+04   3.672281     0.0648     0.0385    99.0409 1.9567e-04          0     0.5039     0.5140     0.0575     0.1146     4.6074     0.0000     0.0098     0.0000     0.5029     0.5134    34.5902    34.6703    26.8545    26.9216      1.219      1.180      0.419      0.405 0.0000e+00
      15950    664.547    464.272 -106.86148   16.83494    461.000     8.6869     8.6587 3.6672e+04   3.672223     0.0644     0.0390    99.0297 2.0323e-04          0     0.5039     0.5143     0.0574     0.1145     4.6068     0.0000     0.0098     0.0000     0.5033     0.5136    34.5902    34.6702    26.8546    26.9218      1.174      1.186      0.404      0.407 0.0000e+00
      15977    665.683    465.280 -106.86148   16.83494    462.000     8.6852     8.6572 3.6671e+04   3.672114     0.0643     0.0390    99.0295 1.9611e-04          0     0.5038     0.5140     0.0574     0.1145     4.6068     0.0000     0.0098     0.0000     0.5032     0.5136    34.5899    34.6701    26.8547    26.9219      1.019      1.098      0.350      0.377 0.0000e+00
      16003    666.762    466.289 -106.86148   16.83494    463.000     8.6815     8.6535 3.6668e+04   3.671904     0.0659     0.0390    99.0295 1.8648e-04          0     0.5038     0.5142     0.0576     0.1145     4.6068     0.0000     0.0097     0.0000     0.5032     0.5134    34.5901    34.6710    26.8554    26.9232      1.053      1.038      0.362      0.356 0.0000e+00
      16028    667.779    467.297 -106.86150   16.83494    464.000     8.6566     8.6269 3.6645e+04   3.669495     0.0666     0.0390    99.0295 2.0383e-04          0     0.5040     0.5142     0.0577     0.1146     4.6068     0.0000     0.0098     0.0000     0.5030     0.5134    34.5893    34.6711    26.8587    26.9275      1.092      1.180      0.375      0.405 0.0000e+00
      16053    668.822    468.305 -106.86150   16.83494    465.000     8.6494     8.6217 3.6638e+04   3.668841     0.0643     0.0386    99.0395 1.8783e-04          0     0.5040     0.5143     0.0574     0.1148     4.6073     0.0000     0.0097     0.0000     0.5032     0.5136    34.5891    34.6689    26.8597    26.9266      1.076      1.126      0.369      0.386 0.0000e+00
      16083    670.083    469.314 -106.86150   16.83494    466.000     8.6436     8.6157 3.6633e+04   3.668327     0.0653     0.0382    99.0498 2.0333e-04          0     0.5040     0.5141     0.0575     0.1146     4.6078     0.0000     0.0098     0.0000     0.5032     0.5133    34.5886    34.6689    26.8602    26.9275      1.061      1.047      0.364      0.359 0.0000e+00
      16118    671.547    470.322 -106.86150   16.83494    467.000     8.6399     8.6120 3.6630e+04   3.667977     0.0639     0.0380    99.0543 2.0334e-04          0     0.5039     0.5142     0.0574     0.1149     4.6080     0.0000     0.0098     0.0000     0.5030     0.5133    34.5886    34.6683    26.8608    26.9276      1.067      1.144      0.366      0.393 0.0000e+00
      16149    672.832    471.330 -106.86150   16.83494    468.000     8.6373     8.6093 3.6628e+04   3.667803     0.0644     0.0379    99.0558 1.8746e-04          0     0.5040     0.5142     0.0574     0.1146     4.6081     0.0000     0.0097     0.0000     0.5031     0.5134    34.5886    34.6686    26.8612    26.9283      1.113      1.115      0.382      0.383 0.0000e+00
      16174    673.862    472.338 -106.86150   16.83494    469.000     8.6240     8.5958 3.6616e+04   3.666598     0.0644     0.0379    99.0558 1.9492e-04          0     0.5039     0.5140     0.0575     0.1149     4.6081     0.0000     0.0097     0.0000     0.5032     0.5132    34.5881    34.6687    26.8629    26.9305      1.101      1.003      0.378      0.344 0.0000e+00
      16197    674.814    473.347 -106.86150   16.83494    470.000     8.6198     8.5917 3.6612e+04   3.666200     0.0633     0.0380    99.0534 2.0336e-04          0     0.5038     0.5140     0.0573     0.1146     4.6080     0.0000     0.0098     0.0000     0.5030     0.5135    34.5878    34.6681    26.8633    26.9306      0.905      1.154      0.311      0.396 0.0000e+00
