data/ctd-cnv/KM1919/KM1919-St20-P2/St20_P2_cast34-align-cellTM-derive-bin.cnv
* Sea-Bird SBE 9 Data File:
* FileName = C:\Users\otg\Desktop\CTD Data\km1920\St20_P2_cast34.hex
* Software Version Seasave V 7.26.7.107
* Temperature SN = 5554
* Conductivity SN = 3876
* Number of Bytes Per Scan = 41
* Number of Voltage Words = 4
* Number of Scans Averaged by the Deck Unit = 1
* NMEA Latitude = 16 47.14 N
* NMEA Longitude = 106 51.16 W
* NMEA UTC (Time) = Oct 06 2019  19:31:20
* NMEA baud rate = 4800
** Ship: Kilo Moana
** Station: St20_P2cast 34
** Operator: cf
** eDNA
# nquan = 34
# nvalues = 704                         
# units = specified
# name 0 = scan: Scan Count
# name 1 = timeS: Time, Elapsed [seconds]
# name 2 = prDM: Pressure, Digiquartz [db]
# name 3 = longitude: Longitude [deg]
# name 4 = latitude: Latitude [deg]
# name 5 = depSMignore: Depth [salt water, m]
# name 6 = t090C: Temperature [ITS-90, deg C]
# name 7 = t190C: Temperature, 2 [ITS-90, deg C]
# name 8 = c0uS/cm: Conductivity [uS/cm]
# name 9 = c1S/m: Conductivity, 2 [S/m]
# name 10 = flECO-AFL: Fluorescence, WET Labs ECO-AFL/FL [mg/m^3]
# name 11 = CStarAt0: Beam Attenuation, WET Labs C-Star [1/m]
# name 12 = CStarTr0: Beam Transmission, WET Labs C-Star [%]
# name 13 = par: PAR/Irradiance, Biospherical/Licor
# name 14 = modError: Modulo Error Count
# name 15 = v0: Voltage 0
# name 16 = v1: Voltage 1
# name 17 = v2: Voltage 2
# name 18 = v3: Voltage 3
# name 19 = v4: Voltage 4
# name 20 = v5: Voltage 5
# name 21 = v6: Voltage 6
# name 22 = v7: Voltage 7
# name 23 = sbeox0V: Oxygen raw, SBE 43 [V]
# name 24 = sbeox1V: Oxygen raw, SBE 43, 2 [V]
# name 25 = sal00: Salinity, Practical [PSU]
# name 26 = sal11: Salinity, Practical, 2 [PSU]
# name 27 = sigma-é00: Density [sigma-theta, kg/m^3]
# name 28 = sigma-é11: Density, 2 [sigma-theta, kg/m^3]
# name 29 = sbeox0Mm/L: Oxygen, SBE 43 [umol/l], WS = 2
# name 30 = sbeox1Mm/L: Oxygen, SBE 43, 2 [umol/l], WS = 2
# name 31 = sbeox0PS: Oxygen, SBE 43 [% saturation], WS = 2
# name 32 = sbeox1PS: Oxygen, SBE 43, 2 [% saturation], WS = 2
# name 33 = flag: flag
# span 0 =        -12,      23490       
# span 1 =     -0.544,    978.720       
# span 2 =      1.006,    709.413       
# span 3 = -106.85292, -106.85276       
# span 4 =   16.78568,   16.78570       
# span 5 =      1.000,    704.000       
# span 6 =     6.0668,    29.5516       
# span 7 =     6.0401,    29.5443       
# span 8 = 3.4328e+04, 5.7270e+04       
# span 9 =   3.437385,   5.737654       
# span 10 =     0.0420,     1.8612      
# span 11 =     0.0144,     0.1406      
# span 12 =    96.5470,    99.6399      
# span 13 = 1.8359e-05, 1.5040e+03      
# span 14 =          0,          0      
# span 15 =     0.5030,     2.4700      
# span 16 =     0.5116,     2.4574      
# span 17 =     0.0552,     0.2371      
# span 18 =     0.1139,     0.1256      
# span 19 =     4.4914,     4.6352      
# span 20 =     0.0000,     0.0000      
# span 21 =     0.0086,     4.1786      
# span 22 =     0.0000,     0.0000      
# span 23 =     0.5024,     2.4686      
# span 24 =     0.5111,     2.4558      
# span 25 =    34.3439,    34.7852      
# span 26 =    34.4377,    34.8730      
# span 27 =    21.5677,    27.1823      
# span 28 =    21.6286,    27.2476      
# span 29 =      0.807,    228.432      
# span 30 =      0.695,    239.673      
# span 31 =      0.274,    105.275      
# span 32 =      0.225,    110.402      
# span 33 = 0.0000e+00, 0.0000e+00      
# interval = meters: 1                  
# start_time = Oct 06 2019 19:38:19 [NMEA time, first data scan]
# bad_flag = -9.990e-29
*END*
[from data line 171]
       7991    332.927    173.099 -106.85284   16.78568    172.000    12.4433    12.4114 4.0281e+04   4.033538     0.0639     0.0402    99.0017 3.4948e-02          0     0.5067     0.5183     0.0574     0.1149     4.6055     0.0000     0.1402     0.0000     0.5058     0.5173    34.7848    34.8672    26.3409    26.4110      1.363      1.590      0.508      0.593 0.0000e+00
       8018    334.051    174.106 -106.85284   16.78568    173.000    12.4260    12.3935 4.0263e+04   4.031982     0.0639     0.0401    99.0033 3.6871e-02          0     0.5067     0.5181     0.0574     0.1154     4.6056     0.0000     0.1464     0.0000     0.5058     0.5171    34.7838    34.8684    26.3435    26.4154      1.320      1.505      0.492      0.561 0.0000e+00
       8041    335.009    175.113 -106.85284   16.78568    174.000    12.3952    12.3633 4.0232e+04   4.028892     0.0639     0.0408    98.9856 3.1879e-02          0     0.5066     0.5180     0.0574     0.1151     4.6048     0.0000     0.1301     0.0000     0.5057     0.5170    34.7819    34.8662    26.3480    26.4196      1.329      1.563      0.495      0.582 0.0000e+00
       8063    335.936    176.119 -106.85284   16.78568    175.000    12.3811    12.3494 4.0219e+04   4.027458     0.0645     0.0413    98.9735 3.0446e-02          0     0.5067     0.5182     0.0575     0.1149     4.6042     0.0000     0.1253     0.0000     0.5057     0.5172    34.7817    34.8648    26.3506    26.4213      1.351      1.561      0.503      0.581 0.0000e+00
       8088    336.953    177.126 -106.85284   16.78568    176.000    12.3561    12.3237 4.0194e+04   4.025105     0.0772     0.0401    99.0038 3.2002e-02          0     0.5067     0.5182     0.0587     0.1151     4.6056     0.0000     0.1305     0.0000     0.5058     0.5171    34.7805    34.8655    26.3546    26.4268      1.364      1.537      0.508      0.572 0.0000e+00
       8115    338.095    178.133 -106.85284   16.78568    177.000    12.3299    12.2984 4.0168e+04   4.022424     0.0638     0.0394    99.0197 3.1234e-02          0     0.5066     0.5179     0.0574     0.1151     4.6064     0.0000     0.1280     0.0000     0.5058     0.5170    34.7793    34.8627    26.3587    26.4296      1.349      1.539      0.502      0.572 0.0000e+00
       8143    339.252    179.140 -106.85284   16.78568    178.000    12.3187    12.2869 4.0158e+04   4.021366     0.0639     0.0396    99.0163 2.9985e-02          0     0.5067     0.5181     0.0574     0.1151     4.6062     0.0000     0.1238     0.0000     0.5057     0.5171    34.7794    34.8626    26.3610    26.4318      1.302      1.552      0.484      0.577 0.0000e+00
       8170    340.355    180.147 -106.85284   16.78568    179.000    12.2851    12.2527 4.0125e+04   4.018164     0.0676     0.0390    99.0298 2.5112e-02          0     0.5067     0.5180     0.0578     0.1152     4.6068     0.0000     0.1069     0.0000     0.5057     0.5169    34.7777    34.8630    26.3662    26.4387      1.345      1.489      0.500      0.553 0.0000e+00
       8197    341.487    181.153 -106.85284   16.78568    180.000    12.2635    12.2322 4.0104e+04   4.015914     0.0713     0.0389    99.0323 2.4380e-02          0     0.5067     0.5179     0.0581     0.1150     4.6069     0.0000     0.1040     0.0000     0.5057     0.5169    34.7770    34.8598    26.3698    26.4402      1.328      1.571      0.493      0.584 0.0000e+00
       8227    342.741    182.160 -106.85284   16.78568    181.000    12.2587    12.2275 4.0100e+04   4.015436     0.0642     0.0384    99.0442 2.1162e-02          0     0.5066     0.5179     0.0574     0.1151     4.6075     0.0000     0.0929     0.0000     0.5057     0.5170    34.7773    34.8592    26.3710    26.4406      1.362      1.521      0.506      0.565 0.0000e+00
       8259    344.099    183.167 -106.85284   16.78568    182.000    12.2543    12.2232 4.0096e+04   4.015060     0.0639     0.0387    99.0357 2.2089e-02          0     0.5066     0.5178     0.0574     0.1152     4.6071     0.0000     0.0963     0.0000     0.5056     0.5168    34.7768    34.8591    26.3715    26.4414      1.299      1.486      0.483      0.552 0.0000e+00
       8290    345.363    184.174 -106.85284   16.78568    183.000    12.2517    12.2206 4.0094e+04   4.014811     0.0639     0.0384    99.0439 2.3060e-02          0     0.5066     0.5178     0.0574     0.1151     4.6075     0.0000     0.0996     0.0000     0.5056     0.5167    34.7772    34.8586    26.3724    26.4416      1.346      1.494      0.500      0.555 0.0000e+00
       8316    346.465    185.181 -106.85284   16.78568    184.000    12.2507    12.2196 4.0093e+04   4.014780     0.0639     0.0383    99.0457 1.8894e-02          0     0.5067     0.5179     0.0574     0.1150     4.6076     0.0000     0.0846     0.0000     0.5058     0.5168    34.7771    34.8588    26.3726    26.4420      1.428      1.526      0.531      0.567 0.0000e+00
       8341    347.493    186.188 -106.85284   16.78568    185.000    12.2403    12.2079 4.0084e+04   4.013859     0.0639     0.0388    99.0348 1.9969e-02          0     0.5066     0.5177     0.0574     0.1145     4.6071     0.0000     0.0887     0.0000     0.5058     0.5167    34.7770    34.8604    26.3745    26.4455      1.363      1.499      0.506      0.557 0.0000e+00
       8367    348.589    187.195 -106.85284   16.78568    186.000    12.2138    12.1810 4.0058e+04   4.011232     0.0639     0.0383    99.0460 1.8885e-02          0     0.5065     0.5176     0.0574     0.1150     4.6076     0.0000     0.0845     0.0000     0.5057     0.5168    34.7760    34.8595    26.3788    26.4500      1.258      1.506      0.467      0.559 0.0000e+00
       8396    349.784    188.202 -106.85284   16.78568    187.000    12.1877    12.1561 4.0032e+04   4.008857     0.0639     0.0384    99.0427 1.7145e-02          0     0.5066     0.5177     0.0574     0.1152     4.6075     0.0000     0.0782     0.0000     0.5057     0.5168    34.7752    34.8592    26.3832    26.4545      1.391      1.528      0.516      0.567 0.0000e+00
       8425    350.989    189.209 -106.85284   16.78568    188.000    12.1756    12.1442 4.0021e+04   4.007603     0.0639     0.0379    99.0569 1.1793e-02          0     0.5067     0.5176     0.0574     0.1151     4.6082     0.0000     0.0575     0.0000     0.5058     0.5167    34.7746    34.8577    26.3852    26.4557      1.370      1.468      0.508      0.544 0.0000e+00
       8449    352.004    190.215 -106.85284   16.78568    189.000    12.1631    12.1319 4.0009e+04   4.006420     0.0639     0.0374    99.0688 1.7944e-02          0     0.5065     0.5177     0.0574     0.1154     4.6087     0.0000     0.0812     0.0000     0.5057     0.5166    34.7744    34.8572    26.3874    26.4577      1.297      1.514      0.481      0.561 0.0000e+00
       8469    352.841    191.222 -106.85284   16.78568    190.000    12.1571    12.1262 4.0004e+04   4.005879     0.0639     0.0374    99.0689 1.5536e-02          0     0.5065     0.5176     0.0574     0.1153     4.6087     0.0000     0.0719     0.0000     0.5057     0.5167    34.7747    34.8569    26.3888    26.4586      1.374      1.480      0.509      0.549 0.0000e+00
       8488    353.621    192.229 -106.85284   16.78568    191.000    12.1514    12.1204 3.9999e+04   4.005377     0.0639     0.0376    99.0644 2.0173e-02          0     0.5066     0.5177     0.0574     0.1153     4.6085     0.0000     0.0893     0.0000     0.5058     0.5165    34.7749    34.8569    26.3901    26.4598      1.418      1.475      0.526      0.546 0.0000e+00
       8506    354.387    193.236 -106.85284   16.78568    192.000    12.1435    12.1121 3.9992e+04   4.004730     0.0639     0.0370    99.0781 1.7287e-02          0     0.5066     0.5176     0.0574     0.1153     4.6091     0.0000     0.0787     0.0000     0.5058     0.5168    34.7754    34.8579    26.3920    26.4621      1.368      1.573      0.507      0.583 0.0000e+00
       8526    355.221    194.243 -106.85284   16.78568    193.000    12.1121    12.0790 3.9961e+04   4.001820     0.0639     0.0373    99.0719 1.7272e-02          0     0.5066     0.5175     0.0574     0.1150     4.6088     0.0000     0.0786     0.0000     0.5058     0.5167    34.7734    34.8601    26.3965    26.4702      1.293      1.484      0.479      0.549 0.0000e+00
       8552    356.303    195.250 -106.85284   16.78568    194.000    12.0607    12.0285 3.9909e+04   3.996627     0.0639     0.0373    99.0722 1.2926e-02          0     0.5065     0.5176     0.0574     0.1151     4.6088     0.0000     0.0621     0.0000     0.5057     0.5166    34.7701    34.8562    26.4038    26.4769      1.326      1.463      0.491      0.541 0.0000e+00
       8593    358.010    196.257 -106.85284   16.78568    195.000    12.0263    11.9946 3.9874e+04   3.992937     0.0639     0.0365    99.0920 1.8288e-02          0     0.5066     0.5176     0.0574     0.1150     4.6098     0.0000     0.0823     0.0000     0.5057     0.5166    34.7684    34.8515    26.4090    26.4797      1.392      1.503      0.514      0.556 0.0000e+00
       8642    360.036    197.264 -106.85284   16.78568    196.000    12.0120    11.9796 3.9861e+04   3.991328     0.0639     0.0364    99.0945 1.7820e-02          0     0.5065     0.5175     0.0574     0.1149     4.6099     0.0000     0.0805     0.0000     0.5057     0.5166    34.7678    34.8494    26.4114    26.4809      1.297      1.469      0.479      0.543 0.0000e+00
       8673    361.349    198.271 -106.85284   16.78568    197.000    11.9917    11.9600 3.9840e+04   3.989689     0.0639     0.0363    99.0966 1.9213e-02          0     0.5064     0.5174     0.0574     0.1151     4.6100     0.0000     0.0857     0.0000     0.5058     0.5166    34.7666    34.8513    26.4143    26.4862      1.433      1.488      0.529      0.550 0.0000e+00
       8698    362.371    199.278 -106.85284   16.78568    198.000    11.9644    11.9329 3.9814e+04   3.986833     0.0639     0.0358    99.1085 1.3668e-02          0     0.5067     0.5174     0.0574     0.1150     4.6105     0.0000     0.0648     0.0000     0.5059     0.5165    34.7655    34.8484    26.4187    26.4890      1.380      1.467      0.510      0.542 0.0000e+00
       8719    363.270    200.285 -106.85284   16.78568    199.000    11.9603    11.9297 3.9810e+04   3.986517     0.0639     0.0357    99.1107 1.3984e-02          0     0.5064     0.5175     0.0574     0.1152     4.6106     0.0000     0.0660     0.0000     0.5058     0.5164    34.7657    34.8478    26.4197    26.4892      1.355      1.473      0.500      0.544 0.0000e+00
       8740    364.107    201.292 -106.85284   16.78568    200.000    11.9568    11.9258 3.9807e+04   3.986170     0.0639     0.0357    99.1122 1.6005e-02          0     0.5065     0.5174     0.0574     0.1150     4.6107     0.0000     0.0737     0.0000     0.5058     0.5164    34.7657    34.8476    26.4203    26.4899      1.299      1.466      0.479      0.541 0.0000e+00
       8759    364.900    202.298 -106.85284   16.78568    201.000    11.9532    11.9223 3.9804e+04   3.985901     0.0639     0.0357    99.1099 1.3439e-02          0     0.5066     0.5173     0.0574     0.1150     4.6106     0.0000     0.0641     0.0000     0.5055     0.5164    34.7652    34.8478    26.4206    26.4907      1.270      1.494      0.469      0.551 0.0000e+00
       8777    365.660    203.305 -106.85284   16.78568    202.000    11.9444    11.9133 3.9796e+04   3.985122     0.0639     0.0357    99.1097 1.1674e-02          0     0.5066     0.5173     0.0574     0.1151     4.6106     0.0000     0.0572     0.0000     0.5057     0.5165    34.7653    34.8482    26.4224    26.4927      1.330      1.447      0.491      0.534 0.0000e+00
       8795    366.405    204.312 -106.85284   16.78568    203.000    11.9364    11.9048 3.9789e+04   3.984392     0.0639     0.0357    99.1116 1.4217e-02          0     0.5066     0.5172     0.0574     0.1149     4.6107     0.0000     0.0669     0.0000     0.5054     0.5164    34.7654    34.8485    26.4240    26.4946      1.334      1.401      0.492      0.517 0.0000e+00
       8814    367.212    205.319 -106.85284   16.78568    204.000    11.9110    11.8790 3.9765e+04   3.982086     0.0639     0.0358    99.1083 1.7379e-02          0     0.5066     0.5174     0.0574     0.1150     4.6105     0.0000     0.0790     0.0000     0.5057     0.5162    34.7652    34.8498    26.4287    26.5005      1.429      1.434      0.527      0.529 0.0000e+00
       8838    368.226    206.326 -106.85284   16.78568    205.000    11.8799    11.8474 3.9735e+04   3.979215     0.0639     0.0351    99.1271 1.5138e-02          0     0.5064     0.5173     0.0574     0.1152     4.6114     0.0000     0.0704     0.0000     0.5057     0.5162    34.7650    34.8508    26.4345    26.5073      1.293      1.401      0.477      0.516 0.0000e+00
       8871    369.601    207.333 -106.85284   16.78568    206.000    11.8406    11.8098 3.9698e+04   3.975238     0.0633     0.0343    99.1464 1.5324e-02          0     0.5064     0.5172     0.0573     0.1152     4.6122     0.0000     0.0712     0.0000     0.5055     0.5163    34.7642    34.8466    26.4413    26.5112      1.292      1.478      0.476      0.544 0.0000e+00
       8917    371.500    208.340 -106.85284   16.78568    207.000    11.8374    11.8070 3.9695e+04   3.974932     0.0639     0.0343    99.1461 1.8532e-02          0     0.5065     0.5171     0.0574     0.1152     4.6122     0.0000     0.0832     0.0000     0.5055     0.5161    34.7641    34.8459    26.4418    26.5111      1.264      1.399      0.466      0.515 0.0000e+00
       8954    373.034    209.347 -106.85284   16.78568    208.000    11.8353    11.8045 3.9693e+04   3.974732     0.0639     0.0344    99.1450 1.3970e-02          0     0.5063     0.5172     0.0574     0.1151     4.6122     0.0000     0.0660     0.0000     0.5051     0.5159    34.7643    34.8458    26.4425    26.5116      1.271      1.333      0.468      0.491 0.0000e+00
       8981    374.153    210.354 -106.85284   16.78568    209.000    11.8322    11.8010 3.9691e+04   3.974450     0.0639     0.0340    99.1538 1.3860e-02          0     0.5063     0.5170     0.0574     0.1154     4.6126     0.0000     0.0656     0.0000     0.5054     0.5159    34.7643    34.8458    26.4431    26.5123      1.286      1.464      0.474      0.539 0.0000e+00
       9006    375.197    211.361 -106.85284   16.78568    210.000    11.8283    11.7976 3.9687e+04   3.974151     0.0639     0.0341    99.1514 1.2924e-02          0     0.5063     0.5170     0.0574     0.1153     4.6125     0.0000     0.0618     0.0000     0.5052     0.5161    34.7641    34.8457    26.4436    26.5128      1.258      1.404      0.463      0.517 0.0000e+00
       9029    376.183    212.368 -106.85284   16.78568    211.000    11.8185    11.7862 3.9678e+04   3.973291     0.0639     0.0339    99.1572 1.0620e-02          0     0.5060     0.5168     0.0574     0.1156     4.6127     0.0000     0.0530     0.0000     0.5050     0.5160    34.7636    34.8475    26.4452    26.5164      1.120      1.410      0.412      0.519 0.0000e+00
       9051    377.077    213.375 -106.85284   16.78568    212.000    11.7868    11.7552 3.9646e+04   3.970209     0.0639     0.0338    99.1595 1.1195e-02          0     0.5062     0.5167     0.0574     0.1153     4.6128     0.0000     0.0550     0.0000     0.5048     0.5161    34.7616    34.8459    26.4496    26.5211      1.130      1.444      0.415      0.531 0.0000e+00
       9070    377.872    214.382 -106.85284   16.78568    213.000    11.7713    11.7399 3.9631e+04   3.968670     0.0639     0.0336    99.1638 1.5485e-02          0     0.5061     0.5168     0.0574     0.1150     4.6130     0.0000     0.0719     0.0000     0.5047     0.5162    34.7611    34.8447    26.4521    26.5231      1.151      1.392      0.423      0.512 0.0000e+00
