data/ctd-cnv/KM1919/KM1919-St20-P2/St20_P2_cast47-align-cellTM-derive-bin.cnv
* Sea-Bird SBE 9 Data File:
* FileName = C:\Users\otg\Desktop\CTD Data\km1920\St20_P2_cast47.hex
* Software Version Seasave V 7.26.7.107
* Temperature SN = 5554
* Conductivity SN = 3876
* Number of Bytes Per Scan = 41
* Number of Voltage Words = 4
* Number of Scans Averaged by the Deck Unit = 1
* NMEA Latitude = 16 46.72 N
* NMEA Longitude = 106 48.51 W
* NMEA UTC (Time) = Oct 09 2019  01:06:19
* NMEA baud rate = 4800
** Ship: Kilo Moana
** Station: St20_P2 cast 47
** Operator: CF
** 6 pm cast
# nquan = 34
# nvalues = 200                         
# units = specified
# name 0 = scan: Scan Count
# name 1 = timeS: Time, Elapsed [seconds]
# name 2 = prDM: Pressure, Digiquartz [db]
# name 3 = longitude: Longitude [deg]
# name 4 = latitude: Latitude [deg]
# name 5 = depSMignore: Depth [salt water, m]
# name 6 = t090C: Temperature [ITS-90, deg C]
# name 7 = t190C: Temperature, 2 [ITS-90, deg C]
# name 8 = c0uS/cm: Conductivity [uS/cm]
# name 9 = c1S/m: Conductivity, 2 [S/m]
# name 10 = flECO-AFL: Fluorescence, WET Labs ECO-AFL/FL [mg/m^3]
# name 11 = CStarAt0: Beam Attenuation, WET Labs C-Star [1/m]
# name 12 = CStarTr0: Beam Transmission, WET Labs C-Star [%]
# name 13 = par: PAR/Irradiance, Biospherical/Licor
# name 14 = modError: Modulo Error Count
# name 15 = v0: Voltage 0
# name 16 = v1: Voltage 1
# name 17 = v2: Voltage 2
# name 18 = v3: Voltage 3
# name 19 = v4: Voltage 4
# name 20 = v5: Voltage 5
# name 21 = v6: Voltage 6
# name 22 = v7: Voltage 7
# name 23 = sbeox0V: Oxygen raw, SBE 43 [V]
# name 24 = sbeox1V: Oxygen raw, SBE 43, 2 [V]
# name 25 = sal00: Salinity, Practical [PSU]
# name 26 = sal11: Salinity, Practical, 2 [PSU]
# name 27 = sigma-é00: Density [sigma-theta, kg/m^3]
# name 28 = sigma-é11: Density, 2 [sigma-theta, kg/m^3]
# name 29 = sbeox0Mm/L: Oxygen, SBE 43 [umol/l], WS = 2
# name 30 = sbeox1Mm/L: Oxygen, SBE 43, 2 [umol/l], WS = 2
# name 31 = sbeox0PS: Oxygen, SBE 43 [% saturation], WS = 2
# name 32 = sbeox1PS: Oxygen, SBE 43, 2 [% saturation], WS = 2
# name 33 = flag: flag
# span 0 =         11,      11618       
# span 1 =      0.416,    484.029       
# span 2 =      1.006,    201.291       
# span 3 = -106.80836, -106.80808       
# span 4 =   16.77880,   16.77890       
# span 5 =      1.000,    200.000       
# span 6 =    12.0951,    29.6011       
# span 7 =    12.0696,    29.5538       
# span 8 = 3.9943e+04, 5.7305e+04       
# span 9 =   4.000244,   5.737935       
# span 10 =     0.0451,     1.7132      
# span 11 =     0.0202,     0.1179      
# span 12 =    97.0951,    99.4960      
# span 13 = 1.9183e-04, 5.8720e+00      
# span 14 =          0,          0      
# span 15 =     0.5045,     2.5133      
# span 16 =     0.5161,     2.4946      
# span 17 =     0.0555,     0.2223      
# span 18 =     0.1145,     0.1176      
# span 19 =     4.5169,     4.6285      
# span 20 =     0.0000,     0.0000      
# span 21 =     0.0097,     1.7775      
# span 22 =     0.0000,     0.0000      
# span 23 =     0.5034,     2.5093      
# span 24 =     0.5151,     2.4951      
# span 25 =    34.2879,    34.7823      
# span 26 =    34.3822,    34.8721      
# span 27 =    21.5415,    26.3965      
# span 28 =    21.6209,    26.4647      
# span 29 =      0.973,    230.890      
# span 30 =      0.825,    241.579      
# span 31 =      0.360,    108.297      
# span 32 =      0.309,    112.704      
# span 33 = 0.0000e+00, 0.0000e+00      
# interval = meters: 1                  
# start_time = Oct 09 2019 01:10:34 [NMEA time, first data scan]
# bad_flag = -9.990e-29
*END*
[from data line 129]
       8301    345.834    130.817 -106.80816   16.77888    130.000    13.9153    13.8875 4.1634e+04   4.169622     0.4287     0.0351    99.1278 9.2935e-04          0     0.5087     0.5217     0.0939     0.1148     4.6114     0.0000     0.0129     0.0000     0.5072     0.5203    34.7392    34.8226    26.0072    26.0775      1.487      1.972      0.571      0.758 0.0000e+00
       8372    348.775    131.824 -106.80816   16.77889    131.000    13.8039    13.7693 4.1532e+04   4.159367     0.4305     0.0354    99.1200 8.5340e-04          0     0.5082     0.5212     0.0940     0.1148     4.6110     0.0000     0.0126     0.0000     0.5070     0.5201    34.7444    34.8336    26.0345    26.1107      1.441      1.847      0.552      0.708 0.0000e+00
       8396    349.793    132.830 -106.80816   16.77890    132.000    13.7204    13.6849 4.1455e+04   4.151802     0.3694     0.0330    99.1785 9.0993e-04          0     0.5082     0.5212     0.0879     0.1148     4.6138     0.0000     0.0128     0.0000     0.5070     0.5198    34.7477    34.8391    26.0544    26.1324      1.491      1.953      0.571      0.747 0.0000e+00
       8418    350.703    133.837 -106.80816   16.77890    133.000    13.6775    13.6442 4.1416e+04   4.147650     0.3333     0.0327    99.1869 8.4289e-04          0     0.5080     0.5214     0.0843     0.1150     4.6142     0.0000     0.0125     0.0000     0.5071     0.5200    34.7500    34.8367    26.0651    26.1390      1.482      1.877      0.567      0.718 0.0000e+00
       8439    351.599    134.844 -106.80816   16.77890    134.000    13.6530    13.6196 4.1395e+04   4.145491     0.3220     0.0327    99.1858 8.7692e-04          0     0.5081     0.5213     0.0832     0.1150     4.6141     0.0000     0.0127     0.0000     0.5070     0.5195    34.7516    34.8384    26.0714    26.1454      1.467      1.765      0.561      0.675 0.0000e+00
       8468    352.793    135.850 -106.80816   16.77890    135.000    13.5896    13.5562 4.1340e+04   4.140037     0.3095     0.0341    99.1507 8.0389e-04          0     0.5079     0.5208     0.0819     0.1149     4.6124     0.0000     0.0124     0.0000     0.5070     0.5194    34.7574    34.8445    26.0890    26.1633      1.480      1.830      0.565      0.699 0.0000e+00
       8580    357.438    136.857 -106.80813   16.77890    136.000    13.6275    13.5942 4.1375e+04   4.142855     0.3263     0.0343    99.1472 4.8509e-04          0     0.5079     0.5202     0.0836     0.1148     4.6123     0.0000     0.0110     0.0000     0.5070     0.5190    34.7550    34.8360    26.0793    26.1489      1.469      1.796      0.561      0.686 0.0000e+00
       8626    359.375    137.864 -106.80816   16.77890    137.000    13.5347    13.5033 4.1291e+04   4.135372     0.3070     0.0347    99.1365 5.4850e-04          0     0.5079     0.5200     0.0817     0.1147     4.6118     0.0000     0.0113     0.0000     0.5069     0.5191    34.7604    34.8481    26.1026    26.1769      1.480      1.794      0.564      0.684 0.0000e+00
       8664    360.959    138.870 -106.80816   16.77890    138.000    13.5006    13.4680 4.1260e+04   4.131844     0.2834     0.0351    99.1261 5.3370e-04          0     0.5079     0.5201     0.0794     0.1148     4.6113     0.0000     0.0112     0.0000     0.5070     0.5189    34.7621    34.8467    26.1110    26.1831      1.475      1.760      0.562      0.671 0.0000e+00
       8705    362.665    139.877 -106.80814   16.77890    139.000    13.4684    13.4359 4.1230e+04   4.128793     0.2837     0.0362    99.0984 5.0703e-04          0     0.5078     0.5200     0.0794     0.1149     4.6100     0.0000     0.0111     0.0000     0.5069     0.5187    34.7626    34.8467    26.1180    26.1898      1.480      1.731      0.564      0.659 0.0000e+00
       8755    364.769    140.883 -106.80814   16.77890    140.000    13.4324    13.3997 4.1198e+04   4.125605     0.2832     0.0362    99.0984 5.0878e-04          0     0.5079     0.5198     0.0794     0.1148     4.6100     0.0000     0.0111     0.0000     0.5068     0.5187    34.7646    34.8493    26.1269    26.1991      1.430      1.749      0.544      0.666 0.0000e+00
       8803    366.744    141.890 -106.80814   16.77890    141.000    13.3827    13.3498 4.1153e+04   4.121135     0.2698     0.0371    99.0760 5.0839e-04          0     0.5078     0.5197     0.0780     0.1148     4.6090     0.0000     0.0111     0.0000     0.5068     0.5185    34.7668    34.8523    26.1388    26.2117      1.442      1.695      0.548      0.645 0.0000e+00
       8843    368.397    142.897 -106.80814   16.77890    142.000    13.3416    13.3089 4.1115e+04   4.117375     0.2414     0.0364    99.0950 4.9821e-04          0     0.5077     0.5194     0.0751     0.1148     4.6099     0.0000     0.0111     0.0000     0.5066     0.5183    34.7687    34.8538    26.1486    26.2212      1.376      1.693      0.523      0.643 0.0000e+00
       8875    369.736    143.904 -106.80814   16.77890    143.000    13.3218    13.2899 4.1098e+04   4.115509     0.2347     0.0369    99.0817 4.8203e-04          0     0.5077     0.5194     0.0745     0.1148     4.6093     0.0000     0.0110     0.0000     0.5065     0.5183    34.7699    34.8531    26.1536    26.2245      1.367      1.665      0.519      0.632 0.0000e+00
       8903    370.906    144.910 -106.80814   16.77890    144.000    13.3149    13.2829 4.1092e+04   4.114934     0.2285     0.0369    99.0820 4.8236e-04          0     0.5076     0.5194     0.0739     0.1148     4.6093     0.0000     0.0110     0.0000     0.5062     0.5182    34.7698    34.8537    26.1550    26.2265      1.330      1.667      0.505      0.633 0.0000e+00
       8934    372.219    145.917 -106.80814   16.77890    145.000    13.2901    13.2576 4.1070e+04   4.112851     0.2236     0.0369    99.0826 4.8236e-04          0     0.5075     0.5193     0.0734     0.1148     4.6093     0.0000     0.0110     0.0000     0.5061     0.5181    34.7719    34.8567    26.1617    26.2340      1.300      1.641      0.493      0.622 0.0000e+00
       9019    375.734    146.923 -106.80814   16.77890    146.000    13.2728    13.2510 4.1055e+04   4.112150     0.2108     0.0362    99.0995 4.8236e-04          0     0.5070     0.5189     0.0720     0.1148     4.6101     0.0000     0.0110     0.0000     0.5061     0.5180    34.7723    34.8556    26.1655    26.2345      1.394      1.676      0.529      0.636 0.0000e+00
       9077    378.146    147.930 -106.80814   16.77890    147.000    13.1553    13.1229 4.0947e+04   4.100865     0.1949     0.0369    99.0813 4.8236e-04          0     0.5070     0.5187     0.0705     0.1149     4.6093     0.0000     0.0110     0.0000     0.5061     0.5179    34.7773    34.8657    26.1932    26.2682      1.335      1.623      0.505      0.614 0.0000e+00
       9096    378.956    148.937 -106.80814   16.77890    148.000    13.1433    13.1114 4.0935e+04   4.099486     0.1720     0.0362    99.0982 4.8236e-04          0     0.5071     0.5189     0.0682     0.1149     4.6100     0.0000     0.0110     0.0000     0.5060     0.5179    34.7770    34.8627    26.1955    26.2682      1.331      1.661      0.504      0.628 0.0000e+00
       9113    379.648    149.943 -106.80814   16.77890    149.000    13.1278    13.0955 4.0921e+04   4.097920     0.1638     0.0361    99.1001 4.8236e-04          0     0.5071     0.5191     0.0674     0.1149     4.6101     0.0000     0.0110     0.0000     0.5061     0.5181    34.7768    34.8621    26.1984    26.2710      1.302      1.658      0.492      0.627 0.0000e+00
       9129    380.324    150.950 -106.80814   16.77890    150.000    13.1160    13.0838 4.0910e+04   4.096792     0.1576     0.0368    99.0834 4.8236e-04          0     0.5068     0.5192     0.0668     0.1148     4.6094     0.0000     0.0110     0.0000     0.5058     0.5178    34.7771    34.8617    26.2011    26.2731      1.234      1.604      0.467      0.606 0.0000e+00
       9145    381.007    151.957 -106.80814   16.77890    151.000    13.1081    13.0753 4.0904e+04   4.096115     0.1558     0.0369    99.0820 4.8236e-04          0     0.5072     0.5188     0.0666     0.1149     4.6093     0.0000     0.0110     0.0000     0.5057     0.5178    34.7778    34.8626    26.2032    26.2755      1.283      1.584      0.485      0.599 0.0000e+00
       9165    381.830    152.964 -106.80814   16.77890    152.000    13.0521    13.0185 4.0850e+04   4.091046     0.1510     0.0376    99.0629 4.8236e-04          0     0.5071     0.5189     0.0661     0.1149     4.6084     0.0000     0.0110     0.0000     0.5057     0.5177    34.7775    34.8661    26.2142    26.2897      1.279      1.589      0.483      0.600 0.0000e+00
       9248    385.305    153.970 -106.80812   16.77889    153.000    13.0701    13.0371 4.0868e+04   4.092181     0.1367     0.0377    99.0620 4.7770e-04          0     0.5067     0.5186     0.0647     0.1149     4.6084     0.0000     0.0110     0.0000     0.5056     0.5176    34.7777    34.8594    26.2108    26.2808      1.298      1.567      0.490      0.592 0.0000e+00
       9335    388.934    154.977 -106.80812   16.77890    154.000    13.0751    13.0251 4.0876e+04   4.092235     0.1570     0.0369    99.0823 4.8242e-04          0     0.5065     0.5184     0.0667     0.1169     4.6093     0.0000     0.0110     0.0000     0.5058     0.5174    34.7805    34.8706    26.2120    26.2918      1.311      1.498      0.495      0.566 0.0000e+00
       9349    389.503    155.984 -106.80812   16.77890    155.000    12.9897    12.9514 4.0791e+04   4.085063     0.1468     0.0369    99.0820 4.8236e-04          0     0.5063     0.5185     0.0657     0.1168     4.6093     0.0000     0.0110     0.0000     0.5057     0.5177    34.7771    34.8696    26.2265    26.3059      1.309      1.602      0.494      0.604 0.0000e+00
       9364    390.112    156.990 -106.80812   16.77890    156.000    12.9654    12.9332 4.0770e+04   4.082805     0.1333     0.0379    99.0563 4.8236e-04          0     0.5068     0.5183     0.0643     0.1150     4.6081     0.0000     0.0110     0.0000     0.5058     0.5175    34.7795    34.8645    26.2333    26.3056      1.301      1.562      0.490      0.589 0.0000e+00
       9379    390.762    157.997 -106.80812   16.77890    157.000    12.9333    12.8986 4.0739e+04   4.079999     0.1288     0.0378    99.0590 4.8236e-04          0     0.5067     0.5187     0.0639     0.1149     4.6082     0.0000     0.0110     0.0000     0.5057     0.5175    34.7793    34.8691    26.2395    26.3161      1.228      1.563      0.463      0.589 0.0000e+00
       9399    391.573    159.004 -106.80812   16.77890    158.000    12.8988    12.8665 4.0708e+04   4.076620     0.1206     0.0378    99.0580 4.8236e-04          0     0.5067     0.5189     0.0631     0.1156     4.6082     0.0000     0.0110     0.0000     0.5055     0.5174    34.7803    34.8660    26.2473    26.3201      1.152      1.551      0.434      0.584 0.0000e+00
       9471    394.573    160.011 -106.80812   16.77889    159.000    12.9156    12.8763 4.0725e+04   4.077202     0.1125     0.0379    99.0567 4.5998e-04          0     0.5064     0.5183     0.0623     0.1153     4.6081     0.0000     0.0109     0.0000     0.5050     0.5172    34.7806    34.8621    26.2441    26.3152      1.195      1.543      0.450      0.581 0.0000e+00
       9544    397.632    161.018 -106.80812   16.77889    160.000    12.9077    12.8667 4.0718e+04   4.076781     0.1127     0.0377    99.0598 4.7254e-04          0     0.5058     0.5180     0.0623     0.1152     4.6083     0.0000     0.0110     0.0000     0.5052     0.5172    34.7814    34.8665    26.2464    26.3205      1.328      1.560      0.500      0.587 0.0000e+00
       9565    398.512    162.024 -106.80812   16.77890    161.000    12.8679    12.8365 4.0681e+04   4.073761     0.1127     0.0379    99.0570 4.6904e-04          0     0.5057     0.5183     0.0623     0.1151     4.6082     0.0000     0.0109     0.0000     0.5053     0.5171    34.7820    34.8651    26.2548    26.3255      1.307      1.595      0.492      0.600 0.0000e+00
       9587    399.410    163.031 -106.80812   16.77890    162.000    12.8421    12.8090 4.0657e+04   4.071536     0.1127     0.0386    99.0388 4.3408e-04          0     0.5060     0.5182     0.0623     0.1166     4.6073     0.0000     0.0108     0.0000     0.5054     0.5175    34.7820    34.8687    26.2599    26.3337      1.222      1.606      0.459      0.604 0.0000e+00
       9619    400.755    164.038 -106.80812   16.77890    163.000    12.7487    12.7154 4.0567e+04   4.062856     0.0966     0.0383    99.0467 3.9359e-04          0     0.5060     0.5180     0.0607     0.1166     4.6076     0.0000     0.0106     0.0000     0.5049     0.5170    34.7823    34.8716    26.2787    26.3546      1.091      1.465      0.410      0.550 0.0000e+00
       9696    403.969    165.044 -106.80812   16.77890    164.000    12.6731    12.7008 4.0495e+04   4.060807     0.0880     0.0370    99.0787 3.7689e-04          0     0.5060     0.5181     0.0598     0.1150     4.6092     0.0000     0.0105     0.0000     0.5049     0.5180    34.7822    34.8650    26.2936    26.3523      1.309      1.862      0.491      0.699 0.0000e+00
       9735    405.567    166.051 -106.80812   16.77890    165.000    12.5624    12.5290 4.0387e+04   4.044791     0.0838     0.0377    99.0609 4.6110e-04          0     0.5056     0.5178     0.0594     0.1162     4.6083     0.0000     0.0109     0.0000     0.5053     0.5165    34.7802    34.8697    26.3138    26.3898      1.236      0.825      0.462      0.309 0.0000e+00
       9758    406.533    167.058 -106.80812   16.77890    166.000    12.5274    12.4948 4.0353e+04   4.041246     0.0788     0.0365    99.0905 4.5564e-04          0     0.5059     0.5182     0.0589     0.1149     4.6097     0.0000     0.0109     0.0000     0.5050     0.5168    34.7795    34.8668    26.3202    26.3943      1.145      1.792      0.428      0.669 0.0000e+00
       9778    407.360    168.065 -106.80812   16.77890    167.000    12.4734    12.4380 4.0301e+04   4.036375     0.0886     0.0357    99.1117 3.9228e-04          0     0.5056     0.5183     0.0598     0.1149     4.6107     0.0000     0.0106     0.0000     0.5048     0.5170    34.7790    34.8721    26.3303    26.4095      1.055      1.523      0.394      0.568 0.0000e+00
       9797    408.154    169.072 -106.80812   16.77890    168.000    12.4116    12.3784 4.0242e+04   4.030192     0.0763     0.0350    99.1292 3.7635e-04          0     0.5061     0.5205     0.0586     0.1172     4.6115     0.0000     0.0105     0.0000     0.5047     0.5167    34.7783    34.8673    26.3419    26.4174      1.141      1.488      0.425      0.554 0.0000e+00
       9820    409.108    170.078 -106.80812   16.77890    169.000    12.3807    12.3491 4.0212e+04   4.027020     0.0752     0.0338    99.1581 3.7885e-04          0     0.5060     0.5173     0.0585     0.1154     4.6128     0.0000     0.0106     0.0000     0.5046     0.5169    34.7778    34.8634    26.3475    26.4201      1.157      1.511      0.431      0.563 0.0000e+00
       9910    412.883    171.085 -106.80812   16.77890    170.000    12.4011    12.3652 4.0234e+04   4.028261     0.0651     0.0356    99.1152 3.3585e-04          0     0.5055     0.5179     0.0575     0.1148     4.6108     0.0000     0.0104     0.0000     0.5046     0.5167    34.7793    34.8601    26.3447    26.4144      1.173      1.494      0.437      0.557 0.0000e+00
