data/ctd-cnv/KM1919/KM1919-St20-P2/St20_P2_cast32-align-cellTM-derive-bin.cnv
* Sea-Bird SBE 9 Data File:
* FileName = C:\Users\otg\Desktop\CTD Data\km1920\St20_P2_cast32.hex
* Software Version Seasave V 7.26.7.107
* Temperature SN = 5554
* Conductivity SN = 3876
* Number of Bytes Per Scan = 41
* Number of Voltage Words = 4
* Number of Scans Averaged by the Deck Unit = 1
* NMEA Latitude = 16 47.36 N
* NMEA Longitude = 106 50.11 W
* NMEA UTC (Time) = Oct 05 2019  21:23:46
* NMEA baud rate = 4800
** Ship: Kilo Moana
** Station: St20_P2cast 32
** Operator: jac
# nquan = 34
# nvalues = 500                         
# units = specified
# name 0 = scan: Scan Count
# name 1 = timeS: Time, Elapsed [seconds]
# name 2 = prDM: Pressure, Digiquartz [db]
# name 3 = longitude: Longitude [deg]
# name 4 = latitude: Latitude [deg]
# name 5 = depSMignore: Depth [salt water, m]
# name 6 = t090C: Temperature [ITS-90, deg C]
# name 7 = t190C: Temperature, 2 [ITS-90, deg C]
# name 8 = c0uS/cm: Conductivity [uS/cm]
# name 9 = c1S/m: Conductivity, 2 [S/m]
# name 10 = flECO-AFL: Fluorescence, WET Labs ECO-AFL/FL [mg/m^3]
# name 11 = CStarAt0: Beam Attenuation, WET Labs C-Star [1/m]
# name 12 = CStarTr0: Beam Transmission, WET Labs C-Star [%]
# name 13 = par: PAR/Irradiance, Biospherical/Licor
# name 14 = modError: Modulo Error Count
# name 15 = v0: Voltage 0
# name 16 = v1: Voltage 1
# name 17 = v2: Voltage 2
# name 18 = v3: Voltage 3
# name 19 = v4: Voltage 4
# name 20 = v5: Voltage 5
# name 21 = v6: Voltage 6
# name 22 = v7: Voltage 7
# name 23 = sbeox0V: Oxygen raw, SBE 43 [V]
# name 24 = sbeox1V: Oxygen raw, SBE 43, 2 [V]
# name 25 = sal00: Salinity, Practical [PSU]
# name 26 = sal11: Salinity, Practical, 2 [PSU]
# name 27 = sigma-é00: Density [sigma-theta, kg/m^3]
# name 28 = sigma-é11: Density, 2 [sigma-theta, kg/m^3]
# name 29 = sbeox0Mm/L: Oxygen, SBE 43 [umol/l], WS = 2
# name 30 = sbeox1Mm/L: Oxygen, SBE 43, 2 [umol/l], WS = 2
# name 31 = sbeox0PS: Oxygen, SBE 43 [% saturation], WS = 2
# name 32 = sbeox1PS: Oxygen, SBE 43, 2 [% saturation], WS = 2
# name 33 = flag: flag
# span 0 =        375,      21530       
# span 1 =     15.589,    897.025       
# span 2 =      2.012,    504.604       
# span 3 = -106.83496, -106.83464       
# span 4 =   16.78968,   16.78980       
# span 5 =      2.000,    501.000       
# span 6 =     7.5433,    29.5402       
# span 7 =     7.5157,    29.4889       
# span 8 = 3.5604e+04, 5.7223e+04       
# span 9 =   3.565203,   5.729186       
# span 10 =     0.0394,     1.9584      
# span 11 =     0.0079,     0.1393      
# span 12 =    96.5774,    99.8025      
# span 13 = 1.8616e-04, 1.0965e+03      
# span 14 =          0,          0      
# span 15 =     0.5030,     2.4989      
# span 16 =     0.5125,     2.4828      
# span 17 =     0.0549,     0.2469      
# span 18 =     0.1131,     0.1173      
# span 19 =     4.4928,     4.6428      
# span 20 =     0.0000,     0.0000      
# span 21 =     0.0097,     4.0363      
# span 22 =     0.0000,     0.0000      
# span 23 =     0.5023,     2.4986      
# span 24 =     0.5117,     2.4790      
# span 25 =    34.3621,    34.7863      
# span 26 =    34.4501,    34.8785      
# span 27 =    21.5533,    26.9991      
# span 28 =    21.6329,    27.0656      
# span 29 =      0.736,    224.172      
# span 30 =      0.796,    236.425      
# span 31 =      0.258,    106.934      
# span 32 =      0.267,    112.078      
# span 33 = 0.0000e+00, 0.0000e+00      
# interval = meters: 1                  
# start_time = Oct 05 2019 21:38:20 [NMEA time, first data scan]
# bad_flag = -9.990e-29
*END*
[from data line 86]
       5993    249.672     88.544 -106.83486   16.78974     88.000    16.9288    16.9841 4.4263e+04   4.441716     0.4393     0.0303    99.2456 1.4986e+00          0     0.8924     0.9137     0.0949     0.1134     4.6169     0.0000     1.2171     0.0000     0.8839     0.9047    34.4737    34.5602    25.1306    25.1839     50.956     54.891     20.748     22.385 0.0000e+00
       6092    253.771     89.551 -106.83486   16.78974     89.000    16.8398    16.8048 4.4175e+04   4.424041     0.4113     0.0296    99.2623 1.5458e+00          0     0.8835     0.9036     0.0922     0.1144     4.6176     0.0000     1.2297     0.0000     0.8707     0.8863    34.4729    34.5597    25.1509    25.2258     48.736     52.371     19.809     21.284 0.0000e+00
       6155    256.403     90.557 -106.83486   16.78974     90.000    16.7349    16.7035 4.4070e+04   4.413788     0.3901     0.0312    99.2241 1.5318e+00          0     0.8743     0.8909     0.0900     0.1139     4.6159     0.0000     1.2260     0.0000     0.8604     0.8762    34.4701    34.5569    25.1735    25.2474     46.611     50.859     18.908     20.629 0.0000e+00
       6212    258.787     91.563 -106.83486   16.78974     91.000    16.5469    16.5056 4.3885e+04   4.395438     0.3801     0.0282    99.2989 1.4913e+00          0     0.8668     0.8813     0.0890     0.1139     4.6194     0.0000     1.2151     0.0000     0.8406     0.8591    34.4697    34.5663    25.2171    25.3009     43.426     47.810     17.551     19.319 0.0000e+00
       6252    260.438     92.570 -106.83486   16.78974     92.000    16.2512    16.2109 4.3584e+04   4.365548     0.3584     0.0276    99.3121 1.4144e+00          0     0.8580     0.8744     0.0868     0.1135     4.6200     0.0000     1.1935     0.0000     0.8306     0.8472    34.4592    34.5574    25.2774    25.3622     43.835     47.197     17.614     18.961 0.0000e+00
       6303    262.591     93.576 -106.83486   16.78974     93.000    16.0859    16.0636 4.3413e+04   4.349128     0.3344     0.0257    99.3579 1.3224e+00          0     0.8397     0.8574     0.0844     0.1134     4.6221     0.0000     1.1662     0.0000     0.8242     0.8399    34.4502    34.5394    25.3084    25.3821     43.499     46.841     17.422     18.762 0.0000e+00
       6409    266.999     94.583 -106.83486   16.78974     94.000    15.9753    15.9508 4.3305e+04   4.337600     0.3234     0.0244    99.3923 1.2267e+00          0     0.8231     0.8381     0.0833     0.1138     4.6237     0.0000     1.1360     0.0000     0.8165     0.8297    34.4498    34.5347    25.3334    25.4043     42.913     45.701     17.150     18.265 0.0000e+00
       6510    271.199     95.589 -106.83486   16.78974     95.000    15.8123    15.7706 4.3143e+04   4.320378     0.5122     0.0233    99.4183 1.1486e+00          0     0.8172     0.8289     0.1022     0.1131     4.6250     0.0000     1.1097     0.0000     0.8020     0.8184    34.4473    34.5378    25.3684    25.4475     38.227     43.089     15.229     17.161 0.0000e+00
       6545    272.671     96.595 -106.83486   16.78974     96.000    15.7123    15.6794 4.3052e+04   4.311649     0.3644     0.0226    99.4360 1.0861e+00          0     0.8131     0.8264     0.0875     0.1140     4.6258     0.0000     1.0873     0.0000     0.7824     0.8021    34.4528    34.5391    25.3952    25.4691     35.610     39.893     14.158     15.859 0.0000e+00
       6579    274.095     97.602 -106.83486   16.78974     97.000    15.5018    15.4565 4.2854e+04   4.292594     0.2742     0.0216    99.4625 1.0267e+00          0     0.8069     0.8218     0.0784     0.1137     4.6270     0.0000     1.0650     0.0000     0.7701     0.7892    34.4581    34.5629    25.4465    25.5373     34.227     38.550     13.553     15.261 0.0000e+00
       6613    275.505     98.608 -106.83486   16.78974     98.000    15.3162    15.2811 4.2673e+04   4.273686     0.2512     0.0203    99.4939 9.6442e-01          0     0.7904     0.8103     0.0761     0.1143     4.6284     0.0000     1.0403     0.0000     0.7575     0.7759    34.4574    34.5463    25.4873    25.5636     33.819     36.898     13.342     14.554 0.0000e+00
       6759    281.581     99.615 -106.83486   16.78975     99.000    15.3375    15.2949 4.2704e+04   4.275322     0.2634     0.0199    99.5045 8.7142e-01          0     0.7527     0.7656     0.0773     0.1134     4.6289     0.0000     1.0009     0.0000     0.7501     0.7605    34.4670    34.5485    25.4900    25.5622     34.174     36.510     13.489     14.406 0.0000e+00
       6845    285.160    100.621 -106.83486   16.78976    100.000    15.2409    15.2002 4.2621e+04   4.267948     0.2347     0.0198    99.5060 8.3046e-01          0     0.7547     0.7656     0.0745     0.1144     4.6290     0.0000     0.9819     0.0000     0.7188     0.7400    34.4757    34.5649    25.5181    25.5958     24.137     30.194      9.509     11.892 0.0000e+00
       6868    286.106    101.628 -106.83486   16.78976    101.000    15.1622    15.1270 4.2568e+04   4.262917     0.2435     0.0183    99.5434 7.7557e-01          0     0.7494     0.7621     0.0754     0.1135     4.6307     0.0000     0.9553     0.0000     0.6975     0.7223    34.4974    34.5835    25.5522    25.6263     20.270     26.696      7.974     10.500 0.0000e+00
       6895    287.249    102.634 -106.83486   16.78976    102.000    15.1194    15.0846 4.2549e+04   4.260915     0.2460     0.0178    99.5556 7.3197e-01          0     0.7388     0.7549     0.0756     0.1141     4.6313     0.0000     0.9331     0.0000     0.6746     0.7000    34.5167    34.6024    25.5765    25.6503     18.843     23.293      7.407      9.155 0.0000e+00
       6964    290.108    103.641 -106.83486   16.78976    103.000    15.1001    15.0633 4.2549e+04   4.260790     0.2147     0.0177    99.5590 6.9128e-01          0     0.6926     0.7128     0.0725     0.1135     4.6315     0.0000     0.9113     0.0000     0.6605     0.6758    34.5340    34.6198    25.5941    25.6683     20.927     23.017      8.224      9.044 0.0000e+00
       7085    295.154    104.647 -106.83486   16.78976    104.000    15.0890    15.0593 4.2558e+04   4.261711     0.2197     0.0178    99.5576 6.3809e-01          0     0.6577     0.6695     0.0730     0.1134     4.6314     0.0000     0.8810     0.0000     0.6345     0.6535    34.5512    34.6313    25.6099    25.6781     15.780     19.127      6.201      7.515 0.0000e+00
       7173    298.820    105.654 -106.83486   16.78976    105.000    15.0514    15.0163 4.2552e+04   4.261097     0.2137     0.0173    99.5682 5.9295e-01          0     0.6353     0.6554     0.0724     0.1133     4.6319     0.0000     0.8538     0.0000     0.6047     0.6228    34.5791    34.6634    25.6397    25.7123     12.656     15.096      4.970      5.927 0.0000e+00
       7210    300.370    106.660 -106.83486   16.78976    106.000    15.0094    14.9749 4.2523e+04   4.258187     0.1979     0.0181    99.5497 5.6702e-01          0     0.6199     0.6387     0.0708     0.1132     4.6311     0.0000     0.8371     0.0000     0.5972     0.6144    34.5892    34.6732    25.6566    25.7290     12.584     14.433      4.939      5.663 0.0000e+00
       7237    301.513    107.667 -106.83486   16.78976    107.000    14.9767    14.9424 4.2495e+04   4.255478     0.1847     0.0179    99.5536 5.3072e-01          0     0.6114     0.6299     0.0695     0.1135     4.6312     0.0000     0.8127     0.0000     0.5937     0.6096    34.5922    34.6771    25.6662    25.7391     12.524     14.105      4.912      5.531 0.0000e+00
       7313    304.669    108.673 -106.83486   16.78976    108.000    14.9469    14.9051 4.2468e+04   4.251868     0.1872     0.0176    99.5619 4.9477e-01          0     0.5989     0.6151     0.0697     0.1136     4.6316     0.0000     0.7869     0.0000     0.5909     0.6050    34.5935    34.6769    25.6737    25.7471     12.672     13.915      4.967      5.453 0.0000e+00
       7458    310.692    109.679 -106.83486   16.78976    109.000    14.8785    14.8413 4.2405e+04   4.246209     0.2008     0.0167    99.5828 4.5631e-01          0     0.5903     0.6028     0.0711     0.1134     4.6326     0.0000     0.7581     0.0000     0.5799     0.5962    34.5966    34.6816    25.6910    25.7647      8.393     11.556      3.285      4.522 0.0000e+00
       7486    311.887    110.686 -106.83486   16.78976    110.000    14.7640    14.7239 4.2317e+04   4.237648     0.1811     0.0167    99.5833 4.3857e-01          0     0.5893     0.6025     0.0691     0.1132     4.6326     0.0000     0.7440     0.0000     0.5639     0.5830    34.6173    34.7076    25.7319    25.8102      5.806      8.649      2.268      3.377 0.0000e+00
       7517    313.187    111.693 -106.83486   16.78976    111.000    14.7032    14.6683 4.2280e+04   4.233904     0.1641     0.0168    99.5808 4.1712e-01          0     0.5856     0.6000     0.0674     0.1143     4.6325     0.0000     0.7263     0.0000     0.5535     0.5720    34.6370    34.7224    25.7602    25.8337      5.314      7.497      2.073      2.925 0.0000e+00
       7554    314.722    112.699 -106.83486   16.78976    112.000    14.6651    14.6319 4.2255e+04   4.231354     0.1614     0.0166    99.5866 3.9124e-01          0     0.5714     0.5900     0.0672     0.1134     4.6328     0.0000     0.7039     0.0000     0.5448     0.5621    34.6478    34.7312    25.7769    25.8484      5.118      6.676      1.995      2.603 0.0000e+00
       7667    319.407    113.705 -106.83486   16.78976    113.000    14.6744    14.6286 4.2267e+04   4.231715     0.1762     0.0168    99.5811 3.6604e-01          0     0.5444     0.5591     0.0686     0.1134     4.6325     0.0000     0.6811     0.0000     0.5389     0.5505    34.6503    34.7370    25.7768    25.8536      5.309      5.934      2.070      2.313 0.0000e+00
       7760    323.274    114.712 -106.83486   16.78976    114.000    14.5945    14.5594 4.2215e+04   4.227367     0.1690     0.0166    99.5866 3.4738e-01          0     0.5418     0.5518     0.0679     0.1132     4.6328     0.0000     0.6632     0.0000     0.5263     0.5412    34.6730    34.7586    25.8116    25.8852      2.791      4.106      1.087      1.599 0.0000e+00
       7791    324.575    115.719 -106.83486   16.78976    115.000    14.5304    14.4957 4.2158e+04   4.221708     0.2262     0.0161    99.5984 3.2605e-01          0     0.5363     0.5498     0.0737     0.1134     4.6333     0.0000     0.6419     0.0000     0.5225     0.5373    34.6774    34.7632    25.8288    25.9025      2.781      3.784      1.082      1.471 0.0000e+00
       7837    326.498    116.725 -106.83486   16.78976    116.000    14.5106    14.4776 4.2143e+04   4.220062     0.1734     0.0162    99.5954 3.0229e-01          0     0.5281     0.5429     0.0683     0.1134     4.6331     0.0000     0.6170     0.0000     0.5200     0.5342    34.6810    34.7639    25.8358    25.9069      2.982      3.705      1.159      1.440 0.0000e+00
       7897    329.002    117.732 -106.83486   16.78976    117.000    14.4951    14.4622 4.2128e+04   4.218534     0.1519     0.0195    99.5125 2.8801e-01          0     0.5218     0.5361     0.0662     0.1134     4.6293     0.0000     0.6013     0.0000     0.5191     0.5323    34.6810    34.7633    25.8392    25.9098      3.005      3.537      1.168      1.374 0.0000e+00
       7972    332.106    118.738 -106.83486   16.78976    118.000    14.4890    14.4569 4.2124e+04   4.218108     0.1537     0.0158    99.6056 2.6792e-01          0     0.5201     0.5336     0.0664     0.1135     4.6336     0.0000     0.5779     0.0000     0.5182     0.5309    34.6820    34.7637    25.8413    25.9112      2.915      3.424      1.133      1.330 0.0000e+00
       8087    336.908    119.745 -106.83486   16.78976    119.000    14.4634    14.4185 4.2104e+04   4.215383     0.1716     0.0153    99.6179 2.4527e-01          0     0.5188     0.5310     0.0682     0.1139     4.6342     0.0000     0.5504     0.0000     0.5152     0.5289    34.6864    34.7726    25.8502    25.9264      2.042      2.903      0.793      1.127 0.0000e+00
       8118    338.217    120.751 -106.83486   16.78976    120.000    14.3956    14.3623 4.2047e+04   4.210415     0.1610     0.0169    99.5789 2.3223e-01          0     0.5186     0.5311     0.0671     0.1134     4.6324     0.0000     0.5336     0.0000     0.5136     0.5268    34.6940    34.7769    25.8706    25.9417      2.106      2.618      0.817      1.015 0.0000e+00
       8157    339.830    121.758 -106.83486   16.78976    121.000    14.3737    14.3403 4.2029e+04   4.208715     0.1696     0.0169    99.5770 2.1983e-01          0     0.5166     0.5301     0.0680     0.1141     4.6323     0.0000     0.5171     0.0000     0.5128     0.5257    34.6968    34.7806    25.8775    25.9493      1.897      2.567      0.735      0.995 0.0000e+00
       8207    341.921    122.764 -106.83486   16.78976    122.000    14.3027    14.2694 4.1971e+04   4.203064     0.2351     0.0222    99.4454 2.0422e-01          0     0.5144     0.5276     0.0745     0.1134     4.6262     0.0000     0.4952     0.0000     0.5100     0.5234    34.7070    34.7917    25.9004    25.9729      1.425      2.048      0.552      0.793 0.0000e+00
       8282    345.034    123.771 -106.83486   16.78976    123.000    14.2162    14.2110 4.1896e+04   4.197877     0.3645     0.0270    99.3269 1.8548e-01          0     0.5114     0.5247     0.0874     0.1141     4.6207     0.0000     0.4675     0.0000     0.5084     0.5207    34.7140    34.7959    25.9243    25.9886      1.602      1.941      0.619      0.750 0.0000e+00
       8364    348.474    124.778 -106.83486   16.78976    124.000    14.1654    14.1441 4.1848e+04   4.191594     0.3144     0.0226    99.4355 1.7115e-01          0     0.5091     0.5214     0.0824     0.1136     4.6258     0.0000     0.4451     0.0000     0.5083     0.5204    34.7150    34.7975    25.9358    26.0041      1.647      1.979      0.636      0.764 0.0000e+00
       8425    351.019    125.784 -106.83485   16.78976    125.000    14.1334    14.1066 4.1818e+04   4.188014     0.2891     0.0226    99.4369 1.6131e-01          0     0.5092     0.5214     0.0799     0.1141     4.6258     0.0000     0.4289     0.0000     0.5079     0.5202    34.7162    34.7978    25.9435    26.0122      1.442      1.895      0.556      0.731 0.0000e+00
       8497    353.990    126.791 -106.83484   16.78976    126.000    14.0353    13.9979 4.1736e+04   4.179284     0.2676     0.0247    99.3843 1.5008e-01          0     0.5091     0.5212     0.0777     0.1134     4.6234     0.0000     0.4099     0.0000     0.5070     0.5192    34.7278    34.8144    25.9732    26.0480      1.436      1.732      0.553      0.667 0.0000e+00
       8540    355.808    127.797 -106.83484   16.78976    127.000    14.0199    13.9874 4.1724e+04   4.178108     0.3572     0.0272    99.3234 1.4490e-01          0     0.5082     0.5206     0.0867     0.1146     4.6205     0.0000     0.4006     0.0000     0.5066     0.5189    34.7300    34.8125    25.9781    26.0487      1.226      1.689      0.472      0.650 0.0000e+00
       8619    359.075    128.804 -106.83483   16.78976    128.000    13.9973    13.9819 4.1705e+04   4.177639     0.3940     0.0276    99.3132 1.3703e-01          0     0.5074     0.5197     0.0904     0.1144     4.6200     0.0000     0.3864     0.0000     0.5059     0.5182    34.7326    34.8127    25.9849    26.0500      1.292      1.645      0.497      0.633 0.0000e+00
       8686    361.882    129.810 -106.83482   16.78976    129.000    13.9751    13.9477 4.1686e+04   4.175063     0.4030     0.0272    99.3232 1.3363e-01          0     0.5067     0.5190     0.0913     0.1147     4.6205     0.0000     0.3801     0.0000     0.5059     0.5183    34.7343    34.8192    25.9909    26.0623      1.289      1.638      0.496      0.630 0.0000e+00
