data/ctd-cnv/KM1919/KM1919-St20-P2/St20_P2_cast54-align-cellTM-derive-bin.cnv
* Sea-Bird SBE 9 Data File:
* FileName = C:\Users\otg\Desktop\CTD Data\km1920\St20_P2_cast54.hex
* Software Version Seasave V 7.26.7.107
* Temperature SN = 5554
* Conductivity SN = 3876
* Number of Bytes Per Scan = 41
* Number of Voltage Words = 4
* Number of Scans Averaged by the Deck Unit = 1
* NMEA Latitude = 16 48.63 N
* NMEA Longitude = 106 51.45 W
* NMEA UTC (Time) = Oct 11 2019  12:20:15
* NMEA baud rate = 4800
** Ship: Kilo Moana
** Station: St20_P2 cast 54
** Operator: gr
# nquan = 34
# nvalues = 320                         
# units = specified
# name 0 = scan: Scan Count
# name 1 = timeS: Time, Elapsed [seconds]
# name 2 = prDM: Pressure, Digiquartz [db]
# name 3 = longitude: Longitude [deg]
# name 4 = latitude: Latitude [deg]
# name 5 = depSMignore: Depth [salt water, m]
# name 6 = t090C: Temperature [ITS-90, deg C]
# name 7 = t190C: Temperature, 2 [ITS-90, deg C]
# name 8 = c0uS/cm: Conductivity [uS/cm]
# name 9 = c1S/m: Conductivity, 2 [S/m]
# name 10 = flECO-AFL: Fluorescence, WET Labs ECO-AFL/FL [mg/m^3]
# name 11 = CStarAt0: Beam Attenuation, WET Labs C-Star [1/m]
# name 12 = CStarTr0: Beam Transmission, WET Labs C-Star [%]
# name 13 = par: PAR/Irradiance, Biospherical/Licor
# name 14 = modError: Modulo Error Count
# name 15 = v0: Voltage 0
# name 16 = v1: Voltage 1
# name 17 = v2: Voltage 2
# name 18 = v3: Voltage 3
# name 19 = v4: Voltage 4
# name 20 = v5: Voltage 5
# name 21 = v6: Voltage 6
# name 22 = v7: Voltage 7
# name 23 = sbeox0V: Oxygen raw, SBE 43 [V]
# name 24 = sbeox1V: Oxygen raw, SBE 43, 2 [V]
# name 25 = sal00: Salinity, Practical [PSU]
# name 26 = sal11: Salinity, Practical, 2 [PSU]
# name 27 = sigma-é00: Density [sigma-theta, kg/m^3]
# name 28 = sigma-é11: Density, 2 [sigma-theta, kg/m^3]
# name 29 = sbeox0Mm/L: Oxygen, SBE 43 [umol/l], WS = 2
# name 30 = sbeox1Mm/L: Oxygen, SBE 43, 2 [umol/l], WS = 2
# name 31 = sbeox0PS: Oxygen, SBE 43 [% saturation], WS = 2
# name 32 = sbeox1PS: Oxygen, SBE 43, 2 [% saturation], WS = 2
# name 33 = flag: flag
# span 0 =       -152,      20628       
# span 1 =     -6.394,    859.443       
# span 2 =      2.012,    323.168       
# span 3 = -106.85742, -106.85720       
# span 4 =   16.81054,   16.81066       
# span 5 =      2.000,    321.000       
# span 6 =    10.5420,    29.0154       
# span 7 =    10.5103,    28.9762       
# span 8 = 3.8433e+04, 5.6362e+04       
# span 9 =   3.848247,   5.644126       
# span 10 =     0.0584,     1.4155      
# span 11 =     0.0344,     0.1107      
# span 12 =    97.2695,    99.1446      
# span 13 = -2.769e-06, 5.8637e+00      
# span 14 =          0,          0      
# span 15 =     0.5029,     2.4942      
# span 16 =     0.5139,     2.4729      
# span 17 =     0.0569,     0.1926      
# span 18 =     0.1122,     0.1165      
# span 19 =     4.5250,     4.6122      
# span 20 =     0.0000,     0.0000      
# span 21 =     0.0085,     1.7779      
# span 22 =     0.0000,     0.0000      
# span 23 =     0.5021,     2.4912      
# span 24 =     0.5132,     2.4695      
# span 25 =    34.2010,    34.7819      
# span 26 =    34.2842,    34.8778      
# span 27 =    21.4609,    26.6161      
# span 28 =    21.5372,    26.6840      
# span 29 =      0.813,    229.909      
# span 30 =      1.015,    240.728      
# span 31 =      0.292,    107.159      
# span 32 =      0.364,    111.360      
# span 33 = 0.0000e+00, 0.0000e+00      
# interval = meters: 1                  
# start_time = Oct 11 2019 12:24:15 [NMEA time, first data scan]
# bad_flag = -9.990e-29
*END*
[from data line 257]
      13498    562.390    260.710 -106.85722   16.81064    259.000    11.3881    11.3570 3.9265e+04   3.931841     0.0604     0.0419    98.9573 6.0076e-05          0     0.5043     0.5152     0.0571     0.1147     4.6035     0.0000     0.0089     0.0000     0.5034     0.5144    34.7392    34.8216    26.5075    26.5774      1.029      1.153      0.375      0.420 0.0000e+00
      13516    563.134    261.717 -106.85722   16.81064    260.000    11.3766    11.3463 3.9253e+04   3.930758     0.0610     0.0411    98.9772 2.3480e-05          0     0.5043     0.5154     0.0571     0.1148     4.6044     0.0000     0.0087     0.0000     0.5034     0.5143    34.7384    34.8206    26.5091    26.5785      1.029      1.140      0.375      0.416 0.0000e+00
      13535    563.931    262.725 -106.85722   16.81064    261.000    11.3709    11.3408 3.9248e+04   3.930197     0.0584     0.0411    98.9770 2.7697e-05          0     0.5043     0.5153     0.0569     0.1147     4.6044     0.0000     0.0087     0.0000     0.5034     0.5143    34.7382    34.8198    26.5100    26.5790      1.029      1.170      0.375      0.427 0.0000e+00
      13600    566.606    263.732 -106.85723   16.81064    262.000    11.3718    11.3418 3.9249e+04   3.930231     0.0682     0.0410    98.9804 5.7981e-05          0     0.5043     0.5152     0.0578     0.1146     4.6046     0.0000     0.0089     0.0000     0.5034     0.5144    34.7380    34.8187    26.5097    26.5780      1.029      1.181      0.375      0.430 0.0000e+00
      13667    569.396    264.739 -106.85724   16.81064    263.000    11.3602    11.3289 3.9238e+04   3.929293     0.0721     0.0411    98.9768 1.4867e-05          0     0.5043     0.5152     0.0582     0.1148     4.6044     0.0000     0.0086     0.0000     0.5034     0.5143    34.7374    34.8211    26.5113    26.5823      1.030      1.204      0.375      0.439 0.0000e+00
      13681    570.007    265.747 -106.85724   16.81064    264.000    11.3378    11.3071 3.9216e+04   3.927046     0.0729     0.0411    98.9770 9.5558e-05          0     0.5043     0.5155     0.0583     0.1148     4.6044     0.0000     0.0091     0.0000     0.5034     0.5145    34.7360    34.8190    26.5144    26.5846      1.031      1.205      0.375      0.439 0.0000e+00
      13695    570.598    266.754 -106.85724   16.81064    265.000    11.3257    11.2948 3.9204e+04   3.925888     0.0743     0.0411    98.9770 2.9695e-05          0     0.5043     0.5152     0.0584     0.1148     4.6044     0.0000     0.0087     0.0000     0.5034     0.5145    34.7351    34.8187    26.5160    26.5867      1.031      1.175      0.375      0.428 0.0000e+00
      13709    571.157    267.761 -106.85724   16.81064    266.000    11.3115    11.2808 3.9190e+04   3.924451     0.0616     0.0403    98.9971 5.1267e-05          0     0.5043     0.5153     0.0572     0.1149     4.6053     0.0000     0.0088     0.0000     0.5034     0.5144    34.7343    34.8173    26.5180    26.5882      1.031      1.077      0.376      0.392 0.0000e+00
      13722    571.711    268.768 -106.85724   16.81064    267.000    11.3039    11.2732 3.9183e+04   3.923737     0.0615     0.0406    98.9892 8.1482e-05          0     0.5043     0.5154     0.0572     0.1149     4.6050     0.0000     0.0090     0.0000     0.5034     0.5142    34.7339    34.8169    26.5191    26.5892      1.032      1.105      0.376      0.402 0.0000e+00
      13736    572.301    269.776 -106.85724   16.81064    268.000    11.2867    11.2557 3.9165e+04   3.922078     0.0630     0.0411    98.9772 7.2786e-05          0     0.5043     0.5152     0.0573     0.1149     4.6044     0.0000     0.0090     0.0000     0.5034     0.5141    34.7321    34.8165    26.5208    26.5922      1.032      1.150      0.376      0.418 0.0000e+00
      13752    572.957    270.783 -106.85724   16.81064    269.000    11.2711    11.2401 3.9150e+04   3.920529     0.0611     0.0411    98.9770 6.0555e-05          0     0.5043     0.5153     0.0571     0.1148     4.6044     0.0000     0.0089     0.0000     0.5034     0.5144    34.7313    34.8154    26.5231    26.5942      1.033      1.185      0.376      0.431 0.0000e+00
      13773    573.813    271.790 -106.85724   16.81064    270.000    11.2563    11.2261 3.9136e+04   3.919015     0.0623     0.0405    98.9937 5.1265e-05          0     0.5043     0.5154     0.0572     0.1145     4.6052     0.0000     0.0088     0.0000     0.5034     0.5141    34.7306    34.8132    26.5252    26.5950      0.999      1.111      0.363      0.404 0.0000e+00
      13824    575.966    272.797 -106.85724   16.81065    271.000    11.2540    11.2263 3.9134e+04   3.918914     0.0652     0.0402    99.0015 3.4493e-05          0     0.5043     0.5152     0.0575     0.1144     4.6055     0.0000     0.0087     0.0000     0.5034     0.5143    34.7304    34.8116    26.5256    26.5938      1.036      1.192      0.377      0.433 0.0000e+00
      13901    579.177    273.805 -106.85724   16.81065    272.000    11.2330    11.1836 3.9113e+04   3.915255     0.0605     0.0405    98.9938 2.8631e-05          0     0.5043     0.5152     0.0571     0.1148     4.6052     0.0000     0.0087     0.0000     0.5034     0.5144    34.7290    34.8151    26.5283    26.6044      1.033      1.173      0.376      0.426 0.0000e+00
      13926    580.204    274.812 -106.85724   16.81064    273.000    11.1791    11.1488 3.9059e+04   3.911426     0.0627     0.0397    99.0132 2.9049e-05          0     0.5043     0.5152     0.0573     0.1144     4.6061     0.0000     0.0087     0.0000     0.5034     0.5144    34.7264    34.8095    26.5361    26.6063      1.036      1.164      0.376      0.422 0.0000e+00
      13945    580.991    275.819 -106.85724   16.81064    274.000    11.1649    11.1345 3.9045e+04   3.909983     0.0745     0.0394    99.0202 5.9456e-05          0     0.5043     0.5154     0.0584     0.1148     4.6064     0.0000     0.0089     0.0000     0.5034     0.5143    34.7253    34.8082    26.5379    26.6080      1.036      1.130      0.376      0.410 0.0000e+00
      13961    581.658    276.827 -106.85724   16.81064    275.000    11.1532    11.1213 3.9034e+04   3.908795     0.0721     0.0401    99.0035 4.0925e-05          0     0.5043     0.5152     0.0582     0.1150     4.6056     0.0000     0.0088     0.0000     0.5034     0.5142    34.7245    34.8084    26.5395    26.6106      1.036      1.138      0.376      0.413 0.0000e+00
      13976    582.273    277.834 -106.85724   16.81064    276.000    11.1285    11.0970 3.9008e+04   3.906452     0.0720     0.0401    99.0033 4.0668e-05          0     0.5043     0.5153     0.0582     0.1148     4.6056     0.0000     0.0088     0.0000     0.5034     0.5142    34.7222    34.8076    26.5421    26.6144      1.037      1.164      0.376      0.422 0.0000e+00
      13990    582.882    278.841 -106.85724   16.81064    277.000    11.1076    11.0763 3.8988e+04   3.904307     0.0632     0.0399    99.0088 5.7709e-05          0     0.5043     0.5153     0.0573     0.1148     4.6059     0.0000     0.0089     0.0000     0.5034     0.5141    34.7207    34.8054    26.5448    26.6164      1.013      1.172      0.367      0.425 0.0000e+00
      14006    583.531    279.849 -106.85724   16.81064    278.000    11.0808    11.0481 3.8960e+04   3.901577     0.0660     0.0395    99.0186 5.9779e-05          0     0.5043     0.5153     0.0576     0.1147     4.6063     0.0000     0.0089     0.0000     0.5033     0.5144    34.7186    34.8045    26.5480    26.6209      1.004      1.148      0.364      0.416 0.0000e+00
      14024    584.303    280.856 -106.85724   16.81066    279.000    11.0619    11.0319 3.8942e+04   3.899616     0.0712     0.0395    99.0183 5.8162e-05          0     0.5043     0.5153     0.0581     0.1145     4.6063     0.0000     0.0089     0.0000     0.5033     0.5141    34.7173    34.7999    26.5505    26.6202      1.046      1.082      0.379      0.392 0.0000e+00
      14057    585.649    281.863 -106.85724   16.81066    280.000    11.0536    11.0240 3.8933e+04   3.898772     0.0664     0.0395    99.0178 3.6279e-05          0     0.5043     0.5151     0.0576     0.1148     4.6063     0.0000     0.0087     0.0000     0.5034     0.5142    34.7165    34.7985    26.5513    26.6206      1.039      1.198      0.376      0.434 0.0000e+00
      14115    588.067    282.871 -106.85724   16.81066    281.000    11.0502    11.0205 3.8931e+04   3.898389     0.0652     0.0391    99.0273 1.7767e-05          0     0.5043     0.5151     0.0575     0.1145     4.6067     0.0000     0.0086     0.0000     0.5033     0.5143    34.7164    34.7975    26.5519    26.6205      1.031      1.172      0.373      0.424 0.0000e+00
      14152    589.628    283.878 -106.85724   16.81066    282.000    11.0468    11.0159 3.8928e+04   3.898029     0.0613     0.0388    99.0341 5.0369e-05          0     0.5043     0.5152     0.0571     0.1145     4.6070     0.0000     0.0088     0.0000     0.5034     0.5144    34.7165    34.7979    26.5526    26.6216      1.050      1.168      0.380      0.423 0.0000e+00
      14174    590.536    284.885 -106.85724   16.81066    283.000    11.0295    10.9957 3.8910e+04   3.896291     0.0586     0.0388    99.0332 1.8248e-05          0     0.5042     0.5152     0.0569     0.1149     4.6070     0.0000     0.0086     0.0000     0.5034     0.5143    34.7144    34.7992    26.5542    26.6263      1.040      1.177      0.377      0.426 0.0000e+00
      14193    591.327    285.893 -106.85724   16.81066    284.000    11.0013    10.9715 3.8881e+04   3.893588     0.0608     0.0390    99.0296 3.0147e-05          0     0.5042     0.5152     0.0571     0.1145     4.6068     0.0000     0.0087     0.0000     0.5034     0.5143    34.7119    34.7947    26.5573    26.6272      1.041      1.161      0.377      0.420 0.0000e+00
      14211    592.104    286.900 -106.85724   16.81066    285.000    10.9822    10.9520 3.8861e+04   3.891671     0.0601     0.0388    99.0333 3.1982e-05          0     0.5043     0.5152     0.0570     0.1145     4.6070     0.0000     0.0087     0.0000     0.5034     0.5142    34.7099    34.7936    26.5592    26.6298      1.023      1.136      0.370      0.411 0.0000e+00
      14233    593.007    287.907 -106.85724   16.81066    286.000    10.9689    10.9391 3.8849e+04   3.890266     0.0604     0.0388    99.0333 1.0514e-05          0     0.5043     0.5152     0.0571     0.1147     4.6070     0.0000     0.0086     0.0000     0.5033     0.5143    34.7093    34.7913    26.5612    26.6304      1.036      1.168      0.374      0.422 0.0000e+00
      14262    594.199    288.915 -106.85724   16.81064    287.000    10.9513    10.9213 3.8831e+04   3.888544     0.0639     0.0389    99.0321 6.7426e-06          0     0.5043     0.5152     0.0574     0.1147     4.6069     0.0000     0.0085     0.0000     0.5034     0.5142    34.7078    34.7906    26.5632    26.6331      1.053      1.118      0.381      0.404 0.0000e+00
      14298    595.690    289.922 -106.85724   16.81064    288.000    10.9377    10.9079 3.8818e+04   3.887162     0.0636     0.0388    99.0331 1.1184e-05          0     0.5043     0.5152     0.0574     0.1146     4.6070     0.0000     0.0086     0.0000     0.5034     0.5141    34.7068    34.7891    26.5649    26.6343      1.006      1.157      0.363      0.418 0.0000e+00
      14330    597.039    290.929 -106.85724   16.81064    289.000    10.9271    10.8975 3.8807e+04   3.886113     0.0690     0.0390    99.0295 6.5670e-06          0     0.5043     0.5150     0.0579     0.1147     4.6068     0.0000     0.0085     0.0000     0.5033     0.5141    34.7061    34.7879    26.5662    26.6353      1.052      1.173      0.380      0.423 0.0000e+00
      14357    598.176    291.937 -106.85724   16.81064    290.000    10.9243    10.8947 3.8806e+04   3.885846     0.0602     0.0390    99.0295 1.5999e-05          0     0.5043     0.5149     0.0570     0.1148     4.6068     0.0000     0.0086     0.0000     0.5034     0.5143    34.7067    34.7875    26.5673    26.6355      1.042      1.200      0.376      0.433 0.0000e+00
      14382    599.206    292.944 -106.85724   16.81064    291.000    10.9221    10.8924 3.8803e+04   3.885675     0.0618     0.0388    99.0352 8.8574e-06          0     0.5043     0.5151     0.0572     0.1146     4.6071     0.0000     0.0086     0.0000     0.5033     0.5143    34.7062    34.7875    26.5672    26.6359      1.038      1.134      0.375      0.409 0.0000e+00
      14405    600.159    293.952 -106.85724   16.81066    292.000    10.9108    10.8804 3.8792e+04   3.884648     0.0602     0.0387    99.0364 8.8409e-06          0     0.5041     0.5150     0.0570     0.1146     4.6071     0.0000     0.0086     0.0000     0.5034     0.5141    34.7054    34.7882    26.5687    26.6386      1.046      1.181      0.377      0.426 0.0000e+00
      14427    601.098    294.959 -106.85724   16.81066    293.000    10.8904    10.8600 3.8772e+04   3.882627     0.0611     0.0384    99.0438 2.7605e-05          0     0.5042     0.5151     0.0571     0.1148     4.6075     0.0000     0.0087     0.0000     0.5033     0.5143    34.7039    34.7868    26.5712    26.6413      1.008      1.157      0.364      0.417 0.0000e+00
      14451    602.064    295.966 -106.85724   16.81066    294.000    10.8718    10.8417 3.8753e+04   3.880754     0.0720     0.0379    99.0556 5.6374e-05          0     0.5043     0.5151     0.0582     0.1148     4.6081     0.0000     0.0089     0.0000     0.5033     0.5141    34.7021    34.7851    26.5731    26.6432      1.038      1.097      0.374      0.395 0.0000e+00
      14476    603.137    296.974 -106.85724   16.81066    295.000    10.8627    10.8330 3.8745e+04   3.879832     0.0713     0.0379    99.0558 3.0314e-05          0     0.5043     0.5151     0.0581     0.1147     4.6081     0.0000     0.0087     0.0000     0.5034     0.5139    34.7021    34.7836    26.5748    26.6436      1.064      1.115      0.384      0.402 0.0000e+00
      14507    604.403    297.981 -106.85724   16.81066    296.000    10.8529    10.8230 3.8736e+04   3.878892     0.0689     0.0386    99.0390 3.1696e-05          0     0.5043     0.5152     0.0579     0.1144     4.6073     0.0000     0.0087     0.0000     0.5034     0.5143    34.7016    34.7832    26.5762    26.6451      1.029      1.200      0.371      0.432 0.0000e+00
      14539    605.765    298.989 -106.85724   16.81066    297.000    10.8339    10.8038 3.8717e+04   3.877040     0.0611     0.0380    99.0539 1.2710e-05          0     0.5042     0.5150     0.0571     0.1146     4.6080     0.0000     0.0086     0.0000     0.5033     0.5139    34.7005    34.7825    26.5787    26.6480      1.013      1.031      0.365      0.372 0.0000e+00
      14572    607.113    299.996 -106.85724   16.81066    298.000    10.8252    10.7958 3.8708e+04   3.876176     0.0690     0.0379    99.0558 2.5099e-05          0     0.5043     0.5149     0.0579     0.1145     4.6081     0.0000     0.0087     0.0000     0.5034     0.5140    34.6998    34.7810    26.5797    26.6483      1.064      1.231      0.383      0.443 0.0000e+00
      14604    608.449    301.004 -106.85724   16.81066    299.000    10.8230    10.7936 3.8707e+04   3.875991     0.0702     0.0380    99.0524 1.3206e-05          0     0.5042     0.5151     0.0580     0.1147     4.6079     0.0000     0.0086     0.0000     0.5034     0.5143    34.6997    34.7807    26.5801    26.6485      1.083      1.138      0.390      0.410 0.0000e+00
