data/ctd-cnv/KM1919/KM1919-St20-P2/St20_P2_cast35-align-cellTM-derive-bin.cnv
* Sea-Bird SBE 9 Data File:
* FileName = C:\Users\otg\Desktop\CTD Data\km1920\St20_P2_cast35.hex
* Software Version Seasave V 7.26.7.107
* Temperature SN = 5554
* Conductivity SN = 3876
* Number of Bytes Per Scan = 41
* Number of Voltage Words = 4
* Number of Scans Averaged by the Deck Unit = 1
* NMEA Latitude = 16 47.15 N
* NMEA Longitude = 106 51.09 W
* NMEA UTC (Time) = Oct 06 2019  22:43:35
* NMEA baud rate = 4800
** Ship: Kilo Moana
** Station: St20_P2cast 35
** Operator: jac
# nquan = 34
# nvalues = 1202                        
# units = specified
# name 0 = scan: Scan Count
# name 1 = timeS: Time, Elapsed [seconds]
# name 2 = prDM: Pressure, Digiquartz [db]
# name 3 = longitude: Longitude [deg]
# name 4 = latitude: Latitude [deg]
# name 5 = depSMignore: Depth [salt water, m]
# name 6 = t090C: Temperature [ITS-90, deg C]
# name 7 = t190C: Temperature, 2 [ITS-90, deg C]
# name 8 = c0uS/cm: Conductivity [uS/cm]
# name 9 = c1S/m: Conductivity, 2 [S/m]
# name 10 = flECO-AFL: Fluorescence, WET Labs ECO-AFL/FL [mg/m^3]
# name 11 = CStarAt0: Beam Attenuation, WET Labs C-Star [1/m]
# name 12 = CStarTr0: Beam Transmission, WET Labs C-Star [%]
# name 13 = par: PAR/Irradiance, Biospherical/Licor
# name 14 = modError: Modulo Error Count
# name 15 = v0: Voltage 0
# name 16 = v1: Voltage 1
# name 17 = v2: Voltage 2
# name 18 = v3: Voltage 3
# name 19 = v4: Voltage 4
# name 20 = v5: Voltage 5
# name 21 = v6: Voltage 6
# name 22 = v7: Voltage 7
# name 23 = sbeox0V: Oxygen raw, SBE 43 [V]
# name 24 = sbeox1V: Oxygen raw, SBE 43, 2 [V]
# name 25 = sal00: Salinity, Practical [PSU]
# name 26 = sal11: Salinity, Practical, 2 [PSU]
# name 27 = sigma-é00: Density [sigma-theta, kg/m^3]
# name 28 = sigma-é11: Density, 2 [sigma-theta, kg/m^3]
# name 29 = sbeox0Mm/L: Oxygen, SBE 43 [umol/l], WS = 2
# name 30 = sbeox1Mm/L: Oxygen, SBE 43, 2 [umol/l], WS = 2
# name 31 = sbeox0PS: Oxygen, SBE 43 [% saturation], WS = 2
# name 32 = sbeox1PS: Oxygen, SBE 43, 2 [% saturation], WS = 2
# name 33 = flag: flag
# span 0 =        277,      41339       
# span 1 =     11.506,   1722.400       
# span 2 =      2.012,   1213.710       
# span 3 = -106.85148, -106.85131       
# span 4 =   16.78566,   16.78584       
# span 5 =      2.000,   1203.000       
# span 6 =     3.9019,    29.6551       
# span 7 =     3.8777,    29.6140       
# span 8 = 3.2641e+04, 5.7376e+04       
# span 9 =   3.268431,   5.745853       
# span 10 =     0.0517,     1.7789      
# span 11 =     0.0115,     0.1283      
# span 12 =    96.8424,    99.7123      
# span 13 = -1.157e-04, 2.3746e+02      
# span 14 =          0,          0      
# span 15 =     0.5022,     2.4577      
# span 16 =     0.5124,     2.4355      
# span 17 =     0.0562,     0.2289      
# span 18 =     0.1143,     0.1222      
# span 19 =     4.5051,     4.6386      
# span 20 =     0.0000,     0.0000      
# span 21 =     0.0080,     3.3872      
# span 22 =     0.0000,     0.0000      
# span 23 =     0.4996,     2.4549      
# span 24 =     0.5117,     2.4404      
# span 25 =    34.3294,    34.7842      
# span 26 =    34.5483,    36.2313      
# span 27 =    21.5309,    27.4640      
# span 28 =    21.6090,    27.5277      
# span 29 =     -1.849,    228.905      
# span 30 =      0.626,    222.664      
# span 31 =     -0.706,    105.136      
# span 32 =      0.210,    109.630      
# span 33 = 0.0000e+00, 0.0000e+00      
# interval = meters: 1                  
# start_time = Oct 06 2019 22:48:55 [NMEA time, first data scan]
# bad_flag = -9.990e-29
*END*
[from data line 43]
       3726    155.216     45.273 -106.85144   16.78580     45.000    24.7507    24.7445 5.2245e+04   5.395174     0.3333     0.0990    97.5545 5.4238e+01          0     2.4398     2.0764     0.0843     0.1171     4.5383     0.0000     2.7488     0.0000     2.4277     2.1079    34.5639    35.8425    23.0901    24.0588    220.218    190.720    103.374     90.176 0.0000e+00
       3802    158.394     46.280 -106.85144   16.78580     46.000    24.7574    24.7191 5.2261e+04   5.347689     0.3523     0.0994    97.5446 5.0787e+01          0     2.4268     2.0925     0.0862     0.1171     4.5378     0.0000     2.7201     0.0000     2.4245     2.0185    34.5709    35.5071    23.0934    23.8128    219.569    178.501    103.085     84.199 0.0000e+00
       3883    161.761     47.286 -106.85144   16.78580     47.000    24.7060    24.7026 5.2211e+04   5.339486     0.3540     0.0988    97.5584 4.6485e+01          0     2.4225     2.0171     0.0864     0.1171     4.5384     0.0000     2.6819     0.0000     2.4228     2.0154    34.5727    35.4586    23.1103    23.7812    219.489    193.441    102.958     91.194 0.0000e+00
       3914    163.036     48.292 -106.85144   16.78580     48.000    24.6607    24.6434 5.2163e+04   5.301569     0.3492     0.1007    97.5140 4.3771e+01          0     2.4255     1.9840     0.0859     0.1172     4.5363     0.0000     2.6558     0.0000     2.4250     2.1910    34.5712    35.2213    23.1228    23.6196    220.881    215.289    103.530    101.256 0.0000e+00
       3942    164.208     49.298 -106.85144   16.78580     49.000    24.6228    24.5932 5.2123e+04   5.263731     0.3497     0.1014    97.4970 4.1264e+01          0     2.4248     1.9777     0.0860     0.1172     4.5355     0.0000     2.6302     0.0000     2.4281     2.2341    34.5700    34.9772    23.1334    23.4502    221.074    209.029    103.553     98.090 0.0000e+00
       3975    165.577     50.304 -106.85144   16.78580     50.000    24.5334    24.5142 5.2023e+04   5.250431     0.3554     0.1017    97.4902 3.7936e+01          0     2.4226     2.0763     0.0866     0.1171     4.5352     0.0000     2.5936     0.0000     2.4337     2.1873    34.5645    34.9390    23.1561    23.4451    222.806    196.591    104.201     92.110 0.0000e+00
       4038    168.225     51.311 -106.85144   16.78580     51.000    24.3367    24.3894 5.1802e+04   5.257383     0.3933     0.1010    97.5071 3.4774e+01          0     2.4306     2.2047     0.0904     0.1171     4.5360     0.0000     2.5561     0.0000     2.4462     2.0312    34.5499    35.0883    23.2039    23.5955    224.471    177.906    104.617     83.248 0.0000e+00
       4106    171.041     52.317 -106.85146   16.78580     52.000    23.8163    24.0848 5.1194e+04   5.258439     0.3961     0.0999    97.5329 3.2149e+01          0     2.4443     2.0651     0.0907     0.1172     4.5372     0.0000     2.5221     0.0000     2.4428     1.9260    34.4947    35.3361    23.3162    23.8739    225.610    169.383    104.174     78.957 0.0000e+00
       4151    172.905     53.323 -106.85146   16.78580     53.000    23.5182    23.6719 5.0855e+04   5.252835     0.4240     0.1017    97.4886 2.9901e+01          0     2.4486     1.9753     0.0934     0.1171     4.5352     0.0000     2.4907     0.0000     2.4499     1.8886    34.4687    35.6227    23.3838    24.2132    228.905    166.851    105.136     77.352 0.0000e+00
       4211    175.433     54.329 -106.85146   16.78580     54.000    23.4199    23.4338 5.0747e+04   5.228855     0.4425     0.0980    97.5797 2.8098e+01          0     2.4447     1.9070     0.0952     0.1172     4.5394     0.0000     2.4639     0.0000     2.4521     1.8640    34.4623    35.6305    23.4076    24.2891    228.448    167.053    104.742     77.129 0.0000e+00
       4263    177.584     55.336 -106.85146   16.78580     55.000    23.2998    23.3530 5.0615e+04   5.201258     0.4500     0.0973    97.5979 2.6155e+01          0     2.4529     1.8715     0.0960     0.1172     4.5403     0.0000     2.4328     0.0000     2.4433     1.8955    34.4550    35.4835    23.4371    24.2012    227.120    176.904    103.911     81.494 0.0000e+00
       4295    178.931     56.342 -106.85146   16.78580     56.000    23.2304    23.2449 5.0539e+04   5.183113     0.4451     0.0975    97.5935 2.4553e+01          0     2.4518     1.8622     0.0955     0.1172     4.5401     0.0000     2.4055     0.0000     2.4408     1.9664    34.4506    35.4308    23.4539    24.1928    227.913    187.659    104.145     86.260 0.0000e+00
       4328    180.295     57.348 -106.85146   16.78580     57.000    23.1962    23.1807 5.0502e+04   5.152812     0.4534     0.0974    97.5952 2.2892e+01          0     2.4489     1.8746     0.0964     0.1172     4.5401     0.0000     2.3752     0.0000     2.4370     2.0019    34.4488    35.2489    23.4625    24.0735    228.057    185.724    104.148     85.186 0.0000e+00
       4395    183.099     58.354 -106.85146   16.78580     58.000    23.1406    23.1302 5.0442e+04   5.138695     0.4996     0.0978    97.5866 2.1085e+01          0     2.4395     1.9706     0.1010     0.1172     4.5397     0.0000     2.3395     0.0000     2.4336     1.9578    34.4460    35.1803    23.4764    24.0362    226.930    178.223    103.531     81.641 0.0000e+00
       4473    186.327     59.361 -106.85146   16.78580     59.000    23.0615    23.0714 5.0360e+04   5.124948     0.5073     0.0985    97.5682 1.9673e+01          0     2.4362     1.9603     0.1017     0.1171     4.5389     0.0000     2.3097     0.0000     2.4088     1.9727    34.4445    35.1212    23.4981    24.0084    222.780    190.120    101.496     86.970 0.0000e+00
       4509    187.817     60.367 -106.85146   16.78580     60.000    22.9927    22.9878 5.0292e+04   5.107969     0.5232     0.0996    97.5401 1.8362e+01          0     2.4291     1.9394     0.1033     0.1172     4.5375     0.0000     2.2798     0.0000     2.3858     2.0824    34.4455    35.0566    23.5187    23.9836    218.937    205.018     99.626     93.614 0.0000e+00
       4544    189.309     61.373 -106.85146   16.78580     61.000    22.9548    22.9272 5.0261e+04   5.087911     0.5518     0.1020    97.4830 1.7066e+01          0     2.4140     1.9548     0.1062     0.1172     4.5349     0.0000     2.2482     0.0000     2.3560     2.1242    34.4511    34.9498    23.5339    23.9201    214.198    202.454     97.408     92.289 0.0000e+00
       4593    191.315     62.379 -106.85146   16.78580     62.000    22.9408    22.9108 5.0269e+04   5.077558     0.5993     0.1031    97.4552 1.5859e+01          0     2.3850     2.0755     0.1109     0.1172     4.5336     0.0000     2.2165     0.0000     2.2802     2.1090    34.4684    34.8827    23.5511    23.8739    199.937    200.069     90.910     91.140 0.0000e+00
       4651    193.731     63.386 -106.85146   16.78580     63.000    22.3310    22.5244 4.9632e+04   5.071674     0.7661     0.1124    97.2295 1.4690e+01          0     2.3289     2.1232     0.1276     0.1172     4.5231     0.0000     2.1836     0.0000     2.1117     2.1751    34.4548    35.1469    23.7138    24.1848    177.924    218.864     80.016     99.171 0.0000e+00
       4687    195.249     64.392 -106.85146   16.78580     64.000    21.0849    21.2740 4.8319e+04   5.012754     1.3305     0.1283    96.8424 1.3552e+01          0     2.2620     2.1034     0.1840     0.1172     4.5051     0.0000     2.1487     0.0000     2.0767     2.2431    34.4133    35.7049    24.0273    24.9585    193.210    222.528     84.973     98.952 0.0000e+00
       4715    196.402     65.398 -106.85146   16.78580     65.000    20.4545    20.4522 4.7605e+04   4.866476     1.7789     0.1261    96.8959 1.2284e+01          0     2.1807     2.1292     0.2289     0.1172     4.5076     0.0000     2.1062     0.0000     2.0680     2.2187    34.3485    35.2094    24.1478    24.8045    190.263    218.299     82.694     95.359 0.0000e+00
       4745    197.686     66.405 -106.85146   16.78580     66.000    20.1679    20.1725 4.7295e+04   4.805715     1.7619     0.1175    97.1060 1.0912e+01          0     2.0876     2.2099     0.2272     0.1172     4.5174     0.0000     2.0552     0.0000     2.0413     2.1707    34.3294    34.9467    24.2092    24.6787    188.243    209.380     81.379     90.859 0.0000e+00
       4819    200.747     67.411 -106.85146   16.78580     67.000    19.8694    19.8547 4.7001e+04   4.779105     1.6577     0.1055    97.3968 9.5667e+00          0     2.0514     2.1831     0.2168     0.1172     4.5309     0.0000     1.9988     0.0000     1.9958     2.0387    34.3323    34.9927    24.2899    24.7976    183.979    196.334     79.103     84.723 0.0000e+00
       4893    203.840     68.417 -106.85146   16.78580     68.000    19.7521    19.7306 4.6898e+04   4.763806     1.5713     0.1014    97.4963 8.5861e+00          0     2.0030     2.0473     0.2081     0.1172     4.5355     0.0000     1.9523     0.0000     1.9344     1.9957    34.3434    34.9700    24.3291    24.8128    171.690    199.181     73.665     85.744 0.0000e+00
       4935    205.569     69.423 -106.85146   16.78580     69.000    19.5681    19.5669 4.6720e+04   4.738439     1.4380     0.0969    97.6076 7.8244e+00          0     1.9737     2.0007     0.1948     0.1172     4.5407     0.0000     1.9125     0.0000     1.8605     2.0164    34.3480    34.8970    24.3803    24.7998    159.496    198.365     68.204     85.102 0.0000e+00
       4964    206.804     70.430 -106.85146   16.78580     70.000    19.2986    19.2731 4.6451e+04   4.692221     1.2999     0.0884    97.8149 7.0752e+00          0     1.9529     1.9875     0.1810     0.1172     4.5503     0.0000     1.8693     0.0000     1.8053     1.9704    34.3466    34.7590    24.4488    24.7703    155.790    185.287     66.287     78.996 0.0000e+00
       4991    207.916     71.436 -106.85146   16.78580     71.000    19.1130    19.0881 4.6272e+04   4.664471     1.1628     0.0837    97.9300 6.4034e+00          0     1.9127     2.0080     0.1673     0.1172     4.5557     0.0000     1.8266     0.0000     1.7725     1.9088    34.3514    34.6824    24.4999    24.7592    156.658    179.245     66.428     76.121 0.0000e+00
       5025    209.338     72.442 -106.85146   16.78582     72.000    19.0392    19.0073 4.6203e+04   4.653279     1.0498     0.0800    98.0206 5.7673e+00          0     1.8478     2.0056     0.1560     0.1166     4.5599     0.0000     1.7817     0.0000     1.7575     1.8575    34.3546    34.6561    24.5212    24.7598    159.580    174.487     67.576     73.978 0.0000e+00
       5127    213.579     73.449 -106.85147   16.78582     73.000    19.0114    18.9287 4.6184e+04   4.659985     1.0624     0.0786    98.0542 5.1548e+00          0     1.7496     1.8301     0.1572     0.1164     4.5615     0.0000     1.7344     0.0000     1.7223     1.7432    34.3613    34.7777    24.5334    24.8727    152.566    162.518     64.575     68.852 0.0000e+00
       5194    216.390     74.455 -106.85148   16.78582     74.000    18.8714    18.8411 4.6051e+04   4.646648     0.9969     0.0750    98.1423 4.7288e+00          0     1.7277     1.7588     0.1507     0.1172     4.5655     0.0000     1.6972     0.0000     1.6887     1.6959    34.3663    34.7393    24.5728    24.8656    151.010    157.564     63.752     66.629 0.0000e+00
       5243    218.429     75.461 -106.85148   16.78582     75.000    18.8619    18.8278 4.6044e+04   4.637820     0.9737     0.0747    98.1501 4.2985e+00          0     1.6981     1.7226     0.1484     0.1172     4.5659     0.0000     1.6567     0.0000     1.6733     1.6793    34.3679    34.6760    24.5765    24.8206    147.697    156.998     62.343     66.348 0.0000e+00
       5305    221.001     76.468 -106.85148   16.78582     76.000    18.8106    18.7782 4.6000e+04   4.634110     0.9800     0.0728    98.1973 3.9489e+00          0     1.6819     1.6846     0.1490     0.1171     4.5681     0.0000     1.6209     0.0000     1.6403     1.6611    34.3729    34.6861    24.5933    24.8409    143.141    154.512     60.364     65.241 0.0000e+00
       5353    222.994     77.474 -106.85148   16.78582     77.000    18.7602    18.7345 4.5954e+04   4.626589     0.9673     0.0725    98.2033 3.6644e+00          0     1.6606     1.6735     0.1477     0.1172     4.5684     0.0000     1.5891     0.0000     1.6168     1.6525    34.3759    34.6593    24.6083    24.8315    139.517    153.892     58.781     64.916 0.0000e+00
       5391    224.567     78.480 -106.85148   16.78582     78.000    18.6636    18.6392 4.5860e+04   4.615238     0.9203     0.0701    98.2624 3.3479e+00          0     1.6396     1.6600     0.1430     0.1172     4.5711     0.0000     1.5510     0.0000     1.5789     1.6385    34.3770    34.6436    24.6335    24.8435    128.283    150.686     53.951     63.445 0.0000e+00
       5426    226.050     79.487 -106.85148   16.78582     79.000    18.5173    18.5004 4.5728e+04   4.603310     0.8844     0.0673    98.3307 3.0458e+00          0     1.6227     1.6544     0.1394     0.1172     4.5743     0.0000     1.5110     0.0000     1.5220     1.6141    34.3884    34.6595    24.6789    24.8905    126.262    146.520     52.956     61.537 0.0000e+00
       5520    229.947     80.493 -106.85147   16.78582     80.000    18.3996    18.3787 4.5623e+04   4.591422     0.8143     0.0629    98.4391 2.7661e+00          0     1.5364     1.6058     0.1324     0.1151     4.5794     0.0000     1.4709     0.0000     1.4835     1.5493    34.3978    34.6613    24.7154    24.9223    119.892    139.191     50.180     58.324 0.0000e+00
       5599    233.245     81.499 -106.85146   16.78582     81.000    18.1629    18.2101 4.5411e+04   4.585815     0.7813     0.0612    98.4795 2.5306e+00          0     1.4983     1.5508     0.1291     0.1171     4.5813     0.0000     1.4335     0.0000     1.2941     1.5152    34.4157    34.7561    24.7879    25.0368     73.081    136.620     30.457     57.098 0.0000e+00
       5633    234.673     82.506 -106.85146   16.78582     82.000    17.8278    17.8124 4.5109e+04   4.553073     0.7357     0.0556    98.6195 2.3419e+00          0     1.4538     1.5381     0.1246     0.1171     4.5878     0.0000     1.4012     0.0000     1.1477     1.4987    34.4408    34.8149    24.8894    25.1797     60.757    129.745     25.161     53.840 0.0000e+00
       5664    235.969     83.512 -106.85146   16.78582     83.000    17.7096    17.6841 4.5016e+04   4.528892     0.6270     0.0511    98.7315 2.1775e+00          0     1.3668     1.5197     0.1137     0.1168     4.5930     0.0000     1.3708     0.0000     1.0732     1.4363    34.4606    34.7167    24.9334    25.1358     63.043    116.211     26.053     48.077 0.0000e+00
       5699    237.433     84.518 -106.85148   16.78582     84.000    17.6307    17.6039 4.4944e+04   4.519034     0.5806     0.0479    98.8108 2.0100e+00          0     1.2182     1.5118     0.1091     0.1149     4.5967     0.0000     1.3376     0.0000     1.0325     1.3531    34.4657    34.7001    24.9564    25.1426     64.059    105.110     26.434     43.414 0.0000e+00
       5786    241.049     85.525 -106.85148   16.78582     85.000    17.5793    17.5579 4.4900e+04   4.517498     0.6177     0.0465    98.8423 1.8442e+00          0     1.0284     1.3535     0.1128     0.1148     4.5981     0.0000     1.3023     0.0000     0.9799     1.1972    34.4713    34.7259    24.9732    25.1735     57.544     87.476     23.724     36.104 0.0000e+00
       5853    243.825     86.531 -106.85148   16.78582     86.000    17.4250    17.4115 4.4766e+04   4.509279     0.5698     0.0443    98.8990 1.7081e+00          0     0.9975     1.2258     0.1080     0.1148     4.6008     0.0000     1.2706     0.0000     0.9032     1.1027    34.4860    34.7801    25.0217    25.2505     43.950     76.926     18.067     31.671 0.0000e+00
