data/ctd-cnv/KM1919/KM1919-St20-P2/St20_P2_cast45-align-cellTM-derive-bin.cnv
* Sea-Bird SBE 9 Data File:
* FileName = C:\Users\otg\Desktop\CTD Data\km1920\St20_P2_cast45.hex
* Software Version Seasave V 7.26.7.107
* Temperature SN = 5554
* Conductivity SN = 3876
* Number of Bytes Per Scan = 41
* Number of Voltage Words = 4
* Number of Scans Averaged by the Deck Unit = 1
* NMEA Latitude = 16 46.70 N
* NMEA Longitude = 106 48.55 W
* NMEA UTC (Time) = Oct 08 2019  18:54:14
* NMEA baud rate = 4800
** Ship: Kilo Moana
** Station: St20_P2 cast 45
** Operator: gr
# nquan = 34
# nvalues = 202                         
# units = specified
# name 0 = scan: Scan Count
# name 1 = timeS: Time, Elapsed [seconds]
# name 2 = prDM: Pressure, Digiquartz [db]
# name 3 = longitude: Longitude [deg]
# name 4 = latitude: Latitude [deg]
# name 5 = depSM: Depth [salt water, m]
# name 6 = t090C: Temperature [ITS-90, deg C]
# name 7 = t190C: Temperature, 2 [ITS-90, deg C]
# name 8 = c0uS/cm: Conductivity [uS/cm]
# name 9 = c1S/m: Conductivity, 2 [S/m]
# name 10 = flECO-AFL: Fluorescence, WET Labs ECO-AFL/FL [mg/m^3]
# name 11 = CStarAt0: Beam Attenuation, WET Labs C-Star [1/m]
# name 12 = CStarTr0: Beam Transmission, WET Labs C-Star [%]
# name 13 = par: PAR/Irradiance, Biospherical/Licor
# name 14 = modError: Modulo Error Count
# name 15 = v0: Voltage 0
# name 16 = v1: Voltage 1
# name 17 = v2: Voltage 2
# name 18 = v3: Voltage 3
# name 19 = v4: Voltage 4
# name 20 = v5: Voltage 5
# name 21 = v6: Voltage 6
# name 22 = v7: Voltage 7
# name 23 = sbeox0V: Oxygen raw, SBE 43 [V]
# name 24 = sbeox1V: Oxygen raw, SBE 43, 2 [V]
# name 25 = sal00: Salinity, Practical [PSU]
# name 26 = sal11: Salinity, Practical, 2 [PSU]
# name 27 = sigma-é00: Density [sigma-theta, kg/m^3]
# name 28 = sigma-é11: Density, 2 [sigma-theta, kg/m^3]
# name 29 = sbeox0Mm/L: Oxygen, SBE 43 [umol/l], WS = 2
# name 30 = sbeox1Mm/L: Oxygen, SBE 43, 2 [umol/l], WS = 2
# name 31 = sbeox0PS: Oxygen, SBE 43 [% saturation], WS = 2
# name 32 = sbeox1PS: Oxygen, SBE 43, 2 [% saturation], WS = 2
# name 33 = flag: flag
# span 0 =        514,      10929       
# span 1 =     21.361,    455.340       
# span 2 =      2.012,    204.312       
# span 3 = -106.80944, -106.80926       
# span 4 =   16.77822,   16.77828       
# span 5 =      2.000,    203.000       
# span 6 =    12.0455,    29.5735       
# span 7 =    12.0147,    29.5316       
# span 8 = 3.9897e+04, 5.7286e+04       
# span 9 =   3.995095,   5.737241       
# span 10 =     0.0396,     1.7606      
# span 11 =     0.0258,     0.1239      
# span 12 =    96.9520,    99.3565      
# span 13 = 1.5950e-03, 1.1184e+03      
# span 14 =          0,          0      
# span 15 =     0.5043,     2.4984      
# span 16 =     0.5162,     2.4853      
# span 17 =     0.0549,     0.2271      
# span 18 =     0.1126,     0.1172      
# span 19 =     4.5102,     4.6220      
# span 20 =     0.0000,     0.0000      
# span 21 =     0.0159,     4.0543      
# span 22 =     0.0000,     0.0000      
# span 23 =     0.5035,     2.4975      
# span 24 =     0.5152,     2.4757      
# span 25 =    34.2742,    34.7840      
# span 26 =    34.3686,    34.8732      
# span 27 =    21.5567,    26.4061      
# span 28 =    21.6353,    26.4751      
# span 29 =      0.978,    229.288      
# span 30 =      1.236,    240.561      
# span 31 =      0.362,    107.886      
# span 32 =      0.459,    112.247      
# span 33 = 0.0000e+00, 0.0000e+00      
# interval = meters: 1                  
# start_time = Oct 08 2019 18:55:49 [NMEA time, first data scan]
# bad_flag = -9.990e-29
*END*
[from data line 43]
       3172    132.134     45.273 -106.80930   16.77826     45.000    23.4727    23.4290 5.0789e+04   5.088536     0.3136     0.0898    97.7804 1.2982e+02          0     2.4604     2.4595     0.0823     0.1172     4.5488     0.0000     3.1273     0.0000     2.4576     2.4488    34.4564    34.5638    23.3873    23.4814    229.070    240.084    105.121    110.160 0.0000e+00
       3190    132.881     46.280 -106.80930   16.77826     46.000    23.4431    23.4032 5.0757e+04   5.083834     0.3378     0.0924    97.7164 1.2283e+02          0     2.4547     2.4512     0.0848     0.1159     4.5458     0.0000     3.1033     0.0000     2.4579     2.4482    34.4545    34.5478    23.3945    23.4768    229.221    240.229    105.134    110.166 0.0000e+00
       3211    133.737     47.286 -106.80930   16.77826     47.000    23.4354    23.3968 5.0750e+04   5.083051     0.3635     0.0921    97.7232 1.1348e+02          0     2.4563     2.4483     0.0873     0.1148     4.5461     0.0000     3.0685     0.0000     2.4587     2.4483    34.4546    34.5465    23.3969    23.4777    229.109    240.385    105.070    110.225 0.0000e+00
       3277    136.515     48.292 -106.80930   16.77826     48.000    23.4355    23.3895 5.0754e+04   5.082210     0.3975     0.0911    97.7491 1.0531e+02          0     2.4576     2.4485     0.0908     0.1148     4.5473     0.0000     3.0361     0.0000     2.4560     2.4446    34.4574    34.5454    23.3991    23.4791    228.636    239.575    104.854    109.839 0.0000e+00
       3382    140.887     49.298 -106.80930   16.77826     49.000    23.2801    23.1919 5.0586e+04   5.062408     0.3951     0.0902    97.7705 9.9343e+01          0     2.4591     2.4455     0.0905     0.1147     4.5483     0.0000     3.0113     0.0000     2.4448     2.4299    34.4502    34.5483    23.4387    23.5386    227.926    238.380    104.241    108.916 0.0000e+00
       3410    142.056     50.305 -106.80930   16.77826     50.000    23.0980    23.0551 5.0379e+04   5.045770     0.4041     0.0899    97.7761 9.2887e+01          0     2.4506     2.4387     0.0914     0.1148     4.5485     0.0000     2.9818     0.0000     2.4428     2.4235    34.4338    34.5277    23.4790    23.5625    228.730    238.706    104.267    108.792 0.0000e+00
       3472    144.635     51.311 -106.80930   16.77826     51.000    23.0254    22.9693 5.0299e+04   5.035582     0.4363     0.0889    97.8020 8.6069e+01          0     2.4458     2.4313     0.0947     0.1148     4.5497     0.0000     2.9485     0.0000     2.4405     2.4264    34.4288    34.5163    23.4961    23.5786    228.637    239.531    104.089    108.997 0.0000e+00
       3583    149.264     52.317 -106.80930   16.77826     52.000    22.8653    22.8243 5.0124e+04   5.020229     0.4525     0.0922    97.7204 8.1235e+01          0     2.4378     2.4253     0.0963     0.1148     4.5459     0.0000     2.9239     0.0000     2.4234     2.4186    34.4191    34.5118    23.5347    23.6168    226.501    238.380    102.822    108.195 0.0000e+00
       3602    150.061     53.323 -106.80930   16.77826     53.000    22.8129    22.7678 5.0065e+04   5.014341     0.4740     0.0898    97.7793 7.8362e+01          0     2.4378     2.4247     0.0984     0.1148     4.5487     0.0000     2.9083     0.0000     2.4248     2.4156    34.4147    34.5104    23.5465    23.6320    228.276    238.606    103.530    108.189 0.0000e+00
       3623    150.934     54.329 -106.80930   16.77826     54.000    22.5460    22.4914 4.9756e+04   4.984827     0.5009     0.0913    97.7441 7.3950e+01          0     2.4372     2.4270     0.1011     0.1149     4.5470     0.0000     2.8831     0.0000     2.4231     2.4115    34.3849    34.4996    23.5999    23.7024    228.424    239.432    103.093    108.029 0.0000e+00
       3645    151.826     55.336 -106.80930   16.77826     55.000    22.3706    22.3262 4.9554e+04   4.963452     0.5207     0.0914    97.7420 6.7794e+01          0     2.4293     2.4228     0.1031     0.1148     4.5469     0.0000     2.8454     0.0000     2.4195     2.4110    34.3661    34.4636    23.6353    23.7218    229.041    240.561    103.040    108.199 0.0000e+00
       3741    155.823     56.342 -106.80930   16.77826     56.000    22.4152    22.3916 4.9608e+04   4.969468     0.5759     0.0892    97.7949 6.2037e+01          0     2.4230     2.4148     0.1086     0.1148     4.5494     0.0000     2.8071     0.0000     2.4181     2.4137    34.3723    34.4584    23.6274    23.6995    228.089    240.092    102.697    108.110 0.0000e+00
       3858    160.724     57.348 -106.80930   16.77826     57.000    22.3675    22.3213 4.9564e+04   4.963535     0.5624     0.0912    97.7466 6.0533e+01          0     2.4235     2.4199     0.1072     0.1148     4.5472     0.0000     2.7963     0.0000     2.3614     2.3643    34.3753    34.4675    23.6433    23.7263    218.162    230.879     98.146    103.838 0.0000e+00
       3875    161.432     58.354 -106.80930   16.77826     58.000    21.9262    21.8597 4.9074e+04   4.919298     0.5683     0.0883    97.8179 5.5540e+01          0     2.4212     2.4168     0.1078     0.1148     4.5505     0.0000     2.7588     0.0000     2.3517     2.3490    34.3413    34.4875    23.7410    23.8705    220.807    232.089     98.540    103.541 0.0000e+00
       3898    162.368     59.361 -106.80930   16.77826     59.000    21.5280    21.4832 4.8649e+04   4.874004     0.6041     0.0915    97.7379 5.0955e+01          0     2.4080     2.4086     0.1114     0.1149     4.5468     0.0000     2.7216     0.0000     2.3421     2.3369    34.3228    34.4305    23.8373    23.9316    221.602    233.042     98.185    103.236 0.0000e+00
       3929    163.663     60.367 -106.80930   16.77826     60.000    21.3535    21.3119 4.8456e+04   4.853980     0.7125     0.0937    97.6852 4.8117e+01          0     2.3736     2.3766     0.1223     0.1149     4.5443     0.0000     2.6968     0.0000     2.3334     2.3281    34.3082    34.4084    23.8742    23.9618    222.981    234.260     98.478    103.443 0.0000e+00
       4026    167.714     61.373 -106.80932   16.77826     61.000    21.2315    21.3069 4.8328e+04   4.852278     0.8123     0.0932    97.6980 4.3775e+01          0     2.3324     2.3304     0.1322     0.1148     4.5449     0.0000     2.6558     0.0000     2.3268     2.3269    34.3039    34.3985    23.9043    23.9556    223.016    234.250     98.276    103.423 0.0000e+00
       4125    171.850     62.379 -106.80932   16.77826     62.000    20.9136    20.8850 4.7980e+04   4.806403     0.8052     0.0907    97.7578 3.9721e+01          0     2.3265     2.3231     0.1315     0.1148     4.5477     0.0000     2.6136     0.0000     2.3087     2.3078    34.2805    34.3711    23.9728    24.0495    220.377    232.451     96.545    101.836 0.0000e+00
       4197    174.844     63.386 -106.80932   16.77826     63.000    20.7726    20.7325 4.7844e+04   4.791872     0.9405     0.0963    97.6218 3.7065e+01          0     2.3134     2.3123     0.1450     0.1148     4.5414     0.0000     2.5838     0.0000     2.2627     2.2698    34.2850    34.3772    24.0143    24.0953    210.950    225.645     92.182     98.585 0.0000e+00
       4231    176.251     64.392 -106.80932   16.77826     64.000    20.5346    20.4888 4.7593e+04   4.767701     1.0678     0.1239    96.9520 3.4625e+01          0     2.3035     2.3021     0.1578     0.1148     4.5102     0.0000     2.5542     0.0000     2.2035     2.2284    34.2742    34.3792    24.0698    24.1620    196.880    217.655     85.658     94.676 0.0000e+00
       4256    177.285     65.398 -106.80932   16.77826     65.000    20.3967    20.3582 4.7460e+04   4.753338     1.2766     0.1189    97.0713 3.2042e+01          0     2.2832     2.2898     0.1786     0.1148     4.5157     0.0000     2.5206     0.0000     2.1422     2.1743    34.2778    34.3686    24.1093    24.1888    192.546    209.375     83.563     90.851 0.0000e+00
       4280    178.290     66.404 -106.80932   16.77826     66.000    20.4040    20.3667 4.7523e+04   4.758831     1.5205     0.1165    97.1307 2.9081e+01          0     2.2638     2.2693     0.2030     0.1148     4.5185     0.0000     2.4785     0.0000     2.1089     2.1279    34.3226    34.4059    24.1416    24.2150    194.000    206.227     84.227     89.519 0.0000e+00
       4307    179.427     67.411 -106.80932   16.77826     67.000    20.2974    20.2550 4.7415e+04   4.749255     1.6883     0.1175    97.1050 2.6492e+01          0     2.2211     2.2398     0.2198     0.1148     4.5173     0.0000     2.4383     0.0000     2.0921     2.1028    34.3211    34.4187    24.1688    24.2544    196.366    207.209     85.087     89.768 0.0000e+00
       4409    183.651     68.417 -106.80934   16.77826     68.000    20.1896    20.1876 4.7297e+04   4.739137     1.7606     0.1132    97.2099 2.3701e+01          0     2.1173     2.1295     0.2271     0.1148     4.5222     0.0000     2.3905     0.0000     2.0960     2.0983    34.3126    34.3910    24.1909    24.2512    201.122    210.464     86.976     91.054 0.0000e+00
       4517    188.152     69.423 -106.80934   16.77826     69.000    20.1175    20.1065 4.7218e+04   4.734666     1.7101     0.1149    97.1671 2.1247e+01          0     2.1577     2.1433     0.2220     0.1161     4.5202     0.0000     2.3428     0.0000     1.9889     2.0267    34.3066    34.4204    24.2054    24.2950    169.936    189.943     73.387     82.068 0.0000e+00
       4534    188.893     70.430 -106.80934   16.77826     70.000    19.9228    19.8778 4.7016e+04   4.709891     1.7209     0.1094    97.3022 1.9343e+01          0     2.1275     2.1236     0.2231     0.1172     4.5265     0.0000     2.3022     0.0000     1.9486     1.9838    34.2999    34.4047    24.2514    24.3431    171.084    186.431     73.617     80.205 0.0000e+00
       4556    189.782     71.436 -106.80934   16.77826     71.000    19.6633    19.6155 4.6787e+04   4.687007     1.5941     0.1039    97.4353 1.7642e+01          0     2.0969     2.1007     0.2104     0.1170     4.5327     0.0000     2.2624     0.0000     1.9267     1.9512    34.3243    34.4317    24.3376    24.4320    177.362    187.874     75.964     80.448 0.0000e+00
       4673    194.657     72.442 -106.80934   16.77826     72.000    19.8195    19.7813 4.6928e+04   4.698339     1.5303     0.0928    97.7063 1.5448e+01          0     1.9341     1.9536     0.2040     0.1142     4.5453     0.0000     2.2060     0.0000     1.9652     1.9649    34.3117    34.3883    24.2873    24.3558    181.898    192.664     78.115     82.731 0.0000e+00
       4742    197.539     73.449 -106.80934   16.77826     73.000    19.4454    19.4364 4.6582e+04   4.669669     1.5839     0.0966    97.6143 1.4226e+01          0     2.0040     1.9925     0.2094     0.1148     4.5410     0.0000     2.1697     0.0000     1.8354     1.8619    34.3336    34.4355    24.4013    24.4813    160.887    173.622     68.635     74.101 0.0000e+00
       4772    198.793     74.455 -106.80934   16.77826     74.000    19.3006    19.2628 4.6446e+04   4.652048     1.3515     0.0849    97.8986 1.2891e+01          0     1.9402     1.9554     0.1861     0.1148     4.5543     0.0000     2.1270     0.0000     1.8103     1.8291    34.3395    34.4327    24.4430    24.5239    163.295    174.214     69.479     74.114 0.0000e+00
       4866    202.702     75.461 -106.80934   16.77826     75.000    19.2408    19.2504 4.6389e+04   4.649957     1.1753     0.0804    98.0111 1.1503e+01          0     1.8036     1.8264     0.1685     0.1148     4.5595     0.0000     2.0786     0.0000     1.7817     1.8012    34.3413    34.4252    24.4598    24.5214    159.617    171.312     67.840     72.860 0.0000e+00
       4929    205.331     76.468 -106.80934   16.77826     76.000    19.0845    19.0460 4.6242e+04   4.631689     1.1619     0.0801    98.0170 1.0780e+01          0     1.7997     1.8150     0.1672     0.1148     4.5597     0.0000     2.0502     0.0000     1.7125     1.7414    34.3477    34.4423    24.5046    24.5867    144.977    159.530     61.442     67.599 0.0000e+00
       4955    206.407     77.474 -106.80934   16.77826     77.000    18.9448    18.9039 4.6109e+04   4.618702     1.0586     0.0759    98.1201 9.9679e+00          0     1.7810     1.8037     0.1569     0.1149     4.5645     0.0000     2.0164     0.0000     1.6734     1.7027    34.3526    34.4516    24.5439    24.6299    141.250    154.337     59.708     65.229 0.0000e+00
       4980    207.450     78.480 -106.80934   16.77826     78.000    18.8057    18.7653 4.5984e+04   4.605655     0.9911     0.0730    98.1923 9.0739e+00          0     1.7572     1.7809     0.1501     0.1148     4.5679     0.0000     1.9760     0.0000     1.6438     1.6681    34.3634    34.4575    24.5874    24.6695    141.520    151.419     59.671     63.833 0.0000e+00
       5062    210.881     79.487 -106.80934   16.77826     79.000    18.7877    18.7536 4.5970e+04   4.603670     0.9738     0.0700    98.2659 8.2576e+00          0     1.6697     1.6877     0.1484     0.1148     4.5713     0.0000     1.9355     0.0000     1.6430     1.6515    34.3662    34.4503    24.5941    24.6669    145.985    153.954     61.533     64.884 0.0000e+00
       5165    215.170     80.493 -106.80934   16.77826     80.000    18.7309    18.6714 4.5922e+04   4.597309     1.0285     0.0706    98.2512 7.4364e+00          0     1.6548     1.6603     0.1538     0.1149     4.5706     0.0000     1.8907     0.0000     1.6033     1.6186    34.3723    34.4652    24.6131    24.6991    137.560    147.235     57.923     61.963 0.0000e+00
       5199    216.574     81.499 -106.80936   16.77826     81.000    18.6430    18.6078 4.5842e+04   4.591020     0.8896     0.0677    98.3202 6.8739e+00          0     1.6436     1.6549     0.1400     0.1148     4.5739     0.0000     1.8570     0.0000     1.5842     1.5959    34.3783    34.4650    24.6398    24.7150    135.586    144.694     57.001     60.821 0.0000e+00
       5231    217.897     82.506 -106.80936   16.77826     82.000    18.6132    18.5745 4.5815e+04   4.587932     0.8114     0.0672    98.3348 6.4123e+00          0     1.6167     1.6321     0.1321     0.1148     4.5745     0.0000     1.8272     0.0000     1.5562     1.5741    34.3804    34.4665    24.6489    24.7245    128.665    141.100     54.061     59.274 0.0000e+00
       5289    220.321     83.512 -106.80936   16.77826     83.000    18.4544    18.4572 4.5672e+04   4.577627     0.8204     0.0659    98.3656 5.9326e+00          0     1.5761     1.5917     0.1330     0.1148     4.5760     0.0000     1.7939     0.0000     1.4688     1.5160    34.3923    34.4775    24.6978    24.7622    110.299    129.261     46.218     54.187 0.0000e+00
       5357    223.186     84.519 -106.80936   16.77826     84.000    18.0991    18.0444 4.5360e+04   4.544076     0.8393     0.0621    98.4593 5.5987e+00          0     1.5064     1.5408     0.1349     0.1148     4.5803     0.0000     1.7693     0.0000     1.2647     1.3381    34.4250    34.5401    24.8108    24.9124     75.918     95.753     31.597     39.841 0.0000e+00
       5383    224.234     85.525 -106.80936   16.77826     85.000    17.7880    17.7403 4.5085e+04   4.516099     0.7238     0.0581    98.5574 5.2256e+00          0     1.4702     1.5210     0.1234     0.1149     4.5849     0.0000     1.7399     0.0000     1.1937     1.2565    34.4527    34.5583    24.9083    25.0008     74.632     89.157     30.887     36.889 0.0000e+00
       5406    225.199     86.531 -106.80936   16.77826     86.000    17.6047    17.5608 4.4915e+04   4.499276     0.6443     0.0561    98.6079 4.7983e+00          0     1.3940     1.4648     0.1154     0.1148     4.5872     0.0000     1.7034     0.0000     1.1532     1.2023    34.4621    34.5661    24.9600    25.0504     77.723     86.308     32.055     35.589 0.0000e+00
