data/ctd-cnv/KM1919/KM1919-St20-P2/St20_P2_cast55-align-cellTM-derive-bin.cnv
* Sea-Bird SBE 9 Data File:
* FileName = C:\Users\otg\Desktop\CTD Data\km1920\St20_P2_cast55.hex
* Software Version Seasave V 7.26.7.107
* Temperature SN = 5554
* Conductivity SN = 3876
* Number of Bytes Per Scan = 41
* Number of Voltage Words = 4
* Number of Scans Averaged by the Deck Unit = 1
* NMEA Latitude = 16 50.10 N
* NMEA Longitude = 106 51.68 W
* NMEA UTC (Time) = Oct 11 2019  19:05:44
* NMEA baud rate = 4800
** Ship: Kilo Moana
** Station: St20_P2 cast 55
** Operator: jac
# nquan = 34
# nvalues = 510                         
# units = specified
# name 0 = scan: Scan Count
# name 1 = timeS: Time, Elapsed [seconds]
# name 2 = prDM: Pressure, Digiquartz [db]
# name 3 = longitude: Longitude [deg]
# name 4 = latitude: Latitude [deg]
# name 5 = depSMignore: Depth [salt water, m]
# name 6 = t090C: Temperature [ITS-90, deg C]
# name 7 = t190C: Temperature, 2 [ITS-90, deg C]
# name 8 = c0uS/cm: Conductivity [uS/cm]
# name 9 = c1S/m: Conductivity, 2 [S/m]
# name 10 = flECO-AFL: Fluorescence, WET Labs ECO-AFL/FL [mg/m^3]
# name 11 = CStarAt0: Beam Attenuation, WET Labs C-Star [1/m]
# name 12 = CStarTr0: Beam Transmission, WET Labs C-Star [%]
# name 13 = par: PAR/Irradiance, Biospherical/Licor
# name 14 = modError: Modulo Error Count
# name 15 = v0: Voltage 0
# name 16 = v1: Voltage 1
# name 17 = v2: Voltage 2
# name 18 = v3: Voltage 3
# name 19 = v4: Voltage 4
# name 20 = v5: Voltage 5
# name 21 = v6: Voltage 6
# name 22 = v7: Voltage 7
# name 23 = sbeox0V: Oxygen raw, SBE 43 [V]
# name 24 = sbeox1V: Oxygen raw, SBE 43, 2 [V]
# name 25 = sal00: Salinity, Practical [PSU]
# name 26 = sal11: Salinity, Practical, 2 [PSU]
# name 27 = sigma-é00: Density [sigma-theta, kg/m^3]
# name 28 = sigma-é11: Density, 2 [sigma-theta, kg/m^3]
# name 29 = sbeox0Mm/L: Oxygen, SBE 43 [umol/l], WS = 2
# name 30 = sbeox1Mm/L: Oxygen, SBE 43, 2 [umol/l], WS = 2
# name 31 = sbeox0PS: Oxygen, SBE 43 [% saturation], WS = 2
# name 32 = sbeox1PS: Oxygen, SBE 43, 2 [% saturation], WS = 2
# name 33 = flag: flag
# span 0 =         69,      17460       
# span 1 =      2.831,    727.445       
# span 2 =      2.012,    514.690       
# span 3 = -106.86150, -106.86139       
# span 4 =   16.83494,   16.83498       
# span 5 =      2.000,    511.000       
# span 6 =     8.0045,    29.0041       
# span 7 =     7.9772,    28.9632       
# span 8 = 3.6041e+04, 5.6572e+04       
# span 9 =   3.609094,   5.665162       
# span 10 =     0.0427,     1.5603      
# span 11 =     0.0369,     0.1287      
# span 12 =    96.8330,    99.0829      
# span 13 = 1.8648e-04, 1.2240e+03      
# span 14 =          0,          0      
# span 15 =     0.5034,     2.5091      
# span 16 =     0.5136,     2.4969      
# span 17 =     0.0552,     0.2070      
# span 18 =     0.1121,     0.1154      
# span 19 =     4.5047,     4.6093      
# span 20 =     0.0000,     0.0000      
# span 21 =     0.0097,     4.0830      
# span 22 =     0.0000,     0.0000      
# span 23 =     0.5025,     2.5102      
# span 24 =     0.5129,     2.4900      
# span 25 =    34.2630,    34.7818      
# span 26 =    34.3578,    34.8708      
# span 27 =    21.5420,    26.9399      
# span 28 =    21.6183,    27.0071      
# span 29 =      0.905,    231.319      
# span 30 =      0.990,    241.443      
# span 31 =      0.306,    107.674      
# span 32 =      0.339,    112.395      
# span 33 = 0.0000e+00, 0.0000e+00      
# interval = meters: 1                  
# start_time = Oct 11 2019 19:08:18 [NMEA time, first data scan]
# bad_flag = -9.990e-29
*END*
[from data line 43]
       2978    124.051     45.274 -106.86140   16.83496     45.000    23.8276    23.7762 5.1162e+04   5.126392     0.3918     0.1068    97.3653 6.6074e+01          0     2.4697     2.4496     0.0902     0.1149     4.5294     0.0000     2.8343     0.0000     2.4697     2.4476    34.4635    34.5808    23.2888    23.3928    230.307    239.261    106.345    110.456 0.0000e+00
       3068    127.807     46.280 -106.86140   16.83497     46.000    23.8536    23.6993 5.1192e+04   5.114818     0.4307     0.1067    97.3680 6.2302e+01          0     2.4718     2.4532     0.0941     0.1147     4.5296     0.0000     2.8088     0.0000     2.4688     2.4558    34.4661    34.5525    23.2830    23.3938    227.969    239.716    105.310    110.499 0.0000e+00
       3168    131.979     47.286 -106.86140   16.83496     47.000    23.5566    23.4837 5.0876e+04   5.095809     0.4015     0.1055    97.3977 6.1058e+01          0     2.4719     2.4627     0.0912     0.1146     4.5309     0.0000     2.8001     0.0000     2.4455     2.4340    34.4565    34.5759    23.3631    23.4747    226.764    237.216    104.214    108.954 0.0000e+00
       3187    132.762     48.292 -106.86140   16.83496     48.000    23.1591    23.0919 5.0421e+04   5.050347     0.4419     0.1085    97.3233 5.8351e+01          0     2.4635     2.4542     0.0952     0.1147     4.5275     0.0000     2.7804     0.0000     2.4457     2.4313    34.4185    34.5346    23.4497    23.5571    228.950    239.568    104.469    109.260 0.0000e+00
       3208    133.617     49.298 -106.86140   16.83496     49.000    23.0259    22.9818 5.0284e+04   5.036935     0.4672     0.1075    97.3497 5.5465e+01          0     2.4550     2.4470     0.0977     0.1147     4.5287     0.0000     2.7584     0.0000     2.4459     2.4338    34.4172    34.5176    23.4871    23.5759    230.090    240.686    104.744    109.547 0.0000e+00
       3233    134.672     50.305 -106.86140   16.83496     50.000    22.9287    22.8872 5.0177e+04   5.025911     0.4911     0.1065    97.3744 5.2589e+01          0     2.4489     2.4399     0.1001     0.1147     4.5298     0.0000     2.7353     0.0000     2.4504     2.4356    34.4106    34.5067    23.5100    23.5948    231.319    241.443    105.121    109.703 0.0000e+00
       3320    138.310     51.311 -106.86140   16.83496     51.000    22.9828    22.9122 5.0241e+04   5.028015     0.5270     0.1032    97.4528 4.9465e+01          0     2.4485     2.4358     0.1037     0.1147     4.5335     0.0000     2.7088     0.0000     2.4451     2.4352    34.4175    34.5029    23.4998    23.5848    228.971    240.639    104.156    109.383 0.0000e+00
       3405    141.852     52.317 -106.86140   16.83496     52.000    22.8482    22.7906 5.0097e+04   5.015819     0.5212     0.1029    97.4597 4.7737e+01          0     2.4461     2.4343     0.1031     0.1147     4.5338     0.0000     2.6934     0.0000     2.4249     2.4203    34.4114    34.5042    23.5338    23.6207    226.223    238.319    102.660    108.098 0.0000e+00
       3437    143.149     53.323 -106.86140   16.83496     53.000    22.6861    22.6359 4.9919e+04   4.999754     0.5421     0.1039    97.4364 4.4869e+01          0     2.4415     2.4314     0.1052     0.1147     4.5328     0.0000     2.6665     0.0000     2.4193     2.4116    34.4010    34.5016    23.5722    23.6628    227.572    238.589    102.972    107.925 0.0000e+00
       3475    144.755     54.330 -106.86140   16.83496     54.000    22.4066    22.3612 4.9606e+04   4.968567     0.5729     0.1044    97.4243 4.3348e+01          0     2.4295     2.4243     0.1083     0.1146     4.5322     0.0000     2.6516     0.0000     2.4124     2.4065    34.3779    34.4761    23.6340    23.7214    226.817    238.826    102.112    107.494 0.0000e+00
       3537    147.349     55.336 -106.86140   16.83496     55.000    22.1022    22.0512 4.9276e+04   4.935450     0.6177     0.1060    97.3846 4.1871e+01          0     2.4167     2.4091     0.1128     0.1148     4.5303     0.0000     2.6366     0.0000     2.3828     2.3765    34.3607    34.4629    23.7065    23.7984    223.239    235.325     99.950    105.329 0.0000e+00
       3579    149.087     56.342 -106.86140   16.83496     56.000    21.6787    21.6273 4.8813e+04   4.889942     0.6925     0.1102    97.2833 3.8849e+01          0     2.4051     2.4003     0.1203     0.1147     4.5256     0.0000     2.6041     0.0000     2.3623     2.3592    34.3331    34.4424    23.8035    23.9007    223.914    235.804     99.483    104.736 0.0000e+00
       3610    150.355     57.348 -106.86140   16.83496     57.000    21.5011    21.4579 4.8618e+04   4.870024     0.7278     0.1081    97.3339 3.6240e+01          0     2.3892     2.3817     0.1238     0.1148     4.5280     0.0000     2.5739     0.0000     2.3563     2.3530    34.3201    34.4199    23.8426    23.9303    225.270    236.443     99.760    104.688 0.0000e+00
       3689    153.687     58.355 -106.86140   16.83496     58.000    21.4578    21.3605 4.8570e+04   4.857710     0.7603     0.1061    97.3822 3.4417e+01          0     2.3628     2.3560     0.1270     0.1147     4.5302     0.0000     2.5517     0.0000     2.3555     2.3452    34.3162    34.3998    23.8516    23.9419    224.986    235.935     99.554    104.269 0.0000e+00
       3781    157.483     59.361 -106.86140   16.83496     59.000    21.3380    21.2921 4.8443e+04   4.852293     0.7675     0.1061    97.3831 3.2629e+01          0     2.3636     2.3461     0.1278     0.1147     4.5303     0.0000     2.5286     0.0000     2.3191     2.3211    34.3110    34.4113    23.8805    23.9693    217.451    230.898     96.012    101.925 0.0000e+00
       3800    158.304     60.367 -106.86140   16.83496     60.000    21.1513    21.1031 4.8237e+04   4.831712     0.7574     0.1031    97.4538 3.0833e+01          0     2.3571     2.3479     0.1268     0.1147     4.5336     0.0000     2.5040     0.0000     2.3036     2.3032    34.2960    34.3988    23.9201    24.0114    217.263    229.269     95.598    100.854 0.0000e+00
       3820    159.121     61.373 -106.86140   16.83496     61.000    20.8880    20.8340 4.7945e+04   4.803388     0.7556     0.1040    97.4328 2.8675e+01          0     2.3482     2.3422     0.1266     0.1148     4.5326     0.0000     2.4725     0.0000     2.2925     2.2916    34.2733    34.3884    23.9742    24.0764    218.455    230.309     95.654    100.814 0.0000e+00
       3843    160.065     62.380 -106.86140   16.83496     62.000    20.6769    20.6305 4.7721e+04   4.780398     0.7641     0.1048    97.4128 2.6468e+01          0     2.3352     2.3321     0.1274     0.1148     4.5316     0.0000     2.4379     0.0000     2.2880     2.2875    34.2630    34.3676    24.0232    24.1152    221.169    231.865     96.466    101.109 0.0000e+00
       3944    164.286     63.386 -106.86140   16.83496     63.000    20.6896    20.6570 4.7739e+04   4.781887     0.8845     0.1081    97.3327 2.4063e+01          0     2.2920     2.2880     0.1395     0.1146     4.5279     0.0000     2.3972     0.0000     2.2720     2.2747    34.2669    34.3578    24.0227    24.1006    212.103    227.370     92.530     99.188 0.0000e+00
       4013    167.147     64.392 -106.86140   16.83496     64.000    20.4673    20.3745 4.7530e+04   4.756418     0.9083     0.1098    97.2920 2.2539e+01          0     2.2995     2.2977     0.1418     0.1146     4.5260     0.0000     2.3684     0.0000     2.1214     2.1574    34.2778    34.3806    24.0904    24.1935    185.971    204.411     80.812     88.731 0.0000e+00
       4041    168.319     65.398 -106.86140   16.83496     65.000    20.2211    20.1763 4.7333e+04   4.740931     1.1497     0.1246    96.9321 2.1060e+01          0     2.2826     2.2835     0.1659     0.1148     4.5093     0.0000     2.3391     0.0000     2.0714     2.0948    34.3176    34.4159    24.1862    24.2730    188.523    201.877     81.574     87.331 0.0000e+00
       4071    169.592     66.405 -106.86140   16.83496     66.000    20.0881    20.0481 4.7198e+04   4.727267     1.5412     0.1287    96.8330 1.9400e+01          0     2.2005     2.2306     0.2051     0.1148     4.5047     0.0000     2.3035     0.0000     2.0460     2.0616    34.3156    34.4088    24.2198    24.3014    189.549    201.352     81.818     86.897 0.0000e+00
       4116    171.477     67.411 -106.86140   16.83496     67.000    19.9734    19.9682 4.7081e+04   4.718430     1.5470     0.1240    96.9478 1.7576e+01          0     2.0880     2.1149     0.2057     0.1148     4.5100     0.0000     2.2608     0.0000     2.0267     2.0385    34.3132    34.4016    24.2481    24.3169    189.434    200.816     81.595     86.535 0.0000e+00
       4197    174.852     68.417 -106.86140   16.83496     68.000    19.7601    19.7874 4.6856e+04   4.699927     1.5603     0.1204    97.0336 1.5748e+01          0     2.0245     2.0351     0.2070     0.1147     4.5140     0.0000     2.2137     0.0000     2.0081     2.0169    34.3024    34.3978    24.2957    24.3613    187.968    199.046     80.642     85.486 0.0000e+00
       4246    176.873     69.424 -106.86140   16.83496     69.000    19.6725    19.6314 4.6760e+04   4.682876     1.5050     0.1172    97.1124 1.4458e+01          0     2.0153     2.0243     0.2015     0.1148     4.5177     0.0000     2.1767     0.0000     1.9734     1.9898    34.2948    34.3854    24.3127    24.3925    179.977    193.005     77.085     82.647 0.0000e+00
       4278    178.197     70.430 -106.86140   16.83496     70.000    19.5738    19.5342 4.6672e+04   4.674421     1.4171     0.1121    97.2366 1.3494e+01          0     2.0109     2.0187     0.1927     0.1148     4.5234     0.0000     2.1469     0.0000     1.9465     1.9621    34.3033    34.3953    24.3448    24.4253    178.418    190.898     76.283     81.603 0.0000e+00
       4332    180.459     71.436 -106.86140   16.83496     71.000    19.4342    19.4474 4.6536e+04   4.665298     1.3039     0.1078    97.3400 1.2304e+01          0     1.9717     1.9865     0.1814     0.1147     4.5283     0.0000     2.1067     0.0000     1.9186     1.9399    34.3050    34.3910    24.3822    24.4445    175.190    188.597     74.711     80.488 0.0000e+00
       4414    183.890     72.443 -106.86142   16.83496     72.000    19.2501    19.2018 4.6361e+04   4.643637     1.3316     0.1056    97.3957 1.1193e+01          0     1.9208     1.9399     0.1841     0.1148     4.5308     0.0000     2.0666     0.0000     1.8253     1.8549    34.3115    34.4140    24.4344    24.5250    159.631    173.280     67.844     73.625 0.0000e+00
       4440    184.970     73.449 -106.86142   16.83496     73.000    19.0467    19.0079 4.6163e+04   4.623379     1.1762     0.1017    97.4899 1.0569e+01          0     1.9110     1.9347     0.1686     0.1146     4.5352     0.0000     2.0417     0.0000     1.7988     1.8195    34.3148    34.4057    24.4890    24.5683    160.507    171.975     67.962     72.805 0.0000e+00
       4464    185.966     74.455 -106.86142   16.83496     74.000    18.9817    18.9423 4.6101e+04   4.617291     1.0691     0.0988    97.5596 9.7817e+00          0     1.8731     1.9043     0.1579     0.1147     4.5385     0.0000     2.0083     0.0000     1.7812     1.7992    34.3162    34.4090    24.5066    24.5875    160.788    170.746     67.999     72.197 0.0000e+00
       4496    187.293     75.461 -106.86142   16.83496     75.000    18.9031    18.8800 4.6024e+04   4.610623     1.0182     0.0955    97.6418 8.9741e+00          0     1.8286     1.8554     0.1528     0.1147     4.5423     0.0000     1.9711     0.0000     1.7764     1.7829    34.3168    34.4047    24.5270    24.6001    163.367    170.522     68.989     72.017 0.0000e+00
       4617    192.341     76.468 -106.86140   16.83496     76.000    18.8552    18.8047 4.5980e+04   4.605002     1.0774     0.0906    97.7598 8.2519e+00          0     1.7679     1.7687     0.1587     0.1147     4.5478     0.0000     1.9357     0.0000     1.6619     1.7076    34.3192    34.4200    24.5409    24.6308    128.071    149.911     54.033     63.231 0.0000e+00
       4647    193.596     77.474 -106.86140   16.83496     77.000    18.6629    18.6251 4.5832e+04   4.589892     1.0031     0.0918    97.7319 7.8239e+00          0     1.7728     1.7771     0.1513     0.1148     4.5465     0.0000     1.9125     0.0000     1.5516     1.5991    34.3547    34.4426    24.6166    24.6933    121.625    134.784     51.143     56.666 0.0000e+00
       4669    194.497     78.481 -106.86140   16.83496     78.000    18.5539    18.5099 4.5765e+04   4.583956     0.8966     0.0897    97.7818 7.2357e+00          0     1.7550     1.7699     0.1407     0.1147     4.5488     0.0000     1.8789     0.0000     1.5231     1.5562    34.3891    34.4886    24.6702    24.7574    124.822    135.143     52.391     56.710 0.0000e+00
       4696    195.640     79.487 -106.86140   16.83496     79.000    18.4336    18.3950 4.5635e+04   4.570731     0.7956     0.0862    97.8671 6.6622e+00          0     1.6662     1.7164     0.1305     0.1130     4.5528     0.0000     1.8435     0.0000     1.5012     1.5291    34.3796    34.4730    24.6930    24.7741    125.367    135.292     52.498     56.645 0.0000e+00
       4785    199.352     80.493 -106.86141   16.83496     80.000    18.3961    18.3652 4.5599e+04   4.566619     0.8162     0.0841    97.9196 6.1493e+00          0     1.4943     1.5217     0.1326     0.1143     4.5552     0.0000     1.8096     0.0000     1.4598     1.4809    34.3803    34.4628    24.7029    24.7738    116.516    128.307     48.753     53.686 0.0000e+00
       4855    202.243     81.500 -106.86142   16.83496     81.000    18.1981    18.1381 4.5435e+04   4.550039     0.8605     0.0822    97.9656 5.8461e+00          0     1.4890     1.4958     0.1371     0.1146     4.5574     0.0000     1.7878     0.0000     1.3142     1.3640    34.4066    34.5129    24.7722    24.8684     88.533    104.839     36.915     43.692 0.0000e+00
       4880    203.273     82.506 -106.86142   16.83496     82.000    18.0211    17.9809 4.5279e+04   4.535041     0.7286     0.0784    98.0593 5.4813e+00          0     1.4662     1.4886     0.1239     0.1126     4.5617     0.0000     1.7602     0.0000     1.2610     1.3068    34.4228    34.5175    24.8283    24.9107     87.357    100.158     36.307     41.619 0.0000e+00
       4924    205.122     83.512 -106.86142   16.83496     83.000    17.8252    17.8250 4.5097e+04   4.520172     0.6537     0.0744    98.1569 4.9992e+00          0     1.3519     1.3967     0.1164     0.1130     4.5662     0.0000     1.7208     0.0000     1.2188     1.2549    34.4326    34.5221    24.8837    24.9523     89.992     98.849     37.264     40.955 0.0000e+00
       4996    208.134     84.519 -106.86142   16.83496     84.000    17.6311    17.6711 4.4905e+04   4.505876     0.6397     0.0697    98.2728 4.6620e+00          0     1.2214     1.2601     0.1150     0.1134     4.5716     0.0000     1.6913     0.0000     1.2017     1.2253    34.4317    34.5298    24.9302    24.9956     91.855     98.247     37.897     40.589 0.0000e+00
       5081    211.655     85.525 -106.86142   16.83495     85.000    17.4248    17.4271 4.4703e+04   4.480342     0.5279     0.0658    98.3687 4.2685e+00          0     1.2004     1.2243     0.1038     0.1122     4.5761     0.0000     1.6540     0.0000     1.1913     1.2098    34.4324    34.5173    24.9807    25.0452     90.149     96.459     37.047     39.662 0.0000e+00
       5135    213.921     86.531 -106.86142   16.83494     86.000    17.4188    17.3829 4.4702e+04   4.476614     0.5489     0.0656    98.3733 4.0101e+00          0     1.1971     1.2166     0.1059     0.1126     4.5763     0.0000     1.6273     0.0000     1.1738     1.1924    34.4362    34.5223    24.9851    25.0597     86.569     93.163     35.572     38.276 0.0000e+00
