data/ctd-cnv/KM1919/KM1919-St20-P2/St20_P2_cast46-align-cellTM-derive-bin.cnv
* Sea-Bird SBE 9 Data File:
* FileName = C:\Users\otg\Desktop\CTD Data\km1920\St20_P2_cast46.hex
* Software Version Seasave V 7.26.7.107
* Temperature SN = 5554
* Conductivity SN = 3876
* Number of Bytes Per Scan = 41
* Number of Voltage Words = 4
* Number of Scans Averaged by the Deck Unit = 1
* NMEA Latitude = 16 46.70 N
* NMEA Longitude = 106 48.61 W
* NMEA UTC (Time) = Oct 08 2019  22:08:33
* NMEA baud rate = 4800
** Ship: Kilo Moana
** Station: St20_P2 cast 46
** Operator: CLF
# nquan = 34
# nvalues = 404                         
# units = specified
# name 0 = scan: Scan Count
# name 1 = timeS: Time, Elapsed [seconds]
# name 2 = prDM: Pressure, Digiquartz [db]
# name 3 = longitude: Longitude [deg]
# name 4 = latitude: Latitude [deg]
# name 5 = depSMignore: Depth [salt water, m]
# name 6 = t090C: Temperature [ITS-90, deg C]
# name 7 = t190C: Temperature, 2 [ITS-90, deg C]
# name 8 = c0uS/cm: Conductivity [uS/cm]
# name 9 = c1S/m: Conductivity, 2 [S/m]
# name 10 = flECO-AFL: Fluorescence, WET Labs ECO-AFL/FL [mg/m^3]
# name 11 = CStarAt0: Beam Attenuation, WET Labs C-Star [1/m]
# name 12 = CStarTr0: Beam Transmission, WET Labs C-Star [%]
# name 13 = par: PAR/Irradiance, Biospherical/Licor
# name 14 = modError: Modulo Error Count
# name 15 = v0: Voltage 0
# name 16 = v1: Voltage 1
# name 17 = v2: Voltage 2
# name 18 = v3: Voltage 3
# name 19 = v4: Voltage 4
# name 20 = v5: Voltage 5
# name 21 = v6: Voltage 6
# name 22 = v7: Voltage 7
# name 23 = sbeox0V: Oxygen raw, SBE 43 [V]
# name 24 = sbeox1V: Oxygen raw, SBE 43, 2 [V]
# name 25 = sal00: Salinity, Practical [PSU]
# name 26 = sal11: Salinity, Practical, 2 [PSU]
# name 27 = sigma-é00: Density [sigma-theta, kg/m^3]
# name 28 = sigma-é11: Density, 2 [sigma-theta, kg/m^3]
# name 29 = sbeox0Mm/L: Oxygen, SBE 43 [umol/l], WS = 2
# name 30 = sbeox1Mm/L: Oxygen, SBE 43, 2 [umol/l], WS = 2
# name 31 = sbeox0PS: Oxygen, SBE 43 [% saturation], WS = 2
# name 32 = sbeox1PS: Oxygen, SBE 43, 2 [% saturation], WS = 2
# name 33 = flag: flag
# span 0 =        -90,      21305       
# span 1 =     -3.772,    887.669       
# span 2 =      2.012,    407.818       
# span 3 = -106.81014, -106.81002       
# span 4 =   16.77828,   16.77836       
# span 5 =      2.000,    405.000       
# span 6 =     9.0176,    29.7575       
# span 7 =     8.9911,    29.7105       
# span 8 = 3.6969e+04, 5.7493e+04       
# span 9 =   3.701914,   5.757212       
# span 10 =     0.0404,     1.7954      
# span 11 =     0.0169,     0.1176      
# span 12 =    97.1021,    99.5786      
# span 13 = 1.9452e-04, 5.7184e+02      
# span 14 =          0,          0      
# span 15 =     0.5031,     2.5016      
# span 16 =     0.5130,     2.4920      
# span 17 =     0.0550,     0.2306      
# span 18 =     0.1146,     0.1174      
# span 19 =     4.5172,     4.6324      
# span 20 =     0.0000,     0.0000      
# span 21 =     0.0097,     3.7704      
# span 22 =     0.0000,     0.0000      
# span 23 =     0.5024,     2.5018      
# span 24 =     0.5126,     2.4873      
# span 25 =    34.2810,    34.7839      
# span 26 =    34.3748,    34.8707      
# span 27 =    21.4996,    26.8132      
# span 28 =    21.5781,    26.8790      
# span 29 =      0.813,    229.370      
# span 30 =      0.954,    240.129      
# span 31 =      0.282,    107.285      
# span 32 =      0.331,    112.222      
# span 33 = 0.0000e+00, 0.0000e+00      
# interval = meters: 1                  
# start_time = Oct 08 2019 22:10:36 [NMEA time, first data scan]
# bad_flag = -9.990e-29
*END*
[from data line 43]
       3311    137.909     45.273 -106.81012   16.77832     45.000    24.8632    24.7966 5.2332e+04   5.243504     0.2837     0.0973    97.5978 6.3915e+01          0     2.4738     2.4638     0.0794     0.1167     4.5402     0.0000     2.8199     0.0000     2.4796     2.4640    34.5432    34.6704    23.0408    23.1570    225.515    236.766    106.056    111.301 0.0000e+00
       3351    139.588     46.280 -106.81012   16.77832     46.000    24.6404    24.5960 5.2099e+04   5.219194     0.3157     0.0951    97.6490 5.9986e+01          0     2.4716     2.4516     0.0825     0.1163     4.5426     0.0000     2.7924     0.0000     2.4743     2.4633    34.5398    34.6434    23.1051    23.1967    225.624    236.691    105.697    110.863 0.0000e+00
       3386    141.029     47.286 -106.81012   16.77832     47.000    24.3908    24.3355 5.1813e+04   5.190686     0.3222     0.0977    97.5871 5.6469e+01          0     2.4795     2.4624     0.0832     0.1172     4.5397     0.0000     2.7661     0.0000     2.4771     2.4626    34.5179    34.6309    23.1633    23.2652    228.002    238.167    106.341    111.049 0.0000e+00
       3470    144.521     48.292 -106.81012   16.77832     48.000    24.2143    24.1278 5.1607e+04   5.163519     0.3683     0.0937    97.6839 5.2456e+01          0     2.4768     2.4638     0.0878     0.1156     4.5443     0.0000     2.7343     0.0000     2.4641     2.4588    34.4993    34.5873    23.2018    23.2941    224.816    237.559    104.525    110.342 0.0000e+00
       3543    147.594     49.298 -106.81012   16.77832     49.000    23.8303    23.8534 5.1202e+04   5.139410     0.3747     0.0940    97.6766 4.9097e+01          0     2.4715     2.4686     0.0885     0.1173     4.5439     0.0000     2.7056     0.0000     2.4378     2.4247    34.4903    34.6180    23.3086    23.3983    225.720    234.807    104.248    108.567 0.0000e+00
       3568    148.639     50.304 -106.81012   16.77832     50.000    23.4002    23.3415 5.0713e+04   5.083681     0.4121     0.0946    97.6615 4.6329e+01          0     2.4603     2.4604     0.0922     0.1166     4.5432     0.0000     2.6804     0.0000     2.4442     2.4256    34.4526    34.5935    23.4056    23.5294    229.246    238.170    105.064    109.131 0.0000e+00
       3630    151.217     51.311 -106.81013   16.77832     51.000    23.1708    23.0827 5.0453e+04   5.048461     0.4902     0.0958    97.6336 4.2724e+01          0     2.4477     2.4366     0.1000     0.1159     4.5419     0.0000     2.6450     0.0000     2.4486     2.4336    34.4331    34.5262    23.4574    23.5533    229.370    240.129    104.689    109.491 0.0000e+00
       3730    155.362     52.317 -106.81014   16.77832     52.000    23.0768    22.9494 5.0357e+04   5.034979     0.5149     0.0966    97.6151 3.9576e+01          0     2.4514     2.4370     0.1025     0.1172     4.5410     0.0000     2.6121     0.0000     2.4422     2.4297    34.4325    34.5270    23.4841    23.5924    228.862    240.005    104.287    109.181 0.0000e+00
       3778    157.363     53.323 -106.81013   16.77832     53.000    22.8709    22.8335 5.0124e+04   5.020330     0.5573     0.0953    97.6456 3.7022e+01          0     2.4419     2.4320     0.1067     0.1172     4.5424     0.0000     2.5832     0.0000     2.4331     2.4249    34.4146    34.5049    23.5298    23.6090    227.061    238.894    103.084    108.441 0.0000e+00
       3818    159.028     54.329 -106.81012   16.77832     54.000    22.7673    22.7226 5.0006e+04   5.009341     0.5740     0.0970    97.6038 3.4251e+01          0     2.4423     2.4289     0.1084     0.1172     4.5405     0.0000     2.5495     0.0000     2.4174     2.4099    34.4042    34.5070    23.5516    23.6423    225.909    237.610    102.368    107.650 0.0000e+00
       3851    160.406     55.336 -106.81012   16.77832     55.000    22.3105    22.2606 4.9487e+04   4.958236     0.5998     0.0949    97.6545 3.2214e+01          0     2.4368     2.4285     0.1110     0.1172     4.5429     0.0000     2.5230     0.0000     2.4130     2.4038    34.3610    34.4749    23.6483    23.7488    228.642    239.378    102.748    107.549 0.0000e+00
       3891    162.078     56.342 -106.81012   16.77832     56.000    22.1407    22.1015 4.9302e+04   4.938221     0.6484     0.0926    97.7121 3.0030e+01          0     2.4215     2.4136     0.1158     0.1172     4.5456     0.0000     2.4925     0.0000     2.4081     2.4007    34.3502    34.4444    23.6879    23.7704    228.468    240.088    102.356    107.546 0.0000e+00
       4001    166.651     57.348 -106.81012   16.77832     57.000    22.1278    22.0779 4.9291e+04   4.935067     0.7044     0.0916    97.7373 2.7128e+01          0     2.4089     2.4011     0.1214     0.1158     4.5467     0.0000     2.4485     0.0000     2.4025     2.3954    34.3519    34.4381    23.6929    23.7723    227.252    238.949    101.786    106.986 0.0000e+00
       4111    171.238     58.354 -106.81012   16.77832     58.000    21.8615    21.7948 4.9008e+04   4.908223     0.7169     0.0924    97.7170 2.5417e+01          0     2.4126     2.4015     0.1227     0.1173     4.5458     0.0000     2.4205     0.0000     2.3394     2.3443    34.3407    34.4522    23.7587    23.8619    215.743    230.685     96.171    102.776 0.0000e+00
       4135    172.268     59.360 -106.81012   16.77834     59.000    21.5344    21.4921 4.8666e+04   4.874733     0.7447     0.0964    97.6182 2.3891e+01          0     2.4007     2.3937     0.1255     0.1172     4.5412     0.0000     2.3936     0.0000     2.3082     2.3172    34.3310    34.4291    23.8419    23.9281    214.725    228.343     95.153    101.170 0.0000e+00
       4159    173.249     60.367 -106.81012   16.77834     60.000    21.4481    21.4061 4.8581e+04   4.865961     0.7698     0.0984    97.5712 2.2212e+01          0     2.3771     2.3753     0.1280     0.1163     4.5390     0.0000     2.3621     0.0000     2.2952     2.2978    34.3325    34.4281    23.8667    23.9510    217.388    228.259     96.185    100.976 0.0000e+00
       4182    174.210     61.373 -106.81012   16.77834     61.000    21.3074    21.2610 4.8442e+04   4.852481     0.8229     0.1027    97.4663 2.0333e+01          0     2.3511     2.3538     0.1333     0.1156     4.5341     0.0000     2.3238     0.0000     2.2968     2.2933    34.3340    34.4370    23.9065    23.9975    220.511    230.316     97.321    101.625 0.0000e+00
       4211    175.397     62.379 -106.81012   16.77834     62.000    21.1713    21.1286 4.8282e+04   4.835842     0.9282     0.1030    97.4585 1.8513e+01          0     2.3186     2.3267     0.1438     0.1161     4.5338     0.0000     2.2832     0.0000     2.2990     2.2968    34.3155    34.4105    23.9296    24.0135    220.056    231.530     96.873    101.903 0.0000e+00
       4344    180.977     63.386 -106.81012   16.77834     63.000    21.2080    21.2040 4.8312e+04   4.841388     0.8885     0.0984    97.5682 1.6661e+01          0     2.3141     2.3060     0.1399     0.1162     4.5389     0.0000     2.2386     0.0000     2.2859     2.2855    34.3098    34.3938    23.9153    23.9803    215.918    228.126     95.108    100.529 0.0000e+00
       4433    184.681     64.392 -106.81012   16.77834     64.000    21.0649    20.9722 4.8153e+04   4.823563     0.8646     0.0976    97.5897 1.5664e+01          0     2.3397     2.3342     0.1375     0.1172     4.5399     0.0000     2.2112     0.0000     2.2320     2.2536    34.2968    34.4375    23.9442    24.0765    198.500    219.247     87.208     96.241 0.0000e+00
       4448    185.273     65.398 -106.81012   16.77834     65.000    20.7368    20.6847 4.7804e+04   4.789436     0.8728     0.0984    97.5709 1.4260e+01          0     2.3198     2.3216     0.1383     0.1172     4.5390     0.0000     2.1707     0.0000     2.1928     2.2205    34.2810    34.3956    24.0210    24.1222    198.135    215.188     86.523     93.945 0.0000e+00
       4465    185.993     66.404 -106.81012   16.77834     66.000    20.5941    20.5527 4.7680e+04   4.775731     0.9891     0.1062    97.3793 1.2955e+01          0     2.3021     2.3023     0.1499     0.1164     4.5301     0.0000     2.1292     0.0000     2.1724     2.1895    34.2955    34.3916    24.0703    24.1546    205.259    214.668     89.409     93.491 0.0000e+00
       4542    189.215     67.411 -106.81012   16.77832     67.000    20.7062    20.6259 4.7811e+04   4.783656     1.4484     0.1176    97.1021 1.1554e+01          0     2.2499     2.2575     0.1958     0.1165     4.5172     0.0000     2.0799     0.0000     2.2316     2.2122    34.3104    34.3958    24.0514    24.1381    218.502    224.701     95.360     97.988 0.0000e+00
       4677    194.847     68.417 -106.81012   16.77832     68.000    20.8074    20.6668 4.7914e+04   4.791611     1.0717     0.1043    97.4266 1.0657e+01          0     2.3042     2.2878     0.1582     0.1172     4.5323     0.0000     2.0451     0.0000     2.1485     2.1621    34.3111    34.4265    24.0250    24.1506    191.495    207.722     83.745     90.672 0.0000e+00
       4700    195.772     69.423 -106.81013   16.77832     69.000    20.4149    20.2997 4.7512e+04   4.755534     1.3779     0.1175    97.1058 9.6155e+00          0     2.2912     2.2767     0.1888     0.1172     4.5174     0.0000     2.0008     0.0000     2.1168     2.1278    34.3033    34.4325    24.1239    24.2530    194.819    207.257     84.587     89.870 0.0000e+00
       4725    196.827     70.430 -106.81014   16.77832     70.000    20.0815    20.0363 4.7171e+04   4.725314     1.6543     0.1155    97.1536 8.5825e+00          0     2.2458     2.2432     0.2164     0.1172     4.5196     0.0000     1.9519     0.0000     2.1048     2.1071    34.2974    34.4011    24.2078    24.2988    199.826    209.128     86.233     90.228 0.0000e+00
       4813    200.485     71.436 -106.81012   16.77832     71.000    20.1300    20.1304 4.7218e+04   4.731551     1.7954     0.1042    97.4292 7.4703e+00          0     2.1108     2.1167     0.2306     0.1167     4.5324     0.0000     1.8929     0.0000     2.0874     2.0983    34.2958    34.3748    24.1939    24.2540    194.678    208.328     84.083     90.022 0.0000e+00
       4894    203.866     72.442 -106.81012   16.77832     72.000    19.9125    19.9434 4.7018e+04   4.718070     1.7780     0.1037    97.4411 6.7405e+00          0     2.1005     2.1051     0.2288     0.1172     4.5330     0.0000     1.8485     0.0000     1.9961     2.0230    34.3091    34.4171    24.2611    24.3354    179.494    193.952     77.228     83.549 0.0000e+00
       4949    206.156     73.449 -106.81012   16.77832     73.000    19.5601    19.5260 4.6672e+04   4.675446     1.5574     0.0939    97.6789 6.0545e+00          0     2.0388     2.0667     0.2067     0.1170     4.5440     0.0000     1.8026     0.0000     1.9116     1.9419    34.3133    34.4094    24.3561    24.4383    168.112    184.046     71.866     78.672 0.0000e+00
       5007    208.586     74.455 -106.81012   16.77832     74.000    19.3589    19.3209 4.6495e+04   4.657088     1.4366     0.0848    97.9024 5.4827e+00          0     1.9540     1.9822     0.1947     0.1147     4.5544     0.0000     1.7603     0.0000     1.8140     1.8473    34.3324    34.4264    24.4227    24.5042    155.309    171.547     66.151     73.057 0.0000e+00
       5050    210.357     75.461 -106.81012   16.77832     75.000    19.1525    19.1123 4.6303e+04   4.638019     1.2426     0.0786    98.0545 4.9250e+00          0     1.8844     1.9152     0.1752     0.1157     4.5615     0.0000     1.7145     0.0000     1.7270     1.7695    34.3428    34.4404    24.4835    24.5683    141.715    159.894     60.136     67.838 0.0000e+00
       5103    212.588     76.468 -106.81012   16.77832     76.000    18.7505    18.7081 4.5931e+04   4.601093     1.1388     0.0715    98.2295 4.4483e+00          0     1.7915     1.8269     0.1649     0.1151     4.5696     0.0000     1.6712     0.0000     1.6273     1.6630    34.3656    34.4677    24.6029    24.6916    136.739    148.969     57.596     62.737 0.0000e+00
       5154    214.706     77.474 -106.81012   16.77832     77.000    18.6156    18.5789 4.5811e+04   4.588012     0.9443     0.0656    98.3728 4.0065e+00          0     1.6815     1.7258     0.1454     0.1158     4.5763     0.0000     1.6269     0.0000     1.5903     1.6104    34.3769    34.4653    24.6454    24.7222    137.921    146.773     57.952     61.661 0.0000e+00
       5219    217.418     78.480 -106.81012   16.77832     78.000    18.6021    18.5706 4.5803e+04   4.587108     0.9094     0.0646    98.3991 3.6412e+00          0     1.6090     1.6354     0.1419     0.1156     4.5775     0.0000     1.5861     0.0000     1.5769     1.5891    34.3803    34.4643    24.6515    24.7236    137.811    145.686     57.892     61.195 0.0000e+00
       5314    221.376     79.487 -106.81012   16.77832     79.000    18.6010    18.5603 4.5804e+04   4.586798     0.9672     0.0637    98.4208 3.3610e+00          0     1.5720     1.5814     0.1477     0.1147     4.5786     0.0000     1.5528     0.0000     1.5453     1.5621    34.3820    34.4699    24.6531    24.7305    127.365    139.671     53.503     58.659 0.0000e+00
       5339    222.411     80.493 -106.81012   16.77832     80.000    18.5330    18.4925 4.5742e+04   4.581188     0.8717     0.0631    98.4350 3.1012e+00          0     1.5734     1.5822     0.1382     0.1148     4.5792     0.0000     1.5187     0.0000     1.5027     1.5318    34.3865    34.4791    24.6736    24.7545    116.534    132.765     48.893     55.691 0.0000e+00
       5365    223.492     81.499 -106.81012   16.77832     81.000    18.4177    18.3791 4.5638e+04   4.570765     0.7924     0.0610    98.4881 2.8467e+00          0     1.5673     1.5771     0.1302     0.1148     4.5817     0.0000     1.4827     0.0000     1.4378     1.4855    34.3942    34.4858    24.7083    24.7880    101.927    122.125     42.674     51.121 0.0000e+00
       5400    224.946     82.506 -106.81012   16.77832     82.000    18.2080    18.1662 4.5459e+04   4.553716     0.7590     0.0610    98.4861 2.5923e+00          0     1.5352     1.5554     0.1269     0.1148     4.5816     0.0000     1.4434     0.0000     1.3457     1.3969    34.4185    34.5201    24.7789    24.8669     95.797    110.602     39.954     46.124 0.0000e+00
       5506    229.366     83.512 -106.81012   16.77832     83.000    18.1498    18.0967 4.5411e+04   4.545375     0.7884     0.0562    98.6053 2.3301e+00          0     1.3632     1.3923     0.1298     0.1148     4.5871     0.0000     1.3991     0.0000     1.3499     1.3512    34.4264    34.5074    24.7993    24.8744    109.153    114.110     45.467     47.518 0.0000e+00
       5601    233.335     84.519 -106.81012   16.77832     84.000    17.8595    17.7853 4.5152e+04   4.520272     0.7794     0.0518    98.7122 2.1636e+00          0     1.4035     1.3784     0.1290     0.1148     4.5921     0.0000     1.3682     0.0000     1.2141     1.2519    34.4502    34.5562    24.8889    24.9883     77.154     92.380     31.972     38.252 0.0000e+00
       5625    234.321     85.525 -106.81012   16.77832     85.000    17.6796    17.6368 4.4984e+04   4.505794     0.6772     0.0503    98.7498 2.0086e+00          0     1.3617     1.3654     0.1187     0.1148     4.5938     0.0000     1.3373     0.0000     1.1607     1.2045    34.4584    34.5578    24.9390    25.0256     67.420     85.772     27.847     35.419 0.0000e+00
       5649    235.331     86.531 -106.81012   16.77834     86.000    17.5710    17.5324 4.4885e+04   4.495560     0.6116     0.0494    98.7719 1.8556e+00          0     1.2955     1.3197     0.1122     0.1148     4.5948     0.0000     1.3045     0.0000     1.0777     1.1445    34.4646    34.5583    24.9701    25.0512     48.517     72.295     20.000     29.796 0.0000e+00
