data/ctd-cnv/KM1919/KM1919-St20-P2/St20_P2_cast33-align-cellTM-derive-bin.cnv
* Sea-Bird SBE 9 Data File:
* FileName = C:\Users\otg\Desktop\CTD Data\km1920\St20_P2_cast33.hex
* Software Version Seasave V 7.26.7.107
* Temperature SN = 5554
* Conductivity SN = 3876
* Number of Bytes Per Scan = 41
* Number of Voltage Words = 4
* Number of Scans Averaged by the Deck Unit = 1
* NMEA Latitude = 16 46.93 N
* NMEA Longitude = 106 50.96 W
* NMEA UTC (Time) = Oct 06 2019  14:06:41
* NMEA baud rate = 4800
** Ship: Kilo Moana
** Station: St20_P2cast 33
** Operator: gr
** surface HiC metagenome cast
# nquan = 34
# nvalues = 202                         
# units = specified
# name 0 = scan: Scan Count
# name 1 = timeS: Time, Elapsed [seconds]
# name 2 = prDM: Pressure, Digiquartz [db]
# name 3 = longitude: Longitude [deg]
# name 4 = latitude: Latitude [deg]
# name 5 = depSMignore: Depth [salt water, m]
# name 6 = t090C: Temperature [ITS-90, deg C]
# name 7 = t190C: Temperature, 2 [ITS-90, deg C]
# name 8 = c0uS/cm: Conductivity [uS/cm]
# name 9 = c1S/m: Conductivity, 2 [S/m]
# name 10 = flECO-AFL: Fluorescence, WET Labs ECO-AFL/FL [mg/m^3]
# name 11 = CStarAt0: Beam Attenuation, WET Labs C-Star [1/m]
# name 12 = CStarTr0: Beam Transmission, WET Labs C-Star [%]
# name 13 = par: PAR/Irradiance, Biospherical/Licor
# name 14 = modError: Modulo Error Count
# name 15 = v0: Voltage 0
# name 16 = v1: Voltage 1
# name 17 = v2: Voltage 2
# name 18 = v3: Voltage 3
# name 19 = v4: Voltage 4
# name 20 = v5: Voltage 5
# name 21 = v6: Voltage 6
# name 22 = v7: Voltage 7
# name 23 = sbeox0V: Oxygen raw, SBE 43 [V]
# name 24 = sbeox1V: Oxygen raw, SBE 43, 2 [V]
# name 25 = sal00: Salinity, Practical [PSU]
# name 26 = sal11: Salinity, Practical, 2 [PSU]
# name 27 = sigma-é00: Density [sigma-theta, kg/m^3]
# name 28 = sigma-é11: Density, 2 [sigma-theta, kg/m^3]
# name 29 = sbeox0Mm/L: Oxygen, SBE 43 [umol/l], WS = 2
# name 30 = sbeox1Mm/L: Oxygen, SBE 43, 2 [umol/l], WS = 2
# name 31 = sbeox0PS: Oxygen, SBE 43 [% saturation], WS = 2
# name 32 = sbeox1PS: Oxygen, SBE 43, 2 [% saturation], WS = 2
# name 33 = flag: flag
# span 0 =         79,       9914       
# span 1 =      3.231,    413.039       
# span 2 =      1.006,    203.305       
# span 3 = -106.84948, -106.84944       
# span 4 =   16.78234,   16.78240       
# span 5 =      1.000,    202.000       
# span 6 =    12.2313,    29.5360       
# span 7 =    12.2038,    29.4944       
# span 8 = 4.0082e+04, 5.7244e+04       
# span 9 =   4.013886,   5.732496       
# span 10 =     0.0630,     1.4958      
# span 11 =     0.0142,     0.1074      
# span 12 =    97.3516,    99.6452      
# span 13 = 1.5644e-03, 1.0655e+03      
# span 14 =          0,          0      
# span 15 =     0.5043,     2.4719      
# span 16 =     0.5163,     2.4441      
# span 17 =     0.0573,     0.2006      
# span 18 =     0.1132,     0.1177      
# span 19 =     4.5288,     4.6354      
# span 20 =     0.0000,     0.0000      
# span 21 =     0.0157,     3.9241      
# span 22 =     0.0000,     0.0000      
# span 23 =     0.5034,     2.4677      
# span 24 =     0.5154,     2.4433      
# span 25 =    34.3493,    34.7825      
# span 26 =    34.4563,    34.8701      
# span 27 =    21.5673,    26.3766      
# span 28 =    21.6454,    26.4441      
# span 29 =      0.955,    225.816      
# span 30 =      1.292,    235.726      
# span 31 =      0.355,    105.120      
# span 32 =      0.480,    109.919      
# span 33 = 0.0000e+00, 0.0000e+00      
# interval = meters: 1                  
# start_time = Oct 06 2019 14:14:24 [NMEA time, first data scan]
# bad_flag = -9.990e-29
*END*
[from data line 43]
       2687    111.923     44.267 -106.84948   16.78236     44.000    24.7957    24.7552 5.2303e+04   5.239042     0.3239     0.0714    98.2299 3.0712e+01          0     2.4308     2.4221     0.0834     0.1155     4.5697     0.0000     2.5021     0.0000     2.4069     2.4031    34.5730    34.6693    23.0833    23.1682    217.202    228.530    102.042    107.349 0.0000e+00
       2738    114.062     45.273 -106.84948   16.78236     45.000    24.6826    24.6422 5.2182e+04   5.226438     0.3230     0.0697    98.2721 2.8149e+01          0     2.4110     2.4093     0.0833     0.1148     4.5716     0.0000     2.4647     0.0000     2.4018     2.3939    34.5699    34.6622    23.1151    23.1970    216.696    227.521    101.606    106.664 0.0000e+00
       2778    115.712     46.280 -106.84948   16.78237     46.000    24.5746    24.5304 5.2070e+04   5.215357     0.3268     0.0695    98.2768 2.6314e+01          0     2.4067     2.4023     0.0836     0.1149     4.5718     0.0000     2.4354     0.0000     2.4027     2.3856    34.5685    34.6653    23.1465    23.2330    219.408    227.609    102.686    106.503 0.0000e+00
       2812    117.125     47.286 -106.84948   16.78238     47.000    24.3810    24.3361 5.1852e+04   5.194059     0.3344     0.0734    98.1814 2.4079e+01          0     2.4039     2.3965     0.0844     0.1148     4.5674     0.0000     2.3970     0.0000     2.4208     2.3933    34.5550    34.6558    23.1943    23.2840    223.399    231.195    104.200    107.815 0.0000e+00
       2851    118.749     48.292 -106.84948   16.78238     48.000    23.9489    23.9023 5.1351e+04   5.145073     0.3678     0.0754    98.1332 2.2326e+01          0     2.4005     2.3874     0.0878     0.1148     4.5651     0.0000     2.3643     0.0000     2.4367     2.4159    34.5114    34.6231    23.2895    23.3879    225.816    235.726    104.519    109.088 0.0000e+00
       2902    120.860     49.298 -106.84948   16.78238     49.000    23.7395    23.7002 5.1110e+04   5.119243     0.3756     0.0731    98.1883 2.0597e+01          0     2.4231     2.3965     0.0885     0.1170     4.5677     0.0000     2.3295     0.0000     2.4394     2.4234    34.4914    34.5845    23.3361    23.4181    224.863    235.691    103.691    108.668 0.0000e+00
       2962    123.372     50.304 -106.84948   16.78238     50.000    23.5774    23.5404 5.0934e+04   5.102999     0.3980     0.0729    98.1935 1.9272e+01          0     2.4409     2.4226     0.0908     0.1167     4.5680     0.0000     2.3006     0.0000     2.4277     2.4113    34.4837    34.5853    23.3777    23.4655    224.670    234.602    103.305    107.866 0.0000e+00
       3015    125.603     51.311 -106.84948   16.78238     51.000    23.1975    23.1568 5.0503e+04   5.058652     0.4262     0.0738    98.1731 1.7594e+01          0     2.4316     2.4180     0.0936     0.1160     4.5670     0.0000     2.2614     0.0000     2.4131     2.4054    34.4507    34.5464    23.4632    23.5474    219.742    234.427    100.356    107.044 0.0000e+00
       3068    127.783     52.317 -106.84948   16.78237     52.000    23.0463    23.0045 5.0356e+04   5.043451     0.4409     0.0755    98.1299 1.6535e+01          0     2.4265     2.4090     0.0951     0.1148     4.5650     0.0000     2.2346     0.0000     2.3288     2.3406    34.4556    34.5489    23.5105    23.5933    209.443    223.524     95.400    101.796 0.0000e+00
       3117    129.839     53.323 -106.84948   16.78236     53.000    22.9740    22.9239 5.0318e+04   5.038088     0.5535     0.0793    98.0379 1.5201e+01          0     2.3895     2.3941     0.1064     0.1148     4.5607     0.0000     2.1982     0.0000     2.2963     2.2933    34.4832    34.5707    23.5523    23.6330    210.321    220.953     95.695    100.495 0.0000e+00
       3155    131.419     54.329 -106.84948   16.78236     54.000    22.9622    22.9216 5.0308e+04   5.038018     0.6156     0.0805    98.0072 1.3644e+01          0     2.3221     2.3338     0.1126     0.1157     4.5593     0.0000     2.1516     0.0000     2.2867     2.2790    34.4838    34.5717    23.5562    23.6344    209.600    220.541     95.347    100.304 0.0000e+00
       3190    132.856     55.336 -106.84948   16.78236     55.000    22.9358    22.8945 5.0281e+04   5.035298     0.6002     0.0811    97.9927 1.2782e+01          0     2.3012     2.3007     0.1110     0.1172     4.5586     0.0000     2.1236     0.0000     2.2661     2.2655    34.4839    34.5717    23.5639    23.6423    204.597    217.408     93.028     98.832 0.0000e+00
       3229    134.486     56.342 -106.84948   16.78236     56.000    22.8053    22.7634 5.0147e+04   5.023197     0.6310     0.0832    97.9406 1.1949e+01          0     2.2890     2.2817     0.1141     0.1163     4.5562     0.0000     2.0944     0.0000     2.2381     2.2408    34.4825    34.5814    23.6001    23.6871    203.497    215.356     92.315     97.680 0.0000e+00
       3294    137.203     57.348 -106.84948   16.78238     57.000    22.4285    22.4305 4.9739e+04   4.986321     0.8284     0.0907    97.7588 1.0748e+01          0     2.2512     2.2527     0.1338     0.1153     4.5477     0.0000     2.0489     0.0000     2.2133     2.2126    34.4636    34.5584    23.6931    23.7644    201.658    213.085     90.867     96.073 0.0000e+00
       3346    139.393     58.354 -106.84948   16.78238     58.000    22.2182    22.1684 4.9515e+04   4.959404     1.0182     0.0961    97.6256 9.8570e+00          0     2.2264     2.2250     0.1528     0.1172     4.5415     0.0000     2.0117     0.0000     2.1712     2.1756    34.4551    34.5563    23.7459    23.8368    195.864    208.276     87.923     93.467 0.0000e+00
       3379    140.771     59.361 -106.84948   16.78238     59.000    22.0400    22.0018 4.9330e+04   4.940653     1.3384     0.1065    97.3728 8.9176e+00          0     2.2153     2.2149     0.1848     0.1172     4.5298     0.0000     1.9685     0.0000     2.1486     2.1510    34.4516    34.5418    23.7933    23.8724    196.502    206.861     87.929     92.550 0.0000e+00
       3412    142.143     60.367 -106.84948   16.78238     60.000    21.9839    21.9451 4.9277e+04   4.935251     1.4163     0.1065    97.3729 7.8910e+00          0     2.1872     2.1902     0.1926     0.1172     4.5298     0.0000     1.9158     0.0000     2.1510     2.1452    34.4537    34.5443    23.8106    23.8902    201.228    208.711     89.955     93.285 0.0000e+00
       3450    143.720     61.373 -106.84948   16.78238     61.000    21.9343    21.8952 4.9216e+04   4.929057     1.4450     0.1074    97.3516 7.0026e+00          0     2.1561     2.1603     0.1955     0.1172     4.5288     0.0000     1.8648     0.0000     2.1775     2.1573    34.4450    34.5351    23.8178    23.8972    206.525    212.544     92.237     94.909 0.0000e+00
       3492    145.442     62.379 -106.84948   16.78240     62.000    21.7958    21.7524 4.9043e+04   4.912019     1.4176     0.1007    97.5142 6.2632e+00          0     2.1499     2.1453     0.1928     0.1172     4.5363     0.0000     1.8170     0.0000     2.1868     2.1788    34.4191    34.5146    23.8368    23.9214    200.455    213.433     89.294     95.053 0.0000e+00
       3537    147.327     63.386 -106.84947   16.78240     63.000    21.5836    21.5395 4.8812e+04   4.889271     1.3259     0.0976    97.5907 5.6660e+00          0     2.1794     2.1593     0.1836     0.1177     4.5399     0.0000     1.7743     0.0000     2.1169     2.1359    34.4059    34.5050    23.8855    23.9730    185.546    202.192     82.333     89.701 0.0000e+00
       3581    149.167     64.392 -106.84946   16.78239     64.000    21.2763    21.2356 4.8520e+04   4.859907     1.4243     0.0975    97.5921 5.1403e+00          0     2.1825     2.1782     0.1934     0.1172     4.5400     0.0000     1.7327     0.0000     2.0446     2.0630    34.4202    34.5157    23.9807    24.0645    180.904    194.865     79.838     85.985 0.0000e+00
       3629    151.177     65.398 -106.84946   16.78238     65.000    21.1578    21.1171 4.8410e+04   4.848589     1.4958     0.0960    97.6289 4.6489e+00          0     2.1007     2.1213     0.2006     0.1172     4.5417     0.0000     1.6900     0.0000     1.9821     1.9994    34.4269    34.5206    24.0182    24.1005    175.475    187.903     77.279     82.738 0.0000e+00
       3676    153.131     66.404 -106.84946   16.78238     66.000    20.9493    20.9066 4.8195e+04   4.827395     1.4718     0.0933    97.6946 4.1400e+00          0     2.0299     2.0479     0.1982     0.1169     4.5448     0.0000     1.6407     0.0000     1.9725     1.9674    34.4232    34.5207    24.0720    24.1578    185.092    190.096     81.204     83.384 0.0000e+00
       3723    155.101     67.411 -106.84946   16.78238     67.000    20.6254    20.5782 4.7829e+04   4.790784     1.4224     0.0892    97.7947 3.6798e+00          0     1.9713     1.9872     0.1933     0.1148     4.5494     0.0000     1.5908     0.0000     2.0134     1.9997    34.3898    34.4921    24.1337    24.2243    191.531    198.329     83.524     86.466 0.0000e+00
       3763    156.738     68.417 -106.84946   16.78238     68.000    20.5027    20.4651 4.7681e+04   4.775169     1.3515     0.0866    97.8575 3.2762e+00          0     1.9711     1.9635     0.1861     0.1148     4.5523     0.0000     1.5420     0.0000     2.0309     2.0216    34.3700    34.4575    24.1515    24.2282    191.772    199.558     83.433     86.806 0.0000e+00
       3796    158.139     69.423 -106.84946   16.78239     69.000    20.5011    20.4639 4.7680e+04   4.774978     1.3223     0.0872    97.8436 2.9648e+00          0     2.0056     1.9910     0.1832     0.1148     4.5517     0.0000     1.4997     0.0000     2.0363     2.0256    34.3700    34.4566    24.1520    24.2279    191.243    199.396     83.201     86.733 0.0000e+00
       3831    159.588     70.430 -106.84946   16.78240     70.000    20.4988    20.4621 4.7679e+04   4.774805     1.3315     0.0874    97.8380 2.6716e+00          0     2.0250     2.0144     0.1842     0.1151     4.5514     0.0000     1.4559     0.0000     2.0357     2.0301    34.3704    34.4563    24.1530    24.2282    190.513    199.906     82.880     86.952 0.0000e+00
       3898    162.379     71.436 -106.84946   16.78240     71.000    20.4957    20.4660 4.7678e+04   4.775275     1.3476     0.0860    97.8725 2.4211e+00          0     2.0360     2.0282     0.1858     0.1168     4.5530     0.0000     1.4150     0.0000     2.0256     2.0289    34.3718    34.4565    24.1550    24.2274    185.289    197.614     80.603     85.961 0.0000e+00
       3964    165.131     72.442 -106.84948   16.78238     72.000    20.4471    20.3979 4.7636e+04   4.770555     1.3528     0.0856    97.8821 2.2080e+00          0     2.0343     2.0325     0.1863     0.1148     4.5535     0.0000     1.3766     0.0000     1.9207     1.9512    34.3769    34.4734    24.1718    24.2584    162.149    179.845     70.477     78.143 0.0000e+00
       3999    166.587     73.449 -106.84948   16.78238     73.000    19.6732    19.6069 4.6833e+04   4.693151     1.2663     0.0790    98.0446 1.9968e+00          0     2.0242     2.0293     0.1776     0.1149     4.5610     0.0000     1.3349     0.0000     1.8413     1.8782    34.3529    34.4886    24.3569    24.4777    152.763    172.737     65.460     73.984 0.0000e+00
       4033    167.980     74.455 -106.84948   16.78238     74.000    19.2713    19.2272 4.6428e+04   4.651697     1.0794     0.0683    98.3070 1.7967e+00          0     1.9540     1.9811     0.1589     0.1149     4.5732     0.0000     1.2912     0.0000     1.7409     1.7945    34.3493    34.4593    24.4580    24.5533    138.597    159.642     58.944     67.884 0.0000e+00
       4071    169.601     75.461 -106.84948   16.78238     75.000    18.8797    18.8405 4.6058e+04   4.614240     0.9019     0.0593    98.5295 1.6035e+00          0     1.8676     1.9011     0.1412     0.1148     4.5836     0.0000     1.2445     0.0000     1.6514     1.6961    34.3645    34.4678    24.5693    24.6582    136.639    150.758     57.693     63.649 0.0000e+00
       4129    171.997     76.468 -106.84948   16.78238     76.000    18.6751    18.6437 4.5863e+04   4.594432     0.8246     0.0548    98.6391 1.4533e+00          0     1.7105     1.7612     0.1334     0.1150     4.5887     0.0000     1.2045     0.0000     1.6041     1.6276    34.3710    34.4656    24.6259    24.7061    139.346    148.731     58.614     62.560 0.0000e+00
       4191    174.569     77.474 -106.84948   16.78238     77.000    18.5738    18.5383 4.5767e+04   4.583821     0.7637     0.0517    98.7168 1.3354e+00          0     1.6111     1.6406     0.1274     0.1148     4.5923     0.0000     1.1703     0.0000     1.5779     1.5958    34.3747    34.4641    24.6542    24.7315    135.684    145.385     56.966     61.031 0.0000e+00
       4232    176.298     78.480 -106.84948   16.78238     78.000    18.5344    18.4978 4.5737e+04   4.580532     0.7337     0.0507    98.7401 1.2289e+00          0     1.5973     1.6172     0.1244     0.1149     4.5934     0.0000     1.1367     0.0000     1.5525     1.5718    34.3816    34.4698    24.6694    24.7460    131.291    141.730     55.083     59.454 0.0000e+00
       4269    177.849     79.487 -106.84948   16.78238     79.000    18.5023    18.4656 4.5714e+04   4.578144     0.7210     0.0496    98.7673 1.1171e+00          0     1.5809     1.5989     0.1231     0.1149     4.5946     0.0000     1.0985     0.0000     1.5247     1.5459    34.3888    34.4763    24.6830    24.7591    127.653    137.749     53.527     57.751 0.0000e+00
       4305    179.323     80.493 -106.84948   16.78238     80.000    18.4487    18.4117 4.5670e+04   4.573766     0.6945     0.0492    98.7765 1.0216e+00          0     1.5606     1.5791     0.1204     0.1148     4.5950     0.0000     1.0630     0.0000     1.5014     1.5208    34.3958    34.4842    24.7017    24.7786    125.604    134.861     52.617     56.486 0.0000e+00
       4349    181.182     81.499 -106.84948   16.78238     81.000    18.4027    18.3668 4.5630e+04   4.569643     0.6888     0.0481    98.8037 9.3070e-01          0     1.5284     1.5491     0.1199     0.1149     4.5963     0.0000     1.0261     0.0000     1.4774     1.4937    34.4000    34.4867    24.7164    24.7917    122.609    131.660     51.320     55.099 0.0000e+00
       4415    183.905     82.506 -106.84948   16.78238     82.000    18.3390    18.3010 4.5577e+04   4.564405     0.7119     0.0485    98.7938 8.4215e-01          0     1.4870     1.5046     0.1222     0.1148     4.5959     0.0000     0.9873     0.0000     1.4042     1.4381    34.4084    34.4973    24.7387    24.8162    103.530    119.466     43.284     49.938 0.0000e+00
       4453    185.492     83.512 -106.84948   16.78238     83.000    18.1110    18.0680 4.5371e+04   4.544558     0.6908     0.0463    98.8495 7.6456e-01          0     1.4676     1.4830     0.1201     0.1148     4.5985     0.0000     0.9498     0.0000     1.3140     1.3623    34.4254    34.5247    24.8082    24.8948     87.275    105.591     36.336     43.952 0.0000e+00
       4480    186.637     84.518 -106.84948   16.78238     84.000    17.9642    17.9236 4.5238e+04   4.531053     0.6099     0.0434    98.9209 7.0967e-01          0     1.4364     1.4633     0.1120     0.1149     4.6018     0.0000     0.9213     0.0000     1.2374     1.2922    34.4350    34.5312    24.8516    24.9353     78.374     95.003     32.542     39.439 0.0000e+00
       4522    188.382     85.525 -106.84948   16.78238     85.000    17.6409    17.6076 4.4942e+04   4.502038     0.5766     0.0394    99.0208 6.5203e-01          0     1.3464     1.3895     0.1087     0.1147     4.6064     0.0000     0.8890     0.0000     1.1643     1.2115    34.4547    34.5504    24.9455    25.0269     77.664     89.381     32.052     36.889 0.0000e+00
