data/ctd-cnv/KM1919/KM1919-St20-P2/St20_P2_cast45-align-cellTM-derive-bin.cnv
* Sea-Bird SBE 9 Data File:
* FileName = C:\Users\otg\Desktop\CTD Data\km1920\St20_P2_cast45.hex
* Software Version Seasave V 7.26.7.107
* Temperature SN = 5554
* Conductivity SN = 3876
* Number of Bytes Per Scan = 41
* Number of Voltage Words = 4
* Number of Scans Averaged by the Deck Unit = 1
* NMEA Latitude = 16 46.70 N
* NMEA Longitude = 106 48.55 W
* NMEA UTC (Time) = Oct 08 2019  18:54:14
* NMEA baud rate = 4800
** Ship: Kilo Moana
** Station: St20_P2 cast 45
** Operator: gr
# nquan = 34
# nvalues = 202                         
# units = specified
# name 0 = scan: Scan Count
# name 1 = timeS: Time, Elapsed [seconds]
# name 2 = prDM: Pressure, Digiquartz [db]
# name 3 = longitude: Longitude [deg]
# name 4 = latitude: Latitude [deg]
# name 5 = depSM: Depth [salt water, m]
# name 6 = t090C: Temperature [ITS-90, deg C]
# name 7 = t190C: Temperature, 2 [ITS-90, deg C]
# name 8 = c0uS/cm: Conductivity [uS/cm]
# name 9 = c1S/m: Conductivity, 2 [S/m]
# name 10 = flECO-AFL: Fluorescence, WET Labs ECO-AFL/FL [mg/m^3]
# name 11 = CStarAt0: Beam Attenuation, WET Labs C-Star [1/m]
# name 12 = CStarTr0: Beam Transmission, WET Labs C-Star [%]
# name 13 = par: PAR/Irradiance, Biospherical/Licor
# name 14 = modError: Modulo Error Count
# name 15 = v0: Voltage 0
# name 16 = v1: Voltage 1
# name 17 = v2: Voltage 2
# name 18 = v3: Voltage 3
# name 19 = v4: Voltage 4
# name 20 = v5: Voltage 5
# name 21 = v6: Voltage 6
# name 22 = v7: Voltage 7
# name 23 = sbeox0V: Oxygen raw, SBE 43 [V]
# name 24 = sbeox1V: Oxygen raw, SBE 43, 2 [V]
# name 25 = sal00: Salinity, Practical [PSU]
# name 26 = sal11: Salinity, Practical, 2 [PSU]
# name 27 = sigma-é00: Density [sigma-theta, kg/m^3]
# name 28 = sigma-é11: Density, 2 [sigma-theta, kg/m^3]
# name 29 = sbeox0Mm/L: Oxygen, SBE 43 [umol/l], WS = 2
# name 30 = sbeox1Mm/L: Oxygen, SBE 43, 2 [umol/l], WS = 2
# name 31 = sbeox0PS: Oxygen, SBE 43 [% saturation], WS = 2
# name 32 = sbeox1PS: Oxygen, SBE 43, 2 [% saturation], WS = 2
# name 33 = flag: flag
# span 0 =        514,      10929       
# span 1 =     21.361,    455.340       
# span 2 =      2.012,    204.312       
# span 3 = -106.80944, -106.80926       
# span 4 =   16.77822,   16.77828       
# span 5 =      2.000,    203.000       
# span 6 =    12.0455,    29.5735       
# span 7 =    12.0147,    29.5316       
# span 8 = 3.9897e+04, 5.7286e+04       
# span 9 =   3.995095,   5.737241       
# span 10 =     0.0396,     1.7606      
# span 11 =     0.0258,     0.1239      
# span 12 =    96.9520,    99.3565      
# span 13 = 1.5950e-03, 1.1184e+03      
# span 14 =          0,          0      
# span 15 =     0.5043,     2.4984      
# span 16 =     0.5162,     2.4853      
# span 17 =     0.0549,     0.2271      
# span 18 =     0.1126,     0.1172      
# span 19 =     4.5102,     4.6220      
# span 20 =     0.0000,     0.0000      
# span 21 =     0.0159,     4.0543      
# span 22 =     0.0000,     0.0000      
# span 23 =     0.5035,     2.4975      
# span 24 =     0.5152,     2.4757      
# span 25 =    34.2742,    34.7840      
# span 26 =    34.3686,    34.8732      
# span 27 =    21.5567,    26.4061      
# span 28 =    21.6353,    26.4751      
# span 29 =      0.978,    229.288      
# span 30 =      1.236,    240.561      
# span 31 =      0.362,    107.886      
# span 32 =      0.459,    112.247      
# span 33 = 0.0000e+00, 0.0000e+00      
# interval = meters: 1                  
# start_time = Oct 08 2019 18:55:49 [NMEA time, first data scan]
# bad_flag = -9.990e-29
*END*
[from data line 171]
       9074    378.061    174.105 -106.80942   16.77822    173.000    12.6513    12.6202 4.0480e+04   4.053513     0.0752     0.0417    98.9630 3.1129e-03          0     0.5055     0.5178     0.0585     0.1148     4.6038     0.0000     0.0223     0.0000     0.5046     0.5168    34.7840    34.8657    26.2995    26.3690      1.165      1.464      0.436      0.548 0.0000e+00
       9108    379.442    175.112 -106.80942   16.77822    174.000    12.6508    12.6198 4.0480e+04   4.053519     0.0752     0.0413    98.9715 2.7138e-03          0     0.5055     0.5178     0.0585     0.1148     4.6041     0.0000     0.0206     0.0000     0.5046     0.5167    34.7838    34.8657    26.2995    26.3691      1.151      1.476      0.431      0.553 0.0000e+00
       9154    381.388    176.119 -106.80942   16.77822    175.000    12.6505    12.6194 4.0480e+04   4.053512     0.0756     0.0416    98.9648 2.8117e-03          0     0.5055     0.5177     0.0586     0.1146     4.6038     0.0000     0.0210     0.0000     0.5046     0.5167    34.7837    34.8656    26.2995    26.3691      1.174      1.494      0.440      0.559 0.0000e+00
       9200    383.292    177.126 -106.80942   16.77822    176.000    12.6504    12.6194 4.0480e+04   4.053557     0.0751     0.0413    98.9731 2.8869e-03          0     0.5055     0.5176     0.0585     0.1146     4.6042     0.0000     0.0213     0.0000     0.5046     0.5166    34.7834    34.8656    26.2993    26.3692      1.166      1.466      0.437      0.549 0.0000e+00
       9232    384.618    178.133 -106.80942   16.77822    177.000    12.6491    12.6180 4.0479e+04   4.053509     0.0752     0.0417    98.9629 2.1324e-03          0     0.5055     0.5177     0.0585     0.1149     4.6038     0.0000     0.0181     0.0000     0.5046     0.5167    34.7835    34.8659    26.2997    26.3697      1.144      1.509      0.428      0.565 0.0000e+00
       9255    385.567    179.140 -106.80942   16.77822    178.000    12.6444    12.6130 4.0475e+04   4.053090     0.0755     0.0418    98.9607 2.2008e-03          0     0.5055     0.5176     0.0585     0.1150     4.6037     0.0000     0.0184     0.0000     0.5046     0.5167    34.7834    34.8661    26.3006    26.3709      1.183      1.489      0.443      0.558 0.0000e+00
       9274    386.371    180.146 -106.80942   16.77822    179.000    12.6287    12.5962 4.0461e+04   4.051755     0.0761     0.0413    98.9727 2.5507e-03          0     0.5055     0.5175     0.0586     0.1149     4.6042     0.0000     0.0199     0.0000     0.5046     0.5167    34.7835    34.8684    26.3038    26.3760      1.170      1.418      0.438      0.531 0.0000e+00
       9295    387.244    181.153 -106.80942   16.77822    180.000    12.5943    12.5611 4.0427e+04   4.048529     0.0761     0.0413    98.9733 2.1759e-03          0     0.5055     0.5176     0.0586     0.1150     4.6042     0.0000     0.0183     0.0000     0.5046     0.5164    34.7828    34.8694    26.3100    26.3837      1.132      1.435      0.424      0.537 0.0000e+00
       9357    389.848    182.160 -106.80942   16.77822    181.000    12.5827    12.5569 4.0416e+04   4.047741     0.0736     0.0414    98.9700 2.3507e-03          0     0.5055     0.5175     0.0584     0.1150     4.6041     0.0000     0.0191     0.0000     0.5045     0.5164    34.7828    34.8653    26.3123    26.3813      1.156      1.461      0.432      0.547 0.0000e+00
       9455    393.919    183.167 -106.80942   16.77822    182.000    12.5769    12.5439 4.0411e+04   4.046901     0.0759     0.0413    98.9730 2.3260e-03          0     0.5053     0.5172     0.0586     0.1147     4.6042     0.0000     0.0190     0.0000     0.5046     0.5168    34.7823    34.8689    26.3130    26.3867      1.169      1.531      0.437      0.572 0.0000e+00
       9475    394.734    184.174 -106.80942   16.77822    183.000    12.5272    12.4945 4.0363e+04   4.042165     0.0761     0.0412    98.9756 2.8516e-03          0     0.5054     0.5173     0.0586     0.1150     4.6043     0.0000     0.0212     0.0000     0.5046     0.5169    34.7820    34.8686    26.3226    26.3962      1.170      1.518      0.437      0.567 0.0000e+00
       9492    395.475    185.181 -106.80942   16.77822    184.000    12.4736    12.4383 4.0311e+04   4.037246     0.0754     0.0412    98.9740 2.2605e-03          0     0.5055     0.5174     0.0585     0.1151     4.6043     0.0000     0.0187     0.0000     0.5046     0.5168    34.7810    34.8729    26.3323    26.4105      1.172      1.469      0.437      0.548 0.0000e+00
       9511    396.261    186.187 -106.80942   16.77822    185.000    12.3710    12.3340 4.0209e+04   4.027296     0.0755     0.0409    98.9822 2.1738e-03          0     0.5055     0.5176     0.0585     0.1150     4.6046     0.0000     0.0183     0.0000     0.5046     0.5167    34.7769    34.8732    26.3491    26.4310      1.174      1.405      0.437      0.523 0.0000e+00
       9532    397.129    187.195 -106.80942   16.77822    186.000    12.2920    12.2588 4.0131e+04   4.019124     0.0730     0.0400    99.0057 2.7809e-03          0     0.5055     0.5176     0.0583     0.1151     4.6057     0.0000     0.0209     0.0000     0.5046     0.5163    34.7746    34.8636    26.3626    26.4381      1.177      1.373      0.437      0.510 0.0000e+00
       9605    400.157    188.201 -106.80942   16.77822    187.000    12.3047    12.2780 4.0144e+04   4.020268     0.0632     0.0389    99.0313 2.2673e-03          0     0.5055     0.5174     0.0573     0.1147     4.6069     0.0000     0.0187     0.0000     0.5045     0.5160    34.7750    34.8564    26.3605    26.4288      1.165      1.382      0.433      0.514 0.0000e+00
       9676    403.122    189.208 -106.80942   16.77822    188.000    12.2657    12.2468 4.0107e+04   4.018020     0.0639     0.0393    99.0229 2.0765e-03          0     0.5054     0.5168     0.0574     0.1151     4.6065     0.0000     0.0179     0.0000     0.5046     0.5163    34.7745    34.8632    26.3677    26.4402      1.157      1.506      0.430      0.560 0.0000e+00
       9698    404.048    190.215 -106.80942   16.77822    189.000    12.2398    12.2082 4.0082e+04   4.013843     0.0727     0.0390    99.0297 2.0151e-03          0     0.5054     0.5170     0.0583     0.1149     4.6068     0.0000     0.0176     0.0000     0.5045     0.5164    34.7744    34.8582    26.3726    26.4438      1.141      1.395      0.424      0.518 0.0000e+00
       9718    404.893    191.222 -106.80942   16.77822    190.000    12.2295    12.1981 4.0072e+04   4.012864     0.0683     0.0390    99.0295 1.9539e-03          0     0.5055     0.5172     0.0578     0.1149     4.6068     0.0000     0.0174     0.0000     0.5045     0.5158    34.7735    34.8577    26.3740    26.4454      1.128      1.236      0.419      0.459 0.0000e+00
       9743    405.925    192.229 -106.80942   16.77822    191.000    12.2153    12.1841 4.0058e+04   4.011515     0.0640     0.0390    99.0295 1.9008e-03          0     0.5055     0.5170     0.0574     0.1150     4.6068     0.0000     0.0171     0.0000     0.5044     0.5158    34.7729    34.8572    26.3763    26.4477      1.114      1.405      0.414      0.521 0.0000e+00
       9807    408.581    193.236 -106.80942   16.77822    192.000    12.2157    12.1853 4.0059e+04   4.011463     0.0640     0.0386    99.0398 1.7907e-03          0     0.5054     0.5169     0.0574     0.1146     4.6073     0.0000     0.0167     0.0000     0.5043     0.5159    34.7732    34.8551    26.3765    26.4459      1.142      1.361      0.424      0.505 0.0000e+00
       9869    411.173    194.243 -106.80942   16.77822    193.000    12.2055    12.1748 4.0050e+04   4.010528     0.0706     0.0386    99.0379 1.6590e-03          0     0.5053     0.5168     0.0581     0.1148     4.6072     0.0000     0.0161     0.0000     0.5044     0.5158    34.7733    34.8554    26.3785    26.4482      1.179      1.369      0.437      0.508 0.0000e+00
       9897    412.341    195.250 -106.80942   16.77822    194.000    12.2025    12.1714 4.0047e+04   4.010305     0.0634     0.0390    99.0285 1.6270e-03          0     0.5051     0.5168     0.0574     0.1148     4.6068     0.0000     0.0160     0.0000     0.5044     0.5158    34.7728    34.8560    26.3788    26.4493      1.138      1.354      0.423      0.502 0.0000e+00
       9927    413.604    196.257 -106.80942   16.77822    195.000    12.1746    12.1432 4.0020e+04   4.007653     0.0636     0.0390    99.0295 1.6070e-03          0     0.5052     0.5167     0.0574     0.1148     4.6068     0.0000     0.0159     0.0000     0.5043     0.5157    34.7722    34.8561    26.3836    26.4548      1.098      1.326      0.407      0.491 0.0000e+00
       9977    415.671    197.264 -106.80944   16.77822    196.000    12.1510    12.1201 3.9997e+04   4.005268     0.0679     0.0387    99.0373 1.6063e-03          0     0.5053     0.5167     0.0578     0.1148     4.6072     0.0000     0.0159     0.0000     0.5044     0.5157    34.7715    34.8540    26.3876    26.4577      1.162      1.358      0.431      0.503 0.0000e+00
      10040    418.281    198.270 -106.80944   16.77822    197.000    12.1313    12.1004 3.9978e+04   4.003365     0.0636     0.0380    99.0541 1.6063e-03          0     0.5052     0.5165     0.0574     0.1148     4.6080     0.0000     0.0159     0.0000     0.5042     0.5157    34.7706    34.8534    26.3907    26.4610      1.140      1.330      0.422      0.493 0.0000e+00
      10077    419.820    199.278 -106.80944   16.77822    198.000    12.1143    12.0834 3.9961e+04   4.001663     0.0635     0.0388    99.0332 1.6063e-03          0     0.5053     0.5166     0.0574     0.1148     4.6070     0.0000     0.0159     0.0000     0.5045     0.5157    34.7698    34.8523    26.3934    26.4634      1.130      1.368      0.418      0.507 0.0000e+00
      10102    420.872    200.284 -106.80944   16.77822    199.000    12.1028    12.0718 3.9950e+04   4.000654     0.0639     0.0379    99.0550 1.6063e-03          0     0.5052     0.5167     0.0574     0.1149     4.6081     0.0000     0.0159     0.0000     0.5042     0.5158    34.7694    34.8529    26.3953    26.4661      1.021      1.392      0.378      0.516 0.0000e+00
      10133    422.164    201.291 -106.80944   16.77822    200.000    12.0833    12.0526 3.9932e+04   3.998772     0.0642     0.0379    99.0558 1.6063e-03          0     0.5053     0.5165     0.0574     0.1149     4.6081     0.0000     0.0159     0.0000     0.5040     0.5157    34.7692    34.8520    26.3989    26.4692      1.084      1.330      0.401      0.492 0.0000e+00
      10274    428.037    202.298 -106.80943   16.77822    201.000    12.0753    12.0483 3.9924e+04   3.998205     0.0655     0.0379    99.0558 1.6063e-03          0     0.5050     0.5167     0.0575     0.1150     4.6081     0.0000     0.0159     0.0000     0.5038     0.5156    34.7685    34.8501    26.4000    26.4685      0.978      1.357      0.362      0.502 0.0000e+00
      10641    443.327    203.305 -106.80942   16.77822    202.000    12.0564    12.0265 3.9906e+04   3.996135     0.0638     0.0376    99.0640 1.6063e-03          0     0.5046     0.5163     0.0574     0.1149     4.6085     0.0000     0.0159     0.0000     0.5035     0.5153    34.7684    34.8498    26.4035    26.4725      1.033      1.296      0.382      0.479 0.0000e+00
      10929    455.340    204.312 -106.80943   16.77822    203.000    12.0455    12.0147 3.9897e+04   3.995095     0.0637     0.0374    99.0701 1.5950e-03          0     0.5043     0.5162     0.0574     0.1149     4.6088     0.0000     0.0159     0.0000     0.5035     0.5152    34.7691    34.8503    26.4061    26.4751      1.002      1.259      0.371      0.466 0.0000e+00
