data/ctd-cnv/KM1919/KM1919-St20-P2/St20_P2_cast60-align-cellTM-derive-bin.cnv
* Sea-Bird SBE 9 Data File:
* FileName = C:\Users\otg\Desktop\CTD Data\km1920\St20_P2_cast60.hex
* Software Version Seasave V 7.26.7.107
* Temperature SN = 5554
* Conductivity SN = 3876
* Number of Bytes Per Scan = 41
* Number of Voltage Words = 4
* Number of Scans Averaged by the Deck Unit = 1
* NMEA Latitude = 16 51.33 N
* NMEA Longitude = 106 51.50 W
* NMEA UTC (Time) = Oct 12 2019  19:45:14
* NMEA baud rate = 4800
** Ship: Kilo Moana
** Station: St20_P2 cast 60
** Operator: gr
# nquan = 34
# nvalues = 1755                        
# units = specified
# name 0 = scan: Scan Count
# name 1 = timeS: Time, Elapsed [seconds]
# name 2 = prDM: Pressure, Digiquartz [db]
# name 3 = longitude: Longitude [deg]
# name 4 = latitude: Latitude [deg]
# name 5 = depSMignore: Depth [salt water, m]
# name 6 = t090C: Temperature [ITS-90, deg C]
# name 7 = t190C: Temperature, 2 [ITS-90, deg C]
# name 8 = c0uS/cm: Conductivity [uS/cm]
# name 9 = c1S/m: Conductivity, 2 [S/m]
# name 10 = flECO-AFL: Fluorescence, WET Labs ECO-AFL/FL [mg/m^3]
# name 11 = CStarAt0: Beam Attenuation, WET Labs C-Star [1/m]
# name 12 = CStarTr0: Beam Transmission, WET Labs C-Star [%]
# name 13 = par: PAR/Irradiance, Biospherical/Licor
# name 14 = modError: Modulo Error Count
# name 15 = v0: Voltage 0
# name 16 = v1: Voltage 1
# name 17 = v2: Voltage 2
# name 18 = v3: Voltage 3
# name 19 = v4: Voltage 4
# name 20 = v5: Voltage 5
# name 21 = v6: Voltage 6
# name 22 = v7: Voltage 7
# name 23 = sbeox0V: Oxygen raw, SBE 43 [V]
# name 24 = sbeox1V: Oxygen raw, SBE 43, 2 [V]
# name 25 = sal00: Salinity, Practical [PSU]
# name 26 = sal11: Salinity, Practical, 2 [PSU]
# name 27 = sigma-é00: Density [sigma-theta, kg/m^3]
# name 28 = sigma-é11: Density, 2 [sigma-theta, kg/m^3]
# name 29 = sbeox0Mm/L: Oxygen, SBE 43 [umol/l], WS = 2
# name 30 = sbeox1Mm/L: Oxygen, SBE 43, 2 [umol/l], WS = 2
# name 31 = sbeox0PS: Oxygen, SBE 43 [% saturation], WS = 2
# name 32 = sbeox1PS: Oxygen, SBE 43, 2 [% saturation], WS = 2
# name 33 = flag: flag
# span 0 =        465,      66737       
# span 1 =     19.346,   2780.655       
# span 2 =      3.018,   1775.003       
# span 3 = -106.85851, -106.85832       
# span 4 =   16.85538,   16.85585       
# span 5 =      3.000,   1757.000       
# span 6 =     2.6419,    28.9993       
# span 7 =     2.6197,    28.9642       
# span 8 = 3.1807e+04, 5.6338e+04       
# span 9 =   3.185143,   5.642411       
# span 10 =     0.0397,     1.6199      
# span 11 =     0.0356,     0.1252      
# span 12 =    96.9189,    99.1147      
# span 13 = -2.849e-04, 4.4372e+02      
# span 14 =          0,          0      
# span 15 =     0.5030,     2.5172      
# span 16 =     0.5123,     2.5053      
# span 17 =     0.0549,     0.2130      
# span 18 =     0.1123,     0.1212      
# span 19 =     4.5087,     4.6108      
# span 20 =     0.0000,     0.0000      
# span 21 =     0.0073,     3.6593      
# span 22 =     0.0000,     0.0000      
# span 23 =     0.5023,     2.5107      
# span 24 =     0.5118,     2.4927      
# span 25 =    34.2591,    34.7831      
# span 26 =    34.3484,    34.8756      
# span 27 =    21.5494,    27.6253      
# span 28 =    21.6227,    27.6895      
# span 29 =      0.645,    231.451      
# span 30 =      0.739,    241.330      
# span 31 =      0.229,    108.730      
# span 32 =      0.245,    112.670      
# span 33 = 0.0000e+00, 0.0000e+00      
# interval = meters: 1                  
# start_time = Oct 12 2019 19:49:37 [NMEA time, first data scan]
# bad_flag = -9.990e-29
*END*
        465     19.346      3.018 -106.85835   16.85541      3.000    28.9679    28.9222 5.6282e+04   5.635990     0.0607     0.0815    97.9830 4.4372e+02          0     2.3482     2.3311     0.0571     0.1147     4.5582     0.0000     3.6593     0.0000     2.3479     2.3253    34.3290    34.4156    21.5713    21.6516    194.790    203.831     97.949    102.469 0.0000e+00
        686     28.544      4.024 -106.85834   16.85540      4.000    28.9753    28.9344 5.6284e+04   5.636276     0.0583     0.0811    97.9934 3.9590e+02          0     2.3488     2.3306     0.0569     0.1147     4.5586     0.0000     3.6091     0.0000     2.3481     2.3282    34.3248    34.4085    21.5657    21.6422    194.851    204.360     97.989    102.751 0.0000e+00
        872     36.293      5.030 -106.85834   16.85540      5.000    28.9954    28.9642 5.6288e+04   5.637575     0.0564     0.0809    97.9981 3.1495e+02          0     2.3477     2.3255     0.0567     0.1146     4.5589     0.0000     3.5129     0.0000     2.3450     2.3324    34.3133    34.3957    21.5505    21.6227    194.826    204.782     98.002    103.006 0.0000e+00
        889     36.981      6.036 -106.85834   16.85540      6.000    28.9973    28.9584 5.6292e+04   5.637178     0.0604     0.0816    97.9796 3.1397e+02          0     2.3475     2.3312     0.0571     0.1148     4.5580     0.0000     3.5107     0.0000     2.3501     2.3338    34.3139    34.3968    21.5504    21.6256    195.187    204.679     98.187    102.945 0.0000e+00
        913     37.998      7.042 -106.85834   16.85540      7.000    28.9993    28.9591 5.6294e+04   5.637454     0.0559     0.0809    97.9984 2.9944e+02          0     2.3465     2.3307     0.0566     0.1147     4.5589     0.0000     3.4900     0.0000     2.3474     2.3283    34.3134    34.3979    21.5494    21.6263    193.937    203.767     97.561    102.488 0.0000e+00
        999     41.602      8.048 -106.85834   16.85540      8.000    28.9941    28.9473 5.6293e+04   5.637298     0.0572     0.0806    98.0067 2.5065e+02          0     2.3477     2.3313     0.0567     0.1147     4.5592     0.0000     3.4135     0.0000     2.3402     2.3297    34.3167    34.4050    21.5537    21.6356    194.320    204.518     97.748    102.850 0.0000e+00
       1111     46.255      9.054 -106.85834   16.85540      9.000    28.9882    28.9413 5.6290e+04   5.636695     0.0639     0.0806    98.0057 2.4340e+02          0     2.3490     2.3294     0.0574     0.1147     4.5592     0.0000     3.4001     0.0000     2.3458     2.3276    34.3181    34.4049    21.5568    21.6376    194.524    203.960     97.842    102.559 0.0000e+00
       1129     46.982     10.060 -106.85834   16.85540     10.000    28.9888    28.9481 5.6290e+04   5.637088     0.0639     0.0811    97.9935 2.2497e+02          0     2.3506     2.3309     0.0574     0.1148     4.5586     0.0000     3.3656     0.0000     2.3443     2.3268    34.3177    34.4024    21.5564    21.6336    194.509    204.211     97.835    102.695 0.0000e+00
       1208     50.286     11.066 -106.85834   16.85540     11.000    28.9728    28.9348 5.6282e+04   5.636250     0.0615     0.0819    97.9714 2.0376e+02          0     2.3468     2.3305     0.0572     0.1142     4.5576     0.0000     3.3229     0.0000     2.3467     2.3281    34.3234    34.4060    21.5661    21.6408    194.896    204.417     98.007    102.779 0.0000e+00
       1326     55.206     12.072 -106.85834   16.85540     12.000    28.8632    28.8744 5.6287e+04   5.636518     0.0639     0.0813    97.9870 1.8114e+02          0     2.3495     2.3297     0.0574     0.1148     4.5583     0.0000     3.2718     0.0000     2.3549     2.3307    34.4055    34.4512    21.6643    21.6949    196.010    205.129     98.437    103.062 0.0000e+00
       1352     56.274     13.078 -106.85834   16.85540     13.000    28.8209    28.8374 5.6278e+04   5.636149     0.0838     0.0819    97.9736 1.7643e+02          0     2.3477     2.3300     0.0594     0.1147     4.5577     0.0000     3.2605     0.0000     2.3523     2.3343    34.4296    34.4751    21.6966    21.7252    195.493    205.696     98.123    103.298 0.0000e+00
       1518     63.190     14.084 -106.85834   16.85540     14.000    28.8543    28.8272 5.6281e+04   5.635847     0.0734     0.0820    97.9706 1.6506e+02          0     2.3531     2.3307     0.0583     0.1147     4.5576     0.0000     3.2313     0.0000     2.3494     2.3401    34.4069    34.4800    21.6685    21.7324    195.553    206.192     98.194    103.533 0.0000e+00
       1564     65.105     15.090 -106.85834   16.85540     15.000    28.7997    28.7574 5.6287e+04   5.636695     0.0799     0.0817    97.9765 1.5646e+02          0     2.3512     2.3303     0.0590     0.1147     4.5579     0.0000     3.2083     0.0000     2.3531     2.3389    34.4507    34.5362    21.7196    21.7978    196.678    206.018     98.696    103.361 0.0000e+00
       1645     68.490     16.096 -106.85834   16.85540     16.000    28.7956    28.7602 5.6293e+04   5.637310     0.0824     0.0820    97.9703 1.5536e+02          0     2.3512     2.3345     0.0592     0.1147     4.5576     0.0000     3.2053     0.0000     2.3566     2.3393    34.4570    34.5381    21.7258    21.7984    196.379    206.206     98.543    103.461 0.0000e+00
       1765     73.483     17.102 -106.85834   16.85540     17.000    28.7965    28.7594 5.6291e+04   5.637040     0.0807     0.0817    97.9781 1.4964e+02          0     2.3531     2.3366     0.0591     0.1147     4.5579     0.0000     3.1890     0.0000     2.3626     2.3421    34.4547    34.5366    21.7238    21.7976    197.532    206.698     99.122    103.706 0.0000e+00
       1798     74.873     18.108 -106.85834   16.85540     18.000    28.7670    28.7300 5.6300e+04   5.637776     0.0822     0.0819    97.9726 1.4329e+02          0     2.3571     2.3366     0.0592     0.1147     4.5577     0.0000     3.1701     0.0000     2.3605     2.3415    34.4824    34.5627    21.7545    21.8270    196.477    206.464     98.560    103.554 0.0000e+00
       1934     80.521     19.114 -106.85836   16.85540     19.000    28.7911    28.7473 5.6296e+04   5.637625     0.1003     0.0845    97.9111 1.3857e+02          0     2.3577     2.3413     0.0611     0.1147     4.5549     0.0000     3.1556     0.0000     2.3620     2.3443    34.4614    34.5488    21.7308    21.8109    197.537    207.098     99.119    103.893 0.0000e+00
       1966     81.866     20.120 -106.85836   16.85540     20.000    28.7546    28.7103 5.6312e+04   5.639303     0.0883     0.0826    97.9565 1.3268e+02          0     2.3596     2.3387     0.0598     0.1148     4.5570     0.0000     3.1368     0.0000     2.3647     2.3439    34.4985    34.5870    21.7709    21.8520    197.711    206.667     99.168    103.637 0.0000e+00
       1988     82.810     21.127 -106.85836   16.85540     21.000    28.7459    28.7063 5.6338e+04   5.642411     0.0883     0.0835    97.9332 1.2874e+02          0     2.3577     2.3396     0.0598     0.1148     4.5559     0.0000     3.1237     0.0000     2.3671     2.3428    34.5225    34.6110    21.7919    21.8715    198.086    206.923     99.355    103.772 0.0000e+00
       2067     86.078     22.133 -106.85834   16.85540     22.000    28.7399    28.6987 5.6333e+04   5.641078     0.0847     0.0818    97.9742 1.2611e+02          0     2.3647     2.3446     0.0594     0.1147     4.5578     0.0000     3.1148     0.0000     2.3657     2.3464    34.5235    34.6071    21.7947    21.8711    197.735    207.297     99.170    103.945 0.0000e+00
       2155     89.763     23.138 -106.85834   16.85540     23.000    28.7230    28.6786 5.6327e+04   5.640815     0.0882     0.0829    97.9489 1.2340e+02          0     2.3636     2.3473     0.0598     0.1147     4.5566     0.0000     3.1053     0.0000     2.3661     2.3454    34.5310    34.6196    21.8060    21.8872    197.483    207.548     99.021    104.044 0.0000e+00
       2184     90.959     24.145 -106.85836   16.85540     24.000    28.6475    28.6054 5.6291e+04   5.637378     0.0883     0.0817    97.9769 1.2051e+02          0     2.3651     2.3486     0.0598     0.1146     4.5579     0.0000     3.0950     0.0000     2.3644     2.3489    34.5612    34.6488    21.8537    21.9335    197.916    208.290     99.133    104.309 0.0000e+00
       2212     92.137     25.151 -106.85836   16.85540     25.000    28.6341    28.5926 5.6279e+04   5.636068     0.0972     0.0835    97.9332 1.1759e+02          0     2.3676     2.3446     0.0607     0.1148     4.5559     0.0000     3.0844     0.0000     2.3653     2.3516    34.5622    34.6488    21.8591    21.9378    198.130    208.191     99.219    104.237 0.0000e+00
       2304     95.975     26.157 -106.85836   16.85540     26.000    28.6284    28.5938 5.6271e+04   5.635558     0.1052     0.0848    97.9016 1.1378e+02          0     2.3638     2.3498     0.0616     0.1147     4.5544     0.0000     3.0701     0.0000     2.3624     2.3482    34.5601    34.6442    21.8594    21.9340    198.129    207.979     99.208    104.130 0.0000e+00
       2370     98.722     27.163 -106.85836   16.85540     27.000    28.5631    28.5006 5.6196e+04   5.628223     0.1035     0.0849    97.9004 1.0805e+02          0     2.3599     2.3518     0.0614     0.1148     4.5543     0.0000     3.0477     0.0000     2.3821     2.3578    34.5558    34.6610    21.8778    21.9775    202.447    210.144    101.260    105.065 0.0000e+00
       2393     99.685     28.169 -106.85836   16.85540     28.000    28.1991    28.1552 5.5760e+04   5.586154     0.1099     0.0881    97.8221 1.0598e+02          0     2.3602     2.3479     0.0620     0.1148     4.5507     0.0000     3.0393     0.0000     2.4041     2.3647    34.5179    34.6208    21.9692    22.0609    206.821    213.160    102.814    105.950 0.0000e+00
       2427    101.098     29.175 -106.85836   16.85540     29.000    27.9133    27.8672 5.5450e+04   5.554721     0.1352     0.0930    97.7031 1.0341e+02          0     2.3715     2.3504     0.0645     0.1148     4.5452     0.0000     3.0286     0.0000     2.4103     2.3872    34.5103    34.6120    22.0568    22.1483    205.688    215.741    101.771    106.723 0.0000e+00
       2555    106.433     30.181 -106.85836   16.85540     30.000    27.9709    27.9367 5.5517e+04   5.562445     0.1453     0.0943    97.6705 1.0002e+02          0     2.4104     2.3876     0.0655     0.1148     4.5436     0.0000     3.0142     0.0000     2.4376     2.4029    34.5143    34.6148    22.0410    22.1277    211.660    218.846    104.822    108.378 0.0000e+00
       2590    107.860     31.187 -106.85836   16.85540     31.000    27.3005    27.2441 5.4825e+04   5.491972     0.1484     0.0962    97.6248 9.6689e+01          0     2.3967     2.3748     0.0658     0.1148     4.5415     0.0000     2.9995     0.0000     2.4682     2.4412    34.5202    34.6293    22.2626    22.3628    216.190    225.297    105.897    110.323 0.0000e+00
       2617    108.988     32.193 -106.85836   16.85540     32.000    27.0798    27.0343 5.4592e+04   5.468189     0.1611     0.0972    97.5997 9.2350e+01          0     2.4204     2.3842     0.0671     0.1147     4.5403     0.0000     2.9795     0.0000     2.4809     2.4536    34.5180    34.6159    22.3317    22.4199    218.173    227.072    106.479    110.800 0.0000e+00
       2640    109.975     33.200 -106.85836   16.85538     33.000    26.9981    26.9531 5.4504e+04   5.459210     0.1792     0.0996    97.5409 8.8188e+01          0     2.4465     2.4109     0.0689     0.1148     4.5376     0.0000     2.9595     0.0000     2.4900     2.4635    34.5156    34.6121    22.3560    22.4430    218.771    228.168    106.625    111.182 0.0000e+00
       2728    113.619     34.206 -106.85836   16.85538     34.000    27.0094    26.9848 5.4521e+04   5.461734     0.1910     0.0997    97.5384 8.5750e+01          0     2.4847     2.4598     0.0701     0.1147     4.5375     0.0000     2.9474     0.0000     2.4851     2.4645    34.5193    34.6061    22.3552    22.4284    217.234    227.112    105.898    110.721 0.0000e+00
       2813    117.164     35.212 -106.85836   16.85538     35.000    26.9280    26.8963 5.4449e+04   5.456109     0.1727     0.0988    97.5601 8.2969e+01          0     2.4834     2.4696     0.0683     0.1148     4.5385     0.0000     2.9331     0.0000     2.4948     2.4577    34.5280    34.6318    22.3877    22.4760    219.270    227.884    106.751    110.951 0.0000e+00
       2832    117.969     36.218 -106.85836   16.85538     36.000    26.1758    26.1129 5.3710e+04   5.385441     0.1859     0.1023    97.4744 7.9695e+01          0     2.4752     2.4654     0.0696     0.1147     4.5345     0.0000     2.9156     0.0000     2.4946     2.4654    34.5595    34.7112    22.6486    22.7827    222.541    231.536    107.010    111.315 0.0000e+00
       2855    118.915     37.224 -106.85836   16.85538     37.000    25.5636    25.5056 5.3055e+04   5.318582     0.2188     0.1071    97.3578 7.6255e+01          0     2.4751     2.4531     0.0729     0.1148     4.5291     0.0000     2.8965     0.0000     2.5065     2.4701    34.5446    34.6843    22.8273    22.9506    228.478    235.449    108.730    112.027 0.0000e+00
       2917    121.484     38.230 -106.85836   16.85538     38.000    25.5164    25.4988 5.2997e+04   5.310720     0.2528     0.1068    97.3653 7.2703e+01          0     2.4998     2.4699     0.0763     0.1148     4.5294     0.0000     2.8757     0.0000     2.5107     2.4927    34.5375    34.6314    22.8365    22.9126    226.053    236.908    107.484    112.670 0.0000e+00
       3016    125.643     39.237 -106.85836   16.85538     39.000    25.3717    25.4792 5.2847e+04   5.316137     0.2468     0.1065    97.3737 6.9091e+01          0     2.5172     2.5053     0.0757     0.1147     4.5298     0.0000     2.8537     0.0000     2.4968     2.4737    34.5368    34.6860    22.8802    22.9598    225.340    234.294    106.884    111.427 0.0000e+00
       3044    126.781     40.243 -106.85836   16.85538     40.000    24.8533    24.8128 5.2295e+04   5.239279     0.2694     0.1115    97.2513 6.5725e+01          0     2.5003     2.4974     0.0779     0.1147     4.5241     0.0000     2.8320     0.0000     2.4948     2.4786    34.5241    34.6280    23.0286    23.1194    227.052    238.118    106.744    111.936 0.0000e+00
       3070    127.877     41.249 -106.85836   16.85538     41.000    24.7664    24.7240 5.2200e+04   5.228897     0.3015     0.1135    97.2024 6.2669e+01          0     2.4944     2.4808     0.0811     0.1147     4.5219     0.0000     2.8114     0.0000     2.4972     2.4790    34.5200    34.6187    23.0518    23.1393    228.518    238.391    107.272    111.889 0.0000e+00
       3103    129.269     42.255 -106.85836   16.85538     42.000    24.6255    24.5835 5.2045e+04   5.213158     0.3259     0.1114    97.2543 5.9564e+01          0     2.4964     2.4759     0.0836     0.1147     4.5243     0.0000     2.7893     0.0000     2.5014     2.4811    34.5127    34.6093    23.0888    23.1744    229.141    239.367    107.301    112.071 0.0000e+00
       3197    133.176     43.261 -106.85836   16.85538     43.000    24.6136    24.5467 5.2037e+04   5.209047     0.3447     0.1097    97.2956 5.5244e+01          0     2.4997     2.4823     0.0855     0.1148     4.5262     0.0000     2.7568     0.0000     2.4838     2.4748    34.5149    34.6066    23.0941    23.1835    225.805    237.822    105.718    111.276 0.0000e+00
       3262    135.885     44.267 -106.85836   16.85538     44.000    24.1162    24.0720 5.1491e+04   5.158323     0.3431     0.1090    97.3105 5.3043e+01          0     2.4864     2.4782     0.0853     0.1147     4.5269     0.0000     2.7391     0.0000     2.4734     2.4597    34.4889    34.5927    23.2228    23.3145    227.158    238.099    105.431    110.491 0.0000e+00
