data/ctd-cnv/KM1919/KM1919-St20-P2/St20_P2_cast28-align-cellTM-derive-bin.cnv
* Sea-Bird SBE 9 Data File:
* FileName = C:\Users\otg\Desktop\CTD Data\km1920\St20_P2_cast28.hex
* Software Version Seasave V 7.26.7.107
* Temperature SN = 5554
* Conductivity SN = 3876
* Number of Bytes Per Scan = 41
* Number of Voltage Words = 4
* Number of Scans Averaged by the Deck Unit = 1
* NMEA Latitude = 16 47.77 N
* NMEA Longitude = 106 53.66 W
* NMEA UTC (Time) = Oct 04 2019  10:57:58
* NMEA baud rate = 4800
** Ship: Kilo Moana
** Station: St20_P2cast 28
** Operator: gr
# nquan = 34
# nvalues = 321                         
# units = specified
# name 0 = scan: Scan Count
# name 1 = timeS: Time, Elapsed [seconds]
# name 2 = prDM: Pressure, Digiquartz [db]
# name 3 = longitude: Longitude [deg]
# name 4 = latitude: Latitude [deg]
# name 5 = depSM: Depth [salt water, m]
# name 6 = t090C: Temperature [ITS-90, deg C]
# name 7 = t190C: Temperature, 2 [ITS-90, deg C]
# name 8 = c0uS/cm: Conductivity [uS/cm]
# name 9 = c1S/m: Conductivity, 2 [S/m]
# name 10 = flECO-AFL: Fluorescence, WET Labs ECO-AFL/FL [mg/m^3]
# name 11 = CStarAt0: Beam Attenuation, WET Labs C-Star [1/m]
# name 12 = CStarTr0: Beam Transmission, WET Labs C-Star [%]
# name 13 = par: PAR/Irradiance, Biospherical/Licor
# name 14 = modError: Modulo Error Count
# name 15 = v0: Voltage 0
# name 16 = v1: Voltage 1
# name 17 = v2: Voltage 2
# name 18 = v3: Voltage 3
# name 19 = v4: Voltage 4
# name 20 = v5: Voltage 5
# name 21 = v6: Voltage 6
# name 22 = v7: Voltage 7
# name 23 = sbeox0V: Oxygen raw, SBE 43 [V]
# name 24 = sbeox1V: Oxygen raw, SBE 43, 2 [V]
# name 25 = sal00: Salinity, Practical [PSU]
# name 26 = sal11: Salinity, Practical, 2 [PSU]
# name 27 = sigma-é00: Density [sigma-theta, kg/m^3]
# name 28 = sigma-é11: Density, 2 [sigma-theta, kg/m^3]
# name 29 = sbeox0Mm/L: Oxygen, SBE 43 [umol/l], WS = 2
# name 30 = sbeox1Mm/L: Oxygen, SBE 43, 2 [umol/l], WS = 2
# name 31 = sbeox0PS: Oxygen, SBE 43 [% saturation], WS = 2
# name 32 = sbeox1PS: Oxygen, SBE 43, 2 [% saturation], WS = 2
# name 33 = flag: flag
# span 0 =       -315,      18443       
# span 1 =    -13.167,    768.417       
# span 2 =      1.006,    323.168       
# span 3 = -106.89445, -106.89434       
# span 4 =   16.79594,   16.79616       
# span 5 =      1.000,    321.000       
# span 6 =    10.7983,    29.3954       
# span 7 =    10.7682,    29.3469       
# span 8 = 3.8691e+04, 5.7080e+04       
# span 9 =   3.874137,   5.715730       
# span 10 =     0.0614,     1.3955      
# span 11 =     0.0147,     0.1014      
# span 12 =    97.4966,    99.6333      
# span 13 = 1.0000e-12, 5.0478e+00      
# span 14 =          0,          0      
# span 15 =     0.5033,     2.4917      
# span 16 =     0.5135,     2.4745      
# span 17 =     0.0572,     0.1906      
# span 18 =     0.1144,     0.1175      
# span 19 =     4.5355,     4.6349      
# span 20 =     0.0000,     0.0000      
# span 21 =     0.0074,     1.7047      
# span 22 =     0.0000,     0.0000      
# span 23 =     0.5027,     2.4849      
# span 24 =     0.5130,     2.4624      
# span 25 =    34.3721,    34.7839      
# span 26 =    34.4587,    34.8689      
# span 27 =    21.6021,    26.5836      
# span 28 =    21.6806,    26.6502      
# span 29 =      0.848,    223.516      
# span 30 =      0.894,    234.134      
# span 31 =      0.306,    106.117      
# span 32 =      0.322,    111.050      
# span 33 = 0.0000e+00, 0.0000e+00      
# interval = meters: 1                  
# start_time = Oct 04 2019 11:01:37 [NMEA time, first data scan]
# bad_flag = -9.990e-29
*END*
[from data line 129]
       8466    352.722    130.817 -106.89440   16.79606    130.000    13.6208    13.5861 4.1367e+04   4.142331     0.4120     0.0305    99.2394 1.0000e-12          0     0.5079     0.5201     0.0922     0.1148     4.6166     0.0000     0.0084     0.0000     0.5071     0.5191    34.7569    34.8410    26.0820    26.1542      1.493      1.758      0.570      0.671 0.0000e+00
       8487    353.568    131.824 -106.89440   16.79606    131.000    13.6038    13.5715 4.1352e+04   4.140963     0.4128     0.0306    99.2383 1.0000e-12          0     0.5079     0.5202     0.0923     0.1148     4.6165     0.0000     0.0082     0.0000     0.5071     0.5190    34.7575    34.8410    26.0860    26.1573      1.494      1.761      0.571      0.672 0.0000e+00
       8588    357.791    132.830 -106.89440   16.79606    132.000    13.6073    13.5785 4.1356e+04   4.141455     0.3810     0.0314    99.2177 1.0000e-12          0     0.5079     0.5197     0.0891     0.1148     4.6156     0.0000     0.0084     0.0000     0.5071     0.5187    34.7580    34.8388    26.0857    26.1541      1.485      1.726      0.568      0.659 0.0000e+00
       8699    362.400    133.837 -106.89440   16.79606    133.000    13.5860    13.5508 4.1337e+04   4.139304     0.3360     0.0311    99.2241 1.0000e-12          0     0.5079     0.5192     0.0846     0.1148     4.6159     0.0000     0.0083     0.0000     0.5071     0.5184    34.7591    34.8434    26.0910    26.1634      1.501      1.663      0.573      0.635 0.0000e+00
       8721    363.330    134.844 -106.89440   16.79606    134.000    13.5548    13.5235 4.1310e+04   4.136755     0.3656     0.0314    99.2175 1.0000e-12          0     0.5078     0.5196     0.0876     0.1148     4.6156     0.0000     0.0083     0.0000     0.5071     0.5182    34.7609    34.8439    26.0988    26.1695      1.467      1.630      0.560      0.622 0.0000e+00
       8746    364.389    135.850 -106.89440   16.79606    135.000    13.5311    13.4983 4.1288e+04   4.134484     0.3673     0.0316    99.2126 1.0000e-12          0     0.5078     0.5194     0.0877     0.1148     4.6154     0.0000     0.0082     0.0000     0.5069     0.5183    34.7618    34.8451    26.1044    26.1756      1.420      1.691      0.541      0.645 0.0000e+00
       8778    365.721    136.857 -106.89440   16.79606    136.000    13.4985    13.4665 4.1259e+04   4.131597     0.3514     0.0317    99.2097 1.0000e-12          0     0.5079     0.5193     0.0861     0.1148     4.6152     0.0000     0.0082     0.0000     0.5068     0.5182    34.7635    34.8465    26.1125    26.1832      1.436      1.682      0.547      0.641 0.0000e+00
       8833    368.007    137.864 -106.89440   16.79606    137.000    13.4841    13.4532 4.1246e+04   4.130223     0.3299     0.0315    99.2153 1.0000e-12          0     0.5077     0.5190     0.0839     0.1148     4.6155     0.0000     0.0084     0.0000     0.5068     0.5181    34.7641    34.8453    26.1159    26.1851      1.464      1.658      0.558      0.632 0.0000e+00
       8897    370.658    138.870 -106.89440   16.79606    138.000    13.4059    13.3750 4.1175e+04   4.123559     0.3104     0.0321    99.2014 1.0000e-12          0     0.5076     0.5190     0.0820     0.1148     4.6149     0.0000     0.0083     0.0000     0.5066     0.5180    34.7680    34.8534    26.1349    26.2073      1.332      1.621      0.507      0.617 0.0000e+00
       9026    376.029    139.877 -106.89440   16.79604    139.000    13.3533    13.3707 4.1127e+04   4.122160     0.2329     0.0325    99.1917 1.0000e-12          0     0.5073     0.5186     0.0743     0.1148     4.6144     0.0000     0.0084     0.0000     0.5061     0.5178    34.7703    34.8438    26.1475    26.2008      1.389      1.655      0.528      0.629 0.0000e+00
       9069    377.821    140.883 -106.89440   16.79604    140.000    13.3132    13.2805 4.1090e+04   4.114595     0.2384     0.0323    99.1965 1.0000e-12          0     0.5068     0.5188     0.0749     0.1148     4.6146     0.0000     0.0084     0.0000     0.5063     0.5181    34.7715    34.8543    26.1566    26.2273      1.382      1.669      0.525      0.634 0.0000e+00
       9090    378.705    141.890 -106.89440   16.79604    141.000    13.2924    13.2591 4.1071e+04   4.112921     0.2347     0.0328    99.1855 1.0000e-12          0     0.5071     0.5188     0.0745     0.1149     4.6141     0.0000     0.0083     0.0000     0.5061     0.5179    34.7721    34.8577    26.1612    26.2343      1.256      1.589      0.477      0.603 0.0000e+00
       9110    379.527    142.897 -106.89440   16.79604    142.000    13.2515    13.2188 4.1033e+04   4.109009     0.2323     0.0327    99.1857 1.0000e-12          0     0.5070     0.5185     0.0743     0.1148     4.6141     0.0000     0.0083     0.0000     0.5060     0.5178    34.7733    34.8571    26.1705    26.2421      1.304      1.540      0.494      0.584 0.0000e+00
       9132    380.453    143.903 -106.89440   16.79604    143.000    13.2365    13.2046 4.1020e+04   4.107616     0.2238     0.0327    99.1870 1.0000e-12          0     0.5070     0.5187     0.0734     0.1154     4.6142     0.0000     0.0083     0.0000     0.5059     0.5175    34.7739    34.8565    26.1740    26.2445      1.318      1.520      0.500      0.576 0.0000e+00
       9236    384.780    144.910 -106.89440   16.79604    144.000    13.2454    13.2120 4.1029e+04   4.108188     0.1999     0.0331    99.1768 1.0000e-12          0     0.5067     0.5184     0.0710     0.1161     4.6137     0.0000     0.0084     0.0000     0.5058     0.5174    34.7741    34.8547    26.1725    26.2416      1.315      1.574      0.499      0.597 0.0000e+00
       9334    388.872    145.917 -106.89440   16.79604    145.000    13.1897    13.1307 4.0979e+04   4.101239     0.1871     0.0327    99.1873 1.0000e-12          0     0.5065     0.5183     0.0697     0.1168     4.6142     0.0000     0.0084     0.0000     0.5058     0.5173    34.7767    34.8629    26.1858    26.2644      1.326      1.550      0.502      0.587 0.0000e+00
       9365    390.184    146.924 -106.89440   16.79604    146.000    13.1357    13.1045 4.0928e+04   4.098457     0.1860     0.0331    99.1764 1.0000e-12          0     0.5067     0.5183     0.0696     0.1148     4.6137     0.0000     0.0082     0.0000     0.5058     0.5172    34.7775    34.8602    26.1973    26.2677      1.297      1.561      0.491      0.590 0.0000e+00
       9396    391.461    147.930 -106.89440   16.79604    147.000    13.1126    13.0810 4.0906e+04   4.096364     0.1717     0.0336    99.1644 1.0000e-12          0     0.5066     0.5182     0.0682     0.1148     4.6131     0.0000     0.0084     0.0000     0.5058     0.5174    34.7780    34.8614    26.2024    26.2733      1.306      1.559      0.494      0.589 0.0000e+00
       9427    392.756    148.937 -106.89440   16.79604    148.000    13.0749    13.0418 4.0872e+04   4.093036     0.1623     0.0337    99.1600 1.0000e-12          0     0.5067     0.5181     0.0673     0.1148     4.6129     0.0000     0.0082     0.0000     0.5056     0.5172    34.7793    34.8654    26.2109    26.2843      1.239      1.497      0.468      0.565 0.0000e+00
       9468    394.466    149.944 -106.89440   16.79604    149.000    12.9975    12.9654 4.0800e+04   4.085736     0.1368     0.0336    99.1646 1.0000e-12          0     0.5066     0.5181     0.0647     0.1160     4.6131     0.0000     0.0084     0.0000     0.5051     0.5170    34.7818    34.8657    26.2285    26.2999      1.101      1.500      0.415      0.566 0.0000e+00
       9561    398.325    150.950 -106.89439   16.79603    150.000    12.9755    12.9376 4.0780e+04   4.082934     0.1276     0.0341    99.1518 1.0000e-12          0     0.5060     0.5178     0.0638     0.1157     4.6125     0.0000     0.0084     0.0000     0.5048     0.5169    34.7826    34.8641    26.2335    26.3043      1.171      1.499      0.442      0.565 0.0000e+00
       9653    402.181    151.957 -106.89438   16.79602    151.000    12.9534    12.9228 4.0761e+04   4.081603     0.1247     0.0342    99.1497 1.0000e-12          0     0.5056     0.5176     0.0635     0.1147     4.6124     0.0000     0.0083     0.0000     0.5049     0.5169    34.7836    34.8647    26.2387    26.3077      1.255      1.499      0.473      0.565 0.0000e+00
       9690    403.711    152.964 -106.89438   16.79602    152.000    12.9082    12.8761 4.0718e+04   4.077577     0.1216     0.0344    99.1430 1.0000e-12          0     0.5056     0.5177     0.0632     0.1164     4.6121     0.0000     0.0084     0.0000     0.5048     0.5169    34.7839    34.8689    26.2480    26.3202      1.120      1.502      0.422      0.566 0.0000e+00
       9724    405.122    153.970 -106.89438   16.79602    153.000    12.8493    12.8170 4.0661e+04   4.071807     0.1122     0.0345    99.1424 1.0000e-12          0     0.5057     0.5177     0.0622     0.1159     4.6121     0.0000     0.0083     0.0000     0.5047     0.5168    34.7836    34.8677    26.2595    26.3312      1.165      1.470      0.438      0.553 0.0000e+00
       9753    406.336    154.977 -106.89438   16.79602    154.000    12.8295    12.7978 4.0642e+04   4.069816     0.1127     0.0348    99.1346 1.0000e-12          0     0.5058     0.5177     0.0623     0.1157     4.6117     0.0000     0.0085     0.0000     0.5047     0.5168    34.7833    34.8661    26.2633    26.3337      1.183      1.498      0.445      0.563 0.0000e+00
       9784    407.638    155.984 -106.89438   16.79602    155.000    12.8225    12.7913 4.0636e+04   4.069101     0.0964     0.0343    99.1473 1.0000e-12          0     0.5055     0.5177     0.0606     0.1149     4.6123     0.0000     0.0085     0.0000     0.5047     0.5167    34.7836    34.8647    26.2649    26.3340      1.170      1.462      0.440      0.550 0.0000e+00
       9877    411.483    156.991 -106.89438   16.79602    156.000    12.8249    12.7955 4.0639e+04   4.069481     0.1074     0.0348    99.1345 1.0000e-12          0     0.5055     0.5175     0.0618     0.1148     4.6117     0.0000     0.0083     0.0000     0.5047     0.5167    34.7834    34.8641    26.2643    26.3327      1.174      1.472      0.441      0.553 0.0000e+00
       9928    413.607    157.997 -106.89440   16.79602    157.000    12.8053    12.7739 4.0621e+04   4.067573     0.0875     0.0341    99.1516 1.0000e-12          0     0.5055     0.5174     0.0597     0.1157     4.6125     0.0000     0.0085     0.0000     0.5047     0.5165    34.7838    34.8653    26.2686    26.3379      1.173      1.425      0.441      0.535 0.0000e+00
       9956    414.799    159.004 -106.89440   16.79602    158.000    12.8001    12.7688 4.0616e+04   4.067095     0.1028     0.0348    99.1341 1.0000e-12          0     0.5055     0.5175     0.0613     0.1158     4.6117     0.0000     0.0085     0.0000     0.5047     0.5165    34.7837    34.8651    26.2695    26.3388      1.174      1.438      0.441      0.540 0.0000e+00
       9989    416.183    160.011 -106.89440   16.79603    159.000    12.7828    12.7512 4.0600e+04   4.065537     0.0938     0.0348    99.1345 1.0000e-12          0     0.5055     0.5175     0.0604     0.1164     4.6117     0.0000     0.0084     0.0000     0.5047     0.5166    34.7836    34.8659    26.2729    26.3429      1.174      1.489      0.441      0.559 0.0000e+00
      10023    417.573    161.017 -106.89440   16.79604    160.000    12.7572    12.7261 4.0576e+04   4.063145     0.0883     0.0348    99.1345 1.0000e-12          0     0.5055     0.5173     0.0598     0.1148     4.6117     0.0000     0.0084     0.0000     0.5047     0.5166    34.7837    34.8657    26.2780    26.3478      1.175      1.456      0.441      0.546 0.0000e+00
      10049    418.666    162.024 -106.89440   16.79604    161.000    12.7440    12.7121 4.0563e+04   4.061839     0.0883     0.0338    99.1576 1.0000e-12          0     0.5055     0.5173     0.0598     0.1152     4.6128     0.0000     0.0084     0.0000     0.5047     0.5165    34.7835    34.8658    26.2805    26.3506      1.176      1.438      0.441      0.540 0.0000e+00
      10070    419.543    163.031 -106.89440   16.79604    162.000    12.7257    12.6944 4.0545e+04   4.060019     0.0883     0.0337    99.1610 1.0000e-12          0     0.5055     0.5173     0.0598     0.1173     4.6129     0.0000     0.0084     0.0000     0.5047     0.5165    34.7827    34.8642    26.2836    26.3530      1.176      1.467      0.441      0.550 0.0000e+00
      10090    420.384    164.038 -106.89440   16.79604    163.000    12.7154    12.6824 4.0536e+04   4.058981     0.0883     0.0337    99.1608 1.0000e-12          0     0.5055     0.5174     0.0598     0.1172     4.6129     0.0000     0.0085     0.0000     0.5047     0.5165    34.7824    34.8649    26.2854    26.3559      1.177      1.368      0.441      0.513 0.0000e+00
      10113    421.338    165.045 -106.89440   16.79604    164.000    12.7035    12.6720 4.0525e+04   4.057918     0.0888     0.0336    99.1628 1.0000e-12          0     0.5055     0.5174     0.0599     0.1172     4.6130     0.0000     0.0085     0.0000     0.5047     0.5161    34.7825    34.8639    26.2878    26.3572      1.177      1.362      0.441      0.511 0.0000e+00
      10167    423.567    166.051 -106.89440   16.79604    165.000    12.7027    12.6714 4.0524e+04   4.057793     0.0884     0.0334    99.1690 1.0000e-12          0     0.5055     0.5172     0.0598     0.1158     4.6133     0.0000     0.0085     0.0000     0.5047     0.5162    34.7824    34.8628    26.2880    26.3565      1.177      1.394      0.441      0.522 0.0000e+00
      10247    426.904    167.058 -106.89440   16.79603    166.000    12.6857    12.6578 4.0508e+04   4.056707     0.0883     0.0334    99.1695 1.0000e-12          0     0.5055     0.5170     0.0598     0.1147     4.6133     0.0000     0.0085     0.0000     0.5047     0.5163    34.7822    34.8645    26.2912    26.3605      1.178      1.456      0.442      0.546 0.0000e+00
      10270    427.875    168.065 -106.89440   16.79602    167.000    12.6745    12.6432 4.0497e+04   4.055247     0.0883     0.0333    99.1723 1.0000e-12          0     0.5055     0.5169     0.0598     0.1170     4.6135     0.0000     0.0085     0.0000     0.5047     0.5163    34.7818    34.8637    26.2931    26.3628      1.178      1.339      0.442      0.502 0.0000e+00
      10290    428.719    169.072 -106.89440   16.79602    168.000    12.6589    12.6271 4.0482e+04   4.053873     0.0792     0.0327    99.1860 1.0000e-12          0     0.5055     0.5168     0.0589     0.1172     4.6142     0.0000     0.0084     0.0000     0.5047     0.5160    34.7813    34.8649    26.2958    26.3669      1.179      1.340      0.442      0.502 0.0000e+00
      10308    429.476    170.079 -106.89440   16.79602    169.000    12.6357    12.6035 4.0461e+04   4.051515     0.0800     0.0327    99.1870 1.0000e-12          0     0.5055     0.5171     0.0590     0.1163     4.6142     0.0000     0.0085     0.0000     0.5047     0.5159    34.7814    34.8636    26.3005    26.3706      1.180      1.327      0.442      0.497 0.0000e+00
      10327    430.267    171.085 -106.89440   16.79602    170.000    12.6316    12.6008 4.0457e+04   4.051157     0.0881     0.0327    99.1870 1.0000e-12          0     0.5055     0.5170     0.0598     0.1151     4.6142     0.0000     0.0085     0.0000     0.5047     0.5158    34.7815    34.8623    26.3014    26.3701      1.152      1.322      0.431      0.495 0.0000e+00
