data/ctd-cnv/KM1919/KM1919-St20-P2/St20_P2_cast45-align-cellTM-derive-bin.cnv
* Sea-Bird SBE 9 Data File:
* FileName = C:\Users\otg\Desktop\CTD Data\km1920\St20_P2_cast45.hex
* Software Version Seasave V 7.26.7.107
* Temperature SN = 5554
* Conductivity SN = 3876
* Number of Bytes Per Scan = 41
* Number of Voltage Words = 4
* Number of Scans Averaged by the Deck Unit = 1
* NMEA Latitude = 16 46.70 N
* NMEA Longitude = 106 48.55 W
* NMEA UTC (Time) = Oct 08 2019  18:54:14
* NMEA baud rate = 4800
** Ship: Kilo Moana
** Station: St20_P2 cast 45
** Operator: gr
# nquan = 34
# nvalues = 202                         
# units = specified
# name 0 = scan: Scan Count
# name 1 = timeS: Time, Elapsed [seconds]
# name 2 = prDM: Pressure, Digiquartz [db]
# name 3 = longitude: Longitude [deg]
# name 4 = latitude: Latitude [deg]
# name 5 = depSM: Depth [salt water, m]
# name 6 = t090C: Temperature [ITS-90, deg C]
# name 7 = t190C: Temperature, 2 [ITS-90, deg C]
# name 8 = c0uS/cm: Conductivity [uS/cm]
# name 9 = c1S/m: Conductivity, 2 [S/m]
# name 10 = flECO-AFL: Fluorescence, WET Labs ECO-AFL/FL [mg/m^3]
# name 11 = CStarAt0: Beam Attenuation, WET Labs C-Star [1/m]
# name 12 = CStarTr0: Beam Transmission, WET Labs C-Star [%]
# name 13 = par: PAR/Irradiance, Biospherical/Licor
# name 14 = modError: Modulo Error Count
# name 15 = v0: Voltage 0
# name 16 = v1: Voltage 1
# name 17 = v2: Voltage 2
# name 18 = v3: Voltage 3
# name 19 = v4: Voltage 4
# name 20 = v5: Voltage 5
# name 21 = v6: Voltage 6
# name 22 = v7: Voltage 7
# name 23 = sbeox0V: Oxygen raw, SBE 43 [V]
# name 24 = sbeox1V: Oxygen raw, SBE 43, 2 [V]
# name 25 = sal00: Salinity, Practical [PSU]
# name 26 = sal11: Salinity, Practical, 2 [PSU]
# name 27 = sigma-é00: Density [sigma-theta, kg/m^3]
# name 28 = sigma-é11: Density, 2 [sigma-theta, kg/m^3]
# name 29 = sbeox0Mm/L: Oxygen, SBE 43 [umol/l], WS = 2
# name 30 = sbeox1Mm/L: Oxygen, SBE 43, 2 [umol/l], WS = 2
# name 31 = sbeox0PS: Oxygen, SBE 43 [% saturation], WS = 2
# name 32 = sbeox1PS: Oxygen, SBE 43, 2 [% saturation], WS = 2
# name 33 = flag: flag
# span 0 =        514,      10929       
# span 1 =     21.361,    455.340       
# span 2 =      2.012,    204.312       
# span 3 = -106.80944, -106.80926       
# span 4 =   16.77822,   16.77828       
# span 5 =      2.000,    203.000       
# span 6 =    12.0455,    29.5735       
# span 7 =    12.0147,    29.5316       
# span 8 = 3.9897e+04, 5.7286e+04       
# span 9 =   3.995095,   5.737241       
# span 10 =     0.0396,     1.7606      
# span 11 =     0.0258,     0.1239      
# span 12 =    96.9520,    99.3565      
# span 13 = 1.5950e-03, 1.1184e+03      
# span 14 =          0,          0      
# span 15 =     0.5043,     2.4984      
# span 16 =     0.5162,     2.4853      
# span 17 =     0.0549,     0.2271      
# span 18 =     0.1126,     0.1172      
# span 19 =     4.5102,     4.6220      
# span 20 =     0.0000,     0.0000      
# span 21 =     0.0159,     4.0543      
# span 22 =     0.0000,     0.0000      
# span 23 =     0.5035,     2.4975      
# span 24 =     0.5152,     2.4757      
# span 25 =    34.2742,    34.7840      
# span 26 =    34.3686,    34.8732      
# span 27 =    21.5567,    26.4061      
# span 28 =    21.6353,    26.4751      
# span 29 =      0.978,    229.288      
# span 30 =      1.236,    240.561      
# span 31 =      0.362,    107.886      
# span 32 =      0.459,    112.247      
# span 33 = 0.0000e+00, 0.0000e+00      
# interval = meters: 1                  
# start_time = Oct 08 2019 18:55:49 [NMEA time, first data scan]
# bad_flag = -9.990e-29
*END*
[from data line 86]
       5600    233.288     88.544 -106.80936   16.77826     88.000    17.5483    17.4991 4.4866e+04   4.494847     0.6413     0.0539    98.6605 4.0736e+00          0     1.2708     1.2811     0.1152     0.1149     4.5897     0.0000     1.6340     0.0000     1.1017     1.1433    34.4667    34.5798    24.9772    25.0759     65.839     77.583     27.127     31.957 0.0000e+00
       5617    234.017     89.550 -106.80936   16.77826     89.000    17.3753    17.3371 4.4706e+04   4.477795     0.5595     0.0514    98.7229 3.7899e+00          0     1.2642     1.2864     0.1070     0.1148     4.5926     0.0000     1.6034     0.0000     1.0741     1.1128    34.4757    34.5705    25.0258    25.1077     63.210     75.706     25.959     31.085 0.0000e+00
       5636    234.807     90.557 -106.80936   16.77826     90.000    17.3471    17.3124 4.4679e+04   4.474778     0.5233     0.0494    98.7716 3.4852e+00          0     1.2246     1.2573     0.1033     0.1147     4.5948     0.0000     1.5679     0.0000     1.0388     1.0857    34.4763    34.5651    25.0331    25.1096     59.176     72.632     24.289     29.808 0.0000e+00
       5660    235.782     91.563 -106.80936   16.77826     91.000    17.3128    17.2831 4.4649e+04   4.472032     0.5193     0.0492    98.7779 3.1831e+00          0     1.1573     1.2008     0.1030     0.1147     4.5951     0.0000     1.5295     0.0000     1.0125     1.0521    34.4787    34.5661    25.0432    25.1174     65.422     70.474     26.834     28.906 0.0000e+00
       5781    240.837     92.570 -106.80937   16.77825     92.000    17.2887    17.2363 4.4620e+04   4.466913     0.6163     0.0491    98.7792 2.9310e+00          0     1.0578     1.0697     0.1126     0.1148     4.5952     0.0000     1.4953     0.0000     1.0209     1.0326    34.4740    34.5614    25.0453    25.1250     64.483     70.474     26.426     28.878 0.0000e+00
       5862    244.201     93.576 -106.80938   16.77826     93.000    17.1250    17.0548 4.4467e+04   4.453458     0.5694     0.0468    98.8358 2.7138e+00          0     1.0850     1.0830     0.1079     0.1148     4.5978     0.0000     1.4626     0.0000     0.9139     0.9554    34.4809    34.5998    25.0896    25.1976     39.276     51.396     16.053     20.996 0.0000e+00
       5900    245.798     94.583 -106.80938   16.77826     94.000    16.5722    16.5425 4.3917e+04   4.401338     0.4750     0.0423    98.9497 2.4921e+00          0     1.0349     1.0520     0.0985     0.1146     4.6031     0.0000     1.4270     0.0000     0.8571     0.8938    34.4743    34.5851    25.2148    25.3068     39.173     47.241     15.840     19.106 0.0000e+00
       5953    248.003     95.589 -106.80938   16.77824     95.000    16.2879    16.2532 4.3638e+04   4.371140     0.4233     0.0389    99.0330 2.3179e+00          0     0.9038     0.9460     0.0933     0.1147     4.6070     0.0000     1.3969     0.0000     0.8163     0.8440    34.4737    34.5691    25.2802    25.3616     39.441     44.380     15.861     17.845 0.0000e+00
       5997    249.840     96.595 -106.80938   16.77824     96.000    16.2104    16.1761 4.3564e+04   4.362999     0.4079     0.0382    99.0485 2.1656e+00          0     0.8429     0.8774     0.0918     0.1159     4.6077     0.0000     1.3686     0.0000     0.8022     0.8243    34.4749    34.5635    25.2990    25.3750     39.289     43.302     15.776     17.385 0.0000e+00
       6036    251.454     97.602 -106.80938   16.77824     97.000    16.1350    16.0996 4.3489e+04   4.355736     0.3655     0.0384    99.0428 2.0098e+00          0     0.8184     0.8463     0.0876     0.1151     4.6075     0.0000     1.3376     0.0000     0.7939     0.8138    34.4739    34.5652    25.3156    25.3939     39.306     42.540     15.759     17.054 0.0000e+00
       6169    257.018     98.608 -106.80935   16.77824     98.000    16.1438    16.1127 4.3500e+04   4.356600     0.4038     0.0361    99.1026 1.8947e+00          0     0.7897     0.8035     0.0914     0.1142     4.6103     0.0000     1.3135     0.0000     0.7866     0.8008    34.4753    34.5611    25.3146    25.3878     38.551     41.518     15.459     16.648 0.0000e+00
       6211    258.758     99.615 -106.80938   16.77826     99.000    15.9026    15.8636 4.3261e+04   4.333440     0.3472     0.0358    99.1104 1.8045e+00          0     0.7942     0.8084     0.0857     0.1132     4.6106     0.0000     1.2931     0.0000     0.7754     0.7927    34.4725    34.5717    25.3675    25.4527     36.519     39.949     14.576     15.942 0.0000e+00
       6244    260.135    100.621 -106.80938   16.77826    100.000    15.7189    15.6812 4.3072e+04   4.314538     0.3087     0.0343    99.1456 1.6914e+00          0     0.7873     0.8047     0.0819     0.1148     4.6122     0.0000     1.2665     0.0000     0.7695     0.7871    34.4628    34.5618    25.4016    25.4863     35.902     39.305     14.277     15.628 0.0000e+00
       6270    261.218    101.628 -106.80938   16.77826    101.000    15.5674    15.5303 4.2919e+04   4.299506     0.2940     0.0330    99.1779 1.5835e+00          0     0.7809     0.7984     0.0804     0.1141     4.6138     0.0000     1.2395     0.0000     0.7658     0.7824    34.4577    34.5588    25.4317    25.5179     36.180     38.914     14.344     15.426 0.0000e+00
       6295    262.259    102.634 -106.80938   16.77826    102.000    15.4663    15.4306 4.2822e+04   4.288829     0.3050     0.0319    99.2065 1.4760e+00          0     0.7761     0.7935     0.0815     0.1135     4.6151     0.0000     1.2108     0.0000     0.7643     0.7797    34.4586    34.5498    25.4550    25.5332     36.432     38.917     14.416     15.397 0.0000e+00
       6354    264.693    103.641 -106.80938   16.77824    103.000    15.4461    15.4229 4.2802e+04   4.287349     0.2839     0.0323    99.1966 1.3683e+00          0     0.7684     0.7846     0.0794     0.1134     4.6146     0.0000     1.1799     0.0000     0.7623     0.7763    34.4583    34.5429    25.4593    25.5296     36.138     38.670     14.293     15.296 0.0000e+00
       6448    268.613    104.647 -106.80938   16.77824    104.000    15.4322    15.4124 4.2791e+04   4.287388     0.3070     0.0315    99.2146 1.3202e+00          0     0.7628     0.7764     0.0817     0.1133     4.6155     0.0000     1.1657     0.0000     0.7507     0.7685    34.4600    34.5521    25.4638    25.5390     30.143     35.973     11.920     14.227 0.0000e+00
       6474    269.709    105.654 -106.80938   16.77824    105.000    15.3198    15.2832 4.2688e+04   4.275408     0.2659     0.0309    99.2310 1.2564e+00          0     0.7621     0.7754     0.0776     0.1149     4.6162     0.0000     1.1457     0.0000     0.7229     0.7533    34.4654    34.5573    25.4929    25.5718     17.882     29.617      7.056     11.684 0.0000e+00
       6495    270.568    106.660 -106.80938   16.77824    106.000    15.2641    15.2284 4.2646e+04   4.271050     0.2536     0.0323    99.1973 1.1768e+00          0     0.7608     0.7745     0.0764     0.1148     4.6147     0.0000     1.1193     0.0000     0.6841     0.7244    34.4760    34.5657    25.5134    25.5904     10.201     21.872      4.021      8.619 0.0000e+00
       6514    271.393    107.667 -106.80938   16.77824    107.000    15.2047    15.1685 4.2644e+04   4.270316     0.3043     0.0319    99.2054 1.0933e+00          0     0.7571     0.7727     0.0814     0.1147     4.6150     0.0000     1.0900     0.0000     0.6505     0.6908    34.5255    34.6116    25.5647    25.6390      7.859     16.731      3.095      6.587 0.0000e+00
       6537    272.351    108.673 -106.80938   16.77824    108.000    15.1426    15.1070 4.2634e+04   4.269783     0.2522     0.0306    99.2371 1.0214e+00          0     0.7465     0.7664     0.0762     0.1147     4.6165     0.0000     1.0629     0.0000     0.6205     0.6570    34.5717    34.6607    25.6140    25.6905      7.460     13.638      2.935      5.365 0.0000e+00
       6575    273.924    109.680 -106.80938   16.77824    109.000    15.0925    15.0539 4.2614e+04   4.267254     0.2668     0.0295    99.2662 9.4155e-01          0     0.6911     0.7274     0.0777     0.1128     4.6178     0.0000     1.0307     0.0000     0.5968     0.6211    34.5969    34.6844    25.6445    25.7204     10.504     12.368      4.129      4.861 0.0000e+00
       6715    279.769    110.686 -106.80938   16.77824    110.000    15.1217    15.0733 4.2622e+04   4.267105     0.1919     0.0279    99.3045 8.4909e-01          0     0.5576     0.5731     0.0702     0.1149     4.6196     0.0000     0.9910     0.0000     0.5911     0.6015    34.5784    34.6655    25.6238    25.7016     13.967     15.202      5.493      5.976 0.0000e+00
       6742    280.882    111.692 -106.80938   16.77824    111.000    14.8822    14.8463 4.2410e+04   4.249081     0.2007     0.0284    99.2920 8.3547e-01          0     0.5956     0.6100     0.0711     0.1147     4.6190     0.0000     0.9842     0.0000     0.5845     0.6006    34.5967    34.7026    25.6904    25.7798      9.519     12.723      3.726      4.980 0.0000e+00
       6761    281.647    112.699 -106.80938   16.77824    112.000    14.7711    14.7352 4.2296e+04   4.236157     0.1778     0.0275    99.3169 7.9132e-01          0     0.5959     0.6100     0.0688     0.1148     4.6202     0.0000     0.9631     0.0000     0.5766     0.5962    34.5907    34.6830    25.7099    25.7888      6.951     11.081      2.715      4.327 0.0000e+00
       6778    282.369    113.705 -106.80938   16.77824    113.000    14.7154    14.6794 4.2257e+04   4.232124     0.1689     0.0274    99.3183 7.4264e-01          0     0.5927     0.6072     0.0679     0.1147     4.6203     0.0000     0.9387     0.0000     0.5675     0.5894    34.6046    34.6954    25.7327    25.8105      5.269      9.273      2.056      3.618 0.0000e+00
       6796    283.144    114.712 -106.80938   16.77824    114.000    14.6653    14.6297 4.2227e+04   4.228924     0.1612     0.0281    99.2988 7.0255e-01          0     0.5903     0.6040     0.0672     0.1126     4.6193     0.0000     0.9175     0.0000     0.5584     0.5803    34.6208    34.7100    25.7560    25.8326      4.732      7.837      1.845      3.054 0.0000e+00
       6818    284.039    115.719 -106.80938   16.77824    115.000    14.5874    14.5502 4.2178e+04   4.224261     0.1418     0.0282    99.2977 6.5578e-01          0     0.5871     0.6023     0.0652     0.1142     4.6193     0.0000     0.8913     0.0000     0.5507     0.5712    34.6454    34.7379    25.7918    25.8712      4.710      7.060      1.833      2.748 0.0000e+00
       6855    285.588    116.725 -106.80938   16.77824    116.000    14.5464    14.5120 4.2148e+04   4.220898     0.1546     0.0273    99.3211 6.0337e-01          0     0.5717     0.5922     0.0665     0.1136     4.6204     0.0000     0.8600     0.0000     0.5436     0.5615    34.6539    34.7408    25.8072    25.8817      5.523      6.779      2.148      2.636 0.0000e+00
       6971    290.410    117.732 -106.80938   16.77824    117.000    14.5567    14.5318 4.2157e+04   4.222223     0.1720     0.0263    99.3456 5.4594e-01          0     0.5370     0.5540     0.0682     0.1131     4.6216     0.0000     0.8234     0.0000     0.5356     0.5525    34.6522    34.7349    25.8037    25.8729      4.670      6.390      1.817      2.486 0.0000e+00
       7012    292.125    118.738 -106.80938   16.77824    118.000    14.4829    14.4506 4.2102e+04   4.216313     0.1652     0.0267    99.3340 5.1037e-01          0     0.5404     0.5576     0.0675     0.1147     4.6210     0.0000     0.7984     0.0000     0.5302     0.5469    34.6677    34.7528    25.8316    25.9042      3.888      5.148      1.511      2.000 0.0000e+00
       7041    293.320    119.745 -106.80938   16.77824    119.000    14.4565    14.4234 4.2081e+04   4.214166     0.1369     0.0263    99.3455 4.8473e-01          0     0.5376     0.5549     0.0647     0.1139     4.6215     0.0000     0.7798     0.0000     0.5279     0.5439    34.6714    34.7570    25.8401    25.9133      3.396      4.819      1.319      1.871 0.0000e+00
       7069    294.488    120.751 -106.80938   16.77824    120.000    14.4369    14.4031 4.2064e+04   4.212433     0.1371     0.0258    99.3565 4.5722e-01          0     0.5340     0.5512     0.0647     0.1129     4.6220     0.0000     0.7588     0.0000     0.5239     0.5410    34.6732    34.7589    25.8457    25.9191      2.293      4.079      0.890      1.583 0.0000e+00
       7096    295.611    121.758 -106.80938   16.77824    121.000    14.3250    14.2828 4.1971e+04   4.203623     0.1359     0.0267    99.3357 4.3708e-01          0     0.5312     0.5478     0.0646     0.1140     4.6211     0.0000     0.7428     0.0000     0.5195     0.5365    34.6872    34.7852    25.8804    25.9651      1.957      3.359      0.758      1.301 0.0000e+00
       7126    296.860    122.764 -106.80938   16.77824    122.000    14.1797    14.1445 4.1850e+04   4.191250     0.1371     0.0283    99.2964 4.1831e-01          0     0.5287     0.5447     0.0647     0.1147     4.6192     0.0000     0.7273     0.0000     0.5162     0.5325    34.7054    34.7948    25.9253    26.0018      1.918      3.046      0.741      1.176 0.0000e+00
       7157    298.153    123.771 -106.80938   16.77824    123.000    14.1541    14.1164 4.1830e+04   4.188764     0.1815     0.0295    99.2656 3.9754e-01          0     0.5241     0.5414     0.0692     0.1148     4.6178     0.0000     0.7095     0.0000     0.5140     0.5297    34.7090    34.7966    25.9335    26.0092      1.893      2.871      0.731      1.108 0.0000e+00
       7183    299.240    124.778 -106.80938   16.77824    124.000    14.1140    14.0812 4.1796e+04   4.185799     0.1874     0.0295    99.2658 3.7179e-01          0     0.5201     0.5370     0.0697     0.1148     4.6178     0.0000     0.6864     0.0000     0.5127     0.5280    34.7137    34.8005    25.9457    26.0196      1.827      2.661      0.705      1.026 0.0000e+00
       7211    300.424    125.784 -106.80938   16.77824    125.000    14.0839    14.0492 4.1773e+04   4.183311     0.2199     0.0315    99.2139 3.4309e-01          0     0.5170     0.5333     0.0730     0.1148     4.6154     0.0000     0.6589     0.0000     0.5113     0.5262    34.7185    34.8058    25.9557    26.0305      1.663      2.493      0.641      0.961 0.0000e+00
       7273    302.990    126.791 -106.80939   16.77824    126.000    14.0409    14.0070 4.1738e+04   4.179572     0.2899     0.0344    99.1446 3.1507e-01          0     0.5135     0.5288     0.0800     0.1147     4.6122     0.0000     0.6304     0.0000     0.5099     0.5241    34.7245    34.8088    25.9694    26.0417      1.725      2.364      0.664      0.910 0.0000e+00
       7363    306.757    127.797 -106.80940   16.77824    127.000    13.9929    13.9571 4.1698e+04   4.175561     0.3634     0.0347    99.1356 2.9081e-01          0     0.5105     0.5245     0.0873     0.1148     4.6117     0.0000     0.6044     0.0000     0.5090     0.5227    34.7301    34.8162    25.9839    26.0579      1.602      2.285      0.617      0.879 0.0000e+00
       7388    307.788    128.804 -106.80940   16.77824    128.000    13.9328    13.8992 4.1644e+04   4.170688     0.3647     0.0379    99.0571 2.7459e-01          0     0.5104     0.5241     0.0875     0.1148     4.6081     0.0000     0.5859     0.0000     0.5084     0.5223    34.7340    34.8228    25.9995    26.0752      1.517      2.093      0.583      0.804 0.0000e+00
       7410    308.703    129.811 -106.80940   16.77824    129.000    13.8945    13.8588 4.1611e+04   4.167164     0.3327     0.0392    99.0242 2.6066e-01          0     0.5104     0.5239     0.0842     0.1147     4.6066     0.0000     0.5694     0.0000     0.5082     0.5217    34.7371    34.8262    26.0099    26.0862      1.611      2.090      0.619      0.803 0.0000e+00
