data/ctd-cnv/KM1919/KM1919-St20-P2/St20_P2_cast32-align-cellTM-derive-bin.cnv
* Sea-Bird SBE 9 Data File:
* FileName = C:\Users\otg\Desktop\CTD Data\km1920\St20_P2_cast32.hex
* Software Version Seasave V 7.26.7.107
* Temperature SN = 5554
* Conductivity SN = 3876
* Number of Bytes Per Scan = 41
* Number of Voltage Words = 4
* Number of Scans Averaged by the Deck Unit = 1
* NMEA Latitude = 16 47.36 N
* NMEA Longitude = 106 50.11 W
* NMEA UTC (Time) = Oct 05 2019  21:23:46
* NMEA baud rate = 4800
** Ship: Kilo Moana
** Station: St20_P2cast 32
** Operator: jac
# nquan = 34
# nvalues = 500                         
# units = specified
# name 0 = scan: Scan Count
# name 1 = timeS: Time, Elapsed [seconds]
# name 2 = prDM: Pressure, Digiquartz [db]
# name 3 = longitude: Longitude [deg]
# name 4 = latitude: Latitude [deg]
# name 5 = depSMignore: Depth [salt water, m]
# name 6 = t090C: Temperature [ITS-90, deg C]
# name 7 = t190C: Temperature, 2 [ITS-90, deg C]
# name 8 = c0uS/cm: Conductivity [uS/cm]
# name 9 = c1S/m: Conductivity, 2 [S/m]
# name 10 = flECO-AFL: Fluorescence, WET Labs ECO-AFL/FL [mg/m^3]
# name 11 = CStarAt0: Beam Attenuation, WET Labs C-Star [1/m]
# name 12 = CStarTr0: Beam Transmission, WET Labs C-Star [%]
# name 13 = par: PAR/Irradiance, Biospherical/Licor
# name 14 = modError: Modulo Error Count
# name 15 = v0: Voltage 0
# name 16 = v1: Voltage 1
# name 17 = v2: Voltage 2
# name 18 = v3: Voltage 3
# name 19 = v4: Voltage 4
# name 20 = v5: Voltage 5
# name 21 = v6: Voltage 6
# name 22 = v7: Voltage 7
# name 23 = sbeox0V: Oxygen raw, SBE 43 [V]
# name 24 = sbeox1V: Oxygen raw, SBE 43, 2 [V]
# name 25 = sal00: Salinity, Practical [PSU]
# name 26 = sal11: Salinity, Practical, 2 [PSU]
# name 27 = sigma-é00: Density [sigma-theta, kg/m^3]
# name 28 = sigma-é11: Density, 2 [sigma-theta, kg/m^3]
# name 29 = sbeox0Mm/L: Oxygen, SBE 43 [umol/l], WS = 2
# name 30 = sbeox1Mm/L: Oxygen, SBE 43, 2 [umol/l], WS = 2
# name 31 = sbeox0PS: Oxygen, SBE 43 [% saturation], WS = 2
# name 32 = sbeox1PS: Oxygen, SBE 43, 2 [% saturation], WS = 2
# name 33 = flag: flag
# span 0 =        375,      21530       
# span 1 =     15.589,    897.025       
# span 2 =      2.012,    504.604       
# span 3 = -106.83496, -106.83464       
# span 4 =   16.78968,   16.78980       
# span 5 =      2.000,    501.000       
# span 6 =     7.5433,    29.5402       
# span 7 =     7.5157,    29.4889       
# span 8 = 3.5604e+04, 5.7223e+04       
# span 9 =   3.565203,   5.729186       
# span 10 =     0.0394,     1.9584      
# span 11 =     0.0079,     0.1393      
# span 12 =    96.5774,    99.8025      
# span 13 = 1.8616e-04, 1.0965e+03      
# span 14 =          0,          0      
# span 15 =     0.5030,     2.4989      
# span 16 =     0.5125,     2.4828      
# span 17 =     0.0549,     0.2469      
# span 18 =     0.1131,     0.1173      
# span 19 =     4.4928,     4.6428      
# span 20 =     0.0000,     0.0000      
# span 21 =     0.0097,     4.0363      
# span 22 =     0.0000,     0.0000      
# span 23 =     0.5023,     2.4986      
# span 24 =     0.5117,     2.4790      
# span 25 =    34.3621,    34.7863      
# span 26 =    34.4501,    34.8785      
# span 27 =    21.5533,    26.9991      
# span 28 =    21.6329,    27.0656      
# span 29 =      0.736,    224.172      
# span 30 =      0.796,    236.425      
# span 31 =      0.258,    106.934      
# span 32 =      0.267,    112.078      
# span 33 = 0.0000e+00, 0.0000e+00      
# interval = meters: 1                  
# start_time = Oct 05 2019 21:38:20 [NMEA time, first data scan]
# bad_flag = -9.990e-29
*END*
[from data line 470]
      19981    832.497    475.362 -106.83468   16.78978    472.000     7.9625     7.9351 3.5986e+04   3.603586     0.0644     0.0093    99.7661 2.0334e-04          0     0.5031     0.5127     0.0575     0.1149     4.6411     0.0000     0.0098     0.0000     0.5025     0.5124    34.5669    34.6469    26.9465    27.0134      1.027      1.073      0.347      0.363 0.0000e+00
      20005    833.520    476.370 -106.83468   16.78978    473.000     7.9432     7.9147 3.5969e+04   3.601826     0.0643     0.0087    99.7826 1.9637e-04          0     0.5031     0.5128     0.0574     0.1150     4.6418     0.0000     0.0098     0.0000     0.5024     0.5123    34.5665    34.6477    26.9491    27.0170      0.944      0.859      0.319      0.290 0.0000e+00
      20038    834.857    477.379 -106.83468   16.78978    474.000     7.9246     7.8969 3.5952e+04   3.600050     0.0787     0.0084    99.7910 1.9284e-04          0     0.5031     0.5128     0.0589     0.1163     4.6422     0.0000     0.0097     0.0000     0.5024     0.5123    34.5660    34.6457    26.9515    27.0182      0.977      0.917      0.330      0.310 0.0000e+00
      20080    836.636    478.387 -106.83468   16.78978    475.000     7.9197     7.8924 3.5947e+04   3.599587     0.0615     0.0084    99.7908 2.0354e-04          0     0.5032     0.5131     0.0572     0.1162     4.6422     0.0000     0.0098     0.0000     0.5024     0.5124    34.5656    34.6448    26.9518    27.0181      0.980      0.966      0.331      0.326 0.0000e+00
      20121    838.341    479.395 -106.83468   16.78978    476.000     7.9054     7.8775 3.5934e+04   3.598393     0.0647     0.0085    99.7877 1.9735e-04          0     0.5031     0.5129     0.0575     0.1167     4.6421     0.0000     0.0098     0.0000     0.5024     0.5122    34.5654    34.6462    26.9538    27.0214      0.980      0.925      0.331      0.312 0.0000e+00
      20153    839.672    480.404 -106.83468   16.78978    477.000     7.8856     7.8580 3.5916e+04   3.596497     0.0661     0.0084    99.7909 2.0354e-04          0     0.5031     0.5129     0.0576     0.1151     4.6422     0.0000     0.0098     0.0000     0.5024     0.5123    34.5646    34.6446    26.9561    27.0231      0.981      0.961      0.331      0.324 0.0000e+00
      20180    840.782    481.412 -106.83468   16.78978    478.000     7.8613     7.8322 3.5893e+04   3.594407     0.0653     0.0086    99.7867 2.0334e-04          0     0.5031     0.5128     0.0575     0.1152     4.6420     0.0000     0.0098     0.0000     0.5024     0.5123    34.5638    34.6472    26.9591    27.0289      1.022      0.864      0.344      0.291 0.0000e+00
      20206    841.858    482.420 -106.83468   16.78978    479.000     7.8294     7.8015 3.5864e+04   3.591319     0.0639     0.0091    99.7726 2.0334e-04          0     0.5031     0.5130     0.0574     0.1151     4.6414     0.0000     0.0098     0.0000     0.5025     0.5123    34.5631    34.6439    26.9632    27.0309      1.026      0.966      0.346      0.325 0.0000e+00
      20235    843.098    483.428 -106.83467   16.78978    480.000     7.8106     7.7824 3.5846e+04   3.589539     0.0646     0.0092    99.7708 2.0334e-04          0     0.5031     0.5129     0.0575     0.1152     4.6413     0.0000     0.0098     0.0000     0.5025     0.5123    34.5623    34.6432    26.9654    27.0331      1.000      0.994      0.337      0.335 0.0000e+00
      20282    845.030    484.437 -106.83466   16.78978    481.000     7.7963     7.7683 3.5833e+04   3.588163     0.0635     0.0096    99.7611 1.9644e-04          0     0.5031     0.5129     0.0574     0.1160     4.6408     0.0000     0.0098     0.0000     0.5025     0.5122    34.5622    34.6419    26.9674    27.0342      1.001      0.876      0.337      0.295 0.0000e+00
      20336    847.300    485.445 -106.83466   16.78978    482.000     7.7830     7.7555 3.5821e+04   3.587021     0.0742     0.0088    99.7810 2.0378e-04          0     0.5031     0.5129     0.0584     0.1152     4.6418     0.0000     0.0098     0.0000     0.5025     0.5124    34.5622    34.6418    26.9694    27.0359      1.001      0.996      0.337      0.336 0.0000e+00
      20367    848.604    486.453 -106.83466   16.78978    483.000     7.7674     7.7396 3.5807e+04   3.585611     0.0633     0.0085    99.7878 2.0334e-04          0     0.5031     0.5130     0.0573     0.1168     4.6421     0.0000     0.0098     0.0000     0.5025     0.5123    34.5618    34.6419    26.9713    27.0383      1.002      0.893      0.337      0.300 0.0000e+00
      20390    849.522    487.462 -106.83466   16.78978    484.000     7.7555     7.7272 3.5796e+04   3.584509     0.0645     0.0084    99.7908 1.9316e-04          0     0.5031     0.5125     0.0575     0.1172     4.6422     0.0000     0.0097     0.0000     0.5025     0.5121    34.5613    34.6418    26.9727    27.0401      1.022      0.871      0.344      0.293 0.0000e+00
      20410    850.361    488.470 -106.83466   16.78978    485.000     7.7447     7.7156 3.5787e+04   3.583427     0.0650     0.0084    99.7908 1.9406e-04          0     0.5031     0.5129     0.0575     0.1171     4.6422     0.0000     0.0097     0.0000     0.5026     0.5122    34.5612    34.6413    26.9742    27.0414      1.020      0.955      0.343      0.321 0.0000e+00
      20433    851.319    489.478 -106.83466   16.78978    486.000     7.7330     7.7064 3.5776e+04   3.582549     0.0650     0.0084    99.7908 2.0320e-04          0     0.5031     0.5129     0.0575     0.1172     4.6422     0.0000     0.0098     0.0000     0.5025     0.5123    34.5610    34.6404    26.9757    27.0420      0.979      0.917      0.329      0.308 0.0000e+00
      20457    852.348    490.487 -106.83466   16.78978    487.000     7.7298     7.7026 3.5773e+04   3.582197     0.0644     0.0079    99.8025 1.8946e-04          0     0.5031     0.5128     0.0574     0.1165     4.6428     0.0000     0.0097     0.0000     0.5025     0.5120    34.5608    34.6399    26.9760    27.0422      1.002      0.834      0.337      0.280 0.0000e+00
      20513    854.673    491.495 -106.83466   16.78978    488.000     7.7291     7.7023 3.5773e+04   3.582126     0.0644     0.0082    99.7946 1.9379e-04          0     0.5031     0.5128     0.0575     0.1156     4.6424     0.0000     0.0097     0.0000     0.5025     0.5121    34.5606    34.6390    26.9760    27.0415      1.003      0.928      0.337      0.312 0.0000e+00
      20587    857.733    492.503 -106.83466   16.78978    489.000     7.7223     7.6959 3.5768e+04   3.581707     0.0641     0.0082    99.7952 2.0362e-04          0     0.5031     0.5125     0.0574     0.1160     4.6424     0.0000     0.0098     0.0000     0.5025     0.5121    34.5609    34.6403    26.9773    27.0435      0.989      0.901      0.332      0.303 0.0000e+00
      20624    859.273    493.512 -106.83466   16.78978    490.000     7.7053     7.6835 3.5752e+04   3.580794     0.0643     0.0084    99.7907 2.0334e-04          0     0.5031     0.5130     0.0574     0.1154     4.6422     0.0000     0.0098     0.0000     0.5025     0.5122    34.5605    34.6422    26.9794    27.0469      1.024      0.890      0.344      0.299 0.0000e+00
      20652    860.444    494.520 -106.83466   16.78978    491.000     7.6761     7.6550 3.5725e+04   3.578329     0.0639     0.0086    99.7852 2.0334e-04          0     0.5031     0.5128     0.0574     0.1168     4.6419     0.0000     0.0098     0.0000     0.5025     0.5121    34.5593    34.6434    26.9827    27.0520      1.005      0.884      0.338      0.297 0.0000e+00
      20680    861.621    495.529 -106.83466   16.78978    492.000     7.6696     7.6455 3.5719e+04   3.577153     0.0639     0.0085    99.7890 2.0334e-04          0     0.5031     0.5126     0.0574     0.1154     4.6421     0.0000     0.0098     0.0000     0.5025     0.5119    34.5593    34.6398    26.9837    27.0505      1.005      0.839      0.338      0.282 0.0000e+00
      20715    863.063    496.537 -106.83466   16.78978    493.000     7.6692     7.6452 3.5719e+04   3.577031     0.0639     0.0084    99.7908 1.9840e-04          0     0.5031     0.5127     0.0574     0.1162     4.6422     0.0000     0.0098     0.0000     0.5025     0.5120    34.5596    34.6382    26.9840    27.0493      1.006      0.879      0.338      0.295 0.0000e+00
      20764    865.123    497.545 -106.83466   16.78978    494.000     7.6655     7.6428 3.5716e+04   3.576807     0.0639     0.0085    99.7874 2.0003e-04          0     0.5031     0.5126     0.0574     0.1169     4.6420     0.0000     0.0098     0.0000     0.5025     0.5120    34.5595    34.6377    26.9844    27.0493      1.009      0.913      0.339      0.307 0.0000e+00
      20843    868.412    498.554 -106.83466   16.78978    495.000     7.6586     7.6355 3.5710e+04   3.576093     0.0639     0.0090    99.7745 1.9842e-04          0     0.5031     0.5126     0.0574     0.1168     4.6415     0.0000     0.0098     0.0000     0.5025     0.5120    34.5590    34.6367    26.9851    27.0496      0.993      0.891      0.334      0.299 0.0000e+00
      20913    871.315    499.562 -106.83466   16.78978    496.000     7.6268     7.6072 3.5681e+04   3.573743     0.0641     0.0084    99.7908 1.9633e-04          0     0.5031     0.5126     0.0574     0.1151     4.6422     0.0000     0.0098     0.0000     0.5025     0.5122    34.5584    34.6389    26.9892    27.0554      1.017      0.881      0.341      0.296 0.0000e+00
      21103    879.264    500.571 -106.83466   16.78978    497.000     7.6019     7.5778 3.5658e+04   3.570889     0.0630     0.0080    99.7999 1.9056e-04          0     0.5031     0.5127     0.0573     0.1169     4.6427     0.0000     0.0097     0.0000     0.5025     0.5121    34.5575    34.6369    26.9921    27.0580      0.998      0.902      0.335      0.302 0.0000e+00
      21271    886.260    501.579 -106.83464   16.78978    498.000     7.5877     7.5623 3.5644e+04   3.569399     0.0640     0.0081    99.7969 1.9091e-04          0     0.5031     0.5126     0.0574     0.1156     4.6425     0.0000     0.0097     0.0000     0.5025     0.5119    34.5571    34.6356    26.9938    27.0593      1.003      0.855      0.336      0.286 0.0000e+00
      21469    894.482    502.587 -106.83464   16.78978    499.000     7.5844     7.5458 3.5642e+04   3.568175     0.0639     0.0084    99.7908 1.9552e-04          0     0.5031     0.5129     0.0574     0.1171     4.6422     0.0000     0.0098     0.0000     0.5025     0.5120    34.5576    34.6383    26.9947    27.0638      0.994      0.867      0.333      0.291 0.0000e+00
      21495    895.576    503.596 -106.83464   16.78978    500.000     7.5508     7.5232 3.5611e+04   3.565942     0.0643     0.0084    99.7908 1.9606e-04          0     0.5031     0.5127     0.0574     0.1172     4.6422     0.0000     0.0098     0.0000     0.5025     0.5118    34.5560    34.6362    26.9983    27.0653      0.973      0.796      0.326      0.267 0.0000e+00
      21530    897.025    504.604 -106.83464   16.78978    501.000     7.5433     7.5157 3.5604e+04   3.565203     0.0638     0.0083    99.7931 2.0492e-04          0     0.5031     0.5125     0.0574     0.1172     4.6423     0.0000     0.0098     0.0000     0.5025     0.5117    34.5555    34.6351    26.9991    27.0656      1.055      0.822      0.353      0.275 0.0000e+00
