data/ctd-cnv/KM1919/KM1919-St20-P2/St20_P2_cast35-align-cellTM-derive-bin.cnv
* Sea-Bird SBE 9 Data File:
* FileName = C:\Users\otg\Desktop\CTD Data\km1920\St20_P2_cast35.hex
* Software Version Seasave V 7.26.7.107
* Temperature SN = 5554
* Conductivity SN = 3876
* Number of Bytes Per Scan = 41
* Number of Voltage Words = 4
* Number of Scans Averaged by the Deck Unit = 1
* NMEA Latitude = 16 47.15 N
* NMEA Longitude = 106 51.09 W
* NMEA UTC (Time) = Oct 06 2019  22:43:35
* NMEA baud rate = 4800
** Ship: Kilo Moana
** Station: St20_P2cast 35
** Operator: jac
# nquan = 34
# nvalues = 1202                        
# units = specified
# name 0 = scan: Scan Count
# name 1 = timeS: Time, Elapsed [seconds]
# name 2 = prDM: Pressure, Digiquartz [db]
# name 3 = longitude: Longitude [deg]
# name 4 = latitude: Latitude [deg]
# name 5 = depSMignore: Depth [salt water, m]
# name 6 = t090C: Temperature [ITS-90, deg C]
# name 7 = t190C: Temperature, 2 [ITS-90, deg C]
# name 8 = c0uS/cm: Conductivity [uS/cm]
# name 9 = c1S/m: Conductivity, 2 [S/m]
# name 10 = flECO-AFL: Fluorescence, WET Labs ECO-AFL/FL [mg/m^3]
# name 11 = CStarAt0: Beam Attenuation, WET Labs C-Star [1/m]
# name 12 = CStarTr0: Beam Transmission, WET Labs C-Star [%]
# name 13 = par: PAR/Irradiance, Biospherical/Licor
# name 14 = modError: Modulo Error Count
# name 15 = v0: Voltage 0
# name 16 = v1: Voltage 1
# name 17 = v2: Voltage 2
# name 18 = v3: Voltage 3
# name 19 = v4: Voltage 4
# name 20 = v5: Voltage 5
# name 21 = v6: Voltage 6
# name 22 = v7: Voltage 7
# name 23 = sbeox0V: Oxygen raw, SBE 43 [V]
# name 24 = sbeox1V: Oxygen raw, SBE 43, 2 [V]
# name 25 = sal00: Salinity, Practical [PSU]
# name 26 = sal11: Salinity, Practical, 2 [PSU]
# name 27 = sigma-é00: Density [sigma-theta, kg/m^3]
# name 28 = sigma-é11: Density, 2 [sigma-theta, kg/m^3]
# name 29 = sbeox0Mm/L: Oxygen, SBE 43 [umol/l], WS = 2
# name 30 = sbeox1Mm/L: Oxygen, SBE 43, 2 [umol/l], WS = 2
# name 31 = sbeox0PS: Oxygen, SBE 43 [% saturation], WS = 2
# name 32 = sbeox1PS: Oxygen, SBE 43, 2 [% saturation], WS = 2
# name 33 = flag: flag
# span 0 =        277,      41339       
# span 1 =     11.506,   1722.400       
# span 2 =      2.012,   1213.710       
# span 3 = -106.85148, -106.85131       
# span 4 =   16.78566,   16.78584       
# span 5 =      2.000,   1203.000       
# span 6 =     3.9019,    29.6551       
# span 7 =     3.8777,    29.6140       
# span 8 = 3.2641e+04, 5.7376e+04       
# span 9 =   3.268431,   5.745853       
# span 10 =     0.0517,     1.7789      
# span 11 =     0.0115,     0.1283      
# span 12 =    96.8424,    99.7123      
# span 13 = -1.157e-04, 2.3746e+02      
# span 14 =          0,          0      
# span 15 =     0.5022,     2.4577      
# span 16 =     0.5124,     2.4355      
# span 17 =     0.0562,     0.2289      
# span 18 =     0.1143,     0.1222      
# span 19 =     4.5051,     4.6386      
# span 20 =     0.0000,     0.0000      
# span 21 =     0.0080,     3.3872      
# span 22 =     0.0000,     0.0000      
# span 23 =     0.4996,     2.4549      
# span 24 =     0.5117,     2.4404      
# span 25 =    34.3294,    34.7842      
# span 26 =    34.5483,    36.2313      
# span 27 =    21.5309,    27.4640      
# span 28 =    21.6090,    27.5277      
# span 29 =     -1.849,    228.905      
# span 30 =      0.626,    222.664      
# span 31 =     -0.706,    105.136      
# span 32 =      0.210,    109.630      
# span 33 = 0.0000e+00, 0.0000e+00      
# interval = meters: 1                  
# start_time = Oct 06 2019 22:48:55 [NMEA time, first data scan]
# bad_flag = -9.990e-29
*END*
[from data line 726]
      24275   1011.434    733.640 -106.85138   16.78576    728.000     5.6676     5.6405 3.3982e+04   3.402785     0.0639     0.0118    99.7048 1.0000e-12          0     0.5038     0.5133     0.0574     0.1175     4.6383     0.0000     0.0085     0.0000     0.5031     0.5132    34.5356    34.6153    27.2351    27.3015      1.279      1.094      0.410      0.351 0.0000e+00
      24297   1012.324    734.650 -106.85138   16.78576    729.000     5.6579     5.6312 3.3973e+04   3.401916     0.0639     0.0115    99.7123 1.1962e-04          0     0.5034     0.5132     0.0574     0.1182     4.6386     0.0000     0.0091     0.0000     0.5035     0.5126    34.5354    34.6144    27.2362    27.3020      1.440      0.789      0.462      0.253 0.0000e+00
      24320   1013.276    735.659 -106.85138   16.78576    730.000     5.6525     5.6266 3.3969e+04   3.401503     0.0639     0.0117    99.7065 1.9005e-04          0     0.5037     0.5130     0.0574     0.1193     4.6383     0.0000     0.0094     0.0000     0.5033     0.5123    34.5351    34.6140    27.2366    27.3022      1.095      1.111      0.351      0.356 0.0000e+00
      24346   1014.385    736.669 -106.85138   16.78576    731.000     5.6494     5.6236 3.3966e+04   3.401235     0.0639     0.0117    99.7076 1.8504e-06          0     0.5039     0.5135     0.0574     0.1182     4.6384     0.0000     0.0085     0.0000     0.5035     0.5128    34.5349    34.6135    27.2369    27.3022      1.485      1.288      0.476      0.413 0.0000e+00
      24378   1015.723    737.678 -106.85138   16.78576    732.000     5.6478     5.6220 3.3965e+04   3.401116     0.0639     0.0122    99.6952 1.0000e-12          0     0.5040     0.5132     0.0574     0.1185     4.6378     0.0000     0.0085     0.0000     0.5036     0.5130    34.5347    34.6132    27.2369    27.3022      1.269      1.274      0.407      0.408 0.0000e+00
      24410   1017.051    738.688 -106.85138   16.78576    733.000     5.6472     5.6216 3.3965e+04   3.401114     0.0639     0.0122    99.6954 1.0000e-12          0     0.5038     0.5130     0.0574     0.1191     4.6378     0.0000     0.0085     0.0000     0.5035     0.5132    34.5347    34.6132    27.2369    27.3022      1.342      1.123      0.430      0.360 0.0000e+00
      24436   1018.141    739.697 -106.85138   16.78576    734.000     5.6450     5.6192 3.3963e+04   3.400946     0.0639     0.0119    99.7032 1.8490e-04          0     0.5042     0.5132     0.0574     0.1180     4.6382     0.0000     0.0094     0.0000     0.5036     0.5127    34.5347    34.6132    27.2372    27.3025      1.267      0.950      0.406      0.304 0.0000e+00
      24460   1019.124    740.707 -106.85138   16.78576    735.000     5.6444     5.6185 3.3963e+04   3.400908     0.0639     0.0126    99.6862 5.1548e-04          0     0.5042     0.5134     0.0574     0.1176     4.6374     0.0000     0.0109     0.0000     0.5035     0.5129    34.5345    34.6130    27.2372    27.3024      1.227      1.312      0.393      0.420 0.0000e+00
      24483   1020.103    741.717 -106.85140   16.78576    736.000     5.6448     5.6190 3.3965e+04   3.400985     0.0639     0.0132    99.6705 1.3733e-04          0     0.5041     0.5139     0.0574     0.1181     4.6366     0.0000     0.0092     0.0000     0.5036     0.5132    34.5353    34.6129    27.2377    27.3023      1.439      1.378      0.461      0.442 0.0000e+00
      24509   1021.174    742.726 -106.85140   16.78576    737.000     5.6443     5.6186 3.3965e+04   3.401002     0.0639     0.0129    99.6771 6.1473e-06          0     0.5043     0.5135     0.0574     0.1192     4.6370     0.0000     0.0085     0.0000     0.5037     0.5131    34.5356    34.6130    27.2381    27.3024      1.334      0.966      0.427      0.310 0.0000e+00
      24537   1022.337    743.736 -106.85140   16.78576    738.000     5.6415     5.6158 3.3962e+04   3.400808     0.0639     0.0126    99.6858 -2.605e-08          0     0.5041     0.5132     0.0574     0.1187     4.6374     0.0000     0.0085     0.0000     0.5037     0.5130    34.5352    34.6132    27.2381    27.3029      1.340      1.245      0.429      0.399 0.0000e+00
      24565   1023.518    744.745 -106.85140   16.78576    739.000     5.6379     5.6122 3.3959e+04   3.400508     0.0639     0.0126    99.6858 1.0000e-12          0     0.5042     0.5137     0.0574     0.1189     4.6374     0.0000     0.0085     0.0000     0.5037     0.5130    34.5351    34.6129    27.2384    27.3032      1.322      1.198      0.423      0.384 0.0000e+00
      24594   1024.724    745.755 -106.85140   16.78576    740.000     5.6326     5.6068 3.3955e+04   3.400084     0.0639     0.0126    99.6858 4.8208e-04          0     0.5043     0.5136     0.0574     0.1188     4.6374     0.0000     0.0107     0.0000     0.5037     0.5131    34.5345    34.6131    27.2387    27.3040      1.322      1.152      0.423      0.369 0.0000e+00
      24625   1025.993    746.764 -106.85139   16.78576    741.000     5.6256     5.6001 3.3948e+04   3.399458     0.0639     0.0122    99.6942 2.7279e-06          0     0.5043     0.5134     0.0574     0.1182     4.6378     0.0000     0.0085     0.0000     0.5037     0.5131    34.5338    34.6124    27.2390    27.3043      1.322      1.290      0.424      0.413 0.0000e+00
      24655   1027.240    747.774 -106.85138   16.78576    742.000     5.6243     5.5986 3.3947e+04   3.399369     0.0639     0.0126    99.6867 1.0000e-12          0     0.5043     0.5136     0.0574     0.1194     4.6374     0.0000     0.0085     0.0000     0.5037     0.5132    34.5336    34.6124    27.2390    27.3045      1.323      1.170      0.424      0.375 0.0000e+00
      24680   1028.295    748.784 -106.85138   16.78576    743.000     5.6182     5.5916 3.3942e+04   3.398815     0.0639     0.0126    99.6858 1.0000e-12          0     0.5043     0.5136     0.0574     0.1177     4.6374     0.0000     0.0085     0.0000     0.5037     0.5133    34.5337    34.6128    27.2398    27.3057      1.323      1.341      0.424      0.429 0.0000e+00
      24701   1029.175    749.793 -106.85138   16.78576    744.000     5.6099     5.5837 3.3935e+04   3.398163     0.0639     0.0126    99.6858 1.0000e-12          0     0.5043     0.5135     0.0574     0.1177     4.6374     0.0000     0.0085     0.0000     0.5037     0.5134    34.5335    34.6130    27.2406    27.3068      1.307      1.208      0.419      0.387 0.0000e+00
      24720   1029.962    750.803 -106.85138   16.78576    745.000     5.6002     5.5736 3.3927e+04   3.397290     0.0639     0.0126    99.6858 1.0000e-12          0     0.5043     0.5137     0.0574     0.1189     4.6374     0.0000     0.0085     0.0000     0.5037     0.5131    34.5337    34.6129    27.2420    27.3079      1.298      1.202      0.415      0.385 0.0000e+00
      24738   1030.724    751.812 -106.85138   16.78576    746.000     5.5935     5.5681 3.3921e+04   3.396789     0.0639     0.0126    99.6858 3.2766e-05          0     0.5043     0.5138     0.0574     0.1194     4.6374     0.0000     0.0087     0.0000     0.5036     0.5134    34.5334    34.6124    27.2426    27.3082      1.334      1.241      0.427      0.397 0.0000e+00
      24758   1031.560    752.822 -106.85138   16.78576    747.000     5.5870     5.5613 3.3916e+04   3.396252     0.0639     0.0123    99.6925 7.3656e-04          0     0.5043     0.5137     0.0574     0.1179     4.6377     0.0000     0.0118     0.0000     0.5037     0.5132    34.5336    34.6127    27.2436    27.3092      1.341      1.249      0.429      0.400 0.0000e+00
      24791   1032.903    753.832 -106.85138   16.78576    748.000     5.5842     5.5587 3.3914e+04   3.395984     0.0639     0.0121    99.6982 1.6288e-04          0     0.5043     0.5139     0.0574     0.1185     4.6380     0.0000     0.0093     0.0000     0.5037     0.5135    34.5336    34.6118    27.2439    27.3089      1.327      1.336      0.425      0.428 0.0000e+00
      24845   1035.178    754.841 -106.85136   16.78576    749.000     5.5837     5.5583 3.3914e+04   3.395982     0.0885     0.0122    99.6944 3.3827e-04          0     0.5043     0.5138     0.0598     0.1185     4.6378     0.0000     0.0101     0.0000     0.5037     0.5135    34.5333    34.6117    27.2437    27.3089      1.325      1.218      0.424      0.390 0.0000e+00
      24877   1036.510    755.851 -106.85136   16.78576    750.000     5.5838     5.5581 3.3914e+04   3.396013     0.0712     0.0126    99.6855 -1.150e-05          0     0.5043     0.5142     0.0581     0.1186     4.6374     0.0000     0.0084     0.0000     0.5037     0.5135    34.5333    34.6117    27.2438    27.3089      1.326      1.360      0.424      0.435 0.0000e+00
      24899   1037.425    756.860 -106.85136   16.78576    751.000     5.5837     5.5581 3.3915e+04   3.396062     0.0638     0.0126    99.6858 1.5995e-04          0     0.5043     0.5141     0.0574     0.1187     4.6374     0.0000     0.0093     0.0000     0.5037     0.5138    34.5338    34.6118    27.2441    27.3090      1.326      1.280      0.424      0.410 0.0000e+00
      24919   1038.239    757.870 -106.85136   16.78576    752.000     5.5830     5.5572 3.3915e+04   3.396059     0.0639     0.0125    99.6873 6.9820e-04          0     0.5043     0.5140     0.0574     0.1192     4.6375     0.0000     0.0116     0.0000     0.5037     0.5134    34.5348    34.6122    27.2450    27.3094      1.326      1.152      0.424      0.368 0.0000e+00
      24938   1039.032    758.880 -106.85136   16.78576    753.000     5.5773     5.5512 3.3910e+04   3.395709     0.0639     0.0120    99.6991 4.4684e-04          0     0.5043     0.5139     0.0574     0.1181     4.6380     0.0000     0.0105     0.0000     0.5037     0.5135    34.5342    34.6139    27.2453    27.3115      1.326      1.382      0.424      0.442 0.0000e+00
      24958   1039.873    759.889 -106.85136   16.78576    754.000     5.5598     5.5336 3.3895e+04   3.394186     0.0639     0.0126    99.6855 -1.045e-05          0     0.5043     0.5140     0.0574     0.1197     4.6374     0.0000     0.0085     0.0000     0.5037     0.5137    34.5343    34.6141    27.2475    27.3138      1.327      1.318      0.424      0.422 0.0000e+00
      24980   1040.774    760.899 -106.85136   16.78576    755.000     5.5534     5.5275 3.3890e+04   3.393590     0.0639     0.0126    99.6858 1.0000e-12          0     0.5043     0.5142     0.0574     0.1197     4.6374     0.0000     0.0085     0.0000     0.5037     0.5136    34.5347    34.6131    27.2485    27.3137      1.327      1.168      0.424      0.373 0.0000e+00
      25003   1041.732    761.909 -106.85136   16.78576    756.000     5.5517     5.5261 3.3889e+04   3.393486     0.0639     0.0126    99.6858 1.0000e-12          0     0.5043     0.5139     0.0574     0.1197     4.6374     0.0000     0.0085     0.0000     0.5037     0.5135    34.5344    34.6129    27.2485    27.3138      1.362      1.320      0.435      0.422 0.0000e+00
      25027   1042.740    762.918 -106.85136   16.78576    757.000     5.5497     5.5241 3.3887e+04   3.393350     0.0639     0.0136    99.6598 1.0000e-12          0     0.5043     0.5141     0.0574     0.1186     4.6362     0.0000     0.0085     0.0000     0.5038     0.5136    34.5343    34.6128    27.2487    27.3140      1.349      1.275      0.431      0.408 0.0000e+00
      25061   1044.149    763.928 -106.85137   16.78576    758.000     5.5470     5.5215 3.3885e+04   3.393142     0.0639     0.0132    99.6712 2.2695e-04          0     0.5043     0.5140     0.0574     0.1192     4.6367     0.0000     0.0095     0.0000     0.5037     0.5135    34.5341    34.6126    27.2489    27.3141      1.331      1.298      0.426      0.415 0.0000e+00
      25113   1046.313    764.938 -106.85138   16.78576    759.000     5.5457     5.5201 3.3884e+04   3.393033     0.0639     0.0126    99.6855 -1.443e-05          0     0.5044     0.5141     0.0574     0.1187     4.6374     0.0000     0.0084     0.0000     0.5037     0.5136    34.5337    34.6123    27.2488    27.3141      1.313      1.338      0.420      0.428 0.0000e+00
      25144   1047.641    765.947 -106.85138   16.78576    760.000     5.5444     5.5186 3.3883e+04   3.392974     0.0639     0.0129    99.6775 -2.058e-07          0     0.5043     0.5140     0.0574     0.1196     4.6370     0.0000     0.0085     0.0000     0.5037     0.5139    34.5339    34.6127    27.2491    27.3145      1.342      1.322      0.429      0.423 0.0000e+00
      25165   1048.504    766.957 -106.85138   16.78576    761.000     5.5425     5.5167 3.3882e+04   3.392847     0.0639     0.0129    99.6775 3.0923e-04          0     0.5044     0.5140     0.0574     0.1182     4.6370     0.0000     0.0099     0.0000     0.5037     0.5136    34.5342    34.6127    27.2495    27.3148      1.406      1.200      0.449      0.384 0.0000e+00
      25183   1049.238    767.967 -106.85138   16.78576    762.000     5.5378     5.5118 3.3879e+04   3.392516     0.0639     0.0135    99.6623 2.1114e-04          0     0.5043     0.5142     0.0574     0.1191     4.6362     0.0000     0.0095     0.0000     0.5038     0.5134    34.5341    34.6135    27.2501    27.3160      1.324      1.326      0.423      0.424 0.0000e+00
      25200   1049.952    768.976 -106.85137   16.78576    763.000     5.5309     5.5051 3.3873e+04   3.391941     0.0639     0.0130    99.6751 1.1947e-04          0     0.5043     0.5141     0.0574     0.1197     4.6369     0.0000     0.0091     0.0000     0.5037     0.5138    34.5342    34.6132    27.2510    27.3167      1.298      1.329      0.415      0.425 0.0000e+00
      25218   1050.716    769.986 -106.85136   16.78576    764.000     5.5275     5.5017 3.3870e+04   3.391634     0.0639     0.0126    99.6853 5.1654e-06          0     0.5043     0.5143     0.0574     0.1196     4.6374     0.0000     0.0085     0.0000     0.5038     0.5136    34.5340    34.6128    27.2513    27.3167      1.419      1.281      0.453      0.409 0.0000e+00
      25241   1051.653    770.996 -106.85136   16.78576    765.000     5.5261     5.5001 3.3869e+04   3.391511     0.0639     0.0126    99.6858 1.5356e-03          0     0.5043     0.5142     0.0574     0.1181     4.6374     0.0000     0.0154     0.0000     0.5038     0.5138    34.5339    34.6125    27.2513    27.3167      1.419      1.385      0.453      0.442 0.0000e+00
      25275   1053.083    772.006 -106.85136   16.78576    766.000     5.5238     5.4982 3.3867e+04   3.391371     0.0639     0.0128    99.6813 2.3598e-03          0     0.5044     0.5142     0.0574     0.1184     4.6372     0.0000     0.0188     0.0000     0.5039     0.5137    34.5336    34.6123    27.2514    27.3168      1.387      1.345      0.443      0.430 0.0000e+00
      25313   1054.654    773.015 -106.85136   16.78576    767.000     5.5228     5.4973 3.3867e+04   3.391328     0.0639     0.0130    99.6746 -4.605e-05          0     0.5044     0.5141     0.0574     0.1183     4.6368     0.0000     0.0083     0.0000     0.5041     0.5138    34.5342    34.6123    27.2519    27.3169      1.510      1.407      0.482      0.450 0.0000e+00
      25340   1055.793    774.025 -106.85136   16.78576    768.000     5.5189     5.4931 3.3864e+04   3.391023     0.0639     0.0127    99.6838 1.0000e-12          0     0.5044     0.5143     0.0574     0.1179     4.6373     0.0000     0.0085     0.0000     0.5040     0.5143    34.5336    34.6126    27.2520    27.3176      1.219      1.469      0.390      0.469 0.0000e+00
      25362   1056.710    775.035 -106.85136   16.78576    769.000     5.5140     5.4882 3.3860e+04   3.390628     0.0639     0.0135    99.6620 1.0000e-12          0     0.5045     0.5144     0.0574     0.1179     4.6362     0.0000     0.0085     0.0000     0.5039     0.5138    34.5336    34.6127    27.2525    27.3183      1.508      1.315      0.482      0.420 0.0000e+00
