data/ctd-cnv/KM1919/KM1919-St20-P2/St20_P2_cast59-align-cellTM-derive-bin.cnv
* Sea-Bird SBE 9 Data File:
* FileName = C:\Users\otg\Desktop\CTD Data\km1920\St20_P2_cast59.hex
* Software Version Seasave V 7.26.7.107
* Temperature SN = 5554
* Conductivity SN = 3876
* Number of Bytes Per Scan = 41
* Number of Voltage Words = 4
* Number of Scans Averaged by the Deck Unit = 1
* NMEA Latitude = 16 50.93 N
* NMEA Longitude = 106 51.19 W
* NMEA UTC (Time) = Oct 12 2019  13:09:45
* NMEA baud rate = 4800
** Ship: Kilo Moana
** Station: St20_P2 cast 59
** Operator: gr
# nquan = 34
# nvalues = 399                         
# units = specified
# name 0 = scan: Scan Count
# name 1 = timeS: Time, Elapsed [seconds]
# name 2 = prDM: Pressure, Digiquartz [db]
# name 3 = longitude: Longitude [deg]
# name 4 = latitude: Latitude [deg]
# name 5 = depSMignore: Depth [salt water, m]
# name 6 = t090C: Temperature [ITS-90, deg C]
# name 7 = t190C: Temperature, 2 [ITS-90, deg C]
# name 8 = c0uS/cm: Conductivity [uS/cm]
# name 9 = c1S/m: Conductivity, 2 [S/m]
# name 10 = flECO-AFL: Fluorescence, WET Labs ECO-AFL/FL [mg/m^3]
# name 11 = CStarAt0: Beam Attenuation, WET Labs C-Star [1/m]
# name 12 = CStarTr0: Beam Transmission, WET Labs C-Star [%]
# name 13 = par: PAR/Irradiance, Biospherical/Licor
# name 14 = modError: Modulo Error Count
# name 15 = v0: Voltage 0
# name 16 = v1: Voltage 1
# name 17 = v2: Voltage 2
# name 18 = v3: Voltage 3
# name 19 = v4: Voltage 4
# name 20 = v5: Voltage 5
# name 21 = v6: Voltage 6
# name 22 = v7: Voltage 7
# name 23 = sbeox0V: Oxygen raw, SBE 43 [V]
# name 24 = sbeox1V: Oxygen raw, SBE 43, 2 [V]
# name 25 = sal00: Salinity, Practical [PSU]
# name 26 = sal11: Salinity, Practical, 2 [PSU]
# name 27 = sigma-é00: Density [sigma-theta, kg/m^3]
# name 28 = sigma-é11: Density, 2 [sigma-theta, kg/m^3]
# name 29 = sbeox0Mm/L: Oxygen, SBE 43 [umol/l], WS = 2
# name 30 = sbeox1Mm/L: Oxygen, SBE 43, 2 [umol/l], WS = 2
# name 31 = sbeox0PS: Oxygen, SBE 43 [% saturation], WS = 2
# name 32 = sbeox1PS: Oxygen, SBE 43, 2 [% saturation], WS = 2
# name 33 = flag: flag
# span 0 =         14,      18487       
# span 1 =      0.548,    770.240       
# span 2 =      2.012,    402.780       
# span 3 = -106.85328, -106.85320       
# span 4 =   16.84874,   16.84884       
# span 5 =      2.000,    400.000       
# span 6 =     9.3223,    28.7672       
# span 7 =     9.2905,    28.7235       
# span 8 = 3.7262e+04, 5.6254e+04       
# span 9 =   3.730978,   5.633269       
# span 10 =     0.0475,     1.2433      
# span 11 =     0.0373,     0.1142      
# span 12 =    97.1854,    99.0708      
# span 13 = 6.1015e-05, 3.9860e+01      
# span 14 =          0,          0      
# span 15 =     0.5033,     2.5042      
# span 16 =     0.5137,     2.4952      
# span 17 =     0.0557,     0.1753      
# span 18 =     0.1127,     0.1187      
# span 19 =     4.5211,     4.6088      
# span 20 =     0.0000,     0.0000      
# span 21 =     0.0089,     2.6145      
# span 22 =     0.0000,     0.0000      
# span 23 =     0.5023,     2.5044      
# span 24 =     0.5129,     2.4885      
# span 25 =    34.2643,    34.7810      
# span 26 =    34.3597,    34.8697      
# span 27 =    21.6592,    26.7745      
# span 28 =    21.7402,    26.8419      
# span 29 =      0.717,    229.268      
# span 30 =      0.932,    240.618      
# span 31 =      0.252,    107.507      
# span 32 =      0.326,    112.362      
# span 33 = 0.0000e+00, 0.0000e+00      
# interval = meters: 1                  
# start_time = Oct 12 2019 13:13:30 [NMEA time, first data scan]
# bad_flag = -9.990e-29
*END*
[from data line 43]
       3428    142.778     45.274 -106.85322   16.84874     45.000    24.7886    24.7405 5.2233e+04   5.231265     0.3127     0.0957    97.6346 3.0153e+00          0     2.4882     2.4759     0.0823     0.1150     4.5419     0.0000     1.5070     0.0000     2.4814     2.4650    34.5266    34.6224    23.0504    23.1373    225.168    236.064    105.743    110.830 0.0000e+00
       3450    143.728     46.280 -106.85322   16.84874     46.000    24.6757    24.6325 5.2109e+04   5.219298     0.3139     0.0961    97.6270 2.8532e+00          0     2.4847     2.4695     0.0824     0.1149     4.5416     0.0000     1.4838     0.0000     2.4786     2.4593    34.5204    34.6161    23.0798    23.1651    226.131    236.172    105.987    110.672 0.0000e+00
       3470    144.555     47.286 -106.85322   16.84874     47.000    24.5749    24.5266 5.1999e+04   5.208989     0.3190     0.0956    97.6381 2.6899e+00          0     2.4855     2.4674     0.0829     0.1157     4.5421     0.0000     1.4590     0.0000     2.4786     2.4623    34.5153    34.6204    23.1063    23.2002    226.846    238.133    106.136    111.391 0.0000e+00
       3539    147.421     48.292 -106.85322   16.84874     48.000    24.4611    24.3942 5.1871e+04   5.192037     0.3521     0.0961    97.6267 2.5212e+00          0     2.4825     2.4669     0.0862     0.1153     4.5416     0.0000     1.4319     0.0000     2.4804     2.4693    34.5069    34.5954    23.1340    23.2209    227.238    238.647    106.105    111.362 0.0000e+00
       3633    151.329     49.298 -106.85322   16.84874     49.000    24.2882    24.1480 5.1691e+04   5.165950     0.3671     0.0957    97.6369 2.3870e+00          0     2.4829     2.4764     0.0877     0.1150     4.5420     0.0000     1.4091     0.0000     2.4719     2.4582    34.5048    34.5896    23.1841    23.2899    227.092    238.160    105.723    110.662 0.0000e+00
       3656    152.309     50.305 -106.85322   16.84874     50.000    24.1318    24.0794 5.1509e+04   5.158073     0.3398     0.0954    97.6439 2.2347e+00          0     2.4776     2.4669     0.0850     0.1151     4.5424     0.0000     1.3816     0.0000     2.4729     2.4579    34.4885    34.5831    23.2183    23.3055    228.177    238.682    105.933    110.770 0.0000e+00
       3690    153.698     51.311 -106.85322   16.84874     51.000    24.0133    23.9720 5.1380e+04   5.145876     0.3537     0.0957    97.6349 2.0912e+00          0     2.4735     2.4609     0.0864     0.1149     4.5419     0.0000     1.3541     0.0000     2.4749     2.4562    34.4829    34.5741    23.2492    23.3304    228.942    238.788    106.067    110.608 0.0000e+00
       3757    156.512     52.317 -106.85322   16.84874     52.000    23.9090    23.8542 5.1266e+04   5.132859     0.3857     0.0955    97.6400 1.9493e+00          0     2.4737     2.4570     0.0896     0.1149     4.5422     0.0000     1.3250     0.0000     2.4659     2.4515    34.4771    34.5669    23.2756    23.3598    227.195    238.533    105.065    110.260 0.0000e+00
       3817    158.985     53.323 -106.85322   16.84874     53.000    23.6517    23.6061 5.0983e+04   5.107001     0.3808     0.0947    97.6586 1.8264e+00          0     2.4720     2.4563     0.0891     0.1149     4.5430     0.0000     1.2981     0.0000     2.4516     2.4452    34.4618    34.5636    23.3396    23.4301    226.352    238.499    104.201    109.770 0.0000e+00
       3844    160.128     54.330 -106.85322   16.84874     54.000    23.4913    23.4486 5.0804e+04   5.088798     0.3818     0.0967    97.6130 1.7059e+00          0     2.4645     2.4495     0.0892     0.1150     4.5410     0.0000     1.2701     0.0000     2.4473     2.4362    34.4501    34.5476    23.3777    23.4639    227.624    238.050    104.487    109.253 0.0000e+00
       3875    161.403     55.336 -106.85322   16.84874     55.000    23.2558    23.2114 5.0542e+04   5.063033     0.4078     0.0961    97.6260 1.5924e+00          0     2.4588     2.4471     0.0918     0.1151     4.5415     0.0000     1.2418     0.0000     2.4469     2.4363    34.4336    34.5359    23.4335    23.5239    228.909    240.333    104.636    109.838 0.0000e+00
       3945    164.318     56.342 -106.85322   16.84874     56.000    23.0817    23.1203 5.0349e+04   5.051385     0.4768     0.0966    97.6146 1.4743e+00          0     2.4473     2.4388     0.0987     0.1150     4.5410     0.0000     1.2104     0.0000     2.4407     2.4336    34.4213    34.5176    23.4746    23.5364    228.409    239.331    104.083    109.193 0.0000e+00
       4011    167.078     57.348 -106.85322   16.84874     57.000    22.8917    22.8503 5.0142e+04   5.022667     0.4608     0.0972    97.6001 1.3833e+00          0     2.4418     2.4392     0.0971     0.1162     4.5404     0.0000     1.1845     0.0000     2.4348     2.4237    34.4109    34.5084    23.5213    23.6071    228.781    239.894    103.900    108.929 0.0000e+00
       4053    168.814     58.354 -106.85322   16.84874     58.000    22.7433    22.7024 4.9980e+04   5.006082     0.4685     0.0981    97.5788 1.2877e+00          0     2.4379     2.4261     0.0979     0.1151     4.5394     0.0000     1.1556     0.0000     2.4321     2.4214    34.4015    34.4964    23.5566    23.6403    228.864    240.295    103.661    108.821 0.0000e+00
       4095    170.571     59.361 -106.85322   16.84874     59.000    22.6321    22.5943 4.9859e+04   4.993242     0.4967     0.0985    97.5670 1.1981e+00          0     2.4349     2.4234     0.1006     0.1150     4.5388     0.0000     1.1266     0.0000     2.4275     2.4220    34.3951    34.4819    23.5834    23.6601    229.180    240.618    103.598    108.750 0.0000e+00
       4142    172.540     60.367 -106.85322   16.84874     60.000    22.6330    22.5954 4.9861e+04   4.993348     0.5163     0.0982    97.5739 1.1100e+00          0     2.4312     2.4218     0.1027     0.1160     4.5392     0.0000     1.0959     0.0000     2.4262     2.4180    34.3958    34.4815    23.5838    23.6595    228.998    240.143    103.518    108.538 0.0000e+00
       4197    174.854     61.373 -106.85322   16.84876     61.000    22.6102    22.5722 4.9838e+04   4.991220     0.5256     0.0987    97.5612 1.0243e+00          0     2.4267     2.4195     0.1036     0.1153     4.5386     0.0000     1.0641     0.0000     2.4181     2.4095    34.3959    34.4830    23.5904    23.6673    227.534    238.814    102.815    107.894 0.0000e+00
       4237    176.485     62.380 -106.85322   16.84876     62.000    22.4644    22.4234 4.9678e+04   4.976072     0.5146     0.0983    97.5714 9.5498e-01          0     2.4262     2.4182     0.1025     0.1163     4.5390     0.0000     1.0364     0.0000     2.4123     2.4008    34.3861    34.4826    23.6244    23.7092    227.647    238.135    102.595    107.305 0.0000e+00
       4267    177.758     63.386 -106.85322   16.84876     63.000    22.3363    22.2967 4.9538e+04   4.961564     0.5145     0.0983    97.5729 8.8814e-01          0     2.4206     2.4115     0.1025     0.1152     4.5391     0.0000     1.0079     0.0000     2.4090     2.3988    34.3776    34.4696    23.6541    23.7352    228.718    239.739    102.840    107.777 0.0000e+00
       4356    181.465     64.392 -106.85322   16.84876     64.000    22.3084    22.2731 4.9506e+04   4.957771     0.5978     0.0969    97.6076 8.1725e-01          0     2.4110     2.4017     0.1108     0.1150     4.5407     0.0000     0.9757     0.0000     2.4084     2.4001    34.3741    34.4584    23.6594    23.7333    228.102    239.437    102.510    107.589 0.0000e+00
       4426    184.394     65.398 -106.85322   16.84876     65.000    22.1511    22.1337 4.9338e+04   4.944868     0.5842     0.0970    97.6054 7.4859e-01          0     2.4111     2.4015     0.1094     0.1147     4.5406     0.0000     0.9418     0.0000     2.3904     2.3903    34.3670    34.4678    23.6983    23.7797    224.598    237.712    100.650    106.557 0.0000e+00
       4446    185.200     66.405 -106.85322   16.84876     66.000    22.1417    22.1043 4.9328e+04   4.939991     0.5583     0.0968    97.6103 7.0188e-01          0     2.4078     2.3993     0.1068     0.1152     4.5408     0.0000     0.9171     0.0000     2.3807     2.3814    34.3666    34.4526    23.7007    23.7764    224.841    236.677    100.742    106.028 0.0000e+00
       4463    185.910     67.411 -106.85322   16.84876     67.000    22.1067    22.0644 4.9290e+04   4.936976     0.5467     0.0967    97.6119 6.5537e-01          0     2.4063     2.3956     0.1056     0.1151     4.5409     0.0000     0.8911     0.0000     2.3803     2.3761    34.3642    34.4604    23.7087    23.7936    226.743    237.091    101.530    106.143 0.0000e+00
       4483    186.747     68.417 -106.85322   16.84876     68.000    21.8992    21.8518 4.9058e+04   4.914214     0.5309     0.0959    97.6300 5.9295e-01          0     2.4024     2.3953     0.1041     0.1151     4.5417     0.0000     0.8535     0.0000     2.3844     2.3773    34.3463    34.4505    23.7530    23.8454    229.268    239.395    102.271    106.763 0.0000e+00
       4587    191.088     69.424 -106.85322   16.84876     69.000    21.9071    21.8494 4.9069e+04   4.910218     0.6105     0.0948    97.6578 5.3897e-01          0     2.3885     2.3874     0.1120     0.1150     4.5430     0.0000     0.8187     0.0000     2.3852     2.3799    34.3490    34.4207    23.7529    23.8234    227.202    239.034    101.362    106.578 0.0000e+00
       4670    194.557     70.430 -106.85322   16.84876     70.000    21.8370    21.8218 4.8997e+04   4.912133     0.5860     0.0945    97.6648 5.0149e-01          0     2.3985     2.3866     0.1096     0.1153     4.5433     0.0000     0.7920     0.0000     2.3569     2.3561    34.3473    34.4574    23.7711    23.8590    222.195    234.701     99.007    104.618 0.0000e+00
       4690    195.366     71.436 -106.85322   16.84876     71.000    21.5253    21.4839 4.8652e+04   4.873697     0.5569     0.0946    97.6632 4.5645e-01          0     2.3894     2.3824     0.1067     0.1154     4.5432     0.0000     0.7582     0.0000     2.3482     2.3498    34.3233    34.4235    23.8391    23.9267    224.274    236.279     99.364    104.667 0.0000e+00
       4713    196.318     72.443 -106.85322   16.84876     72.000    21.4145    21.3704 4.8531e+04   4.861207     0.5376     0.0933    97.6946 4.1986e-01          0     2.3753     2.3728     0.1048     0.1153     4.5448     0.0000     0.7285     0.0000     2.3522     2.3491    34.3154    34.4149    23.8636    23.9514    227.538    237.688    100.605    105.071 0.0000e+00
       4820    200.799     73.449 -106.85322   16.84876     73.000    21.4823    21.4011 4.8603e+04   4.861589     0.6533     0.0955    97.6403 3.8304e-01          0     2.3585     2.3576     0.1163     0.1148     4.5422     0.0000     0.6970     0.0000     2.3470     2.3471    34.3180    34.3930    23.8470    23.9263    223.636    236.800     98.997    104.722 0.0000e+00
       4892    203.776     74.455 -106.85322   16.84876     74.000    21.3340    21.3023 4.8446e+04   4.855479     0.5751     0.0933    97.6964 3.6495e-01          0     2.3663     2.3647     0.1085     0.1150     4.5449     0.0000     0.6799     0.0000     2.2990     2.3079    34.3115    34.4233    23.8828    23.9764    215.030    228.737     94.936    100.996 0.0000e+00
       4906    204.361     75.462 -106.85322   16.84876     75.000    21.1130    21.0648 4.8208e+04   4.829776     0.5759     0.0945    97.6658 3.2694e-01          0     2.3588     2.3585     0.1086     0.1150     4.5434     0.0000     0.6428     0.0000     2.2897     2.2953    34.2986    34.4090    23.9333    24.0304    216.918    229.160     95.382    100.742 0.0000e+00
       4922    205.030     76.468 -106.85322   16.84876     76.000    20.9641    20.9184 4.8054e+04   4.813920     0.5993     0.0959    97.6311 2.9510e-01          0     2.3503     2.3500     0.1109     0.1151     4.5418     0.0000     0.6090     0.0000     2.2839     2.2881    34.2950    34.3996    23.9709    24.0629    219.243    230.561     96.143    101.085 0.0000e+00
       4991    207.922     77.474 -106.85322   16.84876     77.000    20.9576    20.9376 4.8048e+04   4.813545     0.7462     0.0979    97.5824 2.5760e-01          0     2.3142     2.3160     0.1256     0.1150     4.5395     0.0000     0.5654     0.0000     2.3009     2.2991    34.2941    34.3806    23.9719    24.0431    222.636    233.179     97.605    102.250 0.0000e+00
       5098    212.395     78.481 -106.85322   16.84876     78.000    20.9657    20.8806 4.8063e+04   4.811608     0.6958     0.0951    97.6501 2.3301e-01          0     2.3397     2.3304     0.1206     0.1148     4.5426     0.0000     0.5344     0.0000     2.2173     2.2366    34.3001    34.4109    23.9744    24.0818    202.750    218.389     88.916     95.690 0.0000e+00
       5114    213.032     79.487 -106.85322   16.84876     79.000    20.4518    20.4678 4.7508e+04   4.772378     0.6971     0.0989    97.5577 2.0428e-01          0     2.3330     2.3261     0.1207     0.1152     4.5384     0.0000     0.4953     0.0000     2.1973     2.2129    34.2668    34.4287    24.0870    24.2060    205.304    217.553     89.182     94.622 0.0000e+00
       5130    213.694     80.493 -106.85322   16.84876     80.000    20.2214    20.1748 4.7275e+04   4.737159     0.8479     0.1076    97.3458 1.7939e-01          0     2.3136     2.3155     0.1358     0.1151     4.5285     0.0000     0.4580     0.0000     2.1874     2.1932    34.2643    34.3811    24.1462    24.2476    209.586    218.434     90.659     94.472 0.0000e+00
       5203    216.765     81.500 -106.85322   16.84876     81.000    20.3318    20.2914 4.7395e+04   4.746275     1.1505     0.1142    97.1854 1.5221e-01          0     2.2401     2.2456     0.1661     0.1151     4.5211     0.0000     0.4133     0.0000     2.2243     2.2161    34.2721    34.3597    24.1227    24.2001    216.701    226.048     93.906     97.951 0.0000e+00
       5302    220.878     82.506 -106.85320   16.84876     82.000    20.4462    20.2442 4.7515e+04   4.744454     0.9955     0.1089    97.3154 1.3867e-01          0     2.2834     2.2693     0.1506     0.1150     4.5271     0.0000     0.3894     0.0000     2.1198     2.1469    34.2760    34.3832    24.0956    24.2310    184.937    205.718     80.331     89.087 0.0000e+00
       5326    221.890     83.513 -106.85320   16.84876     83.000    19.9739    19.8859 4.7035e+04   4.708483     1.1671     0.1133    97.2078 1.2244e-01          0     2.2665     2.2594     0.1677     0.1153     4.5221     0.0000     0.3585     0.0000     2.0615     2.0935    34.2692    34.3819    24.2151    24.3242    182.070    200.206     78.404     86.133 0.0000e+00
       5355    223.097     84.519 -106.85320   16.84876     84.000    19.6381    19.5927 4.6715e+04   4.680147     1.2433     0.1127    97.2232 1.0630e-01          0     2.2117     2.2184     0.1753     0.1148     4.5228     0.0000     0.3257     0.0000     2.0100     2.0362    34.2811    34.3893    24.3119    24.4061    181.599    196.166     77.725     83.944 0.0000e+00
       5405    225.152     85.525 -106.85320   16.84876     85.000    19.4199    19.3824 4.6502e+04   4.657731     1.2153     0.1033    97.4518 8.4755e-02          0     2.0801     2.1084     0.1725     0.1151     4.5335     0.0000     0.2773     0.0000     1.9713     1.9845    34.2841    34.3771    24.3706    24.4512    185.805    195.475     79.205     83.316 0.0000e+00
       5535    230.587     86.531 -106.85320   16.84876     86.000    19.5459    19.5878 4.6637e+04   4.677259     1.1544     0.0987    97.5623 6.8953e-02          0     1.9342     1.9384     0.1664     0.1149     4.5386     0.0000     0.2389     0.0000     1.9565     1.9845    34.2912    34.3688    24.3435    24.3918    175.421    194.041     74.955     83.011 0.0000e+00
