data/ctd-cnv/KM1919/KM1919-St20-P2/St20_P2_cast52-align-cellTM-derive-bin.cnv
* Sea-Bird SBE 9 Data File:
* FileName = C:\Users\otg\Desktop\CTD Data\km1920\St20_P2_cast52.hex
* Software Version Seasave V 7.26.7.107
* Temperature SN = 5554
* Conductivity SN = 3876
* Number of Bytes Per Scan = 41
* Number of Voltage Words = 4
* Number of Scans Averaged by the Deck Unit = 1
* NMEA Latitude = 16 47.72 N
* NMEA Longitude = 106 52.21 W
* NMEA UTC (Time) = Oct 10 2019  23:58:30
* NMEA baud rate = 4800
** Ship: Kilo Moana
** Station: St20_P2 cast 52
** Operator: jac
# nquan = 34
# nvalues = 200                         
# units = specified
# name 0 = scan: Scan Count
# name 1 = timeS: Time, Elapsed [seconds]
# name 2 = prDM: Pressure, Digiquartz [db]
# name 3 = longitude: Longitude [deg]
# name 4 = latitude: Latitude [deg]
# name 5 = depSMignore: Depth [salt water, m]
# name 6 = t090C: Temperature [ITS-90, deg C]
# name 7 = t190C: Temperature, 2 [ITS-90, deg C]
# name 8 = c0uS/cm: Conductivity [uS/cm]
# name 9 = c1S/m: Conductivity, 2 [S/m]
# name 10 = flECO-AFL: Fluorescence, WET Labs ECO-AFL/FL [mg/m^3]
# name 11 = CStarAt0: Beam Attenuation, WET Labs C-Star [1/m]
# name 12 = CStarTr0: Beam Transmission, WET Labs C-Star [%]
# name 13 = par: PAR/Irradiance, Biospherical/Licor
# name 14 = modError: Modulo Error Count
# name 15 = v0: Voltage 0
# name 16 = v1: Voltage 1
# name 17 = v2: Voltage 2
# name 18 = v3: Voltage 3
# name 19 = v4: Voltage 4
# name 20 = v5: Voltage 5
# name 21 = v6: Voltage 6
# name 22 = v7: Voltage 7
# name 23 = sbeox0V: Oxygen raw, SBE 43 [V]
# name 24 = sbeox1V: Oxygen raw, SBE 43, 2 [V]
# name 25 = sal00: Salinity, Practical [PSU]
# name 26 = sal11: Salinity, Practical, 2 [PSU]
# name 27 = sigma-é00: Density [sigma-theta, kg/m^3]
# name 28 = sigma-é11: Density, 2 [sigma-theta, kg/m^3]
# name 29 = sbeox0Mm/L: Oxygen, SBE 43 [umol/l], WS = 2
# name 30 = sbeox1Mm/L: Oxygen, SBE 43, 2 [umol/l], WS = 2
# name 31 = sbeox0PS: Oxygen, SBE 43 [% saturation], WS = 2
# name 32 = sbeox1PS: Oxygen, SBE 43, 2 [% saturation], WS = 2
# name 33 = flag: flag
# span 0 =        666,      11770       
# span 1 =     27.726,    490.379       
# span 2 =      4.024,    204.313       
# span 3 = -106.87007, -106.86984       
# span 4 =   16.79553,   16.79577       
# span 5 =      4.000,    203.000       
# span 6 =    12.1185,    29.0616       
# span 7 =    12.0754,    29.0248       
# span 8 = 3.9963e+04, 5.6318e+04       
# span 9 =   4.000579,   5.639986       
# span 10 =     0.0643,     1.6613      
# span 11 =     0.0283,     0.1138      
# span 12 =    97.1960,    99.2941      
# span 13 = 7.2061e-04, 2.8830e+01      
# span 14 =          0,          0      
# span 15 =     0.5043,     2.5170      
# span 16 =     0.5160,     2.5048      
# span 17 =     0.0574,     0.2171      
# span 18 =     0.1130,     0.1179      
# span 19 =     4.5216,     4.6191      
# span 20 =     0.0000,     0.0000      
# span 21 =     0.0120,     2.4742      
# span 22 =     0.0000,     0.0000      
# span 23 =     0.5034,     2.5145      
# span 24 =     0.5153,     2.5032      
# span 25 =    34.1609,    34.7811      
# span 26 =    34.2415,    34.8720      
# span 27 =    21.4141,    26.3894      
# span 28 =    21.4867,    26.4610      
# span 29 =      0.978,    230.652      
# span 30 =      1.208,    241.161      
# span 31 =      0.365,    107.927      
# span 32 =      0.447,    113.299      
# span 33 = 0.0000e+00, 0.0000e+00      
# interval = meters: 1                  
# start_time = Oct 11 2019 00:09:56 [NMEA time, first data scan]
# bad_flag = -9.990e-29
*END*
[from data line 43]
       3476    144.778     47.286 -106.87004   16.79558     47.000    24.1734    24.1289 5.1558e+04   5.163411     0.4837     0.0901    97.7727 2.5416e+00          0     2.4808     2.4719     0.0994     0.1160     4.5484     0.0000     1.4354     0.0000     2.4717     2.4613    34.4945    34.5860    23.2103    23.2927    227.369    238.619    105.637    110.837 0.0000e+00
       3515    146.423     48.292 -106.87004   16.79560     48.000    24.0147    23.9690 5.1382e+04   5.145845     0.4737     0.0906    97.7617 2.3939e+00          0     2.4750     2.4661     0.0984     0.1160     4.5479     0.0000     1.4103     0.0000     2.4719     2.4585    34.4841    34.5772    23.2495    23.3335    228.411    238.772    105.824    110.597 0.0000e+00
       3542    147.536     49.298 -106.87004   16.79560     49.000    23.9191    23.8766 5.1276e+04   5.136062     0.4601     0.0899    97.7761 2.2460e+00          0     2.4731     2.4614     0.0970     0.1172     4.5485     0.0000     1.3837     0.0000     2.4706     2.4566    34.4777    34.5747    23.2729    23.3589    228.390    239.202    105.637    110.618 0.0000e+00
       3574    148.893     50.305 -106.87004   16.79560     50.000    23.8028    23.7664 5.1147e+04   5.123423     0.4630     0.0890    97.8001 2.0952e+00          0     2.4709     2.4618     0.0973     0.1172     4.5497     0.0000     1.3548     0.0000     2.4711     2.4576    34.4704    34.5643    23.3016    23.3835    229.616    240.366    105.985    110.937 0.0000e+00
       3673    153.010     51.311 -106.87002   16.79560     51.000    23.8006    23.7116 5.1147e+04   5.116578     0.5218     0.0897    97.7836 1.9417e+00          0     2.4726     2.4591     0.1032     0.1159     4.5489     0.0000     1.3235     0.0000     2.4668     2.4564    34.4714    34.5548    23.3031    23.3924    227.865    239.620    105.173    110.482 0.0000e+00
       3753    156.350     52.317 -106.87002   16.79560     52.000    23.5411    23.4717 5.0859e+04   5.092145     0.5132     0.0902    97.7686 1.8425e+00          0     2.4701     2.4565     0.1023     0.1160     4.5482     0.0000     1.3018     0.0000     2.4481     2.4384    34.4538    34.5557    23.3658    23.4632    226.826    237.661    104.213    109.123 0.0000e+00
       3775    157.254     53.323 -106.87002   16.79560     53.000    23.3151    23.2644 5.0607e+04   5.070263     0.4873     0.0914    97.7407 1.7273e+00          0     2.4631     2.4519     0.0997     0.1151     4.5469     0.0000     1.2752     0.0000     2.4430     2.4327    34.4372    34.5504    23.4190    23.5194    226.544    238.454    103.665    109.089 0.0000e+00
       3796    158.117     54.329 -106.87002   16.79560     54.000    23.0371    22.9928 5.0296e+04   5.038914     0.4791     0.0924    97.7171 1.6208e+00          0     2.4572     2.4516     0.0989     0.1162     4.5458     0.0000     1.2491     0.0000     2.4351     2.4291    34.4164    34.5226    23.4836    23.5768    227.637    239.326    103.647    108.952 0.0000e+00
       3817    158.980     55.336 -106.87002   16.79560     55.000    22.9108    22.8661 5.0157e+04   5.024451     0.4852     0.0924    97.7158 1.5113e+00          0     2.4513     2.4457     0.0995     0.1166     4.5457     0.0000     1.2204     0.0000     2.4375     2.4269    34.4080    34.5104    23.5135    23.6039    230.652    240.535    104.783    109.251 0.0000e+00
       3891    162.092     56.342 -106.87002   16.79560     56.000    22.8726    22.7900 5.0118e+04   5.014547     0.5655     0.0909    97.7523 1.3841e+00          0     2.4452     2.4354     0.1075     0.1159     4.5474     0.0000     1.1845     0.0000     2.4424     2.4331    34.4074    34.4935    23.5239    23.6129    229.687    241.161    104.272    109.378 0.0000e+00
       4005    166.819     57.348 -106.87002   16.79560     57.000    22.7642    22.6814 5.0007e+04   5.005052     0.6282     0.0901    97.7713 1.2807e+00          0     2.4500     2.4406     0.1138     0.1158     4.5483     0.0000     1.1534     0.0000     2.4095     2.4052    34.4062    34.5054    23.5541    23.6530    223.897    235.715    101.452    106.713 0.0000e+00
       4023    167.566     58.354 -106.87002   16.79560     58.000    22.4493    22.4133 4.9661e+04   4.976117     0.5756     0.0888    97.8056 1.1965e+00          0     2.4418     2.4346     0.1086     0.1172     4.5499     0.0000     1.1260     0.0000     2.3997     2.3909    34.3862    34.4923    23.6285    23.7192    224.828    236.054    101.298    106.354 0.0000e+00
       4043    168.412     59.360 -106.87002   16.79560     59.000    22.3080    22.2575 4.9505e+04   4.959558     0.5761     0.0891    97.7971 1.1078e+00          0     2.4318     2.4274     0.1086     0.1171     4.5495     0.0000     1.0952     0.0000     2.3941     2.3857    34.3760    34.4863    23.6607    23.7586    225.744    236.889    101.451    106.432 0.0000e+00
       4065    169.315     60.367 -106.87002   16.79560     60.000    22.0866    22.0412 4.9262e+04   4.934824     0.6007     0.0927    97.7101 1.0291e+00          0     2.4203     2.4179     0.1111     0.1149     4.5455     0.0000     1.0659     0.0000     2.3905     2.3807    34.3604    34.4644    23.7110    23.8027    226.455    237.105    101.362    106.108 0.0000e+00
       4092    170.473     61.373 -106.87002   16.79560     61.000    21.9223    21.8792 4.9081e+04   4.916533     0.6656     0.0944    97.6692 9.4901e-01          0     2.4066     2.3995     0.1175     0.1170     4.5436     0.0000     1.0339     0.0000     2.3859     2.3758    34.3489    34.4493    23.7482    23.8365    227.014    238.087    101.309    106.231 0.0000e+00
       4153    173.010     62.379 -106.87002   16.79560     62.000    21.8229    21.8013 4.8974e+04   4.906393     0.7407     0.0923    97.7192 8.7133e-01          0     2.3903     2.3811     0.1251     0.1157     4.5459     0.0000     1.0004     0.0000     2.3812     2.3733    34.3432    34.4313    23.7715    23.8445    227.152    238.075    101.188    106.067 0.0000e+00
       4241    176.652     63.386 -106.87002   16.79560     63.000    21.7154    21.6874 4.8858e+04   4.895048     0.7819     0.0926    97.7103 7.8605e-01          0     2.3806     2.3729     0.1292     0.1160     4.5455     0.0000     0.9605     0.0000     2.3709     2.3663    34.3373    34.4323    23.7969    23.8769    225.563    237.178    100.284    105.454 0.0000e+00
       4295    178.932     64.392 -106.87001   16.79560     64.000    21.5361    21.4924 4.8662e+04   4.873829     0.7765     0.0924    97.7172 7.2111e-01          0     2.3768     2.3709     0.1286     0.1152     4.5458     0.0000     0.9275     0.0000     2.3590     2.3520    34.3244    34.4201    23.8366    23.9214    225.004    236.174     99.708    104.634 0.0000e+00
       4336    180.636     65.398 -106.87000   16.79560     65.000    21.4117    21.3722 4.8525e+04   4.859955     0.7695     0.0908    97.7549 6.7202e-01          0     2.3678     2.3632     0.1279     0.1153     4.5475     0.0000     0.9006     0.0000     2.3483     2.3466    34.3149    34.4059    23.8636    23.9437    224.394    236.288     99.210    104.450 0.0000e+00
       4375    182.265     66.405 -106.87000   16.79560     66.000    21.3100    21.2635 4.8409e+04   4.847765     0.7696     0.0893    97.7934 6.1859e-01          0     2.3599     2.3525     0.1280     0.1152     4.5494     0.0000     0.8694     0.0000     2.3468     2.3414    34.3038    34.3958    23.8831    23.9658    226.081    236.402     99.767    104.291 0.0000e+00
       4413    183.837     67.411 -106.87000   16.79560     67.000    21.2314    21.1958 4.8317e+04   4.839215     0.7728     0.0900    97.7757 5.6515e-01          0     2.3500     2.3476     0.1283     0.1150     4.5485     0.0000     0.8357     0.0000     2.3473     2.3404    34.2929    34.3817    23.8963    23.9735    226.079    236.871     99.619    104.362 0.0000e+00
       4475    186.427     68.417 -106.87000   16.79560     68.000    21.1644    21.1295 4.8239e+04   4.831380     0.8346     0.0897    97.7835 5.0884e-01          0     2.3471     2.3413     0.1344     0.1179     4.5489     0.0000     0.7972     0.0000     2.3399     2.3367    34.2844    34.3721    23.9081    23.9844    223.739    236.071     98.464    103.880 0.0000e+00
       4552    189.625     69.423 -106.87000   16.79560     69.000    21.0044    20.9601 4.8070e+04   4.814732     0.8705     0.0897    97.7827 4.5977e-01          0     2.3429     2.3379     0.1380     0.1152     4.5489     0.0000     0.7607     0.0000     2.2760     2.2912    34.2773    34.3750    23.9461    24.0325    210.183    226.284     92.230     99.273 0.0000e+00
       4603    191.763     70.430 -106.87000   16.79560     70.000    20.5738    20.5313 4.7647e+04   4.772912     0.9405     0.0969    97.6053 4.2555e-01          0     2.3192     2.3258     0.1450     0.1151     4.5406     0.0000     0.7333     0.0000     2.2017     2.2206    34.2841    34.3847    24.0673    24.1552    199.414    218.078     86.828     94.936 0.0000e+00
       4640    193.273     71.436 -106.87000   16.79562     71.000    20.1409    20.0893 4.7185e+04   4.728144     1.2070     0.1101    97.2856 3.8950e-01          0     2.2688     2.2853     0.1717     0.1162     4.5257     0.0000     0.7023     0.0000     2.0957     2.1492    34.2599    34.3805    24.1636    24.2691    177.299    203.770     76.585     87.999 0.0000e+00
       4681    195.017     72.442 -106.87000   16.79562     72.000    19.9796    19.9424 4.7088e+04   4.716021     1.4367     0.1138    97.1960 3.5144e-01          0     2.2078     2.2282     0.1947     0.1162     4.5216     0.0000     0.6670     0.0000     1.9671     2.0176    34.3122    34.4012    24.2460    24.3236    168.074    187.488     72.404     80.754 0.0000e+00
       4747    197.766     73.449 -106.87000   16.79562     73.000    19.9367    19.8992 4.7108e+04   4.717793     1.6613     0.1119    97.2423 3.0791e-01          0     2.0154     2.0741     0.2171     0.1162     4.5237     0.0000     0.6230     0.0000     1.8256     1.8651    34.3626    34.4508    24.2957    24.3729    156.804    171.335     67.514     73.759 0.0000e+00
       4795    199.743     74.455 -106.87000   16.79562     74.000    19.7660    19.7232 4.6947e+04   4.702726     1.5441     0.1061    97.3825 2.6962e-01          0     1.8990     1.9425     0.2054     0.1172     4.5302     0.0000     0.5801     0.0000     1.7928     1.8074    34.3706    34.4714    24.3465    24.4345    161.638    170.538     69.382     73.187 0.0000e+00
       4833    201.316     75.461 -106.87000   16.79562     75.000    19.4573    19.4125 4.6608e+04   4.669198     1.4950     0.0989    97.5591 2.2999e-01          0     1.8217     1.8620     0.2005     0.1154     4.5385     0.0000     0.5305     0.0000     1.7746     1.7938    34.3442    34.4506    24.4063    24.4992    154.384    168.770     65.883     72.007 0.0000e+00
       4865    202.684     76.468 -106.87000   16.79562     76.000    19.2758    19.2377 4.6424e+04   4.649624     1.3244     0.0922    97.7214 1.9199e-01          0     1.7967     1.8158     0.1834     0.1152     4.5460     0.0000     0.4768     0.0000     1.7178     1.7542    34.3412    34.4326    24.4508    24.5304    143.434    159.230     61.002     67.709 0.0000e+00
       4921    204.986     77.474 -106.87000   16.79562     77.000    19.3245    19.2837 4.6503e+04   4.656827     1.2667     0.0911    97.7476 1.6300e-01          0     1.7553     1.7797     0.1776     0.1151     4.5472     0.0000     0.4313     0.0000     1.6796     1.6873    34.3660    34.4540    24.4573    24.5349    145.557    153.791     61.970     65.460 0.0000e+00
       5008    208.635     78.480 -106.86998   16.79562     78.000    19.2092    19.1385 4.6402e+04   4.645158     1.2477     0.0879    97.8280 1.4168e-01          0     1.6756     1.6734     0.1758     0.1163     4.5510     0.0000     0.3949     0.0000     1.6061     1.6206    34.3770    34.4770    24.4952    24.5897    134.036    145.793     56.946     61.897 0.0000e+00
       5041    210.011     79.487 -106.86998   16.79562     79.000    18.9844    18.9438 4.6173e+04   4.624785     1.0993     0.0858    97.8785 1.2545e-01          0     1.6619     1.6623     0.1609     0.1152     4.5533     0.0000     0.3645     0.0000     1.5724     1.5930    34.3726    34.4686    24.5492    24.6329    129.173    141.911     54.651     60.028 0.0000e+00
       5070    211.201     80.493 -106.86998   16.79562     80.000    18.7814    18.7348 4.5963e+04   4.604616     1.0410     0.0821    97.9682 1.0795e-01          0     1.6282     1.6383     0.1551     0.1152     4.5575     0.0000     0.3289     0.0000     1.5307     1.5608    34.3651    34.4735    24.5948    24.6895    123.313    136.714     51.971     57.607 0.0000e+00
       5100    212.478     81.500 -106.86998   16.79562     81.000    18.4182    18.3742 4.5606e+04   4.568965     0.9448     0.0807    98.0034 9.0549e-02          0     1.5973     1.6138     0.1455     0.1153     4.5591     0.0000     0.2911     0.0000     1.4986     1.5252    34.3673    34.4747    24.6876    24.7807    124.763    134.319     52.226     56.216 0.0000e+00
       5165    215.183     82.506 -106.86998   16.79562     82.000    18.4016    18.3767 4.5595e+04   4.567368     0.8873     0.0713    98.2326 7.4579e-02          0     1.5251     1.5496     0.1397     0.1150     4.5698     0.0000     0.2526     0.0000     1.4846     1.5047    34.3715    34.4588    24.6949    24.7679    124.685    134.229     52.175     56.175 0.0000e+00
       5241    218.329     83.512 -106.86998   16.79562     83.000    18.3347    18.3180 4.5540e+04   4.563817     0.8981     0.0703    98.2579 5.9976e-02          0     1.4906     1.5063     0.1408     0.1152     4.5709     0.0000     0.2147     0.0000     1.4170     1.4529    34.3806    34.4776    24.7186    24.7969    106.702    121.528     44.600     50.810 0.0000e+00
       5266    219.361     84.519 -106.86998   16.79562     84.000    18.2631    18.2253 4.5485e+04   4.555268     0.7702     0.0683    98.3067 5.3369e-02          0     1.4923     1.5074     0.1280     0.1150     4.5732     0.0000     0.1961     0.0000     1.3680     1.4091    34.3933    34.4827    24.7461    24.8239    100.781    114.559     42.071     47.814 0.0000e+00
       5289    220.339     85.525 -106.86998   16.79562     85.000    18.1620    18.1189 4.5397e+04   4.547214     0.7235     0.0660    98.3623 4.4365e-02          0     1.4693     1.4956     0.1233     0.1148     4.5758     0.0000     0.1697     0.0000     1.3350     1.3700    34.4032    34.5036    24.7787    24.8662    102.531    111.409     42.722     46.412 0.0000e+00
       5350    222.886     86.531 -106.86998   16.79563     86.000    18.0428    18.0113 4.5284e+04   4.535205     0.6944     0.0608    98.4909 3.3996e-02          0     1.3804     1.4113     0.1204     0.1149     4.5818     0.0000     0.1368     0.0000     1.3263     1.3487    34.4070    34.4917    24.8110    24.8835    104.487    113.440     43.436     47.157 0.0000e+00
       5435    226.410     87.538 -106.86998   16.79564     87.000    17.8677    17.8716 4.5121e+04   4.525452     0.7367     0.0587    98.5439 2.5836e-02          0     1.3369     1.3457     0.1247     0.1150     4.5843     0.0000     0.1096     0.0000     1.2459     1.2903    34.4152    34.5263    24.8600    24.9442     86.586     99.367     35.881     41.210 0.0000e+00
       5461    227.509     88.544 -106.86998   16.79564     88.000    17.5674    17.5278 4.4840e+04   4.491573     0.6228     0.0534    98.6728 2.1158e-02          0     1.3310     1.3530     0.1133     0.1148     4.5903     0.0000     0.0929     0.0000     1.2118     1.2477    34.4285    34.5271    24.9434    25.0286     87.015     96.057     35.856     39.575 0.0000e+00
