data/ctd-cnv/RR1804/Station32_cast49.cnv
* Sea-Bird SBE 9 Data File:
* FileName = C:\CTD\RR1805\Station32_cast49.hex
* Software Version Seasave V 7.26.6.26
* Temperature SN = 4307
* Conductivity SN = 4650
* Number of Bytes Per Scan = 44
* Number of Voltage Words = 5
* Number of Scans Averaged by the Deck Unit = 1
* NMEA Latitude = 16 59.75 N
* NMEA Longitude = 107 03.26 W
* NMEA UTC (Time) = Apr 18 2018 22:05:25
** Ship: Revell
** Station: 32 (P2)
** Operator: Clara
** cast 49
# nquan = 32
# nvalues = 202                         
# units = specified
# name 0 = timeS: Time, Elapsed [seconds]
# name 1 = scan: Scan Count
# name 2 = prDM: Pressure, Digiquartz [db]
# name 3 = longitude: Longitude [deg]
# name 4 = latitude: Latitude [deg]
# name 5 = depSMignore: Depth [salt water, m]
# name 6 = t090C: Temperature [ITS-90, deg C]
# name 7 = t190C: Temperature, 2 [ITS-90, deg C]
# name 8 = c0S/m: Conductivity [S/m]
# name 9 = c1S/m: Conductivity, 2 [S/m]
# name 10 = flSP: Fluorescence, Seapoint
# name 11 = CStarAt0: Beam Attenuation, WET Labs C-Star [1/m]
# name 12 = CStarTr0: Beam Transmission, WET Labs C-Star [%]
# name 13 = par: PAR/Irradiance, Biospherical/Licor
# name 14 = modError: Modulo Error Count
# name 15 = v0: Voltage 0
# name 16 = v1: Voltage 1
# name 17 = v2: Voltage 2
# name 18 = v3: Voltage 3
# name 19 = v4: Voltage 4
# name 20 = v5: Voltage 5
# name 21 = v6: Voltage 6
# name 22 = v7: Voltage 7
# name 23 = sbeox0V: Oxygen raw, SBE 43 [V]
# name 24 = sal00: Salinity, Practical [PSU]
# name 25 = sal11: Salinity, Practical, 2 [PSU]
# name 26 = sigma-é00: Density [sigma-theta, kg/m^3]
# name 27 = sigma-é11: Density, 2 [sigma-theta, kg/m^3]
# name 28 = sbeox0Mg/L: Oxygen, SBE 43 [mg/l], WS = 2
# name 29 = sbox0Mm/Kg: Oxygen, SBE 43 [umol/kg], WS = 2
# name 30 = sbeox0PS: Oxygen, SBE 43 [% saturation], WS = 2
# name 31 = flag: flag
# span 0 =     40.630,    656.692       
# span 1 =        976,      15762       
# span 2 =      1.006,    203.308       
# span 3 = -107.05448, -107.05444       
# span 4 =   16.99588,   16.99596       
# span 5 =      1.000,    202.000       
# span 6 =    11.9079,    27.2191       
# span 7 =    11.9045,    27.2221       
# span 8 =   3.976519,   5.442950       
# span 9 =   3.976387,   5.662647       
# span 10 = 6.0893e-02, 1.3422e+00      
# span 11 =    11.4185,    14.8409      
# span 12 =     4.1023,     4.6662      
# span 13 = 5.0662e-02, 5.7508e+02      
# span 14 =          0,          0      
# span 15 =     4.1023,     4.6662      
# span 16 =     0.0203,     0.4474      
# span 17 =     0.5074,     2.8850      
# span 18 =     0.0000,     0.0000      
# span 19 =     0.3366,     5.0539      
# span 20 =     0.0000,     0.0000      
# span 21 =     0.0048,     3.8346      
# span 22 =     0.0000,     0.0000      
# span 23 =     0.5066,     2.8850      
# span 24 =    34.1653,    34.8019      
# span 25 =    34.1592,    35.8830      
# span 26 =    22.0709,    26.4324      
# span 27 =    22.0699,    26.4345      
# span 28 =     0.0309,     6.9608      
# span 29 =      0.941,    212.638      
# span 30 =      0.356,    104.200      
# span 31 = 0.0000e+00, 0.0000e+00      
# interval = meters: 1                  
# start_time = Apr 18 2018 22:05:30 [System UTC, first data scan.]
# bad_flag = -9.990e-29
*END*
[from data line 182]
    504.988      12121    184.176 -107.05446   16.99596    183.000    12.1356    12.1347   3.998705   3.998683 7.2376e-02    12.3420     4.5707 5.0671e-02          0     4.5707     0.0241     0.5092     0.0000     4.6599     0.0000     0.0049     0.0000     0.5083    34.7814    34.7820    26.3979    26.3986     0.0386      1.175      0.447 0.0000e+00
    506.093      12147    185.183 -107.05446   16.99596    184.000    12.1004    12.1007   3.995240   3.995398 7.2625e-02    12.3414     4.5714 5.0671e-02          0     4.5714     0.0242     0.5093     0.0000     4.6602     0.0000     0.0049     0.0000     0.5084    34.7801    34.7814    26.4037    26.4047     0.0391      1.190      0.452 0.0000e+00
    506.971      12168    186.190 -107.05446   16.99596    185.000    12.0964    12.0970   3.994886   3.995095 7.1313e-02    12.3417     4.5711 5.0671e-02          0     4.5711     0.0238     0.5093     0.0000     4.6596     0.0000     0.0049     0.0000     0.5084    34.7800    34.7814    26.4044    26.4054     0.0389      1.184      0.450 0.0000e+00
    507.752      12187    187.197 -107.05446   16.99596    186.000    12.0958    12.0964   3.994893   3.995096 7.1851e-02    12.3416     4.5711 5.0671e-02          0     4.5711     0.0239     0.5092     0.0000     4.6600     0.0000     0.0049     0.0000     0.5083    34.7801    34.7815    26.4046    26.4057     0.0389      1.184      0.450 0.0000e+00
    508.490      12205    188.204 -107.05446   16.99596    187.000    12.0924    12.0928   3.994573   3.994721 7.0767e-02    12.3414     4.5714 5.0671e-02          0     4.5714     0.0236     0.5093     0.0000     4.6593     0.0000     0.0049     0.0000     0.5084    34.7797    34.7808    26.4050    26.4058     0.0394      1.199      0.456 0.0000e+00
    509.295      12224    189.210 -107.05446   16.99596    188.000    12.0741    12.0745   3.992799   3.992971 7.2812e-02    12.3413     4.5715 5.0671e-02          0     4.5715     0.0243     0.5092     0.0000     4.6596     0.0000     0.0049     0.0000     0.5083    34.7791    34.7804    26.4081    26.4090     0.0388      1.182      0.449 0.0000e+00
    510.216      12246    190.217 -107.05446   16.99596    189.000    12.0606    12.0600   3.991491   3.991554 7.2174e-02    12.3410     4.5719 5.0671e-02          0     4.5719     0.0240     0.5093     0.0000     4.6594     0.0000     0.0049     0.0000     0.5084    34.7784    34.7796    26.4102    26.4112     0.0393      1.195      0.454 0.0000e+00
    511.277      12272    191.224 -107.05446   16.99596    190.000    12.0383    12.0379   3.989266   3.989357 7.1639e-02    12.3414     4.5714 5.0671e-02          0     4.5714     0.0239     0.5092     0.0000     4.6594     0.0000     0.0049     0.0000     0.5083    34.7771    34.7785    26.4134    26.4145     0.0386      1.174      0.445 0.0000e+00
    512.419      12299    192.231 -107.05446   16.99596    191.000    12.0199    12.0207   3.987467   3.987696 7.1088e-02    12.3413     4.5715 5.0671e-02          0     4.5715     0.0237     0.5091     0.0000     4.6594     0.0000     0.0049     0.0000     0.5082    34.7764    34.7778    26.4164    26.4174     0.0390      1.189      0.451 0.0000e+00
    513.729      12330    193.238 -107.05446   16.99596    192.000    12.0179    12.0182   3.987309   3.987487 7.1517e-02    12.3408     4.5721 5.0671e-02          0     4.5721     0.0238     0.5091     0.0000     4.6594     0.0000     0.0049     0.0000     0.5082    34.7763    34.7777    26.4167    26.4178     0.0383      1.165      0.442 0.0000e+00
    515.272      12368    194.245 -107.05446   16.99594    193.000    12.0154    12.0158   3.987118   3.987320 7.1586e-02    12.3409     4.5720 5.0671e-02          0     4.5720     0.0239     0.5092     0.0000     4.6594     0.0000     0.0049     0.0000     0.5083    34.7762    34.7779    26.4172    26.4184     0.0395      1.203      0.456 0.0000e+00
    516.620      12400    195.252 -107.05446   16.99594    194.000    12.0137    12.0140   3.987002   3.987191 7.1488e-02    12.3410     4.5718 5.0671e-02          0     4.5718     0.0238     0.5091     0.0000     4.6601     0.0000     0.0049     0.0000     0.5082    34.7763    34.7779    26.4176    26.4188     0.0380      1.157      0.439 0.0000e+00
    517.843      12429    196.259 -107.05446   16.99594    195.000    12.0120    12.0128   3.986884   3.987139 7.1431e-02    12.3412     4.5716 5.0671e-02          0     4.5716     0.0238     0.5091     0.0000     4.6591     0.0000     0.0049     0.0000     0.5082    34.7763    34.7780    26.4179    26.4191     0.0383      1.167      0.443 0.0000e+00
    520.305      12488    197.266 -107.05446   16.99594    196.000    12.0134    12.0148   3.987085   3.987379 7.1339e-02    12.3410     4.5719 5.0671e-02          0     4.5719     0.0238     0.5090     0.0000     4.6601     0.0000     0.0049     0.0000     0.5081    34.7765    34.7781    26.4179    26.4188     0.0383      1.167      0.443 0.0000e+00
    523.487      12565    198.273 -107.05446   16.99594    197.000    11.9949    11.9886   3.985198   3.984688 7.2192e-02    12.3406     4.5723 5.0671e-02          0     4.5723     0.0241     0.5091     0.0000     4.6620     0.0000     0.0049     0.0000     0.5082    34.7750    34.7759    26.4202    26.4221     0.0390      1.187      0.450 0.0000e+00
    525.766      12619    199.280 -107.05446   16.99594    198.000    11.9427    11.9418   3.979947   3.980003 7.2275e-02    12.3407     4.5721 5.0669e-02          0     4.5721     0.0241     0.5090     0.0000     4.6626     0.0000     0.0049     0.0000     0.5081    34.7720    34.7733    26.4278    26.4290     0.0377      1.147      0.434 0.0000e+00
    529.968      12720    200.287 -107.05446   16.99592    199.000    11.9465    11.9521   3.980378   3.981164 7.1625e-02    12.3406     4.5723 5.0671e-02          0     4.5723     0.0239     0.5086     0.0000     4.6619     0.0000     0.0049     0.0000     0.5078    34.7722    34.7747    26.4273    26.4282     0.0368      1.120      0.424 0.0000e+00
    539.894      12958    201.294 -107.05446   16.99592    200.000    11.9405    11.9652   3.979756   3.982355 7.2367e-02    12.3402     4.5728 5.0671e-02          0     4.5728     0.0241     0.5084     0.0000     4.6576     0.0000     0.0049     0.0000     0.5076    34.7713    34.7735    26.4278    26.4248     0.0361      1.099      0.416 0.0000e+00
    590.832      14181    202.301 -107.05446   16.99592    201.000    11.9422    11.9496   3.979930   3.980912 7.2143e-02    12.3402     4.5727 5.0671e-02          0     4.5727     0.0240     0.5078     0.0000     4.6696     0.0000     0.0049     0.0000     0.5070    34.7709    34.7736    26.4272    26.4279     0.0342      1.040      0.394 0.0000e+00
    656.692      15762    203.308 -107.05446   16.99595    202.000    11.9079    11.9045   3.976519   3.976387 7.2051e-02    12.3399     4.5731 5.0671e-02          0     4.5731     0.0240     0.5074     0.0000     4.6666     0.0000     0.0049     0.0000     0.5066    34.7692    34.7711    26.4324    26.4345     0.0309      0.941      0.356 0.0000e+00
