data/ctd-cnv/RR1804/Station32_cast43.cnv
* Sea-Bird SBE 9 Data File:
* FileName = C:\CTD\RR1805\Station32_cast43.hex
* Software Version Seasave V 7.26.6.26
* Temperature SN = 4307
* Conductivity SN = 4650
* Number of Bytes Per Scan = 44
* Number of Voltage Words = 5
* Number of Scans Averaged by the Deck Unit = 1
* NMEA Latitude = 16 54.97 N
* NMEA Longitude = 107 01.02 W
* NMEA UTC (Time) = Apr 15 2018 15:06:02
** Ship: Revell
** Station: 32
** Operator: clara
** cast 43
# nquan = 32
# nvalues = 851                         
# units = specified
# name 0 = timeS: Time, Elapsed [seconds]
# name 1 = scan: Scan Count
# name 2 = prDM: Pressure, Digiquartz [db]
# name 3 = longitude: Longitude [deg]
# name 4 = latitude: Latitude [deg]
# name 5 = depSM: Depth [salt water, m]
# name 6 = t090C: Temperature [ITS-90, deg C]
# name 7 = t190C: Temperature, 2 [ITS-90, deg C]
# name 8 = c0S/m: Conductivity [S/m]
# name 9 = c1S/m: Conductivity, 2 [S/m]
# name 10 = flSP: Fluorescence, Seapoint
# name 11 = CStarAt0: Beam Attenuation, WET Labs C-Star [1/m]
# name 12 = CStarTr0: Beam Transmission, WET Labs C-Star [%]
# name 13 = par: PAR/Irradiance, Biospherical/Licor
# name 14 = modError: Modulo Error Count
# name 15 = v0: Voltage 0
# name 16 = v1: Voltage 1
# name 17 = v2: Voltage 2
# name 18 = v3: Voltage 3
# name 19 = v4: Voltage 4
# name 20 = v5: Voltage 5
# name 21 = v6: Voltage 6
# name 22 = v7: Voltage 7
# name 23 = sbeox0V: Oxygen raw, SBE 43 [V]
# name 24 = sal00: Salinity, Practical [PSU]
# name 25 = sal11: Salinity, Practical, 2 [PSU]
# name 26 = sigma-é00: Density [sigma-theta, kg/m^3]
# name 27 = sigma-é11: Density, 2 [sigma-theta, kg/m^3]
# name 28 = sbeox0Mg/L: Oxygen, SBE 43 [mg/l], WS = 2
# name 29 = sbox0Mm/Kg: Oxygen, SBE 43 [umol/kg], WS = 2
# name 30 = sbeox0PS: Oxygen, SBE 43 [% saturation], WS = 2
# name 31 = flag: flag
# span 0 =     25.107,   1171.756       
# span 1 =        604,      28123       
# span 2 =      1.006,    857.854       
# span 3 = -107.01708, -107.01704       
# span 4 =   16.91624,   16.91628       
# span 5 =      1.000,    851.000       
# span 6 =     5.4388,    26.6932       
# span 7 =     5.4408,    26.6918       
# span 8 =   3.383017,   5.398270       
# span 9 =   3.383308,   5.922220       
# span 10 = 7.0152e-02, 1.0375e+00      
# span 11 =    12.3206,    13.3400      
# span 12 =     4.3036,     4.5952      
# span 13 = 5.0660e-02, 1.2825e+03      
# span 14 =          0,          0      
# span 15 =     4.3036,     4.5952      
# span 16 =     0.0234,     0.3458      
# span 17 =     0.5053,     2.8041      
# span 18 =     0.0000,     0.0000      
# span 19 =     0.8324,     4.7227      
# span 20 =     0.0000,     0.0000      
# span 21 =     0.0048,     4.3295      
# span 22 =     0.0000,     0.0000      
# span 23 =     0.5047,     2.8041      
# span 24 =    34.2158,    34.8061      
# span 25 =    34.2129,    43.8133      
# span 26 =    22.3204,    27.2644      
# span 27 =    22.3277,    31.6380      
# span 28 =     0.0269,     6.8447      
# span 29 =      0.818,    209.059      
# span 30 =      0.282,    101.134      
# span 31 = 0.0000e+00, 0.0000e+00      
# interval = meters: 1                  
# start_time = Apr 15 2018 15:06:36 [System UTC, first data scan.]
# bad_flag = -9.990e-29
*END*
[from data line 454]
    748.401      17963    458.225 -107.01704   16.91624    455.000     8.3339     8.3342   3.632587   3.632785 7.4874e-02    12.3263     4.5886 5.0671e-02          0     4.5886     0.0249     0.5059     0.0000     4.5981     0.0000     0.0049     0.0000     0.5053    34.5719    34.5737    26.8944    26.8958     0.0300      0.914      0.320 0.0000e+00
    749.449      17988    459.233 -107.01704   16.91624    456.000     8.3313     8.3314   3.632383   3.632572 7.4215e-02    12.3264     4.5885 5.0671e-02          0     4.5885     0.0247     0.5058     0.0000     4.5999     0.0000     0.0049     0.0000     0.5051    34.5718    34.5737    26.8948    26.8963     0.0302      0.919      0.322 0.0000e+00
    750.678      18017    460.241 -107.01704   16.91624    457.000     8.3268     8.3269   3.632001   3.632179 7.3722e-02    12.3261     4.5888 5.0671e-02          0     4.5888     0.0246     0.5058     0.0000     4.6008     0.0000     0.0049     0.0000     0.5051    34.5717    34.5735    26.8955    26.8968     0.0303      0.921      0.322 0.0000e+00
    752.001      18049    461.250 -107.01704   16.91624    458.000     8.3233     8.3239   3.631729   3.631954 7.4681e-02    12.3263     4.5886 5.0671e-02          0     4.5886     0.0249     0.5058     0.0000     4.6007     0.0000     0.0049     0.0000     0.5051    34.5717    34.5736    26.8960    26.8974     0.0295      0.899      0.315 0.0000e+00
    753.083      18075    462.258 -107.01704   16.91624    459.000     8.3214     8.3212   3.631599   3.631752 7.5026e-02    12.3260     4.5889 5.0671e-02          0     4.5889     0.0250     0.5057     0.0000     4.6008     0.0000     0.0049     0.0000     0.5050    34.5718    34.5737    26.8964    26.8978     0.0299      0.910      0.318 0.0000e+00
    753.975      18096    463.266 -107.01704   16.91624    460.000     8.3183     8.3186   3.631360   3.631579 7.3584e-02    12.3261     4.5889 5.0671e-02          0     4.5889     0.0245     0.5058     0.0000     4.5919     0.0000     0.0049     0.0000     0.5052    34.5718    34.5738    26.8968    26.8984     0.0310      0.944      0.330 0.0000e+00
    754.766      18115    464.274 -107.01704   16.91624    461.000     8.3157     8.3160   3.631170   3.631374 7.5084e-02    12.3262     4.5887 5.0671e-02          0     4.5887     0.0250     0.5058     0.0000     4.5759     0.0000     0.0049     0.0000     0.5052    34.5719    34.5737    26.8974    26.8987     0.0295      0.897      0.314 0.0000e+00
    755.502      18133    465.283 -107.01706   16.91624    462.000     8.3091     8.3094   3.630578   3.630765 7.3471e-02    12.3261     4.5889 5.0671e-02          0     4.5889     0.0245     0.5057     0.0000     3.3194     0.0000     0.0049     0.0000     0.5050    34.5716    34.5733    26.8981    26.8994     0.0302      0.918      0.321 0.0000e+00
    756.219      18150    466.291 -107.01706   16.91624    463.000     8.3006     8.3007   3.629823   3.629992 7.3464e-02    12.3266     4.5883 5.0671e-02          0     4.5883     0.0245     0.5059     0.0000     4.3558     0.0000     0.0049     0.0000     0.5052    34.5714    34.5731    26.8993    26.9006     0.0335      1.021      0.357 0.0000e+00
    756.938      18168    467.299 -107.01706   16.91624    464.000     8.2869     8.2870   3.628555   3.628726 7.4634e-02    12.3260     4.5890 5.0671e-02          0     4.5890     0.0249     0.5063     0.0000     4.5908     0.0000     0.0049     0.0000     0.5056    34.5709    34.5726    26.9009    26.9023     0.0316      0.962      0.336 0.0000e+00
    757.713      18186    468.307 -107.01706   16.91624    465.000     8.2680     8.2679   3.626794   3.626930 7.3954e-02    12.3260     4.5890 5.0671e-02          0     4.5890     0.0246     0.5057     0.0000     4.6000     0.0000     0.0049     0.0000     0.5050    34.5703    34.5718    26.9033    26.9046     0.0271      0.824      0.288 0.0000e+00
    758.689      18210    469.316 -107.01706   16.91624    466.000     8.2478     8.2474   3.624915   3.625031 7.4041e-02    12.3257     4.5894 5.0671e-02          0     4.5894     0.0247     0.5058     0.0000     4.6006     0.0000     0.0049     0.0000     0.5051    34.5696    34.5713    26.9059    26.9073     0.0300      0.912      0.319 0.0000e+00
    760.515      18253    470.324 -107.01706   16.91624    467.000     8.2421     8.2242   3.624444   3.622916 7.3703e-02    12.3258     4.5892 5.0671e-02          0     4.5892     0.0245     0.5060     0.0000     4.6007     0.0000     0.0049     0.0000     0.5053    34.5697    34.5710    26.9068    26.9106     0.0315      0.959      0.335 0.0000e+00
    762.492      18301    471.332 -107.01706   16.91624    468.000     8.2107     8.2090   3.621466   3.621479 7.3820e-02    12.3260     4.5890 5.0671e-02          0     4.5890     0.0246     0.5060     0.0000     4.6017     0.0000     0.0049     0.0000     0.5053    34.5684    34.5702    26.9106    26.9122     0.0325      0.988      0.345 0.0000e+00
    763.622      18328    472.340 -107.01706   16.91624    469.000     8.1661     8.1648   3.617238   3.617273 7.4026e-02    12.3258     4.5892 5.0671e-02          0     4.5892     0.0247     0.5061     0.0000     4.6025     0.0000     0.0049     0.0000     0.5054    34.5667    34.5683    26.9160    26.9174     0.0335      1.018      0.355 0.0000e+00
    764.512      18349    473.349 -107.01706   16.91624    470.000     8.1182     8.1177   3.612804   3.612927 7.4227e-02    12.3256     4.5895 5.0671e-02          0     4.5895     0.0247     0.5064     0.0000     4.6030     0.0000     0.0049     0.0000     0.5058    34.5660    34.5678    26.9226    26.9241     0.0322      0.979      0.341 0.0000e+00
    765.280      18368    474.357 -107.01706   16.91624    471.000     8.0918     8.0908   3.610287   3.610338 7.5238e-02    12.3258     4.5893 5.0671e-02          0     4.5893     0.0250     0.5060     0.0000     4.6050     0.0000     0.0049     0.0000     0.5053    34.5646    34.5661    26.9255    26.9268     0.0292      0.887      0.309 0.0000e+00
    765.986      18385    475.365 -107.01706   16.91624    472.000     8.0665     8.0666   3.607986   3.608131 7.3409e-02    12.3256     4.5895 5.0671e-02          0     4.5895     0.0244     0.5061     0.0000     4.6018     0.0000     0.0049     0.0000     0.5054    34.5644    34.5660    26.9291    26.9303     0.0306      0.930      0.324 0.0000e+00
    766.679      18401    476.373 -107.01706   16.91624    473.000     8.0551     8.0551   3.606918   3.607079 7.4353e-02    12.3254     4.5897 5.0671e-02          0     4.5897     0.0248     0.5060     0.0000     4.6082     0.0000     0.0049     0.0000     0.5053    34.5638    34.5655    26.9304    26.9317     0.0305      0.928      0.323 0.0000e+00
    767.382      18418    477.382 -107.01706   16.91624    474.000     8.0470     8.0473   3.606209   3.606398 7.3684e-02    12.3256     4.5894 5.0671e-02          0     4.5894     0.0245     0.5058     0.0000     4.6078     0.0000     0.0049     0.0000     0.5051    34.5637    34.5654    26.9315    26.9328     0.0313      0.953      0.332 0.0000e+00
    768.126      18436    478.390 -107.01706   16.91624    475.000     8.0401     8.0401   3.605566   3.605710 7.4520e-02    12.3256     4.5894 5.0671e-02          0     4.5894     0.0248     0.5061     0.0000     4.6047     0.0000     0.0049     0.0000     0.5054    34.5631    34.5647    26.9321    26.9333     0.0321      0.977      0.340 0.0000e+00
    768.971      18456    479.398 -107.01706   16.91624    476.000     8.0237     8.0236   3.604063   3.604214 7.3635e-02    12.3256     4.5895 5.0671e-02          0     4.5895     0.0245     0.5060     0.0000     4.6045     0.0000     0.0049     0.0000     0.5054    34.5627    34.5645    26.9342    26.9356     0.0304      0.926      0.322 0.0000e+00
    770.038      18482    480.407 -107.01706   16.91624    477.000     8.0160     8.0163   3.603380   3.603568 7.4052e-02    12.3254     4.5897 5.0671e-02          0     4.5897     0.0247     0.5058     0.0000     4.6050     0.0000     0.0049     0.0000     0.5052    34.5625    34.5643    26.9352    26.9366     0.0300      0.912      0.317 0.0000e+00
    771.445      18516    481.415 -107.01706   16.91624    478.000     8.0081     8.0083   3.602671   3.602854 7.5129e-02    12.3254     4.5897 5.0671e-02          0     4.5897     0.0250     0.5057     0.0000     4.6118     0.0000     0.0049     0.0000     0.5051    34.5623    34.5640    26.9362    26.9375     0.0297      0.904      0.314 0.0000e+00
    773.136      18556    482.423 -107.01706   16.91624    479.000     8.0013     8.0016   3.602091   3.602293 7.4344e-02    12.3258     4.5893 5.0682e-02          0     4.5893     0.0248     0.5056     0.0000     4.6141     0.0000     0.0050     0.0000     0.5050    34.5623    34.5642    26.9373    26.9387     0.0300      0.913      0.317 0.0000e+00
    774.592      18591    483.432 -107.01706   16.91624    480.000     7.9983     7.9986   3.601877   3.602085 7.4659e-02    12.3252     4.5899 5.0671e-02          0     4.5899     0.0249     0.5058     0.0000     4.6136     0.0000     0.0049     0.0000     0.5052    34.5625    34.5644    26.9379    26.9393     0.0307      0.933      0.324 0.0000e+00
    775.618      18616    484.440 -107.01706   16.91624    481.000     7.9961     7.9965   3.601747   3.601961 7.3748e-02    12.3255     4.5896 5.0671e-02          0     4.5896     0.0246     0.5057     0.0000     4.6201     0.0000     0.0049     0.0000     0.5051    34.5627    34.5647    26.9384    26.9399     0.0298      0.907      0.315 0.0000e+00
    776.425      18635    485.448 -107.01706   16.91624    482.000     7.9925     7.9928   3.601459   3.601644 7.4779e-02    12.3251     4.5900 5.0671e-02          0     4.5900     0.0249     0.5056     0.0000     4.6146     0.0000     0.0049     0.0000     0.5050    34.5627    34.5645    26.9389    26.9403     0.0298      0.906      0.315 0.0000e+00
    777.149      18653    486.457 -107.01706   16.91624    483.000     7.9805     7.9808   3.600381   3.600556 7.4100e-02    12.3255     4.5895 5.0671e-02          0     4.5895     0.0247     0.5056     0.0000     4.6334     0.0000     0.0049     0.0000     0.5050    34.5626    34.5642    26.9406    26.9419     0.0295      0.898      0.312 0.0000e+00
    777.863      18670    487.465 -107.01706   16.91624    484.000     7.9733     7.9736   3.599733   3.599929 7.3673e-02    12.3251     4.5900 5.0671e-02          0     4.5900     0.0245     0.5056     0.0000     4.6244     0.0000     0.0049     0.0000     0.5050    34.5622    34.5640    26.9414    26.9428     0.0313      0.951      0.330 0.0000e+00
    778.590      18687    488.473 -107.01706   16.91624    485.000     7.9629     7.9631   3.598746   3.598927 7.4034e-02    12.3255     4.5896 5.0671e-02          0     4.5896     0.0247     0.5058     0.0000     4.6238     0.0000     0.0049     0.0000     0.5052    34.5615    34.5632    26.9424    26.9437     0.0307      0.934      0.324 0.0000e+00
    779.381      18706    489.482 -107.01706   16.91624    486.000     7.9517     7.9521   3.597713   3.597921 7.3813e-02    12.3254     4.5897 5.0671e-02          0     4.5897     0.0246     0.5056     0.0000     4.6161     0.0000     0.0049     0.0000     0.5050    34.5609    34.5628    26.9436    26.9450     0.0306      0.932      0.323 0.0000e+00
    780.258      18727    490.490 -107.01706   16.91624    487.000     7.9446     7.9458   3.597063   3.597329 7.3432e-02    12.3250     4.5902 5.0671e-02          0     4.5902     0.0245     0.5059     0.0000     4.6424     0.0000     0.0049     0.0000     0.5053    34.5605    34.5622    26.9444    26.9455     0.0319      0.972      0.337 0.0000e+00
    781.167      18749    491.498 -107.01706   16.91624    488.000     7.9263     7.9259   3.595324   3.595457 7.3589e-02    12.3250     4.5902 5.0671e-02          0     4.5902     0.0245     0.5057     0.0000     4.6445     0.0000     0.0049     0.0000     0.5051    34.5595    34.5613    26.9463    26.9477     0.0296      0.901      0.312 0.0000e+00
    782.081      18771    492.507 -107.01706   16.91624    489.000     7.9113     7.9110   3.593926   3.594059 7.4566e-02    12.3258     4.5892 5.0671e-02          0     4.5892     0.0248     0.5057     0.0000     4.6383     0.0000     0.0049     0.0000     0.5051    34.5588    34.5605    26.9480    26.9493     0.0316      0.960      0.333 0.0000e+00
    783.105      18796    493.515 -107.01706   16.91624    490.000     7.8877     7.8870   3.591715   3.591801 7.3552e-02    12.3250     4.5902 5.0671e-02          0     4.5902     0.0245     0.5059     0.0000     4.6248     0.0000     0.0049     0.0000     0.5053    34.5578    34.5594    26.9507    26.9520     0.0301      0.915      0.317 0.0000e+00
    784.938      18840    494.523 -107.01706   16.91624    491.000     7.8784     7.8690   3.590881   3.590137 7.4162e-02    12.3251     4.5901 5.0671e-02          0     4.5901     0.0247     0.5057     0.0000     4.6220     0.0000     0.0049     0.0000     0.5051    34.5576    34.5589    26.9519    26.9543     0.0303      0.921      0.319 0.0000e+00
    787.184      18893    495.532 -107.01706   16.91624    492.000     7.8698     7.8629   3.590108   3.589649 7.4803e-02    12.3248     4.5904 5.0691e-02          0     4.5904     0.0249     0.5058     0.0000     4.6162     0.0000     0.0051     0.0000     0.5052    34.5573    34.5592    26.9530    26.9555     0.0319      0.971      0.336 0.0000e+00
    788.399      18923    496.540 -107.01706   16.91624    493.000     7.8447     7.8443   3.587794   3.587904 7.4575e-02    12.3246     4.5906 5.0671e-02          0     4.5906     0.0248     0.5057     0.0000     4.6129     0.0000     0.0049     0.0000     0.5051    34.5568    34.5583    26.9562    26.9575     0.0305      0.927      0.321 0.0000e+00
    789.296      18944    497.548 -107.01706   16.91624    494.000     7.8118     7.8110   3.584762   3.584844 7.3641e-02    12.3251     4.5901 5.0671e-02          0     4.5901     0.0245     0.5059     0.0000     4.6102     0.0000     0.0049     0.0000     0.5053    34.5562    34.5579    26.9606    26.9621     0.0320      0.974      0.337 0.0000e+00
    790.044      18962    498.557 -107.01706   16.91624    495.000     7.7886     7.7887   3.582669   3.582856 7.3475e-02    12.3249     4.5903 5.0731e-02          0     4.5903     0.0245     0.5057     0.0000     4.6018     0.0000     0.0054     0.0000     0.5051    34.5562    34.5580    26.9640    26.9654     0.0313      0.952      0.329 0.0000e+00
    790.690      18978    499.565 -107.01706   16.91624    496.000     7.7682     7.7679   3.580766   3.580890 7.3741e-02    12.3248     4.5904 5.0673e-02          0     4.5904     0.0246     0.5061     0.0000     4.5972     0.0000     0.0049     0.0000     0.5055    34.5554    34.5569    26.9663    26.9676     0.0330      1.004      0.347 0.0000e+00
    791.295      18992    500.574 -107.01706   16.91624    497.000     7.7538     7.7543   3.579486   3.579716 7.3257e-02    12.3246     4.5906 5.0671e-02          0     4.5906     0.0244     0.5058     0.0000     4.6055     0.0000     0.0049     0.0000     0.5052    34.5554    34.5572    26.9684    26.9698     0.0320      0.972      0.336 0.0000e+00
    791.857      19006    501.582 -107.01706   16.91624    498.000     7.7502     7.7498   3.579144   3.579319 7.3260e-02    12.3250     4.5902 5.0671e-02          0     4.5902     0.0244     0.5063     0.0000     4.6189     0.0000     0.0049     0.0000     0.5057    34.5548    34.5570    26.9685    26.9703     0.0343      1.044      0.361 0.0000e+00
