data/ctd-cnv/RR1804/Station32_cast58.cnv
* Sea-Bird SBE 9 Data File:
* FileName = C:\CTD\RR1805\Station32_cast58.hex
* Software Version Seasave V 7.26.6.26
* Temperature SN = 4307
* Conductivity SN = 4650
* Number of Bytes Per Scan = 44
* Number of Voltage Words = 5
* Number of Scans Averaged by the Deck Unit = 1
* NMEA Latitude = 17 02.96 N
* NMEA Longitude = 107 01.04 W
* NMEA UTC (Time) = Apr 20 2018 22:34:17
** Ship: Revell
** Station: On Deck
** Operator: GR
** cast 58 station P2
# nquan = 32
# nvalues = 596                         
# units = specified
# name 0 = timeS: Time, Elapsed [seconds]
# name 1 = scan: Scan Count
# name 2 = prDM: Pressure, Digiquartz [db]
# name 3 = longitude: Longitude [deg]
# name 4 = latitude: Latitude [deg]
# name 5 = depSM: Depth [salt water, m]
# name 6 = t090C: Temperature [ITS-90, deg C]
# name 7 = t190C: Temperature, 2 [ITS-90, deg C]
# name 8 = c0S/m: Conductivity [S/m]
# name 9 = c1S/m: Conductivity, 2 [S/m]
# name 10 = flSP: Fluorescence, Seapoint
# name 11 = CStarAt0: Beam Attenuation, WET Labs C-Star [1/m]
# name 12 = CStarTr0: Beam Transmission, WET Labs C-Star [%]
# name 13 = par: PAR/Irradiance, Biospherical/Licor
# name 14 = modError: Modulo Error Count
# name 15 = v0: Voltage 0
# name 16 = v1: Voltage 1
# name 17 = v2: Voltage 2
# name 18 = v3: Voltage 3
# name 19 = v4: Voltage 4
# name 20 = v5: Voltage 5
# name 21 = v6: Voltage 6
# name 22 = v7: Voltage 7
# name 23 = sbeox0V: Oxygen raw, SBE 43 [V]
# name 24 = sal00: Salinity, Practical [PSU]
# name 25 = sal11: Salinity, Practical, 2 [PSU]
# name 26 = sigma-é00: Density [sigma-theta, kg/m^3]
# name 27 = sigma-é11: Density, 2 [sigma-theta, kg/m^3]
# name 28 = sbeox0Mg/L: Oxygen, SBE 43 [mg/l], WS = 2
# name 29 = sbox0Mm/Kg: Oxygen, SBE 43 [umol/kg], WS = 2
# name 30 = sbeox0PS: Oxygen, SBE 43 [% saturation], WS = 2
# name 31 = flag: flag
# span 0 =     49.176,    848.781       
# span 1 =       1181,      20372       
# span 2 =      7.042,    606.487       
# span 3 = -107.01744, -107.01740       
# span 4 =   17.04940,   17.04946       
# span 5 =      7.000,    602.000       
# span 6 =     6.8764,    26.7468       
# span 7 =     6.8771,    26.7499       
# span 8 =   3.502420,   5.403907       
# span 9 =   3.502655,   5.404412       
# span 10 = 7.1323e-02, 9.4802e-01      
# span 11 =    12.3312,    12.4003      
# span 12 =     4.5046,     4.5831      
# span 13 = 5.0664e-02, 1.3258e+02      
# span 14 =          0,          0      
# span 15 =     4.5046,     4.5831      
# span 16 =     0.0238,     0.3160      
# span 17 =     0.5060,     2.8159      
# span 18 = -7.855e-07,     0.0000      
# span 19 =     3.1028,     4.6047      
# span 20 =     0.0000,     0.0000      
# span 21 =     0.0048,     3.4190      
# span 22 =     0.0000,     0.0000      
# span 23 =     0.5053,     2.8159      
# span 24 =    34.1143,    34.8007      
# span 25 =    34.1126,    34.8014      
# span 26 =    22.3304,    27.0807      
# span 27 =    22.3304,    27.0821      
# span 28 =     0.0324,     6.9440      
# span 29 =      0.985,    212.059      
# span 30 =      0.337,    101.686      
# span 31 = 0.0000e+00, 0.0000e+00      
# interval = meters: 1                  
# start_time = Apr 20 2018 22:34:22 [System UTC, first data scan.]
# bad_flag = -9.990e-29
*END*
[from data line 363]
    577.883      13870    372.548 -107.01742   17.04942    370.000     9.6050     9.6044   3.752402   3.752573 7.3647e-02    12.3383     4.5750 5.0671e-02          0     4.5750     0.0245     0.5078     0.0000     4.5849     0.0000     0.0049     0.0000     0.5070    34.6295    34.6318    26.7362    26.7381     0.0373      1.136      0.409 0.0000e+00
    578.668      13889    373.556 -107.01742   17.04942    371.000     9.5711     9.5713   3.749105   3.749344 7.4262e-02    12.3386     4.5746 5.0671e-02          0     4.5746     0.0247     0.5079     0.0000     4.5848     0.0000     0.0049     0.0000     0.5071    34.6277    34.6299    26.7404    26.7422     0.0367      1.117      0.402 0.0000e+00
    579.460      13908    374.564 -107.01742   17.04942    372.000     9.5604     9.5613   3.748108   3.748402 7.5770e-02    12.3384     4.5748 5.0671e-02          0     4.5748     0.0252     0.5077     0.0000     4.5852     0.0000     0.0049     0.0000     0.5069    34.6273    34.6294    26.7419    26.7434     0.0363      1.104      0.397 0.0000e+00
    580.294      13928    375.572 -107.01742   17.04942    373.000     9.5523     9.5534   3.747346   3.747688 7.3966e-02    12.3385     4.5747 5.0671e-02          0     4.5747     0.0246     0.5077     0.0000     4.5860     0.0000     0.0049     0.0000     0.5069    34.6267    34.6292    26.7428    26.7445     0.0362      1.103      0.397 0.0000e+00
    581.249      13951    376.579 -107.01742   17.04942    374.000     9.5466     9.5468   3.746808   3.747047 7.5811e-02    12.3382     4.5751 5.0671e-02          0     4.5751     0.0252     0.5077     0.0000     4.5857     0.0000     0.0049     0.0000     0.5069    34.6262    34.6284    26.7434    26.7451     0.0370      1.125      0.405 0.0000e+00
    582.397      13979    377.587 -107.01742   17.04942    375.000     9.5440     9.5431   3.746597   3.746741 7.5090e-02    12.3384     4.5749 5.0671e-02          0     4.5749     0.0250     0.5079     0.0000     4.5860     0.0000     0.0049     0.0000     0.5071    34.6261    34.6284    26.7437    26.7457     0.0365      1.112      0.400 0.0000e+00
    583.703      14010    378.595 -107.01742   17.04942    376.000     9.5423     9.5427   3.746482   3.746758 7.6482e-02    12.3381     4.5752 5.0671e-02          0     4.5752     0.0255     0.5075     0.0000     4.5861     0.0000     0.0049     0.0000     0.5067    34.6261    34.6285    26.7440    26.7459     0.0349      1.061      0.382 0.0000e+00
    585.013      14041    379.603 -107.01742   17.04942    377.000     9.5415     9.5417   3.746451   3.746718 7.3928e-02    12.3380     4.5753 5.0671e-02          0     4.5753     0.0246     0.5077     0.0000     4.5860     0.0000     0.0049     0.0000     0.5069    34.6261    34.6286    26.7442    26.7461     0.0368      1.120      0.403 0.0000e+00
    586.251      14071    380.611 -107.01742   17.04942    378.000     9.5394     9.5393   3.746285   3.746514 7.4624e-02    12.3379     4.5755 5.0671e-02          0     4.5755     0.0248     0.5075     0.0000     4.5860     0.0000     0.0049     0.0000     0.5067    34.6260    34.6284    26.7445    26.7464     0.0340      1.033      0.371 0.0000e+00
    587.599      14103    381.618 -107.01742   17.04942    379.000     9.5372     9.5376   3.746114   3.746391 7.3940e-02    12.3379     4.5754 5.0671e-02          0     4.5754     0.0246     0.5074     0.0000     4.5861     0.0000     0.0049     0.0000     0.5066    34.6258    34.6283    26.7447    26.7466     0.0357      1.085      0.390 0.0000e+00
    588.948      14136    382.626 -107.01742   17.04942    380.000     9.5313     9.5320   3.745576   3.745890 7.4797e-02    12.3383     4.5750 5.0671e-02          0     4.5750     0.0249     0.5075     0.0000     4.5862     0.0000     0.0049     0.0000     0.5067    34.6255    34.6281    26.7455    26.7474     0.0366      1.115      0.401 0.0000e+00
    589.970      14160    383.634 -107.01742   17.04942    381.000     9.5209     9.5211   3.744653   3.744917 7.4301e-02    12.3387     4.5745 5.0671e-02          0     4.5745     0.0247     0.5076     0.0000     4.5854     0.0000     0.0049     0.0000     0.5068    34.6255    34.6281    26.7472    26.7492     0.0365      1.112      0.400 0.0000e+00
    590.747      14179    384.642 -107.01742   17.04942    382.000     9.5124     9.5126   3.743877   3.744131 7.4123e-02    12.3384     4.5749 5.0671e-02          0     4.5749     0.0247     0.5078     0.0000     4.5849     0.0000     0.0049     0.0000     0.5070    34.6253    34.6277    26.7485    26.7503     0.0380      1.157      0.416 0.0000e+00
    591.391      14194    385.650 -107.01742   17.04942    383.000     9.4835     9.4830   3.741030   3.741198 7.5171e-02    12.3383     4.5750 5.0671e-02          0     4.5750     0.0250     0.5077     0.0000     4.5850     0.0000     0.0049     0.0000     0.5069    34.6232    34.6255    26.7516    26.7535     0.0379      1.155      0.415 0.0000e+00
    591.993      14209    386.658 -107.01742   17.04942    384.000     9.4288     9.4284   3.735706   3.735936 7.3839e-02    12.3379     4.5754 5.0671e-02          0     4.5754     0.0246     0.5079     0.0000     4.5851     0.0000     0.0049     0.0000     0.5071    34.6206    34.6233    26.7586    26.7608     0.0374      1.137      0.408 0.0000e+00
    592.577      14223    387.666 -107.01742   17.04942    385.000     9.4087     9.4087   3.733806   3.734058 7.4715e-02    12.3378     4.5755 5.0671e-02          0     4.5755     0.0249     0.5077     0.0000     4.5852     0.0000     0.0049     0.0000     0.5069    34.6199    34.6224    26.7613    26.7633     0.0354      1.077      0.386 0.0000e+00
    593.201      14238    388.674 -107.01742   17.04942    386.000     9.3759     9.3759   3.730556   3.730781 7.5933e-02    12.3377     4.5757 5.0671e-02          0     4.5757     0.0253     0.5077     0.0000     4.5855     0.0000     0.0049     0.0000     0.5069    34.6174    34.6197    26.7648    26.7665     0.0353      1.076      0.385 0.0000e+00
    593.986      14257    389.681 -107.01742   17.04942    387.000     9.3589     9.3591   3.729014   3.729256 7.5519e-02    12.3378     4.5756 5.0671e-02          0     4.5756     0.0251     0.5075     0.0000     4.5861     0.0000     0.0049     0.0000     0.5067    34.6174    34.6197    26.7675    26.7693     0.0355      1.082      0.387 0.0000e+00
    595.321      14289    390.689 -107.01742   17.04942    388.000     9.3546     9.3550   3.728617   3.728894 7.5322e-02    12.3377     4.5757 5.0671e-02          0     4.5757     0.0251     0.5076     0.0000     4.5861     0.0000     0.0049     0.0000     0.5068    34.6170    34.6194    26.7679    26.7698     0.0363      1.106      0.396 0.0000e+00
    597.063      14331    391.697 -107.01742   17.04942    389.000     9.3466     9.3466   3.727884   3.728139 7.5190e-02    12.3375     4.5759 5.0671e-02          0     4.5759     0.0250     0.5076     0.0000     4.5862     0.0000     0.0049     0.0000     0.5068    34.6167    34.6193    26.7690    26.7710     0.0355      1.080      0.387 0.0000e+00
    598.348      14361    392.705 -107.01742   17.04942    390.000     9.3244     9.3243   3.725755   3.725973 7.5571e-02    12.3374     4.5759 5.0671e-02          0     4.5759     0.0252     0.5076     0.0000     4.5872     0.0000     0.0049     0.0000     0.5068    34.6156    34.6180    26.7718    26.7737     0.0373      1.135      0.406 0.0000e+00
    599.405      14387    393.713 -107.01742   17.04942    391.000     9.3010     9.2997   3.723532   3.723652 7.5395e-02    12.3376     4.5757 5.0671e-02          0     4.5757     0.0251     0.5077     0.0000     4.5879     0.0000     0.0049     0.0000     0.5069    34.6147    34.6172    26.7749    26.7771     0.0357      1.087      0.389 0.0000e+00
    600.374      14410    394.721 -107.01742   17.04942    392.000     9.2859     9.2850   3.722080   3.722229 7.5012e-02    12.3375     4.5759 5.0671e-02          0     4.5759     0.0250     0.5075     0.0000     4.5881     0.0000     0.0049     0.0000     0.5067    34.6137    34.6162    26.7766    26.7787     0.0342      1.040      0.372 0.0000e+00
    601.297      14432    395.729 -107.01742   17.04942    393.000     9.2795     9.2799   3.721544   3.721824 7.5581e-02    12.3372     4.5762 5.0671e-02          0     4.5762     0.0252     0.5074     0.0000     4.5883     0.0000     0.0049     0.0000     0.5066    34.6140    34.6164    26.7778    26.7797     0.0362      1.101      0.394 0.0000e+00
    602.226      14454    396.736 -107.01742   17.04942    394.000     9.2774     9.2770   3.721382   3.721574 7.4716e-02    12.3374     4.5760 5.0671e-02          0     4.5760     0.0249     0.5076     0.0000     4.5883     0.0000     0.0049     0.0000     0.5068    34.6138    34.6161    26.7781    26.7800     0.0359      1.092      0.390 0.0000e+00
    603.222      14478    397.745 -107.01742   17.04942    395.000     9.2713     9.2717   3.720849   3.721116 7.5089e-02    12.3374     4.5760 5.0671e-02          0     4.5760     0.0250     0.5074     0.0000     4.5885     0.0000     0.0049     0.0000     0.5066    34.6137    34.6161    26.7790    26.7809     0.0348      1.058      0.378 0.0000e+00
    604.222      14502    398.752 -107.01742   17.04942    396.000     9.2687     9.2691   3.720648   3.720937 7.4365e-02    12.3371     4.5763 5.0671e-02          0     4.5763     0.0248     0.5075     0.0000     4.5879     0.0000     0.0049     0.0000     0.5067    34.6137    34.6163    26.7794    26.7814     0.0364      1.107      0.396 0.0000e+00
    605.139      14524    399.760 -107.01742   17.04942    397.000     9.2679     9.2682   3.720631   3.720912 7.4660e-02    12.3371     4.5763 5.0671e-02          0     4.5763     0.0249     0.5074     0.0000     4.5875     0.0000     0.0049     0.0000     0.5066    34.6138    34.6164    26.7797    26.7817     0.0354      1.079      0.386 0.0000e+00
    606.000      14545    400.768 -107.01742   17.04942    398.000     9.2653     9.2659   3.720428   3.720736 7.4539e-02    12.3372     4.5762 5.0671e-02          0     4.5762     0.0248     0.5076     0.0000     4.5874     0.0000     0.0049     0.0000     0.5068    34.6137    34.6163    26.7800    26.7820     0.0370      1.127      0.403 0.0000e+00
    606.881      14566    401.776 -107.01742   17.04942    399.000     9.2544     9.2550   3.719403   3.719689 7.4765e-02    12.3373     4.5761 5.0671e-02          0     4.5761     0.0249     0.5075     0.0000     4.5874     0.0000     0.0049     0.0000     0.5067    34.6132    34.6155    26.7814    26.7832     0.0365      1.112      0.397 0.0000e+00
    607.895      14590    402.784 -107.01742   17.04942    400.000     9.2500     9.2481   3.719015   3.719058 7.4449e-02    12.3372     4.5762 5.0671e-02          0     4.5762     0.0248     0.5076     0.0000     4.5866     0.0000     0.0049     0.0000     0.5068    34.6130    34.6153    26.7820    26.7841     0.0379      1.154      0.412 0.0000e+00
    609.096      14619    403.792 -107.01742   17.04942    401.000     9.1983     9.1973   3.713916   3.714086 7.4521e-02    12.3371     4.5763 5.0671e-02          0     4.5763     0.0248     0.5077     0.0000     4.5864     0.0000     0.0049     0.0000     0.5069    34.6096    34.6123    26.7877    26.7900     0.0357      1.087      0.388 0.0000e+00
    610.310      14648    404.800 -107.01742   17.04942    402.000     9.1561     9.1559   3.709872   3.710068 7.4960e-02    12.3370     4.5764 5.0671e-02          0     4.5764     0.0250     0.5077     0.0000     4.5864     0.0000     0.0049     0.0000     0.5069    34.6078    34.6102    26.7931    26.7950     0.0377      1.147      0.409 0.0000e+00
    611.322      14673    405.808 -107.01742   17.04942    403.000     9.1324     9.1326   3.707631   3.707895 7.5004e-02    12.3370     4.5764 5.0671e-02          0     4.5764     0.0250     0.5077     0.0000     4.5864     0.0000     0.0049     0.0000     0.5069    34.6070    34.6096    26.7963    26.7984     0.0373      1.134      0.404 0.0000e+00
    612.192      14694    406.816 -107.01742   17.04942    404.000     9.1207     9.1205   3.706524   3.706711 7.4540e-02    12.3370     4.5764 5.0671e-02          0     4.5764     0.0248     0.5077     0.0000     4.5866     0.0000     0.0049     0.0000     0.5069    34.6064    34.6086    26.7977    26.7995     0.0353      1.074      0.383 0.0000e+00
    613.052      14714    407.824 -107.01742   17.04942    405.000     9.1013     9.1010   3.704669   3.704870 7.4427e-02    12.3377     4.5757 5.0671e-02          0     4.5757     0.0248     0.5075     0.0000     4.5872     0.0000     0.0049     0.0000     0.5067    34.6054    34.6078    26.8001    26.8020     0.0353      1.074      0.383 0.0000e+00
    614.015      14737    408.832 -107.01742   17.04942    406.000     9.0935     9.0937   3.703943   3.704185 7.5857e-02    12.3373     4.5761 5.0671e-02          0     4.5761     0.0253     0.5076     0.0000     4.5869     0.0000     0.0049     0.0000     0.5068    34.6049    34.6072    26.8010    26.8028     0.0373      1.134      0.404 0.0000e+00
    615.111      14764    409.840 -107.01742   17.04942    407.000     9.0813     9.0815   3.702813   3.703061 7.4365e-02    12.3373     4.5760 5.0671e-02          0     4.5760     0.0248     0.5075     0.0000     4.5872     0.0000     0.0049     0.0000     0.5067    34.6045    34.6069    26.8026    26.8045     0.0346      1.052      0.375 0.0000e+00
    616.206      14790    410.848 -107.01742   17.04942    408.000     9.0785     9.0788   3.702581   3.702853 7.5894e-02    12.3370     4.5764 5.0671e-02          0     4.5764     0.0253     0.5074     0.0000     4.5871     0.0000     0.0049     0.0000     0.5066    34.6044    34.6069    26.8030    26.8049     0.0355      1.081      0.385 0.0000e+00
    617.215      14814    411.856 -107.01742   17.04942    409.000     9.0779     9.0785   3.702586   3.702893 7.5327e-02    12.3372     4.5762 5.0671e-02          0     4.5762     0.0251     0.5074     0.0000     4.5872     0.0000     0.0049     0.0000     0.5066    34.6046    34.6072    26.8033    26.8052     0.0347      1.057      0.376 0.0000e+00
    618.167      14837    412.864 -107.01742   17.04942    410.000     9.0769     9.0775   3.702550   3.702845 7.4916e-02    12.3371     4.5763 5.0671e-02          0     4.5763     0.0249     0.5074     0.0000     4.5871     0.0000     0.0049     0.0000     0.5066    34.6047    34.6071    26.8035    26.8053     0.0361      1.099      0.391 0.0000e+00
    619.116      14860    413.872 -107.01742   17.04942    411.000     9.0742     9.0739   3.702320   3.702529 7.4695e-02    12.3374     4.5759 5.0671e-02          0     4.5759     0.0249     0.5074     0.0000     4.5872     0.0000     0.0049     0.0000     0.5066    34.6044    34.6069    26.8037    26.8057     0.0360      1.097      0.390 0.0000e+00
    620.120      14884    414.880 -107.01742   17.04942    412.000     9.0601     9.0598   3.700997   3.701206 7.4725e-02    12.3368     4.5766 5.0671e-02          0     4.5766     0.0249     0.5074     0.0000     4.5873     0.0000     0.0049     0.0000     0.5066    34.6038    34.6063    26.8055    26.8076     0.0370      1.126      0.401 0.0000e+00
    621.177      14909    415.888 -107.01742   17.04942    413.000     9.0429     9.0429   3.699354   3.699578 7.5021e-02    12.3369     4.5765 5.0671e-02          0     4.5765     0.0250     0.5075     0.0000     4.5873     0.0000     0.0049     0.0000     0.5067    34.6029    34.6053    26.8076    26.8095     0.0363      1.104      0.392 0.0000e+00
