data/ctd-cnv/RR1804/Station32_cast52.cnv
* Sea-Bird SBE 9 Data File:
* FileName = C:\CTD\RR1805\Station32_cast52.hex
* Software Version Seasave V 7.26.6.26
* Temperature SN = 4307
* Conductivity SN = 4650
* Number of Bytes Per Scan = 44
* Number of Voltage Words = 5
* Number of Scans Averaged by the Deck Unit = 1
* NMEA Latitude = 17 01.23 N
* NMEA Longitude = 106 58.80 W
* NMEA UTC (Time) = Apr 19 2018 12:06:26
** Ship: Revell
** Station: 32 (P2)
** Operator: Natalie
** cast 52 diel
# nquan = 32
# nvalues = 200                         
# units = specified
# name 0 = timeS: Time, Elapsed [seconds]
# name 1 = scan: Scan Count
# name 2 = prDM: Pressure, Digiquartz [db]
# name 3 = longitude: Longitude [deg]
# name 4 = latitude: Latitude [deg]
# name 5 = depSMignore: Depth [salt water, m]
# name 6 = t090C: Temperature [ITS-90, deg C]
# name 7 = t190C: Temperature, 2 [ITS-90, deg C]
# name 8 = c0S/m: Conductivity [S/m]
# name 9 = c1S/m: Conductivity, 2 [S/m]
# name 10 = flSP: Fluorescence, Seapoint
# name 11 = CStarAt0: Beam Attenuation, WET Labs C-Star [1/m]
# name 12 = CStarTr0: Beam Transmission, WET Labs C-Star [%]
# name 13 = par: PAR/Irradiance, Biospherical/Licor
# name 14 = modError: Modulo Error Count
# name 15 = v0: Voltage 0
# name 16 = v1: Voltage 1
# name 17 = v2: Voltage 2
# name 18 = v3: Voltage 3
# name 19 = v4: Voltage 4
# name 20 = v5: Voltage 5
# name 21 = v6: Voltage 6
# name 22 = v7: Voltage 7
# name 23 = sbeox0V: Oxygen raw, SBE 43 [V]
# name 24 = sal00: Salinity, Practical [PSU]
# name 25 = sal11: Salinity, Practical, 2 [PSU]
# name 26 = sigma-é00: Density [sigma-theta, kg/m^3]
# name 27 = sigma-é11: Density, 2 [sigma-theta, kg/m^3]
# name 28 = sbeox0Mg/L: Oxygen, SBE 43 [mg/l], WS = 2
# name 29 = sbox0Mm/Kg: Oxygen, SBE 43 [umol/kg], WS = 2
# name 30 = sbeox0PS: Oxygen, SBE 43 [% saturation], WS = 2
# name 31 = flag: flag
# span 0 =     -2.977,    349.821       
# span 1 =        -70,       8397       
# span 2 =      1.006,    201.294       
# span 3 = -106.98006, -106.98000       
# span 4 =   17.02058,   17.02064       
# span 5 =      1.000,    200.000       
# span 6 =    11.9209,    26.9205       
# span 7 =    11.9221,    26.9192       
# span 8 =   3.976411,   5.406043       
# span 9 =   3.976668,   5.406224       
# span 10 = 7.1989e-02, 1.1904e+00      
# span 11 =    12.3350,    12.4326      
# span 12 =     4.4683,     4.5788      
# span 13 = 1.4331e-02, 2.1037e-01      
# span 14 =          0,          0      
# span 15 =     4.4683,     4.5788      
# span 16 =     0.0240,     0.3968      
# span 17 =     0.5091,     2.8237      
# span 18 =     0.0000,     0.0000      
# span 19 =     0.3614,     4.6809      
# span 20 =     0.0000,     0.0000      
# span 21 =    -0.1332,     0.6399      
# span 22 =     0.0000,     0.0000      
# span 23 =     0.5083,     2.8237      
# span 24 =    34.2297,    34.8016      
# span 25 =    34.2246,    34.8020      
# span 26 =    22.1907,    26.4206      
# span 27 =    22.1929,    26.4215      
# span 28 =     0.0386,     6.8169      
# span 29 =      1.176,    208.307      
# span 30 =      0.446,    101.885      
# span 31 = 0.0000e+00, 0.0000e+00      
# interval = meters: 1                  
# start_time = Apr 19 2018 12:06:31 [System UTC, first data scan.]
# bad_flag = -9.990e-29
*END*
[from data line 136]
    276.726       6642    137.865 -106.98002   17.02062    137.000    13.0547    13.0550   4.087076   4.087133 1.2637e-01    12.3482     4.5636 5.0671e-02          0     4.5636     0.0421     0.5110     0.0000     4.6253     0.0000     0.0049     0.0000     0.5102    34.8015    34.8018    26.2319    26.2321     0.0446      1.359      0.527 0.0000e+00
    277.541       6662    138.872 -106.98002   17.02062    138.000    13.0486    13.0493   4.086542   4.086650 1.2435e-01    12.3476     4.5643 5.0671e-02          0     4.5643     0.0414     0.5111     0.0000     4.5811     0.0000     0.0049     0.0000     0.5103    34.8016    34.8020    26.2333    26.2334     0.0443      1.350      0.523 0.0000e+00
    278.272       6680    139.879 -106.98002   17.02062    139.000    13.0395    13.0398   4.085671   4.085721 1.2412e-01    12.3474     4.5645 5.0671e-02          0     4.5645     0.0414     0.5107     0.0000     4.6189     0.0000     0.0049     0.0000     0.5098    34.8012    34.8015    26.2348    26.2349     0.0420      1.278      0.495 0.0000e+00
    278.997       6697    140.885 -106.98002   17.02062    140.000    13.0259    13.0266   4.084360   4.084446 1.2197e-01    12.3477     4.5642 5.0671e-02          0     4.5642     0.0407     0.5107     0.0000     4.5696     0.0000     0.0049     0.0000     0.5098    34.8008    34.8010    26.2372    26.2372     0.0434      1.323      0.512 0.0000e+00
    279.733       6715    141.892 -106.98002   17.02062    141.000    13.0099    13.0103   4.082780   4.082850 1.2034e-01    12.3477     4.5642 5.0671e-02          0     4.5642     0.0401     0.5108     0.0000     4.5925     0.0000     0.0049     0.0000     0.5099    34.8001    34.8003    26.2399    26.2400     0.0447      1.360      0.527 0.0000e+00
    280.488       6733    142.899 -106.98002   17.02062    142.000    12.9985    12.9989   4.081693   4.081781 1.2024e-01    12.3478     4.5641 5.0671e-02          0     4.5641     0.0401     0.5108     0.0000     4.5931     0.0000     0.0049     0.0000     0.5099    34.7998    34.8002    26.2420    26.2422     0.0460      1.401      0.542 0.0000e+00
    281.267       6751    143.905 -106.98002   17.02062    143.000    12.9851    12.9853   4.080340   4.080369 1.2015e-01    12.3474     4.5646 5.0671e-02          0     4.5646     0.0401     0.5112     0.0000     4.6447     0.0000     0.0049     0.0000     0.5104    34.7987    34.7988    26.2439    26.2439     0.0470      1.433      0.555 0.0000e+00
    282.068       6771    144.912 -106.98002   17.02062    144.000    12.8722    12.8713   4.069297   4.069125 1.0429e-01    12.3468     4.5652 5.0671e-02          0     4.5652     0.0348     0.5111     0.0000     4.6461     0.0000     0.0049     0.0000     0.5103    34.7968    34.7959    26.2649    26.2644     0.0433      1.320      0.510 0.0000e+00
    282.929       6791    145.918 -106.98002   17.02062    145.000    12.8369    12.8373   4.066077   4.066154 9.7525e-02    12.3466     4.5654 5.0671e-02          0     4.5654     0.0325     0.5106     0.0000     4.6470     0.0000     0.0049     0.0000     0.5098    34.7980    34.7984    26.2729    26.2732     0.0414      1.261      0.487 0.0000e+00
    284.185       6821    146.925 -106.98002   17.02062    146.000    12.8268    12.8240   4.065188   4.064886 9.6952e-02    12.3466     4.5654 5.0671e-02          0     4.5654     0.0323     0.5104     0.0000     4.6472     0.0000     0.0049     0.0000     0.5096    34.7985    34.7981    26.2753    26.2756     0.0425      1.294      0.499 0.0000e+00
    287.171       6893    147.932 -106.98002   17.02062    147.000    12.8605    12.8466   4.068375   4.067043 1.0375e-01    12.3470     4.5650 5.0671e-02          0     4.5650     0.0346     0.5106     0.0000     4.6485     0.0000     0.0049     0.0000     0.5098    34.7974    34.7975    26.2678    26.2707     0.0446      1.359      0.525 0.0000e+00
    288.374       6922    148.939 -106.98002   17.02062    148.000    12.7288    12.7284   4.055047   4.055051 9.5241e-02    12.3469     4.5651 5.0671e-02          0     4.5651     0.0317     0.5104     0.0000     4.6465     0.0000     0.0049     0.0000     0.5096    34.7908    34.7912    26.2888    26.2892     0.0419      1.275      0.491 0.0000e+00
    289.160       6941    149.945 -106.98002   17.02062    149.000    12.6979    12.6982   4.051968   4.052032 9.5235e-02    12.3468     4.5652 5.0671e-02          0     4.5652     0.0317     0.5105     0.0000     4.6362     0.0000     0.0049     0.0000     0.5097    34.7893    34.7896    26.2938    26.2940     0.0440      1.341      0.516 0.0000e+00
    289.843       6957    150.952 -106.98002   17.02062    150.000    12.6730    12.6729   4.049449   4.049465 9.3257e-02    12.3467     4.5653 5.0671e-02          0     4.5653     0.0311     0.5105     0.0000     4.6462     0.0000     0.0049     0.0000     0.5097    34.7877    34.7880    26.2975    26.2978     0.0431      1.313      0.505 0.0000e+00
    290.505       6973    151.959 -106.98002   17.02062    151.000    12.6507    12.6510   4.047248   4.047332 9.1745e-02    12.3468     4.5652 5.0671e-02          0     4.5652     0.0306     0.5104     0.0000     4.6457     0.0000     0.0049     0.0000     0.5096    34.7867    34.7873    26.3012    26.3015     0.0427      1.301      0.500 0.0000e+00
    291.166       6989    152.966 -106.98002   17.02062    152.000    12.6378    12.6381   4.045966   4.046055 9.1575e-02    12.3467     4.5653 5.0671e-02          0     4.5653     0.0305     0.5104     0.0000     4.6463     0.0000     0.0049     0.0000     0.5096    34.7859    34.7865    26.3031    26.3035     0.0432      1.314      0.505 0.0000e+00
    291.880       7006    153.972 -106.98002   17.02062    153.000    12.6280    12.6286   4.044955   4.045048 9.1774e-02    12.3466     4.5654 5.0671e-02          0     4.5654     0.0306     0.5104     0.0000     4.6473     0.0000     0.0049     0.0000     0.5096    34.7848    34.7852    26.3042    26.3044     0.0433      1.318      0.506 0.0000e+00
    292.656       7025    154.979 -106.98002   17.02062    154.000    12.6148    12.6154   4.043665   4.043820 9.1007e-02    12.3466     4.5654 5.0671e-02          0     4.5654     0.0303     0.5104     0.0000     4.6482     0.0000     0.0049     0.0000     0.5096    34.7842    34.7851    26.3064    26.3069     0.0433      1.319      0.507 0.0000e+00
    293.493       7045    155.986 -106.98002   17.02062    155.000    12.6144    12.6151   4.043688   4.043849 9.1744e-02    12.3467     4.5653 5.0671e-02          0     4.5653     0.0306     0.5104     0.0000     4.6486     0.0000     0.0049     0.0000     0.5096    34.7843    34.7853    26.3066    26.3072     0.0426      1.297      0.498 0.0000e+00
    294.407       7067    156.992 -106.98002   17.02064    156.000    12.6176    12.6181   4.044224   4.044388 8.9514e-02    12.3463     4.5657 5.0671e-02          0     4.5657     0.0298     0.5103     0.0000     4.6495     0.0000     0.0049     0.0000     0.5094    34.7862    34.7872    26.3074    26.3081     0.0425      1.293      0.497 0.0000e+00
    295.663       7097    157.999 -106.98002   17.02064    157.000    12.6216    12.6222   4.044825   4.044978 8.8539e-02    12.3462     4.5659 5.0671e-02          0     4.5659     0.0295     0.5102     0.0000     4.6497     0.0000     0.0049     0.0000     0.5094    34.7877    34.7887    26.3078    26.3085     0.0421      1.283      0.493 0.0000e+00
    297.278       7136    159.006 -106.98002   17.02064    158.000    12.6216    12.6219   4.044942   4.045081 8.8338e-02    12.3462     4.5659 5.0671e-02          0     4.5659     0.0294     0.5102     0.0000     4.6500     0.0000     0.0049     0.0000     0.5094    34.7885    34.7895    26.3084    26.3092     0.0433      1.317      0.506 0.0000e+00
    298.420       7163    160.013 -106.98002   17.02064    159.000    12.5855    12.5843   4.041048   4.040984 8.8550e-02    12.3460     4.5661 5.0671e-02          0     4.5661     0.0295     0.5103     0.0000     4.6499     0.0000     0.0049     0.0000     0.5095    34.7839    34.7844    26.3120    26.3127     0.0434      1.322      0.508 0.0000e+00
    299.333       7185    161.019 -106.98002   17.02064    160.000    12.5675    12.5681   4.039172   4.039311 8.9307e-02    12.3468     4.5652 5.0671e-02          0     4.5652     0.0298     0.5103     0.0000     4.6489     0.0000     0.0049     0.0000     0.5095    34.7821    34.7829    26.3142    26.3147     0.0433      1.320      0.506 0.0000e+00
    300.297       7208    162.026 -106.98002   17.02064    161.000    12.5482    12.5492   4.037196   4.037370 8.8198e-02    12.3468     4.5652 5.0671e-02          0     4.5652     0.0294     0.5104     0.0000     4.6465     0.0000     0.0049     0.0000     0.5095    34.7805    34.7813    26.3167    26.3171     0.0430      1.310      0.502 0.0000e+00
    301.450       7236    163.033 -106.98002   17.02063    162.000    12.5268    12.5275   4.035274   4.035461 8.7511e-02    12.3466     4.5655 5.0671e-02          0     4.5655     0.0292     0.5104     0.0000     4.6427     0.0000     0.0049     0.0000     0.5096    34.7814    34.7825    26.3216    26.3224     0.0431      1.313      0.504 0.0000e+00
    302.622       7264    164.040 -106.98002   17.02062    163.000    12.5303    12.5315   4.035997   4.036257 8.4419e-02    12.3461     4.5660 5.0671e-02          0     4.5660     0.0282     0.5102     0.0000     4.6274     0.0000     0.0049     0.0000     0.5094    34.7846    34.7860    26.3235    26.3244     0.0426      1.296      0.497 0.0000e+00
    303.558       7286    165.046 -106.98002   17.02062    164.000    12.5278    12.5280   4.035907   4.035988 8.3068e-02    12.3455     4.5667 5.0671e-02          0     4.5667     0.0277     0.5103     0.0000     4.6512     0.0000     0.0049     0.0000     0.5095    34.7857    34.7863    26.3248    26.3252     0.0428      1.305      0.500 0.0000e+00
    304.364       7306    166.053 -106.98002   17.02062    165.000    12.4830    12.4827   4.031203   4.031263 8.2780e-02    12.3460     4.5662 5.0671e-02          0     4.5662     0.0276     0.5102     0.0000     4.6510     0.0000     0.0049     0.0000     0.5094    34.7814    34.7822    26.3303    26.3310     0.0431      1.313      0.503 0.0000e+00
    305.184       7325    167.060 -106.98002   17.02062    166.000    12.4555    12.4552   4.028520   4.028549 8.1690e-02    12.3457     4.5665 5.0671e-02          0     4.5665     0.0273     0.5103     0.0000     4.6521     0.0000     0.0049     0.0000     0.5095    34.7806    34.7810    26.3350    26.3355     0.0426      1.296      0.496 0.0000e+00
    306.131       7348    168.067 -106.98002   17.02062    167.000    12.4377    12.4382   4.026763   4.026919 8.0873e-02    12.3458     4.5664 5.0671e-02          0     4.5664     0.0270     0.5101     0.0000     4.6528     0.0000     0.0049     0.0000     0.5093    34.7796    34.7807    26.3378    26.3385     0.0419      1.276      0.488 0.0000e+00
    307.233       7375    169.074 -106.98002   17.02062    168.000    12.4333    12.4338   4.026350   4.026522 8.2423e-02    12.3458     4.5664 5.0671e-02          0     4.5664     0.0275     0.5102     0.0000     4.6530     0.0000     0.0049     0.0000     0.5094    34.7793    34.7805    26.3384    26.3392     0.0424      1.290      0.494 0.0000e+00
    308.346       7401    170.080 -106.98002   17.02062    169.000    12.4313    12.4315   4.026226   4.026361 8.0566e-02    12.3457     4.5665 5.0671e-02          0     4.5665     0.0269     0.5101     0.0000     4.6533     0.0000     0.0049     0.0000     0.5092    34.7795    34.7806    26.3390    26.3398     0.0427      1.299      0.497 0.0000e+00
    309.358       7426    171.087 -106.98002   17.02062    170.000    12.4183    12.4182   4.024973   4.025073 8.1046e-02    12.3455     4.5667 5.0671e-02          0     4.5667     0.0271     0.5102     0.0000     4.6526     0.0000     0.0049     0.0000     0.5094    34.7790    34.7801    26.3412    26.3420     0.0426      1.298      0.497 0.0000e+00
    310.328       7449    172.094 -106.98002   17.02062    171.000    12.4063    12.4069   4.023969   4.024162 8.0588e-02    12.3453     4.5670 5.0671e-02          0     4.5670     0.0269     0.5101     0.0000     4.6508     0.0000     0.0049     0.0000     0.5093    34.7800    34.7814    26.3443    26.3452     0.0416      1.266      0.484 0.0000e+00
    311.353       7473    173.101 -106.98002   17.02062    172.000    12.4039    12.4043   4.023860   4.024027 7.8860e-02    12.3451     4.5672 5.0671e-02          0     4.5672     0.0263     0.5100     0.0000     4.6482     0.0000     0.0049     0.0000     0.5092    34.7808    34.7820    26.3454    26.3463     0.0417      1.269      0.485 0.0000e+00
    312.505       7501    174.108 -106.98002   17.02062    173.000    12.3784    12.3776   4.021313   4.021355 7.8368e-02    12.3446     4.5677 5.0671e-02          0     4.5677     0.0261     0.5099     0.0000     4.6512     0.0000     0.0049     0.0000     0.5091    34.7794    34.7805    26.3493    26.3503     0.0409      1.246      0.476 0.0000e+00
    313.715       7530    175.115 -106.98002   17.02062    174.000    12.3552    12.3552   4.018958   4.019071 7.7296e-02    12.3447     4.5677 5.0671e-02          0     4.5677     0.0257     0.5098     0.0000     4.6513     0.0000     0.0049     0.0000     0.5090    34.7776    34.7788    26.3524    26.3533     0.0413      1.256      0.480 0.0000e+00
    314.732       7555    176.121 -106.98002   17.02062    175.000    12.3468    12.3472   4.018103   4.018277 7.8024e-02    12.3447     4.5677 5.0671e-02          0     4.5677     0.0260     0.5099     0.0000     4.6490     0.0000     0.0049     0.0000     0.5091    34.7768    34.7781    26.3535    26.3544     0.0411      1.250      0.478 0.0000e+00
    315.565       7575    177.128 -106.98002   17.02062    176.000    12.3296    12.3294   4.016282   4.016375 7.7655e-02    12.3450     4.5673 5.0671e-02          0     4.5673     0.0259     0.5099     0.0000     4.6501     0.0000     0.0049     0.0000     0.5090    34.7746    34.7757    26.3551    26.3560     0.0419      1.278      0.488 0.0000e+00
    316.362       7594    178.135 -106.98002   17.02062    177.000    12.3065    12.3067   4.013963   4.014100 7.6916e-02    12.3452     4.5671 5.0671e-02          0     4.5671     0.0256     0.5100     0.0000     4.6526     0.0000     0.0049     0.0000     0.5092    34.7732    34.7743    26.3586    26.3594     0.0421      1.281      0.489 0.0000e+00
    317.311       7616    179.142 -106.98002   17.02062    178.000    12.2952    12.2953   4.012816   4.012937 7.7054e-02    12.3448     4.5676 5.0671e-02          0     4.5676     0.0256     0.5098     0.0000     4.6537     0.0000     0.0049     0.0000     0.5090    34.7722    34.7733    26.3599    26.3608     0.0410      1.248      0.476 0.0000e+00
    318.677       7649    180.149 -106.98002   17.02062    179.000    12.2832    12.2833   4.011623   4.011770 7.7766e-02    12.3446     4.5678 5.0671e-02          0     4.5678     0.0259     0.5097     0.0000     4.6542     0.0000     0.0049     0.0000     0.5089    34.7713    34.7726    26.3616    26.3626     0.0404      1.232      0.470 0.0000e+00
    319.919       7679    181.156 -106.98002   17.02062    180.000    12.2720    12.2721   4.010535   4.010684 7.7068e-02    12.3447     4.5677 5.0671e-02          0     4.5677     0.0257     0.5097     0.0000     4.6539     0.0000     0.0049     0.0000     0.5089    34.7708    34.7721    26.3634    26.3644     0.0407      1.241      0.473 0.0000e+00
    320.828       7701    182.162 -106.98002   17.02062    181.000    12.2433    12.2430   4.007607   4.007699 7.6924e-02    12.3446     4.5678 5.0664e-02          0     4.5678     0.0256     0.5096     0.0000     4.6534     0.0000     0.0048     0.0000     0.5088    34.7686    34.7698    26.3672    26.3682     0.0407      1.239      0.472 0.0000e+00
