data/ctd-cnv/RR1804/Station32_cast44.cnv
* Sea-Bird SBE 9 Data File:
* FileName = C:\CTD\RR1805\Station32_cast44.hex
* Software Version Seasave V 7.26.6.26
* Temperature SN = 4307
* Conductivity SN = 4650
* Number of Bytes Per Scan = 44
* Number of Voltage Words = 5
* Number of Scans Averaged by the Deck Unit = 1
* NMEA Latitude = 16 55.62 N
* NMEA Longitude = 107 00.91 W
* NMEA UTC (Time) = Apr 15 2018 22:01:43
** Ship: Revell
** Station: 32 (P2)
** Operator: clara
** cast 44
# nquan = 32
# nvalues = 403                         
# units = specified
# name 0 = timeS: Time, Elapsed [seconds]
# name 1 = scan: Scan Count
# name 2 = prDM: Pressure, Digiquartz [db]
# name 3 = longitude: Longitude [deg]
# name 4 = latitude: Latitude [deg]
# name 5 = depSMignore: Depth [salt water, m]
# name 6 = t090C: Temperature [ITS-90, deg C]
# name 7 = t190C: Temperature, 2 [ITS-90, deg C]
# name 8 = c0S/m: Conductivity [S/m]
# name 9 = c1S/m: Conductivity, 2 [S/m]
# name 10 = flSP: Fluorescence, Seapoint
# name 11 = CStarAt0: Beam Attenuation, WET Labs C-Star [1/m]
# name 12 = CStarTr0: Beam Transmission, WET Labs C-Star [%]
# name 13 = par: PAR/Irradiance, Biospherical/Licor
# name 14 = modError: Modulo Error Count
# name 15 = v0: Voltage 0
# name 16 = v1: Voltage 1
# name 17 = v2: Voltage 2
# name 18 = v3: Voltage 3
# name 19 = v4: Voltage 4
# name 20 = v5: Voltage 5
# name 21 = v6: Voltage 6
# name 22 = v7: Voltage 7
# name 23 = sbeox0V: Oxygen raw, SBE 43 [V]
# name 24 = sal00: Salinity, Practical [PSU]
# name 25 = sal11: Salinity, Practical, 2 [PSU]
# name 26 = sigma-é00: Density [sigma-theta, kg/m^3]
# name 27 = sigma-é11: Density, 2 [sigma-theta, kg/m^3]
# name 28 = sbeox0Mg/L: Oxygen, SBE 43 [mg/l], WS = 2
# name 29 = sbox0Mm/Kg: Oxygen, SBE 43 [umol/kg], WS = 2
# name 30 = sbeox0PS: Oxygen, SBE 43 [% saturation], WS = 2
# name 31 = flag: flag
# span 0 =     30.233,    898.803       
# span 1 =        727,      21572       
# span 2 =      1.006,    405.805       
# span 3 = -107.01530, -107.01526       
# span 4 =   16.92704,   16.92708       
# span 5 =      1.000,    403.000       
# span 6 =     9.1273,    26.7446       
# span 7 =     9.1075,    26.7571       
# span 8 =   3.706915,   5.395344       
# span 9 =   3.705225,   5.667820       
# span 10 = 6.7864e-02, 1.5507e+00      
# span 11 =    12.0689,    15.1471      
# span 12 =     4.2167,     4.5865      
# span 13 = 5.0666e-02, 1.2650e+03      
# span 14 =          0,          0      
# span 15 =     4.2167,     4.5865      
# span 16 =     0.0226,     0.5169      
# span 17 =     0.5060,     2.8306      
# span 18 =     0.0000,     0.0000      
# span 19 =     0.4135,     4.7738      
# span 20 =     0.0000,     0.0000      
# span 21 =     0.0049,     4.0509      
# span 22 =     0.0000,     0.0000      
# span 23 =     0.5054,     2.8307      
# span 24 =    34.1898,    34.8036      
# span 25 =    34.1848,    36.2697      
# span 26 =    22.2657,    26.7956      
# span 27 =    22.3474,    26.7999      
# span 28 =     0.0302,     6.8003      
# span 29 =      0.920,    207.801      
# span 30 =      0.328,    102.062      
# span 31 = 0.0000e+00, 0.0000e+00      
# interval = meters: 1                  
# start_time = Apr 15 2018 22:02:18 [System UTC, first data scan.]
# bad_flag = -9.990e-29
*END*
[from data line 182]
    543.628      13048    184.176 -107.01530   16.92708    183.000    12.2161    12.2166   4.006835   4.006914 7.2716e-02    12.3413     4.5715 5.0671e-02          0     4.5715     0.0242     0.5089     0.0000     4.5518     0.0000     0.0049     0.0000     0.5081    34.7855    34.7858    26.3857    26.3859     0.0375      1.142      0.435 0.0000e+00
    544.735      13075    185.182 -107.01528   16.92706    184.000    12.2058    12.2061   4.005788   4.005854 7.2823e-02    12.3417     4.5711 5.0671e-02          0     4.5711     0.0243     0.5089     0.0000     4.5314     0.0000     0.0049     0.0000     0.5081    34.7845    34.7848    26.3870    26.3871     0.0378      1.150      0.438 0.0000e+00
    545.843      13101    186.189 -107.01528   16.92706    185.000    12.1905    12.1902   4.004239   4.004237 7.2500e-02    12.3414     4.5714 5.0671e-02          0     4.5714     0.0242     0.5088     0.0000     4.5305     0.0000     0.0049     0.0000     0.5080    34.7833    34.7835    26.3889    26.3892     0.0378      1.152      0.439 0.0000e+00
    547.118      13132    187.196 -107.01528   16.92706    186.000    12.1803    12.1807   4.003351   4.003434 7.2084e-02    12.3413     4.5715 5.0671e-02          0     4.5715     0.0240     0.5088     0.0000     4.5288     0.0000     0.0049     0.0000     0.5080    34.7837    34.7841    26.3912    26.3915     0.0374      1.138      0.433 0.0000e+00
    548.689      13170    188.203 -107.01528   16.92706    187.000    12.1661    12.1662   4.002116   4.002161 7.1745e-02    12.3411     4.5717 5.0671e-02          0     4.5717     0.0239     0.5088     0.0000     4.5975     0.0000     0.0049     0.0000     0.5080    34.7844    34.7848    26.3946    26.3949     0.0373      1.137      0.433 0.0000e+00
    550.188      13206    189.210 -107.01528   16.92706    188.000    12.1230    12.1233   3.997779   3.997847 7.1104e-02    12.3409     4.5719 5.0671e-02          0     4.5719     0.0237     0.5089     0.0000     4.5678     0.0000     0.0049     0.0000     0.5081    34.7819    34.7824    26.4009    26.4012     0.0387      1.179      0.448 0.0000e+00
    551.295      13232    190.217 -107.01528   16.92707    189.000    12.1073    12.1078   3.996270   3.996346 7.1279e-02    12.3408     4.5721 5.0671e-02          0     4.5721     0.0238     0.5087     0.0000     4.5836     0.0000     0.0049     0.0000     0.5079    34.7815    34.7818    26.4036    26.4038     0.0358      1.091      0.415 0.0000e+00
    552.170      13253    191.224 -107.01528   16.92708    190.000    12.0969    12.0975   3.995292   3.995399 7.0752e-02    12.3404     4.5725 5.0671e-02          0     4.5725     0.0236     0.5087     0.0000     4.6230     0.0000     0.0049     0.0000     0.5079    34.7812    34.7817    26.4054    26.4056     0.0368      1.121      0.426 0.0000e+00
    552.934      13271    192.230 -107.01528   16.92708    191.000    12.0922    12.0928   3.994869   3.994972 7.2033e-02    12.3407     4.5721 5.0671e-02          0     4.5721     0.0240     0.5085     0.0000     4.6257     0.0000     0.0049     0.0000     0.5077    34.7811    34.7815    26.4062    26.4065     0.0367      1.118      0.425 0.0000e+00
    553.653      13289    193.238 -107.01528   16.92708    192.000    12.0833    12.0834   3.993960   3.993982 7.2579e-02    12.3407     4.5722 5.0671e-02          0     4.5722     0.0242     0.5086     0.0000     4.6274     0.0000     0.0049     0.0000     0.5078    34.7801    34.7801    26.4072    26.4072     0.0389      1.184      0.450 0.0000e+00
    554.369      13306    194.244 -107.01528   16.92708    193.000    12.0440    12.0441   3.990064   3.990091 7.1541e-02    12.3400     4.5729 5.0671e-02          0     4.5729     0.0238     0.5089     0.0000     4.6322     0.0000     0.0049     0.0000     0.5081    34.7783    34.7785    26.4134    26.4135     0.0395      1.201      0.456 0.0000e+00
    555.078      13323    195.251 -107.01530   16.92708    194.000    12.0151    12.0150   3.987180   3.987193 7.3246e-02    12.3397     4.5733 5.0671e-02          0     4.5733     0.0244     0.5090     0.0000     4.6299     0.0000     0.0049     0.0000     0.5082    34.7768    34.7769    26.4177    26.4178     0.0390      1.186      0.450 0.0000e+00
    555.758      13339    196.258 -107.01530   16.92708    195.000    11.9902    11.9906   3.984752   3.984827 7.2023e-02    12.3396     4.5734 5.0671e-02          0     4.5734     0.0240     0.5089     0.0000     4.6302     0.0000     0.0049     0.0000     0.5081    34.7758    34.7762    26.4217    26.4219     0.0381      1.159      0.439 0.0000e+00
    556.419      13355    197.265 -107.01530   16.92708    196.000    11.9692    11.9695   3.982639   3.982687 7.1890e-02    12.3403     4.5726 5.0671e-02          0     4.5726     0.0240     0.5090     0.0000     4.5931     0.0000     0.0049     0.0000     0.5082    34.7744    34.7745    26.4246    26.4247     0.0369      1.123      0.425 0.0000e+00
    557.134      13372    198.272 -107.01530   16.92708    197.000    11.9305    11.9304   3.978685   3.978645 7.1036e-02    12.3395     4.5735 5.0671e-02          0     4.5735     0.0237     0.5085     0.0000     4.6070     0.0000     0.0049     0.0000     0.5077    34.7715    34.7711    26.4297    26.4295     0.0357      1.087      0.412 0.0000e+00
    558.241      13399    199.279 -107.01530   16.92708    198.000    11.9047    11.8947   3.976341   3.975263 7.2515e-02    12.3393     4.5738 5.0671e-02          0     4.5738     0.0242     0.5085     0.0000     4.6210     0.0000     0.0049     0.0000     0.5077    34.7722    34.7710    26.4352    26.4361     0.0354      1.077      0.407 0.0000e+00
    560.982      13465    200.286 -107.01530   16.92708    199.000    11.9548    11.9575   3.981238   3.981595 7.0519e-02    12.3394     4.5737 5.0671e-02          0     4.5737     0.0235     0.5084     0.0000     4.6048     0.0000     0.0049     0.0000     0.5076    34.7728    34.7738    26.4262    26.4264     0.0375      1.141      0.432 0.0000e+00
    562.532      13502    201.293 -107.01530   16.92708    200.000    11.8774    11.8783   3.973531   3.973689 7.1591e-02    12.3392     4.5739 5.0671e-02          0     4.5739     0.0239     0.5085     0.0000     4.6045     0.0000     0.0049     0.0000     0.5077    34.7694    34.7701    26.4383    26.4386     0.0359      1.093      0.414 0.0000e+00
    563.440      13524    202.300 -107.01530   16.92708    201.000    11.8697    11.8698   3.972736   3.972808 7.1524e-02    12.3390     4.5742 5.0671e-02          0     4.5742     0.0238     0.5084     0.0000     4.6005     0.0000     0.0049     0.0000     0.5076    34.7684    34.7690    26.4390    26.4394     0.0370      1.127      0.426 0.0000e+00
    564.170      13541    203.307 -107.01530   16.92708    202.000    11.8356    11.8357   3.969322   3.969384 7.2552e-02    12.3387     4.5745 5.0671e-02          0     4.5745     0.0242     0.5085     0.0000     4.6248     0.0000     0.0049     0.0000     0.5077    34.7664    34.7669    26.4438    26.4442     0.0373      1.136      0.429 0.0000e+00
    564.833      13557    204.314 -107.01530   16.92708    203.000    11.8181    11.8185   3.967633   3.967744 7.3260e-02    12.3387     4.5745 5.0671e-02          0     4.5745     0.0244     0.5086     0.0000     4.5956     0.0000     0.0049     0.0000     0.5078    34.7658    34.7665    26.4467    26.4472     0.0361      1.100      0.416 0.0000e+00
    565.478      13572    205.321 -107.01530   16.92708    204.000    11.8113    11.8118   3.966969   3.967091 7.2803e-02    12.3390     4.5741 5.0671e-02          0     4.5741     0.0243     0.5084     0.0000     4.5255     0.0000     0.0049     0.0000     0.5076    34.7652    34.7659    26.4475    26.4480     0.0351      1.070      0.404 0.0000e+00
    566.142      13588    206.328 -107.01530   16.92708    205.000    11.8074    11.8078   3.966610   3.966724 7.1582e-02    12.3389     4.5742 5.0671e-02          0     4.5742     0.0239     0.5083     0.0000     4.5251     0.0000     0.0049     0.0000     0.5075    34.7648    34.7656    26.4480    26.4485     0.0356      1.084      0.409 0.0000e+00
    566.921      13607    207.335 -107.01530   16.92708    206.000    11.8019    11.8024   3.966078   3.966202 7.2847e-02    12.3388     4.5744 5.0671e-02          0     4.5744     0.0243     0.5083     0.0000     4.5254     0.0000     0.0049     0.0000     0.5075    34.7644    34.7651    26.4488    26.4492     0.0352      1.071      0.404 0.0000e+00
    567.960      13632    208.342 -107.01529   16.92708    207.000    11.7988    11.7993   3.965808   3.965938 7.2639e-02    12.3384     4.5749 5.0671e-02          0     4.5749     0.0242     0.5082     0.0000     4.5965     0.0000     0.0049     0.0000     0.5074    34.7642    34.7650    26.4492    26.4498     0.0354      1.079      0.407 0.0000e+00
    569.590      13671    209.349 -107.01528   16.92708    208.000    11.7959    11.7966   3.965576   3.965717 7.1791e-02    12.3387     4.5745 5.0671e-02          0     4.5745     0.0239     0.5081     0.0000     4.6250     0.0000     0.0049     0.0000     0.5073    34.7642    34.7649    26.4498    26.4502     0.0356      1.084      0.409 0.0000e+00
    571.191      13710    210.356 -107.01528   16.92708    209.000    11.7923    11.7929   3.965275   3.965428 7.1687e-02    12.3394     4.5737 5.0671e-02          0     4.5737     0.0239     0.5082     0.0000     4.6276     0.0000     0.0049     0.0000     0.5074    34.7641    34.7651    26.4504    26.4511     0.0353      1.076      0.406 0.0000e+00
    572.226      13734    211.363 -107.01528   16.92708    210.000    11.7888    11.7892   3.964981   3.965088 7.1764e-02    12.3390     4.5742 5.0671e-02          0     4.5742     0.0239     0.5081     0.0000     4.6223     0.0000     0.0049     0.0000     0.5073    34.7641    34.7648    26.4511    26.4516     0.0360      1.097      0.414 0.0000e+00
    573.049      13754    212.370 -107.01528   16.92708    211.000    11.7845    11.7848   3.964594   3.964691 7.1717e-02    12.3385     4.5747 5.0671e-02          0     4.5747     0.0239     0.5082     0.0000     4.5443     0.0000     0.0049     0.0000     0.5074    34.7639    34.7646    26.4518    26.4523     0.0363      1.106      0.417 0.0000e+00
    573.823      13773    213.377 -107.01528   16.92708    212.000    11.7741    11.7739   3.963569   3.963611 7.1425e-02    12.3387     4.5745 5.0671e-02          0     4.5745     0.0238     0.5082     0.0000     4.5913     0.0000     0.0049     0.0000     0.5074    34.7632    34.7637    26.4532    26.4537     0.0360      1.095      0.413 0.0000e+00
    574.592      13791    214.384 -107.01528   16.92708    213.000    11.7569    11.7570   3.961843   3.961938 7.2890e-02    12.3387     4.5745 5.0671e-02          0     4.5745     0.0243     0.5082     0.0000     4.6047     0.0000     0.0049     0.0000     0.5075    34.7619    34.7627    26.4555    26.4561     0.0360      1.095      0.413 0.0000e+00
    575.399      13811    215.391 -107.01528   16.92708    214.000    11.7403    11.7406   3.960198   3.960287 7.2676e-02    12.3388     4.5743 5.0671e-02          0     4.5743     0.0242     0.5081     0.0000     4.6054     0.0000     0.0049     0.0000     0.5074    34.7609    34.7615    26.4578    26.4582     0.0353      1.075      0.405 0.0000e+00
    576.275      13832    216.398 -107.01528   16.92708    215.000    11.7248    11.7250   3.958631   3.958719 7.1474e-02    12.3387     4.5745 5.0671e-02          0     4.5745     0.0238     0.5081     0.0000     4.6039     0.0000     0.0049     0.0000     0.5074    34.7596    34.7602    26.4598    26.4602     0.0360      1.095      0.413 0.0000e+00
    577.186      13853    217.405 -107.01528   16.92708    216.000    11.7121    11.7125   3.957365   3.957483 7.4187e-02    12.3385     4.5747 5.0671e-02          0     4.5747     0.0247     0.5081     0.0000     4.6160     0.0000     0.0049     0.0000     0.5074    34.7586    34.7594    26.4614    26.4619     0.0358      1.091      0.411 0.0000e+00
    578.141      13876    218.412 -107.01528   16.92708    217.000    11.6980    11.6980   3.955937   3.956013 7.2649e-02    12.3388     4.5744 5.0671e-02          0     4.5744     0.0242     0.5082     0.0000     4.6027     0.0000     0.0049     0.0000     0.5074    34.7574    34.7580    26.4631    26.4636     0.0369      1.124      0.423 0.0000e+00
    579.184      13901    219.419 -107.01529   16.92708    218.000    11.6715    11.6700   3.953224   3.953092 7.1994e-02    12.3393     4.5738 5.0671e-02          0     4.5738     0.0240     0.5083     0.0000     4.6154     0.0000     0.0049     0.0000     0.5076    34.7551    34.7552    26.4663    26.4666     0.0371      1.130      0.426 0.0000e+00
    580.373      13930    220.426 -107.01530   16.92708    219.000    11.5825    11.5794   3.944181   3.943890 7.2904e-02    12.3382     4.5751 5.0666e-02          0     4.5751     0.0243     0.5081     0.0000     4.6281     0.0000     0.0049     0.0000     0.5074    34.7491    34.7492    26.4783    26.4789     0.0348      1.060      0.399 0.0000e+00
    581.745      13963    221.433 -107.01530   16.92708    220.000    11.5551    11.5557   3.941419   3.941545 7.3042e-02    12.3382     4.5751 5.0671e-02          0     4.5751     0.0243     0.5081     0.0000     4.6290     0.0000     0.0049     0.0000     0.5074    34.7472    34.7478    26.4819    26.4823     0.0360      1.096      0.412 0.0000e+00
    582.979      13992    222.440 -107.01530   16.92708    221.000    11.5449    11.5452   3.940430   3.940547 7.3677e-02    12.3403     4.5727 5.0671e-02          0     4.5727     0.0245     0.5080     0.0000     4.6289     0.0000     0.0049     0.0000     0.5073    34.7466    34.7475    26.4834    26.4840     0.0356      1.084      0.407 0.0000e+00
    584.012      14017    223.447 -107.01530   16.92708    222.000    11.5379    11.5386   3.939811   3.939979 7.3094e-02    12.3391     4.5740 5.0671e-02          0     4.5740     0.0243     0.5081     0.0000     4.6298     0.0000     0.0049     0.0000     0.5074    34.7466    34.7476    26.4847    26.4853     0.0358      1.089      0.409 0.0000e+00
    584.935      14039    224.454 -107.01530   16.92708    223.000    11.5349    11.5353   3.939569   3.939699 7.2097e-02    12.3382     4.5751 5.0671e-02          0     4.5751     0.0240     0.5081     0.0000     4.6094     0.0000     0.0049     0.0000     0.5074    34.7466    34.7475    26.4853    26.4859     0.0357      1.087      0.408 0.0000e+00
    585.816      14061    225.461 -107.01530   16.92708    224.000    11.5302    11.5306   3.939158   3.939300 7.3080e-02    12.3383     4.5750 5.0671e-02          0     4.5750     0.0243     0.5080     0.0000     4.5190     0.0000     0.0049     0.0000     0.5073    34.7465    34.7475    26.4861    26.4868     0.0350      1.066      0.400 0.0000e+00
    586.744      14083    226.468 -107.01530   16.92708    225.000    11.5256    11.5259   3.938737   3.938832 7.0431e-02    12.3382     4.5750 5.0671e-02          0     4.5750     0.0235     0.5080     0.0000     4.4570     0.0000     0.0049     0.0000     0.5073    34.7463    34.7469    26.4868    26.4873     0.0360      1.095      0.411 0.0000e+00
    587.740      14107    227.475 -107.01530   16.92708    226.000    11.5178    11.5183   3.938021   3.938169 7.3232e-02    12.3385     4.5748 5.0671e-02          0     4.5748     0.0244     0.5081     0.0000     4.5783     0.0000     0.0049     0.0000     0.5074    34.7461    34.7470    26.4881    26.4888     0.0353      1.076      0.404 0.0000e+00
