data/ctd-cnv/RR1804/Station32_cast56.cnv
* Sea-Bird SBE 9 Data File:
* FileName = C:\CTD\RR1805\Station32_cast56.hex
* Software Version Seasave V 7.26.6.26
* Temperature SN = 4307
* Conductivity SN = 4650
* Number of Bytes Per Scan = 44
* Number of Voltage Words = 5
* Number of Scans Averaged by the Deck Unit = 1
* NMEA Latitude = 16 59.06 N
* NMEA Longitude = 106 58.73 W
* NMEA UTC (Time) = Apr 20 2018 06:06:48
** Ship: Revell
** Station: On Deck
** Operator: nak
** cast56
# nquan = 32
# nvalues = 202                         
# units = specified
# name 0 = timeS: Time, Elapsed [seconds]
# name 1 = scan: Scan Count
# name 2 = prDM: Pressure, Digiquartz [db]
# name 3 = longitude: Longitude [deg]
# name 4 = latitude: Latitude [deg]
# name 5 = depSM: Depth [salt water, m]
# name 6 = t090C: Temperature [ITS-90, deg C]
# name 7 = t190C: Temperature, 2 [ITS-90, deg C]
# name 8 = c0S/m: Conductivity [S/m]
# name 9 = c1S/m: Conductivity, 2 [S/m]
# name 10 = flSP: Fluorescence, Seapoint
# name 11 = CStarAt0: Beam Attenuation, WET Labs C-Star [1/m]
# name 12 = CStarTr0: Beam Transmission, WET Labs C-Star [%]
# name 13 = par: PAR/Irradiance, Biospherical/Licor
# name 14 = modError: Modulo Error Count
# name 15 = v0: Voltage 0
# name 16 = v1: Voltage 1
# name 17 = v2: Voltage 2
# name 18 = v3: Voltage 3
# name 19 = v4: Voltage 4
# name 20 = v5: Voltage 5
# name 21 = v6: Voltage 6
# name 22 = v7: Voltage 7
# name 23 = sbeox0V: Oxygen raw, SBE 43 [V]
# name 24 = sal00: Salinity, Practical [PSU]
# name 25 = sal11: Salinity, Practical, 2 [PSU]
# name 26 = sigma-é00: Density [sigma-theta, kg/m^3]
# name 27 = sigma-é11: Density, 2 [sigma-theta, kg/m^3]
# name 28 = sbeox0Mg/L: Oxygen, SBE 43 [mg/l], WS = 2
# name 29 = sbox0Mm/Kg: Oxygen, SBE 43 [umol/kg], WS = 2
# name 30 = sbeox0PS: Oxygen, SBE 43 [% saturation], WS = 2
# name 31 = flag: flag
# span 0 =     49.956,    527.663       
# span 1 =       1200,      12665       
# span 2 =      1.006,    203.307       
# span 3 = -106.97886, -106.97884       
# span 4 =   16.98430,   16.98438       
# span 5 =      1.000,    202.000       
# span 6 =    12.0512,    26.9277       
# span 7 =    12.0475,    28.1160       
# span 8 =   3.990811,   5.487899       
# span 9 = -10.000036,  45.716303       
# span 10 = 7.1123e-02, 9.3305e-01      
# span 11 =    12.3168,    13.3768      
# span 12 =     3.5647,     4.6215      
# span 13 = 5.0583e-02, 7.9475e-01      
# span 14 =          0,          0      
# span 15 =     3.5647,     4.6215      
# span 16 =     0.0237,     0.3110      
# span 17 =     0.5089,     2.8193      
# span 18 =     0.0000,     0.0000      
# span 19 =     0.2620,     4.9213      
# span 20 =     0.0000,     0.0000      
# span 21 =     0.0043,     1.1957      
# span 22 =     0.0000,     0.0000      
# span 23 =     0.5080,     2.8193      
# span 24 =    33.3465,    34.8492      
# span 25 =  -290.3622,   878.1616      
# span 26 =    21.5060,    26.4096      
# span 27 =  -304.7644,   871.4169      
# span 28 =     0.0372,     6.9330      
# span 29 =      1.134,    211.756      
# span 30 =      0.431,    101.824      
# span 31 = 0.0000e+00, 0.0000e+00      
# interval = meters: 1                  
# start_time = Apr 20 2018 06:06:53 [System UTC, first data scan.]
# bad_flag = -9.990e-29
*END*
[from data line 182]
    483.396      11602    184.176 -106.97884   16.98436    183.000    12.3072    12.3079   4.015981   4.016187 7.1752e-02    12.3469     4.5651 5.0671e-02          0     4.5651     0.0239     0.5097     0.0000     4.6411     0.0000     0.0049     0.0000     0.5087    34.7895    34.7908    26.3712    26.3721     0.0405      1.234      0.471 0.0000e+00
    484.705      11634    185.183 -106.97884   16.98436    184.000    12.3051    12.3054   4.015835   4.015978 7.2617e-02    12.3467     4.5653 5.0671e-02          0     4.5653     0.0242     0.5096     0.0000     4.6420     0.0000     0.0049     0.0000     0.5086    34.7896    34.7908    26.3717    26.3726     0.0383      1.165      0.445 0.0000e+00
    485.742      11659    186.190 -106.97884   16.98436    185.000    12.3033    12.3036   4.015686   4.015845 7.2594e-02    12.3467     4.5654 5.0671e-02          0     4.5654     0.0242     0.5095     0.0000     4.6414     0.0000     0.0049     0.0000     0.5086    34.7894    34.7907    26.3720    26.3729     0.0407      1.241      0.474 0.0000e+00
    486.650      11681    187.196 -106.97884   16.98436    186.000    12.3013    12.3015   4.015552   4.015681 7.2761e-02    12.3468     4.5652 5.0671e-02          0     4.5652     0.0242     0.5096     0.0000     4.6419     0.0000     0.0049     0.0000     0.5087    34.7895    34.7905    26.3724    26.3732     0.0404      1.230      0.470 0.0000e+00
    487.565      11703    188.203 -106.97884   16.98436    187.000    12.2971    12.2967   4.015105   4.015189 7.3261e-02    12.3469     4.5651 5.0671e-02          0     4.5651     0.0244     0.5096     0.0000     4.6423     0.0000     0.0049     0.0000     0.5086    34.7887    34.7899    26.3726    26.3736     0.0402      1.225      0.467 0.0000e+00
    488.632      11728    189.210 -106.97884   16.98436    188.000    12.2871    12.2867   4.014043   4.014127 7.2096e-02    12.3472     4.5648 5.0671e-02          0     4.5648     0.0240     0.5098     0.0000     4.6429     0.0000     0.0049     0.0000     0.5088    34.7873    34.7885    26.3735    26.3745     0.0410      1.249      0.477 0.0000e+00
    489.798      11756    190.217 -106.97884   16.98436    189.000    12.2154    12.2138   4.006616   4.006613 7.2039e-02    12.3476     4.5643 5.0671e-02          0     4.5643     0.0240     0.5099     0.0000     4.6435     0.0000     0.0049     0.0000     0.5089    34.7815    34.7829    26.3828    26.3843     0.0429      1.305      0.497 0.0000e+00
    490.799      11780    191.224 -106.97884   16.98436    190.000    12.1852    12.1849   4.003596   4.003685 7.2587e-02    12.3474     4.5646 5.0671e-02          0     4.5646     0.0242     0.5098     0.0000     4.6433     0.0000     0.0049     0.0000     0.5089    34.7798    34.7809    26.3874    26.3883     0.0394      1.199      0.456 0.0000e+00
    491.628      11800    192.231 -106.97884   16.98436    191.000    12.1546    12.1544   4.000360   4.000421 7.1316e-02    12.3475     4.5644 5.0671e-02          0     4.5644     0.0238     0.5097     0.0000     4.6419     0.0000     0.0049     0.0000     0.5087    34.7763    34.7772    26.3906    26.3913     0.0403      1.228      0.467 0.0000e+00
    492.363      11818    193.238 -106.97884   16.98436    192.000    12.1223    12.1228   3.997095   3.997263 7.2667e-02    12.3475     4.5644 5.0671e-02          0     4.5644     0.0242     0.5098     0.0000     4.6386     0.0000     0.0049     0.0000     0.5088    34.7743    34.7754    26.3952    26.3960     0.0417      1.270      0.483 0.0000e+00
    493.074      11835    194.245 -106.97884   16.98436    193.000    12.1203    12.1209   3.997007   3.997209 7.3063e-02    12.3470     4.5650 5.0671e-02          0     4.5650     0.0243     0.5098     0.0000     4.6240     0.0000     0.0049     0.0000     0.5089    34.7748    34.7762    26.3960    26.3970     0.0393      1.196      0.454 0.0000e+00
    493.871      11854    195.252 -106.97884   16.98436    194.000    12.1203    12.1208   3.997139   3.997334 7.2769e-02    12.3472     4.5647 5.0671e-02          0     4.5647     0.0242     0.5094     0.0000     4.6408     0.0000     0.0049     0.0000     0.5084    34.7757    34.7771    26.3968    26.3978     0.0372      1.134      0.431 0.0000e+00
    494.940      11880    196.259 -106.97884   16.98436    195.000    12.1221    12.1227   3.997480   3.997677 7.1123e-02    12.3469     4.5651 5.0671e-02          0     4.5651     0.0237     0.5092     0.0000     4.6418     0.0000     0.0049     0.0000     0.5083    34.7769    34.7782    26.3974    26.3982     0.0383      1.166      0.443 0.0000e+00
    496.860      11926    197.266 -106.97884   16.98436    196.000    12.1221    12.1229   3.997678   3.997900 7.2167e-02    12.3467     4.5653 5.0671e-02          0     4.5653     0.0240     0.5093     0.0000     4.6437     0.0000     0.0049     0.0000     0.5083    34.7784    34.7797    26.3985    26.3994     0.0393      1.196      0.455 0.0000e+00
    498.948      11976    198.273 -106.97884   16.98436    197.000    12.1179    12.1184   3.997372   3.997564 7.2376e-02    12.3465     4.5656 5.0671e-02          0     4.5656     0.0241     0.5094     0.0000     4.6459     0.0000     0.0049     0.0000     0.5084    34.7789    34.7802    26.3998    26.4007     0.0388      1.182      0.449 0.0000e+00
    500.261      12007    199.280 -106.97884   16.98436    198.000    12.1122    12.1127   3.996916   3.997117 7.2076e-02    12.3463     4.5657 5.0671e-02          0     4.5657     0.0240     0.5092     0.0000     4.6458     0.0000     0.0049     0.0000     0.5082    34.7793    34.7808    26.4012    26.4023     0.0383      1.166      0.443 0.0000e+00
    501.387      12034    200.287 -106.97886   16.98436    199.000    12.1069    12.1075   3.996446   3.996655 7.1953e-02    12.3463     4.5657 5.0671e-02          0     4.5657     0.0240     0.5092     0.0000     4.6459     0.0000     0.0049     0.0000     0.5082    34.7792    34.7807    26.4022    26.4032     0.0390      1.188      0.452 0.0000e+00
    502.983      12073    201.293 -106.97885   16.98436    200.000    12.1010    12.1012   3.995893   3.996079 7.1546e-02    12.3460     4.5661 5.0671e-02          0     4.5661     0.0238     0.5092     0.0000     4.6460     0.0000     0.0049     0.0000     0.5082    34.7789    34.7805    26.4031    26.4043     0.0385      1.174      0.446 0.0000e+00
    517.265      12415    202.300 -106.97886   16.98434    201.000    12.0912    12.0953   3.994882   3.995472 7.2114e-02    12.3459     4.5663 5.0671e-02          0     4.5663     0.0240     0.5090     0.0000     4.6453     0.0000     0.0049     0.0000     0.5082    34.7778    34.7797    26.4041    26.4048     0.0384      1.168      0.444 0.0000e+00
    527.663      12665    203.307 -106.97886   16.98434    202.000    12.0512    12.0475   3.990811   3.990584 7.3690e-02    12.3468     4.5652 5.0671e-02          0     4.5652     0.0245     0.5089     0.0000     4.6481     0.0000     0.0049     0.0000     0.5080    34.7750    34.7762    26.4096    26.4112     0.0377      1.147      0.435 0.0000e+00
