data/ctd-cnv/RR1804/Station32_cast43.cnv
* Sea-Bird SBE 9 Data File:
* FileName = C:\CTD\RR1805\Station32_cast43.hex
* Software Version Seasave V 7.26.6.26
* Temperature SN = 4307
* Conductivity SN = 4650
* Number of Bytes Per Scan = 44
* Number of Voltage Words = 5
* Number of Scans Averaged by the Deck Unit = 1
* NMEA Latitude = 16 54.97 N
* NMEA Longitude = 107 01.02 W
* NMEA UTC (Time) = Apr 15 2018 15:06:02
** Ship: Revell
** Station: 32
** Operator: clara
** cast 43
# nquan = 32
# nvalues = 851                         
# units = specified
# name 0 = timeS: Time, Elapsed [seconds]
# name 1 = scan: Scan Count
# name 2 = prDM: Pressure, Digiquartz [db]
# name 3 = longitude: Longitude [deg]
# name 4 = latitude: Latitude [deg]
# name 5 = depSM: Depth [salt water, m]
# name 6 = t090C: Temperature [ITS-90, deg C]
# name 7 = t190C: Temperature, 2 [ITS-90, deg C]
# name 8 = c0S/m: Conductivity [S/m]
# name 9 = c1S/m: Conductivity, 2 [S/m]
# name 10 = flSP: Fluorescence, Seapoint
# name 11 = CStarAt0: Beam Attenuation, WET Labs C-Star [1/m]
# name 12 = CStarTr0: Beam Transmission, WET Labs C-Star [%]
# name 13 = par: PAR/Irradiance, Biospherical/Licor
# name 14 = modError: Modulo Error Count
# name 15 = v0: Voltage 0
# name 16 = v1: Voltage 1
# name 17 = v2: Voltage 2
# name 18 = v3: Voltage 3
# name 19 = v4: Voltage 4
# name 20 = v5: Voltage 5
# name 21 = v6: Voltage 6
# name 22 = v7: Voltage 7
# name 23 = sbeox0V: Oxygen raw, SBE 43 [V]
# name 24 = sal00: Salinity, Practical [PSU]
# name 25 = sal11: Salinity, Practical, 2 [PSU]
# name 26 = sigma-é00: Density [sigma-theta, kg/m^3]
# name 27 = sigma-é11: Density, 2 [sigma-theta, kg/m^3]
# name 28 = sbeox0Mg/L: Oxygen, SBE 43 [mg/l], WS = 2
# name 29 = sbox0Mm/Kg: Oxygen, SBE 43 [umol/kg], WS = 2
# name 30 = sbeox0PS: Oxygen, SBE 43 [% saturation], WS = 2
# name 31 = flag: flag
# span 0 =     25.107,   1171.756       
# span 1 =        604,      28123       
# span 2 =      1.006,    857.854       
# span 3 = -107.01708, -107.01704       
# span 4 =   16.91624,   16.91628       
# span 5 =      1.000,    851.000       
# span 6 =     5.4388,    26.6932       
# span 7 =     5.4408,    26.6918       
# span 8 =   3.383017,   5.398270       
# span 9 =   3.383308,   5.922220       
# span 10 = 7.0152e-02, 1.0375e+00      
# span 11 =    12.3206,    13.3400      
# span 12 =     4.3036,     4.5952      
# span 13 = 5.0660e-02, 1.2825e+03      
# span 14 =          0,          0      
# span 15 =     4.3036,     4.5952      
# span 16 =     0.0234,     0.3458      
# span 17 =     0.5053,     2.8041      
# span 18 =     0.0000,     0.0000      
# span 19 =     0.8324,     4.7227      
# span 20 =     0.0000,     0.0000      
# span 21 =     0.0048,     4.3295      
# span 22 =     0.0000,     0.0000      
# span 23 =     0.5047,     2.8041      
# span 24 =    34.2158,    34.8061      
# span 25 =    34.2129,    43.8133      
# span 26 =    22.3204,    27.2644      
# span 27 =    22.3277,    31.6380      
# span 28 =     0.0269,     6.8447      
# span 29 =      0.818,    209.059      
# span 30 =      0.282,    101.134      
# span 31 = 0.0000e+00, 0.0000e+00      
# interval = meters: 1                  
# start_time = Apr 15 2018 15:06:36 [System UTC, first data scan.]
# bad_flag = -9.990e-29
*END*
[from data line 136]
    427.081      10251    137.864 -107.01708   16.91628    137.000    13.1177    13.1178   4.093045   4.093024 1.3073e-01    12.3460     4.5661 5.0671e-02          0     4.5661     0.0436     0.5092     0.0000     4.5114     0.0000     0.0049     0.0000     0.5083    34.8004    34.8001    26.2184    26.2182     0.0380      1.156      0.449 0.0000e+00
    428.307      10280    138.871 -107.01708   16.91628    138.000    13.0603    13.0603   4.087760   4.087772 1.1983e-01    12.3466     4.5655 5.0671e-02          0     4.5655     0.0400     0.5093     0.0000     4.5588     0.0000     0.0049     0.0000     0.5084    34.8025    34.8025    26.2316    26.2316     0.0380      1.157      0.449 0.0000e+00
    429.475      10308    139.878 -107.01707   16.91627    139.000    13.0338    13.0343   4.085630   4.085662 1.0187e-01    12.3454     4.5669 5.0671e-02          0     4.5669     0.0340     0.5092     0.0000     4.5886     0.0000     0.0049     0.0000     0.5083    34.8060    34.8059    26.2397    26.2395     0.0377      1.149      0.445 0.0000e+00
    430.417      10331    140.884 -107.01706   16.91626    140.000    13.0152    13.0158   4.083890   4.083930 9.8377e-02    12.3451     4.5672 5.0671e-02          0     4.5672     0.0328     0.5092     0.0000     4.6143     0.0000     0.0049     0.0000     0.5083    34.8061    34.8060    26.2435    26.2433     0.0383      1.166      0.452 0.0000e+00
    431.246      10351    141.891 -107.01706   16.91626    141.000    12.9900    12.9902   4.081474   4.081420 9.5254e-02    12.3445     4.5679 5.0671e-02          0     4.5679     0.0317     0.5093     0.0000     4.6137     0.0000     0.0049     0.0000     0.5084    34.8058    34.8052    26.2483    26.2478     0.0387      1.177      0.456 0.0000e+00
    432.043      10370    142.898 -107.01706   16.91626    142.000    12.9364    12.9364   4.076042   4.076010 9.5238e-02    12.3448     4.5675 5.0671e-02          0     4.5675     0.0317     0.5092     0.0000     4.5495     0.0000     0.0049     0.0000     0.5083    34.8029    34.8026    26.2569    26.2566     0.0375      1.142      0.442 0.0000e+00
    432.884      10390    143.904 -107.01706   16.91626    143.000    12.9118    12.9122   4.073631   4.073664 9.5566e-02    12.3451     4.5672 5.0671e-02          0     4.5672     0.0318     0.5092     0.0000     4.5142     0.0000     0.0049     0.0000     0.5083    34.8021    34.8020    26.2611    26.2610     0.0379      1.155      0.446 0.0000e+00
    433.832      10413    144.911 -107.01706   16.91626    144.000    12.8972    12.8977   4.072225   4.072270 9.5397e-02    12.3449     4.5674 5.0671e-02          0     4.5674     0.0318     0.5092     0.0000     4.5150     0.0000     0.0049     0.0000     0.5083    34.8017    34.8017    26.2638    26.2637     0.0377      1.149      0.444 0.0000e+00
    434.885      10438    145.918 -107.01706   16.91626    145.000    12.8890    12.8896   4.071507   4.071577 9.5510e-02    12.3450     4.5673 5.0671e-02          0     4.5673     0.0318     0.5090     0.0000     4.5153     0.0000     0.0049     0.0000     0.5081    34.8020    34.8021    26.2656    26.2656     0.0371      1.131      0.437 0.0000e+00
    435.979      10464    146.924 -107.01706   16.91626    146.000    12.8808    12.8813   4.070823   4.070873 9.1500e-02    12.3447     4.5677 5.0671e-02          0     4.5677     0.0305     0.5092     0.0000     4.5153     0.0000     0.0049     0.0000     0.5084    34.8026    34.8026    26.2678    26.2677     0.0388      1.182      0.457 0.0000e+00
    437.083      10491    147.931 -107.01706   16.91626    147.000    12.8565    12.8576   4.068397   4.068522 9.3342e-02    12.3452     4.5671 5.0671e-02          0     4.5671     0.0311     0.5090     0.0000     4.5149     0.0000     0.0049     0.0000     0.5082    34.8013    34.8015    26.2716    26.2716     0.0376      1.146      0.442 0.0000e+00
    438.311      10520    148.938 -107.01707   16.91626    148.000    12.8319    12.8319   4.066289   4.066300 8.9381e-02    12.3442     4.5682 5.0671e-02          0     4.5682     0.0298     0.5091     0.0000     4.5788     0.0000     0.0049     0.0000     0.5083    34.8033    34.8035    26.2781    26.2783     0.0388      1.182      0.456 0.0000e+00
    439.586      10551    149.945 -107.01708   16.91628    149.000    12.7928    12.7906   4.062524   4.062343 8.5522e-02    12.3444     4.5680 5.0671e-02          0     4.5680     0.0285     0.5092     0.0000     4.6103     0.0000     0.0049     0.0000     0.5084    34.8029    34.8032    26.2856    26.2863     0.0386      1.174      0.453 0.0000e+00
    440.768      10579    150.951 -107.01708   16.91628    150.000    12.7121    12.7109   4.054702   4.054597 8.0565e-02    12.3435     4.5690 5.0671e-02          0     4.5690     0.0269     0.5091     0.0000     4.5752     0.0000     0.0049     0.0000     0.5083    34.8020    34.8021    26.3009    26.3012     0.0380      1.156      0.445 0.0000e+00
    441.818      10605    151.958 -107.01707   16.91627    151.000    12.6608    12.6607   4.049412   4.049382 7.9531e-02    12.3436     4.5689 5.0671e-02          0     4.5689     0.0265     0.5091     0.0000     4.5170     0.0000     0.0049     0.0000     0.5083    34.7982    34.7980    26.3081    26.3079     0.0381      1.160      0.446 0.0000e+00
    442.747      10627    152.965 -107.01706   16.91626    152.000    12.6024    12.6029   4.043710   4.043780 7.9022e-02    12.3437     4.5688 5.0671e-02          0     4.5688     0.0263     0.5091     0.0000     4.6033     0.0000     0.0049     0.0000     0.5083    34.7969    34.7971    26.3186    26.3187     0.0383      1.168      0.449 0.0000e+00
    443.566      10647    153.971 -107.01706   16.91626    153.000    12.5889    12.5894   4.042604   4.042669 7.7054e-02    12.3428     4.5697 5.0671e-02          0     4.5697     0.0256     0.5091     0.0000     4.5278     0.0000     0.0049     0.0000     0.5083    34.7984    34.7985    26.3224    26.3224     0.0372      1.133      0.435 0.0000e+00
    444.353      10665    154.978 -107.01706   16.91626    154.000    12.5852    12.5858   4.042317   4.042397 7.6918e-02    12.3427     4.5698 5.0671e-02          0     4.5698     0.0256     0.5089     0.0000     4.5502     0.0000     0.0049     0.0000     0.5081    34.7986    34.7988    26.3233    26.3233     0.0368      1.122      0.431 0.0000e+00
    445.179      10685    155.985 -107.01706   16.91626    155.000    12.5840    12.5846   4.042272   4.042352 7.7598e-02    12.3431     4.5694 5.0671e-02          0     4.5694     0.0258     0.5088     0.0000     4.6039     0.0000     0.0049     0.0000     0.5080    34.7988    34.7990    26.3238    26.3238     0.0360      1.095      0.420 0.0000e+00
    446.135      10708    156.992 -107.01706   16.91626    156.000    12.5834    12.5838   4.042284   4.042368 7.6754e-02    12.3431     4.5695 5.0671e-02          0     4.5695     0.0255     0.5086     0.0000     4.6062     0.0000     0.0049     0.0000     0.5078    34.7991    34.7995    26.3241    26.3243     0.0358      1.091      0.419 0.0000e+00
    447.295      10736    157.998 -107.01706   16.91626    157.000    12.5812    12.5820   4.042177   4.042271 7.6802e-02    12.3428     4.5697 5.0671e-02          0     4.5697     0.0256     0.5086     0.0000     4.5807     0.0000     0.0049     0.0000     0.5078    34.7996    34.7998    26.3250    26.3250     0.0359      1.094      0.420 0.0000e+00
    448.463      10764    159.005 -107.01706   16.91626    158.000    12.5802    12.5808   4.042171   4.042264 7.6926e-02    12.3426     4.5700 5.0671e-02          0     4.5700     0.0256     0.5085     0.0000     4.6113     0.0000     0.0049     0.0000     0.5077    34.8001    34.8005    26.3256    26.3258     0.0356      1.084      0.416 0.0000e+00
    449.433      10787    160.012 -107.01706   16.91626    159.000    12.5793    12.5798   4.042178   4.042277 7.5149e-02    12.3427     4.5699 5.0671e-02          0     4.5699     0.0250     0.5084     0.0000     4.6150     0.0000     0.0049     0.0000     0.5076    34.8006    34.8010    26.3262    26.3264     0.0357      1.089      0.418 0.0000e+00
    450.287      10808    161.018 -107.01706   16.91626    160.000    12.5783    12.5789   4.042146   4.042243 7.6220e-02    12.3435     4.5690 5.0671e-02          0     4.5690     0.0254     0.5086     0.0000     4.6129     0.0000     0.0049     0.0000     0.5078    34.8007    34.8011    26.3265    26.3267     0.0385      1.171      0.449 0.0000e+00
    451.144      10828    162.025 -107.01706   16.91626    161.000    12.5642    12.5648   4.040786   4.040853 7.5277e-02    12.3433     4.5692 5.0671e-02          0     4.5692     0.0251     0.5086     0.0000     4.6130     0.0000     0.0049     0.0000     0.5078    34.8003    34.8003    26.3289    26.3289     0.0353      1.075      0.413 0.0000e+00
    452.084      10851    163.032 -107.01706   16.91626    162.000    12.5227    12.5225   4.036802   4.036796 7.3405e-02    12.3424     4.5702 5.0671e-02          0     4.5702     0.0244     0.5086     0.0000     4.6141     0.0000     0.0049     0.0000     0.5078    34.7999    34.8000    26.3368    26.3369     0.0360      1.095      0.420 0.0000e+00
    453.111      10876    164.039 -107.01706   16.91626    163.000    12.5060    12.5064   4.035235   4.035299 7.3696e-02    12.3426     4.5700 5.0671e-02          0     4.5700     0.0245     0.5083     0.0000     4.6046     0.0000     0.0049     0.0000     0.5075    34.7998    34.8001    26.3400    26.3402     0.0347      1.055      0.405 0.0000e+00
    454.191      10902    165.046 -107.01706   16.91626    164.000    12.4930    12.4935   4.033990   4.034082 7.3267e-02    12.3428     4.5698 5.0671e-02          0     4.5698     0.0244     0.5085     0.0000     4.5716     0.0000     0.0049     0.0000     0.5077    34.7994    34.7998    26.3422    26.3425     0.0362      1.101      0.422 0.0000e+00
    455.332      10929    166.052 -107.01706   16.91626    165.000    12.4861    12.4869   4.033371   4.033482 7.3260e-02    12.3428     4.5697 5.0671e-02          0     4.5697     0.0244     0.5083     0.0000     4.5887     0.0000     0.0049     0.0000     0.5075    34.7994    34.7997    26.3436    26.3437     0.0347      1.056      0.405 0.0000e+00
    456.556      10958    167.059 -107.01706   16.91626    166.000    12.4837    12.4843   4.033179   4.033283 7.3138e-02    12.3423     4.5703 5.0671e-02          0     4.5703     0.0244     0.5083     0.0000     4.6022     0.0000     0.0049     0.0000     0.5075    34.7994    34.7998    26.3441    26.3443     0.0352      1.072      0.411 0.0000e+00
    457.750      10987    168.066 -107.01706   16.91626    167.000    12.4721    12.4726   4.032067   4.032151 7.3531e-02    12.3422     4.5704 5.0671e-02          0     4.5704     0.0245     0.5082     0.0000     4.6160     0.0000     0.0049     0.0000     0.5074    34.7989    34.7993    26.3461    26.3463     0.0351      1.068      0.409 0.0000e+00
    458.795      11012    169.073 -107.01706   16.91626    168.000    12.4408    12.4408   4.028984   4.029010 7.3099e-02    12.3420     4.5707 5.0671e-02          0     4.5707     0.0243     0.5082     0.0000     4.6159     0.0000     0.0049     0.0000     0.5074    34.7978    34.7980    26.3513    26.3514     0.0350      1.067      0.408 0.0000e+00
    459.752      11035    170.079 -107.01706   16.91626    169.000    12.4191    12.4196   4.026882   4.026979 7.2582e-02    12.3416     4.5712 5.0671e-02          0     4.5712     0.0242     0.5082     0.0000     4.6070     0.0000     0.0049     0.0000     0.5074    34.7971    34.7976    26.3550    26.3553     0.0350      1.065      0.407 0.0000e+00
    460.715      11058    171.086 -107.01706   16.91626    170.000    12.4032    12.4035   4.025337   4.025406 7.2046e-02    12.3420     4.5707 5.0671e-02          0     4.5707     0.0240     0.5082     0.0000     4.6093     0.0000     0.0049     0.0000     0.5074    34.7965    34.7969    26.3577    26.3580     0.0343      1.044      0.399 0.0000e+00
    461.728      11082    172.093 -107.01706   16.91626    171.000    12.3911    12.3916   4.024192   4.024309 7.2801e-02    12.3416     4.5712 5.0671e-02          0     4.5712     0.0242     0.5080     0.0000     4.6091     0.0000     0.0049     0.0000     0.5072    34.7963    34.7969    26.3599    26.3603     0.0343      1.045      0.400 0.0000e+00
    462.720      11106    173.100 -107.01706   16.91626    172.000    12.3858    12.3863   4.023724   4.023822 7.2943e-02    12.3417     4.5711 5.0671e-02          0     4.5711     0.0243     0.5082     0.0000     4.5860     0.0000     0.0049     0.0000     0.5074    34.7962    34.7967    26.3609    26.3611     0.0355      1.080      0.413 0.0000e+00
    463.613      11128    174.107 -107.01706   16.91626    173.000    12.3817    12.3823   4.023360   4.023474 7.2872e-02    12.3416     4.5712 5.0671e-02          0     4.5712     0.0243     0.5079     0.0000     4.6144     0.0000     0.0049     0.0000     0.5071    34.7961    34.7966    26.3616    26.3619     0.0324      0.987      0.377 0.0000e+00
    464.440      11148    175.114 -107.01706   16.91626    174.000    12.3761    12.3768   4.022856   4.022975 7.1298e-02    12.3413     4.5715 5.0671e-02          0     4.5715     0.0238     0.5080     0.0000     4.6127     0.0000     0.0049     0.0000     0.5072    34.7960    34.7965    26.3626    26.3629     0.0348      1.059      0.405 0.0000e+00
    465.256      11167    176.120 -107.01706   16.91626    175.000    12.3612    12.3617   4.021394   4.021490 7.2866e-02    12.3414     4.5713 5.0671e-02          0     4.5713     0.0243     0.5079     0.0000     4.6043     0.0000     0.0049     0.0000     0.5071    34.7952    34.7956    26.3650    26.3652     0.0342      1.042      0.398 0.0000e+00
    466.136      11188    177.128 -107.01706   16.91626    176.000    12.3567    12.3575   4.021011   4.021148 7.2927e-02    12.3414     4.5715 5.0671e-02          0     4.5715     0.0243     0.5081     0.0000     4.5614     0.0000     0.0049     0.0000     0.5073    34.7952    34.7959    26.3659    26.3662     0.0353      1.075      0.411 0.0000e+00
    467.163      11213    178.134 -107.01706   16.91626    177.000    12.3502    12.3504   4.020387   4.020458 7.1636e-02    12.3414     4.5714 5.0671e-02          0     4.5714     0.0239     0.5081     0.0000     4.5651     0.0000     0.0049     0.0000     0.5073    34.7948    34.7953    26.3668    26.3672     0.0348      1.059      0.404 0.0000e+00
    468.324      11241    179.141 -107.01706   16.91626    178.000    12.3382    12.3387   4.019230   4.019337 7.1632e-02    12.3410     4.5719 5.0671e-02          0     4.5719     0.0239     0.5080     0.0000     4.6171     0.0000     0.0049     0.0000     0.5072    34.7944    34.7949    26.3688    26.3692     0.0340      1.036      0.396 0.0000e+00
    469.534      11270    180.148 -107.01706   16.91626    179.000    12.3113    12.3109   4.016535   4.016544 7.2498e-02    12.3408     4.5721 5.0671e-02          0     4.5721     0.0242     0.5079     0.0000     4.6192     0.0000     0.0049     0.0000     0.5071    34.7928    34.7932    26.3729    26.3733     0.0343      1.045      0.399 0.0000e+00
    470.692      11298    181.155 -107.01706   16.91626    180.000    12.2704    12.2704   4.012476   4.012515 7.1001e-02    12.3408     4.5721 5.0671e-02          0     4.5721     0.0237     0.5081     0.0000     4.6130     0.0000     0.0049     0.0000     0.5073    34.7910    34.7914    26.3794    26.3797     0.0348      1.061      0.405 0.0000e+00
    471.734      11323    182.162 -107.01706   16.91626    181.000    12.2470    12.2473   4.010165   4.010254 7.1783e-02    12.3410     4.5719 5.0671e-02          0     4.5719     0.0239     0.5081     0.0000     4.5445     0.0000     0.0049     0.0000     0.5073    34.7899    34.7905    26.3831    26.3835     0.0342      1.042      0.398 0.0000e+00
