data/ctd-cnv/RR1804/Station32_cast58.cnv
* Sea-Bird SBE 9 Data File:
* FileName = C:\CTD\RR1805\Station32_cast58.hex
* Software Version Seasave V 7.26.6.26
* Temperature SN = 4307
* Conductivity SN = 4650
* Number of Bytes Per Scan = 44
* Number of Voltage Words = 5
* Number of Scans Averaged by the Deck Unit = 1
* NMEA Latitude = 17 02.96 N
* NMEA Longitude = 107 01.04 W
* NMEA UTC (Time) = Apr 20 2018 22:34:17
** Ship: Revell
** Station: On Deck
** Operator: GR
** cast 58 station P2
# nquan = 32
# nvalues = 596                         
# units = specified
# name 0 = timeS: Time, Elapsed [seconds]
# name 1 = scan: Scan Count
# name 2 = prDM: Pressure, Digiquartz [db]
# name 3 = longitude: Longitude [deg]
# name 4 = latitude: Latitude [deg]
# name 5 = depSM: Depth [salt water, m]
# name 6 = t090C: Temperature [ITS-90, deg C]
# name 7 = t190C: Temperature, 2 [ITS-90, deg C]
# name 8 = c0S/m: Conductivity [S/m]
# name 9 = c1S/m: Conductivity, 2 [S/m]
# name 10 = flSP: Fluorescence, Seapoint
# name 11 = CStarAt0: Beam Attenuation, WET Labs C-Star [1/m]
# name 12 = CStarTr0: Beam Transmission, WET Labs C-Star [%]
# name 13 = par: PAR/Irradiance, Biospherical/Licor
# name 14 = modError: Modulo Error Count
# name 15 = v0: Voltage 0
# name 16 = v1: Voltage 1
# name 17 = v2: Voltage 2
# name 18 = v3: Voltage 3
# name 19 = v4: Voltage 4
# name 20 = v5: Voltage 5
# name 21 = v6: Voltage 6
# name 22 = v7: Voltage 7
# name 23 = sbeox0V: Oxygen raw, SBE 43 [V]
# name 24 = sal00: Salinity, Practical [PSU]
# name 25 = sal11: Salinity, Practical, 2 [PSU]
# name 26 = sigma-é00: Density [sigma-theta, kg/m^3]
# name 27 = sigma-é11: Density, 2 [sigma-theta, kg/m^3]
# name 28 = sbeox0Mg/L: Oxygen, SBE 43 [mg/l], WS = 2
# name 29 = sbox0Mm/Kg: Oxygen, SBE 43 [umol/kg], WS = 2
# name 30 = sbeox0PS: Oxygen, SBE 43 [% saturation], WS = 2
# name 31 = flag: flag
# span 0 =     49.176,    848.781       
# span 1 =       1181,      20372       
# span 2 =      7.042,    606.487       
# span 3 = -107.01744, -107.01740       
# span 4 =   17.04940,   17.04946       
# span 5 =      7.000,    602.000       
# span 6 =     6.8764,    26.7468       
# span 7 =     6.8771,    26.7499       
# span 8 =   3.502420,   5.403907       
# span 9 =   3.502655,   5.404412       
# span 10 = 7.1323e-02, 9.4802e-01      
# span 11 =    12.3312,    12.4003      
# span 12 =     4.5046,     4.5831      
# span 13 = 5.0664e-02, 1.3258e+02      
# span 14 =          0,          0      
# span 15 =     4.5046,     4.5831      
# span 16 =     0.0238,     0.3160      
# span 17 =     0.5060,     2.8159      
# span 18 = -7.855e-07,     0.0000      
# span 19 =     3.1028,     4.6047      
# span 20 =     0.0000,     0.0000      
# span 21 =     0.0048,     3.4190      
# span 22 =     0.0000,     0.0000      
# span 23 =     0.5053,     2.8159      
# span 24 =    34.1143,    34.8007      
# span 25 =    34.1126,    34.8014      
# span 26 =    22.3304,    27.0807      
# span 27 =    22.3304,    27.0821      
# span 28 =     0.0324,     6.9440      
# span 29 =      0.985,    212.059      
# span 30 =      0.337,    101.686      
# span 31 = 0.0000e+00, 0.0000e+00      
# interval = meters: 1                  
# start_time = Apr 20 2018 22:34:22 [System UTC, first data scan.]
# bad_flag = -9.990e-29
*END*
[from data line 544]
    761.192      18270    555.038 -107.01742   17.04942    551.000     7.1905     7.1908   3.529149   3.529404 7.3238e-02    12.3324     4.5817 5.0671e-02          0     4.5817     0.0244     0.5066 -7.855e-07     4.5979     0.0000     0.0049     0.0000     0.5059    34.5430    34.5454    27.0397    27.0416     0.0344      1.048      0.358 0.0000e+00
    762.134      18292    556.047 -107.01742   17.04942    552.000     7.1849     7.1847   3.528698   3.528908 7.3638e-02    12.3319     4.5823 5.0671e-02          0     4.5823     0.0245     0.5066     0.0000     4.5971     0.0000     0.0049     0.0000     0.5059    34.5431    34.5456    27.0407    27.0427     0.0347      1.055      0.360 0.0000e+00
    762.909      18311    557.056 -107.01742   17.04942    553.000     7.1817     7.1830   3.528482   3.528817 7.4909e-02    12.3320     4.5821 5.0671e-02          0     4.5821     0.0249     0.5066     0.0000     4.5969     0.0000     0.0049     0.0000     0.5059    34.5434    34.5458    27.0413    27.0431     0.0356      1.083      0.370 0.0000e+00
    763.639      18328    558.064 -107.01742   17.04942    554.000     7.1799     7.1807   3.528375   3.528655 7.4766e-02    12.3322     4.5819 5.0671e-02          0     4.5819     0.0249     0.5066     0.0000     4.5968     0.0000     0.0049     0.0000     0.5059    34.5436    34.5458    27.0418    27.0434     0.0356      1.084      0.370 0.0000e+00
    764.377      18346    559.073 -107.01742   17.04942    555.000     7.1778     7.1786   3.528249   3.528519 7.4029e-02    12.3323     4.5818 5.0671e-02          0     4.5818     0.0247     0.5066     0.0000     4.5971     0.0000     0.0049     0.0000     0.5059    34.5438    34.5460    27.0422    27.0438     0.0347      1.056      0.360 0.0000e+00
    765.211      18366    560.082 -107.01742   17.04942    556.000     7.1749     7.1753   3.528043   3.528303 7.4254e-02    12.3321     4.5820 5.0671e-02          0     4.5820     0.0247     0.5067     0.0000     4.5973     0.0000     0.0049     0.0000     0.5060    34.5440    34.5464    27.0427    27.0446     0.0349      1.061      0.362 0.0000e+00
    766.259      18391    561.091 -107.01742   17.04940    557.000     7.1721     7.1722   3.527829   3.528059 7.3271e-02    12.3322     4.5819 5.0671e-02          0     4.5819     0.0244     0.5066     0.0000     4.5972     0.0000     0.0049     0.0000     0.5059    34.5439    34.5463    27.0431    27.0450     0.0343      1.043      0.356 0.0000e+00
    767.605      18424    562.099 -107.01742   17.04940    558.000     7.1679     7.1681   3.527482   3.527720 7.3579e-02    12.3322     4.5820 5.0785e-02          0     4.5820     0.0245     0.5066     0.0000     4.5979     0.0000     0.0059     0.0000     0.5059    34.5439    34.5462    27.0437    27.0455     0.0355      1.080      0.368 0.0000e+00
    768.934      18455    563.108 -107.01742   17.04940    559.000     7.1601     7.1600   3.526789   3.527010 7.3896e-02    12.3323     4.5819 5.0740e-02          0     4.5819     0.0246     0.5066     0.0000     4.5982     0.0000     0.0055     0.0000     0.5059    34.5436    34.5461    27.0446    27.0465     0.0351      1.070      0.365 0.0000e+00
    770.015      18481    564.117 -107.01742   17.04940    560.000     7.1449     7.1450   3.525423   3.525635 7.4220e-02    12.3321     4.5820 5.0798e-02          0     4.5820     0.0247     0.5067     0.0000     4.5983     0.0000     0.0060     0.0000     0.5060    34.5434    34.5456    27.0465    27.0482     0.0358      1.089      0.371 0.0000e+00
    771.063      18507    565.125 -107.01742   17.04940    561.000     7.1388     7.1391   3.524908   3.525159 7.3810e-02    12.3322     4.5820 5.0886e-02          0     4.5820     0.0246     0.5066     0.0000     4.5983     0.0000     0.0067     0.0000     0.5059    34.5434    34.5457    27.0474    27.0492     0.0335      1.020      0.348 0.0000e+00
    772.289      18536    566.134 -107.01742   17.04942    562.000     7.1351     7.1356   3.524598   3.524873 7.3497e-02    12.3322     4.5819 5.0774e-02          0     4.5819     0.0245     0.5066     0.0000     4.5983     0.0000     0.0058     0.0000     0.5059    34.5432    34.5457    27.0478    27.0496     0.0360      1.097      0.374 0.0000e+00
    773.643      18568    567.143 -107.01742   17.04942    563.000     7.1320     7.1325   3.524351   3.524605 7.3496e-02    12.3315     4.5827 5.0945e-02          0     4.5827     0.0245     0.5067     0.0000     4.5983     0.0000     0.0072     0.0000     0.5060    34.5430    34.5454    27.0481    27.0499     0.0349      1.063      0.362 0.0000e+00
    774.755      18595    568.152 -107.01742   17.04942    564.000     7.1216     7.1218   3.523438   3.523681 7.3419e-02    12.3317     4.5825 5.3036e-02          0     4.5825     0.0245     0.5065     0.0000     4.5982     0.0000     0.0240     0.0000     0.5058    34.5430    34.5454    27.0495    27.0514     0.0340      1.034      0.352 0.0000e+00
    775.593      18615    569.160 -107.01742   17.04942    565.000     7.1143     7.1146   3.522811   3.523064 7.4566e-02    12.3315     4.5827 5.1296e-02          0     4.5827     0.0248     0.5066     0.0000     4.5979     0.0000     0.0101     0.0000     0.5059    34.5430    34.5454    27.0505    27.0523     0.0365      1.110      0.378 0.0000e+00
    776.311      18632    570.169 -107.01742   17.04942    566.000     7.1120     7.1127   3.522660   3.522934 7.3668e-02    12.3317     4.5825 5.0999e-02          0     4.5825     0.0245     0.5067     0.0000     4.5976     0.0000     0.0076     0.0000     0.5060    34.5431    34.5454    27.0509    27.0526     0.0347      1.055      0.359 0.0000e+00
    776.994      18649    571.178 -107.01742   17.04942    567.000     7.1104     7.1106   3.522545   3.522780 7.3042e-02    12.3317     4.5825 5.0680e-02          0     4.5825     0.0243     0.5065     0.0000     4.5976     0.0000     0.0050     0.0000     0.5058    34.5429    34.5453    27.0511    27.0529     0.0339      1.033      0.352 0.0000e+00
    777.733      18667    572.187 -107.01742   17.04942    568.000     7.1072     7.1080   3.522284   3.522561 7.3250e-02    12.3317     4.5825 5.0837e-02          0     4.5825     0.0244     0.5066     0.0000     4.5986     0.0000     0.0063     0.0000     0.5059    34.5428    34.5451    27.0514    27.0531     0.0355      1.082      0.368 0.0000e+00
    778.598      18687    573.195 -107.01742   17.04942    569.000     7.1022     7.1024   3.521857   3.522078 7.3429e-02    12.3320     4.5821 5.1045e-02          0     4.5821     0.0245     0.5066     0.0000     4.5983     0.0000     0.0080     0.0000     0.5059    34.5426    34.5449    27.0520    27.0537     0.0351      1.067      0.363 0.0000e+00
    779.579      18711    574.204 -107.01742   17.04942    570.000     7.0886     7.0888   3.520587   3.520807 7.3412e-02    12.3319     4.5823 5.0701e-02          0     4.5823     0.0244     0.5065     0.0000     4.5983     0.0000     0.0051     0.0000     0.5058    34.5418    34.5440    27.0532    27.0550     0.0345      1.048      0.357 0.0000e+00
    780.531      18734    575.213 -107.01742   17.04942    571.000     7.0791     7.0794   3.519752   3.519999 7.4207e-02    12.3318     4.5823 5.1001e-02          0     4.5823     0.0247     0.5065     0.0000     4.5984     0.0000     0.0076     0.0000     0.5058    34.5417    34.5441    27.0544    27.0563     0.0348      1.059      0.360 0.0000e+00
    781.425      18755    576.222 -107.01742   17.04942    572.000     7.0770     7.0775   3.519609   3.519866 7.3295e-02    12.3317     4.5825 5.1591e-02          0     4.5825     0.0244     0.5066     0.0000     4.5983     0.0000     0.0126     0.0000     0.5059    34.5417    34.5440    27.0548    27.0565     0.0353      1.075      0.366 0.0000e+00
    782.393      18778    577.231 -107.01742   17.04942    573.000     7.0744     7.0746   3.519402   3.519633 7.3689e-02    12.3317     4.5825 5.1028e-02          0     4.5825     0.0245     0.5067     0.0000     4.5985     0.0000     0.0079     0.0000     0.5060    34.5416    34.5439    27.0550    27.0568     0.0358      1.089      0.371 0.0000e+00
    783.596      18807    578.239 -107.01742   17.04942    574.000     7.0732     7.0736   3.519334   3.519582 7.3852e-02    12.3315     4.5827 5.0771e-02          0     4.5827     0.0246     0.5065     0.0000     4.5984     0.0000     0.0057     0.0000     0.5058    34.5416    34.5439    27.0552    27.0570     0.0330      1.004      0.342 0.0000e+00
    784.999      18841    579.248 -107.01742   17.04942    575.000     7.0720     7.0720   3.519267   3.519481 7.4171e-02    12.3316     4.5826 5.0712e-02          0     4.5826     0.0247     0.5065     0.0000     4.2057     0.0000     0.0052     0.0000     0.5058    34.5416    34.5439    27.0554    27.0572     0.0352      1.071      0.364 0.0000e+00
    786.399      18875    580.257 -107.01742   17.04942    576.000     7.0685     7.0686   3.518988   3.519201 7.3622e-02    12.3317     4.5825 5.0672e-02          0     4.5825     0.0245     0.5065     0.0000     4.5804     0.0000     0.0049     0.0000     0.5058    34.5415    34.5437    27.0558    27.0576     0.0351      1.069      0.364 0.0000e+00
    787.687      18905    581.266 -107.01742   17.04942    577.000     7.0541     7.0541   3.517689   3.517898 7.3504e-02    12.3317     4.5825 5.0685e-02          0     4.5825     0.0245     0.5065     0.0000     4.5983     0.0000     0.0050     0.0000     0.5058    34.5412    34.5435    27.0576    27.0594     0.0349      1.062      0.361 0.0000e+00
    788.911      18935    582.275 -107.01742   17.04942    578.000     7.0478     7.0480   3.517154   3.517390 7.3764e-02    12.3317     4.5825 5.0825e-02          0     4.5825     0.0246     0.5067     0.0000     4.5990     0.0000     0.0062     0.0000     0.5060    34.5411    34.5435    27.0584    27.0603     0.0358      1.088      0.370 0.0000e+00
    790.072      18963    583.283 -107.01742   17.04942    579.000     7.0367     7.0370   3.516172   3.516407 7.3540e-02    12.3316     4.5826 5.0670e-02          0     4.5826     0.0245     0.5065     0.0000     4.5996     0.0000     0.0049     0.0000     0.5058    34.5410    34.5433    27.0598    27.0616     0.0333      1.013      0.344 0.0000e+00
    791.042      18986    584.292 -107.01742   17.04942    580.000     7.0267     7.0270   3.515309   3.515560 7.3958e-02    12.3318     4.5824 5.0692e-02          0     4.5824     0.0246     0.5066     0.0000     4.5992     0.0000     0.0051     0.0000     0.5059    34.5410    34.5435    27.0612    27.0631     0.0371      1.129      0.384 0.0000e+00
    791.848      19005    585.301 -107.01742   17.04943    581.000     7.0219     7.0223   3.514938   3.515192 7.3247e-02    12.3318     4.5824 5.1187e-02          0     4.5824     0.0244     0.5067     0.0000     4.5985     0.0000     0.0092     0.0000     0.5060    34.5413    34.5436    27.0621    27.0639     0.0363      1.103      0.375 0.0000e+00
    792.543      19022    586.310 -107.01742   17.04944    582.000     7.0195     7.0200   3.514755   3.515016 7.3496e-02    12.3317     4.5826 5.0758e-02          0     4.5826     0.0245     0.5066     0.0000     4.5984     0.0000     0.0056     0.0000     0.5059    34.5412    34.5436    27.0624    27.0642     0.0341      1.036      0.352 0.0000e+00
    793.163      19037    587.319 -107.01742   17.04944    583.000     7.0173     7.0179   3.514599   3.514870 7.3523e-02    12.3316     4.5827 5.0859e-02          0     4.5827     0.0245     0.5066     0.0000     4.5982     0.0000     0.0065     0.0000     0.5059    34.5412    34.5435    27.0627    27.0645     0.0341      1.038      0.353 0.0000e+00
    793.759      19051    588.328 -107.01742   17.04944    584.000     7.0173     7.0178   3.514647   3.514899 7.3256e-02    12.3318     4.5824 5.0736e-02          0     4.5824     0.0244     0.5066     0.0000     4.5982     0.0000     0.0054     0.0000     0.5059    34.5413    34.5435    27.0628    27.0645     0.0340      1.036      0.352 0.0000e+00
    794.356      19066    589.336 -107.01742   17.04944    585.000     7.0152     7.0156   3.514489   3.514744 7.3970e-02    12.3317     4.5826 5.0842e-02          0     4.5826     0.0246     0.5065     0.0000     4.5983     0.0000     0.0063     0.0000     0.5058    34.5411    34.5435    27.0630    27.0648     0.0333      1.014      0.344 0.0000e+00
    794.992      19081    590.345 -107.01742   17.04944    586.000     7.0077     7.0078   3.513840   3.514064 7.3270e-02    12.3317     4.5826 5.2318e-02          0     4.5826     0.0244     0.5064     0.0000     4.5987     0.0000     0.0185     0.0000     0.5057    34.5411    34.5434    27.0640    27.0658     0.0348      1.059      0.360 0.0000e+00
    795.778      19100    591.354 -107.01742   17.04944    587.000     7.0001     7.0005   3.513186   3.513447 7.3417e-02    12.3317     4.5825 5.1017e-02          0     4.5825     0.0245     0.5065     0.0000     4.5994     0.0000     0.0078     0.0000     0.5058    34.5409    34.5435    27.0649    27.0669     0.0353      1.073      0.365 0.0000e+00
    797.111      19132    592.363 -107.01743   17.04943    588.000     6.9953     6.9952   3.512802   3.513021 7.3726e-02    12.3322     4.5819 5.0889e-02          0     4.5819     0.0246     0.5064     0.0000     4.5995     0.0000     0.0067     0.0000     0.5057    34.5411    34.5435    27.0657    27.0677     0.0334      1.016      0.345 0.0000e+00
    799.757      19195    593.372 -107.01744   17.04943    589.000     7.0033     6.9994   3.513577   3.513379 7.4167e-02    12.3315     4.5827 5.1138e-02          0     4.5827     0.0247     0.5065     0.0000     4.5997     0.0000     0.0088     0.0000     0.5058    34.5411    34.5428    27.0646    27.0665     0.0355      1.079      0.367 0.0000e+00
    801.307      19232    594.380 -107.01744   17.04944    590.000     6.9871     6.9875   3.512156   3.512408 7.3933e-02    12.3317     4.5825 5.1432e-02          0     4.5825     0.0246     0.5065     0.0000     4.5998     0.0000     0.0112     0.0000     0.5058    34.5412    34.5436    27.0670    27.0688     0.0353      1.073      0.364 0.0000e+00
    802.293      19256    595.390 -107.01744   17.04944    591.000     6.9751     6.9752   3.511084   3.511302 7.3959e-02    12.3318     4.5824 5.1961e-02          0     4.5824     0.0246     0.5066     0.0000     4.5995     0.0000     0.0156     0.0000     0.5059    34.5410    34.5433    27.0685    27.0702     0.0367      1.116      0.379 0.0000e+00
    803.128      19276    596.398 -107.01744   17.04944    592.000     6.9666     6.9669   3.510368   3.510604 7.3805e-02    12.3314     4.5828 5.1706e-02          0     4.5828     0.0246     0.5066     0.0000     4.5995     0.0000     0.0136     0.0000     0.5059    34.5411    34.5434    27.0697    27.0715     0.0354      1.078      0.366 0.0000e+00
    803.889      19294    597.407 -107.01744   17.04944    593.000     6.9598     6.9600   3.509773   3.510008 7.3467e-02    12.3321     4.5820 5.0993e-02          0     4.5820     0.0245     0.5066     0.0000     4.5996     0.0000     0.0076     0.0000     0.5059    34.5409    34.5433    27.0705    27.0724     0.0359      1.093      0.371 0.0000e+00
    804.599      19311    598.416 -107.01744   17.04944    594.000     6.9521     6.9524   3.509086   3.509334 7.3943e-02    12.3316     4.5826 5.0673e-02          0     4.5826     0.0246     0.5067     0.0000     4.6001     0.0000     0.0049     0.0000     0.5060    34.5406    34.5430    27.0713    27.0732     0.0354      1.076      0.365 0.0000e+00
    805.285      19328    599.425 -107.01744   17.04944    595.000     6.9352     6.9351   3.507558   3.507736 7.3267e-02    12.3312     4.5831 5.0831e-02          0     4.5831     0.0244     0.5066     0.0000     4.5999     0.0000     0.0063     0.0000     0.5059    34.5403    34.5423    27.0734    27.0750     0.0335      1.020      0.346 0.0000e+00
