data/ctd-cnv/RR1804/Station32_cast46.cnv
* Sea-Bird SBE 9 Data File:
* FileName = C:\CTD\RR1805\Station32_cast46.hex
* Software Version Seasave V 7.26.6.26
* Temperature SN = 4307
* Conductivity SN = 4650
* Number of Bytes Per Scan = 44
* Number of Voltage Words = 5
* Number of Scans Averaged by the Deck Unit = 1
* NMEA Latitude = 16 58.69 N
* NMEA Longitude = 107 03.75 W
* NMEA UTC (Time) = Apr 17 2018 15:03:16
** Ship: Revell
** Station: 32 (P2)
** Operator: Clara
** cast 46
# nquan = 32
# nvalues = 192                         
# units = specified
# name 0 = timeS: Time, Elapsed [seconds]
# name 1 = scan: Scan Count
# name 2 = prDM: Pressure, Digiquartz [db]
# name 3 = longitude: Longitude [deg]
# name 4 = latitude: Latitude [deg]
# name 5 = depSMignore: Depth [salt water, m]
# name 6 = t090C: Temperature [ITS-90, deg C]
# name 7 = t190C: Temperature, 2 [ITS-90, deg C]
# name 8 = c0S/m: Conductivity [S/m]
# name 9 = c1S/m: Conductivity, 2 [S/m]
# name 10 = flSP: Fluorescence, Seapoint
# name 11 = CStarAt0: Beam Attenuation, WET Labs C-Star [1/m]
# name 12 = CStarTr0: Beam Transmission, WET Labs C-Star [%]
# name 13 = par: PAR/Irradiance, Biospherical/Licor
# name 14 = modError: Modulo Error Count
# name 15 = v0: Voltage 0
# name 16 = v1: Voltage 1
# name 17 = v2: Voltage 2
# name 18 = v3: Voltage 3
# name 19 = v4: Voltage 4
# name 20 = v5: Voltage 5
# name 21 = v6: Voltage 6
# name 22 = v7: Voltage 7
# name 23 = sbeox0V: Oxygen raw, SBE 43 [V]
# name 24 = sal00: Salinity, Practical [PSU]
# name 25 = sal11: Salinity, Practical, 2 [PSU]
# name 26 = sigma-é00: Density [sigma-theta, kg/m^3]
# name 27 = sigma-é11: Density, 2 [sigma-theta, kg/m^3]
# name 28 = sbeox0Mg/L: Oxygen, SBE 43 [mg/l], WS = 2
# name 29 = sbox0Mm/Kg: Oxygen, SBE 43 [umol/kg], WS = 2
# name 30 = sbeox0PS: Oxygen, SBE 43 [% saturation], WS = 2
# name 31 = flag: flag
# span 0 =      2.195,    557.327       
# span 1 =         54,      13377       
# span 2 =     11.066,    203.307       
# span 3 = -107.06277, -107.06266       
# span 4 =   16.97810,   16.97818       
# span 5 =     11.000,    202.000       
# span 6 =    11.8774,    26.8301       
# span 7 =    11.8596,    26.8231       
# span 8 =   3.971984,   5.402526       
# span 9 =   3.970302,   5.401943       
# span 10 = 7.1534e-02, 1.1140e+00      
# span 11 =    12.3378,    12.4363      
# span 12 =     4.4642,     4.5755      
# span 13 = 5.0609e-02, 3.0413e+02      
# span 14 =          0,          0      
# span 15 =     4.4642,     4.5755      
# span 16 =     0.0238,     0.3713      
# span 17 =     0.5062,     2.7922      
# span 18 =     0.0000,     0.0000      
# span 19 =     3.0764,     4.6555      
# span 20 =     0.0000,     0.0000      
# span 21 =     0.0044,     3.7776      
# span 22 =     0.0000,     0.0000      
# span 23 =     0.5055,     2.7922      
# span 24 =    34.2306,    34.8058      
# span 25 =    34.2276,    34.8062      
# span 26 =    22.2488,    26.4258      
# span 27 =    22.2519,    26.4294      
# span 28 =     0.0278,     6.7798      
# span 29 =      0.845,    207.146      
# span 30 =      0.320,    100.504      
# span 31 = 0.0000e+00, 0.0000e+00      
# interval = meters: 1                  
# start_time = Apr 17 2018 15:03:20 [System UTC, first data scan.]
# bad_flag = -9.990e-29
*END*
[from data line 46]
    195.434       4691     57.349 -107.06272   16.97816     57.000    20.6218    20.6184   4.762435   4.761816 7.9214e-01    12.3979     4.5073 7.6283e+00          0     4.5073     0.2640     2.3912     0.0000     4.5737     0.0000     2.1791     0.0000     2.3912    34.2315    34.2293    24.0136    24.0129     5.8444    178.356     79.571 0.0000e+00
    197.389       4738     58.355 -107.06272   16.97816     58.000    20.2445    20.2393   4.732363   4.731891 8.3158e-01    12.3940     4.5117 6.9669e+00          0     4.5117     0.2772     2.1053     0.0000     4.5753     0.0000     2.1397     0.0000     2.1051    34.2931    34.2936    24.1610    24.1627     4.5999    140.359     62.220 0.0000e+00
    199.436       4787     59.361 -107.06272   16.97816     59.000    20.1429    20.1427   4.727198   4.726892 8.5694e-01    12.3937     4.5120 6.4521e+00          0     4.5120     0.2857     1.8732     0.0000     4.5771     0.0000     2.1064     0.0000     1.8730    34.3334    34.3311    24.2186    24.2169     4.1046    125.238     55.430 0.0000e+00
    201.185       4829     60.367 -107.06272   16.97816     60.000    19.8886    19.8859   4.705002   4.704329 8.3615e-01    12.3921     4.5139 5.8609e+00          0     4.5139     0.2787     1.6907     0.0000     4.5790     0.0000     2.0644     0.0000     1.6904    34.3593    34.3560    24.3052    24.3034     3.5020    106.843     47.080 0.0000e+00
    202.617       4864     61.374 -107.06272   16.97816     61.000    19.6543    19.6484   4.683530   4.682638 7.8975e-01    12.3899     4.5163 5.1872e+00          0     4.5163     0.2633     1.5702     0.0000     4.5805     0.0000     2.0114     0.0000     1.5698    34.3748    34.3723    24.3781    24.3777     3.2231     98.325     43.148 0.0000e+00
    205.031       4922     62.380 -107.06272   16.97816     62.000    19.3812    19.3901   4.659151   4.658884 7.2093e-01    12.3996     4.5055 4.6720e+00          0     4.5055     0.2403     1.4009     0.0000     4.5818     0.0000     1.9660     0.0000     1.4004    34.3981    34.3885    24.4665    24.4568     2.6998     82.355     35.968 0.0000e+00
    207.895       4990     63.386 -107.06272   16.97815     63.000    18.9803    18.9692   4.624126   4.622874 6.3860e-01    12.3742     4.5340 4.2890e+00          0     4.5340     0.2129     1.1740     0.0000     4.5838     0.0000     1.9292     0.0000     1.1734    34.4385    34.4372    24.5997    24.6016     1.8103     55.215     23.943 0.0000e+00
    209.045       5018     64.393 -107.06272   16.97816     64.000    18.5354    18.5325   4.582112   4.581433 5.4454e-01    12.3682     4.5409 3.9967e+00          0     4.5409     0.1815     1.0827     0.0000     4.5849     0.0000     1.8983     0.0000     1.0821    34.4568    34.4535    24.7260    24.7243     1.7413     53.103     22.841 0.0000e+00
    210.147       5045     65.399 -107.06272   16.97816     65.000    18.4629    18.4614   4.574885   4.574363 5.5351e-01    12.3673     4.5419 3.6541e+00          0     4.5419     0.1845     1.0437     0.0000     4.5865     0.0000     1.8594     0.0000     1.0431    34.4562    34.4531    24.7437    24.7417     1.6895     51.522     22.131 0.0000e+00
    211.563       5079     66.405 -107.06272   16.97816     66.000    18.2466    18.2329   4.553258   4.550930 5.5125e-01    12.3649     4.5446 3.3368e+00          0     4.5446     0.1838     1.0078     0.0000     4.5881     0.0000     1.8199     0.0000     1.0072    34.4543    34.4461    24.7960    24.7932     1.6726     51.005     21.819 0.0000e+00
    215.325       5169     67.412 -107.06272   16.97815     67.000    17.8154    17.7682   4.507637   4.501343 5.6177e-01    12.3629     4.5470 2.9766e+00          0     4.5470     0.1873     1.0266     0.0000     4.1846     0.0000     1.7704     0.0000     1.0260    34.4289    34.4150    24.8827    24.8835     1.8429     56.195     23.845 0.0000e+00
    218.321       5241     68.418 -107.06272   16.97814     68.000    17.5869    17.5867   4.483554   4.483332 4.7540e-01    12.3599     4.5503 2.6524e+00          0     4.5503     0.1585     1.0336     0.0000     4.5980     0.0000     1.7204     0.0000     1.0330    34.4155    34.4138    24.9279    24.9266     1.7683     53.916     22.777 0.0000e+00
    219.920       5279     69.424 -107.06272   16.97814     69.000    17.5349    17.5318   4.480928   4.480259 4.7033e-01    12.3602     4.5500 2.4674e+00          0     4.5500     0.1568     1.0028     0.0000     4.5945     0.0000     1.6889     0.0000     1.0022    34.4366    34.4335    24.9567    24.9550     1.6703     50.925     21.496 0.0000e+00
    221.285       5312     70.430 -107.06272   16.97814     70.000    17.4409    17.4389   4.470557   4.470066 4.6115e-01    12.3596     4.5507 2.2835e+00          0     4.5507     0.1537     0.9964     0.0000     4.5956     0.0000     1.6553     0.0000     0.9958    34.4267    34.4242    24.9718    24.9704     1.6932     51.624     21.751 0.0000e+00
    222.693       5346     71.437 -107.06272   16.97814     71.000    17.3493    17.3494   4.461836   4.461533 4.5557e-01    12.3580     4.5525 2.1250e+00          0     4.5525     0.1519     0.9870     0.0000     4.5964     0.0000     1.6240     0.0000     0.9864    34.4290    34.4263    24.9956    24.9935     1.6384     49.951     21.010 0.0000e+00
    224.781       5396     72.443 -107.06272   16.97814     72.000    17.2366    17.2464   4.450609   4.451438 4.7119e-01    12.3573     4.5532 1.9655e+00          0     4.5532     0.1571     0.9727     0.0000     4.5978     0.0000     1.5900     0.0000     0.9721    34.4275    34.4263    25.0214    25.0182     1.6180     49.328     20.704 0.0000e+00
    227.603       5463     73.449 -107.06271   16.97814     73.000    17.1347    17.1365   4.440276   4.440358 4.3529e-01    12.3564     4.5543 1.8006e+00          0     4.5543     0.1451     0.9687     0.0000     4.2020     0.0000     1.5523     0.0000     0.9681    34.4245    34.4236    25.0434    25.0424     1.6224     49.461     20.719 0.0000e+00
    229.644       5512     74.456 -107.06270   16.97814     74.000    17.0585    17.0609   4.432551   4.432536 4.4586e-01    12.3581     4.5524 1.6760e+00          0     4.5524     0.1486     0.9681     0.0000     4.5988     0.0000     1.5210     0.0000     0.9675    34.4220    34.4198    25.0597    25.0574     1.6445     50.135     20.970 0.0000e+00
    231.597       5559     75.462 -107.06270   16.97814     75.000    16.7332    16.7231   4.396136   4.394727 4.0918e-01    12.3560     4.5548 1.5399e+00          0     4.5548     0.1364     0.9922     0.0000     4.6003     0.0000     1.4842     0.0000     0.9916    34.3822    34.3786    25.1056    25.1052     1.8413     56.133     23.324 0.0000e+00
    233.481       5605     76.468 -107.06271   16.97815     76.000    16.0086    15.9985   4.319288   4.318022 4.0756e-01    12.3517     4.5596 1.4280e+00          0     4.5596     0.1359     1.0261     0.0000     4.6028     0.0000     1.4514     0.0000     1.0255    34.3284    34.3259    25.2316    25.2320     1.8151     55.327     22.670 0.0000e+00
    235.620       5656     77.475 -107.06272   16.97816     77.000    15.8912    15.8924   4.320354   4.320442 3.3732e-01    12.3499     4.5617 1.3141e+00          0     4.5617     0.1124     0.9178     0.0000     4.6048     0.0000     1.4154     0.0000     0.9172    34.4395    34.4393    25.3439    25.3435     1.0167     30.988     12.674 0.0000e+00
    237.094       5691     78.481 -107.06271   16.97816     78.000    15.9436    15.9430   4.336499   4.336381 3.0038e-01    12.3466     4.5654 1.2037e+00          0     4.5654     0.1001     0.7811     0.0000     4.6059     0.0000     1.3772     0.0000     0.7804    34.5374    34.5369    25.4074    25.4072     0.5775     17.599      7.211 0.0000e+00
    240.225       5766     79.488 -107.06270   16.97814     79.000    15.9244    15.9009   4.338246   4.338434 3.1007e-01    12.3466     4.5654 1.1021e+00          0     4.5654     0.1034     0.6807     0.0000     4.6083     0.0000     1.3391     0.0000     0.6799    34.5694    34.5916    25.4364    25.4588     0.5536     16.872      6.913 0.0000e+00
    243.119       5836     80.494 -107.06270   16.97814     80.000    15.7223    15.7199   4.324582   4.324080 2.0808e-01    12.3433     4.5693 1.0347e+00          0     4.5693     0.0694     0.6150     0.0000     4.6098     0.0000     1.3116     0.0000     0.6142    34.6237    34.6213    25.5240    25.5227     0.2513      7.659      3.126 0.0000e+00
    244.160       5861     81.500 -107.06270   16.97814     81.000    15.5833    15.5832   4.313343   4.313128 2.0342e-01    12.3403     4.5726 9.6713e-01          0     4.5726     0.0678     0.5876     0.0000     4.6099     0.0000     1.2823     0.0000     0.5868    34.6446    34.6427    25.5713    25.5699     0.1972      6.008      2.447 0.0000e+00
    245.159       5885     82.507 -107.06270   16.97814     82.000    15.5676    15.5681   4.313286   4.313131 2.1442e-01    12.3416     4.5711 8.9958e-01          0     4.5711     0.0715     0.5698     0.0000     4.6105     0.0000     1.2509     0.0000     0.5689    34.6575    34.6556    25.5848    25.5833     0.1763      5.372      2.187 0.0000e+00
    246.391       5914     83.513 -107.06270   16.97816     83.000    15.5601    15.5591   4.312718   4.312406 2.1860e-01    12.3418     4.5709 8.4362e-01          0     4.5709     0.0729     0.5580     0.0000     4.6115     0.0000     1.2229     0.0000     0.5572    34.6585    34.6567    25.5874    25.5862     0.1679      5.114      2.082 0.0000e+00
    248.822       5973     84.519 -107.06270   16.97816     84.000    15.5422    15.5322   4.311819   4.311009 2.4546e-01    12.3451     4.5672 7.8273e-01          0     4.5672     0.0818     0.5465     0.0000     4.6133     0.0000     1.1903     0.0000     0.5457    34.6659    34.6674    25.5971    25.6005     0.1527      4.652      1.893 0.0000e+00
    252.682       6065     85.526 -107.06270   16.97816     85.000    15.5325    15.5097   4.311120   4.309293 2.1114e-01    12.3404     4.5725 7.3215e-01          0     4.5725     0.0704     0.5390     0.0000     4.6146     0.0000     1.1616     0.0000     0.5382    34.6677    34.6714    25.6007    25.6086     0.1198      3.649      1.485 0.0000e+00
    254.061       6098     86.532 -107.06270   16.97816     86.000    15.4418    15.4419   4.304653   4.304467 1.8878e-01    12.3391     4.5741 6.8233e-01          0     4.5741     0.0629     0.5298     0.0000     4.6147     0.0000     1.1309     0.0000     0.5290    34.6890    34.6873    25.6374    25.6360     0.0807      2.458      0.999 0.0000e+00
    255.221       6126     87.539 -107.06270   16.97816     87.000    15.3131    15.3108   4.293241   4.292818 2.0100e-01    12.3381     4.5751 6.2885e-01          0     4.5751     0.0670     0.5248     0.0000     4.6154     0.0000     1.0954     0.0000     0.5240    34.6993    34.6975    25.6739    25.6731     0.0756      2.304      0.934 0.0000e+00
    257.892       6190     88.545 -107.06270   16.97816     88.000    15.3060    15.2938   4.292622   4.291352 2.3292e-01    12.3378     4.5755 5.7277e-01          0     4.5755     0.0776     0.5214     0.0000     4.6165     0.0000     1.0548     0.0000     0.5205    34.6996    34.6989    25.6758    25.6779     0.0748      2.278      0.923 0.0000e+00
    261.416       6275     89.551 -107.06269   16.97816     89.000    15.2407    15.2384   4.286829   4.286399 2.1983e-01    12.3382     4.5751 5.4184e-01          0     4.5751     0.0733     0.5189     0.0000     4.6190     0.0000     1.0309     0.0000     0.5181    34.7045    34.7027    25.6941    25.6932     0.0663      2.021      0.818 0.0000e+00
    262.584       6303     90.558 -107.06270   16.97816     90.000    15.2113    15.2118   4.284506   4.284410 2.4271e-01    12.3405     4.5724 5.1361e-01          0     4.5724     0.0809     0.5179     0.0000     4.6198     0.0000     1.0076     0.0000     0.5171    34.7091    34.7078    25.7042    25.7031     0.0648      1.975      0.799 0.0000e+00
    263.614       6328     91.564 -107.06270   16.97816     91.000    15.2044    15.2047   4.283884   4.283743 2.4048e-01    12.3394     4.5737 4.8080e-01          0     4.5737     0.0802     0.5177     0.0000     4.6189     0.0000     0.9789     0.0000     0.5169    34.7092    34.7076    25.7058    25.7045     0.0661      2.013      0.814 0.0000e+00
    264.710       6354     92.571 -107.06270   16.97816     92.000    15.1652    15.1637   4.280186   4.279861 2.4933e-01    12.3393     4.5737 4.4618e-01          0     4.5737     0.0831     0.5175     0.0000     4.6175     0.0000     0.9464     0.0000     0.5167    34.7100    34.7084    25.7151    25.7142     0.0641      1.952      0.789 0.0000e+00
    267.468       6420     93.577 -107.06269   16.97816     93.000    15.1511    15.1373   4.279135   4.277686 2.9746e-01    12.3392     4.5739 4.1383e-01          0     4.5739     0.0992     0.5166     0.0000     4.6136     0.0000     0.9138     0.0000     0.5157    34.7126    34.7117    25.7203    25.7226     0.0621      1.891      0.764 0.0000e+00
    271.136       6508     94.584 -107.06270   16.97816     94.000    14.9497    14.9202   4.260023   4.257046 2.7890e-01    12.3415     4.5713 3.9311e-01          0     4.5713     0.0930     0.5168     0.0000     4.5883     0.0000     0.8916     0.0000     0.5159    34.7172    34.7163    25.7678    25.7736     0.0633      1.927      0.776 0.0000e+00
    272.253       6535     95.590 -107.06270   16.97816     95.000    14.6850    14.6844   4.235601   4.235380 2.5500e-01    12.3398     4.5732 3.7198e-01          0     4.5732     0.0850     0.5164     0.0000     4.5542     0.0000     0.8676     0.0000     0.5155    34.7296    34.7281    25.8352    25.8341     0.0603      1.838      0.736 0.0000e+00
    273.427       6563     96.596 -107.06270   16.97816     96.000    14.6760    14.6760   4.234626   4.234470 2.5495e-01    12.3403     4.5726 3.4491e-01          0     4.5726     0.0850     0.5161     0.0000     4.5049     0.0000     0.8348     0.0000     0.5152    34.7283    34.7269    25.8361    25.8350     0.0599      1.824      0.730 0.0000e+00
    274.907       6599     97.603 -107.06270   16.97816     97.000    14.6701    14.6697   4.234094   4.233920 2.6928e-01    12.3399     4.5730 3.1819e-01          0     4.5730     0.0898     0.5156     0.0000     4.5042     0.0000     0.7997     0.0000     0.5147    34.7283    34.7270    25.8374    25.8365     0.0588      1.792      0.717 0.0000e+00
    281.096       6747     98.609 -107.06270   16.97816     98.000    14.7169    14.7140   4.238858   4.238482 2.9914e-01    12.3399     4.5731 2.8071e-01          0     4.5731     0.0997     0.5152     0.0000     4.5072     0.0000     0.7466     0.0000     0.5143    34.7297    34.7289    25.8284    25.8285     0.0585      1.781      0.714 0.0000e+00
    283.029       6794     99.615 -107.06270   16.97816     99.000    14.6524    14.6518   4.232859   4.232711 2.4027e-01    12.3395     4.5735 2.7561e-01          0     4.5735     0.0801     0.5153     0.0000     4.5209     0.0000     0.7376     0.0000     0.5144    34.7320    34.7311    25.8441    25.8436     0.0581      1.771      0.708 0.0000e+00
    283.832       6813    100.622 -107.06270   16.97816    100.000    14.6360    14.6358   4.231505   4.231330 2.4303e-01    12.3404     4.5725 2.6143e-01          0     4.5725     0.0810     0.5152     0.0000     4.5067     0.0000     0.7147     0.0000     0.5143    34.7338    34.7324    25.8491    25.8480     0.0536      1.634      0.654 0.0000e+00
