data/ctd-cnv/RR1804/Station32_cast48.cnv
* Sea-Bird SBE 9 Data File:
* FileName = C:\CTD\RR1805\Station32_cast48.hex
* Software Version Seasave V 7.26.6.26
* Temperature SN = 4307
* Conductivity SN = 4650
* Number of Bytes Per Scan = 44
* Number of Voltage Words = 5
* Number of Scans Averaged by the Deck Unit = 1
* NMEA Latitude = 16 59.20 N
* NMEA Longitude = 107 04.47 W
* NMEA UTC (Time) = Apr 18 2018 15:03:03
** Ship: Revell
** Station: 32 (P2)
** Operator: Natalie
** cast48
# nquan = 32
# nvalues = 301                         
# units = specified
# name 0 = timeS: Time, Elapsed [seconds]
# name 1 = scan: Scan Count
# name 2 = prDM: Pressure, Digiquartz [db]
# name 3 = longitude: Longitude [deg]
# name 4 = latitude: Latitude [deg]
# name 5 = depSM: Depth [salt water, m]
# name 6 = t090C: Temperature [ITS-90, deg C]
# name 7 = t190C: Temperature, 2 [ITS-90, deg C]
# name 8 = c0S/m: Conductivity [S/m]
# name 9 = c1S/m: Conductivity, 2 [S/m]
# name 10 = flSP: Fluorescence, Seapoint
# name 11 = CStarAt0: Beam Attenuation, WET Labs C-Star [1/m]
# name 12 = CStarTr0: Beam Transmission, WET Labs C-Star [%]
# name 13 = par: PAR/Irradiance, Biospherical/Licor
# name 14 = modError: Modulo Error Count
# name 15 = v0: Voltage 0
# name 16 = v1: Voltage 1
# name 17 = v2: Voltage 2
# name 18 = v3: Voltage 3
# name 19 = v4: Voltage 4
# name 20 = v5: Voltage 5
# name 21 = v6: Voltage 6
# name 22 = v7: Voltage 7
# name 23 = sbeox0V: Oxygen raw, SBE 43 [V]
# name 24 = sal00: Salinity, Practical [PSU]
# name 25 = sal11: Salinity, Practical, 2 [PSU]
# name 26 = sigma-é00: Density [sigma-theta, kg/m^3]
# name 27 = sigma-é11: Density, 2 [sigma-theta, kg/m^3]
# name 28 = sbeox0Mg/L: Oxygen, SBE 43 [mg/l], WS = 2
# name 29 = sbox0Mm/Kg: Oxygen, SBE 43 [umol/kg], WS = 2
# name 30 = sbeox0PS: Oxygen, SBE 43 [% saturation], WS = 2
# name 31 = flag: flag
# span 0 =     24.485,    572.259       
# span 1 =        589,      13735       
# span 2 =      1.006,    303.021       
# span 3 = -107.07450, -107.07448       
# span 4 =   16.98670,   16.98674       
# span 5 =      1.000,    301.000       
# span 6 =    10.6909,    26.9794       
# span 7 =    10.6904,    26.9783       
# span 8 =   3.857361,   5.423603       
# span 9 =   3.857557,   5.420527       
# span 10 = 4.7281e-02, 1.0593e+00      
# span 11 =    12.2303,    13.4416      
# span 12 =     4.4062,     4.5828      
# span 13 = 5.0662e-02, 9.5022e+02      
# span 14 =          0,          0      
# span 15 =     4.4062,     4.5828      
# span 16 =     0.0158,     0.3531      
# span 17 =     0.5067,     2.8265      
# span 18 =     0.0000,     0.0000      
# span 19 =     0.9283,     5.0081      
# span 20 =     0.0000,     0.0000      
# span 21 =     0.0048,     4.1769      
# span 22 =     0.0000,     0.0000      
# span 23 =     0.5058,     2.8265      
# span 24 =    34.1720,    34.8012      
# span 25 =    34.1684,    34.8017      
# span 26 =    22.2098,    26.5965      
# span 27 =    22.1407,    26.5984      
# span 28 =     0.0294,     6.9836      
# span 29 =      0.896,    213.278      
# span 30 =      0.331,    102.070      
# span 31 = 0.0000e+00, 0.0000e+00      
# interval = meters: 1                  
# start_time = Apr 18 2018 15:03:07 [System UTC, first data scan.]
# bad_flag = -9.990e-29
*END*
[from data line 272]
    533.801      12812    274.814 -107.07450   16.98672    273.000    11.1246    11.1240   3.900146   3.900271 7.3422e-02    12.3361     4.5774 5.0671e-02          0     4.5774     0.0245     0.5076     0.0000     4.6691     0.0000     0.0049     0.0000     0.5067    34.7202    34.7221    26.5412    26.5428     0.0332      1.010      0.376 0.0000e+00
    534.861      12838    275.822 -107.07449   16.98671    274.000    11.1156    11.1171   3.899226   3.899601 7.3262e-02    12.3362     4.5773 5.0671e-02          0     4.5773     0.0244     0.5075     0.0000     4.6578     0.0000     0.0049     0.0000     0.5066    34.7192    34.7215    26.5421    26.5436     0.0326      0.993      0.369 0.0000e+00
    536.229      12871    276.829 -107.07448   16.98670    275.000    11.1092    11.1097   3.898598   3.898871 7.3260e-02    12.3366     4.5768 5.0671e-02          0     4.5768     0.0244     0.5074     0.0000     4.6696     0.0000     0.0049     0.0000     0.5065    34.7185    34.7208    26.5427    26.5444     0.0331      1.008      0.375 0.0000e+00
    537.592      12903    277.836 -107.07448   16.98670    276.000    11.0993    11.0983   3.897596   3.897703 7.3391e-02    12.3363     4.5772 5.0671e-02          0     4.5772     0.0244     0.5073     0.0000     4.6692     0.0000     0.0049     0.0000     0.5064    34.7174    34.7195    26.5437    26.5455     0.0323      0.982      0.365 0.0000e+00
    538.763      12931    278.844 -107.07448   16.98670    277.000    11.0884    11.0884   3.896484   3.896703 7.3258e-02    12.3364     4.5770 5.0671e-02          0     4.5770     0.0244     0.5076     0.0000     4.6694     0.0000     0.0049     0.0000     0.5067    34.7162    34.7184    26.5448    26.5465     0.0346      1.052      0.391 0.0000e+00
    539.781      12956    279.851 -107.07448   16.98671    278.000    11.0650    11.0643   3.894030   3.894182 7.3092e-02    12.3363     4.5771 5.0671e-02          0     4.5771     0.0243     0.5074     0.0000     4.6569     0.0000     0.0049     0.0000     0.5065    34.7135    34.7156    26.5469    26.5486     0.0316      0.963      0.358 0.0000e+00
    540.654      12977    280.858 -107.07448   16.98672    279.000    11.0443    11.0449   3.891927   3.892183 7.3262e-02    12.3360     4.5775 5.0671e-02          0     4.5775     0.0244     0.5073     0.0000     4.6347     0.0000     0.0049     0.0000     0.5064    34.7116    34.7136    26.5492    26.5506     0.0323      0.982      0.365 0.0000e+00
    541.446      12996    281.866 -107.07448   16.98672    280.000    11.0273    11.0281   3.890233   3.890501 7.3054e-02    12.3359     4.5776 5.0671e-02          0     4.5776     0.0243     0.5073     0.0000     4.6325     0.0000     0.0049     0.0000     0.5064    34.7103    34.7123    26.5513    26.5527     0.0341      1.039      0.386 0.0000e+00
    542.193      13014    282.873 -107.07448   16.98672    281.000    10.9999    11.0002   3.887478   3.887706 7.3057e-02    12.3358     4.5778 5.0671e-02          0     4.5778     0.0243     0.5075     0.0000     4.6540     0.0000     0.0049     0.0000     0.5066    34.7083    34.7103    26.5546    26.5562     0.0344      1.048      0.389 0.0000e+00
    542.981      13033    283.880 -107.07449   16.98672    282.000    10.9830    10.9832   3.885691   3.885907 7.3255e-02    12.3360     4.5776 5.0671e-02          0     4.5776     0.0244     0.5076     0.0000     4.6544     0.0000     0.0049     0.0000     0.5067    34.7059    34.7080    26.5559    26.5575     0.0327      0.997      0.370 0.0000e+00
    543.953      13056    284.888 -107.07450   16.98672    283.000    10.9744    10.9745   3.884851   3.885073 7.3131e-02    12.3359     4.5777 5.0671e-02          0     4.5777     0.0244     0.5072     0.0000     4.6538     0.0000     0.0049     0.0000     0.5063    34.7053    34.7074    26.5570    26.5586     0.0309      0.941      0.349 0.0000e+00
    545.313      13089    285.895 -107.07448   16.98672    284.000    10.9674    10.9677   3.884189   3.884424 7.3063e-02    12.3358     4.5777 5.0671e-02          0     4.5777     0.0243     0.5072     0.0000     4.6527     0.0000     0.0049     0.0000     0.5063    34.7049    34.7070    26.5579    26.5595     0.0321      0.977      0.362 0.0000e+00
    546.737      13123    286.903 -107.07448   16.98672    285.000    10.9547    10.9548   3.882949   3.883169 7.2748e-02    12.3358     4.5777 5.0671e-02          0     4.5777     0.0242     0.5073     0.0000     4.6494     0.0000     0.0049     0.0000     0.5064    34.7040    34.7062    26.5596    26.5612     0.0338      1.029      0.382 0.0000e+00
    547.825      13149    287.910 -107.07448   16.98672    286.000    10.9321    10.9321   3.880731   3.880943 7.3111e-02    12.3355     4.5781 5.0671e-02          0     4.5781     0.0244     0.5073     0.0000     4.6307     0.0000     0.0049     0.0000     0.5064    34.7028    34.7049    26.5627    26.5643     0.0327      0.996      0.369 0.0000e+00
    548.697      13170    288.917 -107.07448   16.98672    287.000    10.9089    10.9089   3.878422   3.878640 7.3447e-02    12.3354     4.5783 5.0671e-02          0     4.5783     0.0245     0.5073     0.0000     4.6300     0.0000     0.0049     0.0000     0.5064    34.7012    34.7034    26.5656    26.5673     0.0327      0.995      0.369 0.0000e+00
    549.508      13189    289.925 -107.07448   16.98672    288.000    10.9014    10.9019   3.877743   3.878014 7.3648e-02    12.3355     4.5782 5.0671e-02          0     4.5782     0.0245     0.5073     0.0000     4.6290     0.0000     0.0049     0.0000     0.5064    34.7011    34.7033    26.5669    26.5686     0.0325      0.990      0.367 0.0000e+00
    550.341      13209    290.932 -107.07448   16.98672    289.000    10.8972    10.8980   3.877344   3.877631 7.3432e-02    12.3357     4.5779 5.0671e-02          0     4.5779     0.0245     0.5072     0.0000     4.6301     0.0000     0.0049     0.0000     0.5063    34.7006    34.7027    26.5673    26.5688     0.0300      0.913      0.338 0.0000e+00
    551.252      13231    291.940 -107.07448   16.98672    290.000    10.8820    10.8821   3.875802   3.876033 7.2940e-02    12.3356     4.5781 5.0671e-02          0     4.5781     0.0243     0.5069     0.0000     4.6290     0.0000     0.0049     0.0000     0.5060    34.6992    34.7014    26.5690    26.5706     0.0306      0.932      0.345 0.0000e+00
    552.291      13256    292.947 -107.07448   16.98670    291.000    10.8683    10.8685   3.874473   3.874695 7.3254e-02    12.3353     4.5784 5.0671e-02          0     4.5784     0.0244     0.5071     0.0000     4.6285     0.0000     0.0049     0.0000     0.5062    34.6983    34.7004    26.5708    26.5724     0.0329      1.001      0.371 0.0000e+00
    553.489      13285    293.954 -107.07448   16.98670    292.000    10.8614    10.8616   3.873832   3.874060 7.3128e-02    12.3355     4.5781 5.0671e-02          0     4.5781     0.0244     0.5070     0.0000     4.6278     0.0000     0.0049     0.0000     0.5061    34.6980    34.7001    26.5718    26.5734     0.0318      0.969      0.359 0.0000e+00
    554.810      13316    294.962 -107.07448   16.98671    293.000    10.8584    10.8587   3.873582   3.873839 7.3031e-02    12.3353     4.5784 5.0671e-02          0     4.5784     0.0243     0.5072     0.0000     4.6191     0.0000     0.0049     0.0000     0.5063    34.6979    34.7002    26.5723    26.5740     0.0334      1.016      0.376 0.0000e+00
    555.986      13345    295.969 -107.07448   16.98672    294.000    10.8453    10.8451   3.872288   3.872492 7.3261e-02    12.3353     4.5784 5.0671e-02          0     4.5784     0.0244     0.5073     0.0000     4.6072     0.0000     0.0049     0.0000     0.5064    34.6970    34.6992    26.5739    26.5756     0.0322      0.980      0.363 0.0000e+00
    556.939      13368    296.977 -107.07448   16.98672    295.000    10.8113    10.8107   3.868915   3.869050 7.2546e-02    12.3350     4.5787 5.0671e-02          0     4.5787     0.0242     0.5072     0.0000     4.5684     0.0000     0.0049     0.0000     0.5063    34.6949    34.6968    26.5784    26.5799     0.0340      1.036      0.383 0.0000e+00
    557.803      13388    297.984 -107.07448   16.98672    296.000    10.7806    10.7806   3.865898   3.866110 7.3286e-02    12.3349     4.5789 5.0671e-02          0     4.5789     0.0244     0.5076     0.0000     4.6235     0.0000     0.0049     0.0000     0.5067    34.6933    34.6954    26.5826    26.5843     0.0341      1.039      0.384 0.0000e+00
    558.691      13410    298.992 -107.07448   16.98672    297.000    10.7648    10.7644   3.864343   3.864517 7.2757e-02    12.3351     4.5787 5.0671e-02          0     4.5787     0.0242     0.5072     0.0000     4.6261     0.0000     0.0049     0.0000     0.5063    34.6923    34.6944    26.5846    26.5864     0.0294      0.896      0.331 0.0000e+00
    559.754      13435    299.999 -107.07448   16.98672    298.000    10.7370    10.7365   3.861576   3.861729 7.3129e-02    12.3349     4.5789 5.0671e-02          0     4.5789     0.0244     0.5068     0.0000     4.6298     0.0000     0.0049     0.0000     0.5059    34.6904    34.6924    26.5881    26.5898     0.0298      0.906      0.335 0.0000e+00
    564.477      13548    301.006 -107.07448   16.98672    299.000    10.7861    10.7845   3.866644   3.866711 7.3033e-02    12.3350     4.5788 5.0670e-02          0     4.5788     0.0243     0.5068     0.0000     4.6311     0.0000     0.0049     0.0000     0.5059    34.6943    34.6964    26.5824    26.5844     0.0310      0.945      0.349 0.0000e+00
    569.202      13662    302.014 -107.07448   16.98672    300.000    10.7648    10.7620   3.864449   3.864356 7.3317e-02    12.3349     4.5789 5.0671e-02          0     4.5789     0.0244     0.5070     0.0000     4.6365     0.0000     0.0049     0.0000     0.5061    34.6920    34.6937    26.5844    26.5863     0.0313      0.952      0.352 0.0000e+00
    572.259      13735    303.021 -107.07448   16.98672    301.000    10.6909    10.6904   3.857361   3.857557 7.3213e-02    12.3343     4.5795 5.0671e-02          0     4.5795     0.0244     0.5067     0.0000     4.6474     0.0000     0.0049     0.0000     0.5058    34.6905    34.6929    26.5965    26.5984     0.0306      0.932      0.344 0.0000e+00
