data/ctd-cnv/RR1804/Station32_cast43.cnv
* Sea-Bird SBE 9 Data File:
* FileName = C:\CTD\RR1805\Station32_cast43.hex
* Software Version Seasave V 7.26.6.26
* Temperature SN = 4307
* Conductivity SN = 4650
* Number of Bytes Per Scan = 44
* Number of Voltage Words = 5
* Number of Scans Averaged by the Deck Unit = 1
* NMEA Latitude = 16 54.97 N
* NMEA Longitude = 107 01.02 W
* NMEA UTC (Time) = Apr 15 2018 15:06:02
** Ship: Revell
** Station: 32
** Operator: clara
** cast 43
# nquan = 32
# nvalues = 851                         
# units = specified
# name 0 = timeS: Time, Elapsed [seconds]
# name 1 = scan: Scan Count
# name 2 = prDM: Pressure, Digiquartz [db]
# name 3 = longitude: Longitude [deg]
# name 4 = latitude: Latitude [deg]
# name 5 = depSM: Depth [salt water, m]
# name 6 = t090C: Temperature [ITS-90, deg C]
# name 7 = t190C: Temperature, 2 [ITS-90, deg C]
# name 8 = c0S/m: Conductivity [S/m]
# name 9 = c1S/m: Conductivity, 2 [S/m]
# name 10 = flSP: Fluorescence, Seapoint
# name 11 = CStarAt0: Beam Attenuation, WET Labs C-Star [1/m]
# name 12 = CStarTr0: Beam Transmission, WET Labs C-Star [%]
# name 13 = par: PAR/Irradiance, Biospherical/Licor
# name 14 = modError: Modulo Error Count
# name 15 = v0: Voltage 0
# name 16 = v1: Voltage 1
# name 17 = v2: Voltage 2
# name 18 = v3: Voltage 3
# name 19 = v4: Voltage 4
# name 20 = v5: Voltage 5
# name 21 = v6: Voltage 6
# name 22 = v7: Voltage 7
# name 23 = sbeox0V: Oxygen raw, SBE 43 [V]
# name 24 = sal00: Salinity, Practical [PSU]
# name 25 = sal11: Salinity, Practical, 2 [PSU]
# name 26 = sigma-é00: Density [sigma-theta, kg/m^3]
# name 27 = sigma-é11: Density, 2 [sigma-theta, kg/m^3]
# name 28 = sbeox0Mg/L: Oxygen, SBE 43 [mg/l], WS = 2
# name 29 = sbox0Mm/Kg: Oxygen, SBE 43 [umol/kg], WS = 2
# name 30 = sbeox0PS: Oxygen, SBE 43 [% saturation], WS = 2
# name 31 = flag: flag
# span 0 =     25.107,   1171.756       
# span 1 =        604,      28123       
# span 2 =      1.006,    857.854       
# span 3 = -107.01708, -107.01704       
# span 4 =   16.91624,   16.91628       
# span 5 =      1.000,    851.000       
# span 6 =     5.4388,    26.6932       
# span 7 =     5.4408,    26.6918       
# span 8 =   3.383017,   5.398270       
# span 9 =   3.383308,   5.922220       
# span 10 = 7.0152e-02, 1.0375e+00      
# span 11 =    12.3206,    13.3400      
# span 12 =     4.3036,     4.5952      
# span 13 = 5.0660e-02, 1.2825e+03      
# span 14 =          0,          0      
# span 15 =     4.3036,     4.5952      
# span 16 =     0.0234,     0.3458      
# span 17 =     0.5053,     2.8041      
# span 18 =     0.0000,     0.0000      
# span 19 =     0.8324,     4.7227      
# span 20 =     0.0000,     0.0000      
# span 21 =     0.0048,     4.3295      
# span 22 =     0.0000,     0.0000      
# span 23 =     0.5047,     2.8041      
# span 24 =    34.2158,    34.8061      
# span 25 =    34.2129,    43.8133      
# span 26 =    22.3204,    27.2644      
# span 27 =    22.3277,    31.6380      
# span 28 =     0.0269,     6.8447      
# span 29 =      0.818,    209.059      
# span 30 =      0.282,    101.134      
# span 31 = 0.0000e+00, 0.0000e+00      
# interval = meters: 1                  
# start_time = Apr 15 2018 15:06:36 [System UTC, first data scan.]
# bad_flag = -9.990e-29
*END*
[from data line 272]
    565.049      13562    274.813 -107.01706   16.91628    273.000    10.9155    10.9158   3.878809   3.879013 7.3229e-02    12.3359     4.5777 5.0671e-02          0     4.5777     0.0244     0.5072     0.0000     4.5999     0.0000     0.0049     0.0000     0.5065    34.7051    34.7069    26.5672    26.5685     0.0317      0.964      0.357 0.0000e+00
    565.682      13577    275.821 -107.01706   16.91628    274.000    10.9058    10.9060   3.877924   3.878164 7.3716e-02    12.3359     4.5777 5.0671e-02          0     4.5777     0.0245     0.5074     0.0000     4.6187     0.0000     0.0049     0.0000     0.5067    34.7050    34.7072    26.5689    26.5705     0.0341      1.038      0.384 0.0000e+00
    566.369      13594    276.828 -107.01706   16.91628    275.000    10.8987    10.8988   3.877291   3.877499 7.3051e-02    12.3354     4.5783 5.0671e-02          0     4.5783     0.0243     0.5074     0.0000     4.6259     0.0000     0.0049     0.0000     0.5067    34.7050    34.7069    26.5701    26.5716     0.0350      1.067      0.395 0.0000e+00
    567.168      13613    277.835 -107.01706   16.91628    276.000    10.8852    10.8852   3.875994   3.876156 7.3260e-02    12.3355     4.5782 5.0671e-02          0     4.5782     0.0244     0.5074     0.0000     4.6288     0.0000     0.0049     0.0000     0.5067    34.7043    34.7059    26.5721    26.5733     0.0344      1.047      0.388 0.0000e+00
    568.108      13636    278.843 -107.01706   16.91628    277.000    10.8576    10.8570   3.873246   3.873340 7.2954e-02    12.3352     4.5785 5.0671e-02          0     4.5785     0.0243     0.5075     0.0000     4.6296     0.0000     0.0049     0.0000     0.5068    34.7025    34.7039    26.5756    26.5768     0.0334      1.016      0.376 0.0000e+00
    569.199      13662    279.850 -107.01706   16.91628    278.000    10.8455    10.8459   3.872092   3.872300 7.3258e-02    12.3353     4.5784 5.0671e-02          0     4.5784     0.0244     0.5072     0.0000     4.6295     0.0000     0.0049     0.0000     0.5065    34.7019    34.7036    26.5773    26.5786     0.0324      0.986      0.365 0.0000e+00
    570.366      13690    280.857 -107.01706   16.91628    279.000    10.8431    10.8434   3.871884   3.872078 7.2864e-02    12.3354     4.5783 5.0671e-02          0     4.5783     0.0243     0.5072     0.0000     4.6283     0.0000     0.0049     0.0000     0.5065    34.7017    34.7033    26.5776    26.5789     0.0320      0.973      0.360 0.0000e+00
    571.524      13718    281.865 -107.01706   16.91628    280.000    10.8317    10.8318   3.870757   3.870921 7.3545e-02    12.3348     4.5790 5.0671e-02          0     4.5790     0.0245     0.5070     0.0000     4.6039     0.0000     0.0049     0.0000     0.5063    34.7007    34.7023    26.5789    26.5801     0.0325      0.988      0.366 0.0000e+00
    572.726      13746    282.872 -107.01706   16.91628    281.000    10.8239    10.8241   3.869990   3.870180 7.3261e-02    12.3347     4.5792 5.0671e-02          0     4.5792     0.0244     0.5071     0.0000     4.5976     0.0000     0.0049     0.0000     0.5064    34.7000    34.7017    26.5798    26.5811     0.0333      1.013      0.375 0.0000e+00
    574.156      13781    283.880 -107.01706   16.91628    282.000    10.8174    10.8175   3.869382   3.869564 7.3162e-02    12.3350     4.5788 5.0671e-02          0     4.5788     0.0244     0.5070     0.0000     4.5684     0.0000     0.0049     0.0000     0.5063    34.6996    34.7013    26.5806    26.5820     0.0316      0.963      0.356 0.0000e+00
    575.588      13815    284.887 -107.01706   16.91628    283.000    10.8088    10.8089   3.868564   3.868744 7.3540e-02    12.3351     4.5786 5.0671e-02          0     4.5786     0.0245     0.5070     0.0000     4.5802     0.0000     0.0049     0.0000     0.5063    34.6991    34.7008    26.5818    26.5831     0.0331      1.009      0.373 0.0000e+00
    576.681      13841    285.894 -107.01706   16.91628    284.000    10.8007    10.8009   3.867832   3.868028 7.3251e-02    12.3349     4.5789 5.0671e-02          0     4.5789     0.0244     0.5072     0.0000     4.5978     0.0000     0.0049     0.0000     0.5065    34.6990    34.7008    26.5832    26.5845     0.0333      1.014      0.375 0.0000e+00
    577.577      13863    286.902 -107.01706   16.91628    285.000    10.7954    10.7955   3.867342   3.867508 7.3260e-02    12.3350     4.5788 5.0671e-02          0     4.5788     0.0244     0.5068     0.0000     4.5990     0.0000     0.0049     0.0000     0.5061    34.6987    34.7002    26.5839    26.5851     0.0298      0.907      0.335 0.0000e+00
    578.369      13882    287.909 -107.01706   16.91628    286.000    10.7832    10.7833   3.866215   3.866397 7.3260e-02    12.3345     4.5793 5.0671e-02          0     4.5793     0.0244     0.5070     0.0000     4.5925     0.0000     0.0049     0.0000     0.5063    34.6985    34.7003    26.5859    26.5873     0.0337      1.026      0.379 0.0000e+00
    579.108      13900    288.917 -107.01706   16.91628    287.000    10.7717    10.7717   3.865161   3.865303 7.3260e-02    12.3348     4.5791 5.0671e-02          0     4.5791     0.0244     0.5071     0.0000     4.5888     0.0000     0.0049     0.0000     0.5064    34.6983    34.6998    26.5879    26.5891     0.0344      1.047      0.387 0.0000e+00
    579.841      13917    289.924 -107.01706   16.91628    288.000    10.7594    10.7595   3.863965   3.864135 7.3260e-02    12.3349     4.5789 5.0671e-02          0     4.5789     0.0244     0.5073     0.0000     4.5902     0.0000     0.0049     0.0000     0.5066    34.6976    34.6993    26.5896    26.5908     0.0342      1.040      0.384 0.0000e+00
    580.595      13935    290.931 -107.01706   16.91628    289.000    10.7485    10.7486   3.862906   3.863066 7.3260e-02    12.3348     4.5790 5.0671e-02          0     4.5790     0.0244     0.5071     0.0000     4.6126     0.0000     0.0049     0.0000     0.5064    34.6969    34.6984    26.5909    26.5921     0.0314      0.956      0.353 0.0000e+00
    581.404      13955    291.938 -107.01706   16.91628    290.000    10.7323    10.7323   3.861311   3.861449 7.3630e-02    12.3349     4.5789 5.0671e-02          0     4.5789     0.0245     0.5070     0.0000     4.6246     0.0000     0.0049     0.0000     0.5063    34.6958    34.6972    26.5930    26.5941     0.0329      1.001      0.369 0.0000e+00
    582.280      13976    292.946 -107.01706   16.91628    291.000    10.7219    10.7220   3.860313   3.860498 7.3256e-02    12.3349     4.5789 5.0671e-02          0     4.5789     0.0244     0.5071     0.0000     4.6113     0.0000     0.0049     0.0000     0.5064    34.6952    34.6969    26.5944    26.5957     0.0338      1.030      0.380 0.0000e+00
    583.232      13999    293.953 -107.01706   16.91628    292.000    10.7078    10.7075   3.858932   3.859060 7.3413e-02    12.3344     4.5795 5.0671e-02          0     4.5795     0.0245     0.5072     0.0000     4.5912     0.0000     0.0049     0.0000     0.5065    34.6943    34.6958    26.5962    26.5974     0.0331      1.009      0.372 0.0000e+00
    584.304      14024    294.961 -107.01706   16.91628    293.000    10.6905    10.6904   3.857227   3.857359 7.3391e-02    12.3345     4.5794 5.0671e-02          0     4.5794     0.0244     0.5072     0.0000     4.6147     0.0000     0.0049     0.0000     0.5065    34.6931    34.6945    26.5984    26.5995     0.0325      0.989      0.365 0.0000e+00
    585.512      14053    295.968 -107.01706   16.91628    294.000    10.6574    10.6570   3.853913   3.854012 7.3503e-02    12.3347     4.5791 5.0671e-02          0     4.5791     0.0245     0.5069     0.0000     4.6094     0.0000     0.0049     0.0000     0.5062    34.6908    34.6922    26.6024    26.6036     0.0323      0.984      0.363 0.0000e+00
    586.940      14088    296.975 -107.01706   16.91628    295.000    10.6346    10.6343   3.851729   3.851846 7.3256e-02    12.3342     4.5796 5.0671e-02          0     4.5796     0.0244     0.5071     0.0000     4.6245     0.0000     0.0049     0.0000     0.5064    34.6900    34.6915    26.6059    26.6071     0.0336      1.023      0.377 0.0000e+00
    588.513      14125    297.983 -107.01706   16.91628    296.000    10.5904    10.5891   3.847249   3.847241 7.3581e-02    12.3338     4.5801 5.0671e-02          0     4.5801     0.0245     0.5071     0.0000     4.5846     0.0000     0.0049     0.0000     0.5064    34.6864    34.6876    26.6109    26.6120     0.0337      1.025      0.377 0.0000e+00
    589.822      14157    298.990 -107.01706   16.91628    297.000    10.5624    10.5628   3.844444   3.844646 7.3529e-02    12.3339     4.5800 5.0671e-02          0     4.5800     0.0245     0.5072     0.0000     4.5751     0.0000     0.0049     0.0000     0.5065    34.6844    34.6860    26.6142    26.6154     0.0326      0.992      0.365 0.0000e+00
    590.810      14180    299.998 -107.01706   16.91628    298.000    10.5537    10.5535   3.843591   3.843728 7.3417e-02    12.3338     4.5802 5.0671e-02          0     4.5802     0.0245     0.5072     0.0000     4.5799     0.0000     0.0049     0.0000     0.5065    34.6836    34.6851    26.6151    26.6164     0.0358      1.090      0.401 0.0000e+00
    591.613      14200    301.005 -107.01706   16.91628    299.000    10.5335    10.5334   3.841630   3.841778 7.3266e-02    12.3338     4.5801 5.0671e-02          0     4.5801     0.0244     0.5074     0.0000     4.5778     0.0000     0.0049     0.0000     0.5067    34.6826    34.6842    26.6180    26.6192     0.0335      1.021      0.375 0.0000e+00
    592.324      14217    302.013 -107.01706   16.91628    300.000    10.5139    10.5132   3.839618   3.839685 7.3260e-02    12.3338     4.5801 5.0671e-02          0     4.5801     0.0244     0.5072     0.0000     4.6212     0.0000     0.0049     0.0000     0.5065    34.6805    34.6818    26.6198    26.6209     0.0324      0.987      0.363 0.0000e+00
    592.993      14233    303.020 -107.01706   16.91628    301.000    10.4827    10.4823   3.836547   3.836640 7.3260e-02    12.3335     4.5805 5.0671e-02          0     4.5805     0.0244     0.5072     0.0000     4.6109     0.0000     0.0049     0.0000     0.5065    34.6787    34.6800    26.6239    26.6249     0.0330      1.004      0.368 0.0000e+00
    593.655      14249    304.028 -107.01706   16.91628    302.000    10.4553    10.4551   3.833854   3.833994 7.3260e-02    12.3329     4.5811 5.0671e-02          0     4.5811     0.0244     0.5070     0.0000     4.6144     0.0000     0.0049     0.0000     0.5063    34.6772    34.6788    26.6275    26.6288     0.0321      0.978      0.359 0.0000e+00
    594.386      14266    305.035 -107.01706   16.91628    303.000    10.4444    10.4447   3.832858   3.833044 7.6514e-02    12.3328     4.5812 5.0671e-02          0     4.5812     0.0255     0.5071     0.0000     4.6151     0.0000     0.0049     0.0000     0.5064    34.6770    34.6786    26.6292    26.6305     0.0318      0.968      0.355 0.0000e+00
    595.333      14289    306.042 -107.01706   16.91628    304.000    10.4396    10.4400   3.832453   3.832656 7.3333e-02    12.3329     4.5811 5.0671e-02          0     4.5811     0.0244     0.5068     0.0000     4.6147     0.0000     0.0049     0.0000     0.5061    34.6770    34.6787    26.6301    26.6313     0.0308      0.936      0.344 0.0000e+00
    596.678      14321    307.050 -107.01706   16.91628    305.000    10.4357    10.4360   3.832134   3.832338 7.3834e-02    12.3325     4.5815 5.0671e-02          0     4.5815     0.0246     0.5067     0.0000     4.6146     0.0000     0.0049     0.0000     0.5060    34.6771    34.6789    26.6309    26.6322     0.0320      0.975      0.357 0.0000e+00
    598.142      14356    308.057 -107.01706   16.91628    306.000    10.4246    10.4245   3.831146   3.831307 7.3253e-02    12.3332     4.5808 5.0671e-02          0     4.5808     0.0244     0.5069     0.0000     4.6044     0.0000     0.0049     0.0000     0.5062    34.6772    34.6789    26.6329    26.6343     0.0333      1.014      0.372 0.0000e+00
    599.227      14382    309.065 -107.01706   16.91628    307.000    10.4036    10.4034   3.829106   3.829268 7.3924e-02    12.3335     4.5804 5.0671e-02          0     4.5804     0.0246     0.5070     0.0000     4.6000     0.0000     0.0049     0.0000     0.5063    34.6761    34.6779    26.6358    26.6372     0.0324      0.985      0.361 0.0000e+00
    600.102      14403    310.072 -107.01706   16.91626    308.000    10.3844    10.3840   3.827142   3.827247 7.3445e-02    12.3328     4.5812 5.0671e-02          0     4.5812     0.0245     0.5067     0.0000     4.6014     0.0000     0.0049     0.0000     0.5060    34.6741    34.6756    26.6375    26.6388     0.0317      0.966      0.354 0.0000e+00
    600.936      14423    311.080 -107.01706   16.91626    309.000    10.3604    10.3607   3.824820   3.825006 7.3095e-02    12.3322     4.5819 5.0671e-02          0     4.5819     0.0243     0.5070     0.0000     4.6320     0.0000     0.0049     0.0000     0.5063    34.6730    34.6746    26.6409    26.6421     0.0333      1.014      0.371 0.0000e+00
    601.843      14445    312.087 -107.01706   16.91626    310.000    10.3558    10.3560   3.824381   3.824568 7.3254e-02    12.3323     4.5818 5.0671e-02          0     4.5818     0.0244     0.5068     0.0000     4.6341     0.0000     0.0049     0.0000     0.5061    34.6725    34.6742    26.6413    26.6426     0.0306      0.931      0.341 0.0000e+00
    602.997      14473    313.095 -107.01706   16.91626    311.000    10.3493    10.3494   3.823767   3.823936 7.3708e-02    12.3324     4.5817 5.0671e-02          0     4.5817     0.0245     0.5068     0.0000     4.6336     0.0000     0.0049     0.0000     0.5061    34.6720    34.6736    26.6421    26.6433     0.0329      1.002      0.367 0.0000e+00
    604.550      14510    314.102 -107.01706   16.91626    312.000    10.3373    10.3367   3.822611   3.822709 7.3244e-02    12.3321     4.5821 5.0671e-02          0     4.5821     0.0244     0.5069     0.0000     4.6334     0.0000     0.0049     0.0000     0.5062    34.6714    34.6729    26.6437    26.6450     0.0326      0.994      0.364 0.0000e+00
    605.927      14543    315.110 -107.01706   16.91626    313.000    10.3271    10.3274   3.821651   3.821850 7.3260e-02    12.3323     4.5818 5.0671e-02          0     4.5818     0.0244     0.5068     0.0000     4.6339     0.0000     0.0049     0.0000     0.5061    34.6709    34.6726    26.6451    26.6464     0.0314      0.956      0.350 0.0000e+00
    606.942      14568    316.117 -107.01706   16.91626    314.000    10.3178    10.3175   3.820744   3.820870 7.3260e-02    12.3322     4.5819 5.0671e-02          0     4.5819     0.0244     0.5068     0.0000     4.6327     0.0000     0.0049     0.0000     0.5061    34.6701    34.6717    26.6461    26.6474     0.0317      0.965      0.353 0.0000e+00
    607.751      14587    317.125 -107.01706   16.91626    315.000    10.3015    10.3015   3.819163   3.819323 7.3260e-02    12.3323     4.5818 5.0671e-02          0     4.5818     0.0244     0.5068     0.0000     4.6329     0.0000     0.0049     0.0000     0.5061    34.6692    34.6708    26.6483    26.6495     0.0318      0.968      0.354 0.0000e+00
    608.430      14603    318.132 -107.01706   16.91626    316.000    10.2942    10.2948   3.818499   3.818738 7.3260e-02    12.3320     4.5822 5.0671e-02          0     4.5822     0.0244     0.5067     0.0000     4.6067     0.0000     0.0049     0.0000     0.5060    34.6689    34.6708    26.6493    26.6507     0.0321      0.977      0.357 0.0000e+00
    609.059      14618    319.140 -107.01706   16.91626    317.000    10.2933    10.2939   3.818431   3.818699 7.3520e-02    12.3316     4.5826 5.0671e-02          0     4.5826     0.0245     0.5069     0.0000     4.5698     0.0000     0.0049     0.0000     0.5062    34.6686    34.6708    26.6493    26.6508     0.0328      0.999      0.365 0.0000e+00
