data/ctd-cnv/RR1804/Station32_cast45.cnv
* Sea-Bird SBE 9 Data File:
* FileName = C:\CTD\RR1805\Station32_cast45.hex
* Software Version Seasave V 7.26.6.26
* Temperature SN = 4307
* Conductivity SN = 4650
* Number of Bytes Per Scan = 44
* Number of Voltage Words = 5
* Number of Scans Averaged by the Deck Unit = 1
* NMEA Latitude = 16 56.63 N
* NMEA Longitude = 107 02.05 W
* NMEA UTC (Time) = Apr 16 2018 15:03:02
** Ship: Revell
** Station: 32 (P2)
** Operator: gabrielle
** cast 45
# nquan = 32
# nvalues = 842                         
# units = specified
# name 0 = timeS: Time, Elapsed [seconds]
# name 1 = scan: Scan Count
# name 2 = prDM: Pressure, Digiquartz [db]
# name 3 = longitude: Longitude [deg]
# name 4 = latitude: Latitude [deg]
# name 5 = depSMignore: Depth [salt water, m]
# name 6 = t090C: Temperature [ITS-90, deg C]
# name 7 = t190C: Temperature, 2 [ITS-90, deg C]
# name 8 = c0S/m: Conductivity [S/m]
# name 9 = c1S/m: Conductivity, 2 [S/m]
# name 10 = flSP: Fluorescence, Seapoint
# name 11 = CStarAt0: Beam Attenuation, WET Labs C-Star [1/m]
# name 12 = CStarTr0: Beam Transmission, WET Labs C-Star [%]
# name 13 = par: PAR/Irradiance, Biospherical/Licor
# name 14 = modError: Modulo Error Count
# name 15 = v0: Voltage 0
# name 16 = v1: Voltage 1
# name 17 = v2: Voltage 2
# name 18 = v3: Voltage 3
# name 19 = v4: Voltage 4
# name 20 = v5: Voltage 5
# name 21 = v6: Voltage 6
# name 22 = v7: Voltage 7
# name 23 = sbeox0V: Oxygen raw, SBE 43 [V]
# name 24 = sal00: Salinity, Practical [PSU]
# name 25 = sal11: Salinity, Practical, 2 [PSU]
# name 26 = sigma-é00: Density [sigma-theta, kg/m^3]
# name 27 = sigma-é11: Density, 2 [sigma-theta, kg/m^3]
# name 28 = sbeox0Mg/L: Oxygen, SBE 43 [mg/l], WS = 2
# name 29 = sbox0Mm/Kg: Oxygen, SBE 43 [umol/kg], WS = 2
# name 30 = sbeox0PS: Oxygen, SBE 43 [% saturation], WS = 2
# name 31 = flag: flag
# span 0 =     -0.920,   1119.763       
# span 1 =        -21,      26875       
# span 2 =     11.066,    858.865       
# span 3 = -107.03428, -107.03416       
# span 4 =   16.94374,   16.94386       
# span 5 =     11.000,    852.000       
# span 6 =     5.4000,    26.8789       
# span 7 =     5.4006,    26.8748       
# span 8 =   3.379504,   5.406327       
# span 9 =   3.379667,   5.406451       
# span 10 = 7.0628e-02, 1.2618e+00      
# span 11 =    12.3212,    12.4365      
# span 12 =     4.4639,     4.5945      
# span 13 = 5.0662e-02, 7.1924e+01      
# span 14 =          0,          0      
# span 15 =     4.4639,     4.5945      
# span 16 =     0.0235,     0.4206      
# span 17 =     0.5051,     2.8078      
# span 18 =     0.0000,     0.0000      
# span 19 =     4.1806,     4.6751      
# span 20 =     0.0000,     0.0000      
# span 21 =     0.0048,     3.1532      
# span 22 =     0.0000,     0.0000      
# span 23 =     0.5046,     2.8078      
# span 24 =    34.1733,    34.8018      
# span 25 =    34.1708,    34.8017      
# span 26 =    22.2100,    27.2691      
# span 27 =    22.2133,    27.2700      
# span 28 =     0.0273,     6.7637      
# span 29 =      0.830,    206.680      
# span 30 =      0.286,    101.287      
# span 31 = 0.0000e+00, 0.0000e+00      
# interval = meters: 1                  
# start_time = Apr 16 2018 15:03:41 [System UTC, first data scan.]
# bad_flag = -9.990e-29
*END*
[from data line 182]
    413.910       9935    194.244 -107.03424   16.94382    193.000    11.9973    11.9979   3.985415   3.985544 7.0677e-02    12.3400     4.5729 5.0671e-02          0     4.5729     0.0236     0.5078     0.0000     4.6128     0.0000     0.0049     0.0000     0.5071    34.7766    34.7773    26.4209    26.4213     0.0339      1.031      0.391 0.0000e+00
    414.594       9951    195.252 -107.03424   16.94382    194.000    11.9956    11.9959   3.985263   3.985381 7.2545e-02    12.3396     4.5735 5.0671e-02          0     4.5735     0.0242     0.5078     0.0000     4.6187     0.0000     0.0049     0.0000     0.5071    34.7762    34.7771    26.4210    26.4215     0.0337      1.027      0.389 0.0000e+00
    415.349       9969    196.258 -107.03424   16.94382    195.000    11.9907    11.9916   3.984737   3.984902 7.1436e-02    12.3401     4.5729 5.0671e-02          0     4.5729     0.0238     0.5077     0.0000     4.6213     0.0000     0.0049     0.0000     0.5070    34.7752    34.7760    26.4211    26.4216     0.0335      1.020      0.387 0.0000e+00
    416.297       9992    197.265 -107.03424   16.94382    196.000    11.9864    11.9889   3.984269   3.984632 7.2676e-02    12.3403     4.5726 5.0671e-02          0     4.5726     0.0242     0.5077     0.0000     4.6290     0.0000     0.0049     0.0000     0.5070    34.7742    34.7755    26.4212    26.4217     0.0341      1.038      0.394 0.0000e+00
    417.674      10025    198.272 -107.03424   16.94383    197.000    11.9809    11.9815   3.983675   3.983815 7.2201e-02    12.3402     4.5727 5.0671e-02          0     4.5727     0.0241     0.5076     0.0000     4.6320     0.0000     0.0049     0.0000     0.5069    34.7731    34.7739    26.4214    26.4219     0.0329      1.002      0.380 0.0000e+00
    419.589      10071    199.279 -107.03424   16.94384    198.000    11.9748    11.9744   3.982972   3.982999 7.2452e-02    12.3398     4.5732 5.0671e-02          0     4.5732     0.0241     0.5078     0.0000     4.6325     0.0000     0.0049     0.0000     0.5071    34.7715    34.7721    26.4214    26.4219     0.0350      1.066      0.404 0.0000e+00
    421.333      10113    200.286 -107.03424   16.94384    199.000    11.9440    11.9444   3.979430   3.979553 7.2069e-02    12.3404     4.5725 5.0671e-02          0     4.5725     0.0240     0.5079     0.0000     4.6321     0.0000     0.0049     0.0000     0.5072    34.7652    34.7661    26.4224    26.4230     0.0350      1.067      0.404 0.0000e+00
    422.371      10138    201.293 -107.03424   16.94384    200.000    11.9212    11.9200   3.976902   3.976857 7.2908e-02    12.3404     4.5725 5.0671e-02          0     4.5725     0.0243     0.5079     0.0000     4.6298     0.0000     0.0049     0.0000     0.5072    34.7614    34.7621    26.4237    26.4245     0.0348      1.060      0.401 0.0000e+00
    423.126      10156    202.300 -107.03424   16.94384    201.000    11.9024    11.9018   3.974851   3.974857 7.2582e-02    12.3408     4.5720 5.0671e-02          0     4.5720     0.0242     0.5078     0.0000     4.6198     0.0000     0.0049     0.0000     0.5071    34.7585    34.7591    26.4251    26.4257     0.0342      1.041      0.394 0.0000e+00
    423.768      10171    203.307 -107.03424   16.94384    202.000    11.8777    11.8775   3.972135   3.972168 7.2215e-02    12.3409     4.5719 5.0671e-02          0     4.5719     0.0241     0.5079     0.0000     4.5802     0.0000     0.0049     0.0000     0.5072    34.7546    34.7551    26.4267    26.4272     0.0338      1.030      0.389 0.0000e+00
    424.348      10185    204.314 -107.03424   16.94384    203.000    11.8556    11.8562   3.969885   3.970053 7.1696e-02    12.3409     4.5720 5.0671e-02          0     4.5720     0.0239     0.5076     0.0000     4.5754     0.0000     0.0049     0.0000     0.5069    34.7528    34.7539    26.4295    26.4303     0.0330      1.004      0.380 0.0000e+00
    424.913      10199    205.321 -107.03424   16.94384    204.000    11.8512    11.8516   3.969412   3.969603 7.2693e-02    12.3411     4.5718 5.0671e-02          0     4.5718     0.0242     0.5076     0.0000     4.6098     0.0000     0.0049     0.0000     0.5069    34.7518    34.7533    26.4297    26.4307     0.0328      0.997      0.377 0.0000e+00
    425.472      10212    206.328 -107.03424   16.94384    205.000    11.8441    11.8444   3.968654   3.968922 7.2966e-02    12.3408     4.5720 5.0671e-02          0     4.5720     0.0243     0.5075     0.0000     4.6061     0.0000     0.0049     0.0000     0.5068    34.7506    34.7529    26.4301    26.4318     0.0340      1.034      0.391 0.0000e+00
    426.069      10227    207.335 -107.03424   16.94384    206.000    11.8373    11.8377   3.968051   3.968262 7.1949e-02    12.3405     4.5724 5.0671e-02          0     4.5724     0.0240     0.5077     0.0000     4.6068     0.0000     0.0049     0.0000     0.5070    34.7506    34.7523    26.4314    26.4326     0.0345      1.050      0.397 0.0000e+00
    426.812      10244    208.342 -107.03424   16.94384    207.000    11.8220    11.8226   3.966588   3.966771 7.0763e-02    12.3411     4.5717 5.0671e-02          0     4.5717     0.0236     0.5076     0.0000     4.6064     0.0000     0.0049     0.0000     0.5069    34.7502    34.7513    26.4339    26.4347     0.0325      0.988      0.373 0.0000e+00
    428.168      10277    209.349 -107.03424   16.94384    208.000    11.8100    11.8091   3.965539   3.965612 7.1259e-02    12.3409     4.5719 5.0671e-02          0     4.5719     0.0237     0.5074     0.0000     4.6127     0.0000     0.0049     0.0000     0.5067    34.7507    34.7522    26.4366    26.4380     0.0328      0.997      0.377 0.0000e+00
    430.531      10334    210.356 -107.03423   16.94384    209.000    11.8227    11.7987   3.966796   3.964661 7.1775e-02    12.3407     4.5722 5.0671e-02          0     4.5722     0.0239     0.5075     0.0000     4.6059     0.0000     0.0049     0.0000     0.5068    34.7506    34.7521    26.4342    26.4399     0.0340      1.035      0.391 0.0000e+00
    432.366      10378    211.363 -107.03422   16.94384    210.000    11.7835    11.7845   3.963049   3.963247 7.2099e-02    12.3405     4.5724 5.0671e-02          0     4.5724     0.0240     0.5076     0.0000     4.6131     0.0000     0.0049     0.0000     0.5069    34.7501    34.7512    26.4412    26.4419     0.0330      1.005      0.379 0.0000e+00
    433.363      10402    212.370 -107.03422   16.94384    211.000    11.7667    11.7670   3.961460   3.961624 7.1977e-02    12.3402     4.5727 5.0671e-02          0     4.5727     0.0240     0.5075     0.0000     4.6244     0.0000     0.0049     0.0000     0.5068    34.7499    34.7512    26.4442    26.4452     0.0344      1.046      0.395 0.0000e+00
    434.153      10421    213.377 -107.03422   16.94384    212.000    11.7595    11.7598   3.961785   3.961963 7.0628e-02    12.3396     4.5734 5.0671e-02          0     4.5734     0.0235     0.5075     0.0000     4.6133     0.0000     0.0049     0.0000     0.5068    34.7594    34.7608    26.4530    26.4540     0.0342      1.042      0.393 0.0000e+00
    434.836      10437    214.384 -107.03422   16.94384    213.000    11.7477    11.7486   3.960818   3.961027 7.2404e-02    12.3392     4.5739 5.0671e-02          0     4.5739     0.0241     0.5076     0.0000     4.5379     0.0000     0.0049     0.0000     0.5069    34.7604    34.7617    26.4560    26.4569     0.0330      1.005      0.379 0.0000e+00
    435.521      10453    215.391 -107.03422   16.94384    214.000    11.7427    11.7440   3.960362   3.960580 7.1562e-02    12.3389     4.5743 5.0671e-02          0     4.5743     0.0238     0.5073     0.0000     4.5605     0.0000     0.0049     0.0000     0.5066    34.7602    34.7611    26.4569    26.4573     0.0326      0.992      0.374 0.0000e+00
    436.253      10471    216.398 -107.03422   16.94384    215.000    11.7225    11.7213   3.958297   3.958267 7.2423e-02    12.3388     4.5744 5.0671e-02          0     4.5744     0.0241     0.5076     0.0000     4.5612     0.0000     0.0049     0.0000     0.5069    34.7584    34.7593    26.4593    26.4602     0.0355      1.081      0.407 0.0000e+00
    437.052      10490    217.405 -107.03422   16.94382    216.000    11.6992    11.6978   3.955926   3.955853 7.2888e-02    12.3388     4.5744 5.0671e-02          0     4.5744     0.0243     0.5077     0.0000     4.5924     0.0000     0.0049     0.0000     0.5070    34.7565    34.7571    26.4622    26.4629     0.0342      1.041      0.392 0.0000e+00
    437.931      10511    218.412 -107.03422   16.94382    217.000    11.6727    11.6724   3.953219   3.953299 7.2431e-02    12.3387     4.5746 5.0671e-02          0     4.5746     0.0241     0.5074     0.0000     4.5897     0.0000     0.0049     0.0000     0.5067    34.7544    34.7554    26.4655    26.4663     0.0307      0.934      0.352 0.0000e+00
    438.974      10536    219.419 -107.03422   16.94382    218.000    11.6693    11.6702   3.952890   3.953095 7.1954e-02    12.3388     4.5744 5.0671e-02          0     4.5744     0.0240     0.5074     0.0000     4.6018     0.0000     0.0049     0.0000     0.5067    34.7538    34.7551    26.4657    26.4665     0.0337      1.026      0.387 0.0000e+00
    440.268      10567    220.426 -107.03422   16.94382    219.000    11.6656    11.6664   3.952524   3.952731 7.2397e-02    12.3387     4.5745 5.0671e-02          0     4.5745     0.0241     0.5073     0.0000     4.6158     0.0000     0.0049     0.0000     0.5066    34.7533    34.7545    26.4661    26.4668     0.0323      0.983      0.370 0.0000e+00
    441.524      10598    221.433 -107.03422   16.94382    220.000    11.6547    11.6546   3.951382   3.951490 7.2980e-02    12.3389     4.5743 5.0671e-02          0     4.5743     0.0243     0.5075     0.0000     4.5913     0.0000     0.0049     0.0000     0.5068    34.7518    34.7530    26.4670    26.4679     0.0333      1.014      0.382 0.0000e+00
    442.562      10622    222.440 -107.03422   16.94382    221.000    11.6345    11.6342   3.949326   3.949419 7.2192e-02    12.3389     4.5743 5.0671e-02          0     4.5743     0.0241     0.5072     0.0000     4.5622     0.0000     0.0049     0.0000     0.5065    34.7501    34.7513    26.4694    26.4704     0.0325      0.989      0.372 0.0000e+00
    443.526      10646    223.447 -107.03422   16.94382    222.000    11.6155    11.6157   3.947448   3.947571 7.6448e-02    12.3392     4.5739 5.0671e-02          0     4.5739     0.0255     0.5073     0.0000     4.5833     0.0000     0.0049     0.0000     0.5066    34.7490    34.7501    26.4721    26.4729     0.0323      0.984      0.370 0.0000e+00
    444.445      10668    224.454 -107.03422   16.94382    223.000    11.6080    11.6083   3.946715   3.946852 7.4409e-02    12.3389     4.5742 5.0671e-02          0     4.5742     0.0248     0.5072     0.0000     4.6077     0.0000     0.0049     0.0000     0.5065    34.7484    34.7495    26.4730    26.4739     0.0344      1.046      0.393 0.0000e+00
    445.294      10688    225.462 -107.03422   16.94382    224.000    11.5951    11.5948   3.945384   3.945425 7.2678e-02    12.3388     4.5744 5.0671e-02          0     4.5744     0.0242     0.5076     0.0000     4.5806     0.0000     0.0049     0.0000     0.5069    34.7469    34.7476    26.4743    26.4749     0.0356      1.085      0.408 0.0000e+00
    446.104      10707    226.468 -107.03422   16.94382    225.000    11.5644    11.5644   3.942315   3.942440 7.1495e-02    12.3395     4.5736 5.0671e-02          0     4.5736     0.0238     0.5076     0.0000     4.5736     0.0000     0.0049     0.0000     0.5069    34.7451    34.7463    26.4787    26.4796     0.0346      1.054      0.396 0.0000e+00
    446.937      10727    227.476 -107.03422   16.94382    226.000    11.5453    11.5450   3.940451   3.940535 7.2094e-02    12.3399     4.5732 5.0671e-02          0     4.5732     0.0240     0.5076     0.0000     4.6201     0.0000     0.0049     0.0000     0.5069    34.7442    34.7453    26.4816    26.4824     0.0329      1.002      0.376 0.0000e+00
    448.046      10754    228.483 -107.03422   16.94382    227.000    11.5248    11.5246   3.938425   3.938508 7.2178e-02    12.3408     4.5720 5.0671e-02          0     4.5720     0.0240     0.5074     0.0000     4.6193     0.0000     0.0049     0.0000     0.5068    34.7430    34.7440    26.4845    26.4853     0.0332      1.010      0.379 0.0000e+00
    449.749      10795    229.490 -107.03422   16.94382    228.000    11.5093    11.5098   3.936880   3.937038 7.2852e-02    12.3386     4.5747 5.0671e-02          0     4.5747     0.0243     0.5073     0.0000     4.6116     0.0000     0.0049     0.0000     0.5066    34.7419    34.7430    26.4865    26.4873     0.0330      1.003      0.377 0.0000e+00
    451.463      10836    230.497 -107.03420   16.94382    229.000    11.4962    11.4964   3.935566   3.935727 7.2642e-02    12.3388     4.5744 5.0671e-02          0     4.5744     0.0242     0.5074     0.0000     4.5899     0.0000     0.0049     0.0000     0.5068    34.7408    34.7422    26.4881    26.4892     0.0336      1.022      0.383 0.0000e+00
    452.632      10864    231.504 -107.03420   16.94382    230.000    11.4785    11.4789   3.933859   3.934041 7.2142e-02    12.3387     4.5745 5.0671e-02          0     4.5745     0.0240     0.5073     0.0000     4.5992     0.0000     0.0049     0.0000     0.5066    34.7401    34.7416    26.4909    26.4919     0.0339      1.033      0.388 0.0000e+00
    453.476      10884    232.511 -107.03420   16.94382    231.000    11.4660    11.4669   3.932638   3.932824 7.1229e-02    12.3387     4.5745 5.0671e-02          0     4.5745     0.0237     0.5076     0.0000     4.6042     0.0000     0.0049     0.0000     0.5070    34.7394    34.7404    26.4926    26.4933     0.0349      1.062      0.398 0.0000e+00
    454.166      10901    233.518 -107.03420   16.94382    232.000    11.4449    11.4459   3.930571   3.930803 7.1645e-02    12.3389     4.5743 5.0671e-02          0     4.5743     0.0239     0.5074     0.0000     4.5882     0.0000     0.0049     0.0000     0.5067    34.7384    34.7397    26.4958    26.4966     0.0323      0.982      0.368 0.0000e+00
    454.791      10916    234.525 -107.03420   16.94382    233.000    11.4272    11.4294   3.928824   3.929161 7.3204e-02    12.3386     4.5746 5.0671e-02          0     4.5746     0.0244     0.5073     0.0000     4.5959     0.0000     0.0049     0.0000     0.5067    34.7373    34.7386    26.4982    26.4988     0.0337      1.027      0.385 0.0000e+00
    455.416      10931    235.532 -107.03420   16.94382    234.000    11.4118    11.4122   3.927284   3.927456 7.2772e-02    12.3382     4.5751 5.0671e-02          0     4.5751     0.0242     0.5076     0.0000     4.5721     0.0000     0.0049     0.0000     0.5070    34.7361    34.7375    26.5002    26.5012     0.0345      1.049      0.393 0.0000e+00
    456.059      10946    236.539 -107.03420   16.94382    235.000    11.3963    11.3966   3.925761   3.925924 7.3257e-02    12.3381     4.5752 5.0671e-02          0     4.5752     0.0244     0.5073     0.0000     4.6109     0.0000     0.0049     0.0000     0.5067    34.7352    34.7365    26.5023    26.5033     0.0312      0.949      0.355 0.0000e+00
    456.745      10963    237.547 -107.03420   16.94382    236.000    11.3809    11.3807   3.924185   3.924252 7.2832e-02    12.3381     4.5752 5.0671e-02          0     4.5752     0.0243     0.5072     0.0000     4.6070     0.0000     0.0049     0.0000     0.5065    34.7337    34.7345    26.5040    26.5047     0.0340      1.035      0.387 0.0000e+00
