data/ctd-cnv/RR1804/Station32_cast47.cnv
* Sea-Bird SBE 9 Data File:
* FileName = C:\CTD\RR1805\Station32_cast47.hex
* Software Version Seasave V 7.26.6.26
* Temperature SN = 4307
* Conductivity SN = 4650
* Number of Bytes Per Scan = 44
* Number of Voltage Words = 5
* Number of Scans Averaged by the Deck Unit = 1
* NMEA Latitude = 16 58.61 N
* NMEA Longitude = 107 03.33 W
* NMEA UTC (Time) = Apr 17 2018 21:04:08
** Ship: Revell
** Station: 32 (P2)
** Operator: Clara
** cast47
# nquan = 32
# nvalues = 402                         
# units = specified
# name 0 = timeS: Time, Elapsed [seconds]
# name 1 = scan: Scan Count
# name 2 = prDM: Pressure, Digiquartz [db]
# name 3 = longitude: Longitude [deg]
# name 4 = latitude: Latitude [deg]
# name 5 = depSMignore: Depth [salt water, m]
# name 6 = t090C: Temperature [ITS-90, deg C]
# name 7 = t190C: Temperature, 2 [ITS-90, deg C]
# name 8 = c0S/m: Conductivity [S/m]
# name 9 = c1S/m: Conductivity, 2 [S/m]
# name 10 = flSP: Fluorescence, Seapoint
# name 11 = CStarAt0: Beam Attenuation, WET Labs C-Star [1/m]
# name 12 = CStarTr0: Beam Transmission, WET Labs C-Star [%]
# name 13 = par: PAR/Irradiance, Biospherical/Licor
# name 14 = modError: Modulo Error Count
# name 15 = v0: Voltage 0
# name 16 = v1: Voltage 1
# name 17 = v2: Voltage 2
# name 18 = v3: Voltage 3
# name 19 = v4: Voltage 4
# name 20 = v5: Voltage 5
# name 21 = v6: Voltage 6
# name 22 = v7: Voltage 7
# name 23 = sbeox0V: Oxygen raw, SBE 43 [V]
# name 24 = sal00: Salinity, Practical [PSU]
# name 25 = sal11: Salinity, Practical, 2 [PSU]
# name 26 = sigma-é00: Density [sigma-theta, kg/m^3]
# name 27 = sigma-é11: Density, 2 [sigma-theta, kg/m^3]
# name 28 = sbeox0Mg/L: Oxygen, SBE 43 [mg/l], WS = 2
# name 29 = sbox0Mm/Kg: Oxygen, SBE 43 [umol/kg], WS = 2
# name 30 = sbeox0PS: Oxygen, SBE 43 [% saturation], WS = 2
# name 31 = flag: flag
# span 0 =     25.149,    779.421       
# span 1 =        605,      18707       
# span 2 =      1.006,    404.798       
# span 3 = -107.05558, -107.05554       
# span 4 =   16.97688,   16.97692       
# span 5 =      1.000,    402.000       
# span 6 =     9.0997,    27.5149       
# span 7 =     9.0915,    27.5144       
# span 8 =   3.704412,   5.469847       
# span 9 =   3.703774,   9.478588       
# span 10 = 3.5612e-02, 1.4235e+00      
# span 11 =    12.3287,    12.4740      
# span 12 =     4.4223,     4.5859      
# span 13 = 5.0621e-02, 1.2251e+03      
# span 14 =          0,          0      
# span 15 =     4.4223,     4.5859      
# span 16 =     0.0119,     0.4745      
# span 17 =     0.5064,     2.7949      
# span 18 =     0.0000,     0.0000      
# span 19 =     1.0565,     4.6664      
# span 20 =     0.0000,     0.0000      
# span 21 =     0.0045,     4.3426      
# span 22 =     0.0000,     0.0000      
# span 23 =     0.5057,     2.7950      
# span 24 =    34.2116,    34.8059      
# span 25 =    19.3394,   114.6373      
# span 26 =    21.9892,    26.8005      
# span 27 =     6.9190,   102.4145      
# span 28 =     0.0308,     7.0016      
# span 29 =      0.937,    214.092      
# span 30 =      0.334,    107.414      
# span 31 = 0.0000e+00, 0.0000e+00      
# interval = meters: 1                  
# start_time = Apr 17 2018 21:04:12 [System UTC, first data scan.]
# bad_flag = -9.990e-29
*END*
[from data line 46]
    286.570       6879     47.286 -107.05556   16.97690     47.000    22.1421    22.1387   4.919796   4.919365 1.3980e+00    12.4596     4.4383 4.0673e+01          0     4.4383     0.4660     2.3667     0.0000     4.5228     0.0000     2.9059     0.0000     2.3666    34.2710    34.2704    23.6269    23.6274     5.7984    177.021     81.145 0.0000e+00
    287.782       6908     48.293 -107.05556   16.97690     48.000    21.9964    21.9928   4.904888   4.904366 1.3975e+00    12.4525     4.4462 3.5504e+01          0     4.4462     0.4658     2.3451     0.0000     4.5256     0.0000     2.8464     0.0000     2.3450    34.2692    34.2679    23.6663    23.6663     5.7754    176.313     80.614 0.0000e+00
    289.044       6938     49.299 -107.05556   16.97690     49.000    21.8684    21.8640   4.891763   4.891169 1.4235e+00    12.4481     4.4511 3.1157e+01          0     4.4511     0.4745     2.3401     0.0000     4.5260     0.0000     2.7899     0.0000     2.3400    34.2672    34.2660    23.7004    23.7007     5.8214    177.709     81.069 0.0000e+00
    294.503       7069     50.305 -107.05555   16.97688     50.000    21.9587    21.9922   4.902080   4.905412 1.4166e+00    12.4501     4.4488 3.6303e+01          0     4.4488     0.4722     2.3461     0.0000     4.5308     0.0000     2.8563     0.0000     2.3460    34.2763    34.2759    23.6823    23.6726     5.8331    178.071     81.367 0.0000e+00
    297.073       7131     51.311 -107.05556   16.97690     51.000    21.6060    21.6145   4.865241   4.865907 1.3791e+00    12.4373     4.4630 3.2532e+01          0     4.4630     0.4597     2.3587     0.0000     4.5328     0.0000     2.8089     0.0000     2.3586    34.2659    34.2644    23.7722    23.7687     5.9855    182.707     82.964 0.0000e+00
    297.801       7148     52.317 -107.05556   16.97690     52.000    21.5172    21.5168   4.856334   4.855999 1.2528e+00    12.4300     4.4713 2.8722e+01          0     4.4713     0.4176     2.3804     0.0000     4.5334     0.0000     2.7546     0.0000     2.3803    34.2657    34.2634    23.7966    23.7950     6.1020    186.258     84.444 0.0000e+00
    298.443       7164     53.324 -107.05556   16.97690     53.000    21.1416    21.1277   4.814629   4.812700 1.1349e+00    12.4192     4.4834 2.5782e+01          0     4.4834     0.3783     2.4030     0.0000     4.5345     0.0000     2.7078     0.0000     2.4030    34.2338    34.2295    23.8749    23.8754     6.2038    189.352     85.259 0.0000e+00
    299.064       7179     54.330 -107.05556   16.97690     54.000    20.8523    20.8479   4.784884   4.784076 1.0475e+00    12.4119     4.4915 2.3556e+01          0     4.4915     0.3491     2.4158     0.0000     4.5351     0.0000     2.6686     0.0000     2.4157    34.2276    34.2247    23.9486    23.9476     6.2334    190.241     85.217 0.0000e+00
    299.806       7196     55.336 -107.05556   16.97690     55.000    20.5924    20.5805   4.756951   4.755438 1.0573e+00    12.4156     4.4874 2.1830e+01          0     4.4874     0.3524     2.4218     0.0000     4.5364     0.0000     2.6356     0.0000     2.4217    34.2116    34.2091    24.0062    24.0075     6.2671    191.259     85.266 0.0000e+00
    304.339       7305     56.342 -107.05556   16.97689     56.000    20.9972    20.9700   4.801463   4.798320 1.1952e+00    12.4201     4.4824 2.1132e+01          0     4.4824     0.3984     2.4275     0.0000     4.5412     0.0000     2.6214     0.0000     2.4275    34.2431    34.2396    23.9211    23.9254     6.1702    188.317     84.566 0.0000e+00
    308.577       7407     57.349 -107.05556   16.97688     57.000    20.9508    21.0159   4.796058   4.802570 1.0935e+00    12.4178     4.4849 1.8725e+01          0     4.4849     0.3645     2.3056     0.0000     4.5448     0.0000     2.5690     0.0000     2.3055    34.2370    34.2368    23.9294    23.9116     5.1040    155.774     69.915 0.0000e+00
    309.291       7424     58.355 -107.05556   16.97690     58.000    20.3098    20.2422   4.738069   4.731624 1.0078e+00    12.4046     4.4997 1.7167e+01          0     4.4997     0.3359     2.0819     0.0000     4.5459     0.0000     2.5312     0.0000     2.0817    34.2865    34.2891    24.1383    24.1582     4.1627    127.022     56.389 0.0000e+00
    310.278       7448     59.361 -107.05556   16.97690     59.000    19.9169    19.9061   4.705359   4.704020 1.0365e+00    12.4006     4.5043 1.5585e+01          0     4.5043     0.3455     1.8786     0.0000     4.5476     0.0000     2.4890     0.0000     1.8783    34.3395    34.3374    24.2825    24.2838     3.9904    121.746     53.667 0.0000e+00
    314.796       7556     60.367 -107.05556   16.97690     60.000    20.3253    20.1576   4.741415   4.727038 1.1699e+00    12.4123     4.4911 1.4792e+01          0     4.4911     0.3900     1.9468     0.0000     4.5529     0.0000     2.4666     0.0000     1.9466    34.3003    34.3198    24.1453    24.2044     4.8851    149.062     66.156 0.0000e+00
    317.277       7616     61.374 -107.05556   16.97690     61.000    19.8793    19.8052   4.703148   4.696603 9.8057e-01    12.3969     4.5084 1.3606e+01          0     4.5084     0.3269     1.7143     0.0000     4.5541     0.0000     2.4304     0.0000     1.7140    34.3514    34.3584    24.3016    24.3263     3.3081    100.926     44.468 0.0000e+00
    318.608       7648     62.380 -107.05556   16.97690     62.000    19.5950    19.5919   4.678312   4.677792 9.3481e-01    12.3912     4.5149 1.2581e+01          0     4.5149     0.3116     1.5258     0.0000     4.5578     0.0000     2.3963     0.0000     1.5254    34.3802    34.3785    24.3976    24.3971     3.0341     92.558     40.572 0.0000e+00
    319.809       7676     63.386 -107.05556   16.97690     63.000    19.3206    19.3072   4.648771   4.647227 8.9739e-01    12.3901     4.5161 1.1280e+01          0     4.5161     0.2991     1.4876     0.0000     4.5598     0.0000     2.3488     0.0000     1.4872    34.3617    34.3599    24.4543    24.4563     3.2899    100.356     43.764 0.0000e+00
    322.065       7731     64.393 -107.05556   16.97690     64.000    19.2180    19.1945   4.636895   4.634373 9.6933e-01    12.3889     4.5175 1.0054e+01          0     4.5175     0.3231     1.5010     0.0000     4.5627     0.0000     2.2984     0.0000     1.5006    34.3475    34.3460    24.4697    24.4746     3.3297    101.569     44.206 0.0000e+00
    325.848       7821     65.399 -107.05556   16.97690     65.000    18.8825    18.8551   4.600320   4.596625 8.2693e-01    12.3868     4.5198 8.8181e+00          0     4.5198     0.2756     1.5241     0.0000     4.5671     0.0000     2.2420     0.0000     1.5237    34.3199    34.3117    24.5339    24.5346     3.5420    108.039     46.722 0.0000e+00
    327.745       7867     66.405 -107.05556   16.97690     66.000    18.2290    18.2124   4.530910   4.528391 8.3395e-01    12.3827     4.5244 8.1670e+00          0     4.5244     0.2780     1.5552     0.0000     4.5705     0.0000     2.2086     0.0000     1.5548    34.2795    34.2721    24.6664    24.6648     3.5930    109.580     46.810 0.0000e+00
    329.876       7918     67.411 -107.05556   16.97690     67.000    17.9130    17.9129   4.498350   4.498072 6.9190e-01    12.3762     4.5318 7.3470e+00          0     4.5318     0.2306     1.5509     0.0000     4.5750     0.0000     2.1629     0.0000     1.5505    34.2674    34.2651    24.7352    24.7335     3.5428    108.041     45.877 0.0000e+00
    331.457       7956     68.418 -107.05556   16.97690     68.000    17.8578    17.8521   4.493432   4.492705 6.6865e-01    12.3766     4.5313 6.9592e+00          0     4.5313     0.2229     1.5216     0.0000     4.5774     0.0000     2.1392     0.0000     1.5212    34.2715    34.2700    24.7518    24.7520     3.3711    102.802     43.609 0.0000e+00
    334.065       8019     69.424 -107.05556   16.97690     69.000    17.6708    17.6632   4.475734   4.474725 7.4689e-01    12.3771     4.5308 6.3767e+00          0     4.5308     0.2490     1.4655     0.0000     4.4821     0.0000     2.1013     0.0000     1.4651    34.2771    34.2748    24.8016    24.8017     3.2502     99.112     41.898 0.0000e+00
    336.910       8087     70.430 -107.05556   16.97690     70.000    17.4573    17.4523   4.453051   4.452439 6.2035e-01    12.3703     4.5385 6.0399e+00          0     4.5385     0.2068     1.4302     0.0000     4.5868     0.0000     2.0777     0.0000     1.4297    34.2620    34.2609    24.8415    24.8419     3.0220     92.149     38.796 0.0000e+00
    338.073       8115     71.437 -107.05556   16.97690     71.000    17.2179    17.2171   4.433609   4.433339 5.6911e-01    12.3636     4.5461 5.5630e+00          0     4.5461     0.1897     1.3571     0.0000     4.5833     0.0000     2.0420     0.0000     1.3567    34.2965    34.2949    24.9254    24.9243     2.6512     80.836     33.885 0.0000e+00
    339.045       8138     72.443 -107.05556   16.97692     72.000    17.1688    17.1672   4.430809   4.430417 5.0902e-01    12.3616     4.5484 5.1591e+00          0     4.5484     0.1697     1.2968     0.0000     4.5835     0.0000     2.0091     0.0000     1.2963    34.3136    34.3116    24.9502    24.9490     2.5114     76.573     32.072 0.0000e+00
    340.344       8169     73.449 -107.05556   16.97692     73.000    17.0581    17.0424   4.420119   4.418536 5.3653e-01    12.3623     4.5476 4.6560e+00          0     4.5476     0.1788     1.2551     0.0000     4.5844     0.0000     1.9643     0.0000     1.2546    34.3147    34.3143    24.9774    24.9807     2.5339     77.256     32.290 0.0000e+00
    346.497       8317     74.455 -107.05555   16.97690     74.000    17.2429    17.1588   4.437281   4.429952 5.8266e-01    12.3647     4.5448 4.2223e+00          0     4.5448     0.1942     1.2694     0.0000     4.5881     0.0000     1.9229     0.0000     1.2689    34.3061    34.3140    24.9269    24.9530     2.5590     78.026     32.725 0.0000e+00
    348.473       8364     75.462 -107.05554   16.97690     75.000    16.8599    16.7833   4.403168   4.396434 4.4931e-01    12.3594     4.5508 4.0529e+00          0     4.5508     0.1498     1.1962     0.0000     4.5552     0.0000     1.9045     0.0000     1.1957    34.3354    34.3422    25.0401    25.0633     2.0779     63.350     26.383 0.0000e+00
    349.258       8383     76.468 -107.05554   16.97690     76.000    16.7721    16.7794   4.397153   4.397984 4.5034e-01    12.3565     4.5542 3.8217e+00          0     4.5542     0.1501     1.1428     0.0000     4.5757     0.0000     1.8789     0.0000     1.1422    34.3576    34.3587    25.0779    25.0770     1.9836     60.471     25.145 0.0000e+00
    350.082       8403     77.475 -107.05554   16.97690     77.000    16.8051    16.8062   4.401617   4.401513 4.3713e-01    12.3565     4.5542 3.5656e+00          0     4.5542     0.1457     1.1085     0.0000     4.3043     0.0000     1.8488     0.0000     1.1079    34.3680    34.3662    25.0781    25.0764     1.9594     59.735     24.856 0.0000e+00
    351.164       8429     78.481 -107.05554   16.97690     78.000    16.8063    16.8047   4.401990   4.401650 4.7311e-01    12.3569     4.5537 3.3219e+00          0     4.5537     0.1577     1.0859     0.0000     4.3861     0.0000     1.8179     0.0000     1.0853    34.3699    34.3683    25.0793    25.0784     1.9769     60.268     25.079 0.0000e+00
    356.104       8548     79.488 -107.05556   16.97690     79.000    16.8229    16.7976   4.402712   4.400097 5.2189e-01    12.3564     4.5544 3.0448e+00          0     4.5544     0.1740     1.0762     0.0000     4.6608     0.0000     1.7804     0.0000     1.0756    34.3616    34.3604    25.0691    25.0741     2.0083     61.226     25.484 0.0000e+00
    357.986       8593     80.494 -107.05556   16.97690     80.000    16.3327    16.2998   4.351898   4.349020 4.4629e-01    12.3536     4.5574 2.8366e+00          0     4.5574     0.1488     1.0622     0.0000     4.5939     0.0000     1.7495     0.0000     1.0616    34.3357    34.3387    25.1629    25.1729     1.8507     56.416     23.263 0.0000e+00
    359.272       8624     81.500 -107.05556   16.97690     81.000    16.0423    16.0395   4.329381   4.329265 4.3393e-01    12.3522     4.5590 2.6238e+00          0     4.5590     0.1446     0.9965     0.0000     4.5954     0.0000     1.7155     0.0000     0.9959    34.3871    34.3885    25.2694    25.2711     1.4399     43.889     18.001 0.0000e+00
    362.444       8700     82.507 -107.05554   16.97690     82.000    16.0916    16.0839   4.336016   4.335948 4.9681e-01    12.3508     4.5607 2.4128e+00          0     4.5607     0.1656     0.9460     0.0000     4.5971     0.0000     1.6792     0.0000     0.9454    34.4030    34.4090    25.2704    25.2768     1.5621     47.614     19.550 0.0000e+00
    365.841       8781     83.513 -107.05554   16.97690     83.000    16.0243    16.0237   4.340448   4.340511 3.8050e-01    12.3519     4.5595 2.2600e+00          0     4.5595     0.1268     0.8373     0.0000     4.5986     0.0000     1.6509     0.0000     0.8365    34.5004    34.5014    25.3607    25.3617     0.6431     19.601      8.041 0.0000e+00
    367.194       8814     84.519 -107.05554   16.97690     84.000    15.8218    15.8173   4.331535   4.331128 2.6459e-01    12.3435     4.5690 2.1596e+00          0     4.5690     0.0882     0.7022     0.0000     4.6000     0.0000     1.6311     0.0000     0.7014    34.5972    34.5974    25.4812    25.4824     0.4151     12.649      5.172 0.0000e+00
    368.366       8842     85.526 -107.05554   16.97690     85.000    15.6962    15.6924   4.318243   4.317673 2.7071e-01    12.3433     4.5693 2.0441e+00          0     4.5693     0.0903     0.6644     0.0000     4.6010     0.0000     1.6072     0.0000     0.6636    34.5878    34.5860    25.5024    25.5019     0.4802     14.634      5.970 0.0000e+00
    369.758       8875     86.532 -107.05554   16.97690     86.000    15.6258    15.6253   4.311604   4.311407 2.9812e-01    12.3421     4.5705 1.9007e+00          0     4.5705     0.0994     0.6479     0.0000     4.6020     0.0000     1.5755     0.0000     0.6471    34.5896    34.5883    25.5197    25.5187     0.4812     14.664      5.974 0.0000e+00
    373.870       8974     87.538 -107.05557   16.97690     87.000    15.6777    15.6651   4.317095   4.315727 3.2689e-01    12.3422     4.5704 1.7281e+00          0     4.5704     0.1090     0.6304     0.0000     4.6044     0.0000     1.5347     0.0000     0.6295    34.5930    34.5918    25.5106    25.5125     0.4398     13.401      5.465 0.0000e+00
    375.849       9021     88.545 -107.05556   16.97690     88.000    15.5942    15.5937   4.311702   4.311531 3.1257e-01    12.3415     4.5712 1.6069e+00          0     4.5712     0.1042     0.6064     0.0000     4.6054     0.0000     1.5026     0.0000     0.6056    34.6174    34.6164    25.5482    25.5476     0.3360     10.240      4.170 0.0000e+00
    380.625       9136     89.551 -107.05556   16.97690     89.000    15.5879    15.5949   4.312233   4.312302 2.9436e-01    12.3400     4.5730 1.4919e+00          0     4.5730     0.0981     0.5857     0.0000     4.6077     0.0000     1.4708     0.0000     0.5849    34.6274    34.6219    25.5574    25.5515     0.2684      8.178      3.330 0.0000e+00
    381.829       9165     90.558 -107.05556   16.97690     90.000    15.3904    15.3879   4.296680   4.296312 2.1502e-01    12.3381     4.5752 1.3987e+00          0     4.5752     0.0717     0.5593     0.0000     4.6072     0.0000     1.4425     0.0000     0.5585    34.6609    34.6597    25.6272    25.6269     0.1484      4.521      1.834 0.0000e+00
