data/ctd-cnv/RR1804/Station32_cast49.cnv
* Sea-Bird SBE 9 Data File:
* FileName = C:\CTD\RR1805\Station32_cast49.hex
* Software Version Seasave V 7.26.6.26
* Temperature SN = 4307
* Conductivity SN = 4650
* Number of Bytes Per Scan = 44
* Number of Voltage Words = 5
* Number of Scans Averaged by the Deck Unit = 1
* NMEA Latitude = 16 59.75 N
* NMEA Longitude = 107 03.26 W
* NMEA UTC (Time) = Apr 18 2018 22:05:25
** Ship: Revell
** Station: 32 (P2)
** Operator: Clara
** cast 49
# nquan = 32
# nvalues = 202                         
# units = specified
# name 0 = timeS: Time, Elapsed [seconds]
# name 1 = scan: Scan Count
# name 2 = prDM: Pressure, Digiquartz [db]
# name 3 = longitude: Longitude [deg]
# name 4 = latitude: Latitude [deg]
# name 5 = depSMignore: Depth [salt water, m]
# name 6 = t090C: Temperature [ITS-90, deg C]
# name 7 = t190C: Temperature, 2 [ITS-90, deg C]
# name 8 = c0S/m: Conductivity [S/m]
# name 9 = c1S/m: Conductivity, 2 [S/m]
# name 10 = flSP: Fluorescence, Seapoint
# name 11 = CStarAt0: Beam Attenuation, WET Labs C-Star [1/m]
# name 12 = CStarTr0: Beam Transmission, WET Labs C-Star [%]
# name 13 = par: PAR/Irradiance, Biospherical/Licor
# name 14 = modError: Modulo Error Count
# name 15 = v0: Voltage 0
# name 16 = v1: Voltage 1
# name 17 = v2: Voltage 2
# name 18 = v3: Voltage 3
# name 19 = v4: Voltage 4
# name 20 = v5: Voltage 5
# name 21 = v6: Voltage 6
# name 22 = v7: Voltage 7
# name 23 = sbeox0V: Oxygen raw, SBE 43 [V]
# name 24 = sal00: Salinity, Practical [PSU]
# name 25 = sal11: Salinity, Practical, 2 [PSU]
# name 26 = sigma-é00: Density [sigma-theta, kg/m^3]
# name 27 = sigma-é11: Density, 2 [sigma-theta, kg/m^3]
# name 28 = sbeox0Mg/L: Oxygen, SBE 43 [mg/l], WS = 2
# name 29 = sbox0Mm/Kg: Oxygen, SBE 43 [umol/kg], WS = 2
# name 30 = sbeox0PS: Oxygen, SBE 43 [% saturation], WS = 2
# name 31 = flag: flag
# span 0 =     40.630,    656.692       
# span 1 =        976,      15762       
# span 2 =      1.006,    203.308       
# span 3 = -107.05448, -107.05444       
# span 4 =   16.99588,   16.99596       
# span 5 =      1.000,    202.000       
# span 6 =    11.9079,    27.2191       
# span 7 =    11.9045,    27.2221       
# span 8 =   3.976519,   5.442950       
# span 9 =   3.976387,   5.662647       
# span 10 = 6.0893e-02, 1.3422e+00      
# span 11 =    11.4185,    14.8409      
# span 12 =     4.1023,     4.6662      
# span 13 = 5.0662e-02, 5.7508e+02      
# span 14 =          0,          0      
# span 15 =     4.1023,     4.6662      
# span 16 =     0.0203,     0.4474      
# span 17 =     0.5074,     2.8850      
# span 18 =     0.0000,     0.0000      
# span 19 =     0.3366,     5.0539      
# span 20 =     0.0000,     0.0000      
# span 21 =     0.0048,     3.8346      
# span 22 =     0.0000,     0.0000      
# span 23 =     0.5066,     2.8850      
# span 24 =    34.1653,    34.8019      
# span 25 =    34.1592,    35.8830      
# span 26 =    22.0709,    26.4324      
# span 27 =    22.0699,    26.4345      
# span 28 =     0.0309,     6.9608      
# span 29 =      0.941,    212.638      
# span 30 =      0.356,    104.200      
# span 31 = 0.0000e+00, 0.0000e+00      
# interval = meters: 1                  
# start_time = Apr 18 2018 22:05:30 [System UTC, first data scan.]
# bad_flag = -9.990e-29
*END*
[from data line 46]
    307.951       7392     47.286 -107.05446   16.99590     47.000    23.3237    23.3646   5.067351   5.072068 2.6516e-01    12.3834     4.5237 6.1055e+01          0     4.5237     0.0884     2.7418     0.0000     4.5697     0.0000     3.0824     0.0000     2.7418    34.4835    34.4876    23.4511    23.4423     6.8624    209.538     98.173 0.0000e+00
    309.943       7440     48.293 -107.05446   16.99590     48.000    22.8067    22.8035   5.008609   5.008118 2.7202e-01    12.3865     4.5202 6.1868e+01          0     4.5202     0.0907     2.7148     0.0000     4.5711     0.0000     3.0880     0.0000     2.7148    34.4372    34.4359    23.5650    23.5649     6.8585    209.396     97.206 0.0000e+00
    311.144       7468     49.299 -107.05446   16.99590     49.000    22.5820    22.5793   4.983202   4.982756 2.8607e-01    12.3845     4.5224 5.8541e+01          0     4.5224     0.0954     2.7123     0.0000     4.5723     0.0000     3.0642     0.0000     2.7124    34.4171    34.4158    23.6139    23.6136     6.8903    210.357     97.261 0.0000e+00
    312.398       7499     50.305 -107.05446   16.99590     50.000    22.4959    22.4912   4.974054   4.973378 2.8260e-01    12.3829     4.5242 5.5473e+01          0     4.5242     0.0942     2.7033     0.0000     4.5736     0.0000     3.0406     0.0000     2.7033    34.4136    34.4121    23.6357    23.6358     6.8516    209.173     96.567 0.0000e+00
    313.935       7535     51.311 -107.05446   16.99590     51.000    22.3800    22.3785   4.961757   4.961504 3.2868e-01    12.3836     4.5234 5.0806e+01          0     4.5234     0.1096     2.6937     0.0000     4.5749     0.0000     3.0025     0.0000     2.6937    34.4092    34.4084    23.6652    23.6650     6.8613    209.463     96.503 0.0000e+00
    316.922       7607     52.318 -107.05446   16.99591     52.000    22.4143    22.4296   4.965796   4.967631 4.6270e-01    12.3841     4.5229 4.8168e+01          0     4.5229     0.1542     2.6867     0.0000     4.5770     0.0000     2.9791     0.0000     2.6867    34.4132    34.4154    23.6585    23.6559     6.8090    207.866     95.827 0.0000e+00
    319.653       7673     53.324 -107.05447   16.99592     53.000    22.0094    22.0045   4.922641   4.922114 6.3733e-01    12.3864     4.5202 4.2182e+01          0     4.5202     0.2124     2.6447     0.0000     4.5796     0.0000     2.9216     0.0000     2.6447    34.3964    34.3962    23.7595    23.7607     6.7245    205.267     93.952 0.0000e+00
    321.514       7717     54.330 -107.05446   16.99592     54.000    21.7046    21.6990   4.887671   4.887061 4.3636e-01    12.3852     4.5216 3.9204e+01          0     4.5216     0.1455     2.6315     0.0000     4.5815     0.0000     2.8900     0.0000     2.6315    34.3634    34.3630    23.8193    23.8205     6.7367    205.626     93.594 0.0000e+00
    323.523       7766     55.336 -107.05446   16.99592     55.000    21.3713    21.3675   4.847553   4.846980 4.8443e-01    12.3884     4.5180 3.6249e+01          0     4.5180     0.1615     2.6256     0.0000     4.5834     0.0000     2.8559     0.0000     2.6256    34.3115    34.3100    23.8715    23.8714     6.7863    207.130     93.693 0.0000e+00
    325.517       7813     56.342 -107.05446   16.99592     56.000    21.1745    21.1669   4.824790   4.823634 5.2670e-01    12.3924     4.5135 3.4698e+01          0     4.5135     0.1756     2.6119     0.0000     4.5861     0.0000     2.8370     0.0000     2.6119    34.2875    34.2844    23.9070    23.9068     6.6477    202.892     91.445 0.0000e+00
    327.160       7853     57.349 -107.05446   16.99592     57.000    20.5685    20.5503   4.762210   4.759801 8.5684e-01    12.4092     4.4945 3.2497e+01          0     4.4945     0.2856     2.5070     0.0000     4.5883     0.0000     2.8084     0.0000     2.5070    34.2727    34.2679    24.0592    24.0604     6.1444    187.505     83.599 0.0000e+00
    328.658       7889     58.355 -107.05446   16.99593     58.000    20.0152    20.0038   4.703985   4.701991 1.1812e+00    12.4181     4.4845 2.9906e+01          0     4.4845     0.3937     2.3578     0.0000     4.5909     0.0000     2.7723     0.0000     2.3577    34.2483    34.2414    24.1872    24.1849     5.7498    175.440     77.428 0.0000e+00
    330.576       7935     59.361 -107.05446   16.99594     59.000    19.6493    19.6402   4.664689   4.663517 1.2942e+00    12.4211     4.4813 2.6369e+01          0     4.4813     0.4314     2.2516     0.0000     4.5936     0.0000     2.7172     0.0000     2.2515    34.2246    34.2224    24.2646    24.2653     5.6246    171.608     75.221 0.0000e+00
    333.055       7994     60.368 -107.05446   16.99594     60.000    19.4381    19.4331   4.642561   4.641729 1.3422e+00    12.4195     4.4830 2.2799e+01          0     4.4830     0.4474     2.2040     0.0000     4.5962     0.0000     2.6544     0.0000     2.2038    34.2148    34.2120    24.3118    24.3110     5.6128    171.240     74.766 0.0000e+00
    335.883       8062     61.374 -107.05446   16.99594     61.000    19.2585    19.2567   4.625109   4.624440 1.3085e+00    12.4133     4.4900 2.0179e+01          0     4.4900     0.4362     2.1892     0.0000     4.5989     0.0000     2.6012     0.0000     2.1890    34.2174    34.2134    24.3600    24.3574     5.5816    170.280     74.105 0.0000e+00
    338.721       8130     62.380 -107.05446   16.99594     62.000    18.9963    18.9911   4.597533   4.596673 1.2512e+00    12.4073     4.4967 1.8417e+01          0     4.4967     0.4171     2.1360     0.0000     4.6017     0.0000     2.5620     0.0000     2.1358    34.2037    34.2009    24.4163    24.4155     5.2661    160.645     69.573 0.0000e+00
    340.247       8167     63.386 -107.05446   16.99594     63.000    18.4879    18.4725   4.543617   4.541317 9.2846e-01    12.4002     4.5047 1.6667e+01          0     4.5047     0.3095     2.0284     0.0000     4.6033     0.0000     2.5185     0.0000     2.0282    34.1724    34.1658    24.5202    24.5191     4.7784    145.753     62.519 0.0000e+00
    341.273       8192     64.393 -107.05446   16.99594     64.000    18.0540    18.0509   4.500205   4.499431 9.1646e-01    12.3979     4.5073 1.4941e+01          0     4.5073     0.3055     1.9373     0.0000     3.7595     0.0000     2.4710     0.0000     1.9370    34.1662    34.1621    24.6230    24.6206     4.5020    137.308     58.419 0.0000e+00
    342.190       8214     65.399 -107.05446   16.99594     65.000    17.9492    17.9462   4.490745   4.490070 8.9355e-01    12.3950     4.5106 1.3520e+01          0     4.5106     0.2979     1.8606     0.0000     3.2765     0.0000     2.4275     0.0000     1.8603    34.1730    34.1697    24.6539    24.6521     4.2848    130.682     55.493 0.0000e+00
    343.297       8240     66.405 -107.05446   16.99594     66.000    17.7571    17.7514   4.472756   4.471799 9.5143e-01    12.3897     4.5165 1.2118e+01          0     4.5165     0.3171     1.7962     0.0000     4.5402     0.0000     2.3798     0.0000     1.7959    34.1800    34.1766    24.7061    24.7049     4.2959    131.013     55.436 0.0000e+00
    348.217       8358     67.411 -107.05446   16.99596     67.000    18.0223    18.1125   4.499139   4.507764 1.0729e+00    12.3938     4.5120 1.0736e+01          0     4.5120     0.3576     1.8159     0.0000     4.6100     0.0000     2.3283     0.0000     1.8155    34.1825    34.1804    24.6434    24.6196     4.4878    136.872     58.206 0.0000e+00
    350.541       8414     68.418 -107.05446   16.99596     68.000    17.4650    17.4667   4.442489   4.441953 8.0644e-01    12.3833     4.5238 9.8902e+00          0     4.5238     0.2688     1.7160     0.0000     4.6113     0.0000     2.2917     0.0000     1.7156    34.1653    34.1592    24.7655    24.7604     3.9830    121.461     51.108 0.0000e+00
    352.008       8449     69.424 -107.05446   16.99596     69.000    17.1894    17.1846   4.416256   4.415360 7.6982e-01    12.3769     4.5310 8.9440e+00          0     4.5310     0.2566     1.6476     0.0000     4.6130     0.0000     2.2481     0.0000     1.6472    34.1712    34.1675    24.8359    24.8342     3.7286    113.698     47.596 0.0000e+00
    353.488       8485     70.431 -107.05446   16.99596     70.000    16.9921    16.9859   4.399271   4.398169 6.7526e-01    12.3751     4.5331 8.2585e+00          0     4.5331     0.2251     1.5706     0.0000     4.6143     0.0000     2.2135     0.0000     1.5701    34.1907    34.1864    24.8977    24.8959     3.5067    106.923     44.598 0.0000e+00
    354.844       8517     71.437 -107.05446   16.99596     71.000    16.8305    16.8294   4.383213   4.382764 6.1687e-01    12.3704     4.5383 7.6405e+00          0     4.5383     0.2056     1.5255     0.0000     4.6155     0.0000     2.1797     0.0000     1.5250    34.1879    34.1849    24.9336    24.9316     3.4032    103.765     43.146 0.0000e+00
    356.287       8552     72.443 -107.05446   16.99596     72.000    16.6888    16.6735   4.372927   4.371342 6.6293e-01    12.3696     4.5393 6.9787e+00          0     4.5393     0.2210     1.4396     0.0000     4.6168     0.0000     2.1403     0.0000     1.4391    34.2185    34.2176    24.9903    24.9932     2.8351     86.439     35.858 0.0000e+00
    358.209       8598     73.450 -107.05446   16.99596     73.000    16.5300    16.5436   4.368926   4.370460 1.1597e+00    12.3648     4.5448 6.3614e+00          0     4.5448     0.3866     1.2467     0.0000     4.6245     0.0000     2.1001     0.0000     1.2461    34.3189    34.3207    25.1045    25.1027     2.2209     67.705     28.015 0.0000e+00
    362.026       8690     74.456 -107.05446   16.99596     74.000    16.6298    16.6487   4.376656   4.377343 7.4455e-01    12.3646     4.5450 5.8261e+00          0     4.5450     0.2482     1.2103     0.0000     4.6261     0.0000     2.0621     0.0000     1.2097    34.3009    34.2907    25.0674    25.0552     2.5302     77.137     31.983 0.0000e+00
    364.515       8749     75.462 -107.05446   16.99596     75.000    16.3878    16.3932   4.356590   4.357309 5.1216e-01    12.3616     4.5484 5.3927e+00          0     4.5484     0.1707     1.1301     0.0000     4.6247     0.0000     2.0285     0.0000     1.1294    34.3318    34.3335    25.1474    25.1475     1.7732     54.055     22.307 0.0000e+00
    365.751       8779     76.469 -107.05446   16.99596     76.000    16.6241    16.6313   4.395970   4.397114 4.7466e-01    12.3603     4.5499 5.0190e+00          0     4.5499     0.1582     0.9785     0.0000     4.6019     0.0000     1.9972     0.0000     0.9778    34.4744    34.4782    25.2021    25.2034     1.0951     33.382     13.850 0.0000e+00
    367.193       8814     77.475 -107.05446   16.99596     77.000    16.5585    16.5527   4.393603   4.392980 5.1037e-01    12.3578     4.5528 4.6531e+00          0     4.5528     0.1701     0.8517     0.0000     4.5730     0.0000     1.9644     0.0000     0.8509    34.5098    34.5093    25.2447    25.2457     0.9063     27.626     11.453 0.0000e+00
    368.914       8855     78.481 -107.05446   16.99596     78.000    16.3924    16.3867   4.379335   4.378666 4.6014e-01    12.3562     4.5545 4.3629e+00          0     4.5545     0.1534     0.7760     0.0000     4.5715     0.0000     1.9364     0.0000     0.7752    34.5273    34.5263    25.2967    25.2973     0.8186     24.951     10.312 0.0000e+00
    370.539       8894     79.488 -107.05446   16.99596     79.000    16.3410    16.3390   4.375572   4.375197 4.6247e-01    12.3551     4.5558 3.9850e+00          0     4.5558     0.1542     0.7421     0.0000     4.5721     0.0000     1.8969     0.0000     0.7413    34.5383    34.5367    25.3170    25.3163     0.7788     23.737      9.801 0.0000e+00
    373.016       8953     80.494 -107.05446   16.99595     80.000    16.3251    16.3263   4.374504   4.374294 6.0176e-01    12.3537     4.5574 3.7698e+00          0     4.5574     0.2006     0.7207     0.0000     4.5719     0.0000     1.8731     0.0000     0.7198    34.5422    34.5394    25.3238    25.3213     0.7471     22.772      9.400 0.0000e+00
    376.058       9026     81.500 -107.05446   16.99594     81.000    16.2730    16.2762   4.370982   4.371031 5.1144e-01    12.3568     4.5538 3.4927e+00          0     4.5538     0.1705     0.6933     0.0000     4.5715     0.0000     1.8399     0.0000     0.6924    34.5559    34.5536    25.3463    25.3438     0.6014     18.329      7.560 0.0000e+00
    378.272       9080     82.507 -107.05446   16.99594     82.000    16.1099    16.1079   4.358347   4.358019 3.8257e-01    12.3522     4.5590 3.3615e+00          0     4.5590     0.1275     0.6522     0.0000     4.5714     0.0000     1.8233     0.0000     0.6513    34.5853    34.5841    25.4064    25.4060     0.4622     14.085      5.792 0.0000e+00
    379.485       9109     83.513 -107.05446   16.99594     83.000    16.0937    16.0931   4.357078   4.356861 3.5013e-01    12.3520     4.5593 3.1607e+00          0     4.5593     0.1167     0.6395     0.0000     4.5714     0.0000     1.7964     0.0000     0.6386    34.5878    34.5864    25.4121    25.4112     0.4534     13.819      5.681 0.0000e+00
    380.595       9135     84.519 -107.05446   16.99594     84.000    16.0868    16.0873   4.356684   4.356538 3.5871e-01    12.3509     4.5605 2.9061e+00          0     4.5605     0.1196     0.6327     0.0000     4.5978     0.0000     1.7598     0.0000     0.6318    34.5899    34.5881    25.4154    25.4139     0.4457     13.583      5.583 0.0000e+00
    383.292       9200     85.526 -107.05446   16.99594     85.000    16.0935    16.0918   4.357322   4.357006 4.2005e-01    12.3497     4.5619 2.6816e+00          0     4.5619     0.1400     0.6280     0.0000     4.6146     0.0000     1.7250     0.0000     0.6271    34.5894    34.5880    25.4134    25.4128     0.4487     13.674      5.621 0.0000e+00
    386.937       9287     86.532 -107.05446   16.99592     86.000    16.0749    16.0811   4.356035   4.356331 3.8716e-01    12.3485     4.5633 2.4336e+00          0     4.5633     0.1291     0.6207     0.0000     4.6161     0.0000     1.6831     0.0000     0.6198    34.5938    34.5910    25.4211    25.4175     0.4092     12.470      5.125 0.0000e+00
    388.557       9326     87.539 -107.05446   16.99592     87.000    16.0508    16.0511   4.353998   4.353893 3.7133e-01    12.3491     4.5626 2.2996e+00          0     4.5626     0.1238     0.6152     0.0000     4.6166     0.0000     1.6584     0.0000     0.6143    34.5963    34.5950    25.4286    25.4275     0.3964     12.081      4.963 0.0000e+00
    390.006       9361     88.545 -107.05446   16.99592     88.000    16.0389    16.0392   4.353157   4.353066 3.6947e-01    12.3494     4.5623 2.1514e+00          0     4.5623     0.1232     0.6111     0.0000     4.6168     0.0000     1.6294     0.0000     0.6102    34.5988    34.5976    25.4333    25.4323     0.3830     11.673      4.794 0.0000e+00
    391.319       9393     89.552 -107.05446   16.99592     89.000    16.0201    16.0204   4.351454   4.351358 3.5886e-01    12.3494     4.5622 1.9751e+00          0     4.5622     0.1196     0.6090     0.0000     4.6173     0.0000     1.5922     0.0000     0.6081    34.5996    34.5984    25.4382    25.4373     0.3850     11.734      4.817 0.0000e+00
    392.676       9425     90.558 -107.05446   16.99592     90.000    15.9722    15.9703   4.346554   4.346267 4.2845e-01    12.3481     4.5638 1.8199e+00          0     4.5638     0.1428     0.6097     0.0000     4.6176     0.0000     1.5567     0.0000     0.6088    34.5974    34.5965    25.4475    25.4472     0.4005     12.205      5.006 0.0000e+00
