data/ctd-cnv/RR1804/Station32_cast51.cnv
* Sea-Bird SBE 9 Data File:
* FileName = C:\CTD\RR1805\Station32_cast51.hex
* Software Version Seasave V 7.26.6.26
* Temperature SN = 4307
* Conductivity SN = 4650
* Number of Bytes Per Scan = 44
* Number of Voltage Words = 5
* Number of Scans Averaged by the Deck Unit = 1
* NMEA Latitude = 17 01.24 N
* NMEA Longitude = 106 58.79 W
* NMEA UTC (Time) = Apr 19 2018 06:07:15
** Ship: Revell
** Station: 32 (P2)
** Operator: Natalie
** cast51
# nquan = 32
# nvalues = 202                         
# units = specified
# name 0 = timeS: Time, Elapsed [seconds]
# name 1 = scan: Scan Count
# name 2 = prDM: Pressure, Digiquartz [db]
# name 3 = longitude: Longitude [deg]
# name 4 = latitude: Latitude [deg]
# name 5 = depSM: Depth [salt water, m]
# name 6 = t090C: Temperature [ITS-90, deg C]
# name 7 = t190C: Temperature, 2 [ITS-90, deg C]
# name 8 = c0S/m: Conductivity [S/m]
# name 9 = c1S/m: Conductivity, 2 [S/m]
# name 10 = flSP: Fluorescence, Seapoint
# name 11 = CStarAt0: Beam Attenuation, WET Labs C-Star [1/m]
# name 12 = CStarTr0: Beam Transmission, WET Labs C-Star [%]
# name 13 = par: PAR/Irradiance, Biospherical/Licor
# name 14 = modError: Modulo Error Count
# name 15 = v0: Voltage 0
# name 16 = v1: Voltage 1
# name 17 = v2: Voltage 2
# name 18 = v3: Voltage 3
# name 19 = v4: Voltage 4
# name 20 = v5: Voltage 5
# name 21 = v6: Voltage 6
# name 22 = v7: Voltage 7
# name 23 = sbeox0V: Oxygen raw, SBE 43 [V]
# name 24 = sal00: Salinity, Practical [PSU]
# name 25 = sal11: Salinity, Practical, 2 [PSU]
# name 26 = sigma-é00: Density [sigma-theta, kg/m^3]
# name 27 = sigma-é11: Density, 2 [sigma-theta, kg/m^3]
# name 28 = sbeox0Mg/L: Oxygen, SBE 43 [mg/l], WS = 2
# name 29 = sbox0Mm/Kg: Oxygen, SBE 43 [umol/kg], WS = 2
# name 30 = sbeox0PS: Oxygen, SBE 43 [% saturation], WS = 2
# name 31 = flag: flag
# span 0 =     -9.877,    504.058       
# span 1 =       -236,      12098       
# span 2 =      1.006,    203.307       
# span 3 = -106.98002, -106.97994       
# span 4 =   17.02053,   17.02068       
# span 5 =      1.000,    202.000       
# span 6 =    11.8802,    27.0659       
# span 7 =    11.8650,    27.0664       
# span 8 =   3.972954,   5.419763       
# span 9 =   3.971682,   5.420179       
# span 10 = 7.1207e-02, 1.4344e+00      
# span 11 =    12.3353,    12.4600      
# span 12 =     4.4379,     4.5783      
# span 13 = 5.0654e-02, 6.1462e-01      
# span 14 =          0,          0      
# span 15 =     4.4379,     4.5783      
# span 16 =     0.0237,     0.4781      
# span 17 =     0.5082,     2.8320      
# span 18 = -8.490e-07,     0.0000      
# span 19 =     3.7562,     4.7251      
# span 20 =     0.0000,     0.0000      
# span 21 =     0.0048,     1.1310      
# span 22 =     0.0000,     0.0000      
# span 23 =     0.5075,     2.8320      
# span 24 =    34.2304,    34.8033      
# span 25 =    34.2298,    34.8043      
# span 26 =    22.1320,    26.4310      
# span 27 =    22.1323,    26.4349      
# span 28 =     0.0347,     6.8726      
# span 29 =      1.055,    209.980      
# span 30 =      0.399,    102.418      
# span 31 = 0.0000e+00, 0.0000e+00      
# interval = meters: 1                  
# start_time = Apr 19 2018 06:07:20 [System UTC, first data scan.]
# bad_flag = -9.990e-29
*END*
[from data line 91]
    329.739       7915     92.571 -106.98002   17.02064     92.000    15.6667    15.6658   4.326105   4.325995 2.2624e-01    12.3362     4.5773 5.0671e-02          0     4.5773     0.0754     0.5244     0.0000     4.6215     0.0000     0.0049     0.0000     0.5236    34.6814    34.6813    25.5814    25.5815     0.0849      2.587      1.055 0.0000e+00
    332.836       7989     93.577 -106.98001   17.02064     93.000    15.5756    15.5955   4.317640   4.319717 2.1849e-01    12.3353     4.5783 5.0669e-02          0     4.5783     0.0728     0.5221     0.0000     4.6376     0.0000     0.0049     0.0000     0.5212    34.6852    34.6863    25.6047    25.6012     0.0790      2.408      0.981 0.0000e+00
    335.040       8042     94.584 -106.98000   17.02064     94.000    15.4745    15.4732   4.308694   4.308510 1.9801e-01    12.3356     4.5780 5.0671e-02          0     4.5780     0.0660     0.5208     0.0000     4.6373     0.0000     0.0049     0.0000     0.5199    34.6934    34.6929    25.6338    25.6337     0.0734      2.237      0.909 0.0000e+00
    336.386       8074     95.590 -106.98000   17.02064     95.000    15.4102    15.4082   4.302860   4.302617 2.1696e-01    12.3382     4.5751 5.0671e-02          0     4.5751     0.0723     0.5197     0.0000     4.6380     0.0000     0.0049     0.0000     0.5189    34.6971    34.6967    25.6510    25.6511     0.0698      2.127      0.863 0.0000e+00
    337.795       8108     96.597 -106.98000   17.02064     96.000    15.3000    15.2959   4.292912   4.292515 2.4709e-01    12.3378     4.5755 5.0671e-02          0     4.5755     0.0824     0.5187     0.0000     4.6385     0.0000     0.0049     0.0000     0.5179    34.7042    34.7043    25.6810    25.6819     0.0671      2.044      0.828 0.0000e+00
    339.491       8149     97.603 -106.98000   17.02063     97.000    15.1865    15.1842   4.282654   4.282462 2.6604e-01    12.3395     4.5735 5.0671e-02          0     4.5735     0.0887     0.5177     0.0000     4.6387     0.0000     0.0049     0.0000     0.5169    34.7115    34.7118    25.7118    25.7125     0.0644      1.962      0.793 0.0000e+00
    341.727       8202     98.609 -106.98000   17.02062     98.000    15.1005    15.1034   4.275266   4.275506 3.0849e-01    12.3406     4.5722 5.0671e-02          0     4.5722     0.1028     0.5167     0.0000     4.6396     0.0000     0.0049     0.0000     0.5158    34.7204    34.7199    25.7375    25.7365     0.0611      1.860      0.751 0.0000e+00
    344.190       8262     99.616 -106.98000   17.02062     99.000    15.0473    15.0472   4.270184   4.270102 3.2356e-01    12.3411     4.5717 5.0671e-02          0     4.5717     0.1079     0.5161     0.0000     4.6398     0.0000     0.0049     0.0000     0.5152    34.7210    34.7204    25.7497    25.7493     0.0593      1.806      0.728 0.0000e+00
    345.957       8304    100.622 -106.97999   17.02062    100.000    15.0279    15.0205   4.268613   4.267899 3.2723e-01    12.3416     4.5711 5.0671e-02          0     4.5711     0.1091     0.5155     0.0000     4.6406     0.0000     0.0049     0.0000     0.5146    34.7235    34.7236    25.7560    25.7576     0.0579      1.764      0.711 0.0000e+00
    349.643       8392    101.629 -106.97998   17.02061    101.000    15.0232    15.0190   4.268237   4.267866 3.5397e-01    12.3439     4.5685 5.0668e-02          0     4.5685     0.1180     0.5152     0.0000     4.6409     0.0000     0.0049     0.0000     0.5143    34.7238    34.7243    25.7573    25.7585     0.0576      1.755      0.708 0.0000e+00
    351.159       8429    102.635 -106.97998   17.02060    102.000    14.9749    14.9755   4.263963   4.263967 3.4462e-01    12.3440     4.5684 5.0671e-02          0     4.5684     0.1149     0.5151     0.0000     4.6416     0.0000     0.0049     0.0000     0.5142    34.7275    34.7270    25.7707    25.7702     0.0570      1.736      0.699 0.0000e+00
    353.060       8474    103.642 -106.97998   17.02060    103.000    14.9307    14.9300   4.260005   4.259877 3.8807e-01    12.3460     4.5661 5.0671e-02          0     4.5661     0.1294     0.5147     0.0000     4.6420     0.0000     0.0049     0.0000     0.5139    34.7303    34.7298    25.7826    25.7823     0.0551      1.679      0.676 0.0000e+00
    354.578       8511    104.649 -106.97997   17.02060    104.000    14.9075    14.9071   4.257791   4.257700 3.1651e-01    12.3465     4.5656 5.0671e-02          0     4.5656     0.1055     0.5143     0.0000     4.6422     0.0000     0.0049     0.0000     0.5134    34.7305    34.7299    25.7878    25.7875     0.0539      1.642      0.660 0.0000e+00
    355.601       8535    105.655 -106.97996   17.02060    105.000    14.8477    14.8460   4.252409   4.252159 3.4836e-01    12.3483     4.5635 5.0671e-02          0     4.5635     0.1161     0.5142     0.0000     4.6424     0.0000     0.0049     0.0000     0.5133    34.7342    34.7334    25.8037    25.8035     0.0539      1.641      0.659 0.0000e+00
    358.076       8595    106.661 -106.97996   17.02060    106.000    14.8435    14.8263   4.252196   4.250505 4.2736e-01    12.3498     4.5618 5.0671e-02          0     4.5618     0.1425     0.5139     0.0000     4.6431     0.0000     0.0049     0.0000     0.5131    34.7356    34.7354    25.8057    25.8093     0.0534      1.626      0.653 0.0000e+00
    361.545       8678    107.668 -106.97996   17.02058    107.000    14.7796    14.7695   4.246181   4.245211 4.5972e-01    12.3539     4.5571 5.0671e-02          0     4.5571     0.1533     0.5137     0.0000     4.6436     0.0000     0.0049     0.0000     0.5129    34.7371    34.7373    25.8208    25.8232     0.0523      1.594      0.639 0.0000e+00
    363.211       8718    108.674 -106.97996   17.02058    108.000    14.6850    14.6850   4.237474   4.237442 4.8003e-01    12.3567     4.5540 5.0671e-02          0     4.5540     0.1600     0.5133     0.0000     4.6437     0.0000     0.0049     0.0000     0.5125    34.7415    34.7412    25.8447    25.8445     0.0494      1.506      0.603 0.0000e+00
    364.645       8752    109.681 -106.97996   17.02058    109.000    14.6539    14.6539   4.234731   4.234702 4.5195e-01    12.3573     4.5532 5.0671e-02          0     4.5532     0.1507     0.5128     0.0000     4.6441     0.0000     0.0049     0.0000     0.5120    34.7438    34.7435    25.8533    25.8530     0.0496      1.510      0.604 0.0000e+00
    366.106       8788    110.687 -106.97996   17.02058    110.000    14.6302    14.6304   4.232679   4.232692 4.8095e-01    12.3583     4.5521 5.0671e-02          0     4.5521     0.1603     0.5128     0.0000     4.6445     0.0000     0.0049     0.0000     0.5120    34.7457    34.7456    25.8598    25.8597     0.0492      1.498      0.599 0.0000e+00
    367.975       8832    111.694 -106.97996   17.02058    111.000    14.6223    14.6209   4.232096   4.231945 5.1360e-01    12.3607     4.5494 5.0671e-02          0     4.5494     0.1712     0.5125     0.0000     4.6446     0.0000     0.0049     0.0000     0.5117    34.7470    34.7469    25.8626    25.8629     0.0482      1.469      0.587 0.0000e+00
    371.624       8920    112.700 -106.97995   17.02058    112.000    14.6457    14.6283   4.234278   4.232819 5.7840e-01    12.3566     4.5540 5.0671e-02          0     4.5540     0.1928     0.5125     0.0000     4.6448     0.0000     0.0049     0.0000     0.5117    34.7457    34.7479    25.8566    25.8620     0.0486      1.480      0.592 0.0000e+00
    373.950       8976    113.707 -106.97994   17.02058    113.000    14.6001    14.6022   4.230227   4.230422 5.1187e-01    12.3583     4.5521 5.0671e-02          0     4.5521     0.1706     0.5121     0.0000     4.6450     0.0000     0.0049     0.0000     0.5113    34.7489    34.7488    25.8689    25.8684     0.0475      1.446      0.578 0.0000e+00
    375.208       9006    114.714 -106.97994   17.02058    114.000    14.5887    14.5888   4.229280   4.229291 4.4138e-01    12.3579     4.5526 5.0671e-02          0     4.5526     0.1471     0.5122     0.0000     4.6448     0.0000     0.0049     0.0000     0.5114    34.7500    34.7500    25.8722    25.8722     0.0477      1.453      0.581 0.0000e+00
    376.174       9029    115.720 -106.97994   17.02058    115.000    14.5491    14.5484   4.225725   4.225625 4.5013e-01    12.3585     4.5519 5.0671e-02          0     4.5519     0.1500     0.5121     0.0000     4.6449     0.0000     0.0049     0.0000     0.5113    34.7524    34.7521    25.8826    25.8826     0.0464      1.414      0.564 0.0000e+00
    377.206       9054    116.727 -106.97994   17.02058    116.000    14.4830    14.4807   4.219784   4.219540 5.1368e-01    12.3621     4.5478 5.0671e-02          0     4.5478     0.1712     0.5117     0.0000     4.6448     0.0000     0.0049     0.0000     0.5109    34.7565    34.7563    25.9001    25.9004     0.0445      1.355      0.540 0.0000e+00
    380.122       9124    117.733 -106.97994   17.02058    117.000    14.5033    14.4629   4.221821   4.218178 6.1622e-01    12.3613     4.5487 5.0671e-02          0     4.5487     0.2054     0.5116     0.0000     4.6456     0.0000     0.0049     0.0000     0.5108    34.7566    34.7594    25.8958    25.9066     0.0459      1.397      0.557 0.0000e+00
    383.324       9201    118.740 -106.97994   17.02058    118.000    14.3836    14.3496   4.210954   4.207782 5.8396e-01    12.3657     4.5438 5.0671e-02          0     4.5438     0.1947     0.5117     0.0000     4.6459     0.0000     0.0049     0.0000     0.5109    34.7635    34.7648    25.9268    25.9350     0.0463      1.409      0.561 0.0000e+00
    384.889       9238    119.746 -106.97994   17.02058    119.000    14.1739    14.1656   4.191375   4.190546 7.4391e-01    12.3676     4.5416 5.0671e-02          0     4.5416     0.2480     0.5117     0.0000     4.6460     0.0000     0.0049     0.0000     0.5109    34.7707    34.7705    25.9769    25.9785     0.0462      1.408      0.558 0.0000e+00
    386.078       9267    120.753 -106.97994   17.02056    120.000    14.0884    14.0861   4.183445   4.183206 7.3509e-01    12.3644     4.5452 5.0671e-02          0     4.5452     0.2450     0.5116     0.0000     4.6459     0.0000     0.0049     0.0000     0.5108    34.7737    34.7736    25.9973    25.9977     0.0453      1.380      0.546 0.0000e+00
    387.062       9290    121.759 -106.97994   17.02056    121.000    14.0220    14.0201   4.177183   4.176980 6.4516e-01    12.3616     4.5483 5.0671e-02          0     4.5483     0.2151     0.5114     0.0000     4.6460     0.0000     0.0049     0.0000     0.5106    34.7751    34.7749    26.0123    26.0125     0.0451      1.375      0.543 0.0000e+00
    388.102       9315    122.766 -106.97994   17.02058    122.000    13.9590    13.9588   4.171476   4.171475 5.7354e-01    12.3591     4.5513 5.0671e-02          0     4.5513     0.1912     0.5113     0.0000     4.6461     0.0000     0.0049     0.0000     0.5105    34.7785    34.7787    26.0282    26.0284     0.0445      1.354      0.534 0.0000e+00
    389.650       9353    123.772 -106.97994   17.02058    123.000    13.9367    13.9364   4.169450   4.169480 5.5281e-01    12.3578     4.5527 5.0671e-02          0     4.5527     0.1843     0.5109     0.0000     4.6463     0.0000     0.0049     0.0000     0.5101    34.7794    34.7799    26.0336    26.0341     0.0425      1.294      0.511 0.0000e+00
    391.213       9390    124.779 -106.97994   17.02058    124.000    13.9240    13.9241   4.168398   4.168452 5.2826e-01    12.3574     4.5531 5.0671e-02          0     4.5531     0.1761     0.5108     0.0000     4.6464     0.0000     0.0049     0.0000     0.5100    34.7807    34.7810    26.0373    26.0375     0.0431      1.312      0.517 0.0000e+00
    392.237       9415    125.786 -106.97994   17.02058    125.000    13.9078    13.9083   4.166917   4.166996 5.0618e-01    12.3572     4.5533 5.0671e-02          0     4.5533     0.1687     0.5106     0.0000     4.6461     0.0000     0.0049     0.0000     0.5098    34.7810    34.7813    26.0410    26.0411     0.0418      1.275      0.503 0.0000e+00
    393.268       9439    126.792 -106.97996   17.02058    126.000    13.9002    13.9008   4.166277   4.166385 5.0722e-01    12.3568     4.5538 5.0671e-02          0     4.5538     0.1691     0.5106     0.0000     4.6467     0.0000     0.0049     0.0000     0.5098    34.7816    34.7821    26.0430    26.0433     0.0427      1.300      0.513 0.0000e+00
    394.547       9470    127.799 -106.97996   17.02058    127.000    13.8782    13.8789   4.164296   4.164382 4.8935e-01    12.3565     4.5542 5.0671e-02          0     4.5542     0.1631     0.5105     0.0000     4.6466     0.0000     0.0049     0.0000     0.5097    34.7826    34.7828    26.0484    26.0484     0.0419      1.276      0.503 0.0000e+00
    396.284       9512    128.805 -106.97996   17.02058    128.000    13.8633    13.8640   4.162982   4.163101 4.7113e-01    12.3562     4.5545 5.0671e-02          0     4.5545     0.1570     0.5105     0.0000     4.6468     0.0000     0.0049     0.0000     0.5097    34.7834    34.7839    26.0521    26.0524     0.0421      1.283      0.506 0.0000e+00
    398.244       9559    129.812 -106.97996   17.02058    129.000    13.8614    13.8620   4.162880   4.163007 4.6752e-01    12.3559     4.5549 5.0671e-02          0     4.5549     0.1559     0.5104     0.0000     4.6468     0.0000     0.0049     0.0000     0.5096    34.7838    34.7844    26.0529    26.0532     0.0420      1.280      0.504 0.0000e+00
    399.782       9596    130.819 -106.97996   17.02058    130.000    13.8448    13.8451   4.161377   4.161457 4.4827e-01    12.3554     4.5554 5.0671e-02          0     4.5554     0.1494     0.5104     0.0000     4.6247     0.0000     0.0049     0.0000     0.5096    34.7843    34.7848    26.0568    26.0571     0.0422      1.285      0.506 0.0000e+00
    400.957       9624    131.825 -106.97996   17.02058    131.000    13.7993    13.7981   4.157070   4.157003 4.0834e-01    12.3545     4.5565 5.0671e-02          0     4.5565     0.1361     0.5104     0.0000     4.6452     0.0000     0.0049     0.0000     0.5096    34.7849    34.7853    26.0668    26.0673     0.0427      1.300      0.511 0.0000e+00
    401.943       9648    132.832 -106.97996   17.02058    132.000    13.7002    13.6997   4.148005   4.148010 3.4327e-01    12.3527     4.5585 5.0671e-02          0     4.5585     0.1144     0.5106     0.0000     4.6464     0.0000     0.0049     0.0000     0.5098    34.7896    34.7901    26.0910    26.0914     0.0427      1.302      0.511 0.0000e+00
    402.866       9670    133.839 -106.97996   17.02058    133.000    13.6823    13.6826   4.146406   4.146493 3.3470e-01    12.3531     4.5580 5.0671e-02          0     4.5580     0.1115     0.5104     0.0000     4.6471     0.0000     0.0049     0.0000     0.5096    34.7904    34.7909    26.0954    26.0956     0.0417      1.269      0.498 0.0000e+00
    403.964       9696    134.845 -106.97996   17.02058    134.000    13.6696    13.6694   4.145274   4.145302 3.3231e-01    12.3521     4.5591 5.0671e-02          0     4.5591     0.1108     0.5104     0.0000     4.6475     0.0000     0.0049     0.0000     0.5096    34.7909    34.7914    26.0983    26.0988     0.0422      1.285      0.505 0.0000e+00
    405.767       9739    135.852 -106.97996   17.02058    135.000    13.6420    13.6415   4.142715   4.142726 3.2286e-01    12.3524     4.5588 5.0671e-02          0     4.5588     0.1076     0.5104     0.0000     4.6481     0.0000     0.0049     0.0000     0.5096    34.7916    34.7921    26.1046    26.1051     0.0424      1.293      0.507 0.0000e+00
