data/ctd-cnv/RR1804/Station32_cast45.cnv
* Sea-Bird SBE 9 Data File:
* FileName = C:\CTD\RR1805\Station32_cast45.hex
* Software Version Seasave V 7.26.6.26
* Temperature SN = 4307
* Conductivity SN = 4650
* Number of Bytes Per Scan = 44
* Number of Voltage Words = 5
* Number of Scans Averaged by the Deck Unit = 1
* NMEA Latitude = 16 56.63 N
* NMEA Longitude = 107 02.05 W
* NMEA UTC (Time) = Apr 16 2018 15:03:02
** Ship: Revell
** Station: 32 (P2)
** Operator: gabrielle
** cast 45
# nquan = 32
# nvalues = 842                         
# units = specified
# name 0 = timeS: Time, Elapsed [seconds]
# name 1 = scan: Scan Count
# name 2 = prDM: Pressure, Digiquartz [db]
# name 3 = longitude: Longitude [deg]
# name 4 = latitude: Latitude [deg]
# name 5 = depSMignore: Depth [salt water, m]
# name 6 = t090C: Temperature [ITS-90, deg C]
# name 7 = t190C: Temperature, 2 [ITS-90, deg C]
# name 8 = c0S/m: Conductivity [S/m]
# name 9 = c1S/m: Conductivity, 2 [S/m]
# name 10 = flSP: Fluorescence, Seapoint
# name 11 = CStarAt0: Beam Attenuation, WET Labs C-Star [1/m]
# name 12 = CStarTr0: Beam Transmission, WET Labs C-Star [%]
# name 13 = par: PAR/Irradiance, Biospherical/Licor
# name 14 = modError: Modulo Error Count
# name 15 = v0: Voltage 0
# name 16 = v1: Voltage 1
# name 17 = v2: Voltage 2
# name 18 = v3: Voltage 3
# name 19 = v4: Voltage 4
# name 20 = v5: Voltage 5
# name 21 = v6: Voltage 6
# name 22 = v7: Voltage 7
# name 23 = sbeox0V: Oxygen raw, SBE 43 [V]
# name 24 = sal00: Salinity, Practical [PSU]
# name 25 = sal11: Salinity, Practical, 2 [PSU]
# name 26 = sigma-é00: Density [sigma-theta, kg/m^3]
# name 27 = sigma-é11: Density, 2 [sigma-theta, kg/m^3]
# name 28 = sbeox0Mg/L: Oxygen, SBE 43 [mg/l], WS = 2
# name 29 = sbox0Mm/Kg: Oxygen, SBE 43 [umol/kg], WS = 2
# name 30 = sbeox0PS: Oxygen, SBE 43 [% saturation], WS = 2
# name 31 = flag: flag
# span 0 =     -0.920,   1119.763       
# span 1 =        -21,      26875       
# span 2 =     11.066,    858.865       
# span 3 = -107.03428, -107.03416       
# span 4 =   16.94374,   16.94386       
# span 5 =     11.000,    852.000       
# span 6 =     5.4000,    26.8789       
# span 7 =     5.4006,    26.8748       
# span 8 =   3.379504,   5.406327       
# span 9 =   3.379667,   5.406451       
# span 10 = 7.0628e-02, 1.2618e+00      
# span 11 =    12.3212,    12.4365      
# span 12 =     4.4639,     4.5945      
# span 13 = 5.0662e-02, 7.1924e+01      
# span 14 =          0,          0      
# span 15 =     4.4639,     4.5945      
# span 16 =     0.0235,     0.4206      
# span 17 =     0.5051,     2.8078      
# span 18 =     0.0000,     0.0000      
# span 19 =     4.1806,     4.6751      
# span 20 =     0.0000,     0.0000      
# span 21 =     0.0048,     3.1532      
# span 22 =     0.0000,     0.0000      
# span 23 =     0.5046,     2.8078      
# span 24 =    34.1733,    34.8018      
# span 25 =    34.1708,    34.8017      
# span 26 =    22.2100,    27.2691      
# span 27 =    22.2133,    27.2700      
# span 28 =     0.0273,     6.7637      
# span 29 =      0.830,    206.680      
# span 30 =      0.286,    101.287      
# span 31 = 0.0000e+00, 0.0000e+00      
# interval = meters: 1                  
# start_time = Apr 16 2018 15:03:41 [System UTC, first data scan.]
# bad_flag = -9.990e-29
*END*
[from data line 590]
    825.364      19810    605.475 -107.03426   16.94382    601.000     6.8172     6.8184   3.496856   3.497102 7.3749e-02    12.3232     4.5923 5.0841e-02          0     4.5923     0.0246     0.5054     0.0000     4.6575     0.0000     0.0063     0.0000     0.5049    34.5378    34.5393    27.0876    27.0886     0.0312      0.949      0.321 0.0000e+00
    827.554      19862    606.484 -107.03424   16.94382    602.000     6.8258     6.8226   3.497659   3.497483 7.3283e-02    12.3233     4.5922 5.1936e-02          0     4.5922     0.0244     0.5055     0.0000     4.6581     0.0000     0.0154     0.0000     0.5050    34.5376    34.5388    27.0862    27.0876     0.0316      0.962      0.325 0.0000e+00
    829.211      19902    607.493 -107.03424   16.94382    603.000     6.7971     6.7966   3.495106   3.495223 7.4035e-02    12.3229     4.5926 5.1411e-02          0     4.5926     0.0247     0.5055     0.0000     4.6582     0.0000     0.0110     0.0000     0.5050    34.5377    34.5395    27.0903    27.0917     0.0307      0.933      0.315 0.0000e+00
    830.256      19927    608.502 -107.03424   16.94382    604.000     6.7876     6.7877   3.494273   3.494434 7.3412e-02    12.3229     4.5926 5.1358e-02          0     4.5926     0.0244     0.5055     0.0000     4.6582     0.0000     0.0107     0.0000     0.5050    34.5376    34.5392    27.0914    27.0927     0.0317      0.965      0.326 0.0000e+00
    831.170      19949    609.511 -107.03424   16.94382    605.000     6.7782     6.7782   3.493445   3.493587 7.3259e-02    12.3232     4.5923 5.1197e-02          0     4.5923     0.0244     0.5055     0.0000     4.6584     0.0000     0.0092     0.0000     0.5050    34.5374    34.5390    27.0925    27.0938     0.0309      0.939      0.317 0.0000e+00
    832.032      19970    610.520 -107.03423   16.94381    606.000     6.7647     6.7647   3.492242   3.492372 7.3260e-02    12.3230     4.5925 5.1414e-02          0     4.5925     0.0244     0.5054     0.0000     4.6589     0.0000     0.0111     0.0000     0.5049    34.5372    34.5386    27.0942    27.0953     0.0314      0.955      0.322 0.0000e+00
    832.825      19989    611.528 -107.03422   16.94380    607.000     6.7509     6.7495   3.490998   3.491011 7.3451e-02    12.3231     4.5925 5.2765e-02          0     4.5925     0.0245     0.5055     0.0000     4.6586     0.0000     0.0221     0.0000     0.5050    34.5368    34.5383    27.0958    27.0972     0.0310      0.943      0.318 0.0000e+00
    833.540      20006    612.537 -107.03422   16.94380    608.000     6.7456     6.7462   3.490554   3.490765 7.3266e-02    12.3232     4.5923 5.1790e-02          0     4.5923     0.0244     0.5054     0.0000     4.6591     0.0000     0.0141     0.0000     0.5049    34.5367    34.5385    27.0964    27.0977     0.0310      0.944      0.319 0.0000e+00
    834.242      20023    613.547 -107.03422   16.94380    609.000     6.7416     6.7420   3.490211   3.490381 7.3260e-02    12.3230     4.5925 5.1118e-02          0     4.5925     0.0244     0.5055     0.0000     4.6588     0.0000     0.0086     0.0000     0.5050    34.5365    34.5380    27.0968    27.0979     0.0311      0.946      0.319 0.0000e+00
    834.992      20041    614.555 -107.03422   16.94380    610.000     6.7371     6.7375   3.489806   3.490004 7.2731e-02    12.3229     4.5927 5.0806e-02          0     4.5927     0.0242     0.5054     0.0000     4.6591     0.0000     0.0060     0.0000     0.5049    34.5360    34.5378    27.0971    27.0984     0.0302      0.918      0.310 0.0000e+00
    835.960      20064    615.564 -107.03422   16.94380    611.000     6.7353     6.7357   3.489658   3.489867 7.3227e-02    12.3229     4.5926 5.0824e-02          0     4.5926     0.0244     0.5054     0.0000     4.6592     0.0000     0.0062     0.0000     0.5049    34.5358    34.5376    27.0971    27.0985     0.0304      0.926      0.312 0.0000e+00
    837.392      20098    616.573 -107.03422   16.94380    612.000     6.7342     6.7346   3.489597   3.489795 7.3356e-02    12.3229     4.5926 5.0908e-02          0     4.5926     0.0244     0.5054     0.0000     4.6594     0.0000     0.0069     0.0000     0.5049    34.5357    34.5375    27.0972    27.0985     0.0314      0.954      0.322 0.0000e+00
    838.895      20134    617.582 -107.03422   16.94381    613.000     6.7301     6.7300   3.489255   3.489396 7.3117e-02    12.3229     4.5927 5.2877e-02          0     4.5927     0.0244     0.5055     0.0000     4.6591     0.0000     0.0230     0.0000     0.5050    34.5355    34.5372    27.0976    27.0990     0.0319      0.971      0.328 0.0000e+00
    839.980      20161    618.591 -107.03422   16.94382    614.000     6.7229     6.7233   3.488621   3.488817 7.3265e-02    12.3227     4.5929 5.5553e-02          0     4.5929     0.0244     0.5055     0.0000     4.6593     0.0000     0.0440     0.0000     0.5050    34.5352    34.5370    27.0984    27.0998     0.0304      0.924      0.312 0.0000e+00
    840.833      20181    619.600 -107.03422   16.94382    615.000     6.7219     6.7224   3.488601   3.488799 7.3260e-02    12.3233     4.5921 5.5187e-02          0     4.5921     0.0244     0.5054     0.0000     4.6589     0.0000     0.0411     0.0000     0.5049    34.5355    34.5373    27.0988    27.1001     0.0290      0.883      0.298 0.0000e+00
    841.576      20199    620.609 -107.03422   16.94382    616.000     6.7219     6.7222   3.488645   3.488832 7.3726e-02    12.3230     4.5925 5.4810e-02          0     4.5925     0.0246     0.5052     0.0000     4.6588     0.0000     0.0383     0.0000     0.5047    34.5356    34.5373    27.0988    27.1001     0.0307      0.934      0.315 0.0000e+00
    842.268      20215    621.618 -107.03422   16.94382    617.000     6.7189     6.7194   3.488421   3.488618 7.3248e-02    12.3228     4.5927 5.1423e-02          0     4.5927     0.0244     0.5055     0.0000     4.6585     0.0000     0.0111     0.0000     0.5050    34.5356    34.5373    27.0992    27.1006     0.0324      0.987      0.333 0.0000e+00
    842.995      20233    622.627 -107.03422   16.94382    618.000     6.7140     6.7143   3.487990   3.488176 7.3260e-02    12.3226     4.5929 5.2793e-02          0     4.5929     0.0244     0.5054     0.0000     4.6578     0.0000     0.0223     0.0000     0.5049    34.5353    34.5371    27.0997    27.1010     0.0307      0.934      0.315 0.0000e+00
    843.878      20254    623.636 -107.03422   16.94380    619.000     6.7064     6.7066   3.487303   3.487481 7.3260e-02    12.3226     4.5929 5.3979e-02          0     4.5929     0.0244     0.5055     0.0000     4.6572     0.0000     0.0317     0.0000     0.5049    34.5349    34.5366    27.1004    27.1017     0.0309      0.940      0.317 0.0000e+00
    845.196      20286    624.645 -107.03420   16.94380    620.000     6.7035     6.7038   3.487073   3.487259 7.3554e-02    12.3231     4.5924 5.2002e-02          0     4.5924     0.0245     0.5054     0.0000     4.6574     0.0000     0.0158     0.0000     0.5049    34.5347    34.5364    27.1006    27.1020     0.0310      0.943      0.318 0.0000e+00
    846.726      20322    625.654 -107.03420   16.94380    621.000     6.7010     6.7013   3.486885   3.487060 7.3363e-02    12.3230     4.5926 5.0799e-02          0     4.5926     0.0244     0.5054     0.0000     4.6580     0.0000     0.0060     0.0000     0.5049    34.5347    34.5363    27.1010    27.1023     0.0304      0.925      0.312 0.0000e+00
    848.042      20354    626.663 -107.03420   16.94380    622.000     6.6952     6.6951   3.486381   3.486537 7.2996e-02    12.3230     4.5926 5.0815e-02          0     4.5926     0.0243     0.5054     0.0000     4.6581     0.0000     0.0061     0.0000     0.5049    34.5345    34.5362    27.1016    27.1030     0.0311      0.946      0.319 0.0000e+00
    849.187      20381    627.672 -107.03420   16.94380    623.000     6.6892     6.6895   3.485880   3.486059 7.3260e-02    12.3230     4.5925 5.2169e-02          0     4.5925     0.0244     0.5055     0.0000     4.6581     0.0000     0.0173     0.0000     0.5050    34.5345    34.5361    27.1024    27.1037     0.0319      0.972      0.328 0.0000e+00
    850.298      20408    628.681 -107.03420   16.94380    624.000     6.6873     6.6876   3.485756   3.485950 7.3260e-02    12.3227     4.5929 5.2443e-02          0     4.5929     0.0244     0.5055     0.0000     4.6586     0.0000     0.0195     0.0000     0.5050    34.5345    34.5363    27.1027    27.1041     0.0317      0.964      0.325 0.0000e+00
    851.373      20434    629.690 -107.03420   16.94380    625.000     6.6834     6.6835   3.485456   3.485622 7.3419e-02    12.3229     4.5927 5.2479e-02          0     4.5927     0.0245     0.5055     0.0000     4.6582     0.0000     0.0198     0.0000     0.5050    34.5346    34.5363    27.1033    27.1047     0.0307      0.933      0.315 0.0000e+00
    852.279      20456    630.700 -107.03420   16.94380    626.000     6.6773     6.6776   3.484972   3.485151 7.3255e-02    12.3232     4.5923 5.3901e-02          0     4.5923     0.0244     0.5054     0.0000     4.6580     0.0000     0.0312     0.0000     0.5049    34.5349    34.5366    27.1044    27.1057     0.0305      0.929      0.313 0.0000e+00
    853.011      20473    631.708 -107.03420   16.94380    627.000     6.6743     6.6743   3.484758   3.484881 7.3260e-02    12.3227     4.5928 5.2999e-02          0     4.5928     0.0244     0.5054     0.0000     4.6569     0.0000     0.0240     0.0000     0.5049    34.5351    34.5364    27.1049    27.1060     0.0320      0.973      0.328 0.0000e+00
    853.673      20489    632.717 -107.03420   16.94380    628.000     6.6237     6.6228   3.480028   3.480085 7.3260e-02    12.3227     4.5929 5.0762e-02          0     4.5929     0.0244     0.5055     0.0000     4.6570     0.0000     0.0057     0.0000     0.5050    34.5331    34.5346    27.1102    27.1115     0.0314      0.956      0.322 0.0000e+00
    854.311      20504    633.726 -107.03420   16.94380    629.000     6.5998     6.6000   3.478013   3.478195 7.3260e-02    12.3237     4.5917 5.2337e-02          0     4.5917     0.0244     0.5054     0.0000     4.6579     0.0000     0.0188     0.0000     0.5049    34.5343    34.5362    27.1143    27.1157     0.0314      0.957      0.322 0.0000e+00
    854.978      20520    634.736 -107.03420   16.94380    630.000     6.5973     6.5978   3.477801   3.477994 7.3260e-02    12.3234     4.5921 5.2274e-02          0     4.5921     0.0244     0.5055     0.0000     4.6585     0.0000     0.0181     0.0000     0.5050    34.5340    34.5357    27.1144    27.1156     0.0321      0.976      0.328 0.0000e+00
    855.813      20541    635.745 -107.03420   16.94380    631.000     6.5940     6.5942   3.477518   3.477692 7.2970e-02    12.3226     4.5929 5.1882e-02          0     4.5929     0.0243     0.5055     0.0000     4.6587     0.0000     0.0148     0.0000     0.5050    34.5338    34.5354    27.1146    27.1159     0.0311      0.945      0.318 0.0000e+00
    857.177      20573    636.754 -107.03420   16.94382    632.000     6.5917     6.5917   3.477351   3.477492 7.3070e-02    12.3226     4.5930 5.1833e-02          0     4.5930     0.0243     0.5054     0.0000     4.6582     0.0000     0.0144     0.0000     0.5049    34.5337    34.5353    27.1149    27.1161     0.0309      0.939      0.316 0.0000e+00
    858.577      20607    637.763 -107.03419   16.94382    633.000     6.5879     6.5887   3.477047   3.477274 7.3262e-02    12.3223     4.5932 5.2162e-02          0     4.5932     0.0244     0.5054     0.0000     4.6588     0.0000     0.0172     0.0000     0.5049    34.5337    34.5354    27.1154    27.1166     0.0308      0.937      0.315 0.0000e+00
    859.662      20633    638.772 -107.03418   16.94380    634.000     6.5825     6.5827   3.476591   3.476754 7.3260e-02    12.3225     4.5931 5.3748e-02          0     4.5931     0.0244     0.5054     0.0000     4.6576     0.0000     0.0300     0.0000     0.5049    34.5336    34.5352    27.1161    27.1173     0.0316      0.963      0.324 0.0000e+00
    860.823      20661    639.781 -107.03418   16.94380    635.000     6.5755     6.5745   3.475996   3.476062 7.3260e-02    12.3226     4.5929 5.1479e-02          0     4.5929     0.0244     0.5055     0.0000     4.6581     0.0000     0.0116     0.0000     0.5050    34.5335    34.5352    27.1169    27.1184     0.0320      0.973      0.327 0.0000e+00
    862.053      20690    640.790 -107.03418   16.94380    636.000     6.5578     6.5574   3.474424   3.474521 7.3387e-02    12.3227     4.5928 5.5077e-02          0     4.5928     0.0244     0.5054     0.0000     4.6583     0.0000     0.0404     0.0000     0.5049    34.5334    34.5349    27.1192    27.1204     0.0310      0.942      0.317 0.0000e+00
    863.190      20718    641.799 -107.03418   16.94380    637.000     6.5483     6.5485   3.473618   3.473787 7.3262e-02    12.3225     4.5931 5.5791e-02          0     4.5931     0.0244     0.5054     0.0000     4.6585     0.0000     0.0463     0.0000     0.5049    34.5336    34.5353    27.1206    27.1219     0.0311      0.947      0.318 0.0000e+00
    864.356      20746    642.808 -107.03418   16.94380    638.000     6.5411     6.5414   3.473006   3.473184 7.3260e-02    12.3223     4.5933 5.7015e-02          0     4.5933     0.0244     0.5055     0.0000     4.6589     0.0000     0.0554     0.0000     0.5050    34.5335    34.5352    27.1215    27.1228     0.0312      0.949      0.319 0.0000e+00
    865.517      20773    643.817 -107.03418   16.94380    639.000     6.5345     6.5347   3.472448   3.472613 7.3260e-02    12.3227     4.5929 5.4205e-02          0     4.5929     0.0244     0.5053     0.0000     4.6593     0.0000     0.0335     0.0000     0.5048    34.5335    34.5351    27.1224    27.1236     0.0310      0.943      0.317 0.0000e+00
    866.482      20797    644.826 -107.03418   16.94380    640.000     6.5264     6.5270   3.471733   3.471933 7.3444e-02    12.3228     4.5927 5.1398e-02          0     4.5927     0.0245     0.5055     0.0000     4.6593     0.0000     0.0110     0.0000     0.5050    34.5332    34.5349    27.1232    27.1245     0.0327      0.994      0.334 0.0000e+00
    867.272      20816    645.835 -107.03418   16.94380    641.000     6.5148     6.5148   3.470722   3.470881 7.3464e-02    12.3226     4.5930 5.2705e-02          0     4.5930     0.0245     0.5055     0.0000     4.6588     0.0000     0.0217     0.0000     0.5050    34.5332    34.5349    27.1248    27.1262     0.0310      0.943      0.317 0.0000e+00
    867.954      20832    646.845 -107.03418   16.94380    642.000     6.5050     6.5052   3.469885   3.470044 7.3261e-02    12.3225     4.5931 5.2335e-02          0     4.5931     0.0244     0.5054     0.0000     4.6580     0.0000     0.0187     0.0000     0.5049    34.5333    34.5348    27.1261    27.1273     0.0311      0.948      0.318 0.0000e+00
    868.563      20847    647.854 -107.03418   16.94380    643.000     6.4972     6.4974   3.469200   3.469379 7.3260e-02    12.3228     4.5928 5.3561e-02          0     4.5928     0.0244     0.5054     0.0000     4.6582     0.0000     0.0286     0.0000     0.5049    34.5331    34.5349    27.1270    27.1284     0.0314      0.957      0.321 0.0000e+00
    869.144      20860    648.863 -107.03418   16.94380    644.000     6.4920     6.4923   3.468765   3.468959 7.3781e-02    12.3229     4.5926 5.4371e-02          0     4.5926     0.0246     0.5054     0.0000     4.6578     0.0000     0.0349     0.0000     0.5049    34.5330    34.5349    27.1276    27.1291     0.0310      0.944      0.317 0.0000e+00
