data/ctd-cnv/RR1804/Station32_cast50.cnv
* Sea-Bird SBE 9 Data File:
* FileName = C:\CTD\RR1805\Station32_cast50.hex
* Software Version Seasave V 7.26.6.26
* Temperature SN = 4307
* Conductivity SN = 4650
* Number of Bytes Per Scan = 44
* Number of Voltage Words = 5
* Number of Scans Averaged by the Deck Unit = 1
* NMEA Latitude = 17 00.76 N
* NMEA Longitude = 106 58.83 W
* NMEA UTC (Time) = Apr 19 2018 02:15:57
** Ship: Revell
** Station: 32 (P2)
** Operator: Clara
** cast50
# nquan = 32
# nvalues = 501                         
# units = specified
# name 0 = timeS: Time, Elapsed [seconds]
# name 1 = scan: Scan Count
# name 2 = prDM: Pressure, Digiquartz [db]
# name 3 = longitude: Longitude [deg]
# name 4 = latitude: Latitude [deg]
# name 5 = depSM: Depth [salt water, m]
# name 6 = t090C: Temperature [ITS-90, deg C]
# name 7 = t190C: Temperature, 2 [ITS-90, deg C]
# name 8 = c0S/m: Conductivity [S/m]
# name 9 = c1S/m: Conductivity, 2 [S/m]
# name 10 = flSP: Fluorescence, Seapoint
# name 11 = CStarAt0: Beam Attenuation, WET Labs C-Star [1/m]
# name 12 = CStarTr0: Beam Transmission, WET Labs C-Star [%]
# name 13 = par: PAR/Irradiance, Biospherical/Licor
# name 14 = modError: Modulo Error Count
# name 15 = v0: Voltage 0
# name 16 = v1: Voltage 1
# name 17 = v2: Voltage 2
# name 18 = v3: Voltage 3
# name 19 = v4: Voltage 4
# name 20 = v5: Voltage 5
# name 21 = v6: Voltage 6
# name 22 = v7: Voltage 7
# name 23 = sbeox0V: Oxygen raw, SBE 43 [V]
# name 24 = sal00: Salinity, Practical [PSU]
# name 25 = sal11: Salinity, Practical, 2 [PSU]
# name 26 = sigma-é00: Density [sigma-theta, kg/m^3]
# name 27 = sigma-é11: Density, 2 [sigma-theta, kg/m^3]
# name 28 = sbeox0Mg/L: Oxygen, SBE 43 [mg/l], WS = 2
# name 29 = sbox0Mm/Kg: Oxygen, SBE 43 [umol/kg], WS = 2
# name 30 = sbeox0PS: Oxygen, SBE 43 [% saturation], WS = 2
# name 31 = flag: flag
# span 0 =     62.166,    909.947       
# span 1 =       1493,      21840       
# span 2 =      1.006,    504.610       
# span 3 = -106.98058, -106.98054       
# span 4 =   17.01264,   17.01270       
# span 5 =      1.000,    501.000       
# span 6 =     7.6849,    27.1491       
# span 7 =     7.6807,    27.1465       
# span 8 =   3.572944,   5.429910       
# span 9 =   3.572720,   9.081419       
# span 10 = 7.0582e-02, 1.6369e+00      
# span 11 =    11.5390,    18.3581      
# span 12 =     2.8251,     4.7475      
# span 13 = 1.8564e-02, 2.7327e-01      
# span 14 =          0,          0      
# span 15 =     2.8251,     4.7475      
# span 16 =     0.0235,     0.5456      
# span 17 =     0.5066,     2.8383      
# span 18 = -2.045e-07,     0.0000      
# span 19 =     1.6930,     4.7023      
# span 20 =     0.0000,     0.0000      
# span 21 =    -0.0693,     0.5230      
# span 22 =     0.0000,     0.0000      
# span 23 =     0.5060,     2.8383      
# span 24 =    33.9202,    34.8074      
# span 25 =    25.0860,   108.4164      
# span 26 =    21.8672,    26.9752      
# span 27 =    12.5503,    96.4421      
# span 28 =     0.0337,     6.8672      
# span 29 =      1.025,    209.819      
# span 30 =      0.354,    102.563      
# span 31 = 0.0000e+00, 0.0000e+00      
# interval = meters: 1                  
# start_time = Apr 19 2018 02:16:02 [System UTC, first data scan.]
# bad_flag = -9.990e-29
*END*
[from data line 454]
    771.809      18524    458.227 -106.98056   17.01268    455.000     8.4172     8.4173   3.640403   3.640607 7.8063e-02    12.3280     4.5867 5.0671e-02          0     4.5867     0.0260     0.5075     0.0000     4.6654     0.0000     0.0049     0.0000     0.5068    34.5732    34.5752    26.8827    26.8844     0.0362      1.102      0.387 0.0000e+00
    772.654      18545    459.236 -106.98056   17.01268    456.000     8.4079     8.4075   3.639545   3.639718 7.6649e-02    12.3280     4.5868 5.0671e-02          0     4.5868     0.0255     0.5075     0.0000     4.6652     0.0000     0.0049     0.0000     0.5068    34.5728    34.5749    26.8839    26.8857     0.0377      1.147      0.402 0.0000e+00
    773.789      18572    460.244 -106.98056   17.01268    457.000     8.3933     8.3932   3.638175   3.638390 7.5175e-02    12.3274     4.5874 5.0671e-02          0     4.5874     0.0250     0.5073     0.0000     4.6655     0.0000     0.0049     0.0000     0.5067    34.5721    34.5744    26.8856    26.8874     0.0348      1.058      0.371 0.0000e+00
    775.299      18608    461.252 -106.98056   17.01268    458.000     8.3870     8.3873   3.637637   3.637882 7.6827e-02    12.3273     4.5875 5.0671e-02          0     4.5875     0.0256     0.5073     0.0000     4.6651     0.0000     0.0049     0.0000     0.5067    34.5720    34.5743    26.8865    26.8883     0.0376      1.145      0.401 0.0000e+00
    776.572      18639    462.260 -106.98057   17.01268    459.000     8.3857     8.3857   3.637576   3.637813 7.4701e-02    12.3272     4.5877 5.0671e-02          0     4.5877     0.0249     0.5073     0.0000     4.6654     0.0000     0.0049     0.0000     0.5066    34.5722    34.5747    26.8869    26.8888     0.0367      1.117      0.391 0.0000e+00
    777.530      18662    463.268 -106.98058   17.01268    460.000     8.3800     8.3801   3.637108   3.637337 7.5325e-02    12.3273     4.5876 5.0671e-02          0     4.5876     0.0251     0.5072     0.0000     4.6656     0.0000     0.0049     0.0000     0.5066    34.5723    34.5747    26.8879    26.8897     0.0377      1.148      0.402 0.0000e+00
    778.459      18684    464.276 -106.98058   17.01268    461.000     8.3702     8.3701   3.636236   3.636452 7.6075e-02    12.3274     4.5874 5.0671e-02          0     4.5874     0.0253     0.5076     0.0000     4.6662     0.0000     0.0049     0.0000     0.5069    34.5722    34.5746    26.8893    26.8912     0.0386      1.173      0.411 0.0000e+00
    779.421      18707    465.285 -106.98058   17.01268    462.000     8.3538     8.3536   3.634738   3.634932 7.6447e-02    12.3274     4.5875 5.0671e-02          0     4.5875     0.0254     0.5074     0.0000     4.6661     0.0000     0.0049     0.0000     0.5068    34.5719    34.5742    26.8916    26.8934     0.0349      1.062      0.372 0.0000e+00
    780.342      18729    466.293 -106.98058   17.01268    463.000     8.3391     8.3391   3.633388   3.633621 7.7081e-02    12.3274     4.5875 5.0671e-02          0     4.5875     0.0257     0.5071     0.0000     4.6655     0.0000     0.0049     0.0000     0.5064    34.5715    34.5740    26.8935    26.8955     0.0355      1.081      0.379 0.0000e+00
    781.176      18749    467.301 -106.98058   17.01268    464.000     8.3240     8.3239   3.632001   3.632209 7.6929e-02    12.3276     4.5872 5.0671e-02          0     4.5872     0.0256     0.5074     0.0000     4.6650     0.0000     0.0049     0.0000     0.5068    34.5711    34.5734    26.8955    26.8974     0.0411      1.250      0.438 0.0000e+00
    782.027      18770    468.310 -106.98056   17.01268    465.000     8.3126     8.3126   3.630962   3.631175 7.7437e-02    12.3275     4.5873 5.0671e-02          0     4.5873     0.0258     0.5075     0.0000     4.6627     0.0000     0.0049     0.0000     0.5069    34.5708    34.5731    26.8970    26.8988     0.0366      1.115      0.390 0.0000e+00
    783.123      18796    469.318 -106.98056   17.01268    466.000     8.2884     8.2879   3.628695   3.628852 7.6037e-02    12.3274     4.5874 5.0671e-02          0     4.5874     0.0253     0.5071     0.0000     4.6639     0.0000     0.0049     0.0000     0.5065    34.5700    34.5722    26.9001    26.9018     0.0342      1.040      0.364 0.0000e+00
    784.637      18832    470.326 -106.98056   17.01268    467.000     8.2742     8.2741   3.627361   3.627572 7.6648e-02    12.3275     4.5873 5.0671e-02          0     4.5873     0.0255     0.5074     0.0000     4.6651     0.0000     0.0049     0.0000     0.5068    34.5693    34.5716    26.9017    26.9035     0.0387      1.179      0.412 0.0000e+00
    785.891      18862    471.334 -106.98056   17.01268    468.000     8.2647     8.2648   3.626512   3.626761 7.7088e-02    12.3273     4.5875 5.0671e-02          0     4.5875     0.0257     0.5073     0.0000     4.6646     0.0000     0.0049     0.0000     0.5066    34.5691    34.5716    26.9030    26.9049     0.0369      1.121      0.392 0.0000e+00
    786.799      18884    472.343 -106.98057   17.01268    469.000     8.2492     8.2485   3.625035   3.625157 7.6729e-02    12.3275     4.5873 5.0671e-02          0     4.5873     0.0255     0.5075     0.0000     4.6631     0.0000     0.0049     0.0000     0.5069    34.5681    34.5701    26.9046    26.9062     0.0398      1.212      0.424 0.0000e+00
    787.588      18903    473.351 -106.98058   17.01268    470.000     8.1994     8.1984   3.620295   3.620376 7.7139e-02    12.3274     4.5874 5.0671e-02          0     4.5874     0.0257     0.5076     0.0000     4.6634     0.0000     0.0049     0.0000     0.5070    34.5661    34.5680    26.9105    26.9121     0.0376      1.145      0.399 0.0000e+00
    788.364      18922    474.359 -106.98058   17.01268    471.000     8.1633     8.1629   3.616928   3.617068 7.7106e-02    12.3271     4.5877 5.0671e-02          0     4.5877     0.0257     0.5074     0.0000     4.6635     0.0000     0.0049     0.0000     0.5067    34.5652    34.5671    26.9152    26.9168     0.0356      1.083      0.378 0.0000e+00
    789.196      18942    475.367 -106.98058   17.01268    472.000     8.1418     8.1417   3.614956   3.615138 7.6066e-02    12.3271     4.5877 5.0671e-02          0     4.5877     0.0253     0.5073     0.0000     4.6645     0.0000     0.0049     0.0000     0.5067    34.5648    34.5669    26.9182    26.9198     0.0372      1.132      0.395 0.0000e+00
    790.230      18967    476.376 -106.98058   17.01268    473.000     8.1288     8.1288   3.613746   3.613952 7.4800e-02    12.3272     4.5876 5.0671e-02          0     4.5876     0.0249     0.5074     0.0000     4.6646     0.0000     0.0049     0.0000     0.5068    34.5642    34.5664    26.9196    26.9214     0.0375      1.142      0.398 0.0000e+00
    791.352      18993    477.384 -106.98058   17.01268    474.000     8.1217     8.1216   3.613101   3.613303 7.6018e-02    12.3268     4.5881 5.0671e-02          0     4.5881     0.0253     0.5071     0.0000     4.6652     0.0000     0.0049     0.0000     0.5065    34.5639    34.5661    26.9205    26.9222     0.0351      1.068      0.372 0.0000e+00
    792.395      19018    478.392 -106.98058   17.01268    475.000     8.1028     8.1024   3.611344   3.611524 7.4482e-02    12.3271     4.5878 5.0671e-02          0     4.5878     0.0248     0.5073     0.0000     4.6654     0.0000     0.0049     0.0000     0.5067    34.5632    34.5655    26.9228    26.9247     0.0392      1.192      0.415 0.0000e+00
    793.458      19044    479.401 -106.98058   17.01268    476.000     8.0794     8.0783   3.609149   3.609270 7.4888e-02    12.3270     4.5879 5.0671e-02          0     4.5879     0.0249     0.5074     0.0000     4.4711     0.0000     0.0049     0.0000     0.5068    34.5623    34.5646    26.9256    26.9276     0.0379      1.155      0.402 0.0000e+00
    794.664      19073    480.409 -106.98058   17.01268    477.000     8.0322     8.0306   3.604683   3.604747 7.4847e-02    12.3270     4.5878 5.0671e-02          0     4.5878     0.0249     0.5074     0.0000     4.6448     0.0000     0.0049     0.0000     0.5067    34.5606    34.5628    26.9313    26.9333     0.0366      1.115      0.388 0.0000e+00
    795.777      19100    481.417 -106.98058   17.01268    478.000     7.9801     7.9787   3.599768   3.599834 7.7299e-02    12.3267     4.5882 5.0671e-02          0     4.5882     0.0257     0.5073     0.0000     4.6658     0.0000     0.0049     0.0000     0.5066    34.5588    34.5608    26.9376    26.9394     0.0361      1.097      0.381 0.0000e+00
    796.651      19121    482.426 -106.98058   17.01268    479.000     7.9505     7.9510   3.597126   3.597374 7.7105e-02    12.3265     4.5884 5.0671e-02          0     4.5884     0.0257     0.5072     0.0000     4.6644     0.0000     0.0049     0.0000     0.5066    34.5592    34.5614    26.9423    26.9440     0.0376      1.144      0.397 0.0000e+00
    797.441      19140    483.434 -106.98058   17.01268    480.000     7.9483     7.9486   3.596940   3.597174 7.7681e-02    12.3267     4.5882 5.0671e-02          0     4.5882     0.0259     0.5073     0.0000     4.6654     0.0000     0.0049     0.0000     0.5066    34.5589    34.5611    26.9424    26.9442     0.0362      1.101      0.382 0.0000e+00
    798.274      19160    484.442 -106.98056   17.01268    481.000     7.9419     7.9421   3.596372   3.596591 7.6958e-02    12.3266     4.5883 5.0671e-02          0     4.5883     0.0256     0.5071     0.0000     4.6663     0.0000     0.0049     0.0000     0.5065    34.5586    34.5608    26.9432    26.9449     0.0348      1.058      0.367 0.0000e+00
    799.338      19185    485.450 -106.98056   17.01268    482.000     7.9353     7.9355   3.595804   3.596034 7.3755e-02    12.3268     4.5881 5.0671e-02          0     4.5881     0.0246     0.5071     0.0000     4.6646     0.0000     0.0049     0.0000     0.5064    34.5586    34.5608    26.9441    26.9459     0.0369      1.124      0.390 0.0000e+00
    800.723      19218    486.459 -106.98056   17.01268    483.000     7.9321     7.9323   3.595551   3.595790 7.4246e-02    12.3266     4.5883 5.0671e-02          0     4.5883     0.0247     0.5072     0.0000     4.6659     0.0000     0.0049     0.0000     0.5065    34.5586    34.5609    26.9446    26.9465     0.0383      1.166      0.404 0.0000e+00
    801.995      19249    487.467 -106.98056   17.01268    484.000     7.9263     7.9262   3.595063   3.595275 7.4209e-02    12.3266     4.5883 5.0671e-02          0     4.5883     0.0247     0.5074     0.0000     4.6664     0.0000     0.0049     0.0000     0.5068    34.5586    34.5609    26.9455    26.9474     0.0381      1.160      0.402 0.0000e+00
    803.017      19273    488.476 -106.98056   17.01268    485.000     7.9157     7.9156   3.594085   3.594288 7.6914e-02    12.3265     4.5884 5.0671e-02          0     4.5884     0.0256     0.5072     0.0000     4.6650     0.0000     0.0049     0.0000     0.5065    34.5581    34.5604    26.9467    26.9485     0.0364      1.107      0.384 0.0000e+00
    803.995      19297    489.484 -106.98056   17.01268    486.000     7.8816     7.8808   3.590880   3.591016 7.6754e-02    12.3264     4.5885 5.0671e-02          0     4.5885     0.0255     0.5075     0.0000     4.6647     0.0000     0.0049     0.0000     0.5068    34.5568    34.5590    26.9507    26.9526     0.0399      1.215      0.421 0.0000e+00
    804.926      19319    490.492 -106.98056   17.01268    487.000     7.8604     7.8607   3.588935   3.589184 7.7308e-02    12.3263     4.5886 5.0671e-02          0     4.5886     0.0257     0.5073     0.0000     4.6655     0.0000     0.0049     0.0000     0.5066    34.5564    34.5588    26.9536    26.9554     0.0353      1.073      0.372 0.0000e+00
    805.754      19339    491.501 -106.98056   17.01268    488.000     7.8569     7.8572   3.588660   3.588915 7.6921e-02    12.3263     4.5886 5.0671e-02          0     4.5886     0.0256     0.5073     0.0000     4.6644     0.0000     0.0049     0.0000     0.5066    34.5564    34.5588    26.9540    26.9559     0.0374      1.139      0.394 0.0000e+00
    806.518      19357    492.509 -106.98056   17.01268    489.000     7.8541     7.8544   3.588427   3.588667 7.6518e-02    12.3265     4.5884 5.0671e-02          0     4.5884     0.0255     0.5073     0.0000     4.6625     0.0000     0.0049     0.0000     0.5066    34.5562    34.5585    26.9544    26.9561     0.0372      1.132      0.392 0.0000e+00
    807.306      19376    493.517 -106.98056   17.01268    490.000     7.8372     7.8374   3.586825   3.587040 7.6556e-02    12.3264     4.5886 5.0671e-02          0     4.5886     0.0255     0.5073     0.0000     4.6633     0.0000     0.0049     0.0000     0.5067    34.5552    34.5573    26.9561    26.9577     0.0380      1.156      0.400 0.0000e+00
    808.180      19397    494.526 -106.98056   17.01268    491.000     7.8049     7.8044   3.583795   3.583945 7.5523e-02    12.3260     4.5890 5.0671e-02          0     4.5890     0.0251     0.5074     0.0000     4.6636     0.0000     0.0049     0.0000     0.5068    34.5541    34.5562    26.9599    26.9616     0.0388      1.182      0.409 0.0000e+00
    809.136      19420    495.534 -106.98056   17.01268    492.000     7.7881     7.7882   3.582286   3.582495 7.5590e-02    12.3259     4.5892 5.0671e-02          0     4.5892     0.0252     0.5074     0.0000     4.6627     0.0000     0.0049     0.0000     0.5067    34.5539    34.5561    26.9622    26.9640     0.0363      1.105      0.382 0.0000e+00
    810.098      19443    496.542 -106.98056   17.01268    493.000     7.7759     7.7758   3.581169   3.581370 7.6156e-02    12.3262     4.5888 5.0671e-02          0     4.5888     0.0253     0.5074     0.0000     4.6514     0.0000     0.0049     0.0000     0.5067    34.5535    34.5558    26.9637    26.9655     0.0376      1.144      0.395 0.0000e+00
    811.145      19468    497.551 -106.98056   17.01268    494.000     7.7694     7.7695   3.580605   3.580834 7.5007e-02    12.3264     4.5885 5.0671e-02          0     4.5885     0.0250     0.5071     0.0000     4.6428     0.0000     0.0049     0.0000     0.5065    34.5534    34.5557    26.9646    26.9664     0.0366      1.113      0.385 0.0000e+00
    812.481      19501    498.559 -106.98056   17.01268    495.000     7.7639     7.7639   3.580137   3.580356 7.5384e-02    12.3260     4.5890 5.0671e-02          0     4.5890     0.0251     0.5072     0.0000     4.6473     0.0000     0.0049     0.0000     0.5065    34.5533    34.5556    26.9653    26.9671     0.0359      1.091      0.377 0.0000e+00
    814.098      19539    499.568 -106.98056   17.01268    496.000     7.7593     7.7595   3.579761   3.579996 7.6463e-02    12.3258     4.5893 5.0671e-02          0     4.5893     0.0255     0.5072     0.0000     4.6562     0.0000     0.0049     0.0000     0.5065    34.5534    34.5556    26.9661    26.9678     0.0364      1.108      0.383 0.0000e+00
    815.726      19578    500.576 -106.98056   17.01268    497.000     7.7568     7.7567   3.579580   3.579804 7.5129e-02    12.3259     4.5892 5.0713e-02          0     4.5892     0.0250     0.5071     0.0000     4.6637     0.0000     0.0053     0.0000     0.5064    34.5534    34.5558    26.9665    26.9684     0.0356      1.082      0.374 0.0000e+00
    817.146      19613    501.584 -106.98056   17.01268    498.000     7.7360     7.7356   3.577665   3.577854 7.4696e-02    12.3263     4.5886 5.0670e-02          0     4.5886     0.0249     0.5070     0.0000     4.6644     0.0000     0.0049     0.0000     0.5064    34.5528    34.5552    26.9690    26.9710     0.0374      1.137      0.393 0.0000e+00
