data/ctd-cnv/RR1804/Station32_cast54.cnv
* Sea-Bird SBE 9 Data File:
* FileName = C:\CTD\RR1805\Station32_cast54.hex
* Software Version Seasave V 7.26.6.26
* Temperature SN = 4307
* Conductivity SN = 4650
* Number of Bytes Per Scan = 44
* Number of Voltage Words = 5
* Number of Scans Averaged by the Deck Unit = 1
* NMEA Latitude = 17 01.23 N
* NMEA Longitude = 106 58.80 W
* NMEA UTC (Time) = Apr 19 2018 18:05:49
** Ship: Revell
** Station: 32 (P2)
** Operator: Gabrielle
** Cast 54 Diel
# nquan = 32
# nvalues = 200                         
# units = specified
# name 0 = timeS: Time, Elapsed [seconds]
# name 1 = scan: Scan Count
# name 2 = prDM: Pressure, Digiquartz [db]
# name 3 = longitude: Longitude [deg]
# name 4 = latitude: Latitude [deg]
# name 5 = depSMignore: Depth [salt water, m]
# name 6 = t090C: Temperature [ITS-90, deg C]
# name 7 = t190C: Temperature, 2 [ITS-90, deg C]
# name 8 = c0S/m: Conductivity [S/m]
# name 9 = c1S/m: Conductivity, 2 [S/m]
# name 10 = flSP: Fluorescence, Seapoint
# name 11 = CStarAt0: Beam Attenuation, WET Labs C-Star [1/m]
# name 12 = CStarTr0: Beam Transmission, WET Labs C-Star [%]
# name 13 = par: PAR/Irradiance, Biospherical/Licor
# name 14 = modError: Modulo Error Count
# name 15 = v0: Voltage 0
# name 16 = v1: Voltage 1
# name 17 = v2: Voltage 2
# name 18 = v3: Voltage 3
# name 19 = v4: Voltage 4
# name 20 = v5: Voltage 5
# name 21 = v6: Voltage 6
# name 22 = v7: Voltage 7
# name 23 = sbeox0V: Oxygen raw, SBE 43 [V]
# name 24 = sal00: Salinity, Practical [PSU]
# name 25 = sal11: Salinity, Practical, 2 [PSU]
# name 26 = sigma-é00: Density [sigma-theta, kg/m^3]
# name 27 = sigma-é11: Density, 2 [sigma-theta, kg/m^3]
# name 28 = sbeox0Mg/L: Oxygen, SBE 43 [mg/l], WS = 2
# name 29 = sbox0Mm/Kg: Oxygen, SBE 43 [umol/kg], WS = 2
# name 30 = sbeox0PS: Oxygen, SBE 43 [% saturation], WS = 2
# name 31 = flag: flag
# span 0 =     15.505,    396.267       
# span 1 =        373,       9511       
# span 2 =      3.018,    203.307       
# span 3 = -106.98014, -106.98006       
# span 4 =   17.02054,   17.02058       
# span 5 =      3.000,    202.000       
# span 6 =    12.1833,    26.9083       
# span 7 =    12.1866,    26.9075       
# span 8 =   4.003465,   5.407459       
# span 9 =   4.003913,   5.407568       
# span 10 = 7.3133e-02, 1.2367e+00      
# span 11 =    12.3367,    12.4352      
# span 12 =     4.4655,     4.5768      
# span 13 = 5.0670e-02, 1.4185e+03      
# span 14 =          0,          0      
# span 15 =     4.4655,     4.5768      
# span 16 =     0.0244,     0.4122      
# span 17 =     0.5074,     2.8299      
# span 18 =     0.0000,     0.0000      
# span 19 =     2.8119,     4.6731      
# span 20 =     0.0000,     0.0000      
# span 21 =     0.0049,     4.4395      
# span 22 =     0.0000,     0.0000      
# span 23 =     0.5066,     2.8299      
# span 24 =    34.2104,    34.8041      
# span 25 =    34.2091,    34.8049      
# span 26 =    22.2073,    26.3844      
# span 27 =    22.2080,    26.3847      
# span 28 =     0.0320,     6.8280      
# span 29 =      0.973,    208.641      
# span 30 =      0.370,    102.335      
# span 31 = 0.0000e+00, 0.0000e+00      
# interval = meters: 1                  
# start_time = Apr 19 2018 18:05:54 [System UTC, first data scan.]
# bad_flag = -9.990e-29
*END*
[from data line 46]
    136.997       3289     49.299 -106.98014   17.02058     49.000    22.6675    22.6630   4.975262   4.974927 9.1373e-01    12.4352     4.4655 9.3858e+01          0     4.4655     0.3046     2.4681     0.0000     4.5461     0.0000     3.2691     0.0000     2.4681    34.2883    34.2893    23.4918    23.4938     6.0330    184.208     85.226 0.0000e+00
    138.615       3328     50.305 -106.98014   17.02058     50.000    22.2632    22.2507   4.933204   4.932214 1.1111e+00    12.4345     4.4661 7.8868e+01          0     4.4661     0.3703     2.4260     0.0000     4.5482     0.0000     3.1928     0.0000     2.4259    34.2792    34.2813    23.5992    23.6044     6.0031    183.274     84.193 0.0000e+00
    140.656       3377     51.311 -106.98013   17.02057     51.000    21.9675    21.9736   4.903100   4.903839 1.2367e+00    12.4302     4.4711 7.5808e+01          0     4.4711     0.4122     2.4150     0.0000     4.5512     0.0000     3.1762     0.0000     2.4149    34.2770    34.2780    23.6804    23.6794     6.0240    183.896     84.043 0.0000e+00
    143.360       3442     52.318 -106.98012   17.02056     52.000    21.7946    21.7950   4.885385   4.885271 1.1772e+00    12.4268     4.4748 6.6300e+01          0     4.4748     0.3924     2.4079     0.0000     4.5545     0.0000     3.1184     0.0000     2.4078    34.2745    34.2733    23.7266    23.7256     6.0785    185.553     84.541 0.0000e+00
    144.991       3481     53.324 -106.98012   17.02056     53.000    21.5570    21.5485   4.860146   4.859227 1.0792e+00    12.4186     4.4840 6.1559e+01          0     4.4840     0.3597     2.4406     0.0000     4.5566     0.0000     3.0859     0.0000     2.4405    34.2638    34.2634    23.7842    23.7862     6.2501    190.781     86.554 0.0000e+00
    146.572       3519     54.330 -106.98012   17.02056     54.000    21.2543    21.2476   4.828178   4.827459 1.0731e+00    12.4127     4.4906 5.6970e+01          0     4.4906     0.3577     2.4649     0.0000     4.5588     0.0000     3.0522     0.0000     2.4649    34.2513    34.2510    23.8577    23.8593     6.3153    192.757     86.977 0.0000e+00
    148.385       3562     55.336 -106.98012   17.02056     55.000    21.0365    21.0347   4.805834   4.805525 1.0896e+00    12.4110     4.4925 5.3812e+01          0     4.4925     0.3632     2.4678     0.0000     4.5615     0.0000     3.0274     0.0000     2.4678    34.2471    34.2462    23.9138    23.9136     6.3157    192.758     86.639 0.0000e+00
    150.425       3611     56.342 -106.98012   17.02056     56.000    20.8963    20.8749   4.792144   4.789748 1.1327e+00    12.4103     4.4933 4.7348e+01          0     4.4933     0.3776     2.4622     0.0000     4.0846     0.0000     2.9715     0.0000     2.4621    34.2498    34.2478    23.9538    23.9580     6.3075    192.501     86.310 0.0000e+00
    154.130       3700     57.349 -106.98012   17.02056     57.000    20.7428    20.7120   4.775190   4.772139 1.1593e+00    12.4043     4.5000 4.1456e+01          0     4.5000     0.3864     2.4533     0.0000     4.6543     0.0000     2.9143     0.0000     2.4533    34.2366    34.2369    23.9850    23.9936     6.2839    191.774     85.742 0.0000e+00
    155.983       3745     58.355 -106.98011   17.02056     58.000    20.3257    20.3202   4.731961   4.731364 1.0430e+00    12.4010     4.5038 3.6918e+01          0     4.5038     0.3477     2.3962     0.0000     4.5702     0.0000     2.8637     0.0000     2.3961    34.2240    34.2236    24.0868    24.0880     5.9821    182.548     81.003 0.0000e+00
    157.648       3785     59.361 -106.98010   17.02056     59.000    20.1082    20.1061   4.710929   4.710581 1.0534e+00    12.3992     4.5058 3.4867e+01          0     4.5058     0.3512     2.3053     0.0000     4.5728     0.0000     2.8391     0.0000     2.3052    34.2291    34.2280    24.1482    24.1479     5.6578    172.640     76.308 0.0000e+00
    158.958       3816     60.367 -106.98010   17.02056     60.000    19.7755    19.7669   4.675563   4.674544 9.3234e-01    12.3952     4.5103 3.1698e+01          0     4.5103     0.3108     2.2065     0.0000     4.5744     0.0000     2.7976     0.0000     2.2064    34.2104    34.2091    24.2211    24.2223     5.1998    158.654     69.700 0.0000e+00
    160.128       3844     61.374 -106.98010   17.02056     61.000    19.6020    19.6018   4.663530   4.663333 8.2202e-01    12.3864     4.5202 2.9700e+01          0     4.5202     0.2740     2.0657     0.0000     4.5764     0.0000     2.7694     0.0000     2.0655    34.2530    34.2516    24.2987    24.2977     4.6109    140.675     61.620 0.0000e+00
    161.471       3876     62.380 -106.98010   17.02055     62.000    19.6021    19.6021   4.670329   4.670266 8.9196e-01    12.3839     4.5231 2.6550e+01          0     4.5231     0.2973     1.8737     0.0000     4.5784     0.0000     2.7204     0.0000     1.8734    34.3086    34.3081    24.3412    24.3408     4.0197    122.634     53.738 0.0000e+00
    164.817       3957     63.386 -106.98010   17.02054     63.000    19.5670    19.5758   4.669568   4.670304 9.4354e-01    12.3809     4.5264 2.3659e+01          0     4.5264     0.3145     1.7239     0.0000     4.5735     0.0000     2.6705     0.0000     1.7236    34.3308    34.3297    24.3672    24.3641     3.8723    118.132     51.742 0.0000e+00
    168.396       4043     64.393 -106.98008   17.02054     64.000    19.4099    19.4079   4.659253   4.658948 8.2620e-01    12.3815     4.5259 2.1211e+01          0     4.5259     0.2754     1.5135     0.0000     3.2445     0.0000     2.6232     0.0000     1.5131    34.3745    34.3736    24.4412    24.4410     3.1715     96.745     42.262 0.0000e+00
    169.880       4078     65.399 -106.98008   17.02054     65.000    18.9160    18.9057   4.604707   4.603802 8.2514e-01    12.3804     4.5270 1.9673e+01          0     4.5270     0.2750     1.5097     0.0000     4.5713     0.0000     2.5904     0.0000     1.5092    34.3289    34.3299    24.5325    24.5358     3.4318    104.676     45.301 0.0000e+00
    171.600       4119     66.405 -106.98008   17.02054     66.000    18.6062    18.6041   4.571509   4.571058 8.2908e-01    12.3782     4.5295 1.7702e+01          0     4.5295     0.2764     1.5299     0.0000     4.5875     0.0000     2.5446     0.0000     1.5295    34.3077    34.3057    24.5944    24.5934     3.5394    107.953     46.447 0.0000e+00
    173.296       4160     67.412 -106.98008   17.02054     67.000    18.4001    18.3966   4.548419   4.547862 7.2846e-01    12.3777     4.5301 1.6505e+01          0     4.5301     0.2428     1.5609     0.0000     4.5900     0.0000     2.5143     0.0000     1.5605    34.2846    34.2828    24.6282    24.6277     3.6094    110.085     47.178 0.0000e+00
    174.545       4190     68.418 -106.98008   17.02054     68.000    18.3060    18.3043   4.539706   4.539376 6.7685e-01    12.3763     4.5317 1.5361e+01          0     4.5317     0.2256     1.5454     0.0000     4.5915     0.0000     2.4830     0.0000     1.5450    34.2892    34.2878    24.6551    24.6545     3.3975    103.617     44.330 0.0000e+00
    175.723       4218     69.424 -106.98008   17.02055     69.000    18.2494    18.2474   4.536834   4.536486 6.9436e-01    12.3788     4.5288 1.4338e+01          0     4.5288     0.2315     1.4953     0.0000     4.5928     0.0000     2.4531     0.0000     1.4949    34.3118    34.3105    24.6864    24.6860     3.2058     97.768     41.789 0.0000e+00
    177.753       4267     70.431 -106.98008   17.02055     70.000    18.2010    18.1980   4.532699   4.532208 7.3145e-01    12.3722     4.5364 1.3206e+01          0     4.5364     0.2438     1.4552     0.0000     4.5937     0.0000     2.4171     0.0000     1.4548    34.3169    34.3153    24.7024    24.7019     3.1860     97.164     41.495 0.0000e+00
    181.452       4356     71.437 -106.98008   17.02054     71.000    18.1466    18.1443   4.527783   4.527465 7.5684e-01    12.3717     4.5369 1.1696e+01          0     4.5369     0.2523     1.4269     0.0000     4.5959     0.0000     2.3649     0.0000     1.4265    34.3204    34.3196    24.7185    24.7185     3.1239     95.270     40.646 0.0000e+00
    183.681       4409     72.443 -106.98008   17.02054     72.000    18.0796    18.0794   4.521175   4.520959 7.0947e-01    12.3695     4.5394 1.0448e+01          0     4.5394     0.2365     1.4179     0.0000     4.5974     0.0000     2.3156     0.0000     1.4175    34.3200    34.3184    24.7348    24.7336     3.0928     94.317     40.189 0.0000e+00
    185.889       4462     73.449 -106.98006   17.02054     73.000    18.0116    18.0135   4.514600   4.514646 7.2907e-01    12.3693     4.5397 9.9745e+00          0     4.5397     0.2430     1.4023     0.0000     4.5996     0.0000     2.2955     0.0000     1.4018    34.3208    34.3196    24.7521    24.7507     3.0698     93.614     39.839 0.0000e+00
    187.824       4509     74.456 -106.98006   17.02054     74.000    17.8532    17.8508   4.497672   4.497314 6.1253e-01    12.3674     4.5418 9.0650e+00          0     4.5418     0.2042     1.3947     0.0000     4.6009     0.0000     2.2541     0.0000     1.3942    34.3093    34.3082    24.7821    24.7819     2.9591     90.238     38.286 0.0000e+00
    189.077       4539     75.462 -106.98006   17.02054     75.000    17.5597    17.5503   4.468267   4.467080 5.2550e-01    12.3897     4.5166 8.7343e+00          0     4.5166     0.1752     1.3472     0.0000     4.6024     0.0000     2.2379     0.0000     1.3467    34.3044    34.3022    24.8496    24.8501     2.5702     78.373     33.072 0.0000e+00
    190.114       4564     76.469 -106.98006   17.02056     76.000    17.2073    17.2032   4.438146   4.437816 4.8012e-01    12.3633     4.5465 8.2802e+00          0     4.5465     0.1600     1.2280     0.0000     4.6036     0.0000     2.2146     0.0000     1.2274    34.3429    34.3436    24.9637    24.9651     1.8867     57.525     24.118 0.0000e+00
    191.436       4595     77.475 -106.98006   17.02056     77.000    17.1462    17.1463   4.441121   4.440961 4.9595e-01    12.3583     4.5521 7.4390e+00          0     4.5521     0.1653     1.0803     0.0000     4.6049     0.0000     2.1678     0.0000     1.0797    34.4204    34.4190    25.0378    25.0366     1.6965     51.722     21.670 0.0000e+00
    194.912       4679     78.481 -106.98007   17.02055     78.000    17.2252    17.2010   4.445931   4.444796 5.3469e-01    12.3626     4.5473 6.9351e+00          0     4.5473     0.1782     1.0605     0.0000     4.6066     0.0000     2.1377     0.0000     1.0599    34.3944    34.4052    24.9990    25.0130     1.8946     57.764     24.237 0.0000e+00
    197.622       4744     79.488 -106.98008   17.02054     79.000    17.0142    17.0130   4.430884   4.430587 5.0083e-01    12.3546     4.5564 6.3731e+00          0     4.5564     0.1669     0.9510     0.0000     4.6077     0.0000     2.1009     0.0000     0.9502    34.4435    34.4419    25.0869    25.0859     1.4446     44.040     18.408 0.0000e+00
    199.763       4795     80.494 -106.98008   17.02054     80.000    16.9228    16.9193   4.422557   4.422176 4.2304e-01    12.3532     4.5579 5.8876e+00          0     4.5579     0.1410     0.9113     0.0000     4.6093     0.0000     2.0667     0.0000     0.9106    34.4489    34.4485    25.1126    25.1132     1.3057     39.804     16.610 0.0000e+00
    201.118       4828     81.500 -106.98008   17.02054     81.000    16.9205    16.9245   4.428260   4.428806 3.7042e-01    12.3533     4.5578 5.5027e+00          0     4.5578     0.1235     0.8455     0.0000     4.6105     0.0000     2.0372     0.0000     0.8447    34.5002    34.5015    25.1526    25.1526     0.8890     27.101     11.311 0.0000e+00
    202.449       4860     82.507 -106.98008   17.02055     82.000    16.9435    16.9413   4.435740   4.435459 3.9496e-01    12.3527     4.5584 5.0937e+00          0     4.5584     0.1316     0.7736     0.0000     4.6107     0.0000     2.0035     0.0000     0.7728    34.5453    34.5447    25.1818    25.1819     0.7977     24.317     10.157 0.0000e+00
    205.717       4938     83.513 -106.98008   17.02056     83.000    16.9420    16.9296   4.433630   4.432221 4.3513e-01    12.3517     4.5596 4.7335e+00          0     4.5596     0.1450     0.7512     0.0000     4.6119     0.0000     1.9720     0.0000     0.7503    34.5278    34.5262    25.1688    25.1704     0.8230     25.089     10.479 0.0000e+00
    207.525       4982     84.520 -106.98008   17.02056     84.000    16.7963    16.7914   4.425941   4.425412 3.1842e-01    12.3501     4.5614 4.3956e+00          0     4.5614     0.1061     0.6801     0.0000     4.6130     0.0000     1.9397     0.0000     0.6793    34.5856    34.5852    25.2475    25.2484     0.4052     12.352      5.147 0.0000e+00
    208.965       5016     85.526 -106.98008   17.02056     85.000    16.6015    16.5958   4.410403   4.409768 3.1706e-01    12.3483     4.5636 4.1758e+00          0     4.5636     0.1057     0.6244     0.0000     4.6138     0.0000     1.9174     0.0000     0.6235    34.6172    34.6166    25.3174    25.3183     0.2836      8.644      3.589 0.0000e+00
    211.010       5065     86.532 -106.98008   17.02056     86.000    16.3375    16.3252   4.386709   4.385180 3.6335e-01    12.3462     4.5659 3.8904e+00          0     4.5659     0.1211     0.5801     0.0000     4.6147     0.0000     1.8867     0.0000     0.5792    34.6370    34.6342    25.3939    25.3946     0.2031      6.191      2.558 0.0000e+00
    213.073       5115     87.539 -106.98008   17.02056     87.000    15.9550    15.9507   4.351212   4.350646 3.2009e-01    12.3423     4.5703 3.5844e+00          0     4.5703     0.1067     0.5560     0.0000     4.6160     0.0000     1.8510     0.0000     0.5550    34.6551    34.6538    25.4956    25.4956     0.1555      4.740      1.944 0.0000e+00
    215.310       5168     88.545 -106.98008   17.02056     88.000    15.8631    15.8619   4.343085   4.342718 2.7054e-01    12.3412     4.5716 3.2999e+00          0     4.5716     0.0902     0.5447     0.0000     4.6174     0.0000     1.8151     0.0000     0.5438    34.6627    34.6605    25.5224    25.5210     0.1466      4.467      1.829 0.0000e+00
    218.296       5240     89.552 -106.98008   17.02056     89.000    15.8020    15.8009   4.337307   4.336926 2.7665e-01    12.3408     4.5720 3.0649e+00          0     4.5720     0.0922     0.5407     0.0000     4.6189     0.0000     1.7831     0.0000     0.5398    34.6642    34.6617    25.5375    25.5358     0.1427      4.347      1.778 0.0000e+00
    220.409       5291     90.558 -106.98008   17.02056     90.000    15.6294    15.6272   4.321245   4.320908 2.0836e-01    12.3396     4.5734 2.8696e+00          0     4.5734     0.0695     0.5372     0.0000     4.6206     0.0000     1.7545     0.0000     0.5362    34.6715    34.6703    25.5820    25.5816     0.1211      3.690      1.504 0.0000e+00
    221.742       5323     91.564 -106.98008   17.02057     91.000    15.5636    15.5614   4.315507   4.315129 1.9024e-01    12.3388     4.5744 2.7201e+00          0     4.5744     0.0634     0.5333     0.0000     4.6213     0.0000     1.7313     0.0000     0.5323    34.6774    34.6759    25.6014    25.6007     0.1070      3.261      1.328 0.0000e+00
    223.244       5359     92.571 -106.98010   17.02058     92.000    15.5026    15.5008   4.310064   4.309719 2.3399e-01    12.3373     4.5761 2.5977e+00          0     4.5761     0.0780     0.5301     0.0000     4.6216     0.0000     1.7113     0.0000     0.5292    34.6817    34.6802    25.6184    25.6176     0.1023      3.116      1.267 0.0000e+00
