data/ctd-cnv/RR1804/Station32_cast44.cnv
* Sea-Bird SBE 9 Data File:
* FileName = C:\CTD\RR1805\Station32_cast44.hex
* Software Version Seasave V 7.26.6.26
* Temperature SN = 4307
* Conductivity SN = 4650
* Number of Bytes Per Scan = 44
* Number of Voltage Words = 5
* Number of Scans Averaged by the Deck Unit = 1
* NMEA Latitude = 16 55.62 N
* NMEA Longitude = 107 00.91 W
* NMEA UTC (Time) = Apr 15 2018 22:01:43
** Ship: Revell
** Station: 32 (P2)
** Operator: clara
** cast 44
# nquan = 32
# nvalues = 403                         
# units = specified
# name 0 = timeS: Time, Elapsed [seconds]
# name 1 = scan: Scan Count
# name 2 = prDM: Pressure, Digiquartz [db]
# name 3 = longitude: Longitude [deg]
# name 4 = latitude: Latitude [deg]
# name 5 = depSMignore: Depth [salt water, m]
# name 6 = t090C: Temperature [ITS-90, deg C]
# name 7 = t190C: Temperature, 2 [ITS-90, deg C]
# name 8 = c0S/m: Conductivity [S/m]
# name 9 = c1S/m: Conductivity, 2 [S/m]
# name 10 = flSP: Fluorescence, Seapoint
# name 11 = CStarAt0: Beam Attenuation, WET Labs C-Star [1/m]
# name 12 = CStarTr0: Beam Transmission, WET Labs C-Star [%]
# name 13 = par: PAR/Irradiance, Biospherical/Licor
# name 14 = modError: Modulo Error Count
# name 15 = v0: Voltage 0
# name 16 = v1: Voltage 1
# name 17 = v2: Voltage 2
# name 18 = v3: Voltage 3
# name 19 = v4: Voltage 4
# name 20 = v5: Voltage 5
# name 21 = v6: Voltage 6
# name 22 = v7: Voltage 7
# name 23 = sbeox0V: Oxygen raw, SBE 43 [V]
# name 24 = sal00: Salinity, Practical [PSU]
# name 25 = sal11: Salinity, Practical, 2 [PSU]
# name 26 = sigma-é00: Density [sigma-theta, kg/m^3]
# name 27 = sigma-é11: Density, 2 [sigma-theta, kg/m^3]
# name 28 = sbeox0Mg/L: Oxygen, SBE 43 [mg/l], WS = 2
# name 29 = sbox0Mm/Kg: Oxygen, SBE 43 [umol/kg], WS = 2
# name 30 = sbeox0PS: Oxygen, SBE 43 [% saturation], WS = 2
# name 31 = flag: flag
# span 0 =     30.233,    898.803       
# span 1 =        727,      21572       
# span 2 =      1.006,    405.805       
# span 3 = -107.01530, -107.01526       
# span 4 =   16.92704,   16.92708       
# span 5 =      1.000,    403.000       
# span 6 =     9.1273,    26.7446       
# span 7 =     9.1075,    26.7571       
# span 8 =   3.706915,   5.395344       
# span 9 =   3.705225,   5.667820       
# span 10 = 6.7864e-02, 1.5507e+00      
# span 11 =    12.0689,    15.1471      
# span 12 =     4.2167,     4.5865      
# span 13 = 5.0666e-02, 1.2650e+03      
# span 14 =          0,          0      
# span 15 =     4.2167,     4.5865      
# span 16 =     0.0226,     0.5169      
# span 17 =     0.5060,     2.8306      
# span 18 =     0.0000,     0.0000      
# span 19 =     0.4135,     4.7738      
# span 20 =     0.0000,     0.0000      
# span 21 =     0.0049,     4.0509      
# span 22 =     0.0000,     0.0000      
# span 23 =     0.5054,     2.8307      
# span 24 =    34.1898,    34.8036      
# span 25 =    34.1848,    36.2697      
# span 26 =    22.2657,    26.7956      
# span 27 =    22.3474,    26.7999      
# span 28 =     0.0302,     6.8003      
# span 29 =      0.920,    207.801      
# span 30 =      0.328,    102.062      
# span 31 = 0.0000e+00, 0.0000e+00      
# interval = meters: 1                  
# start_time = Apr 15 2018 22:02:18 [System UTC, first data scan.]
# bad_flag = -9.990e-29
*END*
[from data line 363]
    727.904      17471    366.499 -107.01530   16.92706    364.000     9.8271     9.8271   3.774190   3.774334 7.4274e-02    12.3306     4.5837 5.0671e-02          0     4.5837     0.0247     0.5071     0.0000     4.6431     0.0000     0.0049     0.0000     0.5064    34.6425    34.6440    26.7092    26.7104     0.0326      0.993      0.359 0.0000e+00
    728.659      17489    367.507 -107.01530   16.92706    365.000     9.8215     9.8218   3.773668   3.773841 7.3212e-02    12.3308     4.5834 5.0671e-02          0     4.5834     0.0244     0.5071     0.0000     4.6428     0.0000     0.0049     0.0000     0.5064    34.6421    34.6436    26.7099    26.7110     0.0338      1.028      0.372 0.0000e+00
    729.394      17506    368.515 -107.01530   16.92706    366.000     9.8140     9.8143   3.772985   3.773151 7.3260e-02    12.3307     4.5836 5.0671e-02          0     4.5836     0.0244     0.5070     0.0000     4.6254     0.0000     0.0049     0.0000     0.5063    34.6419    34.6433    26.7110    26.7121     0.0331      1.006      0.364 0.0000e+00
    730.114      17524    369.523 -107.01528   16.92706    367.000     9.8087     9.8090   3.772510   3.772671 7.4745e-02    12.3307     4.5836 5.0671e-02          0     4.5836     0.0249     0.5071     0.0000     4.6360     0.0000     0.0049     0.0000     0.5064    34.6416    34.6429    26.7117    26.7127     0.0331      1.008      0.364 0.0000e+00
    730.837      17541    370.531 -107.01528   16.92706    368.000     9.8029     9.8032   3.771991   3.772144 7.3495e-02    12.3307     4.5836 5.0671e-02          0     4.5836     0.0245     0.5070     0.0000     4.6387     0.0000     0.0049     0.0000     0.5063    34.6414    34.6428    26.7125    26.7136     0.0333      1.013      0.366 0.0000e+00
    731.633      17560    371.538 -107.01528   16.92706    369.000     9.7946     9.7948   3.771212   3.771381 7.3624e-02    12.3306     4.5837 5.0671e-02          0     4.5837     0.0245     0.5069     0.0000     4.6373     0.0000     0.0049     0.0000     0.5062    34.6409    34.6425    26.7136    26.7148     0.0345      1.049      0.379 0.0000e+00
    732.508      17581    372.546 -107.01528   16.92706    370.000     9.7903     9.7905   3.770840   3.771018 7.3758e-02    12.3305     4.5838 5.0671e-02          0     4.5838     0.0246     0.5071     0.0000     4.6326     0.0000     0.0049     0.0000     0.5064    34.6408    34.6424    26.7142    26.7155     0.0333      1.014      0.367 0.0000e+00
    733.450      17604    373.554 -107.01528   16.92706    371.000     9.7878     9.7881   3.770635   3.770830 7.4772e-02    12.3306     4.5838 5.0671e-02          0     4.5838     0.0249     0.5069     0.0000     4.5825     0.0000     0.0049     0.0000     0.5062    34.6407    34.6424    26.7146    26.7158     0.0347      1.057      0.382 0.0000e+00
    734.400      17627    374.561 -107.01530   16.92708    372.000     9.7740     9.7730   3.769274   3.769250 7.4365e-02    12.3305     4.5839 5.0671e-02          0     4.5839     0.0248     0.5072     0.0000     4.6340     0.0000     0.0049     0.0000     0.5065    34.6395    34.6402    26.7159    26.7167     0.0362      1.102      0.398 0.0000e+00
    735.335      17649    375.569 -107.01530   16.92708    373.000     9.7036     9.7027   3.762381   3.762424 7.4030e-02    12.3303     4.5841 5.0671e-02          0     4.5841     0.0247     0.5074     0.0000     4.6031     0.0000     0.0049     0.0000     0.5067    34.6359    34.6372    26.7249    26.7261     0.0353      1.074      0.387 0.0000e+00
    736.298      17672    376.577 -107.01530   16.92708    374.000     9.6799     9.6797   3.760078   3.760184 7.4055e-02    12.3303     4.5841 5.0671e-02          0     4.5841     0.0247     0.5071     0.0000     4.5384     0.0000     0.0049     0.0000     0.5064    34.6346    34.6359    26.7278    26.7289     0.0322      0.979      0.353 0.0000e+00
    737.347      17697    377.585 -107.01530   16.92708    375.000     9.6547     9.6542   3.757604   3.757692 7.3965e-02    12.3302     4.5842 5.0671e-02          0     4.5842     0.0246     0.5070     0.0000     4.5275     0.0000     0.0049     0.0000     0.5063    34.6329    34.6343    26.7307    26.7319     0.0338      1.028      0.371 0.0000e+00
    738.556      17726    378.593 -107.01530   16.92708    376.000     9.6390     9.6390   3.756119   3.756250 7.3694e-02    12.3303     4.5841 5.0671e-02          0     4.5841     0.0245     0.5069     0.0000     4.5272     0.0000     0.0049     0.0000     0.5062    34.6323    34.6336    26.7329    26.7340     0.0328      1.000      0.360 0.0000e+00
    740.518      17773    379.601 -107.01528   16.92706    377.000     9.6259     9.6254   3.754887   3.754939 7.4063e-02    12.3301     4.5843 5.0671e-02          0     4.5843     0.0247     0.5071     0.0000     4.5285     0.0000     0.0049     0.0000     0.5064    34.6317    34.6328    26.7346    26.7355     0.0342      1.041      0.375 0.0000e+00
    742.311      17816    380.608 -107.01528   16.92708    378.000     9.6114     9.6116   3.753497   3.753669 7.4866e-02    12.3298     4.5847 5.0671e-02          0     4.5847     0.0249     0.5070     0.0000     4.5597     0.0000     0.0049     0.0000     0.5063    34.6310    34.6325    26.7365    26.7377     0.0347      1.055      0.380 0.0000e+00
    743.261      17839    381.616 -107.01528   16.92708    379.000     9.6046     9.6049   3.752891   3.753074 7.4344e-02    12.3297     4.5848 5.0671e-02          0     4.5848     0.0248     0.5071     0.0000     4.5391     0.0000     0.0049     0.0000     0.5064    34.6308    34.6324    26.7375    26.7387     0.0341      1.037      0.374 0.0000e+00
    743.987      17857    382.624 -107.01528   16.92707    380.000     9.5969     9.5970   3.752169   3.752323 7.5793e-02    12.3298     4.5847 5.0671e-02          0     4.5847     0.0252     0.5071     0.0000     4.5280     0.0000     0.0049     0.0000     0.5064    34.6303    34.6318    26.7384    26.7396     0.0333      1.013      0.365 0.0000e+00
    744.629      17872    383.632 -107.01528   16.92706    381.000     9.5844     9.5845   3.750996   3.751146 7.5701e-02    12.3299     4.5846 5.0671e-02          0     4.5846     0.0252     0.5069     0.0000     4.5292     0.0000     0.0049     0.0000     0.5062    34.6297    34.6312    26.7400    26.7412     0.0341      1.037      0.373 0.0000e+00
    745.250      17887    384.639 -107.01528   16.92706    382.000     9.5712     9.5712   3.749737   3.749857 7.4237e-02    12.3297     4.5847 5.0671e-02          0     4.5847     0.0247     0.5072     0.0000     4.5492     0.0000     0.0049     0.0000     0.5065    34.6291    34.6303    26.7417    26.7427     0.0352      1.072      0.386 0.0000e+00
    745.896      17903    385.648 -107.01528   16.92706    383.000     9.5478     9.5476   3.747442   3.747545 7.4237e-02    12.3298     4.5846 5.0671e-02          0     4.5846     0.0247     0.5070     0.0000     4.5878     0.0000     0.0049     0.0000     0.5063    34.6274    34.6287    26.7443    26.7454     0.0346      1.054      0.379 0.0000e+00
    746.575      17919    386.656 -107.01528   16.92706    384.000     9.5207     9.5208   3.744789   3.744911 7.3656e-02    12.3296     4.5849 5.0671e-02          0     4.5849     0.0245     0.5072     0.0000     4.5870     0.0000     0.0049     0.0000     0.5065    34.6258    34.6269    26.7475    26.7484     0.0358      1.089      0.391 0.0000e+00
    747.336      17937    387.663 -107.01528   16.92706    385.000     9.4985     9.4986   3.742650   3.742790 7.4807e-02    12.3297     4.5848 5.0671e-02          0     4.5848     0.0249     0.5072     0.0000     4.5868     0.0000     0.0049     0.0000     0.5065    34.6247    34.6260    26.7503    26.7514     0.0353      1.076      0.386 0.0000e+00
    748.224      17958    388.671 -107.01527   16.92706    386.000     9.4752     9.4737   3.740364   3.740329 7.4331e-02    12.3296     4.5848 5.0671e-02          0     4.5848     0.0248     0.5073     0.0000     4.5870     0.0000     0.0049     0.0000     0.5066    34.6230    34.6241    26.7529    26.7540     0.0350      1.066      0.383 0.0000e+00
    749.547      17990    389.679 -107.01528   16.92706    387.000     9.4446     9.4434   3.737451   3.737479 7.4244e-02    12.3294     4.5852 5.0671e-02          0     4.5852     0.0247     0.5071     0.0000     4.5912     0.0000     0.0049     0.0000     0.5064    34.6220    34.6234    26.7571    26.7584     0.0335      1.019      0.366 0.0000e+00
    751.705      18042    390.687 -107.01528   16.92706    388.000     9.4401     9.4340   3.736862   3.736632 7.4325e-02    12.3295     4.5851 5.0671e-02          0     4.5851     0.0247     0.5070     0.0000     4.5771     0.0000     0.0049     0.0000     0.5063    34.6198    34.6233    26.7561    26.7598     0.0332      1.011      0.363 0.0000e+00
    752.942      18072    391.695 -107.01528   16.92706    389.000     9.4210     9.4212   3.735198   3.735379 7.4839e-02    12.3293     4.5853 5.0671e-02          0     4.5853     0.0249     0.5069     0.0000     4.5523     0.0000     0.0049     0.0000     0.5062    34.6206    34.6222    26.7599    26.7611     0.0349      1.061      0.381 0.0000e+00
    753.714      18090    392.702 -107.01528   16.92706    390.000     9.4044     9.4040   3.733523   3.733607 7.4334e-02    12.3295     4.5850 5.0671e-02          0     4.5850     0.0248     0.5071     0.0000     4.5898     0.0000     0.0049     0.0000     0.5064    34.6188    34.6200    26.7612    26.7623     0.0337      1.025      0.367 0.0000e+00
    754.363      18106    393.711 -107.01528   16.92706    391.000     9.3774     9.3774   3.730977   3.731114 7.4571e-02    12.3302     4.5841 5.0671e-02          0     4.5841     0.0248     0.5068     0.0000     4.6246     0.0000     0.0049     0.0000     0.5061    34.6180    34.6194    26.7651    26.7661     0.0338      1.028      0.368 0.0000e+00
    754.985      18121    394.718 -107.01528   16.92706    392.000     9.3542     9.3536   3.728727   3.728787 7.3941e-02    12.3300     4.5844 5.0671e-02          0     4.5844     0.0246     0.5072     0.0000     4.5636     0.0000     0.0049     0.0000     0.5065    34.6167    34.6179    26.7678    26.7689     0.0360      1.097      0.393 0.0000e+00
    755.673      18137    395.726 -107.01528   16.92706    393.000     9.3186     9.3181   3.725215   3.725286 7.4869e-02    12.3294     4.5851 5.0671e-02          0     4.5851     0.0249     0.5070     0.0000     4.5542     0.0000     0.0049     0.0000     0.5063    34.6142    34.6155    26.7717    26.7728     0.0336      1.022      0.366 0.0000e+00
    756.753      18163    396.734 -107.01528   16.92706    394.000     9.2907     9.2902   3.722529   3.722575 7.4599e-02    12.3294     4.5852 5.0671e-02          0     4.5852     0.0248     0.5070     0.0000     4.5541     0.0000     0.0049     0.0000     0.5063    34.6128    34.6138    26.7752    26.7760     0.0334      1.015      0.363 0.0000e+00
    758.487      18205    397.742 -107.01528   16.92708    395.000     9.2604     9.2596   3.719580   3.719576 7.4540e-02    12.3292     4.5854 5.0671e-02          0     4.5854     0.0248     0.5069     0.0000     4.5531     0.0000     0.0049     0.0000     0.5062    34.6111    34.6118    26.7787    26.7794     0.0336      1.024      0.366 0.0000e+00
    759.863      18238    398.750 -107.01528   16.92708    396.000     9.2254     9.2250   3.716178   3.716272 7.5038e-02    12.3293     4.5852 5.0671e-02          0     4.5852     0.0250     0.5068     0.0000     4.5539     0.0000     0.0049     0.0000     0.5061    34.6091    34.6105    26.7829    26.7840     0.0328      0.999      0.357 0.0000e+00
    760.960      18264    399.758 -107.01528   16.92708    397.000     9.2093     9.2092   3.714646   3.714770 7.3844e-02    12.3291     4.5855 5.0671e-02          0     4.5855     0.0246     0.5068     0.0000     4.5549     0.0000     0.0049     0.0000     0.5061    34.6083    34.6097    26.7849    26.7860     0.0333      1.014      0.362 0.0000e+00
    762.014      18289    400.766 -107.01528   16.92707    398.000     9.1865     9.1862   3.712441   3.712549 7.3824e-02    12.3288     4.5859 5.0671e-02          0     4.5859     0.0246     0.5068     0.0000     4.5549     0.0000     0.0049     0.0000     0.5061    34.6070    34.6084    26.7875    26.7887     0.0345      1.049      0.374 0.0000e+00
    763.306      18320    401.774 -107.01528   16.92706    399.000     9.1611     9.1604   3.709974   3.710040 7.3745e-02    12.3291     4.5855 5.0671e-02          0     4.5855     0.0246     0.5069     0.0000     4.5553     0.0000     0.0049     0.0000     0.5062    34.6055    34.6069    26.7905    26.7916     0.0329      1.003      0.358 0.0000e+00
    768.802      18452    402.782 -107.01528   16.92706    400.000     9.2078     9.2198   3.714769   3.716115 7.4488e-02    12.3290     4.5856 5.0671e-02          0     4.5856     0.0248     0.5067     0.0000     4.5521     0.0000     0.0049     0.0000     0.5060    34.6097    34.6121    26.7862    26.7861     0.0329      1.001      0.357 0.0000e+00
    774.357      18586    403.790 -107.01528   16.92706    401.000     9.1927     9.2060   3.713413   3.714749 7.3747e-02    12.3292     4.5854 5.0671e-02          0     4.5854     0.0246     0.5068     0.0000     4.5506     0.0000     0.0049     0.0000     0.5061    34.6097    34.6107    26.7887    26.7873     0.0330      1.005      0.359 0.0000e+00
    862.418      20699    404.798 -107.01527   16.92707    402.000     9.1273     9.1075   3.706915   3.705225 7.4804e-02    12.3283     4.5864 5.0692e-02          0     4.5864     0.0249     0.5062     0.0000     4.3868     0.0000     0.0051     0.0000     0.5055    34.6050    34.6065    26.7956    26.7999     0.0302      0.920      0.328 0.0000e+00
    898.803      21572    405.805 -107.01528   16.92708    403.000     9.1304     9.1283   3.707192   3.707121 7.5316e-02    12.3283     4.5865 5.0666e-02          0     4.5865     0.0251     0.5060     0.0000     4.7174     0.0000     0.0049     0.0000     0.5054    34.6044    34.6057    26.7946    26.7960     0.0331      1.006      0.359 0.0000e+00
