data/ctd-cnv/RR1804/Station32_cast49.cnv
* Sea-Bird SBE 9 Data File:
* FileName = C:\CTD\RR1805\Station32_cast49.hex
* Software Version Seasave V 7.26.6.26
* Temperature SN = 4307
* Conductivity SN = 4650
* Number of Bytes Per Scan = 44
* Number of Voltage Words = 5
* Number of Scans Averaged by the Deck Unit = 1
* NMEA Latitude = 16 59.75 N
* NMEA Longitude = 107 03.26 W
* NMEA UTC (Time) = Apr 18 2018 22:05:25
** Ship: Revell
** Station: 32 (P2)
** Operator: Clara
** cast 49
# nquan = 32
# nvalues = 202                         
# units = specified
# name 0 = timeS: Time, Elapsed [seconds]
# name 1 = scan: Scan Count
# name 2 = prDM: Pressure, Digiquartz [db]
# name 3 = longitude: Longitude [deg]
# name 4 = latitude: Latitude [deg]
# name 5 = depSMignore: Depth [salt water, m]
# name 6 = t090C: Temperature [ITS-90, deg C]
# name 7 = t190C: Temperature, 2 [ITS-90, deg C]
# name 8 = c0S/m: Conductivity [S/m]
# name 9 = c1S/m: Conductivity, 2 [S/m]
# name 10 = flSP: Fluorescence, Seapoint
# name 11 = CStarAt0: Beam Attenuation, WET Labs C-Star [1/m]
# name 12 = CStarTr0: Beam Transmission, WET Labs C-Star [%]
# name 13 = par: PAR/Irradiance, Biospherical/Licor
# name 14 = modError: Modulo Error Count
# name 15 = v0: Voltage 0
# name 16 = v1: Voltage 1
# name 17 = v2: Voltage 2
# name 18 = v3: Voltage 3
# name 19 = v4: Voltage 4
# name 20 = v5: Voltage 5
# name 21 = v6: Voltage 6
# name 22 = v7: Voltage 7
# name 23 = sbeox0V: Oxygen raw, SBE 43 [V]
# name 24 = sal00: Salinity, Practical [PSU]
# name 25 = sal11: Salinity, Practical, 2 [PSU]
# name 26 = sigma-é00: Density [sigma-theta, kg/m^3]
# name 27 = sigma-é11: Density, 2 [sigma-theta, kg/m^3]
# name 28 = sbeox0Mg/L: Oxygen, SBE 43 [mg/l], WS = 2
# name 29 = sbox0Mm/Kg: Oxygen, SBE 43 [umol/kg], WS = 2
# name 30 = sbeox0PS: Oxygen, SBE 43 [% saturation], WS = 2
# name 31 = flag: flag
# span 0 =     40.630,    656.692       
# span 1 =        976,      15762       
# span 2 =      1.006,    203.308       
# span 3 = -107.05448, -107.05444       
# span 4 =   16.99588,   16.99596       
# span 5 =      1.000,    202.000       
# span 6 =    11.9079,    27.2191       
# span 7 =    11.9045,    27.2221       
# span 8 =   3.976519,   5.442950       
# span 9 =   3.976387,   5.662647       
# span 10 = 6.0893e-02, 1.3422e+00      
# span 11 =    11.4185,    14.8409      
# span 12 =     4.1023,     4.6662      
# span 13 = 5.0662e-02, 5.7508e+02      
# span 14 =          0,          0      
# span 15 =     4.1023,     4.6662      
# span 16 =     0.0203,     0.4474      
# span 17 =     0.5074,     2.8850      
# span 18 =     0.0000,     0.0000      
# span 19 =     0.3366,     5.0539      
# span 20 =     0.0000,     0.0000      
# span 21 =     0.0048,     3.8346      
# span 22 =     0.0000,     0.0000      
# span 23 =     0.5066,     2.8850      
# span 24 =    34.1653,    34.8019      
# span 25 =    34.1592,    35.8830      
# span 26 =    22.0709,    26.4324      
# span 27 =    22.0699,    26.4345      
# span 28 =     0.0309,     6.9608      
# span 29 =      0.941,    212.638      
# span 30 =      0.356,    104.200      
# span 31 = 0.0000e+00, 0.0000e+00      
# interval = meters: 1                  
# start_time = Apr 18 2018 22:05:30 [System UTC, first data scan.]
# bad_flag = -9.990e-29
*END*
     40.630        976      1.006 -107.05448   16.99594      1.000    27.2079    27.2065   5.430519   5.662647 6.0893e-02    14.8409     4.1023 5.7508e+02          0     4.1023     0.0203     2.3560     0.0000     0.3366     0.0000     3.8346     0.0000     2.3560    34.2291    35.8830    22.0709    23.3168     5.3550    163.731     81.711 0.0000e+00
     57.966       1392      2.012 -107.05448   16.99594      2.000    27.2191    27.2221   5.442950   5.432939 9.7632e-02    11.4185     4.6662 1.6588e+02          0     4.6662     0.0325     2.8850     0.0000     5.0539     0.0000     3.7013     0.0000     2.8850    34.3087    34.2338    22.1274    22.0699     6.8246    208.654    104.200 0.0000e+00
     65.447       1572      3.018 -107.05448   16.99594      3.000    27.1870    27.1875   5.436033   5.447329 8.8311e-02    12.3747     4.5336 2.3810e+02          0     4.5336     0.0294     2.7411     0.0000     4.4670     0.0000     3.6708     0.0000     2.7412    34.2830    34.3628    22.1183    22.1782     6.4256    196.457     98.046 0.0000e+00
     70.729       1698      4.024 -107.05448   16.99595      4.000    27.1517    27.1632   5.433040   5.437297 9.3525e-02    12.3718     4.5368 2.2653e+02          0     4.5368     0.0311     2.7440     0.0000     4.5550     0.0000     3.6518     0.0000     2.7440    34.2874    34.3092    22.1330    22.1457     6.4386    196.851     98.189 0.0000e+00
     72.692       1746      5.030 -107.05448   16.99596      5.000    27.1925    27.1984   5.436358   5.439428 9.4653e-02    12.3718     4.5368 1.9615e+02          0     4.5368     0.0315     2.7436     0.0000     4.5549     0.0000     3.5890     0.0000     2.7436    34.2806    34.2981    22.1149    22.1262     6.4310    196.623     98.136 0.0000e+00
     74.441       1788      6.036 -107.05448   16.99596      6.000    27.1676    27.1587   5.434442   5.435887 9.9945e-02    12.3714     4.5373 1.7317e+02          0     4.5373     0.0333     2.7450     0.0000     4.5546     0.0000     3.5344     0.0000     2.7450    34.2850    34.3019    22.1263    22.1418     6.4367    196.796     98.185 0.0000e+00
     79.106       1900      7.042 -107.05447   16.99595      7.000    27.1596    27.1633   5.433837   5.435266 9.6828e-02    12.3722     4.5363 1.5324e+02          0     4.5363     0.0323     2.7412     0.0000     4.5545     0.0000     3.4821     0.0000     2.7412    34.2864    34.2938    22.1300    22.1343     6.4303    196.599     98.075 0.0000e+00
     82.357       1978      8.048 -107.05446   16.99594      8.000    27.1322    27.1384   5.431576   5.432875 9.7366e-02    12.3723     4.5362 1.5134e+02          0     4.5362     0.0325     2.7418     0.0000     4.5543     0.0000     3.4766     0.0000     2.7418    34.2902    34.2948    22.1416    22.1432     6.4436    197.004     98.236 0.0000e+00
     84.415       2027      9.054 -107.05446   16.99594      9.000    27.0807    27.0738   5.427767   5.427863 1.0393e-01    12.3725     4.5360 1.3659e+02          0     4.5360     0.0347     2.7488     0.0000     4.5544     0.0000     3.4317     0.0000     2.7488    34.3007    34.3065    22.1661    22.1726     6.4637    197.612     98.463 0.0000e+00
     90.777       2180     10.060 -107.05447   16.99594     10.000    27.0949    27.0871   5.428990   5.428830 1.0557e-01    12.3716     4.5370 1.2405e+02          0     4.5370     0.0352     2.7458     0.0000     4.5542     0.0000     3.3902     0.0000     2.7458    34.2987    34.3033    22.1601    22.1660     6.4497    197.188     98.273 0.0000e+00
     99.748       2395     11.066 -107.05446   16.99594     11.000    27.0571    27.0762   5.426357   5.427993 1.0236e-01    12.3722     4.5364 1.2096e+02          0     4.5364     0.0341     2.7475     0.0000     4.5528     0.0000     3.3793     0.0000     2.7475    34.3075    34.3051    22.1789    22.1709     6.4643    197.629     98.438 0.0000e+00
    148.409       3563     12.072 -107.05446   16.99594     12.000    27.1058    27.1136   5.429961   5.430792 1.0115e-01    12.3726     4.5359 1.1365e+02          0     4.5359     0.0337     2.7471     0.0000     4.5558     0.0000     3.3518     0.0000     2.7471    34.2970    34.2971    22.1555    22.1531     6.4579    197.439     98.414 0.0000e+00
    235.281       5648     13.078 -107.05446   16.99594     13.000    27.0472    27.0475   5.425533   5.425772 1.0339e-01    12.3728     4.5357 9.8928e+01          0     4.5357     0.0345     2.7464     0.0000     4.5573     0.0000     3.2923     0.0000     2.7464    34.3083    34.3099    22.1828    22.1839     6.4617    197.548     98.382 0.0000e+00
    230.129       5524     14.084 -107.05446   16.99594     14.000    26.9569    26.9337   5.418976   5.417435 1.1056e-01    12.3738     4.5346 9.2887e+01          0     4.5346     0.0369     2.7538     0.0000     4.5555     0.0000     3.2646     0.0000     2.7538    34.3281    34.3343    22.2265    22.2385     6.5105    199.031     98.987 0.0000e+00
    232.510       5581     15.090 -107.05446   16.99594     15.000    26.5856    26.6131   5.390664   5.392796 1.1425e-01    12.3738     4.5346 9.1106e+01          0     4.5346     0.0381     2.7734     0.0000     4.5554     0.0000     3.2562     0.0000     2.7734    34.4007    34.3955    22.3988    22.3863     6.6119    202.098     99.951 0.0000e+00
    234.715       5634     16.096 -107.05446   16.99594     16.000    26.0818    26.0718   5.346372   5.345601 1.1595e-01    12.3752     4.5330 8.6429e+01          0     4.5330     0.0387     2.7941     0.0000     4.5559     0.0000     3.2334     0.0000     2.7942    34.4575    34.4595    22.5998    22.6044     6.7272    205.582    100.874 0.0000e+00
    236.321       5673     17.102 -107.05446   16.99594     17.000    25.8712    25.8632   5.325904   5.325020 1.1944e-01    12.3764     4.5316 8.6210e+01          0     4.5316     0.0398     2.8070     0.0000     4.5568     0.0000     3.2322     0.0000     2.8071    34.4670    34.4666    22.6724    22.6746     6.7774    207.102    101.273 0.0000e+00
    239.726       5754     18.108 -107.05446   16.99594     18.000    25.9020    25.7327   5.330053   5.313684 1.2027e-01    12.3743     4.5340 8.2279e+01          0     4.5340     0.0401     2.8079     0.0000     4.5572     0.0000     3.2120     0.0000     2.8079    34.4738    34.4821    22.6680    22.7268     6.7718    206.930    101.243 0.0000e+00
    242.274       5816     19.115 -107.05446   16.99596     19.000    25.7342    25.7306   5.327621   5.327323 1.2805e-01    12.3754     4.5327 8.2028e+01          0     4.5327     0.0427     2.8139     0.0000     4.5574     0.0000     3.2107     0.0000     2.8139    34.5825    34.5830    22.8021    22.8036     6.7951    207.617    101.370 0.0000e+00
    244.926       5879     20.121 -107.05446   16.99596     20.000    25.4575    25.4585   5.295347   5.295462 1.1942e-01    12.3731     4.5354 7.9805e+01          0     4.5354     0.0398     2.8122     0.0000     4.5575     0.0000     3.1987     0.0000     2.8122    34.5558    34.5559    22.8672    22.8670     6.8313    208.708    101.418 0.0000e+00
    246.510       5917     21.127 -107.05446   16.99596     21.000    25.1251    25.1254   5.255542   5.255706 1.2455e-01    12.3743     4.5340 7.7735e+01          0     4.5340     0.0415     2.8144     0.0000     4.5579     0.0000     3.1873     0.0000     2.8145    34.5155    34.5164    22.9384    22.9391     6.8830    210.274    101.589 0.0000e+00
    248.976       5976     22.133 -107.05446   16.99595     22.000    24.9863    24.9840   5.235905   5.235544 1.2652e-01    12.3744     4.5339 7.6694e+01          0     4.5339     0.0422     2.8170     0.0000     4.5582     0.0000     3.1815     0.0000     2.8171    34.4758    34.4750    22.9507    22.9508     6.9013    210.830    101.595 0.0000e+00
    251.590       6039     23.139 -107.05446   16.99594     23.000    24.8984    24.8883   5.223124   5.221847 1.2878e-01    12.3747     4.5335 7.3776e+01          0     4.5335     0.0429     2.8147     0.0000     4.5587     0.0000     3.1646     0.0000     2.8147    34.4479    34.4462    22.9563    22.9581     6.9043    210.920    101.471 0.0000e+00
    254.229       6102     24.145 -107.05446   16.99594     24.000    24.7567    24.7540   5.204407   5.204265 1.3002e-01    12.3744     4.5338 7.1682e+01          0     4.5338     0.0433     2.8135     0.0000     4.5594     0.0000     3.1521     0.0000     2.8135    34.4169    34.4179    22.9758    22.9773     6.9274    211.622    101.546 0.0000e+00
    257.323       6177     25.151 -107.05446   16.99594     25.000    24.6982    24.6981   5.198563   5.198516 1.2978e-01    12.3760     4.5320 7.0343e+01          0     4.5320     0.0433     2.8123     0.0000     4.5600     0.0000     3.1439     0.0000     2.8124    34.4178    34.4176    22.9941    22.9940     6.9244    211.527    101.402 0.0000e+00
    259.260       6223     26.157 -107.05446   16.99594     26.000    24.6861    24.6843   5.198548   5.198252 1.3248e-01    12.3749     4.5333 6.9997e+01          0     4.5333     0.0442     2.8179     0.0000     2.4881     0.0000     3.1418     0.0000     2.8179    34.4267    34.4258    23.0045    23.0044     6.9608    212.638    101.919 0.0000e+00
    260.758       6259     27.163 -107.05446   16.99594     27.000    24.7310    24.7309   5.206436   5.206379 1.3826e-01    12.3770     4.5309 6.7517e+01          0     4.5309     0.0461     2.8185     0.0000     4.4945     0.0000     3.1261     0.0000     2.8185    34.4507    34.4503    23.0092    23.0090     6.9347    211.838    101.628 0.0000e+00
    264.253       6343     28.169 -107.05446   16.99593     28.000    24.7868    24.7877   5.215448   5.215579 1.4592e-01    12.3771     4.5308 6.5836e+01          0     4.5308     0.0486     2.8133     0.0000     4.5600     0.0000     3.1152     0.0000     2.8133    34.4747    34.4750    23.0106    23.0105     6.9215    211.435    101.546 0.0000e+00
    267.601       6423     29.175 -107.05446   16.99592     29.000    24.8003    24.8050   5.218519   5.219271 1.4619e-01    12.3793     4.5282 6.5480e+01          0     4.5282     0.0487     2.8156     0.0000     4.5593     0.0000     3.1128     0.0000     2.8157    34.4869    34.4888    23.0158    23.0159     6.9193    211.365    101.543 0.0000e+00
    268.940       6456     30.182 -107.05447   16.99592     30.000    24.7527    24.7497   5.212146   5.211787 1.4526e-01    12.3782     4.5295 6.4131e+01          0     4.5295     0.0484     2.8107     0.0000     4.5592     0.0000     3.1038     0.0000     2.8108    34.4756    34.4752    23.0217    23.0223     6.9189    211.353    101.449 0.0000e+00
    270.261       6487     31.188 -107.05448   16.99594     31.000    24.6230    24.6205   5.195545   5.195220 1.4440e-01    12.3769     4.5311 6.3568e+01          0     4.5311     0.0481     2.8134     0.0000     4.5592     0.0000     3.0999     0.0000     2.8134    34.4511    34.4505    23.0422    23.0426     6.9462    212.183    101.609 0.0000e+00
    273.468       6564     32.194 -107.05447   16.99593     32.000    24.6737    24.6713   5.207830   5.207931 1.5869e-01    12.3769     4.5310 6.4153e+01          0     4.5310     0.0529     2.8077     0.0000     4.5594     0.0000     3.1039     0.0000     2.8077    34.5034    34.5060    23.0666    23.0693     6.9156    211.242    101.280 0.0000e+00
    277.462       6660     33.200 -107.05446   16.99590     33.000    24.7111    24.7151   5.218550   5.218973 1.5193e-01    12.3796     4.5280 6.4721e+01          0     4.5280     0.0507     2.8122     0.0000     4.5596     0.0000     3.1077     0.0000     2.8123    34.5542    34.5542    23.0938    23.0927     6.9431    212.076    101.777 0.0000e+00
    279.060       6698     34.206 -107.05446   16.99590     34.000    24.6994    24.6993   5.219044   5.219039 1.5435e-01    12.3816     4.5257 6.5008e+01          0     4.5257     0.0515     2.8132     0.0000     4.5595     0.0000     3.1097     0.0000     2.8133    34.5665    34.5666    23.1068    23.1068     6.9224    211.444    101.461 0.0000e+00
    280.656       6737     35.212 -107.05446   16.99590     35.000    24.6720    24.6713   5.217767   5.217736 1.5918e-01    12.3809     4.5265 6.8142e+01          0     4.5265     0.0531     2.8122     0.0000     4.5597     0.0000     3.1301     0.0000     2.8122    34.5778    34.5781    23.1236    23.1240     6.9350    211.824    101.604 0.0000e+00
    282.914       6791     36.218 -107.05446   16.99590     36.000    24.6214    24.6170   5.214320   5.213912 1.6310e-01    12.3801     4.5274 6.5967e+01          0     4.5274     0.0544     2.8097     0.0000     4.5600     0.0000     3.1159     0.0000     2.8097    34.5906    34.5910    23.1485    23.1502     6.9224    211.432    101.339 0.0000e+00
    286.212       6870     37.224 -107.05446   16.99590     37.000    24.5613    24.5608   5.208572   5.208578 1.7333e-01    12.3816     4.5257 6.8930e+01          0     4.5257     0.0578     2.8084     0.0000     4.5605     0.0000     3.1349     0.0000     2.8085    34.5937    34.5941    23.1690    23.1694     6.9376    211.893    101.459 0.0000e+00
    289.279       6944     38.231 -107.05446   16.99590     38.000    24.5403    24.5391   5.206289   5.206163 1.7607e-01    12.3822     4.5250 7.2073e+01          0     4.5250     0.0587     2.8046     0.0000     4.5605     0.0000     3.1544     0.0000     2.8046    34.5925    34.5925    23.1745    23.1748     6.9124    211.123    101.054 0.0000e+00
    290.336       6969     39.237 -107.05446   16.99590     39.000    24.4913    24.4890   5.201329   5.201095 1.7405e-01    12.3834     4.5237 6.6712e+01          0     4.5237     0.0580     2.7996     0.0000     4.5601     0.0000     3.1209     0.0000     2.7996    34.5929    34.5929    23.1895    23.1902     6.9141    211.173    100.994 0.0000e+00
    291.646       7001     40.243 -107.05446   16.99590     40.000    24.3791    24.3763   5.191959   5.191601 1.8447e-01    12.3829     4.5242 6.7159e+01          0     4.5242     0.0615     2.7981     0.0000     4.5614     0.0000     3.1238     0.0000     2.7981    34.6090    34.6085    23.2353    23.2357     6.9234    211.445    100.944 0.0000e+00
    295.120       7084     41.249 -107.05446   16.99589     41.000    24.3092    24.3069   5.184793   5.184598 1.9361e-01    12.3814     4.5260 7.0725e+01          0     4.5260     0.0646     2.8025     0.0000     4.5628     0.0000     3.1462     0.0000     2.8026    34.6090    34.6093    23.2562    23.2571     6.9597    212.551    101.352 0.0000e+00
    297.480       7141     42.255 -107.05446   16.99590     42.000    24.2193    24.2189   5.173575   5.173467 1.9466e-01    12.3815     4.5258 7.1495e+01          0     4.5258     0.0649     2.7968     0.0000     4.5636     0.0000     3.1510     0.0000     2.7968    34.5940    34.5935    23.2716    23.2714     6.9089    210.995    100.447 0.0000e+00
    299.081       7179     43.262 -107.05446   16.99590     43.000    23.9902    23.9826   5.140814   5.139487 2.0071e-01    12.3816     4.5257 7.1656e+01          0     4.5257     0.0669     2.7748     0.0000     4.5643     0.0000     3.1520     0.0000     2.7749    34.5242    34.5200    23.2867    23.2857     6.8813    210.149     99.611 0.0000e+00
    300.968       7224     44.268 -107.05446   16.99590     44.000    23.6314    23.6289   5.093268   5.092772 2.1486e-01    12.3832     4.5239 7.1572e+01          0     4.5239     0.0716     2.7659     0.0000     4.5653     0.0000     3.1514     0.0000     2.7660    34.4425    34.4406    23.3304    23.3297     6.9338    211.745     99.704 0.0000e+00
    302.503       7261     45.274 -107.05446   16.99590     45.000    23.5713    23.5695   5.091890   5.091773 2.1560e-01    12.3845     4.5223 7.0757e+01          0     4.5223     0.0719     2.7631     0.0000     4.5664     0.0000     3.1464     0.0000     2.7632    34.4783    34.4789    23.3751    23.3761     6.9063    210.895     99.225 0.0000e+00
