data/ctd-cnv/RR1804/Station32_cast51.cnv
* Sea-Bird SBE 9 Data File:
* FileName = C:\CTD\RR1805\Station32_cast51.hex
* Software Version Seasave V 7.26.6.26
* Temperature SN = 4307
* Conductivity SN = 4650
* Number of Bytes Per Scan = 44
* Number of Voltage Words = 5
* Number of Scans Averaged by the Deck Unit = 1
* NMEA Latitude = 17 01.24 N
* NMEA Longitude = 106 58.79 W
* NMEA UTC (Time) = Apr 19 2018 06:07:15
** Ship: Revell
** Station: 32 (P2)
** Operator: Natalie
** cast51
# nquan = 32
# nvalues = 202                         
# units = specified
# name 0 = timeS: Time, Elapsed [seconds]
# name 1 = scan: Scan Count
# name 2 = prDM: Pressure, Digiquartz [db]
# name 3 = longitude: Longitude [deg]
# name 4 = latitude: Latitude [deg]
# name 5 = depSM: Depth [salt water, m]
# name 6 = t090C: Temperature [ITS-90, deg C]
# name 7 = t190C: Temperature, 2 [ITS-90, deg C]
# name 8 = c0S/m: Conductivity [S/m]
# name 9 = c1S/m: Conductivity, 2 [S/m]
# name 10 = flSP: Fluorescence, Seapoint
# name 11 = CStarAt0: Beam Attenuation, WET Labs C-Star [1/m]
# name 12 = CStarTr0: Beam Transmission, WET Labs C-Star [%]
# name 13 = par: PAR/Irradiance, Biospherical/Licor
# name 14 = modError: Modulo Error Count
# name 15 = v0: Voltage 0
# name 16 = v1: Voltage 1
# name 17 = v2: Voltage 2
# name 18 = v3: Voltage 3
# name 19 = v4: Voltage 4
# name 20 = v5: Voltage 5
# name 21 = v6: Voltage 6
# name 22 = v7: Voltage 7
# name 23 = sbeox0V: Oxygen raw, SBE 43 [V]
# name 24 = sal00: Salinity, Practical [PSU]
# name 25 = sal11: Salinity, Practical, 2 [PSU]
# name 26 = sigma-é00: Density [sigma-theta, kg/m^3]
# name 27 = sigma-é11: Density, 2 [sigma-theta, kg/m^3]
# name 28 = sbeox0Mg/L: Oxygen, SBE 43 [mg/l], WS = 2
# name 29 = sbox0Mm/Kg: Oxygen, SBE 43 [umol/kg], WS = 2
# name 30 = sbeox0PS: Oxygen, SBE 43 [% saturation], WS = 2
# name 31 = flag: flag
# span 0 =     -9.877,    504.058       
# span 1 =       -236,      12098       
# span 2 =      1.006,    203.307       
# span 3 = -106.98002, -106.97994       
# span 4 =   17.02053,   17.02068       
# span 5 =      1.000,    202.000       
# span 6 =    11.8802,    27.0659       
# span 7 =    11.8650,    27.0664       
# span 8 =   3.972954,   5.419763       
# span 9 =   3.971682,   5.420179       
# span 10 = 7.1207e-02, 1.4344e+00      
# span 11 =    12.3353,    12.4600      
# span 12 =     4.4379,     4.5783      
# span 13 = 5.0654e-02, 6.1462e-01      
# span 14 =          0,          0      
# span 15 =     4.4379,     4.5783      
# span 16 =     0.0237,     0.4781      
# span 17 =     0.5082,     2.8320      
# span 18 = -8.490e-07,     0.0000      
# span 19 =     3.7562,     4.7251      
# span 20 =     0.0000,     0.0000      
# span 21 =     0.0048,     1.1310      
# span 22 =     0.0000,     0.0000      
# span 23 =     0.5075,     2.8320      
# span 24 =    34.2304,    34.8033      
# span 25 =    34.2298,    34.8043      
# span 26 =    22.1320,    26.4310      
# span 27 =    22.1323,    26.4349      
# span 28 =     0.0347,     6.8726      
# span 29 =      1.055,    209.980      
# span 30 =      0.399,    102.418      
# span 31 = 0.0000e+00, 0.0000e+00      
# interval = meters: 1                  
# start_time = Apr 19 2018 06:07:20 [System UTC, first data scan.]
# bad_flag = -9.990e-29
*END*
[from data line 136]
    408.922       9815    137.865 -106.97996   17.02058    137.000    13.5449    13.5444   4.133773   4.133807 2.6878e-01    12.3507     4.5608 5.0671e-02          0     4.5608     0.0896     0.5104     0.0000     4.6485     0.0000     0.0049     0.0000     0.5096    34.7951    34.7959    26.1273    26.1281     0.0424      1.290      0.505 0.0000e+00
    409.916       9839    138.872 -106.97996   17.02058    138.000    13.5234    13.5238   4.131788   4.131872 2.6008e-01    12.3506     4.5609 5.0671e-02          0     4.5609     0.0867     0.5104     0.0000     4.6486     0.0000     0.0049     0.0000     0.5096    34.7955    34.7960    26.1322    26.1325     0.0426      1.298      0.508 0.0000e+00
    410.876       9862    139.878 -106.97997   17.02058    139.000    13.4779    13.4770   4.127508   4.127486 2.4462e-01    12.3505     4.5610 5.0671e-02          0     4.5610     0.0815     0.5104     0.0000     4.6485     0.0000     0.0049     0.0000     0.5096    34.7963    34.7969    26.1421    26.1428     0.0425      1.293      0.506 0.0000e+00
    412.161       9893    140.885 -106.97998   17.02058    140.000    13.4272    13.4258   4.122781   4.122716 2.2786e-01    12.3499     4.5618 5.0671e-02          0     4.5618     0.0760     0.5104     0.0000     4.6487     0.0000     0.0049     0.0000     0.5096    34.7975    34.7982    26.1535    26.1543     0.0420      1.280      0.500 0.0000e+00
    414.009       9937    141.892 -106.97998   17.02060    141.000    13.4029    13.4036   4.120582   4.120724 2.1902e-01    12.3494     4.5623 5.0671e-02          0     4.5623     0.0730     0.5103     0.0000     4.6347     0.0000     0.0049     0.0000     0.5095    34.7985    34.7992    26.1592    26.1596     0.0424      1.292      0.504 0.0000e+00
    415.589       9975    142.899 -106.97998   17.02060    142.000    13.3816    13.3802   4.118450   4.118451 2.0814e-01    12.3493     4.5624 5.0671e-02          0     4.5624     0.0694     0.5104     0.0000     4.6419     0.0000     0.0049     0.0000     0.5096    34.7975    34.7987    26.1628    26.1641     0.0423      1.289      0.503 0.0000e+00
    417.293      10016    143.905 -106.97998   17.02060    143.000    13.2429    13.2422   4.105406   4.105453 1.6927e-01    12.3480     4.5639 5.0671e-02          0     4.5639     0.0564     0.5103     0.0000     4.6444     0.0000     0.0049     0.0000     0.5095    34.8005    34.8015    26.1934    26.1943     0.0421      1.283      0.499 0.0000e+00
    418.984      10057    144.912 -106.97998   17.02060    144.000    13.2012    13.2012   4.101462   4.101579 1.5581e-01    12.3477     4.5642 5.0671e-02          0     4.5642     0.0519     0.5103     0.0000     4.6333     0.0000     0.0049     0.0000     0.5095    34.8009    34.8019    26.2021    26.2029     0.0424      1.291      0.502 0.0000e+00
    419.993      10081    145.918 -106.97998   17.02060    145.000    13.1664    13.1669   4.098255   4.098409 1.4622e-01    12.3482     4.5637 5.0671e-02          0     4.5637     0.0487     0.5102     0.0000     4.6236     0.0000     0.0049     0.0000     0.5094    34.8019    34.8028    26.2099    26.2106     0.0411      1.253      0.487 0.0000e+00
    420.854      10101    146.925 -106.97998   17.02060    146.000    13.1622    13.1625   4.097916   4.098051 1.4362e-01    12.3485     4.5634 5.0671e-02          0     4.5634     0.0479     0.5102     0.0000     4.6487     0.0000     0.0049     0.0000     0.5094    34.8021    34.8031    26.2110    26.2117     0.0416      1.267      0.492 0.0000e+00
    421.806      10124    147.932 -106.97999   17.02061    147.000    13.1528    13.1535   4.097063   4.097238 1.4259e-01    12.3479     4.5640 5.0671e-02          0     4.5640     0.0475     0.5102     0.0000     4.6493     0.0000     0.0049     0.0000     0.5094    34.8022    34.8032    26.2130    26.2136     0.0420      1.280      0.497 0.0000e+00
    423.064      10155    148.939 -106.98000   17.02062    148.000    13.1271    13.1269   4.094750   4.094831 1.3337e-01    12.3486     4.5632 5.0671e-02          0     4.5632     0.0445     0.5102     0.0000     4.6485     0.0000     0.0049     0.0000     0.5094    34.8033    34.8043    26.2191    26.2198     0.0419      1.276      0.495 0.0000e+00
    424.407      10187    149.945 -106.98000   17.02062    149.000    13.0935    13.0931   4.091376   4.091448 1.3002e-01    12.3476     4.5643 5.0671e-02          0     4.5643     0.0433     0.5102     0.0000     4.6491     0.0000     0.0049     0.0000     0.5094    34.8016    34.8027    26.2246    26.2255     0.0414      1.259      0.488 0.0000e+00
    425.824      10221    150.952 -106.98000   17.02062    150.000    13.0523    13.0525   4.087315   4.087428 1.2625e-01    12.3474     4.5645 5.0671e-02          0     4.5645     0.0421     0.5100     0.0000     4.6501     0.0000     0.0049     0.0000     0.5092    34.8005    34.8014    26.2320    26.2326     0.0413      1.256      0.487 0.0000e+00
    428.147      10277    151.959 -106.98000   17.02062    151.000    12.9937    12.9950   4.081383   4.081571 1.2099e-01    12.3473     4.5647 5.0671e-02          0     4.5647     0.0403     0.5101     0.0000     4.6499     0.0000     0.0049     0.0000     0.5093    34.7974    34.7979    26.2413    26.2415     0.0416      1.267      0.491 0.0000e+00
    429.653      10313    152.965 -106.98000   17.02062    152.000    12.9629    12.9627   4.078482   4.078560 1.1812e-01    12.3472     4.5648 5.0671e-02          0     4.5648     0.0394     0.5098     0.0000     4.6508     0.0000     0.0049     0.0000     0.5090    34.7976    34.7985    26.2477    26.2484     0.0388      1.183      0.458 0.0000e+00
    430.744      10339    153.972 -106.98000   17.02062    153.000    12.9524    12.9528   4.077472   4.077623 1.1839e-01    12.3473     4.5647 5.0671e-02          0     4.5647     0.0395     0.5097     0.0000     4.6514     0.0000     0.0049     0.0000     0.5089    34.7972    34.7982    26.2495    26.2503     0.0397      1.208      0.467 0.0000e+00
    431.957      10368    154.979 -106.98000   17.02062    154.000    12.9365    12.9368   4.075939   4.076081 1.1722e-01    12.3472     4.5647 5.0671e-02          0     4.5647     0.0391     0.5098     0.0000     4.6518     0.0000     0.0049     0.0000     0.5090    34.7967    34.7978    26.2523    26.2531     0.0418      1.274      0.492 0.0000e+00
    433.316      10401    155.986 -106.98000   17.02062    155.000    12.9111    12.9113   4.073587   4.073731 1.1292e-01    12.3480     4.5639 5.0671e-02          0     4.5639     0.0376     0.5099     0.0000     4.6520     0.0000     0.0049     0.0000     0.5091    34.7972    34.7984    26.2578    26.2587     0.0425      1.294      0.500 0.0000e+00
    434.509      10429    156.992 -106.98000   17.02062    156.000    12.8657    12.8649   4.069241   4.069292 1.0311e-01    12.3482     4.5636 5.0671e-02          0     4.5636     0.0344     0.5101     0.0000     4.6520     0.0000     0.0049     0.0000     0.5093    34.7971    34.7983    26.2668    26.2679     0.0414      1.261      0.487 0.0000e+00
    435.516      10453    157.999 -106.98000   17.02064    157.000    12.7941    12.7929   4.061995   4.061959 9.8345e-02    12.3467     4.5653 5.0671e-02          0     4.5653     0.0328     0.5099     0.0000     4.6521     0.0000     0.0049     0.0000     0.5091    34.7933    34.7940    26.2781    26.2789     0.0401      1.222      0.471 0.0000e+00
    436.582      10479    159.006 -106.98000   17.02064    158.000    12.7546    12.7544   4.057886   4.057973 9.9306e-02    12.3470     4.5650 5.0671e-02          0     4.5650     0.0331     0.5097     0.0000     4.6521     0.0000     0.0049     0.0000     0.5089    34.7899    34.7910    26.2833    26.2842     0.0403      1.226      0.472 0.0000e+00
    438.540      10526    160.013 -106.98000   17.02064    159.000    12.7155    12.7166   4.053958   4.054171 9.8548e-02    12.3467     4.5653 5.0671e-02          0     4.5653     0.0329     0.5097     0.0000     4.6473     0.0000     0.0049     0.0000     0.5089    34.7879    34.7890    26.2895    26.2901     0.0401      1.220      0.470 0.0000e+00
    440.437      10571    161.019 -106.98000   17.02064    160.000    12.6899    12.6902   4.051688   4.051828 9.3291e-02    12.3465     4.5656 5.0671e-02          0     4.5656     0.0311     0.5094     0.0000     4.6495     0.0000     0.0049     0.0000     0.5086    34.7893    34.7904    26.2957    26.2965     0.0394      1.199      0.461 0.0000e+00
    441.628      10600    162.026 -106.98000   17.02064    161.000    12.6655    12.6652   4.049181   4.049278 9.9215e-02    12.3468     4.5652 5.0671e-02          0     4.5652     0.0331     0.5096     0.0000     4.6463     0.0000     0.0049     0.0000     0.5088    34.7873    34.7885    26.2990    26.3000     0.0407      1.239      0.476 0.0000e+00
    442.876      10630    163.033 -106.98000   17.02064    162.000    12.6434    12.6433   4.046962   4.047092 9.2281e-02    12.3463     4.5658 5.0671e-02          0     4.5658     0.0307     0.5096     0.0000     4.6481     0.0000     0.0049     0.0000     0.5088    34.7860    34.7874    26.3023    26.3034     0.0397      1.209      0.465 0.0000e+00
    444.267      10663    164.040 -106.98000   17.02064    163.000    12.6065    12.6067   4.043206   4.043359 9.1437e-02    12.3462     4.5659 5.0671e-02          0     4.5659     0.0305     0.5094     0.0000     4.6416     0.0000     0.0049     0.0000     0.5086    34.7836    34.7849    26.3077    26.3087     0.0394      1.200      0.461 0.0000e+00
    445.463      10692    165.047 -106.98000   17.02064    164.000    12.5844    12.5841   4.040953   4.041058 8.9851e-02    12.3462     4.5659 5.0671e-02          0     4.5659     0.0299     0.5095     0.0000     4.6486     0.0000     0.0049     0.0000     0.5087    34.7819    34.7832    26.3108    26.3119     0.0410      1.248      0.479 0.0000e+00
    446.523      10718    166.053 -106.98000   17.02064    165.000    12.5144    12.5132   4.033841   4.033864 8.7098e-02    12.3466     4.5654 5.0671e-02          0     4.5654     0.0290     0.5096     0.0000     4.6502     0.0000     0.0049     0.0000     0.5088    34.7777    34.7791    26.3213    26.3226     0.0399      1.216      0.466 0.0000e+00
    447.851      10749    167.060 -106.98001   17.02064    166.000    12.4599    12.4597   4.028503   4.028647 8.4915e-02    12.3459     4.5662 5.0671e-02          0     4.5662     0.0283     0.5095     0.0000     4.6508     0.0000     0.0049     0.0000     0.5087    34.7763    34.7779    26.3308    26.3321     0.0396      1.205      0.461 0.0000e+00
    449.461      10788    168.067 -106.98002   17.02064    167.000    12.4118    12.4121   4.023855   4.024050 8.2574e-02    12.3455     4.5667 5.0671e-02          0     4.5667     0.0276     0.5094     0.0000     4.6505     0.0000     0.0049     0.0000     0.5086    34.7755    34.7771    26.3397    26.3408     0.0392      1.193      0.456 0.0000e+00
    450.759      10819    169.074 -106.98002   17.02064    168.000    12.4032    12.4036   4.023081   4.023268 8.1163e-02    12.3455     4.5667 5.0671e-02          0     4.5667     0.0271     0.5092     0.0000     4.6527     0.0000     0.0049     0.0000     0.5084    34.7757    34.7770    26.3414    26.3424     0.0390      1.186      0.454 0.0000e+00
    451.865      10846    170.080 -106.98002   17.02064    169.000    12.3962    12.3974   4.022421   4.022696 8.0967e-02    12.3455     4.5667 5.0671e-02          0     4.5667     0.0270     0.5093     0.0000     4.6525     0.0000     0.0049     0.0000     0.5085    34.7753    34.7768    26.3426    26.3435     0.0391      1.191      0.455 0.0000e+00
    453.247      10879    171.087 -106.98002   17.02064    170.000    12.3939    12.3945   4.022242   4.022453 8.0777e-02    12.3450     4.5673 5.0671e-02          0     4.5673     0.0270     0.5092     0.0000     4.6532     0.0000     0.0049     0.0000     0.5084    34.7753    34.7768    26.3430    26.3441     0.0388      1.182      0.452 0.0000e+00
    455.273      10928    172.094 -106.98002   17.02064    171.000    12.3899    12.3906   4.021891   4.022123 8.0822e-02    12.3450     4.5674 5.0671e-02          0     4.5674     0.0270     0.5092     0.0000     4.6534     0.0000     0.0049     0.0000     0.5084    34.7752    34.7767    26.3437    26.3448     0.0392      1.194      0.457 0.0000e+00
    456.784      10964    173.101 -106.98000   17.02064    172.000    12.3858    12.3863   4.021550   4.021747 8.0581e-02    12.3452     4.5671 5.0671e-02          0     4.5671     0.0269     0.5092     0.0000     4.6530     0.0000     0.0049     0.0000     0.5084    34.7752    34.7767    26.3446    26.3456     0.0388      1.182      0.452 0.0000e+00
    457.895      10990    174.108 -106.98000   17.02064    173.000    12.3673    12.3667   4.019644   4.019741 8.0724e-02    12.3456     4.5666 5.0671e-02          0     4.5666     0.0269     0.5092     0.0000     4.6535     0.0000     0.0049     0.0000     0.5084    34.7735    34.7750    26.3469    26.3482     0.0393      1.198      0.458 0.0000e+00
    459.091      11019    175.115 -106.98000   17.02064    174.000    12.3319    12.3315   4.016119   4.016259 7.8748e-02    12.3451     4.5672 5.0671e-02          0     4.5672     0.0262     0.5092     0.0000     4.6535     0.0000     0.0049     0.0000     0.5084    34.7719    34.7735    26.3525    26.3539     0.0389      1.184      0.452 0.0000e+00
    460.453      11052    176.121 -106.98002   17.02064    175.000    12.3114    12.3115   4.014139   4.014313 7.7845e-02    12.3445     4.5679 5.0671e-02          0     4.5679     0.0259     0.5092     0.0000     4.6538     0.0000     0.0049     0.0000     0.5084    34.7713    34.7729    26.3561    26.3573     0.0391      1.189      0.454 0.0000e+00
    461.616      11080    177.128 -106.98002   17.02064    176.000    12.2870    12.2871   4.012151   4.012328 7.6202e-02    12.3444     4.5680 5.0671e-02          0     4.5680     0.0254     0.5091     0.0000     4.6544     0.0000     0.0049     0.0000     0.5084    34.7742    34.7758    26.3630    26.3643     0.0386      1.175      0.448 0.0000e+00
    462.592      11103    178.135 -106.98002   17.02064    177.000    12.2758    12.2761   4.011116   4.011309 7.6421e-02    12.3444     4.5680 5.0671e-02          0     4.5680     0.0254     0.5092     0.0000     4.6544     0.0000     0.0049     0.0000     0.5084    34.7742    34.7757    26.3652    26.3664     0.0397      1.209      0.461 0.0000e+00
    463.636      11128    179.142 -106.98002   17.02064    178.000    12.2658    12.2653   4.010047   4.010166 7.6172e-02    12.3457     4.5665 5.0671e-02          0     4.5665     0.0254     0.5092     0.0000     4.6545     0.0000     0.0049     0.0000     0.5084    34.7726    34.7742    26.3659    26.3673     0.0385      1.171      0.447 0.0000e+00
    465.312      11168    180.149 -106.98001   17.02064    179.000    12.2357    12.2361   4.006887   4.007118 7.5874e-02    12.3442     4.5682 5.0671e-02          0     4.5682     0.0253     0.5092     0.0000     4.6544     0.0000     0.0049     0.0000     0.5084    34.7695    34.7714    26.3694    26.3708     0.0392      1.192      0.454 0.0000e+00
    467.212      11214    181.156 -106.98000   17.02064    180.000    12.2258    12.2265   4.005930   4.006183 7.5344e-02    12.3443     4.5681 5.0671e-02          0     4.5681     0.0251     0.5091     0.0000     4.6542     0.0000     0.0049     0.0000     0.5083    34.7690    34.7708    26.3710    26.3722     0.0382      1.164      0.444 0.0000e+00
    468.516      11245    182.162 -106.98000   17.02064    181.000    12.2147    12.2149   4.004853   4.005039 7.5663e-02    12.3443     4.5681 5.0671e-02          0     4.5681     0.0252     0.5092     0.0000     4.6541     0.0000     0.0049     0.0000     0.5084    34.7685    34.7701    26.3727    26.3739     0.0394      1.200      0.457 0.0000e+00
