data/ctd-cnv/RR1804/Station32_cast58.cnv
* Sea-Bird SBE 9 Data File:
* FileName = C:\CTD\RR1805\Station32_cast58.hex
* Software Version Seasave V 7.26.6.26
* Temperature SN = 4307
* Conductivity SN = 4650
* Number of Bytes Per Scan = 44
* Number of Voltage Words = 5
* Number of Scans Averaged by the Deck Unit = 1
* NMEA Latitude = 17 02.96 N
* NMEA Longitude = 107 01.04 W
* NMEA UTC (Time) = Apr 20 2018 22:34:17
** Ship: Revell
** Station: On Deck
** Operator: GR
** cast 58 station P2
# nquan = 32
# nvalues = 596                         
# units = specified
# name 0 = timeS: Time, Elapsed [seconds]
# name 1 = scan: Scan Count
# name 2 = prDM: Pressure, Digiquartz [db]
# name 3 = longitude: Longitude [deg]
# name 4 = latitude: Latitude [deg]
# name 5 = depSM: Depth [salt water, m]
# name 6 = t090C: Temperature [ITS-90, deg C]
# name 7 = t190C: Temperature, 2 [ITS-90, deg C]
# name 8 = c0S/m: Conductivity [S/m]
# name 9 = c1S/m: Conductivity, 2 [S/m]
# name 10 = flSP: Fluorescence, Seapoint
# name 11 = CStarAt0: Beam Attenuation, WET Labs C-Star [1/m]
# name 12 = CStarTr0: Beam Transmission, WET Labs C-Star [%]
# name 13 = par: PAR/Irradiance, Biospherical/Licor
# name 14 = modError: Modulo Error Count
# name 15 = v0: Voltage 0
# name 16 = v1: Voltage 1
# name 17 = v2: Voltage 2
# name 18 = v3: Voltage 3
# name 19 = v4: Voltage 4
# name 20 = v5: Voltage 5
# name 21 = v6: Voltage 6
# name 22 = v7: Voltage 7
# name 23 = sbeox0V: Oxygen raw, SBE 43 [V]
# name 24 = sal00: Salinity, Practical [PSU]
# name 25 = sal11: Salinity, Practical, 2 [PSU]
# name 26 = sigma-é00: Density [sigma-theta, kg/m^3]
# name 27 = sigma-é11: Density, 2 [sigma-theta, kg/m^3]
# name 28 = sbeox0Mg/L: Oxygen, SBE 43 [mg/l], WS = 2
# name 29 = sbox0Mm/Kg: Oxygen, SBE 43 [umol/kg], WS = 2
# name 30 = sbeox0PS: Oxygen, SBE 43 [% saturation], WS = 2
# name 31 = flag: flag
# span 0 =     49.176,    848.781       
# span 1 =       1181,      20372       
# span 2 =      7.042,    606.487       
# span 3 = -107.01744, -107.01740       
# span 4 =   17.04940,   17.04946       
# span 5 =      7.000,    602.000       
# span 6 =     6.8764,    26.7468       
# span 7 =     6.8771,    26.7499       
# span 8 =   3.502420,   5.403907       
# span 9 =   3.502655,   5.404412       
# span 10 = 7.1323e-02, 9.4802e-01      
# span 11 =    12.3312,    12.4003      
# span 12 =     4.5046,     4.5831      
# span 13 = 5.0664e-02, 1.3258e+02      
# span 14 =          0,          0      
# span 15 =     4.5046,     4.5831      
# span 16 =     0.0238,     0.3160      
# span 17 =     0.5060,     2.8159      
# span 18 = -7.855e-07,     0.0000      
# span 19 =     3.1028,     4.6047      
# span 20 =     0.0000,     0.0000      
# span 21 =     0.0048,     3.4190      
# span 22 =     0.0000,     0.0000      
# span 23 =     0.5053,     2.8159      
# span 24 =    34.1143,    34.8007      
# span 25 =    34.1126,    34.8014      
# span 26 =    22.3304,    27.0807      
# span 27 =    22.3304,    27.0821      
# span 28 =     0.0324,     6.9440      
# span 29 =      0.985,    212.059      
# span 30 =      0.337,    101.686      
# span 31 = 0.0000e+00, 0.0000e+00      
# interval = meters: 1                  
# start_time = Apr 20 2018 22:34:22 [System UTC, first data scan.]
# bad_flag = -9.990e-29
*END*
[from data line 499]
    715.903      17183    509.653 -107.01742   17.04944    506.000     7.8113     7.8112   3.585321   3.585538 7.3441e-02    12.3333     4.5807 5.1524e-02          0     4.5807     0.0245     0.5068     0.0000     4.5922     0.0000     0.0119     0.0000     0.5061    34.5570    34.5594    26.9614    26.9634     0.0352      1.071      0.371 0.0000e+00
    716.672      17201    510.662 -107.01742   17.04944    507.000     7.7888     7.7874   3.583142   3.583203 7.4062e-02    12.3331     4.5809 5.0703e-02          0     4.5809     0.0247     0.5068     0.0000     4.5923     0.0000     0.0052     0.0000     0.5061    34.5553    34.5573    26.9634    26.9652     0.0347      1.056      0.365 0.0000e+00
    717.465      17220    511.670 -107.01742   17.04944    508.000     7.7453     7.7450   3.579134   3.579323 7.3454e-02    12.3329     4.5811 5.0671e-02          0     4.5811     0.0245     0.5068     0.0000     4.5929     0.0000     0.0049     0.0000     0.5061    34.5547    34.5570    26.9693    26.9712     0.0358      1.091      0.377 0.0000e+00
    718.424      17243    512.679 -107.01742   17.04944    509.000     7.7342     7.7343   3.578129   3.578360 7.4234e-02    12.3331     4.5809 5.0842e-02          0     4.5809     0.0247     0.5069     0.0000     4.5933     0.0000     0.0063     0.0000     0.5062    34.5544    34.5567    26.9707    26.9725     0.0347      1.057      0.365 0.0000e+00
    719.583      17271    513.687 -107.01742   17.04944    510.000     7.7259     7.7261   3.577375   3.577610 7.4270e-02    12.3331     4.5809 5.0671e-02          0     4.5809     0.0247     0.5067     0.0000     4.5927     0.0000     0.0049     0.0000     0.5060    34.5540    34.5563    26.9716    26.9734     0.0342      1.041      0.359 0.0000e+00
    720.721      17298    514.695 -107.01742   17.04944    511.000     7.7168     7.7169   3.576555   3.576780 7.4286e-02    12.3338     4.5801 5.0671e-02          0     4.5801     0.0247     0.5067     0.0000     4.5929     0.0000     0.0049     0.0000     0.5060    34.5537    34.5560    26.9727    26.9745     0.0348      1.060      0.366 0.0000e+00
    721.714      17322    515.704 -107.01741   17.04944    512.000     7.7078     7.7080   3.575758   3.575996 7.5040e-02    12.3328     4.5813 5.0671e-02          0     4.5813     0.0250     0.5067     0.0000     4.5935     0.0000     0.0049     0.0000     0.5060    34.5535    34.5558    26.9739    26.9757     0.0339      1.033      0.356 0.0000e+00
    722.563      17343    516.712 -107.01740   17.04944    513.000     7.7018     7.7021   3.575234   3.575511 7.3574e-02    12.3328     4.5812 5.0671e-02          0     4.5812     0.0245     0.5067     0.0000     4.5928     0.0000     0.0049     0.0000     0.5060    34.5533    34.5560    26.9746    26.9767     0.0350      1.067      0.368 0.0000e+00
    723.331      17361    517.721 -107.01742   17.04944    514.000     7.6954     7.6957   3.574676   3.574922 7.3476e-02    12.3328     4.5812 5.0671e-02          0     4.5812     0.0245     0.5067     0.0000     4.5928     0.0000     0.0049     0.0000     0.5060    34.5532    34.5555    26.9755    26.9773     0.0352      1.071      0.369 0.0000e+00
    724.078      17379    518.729 -107.01742   17.04944    515.000     7.6895     7.6898   3.574168   3.574412 7.4410e-02    12.3328     4.5812 5.0671e-02          0     4.5812     0.0248     0.5068     0.0000     4.5935     0.0000     0.0049     0.0000     0.5061    34.5530    34.5553    26.9762    26.9780     0.0358      1.088      0.375 0.0000e+00
    724.912      17399    519.738 -107.01742   17.04943    516.000     7.6776     7.6775   3.573050   3.573241 7.4102e-02    12.3329     4.5811 5.0766e-02          0     4.5811     0.0247     0.5068     0.0000     4.5939     0.0000     0.0057     0.0000     0.5061    34.5523    34.5545    26.9774    26.9791     0.0360      1.096      0.378 0.0000e+00
    726.113      17428    520.746 -107.01742   17.04942    517.000     7.6439     7.6424   3.569886   3.569981 7.3296e-02    12.3329     4.5811 5.0723e-02          0     4.5811     0.0244     0.5068     0.0000     4.5937     0.0000     0.0053     0.0000     0.5061    34.5511    34.5535    26.9813    26.9835     0.0353      1.073      0.370 0.0000e+00
    727.532      17462    521.755 -107.01742   17.04942    518.000     7.6184     7.6183   3.567525   3.567745 7.4245e-02    12.3328     4.5812 5.0671e-02          0     4.5812     0.0247     0.5068     0.0000     4.5941     0.0000     0.0049     0.0000     0.5061    34.5503    34.5527    26.9844    26.9863     0.0346      1.052      0.362 0.0000e+00
    728.703      17490    522.763 -107.01742   17.04942    519.000     7.6024     7.6022   3.566055   3.566250 7.5103e-02    12.3328     4.5812 5.0716e-02          0     4.5812     0.0250     0.5067     0.0000     4.5945     0.0000     0.0053     0.0000     0.5060    34.5498    34.5521    26.9863    26.9881     0.0353      1.074      0.370 0.0000e+00
    729.714      17514    523.772 -107.01741   17.04942    520.000     7.5832     7.5830   3.564318   3.564503 7.4339e-02    12.3333     4.5807 5.0755e-02          0     4.5807     0.0248     0.5068     0.0000     4.5946     0.0000     0.0056     0.0000     0.5061    34.5496    34.5518    26.9889    26.9907     0.0360      1.097      0.377 0.0000e+00
    730.714      17538    524.780 -107.01740   17.04942    521.000     7.5568     7.5564   3.561884   3.562054 7.4146e-02    12.3329     4.5811 5.0758e-02          0     4.5811     0.0247     0.5068     0.0000     4.5947     0.0000     0.0056     0.0000     0.5061    34.5489    34.5511    26.9922    26.9940     0.0355      1.081      0.372 0.0000e+00
    731.858      17566    525.789 -107.01740   17.04942    522.000     7.5348     7.5350   3.559873   3.560116 7.3913e-02    12.3327     4.5813 5.1755e-02          0     4.5813     0.0246     0.5068     0.0000     4.5948     0.0000     0.0139     0.0000     0.5061    34.5485    34.5509    26.9950    26.9969     0.0347      1.054      0.362 0.0000e+00
    733.023      17594    526.798 -107.01740   17.04942    523.000     7.5228     7.5232   3.558826   3.559082 7.4406e-02    12.3326     4.5814 5.0686e-02          0     4.5814     0.0248     0.5068     0.0000     4.5956     0.0000     0.0050     0.0000     0.5061    34.5486    34.5509    26.9968    26.9986     0.0352      1.070      0.368 0.0000e+00
    734.010      17617    527.806 -107.01740   17.04942    524.000     7.5179     7.5189   3.558423   3.558739 7.5340e-02    12.3327     4.5813 5.0778e-02          0     4.5813     0.0251     0.5067     0.0000     4.5955     0.0000     0.0058     0.0000     0.5060    34.5486    34.5510    26.9976    26.9993     0.0346      1.052      0.362 0.0000e+00
    734.854      17638    528.815 -107.01740   17.04942    525.000     7.5179     7.5187   3.558491   3.558787 7.3874e-02    12.3328     4.5812 5.0852e-02          0     4.5812     0.0246     0.5067     0.0000     4.5948     0.0000     0.0064     0.0000     0.5060    34.5488    34.5513    26.9977    26.9996     0.0352      1.072      0.368 0.0000e+00
    735.623      17656    529.823 -107.01740   17.04942    526.000     7.5158     7.5163   3.558344   3.558605 7.3262e-02    12.3328     4.5812 5.0850e-02          0     4.5812     0.0244     0.5068     0.0000     4.5947     0.0000     0.0064     0.0000     0.5061    34.5489    34.5512    26.9981    26.9999     0.0355      1.080      0.371 0.0000e+00
    736.390      17674    530.832 -107.01740   17.04942    527.000     7.5145     7.5150   3.558273   3.558538 7.3850e-02    12.3325     4.5815 5.1688e-02          0     4.5815     0.0246     0.5067     0.0000     4.5947     0.0000     0.0134     0.0000     0.5060    34.5489    34.5512    26.9983    27.0001     0.0342      1.041      0.358 0.0000e+00
    737.204      17694    531.840 -107.01740   17.04942    528.000     7.5123     7.5131   3.558105   3.558387 7.4478e-02    12.3327     4.5814 5.1917e-02          0     4.5814     0.0248     0.5067     0.0000     4.5948     0.0000     0.0152     0.0000     0.5060    34.5488    34.5511    26.9985    27.0003     0.0344      1.047      0.360 0.0000e+00
    738.100      17715    532.849 -107.01742   17.04942    529.000     7.4892     7.4891   3.555958   3.556148 7.4688e-02    12.3328     4.5813 5.1385e-02          0     4.5813     0.0249     0.5066     0.0000     4.5949     0.0000     0.0108     0.0000     0.5059    34.5480    34.5501    27.0013    27.0029     0.0343      1.043      0.358 0.0000e+00
    739.170      17741    533.857 -107.01742   17.04942    530.000     7.4733     7.4733   3.554529   3.554747 7.4313e-02    12.3329     4.5811 5.1616e-02          0     4.5811     0.0247     0.5067     0.0000     4.5946     0.0000     0.0128     0.0000     0.5060    34.5478    34.5501    27.0034    27.0052     0.0355      1.079      0.371 0.0000e+00
    740.517      17773    534.866 -107.01742   17.04942    531.000     7.4611     7.4614   3.553449   3.553694 7.3562e-02    12.3327     4.5813 5.1002e-02          0     4.5813     0.0245     0.5067     0.0000     4.5950     0.0000     0.0077     0.0000     0.5060    34.5477    34.5500    27.0051    27.0069     0.0345      1.048      0.360 0.0000e+00
    741.894      17806    535.875 -107.01742   17.04942    532.000     7.4507     7.4506   3.552513   3.552730 7.4519e-02    12.3325     4.5815 5.0671e-02          0     4.5815     0.0248     0.5067     0.0000     4.5955     0.0000     0.0049     0.0000     0.5060    34.5474    34.5498    27.0063    27.0082     0.0355      1.080      0.370 0.0000e+00
    743.119      17836    536.883 -107.01742   17.04940    533.000     7.4336     7.4336   3.550965   3.551192 7.5021e-02    12.3325     4.5815 5.0860e-02          0     4.5815     0.0250     0.5068     0.0000     4.5956     0.0000     0.0065     0.0000     0.5061    34.5472    34.5496    27.0086    27.0105     0.0363      1.106      0.379 0.0000e+00
    744.219      17862    537.892 -107.01742   17.04940    534.000     7.3998     7.3990   3.547787   3.547902 7.4308e-02    12.3327     4.5813 5.0665e-02          0     4.5813     0.0247     0.5069     0.0000     4.5951     0.0000     0.0049     0.0000     0.5062    34.5457    34.5477    27.0122    27.0139     0.0356      1.082      0.371 0.0000e+00
    745.179      17885    538.901 -107.01742   17.04942    535.000     7.3602     7.3602   3.544198   3.544398 7.4053e-02    12.3322     4.5819 5.0856e-02          0     4.5819     0.0247     0.5068     0.0000     4.5950     0.0000     0.0065     0.0000     0.5061    34.5456    34.5478    27.0177    27.0195     0.0347      1.055      0.361 0.0000e+00
    746.046      17906    539.909 -107.01742   17.04942    536.000     7.3482     7.3484   3.543127   3.543355 7.3634e-02    12.3322     4.5819 5.0689e-02          0     4.5819     0.0245     0.5067     0.0000     4.5952     0.0000     0.0050     0.0000     0.5060    34.5455    34.5477    27.0194    27.0211     0.0352      1.072      0.367 0.0000e+00
    746.871      17926    540.918 -107.01742   17.04942    537.000     7.3378     7.3380   3.542203   3.542433 7.3626e-02    12.3324     4.5817 5.1115e-02          0     4.5817     0.0245     0.5068     0.0000     4.5954     0.0000     0.0086     0.0000     0.5061    34.5453    34.5476    27.0207    27.0225     0.0359      1.092      0.374 0.0000e+00
    747.706      17946    541.926 -107.01742   17.04942    538.000     7.3272     7.3274   3.541251   3.541479 7.3626e-02    12.3324     4.5817 5.0683e-02          0     4.5817     0.0245     0.5067     0.0000     4.5959     0.0000     0.0050     0.0000     0.5060    34.5450    34.5472    27.0220    27.0237     0.0353      1.075      0.368 0.0000e+00
    748.550      17966    542.935 -107.01742   17.04942    539.000     7.3171     7.3173   3.540341   3.540571 7.4888e-02    12.3322     4.5819 5.0664e-02          0     4.5819     0.0249     0.5068     0.0000     4.5966     0.0000     0.0048     0.0000     0.5061    34.5446    34.5469    27.0231    27.0249     0.0351      1.067      0.365 0.0000e+00
    749.403      17987    543.943 -107.01742   17.04942    540.000     7.3041     7.3043   3.539158   3.539390 7.3458e-02    12.3325     4.5816 5.0671e-02          0     4.5816     0.0245     0.5066     0.0000     4.5959     0.0000     0.0049     0.0000     0.5059    34.5441    34.5465    27.0246    27.0264     0.0345      1.050      0.359 0.0000e+00
    750.245      18007    544.952 -107.01742   17.04942    541.000     7.2947     7.2950   3.538337   3.538577 7.3798e-02    12.3325     4.5816 5.0671e-02          0     4.5816     0.0246     0.5067     0.0000     4.5961     0.0000     0.0049     0.0000     0.5060    34.5441    34.5464    27.0259    27.0277     0.0362      1.101      0.376 0.0000e+00
    751.113      18028    545.960 -107.01742   17.04942    542.000     7.2860     7.2863   3.537546   3.537772 7.3267e-02    12.3324     4.5817 5.0671e-02          0     4.5817     0.0244     0.5069     0.0000     4.5960     0.0000     0.0049     0.0000     0.5062    34.5437    34.5458    27.0268    27.0284     0.0353      1.073      0.367 0.0000e+00
    752.137      18052    546.969 -107.01742   17.04940    543.000     7.2719     7.2718   3.536249   3.536468 7.4816e-02    12.3334     4.5805 5.0671e-02          0     4.5805     0.0249     0.5066     0.0000     4.5960     0.0000     0.0049     0.0000     0.5059    34.5432    34.5456    27.0284    27.0303     0.0342      1.042      0.356 0.0000e+00
    753.671      18089    547.978 -107.01742   17.04940    544.000     7.2624     7.2629   3.535436   3.535688 7.3410e-02    12.3323     4.5819 5.1465e-02          0     4.5819     0.0244     0.5066     0.0000     4.5960     0.0000     0.0114     0.0000     0.5059    34.5433    34.5455    27.0298    27.0315     0.0351      1.070      0.366 0.0000e+00
    755.318      18129    548.987 -107.01742   17.04940    545.000     7.2536     7.2537   3.534658   3.534898 7.4218e-02    12.3319     4.5822 5.1256e-02          0     4.5822     0.0247     0.5066     0.0000     4.5964     0.0000     0.0098     0.0000     0.5059    34.5431    34.5456    27.0309    27.0328     0.0343      1.044      0.356 0.0000e+00
    756.398      18155    549.995 -107.01742   17.04940    546.000     7.2444     7.2448   3.533882   3.534131 7.3566e-02    12.3322     4.5820 5.0672e-02          0     4.5820     0.0245     0.5067     0.0000     4.5959     0.0000     0.0049     0.0000     0.5060    34.5432    34.5456    27.0323    27.0342     0.0354      1.077      0.368 0.0000e+00
    757.225      18174    551.004 -107.01742   17.04940    547.000     7.2392     7.2396   3.533488   3.533752 7.4476e-02    12.3322     4.5819 5.0671e-02          0     4.5819     0.0248     0.5065     0.0000     4.5957     0.0000     0.0049     0.0000     0.5058    34.5437    34.5461    27.0334    27.0353     0.0334      1.016      0.347 0.0000e+00
    757.988      18193    552.012 -107.01742   17.04940    548.000     7.2310     7.2308   3.532773   3.532966 7.4797e-02    12.3324     4.5817 5.0671e-02          0     4.5817     0.0249     0.5066     0.0000     4.5963     0.0000     0.0049     0.0000     0.5059    34.5436    34.5458    27.0345    27.0363     0.0341      1.038      0.355 0.0000e+00
    758.828      18213    553.021 -107.01742   17.04940    549.000     7.2034     7.2031   3.530259   3.530425 7.4921e-02    12.3319     4.5823 5.0671e-02          0     4.5823     0.0249     0.5065     0.0000     4.5970     0.0000     0.0049     0.0000     0.5058    34.5432    34.5453    27.0381    27.0397     0.0356      1.082      0.369 0.0000e+00
