data/ctd-cnv/RR1804/Station32_cast42.cnv
* Sea-Bird SBE 9 Data File:
* FileName = C:\CTD\RR1805\Station32_cast42t.hex
* Software Version Seasave V 7.26.6.26
* Temperature SN = 4307
* Conductivity SN = 4650
* Number of Bytes Per Scan = 44
* Number of Voltage Words = 5
* Number of Scans Averaged by the Deck Unit = 1
* NMEA Latitude = 16 54.02 N
* NMEA Longitude = 107 00.03 W
* NMEA UTC (Time) = Apr 15 2018 05:12:33
** Ship: Revell
** Station: 32
** Operator: clara
# nquan = 32
# nvalues = 994                         
# units = specified
# name 0 = timeS: Time, Elapsed [seconds]
# name 1 = scan: Scan Count
# name 2 = prDM: Pressure, Digiquartz [db]
# name 3 = longitude: Longitude [deg]
# name 4 = latitude: Latitude [deg]
# name 5 = depSMignore: Depth [salt water, m]
# name 6 = t090C: Temperature [ITS-90, deg C]
# name 7 = t190C: Temperature, 2 [ITS-90, deg C]
# name 8 = c0S/m: Conductivity [S/m]
# name 9 = c1S/m: Conductivity, 2 [S/m]
# name 10 = flSP: Fluorescence, Seapoint
# name 11 = CStarAt0: Beam Attenuation, WET Labs C-Star [1/m]
# name 12 = CStarTr0: Beam Transmission, WET Labs C-Star [%]
# name 13 = par: PAR/Irradiance, Biospherical/Licor
# name 14 = modError: Modulo Error Count
# name 15 = v0: Voltage 0
# name 16 = v1: Voltage 1
# name 17 = v2: Voltage 2
# name 18 = v3: Voltage 3
# name 19 = v4: Voltage 4
# name 20 = v5: Voltage 5
# name 21 = v6: Voltage 6
# name 22 = v7: Voltage 7
# name 23 = sbeox0V: Oxygen raw, SBE 43 [V]
# name 24 = sal00: Salinity, Practical [PSU]
# name 25 = sal11: Salinity, Practical, 2 [PSU]
# name 26 = sigma-é00: Density [sigma-theta, kg/m^3]
# name 27 = sigma-é11: Density, 2 [sigma-theta, kg/m^3]
# name 28 = sbeox0Mg/L: Oxygen, SBE 43 [mg/l], WS = 2
# name 29 = sbox0Mm/Kg: Oxygen, SBE 43 [umol/kg], WS = 2
# name 30 = sbeox0PS: Oxygen, SBE 43 [% saturation], WS = 2
# name 31 = flag: flag
# span 0 =     28.406,   1243.806       
# span 1 =        683,      29852       
# span 2 =     10.060,   1011.449       
# span 3 = -107.00064, -107.00060       
# span 4 =   16.90046,   16.90051       
# span 5 =     10.000,   1003.000       
# span 6 =     4.5800,    26.6528       
# span 7 =     4.5786,    26.6528       
# span 8 =   3.313859,   5.408445       
# span 9 =   3.313826,   5.408760       
# span 10 = 7.0734e-02, 1.6953e+00      
# span 11 =    12.3200,    12.4396      
# span 12 =     4.4605,     4.5959      
# span 13 = 5.0649e-02, 6.5138e-02      
# span 14 =          0,          0      
# span 15 =     4.4605,     4.5959      
# span 16 =     0.0236,     0.5651      
# span 17 =     0.5044,     2.7895      
# span 18 =     0.0000,     0.0000      
# span 19 =     2.7611,     4.7291      
# span 20 =     0.0000,     0.0000      
# span 21 =     0.0047,     0.1148      
# span 22 =     0.0000,     0.0000      
# span 23 =     0.5039,     2.7895      
# span 24 =    34.2248,    34.8071      
# span 25 =    34.2218,    34.8073      
# span 26 =    22.4214,    27.3741      
# span 27 =    22.4222,    27.3751      
# span 28 =     0.0244,     6.8098      
# span 29 =      0.743,    208.017      
# span 30 =      0.247,    100.563      
# span 31 = 0.0000e+00, 0.0000e+00      
# interval = meters: 1                  
# start_time = Apr 15 2018 05:13:02 [System UTC, first data scan.]
# bad_flag = -9.990e-29
*END*
[from data line 272]
    511.747      12283    283.879 -107.00062   16.90048    282.000    10.8508    10.8504   3.872644   3.872778 7.3405e-02    12.3337     4.5802 5.0671e-02          0     4.5802     0.0244     0.5060     0.0000     4.6014     0.0000     0.0049     0.0000     0.5053    34.7006    34.7024    26.5755    26.5769     0.0274      0.834      0.308 0.0000e+00
    512.693      12306    284.887 -107.00062   16.90048    283.000    10.8398    10.8402   3.871592   3.871816 7.3075e-02    12.3341     4.5798 5.0671e-02          0     4.5798     0.0243     0.5057     0.0000     4.6028     0.0000     0.0049     0.0000     0.5050    34.7001    34.7019    26.5770    26.5784     0.0254      0.775      0.287 0.0000e+00
    513.540      12326    285.894 -107.00062   16.90048    284.000    10.8327    10.8328   3.870907   3.871081 7.3264e-02    12.3342     4.5796 5.0671e-02          0     4.5796     0.0244     0.5057     0.0000     4.6047     0.0000     0.0049     0.0000     0.5050    34.6995    34.7012    26.5779    26.5792     0.0277      0.842      0.312 0.0000e+00
    514.416      12347    286.901 -107.00062   16.90048    285.000    10.8176    10.8171   3.869415   3.869540 7.3111e-02    12.3342     4.5797 5.0671e-02          0     4.5797     0.0244     0.5057     0.0000     4.6024     0.0000     0.0049     0.0000     0.5051    34.6985    34.7001    26.5798    26.5811     0.0285      0.868      0.321 0.0000e+00
    515.418      12371    287.909 -107.00062   16.90048    286.000    10.7989    10.7988   3.867569   3.867727 7.3420e-02    12.3341     4.5798 5.0671e-02          0     4.5798     0.0245     0.5057     0.0000     4.6007     0.0000     0.0049     0.0000     0.5051    34.6972    34.6989    26.5822    26.5834     0.0268      0.816      0.302 0.0000e+00
    516.511      12397    288.916 -107.00062   16.90048    287.000    10.7738    10.7734   3.865074   3.865222 7.3395e-02    12.3336     4.5803 5.0671e-02          0     4.5803     0.0244     0.5057     0.0000     4.5708     0.0000     0.0049     0.0000     0.5051    34.6956    34.6974    26.5854    26.5869     0.0272      0.829      0.306 0.0000e+00
    517.551      12422    289.924 -107.00063   16.90048    288.000    10.7578    10.7582   3.863531   3.863746 7.3412e-02    12.3335     4.5804 5.0671e-02          0     4.5804     0.0244     0.5056     0.0000     4.5533     0.0000     0.0049     0.0000     0.5050    34.6948    34.6965    26.5876    26.5889     0.0271      0.825      0.305 0.0000e+00
    518.532      12446    290.931 -107.00064   16.90048    289.000    10.7434    10.7432   3.862133   3.862281 7.3261e-02    12.3339     4.5800 5.0671e-02          0     4.5800     0.0244     0.5057     0.0000     4.5714     0.0000     0.0049     0.0000     0.5051    34.6940    34.6956    26.5896    26.5909     0.0286      0.871      0.321 0.0000e+00
    519.588      12471    291.938 -107.00063   16.90048    290.000    10.7332    10.7327   3.861162   3.861292 7.3260e-02    12.3337     4.5803 5.0671e-02          0     4.5803     0.0244     0.5058     0.0000     4.5795     0.0000     0.0049     0.0000     0.5052    34.6934    34.6952    26.5909    26.5924     0.0276      0.839      0.310 0.0000e+00
    521.108      12508    292.946 -107.00062   16.90048    291.000    10.7233    10.7236   3.860219   3.860421 7.3260e-02    12.3338     4.5801 5.0671e-02          0     4.5801     0.0244     0.5056     0.0000     4.5954     0.0000     0.0049     0.0000     0.5050    34.6929    34.6946    26.5923    26.5936     0.0268      0.817      0.301 0.0000e+00
    523.163      12557    293.953 -107.00062   16.90048    292.000    10.7185    10.7189   3.859800   3.860020 7.3355e-02    12.3335     4.5805 5.0671e-02          0     4.5805     0.0244     0.5057     0.0000     4.5926     0.0000     0.0049     0.0000     0.5051    34.6928    34.6947    26.5932    26.5945     0.0274      0.834      0.308 0.0000e+00
    524.364      12586    294.961 -107.00062   16.90048    293.000    10.7081    10.7081   3.858799   3.858991 7.3261e-02    12.3334     4.5806 5.0671e-02          0     4.5806     0.0244     0.5056     0.0000     4.5672     0.0000     0.0049     0.0000     0.5050    34.6922    34.6941    26.5945    26.5960     0.0283      0.862      0.318 0.0000e+00
    525.225      12606    295.968 -107.00062   16.90048    294.000    10.6793    10.6786   3.855892   3.855993 7.3463e-02    12.3333     4.5807 5.0671e-02          0     4.5807     0.0245     0.5057     0.0000     4.5607     0.0000     0.0049     0.0000     0.5051    34.6899    34.6916    26.5978    26.5993     0.0286      0.872      0.322 0.0000e+00
    525.934      12623    296.975 -107.00062   16.90048    295.000    10.6527    10.6528   3.853344   3.853520 7.3261e-02    12.3330     4.5810 5.0671e-02          0     4.5810     0.0244     0.5059     0.0000     4.5412     0.0000     0.0049     0.0000     0.5053    34.6891    34.6907    26.6020    26.6032     0.0287      0.872      0.321 0.0000e+00
    526.564      12639    297.983 -107.00062   16.90048    296.000    10.6439    10.6443   3.852503   3.852715 7.3260e-02    12.3337     4.5801 5.0671e-02          0     4.5801     0.0244     0.5058     0.0000     4.5641     0.0000     0.0049     0.0000     0.5052    34.6885    34.6903    26.6031    26.6044     0.0291      0.886      0.326 0.0000e+00
    527.150      12653    298.990 -107.00062   16.90048    297.000    10.6330    10.6329   3.851403   3.851571 7.3260e-02    12.3333     4.5806 5.0671e-02          0     4.5806     0.0244     0.5059     0.0000     4.5740     0.0000     0.0049     0.0000     0.5053    34.6873    34.6891    26.6041    26.6055     0.0292      0.888      0.327 0.0000e+00
    527.716      12666    299.998 -107.00062   16.90048    298.000    10.6086    10.6083   3.848969   3.849146 7.3260e-02    12.3327     4.5813 5.0671e-02          0     4.5813     0.0244     0.5060     0.0000     4.6120     0.0000     0.0049     0.0000     0.5054    34.6856    34.6876    26.6071    26.6087     0.0275      0.838      0.309 0.0000e+00
    528.258      12679    301.005 -107.00062   16.90048    299.000    10.5817    10.5815   3.846261   3.846455 7.3260e-02    12.3327     4.5814 5.0671e-02          0     4.5814     0.0244     0.5058     0.0000     4.6098     0.0000     0.0049     0.0000     0.5052    34.6834    34.6856    26.6101    26.6119     0.0268      0.814      0.300 0.0000e+00
    528.829      12693    302.012 -107.00062   16.90048    300.000    10.5393    10.5390   3.842110   3.842320 7.3260e-02    12.3325     4.5816 5.0671e-02          0     4.5816     0.0244     0.5058     0.0000     4.6105     0.0000     0.0049     0.0000     0.5052    34.6815    34.6838    26.6161    26.6180     0.0275      0.836      0.307 0.0000e+00
    529.456      12708    303.020 -107.00062   16.90048    301.000    10.5237    10.5238   3.840640   3.840874 7.3260e-02    12.3320     4.5822 5.0671e-02          0     4.5822     0.0244     0.5056     0.0000     4.6117     0.0000     0.0049     0.0000     0.5050    34.6810    34.6832    26.6185    26.6202     0.0264      0.805      0.296 0.0000e+00
    530.271      12728    304.027 -107.00062   16.90048    302.000    10.5104    10.5104   3.839385   3.839564 7.3260e-02    12.3321     4.5821 5.0671e-02          0     4.5821     0.0244     0.5056     0.0000     4.6117     0.0000     0.0049     0.0000     0.5050    34.6805    34.6823    26.6205    26.6219     0.0268      0.816      0.300 0.0000e+00
    533.138      12796    305.035 -107.00062   16.90048    303.000    10.5371    10.5397   3.842137   3.842585 7.3260e-02    12.3327     4.5814 5.0671e-02          0     4.5814     0.0244     0.5055     0.0000     4.6109     0.0000     0.0049     0.0000     0.5049    34.6825    34.6845    26.6173    26.6185     0.0273      0.832      0.306 0.0000e+00
    536.259      12871    306.042 -107.00062   16.90048    304.000    10.5352    10.5392   3.841962   3.842558 7.2973e-02    12.3326     4.5815 5.0671e-02          0     4.5815     0.0243     0.5058     0.0000     4.6117     0.0000     0.0049     0.0000     0.5052    34.6821    34.6842    26.6174    26.6183     0.0282      0.860      0.316 0.0000e+00
    536.990      12889    307.050 -107.00062   16.90048    305.000    10.4915    10.4928   3.837752   3.838054 7.3046e-02    12.3330     4.5810 5.0671e-02          0     4.5810     0.0243     0.5056     0.0000     4.6123     0.0000     0.0049     0.0000     0.5050    34.6807    34.6825    26.6240    26.6252     0.0280      0.853      0.313 0.0000e+00
    537.662      12905    308.057 -107.00062   16.90048    306.000    10.4789    10.4791   3.836519   3.836715 7.3272e-02    12.3318     4.5824 5.0671e-02          0     4.5824     0.0244     0.5057     0.0000     4.6118     0.0000     0.0049     0.0000     0.5051    34.6798    34.6816    26.6255    26.6268     0.0311      0.948      0.348 0.0000e+00
    538.240      12919    309.065 -107.00062   16.90048    307.000    10.4667    10.4669   3.835344   3.835563 7.3260e-02    12.3316     4.5827 5.0671e-02          0     4.5827     0.0244     0.5063     0.0000     4.5515     0.0000     0.0049     0.0000     0.5057    34.6790    34.6811    26.6270    26.6286     0.0321      0.976      0.358 0.0000e+00
    538.797      12932    310.072 -107.00062   16.90048    308.000    10.4264    10.4259   3.831245   3.831358 7.3260e-02    12.3315     4.5827 5.0671e-02          0     4.5827     0.0244     0.5059     0.0000     4.6063     0.0000     0.0049     0.0000     0.5053    34.6755    34.6772    26.6314    26.6328     0.0281      0.855      0.314 0.0000e+00
    539.340      12945    311.080 -107.00062   16.90048    309.000    10.3737    10.3732   3.825999   3.826187 7.3260e-02    12.3314     4.5828 5.0671e-02          0     4.5828     0.0244     0.5063     0.0000     4.6117     0.0000     0.0049     0.0000     0.5057    34.6723    34.6746    26.6380    26.6399     0.0297      0.905      0.331 0.0000e+00
    539.873      12958    312.087 -107.00062   16.90048    310.000    10.3387    10.3389   3.822591   3.822903 7.3802e-02    12.3312     4.5830 5.0671e-02          0     4.5830     0.0246     0.5057     0.0000     4.6094     0.0000     0.0049     0.0000     0.5051    34.6707    34.6736    26.6429    26.6451     0.0276      0.840      0.307 0.0000e+00
    540.410      12971    313.095 -107.00062   16.90048    311.000    10.3187    10.3182   3.820516   3.820709 7.3544e-02    12.3310     4.5832 5.0671e-02          0     4.5832     0.0245     0.5060     0.0000     4.6075     0.0000     0.0049     0.0000     0.5054    34.6683    34.6707    26.6445    26.6465     0.0296      0.901      0.330 0.0000e+00
    541.006      12985    314.102 -107.00062   16.90048    312.000    10.2832    10.2831   3.817047   3.817223 7.3490e-02    12.3307     4.5836 5.0671e-02          0     4.5836     0.0245     0.5061     0.0000     4.6078     0.0000     0.0049     0.0000     0.5055    34.6666    34.6684    26.6493    26.6507     0.0285      0.866      0.317 0.0000e+00
    541.807      13004    315.110 -107.00062   16.90048    313.000    10.2536    10.2532   3.814155   3.814288 7.3730e-02    12.3308     4.5834 5.0671e-02          0     4.5834     0.0246     0.5057     0.0000     4.6065     0.0000     0.0049     0.0000     0.5051    34.6650    34.6667    26.6532    26.6546     0.0257      0.782      0.285 0.0000e+00
    542.983      13033    316.117 -107.00062   16.90048    314.000    10.2390    10.2390   3.812733   3.812910 7.3275e-02    12.3308     4.5835 5.0671e-02          0     4.5835     0.0244     0.5055     0.0000     4.6058     0.0000     0.0049     0.0000     0.5049    34.6641    34.6659    26.6550    26.6564     0.0267      0.814      0.297 0.0000e+00
    544.542      13070    317.125 -107.00062   16.90048    315.000    10.2322    10.2325   3.812132   3.812324 7.3651e-02    12.3308     4.5835 5.0671e-02          0     4.5835     0.0245     0.5055     0.0000     4.6055     0.0000     0.0049     0.0000     0.5049    34.6640    34.6657    26.6561    26.6574     0.0273      0.829      0.303 0.0000e+00
    546.029      13106    318.132 -107.00062   16.90048    316.000    10.2255    10.2256   3.811543   3.811725 7.4197e-02    12.3307     4.5836 5.0671e-02          0     4.5836     0.0247     0.5055     0.0000     4.5924     0.0000     0.0049     0.0000     0.5049    34.6640    34.6657    26.6573    26.6587     0.0273      0.830      0.303 0.0000e+00
    547.549      13142    319.140 -107.00062   16.90048    317.000    10.2126    10.2128   3.810337   3.810536 7.3653e-02    12.3309     4.5834 5.0671e-02          0     4.5834     0.0245     0.5055     0.0000     4.5695     0.0000     0.0049     0.0000     0.5049    34.6636    34.6654    26.6592    26.6607     0.0276      0.840      0.306 0.0000e+00
    549.097      13179    320.147 -107.00062   16.90048    318.000    10.2007    10.2007   3.809201   3.809381 7.3563e-02    12.3305     4.5838 5.0671e-02          0     4.5838     0.0245     0.5055     0.0000     4.5740     0.0000     0.0049     0.0000     0.5049    34.6629    34.6647    26.6608    26.6622     0.0271      0.825      0.301 0.0000e+00
    550.345      13209    321.155 -107.00062   16.90048    319.000    10.1753    10.1751   3.806752   3.806916 7.3553e-02    12.3307     4.5837 5.0671e-02          0     4.5837     0.0245     0.5055     0.0000     4.6108     0.0000     0.0049     0.0000     0.5049    34.6619    34.6637    26.6644    26.6658     0.0281      0.855      0.312 0.0000e+00
    551.353      13233    322.162 -107.00062   16.90048    320.000    10.1559    10.1557   3.804886   3.805035 7.3092e-02    12.3307     4.5836 5.0671e-02          0     4.5836     0.0243     0.5057     0.0000     4.6116     0.0000     0.0049     0.0000     0.5051    34.6610    34.6627    26.6670    26.6683     0.0278      0.845      0.308 0.0000e+00
    552.169      13253    323.170 -107.00062   16.90048    321.000    10.1356    10.1359   3.802974   3.803188 7.5205e-02    12.3304     4.5839 5.0671e-02          0     4.5839     0.0250     0.5055     0.0000     4.5775     0.0000     0.0049     0.0000     0.5049    34.6605    34.6624    26.6701    26.6716     0.0265      0.806      0.294 0.0000e+00
    552.840      13269    324.177 -107.00062   16.90048    322.000    10.1332    10.1336   3.802797   3.803007 7.4228e-02    12.3306     4.5838 5.0671e-02          0     4.5838     0.0247     0.5055     0.0000     4.6054     0.0000     0.0049     0.0000     0.5049    34.6605    34.6622    26.6705    26.6718     0.0278      0.845      0.308 0.0000e+00
    553.438      13284    325.185 -107.00062   16.90048    323.000    10.1269    10.1270   3.802187   3.802394 7.4237e-02    12.3302     4.5842 5.0671e-02          0     4.5842     0.0247     0.5056     0.0000     4.6125     0.0000     0.0049     0.0000     0.5050    34.6599    34.6619    26.6712    26.6728     0.0278      0.845      0.308 0.0000e+00
    554.020      13297    326.192 -107.00062   16.90048    324.000    10.1189    10.1192   3.801451   3.801680 7.4110e-02    12.3304     4.5840 5.0671e-02          0     4.5840     0.0247     0.5055     0.0000     4.6122     0.0000     0.0049     0.0000     0.5049    34.6595    34.6616    26.6723    26.6739     0.0275      0.838      0.305 0.0000e+00
    554.642      13312    327.200 -107.00062   16.90048    325.000    10.1097    10.1098   3.800544   3.800748 7.3721e-02    12.3305     4.5838 5.0671e-02          0     4.5838     0.0246     0.5056     0.0000     4.6128     0.0000     0.0049     0.0000     0.5050    34.6587    34.6607    26.6733    26.6748     0.0280      0.853      0.311 0.0000e+00
    555.412      13331    328.207 -107.00062   16.90048    326.000    10.0852    10.0847   3.798147   3.798272 7.4080e-02    12.3303     4.5841 5.0671e-02          0     4.5841     0.0247     0.5056     0.0000     4.6123     0.0000     0.0049     0.0000     0.5050    34.6573    34.6590    26.6763    26.6777     0.0276      0.839      0.305 0.0000e+00
