data/ctd-cnv/RR1804/Station32_cast53.cnv
* Sea-Bird SBE 9 Data File:
* FileName = C:\CTD\RR1805\Station32_cast53.hex
* Software Version Seasave V 7.26.6.26
* Temperature SN = 4307
* Conductivity SN = 4650
* Number of Bytes Per Scan = 44
* Number of Voltage Words = 5
* Number of Scans Averaged by the Deck Unit = 1
* NMEA Latitude = 17 01.23 N
* NMEA Longitude = 106 58.80 W
* NMEA UTC (Time) = Apr 19 2018 14:16:42
** Ship: Revell
** Station: 32 (P2)
** Operator: Gabrielle
** Cast 53 Tim Transcripts
# nquan = 32
# nvalues = 191                         
# units = specified
# name 0 = timeS: Time, Elapsed [seconds]
# name 1 = scan: Scan Count
# name 2 = prDM: Pressure, Digiquartz [db]
# name 3 = longitude: Longitude [deg]
# name 4 = latitude: Latitude [deg]
# name 5 = depSM: Depth [salt water, m]
# name 6 = t090C: Temperature [ITS-90, deg C]
# name 7 = t190C: Temperature, 2 [ITS-90, deg C]
# name 8 = c0S/m: Conductivity [S/m]
# name 9 = c1S/m: Conductivity, 2 [S/m]
# name 10 = flSP: Fluorescence, Seapoint
# name 11 = CStarAt0: Beam Attenuation, WET Labs C-Star [1/m]
# name 12 = CStarTr0: Beam Transmission, WET Labs C-Star [%]
# name 13 = par: PAR/Irradiance, Biospherical/Licor
# name 14 = modError: Modulo Error Count
# name 15 = v0: Voltage 0
# name 16 = v1: Voltage 1
# name 17 = v2: Voltage 2
# name 18 = v3: Voltage 3
# name 19 = v4: Voltage 4
# name 20 = v5: Voltage 5
# name 21 = v6: Voltage 6
# name 22 = v7: Voltage 7
# name 23 = sbeox0V: Oxygen raw, SBE 43 [V]
# name 24 = sal00: Salinity, Practical [PSU]
# name 25 = sal11: Salinity, Practical, 2 [PSU]
# name 26 = sigma-é00: Density [sigma-theta, kg/m^3]
# name 27 = sigma-é11: Density, 2 [sigma-theta, kg/m^3]
# name 28 = sbeox0Mg/L: Oxygen, SBE 43 [mg/l], WS = 2
# name 29 = sbox0Mm/Kg: Oxygen, SBE 43 [umol/kg], WS = 2
# name 30 = sbeox0PS: Oxygen, SBE 43 [% saturation], WS = 2
# name 31 = flag: flag
# span 0 =     -7.920,    398.230       
# span 1 =       -189,       9559       
# span 2 =     11.066,    202.301       
# span 3 = -106.98012, -106.98008       
# span 4 =   17.02054,   17.02062       
# span 5 =     11.000,    201.000       
# span 6 =    11.8082,    26.8665       
# span 7 =    11.8095,    26.8666       
# span 8 =   3.965497,   5.402800       
# span 9 =   3.965807,   5.403050       
# span 10 = 7.1320e-02, 1.2623e+00      
# span 11 =    12.3350,    12.4449      
# span 12 =     4.4547,     4.5788      
# span 13 = 5.0667e-02, 1.6369e+02      
# span 14 =          0,          0      
# span 15 =     4.4547,     4.5788      
# span 16 =     0.0238,     0.4208      
# span 17 =     0.5091,     2.7950      
# span 18 =     0.0000,     0.0000      
# span 19 =     4.5364,     4.6546      
# span 20 =     0.0000,     0.0000      
# span 21 =     0.0049,     3.5108      
# span 22 =     0.0000,     0.0000      
# span 23 =     0.5083,     2.7950      
# span 24 =    34.2114,    34.8008      
# span 25 =    34.2103,    34.8014      
# span 26 =    22.2180,    26.4402      
# span 27 =    22.2195,    26.4413      
# span 28 =     0.0388,     6.7662      
# span 29 =      1.183,    206.734      
# span 30 =      0.448,    100.754      
# span 31 = 0.0000e+00, 0.0000e+00      
# interval = meters: 1                  
# start_time = Apr 19 2018 14:16:47 [System UTC, first data scan.]
# bad_flag = -9.990e-29
*END*
[from data line 46]
    186.743       4483     57.349 -106.98010   17.02058     57.000    19.5559    19.5545   4.661173   4.660838 7.7265e-01    12.3834     4.5237 3.2700e+00          0     4.5237     0.2576     1.9638     0.0000     4.6012     0.0000     1.8111     0.0000     1.9636    34.2728    34.2712    24.3256    24.3247     4.6722    142.540     62.393 0.0000e+00
    188.895       4534     58.355 -106.98010   17.02059     58.000    19.5518    19.5515   4.662015   4.661846 7.9408e-01    12.3804     4.5271 2.9248e+00          0     4.5271     0.2647     1.9022     0.0000     4.6014     0.0000     1.7627     0.0000     1.9020    34.2827    34.2816    24.3343    24.3335     4.4803    136.685     59.830 0.0000e+00
    190.882       4582     59.361 -106.98010   17.02060     59.000    19.4917    19.4884   4.659783   4.659518 7.1637e-01    12.3789     4.5288 2.6967e+00          0     4.5288     0.2388     1.7800     0.0000     4.5992     0.0000     1.7275     0.0000     1.7798    34.3133    34.3139    24.3732    24.3745     3.8355    117.010     51.173 0.0000e+00
    192.397       4619     60.368 -106.98010   17.02060     60.000    19.4127    19.4097   4.657224   4.656988 6.9552e-01    12.3776     4.5302 2.4885e+00          0     4.5302     0.2318     1.6003     0.0000     4.6000     0.0000     1.6926     0.0000     1.6000    34.3569    34.3574    24.4269    24.4280     3.0866     94.158     41.132 0.0000e+00
    194.195       4662     61.374 -106.98010   17.02060     61.000    19.1633    19.1498   4.637247   4.636027 7.0779e-01    12.3748     4.5334 2.2949e+00          0     4.5334     0.2359     1.3919     0.0000     4.6011     0.0000     1.6574     0.0000     1.3915    34.3967    34.3978    24.5212    24.5255     2.6005     79.323     34.505 0.0000e+00
    196.404       4715     62.380 -106.98010   17.02060     62.000    18.9077    18.9014   4.612898   4.612226 6.3779e-01    12.3720     4.5365 2.1080e+00          0     4.5365     0.2126     1.2665     0.0000     4.6021     0.0000     1.6206     0.0000     1.2660    34.4055    34.4051    24.5930    24.5943     2.4114     73.549     31.843 0.0000e+00
    198.156       4757     63.386 -106.98010   17.02060     63.000    18.6582    18.6530   4.588222   4.587708 6.3322e-01    12.3697     4.5392 1.9169e+00          0     4.5392     0.2111     1.2191     0.0000     4.5998     0.0000     1.5791     0.0000     1.2186    34.4060    34.4060    24.6563    24.6577     2.3224     70.830     30.525 0.0000e+00
    200.910       4823     64.393 -106.98012   17.02060     64.000    18.4267    18.4218   4.563288   4.562226 6.6585e-01    12.3683     4.5408 1.7279e+00          0     4.5408     0.2220     1.2306     0.0000     4.6067     0.0000     1.5343     0.0000     1.2301    34.3890    34.3841    24.7013    24.6988     2.5949     79.136     33.953 0.0000e+00
    203.516       4885     65.399 -106.98010   17.02060     65.000    18.1793    18.1686   4.531801   4.530401 5.4492e-01    12.3685     4.5406 1.5779e+00          0     4.5406     0.1816     1.3459     0.0000     4.6126     0.0000     1.4949     0.0000     1.3454    34.3293    34.3264    24.7170    24.7175     3.1073     94.762     40.458 0.0000e+00
    204.979       4920     66.405 -106.98010   17.02060     66.000    18.1235    18.1229   4.524939   4.524684 5.8808e-01    12.3671     4.5421 1.4516e+00          0     4.5421     0.1960     1.3960     0.0000     4.6140     0.0000     1.4584     0.0000     1.3956    34.3174    34.3158    24.7217    24.7206     3.1483     96.012     40.944 0.0000e+00
    206.967       4968     67.412 -106.98010   17.02060     67.000    18.1120    18.1127   4.523531   4.523495 6.0217e-01    12.3676     4.5416 1.3381e+00          0     4.5416     0.2007     1.4236     0.0000     4.6136     0.0000     1.4233     0.0000     1.4231    34.3148    34.3138    24.7226    24.7217     3.1837     97.092     41.395 0.0000e+00
    208.794       5012     68.418 -106.98010   17.02060     68.000    18.0771    18.0791   4.519355   4.519478 5.4152e-01    12.3669     4.5423 1.2417e+00          0     4.5423     0.1805     1.4405     0.0000     4.6085     0.0000     1.3908     0.0000     1.4401    34.3081    34.3076    24.7261    24.7252     3.2447     98.952     42.158 0.0000e+00
    210.226       5046     69.424 -106.98010   17.02060     69.000    17.9985    17.9967   4.510776   4.510454 5.6041e-01    12.3697     4.5392 1.1540e+00          0     4.5392     0.1868     1.4481     0.0000     4.5676     0.0000     1.3589     0.0000     1.4477    34.3007    34.2995    24.7398    24.7393     3.2193     98.177     41.765 0.0000e+00
    212.771       5107     70.430 -106.98010   17.02060     70.000    17.9360    17.9348   4.505475   4.505277 6.7952e-01    12.3689     4.5401 1.0689e+00          0     4.5401     0.2265     1.4209     0.0000     4.5853     0.0000     1.3257     0.0000     1.4205    34.3077    34.3071    24.7605    24.7603     3.0681     93.564     39.758 0.0000e+00
    215.242       5167     71.437 -106.98010   17.02058     71.000    17.4368    17.4143   4.453413   4.451545 5.2321e-01    12.3641     4.5455 9.8147e-01          0     4.5455     0.1744     1.3562     0.0000     4.5634     0.0000     1.2886     0.0000     1.3558    34.2818    34.2847    24.8614    24.8691     2.6388     80.463     33.881 0.0000e+00
    217.072       5211     72.443 -106.98010   17.02058     72.000    17.1608    17.1566   4.438308   4.438136 5.3326e-01    12.3586     4.5519 8.8890e-01          0     4.5519     0.1778     1.1538     0.0000     4.5654     0.0000     1.2456     0.0000     1.1532    34.3855    34.3876    25.0072    25.0098     1.7231     52.534     22.015 0.0000e+00
    219.280       5264     73.450 -106.98010   17.02058     73.000    16.9825    16.9799   4.426572   4.426258 4.9901e-01    12.3556     4.5552 8.2658e-01          0     4.5552     0.1663     0.9830     0.0000     4.5669     0.0000     1.2141     0.0000     0.9824    34.4354    34.4349    25.0879    25.0881     1.4736     44.923     18.765 0.0000e+00
    221.320       5313     74.456 -106.98010   17.02058     74.000    16.9032    16.9003   4.419199   4.418866 4.6500e-01    12.3534     4.5577 7.6782e-01          0     4.5577     0.1550     0.9371     0.0000     4.5683     0.0000     1.1821     0.0000     0.9364    34.4387    34.4383    25.1092    25.1096     1.4557     44.378     18.510 0.0000e+00
    223.092       5355     75.462 -106.98010   17.02058     75.000    16.8468    16.8470   4.415210   4.415152 4.0317e-01    12.3531     4.5581 7.2666e-01          0     4.5581     0.1344     0.9074     0.0000     4.5690     0.0000     1.1582     0.0000     0.9067    34.4518    34.4511    25.1326    25.1320     1.2836     39.130     16.305 0.0000e+00
    224.494       5389     76.469 -106.98010   17.02058     76.000    16.8909    16.8919   4.424092   4.424193 3.6811e-01    12.3523     4.5589 6.8508e-01          0     4.5589     0.1227     0.8535     0.0000     4.5697     0.0000     1.1326     0.0000     0.8528    34.4912    34.4912    25.1525    25.1522     1.0297     31.388     13.093 0.0000e+00
    226.393       5434     77.475 -106.98010   17.02058     77.000    16.8793    16.8781   4.425346   4.425372 4.2950e-01    12.3510     4.5605 6.2490e-01          0     4.5605     0.1432     0.8059     0.0000     4.5704     0.0000     1.0924     0.0000     0.8052    34.5117    34.5129    25.1710    25.1722     1.0175     31.016     12.937 0.0000e+00
    230.439       5532     78.481 -106.98010   17.02058     78.000    16.9029    16.9015   4.428785   4.429108 4.6885e-01    12.3506     4.5609 5.6382e-01          0     4.5609     0.1563     0.7771     0.0000     4.5715     0.0000     1.0483     0.0000     0.7764    34.5211    34.5251    25.1727    25.1761     0.8295     25.285     10.552 0.0000e+00
    232.528       5582     79.488 -106.98008   17.02058     79.000    16.8725    16.8723   4.431254   4.431102 3.8541e-01    12.3492     4.5625 5.2473e-01          0     4.5625     0.1285     0.6994     0.0000     4.5722     0.0000     1.0170     0.0000     0.6987    34.5683    34.5672    25.2161    25.2153     0.5577     17.001      7.093 0.0000e+00
    233.760       5611     80.494 -106.98008   17.02058     80.000    16.7372    16.7347   4.420524   4.420137 3.4067e-01    12.3492     4.5625 4.9252e-01          0     4.5625     0.1135     0.6597     0.0000     4.5730     0.0000     0.9894     0.0000     0.6589    34.5907    34.5894    25.2651    25.2648     0.3682     11.225      4.672 0.0000e+00
    234.956       5640     81.500 -106.98008   17.02058     81.000    16.4905    16.4830   4.400193   4.399346 3.2413e-01    12.3473     4.5646 4.6044e-01          0     4.5646     0.1080     0.6137     0.0000     4.5742     0.0000     0.9602     0.0000     0.6129    34.6251    34.6242    25.3492    25.3502     0.2376      7.243      3.002 0.0000e+00
    236.658       5681     82.507 -106.98008   17.02056     82.000    16.3187    16.3129   4.384900   4.384484 3.9531e-01    12.3452     4.5671 4.3179e-01          0     4.5671     0.1318     0.5774     0.0000     4.5751     0.0000     0.9323     0.0000     0.5766    34.6389    34.6403    25.3996    25.4020     0.1994      6.077      2.510 0.0000e+00
    238.900       5735     83.513 -106.98008   17.02056     83.000    16.1951    16.1933   4.373619   4.373585 3.0121e-01    12.3432     4.5694 4.0270e-01          0     4.5694     0.1004     0.5581     0.0000     4.5759     0.0000     0.9020     0.0000     0.5573    34.6462    34.6475    25.4338    25.4352     0.1831      5.579      2.299 0.0000e+00
    242.226       5814     84.520 -106.98008   17.02056     84.000    16.1071    16.2013   4.366118   4.374304 3.0171e-01    12.3422     4.5705 3.7094e-01          0     4.5705     0.1006     0.5495     0.0000     4.5776     0.0000     0.8665     0.0000     0.5487    34.6560    34.6465    25.4616    25.4325     0.1657      5.048      2.077 0.0000e+00
    244.478       5868     85.526 -106.98008   17.02056     85.000    16.0050    16.0026   4.356544   4.356220 2.8639e-01    12.3411     4.5717 3.4206e-01          0     4.5717     0.0955     0.5426     0.0000     4.5975     0.0000     0.8312     0.0000     0.5418    34.6596    34.6589    25.4877    25.4877     0.1390      4.236      1.739 0.0000e+00
    246.154       5909     86.532 -106.98008   17.02056     86.000    15.9506    15.9500   4.351724   4.351592 2.7756e-01    12.3413     4.5715 3.2029e-01          0     4.5715     0.0925     0.5386     0.0000     4.5997     0.0000     0.8026     0.0000     0.5377    34.6639    34.6633    25.5034    25.5031     0.1298      3.956      1.623 0.0000e+00
    248.345       5961     87.539 -106.98008   17.02056     87.000    15.9082    15.9080   4.347929   4.347834 2.7883e-01    12.3392     4.5739 2.9834e-01          0     4.5739     0.0930     0.5353     0.0000     4.6009     0.0000     0.7719     0.0000     0.5345    34.6668    34.6661    25.5153    25.5148     0.1224      3.730      1.529 0.0000e+00
    249.983       6001     88.545 -106.98008   17.02056     88.000    15.8434    15.8414   4.341980   4.341655 2.5745e-01    12.3395     4.5735 2.8349e-01          0     4.5735     0.0858     0.5332     0.0000     4.6001     0.0000     0.7498     0.0000     0.5324    34.6701    34.6689    25.5326    25.5321     0.1100      3.352      1.372 0.0000e+00
    251.445       6036     89.552 -106.98008   17.02056     89.000    15.6938    15.6911   4.328337   4.328088 2.3207e-01    12.3368     4.5766 2.6733e-01          0     4.5766     0.0774     0.5294     0.0000     4.5889     0.0000     0.7243     0.0000     0.5286    34.6788    34.6790    25.5732    25.5739     0.0951      2.898      1.183 0.0000e+00
    253.699       6090     90.558 -106.98008   17.02055     90.000    15.6138    15.6136   4.321095   4.321006 2.0881e-01    12.3358     4.5778 2.5446e-01          0     4.5778     0.0696     0.5255     0.0000     4.5997     0.0000     0.7030     0.0000     0.5246    34.6838    34.6832    25.5951    25.5946     0.0873      2.661      1.085 0.0000e+00
    255.770       6139     91.564 -106.98008   17.02054     91.000    15.5696    15.5689   4.317026   4.316913 2.1890e-01    12.3357     4.5779 2.3826e-01          0     4.5779     0.0730     0.5236     0.0000     4.5937     0.0000     0.6743     0.0000     0.5228    34.6858    34.6854    25.6065    25.6063     0.0833      2.538      1.033 0.0000e+00
    257.814       6189     92.571 -106.98008   17.02054     92.000    15.5390    15.5394   4.314278   4.314283 2.0980e-01    12.3354     4.5783 2.2147e-01          0     4.5783     0.0699     0.5227     0.0000     4.5824     0.0000     0.6426     0.0000     0.5218    34.6876    34.6873    25.6148    25.6145     0.0825      2.512      1.022 0.0000e+00
    260.885       6262     93.577 -106.98008   17.02054     93.000    15.5053    15.5060   4.311253   4.311311 2.7658e-01    12.3350     4.5788 2.0183e-01          0     4.5788     0.0922     0.5213     0.0000     4.5918     0.0000     0.6024     0.0000     0.5204    34.6897    34.6896    25.6240    25.6237     0.0761      2.319      0.943 0.0000e+00
    263.185       6317     94.584 -106.98008   17.02054     94.000    15.4505    15.4500   4.306507   4.306427 1.9929e-01    12.3368     4.5766 1.9027e-01          0     4.5766     0.0664     0.5203     0.0000     4.5964     0.0000     0.5769     0.0000     0.5195    34.6949    34.6946    25.6403    25.6401     0.0737      2.246      0.912 0.0000e+00
    264.523       6350     95.590 -106.98008   17.02054     95.000    15.3882    15.3889   4.301097   4.301108 1.9242e-01    12.3377     4.5756 1.8195e-01          0     4.5756     0.0641     0.5194     0.0000     4.6110     0.0000     0.5575     0.0000     0.5186    34.7006    34.7002    25.6586    25.6581     0.0688      2.097      0.851 0.0000e+00
    265.911       6383     96.596 -106.98008   17.02054     96.000    15.3260    15.3239   4.295407   4.295196 2.2638e-01    12.3388     4.5744 1.7282e-01          0     4.5744     0.0755     0.5186     0.0000     4.6114     0.0000     0.5353     0.0000     0.5178    34.7038    34.7038    25.6749    25.6754     0.0672      2.046      0.829 0.0000e+00
    267.499       6421     97.603 -106.98008   17.02054     97.000    15.2167    15.2149   4.285415   4.285324 2.6059e-01    12.3400     4.5730 1.6382e-01          0     4.5730     0.0869     0.5178     0.0000     4.6117     0.0000     0.5121     0.0000     0.5170    34.7097    34.7106    25.7037    25.7047     0.0653      1.990      0.805 0.0000e+00
    269.772       6476     98.609 -106.98008   17.02054     98.000    15.1728    15.1967   4.281916   4.283673 2.6531e-01    12.3402     4.5727 1.5296e-01          0     4.5727     0.0884     0.5173     0.0000     4.6156     0.0000     0.4821     0.0000     0.5165    34.7166    34.7113    25.7187    25.7093     0.0639      1.946      0.786 0.0000e+00
    273.503       6565     99.616 -106.98008   17.02054     99.000    15.0519    15.0535   4.270573   4.270793 2.8527e-01    12.3411     4.5717 1.4064e-01          0     4.5717     0.0951     0.5161     0.0000     4.6149     0.0000     0.4459     0.0000     0.5152    34.7205    34.7210    25.7483    25.7484     0.0592      1.804      0.727 0.0000e+00
    276.835       6645    100.622 -106.98008   17.02054    100.000    15.0077    15.0084   4.266665   4.266702 3.2576e-01    12.3416     4.5711 1.3179e-01          0     4.5711     0.1086     0.5154     0.0000     4.6154     0.0000     0.4179     0.0000     0.5145    34.7237    34.7235    25.7606    25.7602     0.0582      1.774      0.715 0.0000e+00
