data/ctd-cnv/RR1804/Station32_cast53.cnv
* Sea-Bird SBE 9 Data File:
* FileName = C:\CTD\RR1805\Station32_cast53.hex
* Software Version Seasave V 7.26.6.26
* Temperature SN = 4307
* Conductivity SN = 4650
* Number of Bytes Per Scan = 44
* Number of Voltage Words = 5
* Number of Scans Averaged by the Deck Unit = 1
* NMEA Latitude = 17 01.23 N
* NMEA Longitude = 106 58.80 W
* NMEA UTC (Time) = Apr 19 2018 14:16:42
** Ship: Revell
** Station: 32 (P2)
** Operator: Gabrielle
** Cast 53 Tim Transcripts
# nquan = 32
# nvalues = 191                         
# units = specified
# name 0 = timeS: Time, Elapsed [seconds]
# name 1 = scan: Scan Count
# name 2 = prDM: Pressure, Digiquartz [db]
# name 3 = longitude: Longitude [deg]
# name 4 = latitude: Latitude [deg]
# name 5 = depSM: Depth [salt water, m]
# name 6 = t090C: Temperature [ITS-90, deg C]
# name 7 = t190C: Temperature, 2 [ITS-90, deg C]
# name 8 = c0S/m: Conductivity [S/m]
# name 9 = c1S/m: Conductivity, 2 [S/m]
# name 10 = flSP: Fluorescence, Seapoint
# name 11 = CStarAt0: Beam Attenuation, WET Labs C-Star [1/m]
# name 12 = CStarTr0: Beam Transmission, WET Labs C-Star [%]
# name 13 = par: PAR/Irradiance, Biospherical/Licor
# name 14 = modError: Modulo Error Count
# name 15 = v0: Voltage 0
# name 16 = v1: Voltage 1
# name 17 = v2: Voltage 2
# name 18 = v3: Voltage 3
# name 19 = v4: Voltage 4
# name 20 = v5: Voltage 5
# name 21 = v6: Voltage 6
# name 22 = v7: Voltage 7
# name 23 = sbeox0V: Oxygen raw, SBE 43 [V]
# name 24 = sal00: Salinity, Practical [PSU]
# name 25 = sal11: Salinity, Practical, 2 [PSU]
# name 26 = sigma-é00: Density [sigma-theta, kg/m^3]
# name 27 = sigma-é11: Density, 2 [sigma-theta, kg/m^3]
# name 28 = sbeox0Mg/L: Oxygen, SBE 43 [mg/l], WS = 2
# name 29 = sbox0Mm/Kg: Oxygen, SBE 43 [umol/kg], WS = 2
# name 30 = sbeox0PS: Oxygen, SBE 43 [% saturation], WS = 2
# name 31 = flag: flag
# span 0 =     -7.920,    398.230       
# span 1 =       -189,       9559       
# span 2 =     11.066,    202.301       
# span 3 = -106.98012, -106.98008       
# span 4 =   17.02054,   17.02062       
# span 5 =     11.000,    201.000       
# span 6 =    11.8082,    26.8665       
# span 7 =    11.8095,    26.8666       
# span 8 =   3.965497,   5.402800       
# span 9 =   3.965807,   5.403050       
# span 10 = 7.1320e-02, 1.2623e+00      
# span 11 =    12.3350,    12.4449      
# span 12 =     4.4547,     4.5788      
# span 13 = 5.0667e-02, 1.6369e+02      
# span 14 =          0,          0      
# span 15 =     4.4547,     4.5788      
# span 16 =     0.0238,     0.4208      
# span 17 =     0.5091,     2.7950      
# span 18 =     0.0000,     0.0000      
# span 19 =     4.5364,     4.6546      
# span 20 =     0.0000,     0.0000      
# span 21 =     0.0049,     3.5108      
# span 22 =     0.0000,     0.0000      
# span 23 =     0.5083,     2.7950      
# span 24 =    34.2114,    34.8008      
# span 25 =    34.2103,    34.8014      
# span 26 =    22.2180,    26.4402      
# span 27 =    22.2195,    26.4413      
# span 28 =     0.0388,     6.7662      
# span 29 =      1.183,    206.734      
# span 30 =      0.448,    100.754      
# span 31 = 0.0000e+00, 0.0000e+00      
# interval = meters: 1                  
# start_time = Apr 19 2018 14:16:47 [System UTC, first data scan.]
# bad_flag = -9.990e-29
*END*
[from data line 136]
    336.932       8087    147.932 -106.98010   17.02060    147.000    12.6638    12.6644   4.048744   4.048910 8.7994e-02    12.3472     4.5648 5.0671e-02          0     4.5648     0.0293     0.5104     0.0000     4.6461     0.0000     0.0049     0.0000     0.5096    34.7907    34.7917    26.3016    26.3022     0.0430      1.310      0.504 0.0000e+00
    338.205       8118    148.939 -106.98010   17.02060    148.000    12.6640    12.6645   4.048914   4.049081 8.8839e-02    12.3468     4.5652 5.0671e-02          0     4.5652     0.0296     0.5104     0.0000     4.6464     0.0000     0.0049     0.0000     0.5096    34.7918    34.7929    26.3024    26.3032     0.0430      1.308      0.503 0.0000e+00
    339.430       8147    149.945 -106.98010   17.02060    149.000    12.6642    12.6648   4.049119   4.049281 8.7138e-02    12.3466     4.5655 5.0671e-02          0     4.5655     0.0290     0.5103     0.0000     4.6408     0.0000     0.0049     0.0000     0.5095    34.7931    34.7941    26.3034    26.3041     0.0429      1.306      0.502 0.0000e+00
    340.680       8177    150.952 -106.98010   17.02060    150.000    12.6631    12.6635   4.049108   4.049270 8.5973e-02    12.3473     4.5647 5.0667e-02          0     4.5647     0.0287     0.5104     0.0000     4.6426     0.0000     0.0049     0.0000     0.5096    34.7936    34.7947    26.3041    26.3048     0.0438      1.334      0.513 0.0000e+00
    341.962       8208    151.959 -106.98010   17.02060    151.000    12.6321    12.6307   4.046019   4.046009 8.3764e-02    12.3471     4.5649 5.0671e-02          0     4.5649     0.0279     0.5104     0.0000     4.6369     0.0000     0.0049     0.0000     0.5096    34.7921    34.7933    26.3090    26.3102     0.0431      1.314      0.505 0.0000e+00
    342.949       8232    152.965 -106.98010   17.02060    152.000    12.5918    12.5921   4.042033   4.042163 8.3002e-02    12.3465     4.5655 5.0671e-02          0     4.5655     0.0277     0.5104     0.0000     4.6363     0.0000     0.0049     0.0000     0.5096    34.7906    34.7916    26.3158    26.3165     0.0434      1.322      0.508 0.0000e+00
    343.668       8249    153.972 -106.98010   17.02060    153.000    12.5707    12.5706   4.039848   4.039898 8.1318e-02    12.3466     4.5655 5.0671e-02          0     4.5655     0.0271     0.5105     0.0000     4.6477     0.0000     0.0049     0.0000     0.5097    34.7886    34.7892    26.3184    26.3189     0.0440      1.340      0.514 0.0000e+00
    344.282       8264    154.979 -106.98010   17.02060    154.000    12.5523    12.5502   4.037875   4.037773 8.2260e-02    12.3467     4.5653 5.0671e-02          0     4.5653     0.0274     0.5104     0.0000     4.6347     0.0000     0.0049     0.0000     0.5096    34.7863    34.7872    26.3202    26.3214     0.0434      1.323      0.508 0.0000e+00
    344.856       8278    155.985 -106.98010   17.02061    155.000    12.5377    12.5382   4.036324   4.036468 8.4037e-02    12.3467     4.5653 5.0671e-02          0     4.5653     0.0280     0.5104     0.0000     4.6454     0.0000     0.0049     0.0000     0.5096    34.7844    34.7853    26.3217    26.3223     0.0431      1.312      0.503 0.0000e+00
    345.424       8291    156.992 -106.98010   17.02062    156.000    12.5074    12.5065   4.033061   4.033038 8.2522e-02    12.3474     4.5646 5.0671e-02          0     4.5646     0.0275     0.5104     0.0000     4.6465     0.0000     0.0049     0.0000     0.5096    34.7806    34.7812    26.3246    26.3253     0.0431      1.313      0.503 0.0000e+00
    346.125       8308    157.999 -106.98010   17.02060    157.000    12.4887    12.4888   4.031219   4.031320 8.3001e-02    12.3472     4.5647 5.0671e-02          0     4.5647     0.0277     0.5104     0.0000     4.6482     0.0000     0.0049     0.0000     0.5096    34.7797    34.7805    26.3276    26.3283     0.0428      1.305      0.500 0.0000e+00
    347.843       8349    159.006 -106.98010   17.02060    158.000    12.5049    12.4970   4.032997   4.032252 8.4476e-02    12.3468     4.5651 5.0671e-02          0     4.5651     0.0282     0.5103     0.0000     4.6491     0.0000     0.0049     0.0000     0.5095    34.7814    34.7816    26.3258    26.3275     0.0428      1.302      0.499 0.0000e+00
    350.068       8403    160.013 -106.98010   17.02060    159.000    12.4917    12.4933   4.031597   4.031883 8.4454e-02    12.3470     4.5650 5.0671e-02          0     4.5650     0.0282     0.5103     0.0000     4.6496     0.0000     0.0049     0.0000     0.5095    34.7797    34.7810    26.3271    26.3278     0.0434      1.322      0.507 0.0000e+00
    351.158       8429    161.019 -106.98010   17.02060    160.000    12.4695    12.4693   4.029415   4.029508 8.1723e-02    12.3465     4.5656 5.0671e-02          0     4.5656     0.0273     0.5103     0.0000     4.6169     0.0000     0.0049     0.0000     0.5095    34.7788    34.7799    26.3308    26.3317     0.0421      1.281      0.491 0.0000e+00
    352.055       8450    162.026 -106.98010   17.02060    161.000    12.4495    12.4494   4.027510   4.027612 8.1454e-02    12.3472     4.5648 5.0671e-02          0     4.5648     0.0272     0.5101     0.0000     4.5986     0.0000     0.0049     0.0000     0.5093    34.7785    34.7796    26.3344    26.3353     0.0413      1.258      0.481 0.0000e+00
    352.898       8471    163.033 -106.98010   17.02060    162.000    12.4407    12.4412   4.026652   4.026807 8.1751e-02    12.3466     4.5654 5.0671e-02          0     4.5654     0.0273     0.5100     0.0000     4.6238     0.0000     0.0049     0.0000     0.5092    34.7779    34.7790    26.3357    26.3365     0.0418      1.274      0.487 0.0000e+00
    353.745       8491    164.040 -106.98010   17.02060    163.000    12.4296    12.4300   4.025590   4.025755 8.0565e-02    12.3463     4.5657 5.0671e-02          0     4.5657     0.0269     0.5102     0.0000     4.6285     0.0000     0.0049     0.0000     0.5094    34.7775    34.7787    26.3376    26.3385     0.0432      1.315      0.503 0.0000e+00
    354.580       8511    165.047 -106.98010   17.02060    164.000    12.4121    12.4123   4.023898   4.024024 8.0010e-02    12.3461     4.5661 5.0671e-02          0     4.5661     0.0267     0.5101     0.0000     4.6273     0.0000     0.0049     0.0000     0.5093    34.7770    34.7780    26.3407    26.3414     0.0416      1.268      0.485 0.0000e+00
    355.372       8530    166.053 -106.98010   17.02060    165.000    12.4014    12.4020   4.022923   4.023096 8.0584e-02    12.3460     4.5661 5.0671e-02          0     4.5661     0.0269     0.5100     0.0000     4.6155     0.0000     0.0049     0.0000     0.5092    34.7770    34.7782    26.3428    26.3436     0.0415      1.264      0.483 0.0000e+00
    356.134       8548    167.060 -106.98010   17.02060    166.000    12.3986    12.3992   4.022705   4.022900 8.0185e-02    12.3463     4.5658 5.0671e-02          0     4.5658     0.0268     0.5099     0.0000     4.6270     0.0000     0.0049     0.0000     0.5091    34.7771    34.7784    26.3434    26.3443     0.0416      1.265      0.484 0.0000e+00
    356.924       8567    168.067 -106.98010   17.02060    167.000    12.3949    12.3954   4.022371   4.022543 7.9679e-02    12.3462     4.5659 5.0671e-02          0     4.5659     0.0266     0.5100     0.0000     4.6481     0.0000     0.0049     0.0000     0.5092    34.7769    34.7781    26.3440    26.3448     0.0412      1.255      0.480 0.0000e+00
    357.870       8590    169.074 -106.98010   17.02060    168.000    12.3809    12.3813   4.020950   4.021115 8.0144e-02    12.3460     4.5661 5.0671e-02          0     4.5661     0.0267     0.5098     0.0000     4.6475     0.0000     0.0049     0.0000     0.5090    34.7757    34.7770    26.3458    26.3467     0.0415      1.265      0.483 0.0000e+00
    359.085       8619    170.080 -106.98010   17.02060    169.000    12.3768    12.3775   4.020589   4.020795 7.9078e-02    12.3469     4.5651 5.0671e-02          0     4.5651     0.0264     0.5101     0.0000     4.6476     0.0000     0.0049     0.0000     0.5093    34.7756    34.7769    26.3465    26.3474     0.0429      1.308      0.500 0.0000e+00
    360.328       8649    171.087 -106.98010   17.02060    170.000    12.3734    12.3736   4.020305   4.020472 7.9322e-02    12.3458     4.5664 5.0671e-02          0     4.5664     0.0265     0.5098     0.0000     4.6487     0.0000     0.0049     0.0000     0.5090    34.7756    34.7770    26.3472    26.3483     0.0414      1.259      0.481 0.0000e+00
    361.492       8677    172.094 -106.98010   17.02058    171.000    12.3530    12.3530   4.018433   4.018569 7.7748e-02    12.3458     4.5664 5.0671e-02          0     4.5664     0.0259     0.5100     0.0000     4.6503     0.0000     0.0049     0.0000     0.5092    34.7759    34.7772    26.3515    26.3525     0.0414      1.260      0.481 0.0000e+00
    362.669       8705    173.101 -106.98010   17.02058    172.000    12.3345    12.3346   4.016577   4.016725 7.7176e-02    12.3457     4.5665 5.0671e-02          0     4.5665     0.0257     0.5098     0.0000     4.6507     0.0000     0.0049     0.0000     0.5090    34.7747    34.7760    26.3542    26.3551     0.0408      1.242      0.474 0.0000e+00
    363.852       8733    174.108 -106.98009   17.02058    173.000    12.3300    12.3304   4.016187   4.016368 7.6924e-02    12.3455     4.5667 5.0671e-02          0     4.5667     0.0256     0.5098     0.0000     4.6507     0.0000     0.0049     0.0000     0.5090    34.7747    34.7761    26.3550    26.3561     0.0414      1.261      0.482 0.0000e+00
    364.907       8759    175.115 -106.98008   17.02058    174.000    12.3144    12.3141   4.014607   4.014693 7.6430e-02    12.3455     4.5667 5.0671e-02          0     4.5667     0.0254     0.5097     0.0000     4.6499     0.0000     0.0049     0.0000     0.5089    34.7734    34.7746    26.3571    26.3580     0.0406      1.235      0.472 0.0000e+00
    365.804       8780    176.121 -106.98008   17.02058    175.000    12.2871    12.2871   4.011862   4.011990 7.6753e-02    12.3455     4.5667 5.0671e-02          0     4.5667     0.0255     0.5098     0.0000     4.6484     0.0000     0.0049     0.0000     0.5090    34.7718    34.7730    26.3611    26.3621     0.0420      1.279      0.488 0.0000e+00
    366.623       8800    177.128 -106.98008   17.02058    176.000    12.2619    12.2620   4.009335   4.009435 7.5849e-02    12.3453     4.5670 5.0671e-02          0     4.5670     0.0252     0.5097     0.0000     4.6463     0.0000     0.0049     0.0000     0.5089    34.7702    34.7711    26.3648    26.3655     0.0407      1.240      0.473 0.0000e+00
    367.451       8820    178.135 -106.98008   17.02058    177.000    12.2319    12.2320   4.006330   4.006452 7.5824e-02    12.3449     4.5674 5.0671e-02          0     4.5674     0.0252     0.5098     0.0000     4.6485     0.0000     0.0049     0.0000     0.5090    34.7685    34.7696    26.3693    26.3701     0.0406      1.236      0.471 0.0000e+00
    368.335       8841    179.142 -106.98008   17.02058    178.000    12.2210    12.2211   4.005255   4.005399 7.5433e-02    12.3453     4.5670 5.0671e-02          0     4.5670     0.0251     0.5095     0.0000     4.6502     0.0000     0.0049     0.0000     0.5087    34.7678    34.7691    26.3709    26.3718     0.0390      1.187      0.452 0.0000e+00
    369.352       8865    180.149 -106.98008   17.02058    179.000    12.2079    12.2079   4.004024   4.004154 7.4249e-02    12.3449     4.5674 5.0671e-02          0     4.5674     0.0247     0.5095     0.0000     4.6507     0.0000     0.0049     0.0000     0.5087    34.7676    34.7689    26.3733    26.3742     0.0410      1.247      0.475 0.0000e+00
    370.457       8892    181.156 -106.98008   17.02058    180.000    12.1906    12.1911   4.002324   4.002535 7.4887e-02    12.3447     4.5677 5.0671e-02          0     4.5677     0.0249     0.5096     0.0000     4.6519     0.0000     0.0049     0.0000     0.5088    34.7668    34.7683    26.3760    26.3771     0.0405      1.235      0.470 0.0000e+00
    371.529       8918    182.163 -106.98008   17.02058    181.000    12.1893    12.1899   4.002273   4.002483 7.4148e-02    12.3450     4.5673 5.0671e-02          0     4.5673     0.0247     0.5095     0.0000     4.6526     0.0000     0.0049     0.0000     0.5087    34.7670    34.7685    26.3764    26.3774     0.0401      1.222      0.465 0.0000e+00
    372.582       8943    183.169 -106.98008   17.02058    182.000    12.1863    12.1868   4.002008   4.002204 7.4796e-02    12.3449     4.5674 5.0671e-02          0     4.5674     0.0249     0.5094     0.0000     4.6532     0.0000     0.0049     0.0000     0.5086    34.7668    34.7683    26.3768    26.3779     0.0398      1.211      0.461 0.0000e+00
    373.661       8969    184.176 -106.98008   17.02058    183.000    12.1837    12.1841   4.001802   4.002007 7.4672e-02    12.3449     4.5675 5.0671e-02          0     4.5675     0.0249     0.5095     0.0000     4.6532     0.0000     0.0049     0.0000     0.5087    34.7668    34.7684    26.3774    26.3785     0.0405      1.232      0.469 0.0000e+00
    374.718       8994    185.183 -106.98008   17.02058    184.000    12.1719    12.1713   4.000604   4.000677 7.4181e-02    12.3450     4.5673 5.0671e-02          0     4.5673     0.0247     0.5094     0.0000     4.6533     0.0000     0.0049     0.0000     0.5086    34.7657    34.7670    26.3788    26.3799     0.0393      1.198      0.456 0.0000e+00
    375.692       9018    186.190 -106.98008   17.02058    185.000    12.1387    12.1383   3.997304   3.997399 7.3256e-02    12.3447     4.5676 5.0671e-02          0     4.5676     0.0244     0.5094     0.0000     4.6531     0.0000     0.0049     0.0000     0.5086    34.7641    34.7654    26.3840    26.3851     0.0404      1.230      0.468 0.0000e+00
    376.605       9040    187.197 -106.98008   17.02058    186.000    12.1201    12.1208   3.995790   3.996022 7.3260e-02    12.3442     4.5682 5.0671e-02          0     4.5682     0.0244     0.5094     0.0000     4.6533     0.0000     0.0049     0.0000     0.5086    34.7662    34.7679    26.3892    26.3904     0.0399      1.213      0.461 0.0000e+00
    377.514       9061    188.204 -106.98008   17.02058    187.000    12.1191    12.1194   3.995841   3.996038 7.3260e-02    12.3441     4.5684 5.0671e-02          0     4.5684     0.0244     0.5094     0.0000     4.6533     0.0000     0.0049     0.0000     0.5086    34.7672    34.7689    26.3902    26.3915     0.0407      1.240      0.471 0.0000e+00
    378.483       9085    189.211 -106.98008   17.02057    188.000    12.0723    12.0699   3.991204   3.991071 7.3260e-02    12.3442     4.5682 5.0671e-02          0     4.5682     0.0244     0.5096     0.0000     4.6533     0.0000     0.0049     0.0000     0.5088    34.7652    34.7661    26.3976    26.3988     0.0416      1.267      0.481 0.0000e+00
    379.594       9111    190.218 -106.98008   17.02056    189.000    12.0118    12.0116   3.985429   3.985552 7.2482e-02    12.3435     4.5690 5.0671e-02          0     4.5690     0.0241     0.5094     0.0000     4.6540     0.0000     0.0049     0.0000     0.5086    34.7649    34.7663    26.4090    26.4101     0.0388      1.183      0.449 0.0000e+00
    380.777       9140    191.224 -106.98008   17.02056    190.000    12.0027    12.0031   3.984521   3.984731 7.2738e-02    12.3435     4.5690 5.0671e-02          0     4.5690     0.0242     0.5092     0.0000     4.6545     0.0000     0.0049     0.0000     0.5084    34.7642    34.7658    26.4101    26.4114     0.0395      1.202      0.456 0.0000e+00
    381.938       9168    192.232 -106.98008   17.02056    191.000    11.9869    11.9874   3.982947   3.983126 7.2475e-02    12.3435     4.5690 5.0671e-02          0     4.5690     0.0241     0.5094     0.0000     4.6546     0.0000     0.0049     0.0000     0.5086    34.7631    34.7644    26.4123    26.4133     0.0401      1.220      0.463 0.0000e+00
