data/ctd-cnv/RR1804/Station32_cast43.cnv
* Sea-Bird SBE 9 Data File:
* FileName = C:\CTD\RR1805\Station32_cast43.hex
* Software Version Seasave V 7.26.6.26
* Temperature SN = 4307
* Conductivity SN = 4650
* Number of Bytes Per Scan = 44
* Number of Voltage Words = 5
* Number of Scans Averaged by the Deck Unit = 1
* NMEA Latitude = 16 54.97 N
* NMEA Longitude = 107 01.02 W
* NMEA UTC (Time) = Apr 15 2018 15:06:02
** Ship: Revell
** Station: 32
** Operator: clara
** cast 43
# nquan = 32
# nvalues = 851                         
# units = specified
# name 0 = timeS: Time, Elapsed [seconds]
# name 1 = scan: Scan Count
# name 2 = prDM: Pressure, Digiquartz [db]
# name 3 = longitude: Longitude [deg]
# name 4 = latitude: Latitude [deg]
# name 5 = depSM: Depth [salt water, m]
# name 6 = t090C: Temperature [ITS-90, deg C]
# name 7 = t190C: Temperature, 2 [ITS-90, deg C]
# name 8 = c0S/m: Conductivity [S/m]
# name 9 = c1S/m: Conductivity, 2 [S/m]
# name 10 = flSP: Fluorescence, Seapoint
# name 11 = CStarAt0: Beam Attenuation, WET Labs C-Star [1/m]
# name 12 = CStarTr0: Beam Transmission, WET Labs C-Star [%]
# name 13 = par: PAR/Irradiance, Biospherical/Licor
# name 14 = modError: Modulo Error Count
# name 15 = v0: Voltage 0
# name 16 = v1: Voltage 1
# name 17 = v2: Voltage 2
# name 18 = v3: Voltage 3
# name 19 = v4: Voltage 4
# name 20 = v5: Voltage 5
# name 21 = v6: Voltage 6
# name 22 = v7: Voltage 7
# name 23 = sbeox0V: Oxygen raw, SBE 43 [V]
# name 24 = sal00: Salinity, Practical [PSU]
# name 25 = sal11: Salinity, Practical, 2 [PSU]
# name 26 = sigma-é00: Density [sigma-theta, kg/m^3]
# name 27 = sigma-é11: Density, 2 [sigma-theta, kg/m^3]
# name 28 = sbeox0Mg/L: Oxygen, SBE 43 [mg/l], WS = 2
# name 29 = sbox0Mm/Kg: Oxygen, SBE 43 [umol/kg], WS = 2
# name 30 = sbeox0PS: Oxygen, SBE 43 [% saturation], WS = 2
# name 31 = flag: flag
# span 0 =     25.107,   1171.756       
# span 1 =        604,      28123       
# span 2 =      1.006,    857.854       
# span 3 = -107.01708, -107.01704       
# span 4 =   16.91624,   16.91628       
# span 5 =      1.000,    851.000       
# span 6 =     5.4388,    26.6932       
# span 7 =     5.4408,    26.6918       
# span 8 =   3.383017,   5.398270       
# span 9 =   3.383308,   5.922220       
# span 10 = 7.0152e-02, 1.0375e+00      
# span 11 =    12.3206,    13.3400      
# span 12 =     4.3036,     4.5952      
# span 13 = 5.0660e-02, 1.2825e+03      
# span 14 =          0,          0      
# span 15 =     4.3036,     4.5952      
# span 16 =     0.0234,     0.3458      
# span 17 =     0.5053,     2.8041      
# span 18 =     0.0000,     0.0000      
# span 19 =     0.8324,     4.7227      
# span 20 =     0.0000,     0.0000      
# span 21 =     0.0048,     4.3295      
# span 22 =     0.0000,     0.0000      
# span 23 =     0.5047,     2.8041      
# span 24 =    34.2158,    34.8061      
# span 25 =    34.2129,    43.8133      
# span 26 =    22.3204,    27.2644      
# span 27 =    22.3277,    31.6380      
# span 28 =     0.0269,     6.8447      
# span 29 =      0.818,    209.059      
# span 30 =      0.282,    101.134      
# span 31 = 0.0000e+00, 0.0000e+00      
# interval = meters: 1                  
# start_time = Apr 15 2018 15:06:36 [System UTC, first data scan.]
# bad_flag = -9.990e-29
*END*
[from data line 544]
    839.826      20157    548.983 -107.01706   16.91627    545.000     7.2847     7.2850   3.537691   3.537893 7.3323e-02    12.3235     4.5920 5.2382e-02          0     4.5920     0.0244     0.5055     0.0000     4.6194     0.0000     0.0189     0.0000     0.5049    34.5451    34.5471    27.0282    27.0296     0.0307      0.934      0.319 0.0000e+00
    841.164      20189    549.992 -107.01706   16.91627    546.000     7.2758     7.2758   3.536903   3.537067 7.3939e-02    12.3234     4.5920 5.1182e-02          0     4.5920     0.0246     0.5057     0.0000     4.6183     0.0000     0.0091     0.0000     0.5051    34.5449    34.5467    27.0293    27.0307     0.0308      0.936      0.320 0.0000e+00
    842.204      20214    551.000 -107.01706   16.91626    547.000     7.2666     7.2668   3.536084   3.536269 7.3738e-02    12.3237     4.5917 5.0817e-02          0     4.5917     0.0246     0.5055     0.0000     4.5879     0.0000     0.0061     0.0000     0.5049    34.5446    34.5465    27.0303    27.0318     0.0297      0.903      0.309 0.0000e+00
    843.125      20236    552.009 -107.01706   16.91626    548.000     7.2605     7.2608   3.535539   3.535726 7.3249e-02    12.3235     4.5920 5.0668e-02          0     4.5920     0.0244     0.5056     0.0000     4.5871     0.0000     0.0049     0.0000     0.5050    34.5443    34.5461    27.0310    27.0323     0.0324      0.986      0.337 0.0000e+00
    843.956      20256    553.017 -107.01706   16.91626    549.000     7.2553     7.2555   3.535088   3.535280 7.4009e-02    12.3235     4.5920 5.0827e-02          0     4.5920     0.0246     0.5057     0.0000     4.5973     0.0000     0.0062     0.0000     0.5051    34.5441    34.5460    27.0316    27.0330     0.0315      0.959      0.328 0.0000e+00
    844.715      20274    554.026 -107.01706   16.91626    550.000     7.2489     7.2493   3.534520   3.534708 7.3253e-02    12.3234     4.5921 5.0704e-02          0     4.5921     0.0244     0.5057     0.0000     4.5976     0.0000     0.0052     0.0000     0.5051    34.5438    34.5454    27.0322    27.0334     0.0311      0.946      0.323 0.0000e+00
    845.415      20291    555.035 -107.01706   16.91626    551.000     7.2425     7.2426   3.533938   3.534128 7.3260e-02    12.3233     4.5922 5.0670e-02          0     4.5922     0.0244     0.5056     0.0000     4.5959     0.0000     0.0049     0.0000     0.5050    34.5434    34.5453    27.0328    27.0343     0.0301      0.917      0.313 0.0000e+00
    846.066      20307    556.043 -107.01706   16.91626    552.000     7.2330     7.2333   3.533103   3.533299 7.3720e-02    12.3233     4.5922 5.0725e-02          0     4.5922     0.0246     0.5056     0.0000     4.5968     0.0000     0.0054     0.0000     0.5050    34.5432    34.5451    27.0340    27.0355     0.0306      0.930      0.318 0.0000e+00
    846.686      20321    557.052 -107.01706   16.91626    553.000     7.2287     7.2292   3.532769   3.532983 7.3747e-02    12.3239     4.5915 5.0673e-02          0     4.5915     0.0246     0.5057     0.0000     4.6024     0.0000     0.0049     0.0000     0.5051    34.5434    34.5453    27.0347    27.0361     0.0311      0.946      0.323 0.0000e+00
    847.318      20337    558.061 -107.01706   16.91626    554.000     7.2219     7.2220   3.532138   3.532303 7.3510e-02    12.3234     4.5920 5.0953e-02          0     4.5920     0.0245     0.5055     0.0000     4.6097     0.0000     0.0073     0.0000     0.5049    34.5428    34.5445    27.0352    27.0366     0.0288      0.874      0.299 0.0000e+00
    848.010      20353    559.069 -107.01706   16.91626    555.000     7.2090     7.2092   3.530994   3.531175 7.3464e-02    12.3235     4.5920 5.0676e-02          0     4.5920     0.0245     0.5055     0.0000     4.6107     0.0000     0.0049     0.0000     0.5049    34.5427    34.5445    27.0370    27.0384     0.0301      0.915      0.312 0.0000e+00
    848.950      20376    560.078 -107.01706   16.91626    556.000     7.1990     7.1992   3.530094   3.530272 7.3266e-02    12.3240     4.5913 5.0676e-02          0     4.5913     0.0244     0.5055     0.0000     4.6106     0.0000     0.0049     0.0000     0.5049    34.5423    34.5441    27.0381    27.0395     0.0315      0.957      0.327 0.0000e+00
    850.888      20422    561.087 -107.01706   16.91625    557.000     7.1950     7.1910   3.529810   3.529564 7.3260e-02    12.3237     4.5917 5.0697e-02          0     4.5917     0.0244     0.5056     0.0000     4.6076     0.0000     0.0051     0.0000     0.5050    34.5428    34.5440    27.0390    27.0406     0.0308      0.936      0.320 0.0000e+00
    853.317      20481    562.095 -107.01706   16.91624    558.000     7.1874     7.1865   3.529115   3.529184 7.3366e-02    12.3235     4.5920 5.1325e-02          0     4.5920     0.0244     0.5056     0.0000     4.6105     0.0000     0.0104     0.0000     0.5050    34.5423    34.5439    27.0397    27.0411     0.0303      0.922      0.315 0.0000e+00
    854.420      20507    563.104 -107.01704   16.91624    559.000     7.1798     7.1806   3.528469   3.528717 7.4379e-02    12.3234     4.5921 5.2992e-02          0     4.5921     0.0248     0.5056     0.0000     4.6081     0.0000     0.0239     0.0000     0.5050    34.5423    34.5443    27.0408    27.0422     0.0311      0.947      0.323 0.0000e+00
    855.257      20527    564.113 -107.01704   16.91624    560.000     7.1758     7.1766   3.528153   3.528401 7.3251e-02    12.3231     4.5924 5.1438e-02          0     4.5924     0.0244     0.5056     0.0000     4.5956     0.0000     0.0113     0.0000     0.5050    34.5424    34.5443    27.0415    27.0428     0.0325      0.989      0.337 0.0000e+00
    855.955      20544    565.122 -107.01704   16.91624    561.000     7.1678     7.1676   3.527447   3.527596 7.3495e-02    12.3240     4.5914 5.0950e-02          0     4.5914     0.0245     0.5057     0.0000     4.6045     0.0000     0.0072     0.0000     0.5051    34.5422    34.5440    27.0424    27.0438     0.0307      0.934      0.318 0.0000e+00
    856.592      20559    566.130 -107.01704   16.91624    562.000     7.1567     7.1568   3.526450   3.526618 7.3257e-02    12.3232     4.5923 5.0971e-02          0     4.5923     0.0244     0.5056     0.0000     4.6126     0.0000     0.0074     0.0000     0.5050    34.5419    34.5436    27.0437    27.0451     0.0298      0.907      0.309 0.0000e+00
    857.208      20574    567.139 -107.01704   16.91624    563.000     7.1365     7.1365   3.524607   3.524756 7.3260e-02    12.3232     4.5923 5.1372e-02          0     4.5923     0.0244     0.5057     0.0000     4.6158     0.0000     0.0107     0.0000     0.5051    34.5414    34.5431    27.0461    27.0475     0.0306      0.932      0.318 0.0000e+00
    857.822      20589    568.148 -107.01704   16.91624    564.000     7.1193     7.1197   3.523071   3.523275 7.3260e-02    12.3235     4.5920 5.1331e-02          0     4.5920     0.0244     0.5055     0.0000     4.6135     0.0000     0.0104     0.0000     0.5049    34.5412    34.5431    27.0484    27.0499     0.0312      0.949      0.323 0.0000e+00
    858.473      20604    569.157 -107.01704   16.91624    565.000     7.1150     7.1154   3.522699   3.522908 7.3260e-02    12.3234     4.5921 5.0984e-02          0     4.5921     0.0244     0.5057     0.0000     4.6107     0.0000     0.0075     0.0000     0.5051    34.5410    34.5429    27.0488    27.0503     0.0312      0.949      0.323 0.0000e+00
    859.280      20624    570.165 -107.01704   16.91624    566.000     7.1131     7.1135   3.522563   3.522755 7.4045e-02    12.3232     4.5923 5.1747e-02          0     4.5923     0.0247     0.5055     0.0000     4.6166     0.0000     0.0138     0.0000     0.5049    34.5409    34.5427    27.0490    27.0504     0.0296      0.900      0.306 0.0000e+00
    860.762      20659    571.174 -107.01704   16.91624    567.000     7.1118     7.1121   3.522467   3.522666 7.3360e-02    12.3233     4.5923 5.1680e-02          0     4.5923     0.0244     0.5055     0.0000     4.6395     0.0000     0.0131     0.0000     0.5049    34.5407    34.5426    27.0491    27.0505     0.0303      0.922      0.314 0.0000e+00
    862.629      20704    572.183 -107.01704   16.91624    568.000     7.1097     7.1099   3.522342   3.522524 7.3916e-02    12.3233     4.5922 5.1168e-02          0     4.5922     0.0246     0.5055     0.0000     4.6485     0.0000     0.0091     0.0000     0.5049    34.5409    34.5428    27.0496    27.0510     0.0306      0.931      0.317 0.0000e+00
    863.823      20733    573.192 -107.01704   16.91624    569.000     7.1072     7.1074   3.522161   3.522355 7.3244e-02    12.3234     4.5921 5.2565e-02          0     4.5921     0.0244     0.5055     0.0000     4.6261     0.0000     0.0205     0.0000     0.5049    34.5410    34.5429    27.0500    27.0515     0.0313      0.953      0.325 0.0000e+00
    864.742      20755    574.200 -107.01704   16.91624    570.000     7.0988     7.0987   3.521422   3.521582 7.3433e-02    12.3231     4.5924 5.2809e-02          0     4.5924     0.0245     0.5056     0.0000     4.5993     0.0000     0.0223     0.0000     0.5050    34.5408    34.5426    27.0510    27.0525     0.0308      0.936      0.319 0.0000e+00
    865.577      20775    575.209 -107.01704   16.91624    571.000     7.0787     7.0785   3.519604   3.519733 7.3261e-02    12.3232     4.5923 5.6539e-02          0     4.5923     0.0244     0.5055     0.0000     4.5974     0.0000     0.0518     0.0000     0.5049    34.5405    34.5421    27.0536    27.0548     0.0299      0.910      0.309 0.0000e+00
    866.417      20795    576.218 -107.01704   16.91624    572.000     7.0594     7.0596   3.517896   3.518085 7.4012e-02    12.3234     4.5921 5.4739e-02          0     4.5921     0.0246     0.5056     0.0000     4.6340     0.0000     0.0379     0.0000     0.5050    34.5406    34.5424    27.0563    27.0577     0.0312      0.949      0.323 0.0000e+00
    867.314      20817    577.227 -107.01704   16.91624    573.000     7.0554     7.0556   3.517577   3.517759 7.3592e-02    12.3232     4.5923 5.4274e-02          0     4.5923     0.0245     0.5056     0.0000     4.6407     0.0000     0.0339     0.0000     0.5050    34.5406    34.5424    27.0569    27.0583     0.0311      0.946      0.322 0.0000e+00
    868.289      20840    578.235 -107.01704   16.91624    574.000     7.0520     7.0523   3.517304   3.517499 7.3409e-02    12.3232     4.5923 5.1972e-02          0     4.5923     0.0244     0.5055     0.0000     4.6388     0.0000     0.0156     0.0000     0.5049    34.5405    34.5424    27.0573    27.0587     0.0303      0.923      0.314 0.0000e+00
    869.279      20864    579.244 -107.01704   16.91624    575.000     7.0468     7.0469   3.516897   3.517055 7.3259e-02    12.3233     4.5921 5.0660e-02          0     4.5921     0.0244     0.5057     0.0000     4.6420     0.0000     0.0048     0.0000     0.5051    34.5408    34.5424    27.0582    27.0595     0.0322      0.979      0.333 0.0000e+00
    870.214      20886    580.253 -107.01704   16.91624    576.000     7.0435     7.0439   3.516647   3.516841 7.3424e-02    12.3232     4.5923 5.0749e-02          0     4.5923     0.0245     0.5056     0.0000     4.6435     0.0000     0.0056     0.0000     0.5050    34.5408    34.5426    27.0587    27.0601     0.0296      0.901      0.306 0.0000e+00
    871.147      20909    581.262 -107.01704   16.91624    577.000     7.0420     7.0423   3.516547   3.516744 7.3260e-02    12.3231     4.5924 5.1356e-02          0     4.5924     0.0244     0.5056     0.0000     4.6433     0.0000     0.0106     0.0000     0.5050    34.5408    34.5427    27.0589    27.0604     0.0315      0.957      0.325 0.0000e+00
    872.185      20933    582.270 -107.01704   16.91624    578.000     7.0359     7.0360   3.516030   3.516196 7.3122e-02    12.3229     4.5926 5.0970e-02          0     4.5926     0.0244     0.5056     0.0000     4.6445     0.0000     0.0074     0.0000     0.5050    34.5407    34.5424    27.0597    27.0610     0.0306      0.932      0.317 0.0000e+00
    873.394      20962    583.279 -107.01704   16.91624    579.000     7.0313     7.0316   3.515655   3.515857 7.3262e-02    12.3228     4.5928 5.0933e-02          0     4.5928     0.0244     0.5055     0.0000     4.6446     0.0000     0.0071     0.0000     0.5049    34.5407    34.5426    27.0604    27.0618     0.0309      0.942      0.320 0.0000e+00
    874.553      20990    584.288 -107.01704   16.91624    580.000     7.0241     7.0233   3.515012   3.515097 7.3260e-02    12.3229     4.5926 5.1750e-02          0     4.5926     0.0244     0.5057     0.0000     4.6467     0.0000     0.0138     0.0000     0.5051    34.5404    34.5421    27.0611    27.0625     0.0319      0.969      0.329 0.0000e+00
    875.547      21014    585.297 -107.01706   16.91624    581.000     7.0066     7.0069   3.513473   3.513673 7.3420e-02    12.3227     4.5928 5.0767e-02          0     4.5928     0.0245     0.5056     0.0000     4.6391     0.0000     0.0057     0.0000     0.5050    34.5405    34.5424    27.0636    27.0651     0.0297      0.903      0.307 0.0000e+00
    876.452      21036    586.306 -107.01706   16.91624    582.000     6.9961     6.9975   3.512540   3.512834 7.3261e-02    12.3228     4.5928 5.3543e-02          0     4.5928     0.0244     0.5056     0.0000     4.6460     0.0000     0.0282     0.0000     0.5050    34.5404    34.5421    27.0650    27.0661     0.0311      0.946      0.321 0.0000e+00
    877.368      21058    587.315 -107.01706   16.91624    583.000     6.9899     6.9902   3.512036   3.512211 7.3260e-02    12.3232     4.5924 5.0992e-02          0     4.5924     0.0244     0.5056     0.0000     4.6355     0.0000     0.0075     0.0000     0.5050    34.5405    34.5421    27.0659    27.0672     0.0305      0.928      0.315 0.0000e+00
    878.343      21081    588.323 -107.01706   16.91624    584.000     6.9865     6.9868   3.511757   3.511938 7.4166e-02    12.3232     4.5923 5.2003e-02          0     4.5923     0.0247     0.5056     0.0000     4.6368     0.0000     0.0159     0.0000     0.5050    34.5403    34.5420    27.0663    27.0676     0.0312      0.949      0.322 0.0000e+00
    879.364      21106    589.332 -107.01706   16.91626    585.000     6.9777     6.9779   3.510971   3.511152 7.3850e-02    12.3227     4.5929 5.1894e-02          0     4.5929     0.0246     0.5055     0.0000     4.6450     0.0000     0.0149     0.0000     0.5049    34.5400    34.5419    27.0673    27.0687     0.0306      0.931      0.316 0.0000e+00
    880.377      21130    590.341 -107.01704   16.91626    586.000     6.9667     6.9667   3.510010   3.510174 7.3418e-02    12.3232     4.5923 5.2040e-02          0     4.5923     0.0245     0.5056     0.0000     4.6478     0.0000     0.0163     0.0000     0.5050    34.5400    34.5418    27.0688    27.0702     0.0313      0.953      0.323 0.0000e+00
    881.396      21155    591.350 -107.01704   16.91626    587.000     6.9484     6.9481   3.508366   3.508478 7.3401e-02    12.3233     4.5922 5.1320e-02          0     4.5922     0.0244     0.5056     0.0000     4.6471     0.0000     0.0103     0.0000     0.5050    34.5398    34.5413    27.0711    27.0723     0.0305      0.928      0.315 0.0000e+00
    882.497      21181    592.359 -107.01704   16.91626    588.000     6.9312     6.9311   3.506827   3.506985 7.3260e-02    12.3230     4.5926 5.1228e-02          0     4.5926     0.0244     0.5055     0.0000     4.6474     0.0000     0.0095     0.0000     0.5049    34.5396    34.5414    27.0734    27.0747     0.0302      0.920      0.312 0.0000e+00
    883.684      21209    593.368 -107.01704   16.91626    589.000     6.9225     6.9226   3.506074   3.506253 7.3260e-02    12.3226     4.5930 5.0713e-02          0     4.5930     0.0244     0.5055     0.0000     4.6476     0.0000     0.0053     0.0000     0.5049    34.5396    34.5414    27.0745    27.0759     0.0310      0.943      0.320 0.0000e+00
