data/ctd-cnv/RR1804/Station32_cast52.cnv
* Sea-Bird SBE 9 Data File:
* FileName = C:\CTD\RR1805\Station32_cast52.hex
* Software Version Seasave V 7.26.6.26
* Temperature SN = 4307
* Conductivity SN = 4650
* Number of Bytes Per Scan = 44
* Number of Voltage Words = 5
* Number of Scans Averaged by the Deck Unit = 1
* NMEA Latitude = 17 01.23 N
* NMEA Longitude = 106 58.80 W
* NMEA UTC (Time) = Apr 19 2018 12:06:26
** Ship: Revell
** Station: 32 (P2)
** Operator: Natalie
** cast 52 diel
# nquan = 32
# nvalues = 200                         
# units = specified
# name 0 = timeS: Time, Elapsed [seconds]
# name 1 = scan: Scan Count
# name 2 = prDM: Pressure, Digiquartz [db]
# name 3 = longitude: Longitude [deg]
# name 4 = latitude: Latitude [deg]
# name 5 = depSMignore: Depth [salt water, m]
# name 6 = t090C: Temperature [ITS-90, deg C]
# name 7 = t190C: Temperature, 2 [ITS-90, deg C]
# name 8 = c0S/m: Conductivity [S/m]
# name 9 = c1S/m: Conductivity, 2 [S/m]
# name 10 = flSP: Fluorescence, Seapoint
# name 11 = CStarAt0: Beam Attenuation, WET Labs C-Star [1/m]
# name 12 = CStarTr0: Beam Transmission, WET Labs C-Star [%]
# name 13 = par: PAR/Irradiance, Biospherical/Licor
# name 14 = modError: Modulo Error Count
# name 15 = v0: Voltage 0
# name 16 = v1: Voltage 1
# name 17 = v2: Voltage 2
# name 18 = v3: Voltage 3
# name 19 = v4: Voltage 4
# name 20 = v5: Voltage 5
# name 21 = v6: Voltage 6
# name 22 = v7: Voltage 7
# name 23 = sbeox0V: Oxygen raw, SBE 43 [V]
# name 24 = sal00: Salinity, Practical [PSU]
# name 25 = sal11: Salinity, Practical, 2 [PSU]
# name 26 = sigma-é00: Density [sigma-theta, kg/m^3]
# name 27 = sigma-é11: Density, 2 [sigma-theta, kg/m^3]
# name 28 = sbeox0Mg/L: Oxygen, SBE 43 [mg/l], WS = 2
# name 29 = sbox0Mm/Kg: Oxygen, SBE 43 [umol/kg], WS = 2
# name 30 = sbeox0PS: Oxygen, SBE 43 [% saturation], WS = 2
# name 31 = flag: flag
# span 0 =     -2.977,    349.821       
# span 1 =        -70,       8397       
# span 2 =      1.006,    201.294       
# span 3 = -106.98006, -106.98000       
# span 4 =   17.02058,   17.02064       
# span 5 =      1.000,    200.000       
# span 6 =    11.9209,    26.9205       
# span 7 =    11.9221,    26.9192       
# span 8 =   3.976411,   5.406043       
# span 9 =   3.976668,   5.406224       
# span 10 = 7.1989e-02, 1.1904e+00      
# span 11 =    12.3350,    12.4326      
# span 12 =     4.4683,     4.5788      
# span 13 = 1.4331e-02, 2.1037e-01      
# span 14 =          0,          0      
# span 15 =     4.4683,     4.5788      
# span 16 =     0.0240,     0.3968      
# span 17 =     0.5091,     2.8237      
# span 18 =     0.0000,     0.0000      
# span 19 =     0.3614,     4.6809      
# span 20 =     0.0000,     0.0000      
# span 21 =    -0.1332,     0.6399      
# span 22 =     0.0000,     0.0000      
# span 23 =     0.5083,     2.8237      
# span 24 =    34.2297,    34.8016      
# span 25 =    34.2246,    34.8020      
# span 26 =    22.1907,    26.4206      
# span 27 =    22.1929,    26.4215      
# span 28 =     0.0386,     6.8169      
# span 29 =      1.176,    208.307      
# span 30 =      0.446,    101.885      
# span 31 = 0.0000e+00, 0.0000e+00      
# interval = meters: 1                  
# start_time = Apr 19 2018 12:06:31 [System UTC, first data scan.]
# bad_flag = -9.990e-29
*END*
     -2.977        -70      1.006 -106.98004   17.02060      1.000    26.9164    26.9166   5.405597   5.405961 1.0441e-01    12.3616     4.5483 1.4331e-02          0     4.5483     0.0348     2.7509     0.0000     4.5792     0.0000    -0.1332     0.0000     2.7509    34.2665    34.2690    22.1921    22.1939     6.4771    198.019     98.381 0.0000e+00
     17.273        416      2.012 -106.98004   17.02060      2.000    26.9205    26.9192   5.406043   5.406224 1.1297e-01    12.3624     4.5476 2.1037e-01          0     4.5476     0.0377     2.7464     0.0000     4.2852     0.0000     0.6399     0.0000     2.7464    34.2664    34.2686    22.1907    22.1929     6.4765    197.999     98.377 0.0000e+00
     24.080        579      3.018 -106.98004   17.02062      3.000    26.9138    26.9151   5.405585   5.405996 1.1654e-01    12.3624     4.5475 5.4945e-02          0     4.5475     0.0389     2.7505     0.0000     4.5193     0.0000     0.0220     0.0000     2.7505    34.2677    34.2697    22.1940    22.1950     6.4819    198.164     98.449 0.0000e+00
     30.717        738      4.024 -106.98004   17.02062      4.000    26.9129    26.9133   5.405315   5.405665 1.0602e-01    12.3621     4.5479 5.0671e-02          0     4.5479     0.0353     2.7421     0.0000     4.5250     0.0000     0.0049     0.0000     2.7421    34.2662    34.2683    22.1931    22.1946     6.4594    197.477     98.106 0.0000e+00
     31.741        763      5.030 -106.98002   17.02062      5.000    26.9114    26.9119   5.405296   5.405628 1.0946e-01    12.3626     4.5472 5.0671e-02          0     4.5472     0.0365     2.7472     0.0000     4.5260     0.0000     0.0049     0.0000     2.7472    34.2669    34.2689    22.1942    22.1956     6.4801    198.108     98.417 0.0000e+00
     34.386        826      6.036 -106.98002   17.02062      6.000    26.9097    26.9096   5.405225   5.405523 1.1390e-01    12.3610     4.5491 5.0671e-02          0     4.5491     0.0380     2.7456     0.0000     4.5275     0.0000     0.0049     0.0000     2.7456    34.2673    34.2695    22.1952    22.1968     6.4659    197.675     98.200 0.0000e+00
     37.452        900      7.042 -106.98004   17.02064      7.000    26.9048    26.9036   5.404984   5.405179 1.1509e-01    12.3617     4.5483 5.0671e-02          0     4.5483     0.0384     2.7452     0.0000     4.5275     0.0000     0.0049     0.0000     2.7452    34.2689    34.2712    22.1980    22.2001     6.4754    197.965     98.337 0.0000e+00
     39.255        943      8.048 -106.98002   17.02064      8.000    26.8958    26.8972   5.404428   5.404803 1.1004e-01    12.3621     4.5478 5.0671e-02          0     4.5478     0.0367     2.7447     0.0000     4.5275     0.0000     0.0049     0.0000     2.7447    34.2713    34.2729    22.2027    22.2035     6.4652    197.651     98.168 0.0000e+00
     41.215        990      9.054 -106.98002   17.02064      9.000    26.8783    26.8869   5.403051   5.404027 1.1292e-01    12.3612     4.5489 5.0671e-02          0     4.5489     0.0376     2.7380     0.0000     4.5276     0.0000     0.0049     0.0000     2.7380    34.2741    34.2746    22.2105    22.2081     6.4511    197.218     97.927 0.0000e+00
     43.336       1041     10.060 -106.98002   17.02064     10.000    26.2526    26.1960   5.353560   5.349991 1.3534e-01    12.3690     4.5400 5.0671e-02          0     4.5400     0.0451     2.7781     0.0000     4.5280     0.0000     0.0049     0.0000     2.7781    34.3837    34.4002    22.4899    22.5200     6.7097    205.069    100.852 0.0000e+00
     45.367       1090     11.066 -106.98002   17.02064     11.000    25.9756    25.9636   5.333029   5.332402 1.4859e-01    12.3728     4.5357 5.0671e-02          0     4.5357     0.0495     2.8063     0.0000     4.5294     0.0000     0.0049     0.0000     2.8063    34.4422    34.4466    22.6208    22.6279     6.7674    206.807    101.286 0.0000e+00
     47.978       1152     12.072 -106.98002   17.02064     12.000    25.9355    25.9222   5.329882   5.329047 1.5065e-01    12.3729     4.5355 5.0671e-02          0     4.5355     0.0502     2.8097     0.0000     4.5304     0.0000     0.0049     0.0000     2.8097    34.4491    34.4531    22.6386    22.6458     6.7540    206.394    101.022 0.0000e+00
     49.360       1186     13.078 -106.98002   17.02064     13.000    25.8867    25.8854   5.326847   5.327111 1.3592e-01    12.3728     4.5356 5.0671e-02          0     4.5356     0.0453     2.8094     0.0000     4.5311     0.0000     0.0049     0.0000     2.8094    34.4634    34.4664    22.6647    22.6673     6.7835    207.291    101.389 0.0000e+00
     50.510       1213     14.084 -106.98002   17.02064     14.000    25.8775    25.8776   5.327613   5.327927 1.3927e-01    12.3750     4.5331 5.0671e-02          0     4.5331     0.0464     2.8192     0.0000     4.5311     0.0000     0.0049     0.0000     2.8193    34.4757    34.4779    22.6768    22.6785     6.8132    208.195    101.823 0.0000e+00
     52.797       1268     15.090 -106.98002   17.02064     15.000    25.8799    25.8810   5.328458   5.328726 1.4921e-01    12.3745     4.5337 5.0671e-02          0     4.5337     0.0497     2.8237     0.0000     4.5311     0.0000     0.0049     0.0000     2.8237    34.4797    34.4808    22.6792    22.6796     6.8169    208.307    101.885 0.0000e+00
     55.885       1342     16.096 -106.98000   17.02064     16.000    25.8499    25.8495   5.327971   5.328154 1.5136e-01    12.3741     4.5342 5.0671e-02          0     4.5342     0.0505     2.8227     0.0000     4.5312     0.0000     0.0049     0.0000     2.8227    34.4984    34.5001    22.7027    22.7041     6.7957    207.654    101.528 0.0000e+00
     57.861       1390     17.102 -106.98000   17.02064     17.000    25.7222    25.7147   5.314607   5.314046 1.5805e-01    12.3747     4.5335 5.0671e-02          0     4.5335     0.0527     2.8090     0.0000     4.5318     0.0000     0.0049     0.0000     2.8090    34.4971    34.4987    22.7413    22.7448     6.7692    206.837    100.914 0.0000e+00
     59.783       1436     18.109 -106.98000   17.02064     18.000    25.5027    25.4969   5.287504   5.287038 1.5717e-01    12.3773     4.5305 5.0667e-02          0     4.5305     0.0524     2.7896     0.0000     4.5322     0.0000     0.0049     0.0000     2.7896    34.4646    34.4656    22.7844    22.7869     6.7182    205.270     99.764 0.0000e+00
     61.016       1465     19.114 -106.98000   17.02064     19.000    25.3485    25.3390   5.268106   5.266952 1.5321e-01    12.3798     4.5277 5.0717e-02          0     4.5277     0.0511     2.7751     0.0000     3.5485     0.0000     0.0053     0.0000     2.7751    34.4388    34.4375    22.8122    22.8142     6.7183    205.268     99.491 0.0000e+00
     62.280       1496     20.120 -106.98000   17.02064     20.000    25.1070    25.0957   5.239606   5.238348 1.7139e-01    12.3824     4.5248 5.0815e-02          0     4.5248     0.0571     2.7700     0.0000     0.9505     0.0000     0.0061     0.0000     2.7700    34.4118    34.4112    22.8656    22.8686     6.7357    205.788     99.325 0.0000e+00
     64.701       1554     21.127 -106.98000   17.02064     21.000    25.0697    25.0589   5.235728   5.234764 2.0408e-01    12.3814     4.5259 5.0835e-02          0     4.5259     0.0680     2.7695     0.0000     0.8080     0.0000     0.0063     0.0000     2.7695    34.4113    34.4124    22.8766    22.8808     6.7563    206.416     99.566 0.0000e+00
     68.724       1650     22.133 -106.98000   17.02064     22.000    25.1248    25.0592   5.242596   5.235150 1.9068e-01    12.3806     4.5268 5.0831e-02          0     4.5268     0.0636     2.7683     0.0000     0.8082     0.0000     0.0062     0.0000     2.7684    34.4198    34.4147    22.8664    22.8824     6.7338    205.729     99.331 0.0000e+00
     70.285       1688     23.139 -106.98000   17.02064     23.000    25.0131    25.0147   5.230398   5.230743 1.6743e-01    12.3824     4.5248 5.0839e-02          0     4.5248     0.0558     2.7610     0.0000     0.7623     0.0000     0.0063     0.0000     2.7610    34.4143    34.4157    22.8962    22.8968     6.7067    204.895     98.741 0.0000e+00
     71.395       1714     24.145 -106.98000   17.02064     24.000    24.9429    24.9391   5.223141   5.222663 1.5911e-01    12.3794     4.5281 5.0838e-02          0     4.5281     0.0530     2.7402     0.0000     0.7099     0.0000     0.0063     0.0000     2.7402    34.4138    34.4131    22.9171    22.9178     6.6265    202.441     97.443 0.0000e+00
     72.425       1739     25.151 -106.98000   17.02064     25.000    24.6866    24.6814   5.193465   5.192967 1.7662e-01    12.3807     4.5266 5.0855e-02          0     4.5266     0.0589     2.7247     0.0000     0.6694     0.0000     0.0064     0.0000     2.7247    34.3887    34.3890    22.9756    22.9774     6.6479    203.085     97.317 0.0000e+00
     74.614       1792     26.157 -106.98000   17.02064     26.000    24.6494    24.6521   5.189964   5.189049 2.1821e-01    12.3806     4.5268 5.0851e-02          0     4.5268     0.0727     2.7297     0.0000     0.6550     0.0000     0.0064     0.0000     2.7297    34.3908    34.3819    22.9884    22.9809     6.6858    204.240     97.811 0.0000e+00
     78.456       1884     27.163 -106.98000   17.02064     27.000    24.6079    24.5762   5.184516   5.180893 1.9809e-01    12.3817     4.5256 5.0735e-02          0     4.5256     0.0660     2.7087     0.0000     2.9436     0.0000     0.0054     0.0000     2.7087    34.3816    34.3789    22.9940    23.0014     6.5998    201.610     96.478 0.0000e+00
     80.118       1924     28.169 -106.98000   17.02062     28.000    24.4274    24.4315   5.163797   5.164321 1.9699e-01    12.3842     4.5227 5.0668e-02          0     4.5227     0.0657     2.6924     0.0000     4.6029     0.0000     0.0049     0.0000     2.6924    34.3649    34.3656    23.0355    23.0348     6.5763    200.886     95.830 0.0000e+00
     81.384       1954     29.175 -106.98000   17.02062     29.000    24.3638    24.3754   5.156485   5.157819 2.0869e-01    12.3861     4.5206 5.0671e-02          0     4.5206     0.0696     2.6854     0.0000     4.5328     0.0000     0.0049     0.0000     2.6854    34.3586    34.3597    23.0497    23.0471     6.5854    201.160     95.854 0.0000e+00
     82.930       1991     30.182 -106.98000   17.02062     30.000    24.3170    24.3181   5.151298   5.151469 2.4436e-01    12.3867     4.5199 5.0671e-02          0     4.5199     0.0815     2.6814     0.0000     4.5346     0.0000     0.0049     0.0000     2.6813    34.3554    34.3558    23.0613    23.0613     6.5731    200.782     95.596 0.0000e+00
     85.211       2046     31.188 -106.98000   17.02062     31.000    24.2366    24.2303   5.142453   5.141822 3.1525e-01    12.3874     4.5191 5.0766e-02          0     4.5191     0.1051     2.6693     0.0000     2.3959     0.0000     0.0057     0.0000     2.6693    34.3504    34.3505    23.0815    23.0835     6.5400    199.767     94.980 0.0000e+00
     87.517       2101     32.194 -106.98000   17.02062     32.000    24.0409    24.0449   5.121090   5.121481 2.5752e-01    12.3913     4.5147 5.0898e-02          0     4.5147     0.0858     2.6518     0.0000     0.5406     0.0000     0.0068     0.0000     2.6518    34.3400    34.3398    23.1317    23.1304     6.5054    198.699     94.153 0.0000e+00
     89.580       2151     33.200 -106.98000   17.02062     33.000    23.9268    23.9263   5.108707   5.108613 3.0322e-01    12.3962     4.5093 5.0916e-02          0     4.5093     0.1011     2.6395     0.0000     0.5132     0.0000     0.0069     0.0000     2.6395    34.3342    34.3339    23.1610    23.1610     6.4896    198.213     93.737 0.0000e+00
     91.950       2208     34.206 -106.98000   17.02062     34.000    23.8436    23.8361   5.099284   5.098393 3.3264e-01    12.3963     4.5091 5.0747e-02          0     4.5091     0.1109     2.6206     0.0000     3.4362     0.0000     0.0055     0.0000     2.6206    34.3269    34.3259    23.1800    23.1815     6.4268    196.289     92.692 0.0000e+00
     94.096       2259     35.212 -106.98000   17.02062     35.000    23.6636    23.6636   5.079081   5.078948 3.2026e-01    12.4000     4.5049 5.0669e-02          0     4.5049     0.1067     2.5967     0.0000     4.5676     0.0000     0.0049     0.0000     2.5967    34.3126    34.3116    23.2221    23.2213     6.3734    194.650     91.628 0.0000e+00
     95.667       2297     36.218 -106.98000   17.02062     36.000    23.5422    23.5412   5.065996   5.065824 3.4650e-01    12.3973     4.5079 5.0671e-02          0     4.5079     0.1155     2.5812     0.0000     4.5386     0.0000     0.0049     0.0000     2.5812    34.3069    34.3063    23.2532    23.2531     6.3523    194.001     91.129 0.0000e+00
     97.188       2334     37.225 -106.98002   17.02062     37.000    23.4706    23.4713   5.058360   5.058378 3.2936e-01    12.3988     4.5062 5.0671e-02          0     4.5062     0.1098     2.5718     0.0000     4.3222     0.0000     0.0049     0.0000     2.5718    34.3039    34.3036    23.2719    23.2715     6.3285    193.269     90.673 0.0000e+00
     99.285       2384     38.231 -106.98002   17.02062     38.000    23.2730    23.2736   5.037468   5.037479 4.2177e-01    12.3999     4.5050 5.0671e-02          0     4.5050     0.1406     2.5437     0.0000     4.5408     0.0000     0.0049     0.0000     2.5437    34.2976    34.2972    23.3245    23.3240     6.2422    190.624     89.126 0.0000e+00
    101.696       2442     39.237 -106.98002   17.02060     39.000    22.9666    22.9816   5.005589   5.006947 6.0492e-01    12.4037     4.5008 5.0671e-02          0     4.5008     0.2016     2.5063     0.0000     4.5433     0.0000     0.0049     0.0000     2.5063    34.2915    34.2903    23.4082    23.4030     6.1613    188.140     87.498 0.0000e+00
    104.256       2503     40.243 -106.98002   17.02060     40.000    22.7274    22.7385   4.980762   4.981948 8.8538e-01    12.4205     4.4819 5.0671e-02          0     4.4819     0.2951     2.4730     0.0000     4.5451     0.0000     0.0049     0.0000     2.4729    34.2870    34.2874    23.4733    23.4704     6.1090    186.529     86.388 0.0000e+00
    106.298       2552     41.249 -106.98002   17.02060     41.000    22.6259    22.6238   4.970814   4.970513 8.6258e-01    12.4276     4.4740 5.0713e-02          0     4.4740     0.2875     2.4682     0.0000     3.9045     0.0000     0.0052     0.0000     2.4682    34.2892    34.2886    23.5038    23.5040     6.1380    187.410     86.645 0.0000e+00
    108.102       2595     42.255 -106.98002   17.02060     42.000    22.5940    22.5931   4.967854   4.967675 8.5544e-01    12.4288     4.4726 5.0835e-02          0     4.4726     0.2852     2.4690     0.0000     2.0488     0.0000     0.0063     0.0000     2.4690    34.2910    34.2903    23.5143    23.5141     6.1346    187.303     86.548 0.0000e+00
    110.008       2641     43.262 -106.98002   17.02060     43.000    22.5767    22.5778   4.966187   4.966214 8.5265e-01    12.4274     4.4742 5.0668e-02          0     4.4742     0.2842     2.4658     0.0000     4.5836     0.0000     0.0049     0.0000     2.4658    34.2914    34.2907    23.5196    23.5188     6.1248    187.004     86.384 0.0000e+00
    111.747       2683     44.268 -106.98002   17.02060     44.000    22.5626    22.5720   4.964781   4.965757 8.5150e-01    12.4291     4.4723 5.0671e-02          0     4.4723     0.2838     2.4601     0.0000     4.5476     0.0000     0.0049     0.0000     2.4601    34.2912    34.2914    23.5235    23.5210     6.1021    186.310     86.042 0.0000e+00
    113.730       2731     45.274 -106.98004   17.02060     45.000    22.5310    22.5409   4.961386   4.962330 8.7546e-01    12.4306     4.4706 5.0671e-02          0     4.4706     0.2918     2.4470     0.0000     4.5497     0.0000     0.0049     0.0000     2.4469    34.2893    34.2889    23.5311    23.5280     6.0445    184.549     85.182 0.0000e+00
