data/ctd-cnv/RR1804/Station32_cast50.cnv
* Sea-Bird SBE 9 Data File:
* FileName = C:\CTD\RR1805\Station32_cast50.hex
* Software Version Seasave V 7.26.6.26
* Temperature SN = 4307
* Conductivity SN = 4650
* Number of Bytes Per Scan = 44
* Number of Voltage Words = 5
* Number of Scans Averaged by the Deck Unit = 1
* NMEA Latitude = 17 00.76 N
* NMEA Longitude = 106 58.83 W
* NMEA UTC (Time) = Apr 19 2018 02:15:57
** Ship: Revell
** Station: 32 (P2)
** Operator: Clara
** cast50
# nquan = 32
# nvalues = 501                         
# units = specified
# name 0 = timeS: Time, Elapsed [seconds]
# name 1 = scan: Scan Count
# name 2 = prDM: Pressure, Digiquartz [db]
# name 3 = longitude: Longitude [deg]
# name 4 = latitude: Latitude [deg]
# name 5 = depSM: Depth [salt water, m]
# name 6 = t090C: Temperature [ITS-90, deg C]
# name 7 = t190C: Temperature, 2 [ITS-90, deg C]
# name 8 = c0S/m: Conductivity [S/m]
# name 9 = c1S/m: Conductivity, 2 [S/m]
# name 10 = flSP: Fluorescence, Seapoint
# name 11 = CStarAt0: Beam Attenuation, WET Labs C-Star [1/m]
# name 12 = CStarTr0: Beam Transmission, WET Labs C-Star [%]
# name 13 = par: PAR/Irradiance, Biospherical/Licor
# name 14 = modError: Modulo Error Count
# name 15 = v0: Voltage 0
# name 16 = v1: Voltage 1
# name 17 = v2: Voltage 2
# name 18 = v3: Voltage 3
# name 19 = v4: Voltage 4
# name 20 = v5: Voltage 5
# name 21 = v6: Voltage 6
# name 22 = v7: Voltage 7
# name 23 = sbeox0V: Oxygen raw, SBE 43 [V]
# name 24 = sal00: Salinity, Practical [PSU]
# name 25 = sal11: Salinity, Practical, 2 [PSU]
# name 26 = sigma-é00: Density [sigma-theta, kg/m^3]
# name 27 = sigma-é11: Density, 2 [sigma-theta, kg/m^3]
# name 28 = sbeox0Mg/L: Oxygen, SBE 43 [mg/l], WS = 2
# name 29 = sbox0Mm/Kg: Oxygen, SBE 43 [umol/kg], WS = 2
# name 30 = sbeox0PS: Oxygen, SBE 43 [% saturation], WS = 2
# name 31 = flag: flag
# span 0 =     62.166,    909.947       
# span 1 =       1493,      21840       
# span 2 =      1.006,    504.610       
# span 3 = -106.98058, -106.98054       
# span 4 =   17.01264,   17.01270       
# span 5 =      1.000,    501.000       
# span 6 =     7.6849,    27.1491       
# span 7 =     7.6807,    27.1465       
# span 8 =   3.572944,   5.429910       
# span 9 =   3.572720,   9.081419       
# span 10 = 7.0582e-02, 1.6369e+00      
# span 11 =    11.5390,    18.3581      
# span 12 =     2.8251,     4.7475      
# span 13 = 1.8564e-02, 2.7327e-01      
# span 14 =          0,          0      
# span 15 =     2.8251,     4.7475      
# span 16 =     0.0235,     0.5456      
# span 17 =     0.5066,     2.8383      
# span 18 = -2.045e-07,     0.0000      
# span 19 =     1.6930,     4.7023      
# span 20 =     0.0000,     0.0000      
# span 21 =    -0.0693,     0.5230      
# span 22 =     0.0000,     0.0000      
# span 23 =     0.5060,     2.8383      
# span 24 =    33.9202,    34.8074      
# span 25 =    25.0860,   108.4164      
# span 26 =    21.8672,    26.9752      
# span 27 =    12.5503,    96.4421      
# span 28 =     0.0337,     6.8672      
# span 29 =      1.025,    209.819      
# span 30 =      0.354,    102.563      
# span 31 = 0.0000e+00, 0.0000e+00      
# interval = meters: 1                  
# start_time = Apr 19 2018 02:16:02 [System UTC, first data scan.]
# bad_flag = -9.990e-29
*END*
[from data line 227]
    542.526      13022    229.490 -106.98056   17.01268    228.000    11.4899    11.4902   3.934908   3.935097 7.2935e-02    12.3392     4.5739 5.0671e-02          0     4.5739     0.0243     0.5092     0.0000     4.6128     0.0000     0.0049     0.0000     0.5084    34.7407    34.7423    26.4891    26.4903     0.0401      1.221      0.458 0.0000e+00
    543.820      13053    230.498 -106.98056   17.01268    229.000    11.4731    11.4732   3.933236   3.933423 7.2493e-02    12.3390     4.5742 5.0671e-02          0     4.5742     0.0241     0.5091     0.0000     4.5880     0.0000     0.0049     0.0000     0.5083    34.7395    34.7413    26.4913    26.4927     0.0392      1.193      0.447 0.0000e+00
    544.901      13079    231.505 -106.98056   17.01268    230.000    11.4556    11.4556   3.931510   3.931681 7.2136e-02    12.3389     4.5743 5.0671e-02          0     4.5743     0.0240     0.5091     0.0000     4.5643     0.0000     0.0049     0.0000     0.5083    34.7384    34.7401    26.4938    26.4951     0.0400      1.216      0.456 0.0000e+00
    545.972      13104    232.512 -106.98055   17.01268    231.000    11.4460    11.4462   3.930599   3.930788 7.3431e-02    12.3391     4.5740 5.0671e-02          0     4.5740     0.0245     0.5092     0.0000     4.6077     0.0000     0.0049     0.0000     0.5084    34.7380    34.7397    26.4952    26.4966     0.0394      1.200      0.450 0.0000e+00
    547.176      13133    233.519 -106.98054   17.01268    232.000    11.4359    11.4359   3.929595   3.929774 7.2876e-02    12.3388     4.5744 5.0671e-02          0     4.5744     0.0243     0.5090     0.0000     4.5906     0.0000     0.0049     0.0000     0.5082    34.7372    34.7389    26.4965    26.4979     0.0385      1.173      0.439 0.0000e+00
    548.327      13161    234.526 -106.98054   17.01268    233.000    11.4253    11.4257   3.928560   3.928782 7.2063e-02    12.3385     4.5747 5.0671e-02          0     4.5747     0.0240     0.5089     0.0000     4.5505     0.0000     0.0049     0.0000     0.5081    34.7365    34.7383    26.4979    26.4993     0.0390      1.188      0.445 0.0000e+00
    549.252      13183    235.533 -106.98054   17.01268    234.000    11.4187    11.4193   3.927911   3.928157 7.1689e-02    12.3388     4.5744 5.0671e-02          0     4.5744     0.0239     0.5088     0.0000     4.5577     0.0000     0.0049     0.0000     0.5080    34.7359    34.7377    26.4987    26.5000     0.0382      1.162      0.435 0.0000e+00
    550.081      13203    236.541 -106.98054   17.01268    235.000    11.4133    11.4136   3.927402   3.927594 7.2294e-02    12.3387     4.5745 5.0671e-02          0     4.5745     0.0241     0.5089     0.0000     4.5629     0.0000     0.0049     0.0000     0.5081    34.7354    34.7371    26.4994    26.5006     0.0383      1.167      0.437 0.0000e+00
    550.885      13222    237.547 -106.98054   17.01268    236.000    11.4068    11.4068   3.926745   3.926899 7.2686e-02    12.3388     4.5744 5.0671e-02          0     4.5744     0.0242     0.5088     0.0000     4.5524     0.0000     0.0049     0.0000     0.5080    34.7346    34.7362    26.4999    26.5012     0.0392      1.194      0.447 0.0000e+00
    551.719      13242    238.555 -106.98054   17.01268    237.000    11.3963    11.3966   3.925692   3.925900 7.2561e-02    12.3390     4.5742 5.0671e-02          0     4.5742     0.0242     0.5090     0.0000     4.5527     0.0000     0.0049     0.0000     0.5082    34.7337    34.7354    26.5012    26.5025     0.0398      1.210      0.453 0.0000e+00
    552.569      13263    239.562 -106.98055   17.01268    238.000    11.3925    11.3929   3.925357   3.925571 7.3265e-02    12.3393     4.5738 5.0671e-02          0     4.5738     0.0244     0.5089     0.0000     4.6539     0.0000     0.0049     0.0000     0.5081    34.7335    34.7352    26.5018    26.5030     0.0379      1.154      0.432 0.0000e+00
    553.407      13283    240.569 -106.98056   17.01268    239.000    11.3857    11.3857   3.924665   3.924818 7.3260e-02    12.3390     4.5741 5.0671e-02          0     4.5741     0.0244     0.5087     0.0000     4.6611     0.0000     0.0049     0.0000     0.5079    34.7325    34.7341    26.5023    26.5035     0.0376      1.145      0.429 0.0000e+00
    554.220      13302    241.576 -106.98056   17.01268    240.000    11.3686    11.3689   3.922912   3.923117 7.2673e-02    12.3392     4.5739 5.0671e-02          0     4.5739     0.0242     0.5087     0.0000     4.6606     0.0000     0.0049     0.0000     0.5079    34.7309    34.7326    26.5042    26.5055     0.0369      1.124      0.421 0.0000e+00
    555.058      13322    242.583 -106.98056   17.01268    241.000    11.3612    11.3616   3.922209   3.922421 7.2926e-02    12.3392     4.5739 5.0671e-02          0     4.5739     0.0243     0.5086     0.0000     4.6610     0.0000     0.0049     0.0000     0.5078    34.7304    34.7321    26.5052    26.5064     0.0396      1.206      0.451 0.0000e+00
    556.026      13346    243.590 -106.98056   17.01268    242.000    11.3565    11.3567   3.921784   3.921983 7.3383e-02    12.3393     4.5738 5.0671e-02          0     4.5738     0.0244     0.5089     0.0000     4.6605     0.0000     0.0049     0.0000     0.5081    34.7302    34.7319    26.5059    26.5072     0.0381      1.161      0.434 0.0000e+00
    557.687      13385    244.598 -106.98056   17.01268    243.000    11.3533    11.3504   3.921555   3.921441 7.2816e-02    12.3391     4.5740 5.0671e-02          0     4.5740     0.0243     0.5086     0.0000     4.6610     0.0000     0.0049     0.0000     0.5078    34.7305    34.7321    26.5068    26.5086     0.0381      1.159      0.433 0.0000e+00
    559.871      13438    245.605 -106.98056   17.01268    244.000    11.3495    11.3448   3.921149   3.920867 7.2639e-02    12.3390     4.5741 5.0671e-02          0     4.5741     0.0242     0.5086     0.0000     4.6611     0.0000     0.0049     0.0000     0.5078    34.7296    34.7312    26.5068    26.5089     0.0379      1.153      0.431 0.0000e+00
    560.967      13464    246.612 -106.98055   17.01268    245.000    11.3275    11.3276   3.919018   3.919214 7.3275e-02    12.3388     4.5743 5.0671e-02          0     4.5743     0.0244     0.5089     0.0000     4.6604     0.0000     0.0049     0.0000     0.5081    34.7288    34.7306    26.5102    26.5116     0.0397      1.209      0.452 0.0000e+00
    561.815      13485    247.619 -106.98054   17.01268    246.000    11.3171    11.3175   3.918078   3.918309 7.3062e-02    12.3389     4.5742 5.0671e-02          0     4.5742     0.0243     0.5086     0.0000     4.6586     0.0000     0.0049     0.0000     0.5078    34.7288    34.7307    26.5122    26.5136     0.0378      1.150      0.430 0.0000e+00
    562.587      13503    248.626 -106.98054   17.01268    247.000    11.3137    11.3141   3.917776   3.917990 7.2680e-02    12.3389     4.5742 5.0671e-02          0     4.5742     0.0242     0.5089     0.0000     4.6602     0.0000     0.0049     0.0000     0.5081    34.7286    34.7304    26.5127    26.5140     0.0379      1.155      0.432 0.0000e+00
    563.353      13521    249.633 -106.98054   17.01268    248.000    11.3063    11.3066   3.917081   3.917292 7.2650e-02    12.3389     4.5742 5.0671e-02          0     4.5742     0.0242     0.5083     0.0000     4.6605     0.0000     0.0049     0.0000     0.5075    34.7282    34.7300    26.5138    26.5151     0.0355      1.082      0.404 0.0000e+00
    564.099      13539    250.641 -106.98054   17.01268    249.000    11.3011    11.3014   3.916607   3.916834 7.3273e-02    12.3388     4.5744 5.0671e-02          0     4.5744     0.0244     0.5085     0.0000     4.6595     0.0000     0.0049     0.0000     0.5077    34.7280    34.7300    26.5146    26.5160     0.0398      1.212      0.453 0.0000e+00
    564.813      13557    251.648 -106.98055   17.01268    250.000    11.2973    11.2977   3.916297   3.916521 7.3056e-02    12.3385     4.5747 5.0671e-02          0     4.5747     0.0243     0.5089     0.0000     4.6592     0.0000     0.0049     0.0000     0.5081    34.7280    34.7299    26.5153    26.5166     0.0408      1.241      0.464 0.0000e+00
    565.520      13573    252.655 -106.98056   17.01268    251.000    11.2777    11.2775   3.914316   3.914445 7.2802e-02    12.3386     4.5746 5.0671e-02          0     4.5746     0.0243     0.5086     0.0000     4.6549     0.0000     0.0049     0.0000     0.5078    34.7264    34.7279    26.5176    26.5188     0.0378      1.150      0.430 0.0000e+00
    566.269      13591    253.662 -106.98056   17.01268    252.000    11.2577    11.2579   3.912372   3.912572 7.3077e-02    12.3383     4.5750 5.0671e-02          0     4.5750     0.0243     0.5088     0.0000     4.6551     0.0000     0.0049     0.0000     0.5080    34.7256    34.7273    26.5207    26.5220     0.0394      1.199      0.448 0.0000e+00
    567.208      13614    254.669 -106.98056   17.01268    253.000    11.2441    11.2442   3.911031   3.911210 7.3249e-02    12.3382     4.5751 5.0671e-02          0     4.5751     0.0244     0.5088     0.0000     4.6563     0.0000     0.0049     0.0000     0.5080    34.7246    34.7263    26.5224    26.5237     0.0364      1.109      0.414 0.0000e+00
    568.491      13645    255.677 -106.98056   17.01268    254.000    11.2343    11.2343   3.910086   3.910276 7.3370e-02    12.3381     4.5752 5.0671e-02          0     4.5752     0.0244     0.5084     0.0000     4.6575     0.0000     0.0049     0.0000     0.5076    34.7240    34.7259    26.5238    26.5253     0.0373      1.137      0.424 0.0000e+00
    569.812      13676    256.684 -106.98056   17.01268    255.000    11.2116    11.2116   3.907804   3.908001 7.3258e-02    12.3381     4.5752 5.0671e-02          0     4.5752     0.0244     0.5086     0.0000     4.6558     0.0000     0.0049     0.0000     0.5078    34.7223    34.7243    26.5266    26.5282     0.0386      1.174      0.438 0.0000e+00
    571.074      13707    257.691 -106.98056   17.01268    256.000    11.1923    11.1919   3.905951   3.906096 7.3155e-02    12.3384     4.5749 5.0671e-02          0     4.5749     0.0244     0.5085     0.0000     4.6580     0.0000     0.0049     0.0000     0.5077    34.7217    34.7234    26.5297    26.5311     0.0377      1.148      0.428 0.0000e+00
    572.625      13744    258.698 -106.98056   17.01268    257.000    11.1710    11.1707   3.903850   3.904017 7.4179e-02    12.3383     4.5749 5.0671e-02          0     4.5749     0.0247     0.5087     0.0000     4.6580     0.0000     0.0049     0.0000     0.5079    34.7204    34.7224    26.5326    26.5342     0.0382      1.164      0.434 0.0000e+00
    574.042      13778    259.705 -106.98056   17.01268    258.000    11.1612    11.1612   3.902886   3.903083 7.3347e-02    12.3384     4.5749 5.0671e-02          0     4.5749     0.0244     0.5085     0.0000     4.6565     0.0000     0.0049     0.0000     0.5077    34.7197    34.7216    26.5338    26.5354     0.0377      1.148      0.428 0.0000e+00
    575.020      13801    260.713 -106.98056   17.01268    259.000    11.1502    11.1505   3.901794   3.902025 7.3260e-02    12.3378     4.5755 5.0671e-02          0     4.5755     0.0244     0.5085     0.0000     4.6521     0.0000     0.0049     0.0000     0.5077    34.7187    34.7207    26.5351    26.5366     0.0375      1.141      0.425 0.0000e+00
    575.848      13821    261.720 -106.98056   17.01268    260.000    11.1436    11.1439   3.901164   3.901388 7.3260e-02    12.3380     4.5753 5.0671e-02          0     4.5753     0.0244     0.5085     0.0000     4.6512     0.0000     0.0049     0.0000     0.5077    34.7182    34.7202    26.5359    26.5374     0.0370      1.127      0.420 0.0000e+00
    576.612      13840    262.727 -106.98056   17.01268    261.000    11.1400    11.1404   3.900866   3.901103 7.3260e-02    12.3378     4.5755 5.0671e-02          0     4.5755     0.0244     0.5083     0.0000     4.6501     0.0000     0.0049     0.0000     0.5075    34.7183    34.7202    26.5367    26.5381     0.0365      1.112      0.414 0.0000e+00
    577.350      13857    263.735 -106.98056   17.01268    262.000    11.1375    11.1378   3.900663   3.900876 7.3260e-02    12.3377     4.5757 5.0671e-02          0     4.5757     0.0244     0.5085     0.0000     4.6487     0.0000     0.0049     0.0000     0.5077    34.7181    34.7200    26.5370    26.5384     0.0389      1.186      0.441 0.0000e+00
    578.083      13875    264.742 -106.98056   17.01268    263.000    11.1313    11.1316   3.900069   3.900284 7.4416e-02    12.3379     4.5755 5.0671e-02          0     4.5755     0.0248     0.5086     0.0000     4.6498     0.0000     0.0049     0.0000     0.5078    34.7176    34.7195    26.5377    26.5392     0.0368      1.120      0.417 0.0000e+00
    578.828      13893    265.749 -106.98056   17.01268    264.000    11.1249    11.1252   3.899491   3.899716 7.3268e-02    12.3376     4.5758 5.0671e-02          0     4.5758     0.0244     0.5081     0.0000     4.6516     0.0000     0.0049     0.0000     0.5073    34.7175    34.7194    26.5388    26.5403     0.0345      1.051      0.391 0.0000e+00
    579.608      13912    266.756 -106.98056   17.01268    265.000    11.1200    11.1205   3.899048   3.899295 7.6022e-02    12.3374     4.5759 5.0671e-02          0     4.5759     0.0253     0.5083     0.0000     4.6515     0.0000     0.0049     0.0000     0.5075    34.7172    34.7192    26.5395    26.5410     0.0382      1.163      0.433 0.0000e+00
    580.456      13932    267.764 -106.98056   17.01268    266.000    11.1163    11.1165   3.898732   3.898949 7.3267e-02    12.3378     4.5756 5.0671e-02          0     4.5756     0.0244     0.5084     0.0000     4.6521     0.0000     0.0049     0.0000     0.5076    34.7171    34.7191    26.5402    26.5416     0.0371      1.131      0.421 0.0000e+00
    581.521      13958    268.771 -106.98056   17.01268    267.000    11.1093    11.1096   3.898095   3.898323 7.3260e-02    12.3375     4.5759 5.0671e-02          0     4.5759     0.0244     0.5083     0.0000     4.6523     0.0000     0.0049     0.0000     0.5075    34.7169    34.7190    26.5413    26.5429     0.0361      1.099      0.409 0.0000e+00
    583.069      13995    269.778 -106.98056   17.01268    268.000    11.1022    11.1022   3.897414   3.897622 7.3176e-02    12.3376     4.5758 5.0671e-02          0     4.5758     0.0244     0.5082     0.0000     4.6529     0.0000     0.0049     0.0000     0.5074    34.7164    34.7185    26.5422    26.5438     0.0375      1.141      0.425 0.0000e+00
    584.640      14032    270.786 -106.98056   17.01267    269.000    11.0893    11.0892   3.896146   3.896334 7.3368e-02    12.3378     4.5755 5.0671e-02          0     4.5755     0.0244     0.5083     0.0000     4.6530     0.0000     0.0049     0.0000     0.5076    34.7155    34.7175    26.5439    26.5455     0.0382      1.163      0.433 0.0000e+00
    585.847      14061    271.793 -106.98056   17.01266    270.000    11.0583    11.0572   3.893018   3.893096 7.3261e-02    12.3380     4.5753 5.0671e-02          0     4.5753     0.0244     0.5085     0.0000     4.6554     0.0000     0.0049     0.0000     0.5077    34.7133    34.7150    26.5478    26.5493     0.0376      1.144      0.425 0.0000e+00
    586.908      14087    272.800 -106.98056   17.01266    271.000    11.0327    11.0327   3.890531   3.890731 7.4115e-02    12.3374     4.5759 5.0671e-02          0     4.5759     0.0247     0.5082     0.0000     4.6544     0.0000     0.0049     0.0000     0.5075    34.7122    34.7142    26.5515    26.5532     0.0364      1.109      0.412 0.0000e+00
