data/ctd-cnv/RR1804/Station32_cast44.cnv
* Sea-Bird SBE 9 Data File:
* FileName = C:\CTD\RR1805\Station32_cast44.hex
* Software Version Seasave V 7.26.6.26
* Temperature SN = 4307
* Conductivity SN = 4650
* Number of Bytes Per Scan = 44
* Number of Voltage Words = 5
* Number of Scans Averaged by the Deck Unit = 1
* NMEA Latitude = 16 55.62 N
* NMEA Longitude = 107 00.91 W
* NMEA UTC (Time) = Apr 15 2018 22:01:43
** Ship: Revell
** Station: 32 (P2)
** Operator: clara
** cast 44
# nquan = 32
# nvalues = 403                         
# units = specified
# name 0 = timeS: Time, Elapsed [seconds]
# name 1 = scan: Scan Count
# name 2 = prDM: Pressure, Digiquartz [db]
# name 3 = longitude: Longitude [deg]
# name 4 = latitude: Latitude [deg]
# name 5 = depSMignore: Depth [salt water, m]
# name 6 = t090C: Temperature [ITS-90, deg C]
# name 7 = t190C: Temperature, 2 [ITS-90, deg C]
# name 8 = c0S/m: Conductivity [S/m]
# name 9 = c1S/m: Conductivity, 2 [S/m]
# name 10 = flSP: Fluorescence, Seapoint
# name 11 = CStarAt0: Beam Attenuation, WET Labs C-Star [1/m]
# name 12 = CStarTr0: Beam Transmission, WET Labs C-Star [%]
# name 13 = par: PAR/Irradiance, Biospherical/Licor
# name 14 = modError: Modulo Error Count
# name 15 = v0: Voltage 0
# name 16 = v1: Voltage 1
# name 17 = v2: Voltage 2
# name 18 = v3: Voltage 3
# name 19 = v4: Voltage 4
# name 20 = v5: Voltage 5
# name 21 = v6: Voltage 6
# name 22 = v7: Voltage 7
# name 23 = sbeox0V: Oxygen raw, SBE 43 [V]
# name 24 = sal00: Salinity, Practical [PSU]
# name 25 = sal11: Salinity, Practical, 2 [PSU]
# name 26 = sigma-é00: Density [sigma-theta, kg/m^3]
# name 27 = sigma-é11: Density, 2 [sigma-theta, kg/m^3]
# name 28 = sbeox0Mg/L: Oxygen, SBE 43 [mg/l], WS = 2
# name 29 = sbox0Mm/Kg: Oxygen, SBE 43 [umol/kg], WS = 2
# name 30 = sbeox0PS: Oxygen, SBE 43 [% saturation], WS = 2
# name 31 = flag: flag
# span 0 =     30.233,    898.803       
# span 1 =        727,      21572       
# span 2 =      1.006,    405.805       
# span 3 = -107.01530, -107.01526       
# span 4 =   16.92704,   16.92708       
# span 5 =      1.000,    403.000       
# span 6 =     9.1273,    26.7446       
# span 7 =     9.1075,    26.7571       
# span 8 =   3.706915,   5.395344       
# span 9 =   3.705225,   5.667820       
# span 10 = 6.7864e-02, 1.5507e+00      
# span 11 =    12.0689,    15.1471      
# span 12 =     4.2167,     4.5865      
# span 13 = 5.0666e-02, 1.2650e+03      
# span 14 =          0,          0      
# span 15 =     4.2167,     4.5865      
# span 16 =     0.0226,     0.5169      
# span 17 =     0.5060,     2.8306      
# span 18 =     0.0000,     0.0000      
# span 19 =     0.4135,     4.7738      
# span 20 =     0.0000,     0.0000      
# span 21 =     0.0049,     4.0509      
# span 22 =     0.0000,     0.0000      
# span 23 =     0.5054,     2.8307      
# span 24 =    34.1898,    34.8036      
# span 25 =    34.1848,    36.2697      
# span 26 =    22.2657,    26.7956      
# span 27 =    22.3474,    26.7999      
# span 28 =     0.0302,     6.8003      
# span 29 =      0.920,    207.801      
# span 30 =      0.328,    102.062      
# span 31 = 0.0000e+00, 0.0000e+00      
# interval = meters: 1                  
# start_time = Apr 15 2018 22:02:18 [System UTC, first data scan.]
# bad_flag = -9.990e-29
*END*
[from data line 136]
    497.215      11934    137.865 -107.01528   16.92706    137.000    13.1922    13.1927   4.100527   4.100505 1.2238e-01    12.3469     4.5651 5.0671e-02          0     4.5651     0.0408     0.5103     0.0000     4.5199     0.0000     0.0049     0.0000     0.5095    34.8032    34.8025    26.2055    26.2049     0.0411      1.252      0.487 0.0000e+00
    498.018      11953    138.871 -107.01528   16.92706    138.000    13.1048    13.1030   4.091450   4.091071 1.2089e-01    12.3468     4.5652 5.0671e-02          0     4.5652     0.0403     0.5100     0.0000     4.5201     0.0000     0.0049     0.0000     0.5092    34.7967    34.7947    26.2181    26.2170     0.0405      1.234      0.479 0.0000e+00
    498.926      11975    139.878 -107.01528   16.92706    139.000    13.0602    13.0607   4.087229   4.087211 1.1892e-01    12.3468     4.5652 5.0671e-02          0     4.5652     0.0397     0.5101     0.0000     4.5200     0.0000     0.0049     0.0000     0.5093    34.7971    34.7964    26.2274    26.2268     0.0421      1.283      0.498 0.0000e+00
    499.992      12001    140.885 -107.01528   16.92706    140.000    13.0392    13.0396   4.085233   4.085205 1.1723e-01    12.3463     4.5658 5.0671e-02          0     4.5658     0.0391     0.5103     0.0000     4.5202     0.0000     0.0049     0.0000     0.5095    34.7969    34.7962    26.2315    26.2309     0.0423      1.289      0.499 0.0000e+00
    501.211      12030    141.891 -107.01528   16.92706    141.000    13.0129    13.0131   4.082690   4.082646 1.1747e-01    12.3469     4.5651 5.0671e-02          0     4.5651     0.0392     0.5102     0.0000     4.5200     0.0000     0.0049     0.0000     0.5093    34.7965    34.7958    26.2365    26.2360     0.0415      1.262      0.489 0.0000e+00
    502.429      12059    142.898 -107.01528   16.92706    142.000    12.9747    12.9748   4.078977   4.078920 1.1139e-01    12.3477     4.5641 5.0671e-02          0     4.5641     0.0371     0.5100     0.0000     4.5259     0.0000     0.0049     0.0000     0.5092    34.7957    34.7950    26.2436    26.2431     0.0399      1.214      0.470 0.0000e+00
    503.520      12085    143.905 -107.01528   16.92706    143.000    12.9368    12.9373   4.075560   4.075555 1.0364e-01    12.3480     4.5638 5.0671e-02          0     4.5638     0.0346     0.5097     0.0000     4.5297     0.0000     0.0049     0.0000     0.5088    34.7975    34.7970    26.2526    26.2521     0.0386      1.176      0.455 0.0000e+00
    504.575      12111    144.911 -107.01528   16.92706    144.000    12.9325    12.9330   4.075213   4.075227 1.0245e-01    12.3463     4.5658 5.0671e-02          0     4.5658     0.0342     0.5097     0.0000     4.5625     0.0000     0.0049     0.0000     0.5088    34.7978    34.7975    26.2537    26.2534     0.0391      1.191      0.460 0.0000e+00
    505.755      12139    145.918 -107.01528   16.92706    145.000    12.9319    12.9327   4.075213   4.075260 1.0451e-01    12.3459     4.5663 5.0671e-02          0     4.5663     0.0348     0.5094     0.0000     4.5239     0.0000     0.0049     0.0000     0.5086    34.7979    34.7976    26.2539    26.2535     0.0389      1.185      0.458 0.0000e+00
    507.113      12172    146.924 -107.01528   16.92706    146.000    12.9310    12.9317   4.075201   4.075258 1.0474e-01    12.3457     4.5665 5.0671e-02          0     4.5665     0.0349     0.5096     0.0000     4.5224     0.0000     0.0049     0.0000     0.5087    34.7981    34.7980    26.2543    26.2541     0.0405      1.234      0.477 0.0000e+00
    508.373      12202    147.931 -107.01528   16.92706    147.000    12.9249    12.9256   4.074643   4.074696 1.0249e-01    12.3460     4.5661 5.0671e-02          0     4.5661     0.0342     0.5097     0.0000     4.5834     0.0000     0.0049     0.0000     0.5089    34.7980    34.7979    26.2555    26.2552     0.0410      1.250      0.483 0.0000e+00
    509.376      12226    148.938 -107.01528   16.92706    148.000    12.8920    12.8963   4.071296   4.071672 1.0020e-01    12.3463     4.5658 5.0671e-02          0     4.5658     0.0334     0.5100     0.0000     4.6389     0.0000     0.0049     0.0000     0.5091    34.7959    34.7955    26.2605    26.2593     0.0417      1.269      0.490 0.0000e+00
    510.181      12245    149.944 -107.01528   16.92706    149.000    12.8383    12.8386   4.065951   4.065869 9.7144e-02    12.3458     4.5664 5.0671e-02          0     4.5664     0.0324     0.5098     0.0000     4.6091     0.0000     0.0049     0.0000     0.5089    34.7938    34.7927    26.2695    26.2686     0.0393      1.196      0.462 0.0000e+00
    510.874      12262    150.951 -107.01528   16.92706    150.000    12.8003    12.8010   4.062397   4.062431 9.4004e-02    12.3456     4.5666 5.0671e-02          0     4.5666     0.0313     0.5096     0.0000     4.5352     0.0000     0.0049     0.0000     0.5088    34.7944    34.7941    26.2775    26.2771     0.0383      1.166      0.450 0.0000e+00
    511.522      12278    151.958 -107.01528   16.92706    151.000    12.7975    12.7983   4.062259   4.062344 9.2028e-02    12.3455     4.5667 5.0671e-02          0     4.5667     0.0306     0.5094     0.0000     4.5408     0.0000     0.0049     0.0000     0.5085    34.7953    34.7954    26.2788    26.2787     0.0382      1.163      0.448 0.0000e+00
    512.182      12293    152.965 -107.01528   16.92706    152.000    12.7896    12.7900   4.061795   4.061807 8.9310e-02    12.3451     4.5672 5.0671e-02          0     4.5672     0.0298     0.5096     0.0000     4.5409     0.0000     0.0049     0.0000     0.5087    34.7977    34.7974    26.2823    26.2820     0.0402      1.224      0.472 0.0000e+00
    512.929      12311    153.971 -107.01528   16.92705    153.000    12.7537    12.7537   4.058681   4.058616 8.4359e-02    12.3443     4.5681 5.0671e-02          0     4.5681     0.0281     0.5095     0.0000     4.5409     0.0000     0.0049     0.0000     0.5086    34.8005    34.7999    26.2916    26.2911     0.0388      1.180      0.455 0.0000e+00
    513.941      12336    154.978 -107.01528   16.92705    154.000    12.7350    12.7353   4.057098   4.057093 8.2370e-02    12.3443     4.5681 5.0671e-02          0     4.5681     0.0275     0.5094     0.0000     4.5419     0.0000     0.0049     0.0000     0.5086    34.8021    34.8018    26.2966    26.2963     0.0397      1.208      0.465 0.0000e+00
    515.360      12370    155.985 -107.01528   16.92706    155.000    12.6943    12.6897   4.053179   4.052769 8.1940e-02    12.3436     4.5688 5.0671e-02          0     4.5688     0.0273     0.5096     0.0000     4.5416     0.0000     0.0049     0.0000     0.5087    34.8017    34.8020    26.3043    26.3055     0.0398      1.214      0.467 0.0000e+00
    516.821      12405    156.992 -107.01528   16.92706    156.000    12.6111    12.6113   4.045145   4.045123 7.7380e-02    12.3430     4.5696 5.0671e-02          0     4.5696     0.0258     0.5095     0.0000     4.5414     0.0000     0.0049     0.0000     0.5086    34.8010    34.8005    26.3201    26.3197     0.0388      1.182      0.454 0.0000e+00
    517.973      12432    157.998 -107.01528   16.92704    157.000    12.5989    12.5995   4.044005   4.044026 7.4345e-02    12.3456     4.5667 5.0671e-02          0     4.5667     0.0248     0.5094     0.0000     4.5573     0.0000     0.0049     0.0000     0.5085    34.8008    34.8005    26.3225    26.3221     0.0383      1.166      0.448 0.0000e+00
    518.905      12455    159.005 -107.01528   16.92704    158.000    12.5940    12.5946   4.043573   4.043618 7.5685e-02    12.3432     4.5693 5.0671e-02          0     4.5693     0.0252     0.5093     0.0000     4.6084     0.0000     0.0049     0.0000     0.5084    34.8008    34.8007    26.3234    26.3232     0.0385      1.173      0.450 0.0000e+00
    519.776      12476    160.012 -107.01528   16.92704    159.000    12.5895    12.5899   4.043189   4.043206 7.5531e-02    12.3434     4.5691 5.0671e-02          0     4.5691     0.0251     0.5093     0.0000     4.5817     0.0000     0.0049     0.0000     0.5084    34.8008    34.8006    26.3244    26.3241     0.0385      1.172      0.450 0.0000e+00
    520.685      12497    161.019 -107.01528   16.92704    160.000    12.5767    12.5772   4.041974   4.042009 7.5258e-02    12.3430     4.5695 5.0671e-02          0     4.5695     0.0251     0.5092     0.0000     4.6147     0.0000     0.0049     0.0000     0.5083    34.8005    34.8004    26.3267    26.3265     0.0381      1.160      0.445 0.0000e+00
    521.787      12524    162.025 -107.01528   16.92704    161.000    12.5626    12.5628   4.040609   4.040620 7.4311e-02    12.3430     4.5695 5.0671e-02          0     4.5695     0.0247     0.5092     0.0000     4.6015     0.0000     0.0049     0.0000     0.5083    34.8001    34.8000    26.3291    26.3290     0.0383      1.166      0.447 0.0000e+00
    523.206      12558    163.032 -107.01528   16.92704    162.000    12.5510    12.5514   4.039516   4.039558 7.5206e-02    12.3430     4.5695 5.0671e-02          0     4.5695     0.0250     0.5092     0.0000     4.6075     0.0000     0.0049     0.0000     0.5083    34.7998    34.7999    26.3312    26.3312     0.0388      1.180      0.453 0.0000e+00
    524.530      12590    164.039 -107.01528   16.92706    163.000    12.5364    12.5363   4.038047   4.038027 7.4356e-02    12.3448     4.5676 5.0671e-02          0     4.5676     0.0248     0.5092     0.0000     4.5985     0.0000     0.0049     0.0000     0.5083    34.7987    34.7986    26.3332    26.3332     0.0384      1.169      0.448 0.0000e+00
    525.550      12614    165.046 -107.01528   16.92706    164.000    12.5058    12.5061   4.035070   4.035099 7.4598e-02    12.3428     4.5698 5.0671e-02          0     4.5698     0.0248     0.5093     0.0000     4.6218     0.0000     0.0049     0.0000     0.5084    34.7980    34.7980    26.3387    26.3386     0.0386      1.177      0.451 0.0000e+00
    526.377      12634    166.053 -107.01528   16.92706    165.000    12.4960    12.4969   4.034172   4.034264 7.4060e-02    12.3431     4.5695 5.0671e-02          0     4.5695     0.0247     0.5092     0.0000     4.6268     0.0000     0.0049     0.0000     0.5083    34.7979    34.7980    26.3405    26.3405     0.0386      1.174      0.450 0.0000e+00
    527.083      12651    167.059 -107.01528   16.92706    166.000    12.4909    12.4908   4.033707   4.033705 7.3237e-02    12.3429     4.5696 5.0671e-02          0     4.5696     0.0244     0.5093     0.0000     4.6278     0.0000     0.0049     0.0000     0.5084    34.7978    34.7978    26.3415    26.3415     0.0391      1.191      0.456 0.0000e+00
    527.714      12666    168.066 -107.01528   16.92706    167.000    12.4666    12.4666   4.031314   4.031303 7.3260e-02    12.3425     4.5701 5.0671e-02          0     4.5701     0.0244     0.5093     0.0000     4.6120     0.0000     0.0049     0.0000     0.5084    34.7968    34.7966    26.3455    26.3454     0.0385      1.172      0.449 0.0000e+00
    528.326      12681    169.073 -107.01528   16.92706    168.000    12.4364    12.4365   4.028479   4.028519 7.3260e-02    12.3425     4.5701 5.0671e-02          0     4.5701     0.0244     0.5092     0.0000     4.5269     0.0000     0.0049     0.0000     0.5083    34.7970    34.7973    26.3515    26.3517     0.0386      1.176      0.450 0.0000e+00
    528.947      12696    170.079 -107.01528   16.92706    169.000    12.4218    12.4221   4.027015   4.027073 7.2330e-02    12.3423     4.5704 5.0671e-02          0     4.5704     0.0241     0.5093     0.0000     4.5254     0.0000     0.0049     0.0000     0.5084    34.7959    34.7962    26.3536    26.3538     0.0385      1.172      0.448 0.0000e+00
    529.652      12713    171.086 -107.01528   16.92706    170.000    12.3986    12.3990   4.024776   4.024848 7.1919e-02    12.3422     4.5705 5.0671e-02          0     4.5705     0.0240     0.5091     0.0000     4.5253     0.0000     0.0049     0.0000     0.5082    34.7954    34.7957    26.3577    26.3579     0.0380      1.158      0.443 0.0000e+00
    530.944      12744    172.093 -107.01528   16.92706    171.000    12.4028    12.4018   4.025268   4.025173 7.2706e-02    12.3421     4.5705 5.0671e-02          0     4.5705     0.0242     0.5091     0.0000     4.5247     0.0000     0.0049     0.0000     0.5083    34.7958    34.7958    26.3572    26.3575     0.0380      1.157      0.442 0.0000e+00
    534.289      12824    173.100 -107.01528   16.92706    172.000    12.4315    12.4303   4.028102   4.028076 7.3998e-02    12.3427     4.5698 5.0671e-02          0     4.5698     0.0246     0.5091     0.0000     4.5240     0.0000     0.0049     0.0000     0.5083    34.7961    34.7970    26.3520    26.3528     0.0394      1.201      0.459 0.0000e+00
    535.533      12854    174.107 -107.01528   16.92708    173.000    12.3680    12.3746   4.021967   4.022557 7.2949e-02    12.3419     4.5709 5.0671e-02          0     4.5709     0.0243     0.5091     0.0000     4.5238     0.0000     0.0049     0.0000     0.5083    34.7954    34.7949    26.3637    26.3621     0.0383      1.166      0.446 0.0000e+00
    536.376      12874    175.114 -107.01528   16.92708    174.000    12.3483    12.3485   4.020056   4.020093 7.2398e-02    12.3414     4.5714 5.0671e-02          0     4.5714     0.0241     0.5092     0.0000     4.5236     0.0000     0.0049     0.0000     0.5084    34.7947    34.7948    26.3671    26.3671     0.0394      1.201      0.459 0.0000e+00
    537.083      12891    176.120 -107.01530   16.92708    175.000    12.3276    12.3278   4.018005   4.018040 7.1164e-02    12.3416     4.5712 5.0671e-02          0     4.5712     0.0237     0.5092     0.0000     4.5398     0.0000     0.0049     0.0000     0.5084    34.7936    34.7938    26.3703    26.3704     0.0393      1.194      0.456 0.0000e+00
    537.728      12906    177.127 -107.01530   16.92708    176.000    12.3036    12.3036   4.015624   4.015639 7.0304e-02    12.3416     4.5712 5.0671e-02          0     4.5712     0.0234     0.5092     0.0000     4.5406     0.0000     0.0049     0.0000     0.5084    34.7924    34.7926    26.3740    26.3741     0.0391      1.190      0.454 0.0000e+00
    538.368      12922    178.134 -107.01530   16.92708    177.000    12.2815    12.2818   4.013425   4.013478 7.1685e-02    12.3414     4.5714 5.0671e-02          0     4.5714     0.0239     0.5092     0.0000     4.5411     0.0000     0.0049     0.0000     0.5084    34.7912    34.7915    26.3773    26.3775     0.0386      1.175      0.448 0.0000e+00
    539.025      12938    179.141 -107.01530   16.92708    178.000    12.2651    12.2656   4.011812   4.011904 7.0967e-02    12.3411     4.5718 5.0671e-02          0     4.5718     0.0236     0.5092     0.0000     4.5409     0.0000     0.0049     0.0000     0.5084    34.7903    34.7908    26.3799    26.3801     0.0378      1.152      0.439 0.0000e+00
    539.740      12955    180.148 -107.01530   16.92708    179.000    12.2545    12.2549   4.010744   4.010828 7.0757e-02    12.3410     4.5718 5.0671e-02          0     4.5718     0.0236     0.5089     0.0000     4.5407     0.0000     0.0049     0.0000     0.5081    34.7895    34.7899    26.3813    26.3815     0.0370      1.125      0.429 0.0000e+00
    540.545      12974    181.155 -107.01530   16.92708    180.000    12.2454    12.2460   4.009852   4.009940 7.1952e-02    12.3408     4.5721 5.0671e-02          0     4.5721     0.0240     0.5089     0.0000     4.5399     0.0000     0.0049     0.0000     0.5081    34.7888    34.7891    26.3826    26.3827     0.0381      1.160      0.442 0.0000e+00
    541.454      12996    182.162 -107.01530   16.92708    181.000    12.2370    12.2374   4.008973   4.009030 7.1443e-02    12.3410     4.5719 5.0671e-02          0     4.5719     0.0238     0.5090     0.0000     4.5389     0.0000     0.0049     0.0000     0.5082    34.7877    34.7879    26.3833    26.3834     0.0386      1.175      0.448 0.0000e+00
