data/ctd-cnv/RR1804/Station32_cast54.cnv
* Sea-Bird SBE 9 Data File:
* FileName = C:\CTD\RR1805\Station32_cast54.hex
* Software Version Seasave V 7.26.6.26
* Temperature SN = 4307
* Conductivity SN = 4650
* Number of Bytes Per Scan = 44
* Number of Voltage Words = 5
* Number of Scans Averaged by the Deck Unit = 1
* NMEA Latitude = 17 01.23 N
* NMEA Longitude = 106 58.80 W
* NMEA UTC (Time) = Apr 19 2018 18:05:49
** Ship: Revell
** Station: 32 (P2)
** Operator: Gabrielle
** Cast 54 Diel
# nquan = 32
# nvalues = 200                         
# units = specified
# name 0 = timeS: Time, Elapsed [seconds]
# name 1 = scan: Scan Count
# name 2 = prDM: Pressure, Digiquartz [db]
# name 3 = longitude: Longitude [deg]
# name 4 = latitude: Latitude [deg]
# name 5 = depSMignore: Depth [salt water, m]
# name 6 = t090C: Temperature [ITS-90, deg C]
# name 7 = t190C: Temperature, 2 [ITS-90, deg C]
# name 8 = c0S/m: Conductivity [S/m]
# name 9 = c1S/m: Conductivity, 2 [S/m]
# name 10 = flSP: Fluorescence, Seapoint
# name 11 = CStarAt0: Beam Attenuation, WET Labs C-Star [1/m]
# name 12 = CStarTr0: Beam Transmission, WET Labs C-Star [%]
# name 13 = par: PAR/Irradiance, Biospherical/Licor
# name 14 = modError: Modulo Error Count
# name 15 = v0: Voltage 0
# name 16 = v1: Voltage 1
# name 17 = v2: Voltage 2
# name 18 = v3: Voltage 3
# name 19 = v4: Voltage 4
# name 20 = v5: Voltage 5
# name 21 = v6: Voltage 6
# name 22 = v7: Voltage 7
# name 23 = sbeox0V: Oxygen raw, SBE 43 [V]
# name 24 = sal00: Salinity, Practical [PSU]
# name 25 = sal11: Salinity, Practical, 2 [PSU]
# name 26 = sigma-é00: Density [sigma-theta, kg/m^3]
# name 27 = sigma-é11: Density, 2 [sigma-theta, kg/m^3]
# name 28 = sbeox0Mg/L: Oxygen, SBE 43 [mg/l], WS = 2
# name 29 = sbox0Mm/Kg: Oxygen, SBE 43 [umol/kg], WS = 2
# name 30 = sbeox0PS: Oxygen, SBE 43 [% saturation], WS = 2
# name 31 = flag: flag
# span 0 =     15.505,    396.267       
# span 1 =        373,       9511       
# span 2 =      3.018,    203.307       
# span 3 = -106.98014, -106.98006       
# span 4 =   17.02054,   17.02058       
# span 5 =      3.000,    202.000       
# span 6 =    12.1833,    26.9083       
# span 7 =    12.1866,    26.9075       
# span 8 =   4.003465,   5.407459       
# span 9 =   4.003913,   5.407568       
# span 10 = 7.3133e-02, 1.2367e+00      
# span 11 =    12.3367,    12.4352      
# span 12 =     4.4655,     4.5768      
# span 13 = 5.0670e-02, 1.4185e+03      
# span 14 =          0,          0      
# span 15 =     4.4655,     4.5768      
# span 16 =     0.0244,     0.4122      
# span 17 =     0.5074,     2.8299      
# span 18 =     0.0000,     0.0000      
# span 19 =     2.8119,     4.6731      
# span 20 =     0.0000,     0.0000      
# span 21 =     0.0049,     4.4395      
# span 22 =     0.0000,     0.0000      
# span 23 =     0.5066,     2.8299      
# span 24 =    34.2104,    34.8041      
# span 25 =    34.2091,    34.8049      
# span 26 =    22.2073,    26.3844      
# span 27 =    22.2080,    26.3847      
# span 28 =     0.0320,     6.8280      
# span 29 =      0.973,    208.641      
# span 30 =      0.370,    102.335      
# span 31 = 0.0000e+00, 0.0000e+00      
# interval = meters: 1                  
# start_time = Apr 19 2018 18:05:54 [System UTC, first data scan.]
# bad_flag = -9.990e-29
*END*
[from data line 182]
    342.246       8215    186.190 -106.98010   17.02056    185.000    12.3706    12.3707   4.021091   4.021296 7.6514e-02    12.3455     4.5667 5.0671e-02          0     4.5667     0.0255     0.5092     0.0000     4.6703     0.0000     0.0049     0.0000     0.5083    34.7793    34.7812    26.3510    26.3525     0.0386      1.176      0.449 0.0000e+00
    343.243       8239    187.197 -106.98010   17.02056    186.000    12.3654    12.3664   4.020534   4.020784 7.5854e-02    12.3454     4.5668 5.0671e-02          0     4.5668     0.0252     0.5092     0.0000     4.6688     0.0000     0.0049     0.0000     0.5083    34.7783    34.7798    26.3513    26.3522     0.0384      1.170      0.447 0.0000e+00
    344.024       8258    188.204 -106.98010   17.02056    187.000    12.3542    12.3545   4.019313   4.019514 7.6955e-02    12.3456     4.5666 5.0671e-02          0     4.5666     0.0256     0.5092     0.0000     4.6690     0.0000     0.0049     0.0000     0.5083    34.7765    34.7781    26.3521    26.3533     0.0387      1.179      0.450 0.0000e+00
    344.788       8276    189.211 -106.98010   17.02056    188.000    12.3486    12.3490   4.018784   4.019018 7.6346e-02    12.3456     4.5666 5.0671e-02          0     4.5666     0.0254     0.5092     0.0000     4.6695     0.0000     0.0049     0.0000     0.5083    34.7761    34.7779    26.3529    26.3543     0.0383      1.166      0.445 0.0000e+00
    345.666       8297    190.218 -106.98010   17.02056    189.000    12.3341    12.3341   4.017340   4.017510 7.6909e-02    12.3458     4.5664 5.0671e-02          0     4.5664     0.0256     0.5091     0.0000     4.6703     0.0000     0.0049     0.0000     0.5082    34.7751    34.7768    26.3550    26.3563     0.0385      1.172      0.447 0.0000e+00
    346.869       8326    191.225 -106.98010   17.02056    190.000    12.3246    12.3251   4.016480   4.016729 7.6371e-02    12.3458     4.5664 5.0671e-02          0     4.5664     0.0254     0.5092     0.0000     4.6708     0.0000     0.0049     0.0000     0.5083    34.7751    34.7771    26.3569    26.3583     0.0392      1.194      0.456 0.0000e+00
    348.220       8358    192.231 -106.98010   17.02056    191.000    12.3243    12.3248   4.016530   4.016789 7.5631e-02    12.3456     4.5666 5.0671e-02          0     4.5666     0.0252     0.5092     0.0000     4.6712     0.0000     0.0049     0.0000     0.5083    34.7755    34.7775    26.3573    26.3587     0.0384      1.170      0.446 0.0000e+00
    349.263       8383    193.238 -106.98010   17.02056    192.000    12.3249    12.3257   4.016839   4.017126 7.5488e-02    12.3454     4.5668 5.0671e-02          0     4.5668     0.0251     0.5091     0.0000     4.6703     0.0000     0.0049     0.0000     0.5082    34.7775    34.7795    26.3587    26.3601     0.0376      1.145      0.437 0.0000e+00
    350.138       8404    194.245 -106.98010   17.02056    193.000    12.3248    12.3250   4.016905   4.017086 7.4205e-02    12.3458     4.5663 5.0671e-02          0     4.5663     0.0247     0.5090     0.0000     4.6682     0.0000     0.0049     0.0000     0.5081    34.7778    34.7793    26.3590    26.3601     0.0387      1.179      0.450 0.0000e+00
    350.984       8425    195.252 -106.98010   17.02056    194.000    12.3109    12.3111   4.015430   4.015634 7.5336e-02    12.3452     4.5671 5.0671e-02          0     4.5671     0.0251     0.5093     0.0000     4.6683     0.0000     0.0049     0.0000     0.5084    34.7759    34.7778    26.3602    26.3616     0.0394      1.201      0.458 0.0000e+00
    351.903       8447    196.259 -106.98010   17.02056    195.000    12.2969    12.2973   4.014021   4.014235 7.4586e-02    12.3471     4.5649 5.0671e-02          0     4.5649     0.0248     0.5091     0.0000     4.6705     0.0000     0.0049     0.0000     0.5082    34.7749    34.7767    26.3622    26.3635     0.0381      1.161      0.443 0.0000e+00
    352.844       8469    197.266 -106.98010   17.02056    196.000    12.2815    12.2828   4.012843   4.013162 7.4075e-02    12.3451     4.5672 5.0671e-02          0     4.5672     0.0247     0.5091     0.0000     4.6725     0.0000     0.0049     0.0000     0.5082    34.7773    34.7792    26.3671    26.3683     0.0371      1.129      0.431 0.0000e+00
    353.770       8491    198.273 -106.98010   17.02056    197.000    12.2853    12.2858   4.013610   4.013870 7.3926e-02    12.3446     4.5678 5.0671e-02          0     4.5678     0.0246     0.5088     0.0000     4.6725     0.0000     0.0049     0.0000     0.5079    34.7809    34.7829    26.3691    26.3706     0.0376      1.143      0.436 0.0000e+00
    354.754       8515    199.280 -106.98010   17.02056    198.000    12.2824    12.2829   4.013464   4.013701 7.3133e-02    12.3448     4.5675 5.0671e-02          0     4.5675     0.0244     0.5091     0.0000     4.6723     0.0000     0.0049     0.0000     0.5082    34.7816    34.7835    26.3703    26.3717     0.0384      1.168      0.446 0.0000e+00
    357.709       8586    200.287 -106.98010   17.02056    199.000    12.2849    12.2850   4.013665   4.013902 7.3661e-02    12.3448     4.5675 5.0671e-02          0     4.5675     0.0245     0.5089     0.0000     4.6721     0.0000     0.0049     0.0000     0.5080    34.7809    34.7830    26.3692    26.3709     0.0377      1.149      0.438 0.0000e+00
    364.140       8740    201.294 -106.98008   17.02058    200.000    12.2832    12.2816   4.013538   4.013662 7.3316e-02    12.3447     4.5676 5.0670e-02          0     4.5676     0.0244     0.5088     0.0000     4.6312     0.0000     0.0049     0.0000     0.5080    34.7808    34.7835    26.3695    26.3719     0.0373      1.136      0.433 0.0000e+00
    373.685       8969    202.301 -106.98008   17.02058    201.000    12.2554    12.2491   4.010800   4.010377 7.3313e-02    12.3445     4.5679 5.0671e-02          0     4.5679     0.0244     0.5085     0.0000     4.6355     0.0000     0.0049     0.0000     0.5076    34.7797    34.7814    26.3741    26.3766     0.0358      1.091      0.416 0.0000e+00
    396.267       9511    203.307 -106.98008   17.02058    202.000    12.1833    12.1866   4.003465   4.003913 7.3211e-02    12.3426     4.5699 5.0671e-02          0     4.5699     0.0244     0.5074     0.0000     4.6731     0.0000     0.0049     0.0000     0.5066    34.7752    34.7765    26.3844    26.3847     0.0320      0.973      0.370 0.0000e+00
