data/ctd-cnv/RR1804/Station32_cast52.cnv
* Sea-Bird SBE 9 Data File:
* FileName = C:\CTD\RR1805\Station32_cast52.hex
* Software Version Seasave V 7.26.6.26
* Temperature SN = 4307
* Conductivity SN = 4650
* Number of Bytes Per Scan = 44
* Number of Voltage Words = 5
* Number of Scans Averaged by the Deck Unit = 1
* NMEA Latitude = 17 01.23 N
* NMEA Longitude = 106 58.80 W
* NMEA UTC (Time) = Apr 19 2018 12:06:26
** Ship: Revell
** Station: 32 (P2)
** Operator: Natalie
** cast 52 diel
# nquan = 32
# nvalues = 200                         
# units = specified
# name 0 = timeS: Time, Elapsed [seconds]
# name 1 = scan: Scan Count
# name 2 = prDM: Pressure, Digiquartz [db]
# name 3 = longitude: Longitude [deg]
# name 4 = latitude: Latitude [deg]
# name 5 = depSMignore: Depth [salt water, m]
# name 6 = t090C: Temperature [ITS-90, deg C]
# name 7 = t190C: Temperature, 2 [ITS-90, deg C]
# name 8 = c0S/m: Conductivity [S/m]
# name 9 = c1S/m: Conductivity, 2 [S/m]
# name 10 = flSP: Fluorescence, Seapoint
# name 11 = CStarAt0: Beam Attenuation, WET Labs C-Star [1/m]
# name 12 = CStarTr0: Beam Transmission, WET Labs C-Star [%]
# name 13 = par: PAR/Irradiance, Biospherical/Licor
# name 14 = modError: Modulo Error Count
# name 15 = v0: Voltage 0
# name 16 = v1: Voltage 1
# name 17 = v2: Voltage 2
# name 18 = v3: Voltage 3
# name 19 = v4: Voltage 4
# name 20 = v5: Voltage 5
# name 21 = v6: Voltage 6
# name 22 = v7: Voltage 7
# name 23 = sbeox0V: Oxygen raw, SBE 43 [V]
# name 24 = sal00: Salinity, Practical [PSU]
# name 25 = sal11: Salinity, Practical, 2 [PSU]
# name 26 = sigma-é00: Density [sigma-theta, kg/m^3]
# name 27 = sigma-é11: Density, 2 [sigma-theta, kg/m^3]
# name 28 = sbeox0Mg/L: Oxygen, SBE 43 [mg/l], WS = 2
# name 29 = sbox0Mm/Kg: Oxygen, SBE 43 [umol/kg], WS = 2
# name 30 = sbeox0PS: Oxygen, SBE 43 [% saturation], WS = 2
# name 31 = flag: flag
# span 0 =     -2.977,    349.821       
# span 1 =        -70,       8397       
# span 2 =      1.006,    201.294       
# span 3 = -106.98006, -106.98000       
# span 4 =   17.02058,   17.02064       
# span 5 =      1.000,    200.000       
# span 6 =    11.9209,    26.9205       
# span 7 =    11.9221,    26.9192       
# span 8 =   3.976411,   5.406043       
# span 9 =   3.976668,   5.406224       
# span 10 = 7.1989e-02, 1.1904e+00      
# span 11 =    12.3350,    12.4326      
# span 12 =     4.4683,     4.5788      
# span 13 = 1.4331e-02, 2.1037e-01      
# span 14 =          0,          0      
# span 15 =     4.4683,     4.5788      
# span 16 =     0.0240,     0.3968      
# span 17 =     0.5091,     2.8237      
# span 18 =     0.0000,     0.0000      
# span 19 =     0.3614,     4.6809      
# span 20 =     0.0000,     0.0000      
# span 21 =    -0.1332,     0.6399      
# span 22 =     0.0000,     0.0000      
# span 23 =     0.5083,     2.8237      
# span 24 =    34.2297,    34.8016      
# span 25 =    34.2246,    34.8020      
# span 26 =    22.1907,    26.4206      
# span 27 =    22.1929,    26.4215      
# span 28 =     0.0386,     6.8169      
# span 29 =      1.176,    208.307      
# span 30 =      0.446,    101.885      
# span 31 = 0.0000e+00, 0.0000e+00      
# interval = meters: 1                  
# start_time = Apr 19 2018 12:06:31 [System UTC, first data scan.]
# bad_flag = -9.990e-29
*END*
[from data line 182]
    322.454       7740    184.176 -106.98002   17.02060    183.000    12.2302    12.2306   4.006379   4.006553 7.5436e-02    12.3446     4.5678 5.0671e-02          0     4.5678     0.0251     0.5096     0.0000     4.6556     0.0000     0.0049     0.0000     0.5088    34.7680    34.7693    26.3694    26.3703     0.0413      1.259      0.480 0.0000e+00
    323.408       7763    185.183 -106.98002   17.02060    184.000    12.2175    12.2174   4.005095   4.005206 7.6331e-02    12.3446     4.5678 5.0671e-02          0     4.5678     0.0254     0.5096     0.0000     4.6568     0.0000     0.0049     0.0000     0.5088    34.7669    34.7681    26.3710    26.3720     0.0404      1.230      0.468 0.0000e+00
    324.426       7787    186.190 -106.98002   17.02060    185.000    12.2015    12.2015   4.003522   4.003664 7.5643e-02    12.3442     4.5683 5.0671e-02          0     4.5683     0.0252     0.5096     0.0000     4.6561     0.0000     0.0049     0.0000     0.5088    34.7661    34.7674    26.3735    26.3745     0.0405      1.233      0.469 0.0000e+00
    325.374       7810    187.197 -106.98002   17.02060    186.000    12.1844    12.1844   4.001839   4.001954 7.5012e-02    12.3442     4.5682 5.0671e-02          0     4.5682     0.0250     0.5095     0.0000     4.6566     0.0000     0.0049     0.0000     0.5087    34.7652    34.7664    26.3761    26.3770     0.0402      1.223      0.465 0.0000e+00
    326.336       7833    188.204 -106.98002   17.02060    187.000    12.1623    12.1626   3.999778   3.999945 7.3734e-02    12.3445     4.5678 5.0671e-02          0     4.5678     0.0246     0.5096     0.0000     4.6571     0.0000     0.0049     0.0000     0.5088    34.7653    34.7666    26.3804    26.3814     0.0418      1.272      0.484 0.0000e+00
    327.411       7859    189.211 -106.98002   17.02060    188.000    12.1265    12.1279   3.996339   3.996603 7.3639e-02    12.3440     4.5685 5.0671e-02          0     4.5685     0.0245     0.5096     0.0000     4.6569     0.0000     0.0049     0.0000     0.5088    34.7648    34.7660    26.3869    26.3876     0.0413      1.258      0.478 0.0000e+00
    328.687       7889    190.218 -106.98002   17.02060    189.000    12.0674    12.0654   3.990617   3.990545 7.3134e-02    12.3431     4.5694 5.0671e-02          0     4.5694     0.0244     0.5097     0.0000     4.6573     0.0000     0.0049     0.0000     0.5089    34.7636    34.7648    26.3973    26.3986     0.0402      1.225      0.465 0.0000e+00
    329.964       7920    191.224 -106.98002   17.02060    190.000    12.0328    12.0327   3.987381   3.987520 7.3265e-02    12.3426     4.5700 5.0671e-02          0     4.5700     0.0244     0.5095     0.0000     4.6563     0.0000     0.0049     0.0000     0.5087    34.7639    34.7653    26.4042    26.4053     0.0403      1.227      0.466 0.0000e+00
    331.117       7948    192.232 -106.98002   17.02060    191.000    12.0109    12.0110   3.985290   3.985444 7.2975e-02    12.3429     4.5697 5.0671e-02          0     4.5697     0.0243     0.5095     0.0000     4.6562     0.0000     0.0049     0.0000     0.5087    34.7636    34.7650    26.4082    26.4092     0.0407      1.238      0.469 0.0000e+00
    332.164       7973    193.238 -106.98002   17.02060    192.000    11.9925    11.9926   3.983471   3.983623 7.2489e-02    12.3429     4.5696 5.0671e-02          0     4.5696     0.0241     0.5093     0.0000     4.6584     0.0000     0.0049     0.0000     0.5085    34.7625    34.7639    26.4109    26.4120     0.0386      1.176      0.446 0.0000e+00
    333.116       7996    194.245 -106.98002   17.02060    193.000    11.9841    11.9845   3.982696   3.982898 7.2932e-02    12.3427     4.5699 5.0671e-02          0     4.5699     0.0243     0.5092     0.0000     4.6579     0.0000     0.0049     0.0000     0.5084    34.7624    34.7640    26.4124    26.4135     0.0402      1.224      0.464 0.0000e+00
    334.025       8018    195.252 -106.98002   17.02060    194.000    11.9791    11.9794   3.982237   3.982424 7.3094e-02    12.3426     4.5699 5.0671e-02          0     4.5699     0.0243     0.5095     0.0000     4.6586     0.0000     0.0049     0.0000     0.5087    34.7621    34.7636    26.4132    26.4143     0.0406      1.237      0.469 0.0000e+00
    334.935       8039    196.259 -106.98002   17.02060    195.000    11.9696    11.9698   3.981305   3.981487 7.2013e-02    12.3429     4.5697 5.0671e-02          0     4.5697     0.0240     0.5093     0.0000     4.6435     0.0000     0.0049     0.0000     0.5085    34.7614    34.7630    26.4145    26.4156     0.0393      1.195      0.453 0.0000e+00
    335.877       8062    197.266 -106.98002   17.02060    196.000    11.9622    11.9625   3.980573   3.980740 7.2908e-02    12.3426     4.5700 5.0671e-02          0     4.5700     0.0243     0.5093     0.0000     4.5804     0.0000     0.0049     0.0000     0.5085    34.7608    34.7622    26.4154    26.4164     0.0405      1.233      0.467 0.0000e+00
    336.831       8085    198.273 -106.98002   17.02060    197.000    11.9466    11.9446   3.978963   3.978914 7.1989e-02    12.3426     4.5699 5.0671e-02          0     4.5699     0.0240     0.5095     0.0000     4.6050     0.0000     0.0049     0.0000     0.5087    34.7592    34.7605    26.4171    26.4185     0.0405      1.234      0.467 0.0000e+00
    337.829       8109    199.280 -106.98002   17.02060    198.000    11.9261    11.9250   3.976840   3.976885 7.2817e-02    12.3424     4.5701 5.0671e-02          0     4.5701     0.0243     0.5093     0.0000     4.6146     0.0000     0.0049     0.0000     0.5085    34.7571    34.7586    26.4194    26.4208     0.0398      1.212      0.459 0.0000e+00
    340.435       8171    200.287 -106.98002   17.02060    199.000    11.9209    11.9221   3.976411   3.976668 7.2553e-02    12.3426     4.5700 5.0671e-02          0     4.5700     0.0242     0.5093     0.0000     4.6179     0.0000     0.0049     0.0000     0.5085    34.7573    34.7588    26.4206    26.4215     0.0396      1.204      0.456 0.0000e+00
    349.821       8397    201.294 -106.98002   17.02060    200.000    11.9816    11.9809   3.982793   3.982938 7.2735e-02    12.3425     4.5701 5.0671e-02          0     4.5701     0.0242     0.5091     0.0000     4.6604     0.0000     0.0049     0.0000     0.5083    34.7626    34.7646    26.4132    26.4149     0.0390      1.187      0.450 0.0000e+00
