data/ctd-cnv/RR1804/Station32_cast47.cnv
* Sea-Bird SBE 9 Data File:
* FileName = C:\CTD\RR1805\Station32_cast47.hex
* Software Version Seasave V 7.26.6.26
* Temperature SN = 4307
* Conductivity SN = 4650
* Number of Bytes Per Scan = 44
* Number of Voltage Words = 5
* Number of Scans Averaged by the Deck Unit = 1
* NMEA Latitude = 16 58.61 N
* NMEA Longitude = 107 03.33 W
* NMEA UTC (Time) = Apr 17 2018 21:04:08
** Ship: Revell
** Station: 32 (P2)
** Operator: Clara
** cast47
# nquan = 32
# nvalues = 402                         
# units = specified
# name 0 = timeS: Time, Elapsed [seconds]
# name 1 = scan: Scan Count
# name 2 = prDM: Pressure, Digiquartz [db]
# name 3 = longitude: Longitude [deg]
# name 4 = latitude: Latitude [deg]
# name 5 = depSMignore: Depth [salt water, m]
# name 6 = t090C: Temperature [ITS-90, deg C]
# name 7 = t190C: Temperature, 2 [ITS-90, deg C]
# name 8 = c0S/m: Conductivity [S/m]
# name 9 = c1S/m: Conductivity, 2 [S/m]
# name 10 = flSP: Fluorescence, Seapoint
# name 11 = CStarAt0: Beam Attenuation, WET Labs C-Star [1/m]
# name 12 = CStarTr0: Beam Transmission, WET Labs C-Star [%]
# name 13 = par: PAR/Irradiance, Biospherical/Licor
# name 14 = modError: Modulo Error Count
# name 15 = v0: Voltage 0
# name 16 = v1: Voltage 1
# name 17 = v2: Voltage 2
# name 18 = v3: Voltage 3
# name 19 = v4: Voltage 4
# name 20 = v5: Voltage 5
# name 21 = v6: Voltage 6
# name 22 = v7: Voltage 7
# name 23 = sbeox0V: Oxygen raw, SBE 43 [V]
# name 24 = sal00: Salinity, Practical [PSU]
# name 25 = sal11: Salinity, Practical, 2 [PSU]
# name 26 = sigma-é00: Density [sigma-theta, kg/m^3]
# name 27 = sigma-é11: Density, 2 [sigma-theta, kg/m^3]
# name 28 = sbeox0Mg/L: Oxygen, SBE 43 [mg/l], WS = 2
# name 29 = sbox0Mm/Kg: Oxygen, SBE 43 [umol/kg], WS = 2
# name 30 = sbeox0PS: Oxygen, SBE 43 [% saturation], WS = 2
# name 31 = flag: flag
# span 0 =     25.149,    779.421       
# span 1 =        605,      18707       
# span 2 =      1.006,    404.798       
# span 3 = -107.05558, -107.05554       
# span 4 =   16.97688,   16.97692       
# span 5 =      1.000,    402.000       
# span 6 =     9.0997,    27.5149       
# span 7 =     9.0915,    27.5144       
# span 8 =   3.704412,   5.469847       
# span 9 =   3.703774,   9.478588       
# span 10 = 3.5612e-02, 1.4235e+00      
# span 11 =    12.3287,    12.4740      
# span 12 =     4.4223,     4.5859      
# span 13 = 5.0621e-02, 1.2251e+03      
# span 14 =          0,          0      
# span 15 =     4.4223,     4.5859      
# span 16 =     0.0119,     0.4745      
# span 17 =     0.5064,     2.7949      
# span 18 =     0.0000,     0.0000      
# span 19 =     1.0565,     4.6664      
# span 20 =     0.0000,     0.0000      
# span 21 =     0.0045,     4.3426      
# span 22 =     0.0000,     0.0000      
# span 23 =     0.5057,     2.7950      
# span 24 =    34.2116,    34.8059      
# span 25 =    19.3394,   114.6373      
# span 26 =    21.9892,    26.8005      
# span 27 =     6.9190,   102.4145      
# span 28 =     0.0308,     7.0016      
# span 29 =      0.937,    214.092      
# span 30 =      0.334,    107.414      
# span 31 = 0.0000e+00, 0.0000e+00      
# interval = meters: 1                  
# start_time = Apr 17 2018 21:04:12 [System UTC, first data scan.]
# bad_flag = -9.990e-29
*END*
[from data line 363]
    686.150      16469    366.500 -107.05556   16.97690    364.000     9.7722     9.7725   3.768659   3.768891 7.4954e-02    12.3306     4.5837 5.0671e-02          0     4.5837     0.0250     0.5070     0.0000     4.6644     0.0000     0.0049     0.0000     0.5063    34.6385    34.6407    26.7153    26.7170     0.0314      0.956      0.345 0.0000e+00
    687.005      16489    367.508 -107.05556   16.97690    365.000     9.7677     9.7679   3.768241   3.768484 7.4706e-02    12.3305     4.5838 5.0671e-02          0     4.5838     0.0249     0.5068     0.0000     4.6632     0.0000     0.0049     0.0000     0.5061    34.6382    34.6404    26.7158    26.7176     0.0331      1.009      0.364 0.0000e+00
    688.401      16523    368.516 -107.05556   16.97690    366.000     9.7641     9.7638   3.767904   3.768110 7.4919e-02    12.3305     4.5838 5.0671e-02          0     4.5838     0.0249     0.5070     0.0000     4.6633     0.0000     0.0049     0.0000     0.5063    34.6376    34.6401    26.7160    26.7180     0.0340      1.034      0.374 0.0000e+00
    690.509      16573    369.524 -107.05556   16.97690    367.000     9.7515     9.7507   3.766696   3.766828 7.5428e-02    12.3307     4.5836 5.0671e-02          0     4.5836     0.0251     0.5070     0.0000     4.6617     0.0000     0.0049     0.0000     0.5063    34.6369    34.6390    26.7176    26.7194     0.0335      1.020      0.368 0.0000e+00
    692.019      16609    370.531 -107.05556   16.97690    368.000     9.7296     9.7293   3.764574   3.764756 7.4585e-02    12.3304     4.5840 5.0671e-02          0     4.5840     0.0248     0.5068     0.0000     4.6625     0.0000     0.0049     0.0000     0.5061    34.6357    34.6379    26.7204    26.7221     0.0324      0.985      0.356 0.0000e+00
    692.982      16633    371.539 -107.05556   16.97690    369.000     9.7098     9.7102   3.762728   3.763004 7.4347e-02    12.3305     4.5838 5.0671e-02          0     4.5838     0.0248     0.5068     0.0000     4.6625     0.0000     0.0049     0.0000     0.5061    34.6354    34.6378    26.7234    26.7253     0.0325      0.989      0.357 0.0000e+00
    693.765      16651    372.547 -107.05556   16.97690    370.000     9.7049     9.7051   3.762274   3.762518 7.4557e-02    12.3308     4.5835 5.0671e-02          0     4.5835     0.0248     0.5068     0.0000     4.6618     0.0000     0.0049     0.0000     0.5061    34.6349    34.6373    26.7239    26.7257     0.0342      1.042      0.376 0.0000e+00
    694.482      16669    373.555 -107.05556   16.97690    371.000     9.6946     9.6946   3.761293   3.761503 7.4775e-02    12.3304     4.5840 5.0671e-02          0     4.5840     0.0249     0.5071     0.0000     4.6605     0.0000     0.0049     0.0000     0.5064    34.6343    34.6365    26.7251    26.7268     0.0353      1.075      0.388 0.0000e+00
    695.176      16685    374.562 -107.05556   16.97690    372.000     9.6764     9.6757   3.759522   3.759647 7.5205e-02    12.3306     4.5837 5.0671e-02          0     4.5837     0.0250     0.5071     0.0000     4.6617     0.0000     0.0049     0.0000     0.5064    34.6331    34.6351    26.7273    26.7289     0.0344      1.047      0.378 0.0000e+00
    695.899      16703    375.570 -107.05556   16.97690    373.000     9.6597     9.6600   3.757950   3.758171 7.4478e-02    12.3306     4.5837 5.0671e-02          0     4.5837     0.0248     0.5070     0.0000     4.6625     0.0000     0.0049     0.0000     0.5063    34.6325    34.6346    26.7296    26.7312     0.0341      1.039      0.374 0.0000e+00
    696.673      16721    376.578 -107.05556   16.97690    374.000     9.6510     9.6512   3.757126   3.757355 7.6361e-02    12.3301     4.5843 5.0671e-02          0     4.5843     0.0254     0.5070     0.0000     4.6625     0.0000     0.0049     0.0000     0.5063    34.6320    34.6341    26.7306    26.7323     0.0334      1.017      0.366 0.0000e+00
    697.544      16742    377.586 -107.05556   16.97690    375.000     9.6297     9.6284   3.755000   3.755049 7.4688e-02    12.3300     4.5844 5.0671e-02          0     4.5844     0.0249     0.5070     0.0000     4.6624     0.0000     0.0049     0.0000     0.5063    34.6302    34.6319    26.7328    26.7343     0.0329      1.002      0.361 0.0000e+00
    698.512      16765    378.594 -107.05556   16.97690    376.000     9.5950     9.5942   3.751645   3.751773 7.6146e-02    12.3304     4.5839 5.0671e-02          0     4.5839     0.0253     0.5070     0.0000     4.6625     0.0000     0.0049     0.0000     0.5063    34.6286    34.6306    26.7373    26.7390     0.0339      1.033      0.372 0.0000e+00
    699.577      16791    379.602 -107.05556   16.97690    377.000     9.5708     9.5703   3.749303   3.749468 7.5300e-02    12.3302     4.5842 5.0671e-02          0     4.5842     0.0251     0.5071     0.0000     4.6621     0.0000     0.0049     0.0000     0.5064    34.6272    34.6294    26.7402    26.7420     0.0342      1.042      0.375 0.0000e+00
    700.836      16821    380.609 -107.05556   16.97690    378.000     9.5623     9.5623   3.748508   3.748732 7.5732e-02    12.3300     4.5845 5.0671e-02          0     4.5845     0.0252     0.5069     0.0000     4.6624     0.0000     0.0049     0.0000     0.5062    34.6268    34.6292    26.7414    26.7432     0.0330      1.004      0.361 0.0000e+00
    702.368      16858    381.617 -107.05556   16.97690    379.000     9.5533     9.5532   3.747676   3.747886 7.4915e-02    12.3296     4.5849 5.0671e-02          0     4.5849     0.0249     0.5070     0.0000     4.6628     0.0000     0.0049     0.0000     0.5063    34.6264    34.6287    26.7426    26.7443     0.0344      1.046      0.376 0.0000e+00
    703.664      16889    382.625 -107.05556   16.97690    380.000     9.5327     9.5325   3.745699   3.745904 7.5492e-02    12.3298     4.5847 5.0671e-02          0     4.5847     0.0251     0.5071     0.0000     4.6630     0.0000     0.0049     0.0000     0.5064    34.6255    34.6277    26.7452    26.7470     0.0339      1.032      0.371 0.0000e+00
    704.662      16913    383.633 -107.05556   16.97690    381.000     9.5047     9.5043   3.742983   3.743139 7.5271e-02    12.3298     4.5846 5.0671e-02          0     4.5846     0.0251     0.5069     0.0000     4.6631     0.0000     0.0049     0.0000     0.5062    34.6239    34.6259    26.7486    26.7502     0.0325      0.988      0.355 0.0000e+00
    705.499      16933    384.641 -107.05556   16.97690    382.000     9.4900     9.4902   3.741617   3.741862 7.5275e-02    12.3297     4.5848 5.0671e-02          0     4.5848     0.0251     0.5068     0.0000     4.6640     0.0000     0.0049     0.0000     0.5061    34.6236    34.6258    26.7508    26.7525     0.0336      1.022      0.367 0.0000e+00
    706.249      16951    385.649 -107.05556   16.97690    383.000     9.4800     9.4799   3.740632   3.740804 7.6086e-02    12.3297     4.5848 5.0671e-02          0     4.5848     0.0253     0.5070     0.0000     4.6628     0.0000     0.0049     0.0000     0.5063    34.6225    34.6245    26.7516    26.7532     0.0352      1.070      0.384 0.0000e+00
    706.970      16968    386.656 -107.05556   16.97690    384.000     9.4466     9.4462   3.737434   3.737579 7.6009e-02    12.3299     4.5845 5.0671e-02          0     4.5845     0.0253     0.5070     0.0000     4.6626     0.0000     0.0049     0.0000     0.5063    34.6212    34.6231    26.7561    26.7577     0.0340      1.036      0.372 0.0000e+00
    707.722      16986    387.664 -107.05556   16.97690    385.000     9.4175     9.4174   3.734615   3.734768 7.5282e-02    12.3296     4.5849 5.0671e-02          0     4.5849     0.0251     0.5070     0.0000     4.6633     0.0000     0.0049     0.0000     0.5063    34.6197    34.6214    26.7597    26.7611     0.0337      1.026      0.368 0.0000e+00
    708.595      17007    388.672 -107.05556   16.97690    386.000     9.3953     9.3951   3.732506   3.732675 7.4251e-02    12.3298     4.5847 5.0671e-02          0     4.5847     0.0247     0.5070     0.0000     4.6630     0.0000     0.0049     0.0000     0.5063    34.6189    34.6209    26.7627    26.7643     0.0335      1.021      0.366 0.0000e+00
    709.794      17036    389.680 -107.05556   16.97690    387.000     9.3628     9.3622   3.729363   3.729517 7.4202e-02    12.3297     4.5848 5.0671e-02          0     4.5848     0.0247     0.5068     0.0000     4.6635     0.0000     0.0049     0.0000     0.5061    34.6173    34.6194    26.7668    26.7685     0.0318      0.968      0.347 0.0000e+00
    711.535      17078    390.688 -107.05556   16.97690    388.000     9.3458     9.3454   3.727735   3.727919 7.4910e-02    12.3294     4.5851 5.0671e-02          0     4.5851     0.0249     0.5068     0.0000     4.6632     0.0000     0.0049     0.0000     0.5061    34.6164    34.6187    26.7689    26.7707     0.0336      1.023      0.366 0.0000e+00
    712.995      17113    391.696 -107.05556   16.97690    389.000     9.3361     9.3360   3.726890   3.727104 7.5393e-02    12.3294     4.5852 5.0671e-02          0     4.5852     0.0251     0.5067     0.0000     4.6640     0.0000     0.0049     0.0000     0.5060    34.6165    34.6188    26.7706    26.7724     0.0329      1.001      0.358 0.0000e+00
    713.941      17136    392.704 -107.05556   16.97690    390.000     9.3206     9.3205   3.725451   3.725660 7.4694e-02    12.3296     4.5849 5.0671e-02          0     4.5849     0.0249     0.5068     0.0000     4.6650     0.0000     0.0049     0.0000     0.5061    34.6161    34.6184    26.7728    26.7746     0.0354      1.076      0.385 0.0000e+00
    714.702      17154    393.711 -107.05556   16.97690    391.000     9.2809     9.2801   3.721537   3.721606 7.4891e-02    12.3292     4.5854 5.0671e-02          0     4.5854     0.0249     0.5072     0.0000     4.6650     0.0000     0.0049     0.0000     0.5065    34.6134    34.6149    26.7771    26.7785     0.0367      1.118      0.400 0.0000e+00
    715.380      17170    394.719 -107.05556   16.97690    392.000     9.2465     9.2468   3.718339   3.718563 7.3986e-02    12.3294     4.5851 5.0671e-02          0     4.5851     0.0246     0.5070     0.0000     4.6643     0.0000     0.0049     0.0000     0.5063    34.6131    34.6151    26.7825    26.7840     0.0338      1.029      0.368 0.0000e+00
    716.042      17186    395.727 -107.05556   16.97690    393.000     9.2347     9.2347   3.717190   3.717371 7.5630e-02    12.3293     4.5852 5.0671e-02          0     4.5852     0.0252     0.5070     0.0000     4.6649     0.0000     0.0049     0.0000     0.5063    34.6120    34.6139    26.7836    26.7850     0.0338      1.029      0.367 0.0000e+00
    716.728      17202    396.735 -107.05556   16.97690    394.000     9.2201     9.2202   3.715819   3.716027 7.5004e-02    12.3292     4.5853 5.0671e-02          0     4.5853     0.0250     0.5071     0.0000     4.6653     0.0000     0.0049     0.0000     0.5064    34.6114    34.6135    26.7855    26.7871     0.0355      1.080      0.386 0.0000e+00
    717.539      17222    397.743 -107.05556   16.97690    395.000     9.2109     9.2110   3.714949   3.715176 7.5088e-02    12.3292     4.5854 5.0671e-02          0     4.5854     0.0250     0.5071     0.0000     4.6655     0.0000     0.0049     0.0000     0.5064    34.6109    34.6131    26.7866    26.7883     0.0334      1.015      0.362 0.0000e+00
    718.714      17250    398.751 -107.05556   16.97690    396.000     9.1928     9.1925   3.713211   3.713378 7.5548e-02    12.3290     4.5856 5.0671e-02          0     4.5856     0.0251     0.5068     0.0000     4.6653     0.0000     0.0049     0.0000     0.5061    34.6098    34.6119    26.7887    26.7904     0.0323      0.985      0.351 0.0000e+00
    720.228      17286    399.759 -107.05556   16.97690    397.000     9.1737     9.1735   3.711389   3.711581 7.4324e-02    12.3287     4.5859 5.0671e-02          0     4.5859     0.0247     0.5067     0.0000     4.6657     0.0000     0.0049     0.0000     0.5060    34.6089    34.6111    26.7911    26.7928     0.0319      0.971      0.346 0.0000e+00
    721.766      17323    400.767 -107.05556   16.97690    398.000     9.1451     9.1442   3.708647   3.708764 7.5690e-02    12.3292     4.5854 5.0671e-02          0     4.5854     0.0252     0.5067     0.0000     4.6661     0.0000     0.0049     0.0000     0.5060    34.6076    34.6097    26.7947    26.7965     0.0329      1.002      0.357 0.0000e+00
    726.536      17438    401.775 -107.05555   16.97690    399.000     9.1615     9.1466   3.710318   3.709153 7.5601e-02    12.3292     4.5854 5.0671e-02          0     4.5854     0.0252     0.5067     0.0000     4.6658     0.0000     0.0049     0.0000     0.5060    34.6086    34.6110    26.7928    26.7971     0.0331      1.006      0.359 0.0000e+00
    731.847      17565    402.783 -107.05556   16.97690    400.000     9.1320     9.1066   3.707524   3.705175 7.3680e-02    12.3290     4.5856 5.0671e-02          0     4.5856     0.0245     0.5068     0.0000     4.6659     0.0000     0.0049     0.0000     0.5061    34.6077    34.6079    26.7968    26.8011     0.0336      1.022      0.364 0.0000e+00
    738.368      17722    403.791 -107.05556   16.97690    401.000     9.1315     9.1263   3.707576   3.707262 7.4219e-02    12.3291     4.5855 5.0671e-02          0     4.5855     0.0247     0.5065     0.0000     4.6656     0.0000     0.0049     0.0000     0.5058    34.6082    34.6100    26.7974    26.7996     0.0308      0.937      0.334 0.0000e+00
    779.421      18707    404.798 -107.05556   16.97690    402.000     9.0997     9.0915   3.704412   3.703774 7.5090e-02    12.3294     4.5852 5.0671e-02          0     4.5852     0.0250     0.5064     0.0000     4.6664     0.0000     0.0049     0.0000     0.5057    34.6057    34.6070    26.8005    26.8028     0.0312      0.950      0.338 0.0000e+00
