data/ctd-cnv/RR1804/Station32_cast56.cnv
* Sea-Bird SBE 9 Data File:
* FileName = C:\CTD\RR1805\Station32_cast56.hex
* Software Version Seasave V 7.26.6.26
* Temperature SN = 4307
* Conductivity SN = 4650
* Number of Bytes Per Scan = 44
* Number of Voltage Words = 5
* Number of Scans Averaged by the Deck Unit = 1
* NMEA Latitude = 16 59.06 N
* NMEA Longitude = 106 58.73 W
* NMEA UTC (Time) = Apr 20 2018 06:06:48
** Ship: Revell
** Station: On Deck
** Operator: nak
** cast56
# nquan = 32
# nvalues = 202                         
# units = specified
# name 0 = timeS: Time, Elapsed [seconds]
# name 1 = scan: Scan Count
# name 2 = prDM: Pressure, Digiquartz [db]
# name 3 = longitude: Longitude [deg]
# name 4 = latitude: Latitude [deg]
# name 5 = depSM: Depth [salt water, m]
# name 6 = t090C: Temperature [ITS-90, deg C]
# name 7 = t190C: Temperature, 2 [ITS-90, deg C]
# name 8 = c0S/m: Conductivity [S/m]
# name 9 = c1S/m: Conductivity, 2 [S/m]
# name 10 = flSP: Fluorescence, Seapoint
# name 11 = CStarAt0: Beam Attenuation, WET Labs C-Star [1/m]
# name 12 = CStarTr0: Beam Transmission, WET Labs C-Star [%]
# name 13 = par: PAR/Irradiance, Biospherical/Licor
# name 14 = modError: Modulo Error Count
# name 15 = v0: Voltage 0
# name 16 = v1: Voltage 1
# name 17 = v2: Voltage 2
# name 18 = v3: Voltage 3
# name 19 = v4: Voltage 4
# name 20 = v5: Voltage 5
# name 21 = v6: Voltage 6
# name 22 = v7: Voltage 7
# name 23 = sbeox0V: Oxygen raw, SBE 43 [V]
# name 24 = sal00: Salinity, Practical [PSU]
# name 25 = sal11: Salinity, Practical, 2 [PSU]
# name 26 = sigma-é00: Density [sigma-theta, kg/m^3]
# name 27 = sigma-é11: Density, 2 [sigma-theta, kg/m^3]
# name 28 = sbeox0Mg/L: Oxygen, SBE 43 [mg/l], WS = 2
# name 29 = sbox0Mm/Kg: Oxygen, SBE 43 [umol/kg], WS = 2
# name 30 = sbeox0PS: Oxygen, SBE 43 [% saturation], WS = 2
# name 31 = flag: flag
# span 0 =     49.956,    527.663       
# span 1 =       1200,      12665       
# span 2 =      1.006,    203.307       
# span 3 = -106.97886, -106.97884       
# span 4 =   16.98430,   16.98438       
# span 5 =      1.000,    202.000       
# span 6 =    12.0512,    26.9277       
# span 7 =    12.0475,    28.1160       
# span 8 =   3.990811,   5.487899       
# span 9 = -10.000036,  45.716303       
# span 10 = 7.1123e-02, 9.3305e-01      
# span 11 =    12.3168,    13.3768      
# span 12 =     3.5647,     4.6215      
# span 13 = 5.0583e-02, 7.9475e-01      
# span 14 =          0,          0      
# span 15 =     3.5647,     4.6215      
# span 16 =     0.0237,     0.3110      
# span 17 =     0.5089,     2.8193      
# span 18 =     0.0000,     0.0000      
# span 19 =     0.2620,     4.9213      
# span 20 =     0.0000,     0.0000      
# span 21 =     0.0043,     1.1957      
# span 22 =     0.0000,     0.0000      
# span 23 =     0.5080,     2.8193      
# span 24 =    33.3465,    34.8492      
# span 25 =  -290.3622,   878.1616      
# span 26 =    21.5060,    26.4096      
# span 27 =  -304.7644,   871.4169      
# span 28 =     0.0372,     6.9330      
# span 29 =      1.134,    211.756      
# span 30 =      0.431,    101.824      
# span 31 = 0.0000e+00, 0.0000e+00      
# interval = meters: 1                  
# start_time = Apr 20 2018 06:06:53 [System UTC, first data scan.]
# bad_flag = -9.990e-29
*END*
[from data line 136]
    437.473      10500    137.865 -106.97886   16.98430    137.000    13.1468    13.1470   4.095869   4.095893 1.4984e-01    12.3524     4.5588 5.0671e-02          0     4.5588     0.0500     0.5117     0.0000     4.6210     0.0000     0.0049     0.0000     0.5107    34.8006    34.8006    26.2127    26.2127     0.0471      1.433      0.556 0.0000e+00
    438.181      10517    138.872 -106.97886   16.98430    138.000    13.1181    13.1178   4.093168   4.093115 1.4042e-01    12.3522     4.5590 5.0671e-02          0     4.5590     0.0468     0.5117     0.0000     4.6224     0.0000     0.0049     0.0000     0.5107    34.8009    34.8006    26.2187    26.2185     0.0474      1.443      0.560 0.0000e+00
    438.852      10533    139.878 -106.97886   16.98430    139.000    13.0742    13.0738   4.089038   4.088975 1.2909e-01    12.3519     4.5594 5.0671e-02          0     4.5594     0.0430     0.5116     0.0000     4.6149     0.0000     0.0049     0.0000     0.5107    34.8014    34.8012    26.2280    26.2279     0.0472      1.438      0.558 0.0000e+00
    439.557      10550    140.885 -106.97886   16.98430    140.000    13.0544    13.0548   4.087214   4.087242 1.2437e-01    12.3523     4.5589 5.0671e-02          0     4.5589     0.0414     0.5117     0.0000     4.6135     0.0000     0.0049     0.0000     0.5108    34.8018    34.8017    26.2323    26.2321     0.0473      1.440      0.558 0.0000e+00
    440.382      10570    141.892 -106.97886   16.98430    141.000    13.0447    13.0451   4.086314   4.086347 1.2176e-01    12.3516     4.5597 5.0671e-02          0     4.5597     0.0406     0.5116     0.0000     4.6160     0.0000     0.0049     0.0000     0.5107    34.8018    34.8017    26.2342    26.2341     0.0469      1.428      0.553 0.0000e+00
    441.433      10595    142.898 -106.97886   16.98430    142.000    13.0290    13.0285   4.084812   4.084793 1.1942e-01    12.3515     4.5599 5.0671e-02          0     4.5599     0.0398     0.5116     0.0000     4.6167     0.0000     0.0049     0.0000     0.5107    34.8014    34.8017    26.2372    26.2374     0.0460      1.400      0.542 0.0000e+00
    442.713      10626    143.905 -106.97886   16.98430    143.000    12.9933    12.9933   4.081486   4.081513 1.1211e-01    12.3512     4.5602 5.0671e-02          0     4.5602     0.0374     0.5113     0.0000     4.6167     0.0000     0.0049     0.0000     0.5104    34.8021    34.8023    26.2448    26.2450     0.0456      1.389      0.538 0.0000e+00
    444.030      10658    144.912 -106.97886   16.98430    144.000    12.9766    12.9769   4.079922   4.079986 1.0987e-01    12.3517     4.5596 5.0671e-02          0     4.5596     0.0366     0.5114     0.0000     4.5761     0.0000     0.0049     0.0000     0.5105    34.8022    34.8024    26.2483    26.2484     0.0462      1.408      0.545 0.0000e+00
    445.267      10687    145.918 -106.97886   16.98430    145.000    12.9650    12.9651   4.078902   4.078956 1.0611e-01    12.3512     4.5601 5.0671e-02          0     4.5601     0.0354     0.5114     0.0000     4.5996     0.0000     0.0049     0.0000     0.5105    34.8026    34.8031    26.2510    26.2513     0.0465      1.415      0.548 0.0000e+00
    446.421      10715    146.925 -106.97886   16.98430    146.000    12.9371    12.9371   4.076412   4.076449 9.9866e-02    12.3506     4.5609 5.0671e-02          0     4.5609     0.0333     0.5113     0.0000     4.5791     0.0000     0.0049     0.0000     0.5104    34.8041    34.8045    26.2577    26.2580     0.0454      1.382      0.535 0.0000e+00
    447.485      10741    147.932 -106.97886   16.98432    147.000    12.9154    12.9153   4.074315   4.074342 9.6137e-02    12.3505     4.5609 5.0671e-02          0     4.5609     0.0320     0.5113     0.0000     4.5986     0.0000     0.0049     0.0000     0.5104    34.8036    34.8039    26.2617    26.2620     0.0465      1.416      0.548 0.0000e+00
    448.467      10764    148.938 -106.97886   16.98432    148.000    12.8783    12.8778   4.070623   4.070589 9.5016e-02    12.3520     4.5593 5.0671e-02          0     4.5593     0.0316     0.5113     0.0000     4.5630     0.0000     0.0049     0.0000     0.5104    34.8021    34.8022    26.2679    26.2681     0.0444      1.353      0.523 0.0000e+00
    449.353      10785    149.945 -106.97886   16.98432    149.000    12.8501    12.8503   4.067994   4.068055 9.1573e-02    12.3506     4.5609 5.0671e-02          0     4.5609     0.0305     0.5111     0.0000     4.6144     0.0000     0.0049     0.0000     0.5101    34.8025    34.8029    26.2739    26.2742     0.0438      1.333      0.515 0.0000e+00
    450.137      10804    150.952 -106.97886   16.98432    150.000    12.8315    12.8319   4.066599   4.066678 1.0864e-01    12.3494     4.5623 5.0671e-02          0     4.5623     0.0362     0.5109     0.0000     4.5938     0.0000     0.0049     0.0000     0.5099    34.8059    34.8062    26.2802    26.2804     0.0450      1.371      0.529 0.0000e+00
    450.849      10821    151.958 -106.97886   16.98432    151.000    12.8248    12.8254   4.065978   4.066061 8.4590e-02    12.3495     4.5621 5.0671e-02          0     4.5621     0.0282     0.5113     0.0000     4.5901     0.0000     0.0049     0.0000     0.5104    34.8057    34.8060    26.2814    26.2816     0.0467      1.422      0.548 0.0000e+00
    451.553      10838    152.965 -106.97886   16.98432    152.000    12.8056    12.8053   4.064132   4.064106 8.2266e-02    12.3494     4.5623 5.0671e-02          0     4.5623     0.0275     0.5110     0.0000     4.5853     0.0000     0.0049     0.0000     0.5100    34.8053    34.8053    26.2850    26.2851     0.0442      1.346      0.519 0.0000e+00
    452.345      10857    153.972 -106.97886   16.98432    153.000    12.7406    12.7393   4.057911   4.057813 8.0277e-02    12.3488     4.5629 5.0671e-02          0     4.5629     0.0268     0.5112     0.0000     4.5802     0.0000     0.0049     0.0000     0.5102    34.8053    34.8054    26.2979    26.2982     0.0450      1.370      0.528 0.0000e+00
    453.504      10885    154.979 -106.97886   16.98432    154.000    12.7046    12.7046   4.054565   4.054626 7.7231e-02    12.3485     4.5634 5.0671e-02          0     4.5634     0.0257     0.5109     0.0000     4.5807     0.0000     0.0049     0.0000     0.5099    34.8059    34.8065    26.3055    26.3059     0.0429      1.307      0.503 0.0000e+00
    455.152      10925    155.985 -106.97886   16.98432    155.000    12.6826    12.6833   4.052456   4.052571 7.4368e-02    12.3483     4.5635 5.0671e-02          0     4.5635     0.0248     0.5106     0.0000     4.5803     0.0000     0.0049     0.0000     0.5096    34.8056    34.8060    26.3096    26.3098     0.0428      1.302      0.501 0.0000e+00
    456.505      10957    156.992 -106.97886   16.98432    156.000    12.6745    12.6745   4.051744   4.051801 7.3812e-02    12.3480     4.5638 5.0671e-02          0     4.5638     0.0246     0.5106     0.0000     4.5831     0.0000     0.0049     0.0000     0.5096    34.8058    34.8064    26.3114    26.3119     0.0427      1.300      0.500 0.0000e+00
    457.511      10981    157.999 -106.97886   16.98432    157.000    12.6688    12.6694   4.051231   4.051370 7.3898e-02    12.3482     4.5637 5.0671e-02          0     4.5637     0.0246     0.5105     0.0000     4.5729     0.0000     0.0049     0.0000     0.5095    34.8057    34.8064    26.3125    26.3129     0.0426      1.296      0.499 0.0000e+00
    458.416      11003    159.006 -106.97886   16.98432    158.000    12.6577    12.6581   4.050190   4.050297 7.4829e-02    12.3479     4.5640 5.0671e-02          0     4.5640     0.0249     0.5104     0.0000     4.5632     0.0000     0.0049     0.0000     0.5094    34.8055    34.8062    26.3145    26.3150     0.0422      1.286      0.494 0.0000e+00
    459.308      11024    160.012 -106.97886   16.98432    159.000    12.6506    12.6507   4.049542   4.049622 7.3103e-02    12.3478     4.5642 5.0671e-02          0     4.5642     0.0243     0.5105     0.0000     4.6123     0.0000     0.0049     0.0000     0.5095    34.8054    34.8061    26.3159    26.3164     0.0428      1.302      0.501 0.0000e+00
    460.190      11046    161.019 -106.97886   16.98432    160.000    12.6389    12.6389   4.048449   4.048511 7.3444e-02    12.3478     4.5641 5.0671e-02          0     4.5641     0.0245     0.5104     0.0000     4.5965     0.0000     0.0049     0.0000     0.5094    34.8053    34.8059    26.3181    26.3186     0.0425      1.294      0.497 0.0000e+00
    461.026      11066    162.026 -106.97886   16.98434    161.000    12.6237    12.6240   4.047015   4.047089 7.3259e-02    12.3478     4.5641 5.0671e-02          0     4.5641     0.0244     0.5105     0.0000     4.5708     0.0000     0.0049     0.0000     0.5095    34.8051    34.8056    26.3210    26.3214     0.0429      1.306      0.502 0.0000e+00
    461.875      11086    163.033 -106.97886   16.98434    162.000    12.6110    12.6114   4.045815   4.045919 7.3072e-02    12.3475     4.5644 5.0671e-02          0     4.5644     0.0243     0.5104     0.0000     4.5988     0.0000     0.0049     0.0000     0.5094    34.8049    34.8056    26.3234    26.3238     0.0425      1.295      0.497 0.0000e+00
    462.821      11109    164.039 -106.97886   16.98434    163.000    12.5970    12.5973   4.044468   4.044568 7.2977e-02    12.3474     4.5646 5.0671e-02          0     4.5646     0.0243     0.5104     0.0000     4.5970     0.0000     0.0049     0.0000     0.5095    34.8045    34.8052    26.3259    26.3263     0.0427      1.300      0.499 0.0000e+00
    464.024      11138    165.046 -106.97886   16.98434    164.000    12.5877    12.5882   4.043593   4.043717 7.2916e-02    12.3479     4.5640 5.0671e-02          0     4.5640     0.0243     0.5104     0.0000     4.6108     0.0000     0.0049     0.0000     0.5094    34.8042    34.8050    26.3275    26.3279     0.0422      1.286      0.494 0.0000e+00
    465.349      11169    166.053 -106.97884   16.98434    165.000    12.5798    12.5802   4.042852   4.042974 7.3025e-02    12.3473     4.5647 5.0671e-02          0     4.5647     0.0243     0.5104     0.0000     4.6287     0.0000     0.0049     0.0000     0.5094    34.8040    34.8048    26.3289    26.3294     0.0427      1.302      0.500 0.0000e+00
    466.550      11198    167.060 -106.97884   16.98434    166.000    12.5682    12.5685   4.041729   4.041846 7.2689e-02    12.3472     4.5647 5.0671e-02          0     4.5647     0.0242     0.5104     0.0000     4.6302     0.0000     0.0049     0.0000     0.5094    34.8034    34.8043    26.3307    26.3314     0.0419      1.275      0.489 0.0000e+00
    467.558      11222    168.067 -106.97884   16.98434    167.000    12.5522    12.5526   4.040200   4.040316 7.3592e-02    12.3473     4.5647 5.0671e-02          0     4.5647     0.0245     0.5103     0.0000     4.6351     0.0000     0.0049     0.0000     0.5093    34.8031    34.8039    26.3337    26.3342     0.0427      1.300      0.499 0.0000e+00
    468.437      11243    169.073 -106.97884   16.98434    168.000    12.5443    12.5449   4.039456   4.039587 7.2661e-02    12.3475     4.5645 5.0671e-02          0     4.5645     0.0242     0.5104     0.0000     4.6341     0.0000     0.0049     0.0000     0.5094    34.8028    34.8036    26.3350    26.3355     0.0429      1.307      0.502 0.0000e+00
    469.238      11263    170.080 -106.97886   16.98434    169.000    12.5287    12.5289   4.037917   4.038014 7.3267e-02    12.3475     4.5645 5.0671e-02          0     4.5645     0.0244     0.5103     0.0000     4.6349     0.0000     0.0049     0.0000     0.5093    34.8021    34.8028    26.3375    26.3380     0.0423      1.287      0.494 0.0000e+00
    470.029      11282    171.087 -106.97886   16.98434    170.000    12.5014    12.5016   4.035193   4.035284 7.1616e-02    12.3469     4.5650 5.0671e-02          0     4.5650     0.0239     0.5104     0.0000     4.6372     0.0000     0.0049     0.0000     0.5094    34.8006    34.8013    26.3417    26.3422     0.0429      1.307      0.501 0.0000e+00
    470.901      11303    172.094 -106.97886   16.98434    171.000    12.4619    12.4611   4.031058   4.031027 7.2195e-02    12.3468     4.5652 5.0671e-02          0     4.5652     0.0241     0.5104     0.0000     4.6376     0.0000     0.0049     0.0000     0.5094    34.7969    34.7973    26.3466    26.3471     0.0427      1.301      0.498 0.0000e+00
    471.951      11328    173.101 -106.97885   16.98435    172.000    12.4123    12.4124   4.026028   4.026128 7.2714e-02    12.3478     4.5642 5.0671e-02          0     4.5642     0.0242     0.5103     0.0000     4.6384     0.0000     0.0049     0.0000     0.5093    34.7939    34.7948    26.3539    26.3546     0.0423      1.287      0.492 0.0000e+00
    473.103      11355    174.107 -106.97884   16.98436    173.000    12.4078    12.4082   4.025604   4.025736 7.3129e-02    12.3471     4.5649 5.0671e-02          0     4.5649     0.0244     0.5102     0.0000     4.6386     0.0000     0.0049     0.0000     0.5093    34.7936    34.7944    26.3546    26.3552     0.0415      1.265      0.484 0.0000e+00
    474.218      11382    175.114 -106.97884   16.98436    174.000    12.4063    12.4069   4.025516   4.025670 7.2966e-02    12.3473     4.5647 5.0671e-02          0     4.5647     0.0243     0.5101     0.0000     4.6388     0.0000     0.0049     0.0000     0.5091    34.7936    34.7946    26.3549    26.3555     0.0418      1.273      0.487 0.0000e+00
    475.371      11410    176.121 -106.97884   16.98436    175.000    12.4058    12.4063   4.025508   4.025650 7.3017e-02    12.3473     4.5647 5.0671e-02          0     4.5647     0.0243     0.5102     0.0000     4.6392     0.0000     0.0049     0.0000     0.5092    34.7936    34.7945    26.3551    26.3557     0.0420      1.279      0.489 0.0000e+00
    476.594      11439    177.128 -106.97884   16.98436    176.000    12.3999    12.4002   4.024968   4.025117 7.3262e-02    12.3475     4.5644 5.0671e-02          0     4.5644     0.0244     0.5100     0.0000     4.6398     0.0000     0.0049     0.0000     0.5091    34.7935    34.7946    26.3561    26.3569     0.0418      1.272      0.486 0.0000e+00
    477.720      11466    178.135 -106.97884   16.98436    177.000    12.3886    12.3886   4.023876   4.023966 7.3260e-02    12.3471     4.5648 5.0671e-02          0     4.5648     0.0244     0.5103     0.0000     4.6399     0.0000     0.0049     0.0000     0.5094    34.7930    34.7938    26.3580    26.3586     0.0443      1.348      0.515 0.0000e+00
    478.664      11489    179.142 -106.97884   16.98436    178.000    12.3483    12.3419   4.019835   4.019280 7.3260e-02    12.3468     4.5652 5.0671e-02          0     4.5652     0.0244     0.5102     0.0000     4.6395     0.0000     0.0049     0.0000     0.5093    34.7908    34.7914    26.3641    26.3658     0.0417      1.271      0.486 0.0000e+00
    479.474      11508    180.148 -106.97884   16.98436    179.000    12.3202    12.3208   4.017135   4.017298 7.2855e-02    12.3470     4.5650 5.0671e-02          0     4.5650     0.0243     0.5102     0.0000     4.6389     0.0000     0.0049     0.0000     0.5093    34.7903    34.7913    26.3692    26.3699     0.0414      1.260      0.481 0.0000e+00
    480.224      11526    181.156 -106.97884   16.98436    180.000    12.3112    12.3111   4.016269   4.016373 7.3055e-02    12.3466     4.5654 5.0671e-02          0     4.5654     0.0243     0.5099     0.0000     4.6397     0.0000     0.0049     0.0000     0.5090    34.7899    34.7909    26.3706    26.3715     0.0412      1.253      0.479 0.0000e+00
    481.007      11545    182.162 -106.97884   16.98436    181.000    12.3090    12.3088   4.016090   4.016187 7.3076e-02    12.3466     4.5655 5.0671e-02          0     4.5655     0.0243     0.5102     0.0000     4.6402     0.0000     0.0049     0.0000     0.5092    34.7898    34.7909    26.3710    26.3719     0.0418      1.274      0.486 0.0000e+00
