data/ctd-cnv/RR1804/Station32_cast55.cnv
* Sea-Bird SBE 9 Data File:
* FileName = C:\CTD\RR1805\Station32_cast55.hex
* Software Version Seasave V 7.26.6.26
* Temperature SN = 4307
* Conductivity SN = 4650
* Number of Bytes Per Scan = 44
* Number of Voltage Words = 5
* Number of Scans Averaged by the Deck Unit = 1
* NMEA Latitude = 16 58.65 N
* NMEA Longitude = 106 58.00 W
* NMEA UTC (Time) = Apr 19 2018 23:59:38
** Ship: Revell
** Station: On Deck
** Operator: nak
** cast55
# nquan = 32
# nvalues = 202                         
# units = specified
# name 0 = timeS: Time, Elapsed [seconds]
# name 1 = scan: Scan Count
# name 2 = prDM: Pressure, Digiquartz [db]
# name 3 = longitude: Longitude [deg]
# name 4 = latitude: Latitude [deg]
# name 5 = depSMignore: Depth [salt water, m]
# name 6 = t090C: Temperature [ITS-90, deg C]
# name 7 = t190C: Temperature, 2 [ITS-90, deg C]
# name 8 = c0S/m: Conductivity [S/m]
# name 9 = c1S/m: Conductivity, 2 [S/m]
# name 10 = flSP: Fluorescence, Seapoint
# name 11 = CStarAt0: Beam Attenuation, WET Labs C-Star [1/m]
# name 12 = CStarTr0: Beam Transmission, WET Labs C-Star [%]
# name 13 = par: PAR/Irradiance, Biospherical/Licor
# name 14 = modError: Modulo Error Count
# name 15 = v0: Voltage 0
# name 16 = v1: Voltage 1
# name 17 = v2: Voltage 2
# name 18 = v3: Voltage 3
# name 19 = v4: Voltage 4
# name 20 = v5: Voltage 5
# name 21 = v6: Voltage 6
# name 22 = v7: Voltage 7
# name 23 = sbeox0V: Oxygen raw, SBE 43 [V]
# name 24 = sal00: Salinity, Practical [PSU]
# name 25 = sal11: Salinity, Practical, 2 [PSU]
# name 26 = sigma-é00: Density [sigma-theta, kg/m^3]
# name 27 = sigma-é11: Density, 2 [sigma-theta, kg/m^3]
# name 28 = sbeox0Mg/L: Oxygen, SBE 43 [mg/l], WS = 2
# name 29 = sbox0Mm/Kg: Oxygen, SBE 43 [umol/kg], WS = 2
# name 30 = sbeox0PS: Oxygen, SBE 43 [% saturation], WS = 2
# name 31 = flag: flag
# span 0 =     28.666,    559.973       
# span 1 =        689,      13440       
# span 2 =      1.006,    203.307       
# span 3 = -106.96682, -106.96677       
# span 4 =   16.97746,   16.97756       
# span 5 =      1.000,    202.000       
# span 6 =    12.0352,    27.0370       
# span 7 =    12.0337,    27.0378       
# span 8 =   3.988422,   5.419741       
# span 9 =   3.988433,   5.441992       
# span 10 = 7.1728e-02, 1.1027e+00      
# span 11 =    12.3149,    13.4127      
# span 12 =     4.4153,     4.5710      
# span 13 = 5.0671e-02, 2.1270e+02      
# span 14 =          0,          0      
# span 15 =     4.4153,     4.5710      
# span 16 =     0.0239,     0.3676      
# span 17 =     0.5078,     2.8248      
# span 18 =     0.0000,     0.0000      
# span 19 =     0.0838,     4.6722      
# span 20 =     0.0000,     0.0000      
# span 21 =     0.0049,     3.6334      
# span 22 =     0.0000,     0.0000      
# span 23 =     0.5070,     2.8248      
# span 24 =    34.2045,    34.8085      
# span 25 =    34.2024,    34.8093      
# span 26 =    22.1134,    26.4062      
# span 27 =    22.1701,    26.4076      
# span 28 =     0.0334,     6.9648      
# span 29 =      1.017,    212.721      
# span 30 =      0.386,    103.174      
# span 31 = 0.0000e+00, 0.0000e+00      
# interval = meters: 1                  
# start_time = Apr 19 2018 23:59:42 [System UTC, first data scan.]
# bad_flag = -9.990e-29
*END*
[from data line 182]
    492.498      11821    184.176 -106.96680   16.97750    183.000    12.3960    12.3976   4.024576   4.024796 7.3098e-02    12.3472     4.5648 5.0671e-02          0     4.5648     0.0243     0.5096     0.0000     4.6647     0.0000     0.0049     0.0000     0.5086    34.7902    34.7908    26.3546    26.3547     0.0392      1.192      0.456 0.0000e+00
    493.512      11845    185.183 -106.96680   16.97750    184.000    12.3832    12.3832   4.023240   4.023331 7.3855e-02    12.3477     4.5642 5.0671e-02          0     4.5642     0.0246     0.5095     0.0000     4.6650     0.0000     0.0049     0.0000     0.5085    34.7887    34.7897    26.3559    26.3566     0.0385      1.172      0.448 0.0000e+00
    494.603      11871    186.190 -106.96680   16.97750    185.000    12.3611    12.3609   4.021014   4.021088 7.3112e-02    12.3473     4.5646 5.0671e-02          0     4.5646     0.0244     0.5094     0.0000     4.6652     0.0000     0.0049     0.0000     0.5084    34.7873    34.7882    26.3591    26.3599     0.0387      1.178      0.450 0.0000e+00
    495.648      11897    187.197 -106.96680   16.97750    186.000    12.3494    12.3498   4.019930   4.020066 7.2682e-02    12.3473     4.5647 5.0671e-02          0     4.5647     0.0242     0.5093     0.0000     4.6654     0.0000     0.0049     0.0000     0.5083    34.7872    34.7882    26.3613    26.3620     0.0381      1.160      0.443 0.0000e+00
    496.733      11923    188.203 -106.96680   16.97750    187.000    12.3414    12.3420   4.019159   4.019342 7.3240e-02    12.3475     4.5644 5.0671e-02          0     4.5644     0.0244     0.5092     0.0000     4.6653     0.0000     0.0049     0.0000     0.5082    34.7869    34.7880    26.3626    26.3634     0.0382      1.162      0.444 0.0000e+00
    497.967      11952    189.210 -106.96680   16.97750    188.000    12.3376    12.3383   4.018845   4.019035 7.3260e-02    12.3470     4.5649 5.0671e-02          0     4.5649     0.0244     0.5092     0.0000     4.6654     0.0000     0.0049     0.0000     0.5082    34.7868    34.7880    26.3634    26.3642     0.0384      1.170      0.447 0.0000e+00
    499.250      11983    190.217 -106.96680   16.97750    189.000    12.3266    12.3270   4.017877   4.018033 7.3260e-02    12.3468     4.5652 5.0671e-02          0     4.5652     0.0244     0.5092     0.0000     4.6654     0.0000     0.0049     0.0000     0.5082    34.7873    34.7884    26.3659    26.3667     0.0383      1.166      0.446 0.0000e+00
    500.387      12010    191.224 -106.96680   16.97750    190.000    12.3057    12.3042   4.015711   4.015623 7.3411e-02    12.3471     4.5649 5.0671e-02          0     4.5649     0.0244     0.5092     0.0000     4.6650     0.0000     0.0049     0.0000     0.5082    34.7853    34.7858    26.3684    26.3691     0.0391      1.190      0.454 0.0000e+00
    501.501      12037    192.231 -106.96680   16.97749    191.000    12.2327    12.2322   4.008028   4.008109 7.3260e-02    12.3467     4.5653 5.0671e-02          0     4.5653     0.0244     0.5094     0.0000     4.6653     0.0000     0.0049     0.0000     0.5084    34.7782    34.7794    26.3770    26.3780     0.0389      1.184      0.451 0.0000e+00
    502.797      12068    193.238 -106.96680   16.97748    192.000    12.2216    12.2218   4.006980   4.007130 7.2828e-02    12.3470     4.5650 5.0671e-02          0     4.5650     0.0243     0.5092     0.0000     4.6654     0.0000     0.0049     0.0000     0.5082    34.7779    34.7791    26.3790    26.3799     0.0385      1.172      0.446 0.0000e+00
    504.190      12102    194.245 -106.96680   16.97748    193.000    12.2038    12.2037   4.005211   4.005317 7.3035e-02    12.3476     4.5642 5.0671e-02          0     4.5642     0.0243     0.5092     0.0000     4.6648     0.0000     0.0049     0.0000     0.5082    34.7768    34.7779    26.3816    26.3824     0.0383      1.166      0.444 0.0000e+00
    505.650      12137    195.252 -106.96680   16.97748    194.000    12.1927    12.1929   4.004104   4.004251 7.3257e-02    12.3470     4.5649 5.0671e-02          0     4.5649     0.0244     0.5092     0.0000     4.6655     0.0000     0.0049     0.0000     0.5082    34.7760    34.7773    26.3831    26.3840     0.0385      1.172      0.446 0.0000e+00
    507.153      12173    196.259 -106.96680   16.97748    195.000    12.1861    12.1863   4.003498   4.003650 7.3373e-02    12.3465     4.5656 5.0671e-02          0     4.5656     0.0244     0.5092     0.0000     4.6676     0.0000     0.0049     0.0000     0.5082    34.7758    34.7771    26.3843    26.3852     0.0380      1.158      0.441 0.0000e+00
    508.550      12206    197.266 -106.96680   16.97748    196.000    12.1724    12.1720   4.002170   4.002254 7.2619e-02    12.3462     4.5659 5.0671e-02          0     4.5659     0.0242     0.5092     0.0000     4.6676     0.0000     0.0049     0.0000     0.5082    34.7752    34.7764    26.3864    26.3875     0.0387      1.179      0.448 0.0000e+00
    511.921      12287    198.273 -106.96680   16.97748    197.000    12.1680    12.1612   4.001772   4.001198 7.2669e-02    12.3466     4.5654 5.0671e-02          0     4.5654     0.0242     0.5090     0.0000     4.6612     0.0000     0.0049     0.0000     0.5080    34.7750    34.7757    26.3871    26.3890     0.0378      1.151      0.438 0.0000e+00
    516.540      12398    199.280 -106.96680   16.97748    198.000    12.1276    12.1198   3.997552   3.996902 7.2453e-02    12.3462     4.5659 5.0671e-02          0     4.5659     0.0241     0.5090     0.0000     4.6608     0.0000     0.0049     0.0000     0.5081    34.7712    34.7721    26.3919    26.3941     0.0375      1.143      0.435 0.0000e+00
    522.643      12544    200.286 -106.96680   16.97748    199.000    12.1108    12.1034   3.995992   3.995520 8.4294e-02    12.3463     4.5657 5.0671e-02          0     4.5657     0.0281     0.5087     0.0000     4.6650     0.0000     0.0049     0.0000     0.5077    34.7712    34.7735    26.3952    26.3984     0.0366      1.115      0.424 0.0000e+00
    528.777      12692    201.293 -106.96680   16.97748    200.000    12.0704    12.0699   3.992026   3.992113 8.6739e-02    12.3460     4.5662 5.0671e-02          0     4.5662     0.0289     0.5087     0.0000     4.6665     0.0000     0.0049     0.0000     0.5077    34.7698    34.7711    26.4018    26.4030     0.0373      1.135      0.431 0.0000e+00
    539.484      12949    202.300 -106.96680   16.97751    201.000    12.0582    12.0630   3.990754   3.991412 7.6681e-02    12.3459     4.5663 5.0671e-02          0     4.5663     0.0256     0.5082     0.0000     4.6697     0.0000     0.0049     0.0000     0.5072    34.7683    34.7703    26.4030    26.4037     0.0345      1.051      0.399 0.0000e+00
    559.973      13440    203.307 -106.96680   16.97754    202.000    12.0352    12.0337   3.988422   3.988433 7.1728e-02    12.3457     4.5665 5.0671e-02          0     4.5665     0.0239     0.5078     0.0000     4.6722     0.0000     0.0049     0.0000     0.5070    34.7667    34.7681    26.4062    26.4076     0.0334      1.017      0.386 0.0000e+00
