data/ctd-cnv/RR1804/Station32_cast56.cnv
* Sea-Bird SBE 9 Data File:
* FileName = C:\CTD\RR1805\Station32_cast56.hex
* Software Version Seasave V 7.26.6.26
* Temperature SN = 4307
* Conductivity SN = 4650
* Number of Bytes Per Scan = 44
* Number of Voltage Words = 5
* Number of Scans Averaged by the Deck Unit = 1
* NMEA Latitude = 16 59.06 N
* NMEA Longitude = 106 58.73 W
* NMEA UTC (Time) = Apr 20 2018 06:06:48
** Ship: Revell
** Station: On Deck
** Operator: nak
** cast56
# nquan = 32
# nvalues = 202                         
# units = specified
# name 0 = timeS: Time, Elapsed [seconds]
# name 1 = scan: Scan Count
# name 2 = prDM: Pressure, Digiquartz [db]
# name 3 = longitude: Longitude [deg]
# name 4 = latitude: Latitude [deg]
# name 5 = depSM: Depth [salt water, m]
# name 6 = t090C: Temperature [ITS-90, deg C]
# name 7 = t190C: Temperature, 2 [ITS-90, deg C]
# name 8 = c0S/m: Conductivity [S/m]
# name 9 = c1S/m: Conductivity, 2 [S/m]
# name 10 = flSP: Fluorescence, Seapoint
# name 11 = CStarAt0: Beam Attenuation, WET Labs C-Star [1/m]
# name 12 = CStarTr0: Beam Transmission, WET Labs C-Star [%]
# name 13 = par: PAR/Irradiance, Biospherical/Licor
# name 14 = modError: Modulo Error Count
# name 15 = v0: Voltage 0
# name 16 = v1: Voltage 1
# name 17 = v2: Voltage 2
# name 18 = v3: Voltage 3
# name 19 = v4: Voltage 4
# name 20 = v5: Voltage 5
# name 21 = v6: Voltage 6
# name 22 = v7: Voltage 7
# name 23 = sbeox0V: Oxygen raw, SBE 43 [V]
# name 24 = sal00: Salinity, Practical [PSU]
# name 25 = sal11: Salinity, Practical, 2 [PSU]
# name 26 = sigma-é00: Density [sigma-theta, kg/m^3]
# name 27 = sigma-é11: Density, 2 [sigma-theta, kg/m^3]
# name 28 = sbeox0Mg/L: Oxygen, SBE 43 [mg/l], WS = 2
# name 29 = sbox0Mm/Kg: Oxygen, SBE 43 [umol/kg], WS = 2
# name 30 = sbeox0PS: Oxygen, SBE 43 [% saturation], WS = 2
# name 31 = flag: flag
# span 0 =     49.956,    527.663       
# span 1 =       1200,      12665       
# span 2 =      1.006,    203.307       
# span 3 = -106.97886, -106.97884       
# span 4 =   16.98430,   16.98438       
# span 5 =      1.000,    202.000       
# span 6 =    12.0512,    26.9277       
# span 7 =    12.0475,    28.1160       
# span 8 =   3.990811,   5.487899       
# span 9 = -10.000036,  45.716303       
# span 10 = 7.1123e-02, 9.3305e-01      
# span 11 =    12.3168,    13.3768      
# span 12 =     3.5647,     4.6215      
# span 13 = 5.0583e-02, 7.9475e-01      
# span 14 =          0,          0      
# span 15 =     3.5647,     4.6215      
# span 16 =     0.0237,     0.3110      
# span 17 =     0.5089,     2.8193      
# span 18 =     0.0000,     0.0000      
# span 19 =     0.2620,     4.9213      
# span 20 =     0.0000,     0.0000      
# span 21 =     0.0043,     1.1957      
# span 22 =     0.0000,     0.0000      
# span 23 =     0.5080,     2.8193      
# span 24 =    33.3465,    34.8492      
# span 25 =  -290.3622,   878.1616      
# span 26 =    21.5060,    26.4096      
# span 27 =  -304.7644,   871.4169      
# span 28 =     0.0372,     6.9330      
# span 29 =      1.134,    211.756      
# span 30 =      0.431,    101.824      
# span 31 = 0.0000e+00, 0.0000e+00      
# interval = meters: 1                  
# start_time = Apr 20 2018 06:06:53 [System UTC, first data scan.]
# bad_flag = -9.990e-29
*END*
[from data line 46]
    290.111       6964     47.286 -106.97884   16.98432     47.000    22.1707    22.1659   4.938226   4.937237 2.6172e-01    12.3735     4.5350 5.0671e-02          0     4.5350     0.0872     2.6723     0.0000     4.4973     0.0000     0.0049     0.0000     2.6723    34.3926    34.3886    23.7112    23.7095     6.8038    207.695     95.330 0.0000e+00
    291.348       6993     48.293 -106.97884   16.98432     48.000    22.0196    22.0168   4.920672   4.920158 2.6401e-01    12.3793     4.5283 5.0671e-02          0     4.5283     0.0880     2.6674     0.0000     4.4998     0.0000     0.0049     0.0000     2.6674    34.3745    34.3727    23.7398    23.7392     6.8065    207.775     95.103 0.0000e+00
    292.388       7018     49.299 -106.97884   16.98432     49.000    21.9719    21.9693   4.915758   4.915246 2.6298e-01    12.3762     4.5318 5.0671e-02          0     4.5318     0.0877     2.6582     0.0000     4.5015     0.0000     0.0049     0.0000     2.6582    34.3735    34.3716    23.7524    23.7517     6.7833    207.063     94.697 0.0000e+00
    293.562       7046     50.305 -106.97884   16.98432     50.000    21.8404    21.8330   4.901876   4.900863 2.7442e-01    12.3751     4.5331 5.0671e-02          0     4.5331     0.0915     2.6548     0.0000     4.5036     0.0000     0.0049     0.0000     2.6548    34.3686    34.3665    23.7853    23.7857     6.8022    207.632     94.736 0.0000e+00
    295.636       7096     51.311 -106.97884   16.98431     51.000    21.7080    21.7008   4.887979   4.887084 3.5282e-01    12.3749     4.5333 5.0671e-02          0     4.5333     0.1176     2.6477     0.0000     4.5072     0.0000     0.0049     0.0000     2.6477    34.3642    34.3629    23.8187    23.8197     6.8015    207.606     94.501 0.0000e+00
    299.867       7198     52.317 -106.97884   16.98430     52.000    21.5910    21.5895   4.875732   4.875069 3.2145e-01    12.3754     4.5327 5.0671e-02          0     4.5327     0.1071     2.6410     0.0000     4.5155     0.0000     0.0049     0.0000     2.6410    34.3604    34.3564    23.8483    23.8456     6.7802    206.949     94.006 0.0000e+00
    302.032       7250     53.324 -106.97884   16.98430     53.000    21.4197    21.4157   4.856888   4.856123 3.0868e-01    12.3764     4.5316 5.0671e-02          0     4.5316     0.1029     2.6195     0.0000     4.5200     0.0000     0.0049     0.0000     2.6195    34.3476    34.3448    23.8857    23.8846     6.7261    205.289     92.963 0.0000e+00
    303.952       7296     54.330 -106.97884   16.98430     54.000    21.2159    21.2066   4.833070   4.831795 3.9276e-01    12.3807     4.5267 5.0671e-02          0     4.5267     0.1309     2.6003     0.0000     4.5241     0.0000     0.0049     0.0000     2.6003    34.3210    34.3183    23.9212    23.9217     6.6617    203.318     91.723 0.0000e+00
    305.665       7337     55.336 -106.97884   16.98432     55.000    20.8426    20.8319   4.791217   4.789820 5.9003e-01    12.3919     4.5140 5.0671e-02          0     4.5140     0.1967     2.5521     0.0000     4.5291     0.0000     0.0049     0.0000     2.5521    34.2858    34.2832    23.9956    23.9965     6.4359    196.413     88.002 0.0000e+00
    306.823       7365     56.342 -106.97884   16.98432     56.000    20.3896    20.3807   4.744737   4.743451 7.6038e-01    12.3995     4.5055 5.0671e-02          0     4.5055     0.2535     2.4876     0.0000     4.5297     0.0000     0.0049     0.0000     2.4876    34.2765    34.2733    24.1098    24.1097     6.2182    189.746     84.323 0.0000e+00
    307.911       7391     57.349 -106.97884   16.98432     57.000    20.1184    20.1109   4.715237   4.714276 7.9880e-01    12.3979     4.5073 5.0671e-02          0     4.5073     0.2663     2.4109     0.0000     4.5316     0.0000     0.0049     0.0000     2.4108    34.2566    34.2548    24.1664    24.1670     5.9638    181.973     80.464 0.0000e+00
    310.253       7447     58.355 -106.97884   16.98432     58.000    19.7832    19.7228   4.679419   4.672391 9.2562e-01    12.3957     4.5098 5.0671e-02          0     4.5098     0.3085     2.3361     0.0000     4.5357     0.0000     0.0049     0.0000     2.3360    34.2364    34.2281    24.2386    24.2480     5.9135    180.426     79.285 0.0000e+00
    313.946       7536     59.361 -106.97884   16.98432     59.000    19.3923    19.3851   4.636724   4.635474 8.3644e-01    12.3923     4.5136 5.0671e-02          0     4.5136     0.2788     2.1970     0.0000     4.5420     0.0000     0.0049     0.0000     2.1968    34.2044    34.2000    24.3156    24.3141     5.2633    160.577     70.048 0.0000e+00
    315.109       7564     60.367 -106.97884   16.98432     60.000    19.0580    19.0469   4.601828   4.600302 8.2015e-01    12.3917     4.5142 5.0671e-02          0     4.5142     0.2734     2.0735     0.0000     4.5446     0.0000     0.0049     0.0000     2.0733    34.1894    34.1858    24.3896    24.3897     4.8709    148.595     64.420 0.0000e+00
    317.318       7617     61.374 -106.97884   16.98432     61.000    18.7554    18.7142   4.570728   4.566748 9.2359e-01    12.3922     4.5137 5.0671e-02          0     4.5137     0.3079     1.9551     0.0000     4.5484     0.0000     0.0049     0.0000     1.9548    34.1791    34.1799    24.4583    24.4692     4.6532    141.944     61.191 0.0000e+00
    320.598       7695     62.380 -106.97884   16.98432     62.000    18.5654    18.5666   4.556422   4.556354 8.0450e-01    12.3933     4.5125 5.0671e-02          0     4.5125     0.2682     1.7582     0.0000     4.5528     0.0000     0.0049     0.0000     1.7579    34.2163    34.2147    24.5345    24.5330     3.8813    118.387     50.866 0.0000e+00
    321.507       7717     63.386 -106.97884   16.98432     63.000    18.4489    18.4480   4.545482   4.545168 7.9929e-01    12.3917     4.5142 5.0671e-02          0     4.5142     0.2664     1.6934     0.0000     4.5517     0.0000     0.0049     0.0000     1.6930    34.2206    34.2187    24.5670    24.5657     3.7964    115.795     49.648 0.0000e+00
    322.391       7738     64.393 -106.97884   16.98432     64.000    18.3715    18.3688   4.537706   4.537151 8.2194e-01    12.3906     4.5155 5.0671e-02          0     4.5155     0.2740     1.6569     0.0000     4.5543     0.0000     0.0049     0.0000     1.6565    34.2190    34.2167    24.5850    24.5839     3.6963    112.740     48.269 0.0000e+00
    324.133       7780     65.399 -106.97885   16.98433     65.000    18.3048    18.2282   4.533630   4.527485 9.3305e-01    12.3919     4.5141 5.0671e-02          0     4.5141     0.3110     1.5982     0.0000     4.5512     0.0000     0.0049     0.0000     1.5978    34.2398    34.2518    24.6175    24.6456     3.6019    109.857     46.982 0.0000e+00
    327.986       7873     66.405 -106.97886   16.98434     66.000    17.8990    17.8467   4.499738   4.495980 7.0445e-01    12.3842     4.5228 5.0671e-02          0     4.5228     0.2348     1.4142     0.0000     4.5621     0.0000     0.0049     0.0000     1.4137    34.2914    34.3033    24.7567    24.7787     2.7218     83.002     35.238 0.0000e+00
    329.522       7910     67.411 -106.97885   16.98434     67.000    17.5796    17.5700   4.470900   4.469780 6.5205e-01    12.3798     4.5277 5.0671e-02          0     4.5277     0.2173     1.3238     0.0000     4.5636     0.0000     0.0049     0.0000     1.3232    34.3132    34.3117    24.8512    24.8523     2.6996     82.317     34.747 0.0000e+00
    330.986       7945     68.418 -106.97884   16.98434     68.000    17.2882    17.2644   4.439895   4.437034 6.1781e-01    12.3792     4.5284 5.0671e-02          0     4.5284     0.2059     1.3161     0.0000     4.5664     0.0000     0.0049     0.0000     1.3156    34.2924    34.2878    24.9053    24.9074     2.8690     87.478     36.716 0.0000e+00
    333.065       7995     69.424 -106.97885   16.98434     69.000    17.1592    17.1589   4.426396   4.426106 6.5875e-01    12.3768     4.5311 5.0671e-02          0     4.5311     0.2196     1.3252     0.0000     4.5689     0.0000     0.0049     0.0000     1.3247    34.2847    34.2824    24.9302    24.9285     2.8334     86.391     36.171 0.0000e+00
    335.841       8061     70.430 -106.97886   16.98434     70.000    17.1911    17.1967   4.432321   4.432675 6.0880e-01    12.3767     4.5312 5.0671e-02          0     4.5312     0.2029     1.2879     0.0000     4.5712     0.0000     0.0049     0.0000     1.2874    34.3085    34.3069    24.9409    24.9383     2.6499     80.795     33.854 0.0000e+00
    337.141       8092     71.437 -106.97886   16.98434     71.000    17.1996    17.2004   4.433507   4.433386 6.4257e-01    12.3768     4.5312 5.0671e-02          0     4.5312     0.2142     1.2715     0.0000     4.5727     0.0000     0.0049     0.0000     1.2709    34.3112    34.3095    24.9410    24.9395     2.6202     79.890     33.481 0.0000e+00
    338.415       8123     72.443 -106.97886   16.98434     72.000    17.1940    17.1953   4.433218   4.433085 6.6661e-01    12.3762     4.5318 5.0671e-02          0     4.5318     0.2222     1.2631     0.0000     4.5740     0.0000     0.0049     0.0000     1.2625    34.3131    34.3108    24.9438    24.9418     2.6240     80.005     33.526 0.0000e+00
    343.035       8234     73.449 -106.97886   16.98436     73.000    17.1578    17.1642   4.428948   4.429514 6.3072e-01    12.3763     4.5317 5.0671e-02          0     4.5317     0.2102     1.2644     0.0000     4.5775     0.0000     0.0049     0.0000     1.2638    34.3065    34.3060    24.9474    24.9455     2.7020     82.382     34.496 0.0000e+00
    344.090       8259     74.456 -106.97886   16.98436     74.000    17.0805    17.0800   4.419918   4.419618 5.6924e-01    12.3768     4.5312 5.0671e-02          0     4.5312     0.1897     1.2855     0.0000     4.5780     0.0000     0.0049     0.0000     1.2849    34.2935    34.2913    24.9558    24.9543     2.8157     85.850     35.893 0.0000e+00
    344.997       8281     75.462 -106.97886   16.98436     75.000    17.0424    17.0417   4.415391   4.415077 5.9355e-01    12.3754     4.5327 5.0671e-02          0     4.5327     0.1979     1.3017     0.0000     4.5794     0.0000     0.0049     0.0000     1.3011    34.2862    34.2841    24.9593    24.9579     2.8685     87.458     36.537 0.0000e+00
    346.221       8310     76.468 -106.97886   16.98436     76.000    16.9995    16.9967   4.410161   4.409580 6.2723e-01    12.3756     4.5324 5.0671e-02          0     4.5324     0.2091     1.3205     0.0000     4.5810     0.0000     0.0049     0.0000     1.3200    34.2769    34.2742    24.9624    24.9609     2.9170     88.939     37.123 0.0000e+00
    348.703       8370     77.475 -106.97886   16.98436     77.000    16.9367    16.9368   4.403565   4.403367 7.1928e-01    12.3757     4.5323 5.0671e-02          0     4.5323     0.2398     1.3330     0.0000     4.5838     0.0000     0.0049     0.0000     1.3325    34.2726    34.2708    24.9739    24.9725     2.9104     88.734     36.992 0.0000e+00
    351.999       8449     78.481 -106.97886   16.98436     78.000    16.8721    16.8728   4.397180   4.397055 6.7054e-01    12.3751     4.5331 5.0671e-02          0     4.5331     0.2235     1.3301     0.0000     4.5867     0.0000     0.0049     0.0000     1.3296    34.2716    34.2700    24.9884    24.9870     2.8773     87.726     36.527 0.0000e+00
    354.539       8510     79.488 -106.97886   16.98436     79.000    16.8080    16.8077   4.391626   4.391401 5.9953e-01    12.3734     4.5350 5.0671e-02          0     4.5350     0.1998     1.3140     0.0000     4.5881     0.0000     0.0049     0.0000     1.3135    34.2775    34.2758    25.0080    25.0068     2.7937     85.175     35.422 0.0000e+00
    355.925       8543     80.494 -106.97886   16.98437     80.000    16.7390    16.7350   4.385312   4.384768 5.4466e-01    12.3748     4.5335 5.0671e-02          0     4.5335     0.1816     1.2915     0.0000     4.5851     0.0000     0.0049     0.0000     1.2909    34.2808    34.2795    25.0268    25.0267     2.6453     80.650     33.498 0.0000e+00
    357.160       8573     81.500 -106.97886   16.98438     81.000    16.5884    16.5887   4.372548   4.372369 5.4967e-01    12.3728     4.5356 5.0671e-02          0     4.5356     0.1832     1.2526     0.0000     4.5907     0.0000     0.0049     0.0000     1.2521    34.2976    34.2958    25.0749    25.0734     2.4605     75.012     31.070 0.0000e+00
    358.604       8607     82.506 -106.97886   16.98438     82.000    16.5612    16.5611   4.372762   4.372716 6.1482e-01    12.3721     4.5364 5.0671e-02          0     4.5364     0.2049     1.2005     0.0000     4.5918     0.0000     0.0049     0.0000     1.1999    34.3224    34.3221    25.1003    25.1000     2.3028     70.202     29.067 0.0000e+00
    360.993       8665     83.513 -106.97886   16.98438     83.000    16.5598    16.5604   4.374420   4.374225 6.1612e-01    12.3740     4.5343 5.0671e-02          0     4.5343     0.2054     1.1522     0.0000     4.5936     0.0000     0.0049     0.0000     1.1516    34.3378    34.3356    25.1124    25.1106     2.2144     67.506     27.953 0.0000e+00
    363.748       8731     84.519 -106.97886   16.98436     84.000    16.5659    16.5667   4.376370   4.376202 5.7467e-01    12.3729     4.5356 5.0671e-02          0     4.5356     0.1916     1.1199     0.0000     4.5952     0.0000     0.0049     0.0000     1.1192    34.3493    34.3472    25.1199    25.1181     2.1310     64.963     26.905 0.0000e+00
    365.939       8784     85.526 -106.97886   16.98436     85.000    16.5284    16.5256   4.373122   4.372652 5.6219e-01    12.3722     4.5363 5.0671e-02          0     4.5363     0.1874     1.1029     0.0000     4.5968     0.0000     0.0049     0.0000     1.1022    34.3526    34.3508    25.1312    25.1305     2.1015     64.064     26.514 0.0000e+00
    367.677       8825     86.532 -106.97886   16.98438     86.000    16.3896    16.3865   4.358543   4.358171 5.3397e-01    12.3711     4.5376 5.0671e-02          0     4.5376     0.1780     1.0959     0.0000     4.5977     0.0000     0.0049     0.0000     1.0953    34.3432    34.3426    25.1562    25.1564     2.0050     61.121     25.228 0.0000e+00
    369.523       8870     87.539 -106.97886   16.98438     87.000    16.3518    16.3524   4.360712   4.360728 5.1531e-01    12.3671     4.5421 5.0671e-02          0     4.5421     0.1718     1.0287     0.0000     4.5987     0.0000     0.0049     0.0000     1.0280    34.3946    34.3942    25.2044    25.2040     1.6549     50.444     20.813 0.0000e+00
    371.783       8924     88.545 -106.97886   16.98438     88.000    16.2932    16.2930   4.358029   4.357811 4.9354e-01    12.3656     4.5439 5.0747e-02          0     4.5439     0.1645     0.9566     0.0000     3.4185     0.0000     0.0055     0.0000     0.9559    34.4211    34.4194    25.2383    25.2371     1.4800     45.111     18.595 0.0000e+00
    374.150       8981     89.551 -106.97886   16.98437     89.000    16.1741    16.1731   4.350405   4.350235 4.7213e-01    12.3645     4.5452 5.0666e-02          0     4.5452     0.1574     0.8902     0.0000     4.6658     0.0000     0.0049     0.0000     0.8895    34.4564    34.4557    25.2929    25.2926     1.2187     37.146     15.280 0.0000e+00
    375.529       9014     90.558 -106.97886   16.98436     90.000    16.0899    16.0891   4.344125   4.343913 4.3189e-01    12.3610     4.5491 5.0671e-02          0     4.5491     0.1440     0.8526     0.0000     4.5723     0.0000     0.0049     0.0000     0.8519    34.4732    34.4721    25.3251    25.3245     1.1280     34.380     14.121 0.0000e+00
