data/ctd-cnv/RR1804/Station32_cast42.cnv
* Sea-Bird SBE 9 Data File:
* FileName = C:\CTD\RR1805\Station32_cast42t.hex
* Software Version Seasave V 7.26.6.26
* Temperature SN = 4307
* Conductivity SN = 4650
* Number of Bytes Per Scan = 44
* Number of Voltage Words = 5
* Number of Scans Averaged by the Deck Unit = 1
* NMEA Latitude = 16 54.02 N
* NMEA Longitude = 107 00.03 W
* NMEA UTC (Time) = Apr 15 2018 05:12:33
** Ship: Revell
** Station: 32
** Operator: clara
# nquan = 32
# nvalues = 994                         
# units = specified
# name 0 = timeS: Time, Elapsed [seconds]
# name 1 = scan: Scan Count
# name 2 = prDM: Pressure, Digiquartz [db]
# name 3 = longitude: Longitude [deg]
# name 4 = latitude: Latitude [deg]
# name 5 = depSMignore: Depth [salt water, m]
# name 6 = t090C: Temperature [ITS-90, deg C]
# name 7 = t190C: Temperature, 2 [ITS-90, deg C]
# name 8 = c0S/m: Conductivity [S/m]
# name 9 = c1S/m: Conductivity, 2 [S/m]
# name 10 = flSP: Fluorescence, Seapoint
# name 11 = CStarAt0: Beam Attenuation, WET Labs C-Star [1/m]
# name 12 = CStarTr0: Beam Transmission, WET Labs C-Star [%]
# name 13 = par: PAR/Irradiance, Biospherical/Licor
# name 14 = modError: Modulo Error Count
# name 15 = v0: Voltage 0
# name 16 = v1: Voltage 1
# name 17 = v2: Voltage 2
# name 18 = v3: Voltage 3
# name 19 = v4: Voltage 4
# name 20 = v5: Voltage 5
# name 21 = v6: Voltage 6
# name 22 = v7: Voltage 7
# name 23 = sbeox0V: Oxygen raw, SBE 43 [V]
# name 24 = sal00: Salinity, Practical [PSU]
# name 25 = sal11: Salinity, Practical, 2 [PSU]
# name 26 = sigma-é00: Density [sigma-theta, kg/m^3]
# name 27 = sigma-é11: Density, 2 [sigma-theta, kg/m^3]
# name 28 = sbeox0Mg/L: Oxygen, SBE 43 [mg/l], WS = 2
# name 29 = sbox0Mm/Kg: Oxygen, SBE 43 [umol/kg], WS = 2
# name 30 = sbeox0PS: Oxygen, SBE 43 [% saturation], WS = 2
# name 31 = flag: flag
# span 0 =     28.406,   1243.806       
# span 1 =        683,      29852       
# span 2 =     10.060,   1011.449       
# span 3 = -107.00064, -107.00060       
# span 4 =   16.90046,   16.90051       
# span 5 =     10.000,   1003.000       
# span 6 =     4.5800,    26.6528       
# span 7 =     4.5786,    26.6528       
# span 8 =   3.313859,   5.408445       
# span 9 =   3.313826,   5.408760       
# span 10 = 7.0734e-02, 1.6953e+00      
# span 11 =    12.3200,    12.4396      
# span 12 =     4.4605,     4.5959      
# span 13 = 5.0649e-02, 6.5138e-02      
# span 14 =          0,          0      
# span 15 =     4.4605,     4.5959      
# span 16 =     0.0236,     0.5651      
# span 17 =     0.5044,     2.7895      
# span 18 =     0.0000,     0.0000      
# span 19 =     2.7611,     4.7291      
# span 20 =     0.0000,     0.0000      
# span 21 =     0.0047,     0.1148      
# span 22 =     0.0000,     0.0000      
# span 23 =     0.5039,     2.7895      
# span 24 =    34.2248,    34.8071      
# span 25 =    34.2218,    34.8073      
# span 26 =    22.4214,    27.3741      
# span 27 =    22.4222,    27.3751      
# span 28 =     0.0244,     6.8098      
# span 29 =      0.743,    208.017      
# span 30 =      0.247,    100.563      
# span 31 = 0.0000e+00, 0.0000e+00      
# interval = meters: 1                  
# start_time = Apr 15 2018 05:13:02 [System UTC, first data scan.]
# bad_flag = -9.990e-29
*END*
[from data line 91]
    283.306       6800    101.628 -107.00062   16.90048    101.000    14.5954    14.5934   4.228553   4.228300 4.0045e-01    12.3485     4.5634 5.0671e-02          0     4.5634     0.1335     0.5119     0.0000     4.6001     0.0000     0.0049     0.0000     0.5111    34.7426    34.7420    25.8647    25.8647     0.0447      1.361      0.544 0.0000e+00
    286.423       6875    102.635 -107.00062   16.90048    102.000    14.5872    14.5860   4.227939   4.227688 4.5331e-01    12.3473     4.5646 5.0671e-02          0     4.5646     0.1511     0.5116     0.0000     4.6004     0.0000     0.0049     0.0000     0.5108    34.7439    34.7427    25.8675    25.8668     0.0456      1.388      0.555 0.0000e+00
    290.342       6969    103.641 -107.00062   16.90048    103.000    14.5295    14.5226   4.222289   4.221485 3.5562e-01    12.3468     4.5652 5.0671e-02          0     4.5652     0.1185     0.5121     0.0000     4.6013     0.0000     0.0049     0.0000     0.5114    34.7432    34.7420    25.8794    25.8800     0.0522      1.589      0.634 0.0000e+00
    291.432       6995    104.648 -107.00062   16.90048    104.000    14.4176    14.4167   4.211448   4.211264 3.0461e-01    12.3434     4.5691 5.0671e-02          0     4.5691     0.1015     0.5127     0.0000     4.5926     0.0000     0.0049     0.0000     0.5120    34.7433    34.7424    25.9035    25.9030     0.0472      1.439      0.573 0.0000e+00
    292.357       7018    105.654 -107.00062   16.90048    105.000    14.3722    14.3723   4.208171   4.208091 4.4191e-01    12.3525     4.5587 5.0671e-02          0     4.5587     0.1473     0.5117     0.0000     4.6048     0.0000     0.0049     0.0000     0.5110    34.7534    34.7526    25.9209    25.9203     0.0419      1.275      0.507 0.0000e+00
    293.243       7039    106.661 -107.00062   16.90048    106.000    14.3571    14.3574   4.207002   4.206948 4.9861e-01    12.3571     4.5535 5.0671e-02          0     4.5535     0.1662     0.5113     0.0000     4.5857     0.0000     0.0049     0.0000     0.5105    34.7558    34.7550    25.9261    25.9254     0.0415      1.263      0.502 0.0000e+00
    294.283       7064    107.667 -107.00062   16.90048    107.000    14.3439    14.3443   4.206033   4.205979 5.5215e-01    12.3605     4.5497 5.0671e-02          0     4.5497     0.1841     0.5106     0.0000     4.5791     0.0000     0.0049     0.0000     0.5098    34.7582    34.7574    25.9308    25.9301     0.0396      1.205      0.479 0.0000e+00
    298.767       7171    108.674 -107.00062   16.90048    108.000    14.3719    14.3696   4.208505   4.208252 6.2600e-01    12.3561     4.5546 5.0671e-02          0     4.5546     0.2087     0.5103     0.0000     4.5811     0.0000     0.0049     0.0000     0.5095    34.7556    34.7553    25.9228    25.9231     0.0417      1.269      0.505 0.0000e+00
    302.198       7254    109.680 -107.00062   16.90048    109.000    14.2937    14.2911   4.201786   4.201438 6.5579e-01    12.3628     4.5470 5.0671e-02          0     4.5470     0.2186     0.5099     0.0000     4.5825     0.0000     0.0049     0.0000     0.5091    34.7633    34.7624    25.9455    25.9453     0.0373      1.136      0.451 0.0000e+00
    303.576       7287    110.687 -107.00062   16.90048    110.000    14.2188    14.2181   4.194951   4.194846 5.9020e-01    12.3663     4.5430 5.0671e-02          0     4.5430     0.1967     0.5094     0.0000     4.5828     0.0000     0.0049     0.0000     0.5086    34.7670    34.7667    25.9643    25.9642     0.0371      1.129      0.448 0.0000e+00
    304.477       7308    111.693 -107.00062   16.90048    111.000    14.2080    14.2084   4.194092   4.194086 6.0266e-01    12.3674     4.5417 5.0671e-02          0     4.5417     0.2009     0.5092     0.0000     4.5634     0.0000     0.0049     0.0000     0.5085    34.7684    34.7680    25.9677    25.9673     0.0358      1.091      0.433 0.0000e+00
    305.283       7328    112.700 -107.00062   16.90048    112.000    14.1829    14.1825   4.191761   4.191648 6.1620e-01    12.3674     4.5418 5.0671e-02          0     4.5418     0.2054     0.5091     0.0000     4.5578     0.0000     0.0049     0.0000     0.5083    34.7690    34.7683    25.9735    25.9730     0.0360      1.097      0.435 0.0000e+00
    306.123       7348    113.706 -107.00062   16.90048    113.000    14.1466    14.1468   4.188552   4.188521 6.2873e-01    12.3668     4.5424 5.0671e-02          0     4.5424     0.2096     0.5090     0.0000     4.5719     0.0000     0.0049     0.0000     0.5082    34.7715    34.7711    25.9831    25.9827     0.0358      1.089      0.431 0.0000e+00
    309.212       7422    114.713 -107.00062   16.90049    114.000    14.1668    14.1647   4.190473   4.190245 6.6790e-01    12.3663     4.5430 5.0671e-02          0     4.5430     0.2226     0.5086     0.0000     4.5515     0.0000     0.0049     0.0000     0.5078    34.7708    34.7705    25.9783    25.9785     0.0345      1.051      0.416 0.0000e+00
    314.559       7550    115.719 -107.00062   16.90048    115.000    14.1559    14.1590   4.189615   4.189826 5.9620e-01    12.3664     4.5428 5.0671e-02          0     4.5428     0.1987     0.5090     0.0000     4.5468     0.0000     0.0049     0.0000     0.5083    34.7722    34.7713    25.9817    25.9804     0.0368      1.120      0.444 0.0000e+00
    315.098       7563    116.726 -107.00062   16.90048    116.000    14.1358    14.1311   4.187679   4.187209 6.1229e-01    12.3750     4.5332 5.0671e-02          0     4.5332     0.2041     0.5091     0.0000     4.5982     0.0000     0.0049     0.0000     0.5083    34.7720    34.7719    25.9858    25.9867     0.0368      1.120      0.444 0.0000e+00
    315.751       7579    117.732 -107.00062   16.90048    117.000    14.0192    14.0152   4.176843   4.176402 5.6126e-01    12.3630     4.5468 5.0671e-02          0     4.5468     0.1871     0.5090     0.0000     4.5982     0.0000     0.0049     0.0000     0.5083    34.7761    34.7756    26.0136    26.0140     0.0354      1.078      0.426 0.0000e+00
    316.468       7596    118.739 -107.00062   16.90048    118.000    13.9658    13.9660   4.172173   4.172152 5.3133e-01    12.3588     4.5516 5.0671e-02          0     4.5516     0.1771     0.5088     0.0000     4.5993     0.0000     0.0049     0.0000     0.5080    34.7805    34.7801    26.0282    26.0279     0.0337      1.027      0.406 0.0000e+00
    317.406       7619    119.745 -107.00062   16.90048    119.000    13.9457    13.9443   4.170309   4.170091 5.1931e-01    12.3579     4.5525 5.0671e-02          0     4.5525     0.1731     0.5083     0.0000     4.5998     0.0000     0.0049     0.0000     0.5076    34.7809    34.7801    26.0328    26.0324     0.0320      0.974      0.384 0.0000e+00
    322.588       7743    120.752 -107.00062   16.90048    120.000    13.9928    14.0015   4.174773   4.175607 5.5798e-01    12.3607     4.5495 5.0671e-02          0     4.5495     0.1860     0.5079     0.0000     4.5895     0.0000     0.0049     0.0000     0.5072    34.7795    34.7793    26.0218    26.0199     0.0335      1.020      0.403 0.0000e+00
    325.678       7817    121.759 -107.00062   16.90048    121.000    13.9793    13.8789   4.173561   4.164267 4.5363e-01    12.3584     4.5521 5.0671e-02          0     4.5521     0.1512     0.5086     0.0000     4.5815     0.0000     0.0049     0.0000     0.5078    34.7799    34.7841    26.0250    26.0493     0.0370      1.126      0.445 0.0000e+00
    326.878       7846    122.765 -107.00062   16.90048    122.000    13.7864    13.7488   4.155006   4.151771 3.7596e-01    12.3522     4.5591 5.0671e-02          0     4.5591     0.1253     0.5086     0.0000     4.5827     0.0000     0.0049     0.0000     0.5079    34.7810    34.7849    26.0661    26.0769     0.0340      1.035      0.407 0.0000e+00
    327.846       7869    123.772 -107.00062   16.90048    123.000    13.6632    13.6617   4.143933   4.143750 3.4503e-01    12.3514     4.5600 5.0671e-02          0     4.5600     0.1150     0.5082     0.0000     4.5833     0.0000     0.0049     0.0000     0.5075    34.7888    34.7884    26.0977    26.0977     0.0323      0.985      0.387 0.0000e+00
    329.261       7903    124.778 -107.00062   16.90048    124.000    13.6645    13.6508   4.144136   4.143069 3.4601e-01    12.3513     4.5601 5.0671e-02          0     4.5601     0.1153     0.5080     0.0000     4.5831     0.0000     0.0049     0.0000     0.5073    34.7891    34.7915    26.0977    26.1024     0.0329      1.001      0.393 0.0000e+00
    332.901       7991    125.785 -107.00062   16.90048    125.000    13.6714    13.6510   4.144828   4.142926 3.4537e-01    12.3513     4.5601 5.0671e-02          0     4.5601     0.1151     0.5079     0.0000     4.5824     0.0000     0.0049     0.0000     0.5072    34.7889    34.7896    26.0961    26.1009     0.0336      1.024      0.402 0.0000e+00
    334.508       8029    126.791 -107.00062   16.90050    126.000    13.5426    13.5408   4.132820   4.132692 2.9602e-01    12.3492     4.5626 5.0671e-02          0     4.5626     0.0987     0.5080     0.0000     4.5815     0.0000     0.0049     0.0000     0.5073    34.7928    34.7932    26.1258    26.1265     0.0333      1.013      0.397 0.0000e+00
    336.941       8088    127.798 -107.00062   16.90048    127.000    13.5148    13.5146   4.130487   4.130468 2.7117e-01    12.3481     4.5638 5.0671e-02          0     4.5638     0.0904     0.5079     0.0000     4.5840     0.0000     0.0049     0.0000     0.5072    34.7958    34.7957    26.1338    26.1338     0.0333      1.015      0.397 0.0000e+00
    339.505       8149    128.805 -107.00063   16.90048    128.000    13.4554    13.4541   4.125008   4.124892 2.3813e-01    12.3473     4.5646 5.0671e-02          0     4.5646     0.0794     0.5079     0.0000     4.5857     0.0000     0.0049     0.0000     0.5072    34.7978    34.7980    26.1476    26.1480     0.0333      1.014      0.396 0.0000e+00
    341.420       8195    129.811 -107.00062   16.90048    129.000    13.3821    13.3796   4.118129   4.117913 2.1261e-01    12.3466     4.5654 5.0671e-02          0     4.5654     0.0709     0.5079     0.0000     4.5796     0.0000     0.0049     0.0000     0.5072    34.7994    34.7997    26.1638    26.1646     0.0336      1.024      0.400 0.0000e+00
    342.998       8233    130.818 -107.00062   16.90048    130.000    13.3031    13.3022   4.110678   4.110628 1.8352e-01    12.3458     4.5664 5.0671e-02          0     4.5664     0.0612     0.5079     0.0000     4.5777     0.0000     0.0049     0.0000     0.5072    34.8008    34.8012    26.1810    26.1815     0.0333      1.015      0.395 0.0000e+00
    344.151       8261    131.824 -107.00062   16.90048    131.000    13.2770    13.2773   4.108276   4.108333 1.7443e-01    12.3461     4.5660 5.0671e-02          0     4.5660     0.0581     0.5079     0.0000     4.5780     0.0000     0.0049     0.0000     0.5072    34.8015    34.8018    26.1869    26.1871     0.0335      1.021      0.397 0.0000e+00
    345.308       8288    132.831 -107.00062   16.90048    132.000    13.2626    13.2624   4.106949   4.106977 1.6978e-01    12.3457     4.5665 5.0671e-02          0     4.5665     0.0566     0.5079     0.0000     4.5675     0.0000     0.0049     0.0000     0.5072    34.8017    34.8021    26.1900    26.1904     0.0334      1.016      0.396 0.0000e+00
    346.907       8327    133.838 -107.00063   16.90048    133.000    13.2491    13.2495   4.105755   4.105840 1.6647e-01    12.3456     4.5667 5.0671e-02          0     4.5667     0.0555     0.5079     0.0000     4.5676     0.0000     0.0049     0.0000     0.5072    34.8023    34.8028    26.1932    26.1935     0.0335      1.020      0.397 0.0000e+00
    348.415       8363    134.844 -107.00063   16.90048    134.000    13.2407    13.2410   4.105053   4.105143 1.6224e-01    12.3456     4.5667 5.0671e-02          0     4.5667     0.0540     0.5079     0.0000     4.5675     0.0000     0.0049     0.0000     0.5072    34.8030    34.8035    26.1954    26.1958     0.0334      1.016      0.395 0.0000e+00
    349.665       8393    135.851 -107.00062   16.90048    135.000    13.2151    13.2138   4.102726   4.102646 1.5458e-01    12.3470     4.5650 5.0671e-02          0     4.5650     0.0515     0.5079     0.0000     4.5683     0.0000     0.0049     0.0000     0.5072    34.8039    34.8044    26.2014    26.2020     0.0332      1.012      0.394 0.0000e+00
    351.921       8447    136.858 -107.00062   16.90048    136.000    13.1858    13.1841   4.100148   4.099956 1.4440e-01    12.3451     4.5672 5.0671e-02          0     4.5672     0.0481     0.5078     0.0000     4.5702     0.0000     0.0049     0.0000     0.5071    34.8058    34.8056    26.2088    26.2090     0.0334      1.019      0.396 0.0000e+00
    354.221       8502    137.864 -107.00062   16.90048    137.000    13.1350    13.1336   4.095294   4.095216 1.2815e-01    12.3442     4.5682 5.0671e-02          0     4.5682     0.0427     0.5079     0.0000     4.5693     0.0000     0.0049     0.0000     0.5072    34.8060    34.8065    26.2192    26.2199     0.0334      1.016      0.395 0.0000e+00
    355.347       8529    138.871 -107.00062   16.90048    138.000    13.0658    13.0654   4.088784   4.088766 1.1243e-01    12.3438     4.5686 5.0671e-02          0     4.5686     0.0375     0.5078     0.0000     4.5569     0.0000     0.0049     0.0000     0.5071    34.8071    34.8073    26.2341    26.2343     0.0338      1.029      0.399 0.0000e+00
    356.201       8550    139.878 -107.00062   16.90048    139.000    13.0298    13.0290   4.085327   4.085266 1.0797e-01    12.3434     4.5691 5.0671e-02          0     4.5691     0.0360     0.5079     0.0000     4.4920     0.0000     0.0049     0.0000     0.5072    34.8068    34.8070    26.2411    26.2414     0.0339      1.032      0.400 0.0000e+00
    357.002       8569    140.884 -107.00062   16.90048    140.000    13.0095    13.0097   4.083249   4.083277 1.0762e-01    12.3434     4.5691 5.0671e-02          0     4.5691     0.0359     0.5079     0.0000     4.5350     0.0000     0.0049     0.0000     0.5072    34.8053    34.8053    26.2440    26.2440     0.0335      1.020      0.395 0.0000e+00
    357.939       8592    141.891 -107.00062   16.90048    141.000    12.9717    12.9720   4.079695   4.079769 1.0277e-01    12.3434     4.5691 5.0671e-02          0     4.5691     0.0343     0.5079     0.0000     4.5649     0.0000     0.0049     0.0000     0.5072    34.8058    34.8062    26.2520    26.2522     0.0333      1.015      0.393 0.0000e+00
    359.150       8621    142.898 -107.00062   16.90048    142.000    12.9590    12.9598   4.078535   4.078660 9.8719e-02    12.3440     4.5684 5.0671e-02          0     4.5684     0.0329     0.5077     0.0000     4.5646     0.0000     0.0049     0.0000     0.5070    34.8060    34.8064    26.2547    26.2549     0.0327      0.996      0.385 0.0000e+00
    360.543       8654    143.904 -107.00062   16.90048    143.000    12.9519    12.9519   4.077853   4.077901 9.8998e-02    12.3435     4.5690 5.0671e-02          0     4.5690     0.0330     0.5078     0.0000     4.5647     0.0000     0.0049     0.0000     0.5071    34.8055    34.8060    26.2558    26.2562     0.0338      1.030      0.398 0.0000e+00
    362.145       8692    144.911 -107.00062   16.90048    144.000    12.9307    12.9308   4.075787   4.075866 9.8819e-02    12.3437     4.5688 5.0671e-02          0     4.5688     0.0330     0.5076     0.0000     4.5785     0.0000     0.0049     0.0000     0.5069    34.8049    34.8055    26.2595    26.2600     0.0314      0.955      0.369 0.0000e+00
