data/ctd-cnv/RR1804/Station32_cast56.cnv
* Sea-Bird SBE 9 Data File:
* FileName = C:\CTD\RR1805\Station32_cast56.hex
* Software Version Seasave V 7.26.6.26
* Temperature SN = 4307
* Conductivity SN = 4650
* Number of Bytes Per Scan = 44
* Number of Voltage Words = 5
* Number of Scans Averaged by the Deck Unit = 1
* NMEA Latitude = 16 59.06 N
* NMEA Longitude = 106 58.73 W
* NMEA UTC (Time) = Apr 20 2018 06:06:48
** Ship: Revell
** Station: On Deck
** Operator: nak
** cast56
# nquan = 32
# nvalues = 202                         
# units = specified
# name 0 = timeS: Time, Elapsed [seconds]
# name 1 = scan: Scan Count
# name 2 = prDM: Pressure, Digiquartz [db]
# name 3 = longitude: Longitude [deg]
# name 4 = latitude: Latitude [deg]
# name 5 = depSM: Depth [salt water, m]
# name 6 = t090C: Temperature [ITS-90, deg C]
# name 7 = t190C: Temperature, 2 [ITS-90, deg C]
# name 8 = c0S/m: Conductivity [S/m]
# name 9 = c1S/m: Conductivity, 2 [S/m]
# name 10 = flSP: Fluorescence, Seapoint
# name 11 = CStarAt0: Beam Attenuation, WET Labs C-Star [1/m]
# name 12 = CStarTr0: Beam Transmission, WET Labs C-Star [%]
# name 13 = par: PAR/Irradiance, Biospherical/Licor
# name 14 = modError: Modulo Error Count
# name 15 = v0: Voltage 0
# name 16 = v1: Voltage 1
# name 17 = v2: Voltage 2
# name 18 = v3: Voltage 3
# name 19 = v4: Voltage 4
# name 20 = v5: Voltage 5
# name 21 = v6: Voltage 6
# name 22 = v7: Voltage 7
# name 23 = sbeox0V: Oxygen raw, SBE 43 [V]
# name 24 = sal00: Salinity, Practical [PSU]
# name 25 = sal11: Salinity, Practical, 2 [PSU]
# name 26 = sigma-é00: Density [sigma-theta, kg/m^3]
# name 27 = sigma-é11: Density, 2 [sigma-theta, kg/m^3]
# name 28 = sbeox0Mg/L: Oxygen, SBE 43 [mg/l], WS = 2
# name 29 = sbox0Mm/Kg: Oxygen, SBE 43 [umol/kg], WS = 2
# name 30 = sbeox0PS: Oxygen, SBE 43 [% saturation], WS = 2
# name 31 = flag: flag
# span 0 =     49.956,    527.663       
# span 1 =       1200,      12665       
# span 2 =      1.006,    203.307       
# span 3 = -106.97886, -106.97884       
# span 4 =   16.98430,   16.98438       
# span 5 =      1.000,    202.000       
# span 6 =    12.0512,    26.9277       
# span 7 =    12.0475,    28.1160       
# span 8 =   3.990811,   5.487899       
# span 9 = -10.000036,  45.716303       
# span 10 = 7.1123e-02, 9.3305e-01      
# span 11 =    12.3168,    13.3768      
# span 12 =     3.5647,     4.6215      
# span 13 = 5.0583e-02, 7.9475e-01      
# span 14 =          0,          0      
# span 15 =     3.5647,     4.6215      
# span 16 =     0.0237,     0.3110      
# span 17 =     0.5089,     2.8193      
# span 18 =     0.0000,     0.0000      
# span 19 =     0.2620,     4.9213      
# span 20 =     0.0000,     0.0000      
# span 21 =     0.0043,     1.1957      
# span 22 =     0.0000,     0.0000      
# span 23 =     0.5080,     2.8193      
# span 24 =    33.3465,    34.8492      
# span 25 =  -290.3622,   878.1616      
# span 26 =    21.5060,    26.4096      
# span 27 =  -304.7644,   871.4169      
# span 28 =     0.0372,     6.9330      
# span 29 =      1.134,    211.756      
# span 30 =      0.431,    101.824      
# span 31 = 0.0000e+00, 0.0000e+00      
# interval = meters: 1                  
# start_time = Apr 20 2018 06:06:53 [System UTC, first data scan.]
# bad_flag = -9.990e-29
*END*
     49.956       1200      1.006 -106.97884   16.98434      1.000    26.8960    23.7949   5.274066  45.716303 1.0618e-01    13.3768     3.5647 7.9475e-01          0     3.5647     0.0354     2.6590     0.0000     0.2620     0.0000     1.1957     0.0000     2.6590    33.3465   878.1616    21.5060   871.4169     5.8966    180.395     89.063 0.0000e+00
     71.640       1720      2.012 -106.97884   16.98433      2.000    26.9204    28.1160   5.487899 -10.000036 1.2894e-01    12.3168     4.6215 3.6525e-01          0     4.6215     0.0430     2.6697     0.0000     4.9213     0.0000     0.8689     0.0000     2.6697    34.8492  -290.3622    22.6295  -304.7644     6.3542    194.180     96.825 0.0000e+00
     83.805       2012      3.018 -106.97884   16.98434      3.000    26.9186    26.9198   5.431139   5.431447 1.1889e-01    12.3618     4.5453 3.3838e-01          0     4.5453     0.0396     2.7505     0.0000     4.4439     0.0000     0.8155     0.0000     2.7505    34.4465    34.4477    22.3271    22.3275     6.4754    197.941     98.458 0.0000e+00
     87.920       2111      4.024 -106.97885   16.98434      4.000    26.9177    26.9185   5.431043   5.433135 1.1929e-01    12.3740     4.5342 2.2739e-01          0     4.5342     0.0398     2.7497     0.0000     4.4072     0.0000     0.6355     0.0000     2.7497    34.4462    34.4605    22.3272    22.3377     6.4746    197.916     98.444 0.0000e+00
     90.712       2178      5.030 -106.97884   16.98434      5.000    26.9184    26.9194   5.431194   5.432772 1.2257e-01    12.3717     4.5369 2.0496e-01          0     4.5369     0.0409     2.7508     0.0000     4.4086     0.0000     0.5970     0.0000     2.7508    34.4465    34.4569    22.3272    22.3348     6.4747    197.919     98.447 0.0000e+00
     95.334       2289      6.036 -106.97886   16.98434      6.000    26.9195    26.9201   5.431372   5.432285 1.3074e-01    12.3714     4.5373 1.5677e-01          0     4.5373     0.0436     2.7467     0.0000     4.4110     0.0000     0.4810     0.0000     2.7467    34.4466    34.4527    22.3271    22.3315     6.4654    197.634     98.307 0.0000e+00
     98.080       2355      7.042 -106.97886   16.98434      7.000    26.9207    26.9208   5.431545   5.432229 1.2472e-01    12.3713     4.5373 1.1737e-01          0     4.5373     0.0416     2.7496     0.0000     4.4143     0.0000     0.3464     0.0000     2.7496    34.4466    34.4514    22.3268    22.3303     6.4780    198.018     98.500 0.0000e+00
    101.149       2429      8.048 -106.97886   16.98434      8.000    26.9218    26.9220   5.431691   5.432193 1.2693e-01    12.3718     4.5368 8.3670e-02          0     4.5368     0.0423     2.7469     0.0000     4.4135     0.0000     0.2059     0.0000     2.7469    34.4466    34.4500    22.3265    22.3290     6.4637    197.582     98.285 0.0000e+00
    105.206       2526      9.054 -106.97886   16.98434      9.000    26.9204    26.9211   5.431657   5.432106 1.2296e-01    12.3717     4.5369 6.0979e-02          0     4.5369     0.0410     2.7509     0.0000     4.4134     0.0000     0.0769     0.0000     2.7509    34.4470    34.4497    22.3273    22.3291     6.4770    197.990     98.486 0.0000e+00
    107.910       2591     10.060 -106.97886   16.98434     10.000    26.9263    26.9251   5.432332   5.432538 1.0948e-01    12.3720     4.5365 5.1316e-02          0     4.5365     0.0365     2.7448     0.0000     4.4132     0.0000     0.0097     0.0000     2.7448    34.4472    34.4495    22.3257    22.3278     6.4618    197.524     98.263 0.0000e+00
    111.884       2686     11.066 -106.97886   16.98434     11.000    26.9249    26.9246   5.432207   5.432451 1.2737e-01    12.3726     4.5359 5.1091e-02          0     4.5359     0.0425     2.7412     0.0000     4.4147     0.0000     0.0080     0.0000     2.7412    34.4471    34.4490    22.3261    22.3276     6.4523    197.233     98.116 0.0000e+00
    140.988       3385     12.072 -106.97886   16.98435     12.000    26.9277    26.9278   5.432725   5.432964 1.1496e-01    12.3703     4.5384 5.0583e-02          0     4.5384     0.0383     2.7503     0.0000     4.0028     0.0000     0.0043     0.0000     2.7503    34.4483    34.4500    22.3262    22.3274     6.4824    198.155     98.580 0.0000e+00
    212.013       5089     13.078 -106.97886   16.98438     13.000    26.9263    26.9266   5.432946   5.433151 1.2895e-01    12.3704     4.5384 5.0673e-02          0     4.5384     0.0430     2.7495     0.0000     4.4184     0.0000     0.0049     0.0000     2.7495    34.4507    34.4519    22.3285    22.3293     6.4779    198.016     98.510 0.0000e+00
    222.770       5347     14.084 -106.97886   16.98437     14.000    26.9200    26.9187   5.432343   5.432367 1.2815e-01    12.3713     4.5374 5.0671e-02          0     4.5374     0.0427     2.7473     0.0000     4.4512     0.0000     0.0049     0.0000     2.7473    34.4507    34.4518    22.3306    22.3318     6.4724    197.848     98.417 0.0000e+00
    224.705       5394     15.090 -106.97886   16.98438     15.000    26.9025    26.9048   5.430527   5.430912 1.1413e-01    12.3709     4.5378 5.0671e-02          0     4.5378     0.0381     2.7481     0.0000     4.4531     0.0000     0.0049     0.0000     2.7481    34.4504    34.4515    22.3360    22.3361     6.4795    198.064     98.496 0.0000e+00
    226.331       5433     16.096 -106.97886   16.98438     16.000    26.8787    26.8741   5.427772   5.427506 1.1132e-01    12.3715     4.5371 5.0671e-02          0     4.5371     0.0371     2.7523     0.0000     4.4515     0.0000     0.0049     0.0000     2.7523    34.4481    34.4496    22.3419    22.3445     6.5086    198.950     98.897 0.0000e+00
    227.938       5472     17.102 -106.97886   16.98438     17.000    26.7311    26.7289   5.411772   5.411831 1.1722e-01    12.3728     4.5356 5.0671e-02          0     4.5356     0.0391     2.7609     0.0000     4.4518     0.0000     0.0049     0.0000     2.7609    34.4432    34.4452    22.3850    22.3873     6.5529    200.297     99.324 0.0000e+00
    229.805       5516     18.108 -106.97886   16.98438     18.000    26.6109    26.6063   5.399464   5.399216 1.2717e-01    12.3736     4.5347 5.0671e-02          0     4.5347     0.0424     2.7803     0.0000     4.4525     0.0000     0.0049     0.0000     2.7803    34.4441    34.4457    22.4238    22.4265     6.6213    202.379    100.160 0.0000e+00
    232.641       5584     19.114 -106.97886   16.98438     19.000    26.4791    26.4735   5.388434   5.388087 1.3932e-01    12.3733     4.5351 5.0671e-02          0     4.5351     0.0464     2.7782     0.0000     4.4531     0.0000     0.0049     0.0000     2.7782    34.4629    34.4646    22.4796    22.4826     6.6039    201.838     99.689 0.0000e+00
    234.721       5634     20.121 -106.97886   16.98437     20.000    26.1590    26.1535   5.366467   5.366181 1.2043e-01    12.3732     4.5352 5.0671e-02          0     4.5352     0.0402     2.7700     0.0000     4.4544     0.0000     0.0049     0.0000     2.7700    34.5439    34.5460    22.6411    22.6444     6.6281    202.546     99.565 0.0000e+00
    236.053       5666     21.127 -106.97886   16.98436     21.000    25.7793    25.7633   5.327554   5.325862 1.3009e-01    12.3721     4.5364 5.0671e-02          0     4.5364     0.0434     2.7804     0.0000     4.4560     0.0000     0.0049     0.0000     2.7804    34.5471    34.5470    22.7616    22.7664     6.7303    205.646    100.459 0.0000e+00
    238.189       5718     22.133 -106.97886   16.98436     22.000    25.7468    25.6958   5.323915   5.318604 1.5218e-01    12.3721     4.5364 5.0671e-02          0     4.5364     0.0507     2.7972     0.0000     4.4574     0.0000     0.0049     0.0000     2.7972    34.5449    34.5448    22.7700    22.7857     6.7614    206.592    100.866 0.0000e+00
    241.191       5790     23.139 -106.97886   16.98436     23.000    25.6212    25.6166   5.310870   5.310364 1.3098e-01    12.3740     4.5343 5.0671e-02          0     4.5343     0.0437     2.8001     0.0000     4.4589     0.0000     0.0049     0.0000     2.8002    34.5444    34.5442    22.8085    22.8098     6.7855    207.320    101.011 0.0000e+00
    242.488       5821     24.145 -106.97886   16.98436     24.000    25.6297    25.6293   5.312089   5.312120 1.2812e-01    12.3750     4.5332 5.0671e-02          0     4.5332     0.0427     2.8029     0.0000     4.4598     0.0000     0.0049     0.0000     2.8029    34.5466    34.5471    22.8076    22.8081     6.7858    207.331    101.032 0.0000e+00
    243.828       5853     25.151 -106.97886   16.98436     25.000    25.5526    25.5699   5.304082   5.305932 1.3295e-01    12.3738     4.5346 5.0671e-02          0     4.5346     0.0443     2.8073     0.0000     4.4603     0.0000     0.0049     0.0000     2.8073    34.5461    34.5465    22.8310    22.8261     6.8171    208.282    101.365 0.0000e+00
    246.241       5911     26.157 -106.97886   16.98436     26.000    25.5006    25.5001   5.298184   5.298401 1.4924e-01    12.3732     4.5352 5.0671e-02          0     4.5352     0.0497     2.8036     0.0000     4.4613     0.0000     0.0049     0.0000     2.8036    34.5420    34.5440    22.8440    22.8457     6.7960    207.635    100.961 0.0000e+00
    248.882       5974     27.163 -106.97886   16.98436     27.000    25.1988    25.1737   5.267920   5.265717 1.3142e-01    12.3731     4.5354 5.0671e-02          0     4.5354     0.0438     2.8074     0.0000     4.4639     0.0000     0.0049     0.0000     2.8074    34.5487    34.5517    22.9415    22.9514     6.8743    210.008    101.607 0.0000e+00
    250.470       6012     28.169 -106.97886   16.98436     28.000    25.1437    25.1429   5.263166   5.263055 1.3018e-01    12.3736     4.5348 5.0671e-02          0     4.5348     0.0434     2.8169     0.0000     4.4666     0.0000     0.0049     0.0000     2.8170    34.5554    34.5552    22.9634    22.9636     6.8904    210.495    101.753 0.0000e+00
    252.625       6064     29.175 -106.97886   16.98436     29.000    25.1332    25.1316   5.262303   5.262098 1.6350e-01    12.3715     4.5371 5.0671e-02          0     4.5371     0.0545     2.8193     0.0000     4.4674     0.0000     0.0049     0.0000     2.8193    34.5567    34.5564    22.9677    22.9680     6.8964    210.676    101.824 0.0000e+00
    255.459       6132     30.182 -106.97886   16.98436     30.000    25.0969    25.0937   5.258802   5.258468 1.4060e-01    12.3722     4.5364 5.0671e-02          0     4.5364     0.0469     2.8147     0.0000     4.4675     0.0000     0.0049     0.0000     2.8148    34.5582    34.5582    22.9799    22.9809     6.8784    210.126    101.497 0.0000e+00
    256.784       6164     31.188 -106.97886   16.98436     31.000    25.0126    25.0110   5.250651   5.250510 1.3309e-01    12.3725     4.5360 5.0671e-02          0     4.5360     0.0444     2.8126     0.0000     4.4677     0.0000     0.0049     0.0000     2.8126    34.5621    34.5623    23.0086    23.0092     6.8864    210.362    101.471 0.0000e+00
    257.883       6190     32.194 -106.97886   16.98435     32.000    24.9653    24.9634   5.245166   5.244859 1.3392e-01    12.3708     4.5379 5.0671e-02          0     4.5379     0.0446     2.8102     0.0000     4.4681     0.0000     0.0049     0.0000     2.8103    34.5574    34.5565    23.0194    23.0193     6.8931    210.565    101.485 0.0000e+00
    260.340       6249     33.200 -106.97886   16.98434     33.000    24.9406    24.9202   5.242348   5.240108 1.5086e-01    12.3706     4.5382 5.0671e-02          0     4.5382     0.0503     2.8173     0.0000     4.4685     0.0000     0.0049     0.0000     2.8174    34.5550    34.5540    23.0252    23.0306     6.9161    211.267    101.780 0.0000e+00
    264.066       6339     34.206 -106.97886   16.98434     34.000    24.7252    24.7722   5.217599   5.223083 1.4030e-01    12.3696     4.5393 5.0671e-02          0     4.5393     0.0468     2.8069     0.0000     4.4695     0.0000     0.0049     0.0000     2.8070    34.5359    34.5406    23.0758    23.0652     6.8993    210.742    101.148 0.0000e+00
    265.125       6364     35.212 -106.97886   16.98434     35.000    24.5581    24.5595   5.201927   5.202214 1.3802e-01    12.3682     4.5409 5.0671e-02          0     4.5409     0.0460     2.8064     0.0000     4.4703     0.0000     0.0049     0.0000     2.8064    34.5472    34.5482    23.1346    23.1350     6.9258    211.539    101.253 0.0000e+00
    266.167       6389     36.218 -106.97886   16.98434     36.000    24.5726    24.5730   5.206257   5.206349 1.4622e-01    12.3705     4.5382 5.0671e-02          0     4.5382     0.0487     2.8042     0.0000     4.4710     0.0000     0.0049     0.0000     2.8043    34.5680    34.5685    23.1461    23.1463     6.9236    211.471    101.259 0.0000e+00
    267.494       6421     37.225 -106.97886   16.98432     37.000    24.5650    24.5576   5.206512   5.205767 1.6928e-01    12.3720     4.5365 5.0671e-02          0     4.5365     0.0564     2.8067     0.0000     4.4714     0.0000     0.0049     0.0000     2.8067    34.5755    34.5756    23.1541    23.1564     6.9330    211.756    101.387 0.0000e+00
    271.543       6518     38.231 -106.97886   16.98433     38.000    24.5674    24.5634   5.205083   5.205619 1.8300e-01    12.3717     4.5369 5.0671e-02          0     4.5369     0.0610     2.7990     0.0000     4.4733     0.0000     0.0049     0.0000     2.7990    34.5627    34.5697    23.1438    23.1503     6.8869    210.350    100.710 0.0000e+00
    273.436       6563     39.237 -106.97885   16.98432     39.000    24.1113    24.0873   5.158879   5.156007 1.7311e-01    12.3723     4.5362 5.0671e-02          0     4.5362     0.0577     2.7809     0.0000     4.4759     0.0000     0.0049     0.0000     2.7809    34.5680    34.5649    23.2837    23.2885     6.8963    210.607    100.062 0.0000e+00
    275.198       6606     40.243 -106.97884   16.98432     40.000    23.8316    23.8267   5.128436   5.127755 2.0540e-01    12.3727     4.5357 5.0671e-02          0     4.5357     0.0685     2.7710     0.0000     4.4776     0.0000     0.0049     0.0000     2.7710    34.5549    34.5535    23.3565    23.3569     6.8849    210.247     99.410 0.0000e+00
    277.155       6653     41.249 -106.97884   16.98432     41.000    23.4330    23.4135   5.081965   5.079128 2.0605e-01    12.3742     4.5341 5.0671e-02          0     4.5341     0.0687     2.7408     0.0000     4.4786     0.0000     0.0049     0.0000     2.7408    34.5116    34.5052    23.4402    23.4410     6.8197    208.237     97.763 0.0000e+00
    278.502       6685     42.255 -106.97884   16.98432     42.000    22.9470    22.9417   5.025387   5.024556 2.1535e-01    12.3777     4.5301 5.0671e-02          0     4.5301     0.0718     2.7267     0.0000     4.4814     0.0000     0.0049     0.0000     2.7267    34.4584    34.4561    23.5406    23.5404     6.8715    209.799     97.644 0.0000e+00
    279.750       6715     43.261 -106.97884   16.98432     43.000    22.8518    22.8498   5.014541   5.014028 2.2061e-01    12.3736     4.5348 5.0671e-02          0     4.5348     0.0735     2.7230     0.0000     4.4831     0.0000     0.0049     0.0000     2.7230    34.4492    34.4468    23.5610    23.5597     6.9029    210.753     97.921 0.0000e+00
    282.095       6771     44.268 -106.97884   16.98432     44.000    22.8549    22.8207   5.015194   5.011081 2.5148e-01    12.3731     4.5353 5.0671e-02          0     4.5353     0.0838     2.7284     0.0000     4.4854     0.0000     0.0049     0.0000     2.7284    34.4515    34.4466    23.5618    23.5679     6.9065    210.863     97.978 0.0000e+00
    285.024       6842     45.274 -106.97884   16.98431     45.000    22.7028    22.6924   4.997896   4.996506 2.4763e-01    12.3735     4.5348 5.0671e-02          0     4.5348     0.0825     2.7137     0.0000     4.4891     0.0000     0.0049     0.0000     2.7137    34.4371    34.4345    23.5944    23.5954     6.8596    209.424     97.046 0.0000e+00
