data/ctd-cnv/RR1804/Station32_cast55.cnv
* Sea-Bird SBE 9 Data File:
* FileName = C:\CTD\RR1805\Station32_cast55.hex
* Software Version Seasave V 7.26.6.26
* Temperature SN = 4307
* Conductivity SN = 4650
* Number of Bytes Per Scan = 44
* Number of Voltage Words = 5
* Number of Scans Averaged by the Deck Unit = 1
* NMEA Latitude = 16 58.65 N
* NMEA Longitude = 106 58.00 W
* NMEA UTC (Time) = Apr 19 2018 23:59:38
** Ship: Revell
** Station: On Deck
** Operator: nak
** cast55
# nquan = 32
# nvalues = 202                         
# units = specified
# name 0 = timeS: Time, Elapsed [seconds]
# name 1 = scan: Scan Count
# name 2 = prDM: Pressure, Digiquartz [db]
# name 3 = longitude: Longitude [deg]
# name 4 = latitude: Latitude [deg]
# name 5 = depSMignore: Depth [salt water, m]
# name 6 = t090C: Temperature [ITS-90, deg C]
# name 7 = t190C: Temperature, 2 [ITS-90, deg C]
# name 8 = c0S/m: Conductivity [S/m]
# name 9 = c1S/m: Conductivity, 2 [S/m]
# name 10 = flSP: Fluorescence, Seapoint
# name 11 = CStarAt0: Beam Attenuation, WET Labs C-Star [1/m]
# name 12 = CStarTr0: Beam Transmission, WET Labs C-Star [%]
# name 13 = par: PAR/Irradiance, Biospherical/Licor
# name 14 = modError: Modulo Error Count
# name 15 = v0: Voltage 0
# name 16 = v1: Voltage 1
# name 17 = v2: Voltage 2
# name 18 = v3: Voltage 3
# name 19 = v4: Voltage 4
# name 20 = v5: Voltage 5
# name 21 = v6: Voltage 6
# name 22 = v7: Voltage 7
# name 23 = sbeox0V: Oxygen raw, SBE 43 [V]
# name 24 = sal00: Salinity, Practical [PSU]
# name 25 = sal11: Salinity, Practical, 2 [PSU]
# name 26 = sigma-é00: Density [sigma-theta, kg/m^3]
# name 27 = sigma-é11: Density, 2 [sigma-theta, kg/m^3]
# name 28 = sbeox0Mg/L: Oxygen, SBE 43 [mg/l], WS = 2
# name 29 = sbox0Mm/Kg: Oxygen, SBE 43 [umol/kg], WS = 2
# name 30 = sbeox0PS: Oxygen, SBE 43 [% saturation], WS = 2
# name 31 = flag: flag
# span 0 =     28.666,    559.973       
# span 1 =        689,      13440       
# span 2 =      1.006,    203.307       
# span 3 = -106.96682, -106.96677       
# span 4 =   16.97746,   16.97756       
# span 5 =      1.000,    202.000       
# span 6 =    12.0352,    27.0370       
# span 7 =    12.0337,    27.0378       
# span 8 =   3.988422,   5.419741       
# span 9 =   3.988433,   5.441992       
# span 10 = 7.1728e-02, 1.1027e+00      
# span 11 =    12.3149,    13.4127      
# span 12 =     4.4153,     4.5710      
# span 13 = 5.0671e-02, 2.1270e+02      
# span 14 =          0,          0      
# span 15 =     4.4153,     4.5710      
# span 16 =     0.0239,     0.3676      
# span 17 =     0.5078,     2.8248      
# span 18 =     0.0000,     0.0000      
# span 19 =     0.0838,     4.6722      
# span 20 =     0.0000,     0.0000      
# span 21 =     0.0049,     3.6334      
# span 22 =     0.0000,     0.0000      
# span 23 =     0.5070,     2.8248      
# span 24 =    34.2045,    34.8085      
# span 25 =    34.2024,    34.8093      
# span 26 =    22.1134,    26.4062      
# span 27 =    22.1701,    26.4076      
# span 28 =     0.0334,     6.9648      
# span 29 =      1.017,    212.721      
# span 30 =      0.386,    103.174      
# span 31 = 0.0000e+00, 0.0000e+00      
# interval = meters: 1                  
# start_time = Apr 19 2018 23:59:42 [System UTC, first data scan.]
# bad_flag = -9.990e-29
*END*
[from data line 46]
    288.616       6928     47.286 -106.96680   16.97750     47.000    23.9537    23.9684   5.141708   5.143246 1.6642e-01    12.3742     4.5341 1.1720e+01          0     4.5341     0.0554     2.7892     0.0000     4.5479     0.0000     2.3656     0.0000     2.7893    34.5582    34.5583    23.3235    23.3193     6.9512    212.276    100.580 0.0000e+00
    289.951       6960     48.292 -106.96680   16.97750     48.000    23.8969    23.8960   5.134969   5.134715 1.6744e-01    12.3742     4.5341 1.1125e+01          0     4.5341     0.0558     2.7838     0.0000     4.5494     0.0000     2.3430     0.0000     2.7839    34.5510    34.5497    23.3348    23.3342     6.9461    212.120    100.404 0.0000e+00
    291.487       6997     49.299 -106.96680   16.97751     49.000    23.7320    23.7440   5.115935   5.117334 1.7812e-01    12.3737     4.5347 1.0506e+01          0     4.5347     0.0594     2.7809     0.0000     4.5509     0.0000     2.3180     0.0000     2.7809    34.5347    34.5359    23.3710    23.3684     6.9559    212.411    100.250 0.0000e+00
    294.855       7078     50.305 -106.96680   16.97752     50.000    23.5839    23.5956   5.099002   5.100480 1.9926e-01    12.3755     4.5326 1.0029e+01          0     4.5326     0.0664     2.7695     0.0000     4.5543     0.0000     2.2980     0.0000     2.7696    34.5209    34.5231    23.4040    23.4023     6.9247    211.452     99.537 0.0000e+00
    297.100       7131     51.311 -106.96680   16.97752     51.000    23.0718    23.0806   5.039502   5.040150 2.1805e-01    12.3773     4.5306 9.5376e+00          0     4.5306     0.0727     2.7360     0.0000     4.5575     0.0000     2.2761     0.0000     2.7360    34.4660    34.4641    23.5110    23.5069     6.8640    209.575     97.755 0.0000e+00
    298.605       7168     52.317 -106.96680   16.97752     52.000    22.7974    22.8026   5.007766   5.008120 2.3878e-01    12.3805     4.5270 8.9935e+00          0     4.5270     0.0796     2.7261     0.0000     4.5596     0.0000     2.2506     0.0000     2.7261    34.4366    34.4353    23.5674    23.5649     6.9082    210.914     97.896 0.0000e+00
    301.996       7249     53.324 -106.96680   16.97752     53.000    22.6838    22.6938   4.994927   4.995989 2.7362e-01    12.3852     4.5216 8.4570e+00          0     4.5216     0.0912     2.7199     0.0000     4.5634     0.0000     2.2240     0.0000     2.7200    34.4265    34.4268    23.5922    23.5896     6.8976    210.585     97.544 0.0000e+00
    304.447       7308     54.330 -106.96680   16.97754     54.000    22.4806    22.4769   4.971254   4.970504 2.7927e-01    12.3872     4.5194 7.9853e+00          0     4.5194     0.0931     2.6876     0.0000     4.5668     0.0000     2.1990     0.0000     2.6876    34.4026    34.3996    23.6317    23.6306     6.7516    206.118     95.124 0.0000e+00
    305.645       7336     55.336 -106.96680   16.97754     55.000    21.8974    21.8919   4.906033   4.905036 4.4317e-01    12.3990     4.5061 7.4533e+00          0     4.5061     0.1477     2.6592     0.0000     4.5690     0.0000     2.1690     0.0000     2.6592    34.3543    34.3508    23.7588    23.7577     6.7538    206.160     94.150 0.0000e+00
    307.521       7382     56.342 -106.96680   16.97754     56.000    21.6217    21.6576   4.875864   4.879337 6.8191e-01    12.4130     4.4904 6.9194e+00          0     4.4904     0.2273     2.6331     0.0000     4.5712     0.0000     2.1367     0.0000     2.6331    34.3355    34.3344    23.8210    23.8103     6.7372    205.642     93.448 0.0000e+00
    310.257       7447     57.349 -106.96680   16.97754     57.000    21.4417    21.4662   4.856778   4.859369 7.6512e-01    12.4230     4.4791 6.4358e+00          0     4.4791     0.2550     2.6067     0.0000     4.5740     0.0000     2.1052     0.0000     2.6066    34.3278    34.3288    23.8648    23.8588     6.6750    203.734     92.283 0.0000e+00
    312.644       7504     58.355 -106.96680   16.97754     58.000    21.1608    21.1639   4.825053   4.825791 9.0511e-01    12.4288     4.4726 5.8951e+00          0     4.4726     0.3017     2.5439     0.0000     4.5773     0.0000     2.0671     0.0000     2.5439    34.2998    34.3032    23.9201    23.9218     6.3599    194.107     87.475 0.0000e+00
    314.585       7551     59.361 -106.96680   16.97754     59.000    20.3523    20.3434   4.736946   4.735878 1.0484e+00    12.4294     4.4720 5.3587e+00          0     4.4720     0.3495     2.4277     0.0000     4.5804     0.0000     2.0256     0.0000     2.4276    34.2424    34.2410    24.0937    24.0950     6.0701    185.232     82.243 0.0000e+00
    316.756       7603     60.367 -106.96680   16.97755     60.000    19.9846    19.9976   4.698489   4.699735 1.1027e+00    12.4259     4.4759 4.8359e+00          0     4.4759     0.3676     2.3609     0.0000     4.5828     0.0000     1.9809     0.0000     2.3608    34.2277    34.2273    24.1796    24.1759     6.0178    183.618     80.978 0.0000e+00
    319.741       7675     61.374 -106.96680   16.97756     61.000    19.8056    19.8249   4.681173   4.683148 1.1020e+00    12.4237     4.4783 4.3772e+00          0     4.4783     0.3673     2.2832     0.0000     4.5861     0.0000     1.9379     0.0000     2.2831    34.2315    34.2320    24.2294    24.2247     5.7319    174.888     76.881 0.0000e+00
    321.818       7725     62.380 -106.96680   16.97756     62.000    19.6433    19.6429   4.665279   4.664977 1.0370e+00    12.4167     4.4861 3.9461e+00          0     4.4861     0.3457     2.2279     0.0000     4.5899     0.0000     1.8927     0.0000     2.2277    34.2333    34.2311    24.2730    24.2714     5.6122    171.226     75.050 0.0000e+00
    323.650       7769     63.386 -106.96680   16.97756     63.000    19.5142    19.5127   4.651898   4.651522 1.0398e+00    12.4138     4.4895 3.5474e+00          0     4.4895     0.3466     2.1859     0.0000     4.5929     0.0000     1.8465     0.0000     2.1857    34.2284    34.2266    24.3027    24.3017     5.4678    166.817     72.943 0.0000e+00
    325.443       7812     64.393 -106.96680   16.97756     64.000    19.3825    19.3801   4.638376   4.637940 1.0272e+00    12.4071     4.4969 3.2017e+00          0     4.4969     0.3424     2.1307     0.0000     4.5947     0.0000     1.8019     0.0000     2.1305    34.2244    34.2228    24.3336    24.3330     5.2511    160.200     69.881 0.0000e+00
    327.784       7868     65.399 -106.96680   16.97756     65.000    19.1033    19.1047   4.608972   4.608394 1.0528e+00    12.4097     4.4941 2.8730e+00          0     4.4941     0.3509     2.0139     0.0000     4.5967     0.0000     1.7549     0.0000     2.0136    34.2097    34.2038    24.3938    24.3889     4.8323    147.415     63.971 0.0000e+00
    330.264       7927     66.405 -106.96680   16.97755     66.000    18.8387    18.8390   4.584673   4.584368 1.0032e+00    12.4035     4.5010 2.5698e+00          0     4.5010     0.3344     1.8977     0.0000     4.5985     0.0000     1.7065     0.0000     1.8974    34.2252    34.2224    24.4728    24.4706     4.4893    136.941     59.142 0.0000e+00
    333.033       7994     67.411 -106.96680   16.97754     67.000    18.6775    18.6984   4.569945   4.571733 1.0669e+00    12.4049     4.4994 2.3052e+00          0     4.4994     0.3556     1.8210     0.0000     4.6012     0.0000     1.6592     0.0000     1.8207    34.2350    34.2327    24.5210    24.5139     4.3941    134.032     57.716 0.0000e+00
    335.757       8059     68.418 -106.96680   16.97754     68.000    18.5741    18.5732   4.558866   4.558458 9.8382e-01    12.4059     4.4982 2.0916e+00          0     4.4982     0.3279     1.8186     0.0000     4.6033     0.0000     1.6173     0.0000     1.8183    34.2274    34.2247    24.5411    24.5393     4.3907    133.926     57.558 0.0000e+00
    337.117       8092     69.424 -106.96680   16.97754     69.000    18.4269    18.4271   4.546545   4.546575 9.5264e-01    12.4032     4.5013 1.9022e+00          0     4.5013     0.3175     1.7332     0.0000     4.6049     0.0000     1.5759     0.0000     1.7328    34.2457    34.2457    24.5918    24.5918     3.6885    112.501     48.224 0.0000e+00
    339.153       8141     70.430 -106.96680   16.97754     70.000    18.3613    18.2203   4.542585   4.529815 1.0771e+00    12.4014     4.5034 1.7208e+00          0     4.5034     0.3590     1.6004     0.0000     4.2250     0.0000     1.5322     0.0000     1.6000    34.2666    34.2762    24.6242    24.6664     3.5814    109.230     46.770 0.0000e+00
    342.079       8211     71.437 -106.96680   16.97754     71.000    17.5382    17.5410   4.456888   4.456528 7.8191e-01    12.3903     4.5158 1.5595e+00          0     4.5158     0.2606     1.5630     0.0000     4.3681     0.0000     1.4897     0.0000     1.5626    34.2264    34.2209    24.7950    24.7900     3.6237    110.502     46.581 0.0000e+00
    343.533       8246     72.443 -106.96680   16.97754     72.000    17.4134    17.4138   4.444308   4.444138 8.2530e-01    12.3862     4.5205 1.4023e+00          0     4.5205     0.2751     1.5567     0.0000     4.6057     0.0000     1.4434     0.0000     1.5562    34.2230    34.2212    24.8223    24.8208     3.6297    110.681     46.545 0.0000e+00
    346.214       8310     73.449 -106.96680   16.97754     73.000    17.3826    17.3755   4.441486   4.440637 8.3769e-01    12.3857     4.5210 1.2563e+00          0     4.5210     0.2792     1.5536     0.0000     4.6121     0.0000     1.3957     0.0000     1.5532    34.2243    34.2230    24.8307    24.8314     3.6351    110.847     46.588 0.0000e+00
    349.306       8384     74.456 -106.96680   16.97752     74.000    17.3547    17.3494   4.438866   4.438074 7.0187e-01    12.3863     4.5203 1.1546e+00          0     4.5203     0.2340     1.5518     0.0000     4.6149     0.0000     1.3593     0.0000     1.5514    34.2249    34.2226    24.8379    24.8374     3.6255    110.551     46.439 0.0000e+00
    350.903       8423     75.462 -106.96680   16.97752     75.000    17.2865    17.2802   4.431953   4.431064 7.4609e-01    12.3822     4.5250 1.0537e+00          0     4.5250     0.2487     1.5454     0.0000     4.6159     0.0000     1.3195     0.0000     1.5450    34.2226    34.2202    24.8524    24.8521     3.5918    109.524     45.948 0.0000e+00
    352.694       8466     76.468 -106.96680   16.97752     76.000    17.2379    17.2331   4.427236   4.426559 6.7501e-01    12.3817     4.5256 9.6302e-01          0     4.5256     0.2250     1.5362     0.0000     4.6171     0.0000     1.2804     0.0000     1.5357    34.2225    34.2207    24.8641    24.8638     3.5646    108.692     45.557 0.0000e+00
    354.315       8505     77.475 -106.96680   16.97752     77.000    17.1948    17.2004   4.422932   4.423275 6.6941e-01    12.3796     4.5280 8.7871e-01          0     4.5280     0.2231     1.5288     0.0000     4.6180     0.0000     1.2406     0.0000     1.5284    34.2214    34.2197    24.8735    24.8709     3.5497    108.238     45.329 0.0000e+00
    357.171       8573     78.481 -106.96680   16.97752     78.000    17.1948    17.1770   4.423090   4.421111 8.1275e-01    12.3805     4.5269 8.0311e-01          0     4.5269     0.2709     1.5207     0.0000     4.6192     0.0000     1.2016     0.0000     1.5203    34.2224    34.2204    24.8743    24.8770     3.5179    107.266     44.922 0.0000e+00
    359.896       8639     79.487 -106.96678   16.97752     79.000    17.0242    17.0090   4.405217   4.403366 5.6916e-01    12.3751     4.5331 7.3932e-01          0     4.5331     0.1897     1.5020     0.0000     4.6209     0.0000     1.1657     0.0000     1.5015    34.2117    34.2086    24.9066    24.9078     3.4416    104.939     43.802 0.0000e+00
    361.178       8669     80.494 -106.96678   16.97751     80.000    16.8950    16.8917   4.391805   4.391247 6.0473e-01    12.3734     4.5350 6.8146e-01          0     4.5350     0.2016     1.4924     0.0000     4.6216     0.0000     1.1302     0.0000     1.4919    34.2045    34.2024    24.9316    24.9307     3.4354    104.747     43.613 0.0000e+00
    363.467       8724     81.500 -106.96680   16.97750     81.000    16.8177    16.8065   4.385856   4.384638 7.2337e-01    12.3720     4.5366 6.2387e-01          0     4.5366     0.2411     1.4564     0.0000     4.6229     0.0000     1.0921     0.0000     1.4559    34.2181    34.2170    24.9602    24.9620     3.1676     96.578     40.157 0.0000e+00
    365.519       8773     82.507 -106.96680   16.97750     82.000    16.6230    16.6165   4.370342   4.369471 4.9626e-01    12.3671     4.5421 5.7796e-01          0     4.5421     0.1654     1.3636     0.0000     4.6242     0.0000     1.0588     0.0000     1.3630    34.2482    34.2462    25.0289    25.0288     2.8455     86.751     35.943 0.0000e+00
    366.791       8804     83.513 -106.96680   16.97750     83.000    16.4521    16.4470   4.353087   4.352265 4.9907e-01    12.3654     4.5441 5.3479e-01          0     4.5441     0.1663     1.3304     0.0000     4.6252     0.0000     1.0251     0.0000     1.3298    34.2427    34.2397    25.0644    25.0633     2.7943     85.189     35.180 0.0000e+00
    369.243       8863     84.519 -106.96680   16.97750     84.000    16.4169    16.4101   4.351652   4.350925 5.9771e-01    12.3651     4.5444 4.9212e-01          0     4.5444     0.1992     1.2875     0.0000     4.6242     0.0000     0.9889     0.0000     1.2869    34.2599    34.2592    25.0857    25.0868     2.6929     82.096     33.883 0.0000e+00
    372.438       8940     85.526 -106.96680   16.97750     85.000    16.4527    16.4563   4.358987   4.359347 5.4434e-01    12.3617     4.5483 4.5033e-01          0     4.5483     0.1814     1.2205     0.0000     4.6252     0.0000     0.9505     0.0000     1.2199    34.2933    34.2934    25.1032    25.1024     2.3456     71.505     29.538 0.0000e+00
    374.687       8993     86.532 -106.96680   16.97750     86.000    16.5916    16.5996   4.383030   4.384073 5.4638e-01    12.3609     4.5492 4.1946e-01          0     4.5492     0.1821     1.0854     0.0000     4.6253     0.0000     0.9198     0.0000     1.0847    34.3849    34.3872    25.1413    25.1413     1.6637     50.715     21.019 0.0000e+00
    376.178       9029     87.538 -106.96680   16.97750     87.000    16.5366    16.5327   4.381486   4.380678 4.1916e-01    12.3574     4.5532 3.8908e-01          0     4.5532     0.1397     0.9968     0.0000     4.6262     0.0000     0.8871     0.0000     0.9961    34.4183    34.4146    25.1798    25.1779     1.6202     49.388     20.452 0.0000e+00
    377.604       9064     88.545 -106.96680   16.97750     88.000    16.1509    16.1363   4.339524   4.337350 4.4553e-01    12.3569     4.5537 3.6102e-01          0     4.5537     0.1485     0.9949     0.0000     4.6279     0.0000     0.8545     0.0000     0.9941    34.3802    34.3736    25.2394    25.2377     1.7582     53.591     22.022 0.0000e+00
    380.076       9123     89.551 -106.96680   16.97750     89.000    15.8670    15.8614   4.312652   4.311988 5.0914e-01    12.3583     4.5521 3.3629e-01          0     4.5521     0.1697     0.9818     0.0000     4.6261     0.0000     0.8239     0.0000     0.9811    34.3872    34.3861    25.3096    25.3101     1.6148     49.219     20.117 0.0000e+00
    382.312       9176     90.558 -106.96680   16.97750     90.000    15.7694    15.7669   4.307271   4.306879 4.6599e-01    12.3542     4.5568 3.1651e-01          0     4.5568     0.1553     0.9187     0.0000     4.6284     0.0000     0.7975     0.0000     0.9179    34.4237    34.4224    25.3597    25.3593     1.3413     40.881     16.682 0.0000e+00
