data/ctd-cnv/RR1804/Station32_cast42.cnv
* Sea-Bird SBE 9 Data File:
* FileName = C:\CTD\RR1805\Station32_cast42t.hex
* Software Version Seasave V 7.26.6.26
* Temperature SN = 4307
* Conductivity SN = 4650
* Number of Bytes Per Scan = 44
* Number of Voltage Words = 5
* Number of Scans Averaged by the Deck Unit = 1
* NMEA Latitude = 16 54.02 N
* NMEA Longitude = 107 00.03 W
* NMEA UTC (Time) = Apr 15 2018 05:12:33
** Ship: Revell
** Station: 32
** Operator: clara
# nquan = 32
# nvalues = 994                         
# units = specified
# name 0 = timeS: Time, Elapsed [seconds]
# name 1 = scan: Scan Count
# name 2 = prDM: Pressure, Digiquartz [db]
# name 3 = longitude: Longitude [deg]
# name 4 = latitude: Latitude [deg]
# name 5 = depSMignore: Depth [salt water, m]
# name 6 = t090C: Temperature [ITS-90, deg C]
# name 7 = t190C: Temperature, 2 [ITS-90, deg C]
# name 8 = c0S/m: Conductivity [S/m]
# name 9 = c1S/m: Conductivity, 2 [S/m]
# name 10 = flSP: Fluorescence, Seapoint
# name 11 = CStarAt0: Beam Attenuation, WET Labs C-Star [1/m]
# name 12 = CStarTr0: Beam Transmission, WET Labs C-Star [%]
# name 13 = par: PAR/Irradiance, Biospherical/Licor
# name 14 = modError: Modulo Error Count
# name 15 = v0: Voltage 0
# name 16 = v1: Voltage 1
# name 17 = v2: Voltage 2
# name 18 = v3: Voltage 3
# name 19 = v4: Voltage 4
# name 20 = v5: Voltage 5
# name 21 = v6: Voltage 6
# name 22 = v7: Voltage 7
# name 23 = sbeox0V: Oxygen raw, SBE 43 [V]
# name 24 = sal00: Salinity, Practical [PSU]
# name 25 = sal11: Salinity, Practical, 2 [PSU]
# name 26 = sigma-é00: Density [sigma-theta, kg/m^3]
# name 27 = sigma-é11: Density, 2 [sigma-theta, kg/m^3]
# name 28 = sbeox0Mg/L: Oxygen, SBE 43 [mg/l], WS = 2
# name 29 = sbox0Mm/Kg: Oxygen, SBE 43 [umol/kg], WS = 2
# name 30 = sbeox0PS: Oxygen, SBE 43 [% saturation], WS = 2
# name 31 = flag: flag
# span 0 =     28.406,   1243.806       
# span 1 =        683,      29852       
# span 2 =     10.060,   1011.449       
# span 3 = -107.00064, -107.00060       
# span 4 =   16.90046,   16.90051       
# span 5 =     10.000,   1003.000       
# span 6 =     4.5800,    26.6528       
# span 7 =     4.5786,    26.6528       
# span 8 =   3.313859,   5.408445       
# span 9 =   3.313826,   5.408760       
# span 10 = 7.0734e-02, 1.6953e+00      
# span 11 =    12.3200,    12.4396      
# span 12 =     4.4605,     4.5959      
# span 13 = 5.0649e-02, 6.5138e-02      
# span 14 =          0,          0      
# span 15 =     4.4605,     4.5959      
# span 16 =     0.0236,     0.5651      
# span 17 =     0.5044,     2.7895      
# span 18 =     0.0000,     0.0000      
# span 19 =     2.7611,     4.7291      
# span 20 =     0.0000,     0.0000      
# span 21 =     0.0047,     0.1148      
# span 22 =     0.0000,     0.0000      
# span 23 =     0.5039,     2.7895      
# span 24 =    34.2248,    34.8071      
# span 25 =    34.2218,    34.8073      
# span 26 =    22.4214,    27.3741      
# span 27 =    22.4222,    27.3751      
# span 28 =     0.0244,     6.8098      
# span 29 =      0.743,    208.017      
# span 30 =      0.247,    100.563      
# span 31 = 0.0000e+00, 0.0000e+00      
# interval = meters: 1                  
# start_time = Apr 15 2018 05:13:02 [System UTC, first data scan.]
# bad_flag = -9.990e-29
*END*
[from data line 816]
   1060.250      25447    832.602 -107.00062   16.90048    826.000     5.4618     5.4616   3.384007   3.384109 7.3069e-02    12.3214     4.5943 5.5719e-02          0     4.5943     0.0243     0.5058     0.0000     4.5986     0.0000     0.0455     0.0000     0.5054    34.5361    34.5375    27.2615    27.2626     0.0367      1.117      0.366 0.0000e+00
   1061.064      25467    833.612 -107.00062   16.90048    827.000     5.4556     5.4557   3.383492   3.383622 7.3256e-02    12.3218     4.5938 5.3008e-02          0     4.5938     0.0244     0.5059     0.0000     4.5982     0.0000     0.0241     0.0000     0.5055    34.5361    34.5375    27.2622    27.2633     0.0399      1.215      0.398 0.0000e+00
   1061.900      25487    834.622 -107.00062   16.90048    828.000     5.4498     5.4501   3.383033   3.383173 7.3260e-02    12.3229     4.5926 5.3807e-02          0     4.5926     0.0244     0.5063     0.0000     4.5967     0.0000     0.0304     0.0000     0.5059    34.5363    34.5376    27.2631    27.2641     0.0399      1.214      0.398 0.0000e+00
   1062.813      25509    835.632 -107.00062   16.90048    829.000     5.4449     5.4449   3.382617   3.382747 7.3260e-02    12.3220     4.5937 5.5638e-02          0     4.5937     0.0244     0.5063     0.0000     4.5964     0.0000     0.0447     0.0000     0.5059    34.5361    34.5376    27.2635    27.2647     0.0400      1.216      0.398 0.0000e+00
   1063.855      25534    836.642 -107.00060   16.90048    830.000     5.4379     5.4380   3.382044   3.382176 7.2461e-02    12.3218     4.5939 5.6315e-02          0     4.5939     0.0241     0.5064     0.0000     4.5964     0.0000     0.0502     0.0000     0.5060    34.5363    34.5377    27.2645    27.2656     0.0392      1.193      0.391 0.0000e+00
   1065.230      25567    837.652 -107.00060   16.90048    831.000     5.4290     5.4290   3.381281   3.381395 7.3225e-02    12.3220     4.5936 5.3522e-02          0     4.5936     0.0244     0.5066     0.0000     4.5981     0.0000     0.0281     0.0000     0.5062    34.5362    34.5375    27.2655    27.2665     0.0428      1.302      0.426 0.0000e+00
   1067.120      25612    838.662 -107.00060   16.90048    832.000     5.4192     5.4193   3.380448   3.380579 7.3062e-02    12.3220     4.5936 5.2699e-02          0     4.5936     0.0243     0.5069     0.0000     4.5987     0.0000     0.0215     0.0000     0.5065    34.5362    34.5375    27.2667    27.2677     0.0404      1.230      0.403 0.0000e+00
   1068.351      25641    839.672 -107.00060   16.90048    833.000     5.4157     5.4160   3.380196   3.380358 7.2769e-02    12.3222     4.5934 5.5065e-02          0     4.5934     0.0242     0.5069     0.0000     4.5996     0.0000     0.0404     0.0000     0.5065    34.5364    34.5380    27.2673    27.2685     0.0427      1.299      0.425 0.0000e+00
   1069.159      25661    840.682 -107.00060   16.90048    834.000     5.4137     5.4141   3.380073   3.380231 7.3279e-02    12.3224     4.5932 5.6969e-02          0     4.5932     0.0244     0.5069     0.0000     4.5999     0.0000     0.0553     0.0000     0.5065    34.5366    34.5380    27.2676    27.2687     0.0426      1.295      0.424 0.0000e+00
   1069.832      25677    841.692 -107.00060   16.90048    835.000     5.4121     5.4125   3.379981   3.380137 7.3260e-02    12.3223     4.5933 5.4938e-02          0     4.5933     0.0244     0.5071     0.0000     4.5999     0.0000     0.0396     0.0000     0.5067    34.5366    34.5380    27.2679    27.2689     0.0460      1.398      0.458 0.0000e+00
   1070.481      25693    842.702 -107.00060   16.90048    836.000     5.4106     5.4108   3.379879   3.380038 7.3023e-02    12.3218     4.5938 5.2392e-02          0     4.5938     0.0243     0.5076     0.0000     4.5994     0.0000     0.0192     0.0000     0.5072    34.5366    34.5381    27.2680    27.2692     0.0461      1.401      0.459 0.0000e+00
   1071.160      25709    843.712 -107.00060   16.90048    837.000     5.4096     5.4099   3.379839   3.379999 7.3446e-02    12.3222     4.5934 5.5416e-02          0     4.5934     0.0245     0.5071     0.0000     4.5996     0.0000     0.0430     0.0000     0.5067    34.5366    34.5381    27.2682    27.2693     0.0431      1.311      0.429 0.0000e+00
   1071.945      25728    844.722 -107.00060   16.90048    838.000     5.4079     5.4083   3.379735   3.379885 7.3453e-02    12.3221     4.5935 5.6143e-02          0     4.5935     0.0245     0.5075     0.0000     4.6002     0.0000     0.0486     0.0000     0.5071    34.5366    34.5379    27.2684    27.2694     0.0461      1.402      0.459 0.0000e+00
   1072.837      25749    845.732 -107.00060   16.90048    839.000     5.4047     5.4046   3.379487   3.379610 7.3255e-02    12.3223     4.5933 5.7901e-02          0     4.5933     0.0244     0.5076     0.0000     4.5970     0.0000     0.0617     0.0000     0.5072    34.5366    34.5381    27.2688    27.2700     0.0445      1.355      0.443 0.0000e+00
   1073.740      25771    846.742 -107.00060   16.90048    840.000     5.3975     5.3974   3.378918   3.379033 7.3429e-02    12.3218     4.5938 5.8710e-02          0     4.5938     0.0245     0.5075     0.0000     4.5977     0.0000     0.0679     0.0000     0.5071    34.5370    34.5384    27.2699    27.2711     0.0463      1.410      0.461 0.0000e+00
   1074.632      25792    847.752 -107.00060   16.90048    841.000     5.3840     5.3837   3.377776   3.377854 7.3259e-02    12.3222     4.5935 5.5542e-02          0     4.5935     0.0244     0.5078     0.0000     4.5980     0.0000     0.0444     0.0000     0.5074    34.5373    34.5385    27.2718    27.2728     0.0477      1.451      0.475 0.0000e+00
   1075.607      25816    848.762 -107.00061   16.90048    842.000     5.3610     5.3607   3.375755   3.375848 7.3124e-02    12.3224     4.5932 5.5414e-02          0     4.5932     0.0244     0.5079     0.0000     4.5980     0.0000     0.0429     0.0000     0.5075    34.5373    34.5387    27.2746    27.2757     0.0461      1.402      0.458 0.0000e+00
   1076.978      25848    849.772 -107.00062   16.90048    843.000     5.3557     5.3563   3.375293   3.375454 7.3416e-02    12.3223     4.5933 5.5568e-02          0     4.5933     0.0245     0.5079     0.0000     4.5977     0.0000     0.0442     0.0000     0.5075    34.5370    34.5382    27.2749    27.2758     0.0467      1.422      0.465 0.0000e+00
   1078.806      25892    850.782 -107.00062   16.90048    844.000     5.3442     5.3443   3.374259   3.374391 7.3250e-02    12.3229     4.5926 5.8033e-02          0     4.5926     0.0244     0.5079     0.0000     4.5984     0.0000     0.0632     0.0000     0.5075    34.5365    34.5379    27.2759    27.2770     0.0456      1.388      0.454 0.0000e+00
   1080.100      25923    851.792 -107.00062   16.90048    845.000     5.3299     5.3300   3.373016   3.373163 7.3260e-02    12.3226     4.5930 5.9512e-02          0     4.5930     0.0244     0.5079     0.0000     4.5991     0.0000     0.0739     0.0000     0.5075    34.5364    34.5380    27.2776    27.2788     0.0461      1.403      0.459 0.0000e+00
   1081.051      25946    852.803 -107.00062   16.90048    846.000     5.3251     5.3253   3.372616   3.372747 7.3260e-02    12.3224     4.5932 5.9643e-02          0     4.5932     0.0244     0.5079     0.0000     4.5985     0.0000     0.0746     0.0000     0.5075    34.5362    34.5376    27.2780    27.2790     0.0491      1.493      0.488 0.0000e+00
   1081.869      25966    853.813 -107.00062   16.90048    847.000     5.3167     5.3169   3.371922   3.372055 7.2877e-02    12.3228     4.5927 5.6738e-02          0     4.5927     0.0243     0.5082     0.0000     4.5992     0.0000     0.0531     0.0000     0.5078    34.5364    34.5378    27.2791    27.2802     0.0515      1.568      0.512 0.0000e+00
   1082.628      25984    854.823 -107.00062   16.90048    848.000     5.3155     5.3157   3.371847   3.371992 7.3261e-02    12.3228     4.5928 5.6931e-02          0     4.5928     0.0244     0.5084     0.0000     4.6005     0.0000     0.0549     0.0000     0.5080    34.5364    34.5377    27.2792    27.2803     0.0524      1.594      0.521 0.0000e+00
   1083.390      26002    855.833 -107.00061   16.90048    849.000     5.3065     5.3069   3.371077   3.371232 7.3260e-02    12.3229     4.5927 5.6080e-02          0     4.5927     0.0244     0.5086     0.0000     4.6012     0.0000     0.0484     0.0000     0.5082    34.5363    34.5376    27.2802    27.2812     0.0525      1.596      0.521 0.0000e+00
   1084.226      26022    856.843 -107.00060   16.90048    850.000     5.3055     5.3058   3.371020   3.371187 7.3768e-02    12.3228     4.5927 5.6845e-02          0     4.5927     0.0246     0.5088     0.0000     4.6012     0.0000     0.0544     0.0000     0.5084    34.5362    34.5377    27.2803    27.2814     0.0524      1.594      0.521 0.0000e+00
   1085.159      26045    857.853 -107.00060   16.90048    851.000     5.3058     5.3059   3.371100   3.371250 7.3265e-02    12.3228     4.5927 5.8592e-02          0     4.5927     0.0244     0.5087     0.0000     4.6015     0.0000     0.0672     0.0000     0.5083    34.5363    34.5378    27.2803    27.2815     0.0502      1.528      0.499 0.0000e+00
   1086.106      26068    858.863 -107.00060   16.90048    852.000     5.3059     5.3062   3.371164   3.371331 7.3081e-02    12.3232     4.5924 5.6141e-02          0     4.5924     0.0243     0.5090     0.0000     4.6007     0.0000     0.0490     0.0000     0.5086    34.5364    34.5380    27.2805    27.2816     0.0552      1.681      0.549 0.0000e+00
   1086.988      26089    859.873 -107.00060   16.90048    853.000     5.3061     5.3069   3.371246   3.371448 7.3266e-02    12.3229     4.5927 5.5618e-02          0     4.5927     0.0244     0.5091     0.0000     4.6017     0.0000     0.0446     0.0000     0.5087    34.5366    34.5381    27.2806    27.2817     0.0516      1.570      0.513 0.0000e+00
   1087.852      26109    860.884 -107.00060   16.90048    854.000     5.3075     5.3078   3.371464   3.371618 7.3260e-02    12.3226     4.5930 5.6513e-02          0     4.5930     0.0244     0.5089     0.0000     4.6005     0.0000     0.0517     0.0000     0.5085    34.5372    34.5386    27.2809    27.2820     0.0501      1.524      0.497 0.0000e+00
   1088.910      26135    861.894 -107.00060   16.90048    855.000     5.3078     5.3082   3.371555   3.371712 7.3260e-02    12.3230     4.5925 5.6778e-02          0     4.5925     0.0244     0.5090     0.0000     4.6007     0.0000     0.0537     0.0000     0.5086    34.5374    34.5388    27.2810    27.2821     0.0538      1.638      0.535 0.0000e+00
   1090.269      26167    862.904 -107.00060   16.90048    856.000     5.3079     5.3082   3.371588   3.371743 7.3525e-02    12.3227     4.5929 5.8286e-02          0     4.5929     0.0245     0.5091     0.0000     4.6003     0.0000     0.0645     0.0000     0.5087    34.5372    34.5386    27.2808    27.2820     0.0518      1.576      0.515 0.0000e+00
   1091.349      26193    863.914 -107.00060   16.90048    857.000     5.3077     5.3079   3.371635   3.371789 7.3251e-02    12.3229     4.5927 5.9108e-02          0     4.5927     0.0244     0.5091     0.0000     4.6008     0.0000     0.0710     0.0000     0.5087    34.5374    34.5390    27.2811    27.2823     0.0527      1.602      0.523 0.0000e+00
   1092.174      26213    864.924 -107.00060   16.90048    858.000     5.3066     5.3069   3.371605   3.371764 7.3260e-02    12.3228     4.5927 5.7425e-02          0     4.5927     0.0244     0.5091     0.0000     4.6001     0.0000     0.0588     0.0000     0.5087    34.5378    34.5392    27.2815    27.2826     0.0507      1.544      0.504 0.0000e+00
   1092.949      26232    865.934 -107.00062   16.90048    859.000     5.3047     5.3049   3.371506   3.371643 7.3260e-02    12.3232     4.5923 5.5904e-02          0     4.5923     0.0244     0.5089     0.0000     4.6021     0.0000     0.0470     0.0000     0.5085    34.5380    34.5393    27.2819    27.2830     0.0518      1.575      0.514 0.0000e+00
   1093.780      26252    866.944 -107.00062   16.90049    860.000     5.3029     5.3032   3.371380   3.371531 7.3420e-02    12.3229     4.5926 5.3825e-02          0     4.5926     0.0245     0.5091     0.0000     4.6011     0.0000     0.0307     0.0000     0.5087    34.5380    34.5394    27.2821    27.2832     0.0537      1.633      0.533 0.0000e+00
   1094.934      26279    867.955 -107.00062   16.90050    861.000     5.3023     5.3028   3.371378   3.371523 7.3269e-02    12.3229     4.5927 5.5659e-02          0     4.5927     0.0244     0.5092     0.0000     4.6018     0.0000     0.0450     0.0000     0.5088    34.5380    34.5392    27.2822    27.2831     0.0526      1.599      0.522 0.0000e+00
   1096.775      26324    868.965 -107.00062   16.90050    862.000     5.3014     5.3018   3.371331   3.371480 7.3338e-02    12.3229     4.5926 5.6546e-02          0     4.5926     0.0244     0.5091     0.0000     4.6004     0.0000     0.0519     0.0000     0.5087    34.5379    34.5392    27.2823    27.2832     0.0526      1.599      0.522 0.0000e+00
   1098.364      26362    869.975 -107.00062   16.90050    863.000     5.2999     5.3005   3.371233   3.371414 7.3674e-02    12.3229     4.5926 5.4786e-02          0     4.5926     0.0245     0.5092     0.0000     4.6006     0.0000     0.0382     0.0000     0.5088    34.5379    34.5393    27.2824    27.2835     0.0535      1.628      0.532 0.0000e+00
   1099.308      26384    870.985 -107.00062   16.90050    864.000     5.2985     5.2988   3.371156   3.371316 7.3262e-02    12.3230     4.5926 5.6143e-02          0     4.5926     0.0244     0.5093     0.0000     4.6004     0.0000     0.0489     0.0000     0.5089    34.5379    34.5394    27.2826    27.2838     0.0533      1.621      0.529 0.0000e+00
   1100.038      26402    871.996 -107.00062   16.90050    865.000     5.2980     5.2983   3.371167   3.371306 7.3260e-02    12.3233     4.5922 5.6463e-02          0     4.5922     0.0244     0.5092     0.0000     4.5995     0.0000     0.0514     0.0000     0.5088    34.5380    34.5394    27.2828    27.2838     0.0522      1.589      0.519 0.0000e+00
   1100.689      26418    873.006 -107.00062   16.90050    866.000     5.2965     5.2963   3.371059   3.371160 7.3260e-02    12.3231     4.5924 5.5667e-02          0     4.5924     0.0244     0.5092     0.0000     4.6005     0.0000     0.0454     0.0000     0.5088    34.5379    34.5392    27.2829    27.2840     0.0525      1.596      0.521 0.0000e+00
   1101.306      26432    874.016 -107.00062   16.90050    867.000     5.2917     5.2922   3.370657   3.370817 7.3260e-02    12.3229     4.5926 5.7253e-02          0     4.5926     0.0244     0.5092     0.0000     4.6002     0.0000     0.0570     0.0000     0.5088    34.5377    34.5390    27.2833    27.2843     0.0512      1.558      0.509 0.0000e+00
   1101.962      26448    875.026 -107.00060   16.90048    868.000     5.2871     5.2872   3.370259   3.370374 7.3477e-02    12.3231     4.5924 5.8858e-02          0     4.5924     0.0245     0.5090     0.0000     4.5996     0.0000     0.0694     0.0000     0.5086    34.5373    34.5385    27.2836    27.2845     0.0519      1.578      0.515 0.0000e+00
   1102.699      26466    876.036 -107.00060   16.90048    869.000     5.2812     5.2813   3.369757   3.369875 7.3263e-02    12.3232     4.5923 5.7223e-02          0     4.5923     0.0244     0.5092     0.0000     4.5999     0.0000     0.0568     0.0000     0.5088    34.5371    34.5384    27.2841    27.2850     0.0553      1.682      0.549 0.0000e+00
   1103.585      26487    877.046 -107.00060   16.90048    870.000     5.2778     5.2781   3.369477   3.369610 7.3431e-02    12.3237     4.5917 5.7311e-02          0     4.5917     0.0245     0.5094     0.0000     4.5998     0.0000     0.0579     0.0000     0.5090    34.5369    34.5382    27.2844    27.2853     0.0562      1.708      0.557 0.0000e+00
