data/ctd-cnv/RR1804/Station32_cast53.cnv
* Sea-Bird SBE 9 Data File:
* FileName = C:\CTD\RR1805\Station32_cast53.hex
* Software Version Seasave V 7.26.6.26
* Temperature SN = 4307
* Conductivity SN = 4650
* Number of Bytes Per Scan = 44
* Number of Voltage Words = 5
* Number of Scans Averaged by the Deck Unit = 1
* NMEA Latitude = 17 01.23 N
* NMEA Longitude = 106 58.80 W
* NMEA UTC (Time) = Apr 19 2018 14:16:42
** Ship: Revell
** Station: 32 (P2)
** Operator: Gabrielle
** Cast 53 Tim Transcripts
# nquan = 32
# nvalues = 191                         
# units = specified
# name 0 = timeS: Time, Elapsed [seconds]
# name 1 = scan: Scan Count
# name 2 = prDM: Pressure, Digiquartz [db]
# name 3 = longitude: Longitude [deg]
# name 4 = latitude: Latitude [deg]
# name 5 = depSM: Depth [salt water, m]
# name 6 = t090C: Temperature [ITS-90, deg C]
# name 7 = t190C: Temperature, 2 [ITS-90, deg C]
# name 8 = c0S/m: Conductivity [S/m]
# name 9 = c1S/m: Conductivity, 2 [S/m]
# name 10 = flSP: Fluorescence, Seapoint
# name 11 = CStarAt0: Beam Attenuation, WET Labs C-Star [1/m]
# name 12 = CStarTr0: Beam Transmission, WET Labs C-Star [%]
# name 13 = par: PAR/Irradiance, Biospherical/Licor
# name 14 = modError: Modulo Error Count
# name 15 = v0: Voltage 0
# name 16 = v1: Voltage 1
# name 17 = v2: Voltage 2
# name 18 = v3: Voltage 3
# name 19 = v4: Voltage 4
# name 20 = v5: Voltage 5
# name 21 = v6: Voltage 6
# name 22 = v7: Voltage 7
# name 23 = sbeox0V: Oxygen raw, SBE 43 [V]
# name 24 = sal00: Salinity, Practical [PSU]
# name 25 = sal11: Salinity, Practical, 2 [PSU]
# name 26 = sigma-é00: Density [sigma-theta, kg/m^3]
# name 27 = sigma-é11: Density, 2 [sigma-theta, kg/m^3]
# name 28 = sbeox0Mg/L: Oxygen, SBE 43 [mg/l], WS = 2
# name 29 = sbox0Mm/Kg: Oxygen, SBE 43 [umol/kg], WS = 2
# name 30 = sbeox0PS: Oxygen, SBE 43 [% saturation], WS = 2
# name 31 = flag: flag
# span 0 =     -7.920,    398.230       
# span 1 =       -189,       9559       
# span 2 =     11.066,    202.301       
# span 3 = -106.98012, -106.98008       
# span 4 =   17.02054,   17.02062       
# span 5 =     11.000,    201.000       
# span 6 =    11.8082,    26.8665       
# span 7 =    11.8095,    26.8666       
# span 8 =   3.965497,   5.402800       
# span 9 =   3.965807,   5.403050       
# span 10 = 7.1320e-02, 1.2623e+00      
# span 11 =    12.3350,    12.4449      
# span 12 =     4.4547,     4.5788      
# span 13 = 5.0667e-02, 1.6369e+02      
# span 14 =          0,          0      
# span 15 =     4.4547,     4.5788      
# span 16 =     0.0238,     0.4208      
# span 17 =     0.5091,     2.7950      
# span 18 =     0.0000,     0.0000      
# span 19 =     4.5364,     4.6546      
# span 20 =     0.0000,     0.0000      
# span 21 =     0.0049,     3.5108      
# span 22 =     0.0000,     0.0000      
# span 23 =     0.5083,     2.7950      
# span 24 =    34.2114,    34.8008      
# span 25 =    34.2103,    34.8014      
# span 26 =    22.2180,    26.4402      
# span 27 =    22.2195,    26.4413      
# span 28 =     0.0388,     6.7662      
# span 29 =      1.183,    206.734      
# span 30 =      0.448,    100.754      
# span 31 = 0.0000e+00, 0.0000e+00      
# interval = meters: 1                  
# start_time = Apr 19 2018 14:16:47 [System UTC, first data scan.]
# bad_flag = -9.990e-29
*END*
[from data line 182]
    384.096       9219    194.245 -106.98008   17.02056    193.000    11.9277    11.9276   3.976841   3.976978 7.2270e-02    12.3433     4.5692 5.0671e-02          0     4.5692     0.0241     0.5094     0.0000     4.6536     0.0000     0.0049     0.0000     0.5086    34.7578    34.7593    26.4196    26.4207     0.0395      1.203      0.455 0.0000e+00
    384.909       9239    195.252 -106.98008   17.02056    194.000    11.9054    11.9053   3.974621   3.974741 7.2656e-02    12.3433     4.5693 5.0671e-02          0     4.5693     0.0242     0.5093     0.0000     4.6415     0.0000     0.0049     0.0000     0.5085    34.7565    34.7577    26.4228    26.4238     0.0398      1.213      0.459 0.0000e+00
    385.626       9256    196.259 -106.98008   17.02056    195.000    11.8867    11.8869   3.972713   3.972871 7.1320e-02    12.3433     4.5692 5.0671e-02          0     4.5692     0.0238     0.5093     0.0000     4.6355     0.0000     0.0049     0.0000     0.5085    34.7549    34.7562    26.4251    26.4261     0.0403      1.227      0.464 0.0000e+00
    386.347       9273    197.266 -106.98008   17.02056    196.000    11.8672    11.8671   3.970672   3.970796 7.2838e-02    12.3430     4.5696 5.0671e-02          0     4.5696     0.0243     0.5093     0.0000     4.6060     0.0000     0.0049     0.0000     0.5085    34.7527    34.7540    26.4271    26.4281     0.0403      1.227      0.464 0.0000e+00
    387.247       9295    198.273 -106.98008   17.02056    197.000    11.8486    11.8482   3.968828   3.968925 7.2078e-02    12.3432     4.5693 5.0671e-02          0     4.5693     0.0240     0.5094     0.0000     4.6481     0.0000     0.0049     0.0000     0.5086    34.7516    34.7529    26.4298    26.4309     0.0402      1.223      0.462 0.0000e+00
    388.880       9334    199.280 -106.98008   17.02056    198.000    11.8235    11.8232   3.966595   3.966604 7.1424e-02    12.3427     4.5698 5.0671e-02          0     4.5698     0.0238     0.5092     0.0000     4.6521     0.0000     0.0049     0.0000     0.5084    34.7527    34.7531    26.4354    26.4358     0.0389      1.185      0.448 0.0000e+00
    392.266       9415    200.287 -106.98008   17.02056    199.000    11.8407    11.8415   3.968366   3.968639 7.2206e-02    12.3431     4.5694 5.0671e-02          0     4.5694     0.0241     0.5091     0.0000     4.6520     0.0000     0.0049     0.0000     0.5084    34.7535    34.7555    26.4328    26.4342     0.0394      1.200      0.454 0.0000e+00
    396.572       9519    201.294 -106.98008   17.02056    200.000    11.8318    11.8223   3.967617   3.966796 7.1803e-02    12.3426     4.5700 5.0671e-02          0     4.5700     0.0239     0.5092     0.0000     4.6085     0.0000     0.0049     0.0000     0.5084    34.7541    34.7550    26.4350    26.4375     0.0392      1.193      0.451 0.0000e+00
    398.230       9559    202.301 -106.98008   17.02056    201.000    11.8082    11.8095   3.965497   3.965807 7.2690e-02    12.3426     4.5700 5.0671e-02          0     4.5700     0.0242     0.5091     0.0000     4.6262     0.0000     0.0049     0.0000     0.5083    34.7550    34.7568    26.4402    26.4413     0.0394      1.199      0.453 0.0000e+00
