data/ctd-cnv/RR1804/Station32_cast50.cnv
* Sea-Bird SBE 9 Data File:
* FileName = C:\CTD\RR1805\Station32_cast50.hex
* Software Version Seasave V 7.26.6.26
* Temperature SN = 4307
* Conductivity SN = 4650
* Number of Bytes Per Scan = 44
* Number of Voltage Words = 5
* Number of Scans Averaged by the Deck Unit = 1
* NMEA Latitude = 17 00.76 N
* NMEA Longitude = 106 58.83 W
* NMEA UTC (Time) = Apr 19 2018 02:15:57
** Ship: Revell
** Station: 32 (P2)
** Operator: Clara
** cast50
# nquan = 32
# nvalues = 501                         
# units = specified
# name 0 = timeS: Time, Elapsed [seconds]
# name 1 = scan: Scan Count
# name 2 = prDM: Pressure, Digiquartz [db]
# name 3 = longitude: Longitude [deg]
# name 4 = latitude: Latitude [deg]
# name 5 = depSM: Depth [salt water, m]
# name 6 = t090C: Temperature [ITS-90, deg C]
# name 7 = t190C: Temperature, 2 [ITS-90, deg C]
# name 8 = c0S/m: Conductivity [S/m]
# name 9 = c1S/m: Conductivity, 2 [S/m]
# name 10 = flSP: Fluorescence, Seapoint
# name 11 = CStarAt0: Beam Attenuation, WET Labs C-Star [1/m]
# name 12 = CStarTr0: Beam Transmission, WET Labs C-Star [%]
# name 13 = par: PAR/Irradiance, Biospherical/Licor
# name 14 = modError: Modulo Error Count
# name 15 = v0: Voltage 0
# name 16 = v1: Voltage 1
# name 17 = v2: Voltage 2
# name 18 = v3: Voltage 3
# name 19 = v4: Voltage 4
# name 20 = v5: Voltage 5
# name 21 = v6: Voltage 6
# name 22 = v7: Voltage 7
# name 23 = sbeox0V: Oxygen raw, SBE 43 [V]
# name 24 = sal00: Salinity, Practical [PSU]
# name 25 = sal11: Salinity, Practical, 2 [PSU]
# name 26 = sigma-é00: Density [sigma-theta, kg/m^3]
# name 27 = sigma-é11: Density, 2 [sigma-theta, kg/m^3]
# name 28 = sbeox0Mg/L: Oxygen, SBE 43 [mg/l], WS = 2
# name 29 = sbox0Mm/Kg: Oxygen, SBE 43 [umol/kg], WS = 2
# name 30 = sbeox0PS: Oxygen, SBE 43 [% saturation], WS = 2
# name 31 = flag: flag
# span 0 =     62.166,    909.947       
# span 1 =       1493,      21840       
# span 2 =      1.006,    504.610       
# span 3 = -106.98058, -106.98054       
# span 4 =   17.01264,   17.01270       
# span 5 =      1.000,    501.000       
# span 6 =     7.6849,    27.1491       
# span 7 =     7.6807,    27.1465       
# span 8 =   3.572944,   5.429910       
# span 9 =   3.572720,   9.081419       
# span 10 = 7.0582e-02, 1.6369e+00      
# span 11 =    11.5390,    18.3581      
# span 12 =     2.8251,     4.7475      
# span 13 = 1.8564e-02, 2.7327e-01      
# span 14 =          0,          0      
# span 15 =     2.8251,     4.7475      
# span 16 =     0.0235,     0.5456      
# span 17 =     0.5066,     2.8383      
# span 18 = -2.045e-07,     0.0000      
# span 19 =     1.6930,     4.7023      
# span 20 =     0.0000,     0.0000      
# span 21 =    -0.0693,     0.5230      
# span 22 =     0.0000,     0.0000      
# span 23 =     0.5060,     2.8383      
# span 24 =    33.9202,    34.8074      
# span 25 =    25.0860,   108.4164      
# span 26 =    21.8672,    26.9752      
# span 27 =    12.5503,    96.4421      
# span 28 =     0.0337,     6.8672      
# span 29 =      1.025,    209.819      
# span 30 =      0.354,    102.563      
# span 31 = 0.0000e+00, 0.0000e+00      
# interval = meters: 1                  
# start_time = Apr 19 2018 02:16:02 [System UTC, first data scan.]
# bad_flag = -9.990e-29
*END*
[from data line 46]
    290.970       6984     47.286 -106.98056   17.01270     47.000    21.5673    21.5652   4.864263   4.863842 1.5133e+00    12.4600     4.4379 5.0671e-02          0     4.4379     0.5045     2.4059     0.0000     4.5562     0.0000     0.0049     0.0000     2.4058    34.2902    34.2886    23.8012    23.8005     6.1042    186.325     84.563 0.0000e+00
    293.741       7051     48.293 -106.98056   17.01269     48.000    21.5311    21.5143   4.860463   4.858617 1.6369e+00    12.4563     4.4420 5.0669e-02          0     4.4420     0.5456     2.4033     0.0000     4.5599     0.0000     0.0049     0.0000     2.4033    34.2887    34.2875    23.8100    23.8137     5.9989    183.110     83.050 0.0000e+00
    296.197       7110     49.299 -106.98056   17.01268     49.000    21.3625    21.3610   4.841991   4.841658 1.4442e+00    12.4502     4.4488 5.0671e-02          0     4.4488     0.4814     2.3315     0.0000     4.5638     0.0000     0.0049     0.0000     2.3315    34.2764    34.2749    23.8470    23.8462     5.6927    173.755     78.567 0.0000e+00
    297.348       7137     50.305 -106.98056   17.01268     50.000    21.1906    21.1877   4.823803   4.823313 1.4108e+00    12.4444     4.4552 5.0671e-02          0     4.4552     0.4703     2.2954     0.0000     4.5658     0.0000     0.0049     0.0000     2.2953    34.2688    34.2672    23.8882    23.8878     5.6620    172.811     77.898 0.0000e+00
    298.983       7177     51.311 -106.98056   17.01268     51.000    21.0533    21.0494   4.809298   4.808735 1.4889e+00    12.4375     4.4628 5.0671e-02          0     4.4628     0.4963     2.2727     0.0000     4.5688     0.0000     0.0049     0.0000     2.2726    34.2628    34.2614    23.9210    23.9209     5.6676    172.978     77.780 0.0000e+00
    302.763       7267     52.317 -106.98056   17.01268     52.000    20.9120    20.9186   4.794718   4.795273 1.5053e+00    12.4246     4.4773 5.0671e-02          0     4.4773     0.5018     2.3186     0.0000     4.5738     0.0000     0.0049     0.0000     2.3185    34.2591    34.2583    23.9565    23.9541     5.9545    181.727     81.506 0.0000e+00
    305.386       7330     53.324 -106.98054   17.01268     53.000    20.7175    20.7179   4.773786   4.773695 1.0771e+00    12.4138     4.4894 5.0671e-02          0     4.4894     0.3590     2.4005     0.0000     4.5778     0.0000     0.0049     0.0000     2.4004    34.2472    34.2461    23.9998    23.9988     6.2160    189.699     84.781 0.0000e+00
    306.486       7357     54.330 -106.98055   17.01268     54.000    20.5630    20.5611   4.757773   4.757391 1.0373e+00    12.4091     4.4947 5.0671e-02          0     4.4947     0.3458     2.4003     0.0000     4.5794     0.0000     0.0049     0.0000     2.4002    34.2424    34.2408    24.0375    24.0369     6.0836    185.653     82.741 0.0000e+00
    307.577       7383     55.336 -106.98056   17.01268     55.000    20.3759    20.3609   4.738321   4.736590 9.8564e-01    12.4076     4.4964 5.0671e-02          0     4.4964     0.3285     2.3633     0.0000     4.5811     0.0000     0.0049     0.0000     2.3633    34.2360    34.2341    24.0825    24.0850     5.9050    180.195     80.037 0.0000e+00
    308.977       7416     56.342 -106.98056   17.01268     56.000    20.2198    20.2208   4.723209   4.723028 1.0640e+00    12.4046     4.4997 5.0671e-02          0     4.4997     0.3546     2.3047     0.0000     4.5830     0.0000     0.0049     0.0000     2.3046    34.2395    34.2372    24.1265    24.1246     5.7675    175.992     77.952 0.0000e+00
    312.737       7507     57.349 -106.98055   17.01268     57.000    20.2661    20.3032   4.728717   4.732359 1.1224e+00    12.4048     4.4995 5.0671e-02          0     4.4995     0.3741     2.2808     0.0000     4.5876     0.0000     0.0049     0.0000     2.2807    34.2463    34.2458    24.1196    24.1093     5.7573    175.679     77.883 0.0000e+00
    314.650       7553     58.355 -106.98056   17.01268     58.000    20.1055    20.1048   4.713827   4.713587 9.5863e-01    12.4007     4.5041 5.0671e-02          0     4.5041     0.3195     2.1849     0.0000     4.5898     0.0000     0.0049     0.0000     2.1847    34.2552    34.2539    24.1688    24.1680     5.2020    158.730     70.168 0.0000e+00
    315.821       7581     59.361 -106.98056   17.01268     59.000    20.0357    20.0333   4.710257   4.709868 9.5382e-01    12.3994     4.5056 5.0671e-02          0     4.5056     0.3179     2.0753     0.0000     4.5909     0.0000     0.0049     0.0000     2.0751    34.2826    34.2814    24.2081    24.2078     4.8166    146.964     64.897 0.0000e+00
    317.866       7630     60.368 -106.98055   17.01268     60.000    19.9667    19.9568   4.704647   4.703760 1.1389e+00    12.3958     4.5096 5.0704e-02          0     4.5096     0.3796     1.9849     0.0000     3.8324     0.0000     0.0052     0.0000     1.9846    34.2926    34.2935    24.2339    24.2371     4.7108    143.731     63.394 0.0000e+00
    320.918       7703     61.374 -106.98054   17.01268     61.000    19.8610    19.8914   4.697669   4.699325 1.1148e+00    12.3889     4.5175 5.0666e-02          0     4.5175     0.3716     1.8488     0.0000     4.6463     0.0000     0.0049     0.0000     1.8485    34.3215    34.3102    24.2836    24.2670     4.2156    128.615     56.629 0.0000e+00
    322.866       7750     62.380 -106.98056   17.01268     62.000    19.7240    19.7190   4.685090   4.684538 9.8880e-01    12.3861     4.5206 5.0671e-02          0     4.5206     0.3296     1.7559     0.0000     4.5959     0.0000     0.0049     0.0000     1.7556    34.3301    34.3296    24.3259    24.3269     3.9430    120.294     52.838 0.0000e+00
    324.716       7794     63.386 -106.98056   17.01268     63.000    19.5343    19.5303   4.667446   4.666881 8.2450e-01    12.3848     4.5220 5.0671e-02          0     4.5220     0.2748     1.6609     0.0000     4.5979     0.0000     0.0049     0.0000     1.6605    34.3402    34.3388    24.3829    24.3828     3.5693    108.889     47.667 0.0000e+00
    326.136       7828     64.393 -106.98056   17.01268     64.000    19.2722    19.2627   4.642964   4.641952 7.6606e-01    12.3788     4.5288 5.0671e-02          0     4.5288     0.2554     1.5504     0.0000     4.6000     0.0000     0.0049     0.0000     1.5500    34.3532    34.3526    24.4603    24.4623     3.1246     95.313     41.531 0.0000e+00
    327.806       7868     65.399 -106.98056   17.01268     65.000    19.0489    19.0466   4.624794   4.624462 7.7453e-01    12.3759     4.5322 5.0671e-02          0     4.5322     0.2582     1.3972     0.0000     4.6020     0.0000     0.0049     0.0000     1.3968    34.3865    34.3856    24.5428    24.5427     2.6060     79.489     34.501 0.0000e+00
    329.893       7918     66.405 -106.98056   17.01268     66.000    18.9950    18.9952   4.624249   4.624111 7.3613e-01    12.3756     4.5325 5.0671e-02          0     4.5325     0.2454     1.2475     0.0000     4.6033     0.0000     0.0049     0.0000     1.2470    34.4263    34.4249    24.5870    24.5859     2.2855     69.708     30.232 0.0000e+00
    333.217       7998     67.412 -106.98054   17.01268     67.000    18.9751    18.9751   4.623714   4.623567 8.4671e-01    12.3731     4.5354 5.0671e-02          0     4.5354     0.2822     1.1655     0.0000     4.6050     0.0000     0.0049     0.0000     1.1650    34.4380    34.4368    24.6010    24.6001     2.1965     66.992     29.046 0.0000e+00
    335.184       8045     68.418 -106.98054   17.01266     68.000    18.5899    18.5729   4.581809   4.579826 6.1349e-01    12.3719     4.5367 5.0671e-02          0     4.5367     0.2045     1.1697     0.0000     4.6066     0.0000     0.0049     0.0000     1.1692    34.4071    34.4046    24.6744    24.6768     2.3250     70.907     30.518 0.0000e+00
    336.538       8078     69.424 -106.98056   17.01267     69.000    18.1966    18.1846   4.539869   4.538239 5.9265e-01    12.3663     4.5429 5.0671e-02          0     4.5429     0.1976     1.2015     0.0000     4.6089     0.0000     0.0049     0.0000     1.2010    34.3817    34.3779    24.7530    24.7530     2.5039     76.356     32.619 0.0000e+00
    338.271       8119     70.431 -106.98056   17.01268     70.000    17.9750    17.9685   4.515431   4.514480 6.3193e-01    12.3723     4.5363 5.0671e-02          0     4.5363     0.2106     1.2191     0.0000     4.6097     0.0000     0.0049     0.0000     1.2185    34.3598    34.3571    24.7908    24.7904     2.3057     70.312     29.913 0.0000e+00
    340.389       8170     71.437 -106.98056   17.01268     71.000    17.9164    17.9160   4.518966   4.518823 6.4492e-01    12.3634     4.5464 5.0671e-02          0     4.5464     0.2150     1.0668     0.0000     4.6115     0.0000     0.0049     0.0000     1.0661    34.4389    34.4381    24.8658    24.8653     1.6135     49.199     20.917 0.0000e+00
    342.754       8227     72.443 -106.98056   17.01268     72.000    17.6098    17.5928   4.491548   4.489906 5.7086e-01    12.3610     4.5491 5.0671e-02          0     4.5491     0.1903     0.9428     0.0000     4.6135     0.0000     0.0049     0.0000     0.9422    34.4632    34.4635    24.9590    24.9633     1.3494     41.142     17.395 0.0000e+00
    344.776       8276     73.449 -106.98054   17.01268     73.000    17.2044    17.2012   4.451590   4.451088 5.2329e-01    12.3569     4.5537 5.0671e-02          0     4.5537     0.1744     0.9036     0.0000     4.6153     0.0000     0.0049     0.0000     0.9029    34.4630    34.4614    25.0564    25.0559     1.3505     41.173     17.275 0.0000e+00
    347.077       8331     74.456 -106.98054   17.01267     74.000    17.0598    17.0592   4.436193   4.436016 4.7411e-01    12.3552     4.5557 5.0671e-02          0     4.5557     0.1580     0.8992     0.0000     4.6168     0.0000     0.0049     0.0000     0.8985    34.4526    34.4515    25.0828    25.0821     1.4271     43.505     18.201 0.0000e+00
    348.796       8372     75.462 -106.98054   17.01266     75.000    16.9182    16.9171   4.420226   4.419925 4.2102e-01    12.3541     4.5569 5.0671e-02          0     4.5569     0.1404     0.9181     0.0000     4.6189     0.0000     0.0049     0.0000     0.9174    34.4344    34.4327    25.1024    25.1013     1.4930     45.515     18.989 0.0000e+00
    350.921       8423     76.469 -106.98055   17.01267     76.000    16.9060    16.9055   4.419471   4.419249 4.9431e-01    12.3535     4.5576 5.0671e-02          0     4.5576     0.1648     0.9215     0.0000     4.6201     0.0000     0.0049     0.0000     0.9208    34.4379    34.4364    25.1080    25.1070     1.4593     44.487     18.556 0.0000e+00
    353.051       8474     77.475 -106.98056   17.01268     77.000    16.8695    16.8675   4.416525   4.416171 3.9530e-01    12.3529     4.5582 5.0741e-02          0     4.5582     0.1318     0.9141     0.0000     3.4314     0.0000     0.0055     0.0000     0.9134    34.4431    34.4417    25.1206    25.1200     1.4540     44.326     18.477 0.0000e+00
    354.263       8503     78.481 -106.98056   17.01268     78.000    16.7667    16.7624   4.404748   4.403917 3.9394e-01    12.3528     4.5584 5.0672e-02          0     4.5584     0.1313     0.9274     0.0000     4.5961     0.0000     0.0049     0.0000     0.9268    34.4279    34.4244    25.1332    25.1314     1.5886     48.426     20.144 0.0000e+00
    356.216       8550     79.488 -106.98056   17.01268     79.000    16.6500    16.5949   4.391164   4.384337 4.6897e-01    12.3526     4.5586 5.0671e-02          0     4.5586     0.1563     0.9553     0.0000     4.6232     0.0000     0.0049     0.0000     0.9546    34.4088    34.3962    25.1458    25.1490     1.6360     49.871     20.696 0.0000e+00
    359.199       8622     80.494 -106.98056   17.01267     80.000    16.5378    16.5092   4.377650   4.374129 4.5063e-01    12.3515     4.5599 5.0671e-02          0     4.5599     0.1502     0.9823     0.0000     4.6244     0.0000     0.0049     0.0000     0.9817    34.3862    34.3799    25.1546    25.1564     1.7829     54.349     22.502 0.0000e+00
    361.742       8683     81.500 -106.98056   17.01266     81.000    16.4292    16.4296   4.364781   4.364641 4.8184e-01    12.3522     4.5591 5.0671e-02          0     4.5591     0.1606     1.0170     0.0000     4.6265     0.0000     0.0049     0.0000     1.0164    34.3661    34.3645    25.1644    25.1631     1.8726     57.083     23.582 0.0000e+00
    363.710       8730     82.507 -106.98056   17.01266     82.000    16.3176    16.3152   4.351795   4.351355 3.9143e-01    12.3523     4.5590 5.0671e-02          0     4.5590     0.1305     1.0398     0.0000     4.6279     0.0000     0.0049     0.0000     1.0392    34.3473    34.3454    25.1758    25.1749     1.9874     60.582     24.971 0.0000e+00
    364.878       8758     83.513 -106.98056   17.01266     83.000    16.1113    16.1051   4.329098   4.328176 3.9638e-01    12.3519     4.5594 5.0671e-02          0     4.5594     0.1321     1.0580     0.0000     4.6289     0.0000     0.0049     0.0000     1.0574    34.3241    34.3213    25.2053    25.2045     2.0215     61.620     25.294 0.0000e+00
    366.090       8787     84.520 -106.98056   17.01266     84.000    15.9354    15.9341   4.312749   4.312521 4.1328e-01    12.3522     4.5591 5.0671e-02          0     4.5591     0.1378     1.0542     0.0000     4.6297     0.0000     0.0049     0.0000     1.0536    34.3306    34.3298    25.2504    25.2500     1.9208     58.547     23.953 0.0000e+00
    368.623       8848     85.526 -106.98056   17.01266     85.000    15.9590    15.9060   4.317027   4.312572 4.8100e-01    12.3503     4.5613 5.0671e-02          0     4.5613     0.1603     1.0307     0.0000     4.6306     0.0000     0.0049     0.0000     1.0301    34.3479    34.3542    25.2584    25.2752     1.7980     54.804     22.434 0.0000e+00
    371.195       8910     86.532 -106.98056   17.01266     86.000    15.7454    15.7418   4.304987   4.304668 3.6654e-01    12.3499     4.5617 5.0671e-02          0     4.5617     0.1222     0.9300     0.0000     4.6323     0.0000     0.0049     0.0000     0.9294    34.4258    34.4261    25.3667    25.3677     1.1989     36.539     14.904 0.0000e+00
    373.197       8958     87.539 -106.98056   17.01266     87.000    15.7422    15.7420   4.310360   4.310497 3.7382e-01    12.3484     4.5634 5.0671e-02          0     4.5634     0.1246     0.8372     0.0000     4.6332     0.0000     0.0049     0.0000     0.8365    34.4762    34.4776    25.4062    25.4073     1.0556     32.172     13.126 0.0000e+00
    376.555       9038     88.545 -106.98056   17.01266     88.000    15.7453    15.7460   4.313490   4.313809 3.7872e-01    12.3478     4.5641 5.0671e-02          0     4.5641     0.1262     0.7722     0.0000     4.6334     0.0000     0.0049     0.0000     0.7714    34.5011    34.5033    25.4247    25.4263     0.8221     25.055     10.224 0.0000e+00
    378.181       9077     89.552 -106.98056   17.01266     89.000    15.8098    15.8132   4.327858   4.328307 2.7379e-01    12.3451     4.5672 5.0671e-02          0     4.5672     0.0913     0.6990     0.0000     4.6337     0.0000     0.0049     0.0000     0.6983    34.5728    34.5738    25.4654    25.4654     0.4378     13.341      5.453 0.0000e+00
    379.312       9104     90.558 -106.98056   17.01266     90.000    15.8943    15.8955   4.341179   4.341276 2.5654e-01    12.3429     4.5697 5.0671e-02          0     4.5697     0.0855     0.6437     0.0000     4.6344     0.0000     0.0049     0.0000     0.6429    34.6175    34.6173    25.4807    25.4802     0.2973      9.061      3.711 0.0000e+00
