data/ctd-cnv/RR1804/Station32_cast49.cnv
* Sea-Bird SBE 9 Data File:
* FileName = C:\CTD\RR1805\Station32_cast49.hex
* Software Version Seasave V 7.26.6.26
* Temperature SN = 4307
* Conductivity SN = 4650
* Number of Bytes Per Scan = 44
* Number of Voltage Words = 5
* Number of Scans Averaged by the Deck Unit = 1
* NMEA Latitude = 16 59.75 N
* NMEA Longitude = 107 03.26 W
* NMEA UTC (Time) = Apr 18 2018 22:05:25
** Ship: Revell
** Station: 32 (P2)
** Operator: Clara
** cast 49
# nquan = 32
# nvalues = 202                         
# units = specified
# name 0 = timeS: Time, Elapsed [seconds]
# name 1 = scan: Scan Count
# name 2 = prDM: Pressure, Digiquartz [db]
# name 3 = longitude: Longitude [deg]
# name 4 = latitude: Latitude [deg]
# name 5 = depSMignore: Depth [salt water, m]
# name 6 = t090C: Temperature [ITS-90, deg C]
# name 7 = t190C: Temperature, 2 [ITS-90, deg C]
# name 8 = c0S/m: Conductivity [S/m]
# name 9 = c1S/m: Conductivity, 2 [S/m]
# name 10 = flSP: Fluorescence, Seapoint
# name 11 = CStarAt0: Beam Attenuation, WET Labs C-Star [1/m]
# name 12 = CStarTr0: Beam Transmission, WET Labs C-Star [%]
# name 13 = par: PAR/Irradiance, Biospherical/Licor
# name 14 = modError: Modulo Error Count
# name 15 = v0: Voltage 0
# name 16 = v1: Voltage 1
# name 17 = v2: Voltage 2
# name 18 = v3: Voltage 3
# name 19 = v4: Voltage 4
# name 20 = v5: Voltage 5
# name 21 = v6: Voltage 6
# name 22 = v7: Voltage 7
# name 23 = sbeox0V: Oxygen raw, SBE 43 [V]
# name 24 = sal00: Salinity, Practical [PSU]
# name 25 = sal11: Salinity, Practical, 2 [PSU]
# name 26 = sigma-é00: Density [sigma-theta, kg/m^3]
# name 27 = sigma-é11: Density, 2 [sigma-theta, kg/m^3]
# name 28 = sbeox0Mg/L: Oxygen, SBE 43 [mg/l], WS = 2
# name 29 = sbox0Mm/Kg: Oxygen, SBE 43 [umol/kg], WS = 2
# name 30 = sbeox0PS: Oxygen, SBE 43 [% saturation], WS = 2
# name 31 = flag: flag
# span 0 =     40.630,    656.692       
# span 1 =        976,      15762       
# span 2 =      1.006,    203.308       
# span 3 = -107.05448, -107.05444       
# span 4 =   16.99588,   16.99596       
# span 5 =      1.000,    202.000       
# span 6 =    11.9079,    27.2191       
# span 7 =    11.9045,    27.2221       
# span 8 =   3.976519,   5.442950       
# span 9 =   3.976387,   5.662647       
# span 10 = 6.0893e-02, 1.3422e+00      
# span 11 =    11.4185,    14.8409      
# span 12 =     4.1023,     4.6662      
# span 13 = 5.0662e-02, 5.7508e+02      
# span 14 =          0,          0      
# span 15 =     4.1023,     4.6662      
# span 16 =     0.0203,     0.4474      
# span 17 =     0.5074,     2.8850      
# span 18 =     0.0000,     0.0000      
# span 19 =     0.3366,     5.0539      
# span 20 =     0.0000,     0.0000      
# span 21 =     0.0048,     3.8346      
# span 22 =     0.0000,     0.0000      
# span 23 =     0.5066,     2.8850      
# span 24 =    34.1653,    34.8019      
# span 25 =    34.1592,    35.8830      
# span 26 =    22.0709,    26.4324      
# span 27 =    22.0699,    26.4345      
# span 28 =     0.0309,     6.9608      
# span 29 =      0.941,    212.638      
# span 30 =      0.356,    104.200      
# span 31 = 0.0000e+00, 0.0000e+00      
# interval = meters: 1                  
# start_time = Apr 18 2018 22:05:30 [System UTC, first data scan.]
# bad_flag = -9.990e-29
*END*
[from data line 91]
    400.392       9610     92.571 -107.05446   16.99590     92.000    15.8061    15.7848   4.329696   4.327405 3.2759e-01    12.3451     4.5672 1.5218e+00          0     4.5672     0.1092     0.6150     0.0000     4.6191     0.0000     1.4792     0.0000     0.6141    34.5913    34.5895    25.4805    25.4839     0.3896     11.873      4.855 0.0000e+00
    401.416       9635     93.577 -107.05444   16.99590     93.000    15.4097    15.4001   4.294119   4.293158 2.4158e-01    12.3435     4.5690 1.4328e+00          0     4.5690     0.0805     0.5984     0.0000     4.6190     0.0000     1.4529     0.0000     0.5975    34.6196    34.6194    25.5912    25.5931     0.2458      7.489      3.040 0.0000e+00
    402.380       9658     94.583 -107.05444   16.99590     94.000    15.1304    15.1277   4.270100   4.269641 2.1027e-01    12.3405     4.5724 1.3512e+00          0     4.5724     0.0701     0.5792     0.0000     4.6206     0.0000     1.4275     0.0000     0.5783    34.6486    34.6467    25.6755    25.6746     0.2002      6.100      2.462 0.0000e+00
    403.383       9682     95.590 -107.05444   16.99590     95.000    15.0720    15.0714   4.264414   4.264186 2.0777e-01    12.3424     4.5702 1.2806e+00          0     4.5702     0.0693     0.5677     0.0000     4.6218     0.0000     1.4042     0.0000     0.5668    34.6482    34.6466    25.6880    25.6870     0.1990      6.062      2.444 0.0000e+00
    405.037       9722     96.596 -107.05444   16.99590     96.000    15.0476    15.0471   4.262242   4.262012 2.4018e-01    12.3388     4.5743 1.2271e+00          0     4.5743     0.0801     0.5598     0.0000     4.6232     0.0000     1.3857     0.0000     0.5589    34.6497    34.6480    25.6946    25.6934     0.1995      6.078      2.449 0.0000e+00
    407.936       9791     97.603 -107.05445   16.99590     97.000    15.0173    15.0195   4.259464   4.259584 2.4022e-01    12.3378     4.5755 1.1786e+00          0     4.5755     0.0801     0.5548     0.0000     4.6242     0.0000     1.3682     0.0000     0.5538    34.6509    34.6501    25.7022    25.7011     0.1941      5.913      2.381 0.0000e+00
    409.520       9829     98.609 -107.05446   16.99590     98.000    14.8685    14.8637   4.245708   4.245256 2.0160e-01    12.3376     4.5758 1.0946e+00          0     4.5758     0.0672     0.5511     0.0000     4.6046     0.0000     1.3360     0.0000     0.5501    34.6573    34.6575    25.7396    25.7408     0.1679      5.114      2.054 0.0000e+00
    413.199       9918     99.616 -107.05445   16.99589     99.000    14.8231    14.8096   4.242153   4.240678 2.2375e-01    12.3390     4.5741 1.0083e+00          0     4.5741     0.0746     0.5463     0.0000     4.6028     0.0000     1.3005     0.0000     0.5454    34.6647    34.6633    25.7553    25.7571     0.1679      5.115      2.052 0.0000e+00
    416.514       9997    100.622 -107.05444   16.99588    100.000    14.6722    14.6739   4.229012   4.229102 1.7968e-01    12.3361     4.5774 9.6472e-01          0     4.5774     0.0599     0.5414     0.0000     4.6069     0.0000     1.2813     0.0000     0.5405    34.6785    34.6778    25.7987    25.7978     0.1191      3.630      1.452 0.0000e+00
    417.378      10018    101.629 -107.05444   16.99588    101.000    14.5655    14.5649   4.220800   4.220647 1.5044e-01    12.3342     4.5796 9.1389e-01          0     4.5796     0.0501     0.5345     0.0000     4.6107     0.0000     1.2577     0.0000     0.5335    34.6981    34.6973    25.8368    25.8363     0.0838      2.554      1.020 0.0000e+00
    418.143      10036    102.635 -107.05444   16.99590    102.000    14.4741    14.4741   4.214179   4.214135 1.5794e-01    12.3343     4.5795 8.6852e-01          0     4.5795     0.0526     0.5285     0.0000     4.6101     0.0000     1.2357     0.0000     0.5275    34.7186    34.7182    25.8723    25.8720     0.0673      2.050      0.817 0.0000e+00
    418.842      10053    103.642 -107.05444   16.99590    103.000    14.4611    14.4614   4.214100   4.214080 2.1335e-01    12.3379     4.5754 8.2174e-01          0     4.5754     0.0711     0.5243     0.0000     4.6102     0.0000     1.2116     0.0000     0.5234    34.7291    34.7287    25.8832    25.8828     0.0613      1.868      0.744 0.0000e+00
    419.748      10075    104.648 -107.05444   16.99590    104.000    14.4223    14.4198   4.212396   4.212171 3.7088e-01    12.3519     4.5594 7.7158e-01          0     4.5594     0.1236     0.5206     0.0000     4.6109     0.0000     1.1842     0.0000     0.5197    34.7478    34.7480    25.9060    25.9066     0.0586      1.784      0.710 0.0000e+00
    421.210      10110    105.655 -107.05444   16.99588    105.000    14.2788    14.2755   4.199001   4.198667 5.4251e-01    12.3582     4.5522 7.2108e-01          0     4.5522     0.1808     0.5176     0.0000     4.6114     0.0000     1.1549     0.0000     0.5167    34.7526    34.7525    25.9402    25.9409     0.0583      1.776      0.705 0.0000e+00
    422.679      10145    106.661 -107.05444   16.99588    106.000    14.2308    14.2304   4.194693   4.194631 5.3112e-01    12.3601     4.5501 6.7396e-01          0     4.5501     0.1770     0.5158     0.0000     4.6120     0.0000     1.1255     0.0000     0.5148    34.7555    34.7553    25.9527    25.9527     0.0558      1.699      0.674 0.0000e+00
    423.965      10176    107.668 -107.05445   16.99589    107.000    14.1788    14.1778   4.189999   4.189891 5.7037e-01    12.3646     4.5450 6.1600e-01          0     4.5450     0.1901     0.5152     0.0000     4.6128     0.0000     1.0864     0.0000     0.5142    34.7584    34.7583    25.9660    25.9662     0.0561      1.709      0.677 0.0000e+00
    425.320      10209    108.674 -107.05446   16.99590    108.000    14.1460    14.1459   4.187243   4.187211 6.0387e-01    12.3673     4.5419 5.5745e-01          0     4.5419     0.2013     0.5143     0.0000     4.6135     0.0000     1.0430     0.0000     0.5134    34.7620    34.7618    25.9758    25.9756     0.0529      1.612      0.638 0.0000e+00
    426.742      10243    109.681 -107.05446   16.99590    109.000    14.1170    14.1169   4.184672   4.184641 6.1390e-01    12.3681     4.5411 5.0459e-01          0     4.5411     0.2046     0.5140     0.0000     4.6142     0.0000     0.9998     0.0000     0.5131    34.7639    34.7637    25.9833    25.9832     0.0534      1.627      0.644 0.0000e+00
    428.127      10276    110.687 -107.05444   16.99590    110.000    14.0798    14.0798   4.181436   4.181427 6.0411e-01    12.3678     4.5413 4.5707e-01          0     4.5413     0.2014     0.5135     0.0000     4.6152     0.0000     0.9569     0.0000     0.5126    34.7670    34.7669    25.9936    25.9935     0.0504      1.534      0.607 0.0000e+00
    429.262      10303    111.694 -107.05444   16.99588    111.000    14.0474    14.0476   4.178525   4.178530 5.6216e-01    12.3646     4.5450 4.1831e-01          0     4.5450     0.1874     0.5132     0.0000     4.6154     0.0000     0.9185     0.0000     0.5123    34.7688    34.7687    26.0018    26.0017     0.0515      1.569      0.620 0.0000e+00
    430.193      10326    112.700 -107.05444   16.99588    112.000    14.0226    14.0225   4.176329   4.176295 5.3834e-01    12.3642     4.5455 3.8527e-01          0     4.5455     0.1794     0.5132     0.0000     4.6259     0.0000     0.8830     0.0000     0.5123    34.7704    34.7701    26.0083    26.0081     0.0505      1.539      0.608 0.0000e+00
    431.043      10346    113.707 -107.05444   16.99588    113.000    13.9910    13.9912   4.173507   4.173512 5.1961e-01    12.3628     4.5470 3.5301e-01          0     4.5470     0.1732     0.5130     0.0000     4.6422     0.0000     0.8449     0.0000     0.5121    34.7722    34.7721    26.0164    26.0163     0.0498      1.516      0.599 0.0000e+00
    431.891      10366    114.713 -107.05444   16.99588    114.000    13.9743    13.9747   4.172083   4.172108 5.0674e-01    12.3622     4.5477 3.2463e-01          0     4.5477     0.1689     0.5128     0.0000     4.6421     0.0000     0.8085     0.0000     0.5119    34.7736    34.7735    26.0210    26.0208     0.0501      1.525      0.602 0.0000e+00
    432.761      10387    115.720 -107.05444   16.99588    115.000    13.9511    13.9511   4.170056   4.169990 4.8668e-01    12.3619     4.5480 2.9750e-01          0     4.5480     0.1622     0.5129     0.0000     4.6425     0.0000     0.7706     0.0000     0.5120    34.7753    34.7747    26.0272    26.0267     0.0507      1.543      0.609 0.0000e+00
    433.625      10408    116.726 -107.05444   16.99589    116.000    13.8741    13.8736   4.162597   4.162487 4.3588e-01    12.3600     4.5503 2.7300e-01          0     4.5503     0.1453     0.5129     0.0000     4.6423     0.0000     0.7334     0.0000     0.5120    34.7750    34.7745    26.0431    26.0428     0.0504      1.536      0.605 0.0000e+00
    434.476      10428    117.733 -107.05444   16.99590    117.000    13.8357    13.8360   4.158909   4.158907 4.0926e-01    12.3580     4.5524 2.5171e-01          0     4.5524     0.1364     0.5128     0.0000     4.6430     0.0000     0.6982     0.0000     0.5119    34.7749    34.7747    26.0510    26.0508     0.0503      1.532      0.603 0.0000e+00
    435.365      10450    118.739 -107.05444   16.99590    118.000    13.8227    13.8236   4.157753   4.157805 4.0221e-01    12.3571     4.5535 2.3259e-01          0     4.5535     0.1341     0.5127     0.0000     4.6428     0.0000     0.6639     0.0000     0.5118    34.7755    34.7751    26.0542    26.0538     0.0502      1.529      0.602 0.0000e+00
    436.389      10474    119.746 -107.05446   16.99590    119.000    13.7849    13.7841   4.154563   4.154485 3.8305e-01    12.3570     4.5536 2.1196e-01          0     4.5536     0.1277     0.5127     0.0000     4.6427     0.0000     0.6235     0.0000     0.5118    34.7795    34.7795    26.0652    26.0653     0.0501      1.525      0.600 0.0000e+00
    437.664      10505    120.753 -107.05446   16.99590    120.000    13.7063    13.7040   4.147482   4.147314 3.5349e-01    12.3554     4.5555 1.9404e-01          0     4.5555     0.1178     0.5128     0.0000     4.6423     0.0000     0.5853     0.0000     0.5119    34.7842    34.7847    26.0851    26.0860     0.0509      1.552      0.609 0.0000e+00
    438.991      10537    121.759 -107.05446   16.99590    121.000    13.5902    13.5885   4.136524   4.136361 2.8666e-01    12.3532     4.5579 1.7556e-01          0     4.5579     0.0956     0.5127     0.0000     4.6426     0.0000     0.5420     0.0000     0.5118    34.7864    34.7864    26.1109    26.1112     0.0484      1.473      0.577 0.0000e+00
    440.113      10564    122.766 -107.05446   16.99590    122.000    13.5322    13.5317   4.131170   4.131112 2.5448e-01    12.3519     4.5594 1.6215e-01          0     4.5594     0.0848     0.5121     0.0000     4.6247     0.0000     0.5076     0.0000     0.5112    34.7885    34.7884    26.1244    26.1244     0.0491      1.496      0.586 0.0000e+00
    441.145      10588    123.772 -107.05446   16.99590    123.000    13.4559    13.4545   4.123332   4.123115 2.3924e-01    12.3513     4.5600 1.4923e-01          0     4.5600     0.0798     0.5126     0.0000     4.6352     0.0000     0.4716     0.0000     0.5117    34.7837    34.7829    26.1364    26.1361     0.0493      1.501      0.587 0.0000e+00
    442.311      10616    124.779 -107.05446   16.99590    124.000    13.3965    13.3965   4.117683   4.117673 2.2965e-01    12.3510     4.5604 1.4040e-01          0     4.5604     0.0766     0.5121     0.0000     4.6435     0.0000     0.4452     0.0000     0.5112    34.7842    34.7841    26.1490    26.1489     0.0463      1.409      0.550 0.0000e+00
    443.632      10648    125.785 -107.05446   16.99590    125.000    13.3746    13.3752   4.115885   4.116006 2.1682e-01    12.3506     4.5609 1.3447e-01          0     4.5609     0.0723     0.5117     0.0000     4.6443     0.0000     0.4266     0.0000     0.5108    34.7868    34.7874    26.1555    26.1558     0.0459      1.397      0.545 0.0000e+00
    444.781      10676    126.792 -107.05446   16.99590    126.000    13.3690    13.3694   4.116323   4.116474 1.8365e-01    12.3503     4.5613 1.2520e-01          0     4.5613     0.0612     0.5116     0.0000     4.6346     0.0000     0.3956     0.0000     0.5107    34.7956    34.7967    26.1635    26.1642     0.0464      1.414      0.552 0.0000e+00
    445.763      10699    127.799 -107.05446   16.99590    127.000    13.3323    13.3307   4.112954   4.112800 1.6902e-01    12.3494     4.5622 1.2061e-01          0     4.5622     0.0563     0.5116     0.0000     4.6259     0.0000     0.3794     0.0000     0.5107    34.7969    34.7969    26.1720    26.1722     0.0471      1.435      0.560 0.0000e+00
    446.773      10724    128.805 -107.05446   16.99590    128.000    13.2875    13.2875   4.108858   4.108861 1.5427e-01    12.3508     4.5607 1.1215e-01          0     4.5607     0.0514     0.5117     0.0000     4.6312     0.0000     0.3480     0.0000     0.5108    34.7987    34.7987    26.1825    26.1825     0.0464      1.414      0.551 0.0000e+00
    447.877      10750    129.812 -107.05446   16.99590    129.000    13.2570    13.2573   4.106045   4.106101 1.4796e-01    12.3489     4.5629 1.0641e-01          0     4.5629     0.0493     0.5116     0.0000     4.6319     0.0000     0.3252     0.0000     0.5107    34.7995    34.7998    26.1894    26.1895     0.0467      1.422      0.554 0.0000e+00
    448.945      10776    130.818 -107.05446   16.99590    130.000    13.2274    13.2272   4.103347   4.103345 1.3617e-01    12.3484     4.5634 1.0321e-01          0     4.5634     0.0454     0.5116     0.0000     4.6394     0.0000     0.3120     0.0000     0.5107    34.8007    34.8008    26.1962    26.1964     0.0465      1.415      0.551 0.0000e+00
    449.843      10797    131.825 -107.05446   16.99590    131.000    13.2078    13.2082   4.101564   4.101632 1.3076e-01    12.3482     4.5637 9.5195e-02          0     4.5637     0.0436     0.5115     0.0000     4.6410     0.0000     0.2770     0.0000     0.5106    34.8013    34.8015    26.2007    26.2009     0.0466      1.420      0.552 0.0000e+00
    450.622      10816    132.832 -107.05446   16.99591    132.000    13.1942    13.1946   4.100331   4.100398 1.2693e-01    12.3509     4.5606 8.8381e-02          0     4.5606     0.0423     0.5116     0.0000     4.6436     0.0000     0.2447     0.0000     0.5107    34.8016    34.8019    26.2038    26.2039     0.0463      1.409      0.548 0.0000e+00
    451.369      10834    133.838 -107.05446   16.99592    133.000    13.1818    13.1824   4.099201   4.099259 1.2456e-01    12.3481     4.5638 8.3611e-02          0     4.5638     0.0415     0.5114     0.0000     4.6367     0.0000     0.2209     0.0000     0.5105    34.8018    34.8018    26.2065    26.2064     0.0448      1.365      0.530 0.0000e+00
    452.159      10853    134.845 -107.05446   16.99592    134.000    13.1697    13.1699   4.098042   4.098072 1.2348e-01    12.3479     4.5640 7.8511e-02          0     4.5640     0.0412     0.5114     0.0000     4.6375     0.0000     0.1938     0.0000     0.5104    34.8015    34.8016    26.2087    26.2087     0.0461      1.403      0.545 0.0000e+00
    453.085      10875    135.852 -107.05446   16.99592    135.000    13.1367    13.1371   4.094915   4.094970 1.1894e-01    12.3478     4.5641 7.3318e-02          0     4.5641     0.0397     0.5115     0.0000     4.6385     0.0000     0.1638     0.0000     0.5106    34.8017    34.8018    26.2155    26.2155     0.0459      1.399      0.543 0.0000e+00
