data/ctd-cnv/RR1804/Station32_cast55.cnv
* Sea-Bird SBE 9 Data File:
* FileName = C:\CTD\RR1805\Station32_cast55.hex
* Software Version Seasave V 7.26.6.26
* Temperature SN = 4307
* Conductivity SN = 4650
* Number of Bytes Per Scan = 44
* Number of Voltage Words = 5
* Number of Scans Averaged by the Deck Unit = 1
* NMEA Latitude = 16 58.65 N
* NMEA Longitude = 106 58.00 W
* NMEA UTC (Time) = Apr 19 2018 23:59:38
** Ship: Revell
** Station: On Deck
** Operator: nak
** cast55
# nquan = 32
# nvalues = 202                         
# units = specified
# name 0 = timeS: Time, Elapsed [seconds]
# name 1 = scan: Scan Count
# name 2 = prDM: Pressure, Digiquartz [db]
# name 3 = longitude: Longitude [deg]
# name 4 = latitude: Latitude [deg]
# name 5 = depSMignore: Depth [salt water, m]
# name 6 = t090C: Temperature [ITS-90, deg C]
# name 7 = t190C: Temperature, 2 [ITS-90, deg C]
# name 8 = c0S/m: Conductivity [S/m]
# name 9 = c1S/m: Conductivity, 2 [S/m]
# name 10 = flSP: Fluorescence, Seapoint
# name 11 = CStarAt0: Beam Attenuation, WET Labs C-Star [1/m]
# name 12 = CStarTr0: Beam Transmission, WET Labs C-Star [%]
# name 13 = par: PAR/Irradiance, Biospherical/Licor
# name 14 = modError: Modulo Error Count
# name 15 = v0: Voltage 0
# name 16 = v1: Voltage 1
# name 17 = v2: Voltage 2
# name 18 = v3: Voltage 3
# name 19 = v4: Voltage 4
# name 20 = v5: Voltage 5
# name 21 = v6: Voltage 6
# name 22 = v7: Voltage 7
# name 23 = sbeox0V: Oxygen raw, SBE 43 [V]
# name 24 = sal00: Salinity, Practical [PSU]
# name 25 = sal11: Salinity, Practical, 2 [PSU]
# name 26 = sigma-é00: Density [sigma-theta, kg/m^3]
# name 27 = sigma-é11: Density, 2 [sigma-theta, kg/m^3]
# name 28 = sbeox0Mg/L: Oxygen, SBE 43 [mg/l], WS = 2
# name 29 = sbox0Mm/Kg: Oxygen, SBE 43 [umol/kg], WS = 2
# name 30 = sbeox0PS: Oxygen, SBE 43 [% saturation], WS = 2
# name 31 = flag: flag
# span 0 =     28.666,    559.973       
# span 1 =        689,      13440       
# span 2 =      1.006,    203.307       
# span 3 = -106.96682, -106.96677       
# span 4 =   16.97746,   16.97756       
# span 5 =      1.000,    202.000       
# span 6 =    12.0352,    27.0370       
# span 7 =    12.0337,    27.0378       
# span 8 =   3.988422,   5.419741       
# span 9 =   3.988433,   5.441992       
# span 10 = 7.1728e-02, 1.1027e+00      
# span 11 =    12.3149,    13.4127      
# span 12 =     4.4153,     4.5710      
# span 13 = 5.0671e-02, 2.1270e+02      
# span 14 =          0,          0      
# span 15 =     4.4153,     4.5710      
# span 16 =     0.0239,     0.3676      
# span 17 =     0.5078,     2.8248      
# span 18 =     0.0000,     0.0000      
# span 19 =     0.0838,     4.6722      
# span 20 =     0.0000,     0.0000      
# span 21 =     0.0049,     3.6334      
# span 22 =     0.0000,     0.0000      
# span 23 =     0.5070,     2.8248      
# span 24 =    34.2045,    34.8085      
# span 25 =    34.2024,    34.8093      
# span 26 =    22.1134,    26.4062      
# span 27 =    22.1701,    26.4076      
# span 28 =     0.0334,     6.9648      
# span 29 =      1.017,    212.721      
# span 30 =      0.386,    103.174      
# span 31 = 0.0000e+00, 0.0000e+00      
# interval = meters: 1                  
# start_time = Apr 19 2018 23:59:42 [System UTC, first data scan.]
# bad_flag = -9.990e-29
*END*
[from data line 91]
    386.895       9286     92.571 -106.96680   16.97748     92.000    15.7314    15.7311   4.315067   4.314933 4.2106e-01    12.3488     4.5630 2.7546e-01          0     4.5630     0.1404     0.7564     0.0000     4.6314     0.0000     0.7372     0.0000     0.7555    34.5258    34.5249    25.4470    25.4464     0.7550     23.010      9.389 0.0000e+00
    388.984       9337     93.577 -106.96680   16.97748     93.000    15.6593    15.6571   4.312653   4.312417 3.8075e-01    12.3474     4.5646 2.5683e-01          0     4.5646     0.1269     0.6940     0.0000     4.6332     0.0000     0.7070     0.0000     0.6931    34.5669    34.5667    25.4949    25.4953     0.5322     16.218      6.610 0.0000e+00
    390.782       9380     94.583 -106.96680   16.97748     94.000    15.5285    15.5209   4.303615   4.302741 2.8192e-01    12.3460     4.5662 2.4014e-01          0     4.5662     0.0940     0.6445     0.0000     4.6345     0.0000     0.6778     0.0000     0.6435    34.6002    34.5989    25.5498    25.5506     0.3809     11.606      4.720 0.0000e+00
    392.787       9428     95.590 -106.96680   16.97750     95.000    15.2823    15.2747   4.283703   4.282923 3.0131e-01    12.3458     4.5664 2.2622e-01          0     4.5664     0.1004     0.6012     0.0000     4.6358     0.0000     0.6519     0.0000     0.6002    34.6371    34.6367    25.6331    25.6345     0.2724      8.300      3.360 0.0000e+00
    395.654       9497     96.596 -106.96680   16.97750     96.000    15.1904    15.1778   4.276501   4.275471 2.8415e-01    12.3441     4.5683 2.1464e-01          0     4.5683     0.0947     0.5683     0.0000     4.6365     0.0000     0.6291     0.0000     0.5673    34.6527    34.6544    25.6655    25.6696     0.2111      6.431      2.599 0.0000e+00
    397.213       9534     97.603 -106.96680   16.97750     97.000    15.1249    15.1245   4.271081   4.270927 2.1705e-01    12.3425     4.5701 1.9904e-01          0     4.5701     0.0723     0.5598     0.0000     4.6292     0.0000     0.5964     0.0000     0.5588    34.6611    34.6601    25.6864    25.6858     0.1895      5.773      2.330 0.0000e+00
    399.063       9579     98.609 -106.96680   16.97750     98.000    15.1059    15.1029   4.270579   4.270197 2.4892e-01    12.3418     4.5709 1.8603e-01          0     4.5709     0.0830     0.5516     0.0000     4.6295     0.0000     0.5670     0.0000     0.5506    34.6730    34.6722    25.6998    25.6999     0.1669      5.085      2.052 0.0000e+00
    401.855       9646     99.616 -106.96681   16.97750     99.000    14.9376    14.9286   4.256747   4.255766 2.5048e-01    12.3417     4.5710 1.7663e-01          0     4.5710     0.0835     0.5407     0.0000     4.6305     0.0000     0.5447     0.0000     0.5397    34.6961    34.6952    25.7545    25.7558     0.1184      3.606      1.451 0.0000e+00
    403.855       9694    100.622 -106.96682   16.97750    100.000    14.7600    14.7585   4.242942   4.242643 2.2576e-01    12.3440     4.5685 1.6981e-01          0     4.5685     0.0753     0.5277     0.0000     4.6322     0.0000     0.5276     0.0000     0.5267    34.7278    34.7265    25.8177    25.8170     0.0748      2.278      0.913 0.0000e+00
    405.382       9730    101.629 -106.96680   16.97750    101.000    14.7416    14.7418   4.241410   4.241329 2.5295e-01    12.3447     4.5677 1.6038e-01          0     4.5677     0.0843     0.5228     0.0000     4.6304     0.0000     0.5028     0.0000     0.5218    34.7299    34.7289    25.8233    25.8225     0.0724      2.207      0.884 0.0000e+00
    407.224       9774    102.635 -106.96680   16.97750    102.000    14.7331    14.7333   4.240915   4.240826 3.1071e-01    12.3461     4.5661 1.4953e-01          0     4.5661     0.1036     0.5203     0.0000     4.6313     0.0000     0.4725     0.0000     0.5192    34.7325    34.7315    25.8272    25.8264     0.0710      2.164      0.867 0.0000e+00
    408.755       9811    103.642 -106.96680   16.97750    103.000    14.7161    14.7159   4.239627   4.239491 2.8262e-01    12.3487     4.5631 1.3948e-01          0     4.5631     0.0942     0.5188     0.0000     4.6348     0.0000     0.4422     0.0000     0.5178    34.7354    34.7344    25.8332    25.8325     0.0664      2.022      0.810 0.0000e+00
    409.968       9840    104.648 -106.96682   16.97750    104.000    14.6778    14.6767   4.236253   4.236040 3.1859e-01    12.3510     4.5604 1.2829e-01          0     4.5604     0.1062     0.5182     0.0000     4.6414     0.0000     0.4062     0.0000     0.5172    34.7383    34.7374    25.8437    25.8432     0.0656      1.997      0.799 0.0000e+00
    411.559       9878    105.655 -106.96682   16.97750    105.000    14.5804    14.5752   4.227573   4.227082 4.6174e-01    12.3574     4.5531 1.2119e-01          0     4.5531     0.1539     0.5172     0.0000     4.6448     0.0000     0.3815     0.0000     0.5162    34.7454    34.7455    25.8702    25.8714     0.0613      1.866      0.746 0.0000e+00
    413.417       9923    106.661 -106.96682   16.97750    106.000    14.4964    14.4962   4.220200   4.220062 4.6703e-01    12.3641     4.5456 1.1336e-01          0     4.5456     0.1557     0.5161     0.0000     4.6458     0.0000     0.3525     0.0000     0.5151    34.7525    34.7513    25.8937    25.8929     0.0592      1.804      0.720 0.0000e+00
    414.577       9951    107.668 -106.96682   16.97750    107.000    14.4165    14.4144   4.212982   4.212667 4.8597e-01    12.3675     4.5416 1.0384e-01          0     4.5416     0.1620     0.5160     0.0000     4.6426     0.0000     0.3145     0.0000     0.5150    34.7572    34.7562    25.9145    25.9142     0.0612      1.864      0.742 0.0000e+00
    415.376       9970    108.674 -106.96682   16.97750    108.000    14.2562    14.2502   4.197888   4.197091 5.4566e-01    12.3732     4.5353 9.5177e-02          0     4.5353     0.1819     0.5159     0.0000     4.6397     0.0000     0.2770     0.0000     0.5148    34.7614    34.7594    25.9519    25.9516     0.0578      1.759      0.698 0.0000e+00
    416.093       9987    109.681 -106.96682   16.97750    109.000    14.0804    14.0772   4.182083   4.181609 5.3681e-01    12.3713     4.5374 8.8234e-02          0     4.5374     0.1789     0.5153     0.0000     4.6425     0.0000     0.2442     0.0000     0.5142    34.7729    34.7714    25.9980    25.9975     0.0553      1.685      0.666 0.0000e+00
    416.919      10007    110.687 -106.96682   16.97752    110.000    14.0325    14.0325   4.177761   4.177631 5.1108e-01    12.3685     4.5405 8.2143e-02          0     4.5405     0.1704     0.5150     0.0000     4.6456     0.0000     0.2131     0.0000     0.5140    34.7755    34.7744    26.0101    26.0092     0.0545      1.660      0.656 0.0000e+00
    418.073      10035    111.694 -106.96682   16.97752    111.000    14.0181    14.0182   4.176417   4.176326 5.2457e-01    12.3668     4.5424 7.4323e-02          0     4.5424     0.1749     0.5141     0.0000     4.6464     0.0000     0.1698     0.0000     0.5131    34.7756    34.7747    26.0132    26.0125     0.0524      1.596      0.631 0.0000e+00
    419.462      10068    112.700 -106.96681   16.97752    112.000    13.9981    13.9983   4.174679   4.174622 4.5311e-01    12.3647     4.5449 6.9514e-02          0     4.5449     0.1510     0.5140     0.0000     4.6469     0.0000     0.1412     0.0000     0.5130    34.7771    34.7764    26.0187    26.0181     0.0533      1.624      0.641 0.0000e+00
    420.548      10094    113.707 -106.96680   16.97752    113.000    13.9890    13.9894   4.173956   4.173930 4.3356e-01    12.3641     4.5455 6.4109e-02          0     4.5455     0.1445     0.5136     0.0000     4.6446     0.0000     0.1062     0.0000     0.5126    34.7782    34.7776    26.0215    26.0209     0.0525      1.600      0.632 0.0000e+00
    421.359      10114    114.713 -106.96680   16.97752    114.000    13.9787    13.9791   4.173108   4.173083 4.1149e-01    12.3652     4.5443 6.2467e-02          0     4.5443     0.1372     0.5139     0.0000     4.6406     0.0000     0.0949     0.0000     0.5129    34.7792    34.7786    26.0244    26.0238     0.0545      1.660      0.656 0.0000e+00
    422.087      10131    115.720 -106.96680   16.97752    115.000    13.9660    13.9663   4.172019   4.171949 4.0001e-01    12.3631     4.5467 5.7399e-02          0     4.5467     0.1333     0.5137     0.0000     4.6459     0.0000     0.0582     0.0000     0.5127    34.7801    34.7791    26.0278    26.0270     0.0521      1.589      0.627 0.0000e+00
    422.776      10148    116.726 -106.96682   16.97752    116.000    13.9395    13.9392   4.169648   4.169539 3.7038e-01    12.3619     4.5480 5.2628e-02          0     4.5480     0.1235     0.5136     0.0000     4.6464     0.0000     0.0210     0.0000     0.5126    34.7816    34.7809    26.0345    26.0340     0.0514      1.566      0.618 0.0000e+00
    423.559      10166    117.733 -106.96682   16.97752    117.000    13.8932    13.8928   4.165519   4.165416 3.4879e-01    12.3602     4.5501 5.0816e-02          0     4.5501     0.1163     0.5134     0.0000     4.6482     0.0000     0.0061     0.0000     0.5124    34.7846    34.7839    26.0465    26.0461     0.0496      1.511      0.596 0.0000e+00
    424.643      10192    118.739 -106.96682   16.97752    118.000    13.8724    13.8726   4.163611   4.163573 3.5192e-01    12.3598     4.5505 5.0673e-02          0     4.5505     0.1173     0.5129     0.0000     4.6489     0.0000     0.0049     0.0000     0.5119    34.7852    34.7847    26.0514    26.0509     0.0499      1.521      0.599 0.0000e+00
    426.024      10226    119.746 -106.96682   16.97752    119.000    13.8331    13.8323   4.160053   4.159909 3.0679e-01    12.3580     4.5524 5.0671e-02          0     4.5524     0.1023     0.5130     0.0000     4.6494     0.0000     0.0049     0.0000     0.5120    34.7871    34.7865    26.0611    26.0607     0.0500      1.522      0.599 0.0000e+00
    427.157      10253    120.753 -106.96682   16.97752    120.000    13.8091    13.8096   4.157881   4.157906 2.9506e-01    12.3574     4.5531 5.0671e-02          0     4.5531     0.0984     0.5128     0.0000     4.6495     0.0000     0.0049     0.0000     0.5118    34.7882    34.7879    26.0669    26.0666     0.0502      1.529      0.602 0.0000e+00
    428.189      10278    121.759 -106.96682   16.97752    121.000    13.7676    13.7668   4.153867   4.153710 2.9203e-01    12.3573     4.5533 5.0671e-02          0     4.5533     0.0974     0.5128     0.0000     4.6492     0.0000     0.0049     0.0000     0.5118    34.7879    34.7871    26.0753    26.0749     0.0502      1.529      0.601 0.0000e+00
    429.503      10309    122.766 -106.96681   16.97752    122.000    13.7164    13.7148   4.149099   4.148916 2.7774e-01    12.3588     4.5515 5.0671e-02          0     4.5515     0.0926     0.5128     0.0000     4.6497     0.0000     0.0049     0.0000     0.5118    34.7892    34.7890    26.0870    26.0872     0.0497      1.513      0.594 0.0000e+00
    431.145      10348    123.772 -106.96680   16.97752    123.000    13.6774    13.6769   4.145540   4.145464 2.5414e-01    12.3566     4.5541 5.0671e-02          0     4.5541     0.0847     0.5126     0.0000     4.6500     0.0000     0.0049     0.0000     0.5116    34.7909    34.7907    26.0965    26.0963     0.0494      1.505      0.590 0.0000e+00
    432.372      10378    124.779 -106.96680   16.97752    124.000    13.6555    13.6559   4.143566   4.143546 2.4192e-01    12.3562     4.5546 5.0671e-02          0     4.5546     0.0806     0.5125     0.0000     4.6470     0.0000     0.0049     0.0000     0.5115    34.7919    34.7913    26.1017    26.1012     0.0491      1.495      0.587 0.0000e+00
    433.249      10399    125.786 -106.96680   16.97753    125.000    13.6305    13.6296   4.141176   4.141022 2.3089e-01    12.3553     4.5556 5.0671e-02          0     4.5556     0.0770     0.5126     0.0000     4.6445     0.0000     0.0049     0.0000     0.5116    34.7918    34.7911    26.1069    26.1065     0.0505      1.538      0.603 0.0000e+00
    434.001      10417    126.792 -106.96680   16.97754    126.000    13.5774    13.5769   4.136313   4.136223 2.1653e-01    12.3550     4.5559 5.0671e-02          0     4.5559     0.0722     0.5127     0.0000     4.6061     0.0000     0.0049     0.0000     0.5117    34.7939    34.7936    26.1195    26.1193     0.0497      1.513      0.593 0.0000e+00
    434.721      10434    127.799 -106.96680   16.97754    127.000    13.5326    13.5323   4.132034   4.131887 2.0586e-01    12.3552     4.5557 5.0671e-02          0     4.5557     0.0686     0.5125     0.0000     4.5853     0.0000     0.0049     0.0000     0.5115    34.7942    34.7930    26.1289    26.1281     0.0486      1.481      0.580 0.0000e+00
    435.444      10452    128.805 -106.96680   16.97754    128.000    13.4683    13.4679   4.126041   4.125923 1.9563e-01    12.3539     4.5571 5.0671e-02          0     4.5571     0.0652     0.5124     0.0000     4.5694     0.0000     0.0049     0.0000     0.5114    34.7959    34.7951    26.1434    26.1430     0.0489      1.490      0.583 0.0000e+00
    436.187      10469    129.812 -106.96680   16.97754    129.000    13.4444    13.4451   4.123948   4.123962 1.8443e-01    12.3537     4.5573 5.0671e-02          0     4.5573     0.0615     0.5125     0.0000     4.5666     0.0000     0.0049     0.0000     0.5115    34.7975    34.7970    26.1496    26.1491     0.0477      1.451      0.567 0.0000e+00
    436.934      10487    130.818 -106.96680   16.97754    130.000    13.4423    13.4429   4.123812   4.123834 1.8110e-01    12.3536     4.5575 5.0671e-02          0     4.5575     0.0604     0.5121     0.0000     4.6107     0.0000     0.0049     0.0000     0.5111    34.7978    34.7973    26.1503    26.1498     0.0443      1.350      0.528 0.0000e+00
    437.723      10506    131.825 -106.96680   16.97754    131.000    13.4412    13.4419   4.123752   4.123794 1.7986e-01    12.3531     4.5580 5.0671e-02          0     4.5580     0.0599     0.5116     0.0000     4.6449     0.0000     0.0049     0.0000     0.5106    34.7978    34.7975    26.1505    26.1502     0.0445      1.355      0.529 0.0000e+00
    438.651      10529    132.831 -106.96680   16.97754    132.000    13.4381    13.4388   4.123519   4.123558 1.8343e-01    12.3532     4.5580 5.0671e-02          0     4.5580     0.0612     0.5116     0.0000     4.6445     0.0000     0.0049     0.0000     0.5106    34.7979    34.7977    26.1513    26.1510     0.0463      1.409      0.550 0.0000e+00
    439.956      10560    133.838 -106.96680   16.97754    133.000    13.4241    13.4243   4.122262   4.122253 1.8106e-01    12.3532     4.5579 5.0671e-02          0     4.5579     0.0604     0.5116     0.0000     4.6328     0.0000     0.0049     0.0000     0.5106    34.7984    34.7982    26.1546    26.1544     0.0463      1.411      0.551 0.0000e+00
    441.615      10600    134.845 -106.96680   16.97754    134.000    13.4089    13.4093   4.120922   4.120962 1.7598e-01    12.3528     4.5583 5.0671e-02          0     4.5583     0.0587     0.5117     0.0000     4.6489     0.0000     0.0049     0.0000     0.5107    34.7992    34.7993    26.1583    26.1583     0.0462      1.408      0.550 0.0000e+00
    443.169      10637    135.852 -106.96680   16.97754    135.000    13.3848    13.3856   4.118694   4.118775 1.6713e-01    12.3529     4.5582 5.0671e-02          0     4.5582     0.0557     0.5116     0.0000     4.6502     0.0000     0.0049     0.0000     0.5106    34.7998    34.7999    26.1637    26.1636     0.0461      1.405      0.548 0.0000e+00
