data/ctd-cnv/RR1804/Station32_cast46.cnv
* Sea-Bird SBE 9 Data File:
* FileName = C:\CTD\RR1805\Station32_cast46.hex
* Software Version Seasave V 7.26.6.26
* Temperature SN = 4307
* Conductivity SN = 4650
* Number of Bytes Per Scan = 44
* Number of Voltage Words = 5
* Number of Scans Averaged by the Deck Unit = 1
* NMEA Latitude = 16 58.69 N
* NMEA Longitude = 107 03.75 W
* NMEA UTC (Time) = Apr 17 2018 15:03:16
** Ship: Revell
** Station: 32 (P2)
** Operator: Clara
** cast 46
# nquan = 32
# nvalues = 192                         
# units = specified
# name 0 = timeS: Time, Elapsed [seconds]
# name 1 = scan: Scan Count
# name 2 = prDM: Pressure, Digiquartz [db]
# name 3 = longitude: Longitude [deg]
# name 4 = latitude: Latitude [deg]
# name 5 = depSMignore: Depth [salt water, m]
# name 6 = t090C: Temperature [ITS-90, deg C]
# name 7 = t190C: Temperature, 2 [ITS-90, deg C]
# name 8 = c0S/m: Conductivity [S/m]
# name 9 = c1S/m: Conductivity, 2 [S/m]
# name 10 = flSP: Fluorescence, Seapoint
# name 11 = CStarAt0: Beam Attenuation, WET Labs C-Star [1/m]
# name 12 = CStarTr0: Beam Transmission, WET Labs C-Star [%]
# name 13 = par: PAR/Irradiance, Biospherical/Licor
# name 14 = modError: Modulo Error Count
# name 15 = v0: Voltage 0
# name 16 = v1: Voltage 1
# name 17 = v2: Voltage 2
# name 18 = v3: Voltage 3
# name 19 = v4: Voltage 4
# name 20 = v5: Voltage 5
# name 21 = v6: Voltage 6
# name 22 = v7: Voltage 7
# name 23 = sbeox0V: Oxygen raw, SBE 43 [V]
# name 24 = sal00: Salinity, Practical [PSU]
# name 25 = sal11: Salinity, Practical, 2 [PSU]
# name 26 = sigma-é00: Density [sigma-theta, kg/m^3]
# name 27 = sigma-é11: Density, 2 [sigma-theta, kg/m^3]
# name 28 = sbeox0Mg/L: Oxygen, SBE 43 [mg/l], WS = 2
# name 29 = sbox0Mm/Kg: Oxygen, SBE 43 [umol/kg], WS = 2
# name 30 = sbeox0PS: Oxygen, SBE 43 [% saturation], WS = 2
# name 31 = flag: flag
# span 0 =      2.195,    557.327       
# span 1 =         54,      13377       
# span 2 =     11.066,    203.307       
# span 3 = -107.06277, -107.06266       
# span 4 =   16.97810,   16.97818       
# span 5 =     11.000,    202.000       
# span 6 =    11.8774,    26.8301       
# span 7 =    11.8596,    26.8231       
# span 8 =   3.971984,   5.402526       
# span 9 =   3.970302,   5.401943       
# span 10 = 7.1534e-02, 1.1140e+00      
# span 11 =    12.3378,    12.4363      
# span 12 =     4.4642,     4.5755      
# span 13 = 5.0609e-02, 3.0413e+02      
# span 14 =          0,          0      
# span 15 =     4.4642,     4.5755      
# span 16 =     0.0238,     0.3713      
# span 17 =     0.5062,     2.7922      
# span 18 =     0.0000,     0.0000      
# span 19 =     3.0764,     4.6555      
# span 20 =     0.0000,     0.0000      
# span 21 =     0.0044,     3.7776      
# span 22 =     0.0000,     0.0000      
# span 23 =     0.5055,     2.7922      
# span 24 =    34.2306,    34.8058      
# span 25 =    34.2276,    34.8062      
# span 26 =    22.2488,    26.4258      
# span 27 =    22.2519,    26.4294      
# span 28 =     0.0278,     6.7798      
# span 29 =      0.845,    207.146      
# span 30 =      0.320,    100.504      
# span 31 = 0.0000e+00, 0.0000e+00      
# interval = meters: 1                  
# start_time = Apr 17 2018 15:03:20 [System UTC, first data scan.]
# bad_flag = -9.990e-29
*END*
[from data line 182]
    398.297       9560    194.245 -107.06274   16.97812    193.000    12.0893    12.0894   3.993291   3.993406 7.3260e-02    12.3414     4.5713 5.0671e-02          0     4.5713     0.0244     0.5079     0.0000     4.5614     0.0000     0.0049     0.0000     0.5072    34.7675    34.7686    26.3963    26.3971     0.0347      1.056      0.401 0.0000e+00
    399.270       9583    195.252 -107.06274   16.97810    194.000    12.0733    12.0741   3.991601   3.991811 7.3260e-02    12.3415     4.5713 5.0671e-02          0     4.5713     0.0244     0.5079     0.0000     4.5610     0.0000     0.0049     0.0000     0.5072    34.7656    34.7669    26.3979    26.3988     0.0347      1.056      0.401 0.0000e+00
    400.403       9611    196.259 -107.06274   16.97810    195.000    12.0626    12.0628   3.990793   3.990976 7.2992e-02    12.3412     4.5716 5.0671e-02          0     4.5716     0.0243     0.5079     0.0000     4.5606     0.0000     0.0049     0.0000     0.5072    34.7672    34.7688    26.4012    26.4024     0.0340      1.037      0.393 0.0000e+00
    401.535       9638    197.266 -107.06276   16.97810    196.000    12.0511    12.0505   3.989985   3.990080 7.2989e-02    12.3410     4.5719 5.0671e-02          0     4.5719     0.0243     0.5077     0.0000     4.5793     0.0000     0.0049     0.0000     0.5070    34.7697    34.7711    26.4053    26.4066     0.0333      1.013      0.385 0.0000e+00
    402.905       9671    198.273 -107.06276   16.97810    197.000    12.0344    12.0349   3.988392   3.988595 7.3071e-02    12.3412     4.5716 5.0671e-02          0     4.5716     0.0243     0.5077     0.0000     4.6279     0.0000     0.0049     0.0000     0.5070    34.7692    34.7708    26.4082    26.4093     0.0348      1.059      0.402 0.0000e+00
    405.076       9723    199.279 -107.06276   16.97810    198.000    12.0241    12.0265   3.987350   3.987744 7.2209e-02    12.3408     4.5721 5.0671e-02          0     4.5721     0.0241     0.5078     0.0000     4.6027     0.0000     0.0049     0.0000     0.5071    34.7682    34.7699    26.4094    26.4103     0.0342      1.043      0.396 0.0000e+00
    407.959       9792    200.286 -107.06276   16.97810    199.000    12.0071    12.0086   3.985588   3.985901 7.2444e-02    12.3408     4.5720 5.0671e-02          0     4.5720     0.0241     0.5078     0.0000     4.6309     0.0000     0.0049     0.0000     0.5070    34.7665    34.7682    26.4113    26.4124     0.0342      1.042      0.395 0.0000e+00
    433.075      10395    201.293 -107.06277   16.97813    200.000    11.9577    11.9589   3.980372   3.980702 7.2916e-02    12.3407     4.5721 5.0671e-02          0     4.5721     0.0243     0.5073     0.0000     4.6410     0.0000     0.0049     0.0000     0.5066    34.7613    34.7633    26.4167    26.4181     0.0324      0.988      0.374 0.0000e+00
    508.953      12216    202.300 -107.06276   16.97816    201.000    11.9156    11.9160   3.975955   3.976209 7.2975e-02    12.3401     4.5728 5.0671e-02          0     4.5728     0.0243     0.5065     0.0000     4.5965     0.0000     0.0049     0.0000     0.5058    34.7570    34.7591    26.4214    26.4229     0.0289      0.880      0.333 0.0000e+00
    557.327      13377    203.307 -107.06273   16.97813    202.000    11.8774    11.8596   3.971984   3.970302 7.3147e-02    12.3402     4.5727 5.0671e-02          0     4.5727     0.0244     0.5062     0.0000     4.5118     0.0000     0.0049     0.0000     0.5055    34.7534    34.7536    26.4258    26.4294     0.0278      0.845      0.320 0.0000e+00
