data/ctd-cnv/RR1804/Station32_cast53.cnv
* Sea-Bird SBE 9 Data File:
* FileName = C:\CTD\RR1805\Station32_cast53.hex
* Software Version Seasave V 7.26.6.26
* Temperature SN = 4307
* Conductivity SN = 4650
* Number of Bytes Per Scan = 44
* Number of Voltage Words = 5
* Number of Scans Averaged by the Deck Unit = 1
* NMEA Latitude = 17 01.23 N
* NMEA Longitude = 106 58.80 W
* NMEA UTC (Time) = Apr 19 2018 14:16:42
** Ship: Revell
** Station: 32 (P2)
** Operator: Gabrielle
** Cast 53 Tim Transcripts
# nquan = 32
# nvalues = 191                         
# units = specified
# name 0 = timeS: Time, Elapsed [seconds]
# name 1 = scan: Scan Count
# name 2 = prDM: Pressure, Digiquartz [db]
# name 3 = longitude: Longitude [deg]
# name 4 = latitude: Latitude [deg]
# name 5 = depSM: Depth [salt water, m]
# name 6 = t090C: Temperature [ITS-90, deg C]
# name 7 = t190C: Temperature, 2 [ITS-90, deg C]
# name 8 = c0S/m: Conductivity [S/m]
# name 9 = c1S/m: Conductivity, 2 [S/m]
# name 10 = flSP: Fluorescence, Seapoint
# name 11 = CStarAt0: Beam Attenuation, WET Labs C-Star [1/m]
# name 12 = CStarTr0: Beam Transmission, WET Labs C-Star [%]
# name 13 = par: PAR/Irradiance, Biospherical/Licor
# name 14 = modError: Modulo Error Count
# name 15 = v0: Voltage 0
# name 16 = v1: Voltage 1
# name 17 = v2: Voltage 2
# name 18 = v3: Voltage 3
# name 19 = v4: Voltage 4
# name 20 = v5: Voltage 5
# name 21 = v6: Voltage 6
# name 22 = v7: Voltage 7
# name 23 = sbeox0V: Oxygen raw, SBE 43 [V]
# name 24 = sal00: Salinity, Practical [PSU]
# name 25 = sal11: Salinity, Practical, 2 [PSU]
# name 26 = sigma-é00: Density [sigma-theta, kg/m^3]
# name 27 = sigma-é11: Density, 2 [sigma-theta, kg/m^3]
# name 28 = sbeox0Mg/L: Oxygen, SBE 43 [mg/l], WS = 2
# name 29 = sbox0Mm/Kg: Oxygen, SBE 43 [umol/kg], WS = 2
# name 30 = sbeox0PS: Oxygen, SBE 43 [% saturation], WS = 2
# name 31 = flag: flag
# span 0 =     -7.920,    398.230       
# span 1 =       -189,       9559       
# span 2 =     11.066,    202.301       
# span 3 = -106.98012, -106.98008       
# span 4 =   17.02054,   17.02062       
# span 5 =     11.000,    201.000       
# span 6 =    11.8082,    26.8665       
# span 7 =    11.8095,    26.8666       
# span 8 =   3.965497,   5.402800       
# span 9 =   3.965807,   5.403050       
# span 10 = 7.1320e-02, 1.2623e+00      
# span 11 =    12.3350,    12.4449      
# span 12 =     4.4547,     4.5788      
# span 13 = 5.0667e-02, 1.6369e+02      
# span 14 =          0,          0      
# span 15 =     4.4547,     4.5788      
# span 16 =     0.0238,     0.4208      
# span 17 =     0.5091,     2.7950      
# span 18 =     0.0000,     0.0000      
# span 19 =     4.5364,     4.6546      
# span 20 =     0.0000,     0.0000      
# span 21 =     0.0049,     3.5108      
# span 22 =     0.0000,     0.0000      
# span 23 =     0.5083,     2.7950      
# span 24 =    34.2114,    34.8008      
# span 25 =    34.2103,    34.8014      
# span 26 =    22.2180,    26.4402      
# span 27 =    22.2195,    26.4413      
# span 28 =     0.0388,     6.7662      
# span 29 =      1.183,    206.734      
# span 30 =      0.448,    100.754      
# span 31 = 0.0000e+00, 0.0000e+00      
# interval = meters: 1                  
# start_time = Apr 19 2018 14:16:47 [System UTC, first data scan.]
# bad_flag = -9.990e-29
*END*
     -7.920       -189     11.066 -106.98010   17.02056     11.000    26.8660    26.8664   5.402554   5.402959 1.1490e-01    12.3619     4.5480 1.6369e+02          0     4.5480     0.0383     2.7370     0.0000     4.5364     0.0000     3.5108     0.0000     2.7370    34.2790    34.2816    22.2182    22.2200     6.4594    197.472     98.036 0.0000e+00
     48.309       1160     12.072 -106.98010   17.02057     12.000    26.8665    26.8666   5.402624   5.402932 1.1863e-01    12.3619     4.5480 1.4253e+02          0     4.5480     0.0396     2.7422     0.0000     4.5477     0.0000     3.4507     0.0000     2.7422    34.2788    34.2809    22.2180    22.2195     6.4663    197.682     98.141 0.0000e+00
     97.000       2329     13.078 -106.98010   17.02056     13.000    26.8664    26.8655   5.402800   5.403050 1.1694e-01    12.3621     4.5478 1.3806e+02          0     4.5478     0.0390     2.7386     0.0000     4.5604     0.0000     3.4366     0.0000     2.7386    34.2798    34.2823    22.2188    22.2210     6.4636    197.601     98.102 0.0000e+00
     99.622       2392     14.084 -106.98010   17.02057     14.000    26.8628    26.8611   5.402782   5.402971 1.1868e-01    12.3626     4.5472 1.2734e+02          0     4.5472     0.0396     2.7426     0.0000     4.5628     0.0000     3.4014     0.0000     2.7426    34.2821    34.2847    22.2218    22.2242     6.4694    197.778     98.185 0.0000e+00
    101.357       2434     15.090 -106.98010   17.02058     15.000    26.8455    26.8395   5.401514   5.401284 1.1804e-01    12.3635     4.5462 1.2394e+02          0     4.5462     0.0394     2.7366     0.0000     4.5638     0.0000     3.3899     0.0000     2.7366    34.2856    34.2883    22.2300    22.2339     6.4578    197.420     97.981 0.0000e+00
    103.695       2490     16.096 -106.98010   17.02058     16.000    26.7595    26.7619   5.394217   5.394374 1.2880e-01    12.3631     4.5467 1.1410e+02          0     4.5467     0.0429     2.7442     0.0000     4.5648     0.0000     3.3533     0.0000     2.7442    34.2967    34.2960    22.2657    22.2644     6.5077    198.939     98.603 0.0000e+00
    106.677       2561     17.103 -106.98010   17.02057     17.000    26.0398    26.0285   5.338798   5.338194 1.4847e-01    12.3747     4.5335 1.0919e+02          0     4.5335     0.0495     2.7855     0.0000     4.5666     0.0000     3.3346     0.0000     2.7855    34.4339    34.4380    22.5951    22.6016     6.7248    205.510    100.754 0.0000e+00
    108.152       2597     18.108 -106.98010   17.02056     18.000    25.8126    25.8058   5.319158   5.318760 1.5307e-01    12.3766     4.5313 1.0588e+02          0     4.5313     0.0510     2.7950     0.0000     4.5687     0.0000     3.3214     0.0000     2.7950    34.4618    34.4640    22.6867    22.6904     6.7377    205.885    100.577 0.0000e+00
    109.515       2629     19.115 -106.98010   17.02056     19.000    25.5945    25.5847   5.296411   5.295438 1.6440e-01    12.3776     4.5302 9.1536e+01          0     4.5302     0.0548     2.7905     0.0000     4.5698     0.0000     3.2578     0.0000     2.7905    34.4600    34.4603    22.7528    22.7560     6.7383    205.890    100.215 0.0000e+00
    111.028       2666     20.120 -106.98010   17.02056     20.000    25.3751    25.3621   5.270187   5.268780 1.7600e-01    12.3804     4.5271 9.0557e+01          0     4.5271     0.0587     2.7869     0.0000     4.5707     0.0000     3.2535     0.0000     2.7869    34.4336    34.4331    22.8003    22.8039     6.7662    206.734    100.243 0.0000e+00
    113.674       2729     21.126 -106.98010   17.02056     21.000    25.2676    25.2729   5.257585   5.258287 2.0859e-01    12.3799     4.5276 8.6585e+01          0     4.5276     0.0695     2.7788     0.0000     4.5689     0.0000     3.2339     0.0000     2.7788    34.4221    34.4232    22.8245    22.8237     6.7426    206.007     99.704 0.0000e+00
    116.668       2801     22.133 -106.98010   17.02056     22.000    25.0248    25.0323   5.229711   5.230766 1.9081e-01    12.3841     4.5229 7.9284e+01          0     4.5229     0.0636     2.7575     0.0000     4.5652     0.0000     3.1960     0.0000     2.7576    34.4007    34.4028    22.8823    22.8816     6.7005    204.709     98.661 0.0000e+00
    118.044       2834     23.139 -106.98010   17.02056     23.000    24.9336    24.9309   5.220078   5.219888 1.9838e-01    12.3847     4.5222 7.7575e+01          0     4.5222     0.0661     2.7460     0.0000     4.5667     0.0000     3.1863     0.0000     2.7461    34.3985    34.3992    22.9084    22.9097     6.6683    203.719     98.033 0.0000e+00
    119.309       2864     24.145 -106.98010   17.02056     24.000    24.7664    24.7610   5.201023   5.200650 2.1624e-01    12.3848     4.5221 6.9233e+01          0     4.5221     0.0721     2.7284     0.0000     4.5678     0.0000     3.1365     0.0000     2.7284    34.3843    34.3856    22.9481    22.9507     6.6294    202.523     97.176 0.0000e+00
    121.299       2912     25.151 -106.98010   17.02056     25.000    24.4991    24.4979   5.170964   5.170836 2.3520e-01    12.3846     4.5223 6.3902e+01          0     4.5223     0.0784     2.7064     0.0000     4.5696     0.0000     3.1021     0.0000     2.7064    34.3644    34.3644    23.0135    23.0138     6.6102    201.924     96.441 0.0000e+00
    123.998       2977     26.157 -106.98010   17.02056     26.000    24.3978    24.3968   5.159802   5.159727 2.4271e-01    12.3866     4.5200 5.9455e+01          0     4.5200     0.0809     2.6904     0.0000     4.5708     0.0000     3.0710     0.0000     2.6904    34.3583    34.3585    23.0392    23.0396     6.5896    201.289     95.970 0.0000e+00
    125.765       3019     27.163 -106.98010   17.02056     27.000    24.2986    24.2965   5.149364   5.149233 2.5074e-01    12.3880     4.5184 5.8589e+01          0     4.5184     0.0836     2.6831     0.0000     4.5713     0.0000     3.0645     0.0000     2.6831    34.3559    34.3566    23.0670    23.0681     6.5685    200.640     95.499 0.0000e+00
    127.519       3061     28.169 -106.98010   17.02056     28.000    24.1711    24.1678   5.135396   5.135038 2.6785e-01    12.3912     4.5148 5.3245e+01          0     4.5148     0.0893     2.6671     0.0000     4.5721     0.0000     3.0228     0.0000     2.6671    34.3487    34.3486    23.0995    23.1003     6.5350    199.611     94.799 0.0000e+00
    129.832       3117     29.175 -106.98010   17.02056     29.000    23.9932    23.9867   5.115841   5.114995 3.0558e-01    12.3938     4.5119 4.8793e+01          0     4.5119     0.1019     2.6456     0.0000     4.5730     0.0000     2.9849     0.0000     2.6456    34.3382    34.3367    23.1442    23.1450     6.4706    197.635     93.572 0.0000e+00
    131.916       3167     30.181 -106.98010   17.02056     30.000    23.7661    23.7604   5.090474   5.089897 3.3247e-01    12.3978     4.5074 4.5617e+01          0     4.5074     0.1108     2.6174     0.0000     4.5737     0.0000     2.9554     0.0000     2.6174    34.3214    34.3214    23.1984    23.2000     6.4241    196.205     92.526 0.0000e+00
    134.038       3218     31.188 -106.98010   17.02056     31.000    23.6316    23.6307   5.075367   5.075261 3.5953e-01    12.4044     4.5000 4.1319e+01          0     4.5000     0.1198     2.5966     0.0000     4.5748     0.0000     2.9129     0.0000     2.5966    34.3105    34.3104    23.2296    23.2298     6.3793    194.829     91.660 0.0000e+00
    136.117       3268     32.194 -106.98010   17.02056     32.000    23.5616    23.5607   5.067857   5.067730 3.8211e-01    12.4005     4.5043 3.9089e+01          0     4.5043     0.1274     2.5833     0.0000     4.5758     0.0000     2.8885     0.0000     2.5832    34.3073    34.3071    23.2477    23.2477     6.3640    194.359     91.328 0.0000e+00
    138.043       3314     33.200 -106.98010   17.02056     33.000    23.5348    23.5339   5.065094   5.064965 4.1588e-01    12.4002     4.5047 3.5194e+01          0     4.5047     0.1386     2.5749     0.0000     4.5769     0.0000     2.8430     0.0000     2.5749    34.3068    34.3064    23.2551    23.2551     6.3380    193.565     90.913 0.0000e+00
    140.153       3365     34.206 -106.98010   17.02056     34.000    23.4604    23.4565   5.057159   5.056722 3.8760e-01    12.4011     4.5037 3.3568e+01          0     4.5037     0.1292     2.5661     0.0000     4.5778     0.0000     2.8225     0.0000     2.5661    34.3037    34.3034    23.2745    23.2754     6.3284    193.267     90.655 0.0000e+00
    142.217       3414     35.212 -106.98010   17.02056     35.000    23.3981    23.4007   5.050710   5.051078 4.2000e-01    12.4002     4.5047 2.9775e+01          0     4.5047     0.1400     2.5593     0.0000     4.5788     0.0000     2.7703     0.0000     2.5593    34.3025    34.3033    23.2918    23.2916     6.2957    192.265     90.089 0.0000e+00
    144.936       3479     36.219 -106.98010   17.02056     36.000    23.0575    23.0647   5.014690   5.015248 5.6073e-01    12.4112     4.4923 2.6605e+01          0     4.4923     0.1869     2.5134     0.0000     4.5797     0.0000     2.7216     0.0000     2.5134    34.2916    34.2903    23.3819    23.3788     6.1496    187.787     87.471 0.0000e+00
    146.800       3524     37.225 -106.98008   17.02056     37.000    22.6733    22.6698   4.975422   4.974995 8.6554e-01    12.4278     4.4737 2.4435e+01          0     4.4737     0.2885     2.4809     0.0000     4.5802     0.0000     2.6846     0.0000     2.4808    34.2890    34.2885    23.4900    23.4906     6.1317    187.221     86.628 0.0000e+00
    148.569       3567     38.231 -106.98009   17.02056     38.000    22.6200    22.6207   4.970187   4.970150 9.0902e-01    12.4274     4.4741 2.2683e+01          0     4.4741     0.3030     2.4704     0.0000     4.5811     0.0000     2.6523     0.0000     2.4704    34.2900    34.2892    23.5060    23.5051     6.1196    186.847     86.376 0.0000e+00
    150.525       3614     39.237 -106.98010   17.02056     39.000    22.5648    22.5624   4.964344   4.964060 9.1474e-01    12.4300     4.4712 2.0424e+01          0     4.4712     0.3049     2.4529     0.0000     4.5814     0.0000     2.6068     0.0000     2.4529    34.2878    34.2874    23.5200    23.5204     6.0387    184.375     85.150 0.0000e+00
    151.893       3646     40.243 -106.98010   17.02056     40.000    22.4892    22.4831   4.956261   4.955582 9.6385e-01    12.4396     4.4606 1.8740e+01          0     4.4606     0.3213     2.4242     0.0000     4.5823     0.0000     2.5694     0.0000     2.4241    34.2841    34.2836    23.5386    23.5400     5.9270    180.960     83.462 0.0000e+00
    153.439       3684     41.249 -106.98010   17.02057     41.000    22.3238    22.3191   4.939423   4.939001 1.2247e+00    12.4449     4.4547 1.6660e+01          0     4.4547     0.4082     2.3998     0.0000     4.5827     0.0000     2.5176     0.0000     2.3997    34.2829    34.2833    23.5845    23.5862     5.9298    181.040     83.257 0.0000e+00
    156.560       3758     42.255 -106.98008   17.02057     42.000    22.2311    22.2355   4.931727   4.932017 1.2372e+00    12.4406     4.4595 1.4823e+01          0     4.4595     0.4124     2.4334     0.0000     4.5835     0.0000     2.4678     0.0000     2.4334    34.2957    34.2945    23.6203    23.6182     6.1401    187.454     86.075 0.0000e+00
    158.912       3815     43.262 -106.98008   17.02056     43.000    22.1643    22.1624   4.926220   4.925975 1.0172e+00    12.4352     4.4655 1.3276e+01          0     4.4655     0.3391     2.4667     0.0000     4.5840     0.0000     2.4196     0.0000     2.4667    34.3051    34.3046    23.6463    23.6465     6.1720    188.423     86.425 0.0000e+00
    160.174       3845     44.268 -106.98008   17.02056     44.000    22.1041    22.1029   4.919961   4.919700 1.0327e+00    12.4346     4.4661 1.1764e+01          0     4.4661     0.3442     2.4618     0.0000     4.5848     0.0000     2.3671     0.0000     2.4618    34.3034    34.3023    23.6619    23.6615     6.1944    189.102     86.644 0.0000e+00
    161.488       3877     45.274 -106.98008   17.02057     45.000    22.0339    22.0285   4.913418   4.912781 1.0205e+00    12.4306     4.4705 1.0618e+01          0     4.4705     0.3402     2.4868     0.0000     4.5853     0.0000     2.3224     0.0000     2.4868    34.3074    34.3067    23.6846    23.6856     6.3313    193.279     88.451 0.0000e+00
    164.116       3940     46.280 -106.98008   17.02058     46.000    21.8344    21.8161   4.894653   4.891508 1.1241e+00    12.4297     4.4716 9.7688e+00          0     4.4716     0.3747     2.5221     0.0000     4.5857     0.0000     2.2864     0.0000     2.5221    34.3179    34.3076    23.7483    23.7455     6.4104    195.681     89.244 0.0000e+00
    166.335       3993     47.286 -106.98008   17.02058     47.000    21.7239    21.7211   4.881772   4.881499 1.0462e+00    12.4283     4.4732 8.7147e+00          0     4.4732     0.3487     2.5169     0.0000     4.5868     0.0000     2.2370     0.0000     2.5169    34.3039    34.3040    23.7683    23.7692     6.3587    194.099     88.343 0.0000e+00
    167.859       4030     48.293 -106.98008   17.02058     48.000    21.5974    21.5950   4.868684   4.868334 1.1058e+00    12.4317     4.4693 7.9646e+00          0     4.4693     0.3686     2.4989     0.0000     4.5878     0.0000     2.1977     0.0000     2.4989    34.3009    34.3000    23.8011    23.8010     6.2671    191.295     86.871 0.0000e+00
    170.456       4092     49.299 -106.98008   17.02058     49.000    21.4139    21.4120   4.847731   4.847431 1.2623e+00    12.4328     4.4681 7.1054e+00          0     4.4681     0.4208     2.3911     0.0000     4.5889     0.0000     2.1483     0.0000     2.3910    34.2809    34.2801    23.8362    23.8362     5.8598    178.858     80.952 0.0000e+00
    172.534       4142     50.305 -106.98008   17.02058     50.000    20.9367    20.9284   4.796723   4.795897 1.0238e+00    12.4162     4.4867 6.3978e+00          0     4.4867     0.3412     2.3230     0.0000     4.5906     0.0000     2.1027     0.0000     2.3230    34.2561    34.2561    23.9474    23.9496     5.8599    178.842     80.245 0.0000e+00
    174.056       4178     51.311 -106.98008   17.02058     51.000    20.6584    20.6539   4.768356   4.767787 1.0349e+00    12.4029     4.5017 5.8535e+00          0     4.5017     0.3450     2.3589     0.0000     4.5924     0.0000     2.0639     0.0000     2.3588    34.2518    34.2509    24.0190    24.0195     6.1159    186.643     83.328 0.0000e+00
    176.842       4245     52.317 -106.98010   17.02058     52.000    20.5300    20.5331   4.754425   4.754698 1.0563e+00    12.4007     4.5041 5.2181e+00          0     4.5041     0.3521     2.3598     0.0000     4.5937     0.0000     2.0143     0.0000     2.3597    34.2427    34.2424    24.0464    24.0454     5.8915    179.790     80.084 0.0000e+00
    178.986       4297     53.324 -106.98010   17.02058     53.000    20.0317    20.0248   4.702479   4.701690 8.5983e-01    12.3972     4.5081 4.7777e+00          0     4.5081     0.2866     2.2603     0.0000     4.5956     0.0000     1.9759     0.0000     2.2602    34.2245    34.2237    24.1646    24.1658     5.6243    171.614     75.746 0.0000e+00
    180.234       4327     54.330 -106.98010   17.02058     54.000    19.9404    19.9379   4.693324   4.692871 8.1002e-01    12.3945     4.5111 4.4118e+00          0     4.5111     0.2700     2.2274     0.0000     4.5970     0.0000     1.9412     0.0000     2.2273    34.2236    34.2220    24.1878    24.1873     5.5663    169.841     74.840 0.0000e+00
    181.640       4360     55.336 -106.98010   17.02059     55.000    19.7347    19.7232   4.671408   4.670127 8.9866e-01    12.3915     4.5145 3.9988e+00          0     4.5145     0.2996     2.2027     0.0000     4.5976     0.0000     1.8983     0.0000     2.2025    34.2114    34.2103    24.2322    24.2343     5.5578    169.576     74.439 0.0000e+00
