data/ctd-cnv/RR1804/Station32_cast54.cnv
* Sea-Bird SBE 9 Data File:
* FileName = C:\CTD\RR1805\Station32_cast54.hex
* Software Version Seasave V 7.26.6.26
* Temperature SN = 4307
* Conductivity SN = 4650
* Number of Bytes Per Scan = 44
* Number of Voltage Words = 5
* Number of Scans Averaged by the Deck Unit = 1
* NMEA Latitude = 17 01.23 N
* NMEA Longitude = 106 58.80 W
* NMEA UTC (Time) = Apr 19 2018 18:05:49
** Ship: Revell
** Station: 32 (P2)
** Operator: Gabrielle
** Cast 54 Diel
# nquan = 32
# nvalues = 200                         
# units = specified
# name 0 = timeS: Time, Elapsed [seconds]
# name 1 = scan: Scan Count
# name 2 = prDM: Pressure, Digiquartz [db]
# name 3 = longitude: Longitude [deg]
# name 4 = latitude: Latitude [deg]
# name 5 = depSMignore: Depth [salt water, m]
# name 6 = t090C: Temperature [ITS-90, deg C]
# name 7 = t190C: Temperature, 2 [ITS-90, deg C]
# name 8 = c0S/m: Conductivity [S/m]
# name 9 = c1S/m: Conductivity, 2 [S/m]
# name 10 = flSP: Fluorescence, Seapoint
# name 11 = CStarAt0: Beam Attenuation, WET Labs C-Star [1/m]
# name 12 = CStarTr0: Beam Transmission, WET Labs C-Star [%]
# name 13 = par: PAR/Irradiance, Biospherical/Licor
# name 14 = modError: Modulo Error Count
# name 15 = v0: Voltage 0
# name 16 = v1: Voltage 1
# name 17 = v2: Voltage 2
# name 18 = v3: Voltage 3
# name 19 = v4: Voltage 4
# name 20 = v5: Voltage 5
# name 21 = v6: Voltage 6
# name 22 = v7: Voltage 7
# name 23 = sbeox0V: Oxygen raw, SBE 43 [V]
# name 24 = sal00: Salinity, Practical [PSU]
# name 25 = sal11: Salinity, Practical, 2 [PSU]
# name 26 = sigma-é00: Density [sigma-theta, kg/m^3]
# name 27 = sigma-é11: Density, 2 [sigma-theta, kg/m^3]
# name 28 = sbeox0Mg/L: Oxygen, SBE 43 [mg/l], WS = 2
# name 29 = sbox0Mm/Kg: Oxygen, SBE 43 [umol/kg], WS = 2
# name 30 = sbeox0PS: Oxygen, SBE 43 [% saturation], WS = 2
# name 31 = flag: flag
# span 0 =     15.505,    396.267       
# span 1 =        373,       9511       
# span 2 =      3.018,    203.307       
# span 3 = -106.98014, -106.98006       
# span 4 =   17.02054,   17.02058       
# span 5 =      3.000,    202.000       
# span 6 =    12.1833,    26.9083       
# span 7 =    12.1866,    26.9075       
# span 8 =   4.003465,   5.407459       
# span 9 =   4.003913,   5.407568       
# span 10 = 7.3133e-02, 1.2367e+00      
# span 11 =    12.3367,    12.4352      
# span 12 =     4.4655,     4.5768      
# span 13 = 5.0670e-02, 1.4185e+03      
# span 14 =          0,          0      
# span 15 =     4.4655,     4.5768      
# span 16 =     0.0244,     0.4122      
# span 17 =     0.5074,     2.8299      
# span 18 =     0.0000,     0.0000      
# span 19 =     2.8119,     4.6731      
# span 20 =     0.0000,     0.0000      
# span 21 =     0.0049,     4.4395      
# span 22 =     0.0000,     0.0000      
# span 23 =     0.5066,     2.8299      
# span 24 =    34.2104,    34.8041      
# span 25 =    34.2091,    34.8049      
# span 26 =    22.2073,    26.3844      
# span 27 =    22.2080,    26.3847      
# span 28 =     0.0320,     6.8280      
# span 29 =      0.973,    208.641      
# span 30 =      0.370,    102.335      
# span 31 = 0.0000e+00, 0.0000e+00      
# interval = meters: 1                  
# start_time = Apr 19 2018 18:05:54 [System UTC, first data scan.]
# bad_flag = -9.990e-29
*END*
[from data line 91]
    228.073       5475     94.584 -106.98010   17.02058     94.000    15.1965    15.1884   4.280302   4.279235 2.4314e-01    12.3375     4.5758 2.2463e+00          0     4.5758     0.0810     0.5330     0.0000     4.6238     0.0000     1.6482     0.0000     0.5321    34.6825    34.6800    25.6870    25.6868     0.1340      4.081      1.650 0.0000e+00
    230.257       5527     95.590 -106.98010   17.02058     95.000    15.0003    14.9977   4.262142   4.261781 2.2418e-01    12.3367     4.5768 2.0743e+00          0     4.5768     0.0747     0.5332     0.0000     4.6252     0.0000     1.6134     0.0000     0.5322    34.6912    34.6902    25.7369    25.7367     0.1173      3.575      1.440 0.0000e+00
    232.648       5585     96.597 -106.98010   17.02058     96.000    14.9374    14.9361   4.257074   4.256786 2.2706e-01    12.3381     4.5751 1.9410e+00          0     4.5751     0.0757     0.5298     0.0000     4.6267     0.0000     1.5849     0.0000     0.5289    34.7005    34.6990    25.7579    25.7570     0.0962      2.930      1.179 0.0000e+00
    234.230       5623     97.603 -106.98010   17.02058     97.000    14.8546    14.8548   4.251091   4.251006 2.0458e-01    12.3395     4.5735 1.8478e+00          0     4.5735     0.0682     0.5246     0.0000     4.6277     0.0000     1.5634     0.0000     0.5237    34.7192    34.7183    25.7904    25.7897     0.0748      2.280      0.916 0.0000e+00
    235.507       5653     98.610 -106.98010   17.02058     98.000    14.8502    14.8508   4.251092   4.251071 2.4046e-01    12.3409     4.5719 1.7256e+00          0     4.5719     0.0802     0.5216     0.0000     4.6284     0.0000     1.5336     0.0000     0.5206    34.7227    34.7220    25.7941    25.7935     0.0704      2.146      0.862 0.0000e+00
    238.267       5719     99.616 -106.98010   17.02058     99.000    14.8764    14.8658   4.253641   4.252653 2.6850e-01    12.3403     4.5726 1.6159e+00          0     4.5726     0.0895     0.5200     0.0000     4.6292     0.0000     1.5052     0.0000     0.5191    34.7223    34.7227    25.7881    25.7907     0.0740      2.253      0.905 0.0000e+00
    240.825       5781    100.623 -106.98010   17.02058    100.000    14.8455    14.8456   4.251329   4.251285 2.3520e-01    12.3436     4.5688 1.5029e+00          0     4.5688     0.0784     0.5183     0.0000     4.6305     0.0000     1.4737     0.0000     0.5174    34.7283    34.7278    25.7995    25.7991     0.0632      1.926      0.773 0.0000e+00
    242.202       5814    101.629 -106.98010   17.02058    101.000    14.7863    14.7851   4.246336   4.246139 3.3650e-01    12.3475     4.5645 1.4112e+00          0     4.5645     0.1122     0.5171     0.0000     4.6313     0.0000     1.4463     0.0000     0.5162    34.7351    34.7343    25.8176    25.8173     0.0603      1.837      0.737 0.0000e+00
    244.430       5867    102.635 -106.98010   17.02058    102.000    14.7382    14.7379   4.242284   4.242120 3.9711e-01    12.3494     4.5623 1.3115e+00          0     4.5623     0.1324     0.5156     0.0000     4.6322     0.0000     1.4145     0.0000     0.5146    34.7405    34.7393    25.8322    25.8314     0.0569      1.732      0.694 0.0000e+00
    246.621       5920    103.642 -106.98010   17.02058    103.000    14.6868    14.6849   4.237616   4.237400 4.1346e-01    12.3552     4.5557 1.2231e+00          0     4.5557     0.1378     0.5151     0.0000     4.6326     0.0000     1.3842     0.0000     0.5141    34.7432    34.7430    25.8455    25.8458     0.0552      1.680      0.673 0.0000e+00
    248.283       5960    104.648 -106.98010   17.02058    104.000    14.6005    14.5995   4.229913   4.229787 4.9224e-01    12.3574     4.5531 1.1438e+00          0     4.5531     0.1641     0.5141     0.0000     4.6276     0.0000     1.3551     0.0000     0.5132    34.7493    34.7490    25.8689    25.8689     0.0524      1.597      0.638 0.0000e+00
    250.692       6018    105.655 -106.98010   17.02058    105.000    14.5644    14.5634   4.226614   4.226463 5.1341e-01    12.3563     4.5544 1.0603e+00          0     4.5544     0.1711     0.5136     0.0000     4.6224     0.0000     1.3222     0.0000     0.5127    34.7509    34.7504    25.8779    25.8777     0.0513      1.563      0.625 0.0000e+00
    255.833       6141    106.661 -106.98010   17.02058    106.000    14.5604    14.5728   4.226284   4.227479 4.6515e-01    12.3584     4.5520 9.6619e-01          0     4.5520     0.1551     0.5129     0.0000     4.6152     0.0000     1.2820     0.0000     0.5120    34.7510    34.7509    25.8789    25.8761     0.0496      1.510      0.603 0.0000e+00
    261.070       6267    107.668 -106.98009   17.02057    107.000    14.4795    14.4871   4.218874   4.219653 5.9387e-01    12.3669     4.5424 8.8844e-01          0     4.5424     0.1980     0.5127     0.0000     4.6241     0.0000     1.2455     0.0000     0.5118    34.7550    34.7553    25.8994    25.8980     0.0491      1.497      0.597 0.0000e+00
    263.868       6334    108.674 -106.98009   17.02056    108.000    14.2724    14.2715   4.199909   4.199879 5.7880e-01    12.3681     4.5410 8.1969e-01          0     4.5410     0.1929     0.5126     0.0000     4.6247     0.0000     1.2105     0.0000     0.5117    34.7655    34.7660    25.9516    25.9522     0.0480      1.461      0.580 0.0000e+00
    265.146       6364    109.681 -106.98010   17.02056    109.000    14.1911    14.1911   4.192366   4.192333 5.5753e-01    12.3663     4.5430 7.6359e-01          0     4.5430     0.1858     0.5121     0.0000     4.6360     0.0000     1.1797     0.0000     0.5112    34.7685    34.7682    25.9712    25.9710     0.0449      1.368      0.542 0.0000e+00
    266.146       6389    110.687 -106.98010   17.02056    110.000    14.1773    14.1777   4.191139   4.191163 5.6566e-01    12.3671     4.5421 7.0181e-01          0     4.5421     0.1886     0.5118     0.0000     4.6437     0.0000     1.1431     0.0000     0.5109    34.7691    34.7690    25.9747    25.9745     0.0453      1.381      0.547 0.0000e+00
    267.007       6409    111.694 -106.98008   17.02056    111.000    14.1682    14.1684   4.190331   4.190328 5.6585e-01    12.3672     4.5420 6.4090e-01          0     4.5420     0.1886     0.5117     0.0000     4.6443     0.0000     1.1036     0.0000     0.5108    34.7694    34.7693    25.9769    25.9767     0.0456      1.388      0.550 0.0000e+00
    267.848       6429    112.700 -106.98008   17.02056    112.000    14.1348    14.1348   4.187286   4.187270 5.6066e-01    12.3674     4.5418 5.8984e-01          0     4.5418     0.1869     0.5117     0.0000     4.6431     0.0000     1.0676     0.0000     0.5108    34.7709    34.7707    25.9851    25.9849     0.0459      1.397      0.553 0.0000e+00
    268.753       6451    113.707 -106.98008   17.02056    113.000    14.1059    14.1060   4.184667   4.184629 5.4100e-01    12.3663     4.5429 5.4913e-01          0     4.5429     0.1803     0.5117     0.0000     4.6417     0.0000     1.0366     0.0000     0.5108    34.7722    34.7718    25.9922    25.9919     0.0466      1.420      0.562 0.0000e+00
    269.753       6475    114.713 -106.98008   17.02056    114.000    14.0238    14.0218   4.177136   4.176895 4.9474e-01    12.3643     4.5454 5.0926e-01          0     4.5454     0.1649     0.5117     0.0000     4.6415     0.0000     1.0038     0.0000     0.5108    34.7760    34.7755    26.0124    26.0124     0.0464      1.413      0.558 0.0000e+00
    270.921       6503    115.720 -106.98008   17.02056    115.000    13.9584    13.9564   4.171164   4.170981 4.5387e-01    12.3622     4.5477 4.6673e-01          0     4.5477     0.1513     0.5118     0.0000     4.6427     0.0000     0.9660     0.0000     0.5109    34.7791    34.7792    26.0286    26.0291     0.0465      1.416      0.559 0.0000e+00
    272.216       6534    116.727 -106.98008   17.02056    116.000    13.8504    13.8492   4.161224   4.161122 3.5879e-01    12.3597     4.5505 4.2652e-01          0     4.5505     0.1196     0.5116     0.0000     4.6437     0.0000     0.9269     0.0000     0.5107    34.7836    34.7838    26.0547    26.0551     0.0459      1.399      0.551 0.0000e+00
    273.348       6561    117.733 -106.98008   17.02056    117.000    13.8122    13.8115   4.157675   4.157590 3.3235e-01    12.3578     4.5526 3.9334e-01          0     4.5526     0.1108     0.5117     0.0000     4.6473     0.0000     0.8919     0.0000     0.5108    34.7847    34.7845    26.0635    26.0635     0.0457      1.392      0.548 0.0000e+00
    274.267       6583    118.740 -106.98008   17.02056    118.000    13.7835    13.7835   4.155071   4.155078 3.1465e-01    12.3568     4.5539 3.6470e-01          0     4.5539     0.1049     0.5115     0.0000     4.6405     0.0000     0.8590     0.0000     0.5106    34.7860    34.7860    26.0705    26.0705     0.0455      1.387      0.546 0.0000e+00
    275.056       6602    119.746 -106.98008   17.02056    119.000    13.7604    13.7602   4.152951   4.152939 2.9952e-01    12.3562     4.5545 3.3855e-01          0     4.5545     0.0998     0.5115     0.0000     4.6201     0.0000     0.8267     0.0000     0.5106    34.7866    34.7867    26.0758    26.0759     0.0460      1.399      0.550 0.0000e+00
    275.804       6620    120.753 -106.98008   17.02056    120.000    13.7510    13.7507   4.152161   4.152138 2.9351e-01    12.3561     4.5546 3.1709e-01          0     4.5546     0.0979     0.5115     0.0000     4.6254     0.0000     0.7984     0.0000     0.5106    34.7874    34.7874    26.0784    26.0785     0.0460      1.402      0.551 0.0000e+00
    276.605       6640    121.759 -106.98008   17.02056    121.000    13.7403    13.7407   4.151194   4.151253 2.9594e-01    12.3551     4.5559 2.9305e-01          0     4.5559     0.0987     0.5115     0.0000     4.6273     0.0000     0.7641     0.0000     0.5106    34.7876    34.7878    26.0808    26.0808     0.0453      1.379      0.542 0.0000e+00
    277.651       6665    122.766 -106.98008   17.02056    122.000    13.7240    13.7251   4.149704   4.149852 3.0057e-01    12.3549     4.5560 2.7144e-01          0     4.5560     0.1002     0.5114     0.0000     4.6278     0.0000     0.7308     0.0000     0.5105    34.7880    34.7884    26.0845    26.0846     0.0454      1.384      0.544 0.0000e+00
    279.052       6698    123.773 -106.98008   17.02056    123.000    13.6874    13.6869   4.146294   4.146347 3.1117e-01    12.3541     4.5569 2.4976e-01          0     4.5569     0.1037     0.5116     0.0000     4.6285     0.0000     0.6948     0.0000     0.5107    34.7889    34.7899    26.0928    26.0937     0.0465      1.416      0.556 0.0000e+00
    280.513       6733    124.779 -106.98008   17.02056    124.000    13.5779    13.5764   4.136124   4.136082 2.5040e-01    12.3531     4.5580 2.3243e-01          0     4.5580     0.0835     0.5115     0.0000     4.6289     0.0000     0.6637     0.0000     0.5106    34.7926    34.7936    26.1182    26.1194     0.0445      1.356      0.531 0.0000e+00
    281.673       6761    125.786 -106.98008   17.02056    125.000    13.5497    13.5498   4.133596   4.133662 2.2447e-01    12.3537     4.5573 2.2058e-01          0     4.5573     0.0748     0.5112     0.0000     4.6348     0.0000     0.6410     0.0000     0.5103    34.7941    34.7946    26.1253    26.1256     0.0454      1.384      0.542 0.0000e+00
    282.670       6785    126.792 -106.98008   17.02056    126.000    13.5432    13.5440   4.133051   4.133176 2.2616e-01    12.3535     4.5576 2.0412e-01          0     4.5576     0.0754     0.5115     0.0000     4.6354     0.0000     0.6073     0.0000     0.5106    34.7944    34.7949    26.1269    26.1271     0.0465      1.415      0.554 0.0000e+00
    283.637       6808    127.799 -106.98008   17.02056    127.000    13.4957    13.4949   4.128478   4.128330 2.1011e-01    12.3525     4.5588 1.8965e-01          0     4.5588     0.0700     0.5114     0.0000     4.6348     0.0000     0.5755     0.0000     0.5105    34.7943    34.7936    26.1365    26.1362     0.0452      1.378      0.539 0.0000e+00
    284.537       6830    128.805 -106.98008   17.02056    128.000    13.4222    13.4220   4.121790   4.121840 1.8527e-01    12.3512     4.5602 1.7970e-01          0     4.5602     0.0618     0.5113     0.0000     4.6349     0.0000     0.5522     0.0000     0.5104    34.7979    34.7985    26.1544    26.1549     0.0436      1.329      0.519 0.0000e+00
    285.326       6849    129.812 -106.98008   17.02056    129.000    13.4188    13.4181   4.121527   4.121497 1.7741e-01    12.3521     4.5592 1.6822e-01          0     4.5592     0.0591     0.5110     0.0000     4.6243     0.0000     0.5235     0.0000     0.5101    34.7980    34.7984    26.1552    26.1557     0.0429      1.307      0.510 0.0000e+00
    286.023       6866    130.819 -106.98008   17.02056    130.000    13.4139    13.4141   4.121114   4.121173 1.7618e-01    12.3516     4.5598 1.6217e-01          0     4.5598     0.0587     0.5109     0.0000     4.6155     0.0000     0.5078     0.0000     0.5100    34.7982    34.7986    26.1564    26.1567     0.0432      1.315      0.513 0.0000e+00
    286.677       6881    131.825 -106.98008   17.02056    131.000    13.3977    13.3978   4.119673   4.119727 1.7057e-01    12.3508     4.5606 1.5085e-01          0     4.5606     0.0569     0.5108     0.0000     4.6377     0.0000     0.4763     0.0000     0.5099    34.7990    34.7994    26.1604    26.1606     0.0432      1.317      0.514 0.0000e+00
    287.396       6898    132.832 -106.98008   17.02056    132.000    13.3791    13.3795   4.117922   4.117978 1.6706e-01    12.3504     4.5611 1.4272e-01          0     4.5611     0.0557     0.5109     0.0000     4.5503     0.0000     0.4524     0.0000     0.5100    34.7990    34.7992    26.1642    26.1642     0.0443      1.350      0.527 0.0000e+00
    288.455       6924    133.839 -106.98008   17.02056    133.000    13.3386    13.3360   4.114119   4.113897 1.7550e-01    12.3503     4.5612 1.3393e-01          0     4.5612     0.0585     0.5108     0.0000     4.5520     0.0000     0.4247     0.0000     0.5099    34.7996    34.7999    26.1730    26.1737     0.0423      1.287      0.502 0.0000e+00
    290.399       6971    134.845 -106.98008   17.02056    134.000    13.2790    13.2668   4.108736   4.107493 1.7667e-01    12.3503     4.5612 1.2645e-01          0     4.5612     0.0589     0.5106     0.0000     4.6263     0.0000     0.4000     0.0000     0.5097    34.8028    34.8021    26.1875    26.1895     0.0430      1.310      0.510 0.0000e+00
    291.855       7006    135.852 -106.98008   17.02056    135.000    13.2375    13.2382   4.104602   4.104736 1.3680e-01    12.3494     4.5623 1.1767e-01          0     4.5623     0.0456     0.5108     0.0000     4.6187     0.0000     0.3687     0.0000     0.5099    34.8012    34.8018    26.1947    26.1951     0.0439      1.338      0.521 0.0000e+00
    292.729       7026    136.858 -106.98008   17.02056    136.000    13.2204    13.2204   4.102958   4.102994 1.3333e-01    12.3493     4.5624 1.1213e-01          0     4.5624     0.0445     0.5107     0.0000     4.6427     0.0000     0.3478     0.0000     0.5098    34.8008    34.8012    26.1979    26.1983     0.0438      1.334      0.519 0.0000e+00
    293.526       7046    137.865 -106.98008   17.02056    137.000    13.1638    13.1632   4.097567   4.097552 1.2357e-01    12.3493     4.5625 1.0653e-01          0     4.5625     0.0412     0.5108     0.0000     4.6567     0.0000     0.3257     0.0000     0.5099    34.8012    34.8015    26.2097    26.2101     0.0433      1.319      0.512 0.0000e+00
