data/ctd-cnv/RR1804/Station32_cast55.cnv
* Sea-Bird SBE 9 Data File:
* FileName = C:\CTD\RR1805\Station32_cast55.hex
* Software Version Seasave V 7.26.6.26
* Temperature SN = 4307
* Conductivity SN = 4650
* Number of Bytes Per Scan = 44
* Number of Voltage Words = 5
* Number of Scans Averaged by the Deck Unit = 1
* NMEA Latitude = 16 58.65 N
* NMEA Longitude = 106 58.00 W
* NMEA UTC (Time) = Apr 19 2018 23:59:38
** Ship: Revell
** Station: On Deck
** Operator: nak
** cast55
# nquan = 32
# nvalues = 202                         
# units = specified
# name 0 = timeS: Time, Elapsed [seconds]
# name 1 = scan: Scan Count
# name 2 = prDM: Pressure, Digiquartz [db]
# name 3 = longitude: Longitude [deg]
# name 4 = latitude: Latitude [deg]
# name 5 = depSMignore: Depth [salt water, m]
# name 6 = t090C: Temperature [ITS-90, deg C]
# name 7 = t190C: Temperature, 2 [ITS-90, deg C]
# name 8 = c0S/m: Conductivity [S/m]
# name 9 = c1S/m: Conductivity, 2 [S/m]
# name 10 = flSP: Fluorescence, Seapoint
# name 11 = CStarAt0: Beam Attenuation, WET Labs C-Star [1/m]
# name 12 = CStarTr0: Beam Transmission, WET Labs C-Star [%]
# name 13 = par: PAR/Irradiance, Biospherical/Licor
# name 14 = modError: Modulo Error Count
# name 15 = v0: Voltage 0
# name 16 = v1: Voltage 1
# name 17 = v2: Voltage 2
# name 18 = v3: Voltage 3
# name 19 = v4: Voltage 4
# name 20 = v5: Voltage 5
# name 21 = v6: Voltage 6
# name 22 = v7: Voltage 7
# name 23 = sbeox0V: Oxygen raw, SBE 43 [V]
# name 24 = sal00: Salinity, Practical [PSU]
# name 25 = sal11: Salinity, Practical, 2 [PSU]
# name 26 = sigma-é00: Density [sigma-theta, kg/m^3]
# name 27 = sigma-é11: Density, 2 [sigma-theta, kg/m^3]
# name 28 = sbeox0Mg/L: Oxygen, SBE 43 [mg/l], WS = 2
# name 29 = sbox0Mm/Kg: Oxygen, SBE 43 [umol/kg], WS = 2
# name 30 = sbeox0PS: Oxygen, SBE 43 [% saturation], WS = 2
# name 31 = flag: flag
# span 0 =     28.666,    559.973       
# span 1 =        689,      13440       
# span 2 =      1.006,    203.307       
# span 3 = -106.96682, -106.96677       
# span 4 =   16.97746,   16.97756       
# span 5 =      1.000,    202.000       
# span 6 =    12.0352,    27.0370       
# span 7 =    12.0337,    27.0378       
# span 8 =   3.988422,   5.419741       
# span 9 =   3.988433,   5.441992       
# span 10 = 7.1728e-02, 1.1027e+00      
# span 11 =    12.3149,    13.4127      
# span 12 =     4.4153,     4.5710      
# span 13 = 5.0671e-02, 2.1270e+02      
# span 14 =          0,          0      
# span 15 =     4.4153,     4.5710      
# span 16 =     0.0239,     0.3676      
# span 17 =     0.5078,     2.8248      
# span 18 =     0.0000,     0.0000      
# span 19 =     0.0838,     4.6722      
# span 20 =     0.0000,     0.0000      
# span 21 =     0.0049,     3.6334      
# span 22 =     0.0000,     0.0000      
# span 23 =     0.5070,     2.8248      
# span 24 =    34.2045,    34.8085      
# span 25 =    34.2024,    34.8093      
# span 26 =    22.1134,    26.4062      
# span 27 =    22.1701,    26.4076      
# span 28 =     0.0334,     6.9648      
# span 29 =      1.017,    212.721      
# span 30 =      0.386,    103.174      
# span 31 = 0.0000e+00, 0.0000e+00      
# interval = meters: 1                  
# start_time = Apr 19 2018 23:59:42 [System UTC, first data scan.]
# bad_flag = -9.990e-29
*END*
[from data line 136]
    445.333      10689    137.865 -106.96680   16.97754    137.000    13.3066    13.3063   4.111438   4.111387 1.4573e-01    12.3519     4.5595 5.0671e-02          0     4.5595     0.0485     0.5116     0.0000     4.5869     0.0000     0.0049     0.0000     0.5106    34.8018    34.8017    26.1813    26.1812     0.0462      1.409      0.549 0.0000e+00
    446.250      10711    138.872 -106.96680   16.97754    138.000    13.2900    13.2914   4.109925   4.110060 1.4097e-01    12.3518     4.5595 5.0671e-02          0     4.5595     0.0470     0.5115     0.0000     4.6078     0.0000     0.0049     0.0000     0.5105    34.8022    34.8022    26.1850    26.1847     0.0453      1.380      0.537 0.0000e+00
    447.174      10733    139.878 -106.96680   16.97754    139.000    13.2829    13.2826   4.109279   4.109226 1.3987e-01    12.3518     4.5595 5.0671e-02          0     4.5595     0.0466     0.5114     0.0000     4.5633     0.0000     0.0049     0.0000     0.5104    34.8022    34.8021    26.1865    26.1864     0.0446      1.357      0.528 0.0000e+00
    448.134      10756    140.885 -106.96680   16.97754    140.000    13.2717    13.2720   4.108269   4.108298 1.3625e-01    12.3518     4.5595 5.0671e-02          0     4.5595     0.0454     0.5112     0.0000     4.5885     0.0000     0.0049     0.0000     0.5102    34.8025    34.8025    26.1890    26.1889     0.0436      1.327      0.516 0.0000e+00
    449.017      10777    141.891 -106.96680   16.97754    141.000    13.2679    13.2689   4.107968   4.108079 1.3480e-01    12.3520     4.5593 5.0671e-02          0     4.5593     0.0450     0.5110     0.0000     4.0851     0.0000     0.0049     0.0000     0.5100    34.8027    34.8028    26.1899    26.1898     0.0438      1.335      0.520 0.0000e+00
    449.787      10796    142.898 -106.96680   16.97754    142.000    13.2607    13.2618   4.107352   4.107447 1.3210e-01    12.3515     4.5599 5.0671e-02          0     4.5599     0.0441     0.5111     0.0000     4.6162     0.0000     0.0049     0.0000     0.5101    34.8030    34.8029    26.1917    26.1914     0.0462      1.406      0.547 0.0000e+00
    450.525      10814    143.905 -106.96680   16.97754    143.000    13.2388    13.2374   4.105336   4.105181 1.2716e-01    12.3515     4.5599 5.0671e-02          0     4.5599     0.0424     0.5115     0.0000     4.6266     0.0000     0.0049     0.0000     0.5105    34.8035    34.8034    26.1965    26.1967     0.0469      1.429      0.556 0.0000e+00
    451.319      10833    144.912 -106.96680   16.97755    144.000    13.1836    13.1825   4.100142   4.099992 1.1812e-01    12.3530     4.5582 5.0671e-02          0     4.5582     0.0394     0.5113     0.0000     4.6532     0.0000     0.0049     0.0000     0.5103    34.8045    34.8041    26.2085    26.2083     0.0439      1.337      0.520 0.0000e+00
    452.517      10861    145.918 -106.96680   16.97756    145.000    13.1411    13.1405   4.096109   4.096063 1.1949e-01    12.3513     4.5601 5.0671e-02          0     4.5601     0.0398     0.5111     0.0000     4.6546     0.0000     0.0049     0.0000     0.5101    34.8047    34.8048    26.2172    26.2174     0.0432      1.316      0.511 0.0000e+00
    454.262      10903    146.925 -106.96680   16.97754    146.000    13.1144    13.1141   4.093497   4.093500 1.1466e-01    12.3509     4.5605 5.0671e-02          0     4.5605     0.0382     0.5106     0.0000     4.6523     0.0000     0.0049     0.0000     0.5096    34.8040    34.8043    26.2221    26.2224     0.0417      1.271      0.493 0.0000e+00
    455.468      10932    147.932 -106.96680   16.97754    147.000    13.0952    13.0956   4.091706   4.091784 1.0836e-01    12.3508     4.5606 5.0671e-02          0     4.5606     0.0361     0.5107     0.0000     4.6234     0.0000     0.0049     0.0000     0.5097    34.8041    34.8044    26.2261    26.2262     0.0431      1.311      0.509 0.0000e+00
    456.353      10953    148.938 -106.96680   16.97754    148.000    13.0838    13.0845   4.090699   4.090765 1.0623e-01    12.3503     4.5613 5.0671e-02          0     4.5613     0.0354     0.5106     0.0000     4.5936     0.0000     0.0049     0.0000     0.5096    34.8045    34.8046    26.2287    26.2287     0.0424      1.290      0.500 0.0000e+00
    457.220      10974    149.945 -106.96680   16.97754    149.000    13.0773    13.0779   4.090147   4.090221 1.0589e-01    12.3503     4.5613 5.0671e-02          0     4.5613     0.0353     0.5105     0.0000     4.6342     0.0000     0.0049     0.0000     0.5095    34.8048    34.8050    26.2303    26.2303     0.0427      1.300      0.504 0.0000e+00
    458.205      10998    150.952 -106.96680   16.97754    150.000    13.0583    13.0585   4.088352   4.088378 1.0333e-01    12.3502     4.5613 5.0671e-02          0     4.5613     0.0345     0.5106     0.0000     4.6575     0.0000     0.0049     0.0000     0.5096    34.8048    34.8048    26.2341    26.2341     0.0431      1.313      0.509 0.0000e+00
    459.365      11026    151.958 -106.96680   16.97754    151.000    13.0234    13.0226   4.085035   4.084978 9.8461e-02    12.3501     4.5615 5.0671e-02          0     4.5615     0.0328     0.5105     0.0000     4.6558     0.0000     0.0049     0.0000     0.5095    34.8049    34.8050    26.2412    26.2415     0.0423      1.289      0.499 0.0000e+00
    460.502      11053    152.965 -106.96680   16.97754    152.000    12.9889    12.9882   4.081794   4.081731 9.4955e-02    12.3497     4.5620 5.0671e-02          0     4.5620     0.0316     0.5105     0.0000     4.6584     0.0000     0.0049     0.0000     0.5095    34.8052    34.8053    26.2484    26.2486     0.0423      1.289      0.499 0.0000e+00
    461.489      11077    153.972 -106.96680   16.97754    153.000    12.9729    12.9731   4.080287   4.080349 9.3273e-02    12.3500     4.5616 5.0671e-02          0     4.5616     0.0311     0.5104     0.0000     4.6589     0.0000     0.0049     0.0000     0.5094    34.8052    34.8056    26.2516    26.2519     0.0423      1.287      0.498 0.0000e+00
    462.408      11099    154.979 -106.96680   16.97754    154.000    12.9491    12.9487   4.077997   4.077979 9.1591e-02    12.3497     4.5620 5.0671e-02          0     4.5620     0.0305     0.5105     0.0000     4.6593     0.0000     0.0049     0.0000     0.5095    34.8048    34.8050    26.2561    26.2563     0.0423      1.287      0.498 0.0000e+00
    463.359      11122    155.985 -106.96680   16.97754    155.000    12.9249    12.9246   4.075684   4.075661 9.0635e-02    12.3498     4.5618 5.0671e-02          0     4.5618     0.0302     0.5105     0.0000     4.6593     0.0000     0.0049     0.0000     0.5095    34.8046    34.8046    26.2608    26.2609     0.0422      1.286      0.497 0.0000e+00
    464.415      11147    156.992 -106.96680   16.97754    156.000    12.9014    12.9026   4.073605   4.073767 8.7584e-02    12.3496     4.5621 5.0671e-02          0     4.5621     0.0292     0.5104     0.0000     4.6594     0.0000     0.0049     0.0000     0.5094    34.8059    34.8063    26.2665    26.2666     0.0422      1.285      0.497 0.0000e+00
    465.562      11174    157.999 -106.96680   16.97754    157.000    12.8765    12.8775   4.071310   4.071417 8.4109e-02    12.3490     4.5627 5.0671e-02          0     4.5627     0.0281     0.5104     0.0000     4.6600     0.0000     0.0049     0.0000     0.5094    34.8064    34.8066    26.2719    26.2719     0.0430      1.309      0.505 0.0000e+00
    466.639      11200    159.006 -106.96680   16.97754    158.000    12.8383    12.8379   4.067669   4.067674 8.1579e-02    12.3485     4.5633 5.0671e-02          0     4.5633     0.0272     0.5104     0.0000     4.6601     0.0000     0.0049     0.0000     0.5094    34.8065    34.8068    26.2796    26.2799     0.0420      1.278      0.493 0.0000e+00
    467.575      11223    160.012 -106.96680   16.97754    159.000    12.8217    12.8222   4.066197   4.066284 8.0572e-02    12.3483     4.5636 5.0671e-02          0     4.5636     0.0269     0.5104     0.0000     4.6594     0.0000     0.0049     0.0000     0.5094    34.8072    34.8076    26.2835    26.2837     0.0423      1.287      0.497 0.0000e+00
    468.453      11244    161.019 -106.96680   16.97754    160.000    12.8153    12.8162   4.065665   4.065798 8.0077e-02    12.3482     4.5637 5.0671e-02          0     4.5637     0.0267     0.5103     0.0000     4.6602     0.0000     0.0049     0.0000     0.5093    34.8076    34.8081    26.2851    26.2853     0.0415      1.263      0.487 0.0000e+00
    469.460      11268    162.026 -106.96680   16.97754    161.000    12.8138    12.8144   4.065576   4.065689 7.8908e-02    12.3481     4.5638 5.0671e-02          0     4.5638     0.0263     0.5103     0.0000     4.6609     0.0000     0.0049     0.0000     0.5093    34.8077    34.8083    26.2855    26.2858     0.0419      1.275      0.492 0.0000e+00
    470.837      11301    163.032 -106.96680   16.97754    162.000    12.8127    12.8134   4.065540   4.065665 7.9697e-02    12.3479     4.5640 5.0671e-02          0     4.5640     0.0266     0.5102     0.0000     4.6617     0.0000     0.0049     0.0000     0.5092    34.8079    34.8085    26.2859    26.2862     0.0412      1.255      0.484 0.0000e+00
    472.152      11333    164.039 -106.96680   16.97753    163.000    12.8119    12.8126   4.065547   4.065688 7.8361e-02    12.3479     4.5640 5.0671e-02          0     4.5640     0.0261     0.5103     0.0000     4.6602     0.0000     0.0049     0.0000     0.5093    34.8083    34.8090    26.2864    26.2868     0.0413      1.258      0.485 0.0000e+00
    473.130      11356    165.046 -106.96680   16.97752    164.000    12.8110    12.8117   4.065533   4.065672 7.7568e-02    12.3483     4.5636 5.0671e-02          0     4.5636     0.0258     0.5100     0.0000     4.6392     0.0000     0.0049     0.0000     0.5090    34.8085    34.8093    26.2867    26.2872     0.0412      1.255      0.484 0.0000e+00
    474.017      11377    166.053 -106.96680   16.97752    165.000    12.8053    12.8056   4.064997   4.065073 7.9043e-02    12.3501     4.5615 5.0671e-02          0     4.5615     0.0264     0.5104     0.0000     4.6559     0.0000     0.0049     0.0000     0.5094    34.8083    34.8087    26.2877    26.2880     0.0436      1.328      0.512 0.0000e+00
    474.978      11400    167.060 -106.96680   16.97752    166.000    12.7860    12.7860   4.063157   4.063220 7.7630e-02    12.3478     4.5641 5.0671e-02          0     4.5641     0.0259     0.5102     0.0000     4.6567     0.0000     0.0049     0.0000     0.5092    34.8080    34.8087    26.2914    26.2919     0.0410      1.248      0.481 0.0000e+00
    476.066      11427    168.066 -106.96680   16.97752    167.000    12.7571    12.7573   4.060401   4.060464 7.6457e-02    12.3477     4.5642 5.0671e-02          0     4.5642     0.0254     0.5102     0.0000     4.6519     0.0000     0.0049     0.0000     0.5092    34.8078    34.8083    26.2970    26.2973     0.0406      1.236      0.476 0.0000e+00
    477.075      11451    169.073 -106.96680   16.97752    168.000    12.7444    12.7447   4.059163   4.059252 7.6773e-02    12.3474     4.5646 5.0671e-02          0     4.5646     0.0256     0.5100     0.0000     4.6572     0.0000     0.0049     0.0000     0.5090    34.8073    34.8078    26.2991    26.2995     0.0405      1.233      0.475 0.0000e+00
    477.932      11471    170.080 -106.96680   16.97752    169.000    12.7216    12.7215   4.056916   4.056938 7.6730e-02    12.3476     4.5643 5.0671e-02          0     4.5643     0.0255     0.5100     0.0000     4.6561     0.0000     0.0049     0.0000     0.5090    34.8064    34.8066    26.3029    26.3031     0.0409      1.245      0.479 0.0000e+00
    478.723      11490    171.087 -106.96680   16.97752    170.000    12.7092    12.7098   4.055693   4.055826 7.5649e-02    12.3477     4.5642 5.0671e-02          0     4.5642     0.0252     0.5100     0.0000     4.6572     0.0000     0.0049     0.0000     0.5090    34.8056    34.8063    26.3048    26.3053     0.0402      1.225      0.472 0.0000e+00
    479.598      11511    172.094 -106.96680   16.97752    171.000    12.6803    12.6800   4.052844   4.052848 7.5757e-02    12.3477     4.5642 5.0671e-02          0     4.5642     0.0252     0.5098     0.0000     4.6586     0.0000     0.0049     0.0000     0.5088    34.8045    34.8048    26.3097    26.3100     0.0407      1.240      0.477 0.0000e+00
    480.802      11540    173.100 -106.96680   16.97752    172.000    12.6469    12.6468   4.049604   4.049652 7.5350e-02    12.3476     4.5643 5.0671e-02          0     4.5643     0.0251     0.5100     0.0000     4.6596     0.0000     0.0049     0.0000     0.5090    34.8039    34.8044    26.3158    26.3162     0.0404      1.231      0.473 0.0000e+00
    482.398      11579    174.107 -106.96680   16.97752    173.000    12.6354    12.6359   4.048514   4.048640 7.4457e-02    12.3474     4.5645 5.0671e-02          0     4.5645     0.0248     0.5099     0.0000     4.6588     0.0000     0.0049     0.0000     0.5089    34.8036    34.8044    26.3178    26.3184     0.0415      1.263      0.485 0.0000e+00
    483.753      11611    175.114 -106.96680   16.97752    174.000    12.6220    12.6220   4.047230   4.047299 7.4298e-02    12.3478     4.5640 5.0671e-02          0     4.5640     0.0247     0.5098     0.0000     4.6584     0.0000     0.0049     0.0000     0.5088    34.8032    34.8039    26.3202    26.3207     0.0382      1.163      0.447 0.0000e+00
    484.780      11636    176.121 -106.96680   16.97752    175.000    12.6068    12.6072   4.045837   4.045956 7.6700e-02    12.3474     4.5645 5.0671e-02          0     4.5645     0.0255     0.5096     0.0000     4.6572     0.0000     0.0049     0.0000     0.5086    34.8034    34.8042    26.3234    26.3239     0.0394      1.200      0.461 0.0000e+00
    485.681      11657    177.128 -106.96680   16.97752    176.000    12.6027    12.6046   4.045484   4.045771 7.3210e-02    12.3474     4.5646 5.0671e-02          0     4.5646     0.0244     0.5096     0.0000     4.6574     0.0000     0.0049     0.0000     0.5086    34.8034    34.8044    26.3242    26.3246     0.0397      1.208      0.464 0.0000e+00
    486.580      11679    178.135 -106.96680   16.97750    177.000    12.5867    12.5864   4.043831   4.043873 7.3746e-02    12.3474     4.5645 5.0671e-02          0     4.5645     0.0246     0.5096     0.0000     4.6561     0.0000     0.0049     0.0000     0.5086    34.8018    34.8025    26.3261    26.3267     0.0399      1.214      0.466 0.0000e+00
    487.633      11704    179.142 -106.96680   16.97750    178.000    12.5568    12.5568   4.040847   4.040921 7.3783e-02    12.3476     4.5644 5.0671e-02          0     4.5644     0.0246     0.5097     0.0000     4.6596     0.0000     0.0049     0.0000     0.5087    34.8003    34.8011    26.3309    26.3315     0.0394      1.199      0.460 0.0000e+00
    488.850      11733    180.148 -106.96680   16.97750    179.000    12.5510    12.5515   4.040303   4.040436 7.3243e-02    12.3474     4.5645 5.0671e-02          0     4.5645     0.0244     0.5095     0.0000     4.6616     0.0000     0.0049     0.0000     0.5085    34.8000    34.8009    26.3318    26.3324     0.0395      1.202      0.461 0.0000e+00
    489.926      11759    181.155 -106.96680   16.97750    180.000    12.5159    12.5136   4.036534   4.036351 7.4359e-02    12.3475     4.5644 5.0671e-02          0     4.5644     0.0248     0.5098     0.0000     4.6627     0.0000     0.0049     0.0000     0.5088    34.7959    34.7962    26.3355    26.3362     0.0413      1.257      0.482 0.0000e+00
    490.803      11780    182.162 -106.96680   16.97750    181.000    12.4394    12.4388   4.028902   4.028929 7.3271e-02    12.3480     4.5639 5.0671e-02          0     4.5639     0.0244     0.5096     0.0000     4.6631     0.0000     0.0049     0.0000     0.5086    34.7927    34.7935    26.3480    26.3487     0.0389      1.185      0.454 0.0000e+00
