data/ctd-cnv/RR1804/Station32_cast45.cnv
* Sea-Bird SBE 9 Data File:
* FileName = C:\CTD\RR1805\Station32_cast45.hex
* Software Version Seasave V 7.26.6.26
* Temperature SN = 4307
* Conductivity SN = 4650
* Number of Bytes Per Scan = 44
* Number of Voltage Words = 5
* Number of Scans Averaged by the Deck Unit = 1
* NMEA Latitude = 16 56.63 N
* NMEA Longitude = 107 02.05 W
* NMEA UTC (Time) = Apr 16 2018 15:03:02
** Ship: Revell
** Station: 32 (P2)
** Operator: gabrielle
** cast 45
# nquan = 32
# nvalues = 842                         
# units = specified
# name 0 = timeS: Time, Elapsed [seconds]
# name 1 = scan: Scan Count
# name 2 = prDM: Pressure, Digiquartz [db]
# name 3 = longitude: Longitude [deg]
# name 4 = latitude: Latitude [deg]
# name 5 = depSMignore: Depth [salt water, m]
# name 6 = t090C: Temperature [ITS-90, deg C]
# name 7 = t190C: Temperature, 2 [ITS-90, deg C]
# name 8 = c0S/m: Conductivity [S/m]
# name 9 = c1S/m: Conductivity, 2 [S/m]
# name 10 = flSP: Fluorescence, Seapoint
# name 11 = CStarAt0: Beam Attenuation, WET Labs C-Star [1/m]
# name 12 = CStarTr0: Beam Transmission, WET Labs C-Star [%]
# name 13 = par: PAR/Irradiance, Biospherical/Licor
# name 14 = modError: Modulo Error Count
# name 15 = v0: Voltage 0
# name 16 = v1: Voltage 1
# name 17 = v2: Voltage 2
# name 18 = v3: Voltage 3
# name 19 = v4: Voltage 4
# name 20 = v5: Voltage 5
# name 21 = v6: Voltage 6
# name 22 = v7: Voltage 7
# name 23 = sbeox0V: Oxygen raw, SBE 43 [V]
# name 24 = sal00: Salinity, Practical [PSU]
# name 25 = sal11: Salinity, Practical, 2 [PSU]
# name 26 = sigma-é00: Density [sigma-theta, kg/m^3]
# name 27 = sigma-é11: Density, 2 [sigma-theta, kg/m^3]
# name 28 = sbeox0Mg/L: Oxygen, SBE 43 [mg/l], WS = 2
# name 29 = sbox0Mm/Kg: Oxygen, SBE 43 [umol/kg], WS = 2
# name 30 = sbeox0PS: Oxygen, SBE 43 [% saturation], WS = 2
# name 31 = flag: flag
# span 0 =     -0.920,   1119.763       
# span 1 =        -21,      26875       
# span 2 =     11.066,    858.865       
# span 3 = -107.03428, -107.03416       
# span 4 =   16.94374,   16.94386       
# span 5 =     11.000,    852.000       
# span 6 =     5.4000,    26.8789       
# span 7 =     5.4006,    26.8748       
# span 8 =   3.379504,   5.406327       
# span 9 =   3.379667,   5.406451       
# span 10 = 7.0628e-02, 1.2618e+00      
# span 11 =    12.3212,    12.4365      
# span 12 =     4.4639,     4.5945      
# span 13 = 5.0662e-02, 7.1924e+01      
# span 14 =          0,          0      
# span 15 =     4.4639,     4.5945      
# span 16 =     0.0235,     0.4206      
# span 17 =     0.5051,     2.8078      
# span 18 =     0.0000,     0.0000      
# span 19 =     4.1806,     4.6751      
# span 20 =     0.0000,     0.0000      
# span 21 =     0.0048,     3.1532      
# span 22 =     0.0000,     0.0000      
# span 23 =     0.5046,     2.8078      
# span 24 =    34.1733,    34.8018      
# span 25 =    34.1708,    34.8017      
# span 26 =    22.2100,    27.2691      
# span 27 =    22.2133,    27.2700      
# span 28 =     0.0273,     6.7637      
# span 29 =      0.830,    206.680      
# span 30 =      0.286,    101.287      
# span 31 = 0.0000e+00, 0.0000e+00      
# interval = meters: 1                  
# start_time = Apr 16 2018 15:03:41 [System UTC, first data scan.]
# bad_flag = -9.990e-29
*END*
[from data line 46]
    223.665       5369     57.348 -107.03428   16.94376     57.000    18.9905    18.9945   4.625415   4.625233 7.9718e-01    12.3745     4.5337 5.2311e+00          0     4.5337     0.2657     1.2240     0.0000     4.5754     0.0000     2.0153     0.0000     1.2235    34.4430    34.4381    24.6005    24.5957     1.9495     59.461     25.789 0.0000e+00
    224.985       5401     58.355 -107.03428   16.94377     58.000    18.7889    18.7853   4.608917   4.608437 6.2698e-01    12.3708     4.5380 4.8237e+00          0     4.5380     0.2090     1.0843     0.0000     4.5763     0.0000     1.9800     0.0000     1.0838    34.4725    34.4715    24.6741    24.6742     1.5994     48.778     21.082 0.0000e+00
    226.294       5432     59.361 -107.03428   16.94378     59.000    18.6435    18.6424   4.595803   4.595398 6.3269e-01    12.3649     4.5446 4.4420e+00          0     4.5446     0.2109     1.0117     0.0000     4.5778     0.0000     1.9442     0.0000     1.0112    34.4834    34.4810    24.7191    24.7175     1.5650     47.726     20.573 0.0000e+00
    228.129       5476     60.367 -107.03428   16.94378     60.000    18.5423    18.5422   4.585632   4.585344 6.9293e-01    12.3646     4.5449 4.1112e+00          0     4.5449     0.2310     0.9817     0.0000     4.5797     0.0000     1.9105     0.0000     0.9812    34.4822    34.4798    24.7436    24.7418     1.5690     47.847     20.587 0.0000e+00
    230.948       5544     61.374 -107.03428   16.94378     61.000    18.4419    18.4464   4.576785   4.576840 7.0021e-01    12.3630     4.5468 3.7410e+00          0     4.5468     0.2334     0.9395     0.0000     4.5816     0.0000     1.8696     0.0000     0.9390    34.4913    34.4880    24.7757    24.7720     1.3922     42.454     18.234 0.0000e+00
    233.102       5595     62.380 -107.03428   16.94378     62.000    18.3226    18.3207   4.566128   4.565687 6.0683e-01    12.3620     4.5479 3.4555e+00          0     4.5479     0.2023     0.8996     0.0000     4.5832     0.0000     1.8352     0.0000     0.8990    34.5011    34.4989    24.8129    24.8117     1.3145     40.082     17.178 0.0000e+00
    234.610       5632     63.386 -107.03428   16.94378     63.000    18.1500    18.1432   4.547685   4.546751 6.0402e-01    12.3615     4.5485 3.2316e+00          0     4.5485     0.2013     0.9002     0.0000     4.5845     0.0000     1.8060     0.0000     0.8996    34.4895    34.4873    24.8468    24.8468     1.4032     42.787     18.276 0.0000e+00
    236.567       5679     64.392 -107.03428   16.94378     64.000    17.8028    17.8047   4.509910   4.509928 6.6121e-01    12.3610     4.5491 2.9787e+00          0     4.5491     0.2204     0.9243     0.0000     4.5863     0.0000     1.7707     0.0000     0.9238    34.4602    34.4587    24.9095    24.9079     1.4462     44.096     18.712 0.0000e+00
    238.817       5733     65.399 -107.03428   16.94378     65.000    17.6507    17.6517   4.497903   4.497608 6.0279e-01    12.3595     4.5509 2.7702e+00          0     4.5509     0.2009     0.8908     0.0000     4.5883     0.0000     1.7393     0.0000     0.8902    34.4858    34.4824    24.9662    24.9634     1.2716     38.770     16.406 0.0000e+00
    240.861       5782     66.405 -107.03428   16.94378     66.000    17.6370    17.6372   4.496942   4.496627 6.0960e-01    12.3586     4.5518 2.5954e+00          0     4.5518     0.2032     0.8714     0.0000     4.5903     0.0000     1.7108     0.0000     0.8708    34.4888    34.4859    24.9719    24.9696     1.2301     37.504     15.867 0.0000e+00
    242.814       5829     67.411 -107.03428   16.94378     67.000    17.5843    17.5841   4.493108   4.492803 5.5346e-01    12.3590     4.5513 2.3822e+00          0     4.5513     0.1845     0.8480     0.0000     4.5917     0.0000     1.6737     0.0000     0.8473    34.5002    34.4977    24.9934    24.9916     1.1313     34.492     14.579 0.0000e+00
    244.468       5868     68.418 -107.03428   16.94378     68.000    17.5552    17.5551   4.491524   4.491223 4.9530e-01    12.3639     4.5458 2.2223e+00          0     4.5458     0.1651     0.8243     0.0000     4.5919     0.0000     1.6435     0.0000     0.8237    34.5109    34.5084    25.0087    25.0068     1.0497     32.003     13.521 0.0000e+00
    246.919       5927     69.424 -107.03427   16.94378     69.000    17.5457    17.5435   4.491162   4.490649 5.6415e-01    12.3568     4.5538 2.0596e+00          0     4.5538     0.1881     0.8082     0.0000     4.5918     0.0000     1.6103     0.0000     0.8075    34.5155    34.5130    25.0146    25.0131     1.0378     31.639     13.365 0.0000e+00
    250.315       6009     70.430 -107.03426   16.94379     70.000    17.5149    17.5171   4.489312   4.489216 4.8101e-01    12.3563     4.5544 1.9204e+00          0     4.5544     0.1603     0.7850     0.0000     4.5933     0.0000     1.5802     0.0000     0.7844    34.5254    34.5227    25.0296    25.0271     0.8637     26.333     11.118 0.0000e+00
    251.270       6031     71.437 -107.03426   16.94380     71.000    17.4569    17.4530   4.486215   4.485641 4.3555e-01    12.3550     4.5559 1.7858e+00          0     4.5559     0.1452     0.7460     0.0000     4.5939     0.0000     1.5485     0.0000     0.7454    34.5478    34.5462    25.0608    25.0605     0.6596     20.109      8.483 0.0000e+00
    252.233       6055     72.443 -107.03426   16.94380     72.000    17.3441    17.3411   4.477695   4.477203 4.1663e-01    12.3536     4.5574 1.6619e+00          0     4.5574     0.1389     0.7077     0.0000     4.5949     0.0000     1.5173     0.0000     0.7070    34.5702    34.5684    25.1051    25.1045     0.5522     16.834      7.087 0.0000e+00
    253.881       6094     73.449 -107.03426   16.94380     73.000    17.2712    17.2376   4.471343   4.468089 4.8148e-01    12.3525     4.5588 1.5432e+00          0     4.5588     0.1605     0.6789     0.0000     4.5960     0.0000     1.4850     0.0000     0.6782    34.5771    34.5777    25.1280    25.1364     0.5752     17.535      7.372 0.0000e+00
    257.984       6193     74.456 -107.03426   16.94380     74.000    17.2372    17.2677   4.467335   4.470030 4.8598e-01    12.3531     4.5580 1.4237e+00          0     4.5580     0.1620     0.6647     0.0000     4.5976     0.0000     1.4502     0.0000     0.6640    34.5711    34.5683    25.1314    25.1220     0.4785     14.586      6.133 0.0000e+00
    259.589       6231     75.462 -107.03426   16.94380     75.000    16.5626    16.5596   4.406553   4.406089 3.6379e-01    12.3508     4.5607 1.3023e+00          0     4.5607     0.1213     0.6038     0.0000     4.5971     0.0000     1.4115     0.0000     0.6031    34.6210    34.6195    25.3291    25.3287     0.2241      6.829      2.832 0.0000e+00
    260.716       6258     76.468 -107.03426   16.94380     76.000    16.4268    16.4242   4.394261   4.393743 3.1753e-01    12.3482     4.5636 1.2015e+00          0     4.5636     0.1058     0.5810     0.0000     4.5980     0.0000     1.3765     0.0000     0.5803    34.6300    34.6277    25.3676    25.3665     0.2131      6.493      2.687 0.0000e+00
    263.066       6315     77.475 -107.03426   16.94380     77.000    16.4182    16.4190   4.393675   4.393428 3.7282e-01    12.3470     4.5650 1.1200e+00          0     4.5650     0.1243     0.5679     0.0000     4.5996     0.0000     1.3459     0.0000     0.5672    34.6319    34.6290    25.3711    25.3686     0.2203      6.714      2.778 0.0000e+00
    266.219       6390     78.481 -107.03426   16.94380     78.000    16.3271    16.3122   4.385483   4.383867 2.7458e-01    12.3451     4.5672 1.0290e+00          0     4.5672     0.0915     0.5587     0.0000     4.6007     0.0000     1.3093     0.0000     0.5579    34.6383    34.6370    25.3972    25.3995     0.1882      5.736      2.369 0.0000e+00
    267.306       6416     79.487 -107.03426   16.94380     79.000    16.2449    16.2429   4.378033   4.377564 2.8329e-01    12.3448     4.5676 9.6594e-01          0     4.5676     0.0944     0.5535     0.0000     4.6013     0.0000     1.2818     0.0000     0.5527    34.6435    34.6411    25.4201    25.4187     0.1696      5.168      2.132 0.0000e+00
    268.394       6442     80.494 -107.03426   16.94380     80.000    16.1880    16.1869   4.372921   4.372563 3.3070e-01    12.3438     4.5687 9.0710e-01          0     4.5687     0.1102     0.5493     0.0000     4.6019     0.0000     1.2545     0.0000     0.5485    34.6474    34.6452    25.4362    25.4348     0.1580      4.816      1.984 0.0000e+00
    269.838       6477     81.500 -107.03426   16.94380     81.000    16.0945    16.0877   4.364515   4.363781 3.0216e-01    12.3420     4.5707 8.5149e-01          0     4.5707     0.1007     0.5443     0.0000     4.6023     0.0000     1.2269     0.0000     0.5436    34.6540    34.6533    25.4627    25.4638     0.1471      4.484      1.844 0.0000e+00
    274.458       6588     82.506 -107.03426   16.94380     82.000    16.1670    16.1792   4.371521   4.372269 2.9855e-01    12.3430     4.5696 7.8273e-01          0     4.5696     0.0995     0.5425     0.0000     4.6050     0.0000     1.1908     0.0000     0.5417    34.6525    34.6485    25.4450    25.4391     0.1475      4.496      1.852 0.0000e+00
    276.026       6626     83.513 -107.03426   16.94380     83.000    15.7346    15.7193   4.331780   4.329976 1.9124e-01    12.3383     4.5750 7.3043e-01          0     4.5750     0.0638     0.5321     0.0000     4.6056     0.0000     1.1605     0.0000     0.5313    34.6762    34.6735    25.5617    25.5630     0.0815      2.483      1.014 0.0000e+00
    277.249       6655     84.519 -107.03425   16.94380     84.000    15.5430    15.5388   4.314484   4.313770 1.7694e-01    12.3359     4.5777 6.8760e-01          0     4.5777     0.0590     0.5251     0.0000     4.6066     0.0000     1.1342     0.0000     0.5243    34.6891    34.6864    25.6147    25.6136     0.0688      2.095      0.853 0.0000e+00
    278.728       6690     85.525 -107.03424   16.94380     85.000    15.3376    15.3331   4.295851   4.294975 2.2215e-01    12.3391     4.5740 6.5022e-01          0     4.5740     0.0741     0.5205     0.0000     4.6075     0.0000     1.1099     0.0000     0.5198    34.7020    34.6981    25.6706    25.6685     0.0638      1.944      0.788 0.0000e+00
    281.356       6754     86.532 -107.03424   16.94380     86.000    15.1897    15.1838   4.282885   4.281818 2.7405e-01    12.3378     4.5755 6.1502e-01          0     4.5755     0.0914     0.5171     0.0000     4.6089     0.0000     1.0859     0.0000     0.5163    34.7152    34.7107    25.7135    25.7113     0.0611      1.861      0.752 0.0000e+00
    283.574       6807     87.539 -107.03422   16.94380     87.000    15.1390    15.1401   4.278112   4.277965 2.4063e-01    12.3390     4.5742 5.9077e-01          0     4.5742     0.0802     0.5159     0.0000     4.6100     0.0000     1.0684     0.0000     0.5151    34.7164    34.7141    25.7256    25.7237     0.0583      1.775      0.717 0.0000e+00
    285.427       6851     88.545 -107.03422   16.94380     88.000    15.1314    15.1322   4.277542   4.277403 2.4180e-01    12.3393     4.5738 5.7303e-01          0     4.5738     0.0806     0.5153     0.0000     4.6105     0.0000     1.0552     0.0000     0.5145    34.7176    34.7157    25.7283    25.7266     0.0575      1.751      0.707 0.0000e+00
    286.857       6886     89.551 -107.03422   16.94380     89.000    15.1273    15.1280   4.277294   4.277158 2.3809e-01    12.3397     4.5733 5.4486e-01          0     4.5733     0.0794     0.5152     0.0000     4.6107     0.0000     1.0332     0.0000     0.5144    34.7186    34.7167    25.7299    25.7284     0.0571      1.740      0.702 0.0000e+00
    288.469       6924     90.558 -107.03422   16.94380     90.000    15.1222    15.1225   4.276909   4.276755 2.4737e-01    12.3382     4.5751 5.0726e-01          0     4.5751     0.0824     0.5147     0.0000     4.6108     0.0000     1.0021     0.0000     0.5139    34.7192    34.7175    25.7316    25.7302     0.0549      1.674      0.676 0.0000e+00
    291.732       7003     91.564 -107.03422   16.94381     91.000    15.1118    15.1137   4.276093   4.276114 2.8621e-01    12.3376     4.5758 4.7968e-01          0     4.5758     0.0954     0.5141     0.0000     4.6120     0.0000     0.9780     0.0000     0.5134    34.7206    34.7192    25.7350    25.7335     0.0539      1.642      0.663 0.0000e+00
    294.309       7064     92.571 -107.03422   16.94382     92.000    15.0808    15.0774   4.273219   4.272687 2.1747e-01    12.3381     4.5752 4.5406e-01          0     4.5752     0.0725     0.5141     0.0000     4.6129     0.0000     0.9541     0.0000     0.5134    34.7217    34.7198    25.7427    25.7420     0.0547      1.667      0.673 0.0000e+00
    295.683       7097     93.577 -107.03420   16.94382     93.000    14.9071    14.9013   4.257403   4.256676 2.7730e-01    12.3404     4.5726 4.2140e-01          0     4.5726     0.0924     0.5141     0.0000     4.6129     0.0000     0.9217     0.0000     0.5134    34.7317    34.7302    25.7885    25.7886     0.0532      1.619      0.651 0.0000e+00
    296.917       7127     94.583 -107.03420   16.94382     94.000    14.6665    14.6604   4.235462   4.234676 3.9961e-01    12.3513     4.5601 3.9489e-01          0     4.5601     0.1332     0.5132     0.0000     4.6131     0.0000     0.8935     0.0000     0.5125    34.7453    34.7435    25.8512    25.8511     0.0476      1.449      0.580 0.0000e+00
    298.574       7167     95.590 -107.03420   16.94382     95.000    14.5916    14.5907   4.228719   4.228428 4.6356e-01    12.3551     4.5558 3.7466e-01          0     4.5558     0.1545     0.5125     0.0000     4.6142     0.0000     0.8707     0.0000     0.5118    34.7500    34.7481    25.8710    25.8698     0.0465      1.418      0.567 0.0000e+00
    300.996       7225     96.596 -107.03420   16.94382     96.000    14.5758    14.5763   4.227353   4.227210 4.6497e-01    12.3572     4.5533 3.5407e-01          0     4.5533     0.1550     0.5117     0.0000     4.6151     0.0000     0.8462     0.0000     0.5110    34.7512    34.7495    25.8754    25.8739     0.0456      1.390      0.555 0.0000e+00
    303.212       7278     97.603 -107.03419   16.94382     97.000    14.5564    14.5559   4.225677   4.225455 4.9149e-01    12.3582     4.5522 3.2367e-01          0     4.5522     0.1638     0.5116     0.0000     4.6158     0.0000     0.8071     0.0000     0.5109    34.7527    34.7511    25.8808    25.8796     0.0454      1.382      0.552 0.0000e+00
    306.653       7361     98.609 -107.03418   16.94382     98.000    14.4748    14.4724   4.218298   4.218085 5.6280e-01    12.3642     4.5455 2.9131e-01          0     4.5455     0.1876     0.5114     0.0000     4.6169     0.0000     0.7618     0.0000     0.5106    34.7576    34.7578    25.9020    25.9027     0.0441      1.342      0.535 0.0000e+00
    308.492       7405     99.616 -107.03418   16.94380     99.000    14.3607    14.3582   4.208132   4.207777 5.7914e-01    12.3694     4.5396 2.7071e-01          0     4.5396     0.1931     0.5110     0.0000     4.6174     0.0000     0.7297     0.0000     0.5102    34.7659    34.7648    25.9329    25.9326     0.0422      1.284      0.511 0.0000e+00
    309.558       7430    100.622 -107.03418   16.94380    100.000    14.2303    14.2271   4.195941   4.195451 5.9580e-01    12.3686     4.5404 2.4961e-01          0     4.5404     0.1986     0.5109     0.0000     4.6178     0.0000     0.6945     0.0000     0.5101    34.7700    34.7684    25.9638    25.9632     0.0424      1.290      0.512 0.0000e+00
