data/ctd-cnv/RR1804/Station32_cast46.cnv
* Sea-Bird SBE 9 Data File:
* FileName = C:\CTD\RR1805\Station32_cast46.hex
* Software Version Seasave V 7.26.6.26
* Temperature SN = 4307
* Conductivity SN = 4650
* Number of Bytes Per Scan = 44
* Number of Voltage Words = 5
* Number of Scans Averaged by the Deck Unit = 1
* NMEA Latitude = 16 58.69 N
* NMEA Longitude = 107 03.75 W
* NMEA UTC (Time) = Apr 17 2018 15:03:16
** Ship: Revell
** Station: 32 (P2)
** Operator: Clara
** cast 46
# nquan = 32
# nvalues = 192                         
# units = specified
# name 0 = timeS: Time, Elapsed [seconds]
# name 1 = scan: Scan Count
# name 2 = prDM: Pressure, Digiquartz [db]
# name 3 = longitude: Longitude [deg]
# name 4 = latitude: Latitude [deg]
# name 5 = depSMignore: Depth [salt water, m]
# name 6 = t090C: Temperature [ITS-90, deg C]
# name 7 = t190C: Temperature, 2 [ITS-90, deg C]
# name 8 = c0S/m: Conductivity [S/m]
# name 9 = c1S/m: Conductivity, 2 [S/m]
# name 10 = flSP: Fluorescence, Seapoint
# name 11 = CStarAt0: Beam Attenuation, WET Labs C-Star [1/m]
# name 12 = CStarTr0: Beam Transmission, WET Labs C-Star [%]
# name 13 = par: PAR/Irradiance, Biospherical/Licor
# name 14 = modError: Modulo Error Count
# name 15 = v0: Voltage 0
# name 16 = v1: Voltage 1
# name 17 = v2: Voltage 2
# name 18 = v3: Voltage 3
# name 19 = v4: Voltage 4
# name 20 = v5: Voltage 5
# name 21 = v6: Voltage 6
# name 22 = v7: Voltage 7
# name 23 = sbeox0V: Oxygen raw, SBE 43 [V]
# name 24 = sal00: Salinity, Practical [PSU]
# name 25 = sal11: Salinity, Practical, 2 [PSU]
# name 26 = sigma-é00: Density [sigma-theta, kg/m^3]
# name 27 = sigma-é11: Density, 2 [sigma-theta, kg/m^3]
# name 28 = sbeox0Mg/L: Oxygen, SBE 43 [mg/l], WS = 2
# name 29 = sbox0Mm/Kg: Oxygen, SBE 43 [umol/kg], WS = 2
# name 30 = sbeox0PS: Oxygen, SBE 43 [% saturation], WS = 2
# name 31 = flag: flag
# span 0 =      2.195,    557.327       
# span 1 =         54,      13377       
# span 2 =     11.066,    203.307       
# span 3 = -107.06277, -107.06266       
# span 4 =   16.97810,   16.97818       
# span 5 =     11.000,    202.000       
# span 6 =    11.8774,    26.8301       
# span 7 =    11.8596,    26.8231       
# span 8 =   3.971984,   5.402526       
# span 9 =   3.970302,   5.401943       
# span 10 = 7.1534e-02, 1.1140e+00      
# span 11 =    12.3378,    12.4363      
# span 12 =     4.4642,     4.5755      
# span 13 = 5.0609e-02, 3.0413e+02      
# span 14 =          0,          0      
# span 15 =     4.4642,     4.5755      
# span 16 =     0.0238,     0.3713      
# span 17 =     0.5062,     2.7922      
# span 18 =     0.0000,     0.0000      
# span 19 =     3.0764,     4.6555      
# span 20 =     0.0000,     0.0000      
# span 21 =     0.0044,     3.7776      
# span 22 =     0.0000,     0.0000      
# span 23 =     0.5055,     2.7922      
# span 24 =    34.2306,    34.8058      
# span 25 =    34.2276,    34.8062      
# span 26 =    22.2488,    26.4258      
# span 27 =    22.2519,    26.4294      
# span 28 =     0.0278,     6.7798      
# span 29 =      0.845,    207.146      
# span 30 =      0.320,    100.504      
# span 31 = 0.0000e+00, 0.0000e+00      
# interval = meters: 1                  
# start_time = Apr 17 2018 15:03:20 [System UTC, first data scan.]
# bad_flag = -9.990e-29
*END*
[from data line 136]
    352.419       8459    147.932 -107.06274   16.97816    147.000    12.8096    12.8104   4.064124   4.064249 8.7602e-02    12.3444     4.5680 5.0671e-02          0     4.5680     0.0292     0.5084     0.0000     4.6449     0.0000     0.0049     0.0000     0.5076    34.8036    34.8041    26.2828    26.2830     0.0348      1.061      0.409 0.0000e+00
    353.705       8490    148.938 -107.06274   16.97816    148.000    12.7947    12.7954   4.062740   4.062877 8.4918e-02    12.3445     4.5679 5.0671e-02          0     4.5679     0.0283     0.5083     0.0000     4.6461     0.0000     0.0049     0.0000     0.5075    34.8037    34.8043    26.2858    26.2862     0.0357      1.087      0.419 0.0000e+00
    354.714       8514    149.945 -107.06274   16.97816    149.000    12.7835    12.7841   4.061714   4.061849 8.4245e-02    12.3445     4.5679 5.0671e-02          0     4.5679     0.0281     0.5081     0.0000     4.6471     0.0000     0.0049     0.0000     0.5073    34.8038    34.8045    26.2881    26.2886     0.0336      1.023      0.394 0.0000e+00
    355.596       8535    150.952 -107.06274   16.97816    150.000    12.7740    12.7747   4.060851   4.060995 8.3886e-02    12.3442     4.5683 5.0671e-02          0     4.5683     0.0280     0.5084     0.0000     4.6473     0.0000     0.0049     0.0000     0.5076    34.8038    34.8046    26.2900    26.2905     0.0369      1.124      0.433 0.0000e+00
    356.376       8554    151.958 -107.06274   16.97816    151.000    12.7609    12.7616   4.059599   4.059716 8.2524e-02    12.3438     4.5686 5.0671e-02          0     4.5686     0.0275     0.5084     0.0000     4.6473     0.0000     0.0049     0.0000     0.5076    34.8035    34.8040    26.2925    26.2926     0.0351      1.068      0.411 0.0000e+00
    357.083       8571    152.965 -107.06274   16.97816    152.000    12.7341    12.7340   4.057012   4.057048 8.0635e-02    12.3438     4.5686 5.0671e-02          0     4.5686     0.0269     0.5082     0.0000     4.6224     0.0000     0.0049     0.0000     0.5074    34.8031    34.8034    26.2974    26.2977     0.0344      1.047      0.403 0.0000e+00
    357.765       8587    153.972 -107.06274   16.97816    153.000    12.7135    12.7141   4.055106   4.055225 8.0586e-02    12.3439     4.5686 5.0671e-02          0     4.5686     0.0269     0.5084     0.0000     4.6274     0.0000     0.0049     0.0000     0.5076    34.8033    34.8039    26.3017    26.3020     0.0360      1.098      0.423 0.0000e+00
    358.460       8604    154.979 -107.06274   16.97816    154.000    12.6852    12.6853   4.052491   4.052496 7.7468e-02    12.3432     4.5693 5.0671e-02          0     4.5693     0.0258     0.5083     0.0000     4.6082     0.0000     0.0049     0.0000     0.5075    34.8039    34.8039    26.3078    26.3077     0.0338      1.029      0.396 0.0000e+00
    359.229       8622    155.985 -107.06274   16.97816    155.000    12.6679    12.6686   4.050906   4.051055 7.6936e-02    12.3431     4.5695 5.0671e-02          0     4.5695     0.0256     0.5080     0.0000     4.5681     0.0000     0.0049     0.0000     0.5072    34.8043    34.8050    26.3115    26.3119     0.0329      1.001      0.385 0.0000e+00
    360.231       8647    156.992 -107.06274   16.97816    156.000    12.6656    12.6663   4.050692   4.050832 7.5917e-02    12.3431     4.5694 5.0671e-02          0     4.5694     0.0253     0.5080     0.0000     4.5807     0.0000     0.0049     0.0000     0.5072    34.8039    34.8046    26.3117    26.3121     0.0340      1.036      0.399 0.0000e+00
    361.604       8679    157.999 -107.06273   16.97816    157.000    12.6633    12.6638   4.050477   4.050610 7.6923e-02    12.3432     4.5693 5.0671e-02          0     4.5693     0.0256     0.5080     0.0000     4.5989     0.0000     0.0049     0.0000     0.5072    34.8036    34.8044    26.3119    26.3124     0.0348      1.059      0.407 0.0000e+00
    363.005       8713    159.006 -107.06272   16.97816    158.000    12.6458    12.6462   4.048722   4.048842 7.6923e-02    12.3432     4.5693 5.0671e-02          0     4.5693     0.0256     0.5080     0.0000     4.6408     0.0000     0.0049     0.0000     0.5072    34.8024    34.8032    26.3145    26.3150     0.0332      1.011      0.389 0.0000e+00
    364.203       8742    160.012 -107.06272   16.97816    159.000    12.6186    12.6188   4.046118   4.046230 7.6658e-02    12.3434     4.5691 5.0671e-02          0     4.5691     0.0255     0.5079     0.0000     4.6429     0.0000     0.0049     0.0000     0.5071    34.8021    34.8030    26.3197    26.3203     0.0342      1.041      0.400 0.0000e+00
    365.246       8767    161.019 -107.06272   16.97816    160.000    12.5978    12.5982   4.044125   4.044251 7.4897e-02    12.3447     4.5676 5.0671e-02          0     4.5676     0.0249     0.5080     0.0000     4.6393     0.0000     0.0049     0.0000     0.5072    34.8017    34.8026    26.3235    26.3240     0.0347      1.057      0.406 0.0000e+00
    366.155       8789    162.026 -107.06272   16.97816    161.000    12.5820    12.5825   4.042566   4.042695 7.5934e-02    12.3429     4.5696 5.0671e-02          0     4.5696     0.0253     0.5081     0.0000     4.6389     0.0000     0.0049     0.0000     0.5073    34.8009    34.8017    26.3259    26.3264     0.0341      1.039      0.399 0.0000e+00
    366.985       8809    163.033 -107.06274   16.97816    162.000    12.5633    12.5639   4.040926   4.041042 7.3684e-02    12.3427     4.5699 5.0671e-02          0     4.5699     0.0245     0.5079     0.0000     4.6364     0.0000     0.0049     0.0000     0.5071    34.8020    34.8026    26.3305    26.3308     0.0342      1.040      0.399 0.0000e+00
    367.817       8829    164.039 -107.06274   16.97816    163.000    12.5264    12.5258   4.037362   4.037337 7.2890e-02    12.3419     4.5707 5.0671e-02          0     4.5707     0.0243     0.5083     0.0000     4.6435     0.0000     0.0049     0.0000     0.5075    34.8014    34.8017    26.3373    26.3376     0.0362      1.102      0.423 0.0000e+00
    368.738       8851    165.046 -107.06274   16.97816    164.000    12.4969    12.4978   4.034436   4.034583 7.2783e-02    12.3419     4.5708 5.0671e-02          0     4.5708     0.0242     0.5080     0.0000     4.6432     0.0000     0.0049     0.0000     0.5072    34.8001    34.8007    26.3420    26.3423     0.0324      0.987      0.378 0.0000e+00
    369.869       8878    166.053 -107.06274   16.97816    165.000    12.4787    12.4765   4.032635   4.032504 7.3019e-02    12.3417     4.5711 5.0671e-02          0     4.5711     0.0243     0.5079     0.0000     4.6426     0.0000     0.0049     0.0000     0.5071    34.7991    34.7999    26.3448    26.3459     0.0338      1.030      0.394 0.0000e+00
    371.127       8908    167.060 -107.06274   16.97816    166.000    12.4683    12.4673   4.031623   4.031624 7.3260e-02    12.3415     4.5712 5.0671e-02          0     4.5712     0.0244     0.5079     0.0000     4.6447     0.0000     0.0049     0.0000     0.5071    34.7986    34.7995    26.3465    26.3474     0.0339      1.032      0.395 0.0000e+00
    372.335       8937    168.066 -107.06272   16.97814    167.000    12.4496    12.4499   4.029688   4.029808 7.3260e-02    12.3423     4.5703 5.0671e-02          0     4.5703     0.0244     0.5079     0.0000     4.6446     0.0000     0.0049     0.0000     0.5071    34.7968    34.7977    26.3488    26.3495     0.0339      1.032      0.395 0.0000e+00
    373.545       8966    169.073 -107.06272   16.97814    168.000    12.4305    12.4304   4.027811   4.027911 7.3509e-02    12.3429     4.5696 5.0671e-02          0     4.5696     0.0245     0.5079     0.0000     4.6489     0.0000     0.0049     0.0000     0.5071    34.7960    34.7971    26.3519    26.3528     0.0343      1.045      0.400 0.0000e+00
    374.765       8995    170.080 -107.06272   16.97814    169.000    12.4183    12.4190   4.026631   4.026806 7.3253e-02    12.3427     4.5699 5.0671e-02          0     4.5699     0.0244     0.5079     0.0000     4.6479     0.0000     0.0049     0.0000     0.5072    34.7954    34.7965    26.3539    26.3545     0.0345      1.052      0.403 0.0000e+00
    375.870       9022    171.087 -107.06272   16.97814    170.000    12.4023    12.4023   4.025060   4.025169 7.5403e-02    12.3426     4.5700 5.0671e-02          0     4.5700     0.0251     0.5079     0.0000     4.6458     0.0000     0.0049     0.0000     0.5072    34.7947    34.7957    26.3565    26.3572     0.0343      1.045      0.400 0.0000e+00
    376.831       9045    172.094 -107.06272   16.97814    171.000    12.3808    12.3812   4.022969   4.023116 7.2660e-02    12.3414     4.5714 5.0671e-02          0     4.5714     0.0242     0.5079     0.0000     4.6413     0.0000     0.0049     0.0000     0.5072    34.7940    34.7950    26.3601    26.3608     0.0345      1.051      0.402 0.0000e+00
    377.629       9064    173.101 -107.06272   16.97814    172.000    12.3642    12.3648   4.021402   4.021571 7.2648e-02    12.3414     4.5714 5.0671e-02          0     4.5714     0.0242     0.5080     0.0000     4.6385     0.0000     0.0049     0.0000     0.5073    34.7938    34.7949    26.3632    26.3639     0.0348      1.060      0.405 0.0000e+00
    378.322       9081    174.107 -107.06272   16.97814    173.000    12.3548    12.3553   4.020486   4.020650 7.2522e-02    12.3415     4.5712 5.0671e-02          0     4.5712     0.0242     0.5079     0.0000     4.6438     0.0000     0.0049     0.0000     0.5072    34.7932    34.7943    26.3646    26.3654     0.0342      1.042      0.398 0.0000e+00
    378.949       9096    175.114 -107.06272   16.97814    174.000    12.3414    12.3419   4.019187   4.019336 7.3273e-02    12.3413     4.5715 5.0671e-02          0     4.5715     0.0244     0.5079     0.0000     4.5946     0.0000     0.0049     0.0000     0.5072    34.7927    34.7937    26.3668    26.3675     0.0345      1.050      0.401 0.0000e+00
    379.587       9111    176.121 -107.06272   16.97814    175.000    12.3229    12.3234   4.017297   4.017463 7.5961e-02    12.3415     4.5712 5.0671e-02          0     4.5712     0.0253     0.5080     0.0000     4.6226     0.0000     0.0049     0.0000     0.5073    34.7912    34.7923    26.3692    26.3700     0.0347      1.057      0.404 0.0000e+00
    380.296       9128    177.128 -107.06272   16.97814    176.000    12.3072    12.3076   4.015779   4.015943 7.2962e-02    12.3411     4.5717 5.0671e-02          0     4.5717     0.0243     0.5079     0.0000     4.6378     0.0000     0.0049     0.0000     0.5072    34.7906    34.7918    26.3719    26.3727     0.0342      1.040      0.397 0.0000e+00
    381.281       9152    178.135 -107.06274   16.97814    177.000    12.3037    12.3041   4.015461   4.015634 7.2642e-02    12.3412     4.5717 5.0671e-02          0     4.5717     0.0242     0.5079     0.0000     4.6394     0.0000     0.0049     0.0000     0.5072    34.7904    34.7916    26.3724    26.3733     0.0344      1.049      0.400 0.0000e+00
    383.101       9195    179.142 -107.06274   16.97814    178.000    12.3025    12.3034   4.015384   4.015608 7.2554e-02    12.3409     4.5720 5.0671e-02          0     4.5720     0.0242     0.5079     0.0000     4.6392     0.0000     0.0049     0.0000     0.5072    34.7903    34.7916    26.3726    26.3735     0.0344      1.049      0.400 0.0000e+00
    385.035       9242    180.149 -107.06274   16.97813    179.000    12.2970    12.2976   4.014895   4.015087 7.3281e-02    12.3410     4.5718 5.0671e-02          0     4.5718     0.0244     0.5079     0.0000     4.6409     0.0000     0.0049     0.0000     0.5072    34.7902    34.7915    26.3736    26.3745     0.0345      1.049      0.400 0.0000e+00
    386.159       9269    181.155 -107.06274   16.97812    180.000    12.2833    12.2847   4.013482   4.013739 7.3260e-02    12.3411     4.5717 5.0671e-02          0     4.5717     0.0244     0.5079     0.0000     4.6403     0.0000     0.0049     0.0000     0.5072    34.7888    34.7900    26.3752    26.3758     0.0345      1.049      0.400 0.0000e+00
    387.022       9290    182.162 -107.06274   16.97812    181.000    12.2534    12.2541   4.010464   4.010666 7.3458e-02    12.3412     4.5717 5.0671e-02          0     4.5717     0.0245     0.5079     0.0000     4.6457     0.0000     0.0049     0.0000     0.5072    34.7869    34.7882    26.3795    26.3804     0.0345      1.050      0.400 0.0000e+00
    387.778       9308    183.169 -107.06274   16.97812    182.000    12.2513    12.2519   4.010293   4.010483 7.2437e-02    12.3413     4.5715 5.0671e-02          0     4.5715     0.0241     0.5079     0.0000     4.6452     0.0000     0.0049     0.0000     0.5072    34.7868    34.7880    26.3799    26.3807     0.0345      1.051      0.401 0.0000e+00
    388.503       9325    184.176 -107.06274   16.97812    183.000    12.2513    12.2519   4.010338   4.010543 7.1965e-02    12.3413     4.5715 5.0671e-02          0     4.5715     0.0240     0.5079     0.0000     4.6411     0.0000     0.0049     0.0000     0.5072    34.7868    34.7882    26.3799    26.3808     0.0345      1.051      0.401 0.0000e+00
    389.257       9343    185.183 -107.06274   16.97812    184.000    12.2515    12.2520   4.010397   4.010575 7.2299e-02    12.3414     4.5714 5.0671e-02          0     4.5714     0.0241     0.5079     0.0000     4.6400     0.0000     0.0049     0.0000     0.5072    34.7867    34.7880    26.3798    26.3807     0.0345      1.051      0.401 0.0000e+00
    390.093       9363    186.190 -107.06274   16.97812    185.000    12.2517    12.2523   4.010458   4.010659 7.2755e-02    12.3411     4.5717 5.0671e-02          0     4.5717     0.0242     0.5079     0.0000     4.5639     0.0000     0.0049     0.0000     0.5072    34.7867    34.7881    26.3798    26.3808     0.0343      1.045      0.398 0.0000e+00
    391.146       9389    187.196 -107.06274   16.97812    186.000    12.2523    12.2530   4.010563   4.010770 7.3003e-02    12.3418     4.5709 5.0671e-02          0     4.5709     0.0243     0.5079     0.0000     4.5593     0.0000     0.0049     0.0000     0.5072    34.7867    34.7881    26.3797    26.3807     0.0344      1.046      0.399 0.0000e+00
    392.548       9422    188.203 -107.06274   16.97812    187.000    12.2512    12.2524   4.010483   4.010750 7.2780e-02    12.3410     4.5718 5.0671e-02          0     4.5718     0.0242     0.5079     0.0000     4.5640     0.0000     0.0049     0.0000     0.5072    34.7865    34.7880    26.3798    26.3808     0.0342      1.040      0.397 0.0000e+00
    393.966       9456    189.210 -107.06274   16.97812    188.000    12.2363    12.2375   4.008950   4.009210 7.1534e-02    12.3413     4.5715 5.0671e-02          0     4.5715     0.0238     0.5079     0.0000     4.5766     0.0000     0.0049     0.0000     0.5072    34.7851    34.7865    26.3816    26.3825     0.0348      1.061      0.404 0.0000e+00
    395.043       9482    190.217 -107.06274   16.97812    189.000    12.2104    12.2085   4.006095   4.005981 7.2828e-02    12.3416     4.5712 5.0671e-02          0     4.5712     0.0243     0.5079     0.0000     4.6155     0.0000     0.0049     0.0000     0.5072    34.7811    34.7817    26.3835    26.3844     0.0346      1.052      0.401 0.0000e+00
    395.916       9503    191.224 -107.06274   16.97812    190.000    12.1581    12.1580   4.000521   4.000650 7.3452e-02    12.3413     4.5715 5.0671e-02          0     4.5715     0.0245     0.5079     0.0000     4.6555     0.0000     0.0049     0.0000     0.5072    34.7751    34.7765    26.3889    26.3900     0.0346      1.054      0.401 0.0000e+00
    396.702       9522    192.231 -107.06274   16.97812    191.000    12.1545    12.1548   4.000563   4.000750 7.3262e-02    12.3409     4.5719 5.0671e-02          0     4.5719     0.0244     0.5079     0.0000     4.6537     0.0000     0.0049     0.0000     0.5072    34.7785    34.7799    26.3923    26.3933     0.0346      1.054      0.401 0.0000e+00
