data/ctd-cnv/RR1804/Station32_cast48.cnv
* Sea-Bird SBE 9 Data File:
* FileName = C:\CTD\RR1805\Station32_cast48.hex
* Software Version Seasave V 7.26.6.26
* Temperature SN = 4307
* Conductivity SN = 4650
* Number of Bytes Per Scan = 44
* Number of Voltage Words = 5
* Number of Scans Averaged by the Deck Unit = 1
* NMEA Latitude = 16 59.20 N
* NMEA Longitude = 107 04.47 W
* NMEA UTC (Time) = Apr 18 2018 15:03:03
** Ship: Revell
** Station: 32 (P2)
** Operator: Natalie
** cast48
# nquan = 32
# nvalues = 301                         
# units = specified
# name 0 = timeS: Time, Elapsed [seconds]
# name 1 = scan: Scan Count
# name 2 = prDM: Pressure, Digiquartz [db]
# name 3 = longitude: Longitude [deg]
# name 4 = latitude: Latitude [deg]
# name 5 = depSM: Depth [salt water, m]
# name 6 = t090C: Temperature [ITS-90, deg C]
# name 7 = t190C: Temperature, 2 [ITS-90, deg C]
# name 8 = c0S/m: Conductivity [S/m]
# name 9 = c1S/m: Conductivity, 2 [S/m]
# name 10 = flSP: Fluorescence, Seapoint
# name 11 = CStarAt0: Beam Attenuation, WET Labs C-Star [1/m]
# name 12 = CStarTr0: Beam Transmission, WET Labs C-Star [%]
# name 13 = par: PAR/Irradiance, Biospherical/Licor
# name 14 = modError: Modulo Error Count
# name 15 = v0: Voltage 0
# name 16 = v1: Voltage 1
# name 17 = v2: Voltage 2
# name 18 = v3: Voltage 3
# name 19 = v4: Voltage 4
# name 20 = v5: Voltage 5
# name 21 = v6: Voltage 6
# name 22 = v7: Voltage 7
# name 23 = sbeox0V: Oxygen raw, SBE 43 [V]
# name 24 = sal00: Salinity, Practical [PSU]
# name 25 = sal11: Salinity, Practical, 2 [PSU]
# name 26 = sigma-é00: Density [sigma-theta, kg/m^3]
# name 27 = sigma-é11: Density, 2 [sigma-theta, kg/m^3]
# name 28 = sbeox0Mg/L: Oxygen, SBE 43 [mg/l], WS = 2
# name 29 = sbox0Mm/Kg: Oxygen, SBE 43 [umol/kg], WS = 2
# name 30 = sbeox0PS: Oxygen, SBE 43 [% saturation], WS = 2
# name 31 = flag: flag
# span 0 =     24.485,    572.259       
# span 1 =        589,      13735       
# span 2 =      1.006,    303.021       
# span 3 = -107.07450, -107.07448       
# span 4 =   16.98670,   16.98674       
# span 5 =      1.000,    301.000       
# span 6 =    10.6909,    26.9794       
# span 7 =    10.6904,    26.9783       
# span 8 =   3.857361,   5.423603       
# span 9 =   3.857557,   5.420527       
# span 10 = 4.7281e-02, 1.0593e+00      
# span 11 =    12.2303,    13.4416      
# span 12 =     4.4062,     4.5828      
# span 13 = 5.0662e-02, 9.5022e+02      
# span 14 =          0,          0      
# span 15 =     4.4062,     4.5828      
# span 16 =     0.0158,     0.3531      
# span 17 =     0.5067,     2.8265      
# span 18 =     0.0000,     0.0000      
# span 19 =     0.9283,     5.0081      
# span 20 =     0.0000,     0.0000      
# span 21 =     0.0048,     4.1769      
# span 22 =     0.0000,     0.0000      
# span 23 =     0.5058,     2.8265      
# span 24 =    34.1720,    34.8012      
# span 25 =    34.1684,    34.8017      
# span 26 =    22.2098,    26.5965      
# span 27 =    22.1407,    26.5984      
# span 28 =     0.0294,     6.9836      
# span 29 =      0.896,    213.278      
# span 30 =      0.331,    102.070      
# span 31 = 0.0000e+00, 0.0000e+00      
# interval = meters: 1                  
# start_time = Apr 18 2018 15:03:07 [System UTC, first data scan.]
# bad_flag = -9.990e-29
*END*
[from data line 227]
    489.221      11742    229.490 -107.07448   16.98672    228.000    11.6672    11.6677   3.951830   3.952052 7.2497e-02    12.3391     4.5740 5.0671e-02          0     4.5740     0.0242     0.5079     0.0000     4.6719     0.0000     0.0049     0.0000     0.5070    34.7410    34.7428    26.4564    26.4577     0.0344      1.047      0.394 0.0000e+00
    490.445      11772    230.497 -107.07448   16.98672    229.000    11.6580    11.6584   3.950944   3.951175 7.3002e-02    12.3392     4.5739 5.0671e-02          0     4.5739     0.0243     0.5079     0.0000     4.6667     0.0000     0.0049     0.0000     0.5070    34.7405    34.7424    26.4577    26.4591     0.0344      1.047      0.394 0.0000e+00
    491.510      11797    231.504 -107.07448   16.98672    230.000    11.6349    11.6344   3.948549   3.948682 7.1939e-02    12.3391     4.5740 5.0671e-02          0     4.5740     0.0240     0.5079     0.0000     4.6685     0.0000     0.0049     0.0000     0.5070    34.7382    34.7399    26.4603    26.4617     0.0344      1.048      0.394 0.0000e+00
    492.363      11818    232.512 -107.07448   16.98672    231.000    11.6065    11.6065   3.945764   3.945941 7.1721e-02    12.3388     4.5744 5.0671e-02          0     4.5744     0.0239     0.5079     0.0000     4.6721     0.0000     0.0049     0.0000     0.5070    34.7370    34.7387    26.4647    26.4660     0.0341      1.039      0.391 0.0000e+00
    493.096      11835    233.519 -107.07448   16.98672    232.000    11.5934    11.5936   3.944554   3.944754 7.2164e-02    12.3387     4.5745 5.0671e-02          0     4.5745     0.0240     0.5078     0.0000     4.6727     0.0000     0.0049     0.0000     0.5069    34.7369    34.7387    26.4671    26.4684     0.0342      1.040      0.391 0.0000e+00
    493.827      11853    234.526 -107.07448   16.98672    233.000    11.5855    11.5858   3.943945   3.944159 7.2824e-02    12.3414     4.5714 5.0671e-02          0     4.5714     0.0243     0.5079     0.0000     4.6684     0.0000     0.0049     0.0000     0.5070    34.7378    34.7397    26.4693    26.4707     0.0345      1.049      0.394 0.0000e+00
    494.639      11872    235.533 -107.07448   16.98672    234.000    11.5804    11.5809   3.943608   3.943841 7.2101e-02    12.3400     4.5730 5.0671e-02          0     4.5730     0.0240     0.5078     0.0000     4.6670     0.0000     0.0049     0.0000     0.5069    34.7389    34.7407    26.4711    26.4724     0.0342      1.040      0.391 0.0000e+00
    495.646      11897    236.540 -107.07448   16.98672    235.000    11.5757    11.5756   3.943531   3.943695 7.1851e-02    12.3390     4.5741 5.0671e-02          0     4.5741     0.0239     0.5078     0.0000     4.6738     0.0000     0.0049     0.0000     0.5069    34.7421    34.7438    26.4745    26.4758     0.0340      1.034      0.389 0.0000e+00
    496.781      11924    237.547 -107.07448   16.98672    236.000    11.5527    11.5523   3.941267   3.941398 7.2741e-02    12.3387     4.5744 5.0671e-02          0     4.5744     0.0242     0.5079     0.0000     4.6748     0.0000     0.0049     0.0000     0.5070    34.7409    34.7426    26.4778    26.4793     0.0350      1.065      0.400 0.0000e+00
    497.830      11949    238.554 -107.07449   16.98672    237.000    11.5244    11.5249   3.938710   3.938959 7.3269e-02    12.3387     4.5746 5.0671e-02          0     4.5746     0.0244     0.5079     0.0000     4.6758     0.0000     0.0049     0.0000     0.5070    34.7418    34.7438    26.4838    26.4853     0.0343      1.045      0.392 0.0000e+00
    498.867      11974    239.561 -107.07450   16.98672    238.000    11.5256    11.5262   3.938932   3.939184 7.3260e-02    12.3385     4.5747 5.0671e-02          0     4.5747     0.0244     0.5078     0.0000     4.6760     0.0000     0.0049     0.0000     0.5069    34.7424    34.7444    26.4841    26.4856     0.0336      1.024      0.384 0.0000e+00
    500.045      12002    240.569 -107.07450   16.98672    239.000    11.5223    11.5229   3.938674   3.938909 7.6868e-02    12.3383     4.5750 5.0671e-02          0     4.5750     0.0256     0.5078     0.0000     4.6759     0.0000     0.0049     0.0000     0.5069    34.7425    34.7443    26.4848    26.4861     0.0343      1.045      0.392 0.0000e+00
    501.250      12031    241.576 -107.07450   16.98672    240.000    11.5188    11.5193   3.938390   3.938624 7.3329e-02    12.3385     4.5748 5.0671e-02          0     4.5748     0.0244     0.5079     0.0000     4.6738     0.0000     0.0049     0.0000     0.5070    34.7426    34.7445    26.4855    26.4869     0.0350      1.066      0.400 0.0000e+00
    502.259      12055    242.583 -107.07450   16.98672    241.000    11.5110    11.5112   3.937629   3.937851 7.3261e-02    12.3383     4.5749 5.0671e-02          0     4.5749     0.0244     0.5079     0.0000     4.6739     0.0000     0.0049     0.0000     0.5070    34.7420    34.7440    26.4866    26.4881     0.0346      1.052      0.395 0.0000e+00
    503.217      12078    243.590 -107.07448   16.98672    242.000    11.4908    11.4908   3.935615   3.935810 7.2657e-02    12.3384     4.5749 5.0671e-02          0     4.5749     0.0242     0.5079     0.0000     4.6733     0.0000     0.0049     0.0000     0.5070    34.7406    34.7426    26.4892    26.4908     0.0346      1.052      0.395 0.0000e+00
    504.341      12105    244.597 -107.07448   16.98672    243.000    11.4844    11.4848   3.934993   3.935233 7.3242e-02    12.3383     4.5750 5.0671e-02          0     4.5750     0.0244     0.5079     0.0000     4.5804     0.0000     0.0049     0.0000     0.5070    34.7401    34.7420    26.4900    26.4915     0.0337      1.027      0.385 0.0000e+00
    505.620      12136    245.605 -107.07448   16.98672    244.000    11.4830    11.4839   3.934897   3.935180 7.3128e-02    12.3384     4.5748 5.0671e-02          0     4.5748     0.0244     0.5077     0.0000     4.6216     0.0000     0.0049     0.0000     0.5068    34.7400    34.7420    26.4903    26.4916     0.0341      1.039      0.390 0.0000e+00
    506.640      12160    246.612 -107.07448   16.98672    245.000    11.4801    11.4801   3.934642   3.934828 7.2731e-02    12.3385     4.5748 5.0671e-02          0     4.5748     0.0242     0.5078     0.0000     4.6744     0.0000     0.0049     0.0000     0.5069    34.7398    34.7416    26.4907    26.4921     0.0342      1.041      0.390 0.0000e+00
    507.449      12180    247.619 -107.07448   16.98672    246.000    11.4716    11.4716   3.933825   3.934020 7.2301e-02    12.3380     4.5753 5.0671e-02          0     4.5753     0.0241     0.5077     0.0000     4.6699     0.0000     0.0049     0.0000     0.5068    34.7392    34.7412    26.4918    26.4933     0.0336      1.024      0.384 0.0000e+00
    508.208      12198    248.626 -107.07448   16.98672    247.000    11.4512    11.4506   3.931714   3.931855 7.3044e-02    12.3387     4.5745 5.0671e-02          0     4.5745     0.0243     0.5078     0.0000     4.6770     0.0000     0.0049     0.0000     0.5069    34.7372    34.7391    26.4940    26.4957     0.0350      1.066      0.400 0.0000e+00
    508.989      12217    249.633 -107.07448   16.98672    248.000    11.4130    11.4122   3.928143   3.928248 7.3257e-02    12.3384     4.5748 5.0671e-02          0     4.5748     0.0244     0.5079     0.0000     4.6715     0.0000     0.0049     0.0000     0.5070    34.7373    34.7391    26.5012    26.5028     0.0351      1.069      0.400 0.0000e+00
    509.895      12238    250.640 -107.07448   16.98672    249.000    11.3779    11.3775   3.924678   3.924805 7.3104e-02    12.3379     4.5754 5.0671e-02          0     4.5754     0.0243     0.5079     0.0000     4.6653     0.0000     0.0049     0.0000     0.5070    34.7356    34.7373    26.5063    26.5077     0.0341      1.038      0.388 0.0000e+00
    510.960      12264    251.648 -107.07449   16.98672    250.000    11.3436    11.3433   3.921217   3.921376 7.3124e-02    12.3375     4.5759 5.0671e-02          0     4.5759     0.0244     0.5077     0.0000     4.6707     0.0000     0.0049     0.0000     0.5068    34.7332    34.7350    26.5108    26.5123     0.0338      1.029      0.385 0.0000e+00
    512.051      12290    252.655 -107.07450   16.98672    251.000    11.3232    11.3234   3.919316   3.919534 7.2966e-02    12.3377     4.5757 5.0671e-02          0     4.5757     0.0243     0.5079     0.0000     4.6740     0.0000     0.0049     0.0000     0.5070    34.7332    34.7351    26.5146    26.5160     0.0347      1.056      0.395 0.0000e+00
    513.053      12314    253.662 -107.07450   16.98672    252.000    11.3131    11.3133   3.918404   3.918610 7.3098e-02    12.3377     4.5756 5.0671e-02          0     4.5756     0.0243     0.5077     0.0000     4.6738     0.0000     0.0049     0.0000     0.5068    34.7331    34.7350    26.5164    26.5178     0.0335      1.018      0.381 0.0000e+00
    513.975      12336    254.669 -107.07450   16.98672    253.000    11.3034    11.3035   3.917442   3.917671 7.3267e-02    12.3376     4.5758 5.0671e-02          0     4.5758     0.0244     0.5077     0.0000     4.6741     0.0000     0.0049     0.0000     0.5068    34.7324    34.7345    26.5176    26.5192     0.0341      1.038      0.388 0.0000e+00
    514.876      12358    255.676 -107.07450   16.98672    254.000    11.2965    11.2970   3.916825   3.917072 7.2770e-02    12.3372     4.5762 5.0671e-02          0     4.5762     0.0242     0.5077     0.0000     4.6739     0.0000     0.0049     0.0000     0.5068    34.7322    34.7342    26.5188    26.5203     0.0344      1.048      0.392 0.0000e+00
    515.831      12381    256.683 -107.07450   16.98672    255.000    11.2943    11.2947   3.916631   3.916878 7.2503e-02    12.3370     4.5764 5.0671e-02          0     4.5764     0.0242     0.5077     0.0000     4.6714     0.0000     0.0049     0.0000     0.5068    34.7319    34.7341    26.5190    26.5206     0.0336      1.024      0.382 0.0000e+00
    517.080      12411    257.691 -107.07450   16.98672    256.000    11.2809    11.2808   3.915263   3.915443 7.3137e-02    12.3370     4.5764 5.0671e-02          0     4.5764     0.0244     0.5077     0.0000     4.6738     0.0000     0.0049     0.0000     0.5068    34.7306    34.7325    26.5204    26.5219     0.0339      1.031      0.385 0.0000e+00
    518.935      12455    258.698 -107.07450   16.98671    257.000    11.2614    11.2615   3.913325   3.913523 7.2814e-02    12.3374     4.5760 5.0671e-02          0     4.5760     0.0243     0.5075     0.0000     4.6757     0.0000     0.0049     0.0000     0.5066    34.7293    34.7311    26.5230    26.5244     0.0327      0.996      0.372 0.0000e+00
    520.258      12487    259.705 -107.07448   16.98670    258.000    11.2499    11.2502   3.912225   3.912468 7.3275e-02    12.3369     4.5765 5.0671e-02          0     4.5765     0.0244     0.5076     0.0000     4.6589     0.0000     0.0049     0.0000     0.5067    34.7287    34.7309    26.5247    26.5263     0.0352      1.072      0.400 0.0000e+00
    521.095      12507    260.713 -107.07448   16.98670    259.000    11.2417    11.2421   3.911456   3.911710 7.3260e-02    12.3370     4.5764 5.0671e-02          0     4.5764     0.0244     0.5076     0.0000     4.6376     0.0000     0.0049     0.0000     0.5067    34.7284    34.7306    26.5259    26.5276     0.0334      1.018      0.380 0.0000e+00
    521.806      12524    261.720 -107.07448   16.98670    260.000    11.2340    11.2344   3.910787   3.911036 7.3260e-02    12.3370     4.5764 5.0671e-02          0     4.5764     0.0244     0.5077     0.0000     4.6495     0.0000     0.0049     0.0000     0.5068    34.7286    34.7307    26.5276    26.5291     0.0332      1.010      0.377 0.0000e+00
    522.446      12540    262.727 -107.07448   16.98670    261.000    11.2327    11.2332   3.910726   3.910980 7.2796e-02    12.3370     4.5764 5.0671e-02          0     4.5764     0.0242     0.5074     0.0000     4.6690     0.0000     0.0049     0.0000     0.5065    34.7288    34.7308    26.5279    26.5295     0.0324      0.985      0.368 0.0000e+00
    523.101      12555    263.734 -107.07450   16.98672    262.000    11.2298    11.2303   3.910433   3.910696 7.3273e-02    12.3370     4.5764 5.0671e-02          0     4.5764     0.0244     0.5075     0.0000     4.6548     0.0000     0.0049     0.0000     0.5066    34.7281    34.7303    26.5280    26.5296     0.0342      1.043      0.389 0.0000e+00
    523.791      12572    264.742 -107.07450   16.98672    263.000    11.2167    11.2166   3.909095   3.909282 7.3260e-02    12.3369     4.5766 5.0671e-02          0     4.5766     0.0244     0.5077     0.0000     4.6638     0.0000     0.0049     0.0000     0.5068    34.7268    34.7287    26.5294    26.5309     0.0357      1.088      0.406 0.0000e+00
    524.579      12591    265.749 -107.07450   16.98672    264.000    11.1988    11.1986   3.907233   3.907414 7.3438e-02    12.3369     4.5765 5.0671e-02          0     4.5765     0.0245     0.5078     0.0000     4.6750     0.0000     0.0049     0.0000     0.5069    34.7248    34.7267    26.5311    26.5326     0.0335      1.020      0.380 0.0000e+00
    525.522      12614    266.756 -107.07450   16.98672    265.000    11.1885    11.1889   3.906266   3.906515 7.3407e-02    12.3366     4.5768 5.0671e-02          0     4.5768     0.0244     0.5075     0.0000     4.6772     0.0000     0.0049     0.0000     0.5066    34.7244    34.7265    26.5327    26.5342     0.0332      1.010      0.377 0.0000e+00
    526.939      12648    267.763 -107.07450   16.98672    266.000    11.1858    11.1861   3.906071   3.906305 7.4397e-02    12.3364     4.5771 5.0671e-02          0     4.5771     0.0248     0.5076     0.0000     4.6782     0.0000     0.0049     0.0000     0.5067    34.7245    34.7266    26.5333    26.5349     0.0331      1.009      0.376 0.0000e+00
    528.775      12692    268.771 -107.07450   16.98672    267.000    11.1817    11.1821   3.905711   3.905957 7.2342e-02    12.3362     4.5773 5.0671e-02          0     4.5773     0.0241     0.5075     0.0000     4.6791     0.0000     0.0049     0.0000     0.5066    34.7244    34.7265    26.5340    26.5356     0.0330      1.006      0.375 0.0000e+00
    529.984      12721    269.778 -107.07450   16.98671    268.000    11.1799    11.1804   3.905604   3.905878 7.2814e-02    12.3363     4.5772 5.0671e-02          0     4.5772     0.0243     0.5075     0.0000     4.6791     0.0000     0.0049     0.0000     0.5066    34.7246    34.7268    26.5344    26.5361     0.0345      1.050      0.391 0.0000e+00
    530.839      12741    270.785 -107.07450   16.98670    269.000    11.1776    11.1780   3.905413   3.905667 7.3064e-02    12.3361     4.5774 5.0671e-02          0     4.5774     0.0243     0.5076     0.0000     4.6771     0.0000     0.0049     0.0000     0.5067    34.7244    34.7265    26.5348    26.5363     0.0326      0.992      0.370 0.0000e+00
    531.566      12759    271.793 -107.07450   16.98670    270.000    11.1709    11.1711   3.904771   3.905007 7.3057e-02    12.3364     4.5771 5.0671e-02          0     4.5771     0.0243     0.5074     0.0000     4.6687     0.0000     0.0049     0.0000     0.5065    34.7239    34.7261    26.5357    26.5373     0.0327      0.997      0.371 0.0000e+00
    532.261      12775    272.800 -107.07450   16.98672    271.000    11.1512    11.1511   3.902784   3.902981 7.2128e-02    12.3368     4.5767 5.0671e-02          0     4.5767     0.0240     0.5074     0.0000     4.6589     0.0000     0.0049     0.0000     0.5065    34.7223    34.7243    26.5380    26.5396     0.0347      1.056      0.393 0.0000e+00
