data/ctd-cnv/RR1804/Station32_cast46.cnv
* Sea-Bird SBE 9 Data File:
* FileName = C:\CTD\RR1805\Station32_cast46.hex
* Software Version Seasave V 7.26.6.26
* Temperature SN = 4307
* Conductivity SN = 4650
* Number of Bytes Per Scan = 44
* Number of Voltage Words = 5
* Number of Scans Averaged by the Deck Unit = 1
* NMEA Latitude = 16 58.69 N
* NMEA Longitude = 107 03.75 W
* NMEA UTC (Time) = Apr 17 2018 15:03:16
** Ship: Revell
** Station: 32 (P2)
** Operator: Clara
** cast 46
# nquan = 32
# nvalues = 192                         
# units = specified
# name 0 = timeS: Time, Elapsed [seconds]
# name 1 = scan: Scan Count
# name 2 = prDM: Pressure, Digiquartz [db]
# name 3 = longitude: Longitude [deg]
# name 4 = latitude: Latitude [deg]
# name 5 = depSMignore: Depth [salt water, m]
# name 6 = t090C: Temperature [ITS-90, deg C]
# name 7 = t190C: Temperature, 2 [ITS-90, deg C]
# name 8 = c0S/m: Conductivity [S/m]
# name 9 = c1S/m: Conductivity, 2 [S/m]
# name 10 = flSP: Fluorescence, Seapoint
# name 11 = CStarAt0: Beam Attenuation, WET Labs C-Star [1/m]
# name 12 = CStarTr0: Beam Transmission, WET Labs C-Star [%]
# name 13 = par: PAR/Irradiance, Biospherical/Licor
# name 14 = modError: Modulo Error Count
# name 15 = v0: Voltage 0
# name 16 = v1: Voltage 1
# name 17 = v2: Voltage 2
# name 18 = v3: Voltage 3
# name 19 = v4: Voltage 4
# name 20 = v5: Voltage 5
# name 21 = v6: Voltage 6
# name 22 = v7: Voltage 7
# name 23 = sbeox0V: Oxygen raw, SBE 43 [V]
# name 24 = sal00: Salinity, Practical [PSU]
# name 25 = sal11: Salinity, Practical, 2 [PSU]
# name 26 = sigma-é00: Density [sigma-theta, kg/m^3]
# name 27 = sigma-é11: Density, 2 [sigma-theta, kg/m^3]
# name 28 = sbeox0Mg/L: Oxygen, SBE 43 [mg/l], WS = 2
# name 29 = sbox0Mm/Kg: Oxygen, SBE 43 [umol/kg], WS = 2
# name 30 = sbeox0PS: Oxygen, SBE 43 [% saturation], WS = 2
# name 31 = flag: flag
# span 0 =      2.195,    557.327       
# span 1 =         54,      13377       
# span 2 =     11.066,    203.307       
# span 3 = -107.06277, -107.06266       
# span 4 =   16.97810,   16.97818       
# span 5 =     11.000,    202.000       
# span 6 =    11.8774,    26.8301       
# span 7 =    11.8596,    26.8231       
# span 8 =   3.971984,   5.402526       
# span 9 =   3.970302,   5.401943       
# span 10 = 7.1534e-02, 1.1140e+00      
# span 11 =    12.3378,    12.4363      
# span 12 =     4.4642,     4.5755      
# span 13 = 5.0609e-02, 3.0413e+02      
# span 14 =          0,          0      
# span 15 =     4.4642,     4.5755      
# span 16 =     0.0238,     0.3713      
# span 17 =     0.5062,     2.7922      
# span 18 =     0.0000,     0.0000      
# span 19 =     3.0764,     4.6555      
# span 20 =     0.0000,     0.0000      
# span 21 =     0.0044,     3.7776      
# span 22 =     0.0000,     0.0000      
# span 23 =     0.5055,     2.7922      
# span 24 =    34.2306,    34.8058      
# span 25 =    34.2276,    34.8062      
# span 26 =    22.2488,    26.4258      
# span 27 =    22.2519,    26.4294      
# span 28 =     0.0278,     6.7798      
# span 29 =      0.845,    207.146      
# span 30 =      0.320,    100.504      
# span 31 = 0.0000e+00, 0.0000e+00      
# interval = meters: 1                  
# start_time = Apr 17 2018 15:03:20 [System UTC, first data scan.]
# bad_flag = -9.990e-29
*END*
[from data line 91]
    285.425       6851    102.635 -107.06270   16.97816    102.000    14.3819    14.3800   4.209428   4.209066 4.7542e-01    12.3584     4.5520 2.3238e-01          0     4.5520     0.1585     0.5131     0.0000     4.5071     0.0000     0.6635     0.0000     0.5123    34.7575    34.7559    25.9220    25.9212     0.0456      1.388      0.552 0.0000e+00
    295.019       7081    103.642 -107.06273   16.97816    103.000    14.3534    14.3572   4.206968   4.207338 5.8009e-01    12.3607     4.5494 2.1758e-01          0     4.5494     0.1934     0.5112     0.0000     4.5112     0.0000     0.6352     0.0000     0.5104    34.7600    34.7600    25.9300    25.9292     0.0427      1.299      0.517 0.0000e+00
    307.545       7382    104.648 -107.06274   16.97816    104.000    14.2693    14.2693   4.199231   4.199175 6.2477e-01    12.3663     4.5430 1.9873e-01          0     4.5430     0.2083     0.5105     0.0000     4.5164     0.0000     0.5956     0.0000     0.5097    34.7637    34.7632    25.9508    25.9504     0.0419      1.275      0.506 0.0000e+00
    309.430       7427    105.655 -107.06274   16.97817    105.000    14.1867    14.1864   4.191544   4.191401 6.6976e-01    12.3680     4.5411 1.7983e-01          0     4.5411     0.2232     0.5104     0.0000     4.5167     0.0000     0.5525     0.0000     0.5096    34.7665    34.7654    25.9705    25.9697     0.0412      1.254      0.497 0.0000e+00
    310.935       7463    106.661 -107.06274   16.97818    106.000    14.0280    14.0223   4.177103   4.176540 5.5069e-01    12.3635     4.5463 1.6849e-01          0     4.5463     0.1836     0.5103     0.0000     4.5178     0.0000     0.5242     0.0000     0.5095    34.7752    34.7751    26.0107    26.0118     0.0409      1.245      0.492 0.0000e+00
    311.991       7489    107.668 -107.06274   16.97818    107.000    13.9826    13.9824   4.173005   4.172943 4.8462e-01    12.3616     4.5484 1.5805e-01          0     4.5484     0.1615     0.5103     0.0000     4.5181     0.0000     0.4965     0.0000     0.5095    34.7776    34.7773    26.0221    26.0219     0.0405      1.234      0.487 0.0000e+00
    312.865       7510    108.674 -107.06274   16.97818    108.000    13.9256    13.9247   4.167672   4.167467 4.3510e-01    12.3585     4.5519 1.4495e-01          0     4.5519     0.1450     0.5100     0.0000     4.5187     0.0000     0.4589     0.0000     0.5091    34.7790    34.7780    26.0352    26.0345     0.0391      1.192      0.470 0.0000e+00
    313.707       7530    109.680 -107.06274   16.97818    109.000    13.8587    13.8588   4.161652   4.161634 3.7613e-01    12.3565     4.5542 1.3450e-01          0     4.5542     0.1254     0.5100     0.0000     4.5195     0.0000     0.4267     0.0000     0.5092    34.7831    34.7828    26.0523    26.0520     0.0391      1.190      0.469 0.0000e+00
    314.580       7551    110.687 -107.06274   16.97818    110.000    13.8533    13.8540   4.161184   4.161220 3.7049e-01    12.3555     4.5553 1.2548e-01          0     4.5553     0.1235     0.5097     0.0000     4.5242     0.0000     0.3965     0.0000     0.5089    34.7832    34.7829    26.0536    26.0532     0.0386      1.175      0.463 0.0000e+00
    315.493       7573    111.694 -107.06274   16.97818    111.000    13.8437    13.8443   4.160342   4.160374 3.5508e-01    12.3551     4.5558 1.1659e-01          0     4.5558     0.1184     0.5098     0.0000     4.5656     0.0000     0.3648     0.0000     0.5090    34.7835    34.7833    26.0559    26.0556     0.0391      1.190      0.469 0.0000e+00
    316.392       7594    112.700 -107.06274   16.97818    112.000    13.8236    13.8242   4.158508   4.158524 3.2920e-01    12.3541     4.5569 1.1175e-01          0     4.5569     0.1097     0.5096     0.0000     4.5876     0.0000     0.3464     0.0000     0.5087    34.7842    34.7838    26.0606    26.0602     0.0374      1.140      0.449 0.0000e+00
    317.283       7616    113.707 -107.06274   16.97818    113.000    13.8039    13.8041   4.156711   4.156704 3.2967e-01    12.3539     4.5571 1.0003e-01          0     4.5571     0.1099     0.5094     0.0000     4.6063     0.0000     0.2983     0.0000     0.5085    34.7849    34.7846    26.0653    26.0650     0.0371      1.130      0.445 0.0000e+00
    318.264       7639    114.713 -107.06274   16.97818    114.000    13.7859    13.7862   4.155091   4.155117 3.3073e-01    12.3536     4.5575 9.1715e-02          0     4.5575     0.1102     0.5095     0.0000     4.6092     0.0000     0.2607     0.0000     0.5086    34.7857    34.7856    26.0696    26.0695     0.0394      1.199      0.472 0.0000e+00
    319.669       7673    115.720 -107.06274   16.97818    115.000    13.7783    13.7791   4.154458   4.154538 3.7730e-01    12.3536     4.5575 8.7792e-02          0     4.5575     0.1258     0.5095     0.0000     4.6105     0.0000     0.2420     0.0000     0.5086    34.7862    34.7862    26.0716    26.0715     0.0380      1.156      0.455 0.0000e+00
    321.291       7712    116.726 -107.06274   16.97818    116.000    13.7633    13.7638   4.153072   4.153128 3.5462e-01    12.3534     4.5577 8.1695e-02          0     4.5577     0.1182     0.5096     0.0000     4.6126     0.0000     0.2108     0.0000     0.5087    34.7864    34.7865    26.0750    26.0749     0.0391      1.192      0.469 0.0000e+00
    322.347       7737    117.733 -107.06274   16.97818    117.000    13.6942    13.6933   4.146557   4.146413 3.1083e-01    12.3529     4.5583 7.7123e-02          0     4.5583     0.1036     0.5097     0.0000     4.6022     0.0000     0.1859     0.0000     0.5088    34.7877    34.7872    26.0903    26.0901     0.0401      1.221      0.480 0.0000e+00
    323.109       7756    118.740 -107.06274   16.97818    118.000    13.6518    13.6520   4.142808   4.142791 2.8186e-01    12.3523     4.5589 7.3071e-02          0     4.5589     0.0940     0.5097     0.0000     4.5676     0.0000     0.1628     0.0000     0.5089    34.7907    34.7903    26.1014    26.1011     0.0405      1.233      0.483 0.0000e+00
    323.761       7771    119.746 -107.06275   16.97818    119.000    13.5904    13.5897   4.137037   4.136883 2.5013e-01    12.3509     4.5605 7.0350e-02          0     4.5605     0.0834     0.5101     0.0000     4.5228     0.0000     0.1464     0.0000     0.5092    34.7919    34.7911    26.1150    26.1145     0.0412      1.254      0.491 0.0000e+00
    324.353       7785    120.753 -107.06276   16.97818    120.000    13.5092    13.5089   4.129515   4.129410 2.2764e-01    12.3506     4.5609 6.9272e-02          0     4.5609     0.0759     0.5098     0.0000     4.5250     0.0000     0.1396     0.0000     0.5089    34.7947    34.7939    26.1339    26.1334     0.0380      1.159      0.453 0.0000e+00
    324.942       7800    121.759 -107.06276   16.97818    121.000    13.4719    13.4722   4.126102   4.126089 2.2294e-01    12.3497     4.5619 6.5664e-02          0     4.5619     0.0743     0.5096     0.0000     4.5938     0.0000     0.1164     0.0000     0.5087    34.7961    34.7957    26.1427    26.1423     0.0366      1.113      0.435 0.0000e+00
    325.603       7815    122.766 -107.06276   16.97818    122.000    13.4478    13.4483   4.123832   4.123850 2.2051e-01    12.3490     4.5627 6.1015e-02          0     4.5627     0.0735     0.5094     0.0000     4.5290     0.0000     0.0849     0.0000     0.5085    34.7963    34.7960    26.1478    26.1474     0.0374      1.139      0.445 0.0000e+00
    326.554       7838    123.772 -107.06276   16.97818    123.000    13.4298    13.4303   4.122150   4.122194 2.2860e-01    12.3488     4.5630 5.7385e-02          0     4.5630     0.0762     0.5093     0.0000     4.5249     0.0000     0.0581     0.0000     0.5084    34.7964    34.7963    26.1516    26.1514     0.0374      1.138      0.444 0.0000e+00
    328.408       7883    124.779 -107.06276   16.97818    124.000    13.4033    13.4050   4.119687   4.119860 2.2897e-01    12.3482     4.5636 5.3841e-02          0     4.5636     0.0763     0.5093     0.0000     4.5248     0.0000     0.0308     0.0000     0.5084    34.7969    34.7970    26.1574    26.1571     0.0378      1.151      0.449 0.0000e+00
    330.346       7929    125.785 -107.06276   16.97818    125.000    13.3403    13.3429   4.113806   4.114030 1.9985e-01    12.3477     4.5643 5.0609e-02          0     4.5643     0.0666     0.5092     0.0000     4.5391     0.0000     0.0044     0.0000     0.5083    34.7985    34.7983    26.1715    26.1708     0.0373      1.135      0.443 0.0000e+00
    331.654       7961    126.792 -107.06274   16.97818    126.000    13.2600    13.2604   4.106184   4.106199 1.6988e-01    12.3474     4.5646 5.0667e-02          0     4.5646     0.0566     0.5093     0.0000     4.6238     0.0000     0.0049     0.0000     0.5084    34.7993    34.7991    26.1885    26.1883     0.0384      1.168      0.455 0.0000e+00
    332.630       7984    127.799 -107.06274   16.97818    127.000    13.2166    13.2172   4.102192   4.102275 1.5529e-01    12.3470     4.5650 5.0671e-02          0     4.5650     0.0518     0.5091     0.0000     4.6209     0.0000     0.0049     0.0000     0.5082    34.8009    34.8011    26.1985    26.1986     0.0361      1.099      0.427 0.0000e+00
    333.457       8004    128.805 -107.06274   16.97818    128.000    13.2062    13.2070   4.101292   4.101382 1.5151e-01    12.3469     4.5651 5.0671e-02          0     4.5651     0.0505     0.5091     0.0000     4.5897     0.0000     0.0049     0.0000     0.5082    34.8015    34.8016    26.2011    26.2010     0.0372      1.134      0.441 0.0000e+00
    334.200       8022    129.812 -107.06274   16.97818    129.000    13.1968    13.1973   4.100476   4.100538 1.4677e-01    12.3470     4.5650 5.0671e-02          0     4.5650     0.0489     0.5090     0.0000     4.5711     0.0000     0.0049     0.0000     0.5082    34.8019    34.8020    26.2034    26.2034     0.0381      1.161      0.451 0.0000e+00
    334.907       8039    130.818 -107.06274   16.97818    130.000    13.1902    13.1910   4.099943   4.100048 1.4419e-01    12.3479     4.5639 5.0671e-02          0     4.5639     0.0480     0.5092     0.0000     4.5562     0.0000     0.0049     0.0000     0.5084    34.8025    34.8027    26.2052    26.2052     0.0388      1.182      0.460 0.0000e+00
    335.585       8055    131.825 -107.06274   16.97818    131.000    13.1880    13.1885   4.099798   4.099874 1.4177e-01    12.3470     4.5650 5.0671e-02          0     4.5650     0.0472     0.5092     0.0000     4.5327     0.0000     0.0049     0.0000     0.5084    34.8026    34.8029    26.2058    26.2059     0.0379      1.154      0.449 0.0000e+00
    336.259       8071    132.832 -107.06274   16.97818    132.000    13.1829    13.1835   4.099349   4.099407 1.4149e-01    12.3470     4.5649 5.0671e-02          0     4.5649     0.0472     0.5090     0.0000     4.5299     0.0000     0.0049     0.0000     0.5082    34.8026    34.8026    26.2068    26.2067     0.0375      1.142      0.444 0.0000e+00
    336.977       8088    133.838 -107.06274   16.97818    133.000    13.1553    13.1557   4.096701   4.096700 1.3514e-01    12.3466     4.5654 5.0671e-02          0     4.5654     0.0451     0.5092     0.0000     4.5299     0.0000     0.0049     0.0000     0.5084    34.8024    34.8020    26.2122    26.2119     0.0387      1.179      0.458 0.0000e+00
    337.822       8109    134.845 -107.06274   16.97818    134.000    13.0944    13.0936   4.090882   4.090778 1.2346e-01    12.3464     4.5656 5.0671e-02          0     4.5656     0.0412     0.5092     0.0000     4.5299     0.0000     0.0049     0.0000     0.5084    34.8026    34.8023    26.2247    26.2246     0.0380      1.158      0.449 0.0000e+00
    339.182       8141    135.852 -107.06274   16.97818    135.000    13.0374    13.0383   4.085571   4.085712 1.1410e-01    12.3459     4.5663 5.0671e-02          0     4.5663     0.0381     0.5091     0.0000     4.5294     0.0000     0.0049     0.0000     0.5083    34.8039    34.8044    26.2372    26.2374     0.0372      1.133      0.439 0.0000e+00
    341.120       8188    136.858 -107.06274   16.97818    136.000    13.0128    13.0141   4.083295   4.083441 1.0884e-01    12.3455     4.5668 5.0671e-02          0     4.5668     0.0363     0.5090     0.0000     4.5404     0.0000     0.0049     0.0000     0.5082    34.8044    34.8046    26.2425    26.2424     0.0373      1.137      0.440 0.0000e+00
    342.531       8222    137.865 -107.06274   16.97818    137.000    12.9908    12.9913   4.081277   4.081390 1.0223e-01    12.3454     4.5669 5.0671e-02          0     4.5669     0.0341     0.5088     0.0000     4.5798     0.0000     0.0049     0.0000     0.5080    34.8050    34.8056    26.2474    26.2478     0.0364      1.110      0.430 0.0000e+00
    343.468       8244    138.872 -107.06274   16.97818    138.000    12.9809    12.9816   4.080466   4.080561 9.8615e-02    12.3451     4.5672 5.0671e-02          0     4.5672     0.0329     0.5090     0.0000     4.5356     0.0000     0.0049     0.0000     0.5082    34.8058    34.8062    26.2501    26.2502     0.0378      1.152      0.446 0.0000e+00
    344.256       8263    139.878 -107.06274   16.97818    139.000    12.9734    12.9740   4.079753   4.079818 9.8902e-02    12.3448     4.5676 5.0671e-02          0     4.5676     0.0330     0.5089     0.0000     4.5882     0.0000     0.0049     0.0000     0.5081    34.8056    34.8057    26.2515    26.2514     0.0367      1.117      0.432 0.0000e+00
    344.985       8281    140.885 -107.06274   16.97818    140.000    12.9263    12.9263   4.075138   4.075110 9.5005e-02    12.3450     4.5674 5.0671e-02          0     4.5674     0.0316     0.5088     0.0000     4.5663     0.0000     0.0049     0.0000     0.5080    34.8044    34.8042    26.2599    26.2598     0.0360      1.097      0.424 0.0000e+00
    345.695       8298    141.891 -107.06274   16.97818    141.000    12.9063    12.9070   4.073249   4.073341 9.4176e-02    12.3453     4.5670 5.0671e-02          0     4.5670     0.0314     0.5087     0.0000     4.5413     0.0000     0.0049     0.0000     0.5079    34.8044    34.8047    26.2640    26.2640     0.0364      1.109      0.428 0.0000e+00
    346.419       8315    142.898 -107.06274   16.97818    142.000    12.8929    12.8935   4.071945   4.072015 9.1640e-02    12.3460     4.5661 5.0671e-02          0     4.5661     0.0305     0.5088     0.0000     4.6129     0.0000     0.0049     0.0000     0.5080    34.8038    34.8040    26.2662    26.2662     0.0368      1.120      0.432 0.0000e+00
    347.208       8334    143.905 -107.06274   16.97818    143.000    12.8773    12.8774   4.070404   4.070412 9.1575e-02    12.3453     4.5670 5.0671e-02          0     4.5670     0.0305     0.5088     0.0000     4.6436     0.0000     0.0049     0.0000     0.5080    34.8031    34.8030    26.2688    26.2687     0.0373      1.135      0.438 0.0000e+00
    348.130       8356    144.912 -107.06274   16.97818    144.000    12.8514    12.8523   4.067885   4.068014 9.1125e-02    12.3448     4.5675 5.0671e-02          0     4.5675     0.0304     0.5088     0.0000     4.6457     0.0000     0.0049     0.0000     0.5080    34.8023    34.8028    26.2734    26.2735     0.0354      1.079      0.417 0.0000e+00
    349.260       8383    145.918 -107.06274   16.97818    145.000    12.8395    12.8401   4.066818   4.066926 9.0758e-02    12.3461     4.5660 5.0671e-02          0     4.5660     0.0302     0.5084     0.0000     4.6468     0.0000     0.0049     0.0000     0.5076    34.8027    34.8032    26.2761    26.2763     0.0342      1.040      0.401 0.0000e+00
