data/ctd-cnv/RR1804/Station32_cast42.cnv
* Sea-Bird SBE 9 Data File:
* FileName = C:\CTD\RR1805\Station32_cast42t.hex
* Software Version Seasave V 7.26.6.26
* Temperature SN = 4307
* Conductivity SN = 4650
* Number of Bytes Per Scan = 44
* Number of Voltage Words = 5
* Number of Scans Averaged by the Deck Unit = 1
* NMEA Latitude = 16 54.02 N
* NMEA Longitude = 107 00.03 W
* NMEA UTC (Time) = Apr 15 2018 05:12:33
** Ship: Revell
** Station: 32
** Operator: clara
# nquan = 32
# nvalues = 994                         
# units = specified
# name 0 = timeS: Time, Elapsed [seconds]
# name 1 = scan: Scan Count
# name 2 = prDM: Pressure, Digiquartz [db]
# name 3 = longitude: Longitude [deg]
# name 4 = latitude: Latitude [deg]
# name 5 = depSMignore: Depth [salt water, m]
# name 6 = t090C: Temperature [ITS-90, deg C]
# name 7 = t190C: Temperature, 2 [ITS-90, deg C]
# name 8 = c0S/m: Conductivity [S/m]
# name 9 = c1S/m: Conductivity, 2 [S/m]
# name 10 = flSP: Fluorescence, Seapoint
# name 11 = CStarAt0: Beam Attenuation, WET Labs C-Star [1/m]
# name 12 = CStarTr0: Beam Transmission, WET Labs C-Star [%]
# name 13 = par: PAR/Irradiance, Biospherical/Licor
# name 14 = modError: Modulo Error Count
# name 15 = v0: Voltage 0
# name 16 = v1: Voltage 1
# name 17 = v2: Voltage 2
# name 18 = v3: Voltage 3
# name 19 = v4: Voltage 4
# name 20 = v5: Voltage 5
# name 21 = v6: Voltage 6
# name 22 = v7: Voltage 7
# name 23 = sbeox0V: Oxygen raw, SBE 43 [V]
# name 24 = sal00: Salinity, Practical [PSU]
# name 25 = sal11: Salinity, Practical, 2 [PSU]
# name 26 = sigma-é00: Density [sigma-theta, kg/m^3]
# name 27 = sigma-é11: Density, 2 [sigma-theta, kg/m^3]
# name 28 = sbeox0Mg/L: Oxygen, SBE 43 [mg/l], WS = 2
# name 29 = sbox0Mm/Kg: Oxygen, SBE 43 [umol/kg], WS = 2
# name 30 = sbeox0PS: Oxygen, SBE 43 [% saturation], WS = 2
# name 31 = flag: flag
# span 0 =     28.406,   1243.806       
# span 1 =        683,      29852       
# span 2 =     10.060,   1011.449       
# span 3 = -107.00064, -107.00060       
# span 4 =   16.90046,   16.90051       
# span 5 =     10.000,   1003.000       
# span 6 =     4.5800,    26.6528       
# span 7 =     4.5786,    26.6528       
# span 8 =   3.313859,   5.408445       
# span 9 =   3.313826,   5.408760       
# span 10 = 7.0734e-02, 1.6953e+00      
# span 11 =    12.3200,    12.4396      
# span 12 =     4.4605,     4.5959      
# span 13 = 5.0649e-02, 6.5138e-02      
# span 14 =          0,          0      
# span 15 =     4.4605,     4.5959      
# span 16 =     0.0236,     0.5651      
# span 17 =     0.5044,     2.7895      
# span 18 =     0.0000,     0.0000      
# span 19 =     2.7611,     4.7291      
# span 20 =     0.0000,     0.0000      
# span 21 =     0.0047,     0.1148      
# span 22 =     0.0000,     0.0000      
# span 23 =     0.5039,     2.7895      
# span 24 =    34.2248,    34.8071      
# span 25 =    34.2218,    34.8073      
# span 26 =    22.4214,    27.3741      
# span 27 =    22.4222,    27.3751      
# span 28 =     0.0244,     6.8098      
# span 29 =      0.743,    208.017      
# span 30 =      0.247,    100.563      
# span 31 = 0.0000e+00, 0.0000e+00      
# interval = meters: 1                  
# start_time = Apr 15 2018 05:13:02 [System UTC, first data scan.]
# bad_flag = -9.990e-29
*END*
[from data line 46]
    193.275       4640     56.342 -107.00064   16.90048     56.000    19.6252    19.6247   4.681515   4.681245 9.8943e-01    12.3884     4.5180 5.0671e-02          0     4.5180     0.3298     1.3980     0.0000     4.5162     0.0000     0.0049     0.0000     1.3976    34.3839    34.3821    24.3924    24.3911     2.9375     89.611     39.304 0.0000e+00
    194.876       4678     57.348 -107.00064   16.90048     57.000    19.5541    19.5530   4.675008   4.674658 8.9740e-01    12.3890     4.5173 5.0671e-02          0     4.5173     0.2991     1.3983     0.0000     4.5165     0.0000     0.0049     0.0000     1.3979    34.3884    34.3864    24.4142    24.4130     2.9571     90.208     39.516 0.0000e+00
    196.299       4712     58.355 -107.00064   16.90048     58.000    19.4809    19.4794   4.667796   4.667385 9.1375e-01    12.3866     4.5200 5.0671e-02          0     4.5200     0.3046     1.3830     0.0000     4.5168     0.0000     0.0049     0.0000     1.3826    34.3888    34.3866    24.4335    24.4323     2.8677     87.478     38.269 0.0000e+00
    200.202       4806     59.361 -107.00064   16.90048     59.000    19.4802    19.4892   4.667796   4.668495 8.9936e-01    12.3876     4.5189 5.0671e-02          0     4.5189     0.2998     1.3610     0.0000     4.5191     0.0000     0.0049     0.0000     1.3606    34.3890    34.3873    24.4339    24.4303     2.8117     85.770     37.521 0.0000e+00
    202.518       4861     60.367 -107.00064   16.90048     60.000    19.3358    19.3374   4.653473   4.653373 7.8117e-01    12.3850     4.5218 5.0671e-02          0     4.5218     0.2604     1.3096     0.0000     4.5188     0.0000     0.0049     0.0000     1.3091    34.3892    34.3871    24.4713    24.4693     2.4458     74.607     32.552 0.0000e+00
    203.295       4880     61.373 -107.00064   16.90048     61.000    19.1413    19.1334   4.634027   4.632962 7.2908e-01    12.3810     4.5263 5.0671e-02          0     4.5263     0.2430     1.2467     0.0000     4.5196     0.0000     0.0049     0.0000     1.2462    34.3882    34.3859    24.5203    24.5206     2.0948     63.897     27.782 0.0000e+00
    204.493       4909     62.380 -107.00064   16.90048     62.000    18.7458    18.7300   4.600607   4.599102 7.7924e-01    12.3746     4.5337 5.0671e-02          0     4.5337     0.2597     1.1287     0.0000     4.5217     0.0000     0.0049     0.0000     1.1282    34.4373    34.4378    24.6582    24.6625     1.7386     53.024     22.898 0.0000e+00
    206.786       4964     63.386 -107.00064   16.90048     63.000    18.4769    18.5630   4.578488   4.585332 7.7390e-01    12.3688     4.5402 5.0671e-02          0     4.5402     0.2580     0.9878     0.0000     4.5232     0.0000     0.0049     0.0000     0.9873    34.4756    34.4613    24.7551    24.7225     1.4788     45.097     19.378 0.0000e+00
    208.373       5002     64.392 -107.00064   16.90048     64.000    18.3932    18.3940   4.571519   4.571325 6.3126e-01    12.3633     4.5464 5.0671e-02          0     4.5464     0.2104     0.9450     0.0000     4.5252     0.0000     0.0049     0.0000     0.9444    34.4866    34.4843    24.7843    24.7824     1.4150     43.150     18.515 0.0000e+00
    211.575       5079     65.399 -107.00064   16.90048     65.000    18.3682    18.3763   4.569640   4.570098 6.5647e-01    12.3621     4.5478 5.0671e-02          0     4.5478     0.2188     0.9179     0.0000     4.5292     0.0000     0.0049     0.0000     0.9173    34.4913    34.4884    24.7942    24.7900     1.3801     42.084     18.050 0.0000e+00
    214.719       5154     66.405 -107.00064   16.90048     66.000    18.1913    18.1925   4.553106   4.552996 5.9756e-01    12.3621     4.5479 5.0671e-02          0     4.5479     0.1992     0.8835     0.0000     4.5332     0.0000     0.0049     0.0000     0.8829    34.4997    34.4978    24.8445    24.8428     1.2367     37.710     16.122 0.0000e+00
    216.054       5186     67.411 -107.00064   16.90048     67.000    18.1040    18.1027   4.545029   4.544687 5.3590e-01    12.3617     4.5482 5.0671e-02          0     4.5482     0.1786     0.8644     0.0000     4.5353     0.0000     0.0049     0.0000     0.8638    34.5043    34.5025    24.8696    24.8686     1.1551     35.221     15.034 0.0000e+00
    217.221       5214     68.418 -107.00064   16.90048     68.000    17.9913    17.9829   4.534676   4.533803 5.2558e-01    12.3594     4.5508 5.0671e-02          0     4.5508     0.1752     0.8335     0.0000     4.5371     0.0000     0.0049     0.0000     0.8329    34.5108    34.5105    24.9024    24.9042     0.9674     29.497     12.565 0.0000e+00
    218.536       5246     69.424 -107.00064   16.90048     69.000    17.5731    17.5607   4.496189   4.495243 5.2584e-01    12.3582     4.5522 5.0671e-02          0     4.5522     0.1753     0.7754     0.0000     4.5388     0.0000     0.0049     0.0000     0.7748    34.5354    34.5379    25.0231    25.0280     0.7509     22.892      9.678 0.0000e+00
    220.253       5287     70.430 -107.00064   16.90048     70.000    17.2682    17.2707   4.468448   4.468635 5.5425e-01    12.3582     4.5522 5.0671e-02          0     4.5522     0.1848     0.7204     0.0000     4.5416     0.0000     0.0049     0.0000     0.7197    34.5558    34.5552    25.1122    25.1111     0.6587     20.082      8.441 0.0000e+00
    224.717       5394     71.436 -107.00064   16.90048     71.000    17.3101    17.4092   4.473766   4.483276 5.2611e-01    12.3544     4.5565 5.0671e-02          0     4.5565     0.1754     0.6950     0.0000     4.5458     0.0000     0.0049     0.0000     0.6943    34.5656    34.5631    25.1097    25.0838     0.6481     19.757      8.315 0.0000e+00
    226.613       5440     72.443 -107.00064   16.90048     72.000    17.0335    17.0328   4.449294   4.448977 4.2730e-01    12.3527     4.5585 5.0671e-02          0     4.5585     0.1424     0.6476     0.0000     4.5483     0.0000     0.0049     0.0000     0.6469    34.5899    34.5877    25.1943    25.1929     0.3967     12.091      5.061 0.0000e+00
    227.563       5463     73.449 -107.00064   16.90048     73.000    16.9261    16.9217   4.439964   4.439299 3.7345e-01    12.3509     4.5605 5.0671e-02          0     4.5605     0.1245     0.6258     0.0000     4.5503     0.0000     0.0049     0.0000     0.6250    34.6006    34.5986    25.2280    25.2275     0.3337     10.172      4.249 0.0000e+00
    228.556       5486     74.455 -107.00063   16.90048     74.000    16.7342    16.7263   4.422434   4.421424 3.6706e-01    12.3479     4.5640 5.0671e-02          0     4.5640     0.1224     0.6060     0.0000     4.5520     0.0000     0.0049     0.0000     0.6052    34.6123    34.6103    25.2822    25.2826     0.2866      8.737      3.637 0.0000e+00
    230.043       5522     75.462 -107.00063   16.90048     75.000    16.6128    16.6106   4.411605   4.411091 3.9667e-01    12.3477     4.5642 5.0671e-02          0     4.5642     0.1322     0.5891     0.0000     4.5543     0.0000     0.0049     0.0000     0.5884    34.6219    34.6193    25.3180    25.3165     0.2782      8.481      3.522 0.0000e+00
    235.355       5650     76.468 -107.00062   16.90048     76.000    16.7433    16.7761   4.424189   4.426805 3.7145e-01    12.3475     4.5644 5.0671e-02          0     4.5644     0.1238     0.5842     0.0000     4.3514     0.0000     0.0049     0.0000     0.5834    34.6191    34.6136    25.2854    25.2735     0.3004      9.156      3.812 0.0000e+00
    236.479       5676     77.474 -107.00062   16.90048     77.000    16.4309    16.4300   4.395107   4.394829 3.0621e-01    12.3450     4.5673 5.0671e-02          0     4.5673     0.1021     0.5715     0.0000     4.5617     0.0000     0.0049     0.0000     0.5707    34.6335    34.6319    25.3694    25.3683     0.2090      6.371      2.637 0.0000e+00
    237.616       5704     78.481 -107.00062   16.90048     78.000    16.3181    16.3149   4.384850   4.384360 3.0743e-01    12.3433     4.5693 5.0671e-02          0     4.5693     0.1025     0.5624     0.0000     4.5626     0.0000     0.0049     0.0000     0.5616    34.6405    34.6390    25.4009    25.4005     0.1842      5.614      2.319 0.0000e+00
    238.938       5736     79.487 -107.00062   16.90048     79.000    16.1858    16.1819   4.372670   4.372152 2.8161e-01    12.3416     4.5712 5.0671e-02          0     4.5712     0.0939     0.5537     0.0000     4.5640     0.0000     0.0049     0.0000     0.5530    34.6475    34.6463    25.4367    25.4367     0.1638      4.990      2.056 0.0000e+00
    240.413       5771     80.493 -107.00062   16.90048     80.000    16.0990    16.0968   4.364792   4.364438 2.7228e-01    12.3411     4.5717 5.0671e-02          0     4.5717     0.0908     0.5472     0.0000     4.5660     0.0000     0.0049     0.0000     0.5465    34.6529    34.6516    25.4608    25.4603     0.1519      4.630      1.904 0.0000e+00
    243.529       5846     81.500 -107.00062   16.90048     81.000    16.1229    16.1117   4.367336   4.366401 3.3623e-01    12.3401     4.5729 5.0671e-02          0     4.5729     0.1121     0.5442     0.0000     4.5705     0.0000     0.0049     0.0000     0.5434    34.6542    34.6557    25.4565    25.4602     0.1579      4.811      1.980 0.0000e+00
    246.746       5923     82.506 -107.00062   16.90048     82.000    16.0140    15.9981   4.357396   4.355785 2.6757e-01    12.3394     4.5737 5.0671e-02          0     4.5737     0.0892     0.5407     0.0000     4.5736     0.0000     0.0049     0.0000     0.5400    34.6605    34.6601    25.4862    25.4895     0.1292      3.939      1.617 0.0000e+00
    248.248       5959     83.512 -107.00062   16.90048     83.000    15.8483    15.8435   4.342242   4.341640 2.6778e-01    12.3380     4.5752 5.0671e-02          0     4.5752     0.0892     0.5345     0.0000     4.5752     0.0000     0.0049     0.0000     0.5337    34.6700    34.6689    25.5312    25.5314     0.1039      3.167      1.297 0.0000e+00
    249.532       5990     84.519 -107.00062   16.90048     84.000    15.7754    15.7749   4.335877   4.335626 2.5024e-01    12.3363     4.5772 5.0718e-02          0     4.5772     0.0834     0.5296     0.0000     3.8786     0.0000     0.0053     0.0000     0.5288    34.6767    34.6749    25.5529    25.5516     0.0862      2.627      1.074 0.0000e+00
    250.735       6019     85.525 -107.00062   16.90048     85.000    15.5519    15.5473   4.315455   4.314837 1.9286e-01    12.3355     4.5782 5.0782e-02          0     4.5782     0.0643     0.5242     0.0000     2.9327     0.0000     0.0058     0.0000     0.5235    34.6896    34.6881    25.6132    25.6131     0.0687      2.092      0.852 0.0000e+00
    253.262       6079     86.532 -107.00062   16.90048     86.000    15.5718    15.5248   4.317623   4.313852 2.3608e-01    12.3353     4.5784 5.0678e-02          0     4.5784     0.0787     0.5211     0.0000     4.4693     0.0000     0.0050     0.0000     0.5203    34.6912    34.6987    25.6100    25.6263     0.0756      2.303      0.938 0.0000e+00
    256.449       6156     87.538 -107.00062   16.90048     87.000    15.4313    15.4174   4.304712   4.303515 2.2501e-01    12.3350     4.5787 5.0671e-02          0     4.5787     0.0750     0.5187     0.0000     4.5818     0.0000     0.0049     0.0000     0.5180    34.6984    34.6999    25.6470    25.6512     0.0620      1.889      0.767 0.0000e+00
    258.286       6200     88.545 -107.00062   16.90048     88.000    15.3271    15.3257   4.295495   4.295217 2.4259e-01    12.3362     4.5773 5.0671e-02          0     4.5773     0.0809     0.5168     0.0000     4.5839     0.0000     0.0049     0.0000     0.5160    34.7069    34.7056    25.6767    25.6761     0.0599      1.824      0.740 0.0000e+00
    260.110       6244     89.551 -107.00061   16.90048     89.000    15.2300    15.2268   4.286619   4.286161 2.8318e-01    12.3371     4.5763 5.0671e-02          0     4.5763     0.0944     0.5158     0.0000     4.5855     0.0000     0.0049     0.0000     0.5150    34.7121    34.7108    25.7023    25.7020     0.0576      1.754      0.710 0.0000e+00
    262.177       6293     90.558 -107.00061   16.90048     90.000    15.1478    15.1467   4.278847   4.278594 3.0263e-01    12.3387     4.5745 5.0671e-02          0     4.5745     0.1009     0.5153     0.0000     4.5870     0.0000     0.0049     0.0000     0.5145    34.7141    34.7128    25.7220    25.7213     0.0582      1.773      0.716 0.0000e+00
    263.556       6326     91.564 -107.00062   16.90048     91.000    15.0651    15.0638   4.270792   4.270507 2.7943e-01    12.3382     4.5751 5.0671e-02          0     4.5751     0.0931     0.5154     0.0000     4.5885     0.0000     0.0049     0.0000     0.5146    34.7139    34.7125    25.7401    25.7393     0.0628      1.915      0.772 0.0000e+00
    265.017       6361     92.570 -107.00062   16.90048     92.000    14.9621    14.9622   4.260590   4.260294 2.4144e-01    12.3365     4.5770 5.0671e-02          0     4.5770     0.0805     0.5174     0.0000     4.5894     0.0000     0.0049     0.0000     0.5166    34.7122    34.7094    25.7614    25.7592     0.0709      2.161      0.870 0.0000e+00
    268.834       6453     93.577 -107.00062   16.90048     93.000    15.0464    15.0348   4.268939   4.267749 2.6478e-01    12.3363     4.5773 5.0671e-02          0     4.5773     0.0882     0.5169     0.0000     4.5922     0.0000     0.0049     0.0000     0.5161    34.7129    34.7124    25.7435    25.7456     0.0650      1.980      0.798 0.0000e+00
    270.215       6486     94.583 -107.00062   16.90048     94.000    14.8829    14.8821   4.253161   4.252947 2.1056e-01    12.3335     4.5804 5.0671e-02          0     4.5804     0.0702     0.5187     0.0000     4.5924     0.0000     0.0049     0.0000     0.5180    34.7141    34.7129    25.7802    25.7794     0.0728      2.219      0.892 0.0000e+00
    271.801       6524     95.590 -107.00062   16.90048     95.000    14.8648    14.8648   4.251920   4.251814 2.2722e-01    12.3347     4.5791 5.0671e-02          0     4.5791     0.0757     0.5179     0.0000     4.5932     0.0000     0.0049     0.0000     0.5172    34.7185    34.7176    25.7876    25.7868     0.0634      1.931      0.776 0.0000e+00
    273.997       6577     96.596 -107.00062   16.90048     96.000    14.8241    14.8224   4.248877   4.248649 3.2229e-01    12.3402     4.5728 5.0671e-02          0     4.5728     0.1074     0.5152     0.0000     4.5944     0.0000     0.0049     0.0000     0.5144    34.7266    34.7260    25.8027    25.8026     0.0521      1.587      0.637 0.0000e+00
    276.511       6637     97.603 -107.00062   16.90048     97.000    14.7260    14.7231   4.239783   4.239401 2.9350e-01    12.3389     4.5742 5.0671e-02          0     4.5742     0.0978     0.5138     0.0000     4.5954     0.0000     0.0049     0.0000     0.5131    34.7305    34.7296    25.8271    25.8269     0.0531      1.618      0.648 0.0000e+00
    278.918       6695     98.609 -107.00062   16.90048     98.000    14.6662    14.6666   4.234353   4.234292 2.1650e-01    12.3367     4.5768 5.0671e-02          0     4.5768     0.0722     0.5133     0.0000     4.5971     0.0000     0.0049     0.0000     0.5126    34.7337    34.7328    25.8425    25.8417     0.0500      1.524      0.610 0.0000e+00
    280.512       6733     99.615 -107.00062   16.90048     99.000    14.6598    14.6601   4.234016   4.233965 2.3224e-01    12.3391     4.5740 5.0671e-02          0     4.5740     0.0774     0.5129     0.0000     4.5985     0.0000     0.0049     0.0000     0.5122    34.7360    34.7352    25.8457    25.8450     0.0493      1.501      0.601 0.0000e+00
