data/ctd-cnv/RR1804/Station32_cast54.cnv
* Sea-Bird SBE 9 Data File:
* FileName = C:\CTD\RR1805\Station32_cast54.hex
* Software Version Seasave V 7.26.6.26
* Temperature SN = 4307
* Conductivity SN = 4650
* Number of Bytes Per Scan = 44
* Number of Voltage Words = 5
* Number of Scans Averaged by the Deck Unit = 1
* NMEA Latitude = 17 01.23 N
* NMEA Longitude = 106 58.80 W
* NMEA UTC (Time) = Apr 19 2018 18:05:49
** Ship: Revell
** Station: 32 (P2)
** Operator: Gabrielle
** Cast 54 Diel
# nquan = 32
# nvalues = 200                         
# units = specified
# name 0 = timeS: Time, Elapsed [seconds]
# name 1 = scan: Scan Count
# name 2 = prDM: Pressure, Digiquartz [db]
# name 3 = longitude: Longitude [deg]
# name 4 = latitude: Latitude [deg]
# name 5 = depSMignore: Depth [salt water, m]
# name 6 = t090C: Temperature [ITS-90, deg C]
# name 7 = t190C: Temperature, 2 [ITS-90, deg C]
# name 8 = c0S/m: Conductivity [S/m]
# name 9 = c1S/m: Conductivity, 2 [S/m]
# name 10 = flSP: Fluorescence, Seapoint
# name 11 = CStarAt0: Beam Attenuation, WET Labs C-Star [1/m]
# name 12 = CStarTr0: Beam Transmission, WET Labs C-Star [%]
# name 13 = par: PAR/Irradiance, Biospherical/Licor
# name 14 = modError: Modulo Error Count
# name 15 = v0: Voltage 0
# name 16 = v1: Voltage 1
# name 17 = v2: Voltage 2
# name 18 = v3: Voltage 3
# name 19 = v4: Voltage 4
# name 20 = v5: Voltage 5
# name 21 = v6: Voltage 6
# name 22 = v7: Voltage 7
# name 23 = sbeox0V: Oxygen raw, SBE 43 [V]
# name 24 = sal00: Salinity, Practical [PSU]
# name 25 = sal11: Salinity, Practical, 2 [PSU]
# name 26 = sigma-é00: Density [sigma-theta, kg/m^3]
# name 27 = sigma-é11: Density, 2 [sigma-theta, kg/m^3]
# name 28 = sbeox0Mg/L: Oxygen, SBE 43 [mg/l], WS = 2
# name 29 = sbox0Mm/Kg: Oxygen, SBE 43 [umol/kg], WS = 2
# name 30 = sbeox0PS: Oxygen, SBE 43 [% saturation], WS = 2
# name 31 = flag: flag
# span 0 =     15.505,    396.267       
# span 1 =        373,       9511       
# span 2 =      3.018,    203.307       
# span 3 = -106.98014, -106.98006       
# span 4 =   17.02054,   17.02058       
# span 5 =      3.000,    202.000       
# span 6 =    12.1833,    26.9083       
# span 7 =    12.1866,    26.9075       
# span 8 =   4.003465,   5.407459       
# span 9 =   4.003913,   5.407568       
# span 10 = 7.3133e-02, 1.2367e+00      
# span 11 =    12.3367,    12.4352      
# span 12 =     4.4655,     4.5768      
# span 13 = 5.0670e-02, 1.4185e+03      
# span 14 =          0,          0      
# span 15 =     4.4655,     4.5768      
# span 16 =     0.0244,     0.4122      
# span 17 =     0.5074,     2.8299      
# span 18 =     0.0000,     0.0000      
# span 19 =     2.8119,     4.6731      
# span 20 =     0.0000,     0.0000      
# span 21 =     0.0049,     4.4395      
# span 22 =     0.0000,     0.0000      
# span 23 =     0.5066,     2.8299      
# span 24 =    34.2104,    34.8041      
# span 25 =    34.2091,    34.8049      
# span 26 =    22.2073,    26.3844      
# span 27 =    22.2080,    26.3847      
# span 28 =     0.0320,     6.8280      
# span 29 =      0.973,    208.641      
# span 30 =      0.370,    102.335      
# span 31 = 0.0000e+00, 0.0000e+00      
# interval = meters: 1                  
# start_time = Apr 19 2018 18:05:54 [System UTC, first data scan.]
# bad_flag = -9.990e-29
*END*
[from data line 136]
    295.330       7089    139.878 -106.98008   17.02056    139.000    13.0561    13.0554   4.087303   4.087304 1.0816e-01    12.3484     4.5635 9.7905e-02          0     4.5635     0.0360     0.5105     0.0000     4.6577     0.0000     0.2890     0.0000     0.5096    34.8015    34.8021    26.2317    26.2323     0.0422      1.284      0.498 0.0000e+00
    296.340       7113    140.885 -106.98008   17.02056    140.000    13.0370    13.0376   4.085602   4.085734 1.0300e-01    12.3481     4.5638 9.2223e-02          0     4.5638     0.0343     0.5104     0.0000     4.6581     0.0000     0.2634     0.0000     0.5095    34.8025    34.8031    26.2363    26.2367     0.0420      1.278      0.495 0.0000e+00
    297.305       7136    141.892 -106.98008   17.02056    141.000    13.0297    13.0301   4.085113   4.085235 1.0094e-01    12.3487     4.5630 8.6900e-02          0     4.5630     0.0337     0.5104     0.0000     4.6546     0.0000     0.2376     0.0000     0.5095    34.8041    34.8049    26.2391    26.2396     0.0427      1.301      0.504 0.0000e+00
    298.261       7159    142.899 -106.98008   17.02056    142.000    13.0103    13.0108   4.083246   4.083362 9.7864e-02    12.3491     4.5626 8.0626e-02          0     4.5626     0.0326     0.5104     0.0000     4.6503     0.0000     0.2053     0.0000     0.5095    34.8037    34.8044    26.2426    26.2431     0.0427      1.301      0.504 0.0000e+00
    299.259       7183    143.905 -106.98008   17.02056    143.000    12.9835    12.9832   4.080617   4.080632 9.7785e-02    12.3485     4.5633 7.8092e-02          0     4.5633     0.0326     0.5105     0.0000     4.6489     0.0000     0.1915     0.0000     0.5096    34.8029    34.8032    26.2474    26.2477     0.0426      1.297      0.502 0.0000e+00
    300.260       7207    144.912 -106.98008   17.02056    144.000    12.9505    12.9506   4.077221   4.077283 9.6924e-02    12.3482     4.5637 7.3874e-02          0     4.5637     0.0323     0.5104     0.0000     4.6473     0.0000     0.1674     0.0000     0.5095    34.8003    34.8009    26.2521    26.2525     0.0424      1.291      0.499 0.0000e+00
    301.231       7231    145.918 -106.98008   17.02056    145.000    12.9306    12.9311   4.075444   4.075577 9.5739e-02    12.3490     4.5627 6.7933e-02          0     4.5627     0.0319     0.5104     0.0000     4.6520     0.0000     0.1307     0.0000     0.5095    34.8013    34.8020    26.2568    26.2573     0.0426      1.296      0.501 0.0000e+00
    302.211       7254    146.925 -106.98008   17.02056    146.000    12.9195    12.9197   4.074401   4.074521 9.4552e-02    12.3479     4.5640 6.5259e-02          0     4.5640     0.0315     0.5104     0.0000     4.6469     0.0000     0.1139     0.0000     0.5095    34.8011    34.8021    26.2590    26.2596     0.0426      1.297      0.501 0.0000e+00
    303.308       7280    147.932 -106.98008   17.02056    147.000    12.9055    12.9057   4.073044   4.073162 9.4455e-02    12.3480     4.5639 5.9683e-02          0     4.5639     0.0314     0.5104     0.0000     4.6448     0.0000     0.0749     0.0000     0.5095    34.8006    34.8016    26.2614    26.2620     0.0426      1.297      0.501 0.0000e+00
    304.624       7312    148.939 -106.98008   17.02056    148.000    12.8896    12.8899   4.071603   4.071762 9.2465e-02    12.3476     4.5643 5.9258e-02          0     4.5643     0.0308     0.5104     0.0000     4.6461     0.0000     0.0722     0.0000     0.5095    34.8011    34.8023    26.2649    26.2658     0.0426      1.298      0.501 0.0000e+00
    305.887       7342    149.945 -106.98008   17.02056    149.000    12.8765    12.8762   4.070458   4.070501 8.9383e-02    12.3475     4.5645 5.9730e-02          0     4.5645     0.0298     0.5104     0.0000     4.6549     0.0000     0.0756     0.0000     0.5095    34.8018    34.8024    26.2681    26.2687     0.0426      1.298      0.502 0.0000e+00
    306.870       7366    150.952 -106.98008   17.02056    150.000    12.8143    12.8136   4.064452   4.064467 8.4779e-02    12.3473     4.5647 5.5708e-02          0     4.5647     0.0283     0.5104     0.0000     4.6525     0.0000     0.0451     0.0000     0.5095    34.8012    34.8020    26.2800    26.2808     0.0426      1.299      0.501 0.0000e+00
    307.719       7386    151.959 -106.98008   17.02056    151.000    12.7793    12.7794   4.060921   4.060980 8.4033e-02    12.3475     4.5645 5.0682e-02          0     4.5645     0.0280     0.5104     0.0000     3.1707     0.0000     0.0051     0.0000     0.5095    34.7992    34.7997    26.2854    26.2858     0.0425      1.295      0.499 0.0000e+00
    308.540       7406    152.966 -106.98008   17.02056    152.000    12.7483    12.7487   4.058035   4.058191 8.2192e-02    12.3469     4.5651 5.0762e-02          0     4.5651     0.0274     0.5103     0.0000     2.8119     0.0000     0.0057     0.0000     0.5094    34.7997    34.8009    26.2920    26.2928     0.0425      1.295      0.499 0.0000e+00
    309.381       7426    153.972 -106.98008   17.02056    153.000    12.7488    12.7494   4.058477   4.058654 8.0223e-02    12.3468     4.5652 5.0670e-02          0     4.5652     0.0268     0.5103     0.0000     4.6580     0.0000     0.0049     0.0000     0.5094    34.8031    34.8042    26.2946    26.2953     0.0415      1.263      0.487 0.0000e+00
    310.268       7447    154.979 -106.98008   17.02056    154.000    12.7400    12.7400   4.057694   4.057775 7.8101e-02    12.3463     4.5658 5.0671e-02          0     4.5658     0.0260     0.5103     0.0000     4.6534     0.0000     0.0049     0.0000     0.5094    34.8032    34.8041    26.2964    26.2971     0.0420      1.281      0.493 0.0000e+00
    311.210       7470    155.986 -106.98008   17.02056    155.000    12.7290    12.7293   4.056635   4.056798 7.8769e-02    12.3466     4.5654 5.0671e-02          0     4.5654     0.0263     0.5101     0.0000     4.6526     0.0000     0.0049     0.0000     0.5092    34.8028    34.8041    26.2983    26.2993     0.0418      1.274      0.491 0.0000e+00
    312.208       7494    156.992 -106.98008   17.02056    156.000    12.7260    12.7263   4.056360   4.056511 7.9707e-02    12.3473     4.5646 5.0671e-02          0     4.5646     0.0266     0.5102     0.0000     4.6439     0.0000     0.0049     0.0000     0.5093    34.8026    34.8037    26.2987    26.2996     0.0417      1.269      0.488 0.0000e+00
    313.312       7520    157.999 -106.98008   17.02056    157.000    12.7239    12.7240   4.056169   4.056294 7.9950e-02    12.3466     4.5654 5.0671e-02          0     4.5654     0.0267     0.5100     0.0000     4.6298     0.0000     0.0049     0.0000     0.5091    34.8022    34.8033    26.2989    26.2998     0.0400      1.217      0.469 0.0000e+00
    314.459       7548    159.006 -106.98008   17.02056    158.000    12.7104    12.7109   4.054821   4.054982 7.8680e-02    12.3466     4.5654 5.0671e-02          0     4.5654     0.0262     0.5100     0.0000     4.6072     0.0000     0.0049     0.0000     0.5091    34.8013    34.8024    26.3009    26.3016     0.0428      1.302      0.501 0.0000e+00
    315.582       7575    160.013 -106.98008   17.02056    159.000    12.6639    12.6630   4.049924   4.049919 8.0354e-02    12.3465     4.5655 5.0671e-02          0     4.5655     0.0268     0.5101     0.0000     4.6360     0.0000     0.0049     0.0000     0.5092    34.7968    34.7976    26.3066    26.3074     0.0410      1.247      0.479 0.0000e+00
    316.664       7601    161.019 -106.98008   17.02056    160.000    12.6173    12.6177   4.045157   4.045320 8.0147e-02    12.3464     4.5657 5.0671e-02          0     4.5657     0.0267     0.5100     0.0000     4.6599     0.0000     0.0049     0.0000     0.5091    34.7937    34.7948    26.3134    26.3142     0.0410      1.248      0.480 0.0000e+00
    317.658       7625    162.026 -106.98008   17.02056    161.000    12.6168    12.6175   4.045237   4.045453 8.0266e-02    12.3470     4.5649 5.0671e-02          0     4.5649     0.0268     0.5099     0.0000     4.6498     0.0000     0.0049     0.0000     0.5090    34.7944    34.7959    26.3141    26.3150     0.0390      1.186      0.456 0.0000e+00
    318.593       7647    163.033 -106.98008   17.02056    162.000    12.6192    12.6196   4.045647   4.045828 7.9102e-02    12.3463     4.5658 5.0671e-02          0     4.5658     0.0264     0.5095     0.0000     4.6549     0.0000     0.0049     0.0000     0.5086    34.7958    34.7971    26.3147    26.3156     0.0384      1.170      0.450 0.0000e+00
    319.599       7671    164.040 -106.98008   17.02056    163.000    12.6242    12.6248   4.046342   4.046557 7.7355e-02    12.3460     4.5661 5.0671e-02          0     4.5661     0.0258     0.5096     0.0000     4.6631     0.0000     0.0049     0.0000     0.5087    34.7974    34.7989    26.3150    26.3160     0.0409      1.245      0.478 0.0000e+00
    320.832       7701    165.047 -106.98008   17.02056    164.000    12.6255    12.6260   4.046616   4.046822 7.8587e-02    12.3463     4.5658 5.0671e-02          0     4.5658     0.0262     0.5097     0.0000     4.6569     0.0000     0.0049     0.0000     0.5088    34.7984    34.7999    26.3156    26.3166     0.0399      1.216      0.467 0.0000e+00
    322.063       7731    166.053 -106.98008   17.02056    165.000    12.6210    12.6214   4.046253   4.046454 7.7192e-02    12.3465     4.5656 5.0671e-02          0     4.5656     0.0257     0.5095     0.0000     4.6552     0.0000     0.0049     0.0000     0.5086    34.7986    34.8002    26.3166    26.3178     0.0389      1.183      0.455 0.0000e+00
    323.053       7754    167.060 -106.98008   17.02056    166.000    12.6117    12.6114   4.045311   4.045375 7.7242e-02    12.3464     4.5657 5.0671e-02          0     4.5657     0.0257     0.5095     0.0000     4.6240     0.0000     0.0049     0.0000     0.5086    34.7977    34.7986    26.3178    26.3186     0.0394      1.200      0.461 0.0000e+00
    323.886       7774    168.067 -106.98009   17.02056    167.000    12.5839    12.5838   4.042271   4.042363 7.9541e-02    12.3461     4.5660 5.0671e-02          0     4.5660     0.0265     0.5095     0.0000     4.6209     0.0000     0.0049     0.0000     0.5086    34.7938    34.7947    26.3202    26.3209     0.0411      1.251      0.480 0.0000e+00
    324.654       7793    169.074 -106.98010   17.02056    168.000    12.5644    12.5649   4.040368   4.040549 7.9774e-02    12.3463     4.5658 5.0671e-02          0     4.5658     0.0266     0.5099     0.0000     4.6260     0.0000     0.0049     0.0000     0.5090    34.7930    34.7943    26.3235    26.3244     0.0419      1.276      0.490 0.0000e+00
    325.378       7810    170.081 -106.98010   17.02056    169.000    12.5337    12.5333   4.037124   4.037177 7.9507e-02    12.3463     4.5657 5.0671e-02          0     4.5657     0.0265     0.5096     0.0000     4.6457     0.0000     0.0049     0.0000     0.5087    34.7898    34.7907    26.3270    26.3278     0.0395      1.202      0.461 0.0000e+00
    326.120       7828    171.087 -106.98010   17.02056    170.000    12.5040    12.5043   4.034332   4.034485 7.7133e-02    12.3459     4.5663 5.0671e-02          0     4.5663     0.0257     0.5098     0.0000     4.6411     0.0000     0.0049     0.0000     0.5089    34.7899    34.7911    26.3329    26.3338     0.0404      1.229      0.471 0.0000e+00
    326.944       7848    172.094 -106.98010   17.02056    171.000    12.4883    12.4870   4.032718   4.032676 7.7441e-02    12.3459     4.5663 5.0671e-02          0     4.5663     0.0258     0.5096     0.0000     4.6589     0.0000     0.0049     0.0000     0.5087    34.7884    34.7893    26.3349    26.3358     0.0398      1.211      0.464 0.0000e+00
    327.982       7873    173.101 -106.98010   17.02056    172.000    12.4502    12.4489   4.028760   4.028765 7.7413e-02    12.3460     4.5661 5.0671e-02          0     4.5661     0.0258     0.5097     0.0000     4.6600     0.0000     0.0049     0.0000     0.5088    34.7852    34.7864    26.3398    26.3410     0.0399      1.216      0.465 0.0000e+00
    329.606       7912    174.108 -106.98010   17.02056    173.000    12.4362    12.4360   4.027434   4.027495 8.2402e-02    12.3458     4.5663 5.0671e-02          0     4.5663     0.0274     0.5094     0.0000     4.6611     0.0000     0.0049     0.0000     0.5085    34.7849    34.7856    26.3424    26.3429     0.0387      1.177      0.451 0.0000e+00
    331.368       7954    175.114 -106.98010   17.02056    174.000    12.4323    12.4325   4.026964   4.027155 8.6425e-02    12.3457     4.5665 5.0671e-02          0     4.5665     0.0288     0.5094     0.0000     4.6630     0.0000     0.0049     0.0000     0.5085    34.7836    34.7852    26.3421    26.3433     0.0392      1.192      0.456 0.0000e+00
    332.504       7981    176.122 -106.98010   17.02056    175.000    12.4275    12.4285   4.026561   4.026823 7.7576e-02    12.3457     4.5665 5.0671e-02          0     4.5665     0.0258     0.5094     0.0000     4.6610     0.0000     0.0049     0.0000     0.5085    34.7836    34.7853    26.3431    26.3442     0.0399      1.213      0.464 0.0000e+00
    333.371       8002    177.128 -106.98010   17.02056    176.000    12.4256    12.4266   4.026406   4.026670 7.6907e-02    12.3457     4.5664 5.0671e-02          0     4.5664     0.0256     0.5095     0.0000     4.6581     0.0000     0.0049     0.0000     0.5086    34.7835    34.7852    26.3434    26.3445     0.0394      1.199      0.459 0.0000e+00
    334.164       8021    178.135 -106.98010   17.02056    177.000    12.4234    12.4243   4.026255   4.026519 7.6731e-02    12.3461     4.5661 5.0671e-02          0     4.5661     0.0255     0.5092     0.0000     4.6419     0.0000     0.0049     0.0000     0.5083    34.7837    34.7854    26.3440    26.3451     0.0375      1.142      0.437 0.0000e+00
    334.946       8040    179.142 -106.98010   17.02056    178.000    12.4179    12.4182   4.025779   4.025983 7.7793e-02    12.3459     4.5663 5.0671e-02          0     4.5663     0.0259     0.5093     0.0000     4.6503     0.0000     0.0049     0.0000     0.5084    34.7838    34.7855    26.3452    26.3464     0.0393      1.196      0.458 0.0000e+00
    335.740       8059    180.149 -106.98010   17.02056    179.000    12.4087    12.4108   4.024927   4.025298 7.6959e-02    12.3466     4.5655 5.0671e-02          0     4.5655     0.0256     0.5094     0.0000     4.6606     0.0000     0.0049     0.0000     0.5085    34.7836    34.7852    26.3468    26.3477     0.0395      1.204      0.460 0.0000e+00
    336.531       8078    181.156 -106.98010   17.02056    180.000    12.3986    12.4001   4.023889   4.024227 7.6733e-02    12.3458     4.5664 5.0671e-02          0     4.5664     0.0255     0.5093     0.0000     4.6647     0.0000     0.0049     0.0000     0.5084    34.7825    34.7843    26.3480    26.3491     0.0381      1.160      0.444 0.0000e+00
    337.335       8097    182.162 -106.98010   17.02056    181.000    12.3919    12.3924   4.023224   4.023435 7.6923e-02    12.3457     4.5665 5.0671e-02          0     4.5665     0.0256     0.5092     0.0000     4.6682     0.0000     0.0049     0.0000     0.5083    34.7819    34.7834    26.3488    26.3499     0.0384      1.169      0.447 0.0000e+00
    338.202       8118    183.169 -106.98010   17.02056    182.000    12.3865    12.3862   4.022674   4.022810 7.6923e-02    12.3457     4.5665 5.0671e-02          0     4.5665     0.0256     0.5092     0.0000     4.6693     0.0000     0.0049     0.0000     0.5083    34.7811    34.7827    26.3493    26.3506     0.0390      1.189      0.454 0.0000e+00
    339.267       8143    184.176 -106.98010   17.02056    183.000    12.3821    12.3817   4.022244   4.022392 7.6804e-02    12.3457     4.5665 5.0671e-02          0     4.5665     0.0256     0.5092     0.0000     4.6700     0.0000     0.0049     0.0000     0.5083    34.7806    34.7824    26.3498    26.3513     0.0386      1.176      0.450 0.0000e+00
