data/ctd-cnv/RR1804/Station32_cast44.cnv
* Sea-Bird SBE 9 Data File:
* FileName = C:\CTD\RR1805\Station32_cast44.hex
* Software Version Seasave V 7.26.6.26
* Temperature SN = 4307
* Conductivity SN = 4650
* Number of Bytes Per Scan = 44
* Number of Voltage Words = 5
* Number of Scans Averaged by the Deck Unit = 1
* NMEA Latitude = 16 55.62 N
* NMEA Longitude = 107 00.91 W
* NMEA UTC (Time) = Apr 15 2018 22:01:43
** Ship: Revell
** Station: 32 (P2)
** Operator: clara
** cast 44
# nquan = 32
# nvalues = 403                         
# units = specified
# name 0 = timeS: Time, Elapsed [seconds]
# name 1 = scan: Scan Count
# name 2 = prDM: Pressure, Digiquartz [db]
# name 3 = longitude: Longitude [deg]
# name 4 = latitude: Latitude [deg]
# name 5 = depSMignore: Depth [salt water, m]
# name 6 = t090C: Temperature [ITS-90, deg C]
# name 7 = t190C: Temperature, 2 [ITS-90, deg C]
# name 8 = c0S/m: Conductivity [S/m]
# name 9 = c1S/m: Conductivity, 2 [S/m]
# name 10 = flSP: Fluorescence, Seapoint
# name 11 = CStarAt0: Beam Attenuation, WET Labs C-Star [1/m]
# name 12 = CStarTr0: Beam Transmission, WET Labs C-Star [%]
# name 13 = par: PAR/Irradiance, Biospherical/Licor
# name 14 = modError: Modulo Error Count
# name 15 = v0: Voltage 0
# name 16 = v1: Voltage 1
# name 17 = v2: Voltage 2
# name 18 = v3: Voltage 3
# name 19 = v4: Voltage 4
# name 20 = v5: Voltage 5
# name 21 = v6: Voltage 6
# name 22 = v7: Voltage 7
# name 23 = sbeox0V: Oxygen raw, SBE 43 [V]
# name 24 = sal00: Salinity, Practical [PSU]
# name 25 = sal11: Salinity, Practical, 2 [PSU]
# name 26 = sigma-é00: Density [sigma-theta, kg/m^3]
# name 27 = sigma-é11: Density, 2 [sigma-theta, kg/m^3]
# name 28 = sbeox0Mg/L: Oxygen, SBE 43 [mg/l], WS = 2
# name 29 = sbox0Mm/Kg: Oxygen, SBE 43 [umol/kg], WS = 2
# name 30 = sbeox0PS: Oxygen, SBE 43 [% saturation], WS = 2
# name 31 = flag: flag
# span 0 =     30.233,    898.803       
# span 1 =        727,      21572       
# span 2 =      1.006,    405.805       
# span 3 = -107.01530, -107.01526       
# span 4 =   16.92704,   16.92708       
# span 5 =      1.000,    403.000       
# span 6 =     9.1273,    26.7446       
# span 7 =     9.1075,    26.7571       
# span 8 =   3.706915,   5.395344       
# span 9 =   3.705225,   5.667820       
# span 10 = 6.7864e-02, 1.5507e+00      
# span 11 =    12.0689,    15.1471      
# span 12 =     4.2167,     4.5865      
# span 13 = 5.0666e-02, 1.2650e+03      
# span 14 =          0,          0      
# span 15 =     4.2167,     4.5865      
# span 16 =     0.0226,     0.5169      
# span 17 =     0.5060,     2.8306      
# span 18 =     0.0000,     0.0000      
# span 19 =     0.4135,     4.7738      
# span 20 =     0.0000,     0.0000      
# span 21 =     0.0049,     4.0509      
# span 22 =     0.0000,     0.0000      
# span 23 =     0.5054,     2.8307      
# span 24 =    34.1898,    34.8036      
# span 25 =    34.1848,    36.2697      
# span 26 =    22.2657,    26.7956      
# span 27 =    22.3474,    26.7999      
# span 28 =     0.0302,     6.8003      
# span 29 =      0.920,    207.801      
# span 30 =      0.328,    102.062      
# span 31 = 0.0000e+00, 0.0000e+00      
# interval = meters: 1                  
# start_time = Apr 15 2018 22:02:18 [System UTC, first data scan.]
# bad_flag = -9.990e-29
*END*
[from data line 227]
    589.736      14155    229.490 -107.01530   16.92708    228.000    11.5075    11.5083   3.937062   3.937221 7.1520e-02    12.3380     4.5753 5.0671e-02          0     4.5753     0.0238     0.5079     0.0000     4.6157     0.0000     0.0049     0.0000     0.5072    34.7454    34.7462    26.4895    26.4900     0.0355      1.080      0.405 0.0000e+00
    590.654      14177    230.497 -107.01530   16.92708    229.000    11.5010    11.5023   3.936421   3.936658 7.3036e-02    12.3381     4.5752 5.0671e-02          0     4.5752     0.0243     0.5080     0.0000     4.6364     0.0000     0.0049     0.0000     0.5073    34.7447    34.7458    26.4903    26.4909     0.0357      1.088      0.408 0.0000e+00
    591.537      14198    231.504 -107.01530   16.92708    230.000    11.4801    11.4804   3.934266   3.934361 7.2544e-02    12.3382     4.5750 5.0671e-02          0     4.5750     0.0242     0.5080     0.0000     4.6344     0.0000     0.0049     0.0000     0.5073    34.7427    34.7433    26.4925    26.4930     0.0354      1.078      0.404 0.0000e+00
    592.445      14220    232.511 -107.01530   16.92708    231.000    11.4550    11.4559   3.931738   3.931897 7.1837e-02    12.3382     4.5750 5.0671e-02          0     4.5750     0.0239     0.5079     0.0000     4.6336     0.0000     0.0049     0.0000     0.5072    34.7408    34.7415    26.4958    26.4962     0.0352      1.073      0.402 0.0000e+00
    593.398      14243    233.518 -107.01530   16.92708    232.000    11.4345    11.4340   3.929628   3.929663 7.2617e-02    12.3381     4.5752 5.0671e-02          0     4.5752     0.0242     0.5080     0.0000     4.6362     0.0000     0.0049     0.0000     0.5073    34.7388    34.7396    26.4980    26.4987     0.0362      1.101      0.413 0.0000e+00
    594.495      14269    234.525 -107.01530   16.92708    233.000    11.4261    11.4264   3.928798   3.928922 7.2987e-02    12.3380     4.5754 5.0671e-02          0     4.5754     0.0243     0.5079     0.0000     4.6367     0.0000     0.0049     0.0000     0.5072    34.7381    34.7390    26.4990    26.4997     0.0353      1.074      0.402 0.0000e+00
    595.751      14299    235.532 -107.01530   16.92708    234.000    11.4207    11.4211   3.928251   3.928386 7.3024e-02    12.3378     4.5755 5.0671e-02          0     4.5755     0.0243     0.5079     0.0000     4.6354     0.0000     0.0049     0.0000     0.5072    34.7374    34.7383    26.4995    26.5001     0.0354      1.077      0.403 0.0000e+00
    597.018      14329    236.539 -107.01528   16.92706    235.000    11.4168    11.4173   3.927883   3.928032 7.2239e-02    12.3382     4.5751 5.0671e-02          0     4.5751     0.0241     0.5079     0.0000     4.6380     0.0000     0.0049     0.0000     0.5072    34.7369    34.7379    26.4999    26.5006     0.0355      1.079      0.404 0.0000e+00
    598.109      14356    237.546 -107.01528   16.92706    236.000    11.4141    11.4150   3.927655   3.927851 7.2191e-02    12.3382     4.5751 5.0671e-02          0     4.5751     0.0240     0.5079     0.0000     4.6352     0.0000     0.0049     0.0000     0.5072    34.7367    34.7378    26.5002    26.5010     0.0353      1.075      0.403 0.0000e+00
    599.009      14377    238.553 -107.01528   16.92706    237.000    11.4105    11.4111   3.927364   3.927507 7.2102e-02    12.3384     4.5748 5.0671e-02          0     4.5748     0.0240     0.5079     0.0000     4.6301     0.0000     0.0049     0.0000     0.5072    34.7368    34.7377    26.5011    26.5016     0.0357      1.088      0.408 0.0000e+00
    599.806      14396    239.561 -107.01528   16.92706    238.000    11.4066    11.4069   3.926989   3.927118 7.2462e-02    12.3382     4.5750 5.0671e-02          0     4.5750     0.0241     0.5080     0.0000     4.6279     0.0000     0.0049     0.0000     0.5073    34.7363    34.7374    26.5014    26.5021     0.0357      1.085      0.406 0.0000e+00
    600.589      14415    240.568 -107.01528   16.92706    239.000    11.4000    11.4002   3.926317   3.926423 7.2530e-02    12.3381     4.5752 5.0671e-02          0     4.5752     0.0242     0.5079     0.0000     4.5982     0.0000     0.0049     0.0000     0.5072    34.7354    34.7363    26.5019    26.5025     0.0351      1.070      0.401 0.0000e+00
    601.477      14436    241.575 -107.01528   16.92706    240.000    11.3740    11.3733   3.923575   3.923579 7.2950e-02    12.3378     4.5756 5.0671e-02          0     4.5756     0.0243     0.5079     0.0000     4.5412     0.0000     0.0049     0.0000     0.5072    34.7323    34.7330    26.5043    26.5050     0.0358      1.089      0.407 0.0000e+00
    602.482      14461    242.582 -107.01528   16.92706    241.000    11.3268    11.3255   3.918792   3.918709 7.2413e-02    12.3382     4.5751 5.0671e-02          0     4.5751     0.0241     0.5080     0.0000     4.5528     0.0000     0.0049     0.0000     0.5072    34.7290    34.7294    26.5104    26.5110     0.0355      1.080      0.404 0.0000e+00
    603.607      14488    243.589 -107.01528   16.92706    242.000    11.2895    11.2892   3.915024   3.915089 7.1820e-02    12.3377     4.5757 5.0671e-02          0     4.5757     0.0239     0.5079     0.0000     4.5805     0.0000     0.0049     0.0000     0.5072    34.7263    34.7273    26.5152    26.5160     0.0355      1.081      0.404 0.0000e+00
    604.720      14514    244.596 -107.01530   16.92708    243.000    11.2721    11.2719   3.913293   3.913360 7.2189e-02    12.3378     4.5755 5.0671e-02          0     4.5755     0.0240     0.5079     0.0000     4.5472     0.0000     0.0049     0.0000     0.5072    34.7251    34.7259    26.5175    26.5181     0.0356      1.083      0.404 0.0000e+00
    605.715      14538    245.604 -107.01530   16.92708    244.000    11.2587    11.2593   3.912054   3.912196 7.3107e-02    12.3379     4.5755 5.0671e-02          0     4.5755     0.0243     0.5079     0.0000     4.6255     0.0000     0.0049     0.0000     0.5072    34.7249    34.7258    26.5198    26.5204     0.0356      1.083      0.404 0.0000e+00
    606.639      14560    246.611 -107.01530   16.92708    245.000    11.2541    11.2546   3.911663   3.911844 7.2928e-02    12.3375     4.5759 5.0671e-02          0     4.5759     0.0243     0.5079     0.0000     4.6367     0.0000     0.0049     0.0000     0.5072    34.7250    34.7263    26.5207    26.5216     0.0356      1.083      0.404 0.0000e+00
    607.571      14583    247.618 -107.01530   16.92708    246.000    11.2530    11.2527   3.911609   3.911687 7.2217e-02    12.3377     4.5756 5.0671e-02          0     4.5756     0.0241     0.5079     0.0000     4.6366     0.0000     0.0049     0.0000     0.5072    34.7250    34.7261    26.5210    26.5218     0.0356      1.083      0.404 0.0000e+00
    608.632      14608    248.625 -107.01530   16.92708    247.000    11.2484    11.2487   3.911172   3.911310 7.3094e-02    12.3372     4.5761 5.0671e-02          0     4.5761     0.0243     0.5079     0.0000     4.6370     0.0000     0.0049     0.0000     0.5072    34.7246    34.7257    26.5215    26.5223     0.0356      1.084      0.404 0.0000e+00
    609.916      14639    249.632 -107.01530   16.92707    248.000    11.2445    11.2451   3.910821   3.910992 7.2834e-02    12.3374     4.5760 5.0671e-02          0     4.5760     0.0243     0.5079     0.0000     4.6370     0.0000     0.0049     0.0000     0.5072    34.7244    34.7255    26.5221    26.5229     0.0356      1.084      0.404 0.0000e+00
    611.219      14670    250.640 -107.01530   16.92706    249.000    11.2373    11.2366   3.910096   3.910149 7.2990e-02    12.3377     4.5757 5.0671e-02          0     4.5757     0.0243     0.5079     0.0000     4.6302     0.0000     0.0049     0.0000     0.5072    34.7235    34.7247    26.5227    26.5238     0.0356      1.084      0.405 0.0000e+00
    612.246      14695    251.647 -107.01530   16.92706    250.000    11.2218    11.2221   3.908588   3.908744 7.3259e-02    12.3373     4.5760 5.0671e-02          0     4.5760     0.0244     0.5079     0.0000     4.5588     0.0000     0.0049     0.0000     0.5072    34.7227    34.7239    26.5249    26.5259     0.0356      1.085      0.405 0.0000e+00
    613.115      14716    252.654 -107.01530   16.92706    251.000    11.2137    11.2131   3.907783   3.907841 7.2688e-02    12.3377     4.5756 5.0671e-02          0     4.5756     0.0242     0.5079     0.0000     4.6259     0.0000     0.0049     0.0000     0.5072    34.7219    34.7231    26.5259    26.5269     0.0356      1.085      0.405 0.0000e+00
    613.954      14736    253.661 -107.01530   16.92706    252.000    11.2003    11.2004   3.906520   3.906658 7.2898e-02    12.3372     4.5762 5.0671e-02          0     4.5762     0.0243     0.5079     0.0000     4.6260     0.0000     0.0049     0.0000     0.5072    34.7216    34.7228    26.5280    26.5290     0.0359      1.093      0.408 0.0000e+00
    614.800      14756    254.668 -107.01530   16.92706    253.000    11.1998    11.2002   3.906502   3.906674 7.2735e-02    12.3371     4.5763 5.0671e-02          0     4.5763     0.0242     0.5080     0.0000     4.6300     0.0000     0.0049     0.0000     0.5073    34.7214    34.7227    26.5281    26.5289     0.0360      1.095      0.408 0.0000e+00
    615.668      14777    255.676 -107.01530   16.92706    254.000    11.1996    11.2003   3.906543   3.906725 7.3086e-02    12.3372     4.5762 5.0671e-02          0     4.5762     0.0243     0.5079     0.0000     4.6336     0.0000     0.0049     0.0000     0.5072    34.7216    34.7227    26.5282    26.5290     0.0353      1.076      0.401 0.0000e+00
    616.527      14798    256.683 -107.01528   16.92706    255.000    11.1982    11.1973   3.906434   3.906458 7.3261e-02    12.3370     4.5764 5.0671e-02          0     4.5764     0.0244     0.5079     0.0000     4.6358     0.0000     0.0049     0.0000     0.5072    34.7214    34.7224    26.5283    26.5293     0.0357      1.086      0.405 0.0000e+00
    617.362      14818    257.690 -107.01528   16.92706    256.000    11.1932    11.1936   3.905976   3.906145 7.3070e-02    12.3372     4.5762 5.0671e-02          0     4.5762     0.0243     0.5079     0.0000     4.6340     0.0000     0.0049     0.0000     0.5072    34.7210    34.7224    26.5290    26.5300     0.0357      1.086      0.405 0.0000e+00
    618.231      14839    258.697 -107.01528   16.92706    257.000    11.1914    11.1922   3.905818   3.906011 7.2009e-02    12.3370     4.5765 5.0671e-02          0     4.5765     0.0240     0.5079     0.0000     4.6180     0.0000     0.0049     0.0000     0.5072    34.7207    34.7219    26.5291    26.5299     0.0357      1.086      0.405 0.0000e+00
    619.262      14863    259.705 -107.01528   16.92706    258.000    11.1831    11.1829   3.905004   3.905092 7.2433e-02    12.3370     4.5764 5.0671e-02          0     4.5764     0.0241     0.5079     0.0000     4.6291     0.0000     0.0049     0.0000     0.5072    34.7201    34.7211    26.5302    26.5310     0.0356      1.083      0.404 0.0000e+00
    620.627      14896    260.712 -107.01530   16.92706    259.000    11.1716    11.1713   3.903864   3.903961 7.2653e-02    12.3369     4.5765 5.0671e-02          0     4.5765     0.0242     0.5079     0.0000     4.6361     0.0000     0.0049     0.0000     0.5072    34.7192    34.7203    26.5316    26.5325     0.0355      1.080      0.402 0.0000e+00
    621.946      14928    261.719 -107.01530   16.92706    260.000    11.1611    11.1617   3.902818   3.903010 7.2474e-02    12.3369     4.5765 5.0671e-02          0     4.5765     0.0241     0.5079     0.0000     4.6400     0.0000     0.0049     0.0000     0.5072    34.7182    34.7196    26.5327    26.5337     0.0356      1.084      0.404 0.0000e+00
    623.046      14954    262.726 -107.01530   16.92706    261.000    11.1571    11.1578   3.902474   3.902656 7.2969e-02    12.3367     4.5767 5.0671e-02          0     4.5767     0.0243     0.5079     0.0000     4.6434     0.0000     0.0049     0.0000     0.5072    34.7180    34.7192    26.5334    26.5341     0.0357      1.088      0.405 0.0000e+00
    624.036      14978    263.734 -107.01530   16.92706    262.000    11.1561    11.1563   3.902402   3.902562 7.2942e-02    12.3368     4.5766 5.0671e-02          0     4.5766     0.0243     0.5078     0.0000     4.6437     0.0000     0.0049     0.0000     0.5071    34.7179    34.7192    26.5335    26.5345     0.0356      1.082      0.403 0.0000e+00
    624.997      15001    264.741 -107.01530   16.92706    263.000    11.1542    11.1545   3.902252   3.902409 7.2941e-02    12.3367     4.5768 5.0671e-02          0     4.5768     0.0243     0.5079     0.0000     4.6310     0.0000     0.0049     0.0000     0.5072    34.7177    34.7190    26.5337    26.5346     0.0358      1.089      0.406 0.0000e+00
    625.975      15024    265.748 -107.01530   16.92706    264.000    11.1537    11.1542   3.902257   3.902433 7.2803e-02    12.3366     4.5768 5.0671e-02          0     4.5768     0.0243     0.5079     0.0000     4.6273     0.0000     0.0049     0.0000     0.5072    34.7178    34.7191    26.5338    26.5348     0.0355      1.081      0.402 0.0000e+00
    626.987      15049    266.756 -107.01530   16.92706    265.000    11.1542    11.1547   3.902352   3.902534 7.2965e-02    12.3368     4.5766 5.0671e-02          0     4.5766     0.0243     0.5079     0.0000     4.6084     0.0000     0.0049     0.0000     0.5072    34.7179    34.7192    26.5338    26.5348     0.0360      1.096      0.408 0.0000e+00
    628.024      15074    267.763 -107.01530   16.92706    266.000    11.1545    11.1550   3.902427   3.902595 7.2391e-02    12.3365     4.5769 5.0671e-02          0     4.5769     0.0241     0.5079     0.0000     4.6157     0.0000     0.0049     0.0000     0.5072    34.7179    34.7191    26.5338    26.5347     0.0357      1.085      0.404 0.0000e+00
    629.060      15098    268.770 -107.01530   16.92706    267.000    11.1544    11.1547   3.902453   3.902633 7.2497e-02    12.3367     4.5767 5.0671e-02          0     4.5767     0.0241     0.5079     0.0000     4.6301     0.0000     0.0049     0.0000     0.5072    34.7178    34.7192    26.5338    26.5349     0.0354      1.079      0.402 0.0000e+00
    630.109      15124    269.777 -107.01530   16.92706    268.000    11.1526    11.1530   3.902311   3.902482 7.1282e-02    12.3365     4.5769 5.0671e-02          0     4.5769     0.0238     0.5079     0.0000     4.6366     0.0000     0.0049     0.0000     0.5072    34.7177    34.7189    26.5341    26.5350     0.0360      1.097      0.408 0.0000e+00
    631.144      15148    270.784 -107.01530   16.92706    269.000    11.1441    11.1450   3.901462   3.901679 7.2800e-02    12.3370     4.5765 5.0671e-02          0     4.5765     0.0242     0.5079     0.0000     4.6408     0.0000     0.0049     0.0000     0.5072    34.7168    34.7181    26.5349    26.5358     0.0358      1.089      0.406 0.0000e+00
    632.137      15172    271.792 -107.01530   16.92706    270.000    11.1325    11.1329   3.900314   3.900484 7.2587e-02    12.3367     4.5767 5.0671e-02          0     4.5767     0.0242     0.5079     0.0000     4.6443     0.0000     0.0049     0.0000     0.5072    34.7159    34.7171    26.5364    26.5372     0.0358      1.090      0.406 0.0000e+00
    633.027      15194    272.799 -107.01530   16.92706    271.000    11.1113    11.1120   3.898161   3.898332 7.2594e-02    12.3368     4.5766 5.0671e-02          0     4.5766     0.0242     0.5079     0.0000     4.6446     0.0000     0.0049     0.0000     0.5072    34.7140    34.7150    26.5387    26.5394     0.0358      1.090      0.406 0.0000e+00
