data/ctd-cnv/RR1804/Station32_cast45.cnv
* Sea-Bird SBE 9 Data File:
* FileName = C:\CTD\RR1805\Station32_cast45.hex
* Software Version Seasave V 7.26.6.26
* Temperature SN = 4307
* Conductivity SN = 4650
* Number of Bytes Per Scan = 44
* Number of Voltage Words = 5
* Number of Scans Averaged by the Deck Unit = 1
* NMEA Latitude = 16 56.63 N
* NMEA Longitude = 107 02.05 W
* NMEA UTC (Time) = Apr 16 2018 15:03:02
** Ship: Revell
** Station: 32 (P2)
** Operator: gabrielle
** cast 45
# nquan = 32
# nvalues = 842                         
# units = specified
# name 0 = timeS: Time, Elapsed [seconds]
# name 1 = scan: Scan Count
# name 2 = prDM: Pressure, Digiquartz [db]
# name 3 = longitude: Longitude [deg]
# name 4 = latitude: Latitude [deg]
# name 5 = depSMignore: Depth [salt water, m]
# name 6 = t090C: Temperature [ITS-90, deg C]
# name 7 = t190C: Temperature, 2 [ITS-90, deg C]
# name 8 = c0S/m: Conductivity [S/m]
# name 9 = c1S/m: Conductivity, 2 [S/m]
# name 10 = flSP: Fluorescence, Seapoint
# name 11 = CStarAt0: Beam Attenuation, WET Labs C-Star [1/m]
# name 12 = CStarTr0: Beam Transmission, WET Labs C-Star [%]
# name 13 = par: PAR/Irradiance, Biospherical/Licor
# name 14 = modError: Modulo Error Count
# name 15 = v0: Voltage 0
# name 16 = v1: Voltage 1
# name 17 = v2: Voltage 2
# name 18 = v3: Voltage 3
# name 19 = v4: Voltage 4
# name 20 = v5: Voltage 5
# name 21 = v6: Voltage 6
# name 22 = v7: Voltage 7
# name 23 = sbeox0V: Oxygen raw, SBE 43 [V]
# name 24 = sal00: Salinity, Practical [PSU]
# name 25 = sal11: Salinity, Practical, 2 [PSU]
# name 26 = sigma-é00: Density [sigma-theta, kg/m^3]
# name 27 = sigma-é11: Density, 2 [sigma-theta, kg/m^3]
# name 28 = sbeox0Mg/L: Oxygen, SBE 43 [mg/l], WS = 2
# name 29 = sbox0Mm/Kg: Oxygen, SBE 43 [umol/kg], WS = 2
# name 30 = sbeox0PS: Oxygen, SBE 43 [% saturation], WS = 2
# name 31 = flag: flag
# span 0 =     -0.920,   1119.763       
# span 1 =        -21,      26875       
# span 2 =     11.066,    858.865       
# span 3 = -107.03428, -107.03416       
# span 4 =   16.94374,   16.94386       
# span 5 =     11.000,    852.000       
# span 6 =     5.4000,    26.8789       
# span 7 =     5.4006,    26.8748       
# span 8 =   3.379504,   5.406327       
# span 9 =   3.379667,   5.406451       
# span 10 = 7.0628e-02, 1.2618e+00      
# span 11 =    12.3212,    12.4365      
# span 12 =     4.4639,     4.5945      
# span 13 = 5.0662e-02, 7.1924e+01      
# span 14 =          0,          0      
# span 15 =     4.4639,     4.5945      
# span 16 =     0.0235,     0.4206      
# span 17 =     0.5051,     2.8078      
# span 18 =     0.0000,     0.0000      
# span 19 =     4.1806,     4.6751      
# span 20 =     0.0000,     0.0000      
# span 21 =     0.0048,     3.1532      
# span 22 =     0.0000,     0.0000      
# span 23 =     0.5046,     2.8078      
# span 24 =    34.1733,    34.8018      
# span 25 =    34.1708,    34.8017      
# span 26 =    22.2100,    27.2691      
# span 27 =    22.2133,    27.2700      
# span 28 =     0.0273,     6.7637      
# span 29 =      0.830,    206.680      
# span 30 =      0.286,    101.287      
# span 31 = 0.0000e+00, 0.0000e+00      
# interval = meters: 1                  
# start_time = Apr 16 2018 15:03:41 [System UTC, first data scan.]
# bad_flag = -9.990e-29
*END*
[from data line 408]
    642.045      15410    421.934 -107.03420   16.94382    419.000     8.7154     8.7160   3.667557   3.667835 7.4528e-02    12.3276     4.5872 5.0671e-02          0     4.5872     0.0248     0.5056     0.0000     4.6192     0.0000     0.0049     0.0000     0.5050    34.5854    34.5877    26.8457    26.8474     0.0281      0.854      0.302 0.0000e+00
    642.802      15428    422.942 -107.03420   16.94382    420.000     8.7127     8.7117   3.667350   3.667394 7.4158e-02    12.3277     4.5871 5.0671e-02          0     4.5871     0.0247     0.5056     0.0000     4.6247     0.0000     0.0049     0.0000     0.5050    34.5854    34.5869    26.8462    26.8475     0.0282      0.860      0.303 0.0000e+00
    645.256      15487    423.950 -107.03420   16.94382    421.000     8.7336     8.7282   3.669411   3.669066 7.4287e-02    12.3283     4.5865 5.0671e-02          0     4.5865     0.0247     0.5056     0.0000     4.6266     0.0000     0.0049     0.0000     0.5050    34.5863    34.5879    26.8436    26.8457     0.0293      0.891      0.315 0.0000e+00
    647.345      15537    424.958 -107.03420   16.94382    422.000     8.7002     8.6961   3.666209   3.665970 7.3605e-02    12.3278     4.5870 5.0671e-02          0     4.5870     0.0245     0.5056     0.0000     4.6303     0.0000     0.0049     0.0000     0.5050    34.5847    34.5861    26.8476    26.8493     0.0295      0.897      0.317 0.0000e+00
    648.369      15562    425.966 -107.03422   16.94382    423.000     8.6686     8.6687   3.663226   3.663408 7.5112e-02    12.3275     4.5872 5.0671e-02          0     4.5872     0.0250     0.5058     0.0000     4.6262     0.0000     0.0049     0.0000     0.5052    34.5836    34.5854    26.8516    26.8531     0.0310      0.944      0.333 0.0000e+00
    649.174      15581    426.974 -107.03422   16.94382    424.000     8.6608     8.6610   3.662519   3.662716 7.3242e-02    12.3280     4.5867 5.0671e-02          0     4.5867     0.0244     0.5058     0.0000     4.6254     0.0000     0.0049     0.0000     0.5052    34.5833    34.5852    26.8527    26.8541     0.0301      0.916      0.323 0.0000e+00
    649.838      15597    427.982 -107.03422   16.94382    425.000     8.6499     8.6501   3.661511   3.661711 7.3506e-02    12.3276     4.5872 5.0671e-02          0     4.5872     0.0245     0.5057     0.0000     4.6169     0.0000     0.0049     0.0000     0.5051    34.5829    34.5848    26.8540    26.8554     0.0294      0.895      0.316 0.0000e+00
    650.447      15612    428.990 -107.03422   16.94382    426.000     8.6415     8.6419   3.660733   3.660975 7.3840e-02    12.3275     4.5873 5.0671e-02          0     4.5873     0.0246     0.5059     0.0000     4.6156     0.0000     0.0049     0.0000     0.5053    34.5824    34.5846    26.8549    26.8566     0.0297      0.905      0.319 0.0000e+00
    651.015      15625    429.998 -107.03422   16.94382    427.000     8.6295     8.6296   3.659582   3.659800 7.4405e-02    12.3275     4.5873 5.0671e-02          0     4.5873     0.0248     0.5059     0.0000     4.6228     0.0000     0.0049     0.0000     0.5053    34.5815    34.5837    26.8562    26.8579     0.0292      0.890      0.313 0.0000e+00
    651.609      15640    431.006 -107.03422   16.94382    428.000     8.6145     8.6151   3.658199   3.658473 7.4740e-02    12.3276     4.5872 5.0671e-02          0     4.5872     0.0249     0.5055     0.0000     4.6230     0.0000     0.0049     0.0000     0.5049    34.5811    34.5834    26.8582    26.8599     0.0286      0.869      0.306 0.0000e+00
    652.269      15655    432.014 -107.03422   16.94382    429.000     8.6054     8.6050   3.657343   3.657472 7.4888e-02    12.3275     4.5873 5.0671e-02          0     4.5873     0.0249     0.5058     0.0000     4.6230     0.0000     0.0049     0.0000     0.5052    34.5805    34.5823    26.8591    26.8606     0.0300      0.912      0.321 0.0000e+00
    653.109      15676    433.022 -107.03422   16.94382    430.000     8.5875     8.5873   3.655691   3.655844 7.3767e-02    12.3275     4.5873 5.0671e-02          0     4.5873     0.0246     0.5057     0.0000     4.6228     0.0000     0.0049     0.0000     0.5051    34.5800    34.5818    26.8616    26.8630     0.0294      0.893      0.314 0.0000e+00
    654.399      15707    434.030 -107.03422   16.94382    431.000     8.5767     8.5769   3.654703   3.654892 7.3754e-02    12.3276     4.5871 5.0671e-02          0     4.5871     0.0246     0.5056     0.0000     4.6231     0.0000     0.0049     0.0000     0.5050    34.5798    34.5815    26.8630    26.8644     0.0288      0.876      0.308 0.0000e+00
    656.014      15745    435.038 -107.03422   16.94382    432.000     8.5653     8.5656   3.653690   3.653871 7.3663e-02    12.3283     4.5864 5.0671e-02          0     4.5864     0.0245     0.5055     0.0000     4.6249     0.0000     0.0049     0.0000     0.5049    34.5796    34.5813    26.8647    26.8659     0.0287      0.873      0.307 0.0000e+00
    657.243      15775    436.046 -107.03422   16.94382    433.000     8.5601     8.5603   3.653218   3.653398 7.5743e-02    12.3274     4.5874 5.0671e-02          0     4.5874     0.0252     0.5056     0.0000     4.6243     0.0000     0.0049     0.0000     0.5050    34.5793    34.5811    26.8653    26.8666     0.0296      0.901      0.317 0.0000e+00
    658.202      15798    437.055 -107.03422   16.94380    434.000     8.5488     8.5484   3.652174   3.652308 7.3796e-02    12.3273     4.5875 5.0671e-02          0     4.5875     0.0246     0.5056     0.0000     4.6239     0.0000     0.0049     0.0000     0.5050    34.5789    34.5806    26.8667    26.8681     0.0304      0.924      0.325 0.0000e+00
    659.106      15820    438.062 -107.03422   16.94380    435.000     8.5344     8.5343   3.650833   3.650990 7.3739e-02    12.3274     4.5874 5.0671e-02          0     4.5874     0.0246     0.5057     0.0000     4.6325     0.0000     0.0049     0.0000     0.5051    34.5783    34.5801    26.8685    26.8699     0.0300      0.913      0.321 0.0000e+00
    660.110      15844    439.071 -107.03421   16.94380    436.000     8.5094     8.5084   3.648462   3.648530 7.3685e-02    12.3276     4.5872 5.0671e-02          0     4.5872     0.0245     0.5057     0.0000     4.6344     0.0000     0.0049     0.0000     0.5051    34.5772    34.5789    26.8715    26.8730     0.0294      0.895      0.314 0.0000e+00
    661.345      15873    440.079 -107.03420   16.94382    437.000     8.4876     8.4868   3.646436   3.646504 7.3972e-02    12.3273     4.5875 5.0671e-02          0     4.5875     0.0246     0.5057     0.0000     4.6364     0.0000     0.0049     0.0000     0.5051    34.5767    34.5781    26.8744    26.8757     0.0295      0.898      0.315 0.0000e+00
    662.665      15905    441.087 -107.03421   16.94382    438.000     8.4493     8.4491   3.642806   3.642935 7.4091e-02    12.3269     4.5880 5.0671e-02          0     4.5880     0.0247     0.5055     0.0000     4.6366     0.0000     0.0049     0.0000     0.5049    34.5752    34.5768    26.8792    26.8805     0.0282      0.859      0.301 0.0000e+00
    663.829      15933    442.095 -107.03422   16.94382    439.000     8.4452     8.4456   3.642471   3.642662 7.3963e-02    12.3269     4.5880 5.0671e-02          0     4.5880     0.0246     0.5055     0.0000     4.6386     0.0000     0.0049     0.0000     0.5049    34.5752    34.5769    26.8798    26.8811     0.0296      0.899      0.316 0.0000e+00
    664.845      15957    443.103 -107.03422   16.94382    440.000     8.4449     8.4454   3.642503   3.642710 7.4612e-02    12.3270     4.5879 5.0671e-02          0     4.5879     0.0248     0.5056     0.0000     4.6389     0.0000     0.0049     0.0000     0.5050    34.5754    34.5771    26.8800    26.8813     0.0290      0.881      0.309 0.0000e+00
    665.739      15979    444.111 -107.03422   16.94382    441.000     8.4443     8.4447   3.642492   3.642709 7.4297e-02    12.3271     4.5877 5.0671e-02          0     4.5877     0.0247     0.5056     0.0000     4.6393     0.0000     0.0049     0.0000     0.5050    34.5753    34.5773    26.8801    26.8816     0.0287      0.874      0.307 0.0000e+00
    666.551      15998    445.120 -107.03422   16.94382    442.000     8.4437     8.4441   3.642487   3.642696 7.5197e-02    12.3270     4.5879 5.0671e-02          0     4.5879     0.0250     0.5055     0.0000     4.6323     0.0000     0.0049     0.0000     0.5049    34.5754    34.5773    26.8803    26.8816     0.0290      0.883      0.310 0.0000e+00
    667.286      16016    446.128 -107.03422   16.94382    443.000     8.4415     8.4419   3.642319   3.642546 7.3922e-02    12.3272     4.5876 5.0671e-02          0     4.5876     0.0246     0.5055     0.0000     4.6292     0.0000     0.0049     0.0000     0.5049    34.5754    34.5773    26.8806    26.8821     0.0301      0.915      0.321 0.0000e+00
    667.961      16032    447.136 -107.03422   16.94382    444.000     8.4381     8.4392   3.642049   3.642315 7.3710e-02    12.3271     4.5878 5.0671e-02          0     4.5878     0.0245     0.5057     0.0000     4.6296     0.0000     0.0049     0.0000     0.5051    34.5754    34.5771    26.8811    26.8823     0.0306      0.931      0.327 0.0000e+00
    668.599      16047    448.144 -107.03422   16.94382    445.000     8.4273     8.4277   3.641011   3.641223 7.3718e-02    12.3270     4.5879 5.0671e-02          0     4.5879     0.0245     0.5056     0.0000     4.6154     0.0000     0.0049     0.0000     0.5050    34.5745    34.5763    26.8821    26.8834     0.0288      0.876      0.307 0.0000e+00
    669.249      16063    449.152 -107.03422   16.94382    446.000     8.4100     8.4097   3.639430   3.639566 7.3504e-02    12.3268     4.5881 5.0671e-02          0     4.5881     0.0245     0.5056     0.0000     4.6212     0.0000     0.0049     0.0000     0.5050    34.5741    34.5759    26.8845    26.8859     0.0294      0.896      0.314 0.0000e+00
    669.967      16080    450.160 -107.03422   16.94382    447.000     8.4004     8.4008   3.638547   3.638739 7.4705e-02    12.3271     4.5878 5.0671e-02          0     4.5878     0.0249     0.5056     0.0000     4.6154     0.0000     0.0049     0.0000     0.5050    34.5738    34.5754    26.8857    26.8869     0.0294      0.893      0.313 0.0000e+00
    671.817      16125    451.168 -107.03422   16.94382    448.000     8.4062     8.4050   3.639150   3.639202 7.4700e-02    12.3271     4.5877 5.0671e-02          0     4.5877     0.0249     0.5056     0.0000     4.6176     0.0000     0.0049     0.0000     0.5050    34.5740    34.5758    26.8850    26.8866     0.0293      0.891      0.312 0.0000e+00
    674.598      16191    452.177 -107.03422   16.94382    449.000     8.3884     8.3925   3.637459   3.638004 7.5001e-02    12.3272     4.5877 5.0671e-02          0     4.5877     0.0250     0.5057     0.0000     4.6250     0.0000     0.0049     0.0000     0.5051    34.5731    34.5748    26.8870    26.8877     0.0305      0.928      0.325 0.0000e+00
    675.562      16214    453.185 -107.03422   16.94382    450.000     8.3531     8.3536   3.634220   3.634417 7.4115e-02    12.3269     4.5879 5.0671e-02          0     4.5879     0.0247     0.5057     0.0000     4.6199     0.0000     0.0049     0.0000     0.5051    34.5727    34.5743    26.8921    26.8933     0.0300      0.912      0.319 0.0000e+00
    676.327      16233    454.193 -107.03422   16.94382    451.000     8.3450     8.3451   3.633480   3.633669 7.4570e-02    12.3267     4.5882 5.0671e-02          0     4.5882     0.0248     0.5056     0.0000     4.5927     0.0000     0.0049     0.0000     0.5050    34.5724    34.5742    26.8931    26.8945     0.0288      0.877      0.307 0.0000e+00
    676.985      16249    455.201 -107.03422   16.94382    452.000     8.3323     8.3324   3.632291   3.632460 7.4634e-02    12.3271     4.5877 5.0671e-02          0     4.5877     0.0249     0.5056     0.0000     4.5669     0.0000     0.0049     0.0000     0.5050    34.5717    34.5734    26.8945    26.8959     0.0291      0.887      0.310 0.0000e+00
    677.598      16263    456.209 -107.03422   16.94382    453.000     8.3234     8.3237   3.631464   3.631658 7.4381e-02    12.3268     4.5880 5.0671e-02          0     4.5880     0.0248     0.5057     0.0000     4.5823     0.0000     0.0049     0.0000     0.5051    34.5712    34.5730    26.8955    26.8968     0.0304      0.926      0.324 0.0000e+00
    678.205      16278    457.218 -107.03422   16.94382    454.000     8.3133     8.3135   3.630531   3.630740 7.5927e-02    12.3268     4.5881 5.0671e-02          0     4.5881     0.0253     0.5056     0.0000     4.5840     0.0000     0.0049     0.0000     0.5050    34.5707    34.5727    26.8966    26.8982     0.0293      0.892      0.312 0.0000e+00
    678.829      16293    458.226 -107.03422   16.94382    455.000     8.3062     8.3066   3.629917   3.630143 7.4835e-02    12.3270     4.5879 5.0671e-02          0     4.5879     0.0249     0.5057     0.0000     4.5838     0.0000     0.0049     0.0000     0.5051    34.5707    34.5727    26.8977    26.8993     0.0291      0.887      0.310 0.0000e+00
    679.503      16309    459.234 -107.03422   16.94382    456.000     8.2976     8.2979   3.629168   3.629366 7.4491e-02    12.3264     4.5885 5.0671e-02          0     4.5885     0.0248     0.5056     0.0000     4.5834     0.0000     0.0049     0.0000     0.5050    34.5707    34.5725    26.8991    26.9004     0.0291      0.885      0.309 0.0000e+00
    680.264      16327    460.242 -107.03422   16.94382    457.000     8.2940     8.2944   3.628934   3.629138 7.4791e-02    12.3264     4.5885 5.0671e-02          0     4.5885     0.0249     0.5056     0.0000     4.5836     0.0000     0.0049     0.0000     0.5050    34.5713    34.5730    26.9001    26.9014     0.0308      0.937      0.328 0.0000e+00
    681.261      16351    461.250 -107.03422   16.94382    458.000     8.2905     8.2908   3.628655   3.628854 7.3917e-02    12.3262     4.5888 5.0671e-02          0     4.5888     0.0246     0.5057     0.0000     4.5834     0.0000     0.0049     0.0000     0.5051    34.5713    34.5731    26.9006    26.9020     0.0292      0.888      0.311 0.0000e+00
    683.200      16398    462.258 -107.03422   16.94382    459.000     8.2965     8.2921   3.629278   3.629029 7.4038e-02    12.3268     4.5881 5.0671e-02          0     4.5881     0.0247     0.5055     0.0000     4.5829     0.0000     0.0049     0.0000     0.5049    34.5715    34.5732    26.8999    26.9019     0.0295      0.897      0.314 0.0000e+00
    685.071      16443    463.267 -107.03422   16.94382    460.000     8.2854     8.2852   3.628279   3.628438 7.4467e-02    12.3263     4.5886 5.0671e-02          0     4.5886     0.0248     0.5057     0.0000     4.5829     0.0000     0.0049     0.0000     0.5051    34.5713    34.5732    26.9014    26.9030     0.0307      0.934      0.327 0.0000e+00
    686.044      16466    464.275 -107.03422   16.94382    461.000     8.2790     8.2792   3.627707   3.627901 7.3796e-02    12.3264     4.5885 5.0671e-02          0     4.5885     0.0246     0.5056     0.0000     4.5904     0.0000     0.0049     0.0000     0.5050    34.5711    34.5729    26.9023    26.9037     0.0284      0.866      0.303 0.0000e+00
    686.822      16485    465.283 -107.03422   16.94383    462.000     8.2655     8.2657   3.626464   3.626644 7.4358e-02    12.3265     4.5884 5.0671e-02          0     4.5884     0.0248     0.5056     0.0000     4.5609     0.0000     0.0049     0.0000     0.5050    34.5706    34.5724    26.9039    26.9053     0.0291      0.887      0.310 0.0000e+00
    687.550      16502    466.291 -107.03422   16.94384    463.000     8.2565     8.2568   3.625652   3.625846 7.3833e-02    12.3266     4.5882 5.0671e-02          0     4.5882     0.0246     0.5056     0.0000     4.5273     0.0000     0.0049     0.0000     0.5050    34.5703    34.5721    26.9051    26.9064     0.0297      0.904      0.316 0.0000e+00
