data/ctd-cnv/RR1804/Station32_cast51.cnv
* Sea-Bird SBE 9 Data File:
* FileName = C:\CTD\RR1805\Station32_cast51.hex
* Software Version Seasave V 7.26.6.26
* Temperature SN = 4307
* Conductivity SN = 4650
* Number of Bytes Per Scan = 44
* Number of Voltage Words = 5
* Number of Scans Averaged by the Deck Unit = 1
* NMEA Latitude = 17 01.24 N
* NMEA Longitude = 106 58.79 W
* NMEA UTC (Time) = Apr 19 2018 06:07:15
** Ship: Revell
** Station: 32 (P2)
** Operator: Natalie
** cast51
# nquan = 32
# nvalues = 202                         
# units = specified
# name 0 = timeS: Time, Elapsed [seconds]
# name 1 = scan: Scan Count
# name 2 = prDM: Pressure, Digiquartz [db]
# name 3 = longitude: Longitude [deg]
# name 4 = latitude: Latitude [deg]
# name 5 = depSM: Depth [salt water, m]
# name 6 = t090C: Temperature [ITS-90, deg C]
# name 7 = t190C: Temperature, 2 [ITS-90, deg C]
# name 8 = c0S/m: Conductivity [S/m]
# name 9 = c1S/m: Conductivity, 2 [S/m]
# name 10 = flSP: Fluorescence, Seapoint
# name 11 = CStarAt0: Beam Attenuation, WET Labs C-Star [1/m]
# name 12 = CStarTr0: Beam Transmission, WET Labs C-Star [%]
# name 13 = par: PAR/Irradiance, Biospherical/Licor
# name 14 = modError: Modulo Error Count
# name 15 = v0: Voltage 0
# name 16 = v1: Voltage 1
# name 17 = v2: Voltage 2
# name 18 = v3: Voltage 3
# name 19 = v4: Voltage 4
# name 20 = v5: Voltage 5
# name 21 = v6: Voltage 6
# name 22 = v7: Voltage 7
# name 23 = sbeox0V: Oxygen raw, SBE 43 [V]
# name 24 = sal00: Salinity, Practical [PSU]
# name 25 = sal11: Salinity, Practical, 2 [PSU]
# name 26 = sigma-é00: Density [sigma-theta, kg/m^3]
# name 27 = sigma-é11: Density, 2 [sigma-theta, kg/m^3]
# name 28 = sbeox0Mg/L: Oxygen, SBE 43 [mg/l], WS = 2
# name 29 = sbox0Mm/Kg: Oxygen, SBE 43 [umol/kg], WS = 2
# name 30 = sbeox0PS: Oxygen, SBE 43 [% saturation], WS = 2
# name 31 = flag: flag
# span 0 =     -9.877,    504.058       
# span 1 =       -236,      12098       
# span 2 =      1.006,    203.307       
# span 3 = -106.98002, -106.97994       
# span 4 =   17.02053,   17.02068       
# span 5 =      1.000,    202.000       
# span 6 =    11.8802,    27.0659       
# span 7 =    11.8650,    27.0664       
# span 8 =   3.972954,   5.419763       
# span 9 =   3.971682,   5.420179       
# span 10 = 7.1207e-02, 1.4344e+00      
# span 11 =    12.3353,    12.4600      
# span 12 =     4.4379,     4.5783      
# span 13 = 5.0654e-02, 6.1462e-01      
# span 14 =          0,          0      
# span 15 =     4.4379,     4.5783      
# span 16 =     0.0237,     0.4781      
# span 17 =     0.5082,     2.8320      
# span 18 = -8.490e-07,     0.0000      
# span 19 =     3.7562,     4.7251      
# span 20 =     0.0000,     0.0000      
# span 21 =     0.0048,     1.1310      
# span 22 =     0.0000,     0.0000      
# span 23 =     0.5075,     2.8320      
# span 24 =    34.2304,    34.8033      
# span 25 =    34.2298,    34.8043      
# span 26 =    22.1320,    26.4310      
# span 27 =    22.1323,    26.4349      
# span 28 =     0.0347,     6.8726      
# span 29 =      1.055,    209.980      
# span 30 =      0.399,    102.418      
# span 31 = 0.0000e+00, 0.0000e+00      
# interval = meters: 1                  
# start_time = Apr 19 2018 06:07:20 [System UTC, first data scan.]
# bad_flag = -9.990e-29
*END*
[from data line 182]
    471.082      11307    184.176 -106.98000   17.02064    183.000    12.1847    12.1843   4.001896   4.002040 7.4206e-02    12.3438     4.5687 5.0671e-02          0     4.5687     0.0247     0.5091     0.0000     4.6543     0.0000     0.0049     0.0000     0.5083    34.7667    34.7685    26.3771    26.3786     0.0389      1.184      0.451 0.0000e+00
    472.511      11341    185.183 -106.98000   17.02062    184.000    12.1509    12.1509   3.998470   3.998661 7.4147e-02    12.3436     4.5689 5.0671e-02          0     4.5689     0.0247     0.5092     0.0000     4.6545     0.0000     0.0049     0.0000     0.5084    34.7645    34.7664    26.3819    26.3834     0.0391      1.192      0.453 0.0000e+00
    474.034      11378    186.190 -106.98000   17.02062    185.000    12.1156    12.1157   3.995065   3.995249 7.3437e-02    12.3440     4.5684 5.0671e-02          0     4.5684     0.0245     0.5091     0.0000     4.6545     0.0000     0.0049     0.0000     0.5083    34.7638    34.7655    26.3882    26.3895     0.0388      1.182      0.449 0.0000e+00
    475.528      11414    187.197 -106.98000   17.02062    186.000    12.1032    12.1030   3.993871   3.994037 7.3506e-02    12.3444     4.5680 5.0671e-02          0     4.5680     0.0245     0.5091     0.0000     4.6546     0.0000     0.0049     0.0000     0.5083    34.7633    34.7651    26.3902    26.3917     0.0389      1.183      0.450 0.0000e+00
    476.599      11439    188.204 -106.98000   17.02062    187.000    12.0799    12.0803   3.992189   3.992411 7.3252e-02    12.3429     4.5697 5.0671e-02          0     4.5697     0.0244     0.5090     0.0000     4.6537     0.0000     0.0049     0.0000     0.5082    34.7681    34.7700    26.3984    26.3998     0.0381      1.161      0.441 0.0000e+00
    477.435      11459    189.211 -106.98000   17.02062    188.000    12.0710    12.0712   3.991427   3.991604 7.2079e-02    12.3429     4.5696 5.0671e-02          0     4.5696     0.0240     0.5090     0.0000     4.6529     0.0000     0.0049     0.0000     0.5082    34.7686    34.7701    26.4005    26.4016     0.0388      1.181      0.449 0.0000e+00
    478.275      11480    190.218 -106.98000   17.02062    189.000    12.0576    12.0580   3.990108   3.990309 7.1207e-02    12.3432     4.5694 5.0671e-02          0     4.5694     0.0237     0.5090     0.0000     4.6542     0.0000     0.0049     0.0000     0.5082    34.7678    34.7694    26.4025    26.4036     0.0387      1.180      0.448 0.0000e+00
    479.579      11511    191.224 -106.98000   17.02062    190.000    12.0463    12.0466   3.989002   3.989230 7.2627e-02    12.3431     4.5694 5.0671e-02          0     4.5694     0.0242     0.5090     0.0000     4.6546     0.0000     0.0049     0.0000     0.5082    34.7672    34.7691    26.4042    26.4056     0.0381      1.161      0.441 0.0000e+00
    481.937      11567    192.231 -106.98000   17.02062    191.000    12.0411    12.0425   3.988552   3.988872 7.3299e-02    12.3427     4.5699 5.0671e-02          0     4.5699     0.0244     0.5088     0.0000     4.6549     0.0000     0.0049     0.0000     0.5080    34.7672    34.7690    26.4052    26.4063     0.0381      1.161      0.441 0.0000e+00
    483.652      11609    193.238 -106.98000   17.02062    192.000    12.0378    12.0389   3.988306   3.988595 7.2941e-02    12.3426     4.5700 5.0671e-02          0     4.5700     0.0243     0.5089     0.0000     4.6556     0.0000     0.0049     0.0000     0.5082    34.7674    34.7692    26.4060    26.4073     0.0383      1.165      0.442 0.0000e+00
    484.965      11640    194.245 -106.97999   17.02062    193.000    12.0378    12.0382   3.988359   3.988588 7.2866e-02    12.3425     4.5701 5.0671e-02          0     4.5701     0.0243     0.5087     0.0000     4.6555     0.0000     0.0049     0.0000     0.5080    34.7675    34.7693    26.4061    26.4075     0.0361      1.100      0.417 0.0000e+00
    486.087      11667    195.252 -106.97998   17.02062    194.000    12.0352    12.0359   3.988120   3.988388 7.2261e-02    12.3425     4.5701 5.0671e-02          0     4.5701     0.0241     0.5087     0.0000     4.6535     0.0000     0.0049     0.0000     0.5079    34.7672    34.7691    26.4064    26.4078     0.0382      1.164      0.442 0.0000e+00
    487.164      11693    196.259 -106.97998   17.02060    195.000    12.0304    12.0310   3.987685   3.987949 7.2716e-02    12.3425     4.5701 5.0671e-02          0     4.5701     0.0242     0.5088     0.0000     4.6532     0.0000     0.0049     0.0000     0.5080    34.7670    34.7689    26.4072    26.4086     0.0378      1.153      0.437 0.0000e+00
    488.330      11721    197.266 -106.97998   17.02060    196.000    12.0125    12.0118   3.985815   3.985937 7.6786e-02    12.3434     4.5691 5.0671e-02          0     4.5691     0.0256     0.5086     0.0000     4.6510     0.0000     0.0049     0.0000     0.5078    34.7650    34.7668    26.4091    26.4106     0.0376      1.145      0.434 0.0000e+00
    489.554      11750    198.273 -106.97998   17.02060    197.000    11.9911    11.9910   3.983794   3.983986 7.4909e-02    12.3425     4.5701 5.0671e-02          0     4.5701     0.0250     0.5090     0.0000     4.6267     0.0000     0.0049     0.0000     0.5082    34.7648    34.7668    26.4130    26.4146     0.0398      1.210      0.459 0.0000e+00
    490.706      11778    199.280 -106.97998   17.02060    198.000    11.9565    11.9559   3.980448   3.980573 7.3293e-02    12.3424     4.5702 5.0671e-02          0     4.5702     0.0244     0.5089     0.0000     4.6422     0.0000     0.0049     0.0000     0.5081    34.7640    34.7657    26.4190    26.4205     0.0375      1.142      0.432 0.0000e+00
    492.364      11818    200.287 -106.97998   17.02060    199.000    11.9360    11.9369   3.978380   3.978669 7.2359e-02    12.3421     4.5706 5.0671e-02          0     4.5706     0.0241     0.5087     0.0000     4.6362     0.0000     0.0049     0.0000     0.5079    34.7625    34.7644    26.4218    26.4231     0.0370      1.127      0.427 0.0000e+00
    498.765      11971    201.294 -106.97997   17.02060    200.000    11.9397    11.9611   3.978856   3.981143 7.2742e-02    12.3425     4.5701 5.0671e-02          0     4.5701     0.0242     0.5084     0.0000     4.6484     0.0000     0.0049     0.0000     0.5076    34.7632    34.7656    26.4217    26.4194     0.0361      1.098      0.416 0.0000e+00
    501.952      12048    202.301 -106.97996   17.02060    201.000    11.8816    11.8831   3.973128   3.973454 7.1603e-02    12.3417     4.5710 5.0671e-02          0     4.5710     0.0239     0.5087     0.0000     4.6491     0.0000     0.0049     0.0000     0.5079    34.7611    34.7629    26.4310    26.4321     0.0363      1.104      0.418 0.0000e+00
    504.058      12098    203.307 -106.97997   17.02060    202.000    11.8802    11.8650   3.972954   3.971682 7.3009e-02    12.3422     4.5705 5.0671e-02          0     4.5705     0.0243     0.5082     0.0000     4.6508     0.0000     0.0049     0.0000     0.5075    34.7602    34.7620    26.4306    26.4349     0.0347      1.055      0.399 0.0000e+00
