data/ctd-cnv/RR1804/Station32_cast48.cnv
* Sea-Bird SBE 9 Data File:
* FileName = C:\CTD\RR1805\Station32_cast48.hex
* Software Version Seasave V 7.26.6.26
* Temperature SN = 4307
* Conductivity SN = 4650
* Number of Bytes Per Scan = 44
* Number of Voltage Words = 5
* Number of Scans Averaged by the Deck Unit = 1
* NMEA Latitude = 16 59.20 N
* NMEA Longitude = 107 04.47 W
* NMEA UTC (Time) = Apr 18 2018 15:03:03
** Ship: Revell
** Station: 32 (P2)
** Operator: Natalie
** cast48
# nquan = 32
# nvalues = 301                         
# units = specified
# name 0 = timeS: Time, Elapsed [seconds]
# name 1 = scan: Scan Count
# name 2 = prDM: Pressure, Digiquartz [db]
# name 3 = longitude: Longitude [deg]
# name 4 = latitude: Latitude [deg]
# name 5 = depSM: Depth [salt water, m]
# name 6 = t090C: Temperature [ITS-90, deg C]
# name 7 = t190C: Temperature, 2 [ITS-90, deg C]
# name 8 = c0S/m: Conductivity [S/m]
# name 9 = c1S/m: Conductivity, 2 [S/m]
# name 10 = flSP: Fluorescence, Seapoint
# name 11 = CStarAt0: Beam Attenuation, WET Labs C-Star [1/m]
# name 12 = CStarTr0: Beam Transmission, WET Labs C-Star [%]
# name 13 = par: PAR/Irradiance, Biospherical/Licor
# name 14 = modError: Modulo Error Count
# name 15 = v0: Voltage 0
# name 16 = v1: Voltage 1
# name 17 = v2: Voltage 2
# name 18 = v3: Voltage 3
# name 19 = v4: Voltage 4
# name 20 = v5: Voltage 5
# name 21 = v6: Voltage 6
# name 22 = v7: Voltage 7
# name 23 = sbeox0V: Oxygen raw, SBE 43 [V]
# name 24 = sal00: Salinity, Practical [PSU]
# name 25 = sal11: Salinity, Practical, 2 [PSU]
# name 26 = sigma-é00: Density [sigma-theta, kg/m^3]
# name 27 = sigma-é11: Density, 2 [sigma-theta, kg/m^3]
# name 28 = sbeox0Mg/L: Oxygen, SBE 43 [mg/l], WS = 2
# name 29 = sbox0Mm/Kg: Oxygen, SBE 43 [umol/kg], WS = 2
# name 30 = sbeox0PS: Oxygen, SBE 43 [% saturation], WS = 2
# name 31 = flag: flag
# span 0 =     24.485,    572.259       
# span 1 =        589,      13735       
# span 2 =      1.006,    303.021       
# span 3 = -107.07450, -107.07448       
# span 4 =   16.98670,   16.98674       
# span 5 =      1.000,    301.000       
# span 6 =    10.6909,    26.9794       
# span 7 =    10.6904,    26.9783       
# span 8 =   3.857361,   5.423603       
# span 9 =   3.857557,   5.420527       
# span 10 = 4.7281e-02, 1.0593e+00      
# span 11 =    12.2303,    13.4416      
# span 12 =     4.4062,     4.5828      
# span 13 = 5.0662e-02, 9.5022e+02      
# span 14 =          0,          0      
# span 15 =     4.4062,     4.5828      
# span 16 =     0.0158,     0.3531      
# span 17 =     0.5067,     2.8265      
# span 18 =     0.0000,     0.0000      
# span 19 =     0.9283,     5.0081      
# span 20 =     0.0000,     0.0000      
# span 21 =     0.0048,     4.1769      
# span 22 =     0.0000,     0.0000      
# span 23 =     0.5058,     2.8265      
# span 24 =    34.1720,    34.8012      
# span 25 =    34.1684,    34.8017      
# span 26 =    22.2098,    26.5965      
# span 27 =    22.1407,    26.5984      
# span 28 =     0.0294,     6.9836      
# span 29 =      0.896,    213.278      
# span 30 =      0.331,    102.070      
# span 31 = 0.0000e+00, 0.0000e+00      
# interval = meters: 1                  
# start_time = Apr 18 2018 15:03:07 [System UTC, first data scan.]
# bad_flag = -9.990e-29
*END*
[from data line 46]
    237.438       5700     47.286 -107.07448   16.98672     47.000    21.7342    21.7308   4.887536   4.886715 3.9486e-01    12.3803     4.5272 3.5757e+01          0     4.5272     0.1316     2.6451     0.0000     4.5686     0.0000     2.8496     0.0000     2.6451    34.3411    34.3374    23.7936    23.7918     6.7960    207.443     94.455 0.0000e+00
    240.161       5765     48.293 -107.07448   16.98673     48.000    21.7701    21.8209   4.893304   4.896727 4.9521e-01    12.3803     4.5272 3.3860e+01          0     4.5272     0.1651     2.6506     0.0000     4.5713     0.0000     2.8263     0.0000     2.6505    34.3576    34.3441    23.7963    23.7718     6.8002    207.569     94.583 0.0000e+00
    243.845       5853     49.299 -107.07448   16.98673     49.000    21.5473    21.6598   4.867336   4.880638 4.6567e-01    12.3829     4.5242 2.9965e+01          0     4.5242     0.1552     2.6286     0.0000     4.5745     0.0000     2.7734     0.0000     2.6286    34.3299    34.3452    23.8369    23.8174     6.7366    205.620     93.312 0.0000e+00
    245.255       5887     50.305 -107.07448   16.98672     50.000    21.4761    21.4742   4.860355   4.859791 4.9369e-01    12.3871     4.5195 2.8870e+01          0     4.5195     0.1646     2.6152     0.0000     4.5762     0.0000     2.7571     0.0000     2.6152    34.3311    34.3281    23.8574    23.8557     6.6934    204.298     92.596 0.0000e+00
    246.765       5923     51.311 -107.07448   16.98672     51.000    21.3681    21.3647   4.849386   4.848621 6.0903e-01    12.4454     4.4553 2.6241e+01          0     4.4553     0.2030     2.5990     0.0000     4.5775     0.0000     2.7151     0.0000     2.5990    34.3300    34.3267    23.8863    23.8847     6.6586    203.230     91.936 0.0000e+00
    248.815       5973     52.318 -107.07448   16.98672     52.000    21.2881    21.2867   4.841168   4.840618 6.7871e-01    12.3969     4.5084 2.3252e+01          0     4.5084     0.2262     2.5765     0.0000     4.5794     0.0000     2.6633     0.0000     2.5764    34.3284    34.3251    23.9070    23.9049     6.5894    201.114     90.848 0.0000e+00
    250.600       6015     53.324 -107.07448   16.98672     53.000    21.1522    21.1490   4.826484   4.825736 7.2638e-01    12.3957     4.5098 2.1677e+01          0     4.5098     0.2421     2.5594     0.0000     4.5809     0.0000     2.6324     0.0000     2.5594    34.3200    34.3165    23.9377    23.9360     6.5867    201.026     90.585 0.0000e+00
    254.409       6107     54.330 -107.07448   16.98672     54.000    21.2093    21.2010   4.832615   4.831758 7.5085e-01    12.3984     4.5068 2.0159e+01          0     4.5068     0.2503     2.5559     0.0000     4.5841     0.0000     2.6013     0.0000     2.5558    34.3227    34.3225    23.9243    23.9263     6.5264    199.189     89.852 0.0000e+00
    255.806       6140     55.336 -107.07448   16.98672     55.000    20.9482    20.9484   4.803896   4.803469 7.5077e-01    12.3994     4.5057 1.8359e+01          0     4.5057     0.2503     2.4899     0.0000     4.5852     0.0000     2.5606     0.0000     2.4899    34.3026    34.2990    23.9800    23.9771     6.0627    185.025     83.064 0.0000e+00
    256.595       6159     56.342 -107.07448   16.98672     56.000    20.7605    20.7464   4.781804   4.779653 7.9253e-01    12.4032     4.5013 1.7053e+01          0     4.5013     0.2642     2.3900     0.0000     4.5860     0.0000     2.5284     0.0000     2.3900    34.2760    34.2701    24.0103    24.0096     5.7118    174.312     77.980 0.0000e+00
    257.507       6181     57.349 -107.07448   16.98672     57.000    20.0626    20.0429   4.706641   4.703395 9.2288e-01    12.4026     4.5021 1.5388e+01          0     4.5021     0.3076     2.3289     0.0000     4.5874     0.0000     2.4835     0.0000     2.3288    34.2316    34.2212    24.1617    24.1589     5.8849    179.567     79.296 0.0000e+00
    261.654       6281     58.355 -107.07448   16.98672     58.000    20.6089    20.1515   4.767838   4.718984 9.8544e-01    12.4012     4.5036 1.3612e+01          0     4.5036     0.3285     2.3811     0.0000     4.5914     0.0000     2.4312     0.0000     2.3810    34.2851    34.2597    24.0578    24.1599     6.0750    185.386     82.714 0.0000e+00
    264.044       6338     59.361 -107.07448   16.98672     59.000    19.6252    19.6147   4.662130   4.660458 9.5656e-01    12.4004     4.5045 1.2066e+01          0     4.5045     0.3188     2.2625     0.0000     4.5937     0.0000     2.3781     0.0000     2.2624    34.2232    34.2180    24.2698    24.2685     5.6894    173.582     76.051 0.0000e+00
    265.543       6374     60.368 -107.07448   16.98672     60.000    19.4819    19.4782   4.647320   4.646683 9.8792e-01    12.4003     4.5046 1.1029e+01          0     4.5046     0.3293     2.2346     0.0000     4.5954     0.0000     2.3392     0.0000     2.2344    34.2181    34.2160    24.3031    24.3024     5.6750    173.140     75.658 0.0000e+00
    267.193       6414     61.374 -107.07448   16.98672     61.000    19.3681    19.4015   4.635364   4.638687 1.0545e+00    12.4015     4.5033 9.9386e+00          0     4.5033     0.3515     2.2087     0.0000     4.5967     0.0000     2.2938     0.0000     2.2085    34.2124    34.2124    24.3280    24.3194     5.6111    171.185     74.646 0.0000e+00
    269.048       6458     62.380 -107.07448   16.98672     62.000    19.2907    19.2819   4.627291   4.626285 1.0593e+00    12.4021     4.5026 9.1423e+00          0     4.5026     0.3531     2.1861     0.0000     4.5981     0.0000     2.2577     0.0000     2.1859    34.2087    34.2077    24.3451    24.3466     5.5292    168.682     73.449 0.0000e+00
    270.701       6498     63.386 -107.07448   16.98672     63.000    19.0188    19.0010   4.598529   4.596145 9.8923e-01    12.4000     4.5049 8.3755e+00          0     4.5049     0.3297     2.1394     0.0000     2.8124     0.0000     2.2195     0.0000     2.1392    34.1932    34.1880    24.4026    24.4031     5.2996    161.669     70.038 0.0000e+00
    272.067       6531     64.393 -107.07449   16.98672     64.000    18.6191    18.6055   4.556551   4.554778 9.3533e-01    12.3997     4.5052 7.6552e+00          0     4.5052     0.3118     2.0756     0.0000     4.5800     0.0000     2.1806     0.0000     2.0754    34.1720    34.1684    24.4872    24.4879     5.1303    156.492     67.288 0.0000e+00
    275.423       6611     65.399 -107.07449   16.98672     65.000    18.6613    18.6028   4.562368   4.555854 1.0302e+00    12.3973     4.5080 6.8536e+00          0     4.5080     0.3434     2.0606     0.0000     4.6033     0.0000     2.1323     0.0000     2.0604    34.1855    34.1792    24.4869    24.4967     5.2111    158.958     68.408 0.0000e+00
    278.819       6693     66.405 -107.07448   16.98670     66.000    18.2972    18.2141   4.525433   4.517132 8.4317e-01    12.3932     4.5126 5.9772e+00          0     4.5126     0.2811     1.9428     0.0000     4.6065     0.0000     2.0733     0.0000     1.9425    34.1764    34.1755    24.5709    24.5908     4.4326    135.199     57.790 0.0000e+00
    279.889       6718     67.411 -107.07448   16.98670     67.000    18.0824    18.0781   4.508827   4.507985 8.6004e-01    12.3879     4.5185 5.5316e+00          0     4.5185     0.2867     1.8177     0.0000     4.6072     0.0000     2.0395     0.0000     1.8173    34.2146    34.2111    24.6532    24.6515     4.0530    123.610     52.637 0.0000e+00
    280.934       6743     68.418 -107.07448   16.98670     68.000    17.9578    17.9545   4.497555   4.496753 8.4375e-01    12.3859     4.5208 5.1303e+00          0     4.5208     0.2812     1.7413     0.0000     4.6081     0.0000     2.0068     0.0000     1.7409    34.2226    34.2186    24.6899    24.6877     3.9959    121.864     51.775 0.0000e+00
    282.147       6773     69.424 -107.07448   16.98670     69.000    17.8987    17.8982   4.491103   4.490678 8.9865e-01    12.3838     4.5232 4.7174e+00          0     4.5232     0.2996     1.7045     0.0000     4.6091     0.0000     1.9703     0.0000     1.7041    34.2168    34.2136    24.6999    24.6976     4.0342    123.032     52.211 0.0000e+00
    283.993       6817     70.430 -107.07448   16.98672     70.000    17.7648    17.7585   4.475991   4.474923 9.4544e-01    12.3825     4.5247 4.3672e+00          0     4.5247     0.3151     1.6969     0.0000     4.6098     0.0000     1.9368     0.0000     1.6965    34.1998    34.1959    24.7195    24.7181     4.0805    124.440     52.670 0.0000e+00
    286.580       6879     71.437 -107.07448   16.98672     71.000    17.6320    17.6312   4.463132   4.462639 9.8544e-01    12.3797     4.5278 4.0093e+00          0     4.5278     0.3285     1.6634     0.0000     3.3718     0.0000     1.8996     0.0000     1.6630    34.2008    34.1973    24.7526    24.7501     3.8862    118.511     50.036 0.0000e+00
    289.031       6938     72.443 -107.07448   16.98672     72.000    17.6095    17.6091   4.464174   4.463821 9.6098e-01    12.3826     4.5246 3.6113e+00          0     4.5246     0.3203     1.6029     0.0000     4.6066     0.0000     1.8542     0.0000     1.6025    34.2284    34.2257    24.7792    24.7773     3.6981    112.773     47.602 0.0000e+00
    292.090       7011     73.450 -107.07448   16.98670     73.000    17.5672    17.5640   4.461818   4.461091 1.0083e+00    12.3820     4.5252 3.1862e+00          0     4.5252     0.3361     1.5562     0.0000     4.6139     0.0000     1.8001     0.0000     1.5557    34.2435    34.2399    24.8010    24.7990     3.5489    108.222     45.649 0.0000e+00
    294.355       7066     74.456 -107.07448   16.98670     74.000    17.4401    17.4371   4.449705   4.449068 7.2138e-01    12.3783     4.5294 2.9314e+00          0     4.5294     0.2405     1.5099     0.0000     4.6153     0.0000     1.7638     0.0000     1.5094    34.2461    34.2432    24.8337    24.8322     3.3911    103.407     43.514 0.0000e+00
    295.327       7089     75.462 -107.07448   16.98670     75.000    17.3147    17.3131   4.437101   4.436623 6.5528e-01    12.3772     4.5307 2.7263e+00          0     4.5307     0.2184     1.4924     0.0000     4.6163     0.0000     1.7323     0.0000     1.4919    34.2432    34.2403    24.8615    24.8597     3.3405    101.861     42.762 0.0000e+00
    296.225       7110     76.469 -107.07448   16.98670     76.000    17.2701    17.2694   4.433239   4.432900 6.4375e-01    12.3767     4.5312 2.5419e+00          0     4.5312     0.2146     1.4751     0.0000     4.6166     0.0000     1.7018     0.0000     1.4746    34.2472    34.2448    24.8753    24.8736     3.2788     99.978     41.937 0.0000e+00
    297.303       7136     77.475 -107.07448   16.98670     77.000    17.2372    17.2352   4.430827   4.430378 6.5884e-01    12.3772     4.5307 2.3602e+00          0     4.5307     0.2196     1.4529     0.0000     4.6171     0.0000     1.6695     0.0000     1.4524    34.2538    34.2516    24.8883    24.8870     3.1981     97.515     40.880 0.0000e+00
    300.052       7202     78.481 -107.07448   16.98672     78.000    17.2266    17.2007   4.430050   4.427534 7.8539e-01    12.3741     4.5341 2.1511e+00          0     4.5341     0.2618     1.4405     0.0000     4.6183     0.0000     1.6290     0.0000     1.4400    34.2557    34.2559    24.8923    24.8986     3.2493     99.075     41.527 0.0000e+00
    304.631       7312     79.487 -107.07448   16.98672     79.000    17.1956    17.1801   4.427697   4.426359 7.0060e-01    12.3721     4.5364 1.9155e+00          0     4.5364     0.2335     1.4144     0.0000     4.6200     0.0000     1.5791     0.0000     1.4139    34.2612    34.2628    24.9039    24.9088     3.0146     91.918     38.507 0.0000e+00
    305.836       7341     80.494 -107.07448   16.98672     80.000    16.9323    16.9299   4.402849   4.402291 5.5160e-01    12.3676     4.5415 1.7433e+00          0     4.5415     0.1839     1.3619     0.0000     4.6214     0.0000     1.5382     0.0000     1.3614    34.2690    34.2662    24.9723    24.9707     2.8241     86.106     35.892 0.0000e+00
    306.970       7368     81.500 -107.07448   16.98672     81.000    16.8673    16.8608   4.398651   4.397713 6.1131e-01    12.3666     4.5427 1.6105e+00          0     4.5427     0.2038     1.3097     0.0000     4.6220     0.0000     1.5036     0.0000     1.3091    34.2874    34.2847    25.0018    25.0012     2.5678     78.287     32.598 0.0000e+00
    308.567       7407     82.507 -107.07448   16.98672     82.000    16.5528    16.5477   4.369491   4.368795 6.2305e-01    12.3634     4.5464 1.4944e+00          0     4.5464     0.2077     1.2336     0.0000     4.6227     0.0000     1.4712     0.0000     1.2330    34.3009    34.2992    25.0857    25.0855     2.3917     72.913     30.181 0.0000e+00
    310.912       7463     83.513 -107.07448   16.98670     83.000    16.4778    16.4751   4.362302   4.361835 5.8037e-01    12.3626     4.5472 1.3786e+00          0     4.5472     0.1935     1.1891     0.0000     4.6238     0.0000     1.4362     0.0000     1.1885    34.3017    34.2999    25.1037    25.1030     2.3962     73.047     30.192 0.0000e+00
    313.211       7518     84.519 -107.07448   16.98671     84.000    16.3229    16.3166   4.346226   4.345719 5.4496e-01    12.3609     4.5492 1.2997e+00          0     4.5492     0.1817     1.1812     0.0000     4.6254     0.0000     1.4107     0.0000     1.1806    34.2928    34.2938    25.1327    25.1349     2.3405     71.348     29.401 0.0000e+00
    314.928       7559     85.526 -107.07448   16.98672     85.000    16.3283    16.3363   4.351268   4.352522 4.6314e-01    12.3600     4.5502 1.2084e+00          0     4.5502     0.1544     1.1269     0.0000     4.6265     0.0000     1.3790     0.0000     1.1263    34.3322    34.3365    25.1618    25.1632     1.9073     58.142     23.967 0.0000e+00
    316.384       7594     86.532 -107.07448   16.98672     86.000    16.3188    16.3100   4.357473   4.356232 4.8203e-01    12.3588     4.5515 1.1055e+00          0     4.5515     0.1607     1.0404     0.0000     4.6270     0.0000     1.3401     0.0000     1.0397    34.3948    34.3914    25.2121    25.2115     1.7363     52.926     21.821 0.0000e+00
    320.226       7686     87.539 -107.07448   16.98672     87.000    16.1955    16.1166   4.340639   4.331502 5.5306e-01    12.3601     4.5501 9.9445e-01          0     4.5501     0.1844     1.0414     0.0000     4.6284     0.0000     1.2949     0.0000     1.0407    34.3520    34.3392    25.2074    25.2158     2.0167     61.474     25.280 0.0000e+00
    322.422       7739     88.545 -107.07448   16.98672     88.000    15.7331    15.7322   4.289616   4.289343 4.0020e-01    12.3537     4.5574 9.3564e-01          0     4.5574     0.1334     1.0756     0.0000     4.6301     0.0000     1.2679     0.0000     1.0749    34.2982    34.2966    25.2713    25.2703     2.0779     63.334     25.804 0.0000e+00
    323.442       7764     89.551 -107.07448   16.98672     89.000    15.7842    15.7881   4.297150   4.297433 4.0278e-01    12.3532     4.5580 8.6795e-01          0     4.5580     0.1343     1.0612     0.0000     4.6309     0.0000     1.2353     0.0000     1.0605    34.3207    34.3199    25.2771    25.2756     1.8026     54.942     22.409 0.0000e+00
    324.535       7790     90.558 -107.07448   16.98672     90.000    15.9531    15.9609   4.322941   4.323955 4.2348e-01    12.3531     4.5580 8.0861e-01          0     4.5580     0.1412     0.9935     0.0000     4.6309     0.0000     1.2045     0.0000     0.9928    34.4036    34.4059    25.3027    25.3027     1.4168     43.182     17.679 0.0000e+00
