data/ctd-cnv/RR1804/Station32_cast52.cnv
* Sea-Bird SBE 9 Data File:
* FileName = C:\CTD\RR1805\Station32_cast52.hex
* Software Version Seasave V 7.26.6.26
* Temperature SN = 4307
* Conductivity SN = 4650
* Number of Bytes Per Scan = 44
* Number of Voltage Words = 5
* Number of Scans Averaged by the Deck Unit = 1
* NMEA Latitude = 17 01.23 N
* NMEA Longitude = 106 58.80 W
* NMEA UTC (Time) = Apr 19 2018 12:06:26
** Ship: Revell
** Station: 32 (P2)
** Operator: Natalie
** cast 52 diel
# nquan = 32
# nvalues = 200                         
# units = specified
# name 0 = timeS: Time, Elapsed [seconds]
# name 1 = scan: Scan Count
# name 2 = prDM: Pressure, Digiquartz [db]
# name 3 = longitude: Longitude [deg]
# name 4 = latitude: Latitude [deg]
# name 5 = depSMignore: Depth [salt water, m]
# name 6 = t090C: Temperature [ITS-90, deg C]
# name 7 = t190C: Temperature, 2 [ITS-90, deg C]
# name 8 = c0S/m: Conductivity [S/m]
# name 9 = c1S/m: Conductivity, 2 [S/m]
# name 10 = flSP: Fluorescence, Seapoint
# name 11 = CStarAt0: Beam Attenuation, WET Labs C-Star [1/m]
# name 12 = CStarTr0: Beam Transmission, WET Labs C-Star [%]
# name 13 = par: PAR/Irradiance, Biospherical/Licor
# name 14 = modError: Modulo Error Count
# name 15 = v0: Voltage 0
# name 16 = v1: Voltage 1
# name 17 = v2: Voltage 2
# name 18 = v3: Voltage 3
# name 19 = v4: Voltage 4
# name 20 = v5: Voltage 5
# name 21 = v6: Voltage 6
# name 22 = v7: Voltage 7
# name 23 = sbeox0V: Oxygen raw, SBE 43 [V]
# name 24 = sal00: Salinity, Practical [PSU]
# name 25 = sal11: Salinity, Practical, 2 [PSU]
# name 26 = sigma-é00: Density [sigma-theta, kg/m^3]
# name 27 = sigma-é11: Density, 2 [sigma-theta, kg/m^3]
# name 28 = sbeox0Mg/L: Oxygen, SBE 43 [mg/l], WS = 2
# name 29 = sbox0Mm/Kg: Oxygen, SBE 43 [umol/kg], WS = 2
# name 30 = sbeox0PS: Oxygen, SBE 43 [% saturation], WS = 2
# name 31 = flag: flag
# span 0 =     -2.977,    349.821       
# span 1 =        -70,       8397       
# span 2 =      1.006,    201.294       
# span 3 = -106.98006, -106.98000       
# span 4 =   17.02058,   17.02064       
# span 5 =      1.000,    200.000       
# span 6 =    11.9209,    26.9205       
# span 7 =    11.9221,    26.9192       
# span 8 =   3.976411,   5.406043       
# span 9 =   3.976668,   5.406224       
# span 10 = 7.1989e-02, 1.1904e+00      
# span 11 =    12.3350,    12.4326      
# span 12 =     4.4683,     4.5788      
# span 13 = 1.4331e-02, 2.1037e-01      
# span 14 =          0,          0      
# span 15 =     4.4683,     4.5788      
# span 16 =     0.0240,     0.3968      
# span 17 =     0.5091,     2.8237      
# span 18 =     0.0000,     0.0000      
# span 19 =     0.3614,     4.6809      
# span 20 =     0.0000,     0.0000      
# span 21 =    -0.1332,     0.6399      
# span 22 =     0.0000,     0.0000      
# span 23 =     0.5083,     2.8237      
# span 24 =    34.2297,    34.8016      
# span 25 =    34.2246,    34.8020      
# span 26 =    22.1907,    26.4206      
# span 27 =    22.1929,    26.4215      
# span 28 =     0.0386,     6.8169      
# span 29 =      1.176,    208.307      
# span 30 =      0.446,    101.885      
# span 31 = 0.0000e+00, 0.0000e+00      
# interval = meters: 1                  
# start_time = Apr 19 2018 12:06:31 [System UTC, first data scan.]
# bad_flag = -9.990e-29
*END*
[from data line 91]
    209.684       5033     92.571 -106.98002   17.02062     92.000    15.4709    15.4681   4.308442   4.308040 2.1823e-01    12.3350     4.5788 5.0671e-02          0     4.5788     0.0727     0.5225     0.0000     4.4947     0.0000     0.0049     0.0000     0.5216    34.6951    34.6939    25.6358    25.6355     0.0796      2.424      0.985 0.0000e+00
    212.023       5090     93.577 -106.98002   17.02062     93.000    15.3982    15.3977   4.301878   4.301720 2.0832e-01    12.3364     4.5771 5.0671e-02          0     4.5771     0.0694     0.5210     0.0000     4.4990     0.0000     0.0049     0.0000     0.5201    34.6997    34.6987    25.6555    25.6549     0.0750      2.287      0.928 0.0000e+00
    213.855       5134     94.584 -106.98002   17.02062     94.000    15.3402    15.3400   4.296487   4.296316 2.2321e-01    12.3374     4.5760 5.0671e-02          0     4.5760     0.0744     0.5201     0.0000     4.5621     0.0000     0.0049     0.0000     0.5193    34.7019    34.7005    25.6702    25.6692     0.0736      2.243      0.909 0.0000e+00
    215.448       5172     95.590 -106.98002   17.02062     95.000    15.1771    15.1740   4.281835   4.281378 2.6084e-01    12.3403     4.5726 5.0671e-02          0     4.5726     0.0869     0.5190     0.0000     4.5921     0.0000     0.0049     0.0000     0.5182    34.7132    34.7118    25.7150    25.7147     0.0668      2.034      0.822 0.0000e+00
    217.514       5221     96.597 -106.98002   17.02062     96.000    15.1061    15.1063   4.275578   4.275437 2.9856e-01    12.3406     4.5723 5.0671e-02          0     4.5723     0.0995     0.5177     0.0000     4.6004     0.0000     0.0049     0.0000     0.5168    34.7190    34.7176    25.7351    25.7340     0.0652      1.987      0.802 0.0000e+00
    219.642       5272     97.603 -106.98002   17.02060     97.000    15.0660    15.0654   4.271895   4.271713 3.2398e-01    12.3405     4.5724 5.0671e-02          0     4.5724     0.1080     0.5172     0.0000     4.6143     0.0000     0.0049     0.0000     0.5163    34.7207    34.7196    25.7454    25.7446     0.0630      1.918      0.774 0.0000e+00
    222.631       5344     98.610 -106.98002   17.02060     98.000    15.0404    15.0194   4.270031   4.268450 3.2975e-01    12.3416     4.5711 5.0671e-02          0     4.5711     0.1099     0.5165     0.0000     4.6205     0.0000     0.0049     0.0000     0.5156    34.7261    34.7304    25.7552    25.7631     0.0619      1.887      0.761 0.0000e+00
    225.655       5417     99.616 -106.98002   17.02060     99.000    14.9105    14.9090   4.257974   4.257676 3.3677e-01    12.3451     4.5672 5.0671e-02          0     4.5672     0.1123     0.5160     0.0000     4.6235     0.0000     0.0049     0.0000     0.5151    34.7315    34.7301    25.7878    25.7870     0.0583      1.775      0.714 0.0000e+00
    227.243       5455    100.622 -106.98002   17.02060    100.000    14.8332    14.8319   4.251139   4.250752 3.9859e-01    12.3463     4.5658 5.0671e-02          0     4.5658     0.1329     0.5153     0.0000     4.6249     0.0000     0.0049     0.0000     0.5144    34.7375    34.7352    25.8093    25.8078     0.0567      1.726      0.693 0.0000e+00
    234.186       5621    101.629 -106.98002   17.02060    101.000    14.8106    14.7879   4.248939   4.247038 4.4956e-01    12.3508     4.5607 5.0671e-02          0     4.5607     0.1499     0.5141     0.0000     4.6289     0.0000     0.0049     0.0000     0.5133    34.7372    34.7400    25.8140    25.8211     0.0540      1.644      0.660 0.0000e+00
    239.064       5739    102.635 -106.98002   17.02060    102.000    14.6348    14.6331   4.232740   4.232544 5.0753e-01    12.3563     4.5545 5.0671e-02          0     4.5545     0.1692     0.5136     0.0000     4.6318     0.0000     0.0049     0.0000     0.5128    34.7454    34.7451    25.8584    25.8585     0.0512      1.560      0.624 0.0000e+00
    241.213       5790    103.642 -106.98002   17.02060    103.000    14.5753    14.5740   4.227348   4.227203 5.0383e-01    12.3573     4.5533 5.0671e-02          0     4.5533     0.1679     0.5130     0.0000     4.6326     0.0000     0.0049     0.0000     0.5122    34.7487    34.7486    25.8738    25.8740     0.0494      1.503      0.601 0.0000e+00
    242.856       5830    104.648 -106.98002   17.02060    104.000    14.5217    14.5214   4.222744   4.222656 4.9837e-01    12.3595     4.5508 5.0671e-02          0     4.5508     0.1661     0.5128     0.0000     4.6331     0.0000     0.0049     0.0000     0.5120    34.7540    34.7535    25.8894    25.8891     0.0500      1.523      0.608 0.0000e+00
    244.129       5860    105.655 -106.98002   17.02060    105.000    14.4950    14.4952   4.220396   4.220379 4.9029e-01    12.3615     4.5486 5.0671e-02          0     4.5486     0.1634     0.5128     0.0000     4.6224     0.0000     0.0049     0.0000     0.5120    34.7559    34.7556    25.8966    25.8964     0.0501      1.527      0.609 0.0000e+00
    245.134       5884    106.661 -106.98002   17.02060    106.000    14.4669    14.4658   4.217759   4.217555 4.8879e-01    12.3629     4.5470 5.0671e-02          0     4.5470     0.1629     0.5128     0.0000     4.6071     0.0000     0.0049     0.0000     0.5120    34.7564    34.7555    25.9031    25.9026     0.0502      1.528      0.609 0.0000e+00
    246.004       5905    107.668 -106.98002   17.02060    107.000    14.3615    14.3592   4.208134   4.207770 5.6303e-01    12.3658     4.5436 5.0671e-02          0     4.5436     0.1877     0.5128     0.0000     4.6147     0.0000     0.0049     0.0000     0.5120    34.7619    34.7606    25.9299    25.9294     0.0505      1.539      0.612 0.0000e+00
    246.803       5924    108.674 -106.98002   17.02060    108.000    14.2553    14.2535   4.198471   4.198151 6.9534e-01    12.3681     4.5410 5.0671e-02          0     4.5410     0.2318     0.5129     0.0000     4.6265     0.0000     0.0049     0.0000     0.5121    34.7676    34.7663    25.9569    25.9563     0.0506      1.541      0.612 0.0000e+00
    247.587       5943    109.681 -106.98002   17.02060    109.000    14.1328    14.1309   4.186945   4.186587 7.8336e-01    12.3658     4.5437 5.0671e-02          0     4.5437     0.2611     0.5128     0.0000     4.6304     0.0000     0.0049     0.0000     0.5120    34.7708    34.7692    25.9853    25.9845     0.0501      1.526      0.604 0.0000e+00
    248.373       5962    110.687 -106.98002   17.02060    110.000    14.0669    14.0676   4.181024   4.181009 7.3551e-01    12.3634     4.5463 5.0671e-02          0     4.5463     0.2452     0.5127     0.0000     4.6325     0.0000     0.0049     0.0000     0.5119    34.7748    34.7740    26.0024    26.0016     0.0501      1.525      0.603 0.0000e+00
    249.231       5983    111.694 -106.98002   17.02060    111.000    14.0184    14.0180   4.176411   4.176276 6.8543e-01    12.3625     4.5474 5.0671e-02          0     4.5474     0.2285     0.5127     0.0000     4.6341     0.0000     0.0049     0.0000     0.5119    34.7753    34.7745    26.0129    26.0124     0.0508      1.547      0.612 0.0000e+00
    250.253       6007    112.700 -106.98002   17.02060    112.000    13.9521    13.9501   4.170159   4.169825 6.1614e-01    12.3613     4.5488 5.0671e-02          0     4.5488     0.2054     0.5127     0.0000     4.6348     0.0000     0.0049     0.0000     0.5119    34.7766    34.7753    26.0278    26.0273     0.0496      1.510      0.596 0.0000e+00
    251.439       6036    113.707 -106.98002   17.02060    113.000    13.7815    13.7808   4.154443   4.154310 4.4503e-01    12.3558     4.5551 5.0671e-02          0     4.5551     0.1483     0.5126     0.0000     4.6351     0.0000     0.0049     0.0000     0.5118    34.7840    34.7834    26.0692    26.0689     0.0495      1.509      0.593 0.0000e+00
    252.684       6065    114.713 -106.98002   17.02060    114.000    13.7595    13.7600   4.152481   4.152492 4.1860e-01    12.3547     4.5562 5.0671e-02          0     4.5562     0.1395     0.5124     0.0000     4.6360     0.0000     0.0049     0.0000     0.5116    34.7851    34.7848    26.0747    26.0744     0.0476      1.451      0.571 0.0000e+00
    253.985       6097    115.720 -106.98002   17.02060    115.000    13.7474    13.7473   4.151415   4.151391 4.0415e-01    12.3543     4.5567 5.0671e-02          0     4.5567     0.1347     0.5121     0.0000     4.6366     0.0000     0.0049     0.0000     0.5113    34.7857    34.7856    26.0777    26.0776     0.0469      1.427      0.561 0.0000e+00
    255.232       6127    116.726 -106.98002   17.02060    116.000    13.7313    13.7316   4.150014   4.150029 3.9015e-01    12.3540     4.5570 5.0671e-02          0     4.5570     0.1300     0.5117     0.0000     4.6373     0.0000     0.0049     0.0000     0.5109    34.7868    34.7867    26.0819    26.0817     0.0472      1.436      0.564 0.0000e+00
    256.223       6150    117.733 -106.98002   17.02060    117.000    13.7167    13.7172   4.148704   4.148734 3.7906e-01    12.3536     4.5574 5.0671e-02          0     4.5574     0.1264     0.5120     0.0000     4.6360     0.0000     0.0049     0.0000     0.5112    34.7874    34.7872    26.0854    26.0851     0.0488      1.488      0.584 0.0000e+00
    257.049       6170    118.740 -106.98002   17.02060    118.000    13.6836    13.6832   4.145649   4.145548 3.6658e-01    12.3540     4.5570 5.0671e-02          0     4.5570     0.1222     0.5120     0.0000     4.6358     0.0000     0.0049     0.0000     0.5112    34.7884    34.7878    26.0931    26.0927     0.0475      1.448      0.568 0.0000e+00
    257.813       6189    119.746 -106.98002   17.02060    119.000    13.6432    13.6434   4.141936   4.141883 3.5000e-01    12.3529     4.5582 5.0671e-02          0     4.5582     0.1167     0.5119     0.0000     4.6362     0.0000     0.0049     0.0000     0.5111    34.7898    34.7892    26.1025    26.1020     0.0474      1.443      0.566 0.0000e+00
    258.605       6208    120.753 -106.98002   17.02060    120.000    13.5871    13.5868   4.136759   4.136635 3.2010e-01    12.3521     4.5592 5.0671e-02          0     4.5592     0.1067     0.5119     0.0000     4.6377     0.0000     0.0049     0.0000     0.5111    34.7919    34.7910    26.1157    26.1151     0.0471      1.433      0.562 0.0000e+00
    259.516       6229    121.759 -106.98002   17.02060    121.000    13.5486    13.5487   4.133227   4.133195 2.9993e-01    12.3515     4.5599 5.0671e-02          0     4.5599     0.1000     0.5118     0.0000     4.6387     0.0000     0.0049     0.0000     0.5110    34.7932    34.7929    26.1247    26.1244     0.0472      1.436      0.562 0.0000e+00
    260.601       6255    122.766 -106.98002   17.02060    122.000    13.5030    13.5017   4.128963   4.128805 2.7453e-01    12.3510     4.5604 5.0671e-02          0     4.5604     0.0915     0.5117     0.0000     4.6392     0.0000     0.0049     0.0000     0.5109    34.7943    34.7940    26.1349    26.1349     0.0471      1.433      0.561 0.0000e+00
    261.747       6283    123.772 -106.98002   17.02060    123.000    13.4659    13.4659   4.125575   4.125595 2.5562e-01    12.3504     4.5611 5.0671e-02          0     4.5611     0.0852     0.5117     0.0000     4.6397     0.0000     0.0049     0.0000     0.5109    34.7957    34.7959    26.1437    26.1438     0.0468      1.426      0.557 0.0000e+00
    262.889       6310    124.779 -106.98002   17.02060    124.000    13.4277    13.4269   4.122061   4.122007 2.3441e-01    12.3499     4.5617 5.0671e-02          0     4.5617     0.0781     0.5117     0.0000     4.6394     0.0000     0.0049     0.0000     0.5109    34.7970    34.7973    26.1525    26.1529     0.0470      1.430      0.558 0.0000e+00
    263.982       6337    125.786 -106.98002   17.02060    125.000    13.4042    13.4042   4.119914   4.119918 2.2398e-01    12.3504     4.5612 5.0671e-02          0     4.5612     0.0747     0.5116     0.0000     4.6390     0.0000     0.0049     0.0000     0.5108    34.7978    34.7979    26.1580    26.1580     0.0466      1.419      0.554 0.0000e+00
    264.957       6360    126.792 -106.98002   17.02060    126.000    13.3754    13.3760   4.117290   4.117373 2.1385e-01    12.3496     4.5620 5.0671e-02          0     4.5620     0.0713     0.5115     0.0000     4.6366     0.0000     0.0049     0.0000     0.5107    34.7989    34.7992    26.1647    26.1648     0.0460      1.402      0.547 0.0000e+00
    265.839       6381    127.799 -106.98002   17.02060    127.000    13.3678    13.3684   4.116647   4.116719 2.0887e-01    12.3493     4.5624 5.0671e-02          0     4.5624     0.0696     0.5114     0.0000     4.6382     0.0000     0.0049     0.0000     0.5106    34.7993    34.7995    26.1666    26.1666     0.0463      1.411      0.550 0.0000e+00
    266.687       6401    128.805 -106.98002   17.02060    128.000    13.3611    13.3614   4.116058   4.116106 2.0714e-01    12.3494     4.5622 5.0671e-02          0     4.5622     0.0691     0.5115     0.0000     4.6378     0.0000     0.0049     0.0000     0.5107    34.7995    34.7997    26.1682    26.1682     0.0470      1.430      0.558 0.0000e+00
    267.546       6422    129.812 -106.98002   17.02060    129.000    13.3336    13.3333   4.113421   4.113394 1.9962e-01    12.3513     4.5602 5.0671e-02          0     4.5602     0.0665     0.5114     0.0000     4.6076     0.0000     0.0049     0.0000     0.5106    34.7993    34.7993    26.1736    26.1737     0.0457      1.393      0.543 0.0000e+00
    268.440       6444    130.819 -106.98002   17.02060    130.000    13.3110    13.3108   4.111364   4.111363 1.9237e-01    12.3492     4.5625 5.0671e-02          0     4.5625     0.0641     0.5114     0.0000     4.6375     0.0000     0.0049     0.0000     0.5106    34.8000    34.8002    26.1788    26.1790     0.0460      1.401      0.546 0.0000e+00
    269.443       6468    131.825 -106.98002   17.02061    131.000    13.2890    13.2899   4.109292   4.109398 1.8717e-01    12.3486     4.5632 5.0671e-02          0     4.5632     0.0624     0.5114     0.0000     4.6263     0.0000     0.0049     0.0000     0.5106    34.8002    34.8003    26.1834    26.1833     0.0462      1.408      0.548 0.0000e+00
    270.598       6495    132.832 -106.98002   17.02062    132.000    13.2544    13.2545   4.106029   4.106055 1.8608e-01    12.3484     4.5635 5.0671e-02          0     4.5635     0.0620     0.5115     0.0000     4.5549     0.0000     0.0049     0.0000     0.5107    34.8005    34.8006    26.1907    26.1908     0.0460      1.400      0.545 0.0000e+00
    271.748       6523    133.839 -106.98002   17.02062    133.000    13.2271    13.2271   4.103462   4.103493 1.6940e-01    12.3485     4.5634 5.0671e-02          0     4.5634     0.0565     0.5112     0.0000     4.5905     0.0000     0.0049     0.0000     0.5104    34.8007    34.8010    26.1964    26.1967     0.0449      1.368      0.532 0.0000e+00
    272.931       6551    134.845 -106.98002   17.02062    134.000    13.2077    13.2078   4.101655   4.101710 1.6471e-01    12.3485     4.5633 5.0671e-02          0     4.5633     0.0549     0.5111     0.0000     4.5953     0.0000     0.0049     0.0000     0.5103    34.8009    34.8014    26.2006    26.2009     0.0446      1.357      0.528 0.0000e+00
    274.337       6585    135.852 -106.98002   17.02062    135.000    13.1724    13.1721   4.098316   4.098361 1.5475e-01    12.3484     4.5634 5.0671e-02          0     4.5634     0.0516     0.5112     0.0000     4.5461     0.0000     0.0049     0.0000     0.5104    34.8012    34.8019    26.2079    26.2085     0.0461      1.405      0.546 0.0000e+00
