data/ctd-cnv/RR1804/Station32_cast47.cnv
* Sea-Bird SBE 9 Data File:
* FileName = C:\CTD\RR1805\Station32_cast47.hex
* Software Version Seasave V 7.26.6.26
* Temperature SN = 4307
* Conductivity SN = 4650
* Number of Bytes Per Scan = 44
* Number of Voltage Words = 5
* Number of Scans Averaged by the Deck Unit = 1
* NMEA Latitude = 16 58.61 N
* NMEA Longitude = 107 03.33 W
* NMEA UTC (Time) = Apr 17 2018 21:04:08
** Ship: Revell
** Station: 32 (P2)
** Operator: Clara
** cast47
# nquan = 32
# nvalues = 402                         
# units = specified
# name 0 = timeS: Time, Elapsed [seconds]
# name 1 = scan: Scan Count
# name 2 = prDM: Pressure, Digiquartz [db]
# name 3 = longitude: Longitude [deg]
# name 4 = latitude: Latitude [deg]
# name 5 = depSMignore: Depth [salt water, m]
# name 6 = t090C: Temperature [ITS-90, deg C]
# name 7 = t190C: Temperature, 2 [ITS-90, deg C]
# name 8 = c0S/m: Conductivity [S/m]
# name 9 = c1S/m: Conductivity, 2 [S/m]
# name 10 = flSP: Fluorescence, Seapoint
# name 11 = CStarAt0: Beam Attenuation, WET Labs C-Star [1/m]
# name 12 = CStarTr0: Beam Transmission, WET Labs C-Star [%]
# name 13 = par: PAR/Irradiance, Biospherical/Licor
# name 14 = modError: Modulo Error Count
# name 15 = v0: Voltage 0
# name 16 = v1: Voltage 1
# name 17 = v2: Voltage 2
# name 18 = v3: Voltage 3
# name 19 = v4: Voltage 4
# name 20 = v5: Voltage 5
# name 21 = v6: Voltage 6
# name 22 = v7: Voltage 7
# name 23 = sbeox0V: Oxygen raw, SBE 43 [V]
# name 24 = sal00: Salinity, Practical [PSU]
# name 25 = sal11: Salinity, Practical, 2 [PSU]
# name 26 = sigma-é00: Density [sigma-theta, kg/m^3]
# name 27 = sigma-é11: Density, 2 [sigma-theta, kg/m^3]
# name 28 = sbeox0Mg/L: Oxygen, SBE 43 [mg/l], WS = 2
# name 29 = sbox0Mm/Kg: Oxygen, SBE 43 [umol/kg], WS = 2
# name 30 = sbeox0PS: Oxygen, SBE 43 [% saturation], WS = 2
# name 31 = flag: flag
# span 0 =     25.149,    779.421       
# span 1 =        605,      18707       
# span 2 =      1.006,    404.798       
# span 3 = -107.05558, -107.05554       
# span 4 =   16.97688,   16.97692       
# span 5 =      1.000,    402.000       
# span 6 =     9.0997,    27.5149       
# span 7 =     9.0915,    27.5144       
# span 8 =   3.704412,   5.469847       
# span 9 =   3.703774,   9.478588       
# span 10 = 3.5612e-02, 1.4235e+00      
# span 11 =    12.3287,    12.4740      
# span 12 =     4.4223,     4.5859      
# span 13 = 5.0621e-02, 1.2251e+03      
# span 14 =          0,          0      
# span 15 =     4.4223,     4.5859      
# span 16 =     0.0119,     0.4745      
# span 17 =     0.5064,     2.7949      
# span 18 =     0.0000,     0.0000      
# span 19 =     1.0565,     4.6664      
# span 20 =     0.0000,     0.0000      
# span 21 =     0.0045,     4.3426      
# span 22 =     0.0000,     0.0000      
# span 23 =     0.5057,     2.7950      
# span 24 =    34.2116,    34.8059      
# span 25 =    19.3394,   114.6373      
# span 26 =    21.9892,    26.8005      
# span 27 =     6.9190,   102.4145      
# span 28 =     0.0308,     7.0016      
# span 29 =      0.937,    214.092      
# span 30 =      0.334,    107.414      
# span 31 = 0.0000e+00, 0.0000e+00      
# interval = meters: 1                  
# start_time = Apr 17 2018 21:04:12 [System UTC, first data scan.]
# bad_flag = -9.990e-29
*END*
[from data line 318]
    641.232      15391    321.156 -107.05556   16.97690    319.000    10.4149    10.4151   3.830319   3.830501 7.3277e-02    12.3332     4.5807 5.0671e-02          0     4.5807     0.0244     0.5078     0.0000     4.6602     0.0000     0.0049     0.0000     0.5071    34.6722    34.6739    26.6310    26.6323     0.0384      1.170      0.429 0.0000e+00
    641.901      15407    322.163 -107.05556   16.97690    320.000    10.3889    10.3890   3.827780   3.827984 7.3514e-02    12.3333     4.5806 5.0671e-02          0     4.5806     0.0245     0.5077     0.0000     4.6593     0.0000     0.0049     0.0000     0.5069    34.6708    34.6728    26.6345    26.6360     0.0348      1.060      0.388 0.0000e+00
    642.561      15422    323.171 -107.05556   16.97690    321.000    10.3670    10.3672   3.825655   3.825853 7.3253e-02    12.3329     4.5811 5.0671e-02          0     4.5811     0.0244     0.5077     0.0000     4.6578     0.0000     0.0049     0.0000     0.5070    34.6698    34.6716    26.6375    26.6389     0.0350      1.064      0.390 0.0000e+00
    643.245      15439    324.179 -107.05556   16.97690    322.000    10.3621    10.3625   3.825241   3.825479 7.3688e-02    12.3329     4.5811 5.0671e-02          0     4.5811     0.0245     0.5075     0.0000     4.6596     0.0000     0.0049     0.0000     0.5068    34.6698    34.6719    26.6384    26.6399     0.0335      1.021      0.374 0.0000e+00
    643.993      15457    325.186 -107.05556   16.97690    323.000    10.3581    10.3583   3.824874   3.825100 7.3276e-02    12.3330     4.5810 5.0671e-02          0     4.5810     0.0244     0.5074     0.0000     4.6598     0.0000     0.0049     0.0000     0.5066    34.6695    34.6715    26.6388    26.6404     0.0343      1.043      0.382 0.0000e+00
    644.930      15479    326.194 -107.05556   16.97691    324.000    10.3466    10.3464   3.823770   3.823961 7.3661e-02    12.3328     4.5812 5.0671e-02          0     4.5812     0.0245     0.5076     0.0000     4.6593     0.0000     0.0049     0.0000     0.5068    34.6688    34.6709    26.6403    26.6420     0.0345      1.051      0.385 0.0000e+00
    647.576      15543    327.201 -107.05556   16.97691    325.000    10.3549    10.3525   3.824667   3.824669 7.3662e-02    12.3330     4.5810 5.0671e-02          0     4.5810     0.0245     0.5073     0.0000     4.6590     0.0000     0.0049     0.0000     0.5065    34.6695    34.6718    26.6394    26.6416     0.0336      1.024      0.375 0.0000e+00
    650.767      15619    328.209 -107.05556   16.97690    326.000    10.3560    10.3496   3.824822   3.824404 7.3702e-02    12.3330     4.5810 5.0671e-02          0     4.5810     0.0245     0.5073     0.0000     4.6592     0.0000     0.0049     0.0000     0.5066    34.6696    34.6715    26.6393    26.6419     0.0354      1.079      0.395 0.0000e+00
    651.536      15638    329.216 -107.05556   16.97690    327.000    10.3224    10.3224   3.821568   3.821798 7.3460e-02    12.3327     4.5813 5.0671e-02          0     4.5813     0.0245     0.5074     0.0000     4.6597     0.0000     0.0049     0.0000     0.5067    34.6682    34.6706    26.6441    26.6460     0.0342      1.042      0.381 0.0000e+00
    652.166      15653    330.224 -107.05556   16.97690    328.000    10.3127    10.3131   3.820641   3.820890 7.4104e-02    12.3326     4.5814 5.0671e-02          0     4.5814     0.0247     0.5076     0.0000     4.6590     0.0000     0.0049     0.0000     0.5069    34.6676    34.6697    26.6453    26.6469     0.0327      0.997      0.365 0.0000e+00
    652.731      15667    331.232 -107.05556   16.97690    329.000    10.3035    10.3038   3.819765   3.820042 7.3520e-02    12.3327     4.5813 5.0671e-02          0     4.5813     0.0245     0.5070     0.0000     4.6593     0.0000     0.0049     0.0000     0.5062    34.6671    34.6696    26.6465    26.6485     0.0325      0.988      0.361 0.0000e+00
    653.289      15680    332.239 -107.05556   16.97690    330.000    10.3014    10.3019   3.819599   3.819903 7.3542e-02    12.3326     4.5814 5.0671e-02          0     4.5814     0.0245     0.5073     0.0000     4.6593     0.0000     0.0049     0.0000     0.5066    34.6669    34.6695    26.6468    26.6487     0.0356      1.084      0.396 0.0000e+00
    653.839      15693    333.247 -107.05556   16.97690    331.000    10.3012    10.3017   3.819606   3.819922 7.3257e-02    12.3328     4.5812 5.0671e-02          0     4.5812     0.0244     0.5072     0.0000     4.6594     0.0000     0.0049     0.0000     0.5065    34.6667    34.6695    26.6467    26.6487     0.0357      1.087      0.397 0.0000e+00
    654.377      15706    334.254 -107.05556   16.97690    332.000    10.3012    10.3017   3.819643   3.819970 7.3260e-02    12.3328     4.5812 5.0671e-02          0     4.5812     0.0244     0.5073     0.0000     4.6593     0.0000     0.0049     0.0000     0.5066    34.6667    34.6695    26.6467    26.6488     0.0358      1.089      0.398 0.0000e+00
    654.912      15719    335.262 -107.05556   16.97690    333.000    10.2993    10.2992   3.819485   3.819720 7.3260e-02    12.3328     4.5812 5.0671e-02          0     4.5812     0.0244     0.5075     0.0000     4.6594     0.0000     0.0049     0.0000     0.5068    34.6664    34.6689    26.6468    26.6488     0.0366      1.114      0.407 0.0000e+00
    655.432      15731    336.270 -107.05556   16.97690    334.000    10.2846    10.2845   3.818014   3.818246 7.3864e-02    12.3327     4.5813 5.0671e-02          0     4.5813     0.0246     0.5077     0.0000     4.6594     0.0000     0.0049     0.0000     0.5070    34.6651    34.6676    26.6484    26.6503     0.0355      1.081      0.395 0.0000e+00
    656.216      15750    337.277 -107.05556   16.97690    335.000    10.2388    10.2360   3.813470   3.813337 7.3667e-02    12.3331     4.5808 5.0666e-02          0     4.5808     0.0245     0.5075     0.0000     4.6597     0.0000     0.0049     0.0000     0.5068    34.6623    34.6636    26.6541    26.6556     0.0352      1.072      0.392 0.0000e+00
    657.715      15786    338.285 -107.05556   16.97690    336.000    10.1974    10.1951   3.809415   3.809424 7.3956e-02    12.3325     4.5815 5.0671e-02          0     4.5815     0.0246     0.5074     0.0000     4.6604     0.0000     0.0049     0.0000     0.5067    34.6601    34.6624    26.6595    26.6617     0.0337      1.024      0.374 0.0000e+00
    660.118      15844    339.292 -107.05556   16.97690    337.000    10.1994    10.2052   3.809837   3.810295 7.4119e-02    12.3320     4.5821 5.0671e-02          0     4.5821     0.0247     0.5071     0.0000     4.6605     0.0000     0.0049     0.0000     0.5064    34.6621    34.6612    26.6608    26.6591     0.0336      1.024      0.374 0.0000e+00
    661.900      15887    340.300 -107.05556   16.97690    338.000    10.1812    10.1792   3.807871   3.807947 7.4837e-02    12.3324     4.5817 5.0671e-02          0     4.5817     0.0249     0.5072     0.0000     4.6595     0.0000     0.0049     0.0000     0.5065    34.6590    34.6617    26.6615    26.6639     0.0344      1.048      0.382 0.0000e+00
    662.860      15910    341.308 -107.05556   16.97690    339.000    10.1726    10.1729   3.807105   3.807364 7.4892e-02    12.3320     4.5822 5.0671e-02          0     4.5822     0.0249     0.5072     0.0000     4.6607     0.0000     0.0049     0.0000     0.5065    34.6589    34.6613    26.6629    26.6647     0.0351      1.068      0.389 0.0000e+00
    663.575      15927    342.315 -107.05556   16.97690    340.000    10.1631    10.1640   3.806206   3.806511 7.4537e-02    12.3319     4.5823 5.0671e-02          0     4.5823     0.0248     0.5076     0.0000     4.6606     0.0000     0.0049     0.0000     0.5069    34.6585    34.6607    26.6642    26.6658     0.0380      1.157      0.422 0.0000e+00
    664.181      15941    343.323 -107.05556   16.97690    341.000    10.1397    10.1394   3.803857   3.803996 7.3274e-02    12.3319     4.5823 5.0671e-02          0     4.5823     0.0244     0.5077     0.0000     4.6608     0.0000     0.0049     0.0000     0.5070    34.6565    34.6582    26.6667    26.6681     0.0371      1.129      0.412 0.0000e+00
    664.757      15955    344.330 -107.05556   16.97690    342.000    10.1008    10.1015   3.800046   3.800317 7.3545e-02    12.3318     4.5824 5.0671e-02          0     4.5824     0.0245     0.5074     0.0000     4.6605     0.0000     0.0049     0.0000     0.5067    34.6544    34.6566    26.6718    26.6733     0.0355      1.080      0.393 0.0000e+00
    665.330      15969    345.339 -107.05556   16.97690    343.000    10.0744    10.0741   3.797431   3.797603 7.3990e-02    12.3317     4.5825 5.0671e-02          0     4.5825     0.0246     0.5076     0.0000     4.6602     0.0000     0.0049     0.0000     0.5069    34.6526    34.6547    26.6749    26.6765     0.0371      1.129      0.411 0.0000e+00
    665.959      15984    346.346 -107.05556   16.97690    344.000    10.0496    10.0492   3.794982   3.795096 7.3727e-02    12.3318     4.5824 5.0671e-02          0     4.5824     0.0246     0.5078     0.0000     4.6605     0.0000     0.0049     0.0000     0.5071    34.6509    34.6524    26.6778    26.6790     0.0367      1.118      0.406 0.0000e+00
    666.781      16004    347.353 -107.05556   16.97690    345.000    10.0049    10.0033   3.790519   3.790557 7.3701e-02    12.3315     4.5828 5.0671e-02          0     4.5828     0.0245     0.5077     0.0000     4.6609     0.0000     0.0049     0.0000     0.5070    34.6478    34.6496    26.6830    26.6847     0.0340      1.035      0.376 0.0000e+00
    668.116      16036    348.361 -107.05556   16.97690    346.000     9.9818     9.9810   3.788282   3.788407 7.4813e-02    12.3314     4.5828 5.0671e-02          0     4.5828     0.0249     0.5073     0.0000     4.6612     0.0000     0.0049     0.0000     0.5066    34.6466    34.6486    26.6860    26.6877     0.0331      1.007      0.366 0.0000e+00
    670.027      16082    349.369 -107.05556   16.97690    347.000     9.9627     9.9623   3.786447   3.786555 7.4147e-02    12.3310     4.5833 5.0671e-02          0     4.5833     0.0247     0.5070     0.0000     4.6614     0.0000     0.0049     0.0000     0.5063    34.6456    34.6472    26.6885    26.6898     0.0333      1.013      0.368 0.0000e+00
    671.797      16124    350.377 -107.05556   16.97690    348.000     9.9408     9.9405   3.784334   3.784522 7.4031e-02    12.3311     4.5831 5.0671e-02          0     4.5831     0.0247     0.5072     0.0000     4.6609     0.0000     0.0049     0.0000     0.5065    34.6446    34.6468    26.6914    26.6932     0.0344      1.048      0.380 0.0000e+00
    672.846      16149    351.384 -107.05556   16.97690    349.000     9.9222     9.9225   3.782559   3.782795 7.4180e-02    12.3309     4.5834 5.0671e-02          0     4.5834     0.0247     0.5071     0.0000     4.6615     0.0000     0.0049     0.0000     0.5064    34.6438    34.6460    26.6940    26.6956     0.0337      1.025      0.372 0.0000e+00
    673.626      16168    352.392 -107.05556   16.97690    350.000     9.9094     9.9102   3.781431   3.781721 7.3891e-02    12.3308     4.5835 5.0671e-02          0     4.5835     0.0246     0.5070     0.0000     4.6617     0.0000     0.0049     0.0000     0.5063    34.6441    34.6463    26.6963    26.6980     0.0330      1.004      0.364 0.0000e+00
    674.281      16184    353.399 -107.05556   16.97690    351.000     9.9055     9.9065   3.781099   3.781404 7.6040e-02    12.3308     4.5835 5.0671e-02          0     4.5835     0.0253     0.5069     0.0000     4.6619     0.0000     0.0049     0.0000     0.5062    34.6440    34.6461    26.6969    26.6984     0.0339      1.032      0.374 0.0000e+00
    674.889      16198    354.407 -107.05556   16.97690    352.000     9.8991     9.9004   3.780511   3.780847 7.3948e-02    12.3312     4.5830 5.0671e-02          0     4.5830     0.0246     0.5073     0.0000     4.6616     0.0000     0.0049     0.0000     0.5066    34.6436    34.6458    26.6978    26.6993     0.0340      1.036      0.375 0.0000e+00
    675.496      16213    355.415 -107.05556   16.97690    353.000     9.8932     9.8928   3.779964   3.780136 7.4235e-02    12.3309     4.5834 5.0671e-02          0     4.5834     0.0247     0.5070     0.0000     4.6616     0.0000     0.0049     0.0000     0.5063    34.6432    34.6454    26.6985    26.7003     0.0319      0.970      0.351 0.0000e+00
    676.134      16228    356.423 -107.05556   16.97690    354.000     9.8831     9.8834   3.779050   3.779310 7.3308e-02    12.3307     4.5836 5.0671e-02          0     4.5836     0.0244     0.5069     0.0000     4.6619     0.0000     0.0049     0.0000     0.5062    34.6432    34.6455    26.7001    26.7019     0.0331      1.006      0.364 0.0000e+00
    676.922      16247    357.431 -107.05556   16.97690    355.000     9.8730     9.8734   3.778114   3.778371 7.4034e-02    12.3311     4.5832 5.0671e-02          0     4.5832     0.0247     0.5070     0.0000     4.6619     0.0000     0.0049     0.0000     0.5063    34.6428    34.6450    26.7016    26.7033     0.0347      1.056      0.383 0.0000e+00
    678.420      16283    358.438 -107.05556   16.97690    356.000     9.8737     9.8705   3.778231   3.778147 7.4665e-02    12.3311     4.5832 5.0671e-02          0     4.5832     0.0249     0.5069     0.0000     4.6618     0.0000     0.0049     0.0000     0.5062    34.6429    34.6451    26.7015    26.7038     0.0326      0.992      0.360 0.0000e+00
    680.631      16336    359.446 -107.05556   16.97690    357.000     9.8743     9.8689   3.778366   3.778058 7.4147e-02    12.3308     4.5835 5.0671e-02          0     4.5835     0.0247     0.5069     0.0000     4.6627     0.0000     0.0049     0.0000     0.5062    34.6432    34.6452    26.7017    26.7042     0.0335      1.019      0.369 0.0000e+00
    681.982      16369    360.454 -107.05556   16.97690    358.000     9.8645     9.8647   3.777456   3.777721 7.4176e-02    12.3308     4.5835 5.0671e-02          0     4.5835     0.0247     0.5070     0.0000     4.6633     0.0000     0.0049     0.0000     0.5063    34.6428    34.6453    26.7031    26.7050     0.0329      1.002      0.363 0.0000e+00
    682.868      16390    361.462 -107.05556   16.97690    359.000     9.8587     9.8593   3.776948   3.777235 7.5227e-02    12.3308     4.5835 5.0671e-02          0     4.5835     0.0250     0.5068     0.0000     4.6629     0.0000     0.0049     0.0000     0.5061    34.6428    34.6451    26.7040    26.7058     0.0337      1.025      0.371 0.0000e+00
    683.587      16407    362.470 -107.05556   16.97690    360.000     9.8517     9.8521   3.776318   3.776564 7.3906e-02    12.3304     4.5839 5.0671e-02          0     4.5839     0.0246     0.5072     0.0000     4.6626     0.0000     0.0049     0.0000     0.5065    34.6426    34.6447    26.7051    26.7067     0.0365      1.112      0.403 0.0000e+00
    684.223      16422    363.477 -107.05556   16.97690    361.000     9.8339     9.8330   3.774562   3.774683 7.4493e-02    12.3304     4.5839 5.0671e-02          0     4.5839     0.0248     0.5073     0.0000     4.6630     0.0000     0.0049     0.0000     0.5066    34.6412    34.6433    26.7070    26.7088     0.0347      1.055      0.382 0.0000e+00
    684.841      16437    364.485 -107.05556   16.97690    362.000     9.8086     9.8085   3.772172   3.772369 7.4481e-02    12.3307     4.5836 5.0671e-02          0     4.5836     0.0248     0.5071     0.0000     4.6635     0.0000     0.0049     0.0000     0.5064    34.6406    34.6427    26.7108    26.7124     0.0336      1.023      0.370 0.0000e+00
