data/ctd-cnv/RR1804/Station32_cast58.cnv
* Sea-Bird SBE 9 Data File:
* FileName = C:\CTD\RR1805\Station32_cast58.hex
* Software Version Seasave V 7.26.6.26
* Temperature SN = 4307
* Conductivity SN = 4650
* Number of Bytes Per Scan = 44
* Number of Voltage Words = 5
* Number of Scans Averaged by the Deck Unit = 1
* NMEA Latitude = 17 02.96 N
* NMEA Longitude = 107 01.04 W
* NMEA UTC (Time) = Apr 20 2018 22:34:17
** Ship: Revell
** Station: On Deck
** Operator: GR
** cast 58 station P2
# nquan = 32
# nvalues = 596                         
# units = specified
# name 0 = timeS: Time, Elapsed [seconds]
# name 1 = scan: Scan Count
# name 2 = prDM: Pressure, Digiquartz [db]
# name 3 = longitude: Longitude [deg]
# name 4 = latitude: Latitude [deg]
# name 5 = depSM: Depth [salt water, m]
# name 6 = t090C: Temperature [ITS-90, deg C]
# name 7 = t190C: Temperature, 2 [ITS-90, deg C]
# name 8 = c0S/m: Conductivity [S/m]
# name 9 = c1S/m: Conductivity, 2 [S/m]
# name 10 = flSP: Fluorescence, Seapoint
# name 11 = CStarAt0: Beam Attenuation, WET Labs C-Star [1/m]
# name 12 = CStarTr0: Beam Transmission, WET Labs C-Star [%]
# name 13 = par: PAR/Irradiance, Biospherical/Licor
# name 14 = modError: Modulo Error Count
# name 15 = v0: Voltage 0
# name 16 = v1: Voltage 1
# name 17 = v2: Voltage 2
# name 18 = v3: Voltage 3
# name 19 = v4: Voltage 4
# name 20 = v5: Voltage 5
# name 21 = v6: Voltage 6
# name 22 = v7: Voltage 7
# name 23 = sbeox0V: Oxygen raw, SBE 43 [V]
# name 24 = sal00: Salinity, Practical [PSU]
# name 25 = sal11: Salinity, Practical, 2 [PSU]
# name 26 = sigma-é00: Density [sigma-theta, kg/m^3]
# name 27 = sigma-é11: Density, 2 [sigma-theta, kg/m^3]
# name 28 = sbeox0Mg/L: Oxygen, SBE 43 [mg/l], WS = 2
# name 29 = sbox0Mm/Kg: Oxygen, SBE 43 [umol/kg], WS = 2
# name 30 = sbeox0PS: Oxygen, SBE 43 [% saturation], WS = 2
# name 31 = flag: flag
# span 0 =     49.176,    848.781       
# span 1 =       1181,      20372       
# span 2 =      7.042,    606.487       
# span 3 = -107.01744, -107.01740       
# span 4 =   17.04940,   17.04946       
# span 5 =      7.000,    602.000       
# span 6 =     6.8764,    26.7468       
# span 7 =     6.8771,    26.7499       
# span 8 =   3.502420,   5.403907       
# span 9 =   3.502655,   5.404412       
# span 10 = 7.1323e-02, 9.4802e-01      
# span 11 =    12.3312,    12.4003      
# span 12 =     4.5046,     4.5831      
# span 13 = 5.0664e-02, 1.3258e+02      
# span 14 =          0,          0      
# span 15 =     4.5046,     4.5831      
# span 16 =     0.0238,     0.3160      
# span 17 =     0.5060,     2.8159      
# span 18 = -7.855e-07,     0.0000      
# span 19 =     3.1028,     4.6047      
# span 20 =     0.0000,     0.0000      
# span 21 =     0.0048,     3.4190      
# span 22 =     0.0000,     0.0000      
# span 23 =     0.5053,     2.8159      
# span 24 =    34.1143,    34.8007      
# span 25 =    34.1126,    34.8014      
# span 26 =    22.3304,    27.0807      
# span 27 =    22.3304,    27.0821      
# span 28 =     0.0324,     6.9440      
# span 29 =      0.985,    212.059      
# span 30 =      0.337,    101.686      
# span 31 = 0.0000e+00, 0.0000e+00      
# interval = meters: 1                  
# start_time = Apr 20 2018 22:34:22 [System UTC, first data scan.]
# bad_flag = -9.990e-29
*END*
[from data line 454]
    670.536      16094    464.277 -107.01742   17.04944    461.000     8.3880     8.3880   3.638022   3.638238 7.4609e-02    12.3349     4.5789 5.0671e-02          0     4.5789     0.0248     0.5071     0.0000     4.5886     0.0000     0.0049     0.0000     0.5064    34.5737    34.5760    26.8878    26.8896     0.0369      1.123      0.393 0.0000e+00
    671.312      16112    465.286 -107.01742   17.04944    462.000     8.3705     8.3698   3.636378   3.636525 7.4797e-02    12.3349     4.5789 5.0671e-02          0     4.5789     0.0249     0.5070     0.0000     4.5886     0.0000     0.0049     0.0000     0.5062    34.5730    34.5753    26.8899    26.8918     0.0338      1.029      0.361 0.0000e+00
    672.093      16131    466.294 -107.01742   17.04944    463.000     8.3574     8.3576   3.635189   3.635423 7.5172e-02    12.3348     4.5790 5.0671e-02          0     4.5790     0.0250     0.5070     0.0000     4.5896     0.0000     0.0049     0.0000     0.5062    34.5727    34.5750    26.8917    26.8934     0.0341      1.039      0.364 0.0000e+00
    672.932      16151    467.302 -107.01742   17.04944    464.000     8.3459     8.3457   3.634101   3.634299 7.4782e-02    12.3348     4.5790 5.0671e-02          0     4.5790     0.0249     0.5069     0.0000     4.5899     0.0000     0.0049     0.0000     0.5061    34.5720    34.5743    26.8928    26.8947     0.0345      1.050      0.367 0.0000e+00
    673.899      16175    468.311 -107.01742   17.04944    465.000     8.3321     8.3330   3.632803   3.633115 7.3760e-02    12.3350     4.5787 5.0671e-02          0     4.5787     0.0246     0.5069     0.0000     4.5904     0.0000     0.0049     0.0000     0.5062    34.5712    34.5737    26.8944    26.8962     0.0365      1.112      0.389 0.0000e+00
    674.991      16201    469.319 -107.01742   17.04944    466.000     8.3170     8.3168   3.631374   3.631567 7.4822e-02    12.3351     4.5786 5.0671e-02          0     4.5786     0.0249     0.5071     0.0000     4.5899     0.0000     0.0049     0.0000     0.5064    34.5705    34.5727    26.8961    26.8979     0.0357      1.086      0.380 0.0000e+00
    676.004      16225    470.327 -107.01742   17.04944    467.000     8.2911     8.2907   3.628957   3.629127 7.4853e-02    12.3346     4.5792 5.0671e-02          0     4.5792     0.0249     0.5072     0.0000     4.5897     0.0000     0.0049     0.0000     0.5064    34.5696    34.5719    26.8994    26.9012     0.0352      1.071      0.375 0.0000e+00
    676.865      16246    471.335 -107.01742   17.04944    468.000     8.2665     8.2663   3.626700   3.626897 7.4376e-02    12.3349     4.5789 5.0671e-02          0     4.5789     0.0248     0.5070     0.0000     4.5895     0.0000     0.0049     0.0000     0.5062    34.5693    34.5716    26.9029    26.9047     0.0353      1.075      0.376 0.0000e+00
    677.662      16265    472.343 -107.01742   17.04944    469.000     8.2541     8.2543   3.625518   3.625770 7.5856e-02    12.3348     4.5791 5.0671e-02          0     4.5791     0.0253     0.5072     0.0000     4.5900     0.0000     0.0049     0.0000     0.5064    34.5685    34.5709    26.9041    26.9060     0.0341      1.037      0.362 0.0000e+00
    678.554      16286    473.352 -107.01742   17.04944    470.000     8.2467     8.2475   3.624847   3.625154 7.5100e-02    12.3348     4.5791 5.0671e-02          0     4.5791     0.0250     0.5068     0.0000     4.5905     0.0000     0.0049     0.0000     0.5060    34.5682    34.5706    26.9050    26.9068     0.0347      1.055      0.369 0.0000e+00
    679.846      16317    474.360 -107.01742   17.04944    471.000     8.2308     8.2306   3.623401   3.623611 7.4495e-02    12.3345     4.5793 5.0671e-02          0     4.5793     0.0248     0.5069     0.0000     4.5908     0.0000     0.0049     0.0000     0.5062    34.5679    34.5703    26.9072    26.9091     0.0341      1.037      0.362 0.0000e+00
    681.374      16354    475.368 -107.01742   17.04944    472.000     8.2223     8.2225   3.622686   3.622940 7.4814e-02    12.3345     4.5793 5.0671e-02          0     4.5793     0.0249     0.5068     0.0000     4.5910     0.0000     0.0049     0.0000     0.5061    34.5681    34.5706    26.9086    26.9106     0.0349      1.063      0.371 0.0000e+00
    682.661      16385    476.377 -107.01742   17.04944    473.000     8.2113     8.2113   3.621738   3.621961 7.5309e-02    12.3344     4.5794 5.0671e-02          0     4.5794     0.0251     0.5068     0.0000     4.5910     0.0000     0.0049     0.0000     0.5061    34.5683    34.5707    26.9105    26.9124     0.0357      1.086      0.379 0.0000e+00
    683.762      16411    477.385 -107.01742   17.04944    474.000     8.2014     8.2022   3.620844   3.621122 7.4421e-02    12.3344     4.5795 5.0671e-02          0     4.5795     0.0248     0.5069     0.0000     4.5909     0.0000     0.0049     0.0000     0.5062    34.5680    34.5703    26.9118    26.9134     0.0346      1.054      0.368 0.0000e+00
    684.756      16435    478.393 -107.01742   17.04944    475.000     8.1887     8.1893   3.619735   3.620016 7.5656e-02    12.3343     4.5795 5.0671e-02          0     4.5795     0.0252     0.5070     0.0000     4.5917     0.0000     0.0049     0.0000     0.5063    34.5682    34.5707    26.9139    26.9157     0.0360      1.095      0.382 0.0000e+00
    685.656      16457    479.402 -107.01742   17.04944    476.000     8.1874     8.1879   3.619680   3.619946 7.4322e-02    12.3346     4.5793 5.0671e-02          0     4.5793     0.0247     0.5069     0.0000     4.5912     0.0000     0.0049     0.0000     0.5062    34.5685    34.5708    26.9143    26.9160     0.0342      1.041      0.363 0.0000e+00
    686.467      16476    480.410 -107.01742   17.04944    477.000     8.1798     8.1797   3.618987   3.619198 7.5079e-02    12.3344     4.5795 5.0671e-02          0     4.5795     0.0250     0.5069     0.0000     4.5910     0.0000     0.0049     0.0000     0.5062    34.5681    34.5704    26.9151    26.9170     0.0358      1.089      0.380 0.0000e+00
    687.250      16495    481.418 -107.01742   17.04944    478.000     8.1598     8.1597   3.617169   3.617397 7.4609e-02    12.3340     4.5799 5.0671e-02          0     4.5799     0.0248     0.5070     0.0000     4.5909     0.0000     0.0049     0.0000     0.5063    34.5679    34.5704    26.9180    26.9199     0.0358      1.090      0.380 0.0000e+00
    688.043      16514    482.427 -107.01742   17.04944    479.000     8.1367     8.1367   3.614996   3.615208 7.5437e-02    12.3339     4.5800 5.0671e-02          0     4.5800     0.0251     0.5069     0.0000     4.5909     0.0000     0.0049     0.0000     0.5062    34.5670    34.5693    26.9208    26.9225     0.0347      1.057      0.368 0.0000e+00
    688.849      16533    483.435 -107.01742   17.04944    480.000     8.1283     8.1289   3.614278   3.614556 7.5010e-02    12.3345     4.5793 5.0671e-02          0     4.5793     0.0250     0.5069     0.0000     4.5911     0.0000     0.0049     0.0000     0.5062    34.5671    34.5695    26.9221    26.9239     0.0336      1.023      0.356 0.0000e+00
    689.744      16555    484.443 -107.01742   17.04944    481.000     8.1274     8.1278   3.614218   3.614478 7.5237e-02    12.3342     4.5797 5.0671e-02          0     4.5797     0.0250     0.5067     0.0000     4.5916     0.0000     0.0049     0.0000     0.5060    34.5668    34.5692    26.9220    26.9239     0.0344      1.048      0.365 0.0000e+00
    690.902      16583    485.452 -107.01742   17.04944    482.000     8.1152     8.1151   3.613069   3.613285 7.4834e-02    12.3341     4.5797 5.0671e-02          0     4.5797     0.0249     0.5069     0.0000     4.5926     0.0000     0.0049     0.0000     0.5062    34.5662    34.5685    26.9234    26.9252     0.0355      1.081      0.377 0.0000e+00
    692.293      16616    486.460 -107.01742   17.04944    483.000     8.0920     8.0916   3.610873   3.611049 7.5742e-02    12.3340     4.5799 5.0671e-02          0     4.5799     0.0252     0.5069     0.0000     4.5926     0.0000     0.0049     0.0000     0.5062    34.5650    34.5673    26.9260    26.9278     0.0358      1.088      0.379 0.0000e+00
    693.508      16645    487.468 -107.01742   17.04944    484.000     8.0577     8.0575   3.607676   3.607864 7.4643e-02    12.3341     4.5798 5.0671e-02          0     4.5798     0.0249     0.5069     0.0000     4.5923     0.0000     0.0049     0.0000     0.5062    34.5641    34.5664    26.9303    26.9322     0.0351      1.067      0.371 0.0000e+00
    694.565      16671    488.477 -107.01742   17.04944    485.000     8.0249     8.0238   3.604543   3.604631 7.5026e-02    12.3339     4.5801 5.0671e-02          0     4.5801     0.0250     0.5068     0.0000     4.5923     0.0000     0.0049     0.0000     0.5061    34.5624    34.5645    26.9340    26.9357     0.0349      1.063      0.369 0.0000e+00
    695.612      16696    489.485 -107.01742   17.04944    486.000     7.9893     7.9898   3.601249   3.601511 7.4566e-02    12.3339     4.5800 5.0671e-02          0     4.5800     0.0248     0.5069     0.0000     4.5924     0.0000     0.0049     0.0000     0.5062    34.5618    34.5641    26.9387    26.9405     0.0348      1.060      0.368 0.0000e+00
    696.670      16721    490.493 -107.01742   17.04944    487.000     7.9851     7.9854   3.600901   3.601147 7.4873e-02    12.3340     4.5799 5.0671e-02          0     4.5799     0.0249     0.5067     0.0000     4.5922     0.0000     0.0049     0.0000     0.5060    34.5617    34.5641    26.9393    26.9412     0.0343      1.044      0.362 0.0000e+00
    697.636      16744    491.502 -107.01742   17.04944    488.000     7.9684     7.9679   3.599337   3.599474 7.5254e-02    12.3339     4.5800 5.0671e-02          0     4.5800     0.0251     0.5069     0.0000     4.5918     0.0000     0.0049     0.0000     0.5062    34.5609    34.5630    26.9412    26.9429     0.0362      1.100      0.382 0.0000e+00
    698.460      16764    492.510 -107.01742   17.04944    489.000     7.9415     7.9419   3.596882   3.597142 7.3703e-02    12.3341     4.5798 5.0671e-02          0     4.5798     0.0245     0.5070     0.0000     4.5915     0.0000     0.0049     0.0000     0.5063    34.5607    34.5631    26.9450    26.9468     0.0347      1.056      0.366 0.0000e+00
    699.197      16782    493.518 -107.01742   17.04944    490.000     7.9378     7.9382   3.596553   3.596805 7.4327e-02    12.3338     4.5801 5.0679e-02          0     4.5801     0.0247     0.5068     0.0000     4.5914     0.0000     0.0050     0.0000     0.5061    34.5604    34.5627    26.9453    26.9471     0.0335      1.019      0.353 0.0000e+00
    699.918      16799    494.527 -107.01742   17.04944    491.000     7.9354     7.9357   3.596364   3.596615 7.3906e-02    12.3342     4.5796 5.0713e-02          0     4.5796     0.0246     0.5068     0.0000     4.5921     0.0000     0.0053     0.0000     0.5061    34.5602    34.5626    26.9455    26.9473     0.0336      1.023      0.355 0.0000e+00
    700.763      16819    495.535 -107.01742   17.04944    492.000     7.9283     7.9284   3.595732   3.595945 7.4557e-02    12.3339     4.5800 5.0672e-02          0     4.5800     0.0248     0.5067     0.0000     4.5923     0.0000     0.0049     0.0000     0.5059    34.5599    34.5621    26.9464    26.9481     0.0342      1.041      0.361 0.0000e+00
    702.490      16861    496.543 -107.01742   17.04944    493.000     7.9216     7.9194   3.595153   3.595194 7.4549e-02    12.3335     4.5804 5.0882e-02          0     4.5804     0.0248     0.5068     0.0000     4.5922     0.0000     0.0067     0.0000     0.5061    34.5599    34.5625    26.9473    26.9497     0.0351      1.069      0.371 0.0000e+00
    704.275      16904    497.552 -107.01742   17.04944    494.000     7.8963     7.8960   3.592779   3.592979 7.5703e-02    12.3338     4.5802 5.0741e-02          0     4.5802     0.0252     0.5069     0.0000     4.5921     0.0000     0.0055     0.0000     0.5062    34.5589    34.5614    26.9503    26.9523     0.0362      1.102      0.382 0.0000e+00
    705.221      16926    498.560 -107.01742   17.04944    495.000     7.8767     7.8771   3.591028   3.591299 7.3809e-02    12.3340     4.5799 5.0668e-02          0     4.5799     0.0246     0.5068     0.0000     4.5910     0.0000     0.0049     0.0000     0.5061    34.5589    34.5614    26.9532    26.9551     0.0353      1.073      0.372 0.0000e+00
    705.971      16944    499.569 -107.01742   17.04944    496.000     7.8747     7.8752   3.590871   3.591144 7.3658e-02    12.3336     4.5803 5.0671e-02          0     4.5803     0.0245     0.5070     0.0000     4.5913     0.0000     0.0049     0.0000     0.5063    34.5588    34.5612    26.9535    26.9553     0.0375      1.140      0.395 0.0000e+00
    706.648      16961    500.577 -107.01742   17.04944    497.000     7.8698     7.8701   3.590446   3.590697 7.3718e-02    12.3337     4.5802 5.0671e-02          0     4.5802     0.0246     0.5071     0.0000     4.5921     0.0000     0.0049     0.0000     0.5064    34.5586    34.5610    26.9540    26.9559     0.0352      1.072      0.371 0.0000e+00
    707.321      16977    501.586 -107.01742   17.04944    498.000     7.8628     7.8633   3.589814   3.590091 7.3718e-02    12.3338     4.5801 5.1229e-02          0     4.5801     0.0245     0.5068     0.0000     4.5921     0.0000     0.0095     0.0000     0.5061    34.5582    34.5607    26.9548    26.9567     0.0340      1.035      0.359 0.0000e+00
    708.035      16994    502.594 -107.01742   17.04944    499.000     7.8553     7.8563   3.589158   3.589460 7.4793e-02    12.3340     4.5799 5.0676e-02          0     4.5799     0.0249     0.5070     0.0000     4.5931     0.0000     0.0049     0.0000     0.5063    34.5581    34.5604    26.9557    26.9575     0.0347      1.057      0.366 0.0000e+00
    708.847      17013    503.602 -107.01742   17.04944    500.000     7.8471     7.8470   3.588407   3.588598 7.5335e-02    12.3335     4.5804 5.0671e-02          0     4.5804     0.0251     0.5068     0.0000     4.5934     0.0000     0.0049     0.0000     0.5061    34.5576    34.5598    26.9566    26.9584     0.0339      1.030      0.356 0.0000e+00
    709.809      17036    504.611 -107.01742   17.04944    501.000     7.8365     7.8364   3.587455   3.587657 7.4941e-02    12.3335     4.5805 5.0671e-02          0     4.5805     0.0250     0.5067     0.0000     4.5933     0.0000     0.0049     0.0000     0.5060    34.5574    34.5597    26.9581    26.9599     0.0353      1.075      0.372 0.0000e+00
    710.945      17064    505.619 -107.01742   17.04944    502.000     7.8305     7.8308   3.586933   3.587183 7.4798e-02    12.3336     4.5803 5.0671e-02          0     4.5803     0.0249     0.5069     0.0000     4.5933     0.0000     0.0049     0.0000     0.5061    34.5572    34.5596    26.9588    26.9606     0.0349      1.061      0.367 0.0000e+00
    712.457      17100    506.628 -107.01742   17.04944    503.000     7.8282     7.8284   3.586762   3.587002 7.4779e-02    12.3332     4.5808 5.0671e-02          0     4.5808     0.0249     0.5069     0.0000     4.5933     0.0000     0.0049     0.0000     0.5062    34.5572    34.5596    26.9592    26.9609     0.0356      1.082      0.375 0.0000e+00
    713.948      17136    507.636 -107.01742   17.04944    504.000     7.8251     7.8257   3.586515   3.586809 7.4479e-02    12.3332     4.5807 5.0705e-02          0     4.5807     0.0248     0.5067     0.0000     4.5934     0.0000     0.0052     0.0000     0.5060    34.5572    34.5597    26.9596    26.9614     0.0345      1.049      0.363 0.0000e+00
