data/ctd-cnv/RR1804/Station32_cast50.cnv
* Sea-Bird SBE 9 Data File:
* FileName = C:\CTD\RR1805\Station32_cast50.hex
* Software Version Seasave V 7.26.6.26
* Temperature SN = 4307
* Conductivity SN = 4650
* Number of Bytes Per Scan = 44
* Number of Voltage Words = 5
* Number of Scans Averaged by the Deck Unit = 1
* NMEA Latitude = 17 00.76 N
* NMEA Longitude = 106 58.83 W
* NMEA UTC (Time) = Apr 19 2018 02:15:57
** Ship: Revell
** Station: 32 (P2)
** Operator: Clara
** cast50
# nquan = 32
# nvalues = 501                         
# units = specified
# name 0 = timeS: Time, Elapsed [seconds]
# name 1 = scan: Scan Count
# name 2 = prDM: Pressure, Digiquartz [db]
# name 3 = longitude: Longitude [deg]
# name 4 = latitude: Latitude [deg]
# name 5 = depSM: Depth [salt water, m]
# name 6 = t090C: Temperature [ITS-90, deg C]
# name 7 = t190C: Temperature, 2 [ITS-90, deg C]
# name 8 = c0S/m: Conductivity [S/m]
# name 9 = c1S/m: Conductivity, 2 [S/m]
# name 10 = flSP: Fluorescence, Seapoint
# name 11 = CStarAt0: Beam Attenuation, WET Labs C-Star [1/m]
# name 12 = CStarTr0: Beam Transmission, WET Labs C-Star [%]
# name 13 = par: PAR/Irradiance, Biospherical/Licor
# name 14 = modError: Modulo Error Count
# name 15 = v0: Voltage 0
# name 16 = v1: Voltage 1
# name 17 = v2: Voltage 2
# name 18 = v3: Voltage 3
# name 19 = v4: Voltage 4
# name 20 = v5: Voltage 5
# name 21 = v6: Voltage 6
# name 22 = v7: Voltage 7
# name 23 = sbeox0V: Oxygen raw, SBE 43 [V]
# name 24 = sal00: Salinity, Practical [PSU]
# name 25 = sal11: Salinity, Practical, 2 [PSU]
# name 26 = sigma-é00: Density [sigma-theta, kg/m^3]
# name 27 = sigma-é11: Density, 2 [sigma-theta, kg/m^3]
# name 28 = sbeox0Mg/L: Oxygen, SBE 43 [mg/l], WS = 2
# name 29 = sbox0Mm/Kg: Oxygen, SBE 43 [umol/kg], WS = 2
# name 30 = sbeox0PS: Oxygen, SBE 43 [% saturation], WS = 2
# name 31 = flag: flag
# span 0 =     62.166,    909.947       
# span 1 =       1493,      21840       
# span 2 =      1.006,    504.610       
# span 3 = -106.98058, -106.98054       
# span 4 =   17.01264,   17.01270       
# span 5 =      1.000,    501.000       
# span 6 =     7.6849,    27.1491       
# span 7 =     7.6807,    27.1465       
# span 8 =   3.572944,   5.429910       
# span 9 =   3.572720,   9.081419       
# span 10 = 7.0582e-02, 1.6369e+00      
# span 11 =    11.5390,    18.3581      
# span 12 =     2.8251,     4.7475      
# span 13 = 1.8564e-02, 2.7327e-01      
# span 14 =          0,          0      
# span 15 =     2.8251,     4.7475      
# span 16 =     0.0235,     0.5456      
# span 17 =     0.5066,     2.8383      
# span 18 = -2.045e-07,     0.0000      
# span 19 =     1.6930,     4.7023      
# span 20 =     0.0000,     0.0000      
# span 21 =    -0.0693,     0.5230      
# span 22 =     0.0000,     0.0000      
# span 23 =     0.5060,     2.8383      
# span 24 =    33.9202,    34.8074      
# span 25 =    25.0860,   108.4164      
# span 26 =    21.8672,    26.9752      
# span 27 =    12.5503,    96.4421      
# span 28 =     0.0337,     6.8672      
# span 29 =      1.025,    209.819      
# span 30 =      0.354,    102.563      
# span 31 = 0.0000e+00, 0.0000e+00      
# interval = meters: 1                  
# start_time = Apr 19 2018 02:16:02 [System UTC, first data scan.]
# bad_flag = -9.990e-29
*END*
[from data line 91]
    382.702       9186     92.571 -106.98056   17.01266     92.000    15.8696    15.8697   4.341580   4.341500 2.4385e-01    12.3427     4.5699 5.0671e-02          0     4.5699     0.0813     0.5744     0.0000     4.6352     0.0000     0.0049     0.0000     0.5736    34.6420    34.6411    25.5052    25.5045     0.2232      6.802      2.785 0.0000e+00
    384.303       9224     93.577 -106.98056   17.01266     93.000    15.8570    15.8570   4.341017   4.340947 2.2120e-01    12.3430     4.5695 5.0671e-02          0     4.5695     0.0737     0.5639     0.0000     4.6182     0.0000     0.0049     0.0000     0.5631    34.6476    34.6469    25.5124    25.5119     0.1992      6.069      2.484 0.0000e+00
    387.340       9297     94.583 -106.98058   17.01266     94.000    15.8582    15.8557   4.341226   4.341164 3.3956e-01    12.3406     4.5722 5.0671e-02          0     4.5722     0.1132     0.5574     0.0000     4.5261     0.0000     0.0049     0.0000     0.5565    34.6479    34.6496    25.5124    25.5143     0.1984      6.046      2.475 0.0000e+00
    390.850       9381     95.590 -106.98056   17.01266     95.000    15.8418    15.8421   4.340922   4.340800 2.0636e-01    12.3391     4.5740 5.0671e-02          0     4.5740     0.0688     0.5476     0.0000     4.5223     0.0000     0.0049     0.0000     0.5467    34.6592    34.6579    25.5248    25.5238     0.1426      4.344      1.778 0.0000e+00
    392.454       9420     96.596 -106.98056   17.01266     96.000    15.8183    15.8177   4.339526   4.339401 2.2101e-01    12.3378     4.5756 5.0671e-02          0     4.5756     0.0737     0.5396     0.0000     4.5784     0.0000     0.0049     0.0000     0.5387    34.6669    34.6663    25.5361    25.5358     0.1206      3.675      1.504 0.0000e+00
    394.194       9462     97.603 -106.98056   17.01266     97.000    15.7891    15.7888   4.337353   4.337253 2.0794e-01    12.3372     4.5762 5.0671e-02          0     4.5762     0.0693     0.5332     0.0000     4.5842     0.0000     0.0049     0.0000     0.5323    34.6727    34.6721    25.5472    25.5468     0.1059      3.229      1.320 0.0000e+00
    395.455       9492     98.610 -106.98056   17.01266     98.000    15.7488    15.7499   4.333806   4.333778 1.9441e-01    12.3373     4.5761 5.0671e-02          0     4.5761     0.0648     0.5302     0.0000     4.6095     0.0000     0.0049     0.0000     0.5293    34.6759    34.6748    25.5588    25.5577     0.0975      2.971      1.214 0.0000e+00
    396.489       9517     99.616 -106.98057   17.01266     99.000    15.7044    15.7036   4.329846   4.329664 1.8733e-01    12.3364     4.5771 5.0671e-02          0     4.5771     0.0625     0.5278     0.0000     4.6022     0.0000     0.0049     0.0000     0.5269    34.6790    34.6782    25.5713    25.5708     0.0929      2.830      1.155 0.0000e+00
    397.859       9550    100.622 -106.98058   17.01266    100.000    15.6844    15.6825   4.328120   4.327859 1.9429e-01    12.3365     4.5770 5.0671e-02          0     4.5770     0.0648     0.5260     0.0000     4.6020     0.0000     0.0049     0.0000     0.5252    34.6808    34.6801    25.5772    25.5770     0.0901      2.745      1.120 0.0000e+00
    404.511       9709    101.629 -106.98057   17.01266    101.000    15.7211    15.7185   4.331394   4.331071 2.1782e-01    12.3357     4.5780 5.0671e-02          0     4.5780     0.0726     0.5248     0.0000     4.6036     0.0000     0.0049     0.0000     0.5240    34.6775    34.6769    25.5664    25.5666     0.0930      2.834      1.157 0.0000e+00
    409.051       9818    102.635 -106.98056   17.01267    102.000    15.5761    15.4588   4.318472   4.308157 2.5350e-01    12.3363     4.5773 5.0670e-02          0     4.5773     0.0845     0.5221     0.0000     4.6067     0.0000     0.0049     0.0000     0.5213    34.6886    34.6992    25.6076    25.6418     0.0810      2.468      1.005 0.0000e+00
    414.509       9949    103.642 -106.98058   17.01268    103.000    15.1728    15.0926   4.280387   4.273045 3.0705e-01    12.3402     4.5727 5.0671e-02          0     4.5727     0.1024     0.5203     0.0000     4.6160     0.0000     0.0049     0.0000     0.5195    34.7005    34.7050    25.7060    25.7273     0.0657      2.003      0.810 0.0000e+00
    417.281      10016    104.648 -106.98056   17.01268    104.000    14.7393    14.7411   4.241951   4.242107 3.6753e-01    12.3490     4.5628 5.0671e-02          0     4.5628     0.1225     0.5157     0.0000     4.6298     0.0000     0.0049     0.0000     0.5148    34.7356    34.7354    25.8284    25.8278     0.0552      1.682      0.674 0.0000e+00
    418.614      10048    105.655 -106.98056   17.01268    105.000    14.5757    14.5756   4.227264   4.227272 4.3396e-01    12.3559     4.5549 5.0671e-02          0     4.5549     0.1447     0.5150     0.0000     4.6219     0.0000     0.0049     0.0000     0.5141    34.7468    34.7469    25.8723    25.8724     0.0553      1.684      0.673 0.0000e+00
    419.530      10070    106.661 -106.98056   17.01268    106.000    14.5622    14.5622   4.226041   4.226035 4.3297e-01    12.3570     4.5536 5.0671e-02          0     4.5536     0.1443     0.5144     0.0000     4.6204     0.0000     0.0049     0.0000     0.5136    34.7472    34.7472    25.8756    25.8756     0.0536      1.632      0.652 0.0000e+00
    420.347      10089    107.668 -106.98056   17.01268    107.000    14.5383    14.5382   4.223942   4.223908 4.4791e-01    12.3588     4.5516 5.0671e-02          0     4.5516     0.1493     0.5144     0.0000     4.6272     0.0000     0.0049     0.0000     0.5136    34.7489    34.7486    25.8821    25.8819     0.0547      1.666      0.665 0.0000e+00
    421.209      10110    108.674 -106.98056   17.01268    108.000    14.4749    14.4718   4.218037   4.217669 4.8353e-01    12.3638     4.5459 5.0671e-02          0     4.5459     0.1612     0.5141     0.0000     4.6315     0.0000     0.0049     0.0000     0.5133    34.7510    34.7504    25.8973    25.8975     0.0539      1.642      0.655 0.0000e+00
    422.284      10136    109.681 -106.98056   17.01268    109.000    14.3164    14.3133   4.203499   4.203200 5.6597e-01    12.3668     4.5424 5.0671e-02          0     4.5424     0.1887     0.5140     0.0000     4.6294     0.0000     0.0049     0.0000     0.5132    34.7587    34.7587    25.9371    25.9377     0.0539      1.641      0.652 0.0000e+00
    423.495      10165    110.687 -106.98056   17.01268    110.000    14.2270    14.2271   4.195501   4.195493 6.1303e-01    12.3691     4.5398 5.0671e-02          0     4.5398     0.2043     0.5137     0.0000     4.6332     0.0000     0.0049     0.0000     0.5129    34.7648    34.7646    25.9608    25.9606     0.0530      1.615      0.641 0.0000e+00
    424.515      10189    111.694 -106.98056   17.01268    111.000    14.1772    14.1771   4.191115   4.191091 6.1480e-01    12.3656     4.5438 5.0671e-02          0     4.5438     0.2049     0.5137     0.0000     4.6285     0.0000     0.0049     0.0000     0.5129    34.7686    34.7685    25.9743    25.9742     0.0545      1.660      0.658 0.0000e+00
    425.401      10211    112.700 -106.98056   17.01268    112.000    14.0995    14.0969   4.183787   4.183351 5.7071e-01    12.3637     4.5460 5.0671e-02          0     4.5460     0.1902     0.5139     0.0000     4.6210     0.0000     0.0049     0.0000     0.5131    34.7702    34.7685    25.9920    25.9912     0.0538      1.639      0.649 0.0000e+00
    426.305      10232    113.707 -106.98056   17.01268    113.000    13.8948    13.8927   4.164724   4.164402 4.1609e-01    12.3575     4.5530 5.0671e-02          0     4.5530     0.1387     0.5135     0.0000     4.6221     0.0000     0.0049     0.0000     0.5127    34.7773    34.7762    26.0404    26.0400     0.0512      1.560      0.615 0.0000e+00
    427.262      10255    114.713 -106.98056   17.01268    114.000    13.8409    13.8410   4.159859   4.159838 3.9321e-01    12.3556     4.5553 5.0671e-02          0     4.5553     0.1311     0.5133     0.0000     4.6339     0.0000     0.0049     0.0000     0.5124    34.7804    34.7801    26.0541    26.0539     0.0500      1.522      0.599 0.0000e+00
    428.232      10279    115.720 -106.98056   17.01268    115.000    13.8243    13.8243   4.158354   4.158320 3.8618e-01    12.3549     4.5560 5.0671e-02          0     4.5560     0.1287     0.5129     0.0000     4.6384     0.0000     0.0049     0.0000     0.5121    34.7809    34.7806    26.0580    26.0578     0.0502      1.527      0.601 0.0000e+00
    429.191      10302    116.727 -106.98056   17.01268    116.000    13.8087    13.8089   4.157017   4.157021 3.7575e-01    12.3544     4.5565 5.0671e-02          0     4.5565     0.1252     0.5128     0.0000     4.6308     0.0000     0.0049     0.0000     0.5120    34.7822    34.7820    26.0622    26.0621     0.0510      1.553      0.611 0.0000e+00
    430.149      10325    117.733 -106.98056   17.01268    117.000    13.7935    13.7938   4.155712   4.155724 3.7504e-01    12.3542     4.5568 5.0665e-02          0     4.5568     0.1250     0.5129     0.0000     4.6335     0.0000     0.0048     0.0000     0.5121    34.7833    34.7831    26.0663    26.0661     0.0515      1.568      0.617 0.0000e+00
    431.131      10348    118.740 -106.98056   17.01268    118.000    13.7614    13.7610   4.152739   4.152671 3.7376e-01    12.3541     4.5569 5.0671e-02          0     4.5569     0.1246     0.5128     0.0000     4.6263     0.0000     0.0049     0.0000     0.5120    34.7842    34.7839    26.0737    26.0735     0.0497      1.514      0.595 0.0000e+00
    432.153      10373    119.746 -106.98056   17.01268    119.000    13.7275    13.7274   4.149690   4.149663 3.5702e-01    12.3534     4.5577 5.0671e-02          0     4.5577     0.1190     0.5127     0.0000     4.6241     0.0000     0.0049     0.0000     0.5119    34.7860    34.7858    26.0822    26.0820     0.0509      1.551      0.609 0.0000e+00
    433.249      10399    120.753 -106.98056   17.01268    120.000    13.7062    13.7055   4.147750   4.147676 3.4516e-01    12.3533     4.5578 5.0671e-02          0     4.5578     0.1150     0.5128     0.0000     4.6232     0.0000     0.0049     0.0000     0.5120    34.7868    34.7867    26.0872    26.0872     0.0513      1.561      0.613 0.0000e+00
    434.582      10431    121.759 -106.98056   17.01268    121.000    13.6199    13.6171   4.139775   4.139521 2.9348e-01    12.3519     4.5594 5.0671e-02          0     4.5594     0.0978     0.5128     0.0000     4.6237     0.0000     0.0049     0.0000     0.5120    34.7899    34.7901    26.1074    26.1082     0.0504      1.536      0.602 0.0000e+00
    435.966      10464    122.766 -106.98056   17.01268    122.000    13.5323    13.5317   4.131751   4.131719 2.5730e-01    12.3508     4.5606 5.0671e-02          0     4.5606     0.0858     0.5125     0.0000     4.6199     0.0000     0.0049     0.0000     0.5117    34.7938    34.7940    26.1285    26.1288     0.0497      1.515      0.593 0.0000e+00
    437.036      10490    123.772 -106.98056   17.01268    123.000    13.5248    13.5253   4.131142   4.131173 2.5610e-01    12.3504     4.5611 5.0671e-02          0     4.5611     0.0854     0.5125     0.0000     4.6379     0.0000     0.0049     0.0000     0.5117    34.7945    34.7944    26.1306    26.1304     0.0482      1.469      0.575 0.0000e+00
    437.909      10511    124.779 -106.98056   17.01268    124.000    13.5039    13.5040   4.129241   4.129231 2.4953e-01    12.3502     4.5614 5.0671e-02          0     4.5614     0.0832     0.5120     0.0000     4.6480     0.0000     0.0049     0.0000     0.5111    34.7952    34.7950    26.1355    26.1353     0.0464      1.412      0.552 0.0000e+00
    438.712      10530    125.786 -106.98056   17.01268    125.000    13.4798    13.4800   4.127076   4.127072 2.2975e-01    12.3495     4.5622 5.0671e-02          0     4.5622     0.0766     0.5121     0.0000     4.6482     0.0000     0.0049     0.0000     0.5112    34.7964    34.7962    26.1414    26.1412     0.0480      1.461      0.571 0.0000e+00
    439.551      10550    126.792 -106.98056   17.01268    126.000    13.4686    13.4691   4.126105   4.126142 2.3502e-01    12.3493     4.5624 5.0671e-02          0     4.5624     0.0783     0.5120     0.0000     4.6508     0.0000     0.0049     0.0000     0.5111    34.7971    34.7969    26.1442    26.1441     0.0481      1.465      0.573 0.0000e+00
    440.487      10573    127.799 -106.98056   17.01268    127.000    13.4517    13.4519   4.124556   4.124541 2.2612e-01    12.3497     4.5620 5.0671e-02          0     4.5620     0.0754     0.5119     0.0000     4.6509     0.0000     0.0049     0.0000     0.5111    34.7974    34.7971    26.1480    26.1477     0.0465      1.416      0.553 0.0000e+00
    441.507      10597    128.805 -106.98056   17.01268    128.000    13.4088    13.4086   4.120595   4.120556 2.0572e-01    12.3487     4.5631 5.0671e-02          0     4.5631     0.0686     0.5118     0.0000     4.6505     0.0000     0.0049     0.0000     0.5109    34.7988    34.7986    26.1578    26.1578     0.0471      1.436      0.561 0.0000e+00
    442.516      10621    129.812 -106.98056   17.01268    129.000    13.3858    13.3858   4.118505   4.118487 1.9860e-01    12.3484     4.5634 5.0671e-02          0     4.5634     0.0662     0.5118     0.0000     4.6440     0.0000     0.0049     0.0000     0.5110    34.7996    34.7994    26.1632    26.1631     0.0483      1.470      0.574 0.0000e+00
    443.437      10643    130.819 -106.98056   17.01268    130.000    13.3429    13.3429   4.114522   4.114503 1.7895e-01    12.3477     4.5642 5.0671e-02          0     4.5642     0.0597     0.5120     0.0000     4.6372     0.0000     0.0049     0.0000     0.5111    34.8008    34.8006    26.1729    26.1727     0.0478      1.456      0.568 0.0000e+00
    444.312      10664    131.825 -106.98056   17.01268    131.000    13.3172    13.3175   4.112121   4.112125 1.7599e-01    12.3491     4.5627 5.0671e-02          0     4.5627     0.0587     0.5118     0.0000     4.6456     0.0000     0.0049     0.0000     0.5109    34.8011    34.8009    26.1784    26.1781     0.0460      1.402      0.546 0.0000e+00
    445.319      10689    132.832 -106.98056   17.01268    132.000    13.2803    13.2797   4.108593   4.108509 1.7021e-01    12.3485     4.5633 5.0671e-02          0     4.5633     0.0567     0.5116     0.0000     4.6510     0.0000     0.0049     0.0000     0.5107    34.8011    34.8009    26.1859    26.1859     0.0465      1.417      0.552 0.0000e+00
    446.758      10723    133.839 -106.98056   17.01268    133.000    13.2302    13.2295   4.103866   4.103801 1.6476e-01    12.3477     4.5642 5.0671e-02          0     4.5642     0.0549     0.5116     0.0000     4.6502     0.0000     0.0049     0.0000     0.5107    34.8017    34.8017    26.1966    26.1967     0.0466      1.419      0.552 0.0000e+00
    448.078      10755    134.845 -106.98056   17.01268    134.000    13.2115    13.2120   4.102193   4.102253 1.5469e-01    12.3479     4.5640 5.0671e-02          0     4.5640     0.0516     0.5116     0.0000     4.6480     0.0000     0.0049     0.0000     0.5107    34.8026    34.8027    26.2011    26.2010     0.0467      1.423      0.553 0.0000e+00
    448.970      10776    135.852 -106.98056   17.01268    135.000    13.2081    13.2087   4.101941   4.102004 1.5332e-01    12.3479     4.5640 5.0671e-02          0     4.5640     0.0511     0.5115     0.0000     4.6457     0.0000     0.0049     0.0000     0.5106    34.8029    34.8030    26.2020    26.2020     0.0459      1.398      0.544 0.0000e+00
