data/ctd-cnv/RR1804/Station32_cast51.cnv
* Sea-Bird SBE 9 Data File:
* FileName = C:\CTD\RR1805\Station32_cast51.hex
* Software Version Seasave V 7.26.6.26
* Temperature SN = 4307
* Conductivity SN = 4650
* Number of Bytes Per Scan = 44
* Number of Voltage Words = 5
* Number of Scans Averaged by the Deck Unit = 1
* NMEA Latitude = 17 01.24 N
* NMEA Longitude = 106 58.79 W
* NMEA UTC (Time) = Apr 19 2018 06:07:15
** Ship: Revell
** Station: 32 (P2)
** Operator: Natalie
** cast51
# nquan = 32
# nvalues = 202                         
# units = specified
# name 0 = timeS: Time, Elapsed [seconds]
# name 1 = scan: Scan Count
# name 2 = prDM: Pressure, Digiquartz [db]
# name 3 = longitude: Longitude [deg]
# name 4 = latitude: Latitude [deg]
# name 5 = depSM: Depth [salt water, m]
# name 6 = t090C: Temperature [ITS-90, deg C]
# name 7 = t190C: Temperature, 2 [ITS-90, deg C]
# name 8 = c0S/m: Conductivity [S/m]
# name 9 = c1S/m: Conductivity, 2 [S/m]
# name 10 = flSP: Fluorescence, Seapoint
# name 11 = CStarAt0: Beam Attenuation, WET Labs C-Star [1/m]
# name 12 = CStarTr0: Beam Transmission, WET Labs C-Star [%]
# name 13 = par: PAR/Irradiance, Biospherical/Licor
# name 14 = modError: Modulo Error Count
# name 15 = v0: Voltage 0
# name 16 = v1: Voltage 1
# name 17 = v2: Voltage 2
# name 18 = v3: Voltage 3
# name 19 = v4: Voltage 4
# name 20 = v5: Voltage 5
# name 21 = v6: Voltage 6
# name 22 = v7: Voltage 7
# name 23 = sbeox0V: Oxygen raw, SBE 43 [V]
# name 24 = sal00: Salinity, Practical [PSU]
# name 25 = sal11: Salinity, Practical, 2 [PSU]
# name 26 = sigma-é00: Density [sigma-theta, kg/m^3]
# name 27 = sigma-é11: Density, 2 [sigma-theta, kg/m^3]
# name 28 = sbeox0Mg/L: Oxygen, SBE 43 [mg/l], WS = 2
# name 29 = sbox0Mm/Kg: Oxygen, SBE 43 [umol/kg], WS = 2
# name 30 = sbeox0PS: Oxygen, SBE 43 [% saturation], WS = 2
# name 31 = flag: flag
# span 0 =     -9.877,    504.058       
# span 1 =       -236,      12098       
# span 2 =      1.006,    203.307       
# span 3 = -106.98002, -106.97994       
# span 4 =   17.02053,   17.02068       
# span 5 =      1.000,    202.000       
# span 6 =    11.8802,    27.0659       
# span 7 =    11.8650,    27.0664       
# span 8 =   3.972954,   5.419763       
# span 9 =   3.971682,   5.420179       
# span 10 = 7.1207e-02, 1.4344e+00      
# span 11 =    12.3353,    12.4600      
# span 12 =     4.4379,     4.5783      
# span 13 = 5.0654e-02, 6.1462e-01      
# span 14 =          0,          0      
# span 15 =     4.4379,     4.5783      
# span 16 =     0.0237,     0.4781      
# span 17 =     0.5082,     2.8320      
# span 18 = -8.490e-07,     0.0000      
# span 19 =     3.7562,     4.7251      
# span 20 =     0.0000,     0.0000      
# span 21 =     0.0048,     1.1310      
# span 22 =     0.0000,     0.0000      
# span 23 =     0.5075,     2.8320      
# span 24 =    34.2304,    34.8033      
# span 25 =    34.2298,    34.8043      
# span 26 =    22.1320,    26.4310      
# span 27 =    22.1323,    26.4349      
# span 28 =     0.0347,     6.8726      
# span 29 =      1.055,    209.980      
# span 30 =      0.399,    102.418      
# span 31 = 0.0000e+00, 0.0000e+00      
# interval = meters: 1                  
# start_time = Apr 19 2018 06:07:20 [System UTC, first data scan.]
# bad_flag = -9.990e-29
*END*
     -9.877       -236      1.006 -106.98000   17.02068      1.000    27.0556    27.0616   5.417075   5.418111 1.1994e-01    12.3671     4.5421 6.1462e-01          0     4.5421     0.0400     2.7405     0.0000     4.5889     0.0000     1.1310     0.0000     2.7405    34.2456    34.2486    22.1320    22.1323     6.4366    196.792     97.980 0.0000e+00
     11.114        268      2.012 -106.98000   17.02068      2.000    27.0630    27.0618   5.418559   5.418861 1.1612e-01    12.3739     4.5344 3.4570e-01          0     4.5344     0.0387     2.7446     0.0000     4.5287     0.0000     0.8220     0.0000     2.7446    34.2504    34.2534    22.1333    22.1360     6.4467    197.099     98.148 0.0000e+00
     16.596        399      3.018 -106.97998   17.02068      3.000    27.0637    27.0647   5.418780   5.419288 1.1546e-01    12.3709     4.5378 2.0589e-01          0     4.5378     0.0385     2.7445     0.0000     4.5495     0.0000     0.5762     0.0000     2.7445    34.2511    34.2541    22.1337    22.1356     6.4514    197.243     98.221 0.0000e+00
     19.770        475      4.024 -106.97998   17.02068      4.000    27.0659    27.0664   5.419164   5.419603 1.1401e-01    12.3685     4.5406 1.3177e-01          0     4.5406     0.0380     2.7436     0.0000     4.5496     0.0000     0.3910     0.0000     2.7436    34.2520    34.2547    22.1337    22.1356     6.4446    197.036     98.122 0.0000e+00
     23.765        571      5.030 -106.97998   17.02068      5.000    27.0630    27.0641   5.418972   5.419517 1.1289e-01    12.3694     4.5396 1.0402e-01          0     4.5396     0.0376     2.7456     0.0000     4.5474     0.0000     0.2924     0.0000     2.7456    34.2524    34.2555    22.1351    22.1370     6.4588    197.471     98.334 0.0000e+00
     26.849        645      6.036 -106.97998   17.02066      6.000    27.0607    27.0619   5.418766   5.419258 1.1900e-01    12.3676     4.5416 9.9704e-02          0     4.5416     0.0397     2.7444     0.0000     4.5463     0.0000     0.2698     0.0000     2.7444    34.2524    34.2550    22.1359    22.1374     6.4484    197.151     98.171 0.0000e+00
     29.605        712      7.042 -106.97998   17.02066      7.000    27.0640    27.0647   5.419256   5.419725 1.1891e-01    12.3677     4.5414 7.7018e-02          0     4.5414     0.0396     2.7433     0.0000     4.5450     0.0000     0.1623     0.0000     2.7433    34.2531    34.2560    22.1354    22.1373     6.4464    197.089     98.146 0.0000e+00
     33.719        810      8.048 -106.97998   17.02066      8.000    27.0641    27.0649   5.419319   5.419762 1.1962e-01    12.3670     4.5423 5.7163e-02          0     4.5423     0.0399     2.7437     0.0000     4.5435     0.0000     0.0498     0.0000     2.7437    34.2532    34.2558    22.1355    22.1372     6.4473    197.116     98.160 0.0000e+00
     36.604        879      9.054 -106.97996   17.02066      9.000    27.0650    27.0651   5.419513   5.419905 1.2493e-01    12.3675     4.5416 5.2722e-02          0     4.5416     0.0416     2.7436     0.0000     4.5424     0.0000     0.0207     0.0000     2.7436    34.2536    34.2563    22.1356    22.1376     6.4553    197.361     98.283 0.0000e+00
     39.689        954     10.060 -106.97996   17.02065     10.000    27.0653    27.0657   5.419763   5.420179 1.2669e-01    12.3678     4.5413 5.1221e-02          0     4.5413     0.0422     2.7409     0.0000     4.5415     0.0000     0.0093     0.0000     2.7409    34.2549    34.2576    22.1365    22.1385     6.4385    196.847     98.029 0.0000e+00
     43.835       1053     11.066 -106.97996   17.02064     11.000    27.0611    27.0608   5.419727   5.420124 1.2780e-01    12.3678     4.5413 5.0767e-02          0     4.5413     0.0426     2.7417     0.0000     4.5402     0.0000     0.0057     0.0000     2.7417    34.2574    34.2605    22.1399    22.1423     6.4485    197.153     98.176 0.0000e+00
     90.190       2166     12.072 -106.97997   17.02061     12.000    27.0559    27.0558   5.419268   5.419548 1.1913e-01    12.3673     4.5419 5.0654e-02          0     4.5419     0.0397     2.7484     0.0000     4.5392     0.0000     0.0048     0.0000     2.7484    34.2577    34.2598    22.1418    22.1434     6.4711    197.843     98.511 0.0000e+00
    165.364       3970     13.078 -106.98002   17.02064     13.000    26.8767    26.8927   5.409988   5.411027 1.4252e-01    12.3723     4.5363 5.0671e-02          0     4.5363     0.0475     2.7626     0.0000     4.5467     0.0000     0.0049     0.0000     2.7627    34.3236    34.3192    22.2485    22.2401     6.5484    200.187     99.430 0.0000e+00
    172.937       4151     14.084 -106.98002   17.02066     14.000    26.6269    26.6509   5.397404   5.398585 1.4953e-01    12.3762     4.5319 5.0671e-02          0     4.5319     0.0498     2.7911     0.0000     4.5475     0.0000     0.0049     0.0000     2.7911    34.4186    34.4092    22.3993    22.3846     6.6547    203.405    100.678 0.0000e+00
    174.529       4190     15.090 -106.98002   17.02066     15.000    26.4707    26.4523   5.391933   5.392229 1.5311e-01    12.3807     4.5267 5.0671e-02          0     4.5267     0.0510     2.7975     0.0000     4.5482     0.0000     0.0049     0.0000     2.7975    34.4956    34.5116    22.5066    22.5244     6.6846    204.299    100.911 0.0000e+00
    176.201       4230     16.096 -106.98002   17.02066     16.000    26.2929    26.2674   5.385735   5.383155 1.7504e-01    12.3843     4.5226 5.0671e-02          0     4.5226     0.0584     2.8082     0.0000     4.5486     0.0000     0.0049     0.0000     2.8082    34.5839    34.5844    22.6290    22.6374     6.7279    205.599    101.315 0.0000e+00
    178.587       4287     17.102 -106.98001   17.02064     17.000    26.1713    26.1965   5.373497   5.375372 1.7967e-01    12.3849     4.5219 5.0671e-02          0     4.5219     0.0599     2.8187     0.0000     4.5497     0.0000     0.0049     0.0000     2.8187    34.5865    34.5811    22.6691    22.6572     6.7678    206.809    101.709 0.0000e+00
    180.555       4334     18.108 -106.98002   17.02065     18.000    26.1780    26.1662   5.374448   5.373463 1.8668e-01    12.3844     4.5225 5.0671e-02          0     4.5225     0.0622     2.8211     0.0000     4.5500     0.0000     0.0049     0.0000     2.8211    34.5881    34.5898    22.6683    22.6733     6.7764    207.071    101.850 0.0000e+00
    182.181       4373     19.114 -106.98002   17.02066     19.000    26.1241    26.1154   5.369596   5.369182 1.7014e-01    12.3855     4.5213 5.0671e-02          0     4.5213     0.0567     2.8251     0.0000     4.5502     0.0000     0.0049     0.0000     2.8251    34.5932    34.5968    22.6891    22.6945     6.7848    207.324    101.888 0.0000e+00
    183.889       4414     20.121 -106.98002   17.02066     20.000    26.0651    26.0576   5.364943   5.364229 1.7741e-01    12.3859     4.5208 5.0671e-02          0     4.5208     0.0591     2.8211     0.0000     4.5506     0.0000     0.0049     0.0000     2.8211    34.6036    34.6041    22.7154    22.7181     6.7755    207.036    101.654 0.0000e+00
    186.555       4478     21.126 -106.98000   17.02066     21.000    26.0369    26.0342   5.362331   5.362281 1.8949e-01    12.3862     4.5205 5.0671e-02          0     4.5205     0.0632     2.8227     0.0000     4.5512     0.0000     0.0049     0.0000     2.8227    34.6056    34.6073    22.7258    22.7279     6.7984    207.732    101.949 0.0000e+00
    189.029       4538     22.133 -106.98000   17.02066     22.000    26.0285    26.0278   5.360559   5.360921 1.8497e-01    12.3862     4.5205 5.0671e-02          0     4.5205     0.0617     2.8221     0.0000     4.5518     0.0000     0.0049     0.0000     2.8221    34.5988    34.6020    22.7233    22.7259     6.7817    207.221    101.680 0.0000e+00
    190.651       4577     23.139 -106.98000   17.02066     23.000    26.0181    26.0277   5.359347   5.360193 1.5348e-01    12.3868     4.5197 5.0671e-02          0     4.5197     0.0512     2.8204     0.0000     4.5521     0.0000     0.0049     0.0000     2.8204    34.5976    34.5964    22.7257    22.7219     6.7955    207.644    101.870 0.0000e+00
    191.956       4608     24.145 -106.98000   17.02066     24.000    25.9543    25.9540   5.355361   5.355396 1.6360e-01    12.3875     4.5190 5.0671e-02          0     4.5190     0.0545     2.8256     0.0000     4.5525     0.0000     0.0049     0.0000     2.8257    34.6165    34.6170    22.7598    22.7604     6.8223    208.455    102.172 0.0000e+00
    194.439       4668     25.151 -106.98000   17.02065     25.000    25.9386    25.9148   5.353739   5.352002 1.7921e-01    12.3880     4.5184 5.0671e-02          0     4.5184     0.0597     2.8281     0.0000     4.5535     0.0000     0.0049     0.0000     2.8281    34.6162    34.6216    22.7646    22.7761     6.8178    208.316    102.077 0.0000e+00
    197.202       4734     26.157 -106.97998   17.02064     26.000    25.8169    25.8145   5.340565   5.340385 1.5949e-01    12.3913     4.5148 5.0671e-02          0     4.5148     0.0531     2.8215     0.0000     4.5544     0.0000     0.0049     0.0000     2.8215    34.6121    34.6125    22.7993    22.8004     6.8130    208.162    101.794 0.0000e+00
    198.323       4761     27.163 -106.97998   17.02064     27.000    25.7124    25.7133   5.326113   5.326313 1.8528e-01    12.3904     4.5158 5.0671e-02          0     4.5158     0.0618     2.8224     0.0000     4.5552     0.0000     0.0049     0.0000     2.8224    34.5855    34.5862    22.8117    22.8119     6.8377    208.914    101.968 0.0000e+00
    200.601       4815     28.169 -106.97998   17.02064     28.000    25.6732    25.6541   5.321176   5.318628 1.9848e-01    12.3902     4.5160 5.0671e-02          0     4.5160     0.0662     2.8320     0.0000     4.5558     0.0000     0.0049     0.0000     2.8320    34.5788    34.5746    22.8188    22.8215     6.8726    209.980    102.418 0.0000e+00
    202.811       4868     29.175 -106.97998   17.02064     29.000    25.6622    25.6641   5.321253   5.321738 1.8908e-01    12.3906     4.5156 5.0671e-02          0     4.5156     0.0630     2.8235     0.0000     4.5567     0.0000     0.0049     0.0000     2.8235    34.5873    34.5895    22.8287    22.8297     6.8320    208.738    101.799 0.0000e+00
    204.750       4915     30.181 -106.97998   17.02064     30.000    25.6655    25.6660   5.322580   5.322793 2.0300e-01    12.3887     4.5177 5.0668e-02          0     4.5177     0.0677     2.8270     0.0000     4.5577     0.0000     0.0049     0.0000     2.8270    34.5943    34.5954    22.8330    22.8337     6.8581    209.534    102.197 0.0000e+00
    206.909       4967     31.188 -106.97998   17.02064     31.000    25.6641    25.6641   5.322502   5.322650 1.9383e-01    12.3900     4.5162 5.0671e-02          0     4.5162     0.0646     2.8277     0.0000     4.5639     0.0000     0.0049     0.0000     2.8277    34.5945    34.5956    22.8336    22.8345     6.8579    209.528    102.192 0.0000e+00
    209.157       5021     32.194 -106.97996   17.02063     32.000    25.6610    25.6609   5.322377   5.322476 2.0368e-01    12.3883     4.5181 5.0671e-02          0     4.5181     0.0679     2.8248     0.0000     4.5673     0.0000     0.0049     0.0000     2.8248    34.5956    34.5964    22.8355    22.8361     6.8453    209.141    101.999 0.0000e+00
    211.349       5073     33.200 -106.97996   17.02062     33.000    25.6574    25.6526   5.322711   5.322320 1.7088e-01    12.3877     4.5188 5.0671e-02          0     4.5188     0.0570     2.8162     0.0000     4.5675     0.0000     0.0049     0.0000     2.8162    34.6004    34.6012    22.8404    22.8424     6.8099    208.062    101.470 0.0000e+00
    212.605       5104     34.206 -106.97996   17.02062     34.000    25.5086    25.5024   5.304653   5.304057 1.6153e-01    12.3864     4.5202 5.0671e-02          0     4.5202     0.0538     2.8149     0.0000     4.5678     0.0000     0.0049     0.0000     2.8150    34.5808    34.5812    22.8714    22.8736     6.8392    208.948    101.638 0.0000e+00
    214.305       5144     35.212 -106.97996   17.02062     35.000    25.3060    25.2922   5.278222   5.276207 1.9101e-01    12.3855     4.5212 5.0671e-02          0     4.5212     0.0637     2.8063     0.0000     4.5696     0.0000     0.0049     0.0000     2.8063    34.5404    34.5360    22.9030    22.9040     6.8291    208.635    101.118 0.0000e+00
    216.945       5208     36.218 -106.97996   17.02062     36.000    25.1386    25.1367   5.254763   5.254620 2.0692e-01    12.3880     4.5185 5.0671e-02          0     4.5185     0.0690     2.7997     0.0000     4.5709     0.0000     0.0049     0.0000     2.7998    34.4947    34.4951    22.9197    22.9206     6.8386    208.921    100.944 0.0000e+00
    220.162       5285     37.225 -106.97996   17.02060     37.000    25.0252    25.0294   5.238642   5.239211 2.0262e-01    12.3919     4.5141 5.0668e-02          0     4.5141     0.0675     2.7833     0.0000     4.5721     0.0000     0.0049     0.0000     2.7833    34.4617    34.4627    22.9292    22.9287     6.7765    207.020     99.816 0.0000e+00
    221.898       5327     38.231 -106.97996   17.02060     38.000    24.8872    24.8716   5.220212   5.218293 1.9961e-01    12.3924     4.5134 5.0671e-02          0     4.5134     0.0665     2.7490     0.0000     4.5719     0.0000     0.0049     0.0000     2.7490    34.4301    34.4278    22.9472    22.9502     6.6420    202.910     97.589 0.0000e+00
    223.614       5368     39.237 -106.97996   17.02060     39.000    24.2954    24.2792   5.149433   5.147741 2.4092e-01    12.3974     4.5078 5.0671e-02          0     4.5078     0.0803     2.6954     0.0000     4.5741     0.0000     0.0049     0.0000     2.6954    34.3551    34.3548    23.0681    23.0727     6.5597    200.371     95.365 0.0000e+00
    225.039       5402     40.243 -106.97996   17.02059     40.000    24.1334    24.1283   5.130503   5.129837 2.3969e-01    12.4005     4.5044 5.0671e-02          0     4.5044     0.0799     2.6679     0.0000     4.5754     0.0000     0.0049     0.0000     2.6679    34.3371    34.3360    23.1026    23.1033     6.5291    199.430     94.646 0.0000e+00
    226.298       5432     41.249 -106.97996   17.02058     41.000    23.9605    23.9543   5.111567   5.110968 2.6325e-01    12.4026     4.5020 5.0671e-02          0     4.5020     0.0878     2.6494     0.0000     4.5764     0.0000     0.0049     0.0000     2.6494    34.3272    34.3275    23.1463    23.1484     6.4815    197.967     93.670 0.0000e+00
    228.778       5492     42.255 -106.97996   17.02058     42.000    23.5856    23.5545   5.073227   5.068745 3.8668e-01    12.4070     4.4970 5.0671e-02          0     4.4970     0.1289     2.6099     0.0000     4.5776     0.0000     0.0049     0.0000     2.6099    34.3263    34.3163    23.2555    23.2570     6.4261    196.256     92.269 0.0000e+00
    232.123       5572     43.262 -106.97996   17.02058     43.000    23.3111    23.3088   5.043305   5.043035 4.2010e-01    12.4178     4.4850 5.0671e-02          0     4.4850     0.1400     2.5823     0.0000     4.5805     0.0000     0.0049     0.0000     2.5823    34.3110    34.3108    23.3240    23.3245     6.3787    194.794     91.143 0.0000e+00
    234.010       5617     44.268 -106.97996   17.02057     44.000    23.1490    23.1591   5.026137   5.027109 4.5162e-01    12.4180     4.4848 5.0671e-02          0     4.4848     0.1505     2.5573     0.0000     4.5819     0.0000     0.0049     0.0000     2.5573    34.3055    34.3050    23.3666    23.3634     6.3137    192.800     89.955 0.0000e+00
    235.714       5658     45.274 -106.97996   17.02056     45.000    23.0560    23.0595   5.016673   5.016858 5.9681e-01    12.4224     4.4798 5.0671e-02          0     4.4798     0.1989     2.5431     0.0000     4.5831     0.0000     0.0049     0.0000     2.5431    34.3051    34.3037    23.3932    23.3911     6.2940    192.194     89.529 0.0000e+00
