data/ctd-cnv/RR1804/Station32_cast48.cnv
* Sea-Bird SBE 9 Data File:
* FileName = C:\CTD\RR1805\Station32_cast48.hex
* Software Version Seasave V 7.26.6.26
* Temperature SN = 4307
* Conductivity SN = 4650
* Number of Bytes Per Scan = 44
* Number of Voltage Words = 5
* Number of Scans Averaged by the Deck Unit = 1
* NMEA Latitude = 16 59.20 N
* NMEA Longitude = 107 04.47 W
* NMEA UTC (Time) = Apr 18 2018 15:03:03
** Ship: Revell
** Station: 32 (P2)
** Operator: Natalie
** cast48
# nquan = 32
# nvalues = 301                         
# units = specified
# name 0 = timeS: Time, Elapsed [seconds]
# name 1 = scan: Scan Count
# name 2 = prDM: Pressure, Digiquartz [db]
# name 3 = longitude: Longitude [deg]
# name 4 = latitude: Latitude [deg]
# name 5 = depSM: Depth [salt water, m]
# name 6 = t090C: Temperature [ITS-90, deg C]
# name 7 = t190C: Temperature, 2 [ITS-90, deg C]
# name 8 = c0S/m: Conductivity [S/m]
# name 9 = c1S/m: Conductivity, 2 [S/m]
# name 10 = flSP: Fluorescence, Seapoint
# name 11 = CStarAt0: Beam Attenuation, WET Labs C-Star [1/m]
# name 12 = CStarTr0: Beam Transmission, WET Labs C-Star [%]
# name 13 = par: PAR/Irradiance, Biospherical/Licor
# name 14 = modError: Modulo Error Count
# name 15 = v0: Voltage 0
# name 16 = v1: Voltage 1
# name 17 = v2: Voltage 2
# name 18 = v3: Voltage 3
# name 19 = v4: Voltage 4
# name 20 = v5: Voltage 5
# name 21 = v6: Voltage 6
# name 22 = v7: Voltage 7
# name 23 = sbeox0V: Oxygen raw, SBE 43 [V]
# name 24 = sal00: Salinity, Practical [PSU]
# name 25 = sal11: Salinity, Practical, 2 [PSU]
# name 26 = sigma-é00: Density [sigma-theta, kg/m^3]
# name 27 = sigma-é11: Density, 2 [sigma-theta, kg/m^3]
# name 28 = sbeox0Mg/L: Oxygen, SBE 43 [mg/l], WS = 2
# name 29 = sbox0Mm/Kg: Oxygen, SBE 43 [umol/kg], WS = 2
# name 30 = sbeox0PS: Oxygen, SBE 43 [% saturation], WS = 2
# name 31 = flag: flag
# span 0 =     24.485,    572.259       
# span 1 =        589,      13735       
# span 2 =      1.006,    303.021       
# span 3 = -107.07450, -107.07448       
# span 4 =   16.98670,   16.98674       
# span 5 =      1.000,    301.000       
# span 6 =    10.6909,    26.9794       
# span 7 =    10.6904,    26.9783       
# span 8 =   3.857361,   5.423603       
# span 9 =   3.857557,   5.420527       
# span 10 = 4.7281e-02, 1.0593e+00      
# span 11 =    12.2303,    13.4416      
# span 12 =     4.4062,     4.5828      
# span 13 = 5.0662e-02, 9.5022e+02      
# span 14 =          0,          0      
# span 15 =     4.4062,     4.5828      
# span 16 =     0.0158,     0.3531      
# span 17 =     0.5067,     2.8265      
# span 18 =     0.0000,     0.0000      
# span 19 =     0.9283,     5.0081      
# span 20 =     0.0000,     0.0000      
# span 21 =     0.0048,     4.1769      
# span 22 =     0.0000,     0.0000      
# span 23 =     0.5058,     2.8265      
# span 24 =    34.1720,    34.8012      
# span 25 =    34.1684,    34.8017      
# span 26 =    22.2098,    26.5965      
# span 27 =    22.1407,    26.5984      
# span 28 =     0.0294,     6.9836      
# span 29 =      0.896,    213.278      
# span 30 =      0.331,    102.070      
# span 31 = 0.0000e+00, 0.0000e+00      
# interval = meters: 1                  
# start_time = Apr 18 2018 15:03:07 [System UTC, first data scan.]
# bad_flag = -9.990e-29
*END*
[from data line 91]
    330.547       7934     92.571 -107.07450   16.98672     92.000    15.9826    15.9863   4.324929   4.325911 5.3386e-01    12.3541     4.5569 6.9694e-01          0     4.5569     0.1780     0.9284     0.0000     4.6322     0.0000     1.1403     0.0000     0.9276    34.3949    34.4005    25.2894    25.2928     1.5114     46.067     18.867 0.0000e+00
    332.500       7981     93.577 -107.07448   16.98672     93.000    16.1197    16.1119   4.353980   4.353393 3.3403e-01    12.3508     4.5607 6.4586e-01          0     4.5607     0.1113     0.8023     0.0000     4.6326     0.0000     1.1071     0.0000     0.8014    34.5338    34.5353    25.3650    25.3680     0.6427     19.587      8.054 0.0000e+00
    333.553       8006     94.584 -107.07448   16.98672     94.000    16.0587    16.0579   4.351382   4.351173 3.2928e-01    12.3490     4.5627 5.9956e-01          0     4.5627     0.1098     0.7329     0.0000     4.6327     0.0000     1.0747     0.0000     0.7320    34.5634    34.5622    25.4017    25.4010     0.5745     17.509      7.192 0.0000e+00
    334.940       8040     95.590 -107.07448   16.98672     95.000    16.0397    16.0385   4.350414   4.350225 3.9367e-01    12.3479     4.5640 5.5995e-01          0     4.5640     0.1312     0.6889     0.0000     4.6334     0.0000     1.0450     0.0000     0.6879    34.5709    34.5702    25.4118    25.4116     0.5481     16.703      6.859 0.0000e+00
    337.012       8089     96.597 -107.07449   16.98672     96.000    15.6928    15.6560   4.317311   4.314717 3.1211e-01    12.3487     4.5631 5.2996e-01          0     4.5631     0.1040     0.6535     0.0000     4.6337     0.0000     1.0212     0.0000     0.6525    34.5780    34.5870    25.4959    25.5111     0.4378     13.343      5.446 0.0000e+00
    339.742       8155     97.603 -107.07450   16.98672     97.000    15.2261    15.2147   4.279255   4.278043 2.2843e-01    12.3426     4.5700 4.8877e-01          0     4.5700     0.0761     0.5883     0.0000     4.6352     0.0000     0.9861     0.0000     0.5874    34.6457    34.6447    25.6523    25.6540     0.2176      6.629      2.680 0.0000e+00
    342.085       8211     98.609 -107.07450   16.98672     98.000    14.9924    14.9869   4.257504   4.256611 2.0104e-01    12.3384     4.5749 4.5048e-01          0     4.5749     0.0670     0.5653     0.0000     4.6373     0.0000     0.9506     0.0000     0.5643    34.6548    34.6515    25.7107    25.7093     0.2078      6.330      2.548 0.0000e+00
    345.955       8304     99.616 -107.07448   16.98672     99.000    14.9261    14.8954   4.250696   4.248139 2.1157e-01    12.3381     4.5752 4.1737e-01          0     4.5752     0.0705     0.5569     0.0000     4.6393     0.0000     0.9177     0.0000     0.5559    34.6512    34.6551    25.7224    25.7322     0.2010      6.125      2.462 0.0000e+00
    348.295       8360    100.622 -107.07448   16.98672    100.000    14.6973    14.6906   4.230826   4.230202 1.7478e-01    12.3378     4.5755 3.9795e-01          0     4.5755     0.0583     0.5473     0.0000     4.6405     0.0000     0.8970     0.0000     0.5463    34.6728    34.6731    25.7888    25.7905     0.1450      4.417      1.768 0.0000e+00
    350.739       8419    101.629 -107.07448   16.98672    101.000    14.6236    14.6243   4.225121   4.225089 1.6220e-01    12.3360     4.5776 3.8282e-01          0     4.5776     0.0541     0.5376     0.0000     4.6425     0.0000     0.8801     0.0000     0.5366    34.6858    34.6849    25.8148    25.8140     0.1242      3.783      1.512 0.0000e+00
    357.308       8576    102.635 -107.07449   16.98672    102.000    14.6410    14.6084   4.227443   4.224526 1.6315e-01    12.3344     4.5795 3.5464e-01          0     4.5795     0.0544     0.5338     0.0000     4.6451     0.0000     0.8469     0.0000     0.5328    34.6912    34.6935    25.8152    25.8241     0.1201      3.659      1.463 0.0000e+00
    361.344       8673    103.642 -107.07448   16.98672    103.000    14.5671    14.5643   4.221313   4.220966 1.5358e-01    12.3321     4.5820 3.2668e-01          0     4.5820     0.0512     0.5292     0.0000     4.6458     0.0000     0.8113     0.0000     0.5282    34.7006    34.6999    25.8384    25.8385     0.0933      2.841      1.134 0.0000e+00
    363.207       8718    104.648 -107.07448   16.98672    104.000    14.5080    14.5069   4.216141   4.215954 1.2883e-01    12.3320     4.5822 3.1289e-01          0     4.5822     0.0429     0.5250     0.0000     4.6463     0.0000     0.7926     0.0000     0.5240    34.7054    34.7047    25.8549    25.8546     0.0821      2.500      0.997 0.0000e+00
    364.319       8745    105.655 -107.07448   16.98672    105.000    14.4761    14.4757   4.213584   4.213481 1.3012e-01    12.3314     4.5828 2.9644e-01          0     4.5828     0.0434     0.5229     0.0000     4.6467     0.0000     0.7692     0.0000     0.5219    34.7101    34.7095    25.8653    25.8650     0.0723      2.202      0.878 0.0000e+00
    365.188       8766    106.661 -107.07448   16.98672    106.000    14.3942    14.3928   4.206223   4.206042 1.2954e-01    12.3326     4.5815 2.8505e-01          0     4.5815     0.0432     0.5204     0.0000     4.6470     0.0000     0.7522     0.0000     0.5194    34.7153    34.7148    25.8869    25.8868     0.0618      1.883      0.750 0.0000e+00
    365.993       8785    107.668 -107.07449   16.98672    107.000    14.3571    14.3563   4.205360   4.205312 2.5083e-01    12.3428     4.5698 2.7292e-01          0     4.5698     0.0836     0.5184     0.0000     4.6472     0.0000     0.7333     0.0000     0.5174    34.7402    34.7404    25.9141    25.9144     0.0561      1.708      0.679 0.0000e+00
    366.781       8804    108.674 -107.07450   16.98673    108.000    14.3081    14.3069   4.201703   4.201479 3.5776e-01    12.3508     4.5606 2.5855e-01          0     4.5606     0.1193     0.5167     0.0000     4.6473     0.0000     0.7098     0.0000     0.5156    34.7500    34.7490    25.9321    25.9316     0.0518      1.577      0.627 0.0000e+00
    367.603       8823    109.681 -107.07450   16.98674    109.000    14.2515    14.2510   4.196362   4.196206 3.9245e-01    12.3529     4.5583 2.4525e-01          0     4.5583     0.1308     0.5154     0.0000     4.6474     0.0000     0.6869     0.0000     0.5143    34.7511    34.7501    25.9450    25.9443     0.0512      1.559      0.619 0.0000e+00
    368.519       8845    110.687 -107.07450   16.98674    110.000    14.2137    14.2137   4.192936   4.192822 4.2585e-01    12.3543     4.5566 2.2751e-01          0     4.5566     0.1420     0.5144     0.0000     4.6476     0.0000     0.6543     0.0000     0.5134    34.7530    34.7520    25.9545    25.9537     0.0515      1.568      0.622 0.0000e+00
    369.634       8872    111.694 -107.07449   16.98673    111.000    14.1782    14.1778   4.189905   4.189779 4.8508e-01    12.3579     4.5526 2.0624e-01          0     4.5526     0.1617     0.5139     0.0000     4.6481     0.0000     0.6117     0.0000     0.5129    34.7564    34.7557    25.9647    25.9642     0.0506      1.540      0.611 0.0000e+00
    371.086       8907    112.700 -107.07448   16.98672    112.000    14.1440    14.1437   4.186759   4.186643 5.1316e-01    12.3632     4.5465 1.8836e-01          0     4.5465     0.1711     0.5130     0.0000     4.6485     0.0000     0.5724     0.0000     0.5120    34.7577    34.7569    25.9729    25.9723     0.0483      1.470      0.582 0.0000e+00
    373.090       8955    113.707 -107.07448   16.98672    113.000    14.1134    14.1123   4.183999   4.183857 5.7147e-01    12.3639     4.5458 1.7006e-01          0     4.5458     0.1905     0.5127     0.0000     4.6492     0.0000     0.5282     0.0000     0.5117    34.7592    34.7589    25.9806    25.9806     0.0486      1.480      0.586 0.0000e+00
    374.759       8995    114.713 -107.07448   16.98672    114.000    14.0618    14.0608   4.179215   4.179035 5.0067e-01    12.3623     4.5476 1.6069e-01          0     4.5476     0.1669     0.5126     0.0000     4.6496     0.0000     0.5037     0.0000     0.5116    34.7609    34.7602    25.9928    25.9925     0.0482      1.467      0.580 0.0000e+00
    375.623       9016    115.720 -107.07448   16.98672    115.000    14.0188    14.0188   4.174962   4.174924 4.7578e-01    12.3583     4.5521 1.4844e-01          0     4.5521     0.1586     0.5124     0.0000     4.6367     0.0000     0.4694     0.0000     0.5114    34.7598    34.7594    26.0010    26.0007     0.0487      1.484      0.586 0.0000e+00
    376.296       9032    116.726 -107.07448   16.98672    116.000    13.9787    13.9773   4.170920   4.170718 4.5861e-01    12.3570     4.5535 1.3602e-01          0     4.5535     0.1529     0.5125     0.0000     4.6501     0.0000     0.4315     0.0000     0.5115    34.7580    34.7573    26.0080    26.0078     0.0490      1.494      0.590 0.0000e+00
    376.874       9046    117.733 -107.07448   16.98672    117.000    13.8999    13.8974   4.163617   4.163468 4.2915e-01    12.3572     4.5534 1.2622e-01          0     4.5534     0.1431     0.5125     0.0000     4.6503     0.0000     0.3990     0.0000     0.5115    34.7608    34.7616    26.0267    26.0279     0.0479      1.459      0.575 0.0000e+00
    377.438       9060    118.740 -107.07448   16.98672    118.000    13.8502    13.8494   4.159672   4.159706 4.0445e-01    12.3562     4.5545 1.1874e-01          0     4.5545     0.1348     0.5123     0.0000     4.6506     0.0000     0.3727     0.0000     0.5113    34.7685    34.7695    26.0431    26.0440     0.0469      1.430      0.563 0.0000e+00
    377.987       9073    119.746 -107.07448   16.98672    119.000    13.8057    13.8044   4.155935   4.155998 3.8010e-01    12.3575     4.5531 1.0853e-01          0     4.5531     0.1267     0.5123     0.0000     4.6508     0.0000     0.3335     0.0000     0.5113    34.7735    34.7753    26.0562    26.0579     0.0464      1.412      0.555 0.0000e+00
    378.529       9086    120.752 -107.07448   16.98672    120.000    13.7588    13.7594   4.151863   4.151979 3.4874e-01    12.3557     4.5551 1.0104e-01          0     4.5551     0.1162     0.5119     0.0000     4.6508     0.0000     0.3028     0.0000     0.5109    34.7775    34.7781    26.0691    26.0694     0.0443      1.351      0.531 0.0000e+00
    379.139       9100    121.759 -107.07448   16.98672    121.000    13.6952    13.6946   4.145931   4.145846 3.3229e-01    12.3540     4.5570 9.7104e-02          0     4.5570     0.1108     0.5117     0.0000     4.6509     0.0000     0.2856     0.0000     0.5107    34.7793    34.7790    26.0837    26.0836     0.0447      1.361      0.535 0.0000e+00
    380.008       9121    122.766 -107.07448   16.98672    122.000    13.6532    13.6523   4.142231   4.142100 3.4718e-01    12.3529     4.5583 9.2355e-02          0     4.5583     0.1157     0.5116     0.0000     4.6517     0.0000     0.2639     0.0000     0.5106    34.7823    34.7819    26.0947    26.0946     0.0447      1.360      0.533 0.0000e+00
    382.214       9174    123.772 -107.07448   16.98672    123.000    13.7330    13.7246   4.149685   4.148930 4.3934e-01    12.3540     4.5570 8.6815e-02          0     4.5570     0.1464     0.5114     0.0000     4.6523     0.0000     0.2372     0.0000     0.5104    34.7792    34.7799    26.0759    26.0781     0.0451      1.374      0.540 0.0000e+00
    384.270       9223    124.779 -107.07448   16.98672    124.000    13.6401    13.6298   4.141122   4.140272 3.2445e-01    12.3526     4.5586 8.1339e-02          0     4.5586     0.1081     0.5115     0.0000     4.6530     0.0000     0.2088     0.0000     0.5105    34.7830    34.7844    26.0980    26.1012     0.0452      1.376      0.540 0.0000e+00
    385.227       9246    125.785 -107.07448   16.98672    125.000    13.5957    13.5959   4.137297   4.137299 2.8760e-01    12.3517     4.5596 7.5006e-02          0     4.5596     0.0959     0.5114     0.0000     4.6533     0.0000     0.1738     0.0000     0.5104    34.7870    34.7868    26.1103    26.1101     0.0440      1.340      0.525 0.0000e+00
    386.083       9267    126.792 -107.07448   16.98672    126.000    13.5837    13.5841   4.136198   4.136229 2.8292e-01    12.3517     4.5596 6.9955e-02          0     4.5596     0.0943     0.5111     0.0000     4.6536     0.0000     0.1439     0.0000     0.5101    34.7872    34.7871    26.1130    26.1128     0.0425      1.296      0.508 0.0000e+00
    386.943       9288    127.799 -107.07448   16.98672    127.000    13.5723    13.5724   4.135167   4.135127 2.8206e-01    12.3511     4.5603 6.5130e-02          0     4.5603     0.0940     0.5110     0.0000     4.6542     0.0000     0.1129     0.0000     0.5100    34.7874    34.7870    26.1155    26.1152     0.0430      1.308      0.513 0.0000e+00
    387.836       9309    128.805 -107.07448   16.98672    128.000    13.5300    13.5293   4.131249   4.131090 2.5965e-01    12.3505     4.5610 6.3047e-02          0     4.5610     0.0865     0.5110     0.0000     4.6547     0.0000     0.0989     0.0000     0.5100    34.7886    34.7878    26.1252    26.1247     0.0451      1.374      0.538 0.0000e+00
    388.699       9330    129.812 -107.07448   16.98672    129.000    13.4539    13.4529   4.123530   4.123361 2.4449e-01    12.3499     4.5616 5.9087e-02          0     4.5616     0.0815     0.5111     0.0000     4.6549     0.0000     0.0710     0.0000     0.5101    34.7849    34.7842    26.1379    26.1376     0.0431      1.313      0.513 0.0000e+00
    389.505       9349    130.818 -107.07448   16.98672    130.000    13.4056    13.4052   4.118396   4.118286 2.4562e-01    12.3504     4.5611 5.8906e-02          0     4.5611     0.0819     0.5109     0.0000     4.6548     0.0000     0.0697     0.0000     0.5099    34.7801    34.7794    26.1441    26.1437     0.0410      1.249      0.488 0.0000e+00
    390.252       9367    131.825 -107.07448   16.98672    131.000    13.3876    13.3880   4.116826   4.116840 2.4046e-01    12.3499     4.5617 5.3854e-02          0     4.5617     0.0802     0.5105     0.0000     4.6556     0.0000     0.0307     0.0000     0.5095    34.7813    34.7811    26.1487    26.1485     0.0403      1.228      0.479 0.0000e+00
    391.064       9387    132.832 -107.07448   16.98672    132.000    13.3834    13.3839   4.116511   4.116563 2.4258e-01    12.3499     4.5617 5.1158e-02          0     4.5617     0.0809     0.5104     0.0000     4.6558     0.0000     0.0089     0.0000     0.5094    34.7817    34.7818    26.1500    26.1499     0.0413      1.258      0.491 0.0000e+00
    392.314       9417    133.838 -107.07448   16.98672    133.000    13.3793    13.3797   4.116232   4.116216 2.7563e-01    12.3499     4.5617 5.0728e-02          0     4.5617     0.0919     0.5104     0.0000     4.6561     0.0000     0.0054     0.0000     0.5094    34.7824    34.7819    26.1513    26.1509     0.0419      1.276      0.498 0.0000e+00
    394.172       9461    134.845 -107.07448   16.98672    134.000    13.3716    13.3719   4.115588   4.115608 2.6156e-01    12.3496     4.5620 5.0669e-02          0     4.5620     0.0872     0.5104     0.0000     4.6572     0.0000     0.0049     0.0000     0.5094    34.7829    34.7829    26.1533    26.1532     0.0416      1.267      0.494 0.0000e+00
    395.278       9488    135.852 -107.07448   16.98672    135.000    13.3671    13.3677   4.115255   4.115346 2.3341e-01    12.3498     4.5619 5.0671e-02          0     4.5619     0.0778     0.5104     0.0000     4.6581     0.0000     0.0049     0.0000     0.5094    34.7835    34.7838    26.1547    26.1548     0.0420      1.279      0.499 0.0000e+00
