data/ctd-cnv/RR1804/Station32_cast47.cnv
* Sea-Bird SBE 9 Data File:
* FileName = C:\CTD\RR1805\Station32_cast47.hex
* Software Version Seasave V 7.26.6.26
* Temperature SN = 4307
* Conductivity SN = 4650
* Number of Bytes Per Scan = 44
* Number of Voltage Words = 5
* Number of Scans Averaged by the Deck Unit = 1
* NMEA Latitude = 16 58.61 N
* NMEA Longitude = 107 03.33 W
* NMEA UTC (Time) = Apr 17 2018 21:04:08
** Ship: Revell
** Station: 32 (P2)
** Operator: Clara
** cast47
# nquan = 32
# nvalues = 402                         
# units = specified
# name 0 = timeS: Time, Elapsed [seconds]
# name 1 = scan: Scan Count
# name 2 = prDM: Pressure, Digiquartz [db]
# name 3 = longitude: Longitude [deg]
# name 4 = latitude: Latitude [deg]
# name 5 = depSMignore: Depth [salt water, m]
# name 6 = t090C: Temperature [ITS-90, deg C]
# name 7 = t190C: Temperature, 2 [ITS-90, deg C]
# name 8 = c0S/m: Conductivity [S/m]
# name 9 = c1S/m: Conductivity, 2 [S/m]
# name 10 = flSP: Fluorescence, Seapoint
# name 11 = CStarAt0: Beam Attenuation, WET Labs C-Star [1/m]
# name 12 = CStarTr0: Beam Transmission, WET Labs C-Star [%]
# name 13 = par: PAR/Irradiance, Biospherical/Licor
# name 14 = modError: Modulo Error Count
# name 15 = v0: Voltage 0
# name 16 = v1: Voltage 1
# name 17 = v2: Voltage 2
# name 18 = v3: Voltage 3
# name 19 = v4: Voltage 4
# name 20 = v5: Voltage 5
# name 21 = v6: Voltage 6
# name 22 = v7: Voltage 7
# name 23 = sbeox0V: Oxygen raw, SBE 43 [V]
# name 24 = sal00: Salinity, Practical [PSU]
# name 25 = sal11: Salinity, Practical, 2 [PSU]
# name 26 = sigma-é00: Density [sigma-theta, kg/m^3]
# name 27 = sigma-é11: Density, 2 [sigma-theta, kg/m^3]
# name 28 = sbeox0Mg/L: Oxygen, SBE 43 [mg/l], WS = 2
# name 29 = sbox0Mm/Kg: Oxygen, SBE 43 [umol/kg], WS = 2
# name 30 = sbeox0PS: Oxygen, SBE 43 [% saturation], WS = 2
# name 31 = flag: flag
# span 0 =     25.149,    779.421       
# span 1 =        605,      18707       
# span 2 =      1.006,    404.798       
# span 3 = -107.05558, -107.05554       
# span 4 =   16.97688,   16.97692       
# span 5 =      1.000,    402.000       
# span 6 =     9.0997,    27.5149       
# span 7 =     9.0915,    27.5144       
# span 8 =   3.704412,   5.469847       
# span 9 =   3.703774,   9.478588       
# span 10 = 3.5612e-02, 1.4235e+00      
# span 11 =    12.3287,    12.4740      
# span 12 =     4.4223,     4.5859      
# span 13 = 5.0621e-02, 1.2251e+03      
# span 14 =          0,          0      
# span 15 =     4.4223,     4.5859      
# span 16 =     0.0119,     0.4745      
# span 17 =     0.5064,     2.7949      
# span 18 =     0.0000,     0.0000      
# span 19 =     1.0565,     4.6664      
# span 20 =     0.0000,     0.0000      
# span 21 =     0.0045,     4.3426      
# span 22 =     0.0000,     0.0000      
# span 23 =     0.5057,     2.7950      
# span 24 =    34.2116,    34.8059      
# span 25 =    19.3394,   114.6373      
# span 26 =    21.9892,    26.8005      
# span 27 =     6.9190,   102.4145      
# span 28 =     0.0308,     7.0016      
# span 29 =      0.937,    214.092      
# span 30 =      0.334,    107.414      
# span 31 = 0.0000e+00, 0.0000e+00      
# interval = meters: 1                  
# start_time = Apr 17 2018 21:04:12 [System UTC, first data scan.]
# bad_flag = -9.990e-29
*END*
[from data line 182]
    503.390      12082    184.176 -107.05558   16.97690    183.000    12.2220    12.2224   4.007316   4.007499 7.2348e-02    12.3418     4.5709 5.0671e-02          0     4.5709     0.0241     0.5091     0.0000     4.5352     0.0000     0.0049     0.0000     0.5082    34.7847    34.7861    26.3839    26.3850     0.0376      1.143      0.436 0.0000e+00
    504.515      12109    185.183 -107.05558   16.97690    184.000    12.2128    12.2129   4.006454   4.006595 7.3123e-02    12.3416     4.5711 5.0671e-02          0     4.5711     0.0244     0.5087     0.0000     4.5339     0.0000     0.0049     0.0000     0.5079    34.7844    34.7857    26.3855    26.3864     0.0368      1.121      0.427 0.0000e+00
    505.902      12143    186.190 -107.05558   16.97690    185.000    12.2036    12.2037   4.005580   4.005719 7.2741e-02    12.3414     4.5714 5.0671e-02          0     4.5714     0.0242     0.5089     0.0000     4.5343     0.0000     0.0049     0.0000     0.5080    34.7840    34.7853    26.3870    26.3880     0.0380      1.156      0.440 0.0000e+00
    507.490      12181    187.196 -107.05557   16.97689    186.000    12.1742    12.1735   4.002450   4.002478 7.2600e-02    12.3416     4.5711 5.0671e-02          0     4.5711     0.0242     0.5089     0.0000     4.5548     0.0000     0.0049     0.0000     0.5081    34.7806    34.7815    26.3900    26.3909     0.0382      1.163      0.443 0.0000e+00
    508.892      12214    188.203 -107.05556   16.97688    187.000    12.1441    12.1430   3.999148   3.999159 7.3143e-02    12.3417     4.5710 5.0671e-02          0     4.5710     0.0244     0.5089     0.0000     4.6477     0.0000     0.0049     0.0000     0.5080    34.7761    34.7773    26.3923    26.3934     0.0374      1.139      0.433 0.0000e+00
    509.928      12239    189.210 -107.05556   16.97688    188.000    12.1171    12.1170   3.996479   3.996607 7.2617e-02    12.3415     4.5712 5.0671e-02          0     4.5712     0.0242     0.5089     0.0000     4.6169     0.0000     0.0049     0.0000     0.5080    34.7748    34.7762    26.3965    26.3976     0.0374      1.139      0.433 0.0000e+00
    510.780      12260    190.217 -107.05556   16.97688    189.000    12.0956    12.0945   3.994287   3.994300 7.3267e-02    12.3416     4.5712 5.0671e-02          0     4.5712     0.0244     0.5088     0.0000     4.5630     0.0000     0.0049     0.0000     0.5080    34.7731    34.7742    26.3994    26.4004     0.0372      1.131      0.430 0.0000e+00
    511.558      12278    191.224 -107.05556   16.97689    190.000    12.0717    12.0700   3.992017   3.991996 7.3260e-02    12.3414     4.5714 5.0671e-02          0     4.5714     0.0244     0.5088     0.0000     4.5645     0.0000     0.0049     0.0000     0.5079    34.7728    34.7742    26.4037    26.4051     0.0368      1.121      0.426 0.0000e+00
    512.314      12297    192.231 -107.05556   16.97690    191.000    12.0576    12.0585   3.990721   3.990944 7.2852e-02    12.3415     4.5713 5.0671e-02          0     4.5713     0.0243     0.5085     0.0000     4.5864     0.0000     0.0049     0.0000     0.5077    34.7729    34.7743    26.4065    26.4074     0.0368      1.120      0.425 0.0000e+00
    513.064      12315    193.238 -107.05556   16.97690    192.000    12.0551    12.0552   3.990547   3.990707 7.2445e-02    12.3408     4.5721 5.0671e-02          0     4.5721     0.0241     0.5089     0.0000     4.5425     0.0000     0.0049     0.0000     0.5080    34.7732    34.7745    26.4072    26.4082     0.0396      1.205      0.458 0.0000e+00
    513.805      12332    194.245 -107.05556   16.97690    193.000    12.0474    12.0472   3.989868   3.989987 7.2043e-02    12.3413     4.5715 5.0671e-02          0     4.5715     0.0240     0.5090     0.0000     4.5500     0.0000     0.0049     0.0000     0.5081    34.7732    34.7746    26.4087    26.4098     0.0384      1.168      0.443 0.0000e+00
    514.560      12350    195.252 -107.05556   16.97690    194.000    12.0138    12.0127   3.986242   3.986205 7.3223e-02    12.3414     4.5714 5.0671e-02          0     4.5714     0.0244     0.5089     0.0000     4.5625     0.0000     0.0049     0.0000     0.5080    34.7688    34.7695    26.4118    26.4125     0.0367      1.118      0.424 0.0000e+00
    515.362      12370    196.259 -107.05556   16.97690    195.000    11.9758    11.9755   3.982304   3.982384 7.2557e-02    12.3414     4.5714 5.0671e-02          0     4.5714     0.0242     0.5086     0.0000     4.6181     0.0000     0.0049     0.0000     0.5078    34.7654    34.7665    26.4163    26.4172     0.0355      1.082      0.410 0.0000e+00
    516.265      12391    197.266 -107.05556   16.97690    196.000    11.9624    11.9631   3.980881   3.981101 7.2311e-02    12.3414     4.5714 5.0671e-02          0     4.5714     0.0241     0.5085     0.0000     4.5570     0.0000     0.0049     0.0000     0.5077    34.7636    34.7651    26.4175    26.4185     0.0360      1.096      0.416 0.0000e+00
    517.334      12417    198.273 -107.05556   16.97690    197.000    11.9578    11.9588   3.980400   3.980673 7.2472e-02    12.3411     4.5718 5.0671e-02          0     4.5718     0.0241     0.5085     0.0000     4.5702     0.0000     0.0049     0.0000     0.5077    34.7628    34.7644    26.4178    26.4189     0.0367      1.116      0.423 0.0000e+00
    518.799      12452    199.279 -107.05556   16.97688    198.000    11.9487    11.9483   3.979430   3.979548 7.2830e-02    12.3411     4.5717 5.0671e-02          0     4.5717     0.0243     0.5085     0.0000     4.6063     0.0000     0.0049     0.0000     0.5076    34.7614    34.7629    26.4184    26.4197     0.0360      1.096      0.415 0.0000e+00
    520.688      12498    200.286 -107.05556   16.97688    199.000    11.9124    11.9106   3.975553   3.975503 7.2691e-02    12.3410     4.5718 5.0671e-02          0     4.5718     0.0242     0.5084     0.0000     4.6380     0.0000     0.0049     0.0000     0.5076    34.7569    34.7580    26.4219    26.4231     0.0369      1.123      0.425 0.0000e+00
    521.976      12528    201.293 -107.05556   16.97689    200.000    11.8751    11.8753   3.971666   3.971866 7.2648e-02    12.3410     4.5719 5.0671e-02          0     4.5719     0.0242     0.5085     0.0000     4.6325     0.0000     0.0049     0.0000     0.5077    34.7533    34.7550    26.4262    26.4275     0.0354      1.078      0.408 0.0000e+00
    522.870      12550    202.300 -107.05556   16.97690    201.000    11.8693    11.8696   3.971095   3.971289 7.1637e-02    12.3406     4.5722 5.0671e-02          0     4.5722     0.0239     0.5082     0.0000     4.6377     0.0000     0.0049     0.0000     0.5073    34.7527    34.7543    26.4268    26.4281     0.0352      1.072      0.405 0.0000e+00
    523.616      12568    203.307 -107.05556   16.97690    202.000    11.8626    11.8628   3.970466   3.970633 7.2755e-02    12.3408     4.5720 5.0671e-02          0     4.5720     0.0242     0.5084     0.0000     4.6309     0.0000     0.0049     0.0000     0.5075    34.7524    34.7538    26.4279    26.4290     0.0380      1.156      0.437 0.0000e+00
    524.293      12584    204.314 -107.05556   16.97690    203.000    11.8534    11.8537   3.969576   3.969749 7.3005e-02    12.3410     4.5718 5.0671e-02          0     4.5718     0.0243     0.5087     0.0000     4.6362     0.0000     0.0049     0.0000     0.5078    34.7518    34.7532    26.4292    26.4302     0.0367      1.119      0.423 0.0000e+00
    524.942      12600    205.321 -107.05556   16.97690    204.000    11.8493    11.8497   3.969241   3.969436 7.2338e-02    12.3408     4.5721 5.0671e-02          0     4.5721     0.0241     0.5081     0.0000     4.5673     0.0000     0.0049     0.0000     0.5072    34.7519    34.7535    26.4301    26.4312     0.0332      1.010      0.382 0.0000e+00
    525.627      12616    206.328 -107.05556   16.97690    205.000    11.8394    11.8397   3.968303   3.968488 7.3047e-02    12.3415     4.5713 5.0671e-02          0     4.5713     0.0243     0.5082     0.0000     4.5410     0.0000     0.0049     0.0000     0.5074    34.7516    34.7531    26.4317    26.4328     0.0365      1.110      0.420 0.0000e+00
    526.432      12635    207.335 -107.05556   16.97690    206.000    11.8291    11.8291   3.967322   3.967474 7.2597e-02    12.3411     4.5718 5.0671e-02          0     4.5718     0.0242     0.5084     0.0000     4.5397     0.0000     0.0049     0.0000     0.5076    34.7511    34.7526    26.4333    26.4345     0.0373      1.136      0.429 0.0000e+00
    527.624      12664    208.342 -107.05556   16.97690    207.000    11.8107    11.8106   3.965593   3.965765 7.2347e-02    12.3405     4.5723 5.0671e-02          0     4.5723     0.0241     0.5082     0.0000     4.5399     0.0000     0.0049     0.0000     0.5073    34.7510    34.7528    26.4367    26.4381     0.0340      1.034      0.391 0.0000e+00
    530.255      12727    209.349 -107.05556   16.97690    208.000    11.8338    11.8096   3.967922   3.965694 7.2463e-02    12.3406     4.5723 5.0671e-02          0     4.5723     0.0241     0.5081     0.0000     4.5463     0.0000     0.0049     0.0000     0.5073    34.7517    34.7526    26.4329    26.4382     0.0359      1.092      0.412 0.0000e+00
    531.815      12765    210.356 -107.05556   16.97690    209.000    11.7927    11.7918   3.963925   3.964037 7.2299e-02    12.3406     4.5723 5.0671e-02          0     4.5723     0.0241     0.5081     0.0000     4.6172     0.0000     0.0049     0.0000     0.5073    34.7505    34.7525    26.4398    26.4415     0.0362      1.101      0.416 0.0000e+00
    532.533      12782    211.363 -107.05556   16.97690    210.000    11.7812    11.7815   3.962810   3.963012 7.0834e-02    12.3404     4.5724 5.0671e-02          0     4.5724     0.0236     0.5084     0.0000     4.5712     0.0000     0.0049     0.0000     0.5076    34.7500    34.7516    26.4416    26.4428     0.0373      1.135      0.428 0.0000e+00
    533.133      12796    212.370 -107.05556   16.97690    211.000    11.7480    11.7472   3.959273   3.959317 7.2435e-02    12.3403     4.5726 5.0671e-02          0     4.5726     0.0241     0.5082     0.0000     4.6283     0.0000     0.0049     0.0000     0.5074    34.7460    34.7471    26.4447    26.4457     0.0366      1.114      0.420 0.0000e+00
    533.692      12810    213.377 -107.05556   16.97690    212.000    11.7059    11.7057   3.954979   3.955179 7.2415e-02    12.3399     4.5730 5.0671e-02          0     4.5730     0.0241     0.5083     0.0000     4.6306     0.0000     0.0049     0.0000     0.5075    34.7427    34.7449    26.4501    26.4518     0.0360      1.098      0.414 0.0000e+00
    534.250      12823    214.384 -107.05556   16.97690    213.000    11.6941    11.6945   3.953847   3.954126 7.0898e-02    12.3397     4.5733 5.0671e-02          0     4.5733     0.0236     0.5085     0.0000     4.6075     0.0000     0.0049     0.0000     0.5077    34.7422    34.7446    26.4520    26.4537     0.0361      1.099      0.414 0.0000e+00
    534.784      12836    215.391 -107.05556   16.97690    214.000    11.6887    11.6892   3.953332   3.953615 7.3102e-02    12.3394     4.5736 5.0671e-02          0     4.5736     0.0243     0.5082     0.0000     4.5837     0.0000     0.0049     0.0000     0.5074    34.7417    34.7441    26.4526    26.4543     0.0354      1.078      0.406 0.0000e+00
    535.317      12849    216.398 -107.05556   16.97690    215.000    11.6869    11.6872   3.953165   3.953435 7.2389e-02    12.3398     4.5732 5.0671e-02          0     4.5732     0.0241     0.5083     0.0000     4.5898     0.0000     0.0049     0.0000     0.5075    34.7414    34.7437    26.4527    26.4544     0.0352      1.071      0.404 0.0000e+00
    535.992      12865    217.405 -107.05556   16.97690    216.000    11.6863    11.6844   3.953190   3.953197 7.2050e-02    12.3400     4.5729 5.0671e-02          0     4.5729     0.0240     0.5081     0.0000     4.5487     0.0000     0.0049     0.0000     0.5073    34.7418    34.7436    26.4531    26.4549     0.0338      1.029      0.388 0.0000e+00
    538.506      12925    218.412 -107.05556   16.97690    217.000    11.6912    11.6883   3.953716   3.953628 7.2150e-02    12.3404     4.5725 5.0671e-02          0     4.5725     0.0240     0.5080     0.0000     4.5433     0.0000     0.0049     0.0000     0.5072    34.7419    34.7438    26.4523    26.4543     0.0358      1.091      0.411 0.0000e+00
    540.122      12964    219.420 -107.05556   16.97690    218.000    11.6709    11.6688   3.951860   3.951864 7.1750e-02    12.3395     4.5735 5.0671e-02          0     4.5735     0.0239     0.5080     0.0000     4.5434     0.0000     0.0049     0.0000     0.5072    34.7422    34.7443    26.4564    26.4584     0.0352      1.073      0.404 0.0000e+00
    540.893      12982    220.427 -107.05556   16.97690    219.000    11.6429    11.6426   3.948951   3.949052 7.2133e-02    12.3394     4.5737 5.0671e-02          0     4.5737     0.0240     0.5081     0.0000     4.5448     0.0000     0.0049     0.0000     0.5073    34.7394    34.7407    26.4595    26.4605     0.0349      1.061      0.399 0.0000e+00
    541.565      12999    221.434 -107.05556   16.97690    220.000    11.6157    11.6163   3.946333   3.946568 7.3076e-02    12.3391     4.5740 5.0671e-02          0     4.5740     0.0243     0.5079     0.0000     4.5905     0.0000     0.0049     0.0000     0.5071    34.7387    34.7405    26.4640    26.4653     0.0342      1.042      0.392 0.0000e+00
    542.249      13015    222.441 -107.05556   16.97690    221.000    11.6099    11.6106   3.945793   3.946041 7.1753e-02    12.3393     4.5738 5.0671e-02          0     4.5738     0.0239     0.5080     0.0000     4.5506     0.0000     0.0049     0.0000     0.5072    34.7385    34.7402    26.4649    26.4662     0.0355      1.082      0.407 0.0000e+00
    543.079      13035    223.448 -107.05556   16.97690    222.000    11.5888    11.5882   3.943782   3.943868 7.2327e-02    12.3393     4.5738 5.0671e-02          0     4.5738     0.0241     0.5080     0.0000     4.5444     0.0000     0.0049     0.0000     0.5072    34.7380    34.7393    26.4685    26.4697     0.0355      1.080      0.406 0.0000e+00
    544.331      13065    224.455 -107.05556   16.97690    223.000    11.5494    11.5495   3.940394   3.940610 7.3143e-02    12.3389     4.5742 5.0671e-02          0     4.5742     0.0244     0.5080     0.0000     4.5722     0.0000     0.0049     0.0000     0.5072    34.7411    34.7432    26.4784    26.4799     0.0347      1.056      0.397 0.0000e+00
    545.894      13102    225.462 -107.05556   16.97689    224.000    11.5492    11.5495   3.940658   3.940894 7.2740e-02    12.3389     4.5743 5.0671e-02          0     4.5743     0.0242     0.5079     0.0000     4.6038     0.0000     0.0049     0.0000     0.5071    34.7435    34.7455    26.4802    26.4818     0.0351      1.068      0.401 0.0000e+00
    547.181      13133    226.469 -107.05556   16.97688    225.000    11.5510    11.5514   3.941026   3.941271 7.2984e-02    12.3388     4.5744 5.0671e-02          0     4.5744     0.0243     0.5079     0.0000     4.5996     0.0000     0.0049     0.0000     0.5071    34.7450    34.7470    26.4811    26.4826     0.0346      1.054      0.396 0.0000e+00
    548.183      13157    227.476 -107.05556   16.97690    226.000    11.5507    11.5511   3.941204   3.941452 7.2617e-02    12.3386     4.5746 5.0671e-02          0     4.5746     0.0242     0.5079     0.0000     4.6323     0.0000     0.0049     0.0000     0.5071    34.7466    34.7486    26.4824    26.4839     0.0349      1.061      0.399 0.0000e+00
