notebooks/python-ctd/RR18_Station33_P2_cast63.cnv
* Sea-Bird SBE 9 Data File:
* FileName = C:\CTD\RR1805\Station33_cast63.hex
* Software Version Seasave V 7.26.6.26
* Temperature SN = 4307
* Conductivity SN = 4650
* Number of Bytes Per Scan = 44
* Number of Voltage Words = 5
* Number of Scans Averaged by the Deck Unit = 1
* NMEA Latitude = 20 15.81 N
* NMEA Longitude = 106 04.40 W
* NMEA UTC (Time) = Apr 23 2018 14:00:59
** Ship: Revell
** Station: On Deck
** Operator: GR
** Station 33 P1 Cast 63
# nquan = 32
# nvalues = 1491                        
# units = specified
# name 0 = timeS: Time, Elapsed [seconds]
# name 1 = scan: Scan Count
# name 2 = prDM: Pressure, Digiquartz [db]
# name 3 = longitude: Longitude [deg]
# name 4 = latitude: Latitude [deg]
# name 5 = depSMignore: Depth [salt water, m]
# name 6 = t090C: Temperature [ITS-90, deg C]
# name 7 = t190C: Temperature, 2 [ITS-90, deg C]
# name 8 = c0S/m: Conductivity [S/m]
# name 9 = c1S/m: Conductivity, 2 [S/m]
# name 10 = flSP: Fluorescence, Seapoint
# name 11 = CStarAt0: Beam Attenuation, WET Labs C-Star [1/m]
# name 12 = CStarTr0: Beam Transmission, WET Labs C-Star [%]
# name 13 = par: PAR/Irradiance, Biospherical/Licor
# name 14 = modError: Modulo Error Count
# name 15 = v0: Voltage 0
# name 16 = v1: Voltage 1
# name 17 = v2: Voltage 2
# name 18 = v3: Voltage 3
# name 19 = v4: Voltage 4
# name 20 = v5: Voltage 5
# name 21 = v6: Voltage 6
# name 22 = v7: Voltage 7
# name 23 = sbeox0V: Oxygen raw, SBE 43 [V]
# name 24 = sal00: Salinity, Practical [PSU]
# name 25 = sal11: Salinity, Practical, 2 [PSU]
# name 26 = sigma-é00: Density [sigma-theta, kg/m^3]
# name 27 = sigma-é11: Density, 2 [sigma-theta, kg/m^3]
# name 28 = sbeox0Mg/L: Oxygen, SBE 43 [mg/l], WS = 2
# name 29 = sbox0Mm/Kg: Oxygen, SBE 43 [umol/kg], WS = 2
# name 30 = sbeox0PS: Oxygen, SBE 43 [% saturation], WS = 2
# name 31 = flag: flag
# span 0 =     48.916,   1743.362       
# span 1 =       1175,      41842       
# span 2 =     11.068,   1515.740       
# span 3 = -106.07344, -106.07340       
# span 4 =   20.26356,   20.26362       
# span 5 =     11.000,   1501.000       
# span 6 =     3.1123,    24.8934       
# span 7 =     3.1114,    24.8823       
# span 8 =   3.209081,   5.247989       
# span 9 =   3.209121,   5.246879       
# span 10 = 6.9595e-02, 2.3735e+00      
# span 11 =    12.3326,    12.6171      
# span 12 =     4.2670,     4.5815      
# span 13 = 5.0652e-02, 7.3384e+01      
# span 14 =          0,          0      
# span 15 =     4.2670,     4.5815      
# span 16 =     0.0232,     0.7912      
# span 17 =     0.5062,     2.7239      
# span 18 =     0.0000,     0.0000      
# span 19 =     2.5228,     4.6963      
# span 20 =     0.0000,     0.0000      
# span 21 =     0.0047,     3.1615      
# span 22 =     0.0000,     0.0000      
# span 23 =     0.5060,     2.7239      
# span 24 =    34.4706,    34.8287      
# span 25 =    34.4702,    34.8303      
# span 26 =    23.1018,    27.5611      
# span 27 =    23.1054,    27.5623      
# span 28 =     0.0340,     6.6641      
# span 29 =      1.034,    203.520      
# span 30 =      0.356,     97.302      
# span 31 = 0.0000e+00, 0.0000e+00      
# interval = meters: 1                  
# start_time = Apr 23 2018 14:01:00 [System UTC, first data scan.]
# bad_flag = -9.990e-29
*END*
[from data line 272]
    457.646      10984    284.940 -106.07342   20.26360    283.000    11.2632    11.2633   3.915701   3.915968 7.4629e-02    12.3516     4.5597 5.0671e-02          0     4.5597     0.0248     0.5079     0.0000     4.6129     0.0000     0.0049     0.0000     0.5076    34.7396    34.7421    26.5313    26.5333     0.0376      1.143      0.427 0.0000e+00
    458.911      11015    285.947 -106.07342   20.26360    284.000    11.2553    11.2550   3.914941   3.915172 7.4856e-02    12.3511     4.5603 5.0671e-02          0     4.5603     0.0249     0.5079     0.0000     4.6129     0.0000     0.0049     0.0000     0.5076    34.7391    34.7416    26.5324    26.5344     0.0372      1.133      0.423 0.0000e+00
    460.192      11046    286.955 -106.07342   20.26360    285.000    11.2427    11.2429   3.913694   3.913984 7.6143e-02    12.3524     4.5589 5.0671e-02          0     4.5589     0.0254     0.5079     0.0000     4.6129     0.0000     0.0049     0.0000     0.5076    34.7382    34.7408    26.5340    26.5360     0.0374      1.138      0.425 0.0000e+00
    461.274      11072    287.963 -106.07342   20.26360    286.000    11.2314    11.2317   3.912634   3.912917 7.5701e-02    12.3527     4.5584 5.0671e-02          0     4.5584     0.0252     0.5079     0.0000     4.6119     0.0000     0.0049     0.0000     0.5076    34.7379    34.7403    26.5359    26.5377     0.0374      1.138      0.425 0.0000e+00
    462.167      11093    288.970 -106.07342   20.26360    287.000    11.2260    11.2261   3.912124   3.912379 7.5959e-02    12.3502     4.5614 5.0671e-02          0     4.5614     0.0253     0.5079     0.0000     4.6135     0.0000     0.0049     0.0000     0.5076    34.7374    34.7398    26.5365    26.5384     0.0374      1.139      0.425 0.0000e+00
    462.936      11111    289.978 -106.07342   20.26360    288.000    11.2133    11.2136   3.910915   3.911188 7.7832e-02    12.3512     4.5601 5.0671e-02          0     4.5601     0.0259     0.5079     0.0000     4.6163     0.0000     0.0049     0.0000     0.5076    34.7369    34.7394    26.5385    26.5404     0.0374      1.139      0.425 0.0000e+00
    463.663      11129    290.985 -106.07342   20.26360    289.000    11.2067    11.2071   3.910301   3.910561 7.5626e-02    12.3498     4.5618 5.0671e-02          0     4.5618     0.0252     0.5079     0.0000     4.6163     0.0000     0.0049     0.0000     0.5076    34.7366    34.7388    26.5394    26.5411     0.0374      1.139      0.425 0.0000e+00
    464.388      11146    291.993 -106.07342   20.26360    290.000    11.1942    11.1941   3.909056   3.909291 7.5309e-02    12.3498     4.5619 5.0671e-02          0     4.5619     0.0251     0.5079     0.0000     4.6106     0.0000     0.0049     0.0000     0.5076    34.7356    34.7380    26.5410    26.5429     0.0374      1.140      0.425 0.0000e+00
    465.144      11164    293.000 -106.07342   20.26360    291.000    11.1681    11.1678   3.906495   3.906680 7.5658e-02    12.3494     4.5623 5.0671e-02          0     4.5623     0.0252     0.5079     0.0000     4.6101     0.0000     0.0049     0.0000     0.5076    34.7343    34.7365    26.5448    26.5465     0.0380      1.156      0.431 0.0000e+00
    465.989      11185    294.008 -106.07342   20.26360    292.000    11.1409    11.1403   3.903743   3.903928 7.4749e-02    12.3499     4.5617 5.0671e-02          0     4.5617     0.0249     0.5080     0.0000     4.6105     0.0000     0.0049     0.0000     0.5077    34.7322    34.7346    26.5481    26.5500     0.0380      1.158      0.431 0.0000e+00
    467.124      11212    295.016 -106.07342   20.26360    293.000    11.0963    11.0960   3.899291   3.899505 7.4870e-02    12.3494     4.5623 5.0671e-02          0     4.5623     0.0249     0.5079     0.0000     4.6107     0.0000     0.0049     0.0000     0.5076    34.7296    34.7320    26.5541    26.5560     0.0374      1.138      0.423 0.0000e+00
    468.883      11254    296.023 -106.07342   20.26360    294.000    11.0775    11.0781   3.897401   3.897735 7.5014e-02    12.3481     4.5638 5.0671e-02          0     4.5638     0.0250     0.5079     0.0000     4.6113     0.0000     0.0049     0.0000     0.5076    34.7281    34.7308    26.5564    26.5584     0.0376      1.144      0.425 0.0000e+00
    470.445      11292    297.031 -106.07342   20.26360    295.000    11.0742    11.0745   3.897124   3.897396 7.5828e-02    12.3480     4.5639 5.0671e-02          0     4.5639     0.0252     0.5079     0.0000     4.6117     0.0000     0.0049     0.0000     0.5076    34.7279    34.7304    26.5569    26.5588     0.0376      1.144      0.425 0.0000e+00
    471.490      11317    298.038 -106.07342   20.26360    296.000    11.0659    11.0664   3.896331   3.896632 7.5876e-02    12.3486     4.5632 5.0671e-02          0     4.5632     0.0253     0.5079     0.0000     4.6116     0.0000     0.0049     0.0000     0.5076    34.7275    34.7300    26.5581    26.5600     0.0376      1.144      0.425 0.0000e+00
    472.401      11339    299.046 -106.07342   20.26360    297.000    11.0612    11.0617   3.895896   3.896187 7.4799e-02    12.3469     4.5651 5.0671e-02          0     4.5651     0.0249     0.5079     0.0000     4.6123     0.0000     0.0049     0.0000     0.5076    34.7271    34.7296    26.5587    26.5605     0.0376      1.144      0.425 0.0000e+00
    473.342      11361    300.054 -106.07342   20.26360    298.000    11.0384    11.0382   3.893598   3.893832 8.9366e-02    12.3474     4.5646 5.0671e-02          0     4.5646     0.0298     0.5079     0.0000     4.6134     0.0000     0.0049     0.0000     0.5076    34.7254    34.7278    26.5614    26.5634     0.0376      1.145      0.425 0.0000e+00
    474.371      11386    301.061 -106.07342   20.26360    299.000    11.0222    11.0223   3.892013   3.892269 7.4081e-02    12.3472     4.5648 5.0671e-02          0     4.5648     0.0247     0.5079     0.0000     4.5889     0.0000     0.0049     0.0000     0.5076    34.7244    34.7269    26.5637    26.5655     0.0376      1.146      0.426 0.0000e+00
    475.324      11409    302.069 -106.07342   20.26360    300.000    11.0124    11.0127   3.891068   3.891343 1.0070e-01    12.3481     4.5637 5.0671e-02          0     4.5637     0.0336     0.5079     0.0000     4.5071     0.0000     0.0049     0.0000     0.5076    34.7238    34.7263    26.5649    26.5668     0.0376      1.146      0.426 0.0000e+00
    476.129      11428    303.077 -106.07342   20.26360    301.000    11.0031    11.0036   3.890203   3.890508 7.4050e-02    12.3481     4.5638 5.0671e-02          0     4.5638     0.0247     0.5079     0.0000     4.5366     0.0000     0.0049     0.0000     0.5076    34.7236    34.7261    26.5665    26.5683     0.0377      1.147      0.426 0.0000e+00
    476.813      11445    304.084 -106.07342   20.26360    302.000    10.9954    10.9955   3.889528   3.889797 7.4765e-02    12.3477     4.5643 5.0671e-02          0     4.5643     0.0249     0.5079     0.0000     4.6072     0.0000     0.0049     0.0000     0.5076    34.7236    34.7262    26.5679    26.5699     0.0374      1.137      0.422 0.0000e+00
    477.461      11460    305.092 -106.07342   20.26360    303.000    10.9894    10.9896   3.889013   3.889292 7.5706e-02    12.3476     4.5643 5.0671e-02          0     4.5643     0.0252     0.5078     0.0000     4.5089     0.0000     0.0049     0.0000     0.5075    34.7237    34.7263    26.5691    26.5710     0.0372      1.134      0.421 0.0000e+00
    478.119      11476    306.100 -106.07342   20.26360    304.000    10.9715    10.9716   3.887216   3.887447 7.6698e-02    12.3471     4.5649 5.0671e-02          0     4.5649     0.0255     0.5079     0.0000     4.5078     0.0000     0.0049     0.0000     0.5076    34.7223    34.7245    26.5712    26.5729     0.0380      1.155      0.429 0.0000e+00
    478.906      11495    307.107 -106.07342   20.26360    305.000    10.9386    10.9382   3.883871   3.884073 7.5475e-02    12.3474     4.5645 5.0671e-02          0     4.5645     0.0251     0.5079     0.0000     4.5090     0.0000     0.0049     0.0000     0.5076    34.7196    34.7219    26.5750    26.5769     0.0379      1.153      0.427 0.0000e+00
    480.259      11527    308.115 -106.07342   20.26360    306.000    10.9108    10.9118   3.881135   3.881523 7.5905e-02    12.3474     4.5645 5.0671e-02          0     4.5645     0.0253     0.5079     0.0000     4.5093     0.0000     0.0049     0.0000     0.5076    34.7181    34.7210    26.5789    26.5810     0.0378      1.150      0.426 0.0000e+00
    482.071      11571    309.123 -106.07342   20.26360    307.000    10.8909    10.8917   3.879169   3.879525 7.6258e-02    12.3486     4.5632 5.0671e-02          0     4.5632     0.0254     0.5079     0.0000     4.5092     0.0000     0.0049     0.0000     0.5076    34.7168    34.7196    26.5815    26.5835     0.0378      1.150      0.426 0.0000e+00
    483.437      11603    310.130 -106.07342   20.26360    308.000    10.8694    10.8692   3.877040   3.877275 7.5824e-02    12.3473     4.5646 5.0671e-02          0     4.5646     0.0252     0.5079     0.0000     4.5096     0.0000     0.0049     0.0000     0.5076    34.7154    34.7180    26.5843    26.5863     0.0377      1.146      0.424 0.0000e+00
    484.640      11632    311.138 -106.07342   20.26360    309.000    10.8532    10.8532   3.875482   3.875727 7.5426e-02    12.3505     4.5610 5.0671e-02          0     4.5610     0.0251     0.5079     0.0000     4.5418     0.0000     0.0049     0.0000     0.5076    34.7147    34.7171    26.5866    26.5885     0.0376      1.145      0.424 0.0000e+00
    485.681      11657    312.145 -106.07342   20.26360    310.000    10.8492    10.8497   3.875131   3.875428 7.5168e-02    12.3488     4.5629 5.0671e-02          0     4.5629     0.0250     0.5079     0.0000     4.5651     0.0000     0.0049     0.0000     0.5076    34.7146    34.7171    26.5873    26.5891     0.0378      1.151      0.426 0.0000e+00
    486.562      11678    313.153 -106.07342   20.26360    311.000    10.8450    10.8451   3.874740   3.875006 7.6007e-02    12.3470     4.5650 5.0671e-02          0     4.5650     0.0253     0.5078     0.0000     4.5498     0.0000     0.0049     0.0000     0.5075    34.7142    34.7167    26.5878    26.5897     0.0376      1.145      0.424 0.0000e+00
    487.342      11697    314.161 -106.07344   20.26360    312.000    10.8399    10.8407   3.874264   3.874617 7.6280e-02    12.3481     4.5638 5.0671e-02          0     4.5638     0.0254     0.5079     0.0000     4.5093     0.0000     0.0049     0.0000     0.5076    34.7138    34.7165    26.5883    26.5903     0.0382      1.163      0.430 0.0000e+00
    488.080      11715    315.169 -106.07344   20.26362    313.000    10.8295    10.8300   3.873262   3.873543 7.5688e-02    12.3471     4.5649 5.0671e-02          0     4.5649     0.0252     0.5079     0.0000     4.5670     0.0000     0.0049     0.0000     0.5076    34.7132    34.7155    26.5898    26.5915     0.0379      1.153      0.426 0.0000e+00
    488.808      11732    316.176 -106.07344   20.26362    314.000    10.8254    10.8250   3.872915   3.873129 7.6511e-02    12.3476     4.5644 5.0671e-02          0     4.5644     0.0255     0.5079     0.0000     4.5660     0.0000     0.0049     0.0000     0.5076    34.7131    34.7157    26.5905    26.5925     0.0379      1.153      0.427 0.0000e+00
    489.564      11751    317.184 -106.07344   20.26362    315.000    10.8226    10.8228   3.872688   3.872950 7.5088e-02    12.3474     4.5645 5.0671e-02          0     4.5645     0.0250     0.5079     0.0000     4.5959     0.0000     0.0049     0.0000     0.5076    34.7131    34.7154    26.5909    26.5927     0.0379      1.153      0.427 0.0000e+00
    490.413      11771    318.192 -106.07344   20.26362    316.000    10.8159    10.8161   3.872053   3.872306 7.5647e-02    12.3484     4.5634 5.0671e-02          0     4.5634     0.0252     0.5079     0.0000     4.6157     0.0000     0.0049     0.0000     0.5076    34.7126    34.7149    26.5918    26.5936     0.0379      1.154      0.427 0.0000e+00
    491.410      11795    319.199 -106.07344   20.26362    317.000    10.8067    10.8069   3.871171   3.871430 7.4695e-02    12.3483     4.5635 5.0671e-02          0     4.5635     0.0249     0.5079     0.0000     4.6178     0.0000     0.0049     0.0000     0.5076    34.7121    34.7145    26.5930    26.5949     0.0378      1.150      0.425 0.0000e+00
    492.528      11822    320.207 -106.07344   20.26361    318.000    10.7981    10.7984   3.870351   3.870626 7.4751e-02    12.3489     4.5628 5.0671e-02          0     4.5628     0.0249     0.5079     0.0000     4.6184     0.0000     0.0049     0.0000     0.5076    34.7115    34.7140    26.5942    26.5961     0.0375      1.140      0.422 0.0000e+00
    493.823      11853    321.215 -106.07344   20.26360    319.000    10.7938    10.7946   3.869980   3.870301 7.5189e-02    12.3468     4.5652 5.0812e-02          0     4.5652     0.0250     0.5079     0.0000     2.5228     0.0000     0.0061     0.0000     0.5076    34.7114    34.7139    26.5949    26.5966     0.0381      1.160      0.429 0.0000e+00
    495.281      11888    322.222 -106.07344   20.26360    320.000    10.7871    10.7886   3.869326   3.869715 7.6038e-02    12.3473     4.5646 5.0666e-02          0     4.5646     0.0253     0.5079     0.0000     4.6963     0.0000     0.0049     0.0000     0.5076    34.7108    34.7133    26.5956    26.5973     0.0379      1.155      0.427 0.0000e+00
    496.523      11918    323.230 -106.07344   20.26360    321.000    10.7800    10.7802   3.868662   3.868930 7.5466e-02    12.3500     4.5616 5.0671e-02          0     4.5616     0.0251     0.5079     0.0000     4.6167     0.0000     0.0049     0.0000     0.5076    34.7104    34.7129    26.5966    26.5985     0.0378      1.149      0.425 0.0000e+00
    497.528      11942    324.238 -106.07344   20.26360    322.000    10.7745    10.7742   3.868175   3.868396 7.5592e-02    12.3465     4.5656 5.0671e-02          0     4.5656     0.0252     0.5078     0.0000     4.6167     0.0000     0.0049     0.0000     0.5075    34.7103    34.7128    26.5975    26.5995     0.0377      1.149      0.424 0.0000e+00
    498.444      11964    325.246 -106.07344   20.26360    323.000    10.7587    10.7593   3.866647   3.866946 7.6065e-02    12.3472     4.5648 5.0671e-02          0     4.5648     0.0253     0.5079     0.0000     4.6167     0.0000     0.0049     0.0000     0.5076    34.7095    34.7119    26.5997    26.6015     0.0379      1.155      0.426 0.0000e+00
    499.348      11985    326.254 -106.07344   20.26360    324.000    10.7418    10.7417   3.865012   3.865236 7.5096e-02    12.3478     4.5640 5.0671e-02          0     4.5640     0.0250     0.5078     0.0000     4.6150     0.0000     0.0049     0.0000     0.5075    34.7087    34.7110    26.6021    26.6039     0.0382      1.164      0.430 0.0000e+00
    500.275      12008    327.261 -106.07344   20.26362    325.000    10.7190    10.7191   3.862826   3.863066 7.6265e-02    12.3468     4.5652 5.0671e-02          0     4.5652     0.0254     0.5080     0.0000     4.6095     0.0000     0.0049     0.0000     0.5077    34.7080    34.7102    26.6056    26.6074     0.0380      1.158      0.427 0.0000e+00
    501.181      12029    328.269 -106.07344   20.26362    326.000    10.7061    10.7063   3.861615   3.861885 7.6555e-02    12.3471     4.5648 5.0671e-02          0     4.5648     0.0255     0.5078     0.0000     4.5675     0.0000     0.0049     0.0000     0.5075    34.7076    34.7101    26.6076    26.6095     0.0377      1.149      0.424 0.0000e+00
    502.019      12049    329.277 -106.07344   20.26362    327.000    10.6981    10.6982   3.860853   3.861126 7.6734e-02    12.3479     4.5640 5.0671e-02          0     4.5640     0.0255     0.5079     0.0000     4.5768     0.0000     0.0049     0.0000     0.5076    34.7070    34.7097    26.6086    26.6107     0.0383      1.164      0.429 0.0000e+00
