notebooks/python-ctd/RR18_Station32_P2_cast57.cnv
* Sea-Bird SBE 9 Data File:
* FileName = C:\CTD\RR1805\Station32_cast57.hex
* Software Version Seasave V 7.26.6.26
* Temperature SN = 4307
* Conductivity SN = 4650
* Number of Bytes Per Scan = 44
* Number of Voltage Words = 5
* Number of Scans Averaged by the Deck Unit = 1
* NMEA Latitude = 16 59.06 N
* NMEA Longitude = 106 58.74 W
* NMEA UTC (Time) = Apr 20 2018 11:01:51
** Ship: Revell
** Station: On Deck
** Operator: nak
# nquan = 32
# nvalues = 3504                        
# units = specified
# name 0 = timeS: Time, Elapsed [seconds]
# name 1 = scan: Scan Count
# name 2 = prDM: Pressure, Digiquartz [db]
# name 3 = longitude: Longitude [deg]
# name 4 = latitude: Latitude [deg]
# name 5 = depSMlignore: Depth [salt water, m]
# name 6 = t090C: Temperature [ITS-90, deg C]
# name 7 = t190C: Temperature, 2 [ITS-90, deg C]
# name 8 = c0S/m: Conductivity [S/m]
# name 9 = c1S/m: Conductivity, 2 [S/m]
# name 10 = flSP: Fluorescence, Seapoint
# name 11 = CStarAt0: Beam Attenuation, WET Labs C-Star [1/m]
# name 12 = CStarTr0: Beam Transmission, WET Labs C-Star [%]
# name 13 = par: PAR/Irradiance, Biospherical/Licor
# name 14 = modError: Modulo Error Count
# name 15 = v0: Voltage 0
# name 16 = v1: Voltage 1
# name 17 = v2: Voltage 2
# name 18 = v3: Voltage 3
# name 19 = v4: Voltage 4
# name 20 = v5: Voltage 5
# name 21 = v6: Voltage 6
# name 22 = v7: Voltage 7
# name 23 = sbeox0V: Oxygen raw, SBE 43 [V]
# name 24 = sal00: Salinity, Practical [PSU]
# name 25 = sal11: Salinity, Practical, 2 [PSU]
# name 26 = sigma-é00: Density [sigma-theta, kg/m^3]
# name 27 = sigma-é11: Density, 2 [sigma-theta, kg/m^3]
# name 28 = sbeox0Mg/L: Oxygen, SBE 43 [mg/l], WS = 2
# name 29 = sbox0Mm/Kg: Oxygen, SBE 43 [umol/kg], WS = 2
# name 30 = sbeox0PS: Oxygen, SBE 43 [% saturation], WS = 2
# name 31 = flag: flag
# span 0 =     31.714,   3851.267       
# span 1 =        762,      92431       
# span 2 =      1.006,   3554.562       
# span 3 = -106.97900, -106.97896       
# span 4 =   16.98432,   16.98440       
# span 5 =      1.000,   3504.000       
# span 6 =     1.6616,    26.9042       
# span 7 =     1.6611,    26.9744       
# span 8 =   3.145176,   5.415320       
# span 9 =   3.079106,  16.441289       
# span 10 = 5.2195e-02, 8.8019e-01      
# span 11 =    12.3160,    13.0223      
# span 12 =     3.9959,     4.6255      
# span 13 = 5.0085e-02, 5.0168e-02      
# span 14 =          0,          0      
# span 15 =     3.9959,     4.6255      
# span 16 =     0.0174,     0.2934      
# span 17 =     0.5056,     2.8064      
# span 18 =    -0.0000,     0.0001      
# span 19 =     0.3088,     4.6947      
# span 20 =     0.0000,     0.0000      
# span 21 =    -0.0001,     0.0006      
# span 22 =     0.0000,     0.0000      
# span 23 =     0.5050,     2.8064      
# span 24 =    34.1374,    34.8061      
# span 25 =   -10.5195,   237.4446      
# span 26 =    22.1436,    27.7579      
# span 27 =   -22.7610,   224.7598      
# span 28 =     0.0294,     6.9470      
# span 29 =      0.895,    212.123      
# span 30 =      0.301,    101.354      
# span 31 = 0.0000e+00, 0.0000e+00      
# interval = meters: 1                  
# start_time = Apr 20 2018 11:01:56 [System UTC, first data scan.]
# bad_flag = -9.990e-29
*END*
[from data line 1224]
   1482.597      35583   1235.984 -106.97898   16.98438   1225.000     3.6515     3.6518   3.243280   3.243417 7.2506e-02    12.3284     4.5864 5.0100e-02          0     4.5864     0.0242     0.6625     0.0000     4.6813     0.0000     0.0000     0.0000     0.6633    34.5750    34.5763    27.4927    27.4937     0.9203     27.991      8.789 0.0000e+00
   1483.585      35607   1236.996 -106.97898   16.98439   1226.000     3.6498     3.6500   3.243183   3.243297 7.2527e-02    12.3285     4.5862 5.0100e-02          0     4.5862     0.0242     0.6631     0.0000     4.6815     0.0000     0.0000     0.0000     0.6639    34.5752    34.5763    27.4930    27.4939     0.9211     28.014      8.796 0.0000e+00
   1484.601      35631   1238.008 -106.97898   16.98440   1227.000     3.6471     3.6473   3.242988   3.243114 7.1432e-02    12.3283     4.5864 5.0100e-02          0     4.5864     0.0238     0.6635     0.0000     4.6814     0.0000     0.0000     0.0000     0.6644    34.5752    34.5765    27.4933    27.4943     0.9275     28.209      8.856 0.0000e+00
   1485.725      35658   1239.019 -106.97898   16.98440   1228.000     3.6441     3.6444   3.242768   3.242912 7.1929e-02    12.3285     4.5862 5.0100e-02          0     4.5862     0.0240     0.6641     0.0000     4.6814     0.0000     0.0000     0.0000     0.6650    34.5752    34.5767    27.4936    27.4947     0.9246     28.121      8.828 0.0000e+00
   1486.749      35683   1240.031 -106.97897   16.98439   1229.000     3.6423     3.6426   3.242668   3.242816 7.2438e-02    12.3284     4.5863 5.0100e-02          0     4.5863     0.0241     0.6643     0.0000     4.6811     0.0000     0.0000     0.0000     0.6652    34.5754    34.5769    27.4939    27.4951     0.9262     28.171      8.844 0.0000e+00
   1487.578      35703   1241.043 -106.97896   16.98438   1230.000     3.6416     3.6418   3.242658   3.242797 7.1410e-02    12.3284     4.5863 5.0100e-02          0     4.5863     0.0238     0.6646     0.0000     4.6801     0.0000     0.0000     0.0000     0.6655    34.5755    34.5769    27.4941    27.4952     0.9302     28.293      8.882 0.0000e+00
   1488.285      35720   1242.055 -106.97896   16.98438   1231.000     3.6414     3.6417   3.242685   3.242838 7.0962e-02    12.3290     4.5856 5.0100e-02          0     4.5856     0.0236     0.6652     0.0000     4.6801     0.0000     0.0000     0.0000     0.6661    34.5755    34.5770    27.4941    27.4953     0.9323     28.356      8.901 0.0000e+00
   1488.939      35736   1243.067 -106.97896   16.98438   1232.000     3.6410     3.6414   3.242705   3.242828 7.1430e-02    12.3282     4.5866 5.0100e-02          0     4.5866     0.0238     0.6652     0.0000     4.6803     0.0000     0.0000     0.0000     0.6661    34.5756    34.5768    27.4943    27.4951     0.9306     28.304      8.885 0.0000e+00
   1489.572      35751   1244.079 -106.97897   16.98438   1233.000     3.6403     3.6406   3.242686   3.242827 7.2988e-02    12.3284     4.5863 5.0100e-02          0     4.5863     0.0243     0.6655     0.0000     4.6803     0.0000     0.0000     0.0000     0.6664    34.5757    34.5770    27.4944    27.4955     0.9286     28.244      8.866 0.0000e+00
   1490.225      35766   1245.091 -106.97898   16.98438   1234.000     3.6389     3.6391   3.242606   3.242734 7.2213e-02    12.3285     4.5862 5.0100e-02          0     4.5862     0.0241     0.6653     0.0000     4.6812     0.0000     0.0000     0.0000     0.6662    34.5757    34.5770    27.4946    27.4956     0.9263     28.173      8.843 0.0000e+00
   1490.933      35783   1246.103 -106.97898   16.98438   1235.000     3.6368     3.6369   3.242455   3.242575 7.0313e-02    12.3283     4.5864 5.0100e-02          0     4.5864     0.0234     0.6654     0.0000     4.6818     0.0000     0.0000     0.0000     0.6663    34.5757    34.5770    27.4947    27.4958     0.9298     28.280      8.876 0.0000e+00
   1492.540      35822   1247.115 -106.97898   16.98438   1236.000     3.6358     3.6360   3.242415   3.242541 7.1785e-02    12.3284     4.5863 5.0100e-02          0     4.5863     0.0239     0.6660     0.0000     4.6817     0.0000     0.0000     0.0000     0.6669    34.5757    34.5770    27.4949    27.4959     0.9361     28.472      8.937 0.0000e+00
   1495.494      35893   1248.127 -106.97898   16.98438   1237.000     3.6365     3.6365   3.242522   3.242631 7.2067e-02    12.3286     4.5861 5.0100e-02          0     4.5861     0.0240     0.6668     0.0000     4.6826     0.0000     0.0000     0.0000     0.6676    34.5757    34.5770    27.4948    27.4958     0.9327     28.368      8.904 0.0000e+00
   1496.258      35911   1249.139 -106.97898   16.98438   1238.000     3.6273     3.6271   3.241780   3.241898 7.1409e-02    12.3284     4.5863 5.0100e-02          0     4.5863     0.0238     0.6667     0.0000     4.6823     0.0000     0.0000     0.0000     0.6675    34.5761    34.5777    27.4960    27.4973     0.9352     28.443      8.926 0.0000e+00
   1497.055      35930   1250.151 -106.97896   16.98438   1239.000     3.6216     3.6217   3.241348   3.241466 7.1331e-02    12.3285     4.5862 5.0100e-02          0     4.5862     0.0238     0.6667     0.0000     4.6826     0.0000     0.0000     0.0000     0.6675    34.5764    34.5776    27.4968    27.4978     0.9390     28.558      8.960 0.0000e+00
   1497.873      35950   1251.163 -106.97896   16.98438   1240.000     3.6118     3.6117   3.240554   3.240659 7.1689e-02    12.3282     4.5865 5.0100e-02          0     4.5865     0.0239     0.6671     0.0000     4.6827     0.0000     0.0000     0.0000     0.6679    34.5767    34.5780    27.4980    27.4991     0.9494     28.876      9.058 0.0000e+00
   1498.852      35973   1252.175 -106.97896   16.98438   1241.000     3.6084     3.6087   3.240312   3.240435 7.2429e-02    12.3284     4.5863 5.0100e-02          0     4.5863     0.0241     0.6678     0.0000     4.6826     0.0000     0.0000     0.0000     0.6686    34.5769    34.5781    27.4986    27.4994     0.9540     29.015      9.101 0.0000e+00
   1500.022      36002   1253.187 -106.97896   16.98438   1242.000     3.6081     3.6085   3.240329   3.240474 7.2584e-02    12.3282     4.5865 5.0100e-02          0     4.5865     0.0242     0.6686     0.0000     4.6825     0.0000     0.0000     0.0000     0.6695    34.5769    34.5783    27.4986    27.4996     0.9593     29.176      9.151 0.0000e+00
   1501.048      36026   1254.199 -106.97896   16.98436   1243.000     3.6081     3.6084   3.240373   3.240522 7.0544e-02    12.3283     4.5865 5.0100e-02          0     4.5865     0.0235     0.6690     0.0000     4.6823     0.0000     0.0000     0.0000     0.6699    34.5770    34.5783    27.4986    27.4997     0.9526     28.974      9.088 0.0000e+00
   1501.854      36045   1255.211 -106.97896   16.98437   1244.000     3.6084     3.6087   3.240446   3.240586 7.3056e-02    12.3282     4.5865 5.0100e-02          0     4.5865     0.0243     0.6693     0.0000     4.6818     0.0000     0.0000     0.0000     0.6702    34.5770    34.5783    27.4986    27.4997     0.9572     29.113      9.132 0.0000e+00
   1502.554      36062   1256.223 -106.97896   16.98438   1245.000     3.6084     3.6087   3.240496   3.240642 7.1675e-02    12.3284     4.5863 5.0100e-02          0     4.5863     0.0239     0.6695     0.0000     4.6813     0.0000     0.0000     0.0000     0.6704    34.5771    34.5785    27.4987    27.4998     0.9551     29.048      9.111 0.0000e+00
   1503.197      36078   1257.235 -106.97896   16.98438   1246.000     3.6084     3.6087   3.240541   3.240686 7.1073e-02    12.3289     4.5858 5.0100e-02          0     4.5858     0.0237     0.6694     0.0000     4.6812     0.0000     0.0000     0.0000     0.6703    34.5771    34.5785    27.4987    27.4998     0.9555     29.061      9.115 0.0000e+00
   1503.816      36093   1258.247 -106.97897   16.98438   1247.000     3.6051     3.6053   3.240286   3.240424 7.3009e-02    12.3283     4.5864 5.0100e-02          0     4.5864     0.0243     0.6697     0.0000     4.6814     0.0000     0.0000     0.0000     0.6706    34.5770    34.5785    27.4990    27.5001     0.9590     29.168      9.148 0.0000e+00
   1504.435      36107   1259.260 -106.97898   16.98438   1248.000     3.5996     3.5998   3.239881   3.240018 7.2261e-02    12.3284     4.5863 5.0100e-02          0     4.5863     0.0241     0.6700     0.0000     4.6813     0.0000     0.0000     0.0000     0.6709    34.5774    34.5789    27.4999    27.5010     0.9641     29.320      9.195 0.0000e+00
   1505.076      36123   1260.271 -106.97898   16.98438   1249.000     3.5954     3.5956   3.239560   3.239683 7.0480e-02    12.3288     4.5859 5.0100e-02          0     4.5859     0.0235     0.6703     0.0000     4.6818     0.0000     0.0000     0.0000     0.6712    34.5776    34.5787    27.5004    27.5013     0.9638     29.312      9.191 0.0000e+00
   1505.789      36140   1261.283 -106.97898   16.98437   1250.000     3.5926     3.5928   3.239353   3.239477 7.0871e-02    12.3285     4.5862 5.0100e-02          0     4.5862     0.0236     0.6705     0.0000     4.6822     0.0000     0.0000     0.0000     0.6714    34.5775    34.5788    27.5007    27.5016     0.9667     29.402      9.219 0.0000e+00
   1507.690      36186   1262.296 -106.97897   16.98436   1251.000     3.5939     3.5941   3.239509   3.239628 7.1962e-02    12.3286     4.5861 5.0100e-02          0     4.5861     0.0240     0.6713     0.0000     4.6825     0.0000     0.0000     0.0000     0.6722    34.5775    34.5788    27.5005    27.5015     0.9690     29.472      9.241 0.0000e+00
   1511.281      36272   1263.308 -106.97896   16.98436   1252.000     3.5942     3.5961   3.239584   3.239849 7.1154e-02    12.3284     4.5863 5.0100e-02          0     4.5863     0.0237     0.6720     0.0000     4.6826     0.0000     0.0000     0.0000     0.6729    34.5776    34.5788    27.5006    27.5013     0.9691     29.475      9.242 0.0000e+00
   1512.207      36294   1264.320 -106.97896   16.98436   1253.000     3.5890     3.5889   3.239180   3.239287 7.2009e-02    12.3282     4.5865 5.0100e-02          0     4.5865     0.0240     0.6721     0.0000     4.6819     0.0000     0.0000     0.0000     0.6730    34.5778    34.5791    27.5012    27.5022     0.9709     29.528      9.258 0.0000e+00
   1513.020      36313   1265.332 -106.97896   16.98436   1254.000     3.5828     3.5830   3.238696   3.238836 7.2039e-02    12.3280     4.5868 5.0100e-02          0     4.5868     0.0240     0.6723     0.0000     4.6812     0.0000     0.0000     0.0000     0.6732    34.5780    34.5795    27.5020    27.5032     0.9764     29.697      9.309 0.0000e+00
   1513.684      36329   1266.344 -106.97896   16.98436   1255.000     3.5802     3.5805   3.238527   3.238674 7.1692e-02    12.3281     4.5866 5.0100e-02          0     4.5866     0.0239     0.6727     0.0000     4.6810     0.0000     0.0000     0.0000     0.6736    34.5782    34.5796    27.5024    27.5035     0.9804     29.818      9.347 0.0000e+00
   1514.277      36344   1267.356 -106.97896   16.98436   1256.000     3.5774     3.5777   3.238335   3.238469 7.1690e-02    12.3282     4.5865 5.0100e-02          0     4.5865     0.0239     0.6730     0.0000     4.6805     0.0000     0.0000     0.0000     0.6739    34.5783    34.5796    27.5028    27.5038     0.9848     29.952      9.388 0.0000e+00
   1514.852      36357   1268.368 -106.97896   16.98436   1257.000     3.5703     3.5705   3.237762   3.237893 7.1951e-02    12.3283     4.5864 5.0100e-02          0     4.5864     0.0240     0.6735     0.0000     4.6807     0.0000     0.0000     0.0000     0.6744    34.5785    34.5798    27.5037    27.5046     0.9888     30.072      9.424 0.0000e+00
   1515.418      36371   1269.380 -106.97896   16.98436   1258.000     3.5644     3.5646   3.237300   3.237439 7.1952e-02    12.3279     4.5869 5.0100e-02          0     4.5869     0.0240     0.6736     0.0000     4.6810     0.0000     0.0000     0.0000     0.6745    34.5787    34.5801    27.5044    27.5054     0.9913     30.149      9.447 0.0000e+00
   1515.984      36385   1270.392 -106.97898   16.98436   1259.000     3.5596     3.5599   3.236952   3.237074 7.1854e-02    12.3280     4.5867 5.0100e-02          0     4.5867     0.0239     0.6742     0.0000     4.6807     0.0000     0.0000     0.0000     0.6752    34.5791    34.5802    27.5051    27.5060     0.9968     30.316      9.498 0.0000e+00
   1516.577      36399   1271.404 -106.97898   16.98436   1260.000     3.5567     3.5572   3.236745   3.236879 7.2037e-02    12.3281     4.5867 5.0100e-02          0     4.5867     0.0240     0.6746     0.0000     4.6812     0.0000     0.0000     0.0000     0.6756    34.5791    34.5802    27.5055    27.5063     1.0017     30.466      9.544 0.0000e+00
   1517.263      36415   1272.416 -106.97898   16.98436   1261.000     3.5562     3.5565   3.236738   3.236867 7.2656e-02    12.3282     4.5865 5.0100e-02          0     4.5865     0.0242     0.6754     0.0000     4.6820     0.0000     0.0000     0.0000     0.6764    34.5791    34.5803    27.5055    27.5064     1.0043     30.545      9.569 0.0000e+00
   1518.694      36450   1273.429 -106.97898   16.98436   1262.000     3.5571     3.5586   3.236839   3.237049 7.2299e-02    12.3282     4.5866 5.0100e-02          0     4.5866     0.0241     0.6762     0.0000     4.6822     0.0000     0.0000     0.0000     0.6772    34.5788    34.5798    27.5052    27.5058     1.0034     30.519      9.561 0.0000e+00
   1520.887      36502   1274.441 -106.97897   16.98436   1263.000     3.5572     3.5587   3.236894   3.237131 7.1904e-02    12.3282     4.5866 5.0100e-02          0     4.5866     0.0240     0.6773     0.0000     4.6822     0.0000     0.0000     0.0000     0.6783    34.5788    34.5801    27.5052    27.5061     1.0066     30.613      9.591 0.0000e+00
   1521.959      36528   1275.453 -106.97896   16.98436   1264.000     3.5559     3.5563   3.236848   3.236990 7.0668e-02    12.3280     4.5867 5.0100e-02          0     4.5867     0.0236     0.6777     0.0000     4.6823     0.0000     0.0000     0.0000     0.6787    34.5791    34.5805    27.5056    27.5066     1.0064     30.609      9.589 0.0000e+00
   1522.867      36550   1276.465 -106.97897   16.98436   1265.000     3.5532     3.5533   3.236639   3.236778 7.2450e-02    12.3278     4.5870 5.0100e-02          0     4.5870     0.0241     0.6778     0.0000     4.6822     0.0000     0.0000     0.0000     0.6788    34.5790    34.5806    27.5058    27.5070     1.0055     30.580      9.579 0.0000e+00
   1523.749      36571   1277.477 -106.97898   16.98436   1266.000     3.5470     3.5472   3.236166   3.236288 7.2214e-02    12.3277     4.5871 5.0100e-02          0     4.5871     0.0241     0.6781     0.0000     4.6825     0.0000     0.0000     0.0000     0.6791    34.5793    34.5806    27.5066    27.5076     1.0145     30.853      9.663 0.0000e+00
   1524.673      36593   1278.489 -106.97898   16.98436   1267.000     3.5437     3.5438   3.235921   3.236057 7.2947e-02    12.3278     4.5869 5.0100e-02          0     4.5869     0.0243     0.6786     0.0000     4.6823     0.0000     0.0000     0.0000     0.6796    34.5794    34.5809    27.5070    27.5082     1.0178     30.954      9.694 0.0000e+00
   1525.597      36615   1279.501 -106.97898   16.98436   1268.000     3.5419     3.5421   3.235819   3.235944 7.1605e-02    12.3288     4.5859 5.0100e-02          0     4.5859     0.0239     0.6791     0.0000     4.6824     0.0000     0.0000     0.0000     0.6801    34.5796    34.5809    27.5073    27.5083     1.0201     31.026      9.716 0.0000e+00
   1526.473      36636   1280.514 -106.97898   16.98436   1269.000     3.5382     3.5383   3.235535   3.235659 7.1634e-02    12.3279     4.5869 5.0100e-02          0     4.5869     0.0239     0.6795     0.0000     4.6822     0.0000     0.0000     0.0000     0.6805    34.5796    34.5810    27.5077    27.5088     1.0230     31.114      9.743 0.0000e+00
