notebooks/python-ctd/RR18_Station33_P2_cast63.cnv
* Sea-Bird SBE 9 Data File:
* FileName = C:\CTD\RR1805\Station33_cast63.hex
* Software Version Seasave V 7.26.6.26
* Temperature SN = 4307
* Conductivity SN = 4650
* Number of Bytes Per Scan = 44
* Number of Voltage Words = 5
* Number of Scans Averaged by the Deck Unit = 1
* NMEA Latitude = 20 15.81 N
* NMEA Longitude = 106 04.40 W
* NMEA UTC (Time) = Apr 23 2018 14:00:59
** Ship: Revell
** Station: On Deck
** Operator: GR
** Station 33 P1 Cast 63
# nquan = 32
# nvalues = 1491                        
# units = specified
# name 0 = timeS: Time, Elapsed [seconds]
# name 1 = scan: Scan Count
# name 2 = prDM: Pressure, Digiquartz [db]
# name 3 = longitude: Longitude [deg]
# name 4 = latitude: Latitude [deg]
# name 5 = depSMignore: Depth [salt water, m]
# name 6 = t090C: Temperature [ITS-90, deg C]
# name 7 = t190C: Temperature, 2 [ITS-90, deg C]
# name 8 = c0S/m: Conductivity [S/m]
# name 9 = c1S/m: Conductivity, 2 [S/m]
# name 10 = flSP: Fluorescence, Seapoint
# name 11 = CStarAt0: Beam Attenuation, WET Labs C-Star [1/m]
# name 12 = CStarTr0: Beam Transmission, WET Labs C-Star [%]
# name 13 = par: PAR/Irradiance, Biospherical/Licor
# name 14 = modError: Modulo Error Count
# name 15 = v0: Voltage 0
# name 16 = v1: Voltage 1
# name 17 = v2: Voltage 2
# name 18 = v3: Voltage 3
# name 19 = v4: Voltage 4
# name 20 = v5: Voltage 5
# name 21 = v6: Voltage 6
# name 22 = v7: Voltage 7
# name 23 = sbeox0V: Oxygen raw, SBE 43 [V]
# name 24 = sal00: Salinity, Practical [PSU]
# name 25 = sal11: Salinity, Practical, 2 [PSU]
# name 26 = sigma-é00: Density [sigma-theta, kg/m^3]
# name 27 = sigma-é11: Density, 2 [sigma-theta, kg/m^3]
# name 28 = sbeox0Mg/L: Oxygen, SBE 43 [mg/l], WS = 2
# name 29 = sbox0Mm/Kg: Oxygen, SBE 43 [umol/kg], WS = 2
# name 30 = sbeox0PS: Oxygen, SBE 43 [% saturation], WS = 2
# name 31 = flag: flag
# span 0 =     48.916,   1743.362       
# span 1 =       1175,      41842       
# span 2 =     11.068,   1515.740       
# span 3 = -106.07344, -106.07340       
# span 4 =   20.26356,   20.26362       
# span 5 =     11.000,   1501.000       
# span 6 =     3.1123,    24.8934       
# span 7 =     3.1114,    24.8823       
# span 8 =   3.209081,   5.247989       
# span 9 =   3.209121,   5.246879       
# span 10 = 6.9595e-02, 2.3735e+00      
# span 11 =    12.3326,    12.6171      
# span 12 =     4.2670,     4.5815      
# span 13 = 5.0652e-02, 7.3384e+01      
# span 14 =          0,          0      
# span 15 =     4.2670,     4.5815      
# span 16 =     0.0232,     0.7912      
# span 17 =     0.5062,     2.7239      
# span 18 =     0.0000,     0.0000      
# span 19 =     2.5228,     4.6963      
# span 20 =     0.0000,     0.0000      
# span 21 =     0.0047,     3.1615      
# span 22 =     0.0000,     0.0000      
# span 23 =     0.5060,     2.7239      
# span 24 =    34.4706,    34.8287      
# span 25 =    34.4702,    34.8303      
# span 26 =    23.1018,    27.5611      
# span 27 =    23.1054,    27.5623      
# span 28 =     0.0340,     6.6641      
# span 29 =      1.034,    203.520      
# span 30 =      0.356,     97.302      
# span 31 = 0.0000e+00, 0.0000e+00      
# interval = meters: 1                  
# start_time = Apr 23 2018 14:01:00 [System UTC, first data scan.]
# bad_flag = -9.990e-29
*END*
[from data line 363]
    549.610      13192    376.647 -106.07342   20.26360    374.000    10.0048    10.0049   3.793706   3.793939 7.7122e-02    12.3470     4.5650 5.0671e-02          0     4.5650     0.0257     0.5078     0.0000     4.5732     0.0000     0.0049     0.0000     0.5075    34.6671    34.6694    26.6987    26.7004     0.0388      1.180      0.429 0.0000e+00
    550.464      13212    377.655 -106.07342   20.26360    375.000     9.9882     9.9878   3.792032   3.792216 7.7580e-02    12.3474     4.5646 5.0671e-02          0     4.5646     0.0258     0.5078     0.0000     4.6008     0.0000     0.0049     0.0000     0.5075    34.6655    34.6678    26.7003    26.7021     0.0386      1.174      0.426 0.0000e+00
    551.553      13238    378.663 -106.07342   20.26358    376.000     9.9655     9.9656   3.789758   3.789994 7.8987e-02    12.3475     4.5644 5.0666e-02          0     4.5644     0.0263     0.5078     0.0000     4.6103     0.0000     0.0049     0.0000     0.5075    34.6636    34.6659    26.7026    26.7045     0.0380      1.155      0.420 0.0000e+00
    552.852      13269    379.671 -106.07342   20.26358    377.000     9.9529     9.9531   3.788504   3.788763 7.7972e-02    12.3461     4.5661 5.0671e-02          0     4.5661     0.0260     0.5077     0.0000     4.6080     0.0000     0.0049     0.0000     0.5074    34.6624    34.6648    26.7039    26.7057     0.0382      1.163      0.422 0.0000e+00
    554.106      13300    380.679 -106.07342   20.26358    378.000     9.9319     9.9318   3.786346   3.786596 7.6904e-02    12.3455     4.5668 5.0671e-02          0     4.5668     0.0256     0.5076     0.0000     4.6185     0.0000     0.0049     0.0000     0.5073    34.6601    34.6627    26.7056    26.7076     0.0375      1.143      0.414 0.0000e+00
    555.321      13329    381.687 -106.07342   20.26358    379.000     9.9194     9.9191   3.785101   3.785314 7.7274e-02    12.3474     4.5645 5.0671e-02          0     4.5645     0.0257     0.5078     0.0000     4.6195     0.0000     0.0049     0.0000     0.5075    34.6588    34.6613    26.7067    26.7087     0.0400      1.216      0.441 0.0000e+00
    556.499      13357    382.695 -106.07342   20.26358    380.000     9.8757     9.8741   3.780633   3.780736 7.6777e-02    12.3446     4.5678 5.0671e-02          0     4.5678     0.0256     0.5079     0.0000     4.6202     0.0000     0.0049     0.0000     0.5076    34.6546    34.6572    26.7109    26.7131     0.0391      1.189      0.431 0.0000e+00
    557.507      13381    383.703 -106.07342   20.26358    381.000     9.8634     9.8636   3.779512   3.779760 7.6764e-02    12.3445     4.5679 5.0671e-02          0     4.5679     0.0255     0.5079     0.0000     4.6207     0.0000     0.0049     0.0000     0.5076    34.6544    34.6568    26.7128    26.7146     0.0390      1.188      0.430 0.0000e+00
    558.346      13401    384.711 -106.07342   20.26358    382.000     9.8603     9.8602   3.779246   3.779478 7.7325e-02    12.3438     4.5687 5.0671e-02          0     4.5687     0.0257     0.5078     0.0000     4.6146     0.0000     0.0049     0.0000     0.5075    34.6543    34.6567    26.7132    26.7151     0.0379      1.154      0.418 0.0000e+00
    559.086      13419    385.719 -106.07342   20.26358    383.000     9.8584     9.8590   3.779113   3.779411 7.6437e-02    12.3457     4.5665 5.0671e-02          0     4.5665     0.0254     0.5077     0.0000     4.6167     0.0000     0.0049     0.0000     0.5074    34.6543    34.6567    26.7136    26.7154     0.0375      1.140      0.413 0.0000e+00
    559.774      13436    386.727 -106.07342   20.26358    384.000     9.8510     9.8502   3.778361   3.778509 7.5290e-02    12.3446     4.5677 5.0671e-02          0     4.5677     0.0251     0.5077     0.0000     4.6165     0.0000     0.0049     0.0000     0.5074    34.6532    34.6555    26.7140    26.7159     0.0388      1.182      0.428 0.0000e+00
    560.490      13453    387.735 -106.07342   20.26358    385.000     9.8356     9.8355   3.776762   3.776944 7.6661e-02    12.3434     4.5691 5.0671e-02          0     4.5691     0.0255     0.5079     0.0000     4.6096     0.0000     0.0049     0.0000     0.5076    34.6512    34.6531    26.7150    26.7166     0.0398      1.210      0.438 0.0000e+00
    561.387      13474    388.743 -106.07342   20.26358    386.000     9.7897     9.7897   3.772214   3.772431 7.6491e-02    12.3427     4.5699 5.0665e-02          0     4.5699     0.0255     0.5077     0.0000     4.6110     0.0000     0.0049     0.0000     0.5074    34.6482    34.6504    26.7204    26.7221     0.0378      1.149      0.416 0.0000e+00
    562.964      13512    389.752 -106.07342   20.26358    387.000     9.7609     9.7622   3.769454   3.769870 9.3503e-02    12.3429     4.5696 5.0671e-02          0     4.5696     0.0312     0.5078     0.0000     4.6097     0.0000     0.0049     0.0000     0.5075    34.6470    34.6501    26.7244    26.7265     0.0389      1.184      0.428 0.0000e+00
    564.594      13551    390.759 -106.07342   20.26358    388.000     9.7531     9.7533   3.768817   3.769080 7.6199e-02    12.3437     4.5688 5.0671e-02          0     4.5688     0.0254     0.5077     0.0000     4.5950     0.0000     0.0049     0.0000     0.5074    34.6476    34.6500    26.7261    26.7280     0.0377      1.146      0.414 0.0000e+00
    565.595      13575    391.767 -106.07342   20.26358    389.000     9.7471     9.7472   3.768298   3.768565 7.7250e-02    12.3437     4.5687 5.0671e-02          0     4.5687     0.0257     0.5076     0.0000     4.6007     0.0000     0.0049     0.0000     0.5073    34.6476    34.6502    26.7271    26.7291     0.0387      1.179      0.426 0.0000e+00
    566.418      13595    392.775 -106.07342   20.26358    390.000     9.7337     9.7339   3.767046   3.767295 7.7726e-02    12.3439     4.5685 5.0671e-02          0     4.5685     0.0259     0.5078     0.0000     4.6003     0.0000     0.0049     0.0000     0.5075    34.6471    34.6495    26.7290    26.7308     0.0387      1.177      0.425 0.0000e+00
    567.225      13614    393.784 -106.07342   20.26358    391.000     9.7245     9.7246   3.766185   3.766431 7.7291e-02    12.3438     4.5687 5.0671e-02          0     4.5687     0.0257     0.5075     0.0000     4.6030     0.0000     0.0049     0.0000     0.5072    34.6466    34.6491    26.7302    26.7321     0.0371      1.131      0.408 0.0000e+00
    568.141      13636    394.792 -106.07342   20.26358    392.000     9.7157     9.7160   3.765330   3.765574 1.0229e-01    12.3432     4.5693 5.0671e-02          0     4.5693     0.0341     0.5077     0.0000     4.6006     0.0000     0.0049     0.0000     0.5074    34.6458    34.6481    26.7310    26.7328     0.0386      1.176      0.424 0.0000e+00
    569.116      13660    395.800 -106.07342   20.26358    393.000     9.7091     9.7094   3.764740   3.765005 1.1913e-01    12.3434     4.5691 5.0671e-02          0     4.5691     0.0397     0.5075     0.0000     4.5819     0.0000     0.0049     0.0000     0.5072    34.6457    34.6481    26.7321    26.7339     0.0366      1.113      0.402 0.0000e+00
    570.025      13682    396.808 -106.07342   20.26358    394.000     9.7043     9.7047   3.764323   3.764599 7.7711e-02    12.3425     4.5701 5.0671e-02          0     4.5701     0.0259     0.5076     0.0000     4.6048     0.0000     0.0049     0.0000     0.5073    34.6456    34.6480    26.7328    26.7347     0.0395      1.202      0.434 0.0000e+00
    570.897      13703    397.816 -106.07342   20.26358    395.000     9.6930     9.6930   3.763229   3.763460 7.7264e-02    12.3436     4.5689 5.0671e-02          0     4.5689     0.0257     0.5077     0.0000     4.6101     0.0000     0.0049     0.0000     0.5074    34.6447    34.6471    26.7340    26.7359     0.0393      1.195      0.431 0.0000e+00
    571.804      13724    398.824 -106.07342   20.26358    396.000     9.6815     9.6817   3.762147   3.762391 7.6163e-02    12.3427     4.5699 5.0671e-02          0     4.5699     0.0254     0.5078     0.0000     4.6152     0.0000     0.0049     0.0000     0.5075    34.6442    34.6466    26.7355    26.7374     0.0393      1.198      0.432 0.0000e+00
    572.898      13751    399.832 -106.07342   20.26358    397.000     9.6583     9.6577   3.759864   3.760052 7.6531e-02    12.3423     4.5704 5.0671e-02          0     4.5704     0.0255     0.5078     0.0000     4.6161     0.0000     0.0049     0.0000     0.5075    34.6426    34.6451    26.7382    26.7402     0.0390      1.188      0.428 0.0000e+00
    574.304      13784    400.840 -106.07342   20.26358    398.000     9.6274     9.6278   3.756882   3.757170 8.0752e-02    12.3424     4.5703 5.0671e-02          0     4.5703     0.0269     0.5077     0.0000     4.6111     0.0000     0.0049     0.0000     0.5074    34.6412    34.6438    26.7422    26.7442     0.0384      1.170      0.422 0.0000e+00
    575.697      13818    401.848 -106.07342   20.26358    399.000     9.6119     9.6123   3.755447   3.755736 7.6530e-02    12.3431     4.5694 5.0671e-02          0     4.5694     0.0255     0.5077     0.0000     4.6076     0.0000     0.0049     0.0000     0.5074    34.6409    34.6435    26.7446    26.7465     0.0375      1.142      0.411 0.0000e+00
    576.809      13844    402.857 -106.07342   20.26358    400.000     9.5970     9.5965   3.754042   3.754234 7.8142e-02    12.3437     4.5687 5.0671e-02          0     4.5687     0.0260     0.5077     0.0000     4.6094     0.0000     0.0049     0.0000     0.5074    34.6403    34.6428    26.7466    26.7486     0.0403      1.226      0.442 0.0000e+00
    577.768      13867    403.865 -106.07342   20.26358    401.000     9.5833     9.5834   3.752773   3.753018 7.7259e-02    12.3438     4.5687 5.0671e-02          0     4.5687     0.0257     0.5078     0.0000     4.6115     0.0000     0.0049     0.0000     0.5075    34.6400    34.6424    26.7486    26.7505     0.0399      1.214      0.437 0.0000e+00
    578.661      13889    404.873 -106.07342   20.26358    402.000     9.5556     9.5546   3.749997   3.750122 7.6731e-02    12.3441     4.5683 5.0671e-02          0     4.5683     0.0255     0.5078     0.0000     4.6132     0.0000     0.0049     0.0000     0.5075    34.6376    34.6398    26.7514    26.7532     0.0393      1.195      0.430 0.0000e+00
    579.539      13910    405.881 -106.07342   20.26358    403.000     9.5178     9.5174   3.746361   3.746530 7.6574e-02    12.3427     4.5699 5.0671e-02          0     4.5699     0.0255     0.5079     0.0000     4.5924     0.0000     0.0049     0.0000     0.5076    34.6360    34.6382    26.7564    26.7582     0.0390      1.187      0.427 0.0000e+00
    580.436      13931    406.889 -106.07342   20.26358    404.000     9.4892     9.4887   3.743573   3.743761 7.6590e-02    12.3423     4.5704 5.0671e-02          0     4.5704     0.0255     0.5077     0.0000     4.5907     0.0000     0.0049     0.0000     0.5074    34.6344    34.6368    26.7598    26.7617     0.0380      1.157      0.415 0.0000e+00
    581.310      13952    407.897 -106.07342   20.26358    405.000     9.4629     9.4628   3.741016   3.741240 7.6557e-02    12.3445     4.5679 5.0671e-02          0     4.5679     0.0255     0.5077     0.0000     4.6081     0.0000     0.0049     0.0000     0.5074    34.6329    34.6352    26.7630    26.7648     0.0387      1.177      0.422 0.0000e+00
    582.163      13973    408.905 -106.07342   20.26358    406.000     9.4419     9.4414   3.738920   3.739061 7.6400e-02    12.3458     4.5664 5.0671e-02          0     4.5664     0.0254     0.5078     0.0000     4.5746     0.0000     0.0049     0.0000     0.5075    34.6310    34.6330    26.7649    26.7666     0.0404      1.228      0.441 0.0000e+00
    583.047      13994    409.914 -106.07342   20.26358    407.000     9.4008     9.4006   3.735013   3.735214 7.7405e-02    12.3422     4.5705 5.0671e-02          0     4.5705     0.0258     0.5078     0.0000     4.5858     0.0000     0.0049     0.0000     0.5075    34.6298    34.6321    26.7708    26.7726     0.0391      1.189      0.426 0.0000e+00
    584.035      14018    410.922 -106.07342   20.26358    408.000     9.3898     9.3895   3.733970   3.734171 7.6526e-02    12.3417     4.5711 5.0671e-02          0     4.5711     0.0255     0.5078     0.0000     4.6050     0.0000     0.0049     0.0000     0.5075    34.6292    34.6316    26.7721    26.7740     0.0384      1.168      0.418 0.0000e+00
    585.199      14046    411.930 -106.07342   20.26358    409.000     9.3710     9.3713   3.732164   3.732428 7.6920e-02    12.3437     4.5688 5.0671e-02          0     4.5688     0.0256     0.5077     0.0000     4.6044     0.0000     0.0049     0.0000     0.5074    34.6282    34.6307    26.7744    26.7763     0.0381      1.159      0.415 0.0000e+00
    586.359      14074    412.938 -106.07342   20.26358    410.000     9.3652     9.3652   3.731659   3.731894 7.6789e-02    12.3427     4.5699 5.0671e-02          0     4.5699     0.0256     0.5076     0.0000     4.6091     0.0000     0.0049     0.0000     0.5073    34.6281    34.6305    26.7753    26.7772     0.0377      1.146      0.411 0.0000e+00
    587.407      14099    413.946 -106.07342   20.26358    411.000     9.3625     9.3631   3.731463   3.731749 7.6448e-02    12.3424     4.5702 5.0671e-02          0     4.5702     0.0254     0.5074     0.0000     4.6155     0.0000     0.0049     0.0000     0.5071    34.6282    34.6306    26.7759    26.7777     0.0380      1.158      0.415 0.0000e+00
    588.391      14122    414.954 -106.07342   20.26358    412.000     9.3586     9.3590   3.731125   3.731397 7.6313e-02    12.3446     4.5678 5.0671e-02          0     4.5678     0.0254     0.5076     0.0000     4.6154     0.0000     0.0049     0.0000     0.5073    34.6280    34.6304    26.7763    26.7782     0.0379      1.155      0.414 0.0000e+00
    589.412      14147    415.963 -106.07342   20.26358    413.000     9.3495     9.3491   3.730274   3.730480 7.6083e-02    12.3424     4.5702 5.0671e-02          0     4.5702     0.0253     0.5075     0.0000     4.6154     0.0000     0.0049     0.0000     0.5072    34.6276    34.6300    26.7775    26.7795     0.0388      1.181      0.423 0.0000e+00
    590.602      14175    416.971 -106.07342   20.26358    414.000     9.3338     9.3339   3.728827   3.729081 7.7043e-02    12.3425     4.5701 5.0671e-02          0     4.5701     0.0256     0.5077     0.0000     4.6152     0.0000     0.0049     0.0000     0.5074    34.6273    34.6297    26.7799    26.7818     0.0384      1.170      0.419 0.0000e+00
    591.824      14205    417.979 -106.07342   20.26358    415.000     9.3297     9.3301   3.728487   3.728759 7.6780e-02    12.3419     4.5708 5.0671e-02          0     4.5708     0.0256     0.5074     0.0000     4.6096     0.0000     0.0049     0.0000     0.5071    34.6273    34.6297    26.7805    26.7824     0.0363      1.106      0.396 0.0000e+00
    592.849      14229    418.987 -106.07342   20.26358    416.000     9.3274     9.3277   3.728323   3.728582 7.6925e-02    12.3423     4.5703 5.0671e-02          0     4.5703     0.0256     0.5075     0.0000     4.6123     0.0000     0.0049     0.0000     0.5072    34.6273    34.6297    26.7809    26.7827     0.0379      1.154      0.413 0.0000e+00
    593.731      14251    419.995 -106.07342   20.26358    417.000     9.3239     9.3242   3.728044   3.728310 7.7107e-02    12.3423     4.5703 5.0671e-02          0     4.5703     0.0257     0.5073     0.0000     4.6235     0.0000     0.0049     0.0000     0.5070    34.6273    34.6298    26.7816    26.7834     0.0362      1.101      0.394 0.0000e+00
