notebooks/python-ctd/RR18_Station32_P2_cast57.cnv
* Sea-Bird SBE 9 Data File:
* FileName = C:\CTD\RR1805\Station32_cast57.hex
* Software Version Seasave V 7.26.6.26
* Temperature SN = 4307
* Conductivity SN = 4650
* Number of Bytes Per Scan = 44
* Number of Voltage Words = 5
* Number of Scans Averaged by the Deck Unit = 1
* NMEA Latitude = 16 59.06 N
* NMEA Longitude = 106 58.74 W
* NMEA UTC (Time) = Apr 20 2018 11:01:51
** Ship: Revell
** Station: On Deck
** Operator: nak
# nquan = 32
# nvalues = 3504                        
# units = specified
# name 0 = timeS: Time, Elapsed [seconds]
# name 1 = scan: Scan Count
# name 2 = prDM: Pressure, Digiquartz [db]
# name 3 = longitude: Longitude [deg]
# name 4 = latitude: Latitude [deg]
# name 5 = depSMlignore: Depth [salt water, m]
# name 6 = t090C: Temperature [ITS-90, deg C]
# name 7 = t190C: Temperature, 2 [ITS-90, deg C]
# name 8 = c0S/m: Conductivity [S/m]
# name 9 = c1S/m: Conductivity, 2 [S/m]
# name 10 = flSP: Fluorescence, Seapoint
# name 11 = CStarAt0: Beam Attenuation, WET Labs C-Star [1/m]
# name 12 = CStarTr0: Beam Transmission, WET Labs C-Star [%]
# name 13 = par: PAR/Irradiance, Biospherical/Licor
# name 14 = modError: Modulo Error Count
# name 15 = v0: Voltage 0
# name 16 = v1: Voltage 1
# name 17 = v2: Voltage 2
# name 18 = v3: Voltage 3
# name 19 = v4: Voltage 4
# name 20 = v5: Voltage 5
# name 21 = v6: Voltage 6
# name 22 = v7: Voltage 7
# name 23 = sbeox0V: Oxygen raw, SBE 43 [V]
# name 24 = sal00: Salinity, Practical [PSU]
# name 25 = sal11: Salinity, Practical, 2 [PSU]
# name 26 = sigma-é00: Density [sigma-theta, kg/m^3]
# name 27 = sigma-é11: Density, 2 [sigma-theta, kg/m^3]
# name 28 = sbeox0Mg/L: Oxygen, SBE 43 [mg/l], WS = 2
# name 29 = sbox0Mm/Kg: Oxygen, SBE 43 [umol/kg], WS = 2
# name 30 = sbeox0PS: Oxygen, SBE 43 [% saturation], WS = 2
# name 31 = flag: flag
# span 0 =     31.714,   3851.267       
# span 1 =        762,      92431       
# span 2 =      1.006,   3554.562       
# span 3 = -106.97900, -106.97896       
# span 4 =   16.98432,   16.98440       
# span 5 =      1.000,   3504.000       
# span 6 =     1.6616,    26.9042       
# span 7 =     1.6611,    26.9744       
# span 8 =   3.145176,   5.415320       
# span 9 =   3.079106,  16.441289       
# span 10 = 5.2195e-02, 8.8019e-01      
# span 11 =    12.3160,    13.0223      
# span 12 =     3.9959,     4.6255      
# span 13 = 5.0085e-02, 5.0168e-02      
# span 14 =          0,          0      
# span 15 =     3.9959,     4.6255      
# span 16 =     0.0174,     0.2934      
# span 17 =     0.5056,     2.8064      
# span 18 =    -0.0000,     0.0001      
# span 19 =     0.3088,     4.6947      
# span 20 =     0.0000,     0.0000      
# span 21 =    -0.0001,     0.0006      
# span 22 =     0.0000,     0.0000      
# span 23 =     0.5050,     2.8064      
# span 24 =    34.1374,    34.8061      
# span 25 =   -10.5195,   237.4446      
# span 26 =    22.1436,    27.7579      
# span 27 =   -22.7610,   224.7598      
# span 28 =     0.0294,     6.9470      
# span 29 =      0.895,    212.123      
# span 30 =      0.301,    101.354      
# span 31 = 0.0000e+00, 0.0000e+00      
# interval = meters: 1                  
# start_time = Apr 20 2018 11:01:56 [System UTC, first data scan.]
# bad_flag = -9.990e-29
*END*
[from data line 3445]
   3719.330      89265   3495.252 -106.97898   16.98436   3446.000     1.6617     1.6613   3.165713   3.165705 5.4945e-02    12.3206     4.5953 5.0100e-02          0     4.5953     0.0183     0.9927     0.0000     4.6351     0.0000     0.0000     0.0000     1.0034    34.6754    34.6757    27.7575    27.7578     3.9604    120.421     36.023 0.0000e+00
   3720.552      89294   3496.274 -106.97898   16.98436   3447.000     1.6617     1.6614   3.165742   3.165747 5.4729e-02    12.3204     4.5955 5.0100e-02          0     4.5955     0.0182     0.9927     0.0000     4.6363     0.0000     0.0000     0.0000     1.0033    34.6754    34.6758    27.7574    27.7578     3.9564    120.300     35.987 0.0000e+00
   3722.132      89332   3497.297 -106.97898   16.98436   3448.000     1.6618     1.6614   3.165783   3.165788 5.4339e-02    12.3201     4.5958 5.0100e-02          0     4.5958     0.0181     0.9927     0.0000     4.6373     0.0000     0.0000     0.0000     1.0034    34.6753    34.6758    27.7574    27.7578     3.9669    120.620     36.083 0.0000e+00
   3723.380      89362   3498.319 -106.97898   16.98436   3449.000     1.6621     1.6616   3.165841   3.165851 5.4023e-02    12.3201     4.5958 5.0100e-02          0     4.5958     0.0180     0.9928     0.0000     4.6392     0.0000     0.0000     0.0000     1.0035    34.6753    34.6759    27.7574    27.7579     3.9666    120.610     36.080 0.0000e+00
   3724.250      89383   3499.341 -106.97898   16.98436   3450.000     1.6620     1.6616   3.165889   3.165890 5.4367e-02    12.3204     4.5954 5.0100e-02          0     4.5954     0.0181     0.9928     0.0000     4.6387     0.0000     0.0000     0.0000     1.0035    34.6755    34.6759    27.7576    27.7580     3.9616    120.458     36.034 0.0000e+00
   3724.985      89401   3500.364 -106.97898   16.98436   3451.000     1.6622     1.6618   3.165940   3.165933 5.4934e-02    12.3205     4.5954 5.0100e-02          0     4.5954     0.0183     0.9928     0.0000     4.6382     0.0000     0.0000     0.0000     1.0035    34.6755    34.6758    27.7575    27.7578     3.9612    120.446     36.031 0.0000e+00
   3725.688      89418   3501.387 -106.97898   16.98436   3452.000     1.6623     1.6619   3.165980   3.165991 5.4107e-02    12.3204     4.5954 5.0100e-02          0     4.5954     0.0180     0.9927     0.0000     4.6403     0.0000     0.0000     0.0000     1.0034    34.6754    34.6760    27.7574    27.7580     3.9617    120.460     36.035 0.0000e+00
   3726.426      89435   3502.409 -106.97898   16.98436   3453.000     1.6623     1.6617   3.166008   3.165997 5.4539e-02    12.3202     4.5957 5.0100e-02          0     4.5957     0.0182     0.9928     0.0000     4.6473     0.0000     0.0000     0.0000     1.0035    34.6753    34.6758    27.7574    27.7579     3.9624    120.483     36.042 0.0000e+00
   3727.258      89455   3503.431 -106.97898   16.98436   3454.000     1.6622     1.6617   3.166042   3.166046 5.4759e-02    12.3201     4.5958 5.0100e-02          0     4.5958     0.0182     0.9926     0.0000     4.6516     0.0000     0.0000     0.0000     1.0033    34.6754    34.6760    27.7574    27.7580     3.9613    120.448     36.032 0.0000e+00
   3728.216      89478   3504.454 -106.97898   16.98436   3455.000     1.6627     1.6621   3.166122   3.166105 5.2591e-02    12.3202     4.5956 5.0100e-02          0     4.5956     0.0175     0.9927     0.0000     4.6520     0.0000     0.0000     0.0000     1.0034    34.6754    34.6758    27.7575    27.7578     3.9629    120.498     36.047 0.0000e+00
   3729.228      89502   3505.477 -106.97898   16.98436   3456.000     1.6626     1.6620   3.166145   3.166145 5.5083e-02    12.3203     4.5956 5.0100e-02          0     4.5956     0.0183     0.9926     0.0000     4.6520     0.0000     0.0000     0.0000     1.0033    34.6754    34.6759    27.7575    27.7579     3.9607    120.430     36.026 0.0000e+00
   3730.227      89526   3506.499 -106.97898   16.98436   3457.000     1.6628     1.6623   3.166201   3.166208 5.5260e-02    12.3201     4.5957 5.0100e-02          0     4.5957     0.0184     0.9925     0.0000     4.6509     0.0000     0.0000     0.0000     1.0032    34.6754    34.6760    27.7575    27.7580     3.9657    120.581     36.072 0.0000e+00
   3731.291      89552   3507.521 -106.97898   16.98436   3458.000     1.6625     1.6621   3.166213   3.166217 5.4055e-02    12.3203     4.5956 5.0100e-02          0     4.5956     0.0180     0.9925     0.0000     4.6465     0.0000     0.0000     0.0000     1.0032    34.6754    34.6758    27.7575    27.7579     3.9576    120.336     35.999 0.0000e+00
   3732.546      89582   3508.544 -106.97898   16.98436   3459.000     1.6624     1.6620   3.166234   3.166238 5.3407e-02    12.3201     4.5958 5.0100e-02          0     4.5958     0.0178     0.9924     0.0000     4.6420     0.0000     0.0000     0.0000     1.0030    34.6753    34.6758    27.7574    27.7579     3.9622    120.476     36.040 0.0000e+00
   3733.906      89615   3509.567 -106.97898   16.98436   3460.000     1.6625     1.6620   3.166284   3.166285 5.4014e-02    12.3201     4.5958 5.0100e-02          0     4.5958     0.0180     0.9922     0.0000     4.6420     0.0000     0.0000     0.0000     1.0029    34.6753    34.6759    27.7575    27.7580     3.9528    120.190     35.955 0.0000e+00
   3735.017      89641   3510.589 -106.97898   16.98436   3461.000     1.6625     1.6622   3.166329   3.166334 5.4151e-02    12.3202     4.5957 5.0100e-02          0     4.5957     0.0180     0.9918     0.0000     4.6443     0.0000     0.0000     0.0000     1.0024    34.6754    34.6759    27.7575    27.7579     3.9472    120.019     35.904 0.0000e+00
   3735.936      89663   3511.612 -106.97898   16.98436   3462.000     1.6624     1.6620   3.166360   3.166371 5.4407e-02    12.3203     4.5956 5.0100e-02          0     4.5956     0.0181     0.9919     0.0000     4.6502     0.0000     0.0000     0.0000     1.0025    34.6755    34.6760    27.7576    27.7581     3.9718    120.768     36.127 0.0000e+00
   3736.787      89684   3512.634 -106.97898   16.98436   3463.000     1.6624     1.6620   3.166394   3.166406 5.4769e-02    12.3206     4.5952 5.0100e-02          0     4.5952     0.0182     0.9920     0.0000     4.6517     0.0000     0.0000     0.0000     1.0027    34.6754    34.6760    27.7576    27.7581     3.9646    120.548     36.062 0.0000e+00
   3737.696      89706   3513.657 -106.97898   16.98436   3464.000     1.6623     1.6617   3.166421   3.166410 5.4943e-02    12.3201     4.5958 5.0100e-02          0     4.5958     0.0183     0.9918     0.0000     4.6539     0.0000     0.0000     0.0000     1.0025    34.6754    34.6760    27.7576    27.7581     3.9563    120.298     35.987 0.0000e+00
   3738.781      89732   3514.679 -106.97898   16.98436   3465.000     1.6623     1.6615   3.166447   3.166428 5.4945e-02    12.3202     4.5957 5.0100e-02          0     4.5957     0.0183     0.9919     0.0000     4.6540     0.0000     0.0000     0.0000     1.0026    34.6753    34.6759    27.7575    27.7581     3.9730    120.805     36.138 0.0000e+00
   3740.065      89763   3515.702 -106.97898   16.98436   3466.000     1.6625     1.6617   3.166507   3.166475 5.3933e-02    12.3202     4.5957 5.0100e-02          0     4.5957     0.0180     0.9919     0.0000     4.6544     0.0000     0.0000     0.0000     1.0026    34.6754    34.6759    27.7576    27.7580     3.9631    120.504     36.048 0.0000e+00
   3741.222      89790   3516.724 -106.97898   16.98436   3467.000     1.6625     1.6620   3.166544   3.166543 5.3814e-02    12.3203     4.5956 5.0100e-02          0     4.5956     0.0179     0.9922     0.0000     4.6537     0.0000     0.0000     0.0000     1.0029    34.6753    34.6759    27.7575    27.7580     3.9636    120.520     36.053 0.0000e+00
   3742.136      89812   3517.747 -106.97898   16.98436   3468.000     1.6625     1.6620   3.166572   3.166582 5.4178e-02    12.3203     4.5955 5.0100e-02          0     4.5955     0.0180     0.9917     0.0000     4.6553     0.0000     0.0000     0.0000     1.0024    34.6753    34.6760    27.7575    27.7581     3.9532    120.202     35.958 0.0000e+00
   3742.948      89832   3518.769 -106.97898   16.98436   3469.000     1.6624     1.6620   3.166608   3.166632 5.4374e-02    12.3205     4.5953 5.0100e-02          0     4.5953     0.0181     0.9918     0.0000     4.6552     0.0000     0.0000     0.0000     1.0025    34.6754    34.6761    27.7576    27.7582     3.9665    120.607     36.079 0.0000e+00
   3743.721      89850   3519.792 -106.97898   16.98436   3470.000     1.6622     1.6618   3.166641   3.166647 5.4171e-02    12.3204     4.5954 5.0100e-02          0     4.5954     0.0180     0.9917     0.0000     4.6551     0.0000     0.0000     0.0000     1.0024    34.6755    34.6760    27.7577    27.7582     3.9670    120.621     36.083 0.0000e+00
   3744.527      89870   3520.815 -106.97898   16.98436   3471.000     1.6624     1.6619   3.166683   3.166690 5.3732e-02    12.3202     4.5957 5.0100e-02          0     4.5957     0.0179     0.9918     0.0000     4.6557     0.0000     0.0000     0.0000     1.0025    34.6754    34.6760    27.7576    27.7581     3.9604    120.421     36.024 0.0000e+00
   3745.427      89891   3521.837 -106.97898   16.98436   3472.000     1.6624     1.6619   3.166721   3.166729 5.4766e-02    12.3201     4.5957 5.0100e-02          0     4.5957     0.0182     0.9916     0.0000     4.6557     0.0000     0.0000     0.0000     1.0023    34.6754    34.6760    27.7576    27.7581     3.9614    120.453     36.033 0.0000e+00
   3746.495      89917   3522.860 -106.97898   16.98436   3473.000     1.6625     1.6620   3.166763   3.166765 5.4190e-02    12.3202     4.5957 5.0100e-02          0     4.5957     0.0181     0.9916     0.0000     4.6555     0.0000     0.0000     0.0000     1.0023    34.6754    34.6759    27.7576    27.7580     3.9679    120.651     36.093 0.0000e+00
   3747.655      89945   3523.882 -106.97898   16.98436   3474.000     1.6626     1.6621   3.166815   3.166813 5.3594e-02    12.3203     4.5956 5.0100e-02          0     4.5956     0.0179     0.9916     0.0000     4.6557     0.0000     0.0000     0.0000     1.0023    34.6754    34.6760    27.7576    27.7581     3.9644    120.543     36.060 0.0000e+00
   3748.784      89972   3524.905 -106.97900   16.98436   3475.000     1.6628     1.6622   3.166857   3.166855 5.3723e-02    12.3202     4.5957 5.0100e-02          0     4.5957     0.0179     0.9915     0.0000     4.6557     0.0000     0.0000     0.0000     1.0022    34.6753    34.6759    27.7576    27.7581     3.9610    120.440     36.030 0.0000e+00
   3749.903      89999   3525.928 -106.97899   16.98436   3476.000     1.6628     1.6623   3.166901   3.166896 5.4386e-02    12.3203     4.5956 5.0100e-02          0     4.5956     0.0181     0.9915     0.0000     4.6553     0.0000     0.0000     0.0000     1.0022    34.6754    34.6758    27.7576    27.7580     3.9699    120.712     36.111 0.0000e+00
   3751.071      90027   3526.950 -106.97898   16.98436   3477.000     1.6627     1.6623   3.166936   3.166940 5.4290e-02    12.3202     4.5956 5.0100e-02          0     4.5956     0.0181     0.9915     0.0000     4.6555     0.0000     0.0000     0.0000     1.0022    34.6754    34.6759    27.7577    27.7581     3.9635    120.516     36.052 0.0000e+00
   3752.279      90056   3527.973 -106.97898   16.98436   3478.000     1.6628     1.6623   3.166973   3.166976 5.3938e-02    12.3203     4.5956 5.0100e-02          0     4.5956     0.0180     0.9913     0.0000     4.6556     0.0000     0.0000     0.0000     1.0020    34.6754    34.6759    27.7576    27.7581     3.9628    120.494     36.046 0.0000e+00
   3753.425      90083   3528.995 -106.97898   16.98436   3479.000     1.6627     1.6623   3.167007   3.167020 5.4510e-02    12.3203     4.5955 5.0100e-02          0     4.5955     0.0182     0.9913     0.0000     4.6553     0.0000     0.0000     0.0000     1.0021    34.6754    34.6760    27.7577    27.7582     3.9685    120.669     36.098 0.0000e+00
   3754.407      90107   3530.018 -106.97898   16.98436   3480.000     1.6627     1.6622   3.167046   3.167055 5.4613e-02    12.3204     4.5954 5.0100e-02          0     4.5954     0.0182     0.9914     0.0000     4.6545     0.0000     0.0000     0.0000     1.0021    34.6754    34.6761    27.7577    27.7582     3.9697    120.704     36.109 0.0000e+00
   3755.261      90127   3531.041 -106.97898   16.98436   3481.000     1.6630     1.6624   3.167103   3.167101 5.4746e-02    12.3202     4.5957 5.0100e-02          0     4.5957     0.0182     0.9914     0.0000     4.6557     0.0000     0.0000     0.0000     1.0021    34.6754    34.6760    27.7577    27.7582     3.9713    120.752     36.123 0.0000e+00
   3756.043      90146   3532.063 -106.97898   16.98436   3482.000     1.6630     1.6625   3.167149   3.167147 5.4945e-02    12.3202     4.5957 5.0100e-02          0     4.5957     0.0183     0.9914     0.0000     4.6558     0.0000     0.0000     0.0000     1.0021    34.6755    34.6760    27.7578    27.7582     3.9665    120.607     36.080 0.0000e+00
   3756.835      90165   3533.086 -106.97898   16.98436   3483.000     1.6629     1.6624   3.167184   3.167176 5.4945e-02    12.3204     4.5955 5.0100e-02          0     4.5955     0.0183     0.9913     0.0000     4.6558     0.0000     0.0000     0.0000     1.0020    34.6756    34.6760    27.7578    27.7582     3.9633    120.511     36.051 0.0000e+00
   3757.689      90186   3534.109 -106.97898   16.98436   3484.000     1.6627     1.6623   3.167202   3.167206 5.3834e-02    12.3204     4.5955 5.0100e-02          0     4.5955     0.0179     0.9913     0.0000     4.6557     0.0000     0.0000     0.0000     1.0020    34.6755    34.6761    27.7578    27.7582     3.9728    120.800     36.137 0.0000e+00
   3758.656      90209   3535.131 -106.97899   16.98436   3485.000     1.6628     1.6623   3.167239   3.167236 5.3873e-02    12.3201     4.5958 5.0100e-02          0     4.5958     0.0179     0.9913     0.0000     4.6557     0.0000     0.0000     0.0000     1.0021    34.6755    34.6759    27.7578    27.7582     3.9734    120.817     36.143 0.0000e+00
   3759.762      90235   3536.154 -106.97900   16.98436   3486.000     1.6629     1.6624   3.167285   3.167283 5.3639e-02    12.3202     4.5957 5.0100e-02          0     4.5957     0.0179     0.9913     0.0000     4.6557     0.0000     0.0000     0.0000     1.0021    34.6755    34.6760    27.7578    27.7582     3.9615    120.455     36.034 0.0000e+00
   3760.964      90264   3537.176 -106.97900   16.98436   3487.000     1.6630     1.6625   3.167326   3.167331 5.4571e-02    12.3200     4.5959 5.0100e-02          0     4.5959     0.0182     0.9909     0.0000     4.6559     0.0000     0.0000     0.0000     1.0017    34.6755    34.6760    27.7578    27.7582     3.9562    120.294     35.986 0.0000e+00
   3762.150      90293   3538.199 -106.97898   16.98436   3488.000     1.6631     1.6627   3.167377   3.167386 5.4946e-02    12.3202     4.5957 5.0100e-02          0     4.5957     0.0183     0.9908     0.0000     4.6558     0.0000     0.0000     0.0000     1.0016    34.6755    34.6761    27.7578    27.7583     3.9648    120.554     36.064 0.0000e+00
   3763.225      90318   3539.222 -106.97898   16.98436   3489.000     1.6634     1.6628   3.167434   3.167435 5.4298e-02    12.3202     4.5957 5.0100e-02          0     4.5957     0.0181     0.9905     0.0000     4.6558     0.0000     0.0000     0.0000     1.0013    34.6755    34.6761    27.7577    27.7582     3.9637    120.522     36.055 0.0000e+00
   3764.211      90342   3540.245 -106.97898   16.98436   3490.000     1.6634     1.6629   3.167477   3.167470 5.5268e-02    12.3205     4.5953 5.0100e-02          0     4.5953     0.0184     0.9907     0.0000     4.6557     0.0000     0.0000     0.0000     1.0015    34.6755    34.6760    27.7578    27.7582     3.9608    120.433     36.028 0.0000e+00
