notebooks/python-ctd/RR18_Station33_P2_cast63.cnv
* Sea-Bird SBE 9 Data File:
* FileName = C:\CTD\RR1805\Station33_cast63.hex
* Software Version Seasave V 7.26.6.26
* Temperature SN = 4307
* Conductivity SN = 4650
* Number of Bytes Per Scan = 44
* Number of Voltage Words = 5
* Number of Scans Averaged by the Deck Unit = 1
* NMEA Latitude = 20 15.81 N
* NMEA Longitude = 106 04.40 W
* NMEA UTC (Time) = Apr 23 2018 14:00:59
** Ship: Revell
** Station: On Deck
** Operator: GR
** Station 33 P1 Cast 63
# nquan = 32
# nvalues = 1491                        
# units = specified
# name 0 = timeS: Time, Elapsed [seconds]
# name 1 = scan: Scan Count
# name 2 = prDM: Pressure, Digiquartz [db]
# name 3 = longitude: Longitude [deg]
# name 4 = latitude: Latitude [deg]
# name 5 = depSMignore: Depth [salt water, m]
# name 6 = t090C: Temperature [ITS-90, deg C]
# name 7 = t190C: Temperature, 2 [ITS-90, deg C]
# name 8 = c0S/m: Conductivity [S/m]
# name 9 = c1S/m: Conductivity, 2 [S/m]
# name 10 = flSP: Fluorescence, Seapoint
# name 11 = CStarAt0: Beam Attenuation, WET Labs C-Star [1/m]
# name 12 = CStarTr0: Beam Transmission, WET Labs C-Star [%]
# name 13 = par: PAR/Irradiance, Biospherical/Licor
# name 14 = modError: Modulo Error Count
# name 15 = v0: Voltage 0
# name 16 = v1: Voltage 1
# name 17 = v2: Voltage 2
# name 18 = v3: Voltage 3
# name 19 = v4: Voltage 4
# name 20 = v5: Voltage 5
# name 21 = v6: Voltage 6
# name 22 = v7: Voltage 7
# name 23 = sbeox0V: Oxygen raw, SBE 43 [V]
# name 24 = sal00: Salinity, Practical [PSU]
# name 25 = sal11: Salinity, Practical, 2 [PSU]
# name 26 = sigma-é00: Density [sigma-theta, kg/m^3]
# name 27 = sigma-é11: Density, 2 [sigma-theta, kg/m^3]
# name 28 = sbeox0Mg/L: Oxygen, SBE 43 [mg/l], WS = 2
# name 29 = sbox0Mm/Kg: Oxygen, SBE 43 [umol/kg], WS = 2
# name 30 = sbeox0PS: Oxygen, SBE 43 [% saturation], WS = 2
# name 31 = flag: flag
# span 0 =     48.916,   1743.362       
# span 1 =       1175,      41842       
# span 2 =     11.068,   1515.740       
# span 3 = -106.07344, -106.07340       
# span 4 =   20.26356,   20.26362       
# span 5 =     11.000,   1501.000       
# span 6 =     3.1123,    24.8934       
# span 7 =     3.1114,    24.8823       
# span 8 =   3.209081,   5.247989       
# span 9 =   3.209121,   5.246879       
# span 10 = 6.9595e-02, 2.3735e+00      
# span 11 =    12.3326,    12.6171      
# span 12 =     4.2670,     4.5815      
# span 13 = 5.0652e-02, 7.3384e+01      
# span 14 =          0,          0      
# span 15 =     4.2670,     4.5815      
# span 16 =     0.0232,     0.7912      
# span 17 =     0.5062,     2.7239      
# span 18 =     0.0000,     0.0000      
# span 19 =     2.5228,     4.6963      
# span 20 =     0.0000,     0.0000      
# span 21 =     0.0047,     3.1615      
# span 22 =     0.0000,     0.0000      
# span 23 =     0.5060,     2.7239      
# span 24 =    34.4706,    34.8287      
# span 25 =    34.4702,    34.8303      
# span 26 =    23.1018,    27.5611      
# span 27 =    23.1054,    27.5623      
# span 28 =     0.0340,     6.6641      
# span 29 =      1.034,    203.520      
# span 30 =      0.356,     97.302      
# span 31 = 0.0000e+00, 0.0000e+00      
# interval = meters: 1                  
# start_time = Apr 23 2018 14:01:00 [System UTC, first data scan.]
# bad_flag = -9.990e-29
*END*
[from data line 408]
    595.437      14291    422.012 -106.07342   20.26358    419.000     9.3194     9.3195   3.727681   3.727940 7.7702e-02    12.3426     4.5700 5.0671e-02          0     4.5700     0.0259     0.5077     0.0000     4.6180     0.0000     0.0049     0.0000     0.5074    34.6270    34.6296    26.7821    26.7841     0.0392      1.193      0.427 0.0000e+00
    596.446      14316    423.020 -106.07342   20.26358    420.000     9.3142     9.3148   3.727235   3.727510 7.7512e-02    12.3433     4.5692 5.0671e-02          0     4.5692     0.0258     0.5073     0.0000     4.6067     0.0000     0.0049     0.0000     0.5070    34.6269    34.6292    26.7829    26.7846     0.0365      1.111      0.397 0.0000e+00
    597.499      14341    424.028 -106.07342   20.26358    421.000     9.3107     9.3111   3.726934   3.727212 7.6899e-02    12.3440     4.5684 5.0671e-02          0     4.5684     0.0256     0.5076     0.0000     4.6035     0.0000     0.0049     0.0000     0.5073    34.6268    34.6292    26.7833    26.7852     0.0401      1.219      0.436 0.0000e+00
    598.442      14364    425.036 -106.07342   20.26358    422.000     9.3053     9.3055   3.726447   3.726698 7.6433e-02    12.3454     4.5668 5.0671e-02          0     4.5668     0.0254     0.5076     0.0000     4.5837     0.0000     0.0049     0.0000     0.5073    34.6264    34.6288    26.7840    26.7858     0.0385      1.173      0.420 0.0000e+00
    599.305      14384    426.045 -106.07342   20.26358    423.000     9.2939     9.2940   3.725371   3.725604 7.6930e-02    12.3432     4.5693 5.0671e-02          0     4.5693     0.0256     0.5076     0.0000     4.5782     0.0000     0.0049     0.0000     0.5073    34.6258    34.6282    26.7854    26.7872     0.0376      1.145      0.410 0.0000e+00
    600.172      14405    427.053 -106.07342   20.26358    424.000     9.2753     9.2752   3.723571   3.723789 7.7083e-02    12.3429     4.5697 5.0671e-02          0     4.5697     0.0257     0.5075     0.0000     4.5843     0.0000     0.0049     0.0000     0.5072    34.6247    34.6271    26.7875    26.7894     0.0383      1.166      0.417 0.0000e+00
    601.183      14429    428.061 -106.07342   20.26358    425.000     9.2543     9.2539   3.721539   3.721744 7.6265e-02    12.3422     4.5704 5.0671e-02          0     4.5704     0.0254     0.5075     0.0000     4.5936     0.0000     0.0049     0.0000     0.5072    34.6235    34.6260    26.7900    26.7920     0.0380      1.156      0.413 0.0000e+00
    602.425      14459    429.069 -106.07342   20.26358    426.000     9.2355     9.2356   3.719734   3.719981 7.6564e-02    12.3430     4.5695 5.0671e-02          0     4.5695     0.0255     0.5077     0.0000     4.5962     0.0000     0.0049     0.0000     0.5074    34.6224    34.6249    26.7922    26.7941     0.0407      1.238      0.442 0.0000e+00
    603.642      14488    430.078 -106.07342   20.26358    427.000     9.2191     9.2190   3.718157   3.718387 7.6800e-02    12.3433     4.5692 5.0671e-02          0     4.5692     0.0256     0.5077     0.0000     4.5979     0.0000     0.0049     0.0000     0.5074    34.6215    34.6240    26.7942    26.7961     0.0378      1.152      0.411 0.0000e+00
    604.787      14516    431.086 -106.07342   20.26358    428.000     9.1993     9.1987   3.716210   3.716393 7.7058e-02    12.3431     4.5695 5.0671e-02          0     4.5695     0.0257     0.5078     0.0000     4.5922     0.0000     0.0049     0.0000     0.5075    34.6200    34.6224    26.7962    26.7982     0.0400      1.218      0.435 0.0000e+00
    605.944      14544    432.094 -106.07342   20.26358    429.000     9.1533     9.1528   3.711800   3.712000 7.7198e-02    12.3448     4.5675 5.0671e-02          0     4.5675     0.0257     0.5074     0.0000     4.5931     0.0000     0.0049     0.0000     0.5071    34.6182    34.6207    26.8022    26.8043     0.0352      1.070      0.382 0.0000e+00
    607.000      14569    433.103 -106.07342   20.26358    430.000     9.1454     9.1456   3.711108   3.711375 7.6918e-02    12.3426     4.5700 5.0671e-02          0     4.5700     0.0256     0.5074     0.0000     4.6088     0.0000     0.0049     0.0000     0.5071    34.6182    34.6207    26.8035    26.8054     0.0388      1.181      0.421 0.0000e+00
    607.865      14590    434.111 -106.07343   20.26358    431.000     9.1415     9.1419   3.710810   3.711087 7.6717e-02    12.3428     4.5698 5.0671e-02          0     4.5698     0.0255     0.5074     0.0000     4.6204     0.0000     0.0049     0.0000     0.5071    34.6183    34.6209    26.8042    26.8062     0.0385      1.173      0.418 0.0000e+00
    608.591      14607    435.119 -106.07344   20.26358    432.000     9.1395     9.1400   3.710663   3.710949 7.5400e-02    12.3425     4.5701 5.0671e-02          0     4.5701     0.0251     0.5075     0.0000     4.6146     0.0000     0.0049     0.0000     0.5072    34.6183    34.6208    26.8046    26.8064     0.0364      1.108      0.395 0.0000e+00
    609.267      14623    436.127 -106.07344   20.26360    433.000     9.1380     9.1382   3.710561   3.710821 1.4506e-01    12.3422     4.5705 5.0671e-02          0     4.5705     0.0483     0.5073     0.0000     4.6070     0.0000     0.0049     0.0000     0.5070    34.6183    34.6207    26.8048    26.8067     0.0354      1.076      0.384 0.0000e+00
    609.954      14640    437.135 -106.07344   20.26360    434.000     9.1368     9.1372   3.710493   3.710780 8.5315e-02    12.3419     4.5708 5.0671e-02          0     4.5708     0.0284     0.5072     0.0000     4.6203     0.0000     0.0049     0.0000     0.5069    34.6183    34.6208    26.8050    26.8069     0.0381      1.159      0.413 0.0000e+00
    610.773      14660    438.144 -106.07344   20.26360    435.000     9.1356     9.1360   3.710412   3.710686 7.7121e-02    12.3444     4.5680 5.0671e-02          0     4.5680     0.0257     0.5073     0.0000     4.6221     0.0000     0.0049     0.0000     0.5070    34.6181    34.6205    26.8050    26.8069     0.0379      1.155      0.412 0.0000e+00
    612.039      14690    439.152 -106.07344   20.26360    436.000     9.1343     9.1348   3.710334   3.710599 7.6923e-02    12.3432     4.5693 5.0671e-02          0     4.5693     0.0256     0.5073     0.0000     4.6224     0.0000     0.0049     0.0000     0.5070    34.6180    34.6203    26.8052    26.8070     0.0378      1.150      0.410 0.0000e+00
    613.546      14726    440.160 -106.07343   20.26358    437.000     9.1306     9.1312   3.710016   3.710309 7.6804e-02    12.3488     4.5630 5.0671e-02          0     4.5630     0.0256     0.5073     0.0000     4.6224     0.0000     0.0049     0.0000     0.5070    34.6178    34.6203    26.8057    26.8076     0.0375      1.141      0.407 0.0000e+00
    614.751      14755    441.169 -106.07342   20.26358    438.000     9.1274     9.1276   3.709756   3.710005 7.7499e-02    12.3466     4.5655 5.0671e-02          0     4.5655     0.0258     0.5073     0.0000     4.6227     0.0000     0.0049     0.0000     0.5070    34.6179    34.6202    26.8063    26.8081     0.0378      1.152      0.410 0.0000e+00
    615.890      14782    442.177 -106.07342   20.26358    439.000     9.1216     9.1215   3.709206   3.709440 7.6128e-02    12.3429     4.5697 5.0671e-02          0     4.5697     0.0253     0.5074     0.0000     4.6055     0.0000     0.0049     0.0000     0.5071    34.6173    34.6197    26.8068    26.8087     0.0378      1.151      0.410 0.0000e+00
    617.142      14812    443.185 -106.07342   20.26358    440.000     9.1041     9.1041   3.707496   3.707740 7.6535e-02    12.3422     4.5705 5.0671e-02          0     4.5705     0.0255     0.5074     0.0000     4.6013     0.0000     0.0049     0.0000     0.5071    34.6159    34.6185    26.8085    26.8105     0.0382      1.162      0.414 0.0000e+00
    618.285      14840    444.194 -106.07342   20.26358    441.000     9.0888     9.0890   3.706038   3.706295 7.6768e-02    12.3426     4.5700 5.0671e-02          0     4.5700     0.0256     0.5075     0.0000     4.6044     0.0000     0.0049     0.0000     0.5072    34.6151    34.6176    26.8104    26.8123     0.0394      1.201      0.427 0.0000e+00
    619.168      14861    445.202 -106.07342   20.26358    442.000     9.0597     9.0596   3.703253   3.703475 7.8324e-02    12.3422     4.5705 5.0671e-02          0     4.5705     0.0261     0.5075     0.0000     4.6041     0.0000     0.0049     0.0000     0.5072    34.6139    34.6163    26.8141    26.8160     0.0383      1.166      0.415 0.0000e+00
    619.924      14879    446.210 -106.07344   20.26360    443.000     9.0511     9.0514   3.702499   3.702740 7.9869e-02    12.3419     4.5708 5.0671e-02          0     4.5708     0.0266     0.5075     0.0000     4.6022     0.0000     0.0049     0.0000     0.5072    34.6138    34.6161    26.8154    26.8171     0.0395      1.202      0.428 0.0000e+00
    620.644      14896    447.219 -106.07344   20.26360    444.000     9.0414     9.0415   3.701598   3.701829 7.6929e-02    12.3421     4.5706 5.0671e-02          0     4.5706     0.0256     0.5075     0.0000     4.6014     0.0000     0.0049     0.0000     0.5072    34.6134    34.6157    26.8166    26.8184     0.0379      1.154      0.410 0.0000e+00
    621.379      14914    448.227 -106.07344   20.26360    445.000     9.0275     9.0275   3.700285   3.700516 7.6565e-02    12.3417     4.5711 5.0671e-02          0     4.5711     0.0255     0.5074     0.0000     4.6039     0.0000     0.0049     0.0000     0.5071    34.6128    34.6151    26.8184    26.8202     0.0366      1.113      0.396 0.0000e+00
    622.201      14934    449.235 -106.07344   20.26360    446.000     9.0136     9.0137   3.698991   3.699210 7.6911e-02    12.3415     4.5713 5.0671e-02          0     4.5713     0.0256     0.5074     0.0000     4.6047     0.0000     0.0049     0.0000     0.5071    34.6122    34.6145    26.8202    26.8219     0.0394      1.198      0.426 0.0000e+00
    623.130      14956    450.244 -106.07344   20.26360    447.000     9.0020     9.0021   3.697924   3.698159 7.6603e-02    12.3429     4.5697 5.0671e-02          0     4.5697     0.0255     0.5076     0.0000     4.6050     0.0000     0.0049     0.0000     0.5073    34.6119    34.6143    26.8218    26.8236     0.0398      1.211      0.430 0.0000e+00
    624.134      14980    451.252 -106.07344   20.26360    448.000     8.9976     8.9980   3.697546   3.697808 7.7894e-02    12.3431     4.5694 5.0671e-02          0     4.5694     0.0259     0.5075     0.0000     4.6050     0.0000     0.0049     0.0000     0.5072    34.6117    34.6141    26.8224    26.8242     0.0390      1.186      0.421 0.0000e+00
    625.192      15006    452.260 -106.07344   20.26358    449.000     8.9941     8.9944   3.697258   3.697521 7.6684e-02    12.3427     4.5699 5.0671e-02          0     4.5699     0.0255     0.5077     0.0000     4.6050     0.0000     0.0049     0.0000     0.5074    34.6117    34.6141    26.8229    26.8248     0.0382      1.163      0.413 0.0000e+00
    626.323      15033    453.269 -106.07344   20.26358    450.000     8.9885     8.9886   3.696763   3.697007 7.6534e-02    12.3440     4.5685 5.0671e-02          0     4.5685     0.0255     0.5072     0.0000     4.6052     0.0000     0.0049     0.0000     0.5069    34.6115    34.6139    26.8237    26.8255     0.0340      1.034      0.367 0.0000e+00
    627.668      15065    454.277 -106.07344   20.26358    451.000     8.9822     8.9825   3.696202   3.696475 7.6717e-02    12.3444     4.5680 5.0671e-02          0     4.5680     0.0255     0.5073     0.0000     4.6019     0.0000     0.0049     0.0000     0.5070    34.6113    34.6138    26.8245    26.8264     0.0392      1.194      0.424 0.0000e+00
    629.125      15100    455.285 -106.07344   20.26358    452.000     8.9783     8.9784   3.695884   3.696130 7.6077e-02    12.3425     4.5701 5.0671e-02          0     4.5701     0.0253     0.5074     0.0000     4.5723     0.0000     0.0049     0.0000     0.5071    34.6113    34.6137    26.8252    26.8271     0.0372      1.132      0.402 0.0000e+00
    630.308      15128    456.294 -106.07342   20.26358    453.000     8.9760     8.9760   3.695709   3.695954 7.7426e-02    12.3430     4.5695 5.0671e-02          0     4.5695     0.0258     0.5072     0.0000     4.5696     0.0000     0.0049     0.0000     0.5069    34.6113    34.6138    26.8255    26.8275     0.0359      1.092      0.388 0.0000e+00
    631.218      15150    457.302 -106.07342   20.26358    454.000     8.9710     8.9712   3.695275   3.695529 7.7271e-02    12.3419     4.5708 5.0671e-02          0     4.5708     0.0257     0.5072     0.0000     4.5966     0.0000     0.0049     0.0000     0.5069    34.6111    34.6135    26.8262    26.8281     0.0407      1.237      0.439 0.0000e+00
    631.996      15169    458.310 -106.07344   20.26358    455.000     8.9586     8.9583   3.694068   3.694276 7.5853e-02    12.3427     4.5699 5.0671e-02          0     4.5699     0.0252     0.5075     0.0000     4.6131     0.0000     0.0049     0.0000     0.5072    34.6101    34.6125    26.8274    26.8293     0.0398      1.211      0.430 0.0000e+00
    632.732      15187    459.319 -106.07344   20.26359    456.000     8.9000     8.8978   3.688377   3.688353 7.6314e-02    12.3419     4.5709 5.0671e-02          0     4.5709     0.0254     0.5075     0.0000     4.6206     0.0000     0.0049     0.0000     0.5072    34.6070    34.6089    26.8343    26.8361     0.0383      1.165      0.413 0.0000e+00
    633.503      15205    460.327 -106.07344   20.26360    457.000     8.8702     8.8696   3.685615   3.685766 7.6551e-02    12.3419     4.5709 5.0671e-02          0     4.5709     0.0255     0.5075     0.0000     4.6220     0.0000     0.0049     0.0000     0.5072    34.6065    34.6088    26.8386    26.8405     0.0393      1.196      0.424 0.0000e+00
    634.376      15226    461.336 -106.07344   20.26360    458.000     8.8502     8.8501   3.683678   3.683884 7.7078e-02    12.3415     4.5712 5.0671e-02          0     4.5712     0.0257     0.5076     0.0000     4.6227     0.0000     0.0049     0.0000     0.5073    34.6053    34.6075    26.8409    26.8426     0.0383      1.167      0.413 0.0000e+00
    635.413      15251    462.344 -106.07344   20.26360    459.000     8.8375     8.8371   3.682478   3.682671 7.6247e-02    12.3415     4.5713 5.0671e-02          0     4.5713     0.0254     0.5074     0.0000     4.6231     0.0000     0.0049     0.0000     0.5071    34.6046    34.6070    26.8423    26.8442     0.0380      1.155      0.409 0.0000e+00
    636.546      15278    463.353 -106.07344   20.26359    460.000     8.8189     8.8189   3.680758   3.680982 7.7198e-02    12.3419     4.5708 5.0671e-02          0     4.5708     0.0257     0.5073     0.0000     4.6231     0.0000     0.0049     0.0000     0.5070    34.6042    34.6065    26.8449    26.8467     0.0374      1.139      0.403 0.0000e+00
    637.668      15305    464.361 -106.07343   20.26358    461.000     8.8133     8.8136   3.680269   3.680530 7.7349e-02    12.3422     4.5705 5.0671e-02          0     4.5705     0.0258     0.5074     0.0000     4.6234     0.0000     0.0049     0.0000     0.5071    34.6040    34.6064    26.8457    26.8476     0.0373      1.135      0.402 0.0000e+00
    638.770      15331    465.369 -106.07342   20.26358    462.000     8.8096     8.8100   3.679969   3.680229 7.5570e-02    12.3420     4.5707 5.0671e-02          0     4.5707     0.0252     0.5071     0.0000     4.6137     0.0000     0.0049     0.0000     0.5068    34.6040    34.6064    26.8463    26.8481     0.0372      1.133      0.401 0.0000e+00
    639.850      15357    466.378 -106.07342   20.26358    463.000     8.8065     8.8069   3.679730   3.679985 7.6530e-02    12.3426     4.5700 5.0671e-02          0     4.5700     0.0255     0.5074     0.0000     4.6252     0.0000     0.0049     0.0000     0.5071    34.6040    34.6063    26.8468    26.8486     0.0390      1.189      0.421 0.0000e+00
