notebooks/python-ctd/RR18_Station32_P2_cast57.cnv
* Sea-Bird SBE 9 Data File:
* FileName = C:\CTD\RR1805\Station32_cast57.hex
* Software Version Seasave V 7.26.6.26
* Temperature SN = 4307
* Conductivity SN = 4650
* Number of Bytes Per Scan = 44
* Number of Voltage Words = 5
* Number of Scans Averaged by the Deck Unit = 1
* NMEA Latitude = 16 59.06 N
* NMEA Longitude = 106 58.74 W
* NMEA UTC (Time) = Apr 20 2018 11:01:51
** Ship: Revell
** Station: On Deck
** Operator: nak
# nquan = 32
# nvalues = 3504                        
# units = specified
# name 0 = timeS: Time, Elapsed [seconds]
# name 1 = scan: Scan Count
# name 2 = prDM: Pressure, Digiquartz [db]
# name 3 = longitude: Longitude [deg]
# name 4 = latitude: Latitude [deg]
# name 5 = depSMlignore: Depth [salt water, m]
# name 6 = t090C: Temperature [ITS-90, deg C]
# name 7 = t190C: Temperature, 2 [ITS-90, deg C]
# name 8 = c0S/m: Conductivity [S/m]
# name 9 = c1S/m: Conductivity, 2 [S/m]
# name 10 = flSP: Fluorescence, Seapoint
# name 11 = CStarAt0: Beam Attenuation, WET Labs C-Star [1/m]
# name 12 = CStarTr0: Beam Transmission, WET Labs C-Star [%]
# name 13 = par: PAR/Irradiance, Biospherical/Licor
# name 14 = modError: Modulo Error Count
# name 15 = v0: Voltage 0
# name 16 = v1: Voltage 1
# name 17 = v2: Voltage 2
# name 18 = v3: Voltage 3
# name 19 = v4: Voltage 4
# name 20 = v5: Voltage 5
# name 21 = v6: Voltage 6
# name 22 = v7: Voltage 7
# name 23 = sbeox0V: Oxygen raw, SBE 43 [V]
# name 24 = sal00: Salinity, Practical [PSU]
# name 25 = sal11: Salinity, Practical, 2 [PSU]
# name 26 = sigma-é00: Density [sigma-theta, kg/m^3]
# name 27 = sigma-é11: Density, 2 [sigma-theta, kg/m^3]
# name 28 = sbeox0Mg/L: Oxygen, SBE 43 [mg/l], WS = 2
# name 29 = sbox0Mm/Kg: Oxygen, SBE 43 [umol/kg], WS = 2
# name 30 = sbeox0PS: Oxygen, SBE 43 [% saturation], WS = 2
# name 31 = flag: flag
# span 0 =     31.714,   3851.267       
# span 1 =        762,      92431       
# span 2 =      1.006,   3554.562       
# span 3 = -106.97900, -106.97896       
# span 4 =   16.98432,   16.98440       
# span 5 =      1.000,   3504.000       
# span 6 =     1.6616,    26.9042       
# span 7 =     1.6611,    26.9744       
# span 8 =   3.145176,   5.415320       
# span 9 =   3.079106,  16.441289       
# span 10 = 5.2195e-02, 8.8019e-01      
# span 11 =    12.3160,    13.0223      
# span 12 =     3.9959,     4.6255      
# span 13 = 5.0085e-02, 5.0168e-02      
# span 14 =          0,          0      
# span 15 =     3.9959,     4.6255      
# span 16 =     0.0174,     0.2934      
# span 17 =     0.5056,     2.8064      
# span 18 =    -0.0000,     0.0001      
# span 19 =     0.3088,     4.6947      
# span 20 =     0.0000,     0.0000      
# span 21 =    -0.0001,     0.0006      
# span 22 =     0.0000,     0.0000      
# span 23 =     0.5050,     2.8064      
# span 24 =    34.1374,    34.8061      
# span 25 =   -10.5195,   237.4446      
# span 26 =    22.1436,    27.7579      
# span 27 =   -22.7610,   224.7598      
# span 28 =     0.0294,     6.9470      
# span 29 =      0.895,    212.123      
# span 30 =      0.301,    101.354      
# span 31 = 0.0000e+00, 0.0000e+00      
# interval = meters: 1                  
# start_time = Apr 20 2018 11:01:56 [System UTC, first data scan.]
# bad_flag = -9.990e-29
*END*
[from data line 862]
   1117.509      26821    869.979 -106.97896   16.98438    863.000     5.2279     5.2297   3.364792   3.365116 7.3253e-02    12.3304     4.5839 5.0100e-02          0     4.5839     0.0244     0.5116     0.0000     4.6658     0.0000     0.0000     0.0000     0.5111    34.5381    34.5399    27.2910    27.2922     0.0646      1.966      0.641 0.0000e+00
   1118.579      26847    870.989 -106.97896   16.98438    864.000     5.2254     5.2258   3.364618   3.364817 7.3101e-02    12.3303     4.5841 5.0100e-02          0     4.5841     0.0243     0.5117     0.0000     4.6653     0.0000     0.0000     0.0000     0.5112    34.5381    34.5400    27.2914    27.2928     0.0662      2.015      0.657 0.0000e+00
   1119.433      26867    871.999 -106.97896   16.98438    865.000     5.2211     5.2214   3.364277   3.364455 7.3259e-02    12.3306     4.5837 5.0100e-02          0     4.5837     0.0244     0.5117     0.0000     4.6715     0.0000     0.0000     0.0000     0.5112    34.5381    34.5398    27.2919    27.2932     0.0652      1.985      0.647 0.0000e+00
   1120.164      26885    873.009 -106.97896   16.98438    866.000     5.2107     5.2108   3.363372   3.363537 7.3260e-02    12.3307     4.5836 5.0100e-02          0     4.5836     0.0244     0.5117     0.0000     4.6717     0.0000     0.0000     0.0000     0.5112    34.5379    34.5397    27.2929    27.2943     0.0707      2.150      0.701 0.0000e+00
   1120.818      26901    874.020 -106.97896   16.98438    867.000     5.1959     5.1959   3.362091   3.362249 7.3260e-02    12.3306     4.5837 5.0100e-02          0     4.5837     0.0244     0.5123     0.0000     4.6713     0.0000     0.0000     0.0000     0.5118    34.5380    34.5398    27.2947    27.2961     0.0741      2.255      0.734 0.0000e+00
   1121.453      26916    875.030 -106.97896   16.98438    868.000     5.1659     5.1658   3.359483   3.359612 7.3041e-02    12.3306     4.5837 5.0100e-02          0     4.5837     0.0243     0.5122     0.0000     4.6714     0.0000     0.0000     0.0000     0.5117    34.5383    34.5400    27.2985    27.2998     0.0723      2.199      0.716 0.0000e+00
   1122.091      26931    876.040 -106.97896   16.98438    869.000     5.1503     5.1503   3.358132   3.358291 7.3248e-02    12.3306     4.5837 5.0100e-02          0     4.5837     0.0244     0.5126     0.0000     4.6717     0.0000     0.0000     0.0000     0.5121    34.5384    34.5402    27.3004    27.3018     0.0752      2.286      0.744 0.0000e+00
   1122.778      26948    877.050 -106.97896   16.98438    870.000     5.1350     5.1351   3.356816   3.356975 7.3260e-02    12.3308     4.5835 5.0100e-02          0     4.5835     0.0244     0.5128     0.0000     4.6726     0.0000     0.0000     0.0000     0.5123    34.5386    34.5403    27.3023    27.3036     0.0735      2.235      0.727 0.0000e+00
   1123.690      26970    878.060 -106.97896   16.98438    871.000     5.1267     5.1269   3.356112   3.356273 7.3006e-02    12.3312     4.5831 5.0100e-02          0     4.5831     0.0243     0.5130     0.0000     4.6728     0.0000     0.0000     0.0000     0.5125    34.5385    34.5402    27.3032    27.3045     0.0756      2.299      0.748 0.0000e+00
   1125.236      27007    879.071 -106.97898   16.98438    872.000     5.1228     5.1234   3.355800   3.355996 7.3461e-02    12.3308     4.5835 5.0100e-02          0     4.5835     0.0245     0.5137     0.0000     4.6729     0.0000     0.0000     0.0000     0.5132    34.5384    34.5401    27.3035    27.3048     0.0820      2.495      0.811 0.0000e+00
   1126.631      27040    880.081 -106.97898   16.98438    873.000     5.1209     5.1212   3.355688   3.355878 7.2496e-02    12.3309     4.5834 5.0100e-02          0     4.5834     0.0241     0.5140     0.0000     4.6724     0.0000     0.0000     0.0000     0.5135    34.5386    34.5404    27.3039    27.3054     0.0786      2.391      0.777 0.0000e+00
   1127.514      27061    881.091 -106.97898   16.98438    874.000     5.1192     5.1195   3.355592   3.355788 7.3076e-02    12.3310     4.5833 5.0100e-02          0     4.5833     0.0243     0.5142     0.0000     4.6714     0.0000     0.0000     0.0000     0.5137    34.5388    34.5406    27.3043    27.3057     0.0780      2.373      0.772 0.0000e+00
   1128.270      27079    882.101 -106.97898   16.98438    875.000     5.1170     5.1175   3.355450   3.355654 7.3260e-02    12.3309     4.5833 5.0100e-02          0     4.5833     0.0244     0.5140     0.0000     4.6723     0.0000     0.0000     0.0000     0.5135    34.5388    34.5407    27.3046    27.3061     0.0777      2.363      0.768 0.0000e+00
   1129.067      27099    883.112 -106.97896   16.98436    876.000     5.1165     5.1169   3.355452   3.355639 7.3260e-02    12.3309     4.5833 5.0100e-02          0     4.5833     0.0244     0.5143     0.0000     4.6727     0.0000     0.0000     0.0000     0.5138    34.5389    34.5407    27.3047    27.3061     0.0830      2.524      0.821 0.0000e+00
   1130.893      27142    884.122 -106.97896   16.98436    877.000     5.1169     5.1177   3.355530   3.355749 7.3377e-02    12.3311     4.5832 5.0100e-02          0     4.5832     0.0244     0.5146     0.0000     4.6726     0.0000     0.0000     0.0000     0.5141    34.5388    34.5406    27.3046    27.3059     0.0830      2.525      0.821 0.0000e+00
   1132.751      27187    885.132 -106.97896   16.98436    878.000     5.1069     5.1065   3.354659   3.354796 7.3421e-02    12.3309     4.5833 5.0100e-02          0     4.5833     0.0245     0.5152     0.0000     4.6718     0.0000     0.0000     0.0000     0.5147    34.5387    34.5406    27.3057    27.3073     0.0877      2.668      0.867 0.0000e+00
   1133.569      27207    886.142 -106.97896   16.98436    879.000     5.0842     5.0844   3.352730   3.352903 7.3056e-02    12.3309     4.5834 5.0100e-02          0     4.5834     0.0243     0.5153     0.0000     4.6702     0.0000     0.0000     0.0000     0.5148    34.5394    34.5411    27.3088    27.3102     0.0843      2.565      0.833 0.0000e+00
   1134.257      27223    887.153 -106.97896   16.98436    880.000     5.0788     5.0791   3.352311   3.352499 7.3256e-02    12.3310     4.5832 5.0100e-02          0     4.5832     0.0244     0.5153     0.0000     4.6693     0.0000     0.0000     0.0000     0.5148    34.5396    34.5414    27.3097    27.3111     0.0844      2.567      0.834 0.0000e+00
   1134.891      27238    888.163 -106.97898   16.98436    881.000     5.0780     5.0784   3.352282   3.352462 7.3260e-02    12.3308     4.5835 5.0100e-02          0     4.5835     0.0244     0.5154     0.0000     4.6710     0.0000     0.0000     0.0000     0.5149    34.5396    34.5412    27.3097    27.3110     0.0856      2.605      0.846 0.0000e+00
   1135.531      27254    889.173 -106.97898   16.98436    882.000     5.0768     5.0772   3.352198   3.352394 7.3260e-02    12.3315     4.5827 5.0100e-02          0     4.5827     0.0244     0.5154     0.0000     4.6727     0.0000     0.0000     0.0000     0.5149    34.5394    34.5412    27.3098    27.3112     0.0899      2.735      0.888 0.0000e+00
   1136.229      27270    890.183 -106.97898   16.98436    883.000     5.0683     5.0685   3.351468   3.351621 7.3993e-02    12.3312     4.5831 5.0100e-02          0     4.5831     0.0246     0.5160     0.0000     4.6727     0.0000     0.0000     0.0000     0.5155    34.5393    34.5408    27.3106    27.3118     0.0937      2.852      0.926 0.0000e+00
   1137.071      27291    891.194 -106.97898   16.98436    884.000     5.0555     5.0553   3.350360   3.350476 7.3288e-02    12.3308     4.5835 5.0100e-02          0     4.5835     0.0244     0.5161     0.0000     4.6724     0.0000     0.0000     0.0000     0.5156    34.5391    34.5407    27.3120    27.3133     0.0932      2.835      0.920 0.0000e+00
   1138.011      27313    892.204 -106.97898   16.98436    885.000     5.0425     5.0425   3.349196   3.349331 7.3437e-02    12.3309     4.5834 5.0100e-02          0     4.5834     0.0245     0.5165     0.0000     4.6714     0.0000     0.0000     0.0000     0.5160    34.5386    34.5402    27.3131    27.3144     0.0941      2.863      0.929 0.0000e+00
   1138.880      27334    893.214 -106.97898   16.98436    886.000     5.0239     5.0237   3.347521   3.347646 7.2877e-02    12.3311     4.5831 5.0100e-02          0     4.5831     0.0243     0.5168     0.0000     4.6696     0.0000     0.0000     0.0000     0.5163    34.5380    34.5396    27.3147    27.3161     0.0996      3.029      0.983 0.0000e+00
   1139.688      27354    894.225 -106.97898   16.98436    887.000     5.0143     5.0146   3.346685   3.346854 7.3072e-02    12.3317     4.5825 5.0100e-02          0     4.5825     0.0243     0.5173     0.0000     4.6690     0.0000     0.0000     0.0000     0.5168    34.5378    34.5395    27.3157    27.3170     0.1026      3.122      1.013 0.0000e+00
   1140.621      27376    895.235 -106.97898   16.98436    888.000     5.0065     5.0072   3.346002   3.346209 7.3251e-02    12.3313     4.5830 5.0100e-02          0     4.5830     0.0244     0.5177     0.0000     4.6688     0.0000     0.0000     0.0000     0.5172    34.5374    34.5391    27.3163    27.3176     0.0985      2.995      0.971 0.0000e+00
   1143.654      27449    896.245 -106.97898   16.98435    889.000     5.0201     5.0199   3.347311   3.347422 7.3260e-02    12.3314     4.5828 5.0100e-02          0     4.5828     0.0244     0.5182     0.0000     4.6692     0.0000     0.0000     0.0000     0.5177    34.5380    34.5395    27.3152    27.3164     0.1030      3.132      1.016 0.0000e+00
   1145.046      27482    897.256 -106.97898   16.98434    890.000     4.9980     4.9975   3.345300   3.345422 7.3604e-02    12.3312     4.5830 5.0100e-02          0     4.5830     0.0245     0.5187     0.0000     4.6674     0.0000     0.0000     0.0000     0.5183    34.5372    34.5390    27.3171    27.3186     0.1044      3.176      1.030 0.0000e+00
   1145.797      27500    898.266 -106.97898   16.98434    891.000     4.9911     4.9914   3.344764   3.344947 7.3258e-02    12.3311     4.5832 5.0100e-02          0     4.5832     0.0244     0.5188     0.0000     4.6642     0.0000     0.0000     0.0000     0.5184    34.5376    34.5393    27.3182    27.3196     0.1034      3.145      1.019 0.0000e+00
   1146.486      27517    899.276 -106.97898   16.98434    892.000     4.9889     4.9894   3.344622   3.344818 7.3006e-02    12.3314     4.5829 5.0100e-02          0     4.5829     0.0243     0.5187     0.0000     4.6644     0.0000     0.0000     0.0000     0.5182    34.5377    34.5394    27.3185    27.3198     0.1035      3.148      1.021 0.0000e+00
   1147.134      27532    900.287 -106.97898   16.98436    893.000     4.9868     4.9873   3.344483   3.344671 7.3482e-02    12.3313     4.5829 5.0100e-02          0     4.5829     0.0245     0.5189     0.0000     4.6674     0.0000     0.0000     0.0000     0.5185    34.5377    34.5394    27.3188    27.3201     0.1055      3.208      1.040 0.0000e+00
   1147.815      27549    901.297 -106.97899   16.98436    894.000     4.9847     4.9852   3.344327   3.344524 7.3266e-02    12.3310     4.5833 5.0100e-02          0     4.5833     0.0244     0.5190     0.0000     4.6678     0.0000     0.0000     0.0000     0.5186    34.5376    34.5394    27.3190    27.3204     0.1090      3.316      1.075 0.0000e+00
   1148.550      27566    902.307 -106.97900   16.98436    895.000     4.9818     4.9821   3.344118   3.344283 7.3060e-02    12.3315     4.5827 5.0100e-02          0     4.5827     0.0243     0.5196     0.0000     4.6689     0.0000     0.0000     0.0000     0.5192    34.5377    34.5393    27.3194    27.3206     0.1137      3.460      1.121 0.0000e+00
   1149.316      27585    903.318 -106.97900   16.98436    896.000     4.9754     4.9757   3.343594   3.343770 7.3255e-02    12.3317     4.5825 5.0100e-02          0     4.5825     0.0244     0.5197     0.0000     4.6692     0.0000     0.0000     0.0000     0.5193    34.5378    34.5395    27.3202    27.3215     0.1114      3.389      1.098 0.0000e+00
   1150.073      27603    904.328 -106.97900   16.98436    897.000     4.9567     4.9564   3.341977   3.342089 7.3260e-02    12.3312     4.5830 5.0100e-02          0     4.5830     0.0244     0.5200     0.0000     4.6694     0.0000     0.0000     0.0000     0.5196    34.5378    34.5395    27.3224    27.3237     0.1115      3.393      1.099 0.0000e+00
   1150.836      27621    905.338 -106.97900   16.98435    898.000     4.9472     4.9474   3.341214   3.341371 7.3260e-02    12.3313     4.5829 5.0100e-02          0     4.5829     0.0244     0.5200     0.0000     4.6694     0.0000     0.0000     0.0000     0.5196    34.5384    34.5400    27.3239    27.3251     0.1105      3.361      1.088 0.0000e+00
   1151.665      27641    906.349 -106.97900   16.98434    899.000     4.9458     4.9462   3.341138   3.341313 7.3260e-02    12.3312     4.5831 5.0100e-02          0     4.5831     0.0244     0.5202     0.0000     4.6693     0.0000     0.0000     0.0000     0.5198    34.5384    34.5400    27.3241    27.3253     0.1142      3.473      1.125 0.0000e+00
   1153.074      27675    907.359 -106.97900   16.98434    900.000     4.9475     4.9469   3.341306   3.341429 7.3197e-02    12.3315     4.5827 5.0100e-02          0     4.5827     0.0244     0.5209     0.0000     4.6698     0.0000     0.0000     0.0000     0.5205    34.5382    34.5402    27.3237    27.3254     0.1184      3.603      1.167 0.0000e+00
   1155.344      27729    908.369 -106.97900   16.98434    901.000     4.9487     4.9487   3.341460   3.341599 7.3268e-02    12.3315     4.5827 5.0100e-02          0     4.5827     0.0244     0.5214     0.0000     4.6692     0.0000     0.0000     0.0000     0.5209    34.5382    34.5398    27.3236    27.3249     0.1161      3.533      1.144 0.0000e+00
   1156.452      27756    909.380 -106.97900   16.98434    902.000     4.9434     4.9439   3.341060   3.341265 7.3260e-02    12.3312     4.5830 5.0100e-02          0     4.5830     0.0244     0.5215     0.0000     4.6691     0.0000     0.0000     0.0000     0.5210    34.5385    34.5404    27.3245    27.3259     0.1151      3.500      1.133 0.0000e+00
   1157.300      27776    910.390 -106.97900   16.98434    903.000     4.9380     4.9384   3.340639   3.340821 7.3260e-02    12.3310     4.5832 5.0100e-02          0     4.5832     0.0244     0.5214     0.0000     4.6691     0.0000     0.0000     0.0000     0.5209    34.5387    34.5404    27.3252    27.3265     0.1177      3.582      1.160 0.0000e+00
   1158.095      27795    911.401 -106.97900   16.98434    904.000     4.9324     4.9327   3.340198   3.340378 7.3260e-02    12.3315     4.5828 5.0100e-02          0     4.5828     0.0244     0.5218     0.0000     4.6696     0.0000     0.0000     0.0000     0.5213    34.5389    34.5407    27.3260    27.3274     0.1221      3.714      1.202 0.0000e+00
   1158.968      27816    912.411 -106.97900   16.98434    905.000     4.9298     4.9302   3.340009   3.340194 7.3567e-02    12.3313     4.5829 5.0100e-02          0     4.5829     0.0245     0.5220     0.0000     4.6703     0.0000     0.0000     0.0000     0.5215    34.5389    34.5407    27.3263    27.3277     0.1244      3.783      1.225 0.0000e+00
   1160.032      27842    913.421 -106.97900   16.98434    906.000     4.9264     4.9267   3.339733   3.339911 7.3532e-02    12.3312     4.5830 5.0100e-02          0     4.5830     0.0245     0.5223     0.0000     4.6697     0.0000     0.0000     0.0000     0.5219    34.5387    34.5405    27.3266    27.3280     0.1244      3.784      1.225 0.0000e+00
