notebooks/python-ctd/RR18_Station32_P2_cast57.cnv
* Sea-Bird SBE 9 Data File:
* FileName = C:\CTD\RR1805\Station32_cast57.hex
* Software Version Seasave V 7.26.6.26
* Temperature SN = 4307
* Conductivity SN = 4650
* Number of Bytes Per Scan = 44
* Number of Voltage Words = 5
* Number of Scans Averaged by the Deck Unit = 1
* NMEA Latitude = 16 59.06 N
* NMEA Longitude = 106 58.74 W
* NMEA UTC (Time) = Apr 20 2018 11:01:51
** Ship: Revell
** Station: On Deck
** Operator: nak
# nquan = 32
# nvalues = 3504                        
# units = specified
# name 0 = timeS: Time, Elapsed [seconds]
# name 1 = scan: Scan Count
# name 2 = prDM: Pressure, Digiquartz [db]
# name 3 = longitude: Longitude [deg]
# name 4 = latitude: Latitude [deg]
# name 5 = depSMlignore: Depth [salt water, m]
# name 6 = t090C: Temperature [ITS-90, deg C]
# name 7 = t190C: Temperature, 2 [ITS-90, deg C]
# name 8 = c0S/m: Conductivity [S/m]
# name 9 = c1S/m: Conductivity, 2 [S/m]
# name 10 = flSP: Fluorescence, Seapoint
# name 11 = CStarAt0: Beam Attenuation, WET Labs C-Star [1/m]
# name 12 = CStarTr0: Beam Transmission, WET Labs C-Star [%]
# name 13 = par: PAR/Irradiance, Biospherical/Licor
# name 14 = modError: Modulo Error Count
# name 15 = v0: Voltage 0
# name 16 = v1: Voltage 1
# name 17 = v2: Voltage 2
# name 18 = v3: Voltage 3
# name 19 = v4: Voltage 4
# name 20 = v5: Voltage 5
# name 21 = v6: Voltage 6
# name 22 = v7: Voltage 7
# name 23 = sbeox0V: Oxygen raw, SBE 43 [V]
# name 24 = sal00: Salinity, Practical [PSU]
# name 25 = sal11: Salinity, Practical, 2 [PSU]
# name 26 = sigma-é00: Density [sigma-theta, kg/m^3]
# name 27 = sigma-é11: Density, 2 [sigma-theta, kg/m^3]
# name 28 = sbeox0Mg/L: Oxygen, SBE 43 [mg/l], WS = 2
# name 29 = sbox0Mm/Kg: Oxygen, SBE 43 [umol/kg], WS = 2
# name 30 = sbeox0PS: Oxygen, SBE 43 [% saturation], WS = 2
# name 31 = flag: flag
# span 0 =     31.714,   3851.267       
# span 1 =        762,      92431       
# span 2 =      1.006,   3554.562       
# span 3 = -106.97900, -106.97896       
# span 4 =   16.98432,   16.98440       
# span 5 =      1.000,   3504.000       
# span 6 =     1.6616,    26.9042       
# span 7 =     1.6611,    26.9744       
# span 8 =   3.145176,   5.415320       
# span 9 =   3.079106,  16.441289       
# span 10 = 5.2195e-02, 8.8019e-01      
# span 11 =    12.3160,    13.0223      
# span 12 =     3.9959,     4.6255      
# span 13 = 5.0085e-02, 5.0168e-02      
# span 14 =          0,          0      
# span 15 =     3.9959,     4.6255      
# span 16 =     0.0174,     0.2934      
# span 17 =     0.5056,     2.8064      
# span 18 =    -0.0000,     0.0001      
# span 19 =     0.3088,     4.6947      
# span 20 =     0.0000,     0.0000      
# span 21 =    -0.0001,     0.0006      
# span 22 =     0.0000,     0.0000      
# span 23 =     0.5050,     2.8064      
# span 24 =    34.1374,    34.8061      
# span 25 =   -10.5195,   237.4446      
# span 26 =    22.1436,    27.7579      
# span 27 =   -22.7610,   224.7598      
# span 28 =     0.0294,     6.9470      
# span 29 =      0.895,    212.123      
# span 30 =      0.301,    101.354      
# span 31 = 0.0000e+00, 0.0000e+00      
# interval = meters: 1                  
# start_time = Apr 20 2018 11:01:56 [System UTC, first data scan.]
# bad_flag = -9.990e-29
*END*
[from data line 136]
    383.933       9215    137.865 -106.97898   16.98438    137.000    13.3128    13.3123   4.111365   4.111344 2.1536e-01    12.3538     4.5572 5.0100e-02          0     4.5572     0.0718     0.5108     0.0000     4.6309     0.0000     0.0000     0.0000     0.5099    34.7955    34.7957    26.1752    26.1754     0.0425      1.293      0.504 0.0000e+00
    384.927       9239    138.871 -106.97898   16.98438    138.000    13.2949    13.2954   4.109715   4.109795 2.0916e-01    12.3532     4.5579 5.0100e-02          0     4.5579     0.0697     0.5106     0.0000     4.6100     0.0000     0.0000     0.0000     0.5097    34.7958    34.7962    26.1790    26.1792     0.0431      1.311      0.511 0.0000e+00
    385.732       9259    139.878 -106.97898   16.98438    139.000    13.2713    13.2714   4.107460   4.107507 2.0382e-01    12.3535     4.5576 5.0100e-02          0     4.5576     0.0680     0.5107     0.0000     4.6031     0.0000     0.0000     0.0000     0.5098    34.7956    34.7960    26.1837    26.1839     0.0431      1.312      0.511 0.0000e+00
    386.474       9276    140.885 -106.97898   16.98438    140.000    13.2570    13.2575   4.106158   4.106230 2.0229e-01    12.3532     4.5579 5.0100e-02          0     4.5579     0.0674     0.5105     0.0000     4.5859     0.0000     0.0000     0.0000     0.5096    34.7959    34.7962    26.1869    26.1869     0.0415      1.264      0.492 0.0000e+00
    387.274       9296    141.892 -106.97898   16.98438    141.000    13.2451    13.2454   4.104974   4.105027 2.0706e-01    12.3529     4.5583 5.0100e-02          0     4.5583     0.0690     0.5105     0.0000     4.5879     0.0000     0.0000     0.0000     0.5096    34.7952    34.7954    26.1887    26.1888     0.0421      1.282      0.499 0.0000e+00
    388.363       9322    142.898 -106.97898   16.98438    142.000    13.2117    13.2109   4.102096   4.102067 1.8099e-01    12.3526     4.5586 5.0100e-02          0     4.5586     0.0603     0.5104     0.0000     4.5777     0.0000     0.0000     0.0000     0.5095    34.7981    34.7986    26.1978    26.1983     0.0422      1.284      0.499 0.0000e+00
    390.043       9362    143.905 -106.97898   16.98438    143.000    13.1941    13.1942   4.100612   4.100683 1.6933e-01    12.3521     4.5592 5.0100e-02          0     4.5592     0.0565     0.5104     0.0000     4.5891     0.0000     0.0000     0.0000     0.5095    34.7998    34.8003    26.2027    26.2031     0.0426      1.296      0.504 0.0000e+00
    391.488       9397    144.912 -106.97898   16.98438    144.000    13.1782    13.1785   4.099185   4.099270 1.6225e-01    12.3521     4.5592 5.0100e-02          0     4.5592     0.0541     0.5104     0.0000     4.5950     0.0000     0.0000     0.0000     0.5095    34.8004    34.8009    26.2064    26.2067     0.0421      1.283      0.499 0.0000e+00
    392.512       9421    145.918 -106.97898   16.98438    145.000    13.1732    13.1737   4.098790   4.098906 1.6083e-01    12.3518     4.5595 5.0100e-02          0     4.5595     0.0536     0.5104     0.0000     4.5920     0.0000     0.0000     0.0000     0.5095    34.8008    34.8014    26.2077    26.2081     0.0424      1.290      0.501 0.0000e+00
    393.402       9443    146.925 -106.97898   16.98438    146.000    13.1635    13.1640   4.097928   4.098023 1.5619e-01    12.3516     4.5597 5.0100e-02          0     4.5597     0.0521     0.5104     0.0000     4.5852     0.0000     0.0000     0.0000     0.5095    34.8010    34.8015    26.2099    26.2101     0.0424      1.290      0.501 0.0000e+00
    394.254       9463    147.932 -106.97898   16.98438    147.000    13.1489    13.1495   4.096598   4.096710 1.4918e-01    12.3516     4.5597 5.0100e-02          0     4.5597     0.0497     0.5104     0.0000     4.6001     0.0000     0.0000     0.0000     0.5095    34.8014    34.8019    26.2132    26.2134     0.0424      1.291      0.501 0.0000e+00
    395.116       9484    148.938 -106.97898   16.98438    148.000    13.1355    13.1363   4.095389   4.095511 1.4671e-01    12.3536     4.5574 5.0100e-02          0     4.5574     0.0489     0.5104     0.0000     4.5856     0.0000     0.0000     0.0000     0.5095    34.8017    34.8022    26.2161    26.2163     0.0422      1.285      0.499 0.0000e+00
    395.976       9504    149.945 -106.97898   16.98438    149.000    13.1305    13.1312   4.094904   4.095025 1.4524e-01    12.3517     4.5596 5.0100e-02          0     4.5596     0.0484     0.5103     0.0000     4.6153     0.0000     0.0000     0.0000     0.5094    34.8013    34.8018    26.2168    26.2171     0.0421      1.281      0.497 0.0000e+00
    396.832       9525    150.952 -106.97898   16.98438    150.000    13.1040    13.1038   4.092190   4.092203 1.4321e-01    12.3521     4.5591 5.0100e-02          0     4.5591     0.0477     0.5104     0.0000     4.6090     0.0000     0.0000     0.0000     0.5095    34.7994    34.7997    26.2207    26.2210     0.0425      1.293      0.502 0.0000e+00
    397.723       9546    151.958 -106.97898   16.98438    151.000    13.0664    13.0654   4.088473   4.088405 1.3707e-01    12.3522     4.5591 5.0100e-02          0     4.5591     0.0457     0.5103     0.0000     4.5715     0.0000     0.0000     0.0000     0.5094    34.7981    34.7984    26.2273    26.2277     0.0424      1.292      0.501 0.0000e+00
    398.745       9571    152.965 -106.97899   16.98438    152.000    13.0021    13.0008   4.082340   4.082265 1.2325e-01    12.3521     4.5592 5.0100e-02          0     4.5592     0.0411     0.5104     0.0000     4.6128     0.0000     0.0000     0.0000     0.5095    34.7983    34.7988    26.2404    26.2410     0.0428      1.305      0.505 0.0000e+00
    399.956       9600    153.972 -106.97899   16.98438    153.000    12.9297    12.9281   4.075485   4.075419 1.0779e-01    12.3515     4.5599 5.0100e-02          0     4.5599     0.0359     0.5104     0.0000     4.6179     0.0000     0.0000     0.0000     0.5095    34.7991    34.7999    26.2555    26.2564     0.0424      1.291      0.499 0.0000e+00
    401.160       9629    154.979 -106.97898   16.98438    154.000    12.8941    12.8943   4.072149   4.072231 1.0193e-01    12.3512     4.5602 5.0100e-02          0     4.5602     0.0340     0.5104     0.0000     4.6237     0.0000     0.0000     0.0000     0.5095    34.7996    34.8002    26.2630    26.2635     0.0427      1.301      0.502 0.0000e+00
    402.181       9653    155.985 -106.97898   16.98438    155.000    12.8774    12.8777   4.070576   4.070685 9.9179e-02    12.3511     4.5603 5.0100e-02          0     4.5603     0.0331     0.5104     0.0000     4.6273     0.0000     0.0000     0.0000     0.5095    34.7995    34.8003    26.2663    26.2668     0.0427      1.301      0.503 0.0000e+00
    403.073       9675    156.992 -106.97898   16.98438    156.000    12.8634    12.8640   4.069237   4.069366 9.7229e-02    12.3512     4.5602 5.0100e-02          0     4.5602     0.0324     0.5104     0.0000     4.6094     0.0000     0.0000     0.0000     0.5095    34.7992    34.7999    26.2689    26.2693     0.0421      1.282      0.495 0.0000e+00
    403.922       9695    157.999 -106.97898   16.98438    157.000    12.8438    12.8442   4.067404   4.067506 9.4699e-02    12.3507     4.5608 5.0100e-02          0     4.5608     0.0315     0.5103     0.0000     4.5847     0.0000     0.0000     0.0000     0.5094    34.7992    34.7998    26.2728    26.2732     0.0422      1.284      0.496 0.0000e+00
    404.787       9716    159.006 -106.97898   16.98438    158.000    12.8306    12.8311   4.066222   4.066335 9.4888e-02    12.3516     4.5597 5.0100e-02          0     4.5597     0.0316     0.5103     0.0000     4.6267     0.0000     0.0000     0.0000     0.5094    34.7997    34.8003    26.2758    26.2763     0.0423      1.289      0.497 0.0000e+00
    405.773       9740    160.012 -106.97898   16.98438    159.000    12.8222    12.8224   4.065573   4.065697 9.0705e-02    12.3513     4.5601 5.0100e-02          0     4.5601     0.0302     0.5103     0.0000     4.6283     0.0000     0.0000     0.0000     0.5094    34.8008    34.8018    26.2784    26.2791     0.0416      1.266      0.488 0.0000e+00
    407.017       9769    161.019 -106.97898   16.98438    160.000    12.8055    12.8054   4.064235   4.064334 8.7234e-02    12.3498     4.5618 5.0100e-02          0     4.5618     0.0291     0.5101     0.0000     4.6205     0.0000     0.0000     0.0000     0.5092    34.8029    34.8039    26.2834    26.2842     0.0413      1.259      0.485 0.0000e+00
    408.377       9802    162.026 -106.97900   16.98438    161.000    12.7879    12.7879   4.062720   4.062837 8.3624e-02    12.3498     4.5618 5.0100e-02          0     4.5618     0.0279     0.5102     0.0000     4.6196     0.0000     0.0000     0.0000     0.5093    34.8043    34.8053    26.2880    26.2888     0.0424      1.292      0.498 0.0000e+00
    409.477       9828    163.033 -106.97900   16.98438    162.000    12.7630    12.7626   4.060489   4.060552 8.0156e-02    12.3507     4.5608 5.0100e-02          0     4.5608     0.0267     0.5103     0.0000     4.6219     0.0000     0.0000     0.0000     0.5094    34.8054    34.8063    26.2938    26.2946     0.0424      1.292      0.498 0.0000e+00
    410.415       9851    164.039 -106.97900   16.98438    163.000    12.7225    12.7220   4.056706   4.056722 7.7025e-02    12.3503     4.5612 5.0100e-02          0     4.5612     0.0256     0.5102     0.0000     4.5879     0.0000     0.0000     0.0000     0.5093    34.8061    34.8067    26.3024    26.3029     0.0408      1.242      0.478 0.0000e+00
    411.378       9874    165.046 -106.97900   16.98438    164.000    12.6733    12.6725   4.051923   4.051940 7.5542e-02    12.3489     4.5628 5.0100e-02          0     4.5628     0.0251     0.5101     0.0000     4.6177     0.0000     0.0000     0.0000     0.5092    34.8052    34.8061    26.3114    26.3122     0.0412      1.254      0.482 0.0000e+00
    412.525       9902    166.053 -106.97898   16.98438    165.000    12.6577    12.6587   4.050429   4.050608 7.3790e-02    12.3480     4.5639 5.0100e-02          0     4.5639     0.0246     0.5098     0.0000     4.6172     0.0000     0.0000     0.0000     0.5089    34.8048    34.8056    26.3142    26.3146     0.0404      1.230      0.473 0.0000e+00
    413.850       9933    167.060 -106.97898   16.98438    166.000    12.6478    12.6474   4.049446   4.049522 7.5257e-02    12.3484     4.5634 5.0100e-02          0     4.5634     0.0251     0.5098     0.0000     4.6185     0.0000     0.0000     0.0000     0.5089    34.8041    34.8052    26.3156    26.3165     0.0406      1.235      0.475 0.0000e+00
    414.928       9959    168.066 -106.97898   16.98438    167.000    12.6351    12.6354   4.048252   4.048394 7.5088e-02    12.3479     4.5640 5.0100e-02          0     4.5640     0.0250     0.5100     0.0000     4.6168     0.0000     0.0000     0.0000     0.5091    34.8039    34.8050    26.3181    26.3188     0.0417      1.268      0.487 0.0000e+00
    415.722       9978    169.073 -106.97898   16.98438    168.000    12.6237    12.6242   4.047210   4.047360 7.3275e-02    12.3480     4.5639 5.0100e-02          0     4.5639     0.0244     0.5099     0.0000     4.6188     0.0000     0.0000     0.0000     0.5090    34.8040    34.8050    26.3204    26.3210     0.0411      1.252      0.481 0.0000e+00
    416.374       9994    170.080 -106.97898   16.98438    169.000    12.6159    12.6161   4.046541   4.046667 7.3542e-02    12.3480     4.5639 5.0100e-02          0     4.5639     0.0245     0.5101     0.0000     4.6148     0.0000     0.0000     0.0000     0.5092    34.8044    34.8054    26.3222    26.3229     0.0418      1.273      0.489 0.0000e+00
    416.972      10008    171.087 -106.97900   16.98438    170.000    12.6066    12.6071   4.045628   4.045827 7.3490e-02    12.3481     4.5637 5.0100e-02          0     4.5637     0.0245     0.5099     0.0000     4.6140     0.0000     0.0000     0.0000     0.5090    34.8038    34.8052    26.3236    26.3246     0.0408      1.242      0.477 0.0000e+00
    417.557      10022    172.094 -106.97900   16.98438    171.000    12.5958    12.5965   4.044627   4.044833 7.3262e-02    12.3475     4.5644 5.0100e-02          0     4.5644     0.0244     0.5099     0.0000     4.6198     0.0000     0.0000     0.0000     0.5090    34.8037    34.8051    26.3257    26.3266     0.0401      1.220      0.469 0.0000e+00
    418.197      10038    173.100 -106.97900   16.98438    172.000    12.5824    12.5831   4.043284   4.043449 7.3260e-02    12.3479     4.5640 5.0100e-02          0     4.5640     0.0244     0.5097     0.0000     4.6194     0.0000     0.0000     0.0000     0.5088    34.8027    34.8037    26.3276    26.3282     0.0386      1.176      0.452 0.0000e+00
    419.259      10063    174.107 -106.97900   16.98438    173.000    12.5654    12.5730   4.041602   4.042562 7.3526e-02    12.3478     4.5641 5.0100e-02          0     4.5641     0.0245     0.5096     0.0000     4.6199     0.0000     0.0000     0.0000     0.5087    34.8019    34.8041    26.3303    26.3305     0.0394      1.199      0.460 0.0000e+00
    421.439      10116    175.114 -106.97900   16.98436    174.000    12.5575    12.5637   4.040786   4.041477 7.3389e-02    12.3477     4.5642 5.0100e-02          0     4.5642     0.0244     0.5098     0.0000     4.6204     0.0000     0.0000     0.0000     0.5089    34.8009    34.8018    26.3311    26.3305     0.0417      1.271      0.488 0.0000e+00
    422.866      10150    176.121 -106.97900   16.98436    175.000    12.4620    12.4615   4.031284   4.031371 7.2940e-02    12.3474     4.5646 5.0100e-02          0     4.5646     0.0243     0.5096     0.0000     4.6203     0.0000     0.0000     0.0000     0.5087    34.7973    34.7986    26.3470    26.3481     0.0386      1.174      0.450 0.0000e+00
    423.804      10172    177.128 -106.97900   16.98436    176.000    12.4308    12.4305   4.028129   4.028222 7.3264e-02    12.3475     4.5644 5.0100e-02          0     4.5644     0.0244     0.5096     0.0000     4.6221     0.0000     0.0000     0.0000     0.5087    34.7953    34.7965    26.3515    26.3525     0.0401      1.222      0.468 0.0000e+00
    424.719      10194    178.135 -106.97900   16.98436    177.000    12.4167    12.4167   4.026737   4.026843 7.3095e-02    12.3476     4.5643 5.0100e-02          0     4.5643     0.0243     0.5097     0.0000     4.6237     0.0000     0.0000     0.0000     0.5088    34.7945    34.7955    26.3537    26.3545     0.0399      1.214      0.465 0.0000e+00
    425.842      10221    179.142 -106.97900   16.98436    178.000    12.3995    12.3979   4.024989   4.024952 7.3032e-02    12.3477     4.5642 5.0100e-02          0     4.5642     0.0243     0.5094     0.0000     4.6239     0.0000     0.0000     0.0000     0.5085    34.7931    34.7942    26.3560    26.3571     0.0384      1.170      0.448 0.0000e+00
    427.183      10253    180.148 -106.97900   16.98436    179.000    12.3785    12.3784   4.022924   4.023045 7.2874e-02    12.3473     4.5646 5.0100e-02          0     4.5646     0.0243     0.5093     0.0000     4.6239     0.0000     0.0000     0.0000     0.5084    34.7922    34.7935    26.3594    26.3604     0.0390      1.189      0.454 0.0000e+00
    428.188      10278    181.155 -106.97900   16.98438    180.000    12.3655    12.3656   4.021733   4.021849 7.2912e-02    12.3473     4.5647 5.0100e-02          0     4.5647     0.0243     0.5094     0.0000     4.6226     0.0000     0.0000     0.0000     0.5085    34.7923    34.7934    26.3620    26.3628     0.0400      1.217      0.465 0.0000e+00
    428.939      10296    182.162 -106.97900   16.98438    181.000    12.3518    12.3522   4.020438   4.020610 7.2343e-02    12.3472     4.5648 5.0100e-02          0     4.5648     0.0241     0.5096     0.0000     4.6232     0.0000     0.0000     0.0000     0.5087    34.7921    34.7934    26.3645    26.3655     0.0402      1.222      0.467 0.0000e+00
