notebooks/python-ctd/RR18_Station33_P2_cast63.cnv
* Sea-Bird SBE 9 Data File:
* FileName = C:\CTD\RR1805\Station33_cast63.hex
* Software Version Seasave V 7.26.6.26
* Temperature SN = 4307
* Conductivity SN = 4650
* Number of Bytes Per Scan = 44
* Number of Voltage Words = 5
* Number of Scans Averaged by the Deck Unit = 1
* NMEA Latitude = 20 15.81 N
* NMEA Longitude = 106 04.40 W
* NMEA UTC (Time) = Apr 23 2018 14:00:59
** Ship: Revell
** Station: On Deck
** Operator: GR
** Station 33 P1 Cast 63
# nquan = 32
# nvalues = 1491                        
# units = specified
# name 0 = timeS: Time, Elapsed [seconds]
# name 1 = scan: Scan Count
# name 2 = prDM: Pressure, Digiquartz [db]
# name 3 = longitude: Longitude [deg]
# name 4 = latitude: Latitude [deg]
# name 5 = depSMignore: Depth [salt water, m]
# name 6 = t090C: Temperature [ITS-90, deg C]
# name 7 = t190C: Temperature, 2 [ITS-90, deg C]
# name 8 = c0S/m: Conductivity [S/m]
# name 9 = c1S/m: Conductivity, 2 [S/m]
# name 10 = flSP: Fluorescence, Seapoint
# name 11 = CStarAt0: Beam Attenuation, WET Labs C-Star [1/m]
# name 12 = CStarTr0: Beam Transmission, WET Labs C-Star [%]
# name 13 = par: PAR/Irradiance, Biospherical/Licor
# name 14 = modError: Modulo Error Count
# name 15 = v0: Voltage 0
# name 16 = v1: Voltage 1
# name 17 = v2: Voltage 2
# name 18 = v3: Voltage 3
# name 19 = v4: Voltage 4
# name 20 = v5: Voltage 5
# name 21 = v6: Voltage 6
# name 22 = v7: Voltage 7
# name 23 = sbeox0V: Oxygen raw, SBE 43 [V]
# name 24 = sal00: Salinity, Practical [PSU]
# name 25 = sal11: Salinity, Practical, 2 [PSU]
# name 26 = sigma-é00: Density [sigma-theta, kg/m^3]
# name 27 = sigma-é11: Density, 2 [sigma-theta, kg/m^3]
# name 28 = sbeox0Mg/L: Oxygen, SBE 43 [mg/l], WS = 2
# name 29 = sbox0Mm/Kg: Oxygen, SBE 43 [umol/kg], WS = 2
# name 30 = sbeox0PS: Oxygen, SBE 43 [% saturation], WS = 2
# name 31 = flag: flag
# span 0 =     48.916,   1743.362       
# span 1 =       1175,      41842       
# span 2 =     11.068,   1515.740       
# span 3 = -106.07344, -106.07340       
# span 4 =   20.26356,   20.26362       
# span 5 =     11.000,   1501.000       
# span 6 =     3.1123,    24.8934       
# span 7 =     3.1114,    24.8823       
# span 8 =   3.209081,   5.247989       
# span 9 =   3.209121,   5.246879       
# span 10 = 6.9595e-02, 2.3735e+00      
# span 11 =    12.3326,    12.6171      
# span 12 =     4.2670,     4.5815      
# span 13 = 5.0652e-02, 7.3384e+01      
# span 14 =          0,          0      
# span 15 =     4.2670,     4.5815      
# span 16 =     0.0232,     0.7912      
# span 17 =     0.5062,     2.7239      
# span 18 =     0.0000,     0.0000      
# span 19 =     2.5228,     4.6963      
# span 20 =     0.0000,     0.0000      
# span 21 =     0.0047,     3.1615      
# span 22 =     0.0000,     0.0000      
# span 23 =     0.5060,     2.7239      
# span 24 =    34.4706,    34.8287      
# span 25 =    34.4702,    34.8303      
# span 26 =    23.1018,    27.5611      
# span 27 =    23.1054,    27.5623      
# span 28 =     0.0340,     6.6641      
# span 29 =      1.034,    203.520      
# span 30 =      0.356,     97.302      
# span 31 = 0.0000e+00, 0.0000e+00      
# interval = meters: 1                  
# start_time = Apr 23 2018 14:01:00 [System UTC, first data scan.]
# bad_flag = -9.990e-29
*END*
[from data line 1088]
   1280.596      30735   1108.721 -106.07342   20.26358   1099.000     4.2392     4.2396   3.287699   3.287898 7.3260e-02    12.3338     4.5801 5.6096e-02          0     4.5801     0.0244     0.5696     0.0000     4.6552     0.0000     0.0484     0.0000     0.5699    34.5486    34.5505    27.4111    27.4126     0.3931     11.958      3.807 0.0000e+00
   1281.884      30766   1109.732 -106.07342   20.26358   1100.000     4.2331     4.2332   3.287218   3.287391 7.7840e-02    12.3336     4.5804 5.7745e-02          0     4.5804     0.0259     0.5706     0.0000     4.6547     0.0000     0.0609     0.0000     0.5709    34.5488    34.5507    27.4120    27.4134     0.4006     12.184      3.879 0.0000e+00
   1282.952      30792   1110.744 -106.07342   20.26358   1101.000     4.2286     4.2283   3.286873   3.287015 7.2186e-02    12.3339     4.5800 5.5722e-02          0     4.5800     0.0240     0.5714     0.0000     4.6543     0.0000     0.0457     0.0000     0.5717    34.5490    34.5509    27.4126    27.4142     0.3977     12.096      3.850 0.0000e+00
   1283.779      30812   1111.756 -106.07342   20.26358   1102.000     4.2237     4.2234   3.286498   3.286653 7.2180e-02    12.3338     4.5801 5.8753e-02          0     4.5801     0.0240     0.5714     0.0000     4.6533     0.0000     0.0686     0.0000     0.5717    34.5491    34.5512    27.4132    27.4149     0.4023     12.237      3.895 0.0000e+00
   1284.481      30829   1112.767 -106.07342   20.26358   1103.000     4.2235     4.2233   3.286541   3.286697 7.3295e-02    12.3355     4.5781 5.4472e-02          0     4.5781     0.0244     0.5723     0.0000     4.6525     0.0000     0.0357     0.0000     0.5727    34.5493    34.5513    27.4134    27.4150     0.4107     12.491      3.976 0.0000e+00
   1285.123      30844   1113.779 -106.07342   20.26358   1104.000     4.2183     4.2176   3.286113   3.286214 7.2773e-02    12.3346     4.5793 5.8812e-02          0     4.5793     0.0242     0.5725     0.0000     4.6532     0.0000     0.0689     0.0000     0.5729    34.5492    34.5511    27.4139    27.4155     0.4072     12.386      3.942 0.0000e+00
   1285.757      30859   1114.790 -106.07342   20.26358   1105.000     4.2089     4.2095   3.285362   3.285564 7.3265e-02    12.3339     4.5800 5.5046e-02          0     4.5800     0.0244     0.5728     0.0000     4.6533     0.0000     0.0402     0.0000     0.5732    34.5497    34.5515    27.4152    27.4166     0.4114     12.513      3.981 0.0000e+00
   1286.437      30875   1115.802 -106.07342   20.26358   1106.000     4.2056     4.2059   3.285105   3.285286 7.3057e-02    12.3337     4.5803 5.3757e-02          0     4.5803     0.0243     0.5735     0.0000     4.6546     0.0000     0.0298     0.0000     0.5739    34.5496    34.5514    27.4155    27.4169     0.4142     12.599      4.009 0.0000e+00
   1287.241      30895   1116.813 -106.07342   20.26358   1107.000     4.1963     4.1975   3.284349   3.284600 7.3430e-02    12.3343     4.5796 5.6234e-02          0     4.5796     0.0245     0.5738     0.0000     4.6550     0.0000     0.0495     0.0000     0.5741    34.5500    34.5516    27.4168    27.4180     0.4146     12.611      4.012 0.0000e+00
   1288.492      30925   1117.825 -106.07342   20.26358   1108.000     4.1957     4.1962   3.284342   3.284525 7.3274e-02    12.3342     4.5797 5.4725e-02          0     4.5797     0.0244     0.5747     0.0000     4.6551     0.0000     0.0378     0.0000     0.5750    34.5499    34.5516    27.4168    27.4181     0.4207     12.796      4.070 0.0000e+00
   1290.695      30978   1118.837 -106.07342   20.26358   1109.000     4.1959     4.1952   3.284425   3.284497 7.3007e-02    12.3338     4.5802 5.6477e-02          0     4.5802     0.0243     0.5760     0.0000     4.6548     0.0000     0.0512     0.0000     0.5764    34.5502    34.5518    27.4170    27.4183     0.4257     12.949      4.119 0.0000e+00
   1292.107      31012   1119.848 -106.07342   20.26358   1110.000     4.1905     4.1903   3.283989   3.284142 7.2542e-02    12.3340     4.5798 5.8371e-02          0     4.5798     0.0242     0.5764     0.0000     4.6547     0.0000     0.0655     0.0000     0.5768    34.5502    34.5522    27.4176    27.4192     0.4215     12.819      4.077 0.0000e+00
   1293.067      31035   1120.860 -106.07342   20.26358   1111.000     4.1885     4.1889   3.283868   3.284063 7.3099e-02    12.3340     4.5799 5.6139e-02          0     4.5799     0.0243     0.5765     0.0000     4.6546     0.0000     0.0488     0.0000     0.5769    34.5503    34.5523    27.4179    27.4194     0.4204     12.787      4.067 0.0000e+00
   1293.903      31055   1121.871 -106.07342   20.26358   1112.000     4.1877     4.1879   3.283838   3.284020 7.2707e-02    12.3336     4.5803 5.9836e-02          0     4.5803     0.0242     0.5765     0.0000     4.6544     0.0000     0.0764     0.0000     0.5769    34.5504    34.5523    27.4181    27.4196     0.4241     12.900      4.102 0.0000e+00
   1294.698      31074   1122.883 -106.07342   20.26358   1113.000     4.1860     4.1862   3.283746   3.283918 7.3063e-02    12.3340     4.5799 5.6060e-02          0     4.5799     0.0243     0.5767     0.0000     4.6543     0.0000     0.0481     0.0000     0.5771    34.5505    34.5524    27.4183    27.4198     0.4293     13.059      4.153 0.0000e+00
   1295.472      31092   1123.894 -106.07342   20.26358   1114.000     4.1833     4.1836   3.283548   3.283730 7.2855e-02    12.3341     4.5798 5.7508e-02          0     4.5798     0.0243     0.5772     0.0000     4.6535     0.0000     0.0589     0.0000     0.5776    34.5505    34.5524    27.4186    27.4201     0.4309     13.106      4.168 0.0000e+00
   1296.223      31110   1124.906 -106.07342   20.26358   1115.000     4.1798     4.1803   3.283296   3.283508 7.2247e-02    12.3340     4.5799 5.8052e-02          0     4.5799     0.0241     0.5774     0.0000     4.6534     0.0000     0.0634     0.0000     0.5778    34.5507    34.5527    27.4192    27.4207     0.4299     13.077      4.158 0.0000e+00
   1296.963      31128   1125.917 -106.07342   20.26358   1116.000     4.1744     4.1744   3.282862   3.283019 7.3266e-02    12.3373     4.5761 5.9793e-02          0     4.5761     0.0244     0.5776     0.0000     4.6532     0.0000     0.0761     0.0000     0.5780    34.5507    34.5526    27.4197    27.4212     0.4292     13.056      4.151 0.0000e+00
   1297.723      31146   1126.929 -106.07342   20.26358   1117.000     4.1674     4.1676   3.282314   3.282485 7.3805e-02    12.3339     4.5800 5.7310e-02          0     4.5800     0.0246     0.5777     0.0000     4.6533     0.0000     0.0576     0.0000     0.5781    34.5511    34.5529    27.4208    27.4222     0.4322     13.147      4.179 0.0000e+00
   1298.573      31167   1127.941 -106.07342   20.26358   1118.000     4.1655     4.1658   3.282187   3.282373 7.3280e-02    12.3342     4.5796 5.8762e-02          0     4.5796     0.0244     0.5782     0.0000     4.6533     0.0000     0.0683     0.0000     0.5785    34.5511    34.5529    27.4210    27.4224     0.4412     13.421      4.266 0.0000e+00
   1299.608      31192   1128.952 -106.07342   20.26358   1119.000     4.1636     4.1641   3.282066   3.282259 7.3008e-02    12.3338     4.5802 5.8475e-02          0     4.5802     0.0243     0.5788     0.0000     4.6540     0.0000     0.0665     0.0000     0.5791    34.5511    34.5529    27.4212    27.4226     0.4405     13.398      4.258 0.0000e+00
   1300.928      31223   1129.964 -106.07342   20.26358   1120.000     4.1624     4.1628   3.282013   3.282195 7.2845e-02    12.3340     4.5799 5.7181e-02          0     4.5799     0.0243     0.5794     0.0000     4.6543     0.0000     0.0563     0.0000     0.5798    34.5513    34.5530    27.4215    27.4228     0.4449     13.532      4.301 0.0000e+00
   1302.472      31260   1130.976 -106.07342   20.26358   1121.000     4.1606     4.1610   3.281896   3.282078 7.2229e-02    12.3334     4.5805 5.6340e-02          0     4.5805     0.0241     0.5800     0.0000     4.6545     0.0000     0.0500     0.0000     0.5804    34.5512    34.5530    27.4216    27.4230     0.4429     13.471      4.282 0.0000e+00
   1303.821      31293   1131.987 -106.07342   20.26358   1122.000     4.1575     4.1577   3.281667   3.281840 7.2891e-02    12.3336     4.5803 5.8298e-02          0     4.5803     0.0243     0.5801     0.0000     4.6545     0.0000     0.0652     0.0000     0.5805    34.5513    34.5531    27.4220    27.4234     0.4436     13.493      4.288 0.0000e+00
   1304.839      31317   1132.999 -106.07342   20.26358   1123.000     4.1531     4.1532   3.281319   3.281499 7.3270e-02    12.3364     4.5771 6.0498e-02          0     4.5771     0.0244     0.5804     0.0000     4.6533     0.0000     0.0812     0.0000     0.5808    34.5513    34.5534    27.4225    27.4241     0.4518     13.743      4.367 0.0000e+00
   1305.682      31337   1134.011 -106.07342   20.26358   1124.000     4.1450     4.1448   3.280652   3.280813 7.3078e-02    12.3354     4.5783 6.0308e-02          0     4.5783     0.0243     0.5810     0.0000     4.6532     0.0000     0.0797     0.0000     0.5814    34.5514    34.5535    27.4234    27.4251     0.4534     13.789      4.381 0.0000e+00
   1306.465      31356   1135.022 -106.07342   20.26358   1125.000     4.1399     4.1404   3.280279   3.280490 7.2393e-02    12.3332     4.5807 5.8510e-02          0     4.5807     0.0241     0.5811     0.0000     4.6516     0.0000     0.0669     0.0000     0.5815    34.5518    34.5538    27.4243    27.4258     0.4500     13.687      4.348 0.0000e+00
   1307.250      31375   1136.034 -106.07342   20.26358   1126.000     4.1384     4.1387   3.280180   3.280376 7.3085e-02    12.3333     4.5807 5.9733e-02          0     4.5807     0.0243     0.5814     0.0000     4.6504     0.0000     0.0756     0.0000     0.5818    34.5518    34.5537    27.4244    27.4259     0.4543     13.817      4.389 0.0000e+00
   1308.147      31397   1137.045 -106.07342   20.26358   1127.000     4.1371     4.1375   3.280109   3.280298 7.2165e-02    12.3355     4.5781 5.9423e-02          0     4.5781     0.0240     0.5819     0.0000     4.6509     0.0000     0.0730     0.0000     0.5823    34.5518    34.5536    27.4245    27.4259     0.4595     13.977      4.440 0.0000e+00
   1309.238      31423   1138.057 -106.07342   20.26358   1128.000     4.1360     4.1361   3.280057   3.280228 7.2874e-02    12.3333     4.5807 5.8638e-02          0     4.5807     0.0243     0.5823     0.0000     4.6511     0.0000     0.0674     0.0000     0.5827    34.5518    34.5536    27.4247    27.4261     0.4574     13.913      4.419 0.0000e+00
   1310.449      31452   1139.069 -106.07342   20.26358   1129.000     4.1338     4.1338   3.279916   3.280070 7.2362e-02    12.3333     4.5806 5.5451e-02          0     4.5806     0.0241     0.5826     0.0000     4.6508     0.0000     0.0435     0.0000     0.5830    34.5519    34.5537    27.4250    27.4265     0.4601     13.996      4.445 0.0000e+00
   1311.536      31478   1140.080 -106.07342   20.26358   1130.000     4.1294     4.1293   3.279572   3.279732 7.3110e-02    12.3338     4.5801 5.8192e-02          0     4.5801     0.0244     0.5829     0.0000     4.6496     0.0000     0.0644     0.0000     0.5833    34.5519    34.5539    27.4255    27.4271     0.4633     14.092      4.475 0.0000e+00
   1312.521      31502   1141.092 -106.07342   20.26358   1131.000     4.1260     4.1262   3.279337   3.279505 7.2760e-02    12.3333     4.5807 5.9215e-02          0     4.5807     0.0242     0.5835     0.0000     4.6503     0.0000     0.0715     0.0000     0.5840    34.5523    34.5540    27.4261    27.4275     0.4676     14.222      4.516 0.0000e+00
   1313.458      31524   1142.104 -106.07342   20.26358   1132.000     4.1248     4.1254   3.279265   3.279471 7.2931e-02    12.3333     4.5807 5.9939e-02          0     4.5807     0.0243     0.5835     0.0000     4.6502     0.0000     0.0772     0.0000     0.5840    34.5521    34.5539    27.4261    27.4275     0.4638     14.107      4.480 0.0000e+00
   1314.357      31546   1143.115 -106.07342   20.26358   1133.000     4.1161     4.1163   3.278542   3.278709 7.2927e-02    12.3331     4.5808 5.9672e-02          0     4.5808     0.0243     0.5840     0.0000     4.6496     0.0000     0.0751     0.0000     0.5844    34.5522    34.5540    27.4271    27.4285     0.4713     14.335      4.551 0.0000e+00
   1315.220      31566   1144.127 -106.07342   20.26358   1134.000     4.1003     4.1000   3.277214   3.277339 7.3256e-02    12.3342     4.5796 5.8902e-02          0     4.5796     0.0244     0.5844     0.0000     4.6496     0.0000     0.0695     0.0000     0.5849    34.5525    34.5543    27.4290    27.4305     0.4823     14.671      4.656 0.0000e+00
   1316.081      31587   1145.139 -106.07342   20.26358   1135.000     4.0932     4.0934   3.276656   3.276836 7.3086e-02    12.3329     4.5811 5.8347e-02          0     4.5811     0.0243     0.5856     0.0000     4.6503     0.0000     0.0650     0.0000     0.5860    34.5529    34.5548    27.4301    27.4316     0.4860     14.783      4.691 0.0000e+00
   1317.034      31610   1146.151 -106.07342   20.26358   1136.000     4.0917     4.0920   3.276553   3.276750 7.2823e-02    12.3335     4.5804 5.8238e-02          0     4.5804     0.0243     0.5861     0.0000     4.6507     0.0000     0.0646     0.0000     0.5865    34.5527    34.5547    27.4301    27.4316     0.4838     14.715      4.669 0.0000e+00
   1318.215      31638   1147.162 -106.07342   20.26358   1137.000     4.0914     4.0917   3.276577   3.276744 7.2549e-02    12.3338     4.5801 5.9303e-02          0     4.5801     0.0242     0.5867     0.0000     4.6507     0.0000     0.0725     0.0000     0.5871    34.5529    34.5545    27.4302    27.4315     0.4858     14.777      4.689 0.0000e+00
   1319.475      31668   1148.174 -106.07342   20.26358   1138.000     4.0910     4.0913   3.276584   3.276763 7.2629e-02    12.3340     4.5799 5.8056e-02          0     4.5799     0.0242     0.5871     0.0000     4.6508     0.0000     0.0635     0.0000     0.5876    34.5529    34.5546    27.4303    27.4316     0.4875     14.829      4.705 0.0000e+00
   1320.592      31695   1149.186 -106.07342   20.26358   1139.000     4.0902     4.0906   3.276569   3.276764 7.1720e-02    12.3336     4.5804 6.0030e-02          0     4.5804     0.0239     0.5876     0.0000     4.6523     0.0000     0.0778     0.0000     0.5881    34.5530    34.5548    27.4305    27.4319     0.4907     14.924      4.735 0.0000e+00
   1321.656      31721   1150.197 -106.07342   20.26358   1140.000     4.0895     4.0898   3.276556   3.276734 7.1794e-02    12.3337     4.5802 5.9647e-02          0     4.5802     0.0239     0.5879     0.0000     4.6545     0.0000     0.0749     0.0000     0.5884    34.5531    34.5548    27.4306    27.4319     0.4889     14.870      4.718 0.0000e+00
   1322.708      31746   1151.209 -106.07342   20.26358   1141.000     4.0876     4.0878   3.276436   3.276613 7.2381e-02    12.3338     4.5801 6.3690e-02          0     4.5801     0.0241     0.5882     0.0000     4.6550     0.0000     0.1033     0.0000     0.5887    34.5531    34.5550    27.4308    27.4323     0.4909     14.932      4.738 0.0000e+00
   1323.703      31770   1152.221 -106.07342   20.26358   1142.000     4.0817     4.0818   3.275959   3.276125 7.1583e-02    12.3335     4.5804 6.1955e-02          0     4.5804     0.0239     0.5884     0.0000     4.6550     0.0000     0.0914     0.0000     0.5889    34.5532    34.5550    27.4315    27.4330     0.4917     14.955      4.744 0.0000e+00
   1324.635      31792   1153.232 -106.07342   20.26358   1143.000     4.0784     4.0786   3.275731   3.275910 7.3317e-02    12.3355     4.5782 6.0909e-02          0     4.5782     0.0244     0.5886     0.0000     4.6557     0.0000     0.0840     0.0000     0.5891    34.5534    34.5553    27.4321    27.4335     0.4930     14.997      4.757 0.0000e+00
