notebooks/python-ctd/skq201617s-043avg.cnv
* Sea-Bird SBE 9 Data File:
* FileName = D:\CTD\SKQ201617S\SKQ201617S-043.hex
* Software Version Seasave V 7.22.5
* Temperature SN = 5773
* Conductivity SN = 2251
* Number of Bytes Per Scan = 37
* Number of Voltage Words = 4
* Number of Scans Averaged by the Deck Unit = 1
* NMEA Latitude = 16 35.38 N
* NMEA Longitude = 106 55.37 W
* NMEA UTC (Time) = Jan 13 2017  12:14:58
* NMEA baud rate = 4800
** Ship: R/V Sikuliaq
** Station Number: 43
** Station Name: Station 16/P2
** Depth: 2777.71 m
** Operator: JP/Gabrielle
# nquan = 20
# nvalues = 2529                        
# units = specified
# name 0 = depSMignore: Depth [salt water, m]
# name 1 = latitude: Latitude [deg]
# name 2 = longitude: Longitude [deg]
# name 3 = prDM: Pressure, Digiquartz [db]
# name 4 = t090C: Temperature [ITS-90, deg C]
# name 5 = t190C: Temperature, 2 [ITS-90, deg C]
# name 6 = potemp090C: Potential Temperature [ITS-90, deg C]
# name 7 = sal00: Salinity, Practical [PSU]
# name 8 = sal11: Salinity, Practical, 2 [PSU]
# name 9 = density00: Density [density, kg/m^3]
# name 10 = sigma-t00: Density [sigma-t, kg/m^3 ]
# name 11 = flSP: Fluorescence, Seapoint
# name 12 = sbox0Mm/Kg: Oxygen, SBE 43 [umol/kg]
# name 13 = oxsolMm/Kg: Oxygen Saturation, Garcia & Gordon [umol/kg]
# name 14 = CStarAt0: Beam Attenuation, WET Labs C-Star [1/m]
# name 15 = CStarTr0: Beam Transmission, WET Labs C-Star [%]
# name 16 = par: PAR/Irradiance, Biospherical/Licor
# name 17 = scan: Scan Count
# name 18 = nbin: number of scans per bin
# name 19 = flag: flag
# span 0 =      2.982,   2500.938       
# span 1 =   16.58960,   16.58962       
# span 2 = -106.92290, -106.92288       
# span 3 =      3.000,   2531.000       
# span 4 =     1.8144,    28.8381       
# span 5 =     1.8142,    28.8398       
# span 6 =     1.6349,    28.8300       
# span 7 =    33.5449,    34.8124       
# span 8 =    33.5546,    34.8200       
# span 9 =  1021.0701,  1039.3241       
# span 10 =    21.0571,    27.7092      
# span 11 = 6.4616e-02, 1.6782e+00      
# span 12 =     -0.064,    190.279      
# span 13 =  195.95938,  333.06217      
# span 14 =     0.0617,     0.2421      
# span 15 =    94.1284,    98.4701      
# span 16 = 1.0000e-12, 1.0000e-12      
# span 17 =       -356,      68623      
# span 18 =         15,        701      
# span 19 = 0.0000e+00, 0.0000e+00      
# interval = decibars: 1                
# start_time = Jan 13 2017 12:14:58 [NMEA time, header]
# bad_flag = -9.990e-29
*END*
[from data line 2172]
   2150.950   16.58962 -106.92288   2175.000     1.9986     1.9989     1.8472    34.6438    34.6508  1037.6957    27.6864 7.5651e-02     85.113  331.55339     0.0630    98.4363 1.0000e-12      56178         21 0.0000e+00
   2151.934   16.58962 -106.92288   2176.000     1.9969     1.9966     1.8455    34.6440    34.6511  1037.7006    27.6867 7.6273e-02     85.179  331.56732     0.0632    98.4315 1.0000e-12      56200         23 0.0000e+00
   2152.918   16.58962 -106.92288   2177.000     1.9966     1.9968     1.8451    34.6439    34.6510  1037.7051    27.6867 7.5168e-02     85.457  331.56961     0.0629    98.4390 1.0000e-12      56226         27 0.0000e+00
   2153.902   16.58962 -106.92288   2178.000     1.9981     1.9983     1.8464    34.6437    34.6508  1037.7092    27.6864 7.5387e-02     85.503  331.55827     0.0631    98.4337 1.0000e-12      56256         31 0.0000e+00
   2154.886   16.58962 -106.92288   2179.000     1.9983     1.9983     1.8466    34.6436    34.6507  1037.7136    27.6863 7.6432e-02     85.513  331.55658     0.0637    98.4193 1.0000e-12      56287         29 0.0000e+00
   2155.870   16.58961 -106.92288   2180.000     1.9957     1.9963     1.8439    34.6439    34.6510  1037.7187    27.6867 7.6485e-02     85.539  331.57770     0.0638    98.4177 1.0000e-12      56315         25 0.0000e+00
   2156.854   16.58960 -106.92288   2181.000     1.9955     1.9957     1.8437    34.6438    34.6510  1037.7231    27.6867 7.6592e-02     85.800  331.57928     0.0633    98.4286 1.0000e-12      56338         22 0.0000e+00
   2157.838   16.58960 -106.92288   2182.000     1.9951     1.9953     1.8432    34.6440    34.6511  1037.7279    27.6869 7.5695e-02     85.937  331.58205     0.0637    98.4201 1.0000e-12      56359         21 0.0000e+00
   2158.821   16.58962 -106.92288   2183.000     1.9952     1.9952     1.8432    34.6439    34.6511  1037.7322    27.6867 7.5270e-02     85.727  331.58181     0.0636    98.4216 1.0000e-12      56380         20 0.0000e+00
   2159.805   16.58962 -106.92288   2184.000     1.9948     1.9948     1.8427    34.6439    34.6510  1037.7368    27.6868 7.6595e-02     85.595  331.58475     0.0632    98.4320 1.0000e-12      56401         22 0.0000e+00
   2160.789   16.58962 -106.92288   2185.000     1.9947     1.9950     1.8425    34.6439    34.6511  1037.7413    27.6868 7.7214e-02     85.572  331.58588     0.0636    98.4234 1.0000e-12      56423         24 0.0000e+00
   2161.773   16.58962 -106.92288   2186.000     1.9958     1.9960     1.8435    34.6438    34.6510  1037.7456    27.6867 7.4511e-02     85.773  331.57705     0.0640    98.4139 1.0000e-12      56447         22 0.0000e+00
   2162.757   16.58962 -106.92288   2187.000     1.9957     1.9959     1.8434    34.6439    34.6510  1037.7501    27.6867 7.6247e-02     85.806  331.57716     0.0632    98.4311 1.0000e-12      56472         26 0.0000e+00
   2163.741   16.58960 -106.92288   2188.000     1.9955     1.9956     1.8430    34.6439    34.6509  1037.7547    27.6868 7.4445e-02     85.703  331.57916     0.0636    98.4214 1.0000e-12      56495         22 0.0000e+00
   2164.725   16.58960 -106.92288   2189.000     1.9955     1.9956     1.8429    34.6439    34.6509  1037.7592    27.6868 7.4854e-02     85.784  331.57930     0.0637    98.4211 1.0000e-12      56518         23 0.0000e+00
   2165.709   16.58962 -106.92288   2190.000     1.9956     1.9957     1.8430    34.6439    34.6508  1037.7636    27.6867 7.6017e-02     86.194  331.57859     0.0630    98.4364 1.0000e-12      56542         24 0.0000e+00
   2166.692   16.58962 -106.92288   2191.000     1.9959     1.9961     1.8432    34.6438    34.6508  1037.7680    27.6866 7.7209e-02     85.822  331.57572     0.0629    98.4381 1.0000e-12      56567         27 0.0000e+00
   2167.676   16.58962 -106.92288   2192.000     1.9954     1.9955     1.8426    34.6438    34.6509  1037.7726    27.6867 7.5754e-02     85.815  331.58016     0.0636    98.4230 1.0000e-12      56594         25 0.0000e+00
   2168.660   16.58962 -106.92288   2193.000     1.9949     1.9950     1.8420    34.6439    34.6510  1037.7772    27.6868 7.4449e-02     85.778  331.58401     0.0636    98.4220 1.0000e-12      56619         24 0.0000e+00
   2169.644   16.58962 -106.92288   2194.000     1.9962     1.9961     1.8432    34.6438    34.6510  1037.7814    27.6866 7.5822e-02     85.942  331.57355     0.0629    98.4384 1.0000e-12      56642         23 0.0000e+00
   2170.628   16.58962 -106.92288   2195.000     1.9962     1.9964     1.8431    34.6437    34.6509  1037.7859    27.6865 7.6758e-02     85.815  331.57373     0.0638    98.4189 1.0000e-12      56665         22 0.0000e+00
   2171.611   16.58962 -106.92288   2196.000     1.9960     1.9961     1.8429    34.6438    34.6509  1037.7905    27.6866 7.5807e-02     85.694  331.57492     0.0636    98.4223 1.0000e-12      56687         23 0.0000e+00
   2172.595   16.58960 -106.92288   2197.000     1.9956     1.9955     1.8424    34.6439    34.6510  1037.7951    27.6867 7.5549e-02     85.721  331.57854     0.0628    98.4406 1.0000e-12      56711         24 0.0000e+00
   2173.579   16.58960 -106.92288   2198.000     1.9968     1.9969     1.8434    34.6437    34.6508  1037.7993    27.6865 7.7080e-02     85.781  331.56890     0.0635    98.4249 1.0000e-12      56735         25 0.0000e+00
   2174.563   16.58962 -106.92288   2199.000     1.9968     1.9970     1.8434    34.6438    34.6508  1037.8038    27.6865 7.6295e-02     85.799  331.56828     0.0632    98.4309 1.0000e-12      56760         24 0.0000e+00
   2175.547   16.58962 -106.92288   2200.000     1.9969     1.9971     1.8434    34.6437    34.6507  1037.8082    27.6865 7.4549e-02     85.723  331.56767     0.0637    98.4207 1.0000e-12      56784         25 0.0000e+00
   2176.530   16.58962 -106.92288   2201.000     1.9969     1.9971     1.8433    34.6437    34.6508  1037.8128    27.6865 7.4633e-02     85.717  331.56803     0.0636    98.4231 1.0000e-12      56808         24 0.0000e+00
   2177.514   16.58962 -106.92288   2202.000     1.9970     1.9972     1.8433    34.6437    34.6508  1037.8172    27.6865 7.6100e-02     85.864  331.56682     0.0632    98.4312 1.0000e-12      56832         23 0.0000e+00
   2178.498   16.58962 -106.92288   2203.000     1.9972     1.9973     1.8434    34.6437    34.6508  1037.8217    27.6864 7.3921e-02     85.683  331.56575     0.0637    98.4201 1.0000e-12      56855         24 0.0000e+00
   2179.482   16.58962 -106.92288   2204.000     1.9970     1.9969     1.8432    34.6438    34.6509  1037.8263    27.6865 7.3101e-02     85.849  331.56645     0.0636    98.4224 1.0000e-12      56878         22 0.0000e+00
   2180.466   16.58962 -106.92288   2205.000     1.9967     1.9970     1.8428    34.6437    34.6508  1037.8308    27.6865 7.6675e-02     85.758  331.56903     0.0638    98.4176 1.0000e-12      56902         24 0.0000e+00
   2181.449   16.58962 -106.92288   2206.000     1.9965     1.9967     1.8425    34.6438    34.6508  1037.8353    27.6865 7.5666e-02     85.901  331.57060     0.0638    98.4177 1.0000e-12      56926         26 0.0000e+00
   2182.433   16.58962 -106.92288   2207.000     1.9966     1.9968     1.8426    34.6437    34.6508  1037.8397    27.6865 7.4528e-02     85.808  331.56977     0.0634    98.4280 1.0000e-12      56951         23 0.0000e+00
   2183.417   16.58962 -106.92288   2208.000     1.9967     1.9969     1.8426    34.6437    34.6508  1037.8442    27.6865 7.5783e-02     85.778  331.56910     0.0630    98.4379 1.0000e-12      56976         25 0.0000e+00
   2184.401   16.58962 -106.92288   2209.000     1.9967     1.9969     1.8425    34.6437    34.6509  1037.8487    27.6865 7.6159e-02     85.859  331.56905     0.0630    98.4363 1.0000e-12      56999         24 0.0000e+00
   2185.384   16.58962 -106.92288   2210.000     1.9968     1.9971     1.8425    34.6438    34.6508  1037.8532    27.6865 7.6286e-02     85.871  331.56810     0.0629    98.4393 1.0000e-12      57023         23 0.0000e+00
   2186.368   16.58962 -106.92288   2211.000     1.9970     1.9972     1.8426    34.6437    34.6507  1037.8577    27.6865 7.7401e-02     85.738  331.56662     0.0629    98.4395 1.0000e-12      57047         24 0.0000e+00
   2187.352   16.58962 -106.92288   2212.000     1.9967     1.9962     1.8422    34.6437    34.6508  1037.8622    27.6865 7.4416e-02     85.977  331.56937     0.0644    98.4020 1.0000e-12      57071         26 0.0000e+00
   2188.336   16.58962 -106.92288   2213.000     1.9948     1.9946     1.8402    34.6439    34.6510  1037.8671    27.6868 7.3939e-02     85.929  331.58458     0.0639    98.4150 1.0000e-12      57095         22 0.0000e+00
   2189.319   16.58962 -106.92288   2214.000     1.9936     1.9954     1.8390    34.6439    34.6509  1037.8717    27.6869 7.6052e-02     85.909  331.59435     0.0629    98.4399 1.0000e-12      57117         22 0.0000e+00
   2190.303   16.58962 -106.92288   2215.000     1.9928     1.9934     1.8381    34.6441    34.6511  1037.8765    27.6871 7.6743e-02     85.873  331.60093     0.0628    98.4426 1.0000e-12      57139         21 0.0000e+00
   2191.287   16.58962 -106.92288   2216.000     1.9924     1.9924     1.8376    34.6440    34.6512  1037.8810    27.6871 7.4495e-02     85.948  331.60404     0.0630    98.4363 1.0000e-12      57161         24 0.0000e+00
   2192.271   16.58962 -106.92288   2217.000     1.9915     1.9914     1.8366    34.6441    34.6512  1037.8856    27.6872 7.5924e-02     85.995  331.61173     0.0636    98.4229 1.0000e-12      57186         26 0.0000e+00
   2193.254   16.58962 -106.92288   2218.000     1.9912     1.9912     1.8362    34.6441    34.6513  1037.8902    27.6873 7.4780e-02     85.987  331.61436     0.0633    98.4300 1.0000e-12      57213         26 0.0000e+00
   2194.238   16.58962 -106.92288   2219.000     1.9910     1.9913     1.8360    34.6441    34.6512  1037.8947    27.6873 7.5483e-02     86.192  331.61573     0.0628    98.4423 1.0000e-12      57239         25 0.0000e+00
   2195.222   16.58962 -106.92288   2220.000     1.9909     1.9911     1.8358    34.6441    34.6513  1037.8992    27.6872 7.5858e-02     86.104  331.61677     0.0629    98.4395 1.0000e-12      57263         24 0.0000e+00
   2196.206   16.58962 -106.92288   2221.000     1.9906     1.9908     1.8354    34.6442    34.6513  1037.9039    27.6874 7.6281e-02     86.098  331.61879     0.0633    98.4304 1.0000e-12      57286         23 0.0000e+00
   2197.189   16.58962 -106.92288   2222.000     1.9914     1.9914     1.8360    34.6440    34.6512  1037.9081    27.6871 7.4805e-02     86.154  331.61313     0.0645    98.4018 1.0000e-12      57309         24 0.0000e+00
   2198.173   16.58962 -106.92288   2223.000     1.9917     1.9917     1.8362    34.6440    34.6511  1037.9126    27.6872 7.5174e-02     86.283  331.61054     0.0633    98.4305 1.0000e-12      57333         23 0.0000e+00
   2199.157   16.58962 -106.92288   2224.000     1.9919     1.9918     1.8364    34.6440    34.6511  1037.9170    27.6871 7.6318e-02     86.424  331.60850     0.0629    98.4396 1.0000e-12      57357         23 0.0000e+00
   2200.140   16.58962 -106.92288   2225.000     1.9909     1.9909     1.8353    34.6441    34.6513  1037.9217    27.6872 7.7080e-02     86.264  331.61690     0.0636    98.4223 1.0000e-12      57379         23 0.0000e+00
   2201.124   16.58962 -106.92288   2226.000     1.9917     1.9919     1.8360    34.6441    34.6512  1037.9261    27.6872 7.5388e-02     86.368  331.61018     0.0632    98.4312 1.0000e-12      57401         21 0.0000e+00
   2202.108   16.58962 -106.92288   2227.000     1.9911     1.9912     1.8354    34.6440    34.6512  1037.9306    27.6872 7.5646e-02     86.469  331.61496     0.0630    98.4370 1.0000e-12      57423         23 0.0000e+00
   2203.091   16.58962 -106.92288   2228.000     1.9906     1.9907     1.8348    34.6442    34.6512  1037.9353    27.6874 7.5517e-02     86.317  331.61888     0.0632    98.4319 1.0000e-12      57447         26 0.0000e+00
   2204.075   16.58962 -106.92288   2229.000     1.9893     1.9901     1.8334    34.6442    34.6513  1037.9399    27.6875 7.5099e-02     86.451  331.62939     0.0631    98.4345 1.0000e-12      57474         28 0.0000e+00
   2205.058   16.58962 -106.92288   2230.000     1.9893     1.9895     1.8333    34.6443    34.6514  1037.9445    27.6876 7.6775e-02     86.249  331.62929     0.0629    98.4382 1.0000e-12      57502         28 0.0000e+00
   2206.042   16.58962 -106.92288   2231.000     1.9906     1.9908     1.8345    34.6441    34.6511  1037.9487    27.6873 7.4611e-02     86.344  331.61908     0.0635    98.4252 1.0000e-12      57529         24 0.0000e+00
   2207.026   16.58962 -106.92288   2232.000     1.9896     1.9903     1.8334    34.6443    34.6512  1037.9534    27.6875 7.6167e-02     86.443  331.62697     0.0630    98.4374 1.0000e-12      57553         24 0.0000e+00
   2208.009   16.58962 -106.92288   2233.000     1.9897     1.9894     1.8335    34.6442    34.6513  1037.9579    27.6875 7.7073e-02     86.418  331.62625     0.0628    98.4426 1.0000e-12      57575         22 0.0000e+00
   2208.993   16.58962 -106.92288   2234.000     1.9890     1.9895     1.8327    34.6443    34.6513  1037.9625    27.6875 7.7291e-02     86.399  331.63154     0.0628    98.4413 1.0000e-12      57597         20 0.0000e+00
   2209.977   16.58962 -106.92288   2235.000     1.9843     1.9844     1.8280    34.6445    34.6515  1037.9678    27.6881 7.6916e-02     86.330  331.67045     0.0629    98.4403 1.0000e-12      57618         22 0.0000e+00
   2210.961   16.58962 -106.92288   2236.000     1.9826     1.9827     1.8262    34.6448    34.6519  1037.9727    27.6885 7.6393e-02     86.437  331.68384     0.0629    98.4402 1.0000e-12      57639         21 0.0000e+00
   2211.944   16.58962 -106.92288   2237.000     1.9802     1.9804     1.8238    34.6446    34.6519  1037.9774    27.6885 7.7729e-02     86.380  331.70382     0.0629    98.4382 1.0000e-12      57661         23 0.0000e+00
   2212.928   16.58962 -106.92288   2238.000     1.9691     1.9703     1.8128    34.6456    34.6526  1037.9842    27.6902 7.6033e-02     86.598  331.79383     0.0630    98.4363 1.0000e-12      57684         24 0.0000e+00
   2213.911   16.58962 -106.92288   2239.000     1.9694     1.9683     1.8129    34.6455    34.6528  1037.9886    27.6901 7.5164e-02     86.533  331.79189     0.0629    98.4381 1.0000e-12      57710         27 0.0000e+00
   2214.895   16.58962 -106.92288   2240.000     1.9614     1.9617     1.8050    34.6461    34.6531  1037.9946    27.6912 7.5092e-02     86.663  331.85675     0.0629    98.4398 1.0000e-12      57739         32 0.0000e+00
   2215.879   16.58962 -106.92288   2241.000     1.9609     1.9610     1.8044    34.6461    34.6531  1037.9992    27.6912 7.4574e-02     87.143  331.86132     0.0630    98.4374 1.0000e-12      57769         28 0.0000e+00
   2216.862   16.58962 -106.92288   2242.000     1.9609     1.9610     1.8044    34.6461    34.6531  1038.0037    27.6912 7.4695e-02     87.402  331.86088     0.0637    98.4197 1.0000e-12      57795         23 0.0000e+00
   2217.846   16.58962 -106.92288   2243.000     1.9607     1.9610     1.8041    34.6460    34.6530  1038.0081    27.6912 7.6486e-02     87.664  331.86253     0.0642    98.4089 1.0000e-12      57819         24 0.0000e+00
   2218.830   16.58962 -106.92288   2244.000     1.9609     1.9610     1.8041    34.6460    34.6530  1038.0126    27.6911 7.4972e-02     87.983  331.86148     0.0642    98.4090 1.0000e-12      57842         21 0.0000e+00
   2219.813   16.58962 -106.92288   2245.000     1.9609     1.9609     1.8041    34.6459    34.6531  1038.0170    27.6911 7.5729e-02     87.988  331.86119     0.0636    98.4226 1.0000e-12      57864         24 0.0000e+00
   2220.797   16.58962 -106.92288   2246.000     1.9608     1.9610     1.8039    34.6459    34.6530  1038.0215    27.6910 7.6473e-02     87.985  331.86242     0.0638    98.4188 1.0000e-12      57888         25 0.0000e+00
