notebooks/python-ctd/skq201617s-043avg.cnv
* Sea-Bird SBE 9 Data File:
* FileName = D:\CTD\SKQ201617S\SKQ201617S-043.hex
* Software Version Seasave V 7.22.5
* Temperature SN = 5773
* Conductivity SN = 2251
* Number of Bytes Per Scan = 37
* Number of Voltage Words = 4
* Number of Scans Averaged by the Deck Unit = 1
* NMEA Latitude = 16 35.38 N
* NMEA Longitude = 106 55.37 W
* NMEA UTC (Time) = Jan 13 2017  12:14:58
* NMEA baud rate = 4800
** Ship: R/V Sikuliaq
** Station Number: 43
** Station Name: Station 16/P2
** Depth: 2777.71 m
** Operator: JP/Gabrielle
# nquan = 20
# nvalues = 2529                        
# units = specified
# name 0 = depSMignore: Depth [salt water, m]
# name 1 = latitude: Latitude [deg]
# name 2 = longitude: Longitude [deg]
# name 3 = prDM: Pressure, Digiquartz [db]
# name 4 = t090C: Temperature [ITS-90, deg C]
# name 5 = t190C: Temperature, 2 [ITS-90, deg C]
# name 6 = potemp090C: Potential Temperature [ITS-90, deg C]
# name 7 = sal00: Salinity, Practical [PSU]
# name 8 = sal11: Salinity, Practical, 2 [PSU]
# name 9 = density00: Density [density, kg/m^3]
# name 10 = sigma-t00: Density [sigma-t, kg/m^3 ]
# name 11 = flSP: Fluorescence, Seapoint
# name 12 = sbox0Mm/Kg: Oxygen, SBE 43 [umol/kg]
# name 13 = oxsolMm/Kg: Oxygen Saturation, Garcia & Gordon [umol/kg]
# name 14 = CStarAt0: Beam Attenuation, WET Labs C-Star [1/m]
# name 15 = CStarTr0: Beam Transmission, WET Labs C-Star [%]
# name 16 = par: PAR/Irradiance, Biospherical/Licor
# name 17 = scan: Scan Count
# name 18 = nbin: number of scans per bin
# name 19 = flag: flag
# span 0 =      2.982,   2500.938       
# span 1 =   16.58960,   16.58962       
# span 2 = -106.92290, -106.92288       
# span 3 =      3.000,   2531.000       
# span 4 =     1.8144,    28.8381       
# span 5 =     1.8142,    28.8398       
# span 6 =     1.6349,    28.8300       
# span 7 =    33.5449,    34.8124       
# span 8 =    33.5546,    34.8200       
# span 9 =  1021.0701,  1039.3241       
# span 10 =    21.0571,    27.7092      
# span 11 = 6.4616e-02, 1.6782e+00      
# span 12 =     -0.064,    190.279      
# span 13 =  195.95938,  333.06217      
# span 14 =     0.0617,     0.2421      
# span 15 =    94.1284,    98.4701      
# span 16 = 1.0000e-12, 1.0000e-12      
# span 17 =       -356,      68623      
# span 18 =         15,        701      
# span 19 = 0.0000e+00, 0.0000e+00      
# interval = decibars: 1                
# start_time = Jan 13 2017 12:14:58 [NMEA time, header]
# bad_flag = -9.990e-29
*END*
[from data line 2245]
   2222.764   16.58962 -106.92288   2248.000     1.9603     1.9606     1.8033    34.6459    34.6531  1038.0305    27.6911 7.4888e-02     87.893  331.86616     0.0662    98.3600 1.0000e-12      57934         23 0.0000e+00
   2223.747   16.58962 -106.92288   2249.000     1.9595     1.9597     1.8024    34.6459    34.6531  1038.0351    27.6912 7.6739e-02     87.742  331.87292     0.0630    98.4372 1.0000e-12      57957         23 0.0000e+00
   2224.731   16.58962 -106.92288   2250.000     1.9594     1.9596     1.8021    34.6460    34.6531  1038.0397    27.6913 7.4719e-02     87.745  331.87395     0.0630    98.4376 1.0000e-12      57981         25 0.0000e+00
   2225.715   16.58962 -106.92288   2251.000     1.9594     1.9595     1.8021    34.6460    34.6530  1038.0442    27.6913 7.6493e-02     87.861  331.87367     0.0630    98.4362 1.0000e-12      58007         27 0.0000e+00
   2226.698   16.58962 -106.92288   2252.000     1.9588     1.9588     1.8014    34.6460    34.6531  1038.0488    27.6913 7.6762e-02     87.768  331.87831     0.0627    98.4438 1.0000e-12      58032         23 0.0000e+00
   2227.682   16.58962 -106.92288   2253.000     1.9587     1.9589     1.8013    34.6460    34.6531  1038.0532    27.6913 7.6276e-02     88.020  331.87916     0.0627    98.4439 1.0000e-12      58055         23 0.0000e+00
   2228.665   16.58962 -106.92288   2254.000     1.9589     1.9591     1.8013    34.6460    34.6530  1038.0577    27.6913 7.4049e-02     87.921  331.87819     0.0629    98.4385 1.0000e-12      58078         24 0.0000e+00
   2229.649   16.58962 -106.92288   2255.000     1.9589     1.9591     1.8012    34.6461    34.6530  1038.0623    27.6914 7.5583e-02     88.011  331.87785     0.0627    98.4428 1.0000e-12      58103         25 0.0000e+00
   2230.632   16.58962 -106.92288   2256.000     1.9586     1.9589     1.8009    34.6460    34.6530  1038.0667    27.6913 7.4424e-02     87.909  331.87998     0.0634    98.4270 1.0000e-12      58131         32 0.0000e+00
   2231.616   16.58962 -106.92288   2257.000     1.9587     1.9588     1.8008    34.6460    34.6531  1038.0712    27.6913 7.5976e-02     87.792  331.87982     0.0628    98.4420 1.0000e-12      58161         27 0.0000e+00
   2232.599   16.58962 -106.92288   2258.000     1.9584     1.9586     1.8005    34.6459    34.6531  1038.0757    27.6913 7.5803e-02     88.219  331.88181     0.0628    98.4416 1.0000e-12      58187         23 0.0000e+00
   2233.583   16.58962 -106.92288   2259.000     1.9586     1.9585     1.8006    34.6459    34.6531  1038.0801    27.6912 7.5339e-02     88.103  331.88090     0.0627    98.4440 1.0000e-12      58209         21 0.0000e+00
   2234.567   16.58962 -106.92288   2260.000     1.9584     1.9585     1.8003    34.6459    34.6530  1038.0847    27.6913 7.6154e-02     87.846  331.88224     0.0636    98.4218 1.0000e-12      58229         19 0.0000e+00
   2235.550   16.58962 -106.92288   2261.000     1.9574     1.9575     1.7993    34.6461    34.6532  1038.0894    27.6915 7.5095e-02     87.781  331.88996     0.0638    98.4177 1.0000e-12      58249         22 0.0000e+00
   2236.534   16.58962 -106.92288   2262.000     1.9573     1.9575     1.7991    34.6461    34.6531  1038.0939    27.6915 7.3447e-02     87.968  331.89057     0.0635    98.4248 1.0000e-12      58271         22 0.0000e+00
   2237.517   16.58962 -106.92288   2263.000     1.9572     1.9574     1.7989    34.6461    34.6531  1038.0984    27.6915 7.4881e-02     87.866  331.89158     0.0630    98.4361 1.0000e-12      58296         27 0.0000e+00
   2238.501   16.58962 -106.92288   2264.000     1.9568     1.9570     1.7984    34.6460    34.6532  1038.1029    27.6915 7.4226e-02     87.784  331.89489     0.0633    98.4296 1.0000e-12      58323         26 0.0000e+00
   2239.484   16.58962 -106.92288   2265.000     1.9564     1.9566     1.7979    34.6460    34.6532  1038.1075    27.6915 7.5710e-02     87.940  331.89837     0.0638    98.4176 1.0000e-12      58350         27 0.0000e+00
   2240.468   16.58962 -106.92288   2266.000     1.9554     1.9556     1.7969    34.6461    34.6532  1038.1121    27.6916 7.5592e-02     87.946  331.90643     0.0636    98.4224 1.0000e-12      58374         22 0.0000e+00
   2241.451   16.58962 -106.92288   2267.000     1.9545     1.9547     1.7959    34.6461    34.6533  1038.1167    27.6917 7.4928e-02     88.063  331.91389     0.0631    98.4355 1.0000e-12      58396         22 0.0000e+00
   2242.435   16.58962 -106.92288   2268.000     1.9545     1.9545     1.7958    34.6462    34.6533  1038.1214    27.6918 7.6410e-02     88.021  331.91388     0.0638    98.4179 1.0000e-12      58418         22 0.0000e+00
   2243.418   16.58962 -106.92288   2269.000     1.9533     1.9534     1.7945    34.6463    34.6533  1038.1260    27.6920 7.2932e-02     88.157  331.92353     0.0633    98.4305 1.0000e-12      58442         26 0.0000e+00
   2244.402   16.58962 -106.92288   2270.000     1.9523     1.9524     1.7934    34.6463    34.6535  1038.1307    27.6921 7.4973e-02     88.037  331.93181     0.0629    98.4383 1.0000e-12      58469         29 0.0000e+00
   2245.385   16.58962 -106.92288   2271.000     1.9521     1.9523     1.7932    34.6463    34.6535  1038.1352    27.6921 7.4482e-02     88.266  331.93355     0.0633    98.4291 1.0000e-12      58499         30 0.0000e+00
   2246.369   16.58962 -106.92288   2272.000     1.9522     1.9523     1.7931    34.6463    34.6535  1038.1397    27.6921 7.5890e-02     88.209  331.93316     0.0632    98.4313 1.0000e-12      58527         25 0.0000e+00
   2247.352   16.58962 -106.92288   2273.000     1.9521     1.9523     1.7930    34.6464    34.6535  1038.1442    27.6921 7.5338e-02     88.265  331.93309     0.0630    98.4359 1.0000e-12      58551         23 0.0000e+00
   2248.336   16.58962 -106.92288   2274.000     1.9522     1.9523     1.7930    34.6463    34.6535  1038.1486    27.6921 7.5526e-02     88.437  331.93233     0.0629    98.4401 1.0000e-12      58573         21 0.0000e+00
   2249.319   16.58962 -106.92288   2275.000     1.9522     1.9523     1.7929    34.6463    34.6534  1038.1531    27.6921 7.4461e-02     88.366  331.93292     0.0634    98.4262 1.0000e-12      58594         21 0.0000e+00
   2250.303   16.58962 -106.92288   2276.000     1.9520     1.9520     1.7927    34.6463    34.6535  1038.1576    27.6921 7.5095e-02     88.294  331.93406     0.0630    98.4368 1.0000e-12      58617         22 0.0000e+00
   2251.286   16.58962 -106.92288   2277.000     1.9510     1.9512     1.7915    34.6463    34.6535  1038.1623    27.6922 7.4779e-02     88.326  331.94293     0.0638    98.4172 1.0000e-12      58640         24 0.0000e+00
   2252.269   16.58962 -106.92288   2278.000     1.9487     1.9488     1.7892    34.6466    34.6538  1038.1673    27.6926 7.6311e-02     88.445  331.96078     0.0632    98.4319 1.0000e-12      58664         24 0.0000e+00
   2253.253   16.58961 -106.92288   2279.000     1.9482     1.9483     1.7886    34.6466    34.6538  1038.1719    27.6926 7.5956e-02     88.166  331.96575     0.0633    98.4290 1.0000e-12      58689         23 0.0000e+00
   2254.236   16.58960 -106.92288   2280.000     1.9473     1.9475     1.7877    34.6466    34.6537  1038.1765    27.6927 7.3839e-02     88.375  331.97228     0.0635    98.4256 1.0000e-12      58712         23 0.0000e+00
   2255.220   16.58960 -106.92288   2281.000     1.9468     1.9470     1.7871    34.6467    34.6537  1038.1811    27.6928 7.3780e-02     88.396  331.97677     0.0637    98.4200 1.0000e-12      58734         21 0.0000e+00
   2256.203   16.58960 -106.92288   2282.000     1.9461     1.9461     1.7863    34.6467    34.6539  1038.1857    27.6929 7.4287e-02     88.436  331.98234     0.0635    98.4240 1.0000e-12      58756         25 0.0000e+00
   2257.187   16.58960 -106.92288   2283.000     1.9449     1.9451     1.7851    34.6467    34.6537  1038.1903    27.6930 7.5810e-02     88.317  331.99203     0.0652    98.3836 1.0000e-12      58782         27 0.0000e+00
   2258.170   16.58961 -106.92288   2284.000     1.9421     1.9421     1.7822    34.6469    34.6541  1038.1954    27.6933 7.5532e-02     88.613  332.01540     0.0632    98.4314 1.0000e-12      58810         29 0.0000e+00
   2259.153   16.58962 -106.92288   2285.000     1.9384     1.9384     1.7785    34.6471    34.6543  1038.2005    27.6938 7.6943e-02     88.534  332.04527     0.0637    98.4205 1.0000e-12      58838         27 0.0000e+00
   2260.137   16.58962 -106.92288   2286.000     1.9328     1.9329     1.7729    34.6477    34.6547  1038.2062    27.6947 7.6015e-02     88.750  332.09063     0.0644    98.4037 1.0000e-12      58863         24 0.0000e+00
   2261.120   16.58962 -106.92288   2287.000     1.9306     1.9307     1.7707    34.6476    34.6548  1038.2110    27.6949 7.5812e-02     88.832  332.10862     0.0631    98.4343 1.0000e-12      58887         23 0.0000e+00
   2262.104   16.58962 -106.92288   2288.000     1.9291     1.9292     1.7690    34.6478    34.6549  1038.2158    27.6951 7.3315e-02     88.946  332.12141     0.0640    98.4130 1.0000e-12      58910         25 0.0000e+00
   2263.087   16.58962 -106.92288   2289.000     1.9274     1.9276     1.7673    34.6479    34.6550  1038.2206    27.6953 7.5180e-02     88.910  332.13479     0.0635    98.4255 1.0000e-12      58936         22 0.0000e+00
   2264.070   16.58962 -106.92288   2290.000     1.9256     1.9258     1.7655    34.6481    34.6551  1038.2255    27.6956 7.6504e-02     89.432  332.14936     0.0627    98.4433 1.0000e-12      58960         24 0.0000e+00
   2265.054   16.58962 -106.92288   2291.000     1.9253     1.9253     1.7650    34.6480    34.6550  1038.2300    27.6955 7.4866e-02     89.558  332.15272     0.0636    98.4217 1.0000e-12      58983         22 0.0000e+00
   2266.037   16.58961 -106.92288   2292.000     1.9249     1.9251     1.7646    34.6481    34.6551  1038.2345    27.6956 7.4249e-02     89.619  332.15554     0.0629    98.4394 1.0000e-12      59005         22 0.0000e+00
   2267.021   16.58960 -106.92288   2293.000     1.9249     1.9250     1.7645    34.6480    34.6551  1038.2390    27.6956 7.4361e-02     89.879  332.15574     0.0635    98.4239 1.0000e-12      59026         20 0.0000e+00
   2268.004   16.58960 -106.92288   2294.000     1.9242     1.9244     1.7637    34.6480    34.6550  1038.2436    27.6957 7.4145e-02     89.583  332.16117     0.0632    98.4311 1.0000e-12      59048         25 0.0000e+00
   2268.987   16.58960 -106.92288   2295.000     1.9232     1.9234     1.7626    34.6481    34.6552  1038.2482    27.6958 7.4427e-02     89.690  332.16963     0.0640    98.4139 1.0000e-12      59074         25 0.0000e+00
   2269.971   16.58960 -106.92288   2296.000     1.9225     1.9227     1.7619    34.6481    34.6552  1038.2528    27.6958 7.4909e-02     90.064  332.17524     0.0634    98.4279 1.0000e-12      59101         29 0.0000e+00
   2270.954   16.58960 -106.92288   2297.000     1.9204     1.9201     1.7597    34.6482    34.6555  1038.2577    27.6961 7.4356e-02     89.804  332.19309     0.0638    98.4185 1.0000e-12      59128         23 0.0000e+00
   2271.937   16.58960 -106.92288   2298.000     1.9189     1.9195     1.7582    34.6484    34.6553  1038.2625    27.6963 7.3532e-02     89.932  332.20480     0.0634    98.4279 1.0000e-12      59151         24 0.0000e+00
   2272.921   16.58961 -106.92288   2299.000     1.9182     1.9182     1.7573    34.6485    34.6554  1038.2672    27.6965 7.4928e-02     90.298  332.21063     0.0635    98.4260 1.0000e-12      59174         22 0.0000e+00
   2273.904   16.58962 -106.92288   2300.000     1.9167     1.9167     1.7558    34.6484    34.6555  1038.2718    27.6966 7.2910e-02     90.008  332.22314     0.0636    98.4224 1.0000e-12      59196         22 0.0000e+00
   2274.888   16.58962 -106.92288   2301.000     1.9154     1.9155     1.7545    34.6484    34.6556  1038.2764    27.6966 7.3697e-02     90.044  332.23368     0.0631    98.4334 1.0000e-12      59219         25 0.0000e+00
   2275.871   16.58962 -106.92288   2302.000     1.9148     1.9149     1.7538    34.6486    34.6557  1038.2812    27.6969 7.6000e-02     90.010  332.23852     0.0627    98.4428 1.0000e-12      59243         24 0.0000e+00
   2276.854   16.58962 -106.92288   2303.000     1.9143     1.9144     1.7532    34.6484    34.6556  1038.2856    27.6968 7.4200e-02     89.956  332.24273     0.0629    98.4390 1.0000e-12      59269         27 0.0000e+00
   2277.837   16.58962 -106.92288   2304.000     1.9140     1.9142     1.7528    34.6485    34.6556  1038.2902    27.6968 7.4210e-02     90.116  332.24495     0.0630    98.4371 1.0000e-12      59296         27 0.0000e+00
   2278.821   16.58962 -106.92288   2305.000     1.9140     1.9141     1.7527    34.6485    34.6557  1038.2947    27.6969 7.4084e-02     90.231  332.24541     0.0630    98.4371 1.0000e-12      59326         31 0.0000e+00
   2279.804   16.58962 -106.92288   2306.000     1.9139     1.9139     1.7526    34.6485    34.6556  1038.2992    27.6968 7.3637e-02     90.615  332.24601     0.0629    98.4403 1.0000e-12      59355         29 0.0000e+00
   2280.788   16.58962 -106.92288   2307.000     1.9138     1.9139     1.7523    34.6486    34.6556  1038.3037    27.6969 7.5714e-02     90.436  332.24704     0.0642    98.4089 1.0000e-12      59380         22 0.0000e+00
   2281.771   16.58962 -106.92288   2308.000     1.9138     1.9139     1.7523    34.6486    34.6556  1038.3082    27.6969 7.4988e-02     90.471  332.24666     0.0631    98.4345 1.0000e-12      59401         19 0.0000e+00
   2282.754   16.58960 -106.92288   2309.000     1.9136     1.9136     1.7519    34.6485    34.6556  1038.3127    27.6969 7.3805e-02     90.548  332.24886     0.0635    98.4255 1.0000e-12      59421         20 0.0000e+00
   2283.737   16.58960 -106.92288   2310.000     1.9132     1.9133     1.7515    34.6485    34.6557  1038.3172    27.6969 7.4965e-02     90.346  332.25220     0.0630    98.4367 1.0000e-12      59439         19 0.0000e+00
   2284.721   16.58960 -106.92288   2311.000     1.9121     1.9123     1.7504    34.6486    34.6558  1038.3220    27.6971 7.3833e-02     90.328  332.26051     0.0635    98.4245 1.0000e-12      59459         19 0.0000e+00
   2285.704   16.58960 -106.92288   2312.000     1.9118     1.9119     1.7499    34.6487    34.6558  1038.3265    27.6972 7.3247e-02     90.576  332.26304     0.0631    98.4350 1.0000e-12      59480         23 0.0000e+00
   2286.687   16.58960 -106.92288   2313.000     1.9111     1.9112     1.7492    34.6487    34.6558  1038.3311    27.6972 7.2993e-02     90.084  332.26900     0.0635    98.4247 1.0000e-12      59505         27 0.0000e+00
   2287.671   16.58961 -106.92288   2314.000     1.9106     1.9109     1.7486    34.6487    34.6557  1038.3356    27.6973 7.4336e-02     90.334  332.27283     0.0627    98.4438 1.0000e-12      59532         27 0.0000e+00
   2288.654   16.58962 -106.92288   2315.000     1.9099     1.9101     1.7478    34.6488    34.6559  1038.3403    27.6974 7.3972e-02     90.614  332.27862     0.0637    98.4213 1.0000e-12      59562         31 0.0000e+00
   2289.637   16.58962 -106.92288   2316.000     1.9096     1.9098     1.7474    34.6489    34.6559  1038.3449    27.6975 7.3134e-02     90.449  332.28126     0.0628    98.4419 1.0000e-12      59591         28 0.0000e+00
   2290.620   16.58962 -106.92288   2317.000     1.9096     1.9097     1.7473    34.6488    34.6559  1038.3493    27.6974 7.4270e-02     90.873  332.28114     0.0628    98.4408 1.0000e-12      59618         25 0.0000e+00
   2291.604   16.58962 -106.92288   2318.000     1.9098     1.9099     1.7475    34.6488    34.6559  1038.3538    27.6974 7.3953e-02     90.941  332.27941     0.0630    98.4364 1.0000e-12      59641         21 0.0000e+00
