notebooks/python-ctd/skq201617s-043avg.cnv
* Sea-Bird SBE 9 Data File:
* FileName = D:\CTD\SKQ201617S\SKQ201617S-043.hex
* Software Version Seasave V 7.22.5
* Temperature SN = 5773
* Conductivity SN = 2251
* Number of Bytes Per Scan = 37
* Number of Voltage Words = 4
* Number of Scans Averaged by the Deck Unit = 1
* NMEA Latitude = 16 35.38 N
* NMEA Longitude = 106 55.37 W
* NMEA UTC (Time) = Jan 13 2017  12:14:58
* NMEA baud rate = 4800
** Ship: R/V Sikuliaq
** Station Number: 43
** Station Name: Station 16/P2
** Depth: 2777.71 m
** Operator: JP/Gabrielle
# nquan = 20
# nvalues = 2529                        
# units = specified
# name 0 = depSMignore: Depth [salt water, m]
# name 1 = latitude: Latitude [deg]
# name 2 = longitude: Longitude [deg]
# name 3 = prDM: Pressure, Digiquartz [db]
# name 4 = t090C: Temperature [ITS-90, deg C]
# name 5 = t190C: Temperature, 2 [ITS-90, deg C]
# name 6 = potemp090C: Potential Temperature [ITS-90, deg C]
# name 7 = sal00: Salinity, Practical [PSU]
# name 8 = sal11: Salinity, Practical, 2 [PSU]
# name 9 = density00: Density [density, kg/m^3]
# name 10 = sigma-t00: Density [sigma-t, kg/m^3 ]
# name 11 = flSP: Fluorescence, Seapoint
# name 12 = sbox0Mm/Kg: Oxygen, SBE 43 [umol/kg]
# name 13 = oxsolMm/Kg: Oxygen Saturation, Garcia & Gordon [umol/kg]
# name 14 = CStarAt0: Beam Attenuation, WET Labs C-Star [1/m]
# name 15 = CStarTr0: Beam Transmission, WET Labs C-Star [%]
# name 16 = par: PAR/Irradiance, Biospherical/Licor
# name 17 = scan: Scan Count
# name 18 = nbin: number of scans per bin
# name 19 = flag: flag
# span 0 =      2.982,   2500.938       
# span 1 =   16.58960,   16.58962       
# span 2 = -106.92290, -106.92288       
# span 3 =      3.000,   2531.000       
# span 4 =     1.8144,    28.8381       
# span 5 =     1.8142,    28.8398       
# span 6 =     1.6349,    28.8300       
# span 7 =    33.5449,    34.8124       
# span 8 =    33.5546,    34.8200       
# span 9 =  1021.0701,  1039.3241       
# span 10 =    21.0571,    27.7092      
# span 11 = 6.4616e-02, 1.6782e+00      
# span 12 =     -0.064,    190.279      
# span 13 =  195.95938,  333.06217      
# span 14 =     0.0617,     0.2421      
# span 15 =    94.1284,    98.4701      
# span 16 = 1.0000e-12, 1.0000e-12      
# span 17 =       -356,      68623      
# span 18 =         15,        701      
# span 19 = 0.0000e+00, 0.0000e+00      
# interval = decibars: 1                
# start_time = Jan 13 2017 12:14:58 [NMEA time, header]
# bad_flag = -9.990e-29
*END*
[from data line 1955]
   1937.334   16.58962 -106.92288   1958.000     2.3206     2.3224     2.1829    34.6264    34.6334  1036.6620    27.6463 8.0589e-02     70.229  328.94277     0.0657    98.3718 1.0000e-12      50976         29 0.0000e+00
   1938.319   16.58962 -106.92288   1959.000     2.3152     2.3158     2.1775    34.6266    34.6336  1036.6674    27.6469 8.0454e-02     70.096  328.98570     0.0649    98.3908 1.0000e-12      51005         28 0.0000e+00
   1939.304   16.58962 -106.92288   1960.000     2.3100     2.3102     2.1723    34.6270    34.6342  1036.6729    27.6477 8.1214e-02     70.149  329.02769     0.0649    98.3916 1.0000e-12      51031         24 0.0000e+00
   1940.289   16.58962 -106.92288   1961.000     2.2994     2.3002     2.1618    34.6276    34.6346  1036.6793    27.6491 7.8293e-02     70.369  329.11304     0.0651    98.3870 1.0000e-12      51055         23 0.0000e+00
   1941.273   16.58962 -106.92288   1962.000     2.2946     2.2948     2.1570    34.6281    34.6353  1036.6849    27.6499 7.9788e-02     70.425  329.15089     0.0657    98.3701 1.0000e-12      51077         23 0.0000e+00
   1942.258   16.58962 -106.92288   1963.000     2.2938     2.2940     2.1561    34.6282    34.6352  1036.6895    27.6500 7.8325e-02     70.643  329.15716     0.0650    98.3901 1.0000e-12      51100         24 0.0000e+00
   1943.243   16.58962 -106.92288   1964.000     2.2937     2.2939     2.1559    34.6281    34.6351  1036.6940    27.6499 8.0510e-02     70.769  329.15875     0.0651    98.3855 1.0000e-12      51124         25 0.0000e+00
   1944.228   16.58962 -106.92288   1965.000     2.2939     2.2940     2.1560    34.6281    34.6351  1036.6984    27.6499 8.0747e-02     71.104  329.15701     0.0653    98.3799 1.0000e-12      51148         22 0.0000e+00
   1945.213   16.58962 -106.92288   1966.000     2.2939     2.2942     2.1560    34.6280    34.6351  1036.7029    27.6498 8.0953e-02     71.476  329.15673     0.0654    98.3785 1.0000e-12      51170         20 0.0000e+00
   1946.198   16.58962 -106.92288   1967.000     2.2936     2.2937     2.1556    34.6280    34.6350  1036.7074    27.6499 7.9076e-02     71.545  329.15921     0.0651    98.3866 1.0000e-12      51190         20 0.0000e+00
   1947.183   16.58962 -106.92288   1968.000     2.2935     2.2938     2.1553    34.6281    34.6350  1036.7120    27.6499 7.9253e-02     71.413  329.16029     0.0654    98.3786 1.0000e-12      51210         22 0.0000e+00
   1948.168   16.58962 -106.92288   1969.000     2.2934     2.2936     2.1552    34.6279    34.6350  1036.7164    27.6498 7.9783e-02     71.660  329.16129     0.0656    98.3746 1.0000e-12      51233         23 0.0000e+00
   1949.152   16.58962 -106.92288   1970.000     2.2924     2.2922     2.1541    34.6280    34.6351  1036.7211    27.6499 8.1100e-02     71.490  329.16902     0.0659    98.3665 1.0000e-12      51258         28 0.0000e+00
   1950.137   16.58962 -106.92288   1971.000     2.2914     2.2916     2.1530    34.6281    34.6350  1036.7258    27.6501 8.0193e-02     71.348  329.17762     0.0650    98.3903 1.0000e-12      51286         27 0.0000e+00
   1951.122   16.58962 -106.92288   1972.000     2.2916     2.2918     2.1532    34.6279    34.6351  1036.7302    27.6500 7.9203e-02     71.497  329.17569     0.0651    98.3872 1.0000e-12      51312         24 0.0000e+00
   1952.107   16.58962 -106.92288   1973.000     2.2919     2.2921     2.1533    34.6281    34.6351  1036.7347    27.6500 7.9916e-02     71.816  329.17349     0.0650    98.3887 1.0000e-12      51337         27 0.0000e+00
   1953.092   16.58962 -106.92288   1974.000     2.2917     2.2920     2.1531    34.6280    34.6351  1036.7392    27.6500 7.7843e-02     71.631  329.17464     0.0649    98.3907 1.0000e-12      51364         27 0.0000e+00
   1954.077   16.58962 -106.92288   1975.000     2.2913     2.2918     2.1526    34.6280    34.6350  1036.7437    27.6500 7.8377e-02     71.487  329.17808     0.0649    98.3907 1.0000e-12      51392         28 0.0000e+00
   1955.061   16.58962 -106.92288   1976.000     2.2855     2.2857     2.1468    34.6283    34.6354  1036.7493    27.6508 7.9118e-02     71.577  329.22484     0.0649    98.3906 1.0000e-12      51418         25 0.0000e+00
   1956.046   16.58962 -106.92288   1977.000     2.2808     2.2810     2.1421    34.6287    34.6359  1036.7547    27.6515 7.8921e-02     71.592  329.26231     0.0649    98.3904 1.0000e-12      51442         22 0.0000e+00
   1957.031   16.58962 -106.92288   1978.000     2.2798     2.2799     2.1410    34.6288    34.6359  1036.7595    27.6517 8.1408e-02     71.523  329.27049     0.0649    98.3905 1.0000e-12      51464         23 0.0000e+00
   1958.016   16.58962 -106.92288   1979.000     2.2789     2.2790     2.1400    34.6288    34.6360  1036.7641    27.6517 8.0907e-02     71.635  329.27821     0.0652    98.3848 1.0000e-12      51487         23 0.0000e+00
   1959.001   16.58962 -106.92288   1980.000     2.2779     2.2781     2.1390    34.6289    34.6360  1036.7688    27.6519 8.0262e-02     72.071  329.28569     0.0649    98.3915 1.0000e-12      51509         22 0.0000e+00
   1959.986   16.58962 -106.92288   1981.000     2.2769     2.2769     2.1379    34.6289    34.6360  1036.7735    27.6519 7.8961e-02     72.202  329.29452     0.0649    98.3916 1.0000e-12      51531         22 0.0000e+00
   1960.970   16.58962 -106.92288   1982.000     2.2739     2.2743     2.1349    34.6291    34.6361  1036.7785    27.6523 8.0183e-02     72.041  329.31847     0.0649    98.3916 1.0000e-12      51552         20 0.0000e+00
   1961.955   16.58962 -106.92288   1983.000     2.2704     2.2706     2.1313    34.6293    34.6363  1036.7836    27.6528 8.0583e-02     71.960  329.34673     0.0649    98.3904 1.0000e-12      51573         21 0.0000e+00
   1962.940   16.58962 -106.92288   1984.000     2.2661     2.2659     2.1270    34.6296    34.6366  1036.7889    27.6534 7.9591e-02     72.218  329.38098     0.0649    98.3916 1.0000e-12      51594         22 0.0000e+00
   1963.925   16.58962 -106.92288   1985.000     2.2644     2.2645     2.1252    34.6297    34.6366  1036.7938    27.6536 8.0616e-02     72.453  329.39470     0.0649    98.3927 1.0000e-12      51618         24 0.0000e+00
   1964.909   16.58962 -106.92288   1986.000     2.2642     2.2644     2.1249    34.6296    34.6365  1036.7982    27.6535 8.0586e-02     72.452  329.39696     0.0649    98.3924 1.0000e-12      51646         32 0.0000e+00
   1965.894   16.58962 -106.92288   1987.000     2.2636     2.2639     2.1242    34.6295    34.6366  1036.8027    27.6535 7.9019e-02     72.693  329.40205     0.0649    98.3916 1.0000e-12      51677         30 0.0000e+00
   1966.879   16.58962 -106.92288   1988.000     2.2630     2.2631     2.1236    34.6294    34.6365  1036.8073    27.6535 8.0227e-02     72.827  329.40687     0.0650    98.3879 1.0000e-12      51707         29 0.0000e+00
   1967.864   16.58962 -106.92288   1989.000     2.2624     2.2626     2.1229    34.6296    34.6366  1036.8120    27.6537 8.0587e-02     72.724  329.41193     0.0654    98.3780 1.0000e-12      51734         25 0.0000e+00
   1968.848   16.58962 -106.92288   1990.000     2.2614     2.2617     2.1219    34.6296    34.6366  1036.8166    27.6538 8.0430e-02     73.111  329.41960     0.0655    98.3758 1.0000e-12      51757         23 0.0000e+00
   1969.833   16.58962 -106.92288   1991.000     2.2605     2.2607     2.1209    34.6296    34.6367  1036.8212    27.6538 7.9569e-02     72.837  329.42698     0.0653    98.3815 1.0000e-12      51779         21 0.0000e+00
   1970.818   16.58962 -106.92288   1992.000     2.2599     2.2601     2.1202    34.6296    34.6367  1036.8258    27.6539 8.0230e-02     72.718  329.43184     0.0649    98.3918 1.0000e-12      51801         20 0.0000e+00
   1971.803   16.58962 -106.92288   1993.000     2.2600     2.2601     2.1202    34.6296    34.6367  1036.8303    27.6539 8.0595e-02     72.734  329.43112     0.0648    98.3949 1.0000e-12      51823         24 0.0000e+00
   1972.788   16.58962 -106.92288   1994.000     2.2601     2.2603     2.1202    34.6296    34.6366  1036.8348    27.6539 7.9452e-02     72.766  329.43049     0.0649    98.3915 1.0000e-12      51846         23 0.0000e+00
   1973.772   16.58962 -106.92288   1995.000     2.2593     2.2593     2.1194    34.6296    34.6366  1036.8394    27.6539 7.9755e-02     72.816  329.43666     0.0648    98.3928 1.0000e-12      51870         22 0.0000e+00
   1974.757   16.58962 -106.92288   1996.000     2.2565     2.2564     2.1165    34.6297    34.6369  1036.8444    27.6543 8.0255e-02     72.946  329.45938     0.0649    98.3916 1.0000e-12      51892         22 0.0000e+00
   1975.742   16.58962 -106.92288   1997.000     2.2549     2.2548     2.1148    34.6299    34.6370  1036.8493    27.6546 8.2133e-02     73.177  329.47252     0.0649    98.3916 1.0000e-12      51913         21 0.0000e+00
   1976.726   16.58960 -106.92288   1998.000     2.2544     2.2545     2.1143    34.6300    34.6370  1036.8540    27.6547 7.9175e-02     72.689  329.47614     0.0649    98.3916 1.0000e-12      51935         24 0.0000e+00
   1977.711   16.58960 -106.92288   1999.000     2.2540     2.2541     2.1138    34.6300    34.6370  1036.8585    27.6547 7.9739e-02     73.080  329.47944     0.0652    98.3833 1.0000e-12      51960         27 0.0000e+00
   1978.696   16.58960 -106.92288   2000.000     2.2539     2.2540     2.1136    34.6299    34.6369  1036.8629    27.6546 8.0600e-02     73.194  329.48051     0.0650    98.3891 1.0000e-12      51990         30 0.0000e+00
   1979.680   16.58961 -106.92288   2001.000     2.2536     2.2538     2.1133    34.6299    34.6369  1036.8675    27.6547 7.8796e-02     73.107  329.48251     0.0649    98.3918 1.0000e-12      52019         26 0.0000e+00
   1980.665   16.58962 -106.92288   2002.000     2.2537     2.2539     2.1133    34.6298    34.6370  1036.8719    27.6546 7.8441e-02     73.057  329.48183     0.0649    98.3916 1.0000e-12      52043         24 0.0000e+00
   1981.650   16.58962 -106.92288   2003.000     2.2537     2.2539     2.1132    34.6298    34.6369  1036.8764    27.6546 7.8422e-02     73.032  329.48202     0.0649    98.3916 1.0000e-12      52065         22 0.0000e+00
   1982.635   16.58962 -106.92288   2004.000     2.2535     2.2536     2.1129    34.6298    34.6368  1036.8810    27.6546 7.7802e-02     73.055  329.48404     0.0649    98.3904 1.0000e-12      52087         21 0.0000e+00
   1983.619   16.58962 -106.92288   2005.000     2.2533     2.2534     2.1126    34.6298    34.6370  1036.8855    27.6547 8.1247e-02     73.182  329.48569     0.0649    98.3927 1.0000e-12      52111         26 0.0000e+00
   1984.604   16.58962 -106.92288   2006.000     2.2531     2.2533     2.1124    34.6298    34.6370  1036.8900    27.6546 8.0444e-02     73.270  329.48676     0.0648    98.3934 1.0000e-12      52139         29 0.0000e+00
   1985.589   16.58962 -106.92288   2007.000     2.2528     2.2529     2.1120    34.6297    34.6370  1036.8945    27.6546 8.0587e-02     73.199  329.48941     0.0649    98.3916 1.0000e-12      52165         25 0.0000e+00
   1986.573   16.58961 -106.92288   2008.000     2.2524     2.2526     2.1114    34.6298    34.6369  1036.8991    27.6547 7.9706e-02     73.094  329.49326     0.0649    98.3916 1.0000e-12      52188         21 0.0000e+00
   1987.558   16.58960 -106.92288   2009.000     2.2513     2.2514     2.1103    34.6299    34.6370  1036.9038    27.6549 7.8491e-02     73.480  329.50153     0.0648    98.3941 1.0000e-12      52209         21 0.0000e+00
   1988.543   16.58960 -106.92288   2010.000     2.2481     2.2483     2.1070    34.6301    34.6371  1036.9089    27.6553 7.7661e-02     73.063  329.52741     0.0646    98.3981 1.0000e-12      52229         20 0.0000e+00
   1989.527   16.58960 -106.92288   2011.000     2.2402     2.2402     2.0992    34.6306    34.6376  1036.9149    27.6563 7.7251e-02     73.112  329.59129     0.0648    98.3940 1.0000e-12      52250         23 0.0000e+00
   1990.512   16.58960 -106.92288   2012.000     2.2359     2.2361     2.0948    34.6309    34.6380  1036.9202    27.6569 7.9903e-02     73.233  329.62586     0.0647    98.3975 1.0000e-12      52273         22 0.0000e+00
   1991.497   16.58960 -106.92288   2013.000     2.2359     2.2361     2.0948    34.6308    34.6379  1036.9246    27.6569 8.0152e-02     73.710  329.62578     0.0645    98.4000 1.0000e-12      52299         25 0.0000e+00
   1992.481   16.58962 -106.92288   2014.000     2.2357     2.2359     2.0945    34.6308    34.6379  1036.9292    27.6569 7.8210e-02     73.439  329.62758     0.0642    98.4073 1.0000e-12      52325         27 0.0000e+00
   1993.466   16.58962 -106.92288   2015.000     2.2355     2.2357     2.0943    34.6308    34.6378  1036.9337    27.6569 7.9333e-02     73.689  329.62895     0.0646    98.3978 1.0000e-12      52352         29 0.0000e+00
   1994.451   16.58962 -106.92288   2016.000     2.2352     2.2353     2.0939    34.6307    34.6378  1036.9381    27.6568 8.0303e-02     74.039  329.63178     0.0641    98.4100 1.0000e-12      52380         28 0.0000e+00
   1995.435   16.58962 -106.92288   2017.000     2.2351     2.2354     2.0937    34.6307    34.6377  1036.9426    27.6568 7.9357e-02     74.011  329.63255     0.0641    98.4101 1.0000e-12      52407         24 0.0000e+00
   1996.420   16.58962 -106.92288   2018.000     2.2350     2.2351     2.0934    34.6306    34.6378  1036.9471    27.6568 7.9365e-02     73.841  329.63419     0.0644    98.4034 1.0000e-12      52431         24 0.0000e+00
   1997.405   16.58962 -106.92288   2019.000     2.2346     2.2347     2.0930    34.6307    34.6378  1036.9518    27.6569 7.9542e-02     73.886  329.63680     0.0647    98.3965 1.0000e-12      52453         21 0.0000e+00
   1998.389   16.58962 -106.92288   2020.000     2.2330     2.2330     2.0913    34.6306    34.6379  1036.9564    27.6570 7.8655e-02     73.924  329.65016     0.0643    98.4054 1.0000e-12      52474         21 0.0000e+00
   1999.374   16.58962 -106.92288   2021.000     2.2285     2.2285     2.0868    34.6309    34.6380  1036.9617    27.6575 7.8314e-02     73.992  329.68636     0.0647    98.3952 1.0000e-12      52495         21 0.0000e+00
   2000.358   16.58962 -106.92288   2022.000     2.2238     2.2238     2.0821    34.6313    34.6384  1036.9671    27.6582 7.7715e-02     74.277  329.72430     0.0648    98.3950 1.0000e-12      52517         23 0.0000e+00
   2001.343   16.58962 -106.92288   2023.000     2.2195     2.2196     2.0778    34.6316    34.6387  1036.9725    27.6588 7.8192e-02     74.140  329.75843     0.0642    98.4077 1.0000e-12      52542         26 0.0000e+00
   2002.328   16.58962 -106.92288   2024.000     2.2180     2.2181     2.0762    34.6317    34.6387  1036.9772    27.6590 7.7835e-02     74.044  329.77099     0.0649    98.3914 1.0000e-12      52569         28 0.0000e+00
   2003.312   16.58962 -106.92288   2025.000     2.2150     2.2151     2.0731    34.6317    34.6388  1036.9822    27.6593 7.9584e-02     74.264  329.79562     0.0653    98.3821 1.0000e-12      52595         25 0.0000e+00
   2004.297   16.58962 -106.92288   2026.000     2.2094     2.2094     2.0675    34.6323    34.6395  1036.9879    27.6603 7.9252e-02     74.340  329.84037     0.0647    98.3964 1.0000e-12      52619         22 0.0000e+00
   2005.281   16.58961 -106.92288   2027.000     2.2075     2.2075     2.0656    34.6324    34.6394  1036.9927    27.6604 7.9535e-02     74.650  329.85534     0.0647    98.3953 1.0000e-12      52640         21 0.0000e+00
   2006.266   16.58960 -106.92288   2028.000     2.2038     2.2038     2.0619    34.6327    34.6398  1036.9980    27.6610 7.7694e-02     74.677  329.88517     0.0648    98.3942 1.0000e-12      52660         20 0.0000e+00
   2007.250   16.58960 -106.92288   2029.000     2.2007     2.2009     2.0588    34.6328    34.6400  1037.0030    27.6613 7.9320e-02     74.768  329.91020     0.0642    98.4076 1.0000e-12      52682         24 0.0000e+00
