notebooks/python-ctd/skq201617s-043avg.cnv
* Sea-Bird SBE 9 Data File:
* FileName = D:\CTD\SKQ201617S\SKQ201617S-043.hex
* Software Version Seasave V 7.22.5
* Temperature SN = 5773
* Conductivity SN = 2251
* Number of Bytes Per Scan = 37
* Number of Voltage Words = 4
* Number of Scans Averaged by the Deck Unit = 1
* NMEA Latitude = 16 35.38 N
* NMEA Longitude = 106 55.37 W
* NMEA UTC (Time) = Jan 13 2017  12:14:58
* NMEA baud rate = 4800
** Ship: R/V Sikuliaq
** Station Number: 43
** Station Name: Station 16/P2
** Depth: 2777.71 m
** Operator: JP/Gabrielle
# nquan = 20
# nvalues = 2529                        
# units = specified
# name 0 = depSMignore: Depth [salt water, m]
# name 1 = latitude: Latitude [deg]
# name 2 = longitude: Longitude [deg]
# name 3 = prDM: Pressure, Digiquartz [db]
# name 4 = t090C: Temperature [ITS-90, deg C]
# name 5 = t190C: Temperature, 2 [ITS-90, deg C]
# name 6 = potemp090C: Potential Temperature [ITS-90, deg C]
# name 7 = sal00: Salinity, Practical [PSU]
# name 8 = sal11: Salinity, Practical, 2 [PSU]
# name 9 = density00: Density [density, kg/m^3]
# name 10 = sigma-t00: Density [sigma-t, kg/m^3 ]
# name 11 = flSP: Fluorescence, Seapoint
# name 12 = sbox0Mm/Kg: Oxygen, SBE 43 [umol/kg]
# name 13 = oxsolMm/Kg: Oxygen Saturation, Garcia & Gordon [umol/kg]
# name 14 = CStarAt0: Beam Attenuation, WET Labs C-Star [1/m]
# name 15 = CStarTr0: Beam Transmission, WET Labs C-Star [%]
# name 16 = par: PAR/Irradiance, Biospherical/Licor
# name 17 = scan: Scan Count
# name 18 = nbin: number of scans per bin
# name 19 = flag: flag
# span 0 =      2.982,   2500.938       
# span 1 =   16.58960,   16.58962       
# span 2 = -106.92290, -106.92288       
# span 3 =      3.000,   2531.000       
# span 4 =     1.8144,    28.8381       
# span 5 =     1.8142,    28.8398       
# span 6 =     1.6349,    28.8300       
# span 7 =    33.5449,    34.8124       
# span 8 =    33.5546,    34.8200       
# span 9 =  1021.0701,  1039.3241       
# span 10 =    21.0571,    27.7092      
# span 11 = 6.4616e-02, 1.6782e+00      
# span 12 =     -0.064,    190.279      
# span 13 =  195.95938,  333.06217      
# span 14 =     0.0617,     0.2421      
# span 15 =    94.1284,    98.4701      
# span 16 = 1.0000e-12, 1.0000e-12      
# span 17 =       -356,      68623      
# span 18 =         15,        701      
# span 19 = 0.0000e+00, 0.0000e+00      
# interval = decibars: 1                
# start_time = Jan 13 2017 12:14:58 [NMEA time, header]
# bad_flag = -9.990e-29
*END*
[from data line 1231]
   1223.064   16.58962 -106.92288   1234.000     3.8328     3.8331     3.7388    34.5607    34.5676  1033.1338    27.4539 8.9908e-02     18.889  317.11919     0.0684    98.3032 1.0000e-12      33485         39 0.0000e+00
   1224.053   16.58962 -106.92288   1235.000     3.8228     3.8230     3.7288    34.5613    34.5683  1033.1401    27.4554 8.9601e-02     18.912  317.19440     0.0687    98.2961 1.0000e-12      33519         28 0.0000e+00
   1225.041   16.58962 -106.92288   1236.000     3.8218     3.8220     3.7277    34.5612    34.5683  1033.1447    27.4554 8.9065e-02     18.992  317.20213     0.0687    98.2966 1.0000e-12      33544         22 0.0000e+00
   1226.029   16.58962 -106.92288   1237.000     3.8196     3.8198     3.7254    34.5614    34.5683  1033.1497    27.4558 8.9188e-02     19.131  317.21868     0.0687    98.2973 1.0000e-12      33566         23 0.0000e+00
   1227.017   16.58962 -106.92288   1238.000     3.8167     3.8170     3.7224    34.5614    34.5684  1033.1546    27.4561 8.9989e-02     19.160  317.24139     0.0688    98.2934 1.0000e-12      33588         21 0.0000e+00
   1228.005   16.58962 -106.92288   1239.000     3.8126     3.8127     3.7183    34.5615    34.5686  1033.1598    27.4566 8.8607e-02     19.007  317.27240     0.0687    98.2977 1.0000e-12      33609         20 0.0000e+00
   1228.994   16.58962 -106.92288   1240.000     3.8088     3.8089     3.7144    34.5617    34.5688  1033.1650    27.4571 9.1542e-02     19.253  317.30120     0.0681    98.3119 1.0000e-12      33631         23 0.0000e+00
   1229.982   16.58962 -106.92288   1241.000     3.8054     3.8056     3.7110    34.5619    34.5688  1033.1701    27.4576 8.9259e-02     19.458  317.32673     0.0683    98.3068 1.0000e-12      33652         20 0.0000e+00
   1230.970   16.58962 -106.92288   1242.000     3.7973     3.7974     3.7029    34.5623    34.5692  1033.1760    27.4588 8.9194e-02     19.319  317.38820     0.0685    98.3002 1.0000e-12      33672         20 0.0000e+00
   1231.958   16.58962 -106.92288   1243.000     3.7937     3.7938     3.6992    34.5626    34.5695  1033.1813    27.4594 8.8828e-02     19.449  317.41515     0.0684    98.3041 1.0000e-12      33693         20 0.0000e+00
   1232.946   16.58962 -106.92288   1244.000     3.7921     3.7924     3.6976    34.5625    34.5695  1033.1860    27.4595 8.7284e-02     19.749  317.42699     0.0680    98.3130 1.0000e-12      33713         22 0.0000e+00
   1233.935   16.58962 -106.92288   1245.000     3.7913     3.7915     3.6967    34.5624    34.5694  1033.1905    27.4595 8.9471e-02     19.713  317.43374     0.0680    98.3132 1.0000e-12      33734         22 0.0000e+00
   1234.923   16.58962 -106.92288   1246.000     3.7900     3.7902     3.6953    34.5623    34.5694  1033.1952    27.4595 8.9896e-02     19.846  317.44412     0.0680    98.3121 1.0000e-12      33758         24 0.0000e+00
   1235.911   16.58961 -106.92288   1247.000     3.7850     3.7853     3.6903    34.5625    34.5695  1033.2005    27.4601 8.8801e-02     19.887  317.48224     0.0681    98.3108 1.0000e-12      33787         33 0.0000e+00
   1236.899   16.58960 -106.92288   1248.000     3.7801     3.7804     3.6853    34.5627    34.5697  1033.2059    27.4608 8.8026e-02     20.143  317.51960     0.0686    98.2996 1.0000e-12      33821         36 0.0000e+00
   1237.887   16.58961 -106.92288   1249.000     3.7788     3.7790     3.6840    34.5626    34.5697  1033.2105    27.4609 8.8347e-02     20.026  317.52901     0.0682    98.3079 1.0000e-12      33857         34 0.0000e+00
   1238.875   16.58962 -106.92288   1250.000     3.7778     3.7780     3.6829    34.5626    34.5697  1033.2152    27.4610 8.9144e-02     20.407  317.53673     0.0682    98.3084 1.0000e-12      33887         27 0.0000e+00
   1239.864   16.58962 -106.92288   1251.000     3.7773     3.7774     3.6823    34.5626    34.5697  1033.2198    27.4610 8.8574e-02     20.192  317.54085     0.0686    98.3001 1.0000e-12      33912         22 0.0000e+00
   1240.852   16.58962 -106.92288   1252.000     3.7757     3.7758     3.6807    34.5626    34.5697  1033.2246    27.4612 9.0823e-02     20.274  317.55284     0.0688    98.2939 1.0000e-12      33932         19 0.0000e+00
   1241.840   16.58962 -106.92288   1253.000     3.7740     3.7742     3.6788    34.5627    34.5698  1033.2294    27.4615 8.8690e-02     20.640  317.56627     0.0690    98.2884 1.0000e-12      33951         16 0.0000e+00
   1242.828   16.58962 -106.92288   1254.000     3.7706     3.7704     3.6754    34.5628    34.5699  1033.2345    27.4619 8.7878e-02     20.638  317.59214     0.0685    98.3021 1.0000e-12      33968         18 0.0000e+00
   1243.816   16.58962 -106.92288   1255.000     3.7676     3.7677     3.6724    34.5631    34.5702  1033.2396    27.4624 8.9438e-02     20.271  317.61436     0.0685    98.3022 1.0000e-12      33986         19 0.0000e+00
   1244.804   16.58962 -106.92288   1256.000     3.7600     3.7602     3.6648    34.5632    34.5701  1033.2452    27.4633 8.7776e-02     20.296  317.67246     0.0680    98.3129 1.0000e-12      34005         20 0.0000e+00
   1245.793   16.58962 -106.92288   1257.000     3.7528     3.7533     3.6575    34.5640    34.5707  1033.2513    27.4646 8.8839e-02     20.496  317.72640     0.0682    98.3085 1.0000e-12      34029         27 0.0000e+00
   1246.781   16.58962 -106.92288   1258.000     3.7516     3.7520     3.6563    34.5638    34.5707  1033.2559    27.4645 8.7687e-02     20.655  317.73558     0.0683    98.3070 1.0000e-12      34060         34 0.0000e+00
   1247.769   16.58962 -106.92288   1259.000     3.7502     3.7505     3.6548    34.5637    34.5707  1033.2605    27.4646 8.8853e-02     20.656  317.74651     0.0681    98.3112 1.0000e-12      34090         27 0.0000e+00
   1248.757   16.58962 -106.92288   1260.000     3.7491     3.7494     3.6537    34.5638    34.5707  1033.2653    27.4648 8.8960e-02     20.895  317.75464     0.0681    98.3107 1.0000e-12      34114         21 0.0000e+00
   1249.745   16.58962 -106.92288   1261.000     3.7482     3.7484     3.6527    34.5638    34.5708  1033.2700    27.4649 8.7884e-02     20.964  317.76145     0.0683    98.3060 1.0000e-12      34136         22 0.0000e+00
   1250.733   16.58962 -106.92288   1262.000     3.7468     3.7469     3.6512    34.5637    34.5707  1033.2747    27.4650 8.8922e-02     21.039  317.77285     0.0684    98.3046 1.0000e-12      34157         21 0.0000e+00
   1251.721   16.58962 -106.92288   1263.000     3.7449     3.7450     3.6492    34.5639    34.5710  1033.2796    27.4653 8.9792e-02     21.114  317.78709     0.0683    98.3052 1.0000e-12      34179         23 0.0000e+00
   1252.709   16.58962 -106.92288   1264.000     3.7415     3.7416     3.6458    34.5639    34.5710  1033.2846    27.4657 8.8812e-02     20.979  317.81310     0.0682    98.3089 1.0000e-12      34204         25 0.0000e+00
   1253.697   16.58962 -106.92288   1265.000     3.7399     3.7401     3.6441    34.5639    34.5710  1033.2893    27.4658 8.7029e-02     21.033  317.82561     0.0684    98.3045 1.0000e-12      34233         33 0.0000e+00
   1254.685   16.58962 -106.92288   1266.000     3.7357     3.7359     3.6399    34.5640    34.5710  1033.2945    27.4664 8.8852e-02     21.043  317.85721     0.0682    98.3095 1.0000e-12      34267         35 0.0000e+00
   1255.673   16.58962 -106.92288   1267.000     3.7312     3.7314     3.6353    34.5642    34.5714  1033.2998    27.4669 8.9037e-02     21.507  317.89164     0.0681    98.3102 1.0000e-12      34297         26 0.0000e+00
   1256.662   16.58962 -106.92288   1268.000     3.7275     3.7278     3.6315    34.5645    34.5714  1033.3050    27.4675 8.8084e-02     21.414  317.91976     0.0684    98.3032 1.0000e-12      34321         21 0.0000e+00
   1257.650   16.58962 -106.92288   1269.000     3.7243     3.7246     3.6283    34.5646    34.5716  1033.3101    27.4679 8.8636e-02     21.322  317.94359     0.0683    98.3066 1.0000e-12      34341         20 0.0000e+00
   1258.638   16.58962 -106.92288   1270.000     3.7182     3.7184     3.6222    34.5648    34.5718  1033.3156    27.4687 8.9621e-02     21.450  317.99058     0.0681    98.3116 1.0000e-12      34360         17 0.0000e+00
   1259.626   16.58962 -106.92288   1271.000     3.7079     3.7080     3.6119    34.5654    34.5723  1033.3220    27.4703 9.0787e-02     21.626  318.06810     0.0685    98.3023 1.0000e-12      34378         19 0.0000e+00
   1260.614   16.58962 -106.92288   1272.000     3.7042     3.7044     3.6081    34.5656    34.5725  1033.3272    27.4708 8.8546e-02     21.610  318.09649     0.0689    98.2930 1.0000e-12      34396         18 0.0000e+00
   1261.602   16.58962 -106.92288   1273.000     3.7025     3.7027     3.6064    34.5655    34.5725  1033.3318    27.4708 8.8914e-02     21.476  318.10959     0.0685    98.3002 1.0000e-12      34417         22 0.0000e+00
   1262.590   16.58962 -106.92288   1274.000     3.7002     3.7004     3.6040    34.5655    34.5724  1033.3367    27.4711 8.8623e-02     21.860  318.12783     0.0690    98.2884 1.0000e-12      34440         26 0.0000e+00
   1263.578   16.58962 -106.92288   1275.000     3.6981     3.6983     3.6018    34.5655    34.5725  1033.3415    27.4713 8.8205e-02     22.122  318.14365     0.0687    98.2965 1.0000e-12      34466         25 0.0000e+00
   1264.566   16.58962 -106.92288   1276.000     3.6968     3.6971     3.6005    34.5655    34.5725  1033.3462    27.4714 8.8795e-02     22.293  318.15362     0.0685    98.3024 1.0000e-12      34494         29 0.0000e+00
   1265.554   16.58962 -106.92288   1277.000     3.6945     3.6946     3.5981    34.5655    34.5725  1033.3510    27.4716 9.0219e-02     22.450  318.17200     0.0680    98.3131 1.0000e-12      34523         30 0.0000e+00
   1266.542   16.58962 -106.92288   1278.000     3.6912     3.6914     3.5948    34.5654    34.5725  1033.3560    27.4720 8.9248e-02     22.392  318.19704     0.0690    98.2904 1.0000e-12      34554         30 0.0000e+00
   1267.530   16.58962 -106.92288   1279.000     3.6891     3.6893     3.5925    34.5655    34.5724  1033.3608    27.4722 8.8885e-02     22.581  318.21370     0.0690    98.2891 1.0000e-12      34583         26 0.0000e+00
   1268.518   16.58962 -106.92288   1280.000     3.6877     3.6880     3.5911    34.5655    34.5724  1033.3655    27.4723 8.9142e-02     22.501  318.22386     0.0688    98.2949 1.0000e-12      34607         24 0.0000e+00
   1269.506   16.58962 -106.92288   1281.000     3.6864     3.6866     3.5898    34.5654    34.5725  1033.3702    27.4724 8.6674e-02     22.761  318.23407     0.0682    98.3090 1.0000e-12      34629         20 0.0000e+00
   1270.494   16.58962 -106.92288   1282.000     3.6857     3.6859     3.5890    34.5655    34.5726  1033.3749    27.4725 8.8637e-02     22.746  318.23952     0.0684    98.3028 1.0000e-12      34649         20 0.0000e+00
   1271.482   16.58962 -106.92288   1283.000     3.6843     3.6845     3.5875    34.5656    34.5727  1033.3797    27.4728 8.5560e-02     22.587  318.25007     0.0681    98.3105 1.0000e-12      34669         21 0.0000e+00
   1272.470   16.58962 -106.92288   1284.000     3.6833     3.6834     3.5864    34.5655    34.5726  1033.3843    27.4728 8.9030e-02     22.748  318.25824     0.0681    98.3108 1.0000e-12      34690         22 0.0000e+00
   1273.458   16.58962 -106.92288   1285.000     3.6811     3.6812     3.5841    34.5656    34.5726  1033.3892    27.4731 8.9189e-02     22.992  318.27513     0.0681    98.3120 1.0000e-12      34713         23 0.0000e+00
   1274.446   16.58962 -106.92288   1286.000     3.6779     3.6781     3.5809    34.5656    34.5725  1033.3941    27.4734 8.7201e-02     22.813  318.29944     0.0680    98.3132 1.0000e-12      34739         26 0.0000e+00
   1275.434   16.58962 -106.92288   1287.000     3.6747     3.6748     3.5776    34.5657    34.5727  1033.3992    27.4738 8.9576e-02     22.855  318.32400     0.0684    98.3034 1.0000e-12      34765         27 0.0000e+00
   1276.422   16.58962 -106.92288   1288.000     3.6741     3.6744     3.5770    34.5657    34.5726  1033.4038    27.4738 8.6975e-02     23.247  318.32839     0.0686    98.3001 1.0000e-12      34791         24 0.0000e+00
   1277.410   16.58962 -106.92288   1289.000     3.6742     3.6744     3.5769    34.5657    34.5726  1033.4083    27.4738 8.9370e-02     23.182  318.32814     0.0682    98.3088 1.0000e-12      34814         23 0.0000e+00
   1278.398   16.58962 -106.92288   1290.000     3.6739     3.6741     3.5765    34.5656    34.5726  1033.4129    27.4738 8.9822e-02     23.176  318.33062     0.0685    98.3007 1.0000e-12      34837         23 0.0000e+00
   1279.386   16.58962 -106.92288   1291.000     3.6739     3.6742     3.5765    34.5655    34.5726  1033.4173    27.4738 9.0044e-02     23.327  318.33048     0.0682    98.3076 1.0000e-12      34860         24 0.0000e+00
   1280.374   16.58962 -106.92288   1292.000     3.6731     3.6732     3.5756    34.5656    34.5725  1033.4220    27.4739 8.8626e-02     23.356  318.33689     0.0682    98.3093 1.0000e-12      34885         27 0.0000e+00
   1281.362   16.58962 -106.92288   1293.000     3.6707     3.6710     3.5732    34.5657    34.5726  1033.4270    27.4742 8.7775e-02     23.223  318.35492     0.0681    98.3113 1.0000e-12      34913         27 0.0000e+00
   1282.350   16.58962 -106.92288   1294.000     3.6690     3.6693     3.5714    34.5657    34.5727  1033.4317    27.4743 8.7464e-02     23.367  318.36773     0.0680    98.3133 1.0000e-12      34940         25 0.0000e+00
   1283.338   16.58962 -106.92288   1295.000     3.6656     3.6658     3.5680    34.5658    34.5728  1033.4368    27.4748 8.7753e-02     23.527  318.39387     0.0680    98.3132 1.0000e-12      34963         22 0.0000e+00
   1284.326   16.58962 -106.92288   1296.000     3.6596     3.6597     3.5619    34.5660    34.5732  1033.4423    27.4756 8.7914e-02     23.592  318.43986     0.0681    98.3108 1.0000e-12      34985         22 0.0000e+00
   1285.314   16.58962 -106.92288   1297.000     3.6537     3.6539     3.5560    34.5664    34.5735  1033.4480    27.4765 8.8803e-02     23.437  318.48457     0.0680    98.3133 1.0000e-12      35006         21 0.0000e+00
   1286.302   16.58962 -106.92288   1298.000     3.6496     3.6498     3.5518    34.5666    34.5737  1033.4532    27.4770 8.9586e-02     23.435  318.51574     0.0680    98.3132 1.0000e-12      35029         24 0.0000e+00
   1287.290   16.58962 -106.92288   1299.000     3.6455     3.6457     3.5477    34.5670    34.5739  1033.4585    27.4777 8.8630e-02     23.629  318.54670     0.0684    98.3026 1.0000e-12      35054         25 0.0000e+00
   1288.278   16.58962 -106.92288   1300.000     3.6449     3.6451     3.5471    34.5668    34.5739  1033.4630    27.4776 8.9426e-02     23.951  318.55117     0.0679    98.3159 1.0000e-12      35081         29 0.0000e+00
   1289.265   16.58962 -106.92288   1301.000     3.6371     3.6373     3.5392    34.5670    34.5740  1033.4688    27.4786 8.8984e-02     23.917  318.61114     0.0680    98.3143 1.0000e-12      35107         24 0.0000e+00
   1290.253   16.58962 -106.92288   1302.000     3.6333     3.6334     3.5353    34.5674    34.5745  1033.4742    27.4793 8.7998e-02     24.157  318.63999     0.0680    98.3144 1.0000e-12      35133         22 0.0000e+00
   1291.241   16.58962 -106.92288   1303.000     3.6332     3.6334     3.5352    34.5673    34.5743  1033.4786    27.4792 8.7263e-02     24.143  318.64079     0.0679    98.3155 1.0000e-12      35156         23 0.0000e+00
   1292.229   16.58962 -106.92288   1304.000     3.6322     3.6324     3.5341    34.5672    34.5742  1033.4832    27.4792 8.6841e-02     24.343  318.64885     0.0680    98.3132 1.0000e-12      35180         24 0.0000e+00
   1293.217   16.58962 -106.92288   1305.000     3.6236     3.6236     3.5255    34.5675    34.5746  1033.4890    27.4803 8.6747e-02     24.346  318.71491     0.0680    98.3132 1.0000e-12      35202         22 0.0000e+00
