data/ctd-cnv/RR1804/RR1803-St33-P1/Station33_cast69.cnv
* Sea-Bird SBE 9 Data File:
* FileName = C:\CTD\RR1805\Station33_cast69.hex
* Software Version Seasave V 7.26.6.26
* Temperature SN = 4307
* Conductivity SN = 4650
* Number of Bytes Per Scan = 44
* Number of Voltage Words = 5
* Number of Scans Averaged by the Deck Unit = 1
* NMEA Latitude = 20 26.08 N
* NMEA Longitude = 106 10.38 W
* NMEA UTC (Time) = Apr 26 2018 12:04:27
** Ship: Revell
** Station: 33
** Operator: GR
** Station P1 Cast 69 Diel
# nquan = 32
# nvalues = 202                         
# units = specified
# name 0 = timeS: Time, Elapsed [seconds]
# name 1 = scan: Scan Count
# name 2 = prDM: Pressure, Digiquartz [db]
# name 3 = longitude: Longitude [deg]
# name 4 = latitude: Latitude [deg]
# name 5 = depSM: Depth [salt water, m]
# name 6 = t090C: Temperature [ITS-90, deg C]
# name 7 = t190C: Temperature, 2 [ITS-90, deg C]
# name 8 = c0S/m: Conductivity [S/m]
# name 9 = c1S/m: Conductivity, 2 [S/m]
# name 10 = flSP: Fluorescence, Seapoint
# name 11 = CStarAt0: Beam Attenuation, WET Labs C-Star [1/m]
# name 12 = CStarTr0: Beam Transmission, WET Labs C-Star [%]
# name 13 = par: PAR/Irradiance, Biospherical/Licor
# name 14 = modError: Modulo Error Count
# name 15 = v0: Voltage 0
# name 16 = v1: Voltage 1
# name 17 = v2: Voltage 2
# name 18 = v3: Voltage 3
# name 19 = v4: Voltage 4
# name 20 = v5: Voltage 5
# name 21 = v6: Voltage 6
# name 22 = v7: Voltage 7
# name 23 = sbeox0V: Oxygen raw, SBE 43 [V]
# name 24 = sal00: Salinity, Practical [PSU]
# name 25 = sal11: Salinity, Practical, 2 [PSU]
# name 26 = sigma-é00: Density [sigma-theta, kg/m^3]
# name 27 = sigma-é11: Density, 2 [sigma-theta, kg/m^3]
# name 28 = sbeox0Mg/L: Oxygen, SBE 43 [mg/l], WS = 2
# name 29 = sbox0Mm/Kg: Oxygen, SBE 43 [umol/kg], WS = 2
# name 30 = sbeox0PS: Oxygen, SBE 43 [% saturation], WS = 2
# name 31 = flag: flag
# span 0 =     -0.077,    649.498       
# span 1 =         -1,      15589       
# span 2 =      1.006,    203.347       
# span 3 = -106.17306, -106.17298       
# span 4 =   20.43462,   20.43468       
# span 5 =      1.000,    202.000       
# span 6 =    12.1308,    25.6034       
# span 7 =    12.1306,    25.6120       
# span 8 =   3.999638,   5.321509       
# span 9 =   3.999774,   5.321185       
# span 10 = 7.3457e-02, 1.4526e+00      
# span 11 =    10.7568,    18.3222      
# span 12 =     3.8234,     4.6460      
# span 13 = 5.0664e-02, 2.4664e-01      
# span 14 =          0,          0      
# span 15 =     3.8234,     4.6460      
# span 16 =     0.0245,     0.4842      
# span 17 =     0.5062,     2.9020      
# span 18 = -7.678e-07,     0.0000      
# span 19 =    -0.2416,     5.4778      
# span 20 =     0.0000,     0.0000      
# span 21 =     0.0048,     0.6344      
# span 22 =     0.0000,     0.0000      
# span 23 =     0.5059,     2.9020      
# span 24 =    34.4437,    34.8264      
# span 25 =    34.4507,    34.8275      
# span 26 =    22.7365,    26.4035      
# span 27 =    22.7511,    26.4047      
# span 28 =     0.0302,     6.8280      
# span 29 =      0.919,    208.569      
# span 30 =      0.350,    101.201      
# span 31 = 0.0000e+00, 0.0000e+00      
# interval = meters: 1                  
# start_time = Apr 26 2018 12:04:23 [System UTC, first data scan.]
# bad_flag = -9.990e-29
*END*
     -0.077         -1      1.006 -106.17302   20.43468      1.000    25.6034    25.6120   5.294328   5.298327 3.4873e-01    18.3222     3.8234 2.4664e-01          0     3.8234     0.1162     2.1384     0.0000    -0.2416     0.0000     0.6344     0.0000     2.1384    34.4437    34.4665    22.7365    22.7511     5.7514    175.740     85.524 0.0000e+00
     35.430        851      2.012 -106.17302   20.43466      2.000    25.2854    25.2759   5.302310   5.300204 5.2145e-01    10.7568     4.6460 2.1076e-01          0     4.6460     0.1738     2.9020     0.0000     5.4778     0.0000     0.6188     0.0000     2.9020    34.7435    34.7354    23.0606    23.0573     6.8280    208.569    101.201 0.0000e+00
     35.462        852      3.019 -106.17302   20.43466      3.000    25.5470    25.5356   5.320445   5.319835 4.4306e-01    12.4351     4.4655 2.1674e-01          0     4.4655     0.1477     2.7296     0.0000     4.5519     0.0000     0.5954     0.0000     2.7296    34.6771    34.6813    22.9302    22.9369     6.5531    200.197     97.503 0.0000e+00
     39.274        944      4.025 -106.17302   20.43466      4.000    25.4110    25.5041   5.305938   5.316159 4.4371e-01    12.4358     4.4647 1.3218e-01          0     4.4647     0.1479     2.7316     0.0000     4.5368     0.0000     0.3909     0.0000     2.7316    34.6740    34.6781    22.9697    22.9442     6.5824    201.085     97.712 0.0000e+00
     43.886       1054      5.031 -106.17302   20.43466      5.000    25.5525    25.5522   5.321509   5.321185 4.5002e-01    12.4361     4.4644 8.2950e-02          0     4.4644     0.1500     2.7325     0.0000     4.5367     0.0000     0.1957     0.0000     2.7325    34.6801    34.6780    22.9309    22.9293     6.5542    200.231     97.531 0.0000e+00
     47.530       1142      6.037 -106.17302   20.43466      6.000    25.2353    25.1842   5.282244   5.278630 5.6016e-01    12.4435     4.4562 6.1216e-02          0     4.4562     0.1867     2.7099     0.0000     4.5367     0.0000     0.0786     0.0000     2.7099    34.6329    34.6452    22.9922    23.0171     6.5287    199.438     96.600 0.0000e+00
     51.287       1232      7.043 -106.17302   20.43465      7.000    24.8309    24.8214   5.240850   5.239921 6.5816e-01    12.4540     4.4445 5.2921e-02          0     4.4445     0.2194     2.7129     0.0000     4.3954     0.0000     0.0227     0.0000     2.7129    34.6363    34.6368    23.1181    23.1213     6.5997    201.584     96.988 0.0000e+00
     56.194       1350      8.049 -106.17302   20.43464      8.000    24.9657    24.9498   5.256900   5.255159 6.3510e-01    12.4488     4.4504 5.0852e-02          0     4.4504     0.2117     2.7156     0.0000     4.0034     0.0000     0.0063     0.0000     2.7156    34.6516    34.6509    23.0888    23.0931     6.5847    201.131     96.997 0.0000e+00
     60.498       1453      9.056 -106.17302   20.43464      9.000    24.9445    24.9682   5.253711   5.257206 6.1116e-01    12.4542     4.4444 5.0672e-02          0     4.4444     0.2037     2.7176     0.0000     4.5310     0.0000     0.0049     0.0000     2.7176    34.6439    34.6516    23.0895    23.0882     6.5935    201.401     97.089 0.0000e+00
     68.345       1641     10.062 -106.17302   20.43464     10.000    24.8011    24.8030   5.238186   5.238293 7.0543e-01    12.4512     4.4476 5.0671e-02          0     4.4476     0.2351     2.7059     0.0000     4.5333     0.0000     0.0049     0.0000     2.7059    34.6384    34.6378    23.1289    23.1278     6.5701    200.678     96.504 0.0000e+00
     76.580       1839     11.068 -106.17302   20.43464     11.000    24.5923    24.5828   5.214374   5.213469 7.0417e-01    12.4525     4.4462 5.0671e-02          0     4.4462     0.2347     2.7018     0.0000     4.5405     0.0000     0.0049     0.0000     2.7018    34.6215    34.6220    23.1790    23.1823     6.5918    201.330     96.468 0.0000e+00
    147.030       3530     12.075 -106.17304   20.43465     12.000    24.4232    24.4227   5.194874   5.195098 6.5685e-01    12.4459     4.4535 5.0671e-02          0     4.4535     0.2189     2.6945     0.0000     4.5425     0.0000     0.0049     0.0000     2.6945    34.6058    34.6078    23.2179    23.2196     6.5717    200.710     95.888 0.0000e+00
    190.951       4584     13.081 -106.17302   20.43464     13.000    24.2778    24.2780   5.178637   5.178794 7.0287e-01    12.4592     4.4388 5.0671e-02          0     4.4388     0.2343     2.6771     0.0000     4.5432     0.0000     0.0049     0.0000     2.6771    34.5961    34.5972    23.2540    23.2547     6.5360    199.612     95.124 0.0000e+00
    193.958       4656     14.087 -106.17302   20.43464     14.000    24.1502    24.1508   5.164517   5.164743 7.4305e-01    12.4628     4.4348 5.0671e-02          0     4.4348     0.2477     2.6546     0.0000     4.5437     0.0000     0.0049     0.0000     2.6546    34.5884    34.5896    23.2861    23.2869     6.4559    197.158     93.748 0.0000e+00
    196.675       4721     15.093 -106.17302   20.43464     15.000    23.9128    23.9119   5.138126   5.138172 8.6949e-01    12.4723     4.4242 5.0684e-02          0     4.4242     0.2898     2.6118     0.0000     4.2583     0.0000     0.0050     0.0000     2.6118    34.5732    34.5742    23.3449    23.3460     6.3488    193.878     91.808 0.0000e+00
    198.845       4773     16.099 -106.17302   20.43464     16.000    23.6372    23.6355   5.107541   5.107744 8.7399e-01    12.4807     4.4149 5.0844e-02          0     4.4149     0.2913     2.5482     0.0000     1.5821     0.0000     0.0063     0.0000     2.5482    34.5555    34.5584    23.4126    23.4153     6.0505    184.755     87.069 0.0000e+00
    200.255       4807     17.106 -106.17302   20.43464     17.000    23.2874    23.2783   5.070598   5.070207 8.9975e-01    12.4845     4.4107 5.0715e-02          0     4.4107     0.2999     2.4452     0.0000     3.8865     0.0000     0.0053     0.0000     2.4452    34.5467    34.5509    23.5078    23.5136     5.7521    175.626     82.269 0.0000e+00
    201.857       4846     18.112 -106.17302   20.43464     18.000    23.0191    23.0224   5.043427   5.044062 9.9045e-01    12.4951     4.3991 5.0722e-02          0     4.3991     0.3301     2.3573     0.0000     3.4896     0.0000     0.0053     0.0000     2.3573    34.5485    34.5508    23.5867    23.5876     5.5658    169.926     79.233 0.0000e+00
    203.839       4893     19.118 -106.17302   20.43464     19.000    22.8476    22.8444   5.026633   5.026378 1.0946e+00    12.4925     4.4019 5.0673e-02          0     4.4019     0.3649     2.2834     0.0000     4.5070     0.0000     0.0049     0.0000     2.2833    34.5538    34.5543    23.6400    23.6414     5.4319    165.828     77.095 0.0000e+00
    206.470       4956     20.124 -106.17302   20.43464     20.000    22.7416    22.7440   5.015767   5.016246 1.2254e+00    12.4939     4.4003 5.0671e-02          0     4.4003     0.4085     2.2075     0.0000     4.5498     0.0000     0.0049     0.0000     2.2074    34.5531    34.5550    23.6698    23.6706     5.0604    154.483     71.693 0.0000e+00
    208.668       5009     21.131 -106.17302   20.43464     21.000    22.0189    22.0187   4.940608   4.941276 1.0825e+00    12.4868     4.4082 5.0671e-02          0     4.4082     0.3609     1.9803     0.0000     4.5517     0.0000     0.0049     0.0000     1.9803    34.5406    34.5460    23.8645    23.8686     4.3107    131.570     60.292 0.0000e+00
    210.684       5057     22.137 -106.17302   20.43464     22.000    21.5619    21.5384   4.894046   4.892222 1.0500e+00    12.4816     4.4140 5.0668e-02          0     4.4140     0.3500     1.8315     0.0000     4.5549     0.0000     0.0049     0.0000     1.8314    34.5388    34.5433    23.9902    24.0001     3.9731    121.252     55.119 0.0000e+00
    212.725       5106     23.143 -106.17302   20.43464     23.000    21.0663    21.0553   4.842964   4.842596 1.2571e+00    12.4879     4.4071 5.0671e-02          0     4.4071     0.4190     1.6983     0.0000     4.5574     0.0000     0.0049     0.0000     1.6982    34.5312    34.5371    24.1201    24.1276     3.6148    110.305     49.700 0.0000e+00
    214.606       5152     24.150 -106.17302   20.43464     24.000    20.7205    20.7003   4.808623   4.806860 1.2527e+00    12.4895     4.4052 5.0671e-02          0     4.4052     0.4176     1.5983     0.0000     4.5597     0.0000     0.0049     0.0000     1.5981    34.5353    34.5376    24.2168    24.2239     3.2746     99.912     44.748 0.0000e+00
    216.701       5202     25.156 -106.17302   20.43464     25.000    19.9510    19.9265   4.730678   4.728945 1.3984e+00    12.5017     4.3918 5.0781e-02          0     4.3918     0.4661     1.4371     0.0000     2.8837     0.0000     0.0058     0.0000     1.4369    34.5309    34.5368    24.4180    24.4290     2.8024     85.490     37.754 0.0000e+00
    218.462       5244     26.162 -106.17304   20.43464     26.000    19.6520    19.6320   4.700891   4.699097 1.3011e+00    12.4877     4.4072 5.0667e-02          0     4.4072     0.4337     1.3449     0.0000     4.6229     0.0000     0.0049     0.0000     1.3447    34.5320    34.5338    24.4970    24.5035     2.5409     77.506     34.047 0.0000e+00
    220.421       5291     27.168 -106.17304   20.43464     27.000    19.2356    19.2163   4.658517   4.657366 1.3547e+00    12.4972     4.3968 5.0671e-02          0     4.3968     0.4516     1.2128     0.0000     4.5663     0.0000     0.0049     0.0000     1.2126    34.5258    34.5323    24.5997    24.6096     2.0287     61.875     26.980 0.0000e+00
    222.890       5350     28.175 -106.17304   20.43464     28.000    18.6233    18.6135   4.596567   4.596470 1.4526e+00    12.5015     4.3921 5.0720e-02          0     4.3921     0.4842     1.0322     0.0000     3.5095     0.0000     0.0053     0.0000     1.0319    34.5181    34.5256    24.7492    24.7574     1.5635     47.680     20.552 0.0000e+00
    225.459       5412     29.181 -106.17304   20.43464     29.000    18.0988    18.0807   4.541743   4.540007 1.1966e+00    12.4752     4.4210 5.0690e-02          0     4.4210     0.3988     0.9679     0.0000     4.2533     0.0000     0.0051     0.0000     0.9676    34.4948    34.4953    24.8620    24.8669     1.5707     47.895     20.438 0.0000e+00
    227.345       5457     30.187 -106.17304   20.43464     30.000    17.7493    17.7380   4.503824   4.502755 8.5619e-01    12.4473     4.4520 5.0682e-02          0     4.4520     0.2854     0.9669     0.0000     4.4183     0.0000     0.0050     0.0000     0.9666    34.4661    34.4665    24.9257    24.9287     1.5510     47.292     20.048 0.0000e+00
    228.854       5493     31.194 -106.17304   20.43464     31.000    17.3854    17.3821   4.466208   4.465826 7.0511e-01    12.4249     4.4770 5.0671e-02          0     4.4770     0.2350     0.9483     0.0000     4.5754     0.0000     0.0049     0.0000     0.9481    34.4512    34.4507    25.0023    25.0027     1.4896     45.416     19.118 0.0000e+00
    230.406       5531     32.200 -106.17304   20.43466     32.000    17.3126    17.3119   4.459526   4.459305 6.9695e-01    12.4200     4.4825 5.0671e-02          0     4.4825     0.2323     0.9356     0.0000     4.5797     0.0000     0.0049     0.0000     0.9354    34.4551    34.4537    25.0229    25.0219     1.4700     44.816     18.840 0.0000e+00
    232.110       5572     33.206 -106.17304   20.43466     33.000    17.2758    17.2747   4.455884   4.455655 6.9252e-01    12.4098     4.4939 5.0671e-02          0     4.4939     0.2308     0.9293     0.0000     4.5815     0.0000     0.0049     0.0000     0.9290    34.4546    34.4535    25.0313    25.0307     1.4678     44.748     18.799 0.0000e+00
    234.793       5636     34.213 -106.17304   20.43464     34.000    17.2028    17.1971   4.449951   4.448853 7.2140e-01    12.4066     4.4975 5.0671e-02          0     4.4975     0.2405     0.9134     0.0000     4.5847     0.0000     0.0049     0.0000     0.9131    34.4651    34.4604    25.0569    25.0546     1.3751     41.921     17.588 0.0000e+00
    237.802       5708     35.219 -106.17304   20.43464     35.000    17.0607    17.0517   4.436758   4.435859 4.3572e-01    12.3938     4.5119 5.0671e-02          0     4.5119     0.1452     0.8616     0.0000     4.5892     0.0000     0.0049     0.0000     0.8613    34.4717    34.4715    25.0957    25.0977     1.1146     33.979     14.218 0.0000e+00
    239.377       5746     36.225 -106.17304   20.43466     36.000    16.7339    16.7286   4.406599   4.405984 3.6923e-01    12.3805     4.5269 5.0671e-02          0     4.5269     0.1231     0.8068     0.0000     4.5919     0.0000     0.0049     0.0000     0.8065    34.4885    34.4877    25.1858    25.1864     0.8903     27.137     11.287 0.0000e+00
    241.220       5790     37.232 -106.17304   20.43466     37.000    16.6385    16.6338   4.400527   4.399932 3.1616e-01    12.3768     4.5311 5.0671e-02          0     4.5311     0.1054     0.7479     0.0000     4.5942     0.0000     0.0049     0.0000     0.7476    34.5171    34.5159    25.2301    25.2303     0.7523     22.933      9.522 0.0000e+00
    243.076       5835     38.238 -106.17304   20.43466     38.000    16.5242    16.5233   4.389221   4.388911 2.8505e-01    12.3704     4.5384 5.0671e-02          0     4.5384     0.0950     0.7229 -7.678e-07     4.5971     0.0000     0.0049     0.0000     0.7226    34.5160    34.5140    25.2560    25.2546     0.7394     22.537      9.337 0.0000e+00
    244.551       5870     39.244 -106.17304   20.43466     39.000    16.5011    16.5007   4.388132   4.388190 2.8316e-01    12.3759     4.5321 5.0671e-02          0     4.5321     0.0944     0.7025     0.0000     4.5992     0.0000     0.0049     0.0000     0.7022    34.5260    34.5269    25.2691    25.2698     0.5801     17.680      7.322 0.0000e+00
    246.635       5920     40.251 -106.17304   20.43466     40.000    16.5161    16.5133   4.396358   4.396057 3.0554e-01    12.3793     4.5283 5.0671e-02          0     4.5283     0.1018     0.6394     0.0000     4.6046     0.0000     0.0049     0.0000     0.6390    34.5851    34.5848    25.3110    25.3115     0.3744     11.412      4.730 0.0000e+00
    249.295       5984     41.257 -106.17304   20.43466     41.000    16.4507    16.4482   4.391430   4.391007 3.1056e-01    12.3717     4.5369 5.0762e-02          0     4.5369     0.1035     0.6052     0.0000     3.2415     0.0000     0.0057     0.0000     0.6048    34.5980    34.5964    25.3361    25.3355     0.3403     10.373      4.294 0.0000e+00
    251.559       6038     42.263 -106.17304   20.43466     42.000    16.4032    16.4026   4.387728   4.387486 2.8833e-01    12.3732     4.5352 5.0762e-02          0     4.5352     0.0961     0.5948     0.0000     3.2316     0.0000     0.0057     0.0000     0.5945    34.6061    34.6045    25.3534    25.3523     0.3221      9.815      4.060 0.0000e+00
    253.616       6088     43.270 -106.17304   20.43466     43.000    16.3835    16.3839   4.386367   4.386200 2.8882e-01    12.3716     4.5370 5.0670e-02          0     4.5370     0.0963     0.5881     0.0000     4.6124     0.0000     0.0049     0.0000     0.5878    34.6108    34.6090    25.3616    25.3602     0.2791      8.506      3.517 0.0000e+00
    255.650       6137     44.276 -106.17304   20.43466     44.000    16.3795    16.3802   4.389536   4.389458 2.8966e-01    12.3739     4.5344 5.0671e-02          0     4.5344     0.0966     0.5669     0.0000     4.6078     0.0000     0.0049     0.0000     0.5666    34.6419    34.6406    25.3865    25.3853     0.1792      5.461      2.258 0.0000e+00
    257.808       6188     45.283 -106.17304   20.43466     45.000    16.3831    16.3844   4.392606   4.392464 2.9398e-01    12.3741     4.5341 5.0671e-02          0     4.5341     0.0980     0.5443     0.0000     4.6099     0.0000     0.0049     0.0000     0.5439    34.6654    34.6631    25.4038    25.4017     0.1160      3.537      1.463 0.0000e+00
