data/ctd-cnv/RR1804/RR1803-St33-P1/Station33_cast71.cnv
* Sea-Bird SBE 9 Data File:
* FileName = C:\CTD\RR1805\Station33_cast71.hex
* Software Version Seasave V 7.26.6.26
* Temperature SN = 4307
* Conductivity SN = 4650
* Number of Bytes Per Scan = 44
* Number of Voltage Words = 5
* Number of Scans Averaged by the Deck Unit = 1
* NMEA Latitude = 20 29.07 N
* NMEA Longitude = 106 11.47 W
* NMEA UTC (Time) = Apr 27 2018 00:01:50
** Ship: Revell
** Station: 33
** Operator: GR
** Station P1 Cast 71 Diel
# nquan = 32
# nvalues = 702                         
# units = specified
# name 0 = timeS: Time, Elapsed [seconds]
# name 1 = scan: Scan Count
# name 2 = prDM: Pressure, Digiquartz [db]
# name 3 = longitude: Longitude [deg]
# name 4 = latitude: Latitude [deg]
# name 5 = depSM: Depth [salt water, m]
# name 6 = t090C: Temperature [ITS-90, deg C]
# name 7 = t190C: Temperature, 2 [ITS-90, deg C]
# name 8 = c0S/m: Conductivity [S/m]
# name 9 = c1S/m: Conductivity, 2 [S/m]
# name 10 = flSP: Fluorescence, Seapoint
# name 11 = CStarAt0: Beam Attenuation, WET Labs C-Star [1/m]
# name 12 = CStarTr0: Beam Transmission, WET Labs C-Star [%]
# name 13 = par: PAR/Irradiance, Biospherical/Licor
# name 14 = modError: Modulo Error Count
# name 15 = v0: Voltage 0
# name 16 = v1: Voltage 1
# name 17 = v2: Voltage 2
# name 18 = v3: Voltage 3
# name 19 = v4: Voltage 4
# name 20 = v5: Voltage 5
# name 21 = v6: Voltage 6
# name 22 = v7: Voltage 7
# name 23 = sbeox0V: Oxygen raw, SBE 43 [V]
# name 24 = sal00: Salinity, Practical [PSU]
# name 25 = sal11: Salinity, Practical, 2 [PSU]
# name 26 = sigma-é00: Density [sigma-theta, kg/m^3]
# name 27 = sigma-é11: Density, 2 [sigma-theta, kg/m^3]
# name 28 = sbeox0Mg/L: Oxygen, SBE 43 [mg/l], WS = 2
# name 29 = sbox0Mm/Kg: Oxygen, SBE 43 [umol/kg], WS = 2
# name 30 = sbeox0PS: Oxygen, SBE 43 [% saturation], WS = 2
# name 31 = flag: flag
# span 0 =     28.661,   1113.767       
# span 1 =        689,      26731       
# span 2 =      1.006,    707.540       
# span 3 = -106.19122, -106.19116       
# span 4 =   20.48462,   20.48470       
# span 5 =      1.000,    702.000       
# span 6 =     6.3292,    25.9071       
# span 7 =     6.3280,    25.8857       
# span 8 =   3.455325,   5.341131       
# span 9 =   3.455313,   5.344914       
# span 10 = 7.2845e-02, 1.8771e+00      
# span 11 =    11.8044,    15.5269      
# span 12 =     3.9919,     4.5748      
# span 13 = 5.0012e-02, 1.3295e+02      
# span 14 =          0,          0      
# span 15 =     3.9919,     4.5748      
# span 16 =     0.0243,     0.6257      
# span 17 =     0.5053,     2.8806      
# span 18 =     0.0000,     0.0001      
# span 19 =     2.1624,     4.9244      
# span 20 =     0.0000,     0.0000      
# span 21 =    -0.0005,     3.2790      
# span 22 =     0.0000,     0.0000      
# span 23 =     0.5050,     2.8806      
# span 24 =    34.4994,    34.8143      
# span 25 =    34.4633,    34.8157      
# span 26 =    22.7271,    27.1387      
# span 27 =    22.6640,    27.1398      
# span 28 =     0.0283,     6.9516      
# span 29 =      0.861,    212.378      
# span 30 =      0.302,    103.706      
# span 31 = 0.0000e+00, 0.0000e+00      
# interval = meters: 1                  
# start_time = Apr 27 2018 00:01:47 [System UTC, first data scan.]
# bad_flag = -9.990e-29
*END*
[from data line 454]
    800.595      19215    458.317 -106.19120   20.48468    455.000     8.9815     8.9819   3.696140   3.696368 7.6794e-02    12.3460     4.5661 5.0671e-02          0     4.5661     0.0256     0.5056     0.0000     4.6749     0.0000     0.0049     0.0000     0.5053    34.6094    34.6115    26.8233    26.8248     0.0307      0.933      0.331 0.0000e+00
    801.662      19241    459.325 -106.19120   20.48468    456.000     8.9755     8.9752   3.695553   3.695733 7.6150e-02    12.3459     4.5662 5.0671e-02          0     4.5662     0.0253     0.5055     0.0000     4.6736     0.0000     0.0049     0.0000     0.5053    34.6087    34.6109    26.8236    26.8254     0.0304      0.927      0.329 0.0000e+00
    802.550      19262    460.334 -106.19120   20.48468    457.000     8.9642     8.9637   3.694515   3.694666 7.6152e-02    12.3456     4.5666 5.0671e-02          0     4.5666     0.0253     0.5058     0.0000     4.6730     0.0000     0.0049     0.0000     0.5055    34.6083    34.6104    26.8252    26.8269     0.0332      1.011      0.359 0.0000e+00
    803.340      19281    461.342 -106.19120   20.48468    458.000     8.9560     8.9555   3.693725   3.693897 7.7901e-02    12.3456     4.5666 5.0671e-02          0     4.5666     0.0259     0.5058     0.0000     4.6718     0.0000     0.0049     0.0000     0.5055    34.6076    34.6099    26.8259    26.8278     0.0326      0.994      0.352 0.0000e+00
    804.089      19299    462.350 -106.19120   20.48468    459.000     8.9446     8.9431   3.692545   3.692661 7.6482e-02    12.3457     4.5665 5.0671e-02          0     4.5665     0.0255     0.5059     0.0000     4.6717     0.0000     0.0049     0.0000     0.5057    34.6059    34.6085    26.8264    26.8287     0.0320      0.973      0.345 0.0000e+00
    804.811      19316    463.359 -106.19120   20.48468    460.000     8.9072     8.9045   3.688761   3.688850 7.5500e-02    12.3459     4.5662 5.0671e-02          0     4.5662     0.0251     0.5058     0.0000     4.6721     0.0000     0.0049     0.0000     0.5055    34.6022    34.6057    26.8294    26.8327     0.0312      0.949      0.336 0.0000e+00
    805.555      19334    464.367 -106.19120   20.48468    461.000     8.8697     8.8662   3.684907   3.684965 7.6103e-02    12.3457     4.5664 5.0671e-02          0     4.5664     0.0253     0.5060     0.0000     4.6726     0.0000     0.0049     0.0000     0.5057    34.5978    34.6017    26.8319    26.8356     0.0307      0.934      0.331 0.0000e+00
    806.343      19353    465.376 -106.19120   20.48468    462.000     8.8390     8.8379   3.682153   3.682275 7.4745e-02    12.3456     4.5666 5.0671e-02          0     4.5666     0.0249     0.5056     0.0000     4.6736     0.0000     0.0049     0.0000     0.5053    34.5983    34.6006    26.8372    26.8392     0.0289      0.879      0.311 0.0000e+00
    807.210      19374    466.384 -106.19120   20.48468    463.000     8.8311     8.8307   3.681425   3.681613 7.5912e-02    12.3466     4.5655 5.0671e-02          0     4.5655     0.0253     0.5057     0.0000     4.6738     0.0000     0.0049     0.0000     0.5054    34.5979    34.6003    26.8382    26.8401     0.0316      0.962      0.340 0.0000e+00
    808.223      19398    467.392 -106.19120   20.48468    464.000     8.8188     8.8185   3.680337   3.680516 7.6879e-02    12.3453     4.5669 5.0671e-02          0     4.5669     0.0256     0.5057     0.0000     4.6740     0.0000     0.0049     0.0000     0.5054    34.5980    34.6002    26.8402    26.8419     0.0307      0.933      0.330 0.0000e+00
    809.430      19427    468.401 -106.19120   20.48468    465.000     8.8120     8.8118   3.679728   3.679900 7.6667e-02    12.3458     4.5664 5.0671e-02          0     4.5664     0.0255     0.5056     0.0000     4.6740     0.0000     0.0049     0.0000     0.5053    34.5978    34.5998    26.8411    26.8427     0.0297      0.905      0.320 0.0000e+00
    810.638      19456    469.409 -106.19120   20.48468    466.000     8.7983     8.7970   3.678384   3.678508 7.5719e-02    12.3455     4.5668 5.0671e-02          0     4.5668     0.0252     0.5055     0.0000     4.6737     0.0000     0.0049     0.0000     0.5052    34.5965    34.5991    26.8422    26.8445     0.0297      0.903      0.319 0.0000e+00
    811.747      19483    470.418 -106.19120   20.48467    467.000     8.7795     8.7792   3.676656   3.676855 7.6083e-02    12.3467     4.5654 5.0671e-02          0     4.5654     0.0253     0.5055     0.0000     4.6729     0.0000     0.0049     0.0000     0.5052    34.5962    34.5986    26.8450    26.8469     0.0308      0.939      0.332 0.0000e+00
    812.843      19509    471.426 -106.19120   20.48466    468.000     8.7709     8.7709   3.675940   3.676121 7.7615e-02    12.3462     4.5659 5.0671e-02          0     4.5659     0.0258     0.5056     0.0000     4.6729     0.0000     0.0049     0.0000     0.5053    34.5966    34.5985    26.8466    26.8481     0.0300      0.912      0.322 0.0000e+00
    814.038      19538    472.435 -106.19120   20.48466    469.000     8.7648     8.7644   3.675377   3.675533 7.6047e-02    12.3458     4.5664 5.0671e-02          0     4.5664     0.0253     0.5055     0.0000     4.6728     0.0000     0.0049     0.0000     0.5052    34.5962    34.5982    26.8473    26.8489     0.0309      0.940      0.332 0.0000e+00
    815.245      19567    473.443 -106.19120   20.48466    470.000     8.7575     8.7570   3.674705   3.674865 7.6934e-02    12.3471     4.5649 5.0671e-02          0     4.5649     0.0256     0.5056     0.0000     4.6728     0.0000     0.0049     0.0000     0.5053    34.5958    34.5979    26.8482    26.8499     0.0308      0.936      0.331 0.0000e+00
    816.360      19594    474.452 -106.19120   20.48466    471.000     8.7466     8.7462   3.673731   3.673897 7.6498e-02    12.3456     4.5666 5.0671e-02          0     4.5666     0.0255     0.5055     0.0000     4.6734     0.0000     0.0049     0.0000     0.5052    34.5957    34.5978    26.8498    26.8515     0.0296      0.900      0.318 0.0000e+00
    817.417      19619    475.460 -106.19120   20.48466    472.000     8.7366     8.7361   3.672792   3.672972 7.6777e-02    12.3504     4.5612 5.0671e-02          0     4.5612     0.0256     0.5056     0.0000     4.6733     0.0000     0.0049     0.0000     0.5053    34.5951    34.5975    26.8509    26.8529     0.0310      0.943      0.333 0.0000e+00
    818.448      19644    476.469 -106.19120   20.48466    473.000     8.7300     8.7298   3.672235   3.672408 7.5537e-02    12.3452     4.5671 5.0671e-02          0     4.5671     0.0251     0.5055     0.0000     4.6734     0.0000     0.0049     0.0000     0.5052    34.5952    34.5972    26.8521    26.8537     0.0300      0.914      0.323 0.0000e+00
    819.464      19668    477.477 -106.19120   20.48466    474.000     8.7213     8.7209   3.671429   3.671602 7.6348e-02    12.3454     4.5668 5.0671e-02          0     4.5668     0.0254     0.5056     0.0000     4.6734     0.0000     0.0049     0.0000     0.5053    34.5947    34.5969    26.8530    26.8548     0.0305      0.930      0.328 0.0000e+00
    820.517      19693    478.486 -106.19120   20.48466    475.000     8.7152     8.7150   3.670903   3.671064 7.5765e-02    12.3458     4.5664 5.0671e-02          0     4.5664     0.0252     0.5055     0.0000     4.6731     0.0000     0.0049     0.0000     0.5052    34.5947    34.5966    26.8540    26.8555     0.0306      0.931      0.329 0.0000e+00
    821.586      19719    479.494 -106.19120   20.48466    476.000     8.7071     8.7069   3.670179   3.670339 7.6339e-02    12.3448     4.5675 5.0671e-02          0     4.5675     0.0254     0.5056     0.0000     4.6734     0.0000     0.0049     0.0000     0.5054    34.5944    34.5964    26.8551    26.8566     0.0304      0.926      0.327 0.0000e+00
    822.611      19744    480.503 -106.19120   20.48466    477.000     8.7022     8.7016   3.669747   3.669887 7.7080e-02    12.3463     4.5658 5.0671e-02          0     4.5658     0.0257     0.5055     0.0000     4.6719     0.0000     0.0049     0.0000     0.5052    34.5943    34.5963    26.8557    26.8574     0.0300      0.914      0.323 0.0000e+00
    823.539      19766    481.511 -106.19120   20.48466    478.000     8.6952     8.6954   3.669128   3.669351 7.6401e-02    12.3454     4.5669 5.0671e-02          0     4.5669     0.0254     0.5056     0.0000     4.6730     0.0000     0.0049     0.0000     0.5053    34.5941    34.5963    26.8567    26.8584     0.0311      0.946      0.334 0.0000e+00
    824.381      19786    482.520 -106.19120   20.48466    479.000     8.6933     8.6936   3.669029   3.669234 7.6100e-02    12.3451     4.5672 5.0671e-02          0     4.5672     0.0253     0.5056     0.0000     4.6727     0.0000     0.0049     0.0000     0.5053    34.5944    34.5963    26.8573    26.8587     0.0309      0.942      0.332 0.0000e+00
    825.148      19805    483.528 -106.19120   20.48466    480.000     8.6932     8.6935   3.669072   3.669283 7.6727e-02    12.3449     4.5674 5.0671e-02          0     4.5674     0.0255     0.5056     0.0000     4.6729     0.0000     0.0049     0.0000     0.5053    34.5945    34.5965    26.8574    26.8589     0.0307      0.933      0.329 0.0000e+00
    825.871      19822    484.537 -106.19120   20.48466    481.000     8.6914     8.6916   3.668929   3.669125 7.5754e-02    12.3459     4.5663 5.0671e-02          0     4.5663     0.0252     0.5057     0.0000     4.6726     0.0000     0.0049     0.0000     0.5054    34.5943    34.5962    26.8575    26.8590     0.0312      0.950      0.335 0.0000e+00
    826.583      19839    485.545 -106.19120   20.48466    482.000     8.6665     8.6630   3.666268   3.666321 7.6746e-02    12.3453     4.5670 5.0671e-02          0     4.5670     0.0255     0.5056     0.0000     4.6720     0.0000     0.0049     0.0000     0.5053    34.5901    34.5941    26.8581    26.8617     0.0314      0.955      0.337 0.0000e+00
    827.318      19857    486.554 -106.19120   20.48464    483.000     8.6402     8.6399   3.664157   3.664337 7.8769e-02    12.3459     4.5663 5.0671e-02          0     4.5663     0.0262     0.5057     0.0000     4.6731     0.0000     0.0049     0.0000     0.5054    34.5931    34.5952    26.8645    26.8663     0.0305      0.929      0.327 0.0000e+00
    828.184      19877    487.562 -106.19120   20.48464    484.000     8.6262     8.6253   3.662741   3.662886 7.6038e-02    12.3452     4.5671 5.0671e-02          0     4.5671     0.0253     0.5055     0.0000     4.6731     0.0000     0.0049     0.0000     0.5052    34.5914    34.5937    26.8654    26.8673     0.0294      0.895      0.315 0.0000e+00
    829.597      19911    488.571 -106.19120   20.48464    485.000     8.6073     8.6052   3.660966   3.660934 7.8928e-02    12.3455     4.5668 5.0671e-02          0     4.5668     0.0263     0.5056     0.0000     4.6732     0.0000     0.0049     0.0000     0.5053    34.5906    34.5924    26.8677    26.8694     0.0309      0.939      0.331 0.0000e+00
    831.892      19966    489.579 -106.19120   20.48464    486.000     8.5916     8.5897   3.659450   3.659449 7.8126e-02    12.3447     4.5677 5.0671e-02          0     4.5677     0.0260     0.5056     0.0000     4.6728     0.0000     0.0049     0.0000     0.5053    34.5895    34.5913    26.8693    26.8710     0.0309      0.940      0.331 0.0000e+00
    833.436      20003    490.588 -106.19120   20.48464    487.000     8.5689     8.5682   3.657216   3.657374 7.5891e-02    12.3453     4.5670 5.0671e-02          0     4.5670     0.0253     0.5056     0.0000     4.6729     0.0000     0.0049     0.0000     0.5053    34.5876    34.5900    26.8714    26.8733     0.0300      0.912      0.321 0.0000e+00
    834.524      20030    491.596 -106.19120   20.48464    488.000     8.5561     8.5553   3.655996   3.656134 7.6313e-02    12.3447     4.5676 5.0671e-02          0     4.5676     0.0254     0.5055     0.0000     4.6736     0.0000     0.0049     0.0000     0.5052    34.5868    34.5891    26.8727    26.8746     0.0308      0.938      0.330 0.0000e+00
    835.452      20052    492.605 -106.19120   20.48464    489.000     8.5388     8.5370   3.654268   3.654366 7.7148e-02    12.3447     4.5676 5.0671e-02          0     4.5676     0.0257     0.5056     0.0000     4.6750     0.0000     0.0049     0.0000     0.5053    34.5850    34.5878    26.8740    26.8765     0.0326      0.993      0.349 0.0000e+00
    836.246      20071    493.614 -106.19120   20.48464    490.000     8.5150     8.5136   3.652065   3.652213 7.6919e-02    12.3450     4.5673 5.0671e-02          0     4.5673     0.0256     0.5058     0.0000     4.6746     0.0000     0.0049     0.0000     0.5055    34.5845    34.5875    26.8773    26.8798     0.0313      0.953      0.335 0.0000e+00
    836.982      20089    494.622 -106.19120   20.48464    491.000     8.4958     8.4958   3.650324   3.650593 7.6081e-02    12.3439     4.5685 5.0671e-02          0     4.5685     0.0253     0.5055     0.0000     4.6750     0.0000     0.0049     0.0000     0.5052    34.5844    34.5873    26.8802    26.8824     0.0283      0.861      0.302 0.0000e+00
    837.679      20105    495.631 -106.19120   20.48464    492.000     8.4894     8.4896   3.649877   3.650071 7.5782e-02    12.3445     4.5680 5.0671e-02          0     4.5680     0.0252     0.5055     0.0000     4.6748     0.0000     0.0049     0.0000     0.5052    34.5854    34.5873    26.8820    26.8834     0.0304      0.925      0.325 0.0000e+00
    838.373      20122    496.639 -106.19120   20.48464    493.000     8.4858     8.4859   3.649594   3.649775 7.5778e-02    12.3444     4.5680 5.0671e-02          0     4.5680     0.0252     0.5055     0.0000     4.6762     0.0000     0.0049     0.0000     0.5052    34.5855    34.5874    26.8826    26.8840     0.0304      0.926      0.325 0.0000e+00
    839.094      20139    497.648 -106.19120   20.48464    494.000     8.4833     8.4834   3.649417   3.649603 7.6548e-02    12.3452     4.5670 5.0671e-02          0     4.5670     0.0255     0.5055     0.0000     4.6768     0.0000     0.0049     0.0000     0.5052    34.5856    34.5875    26.8831    26.8846     0.0308      0.937      0.329 0.0000e+00
    839.881      20158    498.657 -106.19119   20.48464    495.000     8.4823     8.4826   3.649388   3.649586 7.6197e-02    12.3444     4.5680 5.0671e-02          0     4.5680     0.0254     0.5056     0.0000     4.6755     0.0000     0.0049     0.0000     0.5053    34.5858    34.5876    26.8834    26.8847     0.0308      0.938      0.330 0.0000e+00
    840.743      20179    499.665 -106.19118   20.48464    496.000     8.4818     8.4817   3.649388   3.649559 7.6744e-02    12.3451     4.5672 5.0671e-02          0     4.5672     0.0255     0.5055     0.0000     4.6756     0.0000     0.0049     0.0000     0.5052    34.5859    34.5877    26.8835    26.8850     0.0300      0.914      0.321 0.0000e+00
    841.740      20203    500.674 -106.19118   20.48464    497.000     8.4760     8.4758   3.648884   3.649053 7.7458e-02    12.3444     4.5681 5.0671e-02          0     4.5681     0.0258     0.5055     0.0000     4.6757     0.0000     0.0049     0.0000     0.5052    34.5857    34.5877    26.8843    26.8859     0.0304      0.927      0.325 0.0000e+00
    842.984      20233    501.682 -106.19118   20.48463    498.000     8.4732     8.4729   3.648686   3.648828 7.6601e-02    12.3443     4.5682 5.0671e-02          0     4.5682     0.0255     0.5055     0.0000     4.6759     0.0000     0.0049     0.0000     0.5052    34.5859    34.5877    26.8849    26.8864     0.0305      0.927      0.325 0.0000e+00
