data/ctd-cnv/RR1804/RR1803-St33-P1/Station33_cast69.cnv
* Sea-Bird SBE 9 Data File:
* FileName = C:\CTD\RR1805\Station33_cast69.hex
* Software Version Seasave V 7.26.6.26
* Temperature SN = 4307
* Conductivity SN = 4650
* Number of Bytes Per Scan = 44
* Number of Voltage Words = 5
* Number of Scans Averaged by the Deck Unit = 1
* NMEA Latitude = 20 26.08 N
* NMEA Longitude = 106 10.38 W
* NMEA UTC (Time) = Apr 26 2018 12:04:27
** Ship: Revell
** Station: 33
** Operator: GR
** Station P1 Cast 69 Diel
# nquan = 32
# nvalues = 202                         
# units = specified
# name 0 = timeS: Time, Elapsed [seconds]
# name 1 = scan: Scan Count
# name 2 = prDM: Pressure, Digiquartz [db]
# name 3 = longitude: Longitude [deg]
# name 4 = latitude: Latitude [deg]
# name 5 = depSM: Depth [salt water, m]
# name 6 = t090C: Temperature [ITS-90, deg C]
# name 7 = t190C: Temperature, 2 [ITS-90, deg C]
# name 8 = c0S/m: Conductivity [S/m]
# name 9 = c1S/m: Conductivity, 2 [S/m]
# name 10 = flSP: Fluorescence, Seapoint
# name 11 = CStarAt0: Beam Attenuation, WET Labs C-Star [1/m]
# name 12 = CStarTr0: Beam Transmission, WET Labs C-Star [%]
# name 13 = par: PAR/Irradiance, Biospherical/Licor
# name 14 = modError: Modulo Error Count
# name 15 = v0: Voltage 0
# name 16 = v1: Voltage 1
# name 17 = v2: Voltage 2
# name 18 = v3: Voltage 3
# name 19 = v4: Voltage 4
# name 20 = v5: Voltage 5
# name 21 = v6: Voltage 6
# name 22 = v7: Voltage 7
# name 23 = sbeox0V: Oxygen raw, SBE 43 [V]
# name 24 = sal00: Salinity, Practical [PSU]
# name 25 = sal11: Salinity, Practical, 2 [PSU]
# name 26 = sigma-é00: Density [sigma-theta, kg/m^3]
# name 27 = sigma-é11: Density, 2 [sigma-theta, kg/m^3]
# name 28 = sbeox0Mg/L: Oxygen, SBE 43 [mg/l], WS = 2
# name 29 = sbox0Mm/Kg: Oxygen, SBE 43 [umol/kg], WS = 2
# name 30 = sbeox0PS: Oxygen, SBE 43 [% saturation], WS = 2
# name 31 = flag: flag
# span 0 =     -0.077,    649.498       
# span 1 =         -1,      15589       
# span 2 =      1.006,    203.347       
# span 3 = -106.17306, -106.17298       
# span 4 =   20.43462,   20.43468       
# span 5 =      1.000,    202.000       
# span 6 =    12.1308,    25.6034       
# span 7 =    12.1306,    25.6120       
# span 8 =   3.999638,   5.321509       
# span 9 =   3.999774,   5.321185       
# span 10 = 7.3457e-02, 1.4526e+00      
# span 11 =    10.7568,    18.3222      
# span 12 =     3.8234,     4.6460      
# span 13 = 5.0664e-02, 2.4664e-01      
# span 14 =          0,          0      
# span 15 =     3.8234,     4.6460      
# span 16 =     0.0245,     0.4842      
# span 17 =     0.5062,     2.9020      
# span 18 = -7.678e-07,     0.0000      
# span 19 =    -0.2416,     5.4778      
# span 20 =     0.0000,     0.0000      
# span 21 =     0.0048,     0.6344      
# span 22 =     0.0000,     0.0000      
# span 23 =     0.5059,     2.9020      
# span 24 =    34.4437,    34.8264      
# span 25 =    34.4507,    34.8275      
# span 26 =    22.7365,    26.4035      
# span 27 =    22.7511,    26.4047      
# span 28 =     0.0302,     6.8280      
# span 29 =      0.919,    208.569      
# span 30 =      0.350,    101.201      
# span 31 = 0.0000e+00, 0.0000e+00      
# interval = meters: 1                  
# start_time = Apr 26 2018 12:04:23 [System UTC, first data scan.]
# bad_flag = -9.990e-29
*END*
[from data line 182]
    470.631      11296    184.211 -106.17299   20.43465    183.000    12.3196    12.3195   4.017806   4.017993 7.6812e-02    12.3632     4.5466 5.0671e-02          0     4.5466     0.0256     0.5077     0.0000     4.6664     0.0000     0.0049     0.0000     0.5074    34.7957    34.7975    26.3736    26.3750     0.0363      1.106      0.422 0.0000e+00
    471.804      11324    185.219 -106.17300   20.43464    184.000    12.3107    12.3125   4.016906   4.017290 7.7369e-02    12.3628     4.5470 5.0671e-02          0     4.5470     0.0258     0.5078     0.0000     4.6650     0.0000     0.0049     0.0000     0.5075    34.7947    34.7968    26.3746    26.3759     0.0345      1.050      0.401 0.0000e+00
    472.970      11352    186.226 -106.17300   20.43464    185.000    12.3053    12.3057   4.016442   4.016671 7.6663e-02    12.3626     4.5472 5.0671e-02          0     4.5472     0.0255     0.5077     0.0000     4.6660     0.0000     0.0049     0.0000     0.5074    34.7948    34.7967    26.3758    26.3771     0.0353      1.076      0.411 0.0000e+00
    474.152      11381    187.233 -106.17300   20.43464    186.000    12.3037    12.3036   4.016313   4.016507 7.5263e-02    12.3660     4.5434 5.0671e-02          0     4.5434     0.0251     0.5075     0.0000     4.6662     0.0000     0.0049     0.0000     0.5072    34.7947    34.7966    26.3760    26.3775     0.0339      1.032      0.394 0.0000e+00
    475.203      11406    188.240 -106.17300   20.43464    187.000    12.3023    12.3023   4.016211   4.016403 7.6814e-02    12.3625     4.5474 5.0671e-02          0     4.5474     0.0256     0.5075     0.0000     4.6657     0.0000     0.0049     0.0000     0.5072    34.7945    34.7964    26.3761    26.3776     0.0353      1.075      0.410 0.0000e+00
    476.116      11428    189.247 -106.17300   20.43464    188.000    12.2979    12.2977   4.015785   4.015969 7.6082e-02    12.3620     4.5479 5.0664e-02          0     4.5479     0.0253     0.5078     0.0000     4.6656     0.0000     0.0048     0.0000     0.5075    34.7941    34.7960    26.3767    26.3782     0.0361      1.100      0.420 0.0000e+00
    476.966      11448    190.254 -106.17300   20.43464    189.000    12.2948    12.2955   4.015492   4.015774 7.5106e-02    12.3623     4.5476 5.0671e-02          0     4.5476     0.0250     0.5076     0.0000     4.6664     0.0000     0.0049     0.0000     0.5073    34.7937    34.7957    26.3770    26.3784     0.0337      1.027      0.392 0.0000e+00
    477.855      11470    191.261 -106.17300   20.43464    190.000    12.2872    12.2881   4.014737   4.015034 7.3457e-02    12.3601     4.5501 5.0671e-02          0     4.5501     0.0245     0.5075     0.0000     4.6668     0.0000     0.0049     0.0000     0.5072    34.7930    34.7950    26.3780    26.3794     0.0343      1.043      0.398 0.0000e+00
    478.894      11494    192.268 -106.17300   20.43464    191.000    12.2706    12.2705   4.013070   4.013301 7.3927e-02    12.3619     4.5481 5.0671e-02          0     4.5481     0.0246     0.5076     0.0000     4.6673     0.0000     0.0049     0.0000     0.5073    34.7918    34.7941    26.3803    26.3821     0.0352      1.072      0.409 0.0000e+00
    480.115      11524    193.275 -106.17300   20.43464    192.000    12.2478    12.2480   4.010890   4.011129 7.5225e-02    12.3612     4.5489 5.0671e-02          0     4.5489     0.0250     0.5076     0.0000     4.6665     0.0000     0.0049     0.0000     0.5073    34.7914    34.7936    26.3844    26.3860     0.0353      1.074      0.410 0.0000e+00
    481.324      11553    194.282 -106.17300   20.43464    193.000    12.2308    12.2307   4.009112   4.009340 7.4322e-02    12.3603     4.5499 5.0671e-02          0     4.5499     0.0247     0.5076     0.0000     4.6664     0.0000     0.0049     0.0000     0.5073    34.7896    34.7919    26.3863    26.3881     0.0357      1.086      0.414 0.0000e+00
    482.345      11577    195.290 -106.17300   20.43464    194.000    12.2099    12.2098   4.006915   4.007129 7.3570e-02    12.3588     4.5516 5.0671e-02          0     4.5516     0.0245     0.5077     0.0000     4.6666     0.0000     0.0049     0.0000     0.5074    34.7873    34.7894    26.3886    26.3902     0.0350      1.066      0.406 0.0000e+00
    483.220      11598    196.297 -106.17300   20.43462    195.000    12.1973    12.1973   4.005610   4.005821 7.7616e-02    12.3597     4.5505 5.0671e-02          0     4.5505     0.0259     0.5076     0.0000     4.6666     0.0000     0.0049     0.0000     0.5073    34.7859    34.7880    26.3899    26.3915     0.0342      1.041      0.396 0.0000e+00
    484.081      11619    197.304 -106.17300   20.43462    196.000    12.1752    12.1752   4.003380   4.003606 7.5358e-02    12.3577     4.5528 5.0671e-02          0     4.5528     0.0251     0.5075     0.0000     4.6669     0.0000     0.0049     0.0000     0.5072    34.7843    34.7865    26.3930    26.3947     0.0345      1.052      0.400 0.0000e+00
    484.998      11641    198.311 -106.17300   20.43462    197.000    12.1685    12.1689   4.002876   4.003114 7.3741e-02    12.3580     4.5525 5.0671e-02          0     4.5525     0.0246     0.5076     0.0000     4.6670     0.0000     0.0049     0.0000     0.5073    34.7853    34.7872    26.3950    26.3964     0.0351      1.068      0.406 0.0000e+00
    486.034      11666    199.318 -106.17300   20.43462    198.000    12.1667    12.1671   4.002813   4.003040 7.4206e-02    12.3584     4.5520 5.0671e-02          0     4.5520     0.0247     0.5074     0.0000     4.6674     0.0000     0.0049     0.0000     0.5071    34.7859    34.7878    26.3959    26.3972     0.0325      0.990      0.377 0.0000e+00
    489.664      11753    200.325 -106.17300   20.43462    199.000    12.1711    12.1705   4.003347   4.003469 7.4147e-02    12.3588     4.5516 5.0671e-02          0     4.5516     0.0247     0.5072     0.0000     4.6678     0.0000     0.0049     0.0000     0.5069    34.7865    34.7883    26.3956    26.3970     0.0333      1.014      0.386 0.0000e+00
    495.382      11890    201.332 -106.17300   20.43462    200.000    12.1601    12.1604   4.002406   4.002627 7.4480e-02    12.3604     4.5498 5.0671e-02          0     4.5498     0.0248     0.5072     0.0000     4.6683     0.0000     0.0049     0.0000     0.5069    34.7872    34.7891    26.3982    26.3996     0.0336      1.022      0.389 0.0000e+00
    599.256      14383    202.340 -106.17305   20.43467    201.000    12.1385    12.1395   4.000394   4.000668 7.6186e-02    12.3648     4.5449 5.0671e-02          0     4.5449     0.0254     0.5064     0.0000     4.6505     0.0000     0.0049     0.0000     0.5061    34.7873    34.7891    26.4025    26.4036     0.0302      0.919      0.350 0.0000e+00
    649.498      15589    203.347 -106.17304   20.43463    202.000    12.1308    12.1306   3.999638   3.999774 7.4882e-02    12.3629     4.5468 5.0671e-02          0     4.5468     0.0249     0.5062     0.0000     4.6543     0.0000     0.0049     0.0000     0.5059    34.7867    34.7882    26.4035    26.4047     0.0310      0.945      0.359 0.0000e+00
