data/ctd-cnv/RR1804/RR1803-St33-P1/Station33_cast62.cnv
* Sea-Bird SBE 9 Data File:
* FileName = C:\CTD\RR1805\Station33_cast62.hex
* Software Version Seasave V 7.26.6.26
* Temperature SN = 4307
* Conductivity SN = 4650
* Number of Bytes Per Scan = 44
* Number of Voltage Words = 5
* Number of Scans Averaged by the Deck Unit = 1
* NMEA Latitude = 20 12.36 N
* NMEA Longitude = 106 03.08 W
* NMEA UTC (Time) = Apr 22 2018 22:00:31
** Ship: Revell
** Station: On Deck
** Operator: GR
** Station 33 P1 cast 62
# nquan = 32
# nvalues = 1495                        
# units = specified
# name 0 = timeS: Time, Elapsed [seconds]
# name 1 = scan: Scan Count
# name 2 = prDM: Pressure, Digiquartz [db]
# name 3 = longitude: Longitude [deg]
# name 4 = latitude: Latitude [deg]
# name 5 = depSM: Depth [salt water, m]
# name 6 = t090C: Temperature [ITS-90, deg C]
# name 7 = t190C: Temperature, 2 [ITS-90, deg C]
# name 8 = c0S/m: Conductivity [S/m]
# name 9 = c1S/m: Conductivity, 2 [S/m]
# name 10 = flSP: Fluorescence, Seapoint
# name 11 = CStarAt0: Beam Attenuation, WET Labs C-Star [1/m]
# name 12 = CStarTr0: Beam Transmission, WET Labs C-Star [%]
# name 13 = par: PAR/Irradiance, Biospherical/Licor
# name 14 = modError: Modulo Error Count
# name 15 = v0: Voltage 0
# name 16 = v1: Voltage 1
# name 17 = v2: Voltage 2
# name 18 = v3: Voltage 3
# name 19 = v4: Voltage 4
# name 20 = v5: Voltage 5
# name 21 = v6: Voltage 6
# name 22 = v7: Voltage 7
# name 23 = sbeox0V: Oxygen raw, SBE 43 [V]
# name 24 = sal00: Salinity, Practical [PSU]
# name 25 = sal11: Salinity, Practical, 2 [PSU]
# name 26 = sigma-é00: Density [sigma-theta, kg/m^3]
# name 27 = sigma-é11: Density, 2 [sigma-theta, kg/m^3]
# name 28 = sbeox0Mg/L: Oxygen, SBE 43 [mg/l], WS = 2
# name 29 = sbox0Mm/Kg: Oxygen, SBE 43 [umol/kg], WS = 2
# name 30 = sbeox0PS: Oxygen, SBE 43 [% saturation], WS = 2
# name 31 = flag: flag
# span 0 =      0.501,   1831.846       
# span 1 =         13,      43965       
# span 2 =      8.049,   1516.748       
# span 3 = -106.05138, -106.05132       
# span 4 =   20.20608,   20.20614       
# span 5 =      8.000,   1502.000       
# span 6 =     3.0539,    23.5226       
# span 7 =     3.0540,    23.5196       
# span 8 =   3.204240,   5.095645       
# span 9 =   3.204339,   5.095351       
# span 10 = 6.7958e-02, 3.0497e+00      
# span 11 =    12.3330,    12.7209      
# span 12 =     4.1577,     4.5809      
# span 13 = 5.0654e-02, 6.9803e+01      
# span 14 =          0,          0      
# span 15 =     4.1577,     4.5809      
# span 16 =     0.0226,     1.0166      
# span 17 =     0.5055,     2.6450      
# span 18 =     0.0000,     0.0000      
# span 19 =     2.0926,     4.7132      
# span 20 =     0.0000,     0.0000      
# span 21 =     0.0048,     3.1412      
# span 22 =     0.0000,     0.0000      
# span 23 =     0.5052,     2.6450      
# span 24 =    34.4604,    34.8194      
# span 25 =    34.4580,    34.8206      
# span 26 =    23.4468,    27.5691      
# span 27 =    23.4477,    27.5700      
# span 28 =     0.0292,     6.5274      
# span 29 =      0.888,    199.310      
# span 30 =      0.307,     93.744      
# span 31 = 0.0000e+00, 0.0000e+00      
# interval = meters: 1                  
# start_time = Apr 22 2018 22:00:32 [System UTC, first data scan.]
# bad_flag = -9.990e-29
*END*
[from data line 1134]
   1413.323      33921   1152.217 -106.05134   20.20612   1142.000     4.0982     4.0985   3.277385   3.277546 7.1575e-02    12.3346     4.5792 5.9582e-02          0     4.5792     0.0238     0.5870     0.0000     4.6557     0.0000     0.0746     0.0000     0.5875    34.5527    34.5543    27.4295    27.4307     0.4771     14.512      4.605 0.0000e+00
   1414.270      33943   1153.228 -106.05134   20.20612   1143.000     4.0978     4.0981   3.277397   3.277550 7.2936e-02    12.3345     4.5793 6.0127e-02          0     4.5793     0.0243     0.5871     0.0000     4.6558     0.0000     0.0783     0.0000     0.5875    34.5528    34.5543    27.4295    27.4307     0.4835     14.705      4.666 0.0000e+00
   1415.471      33972   1154.240 -106.05134   20.20612   1144.000     4.0967     4.0970   3.277346   3.277503 7.2785e-02    12.3345     4.5794 5.9236e-02          0     4.5794     0.0242     0.5871     0.0000     4.6557     0.0000     0.0720     0.0000     0.5876    34.5528    34.5544    27.4297    27.4309     0.4814     14.643      4.647 0.0000e+00
   1416.733      34003   1155.252 -106.05134   20.20612   1145.000     4.0959     4.0962   3.277321   3.277474 7.3141e-02    12.3345     4.5793 6.0720e-02          0     4.5793     0.0244     0.5873     0.0000     4.6557     0.0000     0.0828     0.0000     0.5878    34.5529    34.5544    27.4299    27.4310     0.4844     14.734      4.676 0.0000e+00
   1417.855      34030   1156.264 -106.05134   20.20612   1146.000     4.0928     4.0929   3.277091   3.277223 7.3262e-02    12.3338     4.5801 6.4021e-02          0     4.5801     0.0244     0.5873     0.0000     4.6541     0.0000     0.1056     0.0000     0.5878    34.5529    34.5544    27.4302    27.4313     0.4817     14.653      4.649 0.0000e+00
   1418.849      34053   1157.275 -106.05134   20.20612   1147.000     4.0872     4.0873   3.276648   3.276794 7.1966e-02    12.3340     4.5799 6.4690e-02          0     4.5799     0.0240     0.5874     0.0000     4.6538     0.0000     0.1101     0.0000     0.5879    34.5530    34.5546    27.4308    27.4321     0.4880     14.844      4.709 0.0000e+00
   1419.788      34076   1158.287 -106.05134   20.20612   1148.000     4.0755     4.0751   3.275675   3.275775 7.2462e-02    12.3340     4.5798 6.3306e-02          0     4.5798     0.0241     0.5877     0.0000     4.6544     0.0000     0.1006     0.0000     0.5882    34.5533    34.5549    27.4323    27.4336     0.4923     14.973      4.749 0.0000e+00
   1420.741      34099   1159.299 -106.05134   20.20612   1149.000     4.0632     4.0631   3.274660   3.274776 7.3095e-02    12.3343     4.5796 6.1828e-02          0     4.5796     0.0243     0.5884     0.0000     4.6545     0.0000     0.0905     0.0000     0.5889    34.5536    34.5551    27.4338    27.4350     0.4995     15.191      4.817 0.0000e+00
   1421.745      34123   1160.311 -106.05134   20.20612   1150.000     4.0564     4.0565   3.274126   3.274248 7.2239e-02    12.3340     4.5799 6.2306e-02          0     4.5799     0.0241     0.5889     0.0000     4.6558     0.0000     0.0939     0.0000     0.5894    34.5539    34.5553    27.4347    27.4359     0.5040     15.330      4.860 0.0000e+00
   1422.805      34148   1161.322 -106.05134   20.20612   1151.000     4.0538     4.0540   3.273938   3.274080 7.2377e-02    12.3341     4.5798 5.9794e-02          0     4.5798     0.0241     0.5899     0.0000     4.6568     0.0000     0.0761     0.0000     0.5904    34.5540    34.5554    27.4351    27.4362     0.5136     15.622      4.952 0.0000e+00
   1423.908      34175   1162.334 -106.05133   20.20612   1152.000     4.0521     4.0523   3.273832   3.273982 7.2984e-02    12.3339     4.5800 6.1484e-02          0     4.5800     0.0243     0.5909     0.0000     4.6569     0.0000     0.0879     0.0000     0.5914    34.5540    34.5555    27.4353    27.4364     0.5124     15.586      4.941 0.0000e+00
   1424.980      34201   1163.346 -106.05132   20.20612   1153.000     4.0511     4.0514   3.273795   3.273939 1.0153e-01    12.3339     4.5801 6.2355e-02          0     4.5801     0.0338     0.5912     0.0000     4.6570     0.0000     0.0942     0.0000     0.5917    34.5540    34.5554    27.4354    27.4365     0.5095     15.496      4.912 0.0000e+00
   1425.987      34225   1164.358 -106.05132   20.20612   1154.000     4.0495     4.0497   3.273700   3.273859 8.0426e-02    12.3338     4.5802 6.3954e-02          0     4.5802     0.0268     0.5918     0.0000     4.6569     0.0000     0.1051     0.0000     0.5923    34.5541    34.5557    27.4356    27.4369     0.5148     15.659      4.964 0.0000e+00
   1426.937      34247   1165.369 -106.05132   20.20612   1155.000     4.0478     4.0480   3.273602   3.273744 7.2761e-02    12.3378     4.5755 6.2079e-02          0     4.5755     0.0242     0.5919     0.0000     4.6569     0.0000     0.0924     0.0000     0.5924    34.5542    34.5557    27.4359    27.4370     0.5118     15.567      4.934 0.0000e+00
   1427.849      34269   1166.381 -106.05132   20.20612   1156.000     4.0466     4.0468   3.273543   3.273685 7.2381e-02    12.3347     4.5791 6.3224e-02          0     4.5791     0.0241     0.5922     0.0000     4.6570     0.0000     0.1001     0.0000     0.5927    34.5542    34.5557    27.4361    27.4372     0.5163     15.704      4.978 0.0000e+00
   1428.741      34291   1167.393 -106.05132   20.20612   1157.000     4.0448     4.0450   3.273432   3.273564 7.2091e-02    12.3375     4.5759 6.1088e-02          0     4.5759     0.0240     0.5926     0.0000     4.6569     0.0000     0.0854     0.0000     0.5931    34.5543    34.5557    27.4363    27.4374     0.5183     15.765      4.997 0.0000e+00
   1429.620      34312   1168.405 -106.05132   20.20612   1158.000     4.0420     4.0421   3.273229   3.273381 7.3080e-02    12.3346     4.5792 6.1323e-02          0     4.5792     0.0243     0.5928     0.0000     4.6569     0.0000     0.0866     0.0000     0.5933    34.5544    34.5560    27.4367    27.4380     0.5186     15.774      4.999 0.0000e+00
   1430.506      34333   1169.417 -106.05132   20.20612   1159.000     4.0395     4.0399   3.273068   3.273218 7.2930e-02    12.3373     4.5762 6.3027e-02          0     4.5762     0.0243     0.5932     0.0000     4.6570     0.0000     0.0987     0.0000     0.5937    34.5546    34.5560    27.4371    27.4382     0.5186     15.772      4.998 0.0000e+00
   1431.445      34356   1170.428 -106.05132   20.20612   1160.000     4.0374     4.0373   3.272928   3.273052 7.2627e-02    12.3341     4.5797 6.1592e-02          0     4.5797     0.0242     0.5931     0.0000     4.6572     0.0000     0.0889     0.0000     0.5936    34.5546    34.5561    27.4373    27.4386     0.5179     15.751      4.991 0.0000e+00
   1432.558      34382   1171.440 -106.05134   20.20612   1161.000     4.0363     4.0367   3.272871   3.273035 7.3246e-02    12.3340     4.5799 6.1085e-02          0     4.5799     0.0244     0.5936     0.0000     4.6570     0.0000     0.0853     0.0000     0.5941    34.5546    34.5561    27.4375    27.4386     0.5215     15.860      5.026 0.0000e+00
   1433.884      34414   1172.452 -106.05134   20.20612   1162.000     4.0355     4.0359   3.272844   3.273009 7.3260e-02    12.3348     4.5790 6.2511e-02          0     4.5790     0.0244     0.5935     0.0000     4.6573     0.0000     0.0954     0.0000     0.5940    34.5546    34.5561    27.4375    27.4387     0.5206     15.835      5.018 0.0000e+00
   1435.200      34446   1173.464 -106.05134   20.20612   1163.000     4.0333     4.0336   3.272702   3.272842 7.2149e-02    12.3338     4.5801 6.2337e-02          0     4.5801     0.0240     0.5939     0.0000     4.6575     0.0000     0.0942     0.0000     0.5944    34.5547    34.5561    27.4379    27.4389     0.5229     15.906      5.040 0.0000e+00
   1436.403      34475   1174.476 -106.05134   20.20612   1164.000     4.0314     4.0317   3.272586   3.272730 7.2609e-02    12.3346     4.5792 6.3348e-02          0     4.5792     0.0242     0.5943     0.0000     4.6576     0.0000     0.1009     0.0000     0.5948    34.5548    34.5562    27.4382    27.4392     0.5292     16.097      5.100 0.0000e+00
   1437.444      34500   1175.488 -106.05132   20.20612   1165.000     4.0308     4.0311   3.272577   3.272733 7.2937e-02    12.3342     4.5797 6.3388e-02          0     4.5797     0.0243     0.5945     0.0000     4.6571     0.0000     0.1013     0.0000     0.5951    34.5548    34.5563    27.4383    27.4394     0.5281     16.062      5.089 0.0000e+00
   1438.330      34521   1176.499 -106.05132   20.20612   1166.000     4.0291     4.0293   3.272470   3.272625 7.3067e-02    12.3339     4.5800 6.4561e-02          0     4.5800     0.0243     0.5947     0.0000     4.6559     0.0000     0.1093     0.0000     0.5953    34.5549    34.5565    27.4385    27.4397     0.5285     16.076      5.093 0.0000e+00
   1439.128      34540   1177.511 -106.05132   20.20612   1167.000     4.0273     4.0274   3.272360   3.272516 7.3261e-02    12.3336     4.5803 6.4330e-02          0     4.5803     0.0244     0.5950     0.0000     4.6546     0.0000     0.1076     0.0000     0.5956    34.5549    34.5567    27.4387    27.4401     0.5292     16.096      5.099 0.0000e+00
   1439.908      34559   1178.523 -106.05132   20.20612   1168.000     4.0242     4.0244   3.272157   3.272302 7.3069e-02    12.3342     4.5797 6.5862e-02          0     4.5797     0.0243     0.5949     0.0000     4.6545     0.0000     0.1178     0.0000     0.5955    34.5552    34.5568    27.4393    27.4405     0.5275     16.043      5.082 0.0000e+00
   1440.752      34579   1179.535 -106.05132   20.20612   1169.000     4.0230     4.0232   3.272092   3.272242 7.3261e-02    12.3338     4.5801 6.6648e-02          0     4.5801     0.0244     0.5951     0.0000     4.6526     0.0000     0.1230     0.0000     0.5957    34.5553    34.5568    27.4395    27.4406     0.5315     16.167      5.121 0.0000e+00
   1441.740      34603   1180.547 -106.05132   20.20612   1170.000     4.0209     4.0210   3.271953   3.272095 7.2991e-02    12.3360     4.5776 6.4467e-02          0     4.5776     0.0243     0.5955     0.0000     4.6524     0.0000     0.1085     0.0000     0.5961    34.5553    34.5569    27.4397    27.4409     0.5362     16.308      5.166 0.0000e+00
   1442.874      34630   1181.559 -106.05133   20.20612   1171.000     4.0182     4.0184   3.271775   3.271914 7.2741e-02    12.3347     4.5791 6.2085e-02          0     4.5791     0.0242     0.5958     0.0000     4.6518     0.0000     0.0923     0.0000     0.5964    34.5555    34.5570    27.4401    27.4413     0.5337     16.233      5.142 0.0000e+00
   1443.980      34657   1182.570 -106.05134   20.20612   1172.000     4.0173     4.0170   3.271737   3.271830 7.2955e-02    12.3339     4.5800 6.2084e-02          0     4.5800     0.0243     0.5959     0.0000     4.6519     0.0000     0.0922     0.0000     0.5965    34.5555    34.5569    27.4403    27.4414     0.5371     16.337      5.175 0.0000e+00
   1444.996      34681   1183.582 -106.05134   20.20612   1173.000     4.0149     4.0154   3.271588   3.271763 7.2489e-02    12.3339     4.5801 6.3385e-02          0     4.5801     0.0241     0.5963     0.0000     4.6523     0.0000     0.1011     0.0000     0.5969    34.5557    34.5573    27.4406    27.4418     0.5389     16.390      5.191 0.0000e+00
   1445.972      34704   1184.594 -106.05134   20.20612   1174.000     4.0137     4.0140   3.271526   3.271674 7.1979e-02    12.3338     4.5802 6.4384e-02          0     4.5802     0.0240     0.5966     0.0000     4.6526     0.0000     0.1080     0.0000     0.5971    34.5558    34.5572    27.4409    27.4420     0.5356     16.290      5.159 0.0000e+00
   1446.957      34728   1185.606 -106.05134   20.20612   1175.000     4.0131     4.0134   3.271517   3.271657 7.2040e-02    12.3339     4.5800 6.5091e-02          0     4.5800     0.0240     0.5965     0.0000     4.6529     0.0000     0.1127     0.0000     0.5970    34.5558    34.5572    27.4409    27.4420     0.5386     16.382      5.188 0.0000e+00
   1448.004      34753   1186.618 -106.05134   20.20612   1176.000     4.0128     4.0131   3.271529   3.271686 7.2992e-02    12.3350     4.5788 6.5036e-02          0     4.5788     0.0243     0.5969     0.0000     4.6520     0.0000     0.1123     0.0000     0.5974    34.5558    34.5573    27.4409    27.4421     0.5420     16.486      5.221 0.0000e+00
   1449.113      34780   1187.630 -106.05134   20.20612   1177.000     4.0125     4.0129   3.271542   3.271708 7.2978e-02    12.3340     4.5799 6.4536e-02          0     4.5799     0.0243     0.5971     0.0000     4.6520     0.0000     0.1090     0.0000     0.5976    34.5557    34.5572    27.4409    27.4421     0.5399     16.421      5.201 0.0000e+00
   1450.257      34807   1188.642 -106.05134   20.20612   1178.000     4.0083     4.0086   3.271218   3.271369 7.2715e-02    12.3368     4.5766 6.4349e-02          0     4.5766     0.0242     0.5972     0.0000     4.6520     0.0000     0.1077     0.0000     0.5977    34.5557    34.5572    27.4414    27.4425     0.5410     16.456      5.211 0.0000e+00
   1451.405      34835   1189.654 -106.05134   20.20612   1179.000     4.0070     4.0072   3.271152   3.271292 7.3132e-02    12.3340     4.5799 6.4610e-02          0     4.5799     0.0244     0.5974     0.0000     4.6522     0.0000     0.1096     0.0000     0.5979    34.5559    34.5573    27.4416    27.4427     0.5423     16.494      5.223 0.0000e+00
   1452.491      34861   1190.666 -106.05134   20.20612   1180.000     4.0052     4.0052   3.271039   3.271176 7.2532e-02    12.3365     4.5770 6.3842e-02          0     4.5770     0.0242     0.5975     0.0000     4.6530     0.0000     0.1045     0.0000     0.5980    34.5559    34.5575    27.4418    27.4431     0.5458     16.600      5.256 0.0000e+00
   1453.506      34885   1191.677 -106.05134   20.20612   1181.000     4.0041     4.0046   3.270983   3.271166 7.2497e-02    12.3361     4.5774 6.1948e-02          0     4.5774     0.0242     0.5979     0.0000     4.6531     0.0000     0.0912     0.0000     0.5985    34.5559    34.5575    27.4420    27.4432     0.5506     16.748      5.303 0.0000e+00
   1454.471      34908   1192.689 -106.05134   20.20612   1182.000     4.0029     4.0031   3.270924   3.271069 7.1768e-02    12.3376     4.5757 6.0358e-02          0     4.5757     0.0239     0.5982     0.0000     4.6534     0.0000     0.0799     0.0000     0.5988    34.5559    34.5574    27.4421    27.4433     0.5487     16.689      5.284 0.0000e+00
   1455.384      34930   1193.701 -106.05134   20.20612   1183.000     4.0028     4.0031   3.270963   3.271122 7.1866e-02    12.3366     4.5769 6.1566e-02          0     4.5769     0.0239     0.5983     0.0000     4.6531     0.0000     0.0887     0.0000     0.5989    34.5560    34.5576    27.4422    27.4434     0.5467     16.630      5.266 0.0000e+00
   1456.219      34950   1194.713 -106.05134   20.20612   1184.000     4.0027     4.0031   3.270997   3.271167 7.2106e-02    12.3346     4.5793 5.9009e-02          0     4.5793     0.0240     0.5983     0.0000     4.6528     0.0000     0.0703     0.0000     0.5989    34.5560    34.5576    27.4422    27.4435     0.5451     16.579      5.249 0.0000e+00
   1456.990      34969   1195.725 -106.05134   20.20612   1185.000     4.0022     4.0024   3.271002   3.271149 7.2245e-02    12.3338     4.5801 5.9730e-02          0     4.5801     0.0241     0.5982     0.0000     4.6531     0.0000     0.0756     0.0000     0.5988    34.5561    34.5575    27.4423    27.4435     0.5458     16.602      5.257 0.0000e+00
