data/ctd-cnv/RR1804/RR1803-St33-P1/Station33_cast69.cnv
* Sea-Bird SBE 9 Data File:
* FileName = C:\CTD\RR1805\Station33_cast69.hex
* Software Version Seasave V 7.26.6.26
* Temperature SN = 4307
* Conductivity SN = 4650
* Number of Bytes Per Scan = 44
* Number of Voltage Words = 5
* Number of Scans Averaged by the Deck Unit = 1
* NMEA Latitude = 20 26.08 N
* NMEA Longitude = 106 10.38 W
* NMEA UTC (Time) = Apr 26 2018 12:04:27
** Ship: Revell
** Station: 33
** Operator: GR
** Station P1 Cast 69 Diel
# nquan = 32
# nvalues = 202                         
# units = specified
# name 0 = timeS: Time, Elapsed [seconds]
# name 1 = scan: Scan Count
# name 2 = prDM: Pressure, Digiquartz [db]
# name 3 = longitude: Longitude [deg]
# name 4 = latitude: Latitude [deg]
# name 5 = depSM: Depth [salt water, m]
# name 6 = t090C: Temperature [ITS-90, deg C]
# name 7 = t190C: Temperature, 2 [ITS-90, deg C]
# name 8 = c0S/m: Conductivity [S/m]
# name 9 = c1S/m: Conductivity, 2 [S/m]
# name 10 = flSP: Fluorescence, Seapoint
# name 11 = CStarAt0: Beam Attenuation, WET Labs C-Star [1/m]
# name 12 = CStarTr0: Beam Transmission, WET Labs C-Star [%]
# name 13 = par: PAR/Irradiance, Biospherical/Licor
# name 14 = modError: Modulo Error Count
# name 15 = v0: Voltage 0
# name 16 = v1: Voltage 1
# name 17 = v2: Voltage 2
# name 18 = v3: Voltage 3
# name 19 = v4: Voltage 4
# name 20 = v5: Voltage 5
# name 21 = v6: Voltage 6
# name 22 = v7: Voltage 7
# name 23 = sbeox0V: Oxygen raw, SBE 43 [V]
# name 24 = sal00: Salinity, Practical [PSU]
# name 25 = sal11: Salinity, Practical, 2 [PSU]
# name 26 = sigma-é00: Density [sigma-theta, kg/m^3]
# name 27 = sigma-é11: Density, 2 [sigma-theta, kg/m^3]
# name 28 = sbeox0Mg/L: Oxygen, SBE 43 [mg/l], WS = 2
# name 29 = sbox0Mm/Kg: Oxygen, SBE 43 [umol/kg], WS = 2
# name 30 = sbeox0PS: Oxygen, SBE 43 [% saturation], WS = 2
# name 31 = flag: flag
# span 0 =     -0.077,    649.498       
# span 1 =         -1,      15589       
# span 2 =      1.006,    203.347       
# span 3 = -106.17306, -106.17298       
# span 4 =   20.43462,   20.43468       
# span 5 =      1.000,    202.000       
# span 6 =    12.1308,    25.6034       
# span 7 =    12.1306,    25.6120       
# span 8 =   3.999638,   5.321509       
# span 9 =   3.999774,   5.321185       
# span 10 = 7.3457e-02, 1.4526e+00      
# span 11 =    10.7568,    18.3222      
# span 12 =     3.8234,     4.6460      
# span 13 = 5.0664e-02, 2.4664e-01      
# span 14 =          0,          0      
# span 15 =     3.8234,     4.6460      
# span 16 =     0.0245,     0.4842      
# span 17 =     0.5062,     2.9020      
# span 18 = -7.678e-07,     0.0000      
# span 19 =    -0.2416,     5.4778      
# span 20 =     0.0000,     0.0000      
# span 21 =     0.0048,     0.6344      
# span 22 =     0.0000,     0.0000      
# span 23 =     0.5059,     2.9020      
# span 24 =    34.4437,    34.8264      
# span 25 =    34.4507,    34.8275      
# span 26 =    22.7365,    26.4035      
# span 27 =    22.7511,    26.4047      
# span 28 =     0.0302,     6.8280      
# span 29 =      0.919,    208.569      
# span 30 =      0.350,    101.201      
# span 31 = 0.0000e+00, 0.0000e+00      
# interval = meters: 1                  
# start_time = Apr 26 2018 12:04:23 [System UTC, first data scan.]
# bad_flag = -9.990e-29
*END*
[from data line 46]
    260.899       6263     47.296 -106.17304   20.43466     47.000    15.8078    15.7992   4.342243   4.341438 7.8003e-01    12.4052     4.4991 5.0671e-02          0     4.4991     0.2600     0.5233     0.0000     4.6124     0.0000     0.0049     0.0000     0.5229    34.7198    34.7202    25.5775    25.5797     0.0651      1.983      0.812 0.0000e+00
    262.351       6297     48.302 -106.17304   20.43466     48.000    15.6641    15.6611   4.329173   4.328764 8.3564e-01    12.4058     4.4984 5.0671e-02          0     4.4984     0.2785     0.5191     0.0000     4.6146     0.0000     0.0049     0.0000     0.5188    34.7287    34.7277    25.6168    25.6167     0.0623      1.898      0.775 0.0000e+00
    266.034       6386     49.308 -106.17303   20.43466     49.000    15.6384    15.6397   4.327187   4.327018 9.7908e-01    12.4044     4.4999 5.0671e-02          0     4.4999     0.3264     0.5160     0.0000     4.6171     0.0000     0.0049     0.0000     0.5156    34.7332    34.7305    25.6261    25.6238     0.0588      1.790      0.730 0.0000e+00
    269.150       6461     50.315 -106.17302   20.43466     50.000    15.6155    15.6159   4.325119   4.324995 8.8456e-01    12.4086     4.4952 5.0671e-02          0     4.4952     0.2949     0.5149     0.0000     4.6194     0.0000     0.0049     0.0000     0.5145    34.7343    34.7329    25.6322    25.6310     0.0557      1.699      0.693 0.0000e+00
    270.278       6488     51.321 -106.17302   20.43466     51.000    15.5904    15.5904   4.322942   4.322798 9.6346e-01    12.4110     4.4926 5.0671e-02          0     4.4926     0.3211     0.5143     0.0000     4.6202     0.0000     0.0049     0.0000     0.5139    34.7366    34.7352    25.6395    25.6385     0.0536      1.632      0.665 0.0000e+00
    271.358       6514     52.328 -106.17302   20.43466     52.000    15.5562    15.5559   4.319999   4.319828 1.1250e+00    12.4119     4.4915 5.0671e-02          0     4.4915     0.3750     0.5140     0.0000     4.6207     0.0000     0.0049     0.0000     0.5137    34.7398    34.7386    25.6498    25.6489     0.0542      1.652      0.673 0.0000e+00
    272.570       6543     53.334 -106.17302   20.43466     53.000    15.5202    15.5178   4.316596   4.316225 1.0023e+00    12.4135     4.4897 5.0671e-02          0     4.4897     0.3341     0.5138     0.0000     4.6216     0.0000     0.0049     0.0000     0.5135    34.7406    34.7394    25.6585    25.6580     0.0531      1.616      0.658 0.0000e+00
    275.065       6603     54.340 -106.17302   20.43466     54.000    15.4785    15.4740   4.312930   4.312236 1.0526e+00    12.4127     4.4906 5.0671e-02          0     4.4906     0.3509     0.5132     0.0000     4.6228     0.0000     0.0049     0.0000     0.5129    34.7440    34.7417    25.6704    25.6697     0.0510      1.552      0.631 0.0000e+00
    278.388       6682     55.347 -106.17302   20.43466     55.000    15.3877    15.3856   4.303990   4.303816 1.0031e+00    12.4150     4.4881 5.0671e-02          0     4.4881     0.3344     0.5128     0.0000     4.6240     0.0000     0.0049     0.0000     0.5125    34.7433    34.7435    25.6902    25.6908     0.0507      1.543      0.627 0.0000e+00
    280.413       6731     56.353 -106.17302   20.43466     56.000    15.3205    15.3173   4.298124   4.297694 1.1511e+00    12.4183     4.4844 5.0671e-02          0     4.4844     0.3837     0.5128     0.0000     4.6255     0.0000     0.0049     0.0000     0.5125    34.7493    34.7483    25.7098    25.7097     0.0508      1.547      0.627 0.0000e+00
    282.020       6769     57.360 -106.17302   20.43466     57.000    15.2483    15.2461   4.291383   4.291118 1.3280e+00    12.4169     4.4860 5.0671e-02          0     4.4860     0.4427     0.5128     0.0000     4.6265     0.0000     0.0049     0.0000     0.5125    34.7519    34.7515    25.7278    25.7280     0.0504      1.537      0.622 0.0000e+00
    283.623       6808     58.366 -106.17302   20.43466     58.000    15.1316    15.1304   4.280726   4.280532 1.0633e+00    12.4101     4.4936 5.0671e-02          0     4.4936     0.3544     0.5125     0.0000     4.6275     0.0000     0.0049     0.0000     0.5122    34.7584    34.7577    25.7587    25.7584     0.0490      1.493      0.603 0.0000e+00
    285.841       6861     59.373 -106.17302   20.43466     59.000    15.0177    15.0197   4.269998   4.270053 1.0380e+00    12.4081     4.4958 5.0671e-02          0     4.4958     0.3460     0.5122     0.0000     4.6284     0.0000     0.0049     0.0000     0.5119    34.7618    34.7605    25.7863    25.7849     0.0476      1.450      0.585 0.0000e+00
    287.884       6910     60.379 -106.17302   20.43466     60.000    14.9585    14.9601   4.264866   4.264897 1.0535e+00    12.4086     4.4953 5.0671e-02          0     4.4953     0.3512     0.5119     0.0000     4.6296     0.0000     0.0049     0.0000     0.5116    34.7674    34.7662    25.8036    25.8024     0.0476      1.451      0.584 0.0000e+00
    289.706       6954     61.386 -106.17302   20.43466     61.000    14.8664    14.8655   4.256166   4.256008 1.1479e+00    12.4072     4.4968 5.0671e-02          0     4.4968     0.3826     0.5117     0.0000     4.6306     0.0000     0.0049     0.0000     0.5113    34.7697    34.7691    25.8256    25.8253     0.0461      1.404      0.564 0.0000e+00
    292.116       7012     62.392 -106.17302   20.43466     62.000    14.7830    14.7830   4.248181   4.248240 1.2840e+00    12.4068     4.4973 5.0734e-02          0     4.4973     0.4280     0.5116     0.0000     3.3725     0.0000     0.0054     0.0000     0.5112    34.7708    34.7713    25.8446    25.8450     0.0466      1.420      0.569 0.0000e+00
    294.467       7068     63.399 -106.17300   20.43466     63.000    14.6619    14.6612   4.236958   4.236798 1.3010e+00    12.4021     4.5026 5.0670e-02          0     4.5026     0.4337     0.5116     0.0000     4.6598     0.0000     0.0049     0.0000     0.5112    34.7758    34.7750    25.8747    25.8743     0.0468      1.426      0.571 0.0000e+00
    296.307       7112     64.405 -106.17300   20.43466     64.000    14.5276    14.5270   4.224553   4.224434 9.8660e-01    12.3980     4.5071 5.0671e-02          0     4.5071     0.3289     0.5115     0.0000     4.6337     0.0000     0.0049     0.0000     0.5111    34.7817    34.7812    25.9083    25.9080     0.0465      1.416      0.565 0.0000e+00
    297.835       7149     65.411 -106.17302   20.43466     65.000    14.4600    14.4604   4.218464   4.218385 8.9712e-01    12.3938     4.5119 5.0671e-02          0     4.5119     0.2990     0.5115     0.0000     4.6347     0.0000     0.0049     0.0000     0.5111    34.7859    34.7849    25.9261    25.9252     0.0459      1.400      0.558 0.0000e+00
    299.698       7194     66.418 -106.17302   20.43466     66.000    14.4286    14.4281   4.215574   4.215421 9.1377e-01    12.3928     4.5130 5.0671e-02          0     4.5130     0.3046     0.5110     0.0000     4.6359     0.0000     0.0049     0.0000     0.5107    34.7871    34.7861    25.9337    25.9331     0.0445      1.354      0.540 0.0000e+00
    302.240       7255     67.424 -106.17302   20.43466     67.000    14.3785    14.3800   4.210994   4.211010 7.2357e-01    12.3881     4.5183 5.0671e-02          0     4.5183     0.2412     0.5108     0.0000     4.6368     0.0000     0.0049     0.0000     0.5105    34.7895    34.7883    25.9463    25.9450     0.0436      1.329      0.529 0.0000e+00
    304.294       7304     68.431 -106.17300   20.43466     68.000    14.3396    14.3391   4.207497   4.207378 6.2941e-01    12.3855     4.5212 5.0671e-02          0     4.5212     0.2098     0.5106     0.0000     4.6379     0.0000     0.0049     0.0000     0.5103    34.7917    34.7911    25.9564    25.9560     0.0430      1.308      0.520 0.0000e+00
    306.454       7356     69.437 -106.17301   20.43466     69.000    14.3220    14.3225   4.206014   4.205970 5.7725e-01    12.3845     4.5224 5.0671e-02          0     4.5224     0.1924     0.5104     0.0000     4.6386     0.0000     0.0049     0.0000     0.5100    34.7935    34.7926    25.9615    25.9607     0.0426      1.298      0.516 0.0000e+00
    308.558       7406     70.444 -106.17302   20.43466     70.000    14.3201    14.3208   4.205917   4.205906 5.8457e-01    12.3840     4.5230 5.0671e-02          0     4.5230     0.1949     0.5105     0.0000     4.6390     0.0000     0.0049     0.0000     0.5101    34.7938    34.7932    25.9622    25.9615     0.0432      1.317      0.524 0.0000e+00
    310.176       7445     71.451 -106.17302   20.43466     71.000    14.2777    14.2763   4.201732   4.201612 6.0699e-01    12.3841     4.5228 5.0671e-02          0     4.5228     0.2023     0.5104     0.0000     4.6397     0.0000     0.0049     0.0000     0.5100    34.7929    34.7931    25.9706    25.9710     0.0426      1.297      0.515 0.0000e+00
    311.984       7489     72.457 -106.17302   20.43466     72.000    14.2115    14.2114   4.195645   4.195594 5.6363e-01    12.3822     4.5250 5.0724e-02          0     4.5250     0.1879     0.5104     0.0000     3.6885     0.0000     0.0053     0.0000     0.5100    34.7958    34.7954    25.9869    25.9866     0.0425      1.296      0.514 0.0000e+00
    314.628       7552     73.464 -106.17302   20.43466     73.000    14.1895    14.1914   4.193701   4.193801 5.3571e-01    12.3808     4.5266 5.0669e-02          0     4.5266     0.1786     0.5103     0.0000     4.6839     0.0000     0.0049     0.0000     0.5099    34.7972    34.7964    25.9926    25.9917     0.0427      1.300      0.515 0.0000e+00
    316.761       7603     74.470 -106.17302   20.43466     74.000    14.1632    14.1622   4.191248   4.191140 4.8318e-01    12.3809     4.5265 5.0671e-02          0     4.5265     0.1611     0.5102     0.0000     4.6410     0.0000     0.0049     0.0000     0.5098    34.7978    34.7977    25.9987    25.9988     0.0414      1.260      0.500 0.0000e+00
    318.546       7646     75.477 -106.17302   20.43466     75.000    14.1340    14.1333   4.188664   4.188580 4.4549e-01    12.3799     4.5276 5.0671e-02          0     4.5276     0.1485     0.5102     0.0000     4.6413     0.0000     0.0049     0.0000     0.5098    34.7997    34.7996    26.0064    26.0064     0.0424      1.290      0.511 0.0000e+00
    320.538       7694     76.483 -106.17302   20.43466     76.000    14.1068    14.1058   4.186118   4.186028 4.2501e-01    12.3802     4.5272 5.0671e-02          0     4.5272     0.1417     0.5102     0.0000     4.6422     0.0000     0.0049     0.0000     0.5098    34.8002    34.8003    26.0125    26.0128     0.0425      1.295      0.513 0.0000e+00
    322.633       7744     77.490 -106.17302   20.43466     77.000    14.0242    14.0243   4.178334   4.178420 3.5881e-01    12.3778     4.5300 5.0671e-02          0     4.5300     0.1196     0.5102     0.0000     4.6426     0.0000     0.0049     0.0000     0.5098    34.8021    34.8028    26.0314    26.0320     0.0418      1.274      0.503 0.0000e+00
    324.632       7792     78.496 -106.17302   20.43466     78.000    13.9849    13.9853   4.174788   4.174834 2.9862e-01    12.3821     4.5252 5.0671e-02          0     4.5252     0.0995     0.5099     0.0000     4.6435     0.0000     0.0049     0.0000     0.5095    34.8042    34.8043    26.0414    26.0413     0.0405      1.233      0.487 0.0000e+00
    326.413       7835     79.503 -106.17302   20.43466     79.000    13.9644    13.9647   4.172883   4.172936 2.7862e-01    12.3757     4.5323 5.0671e-02          0     4.5323     0.0929     0.5098     0.0000     4.6445     0.0000     0.0049     0.0000     0.5094    34.8046    34.8048    26.0460    26.0461     0.0407      1.241      0.490 0.0000e+00
    329.033       7898     80.509 -106.17302   20.43466     80.000    13.9458    13.9482   4.171164   4.171468 2.6778e-01    12.3754     4.5327 5.0671e-02          0     4.5327     0.0893     0.5096     0.0000     4.6448     0.0000     0.0049     0.0000     0.5092    34.8050    34.8056    26.0502    26.0502     0.0399      1.215      0.480 0.0000e+00
    331.776       7964     81.516 -106.17302   20.43466     81.000    13.9088    13.9095   4.167686   4.167790 2.4907e-01    12.3759     4.5321 5.0671e-02          0     4.5321     0.0830     0.5096     0.0000     4.6454     0.0000     0.0049     0.0000     0.5092    34.8056    34.8060    26.0585    26.0586     0.0401      1.222      0.482 0.0000e+00
    333.052       7994     82.523 -106.17303   20.43466     82.000    13.8778    13.8774   4.164773   4.164773 2.3063e-01    12.3741     4.5342 5.0671e-02          0     4.5342     0.0769     0.5094     0.0000     4.6462     0.0000     0.0049     0.0000     0.5090    34.8061    34.8065    26.0653    26.0657     0.0394      1.199      0.472 0.0000e+00
    334.394       8026     83.529 -106.17304   20.43466     83.000    13.8524    13.8528   4.162517   4.162553 2.2387e-01    12.3747     4.5336 5.0667e-02          0     4.5336     0.0746     0.5094     0.0000     4.6470     0.0000     0.0049     0.0000     0.5090    34.8077    34.8077    26.0719    26.0718     0.0388      1.180      0.465 0.0000e+00
    336.726       8082     84.536 -106.17304   20.43464     84.000    13.8458    13.8465   4.161927   4.162053 2.3013e-01    12.3737     4.5346 5.0671e-02          0     4.5346     0.0767     0.5093     0.0000     4.6471     0.0000     0.0049     0.0000     0.5089    34.8077    34.8083    26.0733    26.0736     0.0392      1.193      0.470 0.0000e+00
    339.987       8161     85.542 -106.17304   20.43464     85.000    13.8261    13.8270   4.160127   4.160268 2.2160e-01    12.3747     4.5335 5.0671e-02          0     4.5335     0.0739     0.5092     0.0000     4.6474     0.0000     0.0049     0.0000     0.5088    34.8084    34.8089    26.0779    26.0781     0.0389      1.183      0.466 0.0000e+00
    341.816       8205     86.549 -106.17304   20.43464     86.000    13.8100    13.8105   4.158675   4.158754 2.1423e-01    12.3734     4.5350 5.0671e-02          0     4.5350     0.0714     0.5093     0.0000     4.6474     0.0000     0.0049     0.0000     0.5089    34.8090    34.8093    26.0818    26.0819     0.0392      1.195      0.470 0.0000e+00
    343.995       8257     87.556 -106.17306   20.43464     87.000    13.7907    13.7915   4.156818   4.156963 2.0868e-01    12.3728     4.5356 5.0671e-02          0     4.5356     0.0696     0.5092     0.0000     4.6482     0.0000     0.0049     0.0000     0.5088    34.8087    34.8094    26.0856    26.0860     0.0389      1.184      0.466 0.0000e+00
    345.838       8301     88.562 -106.17306   20.43464     88.000    13.7521    13.7521   4.153106   4.153198 2.0680e-01    12.3727     4.5358 5.0671e-02          0     4.5358     0.0689     0.5093     0.0000     4.6484     0.0000     0.0049     0.0000     0.5089    34.8086    34.8094    26.0936    26.0942     0.0389      1.186      0.466 0.0000e+00
    347.295       8336     89.569 -106.17306   20.43464     89.000    13.7230    13.7234   4.150389   4.150477 2.1530e-01    12.3722     4.5364 5.0671e-02          0     4.5364     0.0717     0.5092     0.0000     4.6484     0.0000     0.0049     0.0000     0.5088    34.8092    34.8097    26.1001    26.1004     0.0389      1.184      0.465 0.0000e+00
    349.515       8389     90.575 -106.17306   20.43464     90.000    13.7147    13.7160   4.149667   4.149844 2.1605e-01    12.3740     4.5342 5.0671e-02          0     4.5342     0.0720     0.5091     0.0000     4.6491     0.0000     0.0049     0.0000     0.5087    34.8095    34.8100    26.1021    26.1022     0.0384      1.168      0.459 0.0000e+00
