data/ctd-cnv/RR1804/RR1803-St33-P1/Station33_cast65.cnv
* Sea-Bird SBE 9 Data File:
* FileName = C:\CTD\RR1805\Station33_cast65.hex
* Software Version Seasave V 7.26.6.26
* Temperature SN = 4307
* Conductivity SN = 4650
* Number of Bytes Per Scan = 44
* Number of Voltage Words = 5
* Number of Scans Averaged by the Deck Unit = 1
* NMEA Latitude = 20 18.47 N
* NMEA Longitude = 106 08.12 W
* NMEA UTC (Time) = Apr 24 2018 21:04:47
** Ship: Revell
** Station: On Deck
** Operator: NAK
** cast65
# nquan = 32
# nvalues = 302                         
# units = specified
# name 0 = timeS: Time, Elapsed [seconds]
# name 1 = scan: Scan Count
# name 2 = prDM: Pressure, Digiquartz [db]
# name 3 = longitude: Longitude [deg]
# name 4 = latitude: Latitude [deg]
# name 5 = depSMignore: Depth [salt water, m]
# name 6 = t090C: Temperature [ITS-90, deg C]
# name 7 = t190C: Temperature, 2 [ITS-90, deg C]
# name 8 = c0S/m: Conductivity [S/m]
# name 9 = c1S/m: Conductivity, 2 [S/m]
# name 10 = flSP: Fluorescence, Seapoint
# name 11 = CStarAt0: Beam Attenuation, WET Labs C-Star [1/m]
# name 12 = CStarTr0: Beam Transmission, WET Labs C-Star [%]
# name 13 = par: PAR/Irradiance, Biospherical/Licor
# name 14 = modError: Modulo Error Count
# name 15 = v0: Voltage 0
# name 16 = v1: Voltage 1
# name 17 = v2: Voltage 2
# name 18 = v3: Voltage 3
# name 19 = v4: Voltage 4
# name 20 = v5: Voltage 5
# name 21 = v6: Voltage 6
# name 22 = v7: Voltage 7
# name 23 = sbeox0V: Oxygen raw, SBE 43 [V]
# name 24 = sal00: Salinity, Practical [PSU]
# name 25 = sal11: Salinity, Practical, 2 [PSU]
# name 26 = sigma-é00: Density [sigma-theta, kg/m^3]
# name 27 = sigma-é11: Density, 2 [sigma-theta, kg/m^3]
# name 28 = sbeox0Mg/L: Oxygen, SBE 43 [mg/l], WS = 2
# name 29 = sbox0Mm/Kg: Oxygen, SBE 43 [umol/kg], WS = 2
# name 30 = sbeox0PS: Oxygen, SBE 43 [% saturation], WS = 2
# name 31 = flag: flag
# span 0 =     63.042,    691.028       
# span 1 =       1514,      16586       
# span 2 =      1.006,    304.086       
# span 3 = -106.13534, -106.13532       
# span 4 =   20.30794,   20.30799       
# span 5 =      1.000,    302.000       
# span 6 =    10.9665,    25.8844       
# span 7 =    10.9661,    25.8684       
# span 8 =   3.886548,   5.361043       
# span 9 =   3.886892,   5.724989       
# span 10 = 7.2764e-02, 2.7295e+00      
# span 11 =    12.3486,    12.7482      
# span 12 =     4.2536,     4.5633      
# span 13 = 5.0634e-02, 1.9768e+03      
# span 14 =          0,          0      
# span 15 =     4.2536,     4.5633      
# span 16 =     0.0242,     0.9098      
# span 17 =     0.5078,     2.9166      
# span 18 =     0.0000,     0.0000      
# span 19 =     1.5454,     5.6518      
# span 20 =     0.0000,     0.0000      
# span 21 =     0.0046,     4.5957      
# span 22 =     0.0000,     0.0000      
# span 23 =     0.5075,     2.9166      
# span 24 =    34.4564,    34.8191      
# span 25 =    34.4549,    37.5130      
# span 26 =    22.8551,    26.5712      
# span 27 =    22.8346,    26.5742      
# span 28 =     0.0358,     7.6753      
# span 29 =      1.088,    234.491      
# span 30 =      0.415,    114.771      
# span 31 = 0.0000e+00, 0.0000e+00      
# interval = meters: 1                  
# start_time = Apr 24 2018 21:04:49 [System UTC, first data scan.]
# bad_flag = -9.990e-29
*END*
[from data line 91]
    415.985       9985     92.588 -106.13534   20.30794     92.000    13.7889    13.7895   4.157061   4.157234 1.9156e-01    12.3726     4.5359 8.7245e-02          0     4.5359     0.0639     0.5104     0.0000     4.6172     0.0000     0.2390     0.0000     0.5100    34.8105    34.8116    26.0876    26.0883     0.0434      1.322      0.520 0.0000e+00
    419.368      10066     93.594 -106.13534   20.30794     93.000    13.7631    13.7655   4.154698   4.154996 1.9149e-01    12.3710     4.5377 8.4348e-02          0     4.5377     0.0638     0.5104     0.0000     4.6178     0.0000     0.2246     0.0000     0.5100    34.8115    34.8121    26.0937    26.0936     0.0432      1.317      0.518 0.0000e+00
    421.075      10107     94.601 -106.13534   20.30794     94.000    13.7436    13.7439   4.152837   4.152972 1.5751e-01    12.3707     4.5380 8.1459e-02          0     4.5380     0.0525     0.5104     0.0000     4.6183     0.0000     0.2096     0.0000     0.5100    34.8113    34.8123    26.0977    26.0983     0.0434      1.322      0.520 0.0000e+00
    422.299      10136     95.608 -106.13534   20.30794     95.000    13.7140    13.7138   4.150077   4.150135 1.5325e-01    12.3708     4.5379 7.9063e-02          0     4.5379     0.0511     0.5104     0.0000     4.6186     0.0000     0.1966     0.0000     0.5100    34.8119    34.8127    26.1043    26.1049     0.0428      1.304      0.512 0.0000e+00
    423.781      10172     96.614 -106.13534   20.30794     96.000    13.6740    13.6734   4.146320   4.146379 1.6208e-01    12.3708     4.5379 7.5318e-02          0     4.5379     0.0540     0.5103     0.0000     4.4891     0.0000     0.1757     0.0000     0.5099    34.8126    34.8137    26.1131    26.1141     0.0433      1.319      0.518 0.0000e+00
    426.258      10231     97.621 -106.13534   20.30794     97.000    13.6355    13.6357   4.142684   4.142853 1.7626e-01    12.3705     4.5382 7.1571e-02          0     4.5382     0.0587     0.5103     0.0000     4.6190     0.0000     0.1536     0.0000     0.5099    34.8131    34.8145    26.1215    26.1225     0.0424      1.292      0.507 0.0000e+00
    429.269      10303     98.628 -106.13534   20.30794     98.000    13.6129    13.6137   4.140597   4.140815 1.6711e-01    12.3713     4.5374 6.5958e-02          0     4.5374     0.0557     0.5100     0.0000     4.6196     0.0000     0.1179     0.0000     0.5096    34.8137    34.8150    26.1267    26.1275     0.0419      1.277      0.501 0.0000e+00
    432.078      10371     99.634 -106.13534   20.30794     99.000    13.6066    13.6077   4.140087   4.140305 1.5542e-01    12.3720     4.5366 6.2595e-02          0     4.5366     0.0518     0.5099     0.0000     4.6202     0.0000     0.0958     0.0000     0.5095    34.8142    34.8153    26.1283    26.1290     0.0417      1.271      0.498 0.0000e+00
    435.250      10447    100.641 -106.13534   20.30794    100.000    13.5956    13.5969   4.139101   4.139361 1.5739e-01    12.3708     4.5380 6.0127e-02          0     4.5380     0.0525     0.5099     0.0000     4.1305     0.0000     0.0784     0.0000     0.5095    34.8145    34.8158    26.1309    26.1316     0.0416      1.267      0.497 0.0000e+00
    439.428      10547    101.648 -106.13532   20.30794    101.000    13.5744    13.5755   4.137104   4.137339 1.4819e-01    12.3694     4.5396 5.8832e-02          0     4.5396     0.0494     0.5096     0.0000     4.6383     0.0000     0.0689     0.0000     0.5092    34.8147    34.8159    26.1354    26.1361     0.0399      1.216      0.476 0.0000e+00
    449.076      10779    102.654 -106.13533   20.30794    102.000    13.5389    13.5437   4.133790   4.134392 1.3100e-01    12.3689     4.5402 5.7569e-02          0     4.5402     0.0437     0.5093     0.0000     4.6221     0.0000     0.0596     0.0000     0.5089    34.8154    34.8167    26.1433    26.1433     0.0396      1.206      0.472 0.0000e+00
    458.020      10993    103.661 -106.13532   20.30794    103.000    13.5176    13.5194   4.131806   4.132138 1.2486e-01    12.3688     4.5403 5.4990e-02          0     4.5403     0.0416     0.5092     0.0000     4.6232     0.0000     0.0398     0.0000     0.5088    34.8158    34.8172    26.1480    26.1487     0.0393      1.196      0.468 0.0000e+00
    460.159      11045    104.668 -106.13532   20.30794    104.000    13.5116    13.5127   4.131283   4.131543 1.2820e-01    12.3689     4.5402 5.2027e-02          0     4.5402     0.0427     0.5093     0.0000     4.6239     0.0000     0.0160     0.0000     0.5089    34.8158    34.8173    26.1493    26.1502     0.0395      1.204      0.471 0.0000e+00
    462.556      11102    105.674 -106.13532   20.30794    105.000    13.5042    13.5050   4.130625   4.130855 1.2368e-01    12.3687     4.5403 5.0634e-02          0     4.5403     0.0412     0.5092     0.0000     4.6241     0.0000     0.0046     0.0000     0.5088    34.8160    34.8174    26.1510    26.1519     0.0394      1.198      0.469 0.0000e+00
    464.050      11138    106.681 -106.13532   20.30794    106.000    13.4901    13.4910   4.129330   4.129567 1.1816e-01    12.3683     4.5408 5.1003e-02          0     4.5408     0.0394     0.5092     0.0000     4.6236     0.0000     0.0077     0.0000     0.5088    34.8162    34.8176    26.1540    26.1550     0.0393      1.196      0.468 0.0000e+00
    465.039      11162    107.688 -106.13532   20.30794    107.000    13.4792    13.4799   4.128293   4.128515 1.1705e-01    12.3703     4.5385 5.0672e-02          0     4.5385     0.0390     0.5093     0.0000     4.6218     0.0000     0.0049     0.0000     0.5089    34.8160    34.8175    26.1562    26.1572     0.0395      1.204      0.471 0.0000e+00
    465.849      11181    108.694 -106.13532   20.30794    108.000    13.4553    13.4557   4.126019   4.126173 1.1621e-01    12.3717     4.5369 5.0695e-02          0     4.5369     0.0388     0.5093     0.0000     4.6214     0.0000     0.0051     0.0000     0.5089    34.8159    34.8170    26.1610    26.1618     0.0394      1.199      0.469 0.0000e+00
    466.576      11199    109.701 -106.13532   20.30794    109.000    13.4258    13.4262   4.123181   4.123289 1.1358e-01    12.3712     4.5374 5.0671e-02          0     4.5374     0.0379     0.5092     0.0000     4.6215     0.0000     0.0049     0.0000     0.5088    34.8156    34.8164    26.1669    26.1673     0.0394      1.200      0.469 0.0000e+00
    467.277      11216    110.708 -106.13532   20.30794    110.000    13.3820    13.3826   4.119125   4.119321 1.0975e-01    12.3711     4.5375 5.0671e-02          0     4.5375     0.0366     0.5093     0.0000     4.6214     0.0000     0.0049     0.0000     0.5089    34.8170    34.8183    26.1769    26.1778     0.0397      1.209      0.472 0.0000e+00
    467.985      11233    111.714 -106.13532   20.30794    111.000    13.3721    13.3725   4.118191   4.118388 1.2001e-01    12.3711     4.5375 5.0671e-02          0     4.5375     0.0400     0.5092     0.0000     4.6214     0.0000     0.0049     0.0000     0.5088    34.8167    34.8183    26.1787    26.1799     0.0389      1.185      0.462 0.0000e+00
    468.743      11251    112.721 -106.13532   20.30794    112.000    13.3638    13.3645   4.117441   4.117658 1.0956e-01    12.3708     4.5380 5.0671e-02          0     4.5380     0.0365     0.5092     0.0000     4.6225     0.0000     0.0049     0.0000     0.5088    34.8169    34.8183    26.1806    26.1815     0.0391      1.192      0.465 0.0000e+00
    469.611      11272    113.728 -106.13532   20.30794    113.000    13.3567    13.3574   4.116800   4.117042 1.0954e-01    12.3706     4.5381 5.0671e-02          0     4.5381     0.0365     0.5091     0.0000     4.6227     0.0000     0.0049     0.0000     0.5087    34.8168    34.8185    26.1820    26.1832     0.0394      1.198      0.467 0.0000e+00
    470.657      11297    114.735 -106.13532   20.30794    114.000    13.3481    13.3488   4.116030   4.116249 1.1016e-01    12.3712     4.5375 5.0671e-02          0     4.5375     0.0367     0.5092     0.0000     4.6229     0.0000     0.0049     0.0000     0.5088    34.8170    34.8185    26.1839    26.1849     0.0397      1.208      0.471 0.0000e+00
    471.959      11328    115.741 -106.13532   20.30794    115.000    13.3456    13.3463   4.115843   4.116082 1.0967e-01    12.3712     4.5374 5.0671e-02          0     4.5374     0.0365     0.5092     0.0000     4.6232     0.0000     0.0049     0.0000     0.5088    34.8171    34.8187    26.1846    26.1856     0.0390      1.186      0.463 0.0000e+00
    473.365      11362    116.748 -106.13532   20.30794    116.000    13.3410    13.3412   4.115454   4.115649 1.0912e-01    12.3714     4.5373 5.0671e-02          0     4.5373     0.0363     0.5092     0.0000     4.6237     0.0000     0.0049     0.0000     0.5088    34.8172    34.8189    26.1856    26.1869     0.0395      1.204      0.469 0.0000e+00
    474.651      11393    117.755 -106.13533   20.30794    117.000    13.3268    13.3272   4.114170   4.114370 1.0819e-01    12.3711     4.5376 5.0671e-02          0     4.5376     0.0360     0.5092     0.0000     4.6238     0.0000     0.0049     0.0000     0.5088    34.8176    34.8192    26.1888    26.1900     0.0394      1.202      0.468 0.0000e+00
    475.770      11419    118.762 -106.13534   20.30794    118.000    13.3050    13.3052   4.112131   4.112298 1.0649e-01    12.3710     4.5377 5.0671e-02          0     4.5377     0.0355     0.5092     0.0000     4.6239     0.0000     0.0049     0.0000     0.5088    34.8179    34.8193    26.1935    26.1945     0.0394      1.201      0.468 0.0000e+00
    476.752      11443    119.768 -106.13534   20.30794    119.000    13.2727    13.2730   4.109080   4.109275 1.0479e-01    12.3697     4.5392 5.0671e-02          0     4.5392     0.0349     0.5092     0.0000     4.6236     0.0000     0.0049     0.0000     0.5088    34.8182    34.8197    26.2003    26.2014     0.0397      1.208      0.470 0.0000e+00
    477.614      11464    120.775 -106.13534   20.30794    120.000    13.2532    13.2539   4.107276   4.107498 1.0193e-01    12.3710     4.5377 5.0671e-02          0     4.5377     0.0340     0.5093     0.0000     4.6230     0.0000     0.0049     0.0000     0.5089    34.8185    34.8200    26.2045    26.2056     0.0400      1.217      0.474 0.0000e+00
    478.426      11483    121.782 -106.13534   20.30794    121.000    13.2398    13.2408   4.105991   4.106251 9.9946e-02    12.3709     4.5378 5.0671e-02          0     4.5378     0.0333     0.5093     0.0000     4.6232     0.0000     0.0049     0.0000     0.5089    34.8182    34.8197    26.2070    26.2080     0.0396      1.206      0.469 0.0000e+00
    479.226      11502    122.789 -106.13534   20.30794    122.000    13.2307    13.2313   4.105246   4.105470 9.8287e-02    12.3695     4.5395 5.0671e-02          0     4.5395     0.0328     0.5092     0.0000     4.6239     0.0000     0.0049     0.0000     0.5088    34.8191    34.8206    26.2096    26.2107     0.0393      1.196      0.465 0.0000e+00
    480.048      11522    123.795 -106.13534   20.30794    123.000    13.1992    13.1994   4.102162   4.102280 9.6094e-02    12.3689     4.5401 5.0671e-02          0     4.5401     0.0320     0.5092     0.0000     4.6240     0.0000     0.0049     0.0000     0.5088    34.8182    34.8191    26.2153    26.2160     0.0397      1.209      0.470 0.0000e+00
    480.969      11544    124.802 -106.13534   20.30794    124.000    13.1747    13.1753   4.099843   4.100052 9.3888e-02    12.3695     4.5395 5.0665e-02          0     4.5395     0.0313     0.5092     0.0000     4.6241     0.0000     0.0049     0.0000     0.5088    34.8182    34.8196    26.2203    26.2213     0.0396      1.206      0.469 0.0000e+00
    482.116      11572    125.809 -106.13534   20.30794    125.000    13.1539    13.1537   4.097855   4.098011 9.2749e-02    12.3692     4.5398 5.0671e-02          0     4.5398     0.0309     0.5092     0.0000     4.6243     0.0000     0.0049     0.0000     0.5088    34.8180    34.8196    26.2244    26.2257     0.0395      1.203      0.467 0.0000e+00
    483.595      11607    126.816 -106.13534   20.30794    126.000    13.1222    13.1226   4.094861   4.095084 9.2444e-02    12.3685     4.5405 5.0671e-02          0     4.5405     0.0308     0.5092     0.0000     4.6248     0.0000     0.0049     0.0000     0.5088    34.8182    34.8200    26.2310    26.2323     0.0397      1.207      0.469 0.0000e+00
    485.078      11643    127.822 -106.13534   20.30794    127.000    13.0953    13.0949   4.092230   4.092353 9.1674e-02    12.3686     4.5405 5.0671e-02          0     4.5405     0.0305     0.5092     0.0000     4.6252     0.0000     0.0049     0.0000     0.5088    34.8175    34.8191    26.2358    26.2372     0.0395      1.203      0.467 0.0000e+00
    486.213      11670    128.829 -106.13534   20.30794    128.000    13.0416    13.0415   4.086991   4.087093 9.0011e-02    12.3700     4.5388 5.0671e-02          0     4.5388     0.0300     0.5091     0.0000     4.6253     0.0000     0.0049     0.0000     0.5087    34.8165    34.8176    26.2459    26.2468     0.0397      1.208      0.468 0.0000e+00
    487.111      11692    129.836 -106.13534   20.30794    129.000    13.0173    13.0182   4.084717   4.084987 8.9833e-02    12.3691     4.5399 5.0671e-02          0     4.5399     0.0299     0.5092     0.0000     4.6244     0.0000     0.0049     0.0000     0.5088    34.8168    34.8185    26.2510    26.2522     0.0399      1.213      0.470 0.0000e+00
    487.892      11710    130.843 -106.13534   20.30794    130.000    13.0089    13.0098   4.083929   4.084185 8.9053e-02    12.3703     4.5385 5.0671e-02          0     4.5385     0.0297     0.5092     0.0000     4.6240     0.0000     0.0049     0.0000     0.5088    34.8166    34.8182    26.2526    26.2537     0.0395      1.203      0.466 0.0000e+00
    488.613      11728    131.850 -106.13534   20.30794    131.000    12.9952    12.9955   4.082620   4.082835 9.0677e-02    12.3699     4.5390 5.0671e-02          0     4.5390     0.0302     0.5091     0.0000     4.6242     0.0000     0.0049     0.0000     0.5087    34.8163    34.8180    26.2551    26.2564     0.0396      1.205      0.467 0.0000e+00
    489.314      11745    132.856 -106.13534   20.30794    132.000    12.9851    12.9856   4.081686   4.081921 8.8269e-02    12.3690     4.5400 5.0671e-02          0     4.5400     0.0294     0.5092     0.0000     4.6240     0.0000     0.0049     0.0000     0.5088    34.8162    34.8180    26.2571    26.2584     0.0398      1.211      0.469 0.0000e+00
    490.038      11762    133.863 -106.13534   20.30794    133.000    12.9667    12.9670   4.079939   4.080136 8.7914e-02    12.3684     4.5406 5.0671e-02          0     4.5406     0.0293     0.5091     0.0000     4.6254     0.0000     0.0049     0.0000     0.5087    34.8161    34.8177    26.2607    26.2619     0.0394      1.199      0.464 0.0000e+00
    490.832      11781    134.870 -106.13534   20.30794    134.000    12.9514    12.9519   4.078513   4.078721 8.8625e-02    12.3681     4.5410 5.0671e-02          0     4.5410     0.0295     0.5091     0.0000     4.6263     0.0000     0.0049     0.0000     0.5087    34.8161    34.8176    26.2639    26.2649     0.0396      1.205      0.466 0.0000e+00
    491.771      11803    135.877 -106.13534   20.30794    135.000    12.9245    12.9244   4.075916   4.076042 8.6327e-02    12.3673     4.5418 5.0671e-02          0     4.5418     0.0288     0.5091     0.0000     4.6264     0.0000     0.0049     0.0000     0.5088    34.8157    34.8170    26.2689    26.2699     0.0397      1.209      0.467 0.0000e+00
