data/ctd-cnv/RR1804/RR1803-St33-P1/Station33_cast62.cnv
* Sea-Bird SBE 9 Data File:
* FileName = C:\CTD\RR1805\Station33_cast62.hex
* Software Version Seasave V 7.26.6.26
* Temperature SN = 4307
* Conductivity SN = 4650
* Number of Bytes Per Scan = 44
* Number of Voltage Words = 5
* Number of Scans Averaged by the Deck Unit = 1
* NMEA Latitude = 20 12.36 N
* NMEA Longitude = 106 03.08 W
* NMEA UTC (Time) = Apr 22 2018 22:00:31
** Ship: Revell
** Station: On Deck
** Operator: GR
** Station 33 P1 cast 62
# nquan = 32
# nvalues = 1495                        
# units = specified
# name 0 = timeS: Time, Elapsed [seconds]
# name 1 = scan: Scan Count
# name 2 = prDM: Pressure, Digiquartz [db]
# name 3 = longitude: Longitude [deg]
# name 4 = latitude: Latitude [deg]
# name 5 = depSM: Depth [salt water, m]
# name 6 = t090C: Temperature [ITS-90, deg C]
# name 7 = t190C: Temperature, 2 [ITS-90, deg C]
# name 8 = c0S/m: Conductivity [S/m]
# name 9 = c1S/m: Conductivity, 2 [S/m]
# name 10 = flSP: Fluorescence, Seapoint
# name 11 = CStarAt0: Beam Attenuation, WET Labs C-Star [1/m]
# name 12 = CStarTr0: Beam Transmission, WET Labs C-Star [%]
# name 13 = par: PAR/Irradiance, Biospherical/Licor
# name 14 = modError: Modulo Error Count
# name 15 = v0: Voltage 0
# name 16 = v1: Voltage 1
# name 17 = v2: Voltage 2
# name 18 = v3: Voltage 3
# name 19 = v4: Voltage 4
# name 20 = v5: Voltage 5
# name 21 = v6: Voltage 6
# name 22 = v7: Voltage 7
# name 23 = sbeox0V: Oxygen raw, SBE 43 [V]
# name 24 = sal00: Salinity, Practical [PSU]
# name 25 = sal11: Salinity, Practical, 2 [PSU]
# name 26 = sigma-é00: Density [sigma-theta, kg/m^3]
# name 27 = sigma-é11: Density, 2 [sigma-theta, kg/m^3]
# name 28 = sbeox0Mg/L: Oxygen, SBE 43 [mg/l], WS = 2
# name 29 = sbox0Mm/Kg: Oxygen, SBE 43 [umol/kg], WS = 2
# name 30 = sbeox0PS: Oxygen, SBE 43 [% saturation], WS = 2
# name 31 = flag: flag
# span 0 =      0.501,   1831.846       
# span 1 =         13,      43965       
# span 2 =      8.049,   1516.748       
# span 3 = -106.05138, -106.05132       
# span 4 =   20.20608,   20.20614       
# span 5 =      8.000,   1502.000       
# span 6 =     3.0539,    23.5226       
# span 7 =     3.0540,    23.5196       
# span 8 =   3.204240,   5.095645       
# span 9 =   3.204339,   5.095351       
# span 10 = 6.7958e-02, 3.0497e+00      
# span 11 =    12.3330,    12.7209      
# span 12 =     4.1577,     4.5809      
# span 13 = 5.0654e-02, 6.9803e+01      
# span 14 =          0,          0      
# span 15 =     4.1577,     4.5809      
# span 16 =     0.0226,     1.0166      
# span 17 =     0.5055,     2.6450      
# span 18 =     0.0000,     0.0000      
# span 19 =     2.0926,     4.7132      
# span 20 =     0.0000,     0.0000      
# span 21 =     0.0048,     3.1412      
# span 22 =     0.0000,     0.0000      
# span 23 =     0.5052,     2.6450      
# span 24 =    34.4604,    34.8194      
# span 25 =    34.4580,    34.8206      
# span 26 =    23.4468,    27.5691      
# span 27 =    23.4477,    27.5700      
# span 28 =     0.0292,     6.5274      
# span 29 =      0.888,    199.310      
# span 30 =      0.307,     93.744      
# span 31 = 0.0000e+00, 0.0000e+00      
# interval = meters: 1                  
# start_time = Apr 22 2018 22:00:32 [System UTC, first data scan.]
# bad_flag = -9.990e-29
*END*
[from data line 46]
    244.602       5871     54.340 -106.05134   20.20612     54.000    15.3887    15.3900   4.298750   4.298734 5.9719e-01    12.3820     4.5252 4.0572e-01          0     4.5252     0.1991     0.5277     0.0000     4.5849     0.0000     0.9052     0.0000     0.5273    34.6955    34.6942    25.6531    25.6518     0.0935      2.850      1.157 0.0000e+00
    246.367       5914     55.346 -106.05134   20.20612     55.000    15.3826    15.3831   4.299317   4.299368 6.4779e-01    12.3937     4.5120 3.6837e-01          0     4.5120     0.2159     0.5241     0.0000     4.5861     0.0000     0.8633     0.0000     0.5237    34.7056    34.7056    25.6623    25.6622     0.0784      2.388      0.969 0.0000e+00
    248.026       5954     56.352 -106.05134   20.20612     56.000    15.3834    15.3841   4.301183   4.301257 7.8718e-01    12.4074     4.4966 3.3802e-01          0     4.4966     0.2624     0.5204     0.0000     4.5872     0.0000     0.8259     0.0000     0.5201    34.7213    34.7214    25.6742    25.6742     0.0672      2.049      0.831 0.0000e+00
    250.796       6020     57.359 -106.05134   20.20612     57.000    15.3790    15.3803   4.302391   4.302443 1.0024e+00    12.4106     4.4930 3.1766e-01          0     4.4930     0.3341     0.5167     0.0000     4.5889     0.0000     0.7992     0.0000     0.5163    34.7357    34.7350    25.6863    25.6855     0.0586      1.786      0.725 0.0000e+00
    253.156       6077     58.365 -106.05134   20.20612     58.000    15.3435    15.3422   4.300333   4.300183 8.5621e-01    12.4069     4.4972 3.0144e-01          0     4.4972     0.2854     0.5146     0.0000     4.5889     0.0000     0.7764     0.0000     0.5142    34.7481    34.7479    25.7038    25.7040     0.0532      1.620      0.657 0.0000e+00
    254.883       6118     59.372 -106.05134   20.20612     59.000    15.2864    15.2848   4.295513   4.295312 9.3778e-01    12.4005     4.5044 2.7446e-01          0     4.5044     0.3126     0.5138     0.0000     4.5896     0.0000     0.7356     0.0000     0.5134    34.7548    34.7543    25.7217    25.7217     0.0523      1.593      0.645 0.0000e+00
    256.897       6167     60.378 -106.05134   20.20612     60.000    15.2196    15.2168   4.289366   4.289070 1.0550e+00    12.3995     4.5055 2.5109e-01          0     4.5055     0.3517     0.5131     0.0000     4.5902     0.0000     0.6971     0.0000     0.5128    34.7579    34.7577    25.7390    25.7393     0.0503      1.534      0.621 0.0000e+00
    259.092       6219     61.385 -106.05134   20.20612     61.000    15.1686    15.1679   4.284600   4.284457 9.4645e-01    12.4037     4.5008 2.3104e-01          0     4.5008     0.3155     0.5129     0.0000     4.5909     0.0000     0.6610     0.0000     0.5125    34.7595    34.7589    25.7514    25.7511     0.0505      1.539      0.622 0.0000e+00
    261.522       6278     62.391 -106.05134   20.20612     62.000    15.0919    15.0913   4.277523   4.277413 9.0699e-01    12.3980     4.5072 2.1413e-01          0     4.5072     0.3023     0.5128     0.0000     4.5921     0.0000     0.6282     0.0000     0.5124    34.7630    34.7625    25.7711    25.7709     0.0504      1.535      0.620 0.0000e+00
    263.851       6333     63.398 -106.05134   20.20612     63.000    15.0295    15.0287   4.271772   4.271612 8.8168e-01    12.3950     4.5106 1.9782e-01          0     4.5106     0.2939     0.5127     0.0000     4.5929     0.0000     0.5936     0.0000     0.5123    34.7658    34.7651    25.7870    25.7866     0.0500      1.523      0.614 0.0000e+00
    266.338       6393     64.404 -106.05134   20.20612     64.000    14.9489    14.9492   4.264387   4.264345 8.3678e-01    12.3912     4.5148 1.8040e-01          0     4.5148     0.2789     0.5123     0.0000     4.5938     0.0000     0.5538     0.0000     0.5119    34.7699    34.7693    25.8078    25.8073     0.0481      1.464      0.589 0.0000e+00
    268.290       6440     65.411 -106.05134   20.20612     65.000    14.9045    14.9036   4.260497   4.260387 6.8741e-01    12.3851     4.5217 1.6651e-01          0     4.5217     0.2291     0.5119     0.0000     4.5946     0.0000     0.5190     0.0000     0.5115    34.7736    34.7734    25.8205    25.8205     0.0472      1.439      0.579 0.0000e+00
    270.077       6483     66.417 -106.05134   20.20612     66.000    14.8602    14.8595   4.256426   4.256326 7.5847e-01    12.3869     4.5197 1.5346e-01          0     4.5197     0.2528     0.5118     0.0000     4.5950     0.0000     0.4837     0.0000     0.5114    34.7756    34.7753    25.8317    25.8316     0.0466      1.420      0.571 0.0000e+00
    271.939       6528     67.424 -106.05134   20.20612     67.000    14.8185    14.8176   4.252577   4.252481 7.9264e-01    12.3876     4.5189 1.4319e-01          0     4.5189     0.2642     0.5117     0.0000     4.5956     0.0000     0.4537     0.0000     0.5113    34.7772    34.7772    25.8421    25.8422     0.0471      1.434      0.576 0.0000e+00
    274.290       6584     68.430 -106.05134   20.20612     68.000    14.7185    14.7194   4.243058   4.243188 9.4760e-01    12.3929     4.5129 1.3379e-01          0     4.5129     0.3159     0.5118     0.0000     4.5961     0.0000     0.4243     0.0000     0.5114    34.7790    34.7794    25.8651    25.8653     0.0472      1.439      0.577 0.0000e+00
    277.284       6656     69.437 -106.05134   20.20612     69.000    14.5621    14.5635   4.228661   4.228729 1.0944e+00    12.3966     4.5088 1.2067e-01          0     4.5088     0.3648     0.5116     0.0000     4.5974     0.0000     0.3797     0.0000     0.5112    34.7865    34.7859    25.9048    25.9040     0.0467      1.421      0.568 0.0000e+00
    279.497       6709     70.443 -106.05134   20.20612     70.000    14.5312    14.5312   4.225941   4.225918 9.3209e-01    12.3957     4.5098 1.1018e-01          0     4.5098     0.3107     0.5114     0.0000     4.5981     0.0000     0.3401     0.0000     0.5110    34.7889    34.7886    25.9132    25.9131     0.0455      1.387      0.554 0.0000e+00
    281.307       6752     71.450 -106.05135   20.20612     71.000    14.5080    14.5071   4.223894   4.223799 8.9493e-01    12.3950     4.5106 1.0365e-01          0     4.5106     0.2983     0.5112     0.0000     4.5987     0.0000     0.3139     0.0000     0.5108    34.7904    34.7903    25.9194    25.9195     0.0444      1.352      0.540 0.0000e+00
    283.299       6800     72.456 -106.05136   20.20612     72.000    14.4820    14.4827   4.221571   4.221617 9.3977e-01    12.3925     4.5134 9.6158e-02          0     4.5134     0.3133     0.5109     0.0000     4.5995     0.0000     0.2813     0.0000     0.5105    34.7920    34.7918    25.9263    25.9260     0.0439      1.336      0.533 0.0000e+00
    285.650       6857     73.463 -106.05136   20.20612     73.000    14.4758    14.4763   4.221082   4.221115 9.4411e-01    12.3956     4.5099 8.6854e-02          0     4.5099     0.3147     0.5107     0.0000     4.6002     0.0000     0.2371     0.0000     0.5103    34.7926    34.7925    25.9281    25.9279     0.0429      1.308      0.522 0.0000e+00
    287.654       6905     74.469 -106.05136   20.20612     74.000    14.4730    14.4735   4.220896   4.220944 9.1823e-01    12.3921     4.5138 7.9967e-02          0     4.5138     0.3061     0.5105     0.0000     4.6005     0.0000     0.2013     0.0000     0.5101    34.7930    34.7930    25.9290    25.9289     0.0425      1.294      0.516 0.0000e+00
    290.293       6968     75.476 -106.05136   20.20612     75.000    14.4615    14.4638   4.219862   4.220065 1.0848e+00    12.3936     4.5121 7.4939e-02          0     4.5121     0.3616     0.5105     0.0000     4.6009     0.0000     0.1735     0.0000     0.5101    34.7934    34.7932    25.9318    25.9312     0.0431      1.314      0.524 0.0000e+00
    292.943       7032     76.482 -106.05136   20.20612     76.000    14.4347    14.4352   4.217417   4.217458 9.1667e-01    12.3939     4.5117 7.2200e-02          0     4.5117     0.3056     0.5105     0.0000     4.6011     0.0000     0.1572     0.0000     0.5101    34.7945    34.7945    25.9384    25.9383     0.0428      1.304      0.520 0.0000e+00
    294.744       7075     77.489 -106.05136   20.20612     77.000    14.3968    14.3969   4.213907   4.213927 8.7600e-01    12.3916     4.5143 6.5079e-02          0     4.5143     0.2920     0.5105     0.0000     4.6018     0.0000     0.1123     0.0000     0.5101    34.7958    34.7959    25.9476    25.9477     0.0426      1.298      0.517 0.0000e+00
    296.498       7117     78.495 -106.05136   20.20612     78.000    14.3576    14.3567   4.210219   4.210177 8.8260e-01    12.3925     4.5133 6.4600e-02          0     4.5133     0.2942     0.5104     0.0000     4.6021     0.0000     0.1090     0.0000     0.5100    34.7966    34.7969    25.9566    25.9571     0.0427      1.299      0.517 0.0000e+00
    298.285       7160     79.502 -106.05136   20.20612     79.000    14.3250    14.3252   4.207204   4.207252 9.1289e-01    12.3925     4.5134 5.7542e-02          0     4.5134     0.3043     0.5103     0.0000     4.6025     0.0000     0.0591     0.0000     0.5099    34.7976    34.7979    25.9644    25.9645     0.0423      1.289      0.513 0.0000e+00
    301.132       7228     80.508 -106.05136   20.20612     80.000    14.2989    14.3000   4.204764   4.204872 1.0975e+00    12.3926     4.5132 5.3029e-02          0     4.5132     0.3658     0.5103     0.0000     4.0028     0.0000     0.0241     0.0000     0.5099    34.7981    34.7981    25.9704    25.9701     0.0425      1.294      0.514 0.0000e+00
    304.256       7303     81.515 -106.05136   20.20612     81.000    14.2741    14.2739   4.202497   4.202500 9.2843e-01    12.3916     4.5144 5.1582e-02          0     4.5144     0.3095     0.5103     0.0000     4.6284     0.0000     0.0125     0.0000     0.5099    34.7991    34.7993    25.9764    25.9767     0.0422      1.287      0.511 0.0000e+00
    305.944       7344     82.521 -106.05136   20.20612     82.000    14.2589    14.2609   4.201163   4.201377 8.6043e-01    12.3943     4.5114 5.1028e-02          0     4.5114     0.2868     0.5102     0.0000     4.6024     0.0000     0.0079     0.0000     0.5098    34.8001    34.8002    25.9804    25.9801     0.0418      1.272      0.505 0.0000e+00
    307.783       7388     83.528 -106.05136   20.20612     83.000    14.2495    14.2511   4.200380   4.200539 8.7360e-01    12.3954     4.5101 5.0673e-02          0     4.5101     0.2912     0.5101     0.0000     4.6036     0.0000     0.0049     0.0000     0.5097    34.8008    34.8009    25.9830    25.9828     0.0421      1.283      0.510 0.0000e+00
    309.548       7430     84.534 -106.05134   20.20612     84.000    14.2138    14.2114   4.196970   4.196827 8.2217e-01    12.3924     4.5134 5.0671e-02          0     4.5134     0.2741     0.5102     0.0000     4.6044     0.0000     0.0049     0.0000     0.5098    34.8011    34.8019    25.9908    25.9919     0.0417      1.269      0.504 0.0000e+00
    311.431       7475     85.541 -106.05134   20.20612     85.000    14.1699    14.1699   4.192907   4.192947 8.9263e-01    12.3903     4.5158 5.0689e-02          0     4.5158     0.2975     0.5099     0.0000     4.3569     0.0000     0.0051     0.0000     0.5095    34.8025    34.8029    26.0012    26.0016     0.0405      1.234      0.489 0.0000e+00
    315.587       7575     86.548 -106.05134   20.20612     86.000    14.1452    14.1512   4.190652   4.191242 9.0724e-01    12.3878     4.5187 5.0671e-02          0     4.5187     0.3024     0.5096     0.0000     4.6058     0.0000     0.0049     0.0000     0.5092    34.8035    34.8036    26.0072    26.0061     0.0399      1.215      0.481 0.0000e+00
    317.378       7618     87.554 -106.05134   20.20612     87.000    14.1306    14.1316   4.189305   4.189471 7.6274e-01    12.3879     4.5185 5.0671e-02          0     4.5185     0.2542     0.5096     0.0000     4.6056     0.0000     0.0049     0.0000     0.5092    34.8038    34.8044    26.0106    26.0109     0.0409      1.245      0.493 0.0000e+00
    318.822       7653     88.561 -106.05134   20.20612     88.000    14.0651    14.0680   4.183026   4.183402 6.6465e-01    12.3838     4.5232 5.0671e-02          0     4.5232     0.2215     0.5097     0.0000     4.6059     0.0000     0.0049     0.0000     0.5093    34.8042    34.8050    26.0247    26.0248     0.0396      1.208      0.478 0.0000e+00
    320.641       7696     89.568 -106.05134   20.20612     89.000    14.0334    14.0343   4.180352   4.180485 6.7975e-01    12.3826     4.5246 5.0671e-02          0     4.5246     0.2266     0.5095     0.0000     4.6066     0.0000     0.0049     0.0000     0.5091    34.8075    34.8080    26.0340    26.0342     0.0394      1.199      0.474 0.0000e+00
    323.917       7775     90.574 -106.05134   20.20612     90.000    14.0256    14.0265   4.179741   4.179894 6.7559e-01    12.3801     4.5274 5.0671e-02          0     4.5274     0.2252     0.5093     0.0000     4.6072     0.0000     0.0049     0.0000     0.5089    34.8085    34.8091    26.0365    26.0368     0.0387      1.179      0.466 0.0000e+00
    326.121       7828     91.581 -106.05134   20.20612     91.000    14.0195    14.0213   4.179208   4.179448 5.8615e-01    12.3808     4.5266 5.0671e-02          0     4.5266     0.1954     0.5093     0.0000     4.6081     0.0000     0.0049     0.0000     0.5089    34.8087    34.8093    26.0379    26.0380     0.0391      1.192      0.471 0.0000e+00
    327.796       7868     92.587 -106.05134   20.20612     92.000    14.0138    14.0148   4.178647   4.178811 5.8800e-01    12.3805     4.5269 5.0671e-02          0     4.5269     0.1960     0.5092     0.0000     4.6081     0.0000     0.0049     0.0000     0.5088    34.8081    34.8088    26.0387    26.0390     0.0389      1.183      0.468 0.0000e+00
    329.601       7911     93.594 -106.05134   20.20612     93.000    14.0109    14.0111   4.178364   4.178429 6.2843e-01    12.3843     4.5226 5.0671e-02          0     4.5226     0.2095     0.5092     0.0000     4.6081     0.0000     0.0049     0.0000     0.5088    34.8077    34.8082    26.0390    26.0394     0.0387      1.179      0.466 0.0000e+00
    332.495       7981     94.600 -106.05133   20.20612     94.000    13.9863    13.9875   4.175885   4.176072 7.3240e-01    12.3798     4.5277 5.0671e-02          0     4.5277     0.2441     0.5092     0.0000     4.6083     0.0000     0.0049     0.0000     0.5088    34.8065    34.8071    26.0433    26.0435     0.0390      1.187      0.469 0.0000e+00
    335.562       8054     95.607 -106.05132   20.20612     95.000    13.9625    13.9634   4.173715   4.173868 6.8706e-01    12.3785     4.5292 5.0671e-02          0     4.5292     0.2290     0.5092     0.0000     4.6090     0.0000     0.0049     0.0000     0.5088    34.8074    34.8080    26.0490    26.0493     0.0389      1.184      0.467 0.0000e+00
    337.558       8102     96.614 -106.05132   20.20612     96.000    13.9492    13.9501   4.172654   4.172815 5.2441e-01    12.3790     4.5287 5.0671e-02          0     4.5287     0.1748     0.5092     0.0000     4.6092     0.0000     0.0049     0.0000     0.5088    34.8091    34.8099    26.0531    26.0536     0.0387      1.180      0.466 0.0000e+00
    339.409       8147     97.620 -106.05132   20.20612     97.000    13.9370    13.9377   4.171610   4.171760 5.0487e-01    12.3748     4.5334 5.0668e-02          0     4.5334     0.1683     0.5092     0.0000     4.6092     0.0000     0.0049     0.0000     0.5088    34.8100    34.8109    26.0564    26.0569     0.0389      1.184      0.467 0.0000e+00
