data/ctd-cnv/RR1804/RR1803-St33-P1/Station33_cast66.cnv
* Sea-Bird SBE 9 Data File:
* FileName = C:\CTD\RR1805\Station33_cast66.hex
* Software Version Seasave V 7.26.6.26
* Temperature SN = 4307
* Conductivity SN = 4650
* Number of Bytes Per Scan = 44
* Number of Voltage Words = 5
* Number of Scans Averaged by the Deck Unit = 1
* NMEA Latitude = 20 23.68 N
* NMEA Longitude = 106 08.01 W
* NMEA UTC (Time) = Apr 25 2018 15:02:53
** Ship: Revell
** Station: 33 (P1)
** Operator: Gabrielle
** cast 66
# nquan = 32
# nvalues = 501                         
# units = specified
# name 0 = timeS: Time, Elapsed [seconds]
# name 1 = scan: Scan Count
# name 2 = prDM: Pressure, Digiquartz [db]
# name 3 = longitude: Longitude [deg]
# name 4 = latitude: Latitude [deg]
# name 5 = depSMignore: Depth [salt water, m]
# name 6 = t090C: Temperature [ITS-90, deg C]
# name 7 = t190C: Temperature, 2 [ITS-90, deg C]
# name 8 = c0S/m: Conductivity [S/m]
# name 9 = c1S/m: Conductivity, 2 [S/m]
# name 10 = flSP: Fluorescence, Seapoint
# name 11 = CStarAt0: Beam Attenuation, WET Labs C-Star [1/m]
# name 12 = CStarTr0: Beam Transmission, WET Labs C-Star [%]
# name 13 = par: PAR/Irradiance, Biospherical/Licor
# name 14 = modError: Modulo Error Count
# name 15 = v0: Voltage 0
# name 16 = v1: Voltage 1
# name 17 = v2: Voltage 2
# name 18 = v3: Voltage 3
# name 19 = v4: Voltage 4
# name 20 = v5: Voltage 5
# name 21 = v6: Voltage 6
# name 22 = v7: Voltage 7
# name 23 = sbeox0V: Oxygen raw, SBE 43 [V]
# name 24 = sal00: Salinity, Practical [PSU]
# name 25 = sal11: Salinity, Practical, 2 [PSU]
# name 26 = sigma-é00: Density [sigma-theta, kg/m^3]
# name 27 = sigma-é11: Density, 2 [sigma-theta, kg/m^3]
# name 28 = sbeox0Mg/L: Oxygen, SBE 43 [mg/l], WS = 2
# name 29 = sbox0Mm/Kg: Oxygen, SBE 43 [umol/kg], WS = 2
# name 30 = sbeox0PS: Oxygen, SBE 43 [% saturation], WS = 2
# name 31 = flag: flag
# span 0 =     28.021,    819.635       
# span 1 =        673,      19672       
# span 2 =      1.006,    504.707       
# span 3 = -106.13358, -106.13354       
# span 4 =   20.39472,   20.39478       
# span 5 =      1.000,    501.000       
# span 6 =     8.4132,    25.4977       
# span 7 =     8.4032,    25.4985       
# span 8 =   3.643204,   5.322668       
# span 9 =   3.642405,   5.325928       
# span 10 = 7.3128e-02, 1.4763e+00      
# span 11 =    12.3422,    14.2765      
# span 12 =     4.2474,     4.5705      
# span 13 = 5.0665e-02, 1.2937e+03      
# span 14 =          0,          0      
# span 15 =     4.2474,     4.5705      
# span 16 =     0.0244,     0.4921      
# span 17 =     0.5064,     2.7254      
# span 18 =     0.0000,     0.0000      
# span 19 =     0.9259,     5.0963      
# span 20 =     0.0000,     0.0000      
# span 21 =     0.0049,     4.4003      
# span 22 =     0.0000,     0.0000      
# span 23 =     0.5061,     2.7254      
# span 24 =    34.5183,    34.8219      
# span 25 =    34.4415,    34.8238      
# span 26 =    22.9742,    26.8935      
# span 27 =    22.7682,    26.8961      
# span 28 =     0.0335,     6.9880      
# span 29 =      1.018,    213.472      
# span 30 =      0.358,    103.920      
# span 31 = 0.0000e+00, 0.0000e+00      
# interval = meters: 1                  
# start_time = Apr 25 2018 15:02:55 [System UTC, first data scan.]
# bad_flag = -9.990e-29
*END*
[from data line 136]
    393.284       9440    137.891 -106.13356   20.39474    137.000    12.8113    12.8118   4.065533   4.065740 7.5710e-02    12.3615     4.5485 5.0671e-02          0     4.5485     0.0252     0.5092     0.0000     4.6136     0.0000     0.0049     0.0000     0.5088    34.8198    34.8214    26.2947    26.2958     0.0402      1.224      0.472 0.0000e+00
    393.991       9457    138.898 -106.13356   20.39474    138.000    12.8016    12.8021   4.064626   4.064854 7.6738e-02    12.3603     4.5499 5.0671e-02          0     4.5499     0.0256     0.5091     0.0000     4.6138     0.0000     0.0049     0.0000     0.5087    34.8197    34.8214    26.2965    26.2978     0.0395      1.204      0.464 0.0000e+00
    394.708       9474    139.905 -106.13356   20.39474    139.000    12.7706    12.7711   4.061524   4.061706 7.6126e-02    12.3608     4.5494 5.0671e-02          0     4.5494     0.0253     0.5092     0.0000     4.6148     0.0000     0.0049     0.0000     0.5088    34.8181    34.8195    26.3015    26.3025     0.0399      1.215      0.468 0.0000e+00
    395.503       9493    140.912 -106.13356   20.39474    140.000    12.7570    12.7577   4.060336   4.060596 7.6368e-02    12.3614     4.5486 5.0671e-02          0     4.5486     0.0254     0.5091     0.0000     4.6154     0.0000     0.0049     0.0000     0.5087    34.8189    34.8208    26.3048    26.3061     0.0400      1.219      0.470 0.0000e+00
    396.433       9515    141.919 -106.13356   20.39474    141.000    12.7515    12.7521   4.059913   4.060141 7.4947e-02    12.3604     4.5498 5.0671e-02          0     4.5498     0.0250     0.5092     0.0000     4.6155     0.0000     0.0049     0.0000     0.5088    34.8195    34.8211    26.3064    26.3075     0.0393      1.198      0.461 0.0000e+00
    397.561       9542    142.926 -106.13356   20.39474    142.000    12.7353    12.7358   4.058439   4.058663 7.5091e-02    12.3597     4.5505 5.0671e-02          0     4.5505     0.0250     0.5088     0.0000     4.6159     0.0000     0.0049     0.0000     0.5084    34.8198    34.8215    26.3099    26.3111     0.0373      1.137      0.438 0.0000e+00
    398.828       9573    143.932 -106.13356   20.39474    143.000    12.7342    12.7349   4.058390   4.058632 7.3974e-02    12.3668     4.5425 5.0671e-02          0     4.5425     0.0246     0.5089     0.0000     4.6161     0.0000     0.0049     0.0000     0.5085    34.8199    34.8217    26.3102    26.3114     0.0392      1.195      0.460 0.0000e+00
    400.179       9605    144.939 -106.13356   20.39474    144.000    12.7315    12.7322   4.058146   4.058391 7.4064e-02    12.3597     4.5506 5.0671e-02          0     4.5506     0.0247     0.5090     0.0000     4.6166     0.0000     0.0049     0.0000     0.5086    34.8197    34.8214    26.3106    26.3118     0.0399      1.216      0.468 0.0000e+00
    401.422       9635    145.946 -106.13356   20.39474    145.000    12.7272    12.7278   4.057718   4.057965 7.3810e-02    12.3604     4.5498 5.0671e-02          0     4.5498     0.0246     0.5088     0.0000     4.6169     0.0000     0.0049     0.0000     0.5085    34.8191    34.8210    26.3111    26.3123     0.0385      1.171      0.451 0.0000e+00
    402.388       9658    146.953 -106.13356   20.39474    146.000    12.7204    12.7209   4.057028   4.057248 7.4790e-02    12.3599     4.5504 5.0671e-02          0     4.5504     0.0249     0.5090     0.0000     4.6159     0.0000     0.0049     0.0000     0.5086    34.8184    34.8200    26.3119    26.3130     0.0386      1.176      0.453 0.0000e+00
    403.184       9677    147.960 -106.13356   20.39474    147.000    12.7168    12.7172   4.056689   4.056918 7.4426e-02    12.3599     4.5504 5.0671e-02          0     4.5504     0.0248     0.5087     0.0000     4.6154     0.0000     0.0049     0.0000     0.5084    34.8180    34.8199    26.3123    26.3136     0.0382      1.165      0.448 0.0000e+00
    403.935       9695    148.967 -106.13356   20.39474    148.000    12.7099    12.7110   4.055952   4.056268 1.1358e-01    12.3597     4.5506 5.0671e-02          0     4.5506     0.0379     0.5089     0.0000     4.6155     0.0000     0.0049     0.0000     0.5085    34.8169    34.8189    26.3128    26.3141     0.0400      1.217      0.469 0.0000e+00
    404.714       9714    149.974 -106.13356   20.39474    149.000    12.7053    12.7055   4.055512   4.055702 7.5681e-02    12.3601     4.5501 5.0671e-02          0     4.5501     0.0252     0.5089     0.0000     4.6163     0.0000     0.0049     0.0000     0.5085    34.8165    34.8182    26.3134    26.3147     0.0384      1.169      0.450 0.0000e+00
    405.575       9735    150.981 -106.13356   20.39474    150.000    12.6970    12.6978   4.054700   4.054957 7.4603e-02    12.3597     4.5506 5.0671e-02          0     4.5506     0.0248     0.5087     0.0000     4.6166     0.0000     0.0049     0.0000     0.5084    34.8160    34.8176    26.3147    26.3158     0.0379      1.154      0.444 0.0000e+00
    406.569       9759    151.987 -106.13356   20.39474    151.000    12.6907    12.6914   4.054146   4.054400 7.6706e-02    12.3594     4.5509 5.0671e-02          0     4.5509     0.0255     0.5088     0.0000     4.6168     0.0000     0.0049     0.0000     0.5085    34.8159    34.8178    26.3159    26.3172     0.0391      1.190      0.458 0.0000e+00
    407.740       9787    152.994 -106.13356   20.39474    152.000    12.6868    12.6871   4.053808   4.054036 7.4423e-02    12.3594     4.5509 5.0671e-02          0     4.5509     0.0248     0.5086     0.0000     4.6170     0.0000     0.0049     0.0000     0.5083    34.8159    34.8178    26.3167    26.3181     0.0366      1.114      0.429 0.0000e+00
    409.132       9820    154.001 -106.13356   20.39474    153.000    12.6771    12.6777   4.052877   4.053129 7.5386e-02    12.3594     4.5509 5.0671e-02          0     4.5509     0.0251     0.5085     0.0000     4.6173     0.0000     0.0049     0.0000     0.5082    34.8156    34.8174    26.3184    26.3196     0.0385      1.172      0.451 0.0000e+00
    410.547       9854    155.008 -106.13356   20.39474    154.000    12.6688    12.6687   4.052091   4.052271 7.4438e-02    12.3591     4.5513 5.0671e-02          0     4.5513     0.0248     0.5088     0.0000     4.6178     0.0000     0.0049     0.0000     0.5084    34.8152    34.8171    26.3198    26.3212     0.0394      1.201      0.462 0.0000e+00
    411.739       9883    156.015 -106.13356   20.39474    155.000    12.6501    12.6503   4.050194   4.050399 7.4733e-02    12.3596     4.5506 5.0671e-02          0     4.5506     0.0249     0.5087     0.0000     4.6173     0.0000     0.0049     0.0000     0.5083    34.8138    34.8156    26.3224    26.3238     0.0367      1.118      0.430 0.0000e+00
    412.707       9906    157.022 -106.13356   20.39474    156.000    12.6361    12.6368   4.048751   4.049022 7.4589e-02    12.3593     4.5510 5.0671e-02          0     4.5510     0.0248     0.5083     0.0000     4.6160     0.0000     0.0049     0.0000     0.5080    34.8125    34.8145    26.3242    26.3256     0.0376      1.144      0.440 0.0000e+00
    413.549       9926    158.029 -106.13356   20.39474    157.000    12.6226    12.6228   4.047569   4.047767 7.4610e-02    12.3593     4.5511 5.0671e-02          0     4.5511     0.0248     0.5089     0.0000     4.6155     0.0000     0.0049     0.0000     0.5085    34.8132    34.8149    26.3274    26.3287     0.0399      1.215      0.467 0.0000e+00
    414.304       9944    159.036 -106.13356   20.39474    158.000    12.6051    12.6055   4.046022   4.046273 7.4281e-02    12.3627     4.5472 5.0671e-02          0     4.5472     0.0247     0.5086     0.0000     4.6154     0.0000     0.0049     0.0000     0.5083    34.8141    34.8161    26.3315    26.3330     0.0370      1.128      0.433 0.0000e+00
    415.020       9961    160.043 -106.13356   20.39474    159.000    12.6031    12.6039   4.045876   4.046135 7.3709e-02    12.3591     4.5513 5.0671e-02          0     4.5513     0.0245     0.5084     0.0000     4.6155     0.0000     0.0049     0.0000     0.5081    34.8141    34.8158    26.3319    26.3332     0.0371      1.129      0.434 0.0000e+00
    415.764       9979    161.050 -106.13356   20.39474    160.000    12.5992    12.5997   4.045490   4.045712 7.3264e-02    12.3590     4.5513 5.0671e-02          0     4.5513     0.0244     0.5085     0.0000     4.6164     0.0000     0.0049     0.0000     0.5082    34.8135    34.8152    26.3323    26.3336     0.0387      1.177      0.452 0.0000e+00
    416.617      10000    162.057 -106.13356   20.39474    161.000    12.5768    12.5774   4.043247   4.043473 7.3555e-02    12.3585     4.5519 5.0671e-02          0     4.5519     0.0245     0.5086     0.0000     4.6165     0.0000     0.0049     0.0000     0.5082    34.8122    34.8139    26.3358    26.3369     0.0381      1.161      0.446 0.0000e+00
    417.788      10028    163.064 -106.13356   20.39474    162.000    12.5579    12.5584   4.041234   4.041464 7.3699e-02    12.3583     4.5521 5.0671e-02          0     4.5521     0.0245     0.5085     0.0000     4.6170     0.0000     0.0049     0.0000     0.5081    34.8099    34.8117    26.3377    26.3389     0.0369      1.124      0.431 0.0000e+00
    419.310      10064    164.071 -106.13356   20.39474    163.000    12.5226    12.5239   4.037357   4.037668 7.3678e-02    12.3585     4.5519 5.0671e-02          0     4.5519     0.0245     0.5084     0.0000     4.6172     0.0000     0.0049     0.0000     0.5081    34.8048    34.8067    26.3406    26.3418     0.0378      1.152      0.442 0.0000e+00
    420.587      10095    165.078 -106.13356   20.39474    164.000    12.5083    12.5086   4.035789   4.036005 7.5913e-02    12.3591     4.5512 5.0671e-02          0     4.5512     0.0253     0.5083     0.0000     4.6174     0.0000     0.0049     0.0000     0.5080    34.8025    34.8044    26.3417    26.3431     0.0364      1.110      0.425 0.0000e+00
    421.542      10118    166.085 -106.13356   20.39474    165.000    12.4945    12.4949   4.034374   4.034620 7.5178e-02    12.3588     4.5516 5.0671e-02          0     4.5516     0.0250     0.5085     0.0000     4.6172     0.0000     0.0049     0.0000     0.5081    34.8013    34.8033    26.3435    26.3449     0.0385      1.171      0.449 0.0000e+00
    422.423      10139    167.092 -106.13356   20.39474    166.000    12.4893    12.4898   4.034322   4.034574 7.3619e-02    12.3582     4.5523 5.0671e-02          0     4.5523     0.0245     0.5083     0.0000     4.6175     0.0000     0.0049     0.0000     0.5079    34.8051    34.8071    26.3475    26.3489     0.0369      1.122      0.430 0.0000e+00
    423.418      10163    168.099 -106.13356   20.39474    167.000    12.4798    12.4806   4.033373   4.033656 7.3128e-02    12.3576     4.5529 5.0671e-02          0     4.5529     0.0244     0.5084     0.0000     4.6177     0.0000     0.0049     0.0000     0.5081    34.8044    34.8064    26.3488    26.3502     0.0377      1.147      0.439 0.0000e+00
    424.614      10192    169.106 -106.13356   20.39474    168.000    12.4654    12.4660   4.031871   4.032114 7.3507e-02    12.3583     4.5521 5.0671e-02          0     4.5521     0.0245     0.5087     0.0000     4.6178     0.0000     0.0049     0.0000     0.5083    34.8027    34.8046    26.3504    26.3517     0.0409      1.245      0.477 0.0000e+00
    425.753      10219    170.113 -106.13356   20.39474    169.000    12.4518    12.4523   4.030449   4.030687 7.3567e-02    12.3583     4.5521 5.0671e-02          0     4.5521     0.0245     0.5089     0.0000     4.6177     0.0000     0.0049     0.0000     0.5086    34.8012    34.8031    26.3519    26.3532     0.0393      1.196      0.458 0.0000e+00
    426.722      10242    171.120 -106.13356   20.39474    170.000    12.4353    12.4358   4.028693   4.028903 7.3417e-02    12.3599     4.5503 5.0671e-02          0     4.5503     0.0245     0.5086     0.0000     4.6179     0.0000     0.0049     0.0000     0.5083    34.7991    34.8008    26.3535    26.3547     0.0381      1.160      0.444 0.0000e+00
    427.652      10265    172.127 -106.13356   20.39474    171.000    12.4074    12.4076   4.025792   4.025985 7.7449e-02    12.3577     4.5527 5.0671e-02          0     4.5527     0.0258     0.5088     0.0000     4.6179     0.0000     0.0049     0.0000     0.5085    34.7966    34.7982    26.3570    26.3582     0.0374      1.139      0.436 0.0000e+00
    428.598      10287    173.134 -106.13356   20.39474    172.000    12.3814    12.3818   4.023243   4.023463 7.3289e-02    12.3586     4.5518 5.0671e-02          0     4.5518     0.0244     0.5083     0.0000     4.6179     0.0000     0.0049     0.0000     0.5080    34.7956    34.7974    26.3613    26.3626     0.0370      1.127      0.431 0.0000e+00
    429.507      10309    174.141 -106.13356   20.39474    173.000    12.3661    12.3665   4.021760   4.021981 7.4883e-02    12.3602     4.5500 5.0671e-02          0     4.5500     0.0249     0.5085     0.0000     4.6177     0.0000     0.0049     0.0000     0.5082    34.7951    34.7968    26.3639    26.3651     0.0389      1.186      0.453 0.0000e+00
    430.350      10329    175.148 -106.13356   20.39474    174.000    12.3274    12.3275   4.017893   4.018039 7.3632e-02    12.3590     4.5513 5.0671e-02          0     4.5513     0.0245     0.5085     0.0000     4.6179     0.0000     0.0049     0.0000     0.5082    34.7932    34.7945    26.3699    26.3709     0.0369      1.125      0.430 0.0000e+00
    431.183      10349    176.155 -106.13356   20.39474    175.000    12.3094    12.3100   4.016146   4.016365 7.3262e-02    12.3583     4.5521 5.0671e-02          0     4.5521     0.0244     0.5082     0.0000     4.6182     0.0000     0.0049     0.0000     0.5078    34.7924    34.7941    26.3729    26.3740     0.0359      1.093      0.417 0.0000e+00
    432.143      10372    177.162 -106.13358   20.39474    176.000    12.3000    12.3006   4.015249   4.015501 7.3392e-02    12.3573     4.5532 5.0671e-02          0     4.5532     0.0244     0.5083     0.0000     4.6181     0.0000     0.0049     0.0000     0.5080    34.7921    34.7940    26.3744    26.3758     0.0371      1.130      0.431 0.0000e+00
    433.353      10401    178.169 -106.13358   20.39474    177.000    12.2991    12.2997   4.015207   4.015455 7.3504e-02    12.3572     4.5534 5.0671e-02          0     4.5534     0.0245     0.5083     0.0000     4.6182     0.0000     0.0049     0.0000     0.5080    34.7921    34.7939    26.3746    26.3760     0.0382      1.163      0.444 0.0000e+00
    434.612      10432    179.176 -106.13358   20.39474    178.000    12.2988    12.2994   4.015238   4.015488 7.4067e-02    12.3575     4.5530 5.0671e-02          0     4.5530     0.0247     0.5083     0.0000     4.6185     0.0000     0.0049     0.0000     0.5079    34.7922    34.7941    26.3748    26.3762     0.0354      1.079      0.412 0.0000e+00
    435.670      10457    180.183 -106.13358   20.39474    179.000    12.2952    12.2956   4.014936   4.015169 7.3398e-02    12.3590     4.5513 5.0671e-02          0     4.5513     0.0244     0.5081     0.0000     4.6184     0.0000     0.0049     0.0000     0.5077    34.7922    34.7942    26.3755    26.3770     0.0371      1.130      0.431 0.0000e+00
    436.659      10481    181.190 -106.13358   20.39474    180.000    12.2875    12.2878   4.014205   4.014414 7.3407e-02    12.3572     4.5533 5.0671e-02          0     4.5533     0.0244     0.5082     0.0000     4.6181     0.0000     0.0049     0.0000     0.5079    34.7918    34.7936    26.3768    26.3781     0.0382      1.164      0.444 0.0000e+00
    437.728      10506    182.197 -106.13358   20.39474    181.000    12.2422    12.2412   4.009654   4.009723 7.3260e-02    12.3580     4.5525 5.0671e-02          0     4.5525     0.0244     0.5083     0.0000     4.6185     0.0000     0.0049     0.0000     0.5080    34.7894    34.7911    26.3836    26.3851     0.0371      1.130      0.431 0.0000e+00
