data/ctd-cnv/RR1804/RR1803-St33-P1/Station33_cast68.cnv
* Sea-Bird SBE 9 Data File:
* FileName = C:\CTD\RR1805\Station33_cast68.hex
* Software Version Seasave V 7.26.6.26
* Temperature SN = 4307
* Conductivity SN = 4650
* Number of Bytes Per Scan = 44
* Number of Voltage Words = 5
* Number of Scans Averaged by the Deck Unit = 1
* NMEA Latitude = 20 26.08 N
* NMEA Longitude = 106 10.38 W
* NMEA UTC (Time) = Apr 26 2018 06:06:44
** Ship: Revell
** Station: P1 cast 67
** Operator: Clara
** P1 cast 68 diel
# nquan = 32
# nvalues = 202                         
# units = specified
# name 0 = timeS: Time, Elapsed [seconds]
# name 1 = scan: Scan Count
# name 2 = prDM: Pressure, Digiquartz [db]
# name 3 = longitude: Longitude [deg]
# name 4 = latitude: Latitude [deg]
# name 5 = depSMignore: Depth [salt water, m]
# name 6 = t090C: Temperature [ITS-90, deg C]
# name 7 = t190C: Temperature, 2 [ITS-90, deg C]
# name 8 = c0S/m: Conductivity [S/m]
# name 9 = c1S/m: Conductivity, 2 [S/m]
# name 10 = flSP: Fluorescence, Seapoint
# name 11 = CStarAt0: Beam Attenuation, WET Labs C-Star [1/m]
# name 12 = CStarTr0: Beam Transmission, WET Labs C-Star [%]
# name 13 = par: PAR/Irradiance, Biospherical/Licor
# name 14 = modError: Modulo Error Count
# name 15 = v0: Voltage 0
# name 16 = v1: Voltage 1
# name 17 = v2: Voltage 2
# name 18 = v3: Voltage 3
# name 19 = v4: Voltage 4
# name 20 = v5: Voltage 5
# name 21 = v6: Voltage 6
# name 22 = v7: Voltage 7
# name 23 = sbeox0V: Oxygen raw, SBE 43 [V]
# name 24 = sal00: Salinity, Practical [PSU]
# name 25 = sal11: Salinity, Practical, 2 [PSU]
# name 26 = sigma-é00: Density [sigma-theta, kg/m^3]
# name 27 = sigma-é11: Density, 2 [sigma-theta, kg/m^3]
# name 28 = sbeox0Mg/L: Oxygen, SBE 43 [mg/l], WS = 2
# name 29 = sbox0Mm/Kg: Oxygen, SBE 43 [umol/kg], WS = 2
# name 30 = sbeox0PS: Oxygen, SBE 43 [% saturation], WS = 2
# name 31 = flag: flag
# span 0 =     -3.991,    381.527       
# span 1 =        -95,       9158       
# span 2 =      1.006,    203.347       
# span 3 = -106.17312, -106.17304       
# span 4 =   20.43464,   20.43474       
# span 5 =      1.000,    202.000       
# span 6 =    11.9280,    25.8538       
# span 7 =    11.9258,    25.8671       
# span 8 =   3.979251,   5.354362       
# span 9 =   3.979150,   5.356041       
# span 10 = 7.6369e-02, 1.9168e+00      
# span 11 =    12.3596,    12.5690      
# span 12 =     4.3186,     4.5507      
# span 13 = 5.0659e-02, 3.7648e-01      
# span 14 =          0,          0      
# span 15 =     4.3186,     4.5507      
# span 16 =     0.0254,     0.6389      
# span 17 =     0.5065,     2.7404      
# span 18 =     0.0000,     0.0000      
# span 19 =     0.2873,     4.6448      
# span 20 =     0.0000,     0.0000      
# span 21 =     0.0048,     0.8503      
# span 22 =     0.0000,     0.0000      
# span 23 =     0.5062,     2.7404      
# span 24 =    34.4536,    34.8157      
# span 25 =    34.4511,    34.8164      
# span 26 =    22.8462,    26.4347      
# span 27 =    22.8437,    26.4360      
# span 28 =     0.0308,     6.6116      
# span 29 =      0.938,    201.949      
# span 30 =      0.355,     98.012      
# span 31 = 0.0000e+00, 0.0000e+00      
# interval = meters: 1                  
# start_time = Apr 26 2018 06:06:40 [System UTC, first data scan.]
# bad_flag = -9.990e-29
*END*
[from data line 46]
    106.544       2558     47.295 -106.17308   20.43466     47.000    16.0338    16.0267   4.363125   4.362109 5.2352e-01    12.3873     4.5193 5.0671e-02          0     4.5193     0.1745     0.5225     0.0000     4.5818     0.0000     0.0049     0.0000     0.5221    34.7081    34.7052    25.5170    25.5164     0.0628      1.915      0.787 0.0000e+00
    108.322       2601     48.302 -106.17308   20.43466     48.000    15.9107    15.9090   4.352202   4.351809 5.9551e-01    12.3889     4.5174 5.0720e-02          0     4.5174     0.1985     0.5183     0.0000     3.5503     0.0000     0.0053     0.0000     0.5179    34.7181    34.7161    25.5528    25.5517     0.0619      1.885      0.773 0.0000e+00
    110.775       2660     49.308 -106.17310   20.43466     49.000    15.8386    15.8373   4.345743   4.345423 6.7885e-01    12.3923     4.5136 5.0670e-02          0     4.5136     0.2263     0.5164     0.0000     4.5963     0.0000     0.0049     0.0000     0.5160    34.7233    34.7216    25.5732    25.5723     0.0595      1.812      0.742 0.0000e+00
    113.331       2721     50.315 -106.17310   20.43466     50.000    15.7573    15.7561   4.337908   4.337597 6.5260e-01    12.3953     4.5103 5.0671e-02          0     4.5103     0.2175     0.5153     0.0000     4.5878     0.0000     0.0049     0.0000     0.5149    34.7243    34.7226    25.5924    25.5914     0.0579      1.764      0.721 0.0000e+00
    115.235       2767     51.321 -106.17310   20.43466     51.000    15.7049    15.7043   4.332891   4.332564 6.4822e-01    12.3974     4.5078 5.0671e-02          0     4.5078     0.2161     0.5152     0.0000     4.5888     0.0000     0.0049     0.0000     0.5148    34.7250    34.7226    25.6048    25.6032     0.0587      1.787      0.730 0.0000e+00
    117.022       2810     52.327 -106.17310   20.43468     52.000    15.6590    15.6590   4.328126   4.327865 6.2580e-01    12.3970     4.5084 5.0671e-02          0     4.5084     0.2086     0.5152     0.0000     4.5901     0.0000     0.0049     0.0000     0.5148    34.7223    34.7200    25.6131    25.6114     0.0587      1.787      0.729 0.0000e+00
    118.758       2851     53.334 -106.17310   20.43468     53.000    15.6289    15.6297   4.324870   4.324699 6.0878e-01    12.3930     4.5128 5.0671e-02          0     4.5128     0.2029     0.5154     0.0000     4.5915     0.0000     0.0049     0.0000     0.5150    34.7191    34.7169    25.6175    25.6156     0.0600      1.827      0.745 0.0000e+00
    120.608       2896     54.340 -106.17310   20.43468     54.000    15.5823    15.5821   4.320095   4.319815 5.8554e-01    12.3895     4.5167 5.0671e-02          0     4.5167     0.1952     0.5159     0.0000     4.5927     0.0000     0.0049     0.0000     0.5155    34.7169    34.7145    25.6263    25.6245     0.0646      1.968      0.802 0.0000e+00
    122.889       2950     55.347 -106.17312   20.43468     55.000    15.5294    15.5300   4.314149   4.313932 5.1642e-01    12.3856     4.5211 5.0671e-02          0     4.5211     0.1721     0.5177     0.0000     4.5946     0.0000     0.0049     0.0000     0.5173    34.7097    34.7072    25.6327    25.6306     0.0709      2.160      0.879 0.0000e+00
    124.931       2999     56.353 -106.17312   20.43468     56.000    15.4844    15.4834   4.309580   4.309238 5.5684e-01    12.3873     4.5192 5.0671e-02          0     4.5192     0.1856     0.5191     0.0000     4.5961     0.0000     0.0049     0.0000     0.5188    34.7078    34.7056    25.6413    25.6399     0.0798      2.431      0.988 0.0000e+00
    126.902       3047     57.360 -106.17312   20.43468     57.000    15.3876    15.3875   4.298921   4.298668 4.9576e-01    12.3792     4.5284 5.0671e-02          0     4.5284     0.1653     0.5217     0.0000     4.5972     0.0000     0.0049     0.0000     0.5213    34.6968    34.6945    25.6544    25.6527     0.0855      2.606      1.057 0.0000e+00
    129.200       3102     58.366 -106.17312   20.43469     58.000    15.3329    15.3349   4.294388   4.294569 5.4274e-01    12.3821     4.5251 5.0671e-02          0     4.5251     0.1809     0.5202     0.0000     4.5990     0.0000     0.0049     0.0000     0.5199    34.7038    34.7037    25.6720    25.6715     0.0694      2.115      0.857 0.0000e+00
    131.794       3164     59.373 -106.17312   20.43470     59.000    15.2402    15.2420   4.288170   4.288224 7.3694e-01    12.4078     4.4961 5.0671e-02          0     4.4961     0.2456     0.5153     0.0000     4.6012     0.0000     0.0049     0.0000     0.5149    34.7292    34.7281    25.7122    25.7110     0.0479      1.459      0.590 0.0000e+00
    133.532       3206     60.379 -106.17312   20.43470     60.000    15.1783    15.1781   4.284982   4.284821 9.0194e-01    12.4159     4.4871 5.0671e-02          0     4.4871     0.3007     0.5128     0.0000     4.6026     0.0000     0.0049     0.0000     0.5124    34.7548    34.7535    25.7457    25.7447     0.0476      1.452      0.587 0.0000e+00
    134.883       3238     61.386 -106.17312   20.43470     61.000    15.1026    15.0992   4.277878   4.277427 9.0040e-01    12.4110     4.4925 5.0671e-02          0     4.4925     0.3001     0.5124     0.0000     4.6038     0.0000     0.0049     0.0000     0.5120    34.7572    34.7561    25.7642    25.7641     0.0462      1.407      0.568 0.0000e+00
    136.414       3275     62.392 -106.17312   20.43470     62.000    15.0303    15.0298   4.271380   4.271184 8.9272e-01    12.4062     4.4979 5.0671e-02          0     4.4979     0.2976     0.5117     0.0000     4.6049     0.0000     0.0049     0.0000     0.5113    34.7620    34.7606    25.7838    25.7829     0.0455      1.386      0.559 0.0000e+00
    138.493       3325     63.399 -106.17312   20.43470     63.000    15.0058    15.0063   4.269287   4.269160 9.0247e-01    12.4064     4.4977 5.0671e-02          0     4.4977     0.3008     0.5114     0.0000     4.6062     0.0000     0.0049     0.0000     0.5110    34.7643    34.7627    25.7910    25.7897     0.0451      1.373      0.553 0.0000e+00
    140.916       3383     64.405 -106.17312   20.43470     64.000    14.9549    14.9550   4.264628   4.264398 9.5460e-01    12.4107     4.4929 5.0671e-02          0     4.4929     0.3182     0.5111     0.0000     4.6080     0.0000     0.0049     0.0000     0.5107    34.7667    34.7646    25.8041    25.8024     0.0439      1.337      0.538 0.0000e+00
    143.936       3455     65.412 -106.17312   20.43472     65.000    14.8824    14.8815   4.257760   4.257499 9.0792e-01    12.4056     4.4986 5.0671e-02          0     4.4986     0.3026     0.5106     0.0000     4.6091     0.0000     0.0049     0.0000     0.5102    34.7684    34.7668    25.8212    25.8202     0.0426      1.297      0.521 0.0000e+00
    146.101       3507     66.418 -106.17312   20.43472     66.000    14.7583    14.7568   4.246360   4.246149 1.1949e+00    12.4051     4.4991 5.0671e-02          0     4.4991     0.3983     0.5107     0.0000     4.6094     0.0000     0.0049     0.0000     0.5103    34.7745    34.7739    25.8530    25.8528     0.0436      1.329      0.533 0.0000e+00
    147.486       3541     67.425 -106.17312   20.43472     67.000    14.5828    14.5788   4.229951   4.229526 1.1091e+00    12.4055     4.4987 5.0671e-02          0     4.4987     0.3697     0.5107     0.0000     4.6104     0.0000     0.0049     0.0000     0.5103    34.7807    34.7803    25.8957    25.8963     0.0432      1.318      0.527 0.0000e+00
    148.800       3572     68.431 -106.17312   20.43472     68.000    14.4824    14.4807   4.220736   4.220486 1.2228e+00    12.4013     4.5035 5.0671e-02          0     4.5035     0.4076     0.5105     0.0000     4.6111     0.0000     0.0049     0.0000     0.5101    34.7855    34.7847    25.9211    25.9208     0.0420      1.281      0.511 0.0000e+00
    150.351       3609     69.437 -106.17312   20.43472     69.000    14.4347    14.4342   4.216340   4.216189 1.1902e+00    12.3984     4.5067 5.0671e-02          0     4.5067     0.3967     0.5104     0.0000     4.6124     0.0000     0.0049     0.0000     0.5100    34.7874    34.7865    25.9328    25.9321     0.0423      1.288      0.514 0.0000e+00
    152.634       3664     70.444 -106.17312   20.43472     70.000    14.3886    14.3882   4.212030   4.211871 1.1431e+00    12.3961     4.5093 5.0671e-02          0     4.5093     0.3810     0.5103     0.0000     4.6137     0.0000     0.0049     0.0000     0.5099    34.7887    34.7876    25.9437    25.9429     0.0423      1.289      0.513 0.0000e+00
    155.440       3732     71.450 -106.17312   20.43472     71.000    14.3375    14.3384   4.207316   4.207290 1.0677e+00    12.3936     4.5122 5.0671e-02          0     4.5122     0.3559     0.5103     0.0000     4.6131     0.0000     0.0049     0.0000     0.5099    34.7907    34.7897    25.9562    25.9552     0.0423      1.289      0.513 0.0000e+00
    157.465       3780     72.457 -106.17312   20.43472     72.000    14.2232    14.2193   4.196514   4.196072 8.7027e-01    12.3874     4.5191 5.0671e-02          0     4.5191     0.2901     0.5103     0.0000     4.6065     0.0000     0.0049     0.0000     0.5099    34.7933    34.7927    25.9824    25.9828     0.0427      1.300      0.516 0.0000e+00
    159.182       3821     73.464 -106.17312   20.43472     73.000    14.1312    14.1306   4.187987   4.187850 6.9919e-01    12.3820     4.5252 5.0671e-02          0     4.5252     0.2331     0.5101     0.0000     4.6072     0.0000     0.0049     0.0000     0.5097    34.7968    34.7961    26.0046    26.0042     0.0408      1.243      0.493 0.0000e+00
    161.017       3865     74.470 -106.17312   20.43472     74.000    14.1122    14.1126   4.186278   4.186238 6.4123e-01    12.3816     4.5257 5.0671e-02          0     4.5257     0.2137     0.5100     0.0000     4.6075     0.0000     0.0049     0.0000     0.5096    34.7977    34.7969    26.0093    26.0087     0.0408      1.244      0.493 0.0000e+00
    163.706       3930     75.477 -106.17312   20.43474     75.000    14.1055    14.1063   4.185760   4.185764 6.1979e-01    12.3793     4.5282 5.0671e-02          0     4.5282     0.2066     0.5095     0.0000     4.6078     0.0000     0.0049     0.0000     0.5091    34.7985    34.7978    26.0115    26.0108     0.0391      1.190      0.471 0.0000e+00
    165.812       3980     76.483 -106.17312   20.43474     76.000    14.1003    14.1007   4.185382   4.185377 6.0016e-01    12.3797     4.5278 5.0671e-02          0     4.5278     0.2001     0.5094     0.0000     4.6081     0.0000     0.0049     0.0000     0.5090    34.7993    34.7988    26.0132    26.0127     0.0386      1.177      0.466 0.0000e+00
    167.242       4015     77.490 -106.17312   20.43472     77.000    14.0936    14.0936   4.184831   4.184762 5.6420e-01    12.3794     4.5282 5.0671e-02          0     4.5282     0.1881     0.5094     0.0000     4.6087     0.0000     0.0049     0.0000     0.5090    34.7998    34.7991    26.0150    26.0145     0.0395      1.203      0.476 0.0000e+00
    168.715       4050     78.496 -106.17312   20.43472     78.000    14.0142    14.0105   4.177391   4.176976 4.4390e-01    12.3800     4.5274 5.0671e-02          0     4.5274     0.1480     0.5094     0.0000     4.6092     0.0000     0.0049     0.0000     0.5090    34.8019    34.8015    26.0334    26.0338     0.0395      1.204      0.476 0.0000e+00
    170.812       4100     79.503 -106.17311   20.43472     79.000    13.9624    13.9625   4.172667   4.172597 3.9758e-01    12.3764     4.5316 5.0671e-02          0     4.5316     0.1325     0.5093     0.0000     4.3408     0.0000     0.0049     0.0000     0.5089    34.8044    34.8037    26.0463    26.0456     0.0389      1.183      0.467 0.0000e+00
    173.863       4174     80.509 -106.17310   20.43472     80.000    13.9508    13.9512   4.171732   4.171689 3.6833e-01    12.3751     4.5331 5.0671e-02          0     4.5331     0.1228     0.5092     0.0000     4.6322     0.0000     0.0049     0.0000     0.5088    34.8058    34.8050    26.0498    26.0491     0.0385      1.172      0.463 0.0000e+00
    175.909       4223     81.516 -106.17310   20.43472     81.000    13.9430    13.9434   4.171052   4.171042 3.2571e-01    12.3754     4.5327 5.0671e-02          0     4.5327     0.1086     0.5091     0.0000     4.6104     0.0000     0.0049     0.0000     0.5087    34.8061    34.8057    26.0516    26.0512     0.0388      1.181      0.466 0.0000e+00
    177.370       4258     82.523 -106.17310   20.43472     82.000    13.9262    13.9262   4.169515   4.169473 3.1782e-01    12.3758     4.5323 5.0671e-02          0     4.5323     0.1059     0.5092     0.0000     4.6110     0.0000     0.0049     0.0000     0.5088    34.8065    34.8062    26.0555    26.0552     0.0388      1.180      0.466 0.0000e+00
    178.953       4296     83.529 -106.17310   20.43472     83.000    13.9048    13.9034   4.167469   4.167297 3.1449e-01    12.3756     4.5324 5.0671e-02          0     4.5324     0.1048     0.5092     0.0000     4.6117     0.0000     0.0049     0.0000     0.5088    34.8064    34.8061    26.0599    26.0600     0.0388      1.181      0.466 0.0000e+00
    181.404       4355     84.536 -106.17310   20.43471     84.000    13.8305    13.8288   4.160431   4.160203 3.1445e-01    12.3737     4.5346 5.0671e-02          0     4.5346     0.1048     0.5092     0.0000     4.6127     0.0000     0.0049     0.0000     0.5088    34.8077    34.8071    26.0765    26.0763     0.0387      1.179      0.464 0.0000e+00
    183.973       4416     85.542 -106.17310   20.43470     85.000    13.7843    13.7837   4.155817   4.155758 3.1202e-01    12.3723     4.5362 5.0671e-02          0     4.5362     0.1040     0.5090     0.0000     4.6137     0.0000     0.0049     0.0000     0.5086    34.8060    34.8060    26.0848    26.0849     0.0375      1.143      0.450 0.0000e+00
    186.008       4465     86.549 -106.17310   20.43470     86.000    13.7538    13.7541   4.152798   4.152809 3.1568e-01    12.3722     4.5364 5.0671e-02          0     4.5364     0.1052     0.5090     0.0000     4.6146     0.0000     0.0049     0.0000     0.5086    34.8051    34.8049    26.0904    26.0903     0.0381      1.159      0.456 0.0000e+00
    187.856       4510     87.556 -106.17308   20.43470     87.000    13.7397    13.7399   4.151452   4.151459 3.2227e-01    12.3724     4.5361 5.0671e-02          0     4.5361     0.1074     0.5089     0.0000     4.6153     0.0000     0.0049     0.0000     0.5085    34.8048    34.8047    26.0932    26.0931     0.0381      1.160      0.456 0.0000e+00
    189.591       4551     88.562 -106.17308   20.43470     88.000    13.7224    13.7229   4.149893   4.149938 3.0744e-01    12.3712     4.5374 5.0671e-02          0     4.5374     0.1025     0.5089     0.0000     4.6154     0.0000     0.0049     0.0000     0.5086    34.8055    34.8055    26.0973    26.0973     0.0378      1.151      0.452 0.0000e+00
    191.473       4596     89.569 -106.17308   20.43470     89.000    13.7072    13.7073   4.148508   4.148533 3.1279e-01    12.3707     4.5381 5.0671e-02          0     4.5381     0.1043     0.5089     0.0000     4.6161     0.0000     0.0049     0.0000     0.5085    34.8059    34.8061    26.1009    26.1010     0.0378      1.152      0.453 0.0000e+00
    193.914       4655     90.575 -106.17308   20.43468     90.000    13.6967    13.6973   4.147593   4.147654 3.0212e-01    12.3703     4.5385 5.0671e-02          0     4.5385     0.1007     0.5085     0.0000     4.6168     0.0000     0.0049     0.0000     0.5081    34.8065    34.8065    26.1035    26.1034     0.0363      1.105      0.434 0.0000e+00
