data/ctd-cnv/RR1804/RR1803-St33-P1/Station33_cast62.cnv
* Sea-Bird SBE 9 Data File:
* FileName = C:\CTD\RR1805\Station33_cast62.hex
* Software Version Seasave V 7.26.6.26
* Temperature SN = 4307
* Conductivity SN = 4650
* Number of Bytes Per Scan = 44
* Number of Voltage Words = 5
* Number of Scans Averaged by the Deck Unit = 1
* NMEA Latitude = 20 12.36 N
* NMEA Longitude = 106 03.08 W
* NMEA UTC (Time) = Apr 22 2018 22:00:31
** Ship: Revell
** Station: On Deck
** Operator: GR
** Station 33 P1 cast 62
# nquan = 32
# nvalues = 1495                        
# units = specified
# name 0 = timeS: Time, Elapsed [seconds]
# name 1 = scan: Scan Count
# name 2 = prDM: Pressure, Digiquartz [db]
# name 3 = longitude: Longitude [deg]
# name 4 = latitude: Latitude [deg]
# name 5 = depSM: Depth [salt water, m]
# name 6 = t090C: Temperature [ITS-90, deg C]
# name 7 = t190C: Temperature, 2 [ITS-90, deg C]
# name 8 = c0S/m: Conductivity [S/m]
# name 9 = c1S/m: Conductivity, 2 [S/m]
# name 10 = flSP: Fluorescence, Seapoint
# name 11 = CStarAt0: Beam Attenuation, WET Labs C-Star [1/m]
# name 12 = CStarTr0: Beam Transmission, WET Labs C-Star [%]
# name 13 = par: PAR/Irradiance, Biospherical/Licor
# name 14 = modError: Modulo Error Count
# name 15 = v0: Voltage 0
# name 16 = v1: Voltage 1
# name 17 = v2: Voltage 2
# name 18 = v3: Voltage 3
# name 19 = v4: Voltage 4
# name 20 = v5: Voltage 5
# name 21 = v6: Voltage 6
# name 22 = v7: Voltage 7
# name 23 = sbeox0V: Oxygen raw, SBE 43 [V]
# name 24 = sal00: Salinity, Practical [PSU]
# name 25 = sal11: Salinity, Practical, 2 [PSU]
# name 26 = sigma-é00: Density [sigma-theta, kg/m^3]
# name 27 = sigma-é11: Density, 2 [sigma-theta, kg/m^3]
# name 28 = sbeox0Mg/L: Oxygen, SBE 43 [mg/l], WS = 2
# name 29 = sbox0Mm/Kg: Oxygen, SBE 43 [umol/kg], WS = 2
# name 30 = sbeox0PS: Oxygen, SBE 43 [% saturation], WS = 2
# name 31 = flag: flag
# span 0 =      0.501,   1831.846       
# span 1 =         13,      43965       
# span 2 =      8.049,   1516.748       
# span 3 = -106.05138, -106.05132       
# span 4 =   20.20608,   20.20614       
# span 5 =      8.000,   1502.000       
# span 6 =     3.0539,    23.5226       
# span 7 =     3.0540,    23.5196       
# span 8 =   3.204240,   5.095645       
# span 9 =   3.204339,   5.095351       
# span 10 = 6.7958e-02, 3.0497e+00      
# span 11 =    12.3330,    12.7209      
# span 12 =     4.1577,     4.5809      
# span 13 = 5.0654e-02, 6.9803e+01      
# span 14 =          0,          0      
# span 15 =     4.1577,     4.5809      
# span 16 =     0.0226,     1.0166      
# span 17 =     0.5055,     2.6450      
# span 18 =     0.0000,     0.0000      
# span 19 =     2.0926,     4.7132      
# span 20 =     0.0000,     0.0000      
# span 21 =     0.0048,     3.1412      
# span 22 =     0.0000,     0.0000      
# span 23 =     0.5052,     2.6450      
# span 24 =    34.4604,    34.8194      
# span 25 =    34.4580,    34.8206      
# span 26 =    23.4468,    27.5691      
# span 27 =    23.4477,    27.5700      
# span 28 =     0.0292,     6.5274      
# span 29 =      0.888,    199.310      
# span 30 =      0.307,     93.744      
# span 31 = 0.0000e+00, 0.0000e+00      
# interval = meters: 1                  
# start_time = Apr 22 2018 22:00:32 [System UTC, first data scan.]
# bad_flag = -9.990e-29
*END*
[from data line 227]
    498.908      11975    236.582 -106.05134   20.20611    235.000    11.7392    11.7396   3.961658   3.961880 7.7076e-02    12.3574     4.5531 5.0671e-02          0     4.5531     0.0257     0.5075     0.0000     4.6180     0.0000     0.0049     0.0000     0.5072    34.7670    34.7688    26.4633    26.4646     0.0344      1.047      0.395 0.0000e+00
    500.224      12006    237.590 -106.05134   20.20610    236.000    11.7272    11.7278   3.960484   3.960747 7.6239e-02    12.3562     4.5546 5.0671e-02          0     4.5546     0.0254     0.5075     0.0000     4.6184     0.0000     0.0049     0.0000     0.5072    34.7663    34.7683    26.4650    26.4665     0.0348      1.060      0.400 0.0000e+00
    501.623      12040    238.597 -106.05134   20.20610    237.000    11.7095    11.7100   3.958713   3.958972 7.6932e-02    12.3569     4.5537 5.0671e-02          0     4.5537     0.0256     0.5075     0.0000     4.6194     0.0000     0.0049     0.0000     0.5072    34.7650    34.7671    26.4674    26.4689     0.0355      1.080      0.407 0.0000e+00
    502.869      12070    239.605 -106.05134   20.20610    238.000    11.6989    11.6994   3.957689   3.957920 7.7074e-02    12.3544     4.5566 5.0671e-02          0     4.5566     0.0257     0.5074     0.0000     4.6206     0.0000     0.0049     0.0000     0.5071    34.7645    34.7663    26.4690    26.4703     0.0347      1.058      0.399 0.0000e+00
    503.875      12094    240.612 -106.05134   20.20610    239.000    11.6879    11.6884   3.956600   3.956829 7.5829e-02    12.3549     4.5560 5.0671e-02          0     4.5560     0.0252     0.5076     0.0000     4.6206     0.0000     0.0049     0.0000     0.5073    34.7636    34.7654    26.4704    26.4716     0.0365      1.111      0.418 0.0000e+00
    504.768      12115    241.619 -106.05134   20.20610    240.000    11.6760    11.6764   3.955439   3.955672 7.6748e-02    12.3555     4.5553 5.0671e-02          0     4.5553     0.0255     0.5076     0.0000     4.6204     0.0000     0.0049     0.0000     0.5073    34.7629    34.7649    26.4721    26.4735     0.0337      1.027      0.387 0.0000e+00
    505.615      12136    242.626 -106.05134   20.20610    241.000    11.6710    11.6715   3.954989   3.955238 7.6576e-02    12.3545     4.5564 5.0671e-02          0     4.5564     0.0255     0.5072     0.0000     4.6201     0.0000     0.0049     0.0000     0.5069    34.7628    34.7648    26.4729    26.4744     0.0340      1.035      0.390 0.0000e+00
    506.467      12156    243.634 -106.05134   20.20610    242.000    11.6681    11.6686   3.954749   3.954979 7.6196e-02    12.3545     4.5564 5.0671e-02          0     4.5564     0.0254     0.5075     0.0000     4.6185     0.0000     0.0049     0.0000     0.5072    34.7627    34.7645    26.4735    26.4747     0.0348      1.060      0.399 0.0000e+00
    507.340      12177    244.641 -106.05134   20.20610    243.000    11.6644    11.6649   3.954416   3.954665 8.6416e-02    12.3550     4.5559 5.0671e-02          0     4.5559     0.0288     0.5072     0.0000     4.6179     0.0000     0.0049     0.0000     0.5069    34.7624    34.7644    26.4739    26.4754     0.0336      1.022      0.385 0.0000e+00
    508.301      12200    245.648 -106.05136   20.20610    244.000    11.6613    11.6618   3.954155   3.954389 7.6895e-02    12.3550     4.5559 5.0671e-02          0     4.5559     0.0256     0.5073     0.0000     4.6187     0.0000     0.0049     0.0000     0.5070    34.7624    34.7642    26.4745    26.4758     0.0358      1.091      0.411 0.0000e+00
    509.488      12229    246.656 -106.05136   20.20612    245.000    11.6576    11.6582   3.953831   3.954068 7.5869e-02    12.3549     4.5560 5.0671e-02          0     4.5560     0.0253     0.5074     0.0000     4.6203     0.0000     0.0049     0.0000     0.5071    34.7622    34.7640    26.4751    26.4763     0.0345      1.050      0.396 0.0000e+00
    510.845      12261    247.663 -106.05136   20.20612    246.000    11.6553    11.6558   3.953645   3.953888 7.4955e-02    12.3580     4.5525 5.0671e-02          0     4.5525     0.0250     0.5075     0.0000     4.6204     0.0000     0.0049     0.0000     0.5072    34.7621    34.7640    26.4755    26.4768     0.0359      1.093      0.412 0.0000e+00
    512.018      12289    248.671 -106.05136   20.20612    247.000    11.6524    11.6529   3.953414   3.953655 7.5465e-02    12.3540     4.5570 5.0671e-02          0     4.5570     0.0251     0.5076     0.0000     4.6159     0.0000     0.0049     0.0000     0.5073    34.7621    34.7640    26.4760    26.4774     0.0354      1.079      0.406 0.0000e+00
    513.002      12313    249.678 -106.05136   20.20612    248.000    11.6480    11.6485   3.953012   3.953259 7.6787e-02    12.3550     4.5559 5.0671e-02          0     4.5559     0.0256     0.5074     0.0000     4.6175     0.0000     0.0049     0.0000     0.5071    34.7618    34.7638    26.4767    26.4781     0.0341      1.038      0.391 0.0000e+00
    513.887      12334    250.685 -106.05136   20.20612    249.000    11.6398    11.6411   3.952232   3.952548 7.6218e-02    12.3569     4.5537 5.0671e-02          0     4.5537     0.0254     0.5073     0.0000     4.6169     0.0000     0.0049     0.0000     0.5070    34.7614    34.7633    26.4779    26.4791     0.0350      1.065      0.401 0.0000e+00
    514.711      12354    251.693 -106.05135   20.20612    250.000    11.6412    11.6420   3.952416   3.952668 7.7506e-02    12.3553     4.5556 5.0671e-02          0     4.5556     0.0258     0.5074     0.0000     4.6166     0.0000     0.0049     0.0000     0.5071    34.7615    34.7632    26.4777    26.4789     0.0362      1.102      0.415 0.0000e+00
    515.500      12373    252.700 -106.05134   20.20612    251.000    11.6152    11.6151   3.949777   3.949951 7.5766e-02    12.3540     4.5571 5.0671e-02          0     4.5571     0.0252     0.5078     0.0000     4.6144     0.0000     0.0049     0.0000     0.5075    34.7594    34.7612    26.4810    26.4824     0.0371      1.131      0.425 0.0000e+00
    516.292      12392    253.707 -106.05134   20.20612    252.000    11.5969    11.5973   3.947997   3.948221 7.5287e-02    12.3572     4.5534 5.0671e-02          0     4.5534     0.0251     0.5076     0.0000     4.6166     0.0000     0.0049     0.0000     0.5073    34.7586    34.7605    26.4838    26.4852     0.0345      1.049      0.394 0.0000e+00
    517.152      12413    254.715 -106.05134   20.20612    253.000    11.5813    11.5815   3.946454   3.946640 7.7494e-02    12.3561     4.5547 5.0671e-02          0     4.5547     0.0258     0.5074     0.0000     4.6178     0.0000     0.0049     0.0000     0.5071    34.7577    34.7593    26.4860    26.4872     0.0342      1.041      0.391 0.0000e+00
    518.200      12438    255.722 -106.05136   20.20612    254.000    11.5717    11.5720   3.945518   3.945733 8.0687e-02    12.3550     4.5559 5.0671e-02          0     4.5559     0.0269     0.5074     0.0000     4.6177     0.0000     0.0049     0.0000     0.5071    34.7570    34.7588    26.4873    26.4887     0.0350      1.064      0.400 0.0000e+00
    519.675      12473    256.730 -106.05136   20.20612    255.000    11.5607    11.5612   3.944444   3.944696 7.7273e-02    12.3536     4.5575 5.0671e-02          0     4.5575     0.0257     0.5073     0.0000     4.6184     0.0000     0.0049     0.0000     0.5070    34.7563    34.7583    26.4888    26.4903     0.0348      1.058      0.398 0.0000e+00
    521.390      12514    257.737 -106.05136   20.20612    256.000    11.5447    11.5451   3.942850   3.943101 7.5524e-02    12.3550     4.5559 5.0671e-02          0     4.5559     0.0252     0.5075     0.0000     4.6186     0.0000     0.0049     0.0000     0.5072    34.7552    34.7573    26.4910    26.4925     0.0357      1.087      0.408 0.0000e+00
    522.528      12542    258.745 -106.05136   20.20612    257.000    11.5332    11.5336   3.941766   3.941988 8.4453e-02    12.3546     4.5564 5.0671e-02          0     4.5564     0.0281     0.5074     0.0000     4.6177     0.0000     0.0049     0.0000     0.5071    34.7549    34.7567    26.4929    26.4942     0.0350      1.066      0.400 0.0000e+00
    523.377      12562    259.752 -106.05136   20.20612    258.000    11.5218    11.5221   3.940647   3.940873 7.8417e-02    12.3571     4.5535 5.0671e-02          0     4.5535     0.0261     0.5074     0.0000     4.6172     0.0000     0.0049     0.0000     0.5071    34.7541    34.7560    26.4944    26.4958     0.0346      1.054      0.396 0.0000e+00
    524.137      12580    260.759 -106.05136   20.20612    259.000    11.5123    11.5127   3.939749   3.939971 7.6941e-02    12.3538     4.5573 5.0671e-02          0     4.5573     0.0256     0.5075     0.0000     4.6177     0.0000     0.0049     0.0000     0.5072    34.7537    34.7556    26.4959    26.4972     0.0361      1.099      0.412 0.0000e+00
    524.892      12598    261.767 -106.05136   20.20612    260.000    11.5009    11.5011   3.938611   3.938805 7.5709e-02    12.3537     4.5574 5.0671e-02          0     4.5574     0.0252     0.5075     0.0000     4.6181     0.0000     0.0049     0.0000     0.5072    34.7527    34.7545    26.4972    26.4986     0.0362      1.102      0.414 0.0000e+00
    525.681      12617    262.774 -106.05136   20.20612    261.000    11.4766    11.4767   3.936188   3.936356 7.5097e-02    12.3531     4.5580 5.0671e-02          0     4.5580     0.0250     0.5076     0.0000     4.6190     0.0000     0.0049     0.0000     0.5073    34.7512    34.7528    26.5006    26.5018     0.0344      1.048      0.393 0.0000e+00
    526.520      12637    263.782 -106.05136   20.20612    262.000    11.4547    11.4549   3.934030   3.934226 7.3986e-02    12.3541     4.5569 5.0671e-02          0     4.5569     0.0246     0.5073     0.0000     4.6201     0.0000     0.0049     0.0000     0.5070    34.7501    34.7518    26.5038    26.5051     0.0341      1.039      0.389 0.0000e+00
    527.440      12660    264.789 -106.05136   20.20612    263.000    11.4384    11.4388   3.932456   3.932682 7.5615e-02    12.3531     4.5581 5.0671e-02          0     4.5581     0.0252     0.5073     0.0000     4.6204     0.0000     0.0049     0.0000     0.5070    34.7494    34.7513    26.5063    26.5077     0.0347      1.056      0.396 0.0000e+00
    528.445      12684    265.796 -106.05136   20.20612    264.000    11.4306    11.4309   3.931701   3.931897 7.5655e-02    12.3534     4.5577 5.0671e-02          0     4.5577     0.0252     0.5072     0.0000     4.6207     0.0000     0.0049     0.0000     0.5069    34.7488    34.7505    26.5073    26.5086     0.0325      0.988      0.370 0.0000e+00
    529.516      12709    266.804 -106.05134   20.20612    265.000    11.4168    11.4172   3.930339   3.930551 7.6607e-02    12.3523     4.5589 5.0671e-02          0     4.5589     0.0255     0.5072     0.0000     4.6212     0.0000     0.0049     0.0000     0.5069    34.7480    34.7497    26.5092    26.5105     0.0342      1.040      0.389 0.0000e+00
    530.656      12737    267.811 -106.05134   20.20612    266.000    11.4061    11.4064   3.929316   3.929521 7.5043e-02    12.3530     4.5582 5.0671e-02          0     4.5582     0.0250     0.5071     0.0000     4.6214     0.0000     0.0049     0.0000     0.5068    34.7474    34.7492    26.5107    26.5121     0.0333      1.015      0.380 0.0000e+00
    531.976      12768    268.819 -106.05134   20.20612    267.000    11.3954    11.3959   3.928288   3.928522 7.5091e-02    12.3535     4.5575 5.0671e-02          0     4.5575     0.0250     0.5070     0.0000     4.6211     0.0000     0.0049     0.0000     0.5067    34.7469    34.7487    26.5123    26.5137     0.0337      1.026      0.384 0.0000e+00
    533.405      12803    269.826 -106.05134   20.20612    268.000    11.3907    11.3912   3.927866   3.928111 7.6508e-02    12.3532     4.5579 5.0671e-02          0     4.5579     0.0255     0.5069     0.0000     4.1007     0.0000     0.0049     0.0000     0.5066    34.7467    34.7486    26.5131    26.5145     0.0334      1.017      0.381 0.0000e+00
    534.594      12831    270.834 -106.05134   20.20612    269.000    11.3878    11.3883   3.927639   3.927872 8.3044e-02    12.3540     4.5571 5.0671e-02          0     4.5571     0.0277     0.5072     0.0000     4.6356     0.0000     0.0049     0.0000     0.5069    34.7467    34.7486    26.5137    26.5150     0.0341      1.037      0.388 0.0000e+00
    535.527      12854    271.841 -106.05134   20.20612    270.000    11.3861    11.3866   3.927512   3.927761 7.6229e-02    12.3528     4.5584 5.0671e-02          0     4.5584     0.0254     0.5070     0.0000     4.6190     0.0000     0.0049     0.0000     0.5067    34.7467    34.7486    26.5140    26.5154     0.0332      1.011      0.379 0.0000e+00
    536.348      12873    272.849 -106.05134   20.20612    271.000    11.3859    11.3864   3.927546   3.927807 7.6734e-02    12.3522     4.5590 5.0671e-02          0     4.5590     0.0256     0.5071     0.0000     4.6198     0.0000     0.0049     0.0000     0.5068    34.7467    34.7488    26.5141    26.5156     0.0355      1.081      0.405 0.0000e+00
    537.148      12893    273.856 -106.05134   20.20612    272.000    11.3859    11.3865   3.927596   3.927835 7.5454e-02    12.3522     4.5590 5.0671e-02          0     4.5590     0.0251     0.5072     0.0000     4.6202     0.0000     0.0049     0.0000     0.5069    34.7468    34.7486    26.5142    26.5155     0.0336      1.022      0.383 0.0000e+00
    537.961      12912    274.864 -106.05134   20.20612    273.000    11.3857    11.3861   3.927618   3.927865 7.5380e-02    12.3533     4.5578 5.0671e-02          0     4.5578     0.0251     0.5070     0.0000     4.6206     0.0000     0.0049     0.0000     0.5067    34.7468    34.7488    26.5142    26.5157     0.0325      0.991      0.371 0.0000e+00
    538.814      12933    275.871 -106.05134   20.20612    274.000    11.3849    11.3855   3.927589   3.927832 7.6732e-02    12.3542     4.5567 5.0671e-02          0     4.5567     0.0255     0.5070     0.0000     4.6213     0.0000     0.0049     0.0000     0.5067    34.7468    34.7486    26.5144    26.5157     0.0331      1.008      0.377 0.0000e+00
    539.730      12955    276.879 -106.05134   20.20612    275.000    11.3820    11.3825   3.927333   3.927555 7.7090e-02    12.3618     4.5482 5.0671e-02          0     4.5482     0.0257     0.5069     0.0000     4.6215     0.0000     0.0049     0.0000     0.5066    34.7465    34.7483    26.5147    26.5160     0.0338      1.029      0.385 0.0000e+00
    540.709      12978    277.886 -106.05134   20.20612    276.000    11.3738    11.3739   3.926514   3.926714 7.6630e-02    12.3538     4.5573 5.0671e-02          0     4.5573     0.0255     0.5070     0.0000     4.6213     0.0000     0.0049     0.0000     0.5067    34.7457    34.7476    26.5156    26.5170     0.0331      1.006      0.377 0.0000e+00
    541.727      13002    278.894 -106.05134   20.20612    277.000    11.3535    11.3536   3.924511   3.924715 7.6465e-02    12.3561     4.5546 5.0671e-02          0     4.5546     0.0255     0.5069     0.0000     4.6209     0.0000     0.0049     0.0000     0.5066    34.7446    34.7465    26.5185    26.5200     0.0326      0.993      0.371 0.0000e+00
    542.766      13027    279.901 -106.05134   20.20612    278.000    11.3444    11.3447   3.923642   3.923846 7.5238e-02    12.3525     4.5588 5.0671e-02          0     4.5588     0.0250     0.5069     0.0000     4.6200     0.0000     0.0049     0.0000     0.5066    34.7441    34.7458    26.5198    26.5211     0.0337      1.026      0.384 0.0000e+00
