data/ctd-cnv/RR1804/RR1803-St33-P1/Station33_cast66.cnv
* Sea-Bird SBE 9 Data File:
* FileName = C:\CTD\RR1805\Station33_cast66.hex
* Software Version Seasave V 7.26.6.26
* Temperature SN = 4307
* Conductivity SN = 4650
* Number of Bytes Per Scan = 44
* Number of Voltage Words = 5
* Number of Scans Averaged by the Deck Unit = 1
* NMEA Latitude = 20 23.68 N
* NMEA Longitude = 106 08.01 W
* NMEA UTC (Time) = Apr 25 2018 15:02:53
** Ship: Revell
** Station: 33 (P1)
** Operator: Gabrielle
** cast 66
# nquan = 32
# nvalues = 501                         
# units = specified
# name 0 = timeS: Time, Elapsed [seconds]
# name 1 = scan: Scan Count
# name 2 = prDM: Pressure, Digiquartz [db]
# name 3 = longitude: Longitude [deg]
# name 4 = latitude: Latitude [deg]
# name 5 = depSMignore: Depth [salt water, m]
# name 6 = t090C: Temperature [ITS-90, deg C]
# name 7 = t190C: Temperature, 2 [ITS-90, deg C]
# name 8 = c0S/m: Conductivity [S/m]
# name 9 = c1S/m: Conductivity, 2 [S/m]
# name 10 = flSP: Fluorescence, Seapoint
# name 11 = CStarAt0: Beam Attenuation, WET Labs C-Star [1/m]
# name 12 = CStarTr0: Beam Transmission, WET Labs C-Star [%]
# name 13 = par: PAR/Irradiance, Biospherical/Licor
# name 14 = modError: Modulo Error Count
# name 15 = v0: Voltage 0
# name 16 = v1: Voltage 1
# name 17 = v2: Voltage 2
# name 18 = v3: Voltage 3
# name 19 = v4: Voltage 4
# name 20 = v5: Voltage 5
# name 21 = v6: Voltage 6
# name 22 = v7: Voltage 7
# name 23 = sbeox0V: Oxygen raw, SBE 43 [V]
# name 24 = sal00: Salinity, Practical [PSU]
# name 25 = sal11: Salinity, Practical, 2 [PSU]
# name 26 = sigma-é00: Density [sigma-theta, kg/m^3]
# name 27 = sigma-é11: Density, 2 [sigma-theta, kg/m^3]
# name 28 = sbeox0Mg/L: Oxygen, SBE 43 [mg/l], WS = 2
# name 29 = sbox0Mm/Kg: Oxygen, SBE 43 [umol/kg], WS = 2
# name 30 = sbeox0PS: Oxygen, SBE 43 [% saturation], WS = 2
# name 31 = flag: flag
# span 0 =     28.021,    819.635       
# span 1 =        673,      19672       
# span 2 =      1.006,    504.707       
# span 3 = -106.13358, -106.13354       
# span 4 =   20.39472,   20.39478       
# span 5 =      1.000,    501.000       
# span 6 =     8.4132,    25.4977       
# span 7 =     8.4032,    25.4985       
# span 8 =   3.643204,   5.322668       
# span 9 =   3.642405,   5.325928       
# span 10 = 7.3128e-02, 1.4763e+00      
# span 11 =    12.3422,    14.2765      
# span 12 =     4.2474,     4.5705      
# span 13 = 5.0665e-02, 1.2937e+03      
# span 14 =          0,          0      
# span 15 =     4.2474,     4.5705      
# span 16 =     0.0244,     0.4921      
# span 17 =     0.5064,     2.7254      
# span 18 =     0.0000,     0.0000      
# span 19 =     0.9259,     5.0963      
# span 20 =     0.0000,     0.0000      
# span 21 =     0.0049,     4.4003      
# span 22 =     0.0000,     0.0000      
# span 23 =     0.5061,     2.7254      
# span 24 =    34.5183,    34.8219      
# span 25 =    34.4415,    34.8238      
# span 26 =    22.9742,    26.8935      
# span 27 =    22.7682,    26.8961      
# span 28 =     0.0335,     6.9880      
# span 29 =      1.018,    213.472      
# span 30 =      0.358,    103.920      
# span 31 = 0.0000e+00, 0.0000e+00      
# interval = meters: 1                  
# start_time = Apr 25 2018 15:02:55 [System UTC, first data scan.]
# bad_flag = -9.990e-29
*END*
[from data line 454]
    714.974      17160    458.314 -106.13354   20.39474    455.000     8.9872     8.9871   3.696894   3.697067 7.6921e-02    12.3489     4.5629 5.0671e-02          0     4.5629     0.0256     0.5066     0.0000     4.6386     0.0000     0.0049     0.0000     0.5063    34.6118    34.6137    26.8242    26.8257     0.0352      1.071      0.380 0.0000e+00
    715.959      17184    459.322 -106.13354   20.39474    456.000     8.9599     8.9598   3.694293   3.694457 7.6923e-02    12.3508     4.5607 5.0671e-02          0     4.5607     0.0256     0.5069     0.0000     4.6386     0.0000     0.0049     0.0000     0.5066    34.6107    34.6124    26.8277    26.8291     0.0356      1.085      0.385 0.0000e+00
    716.881      17206    460.331 -106.13354   20.39474    457.000     8.9482     8.9484   3.693213   3.693417 7.7579e-02    12.3458     4.5664 5.0671e-02          0     4.5664     0.0258     0.5067     0.0000     4.6388     0.0000     0.0049     0.0000     0.5064    34.6103    34.6122    26.8292    26.8308     0.0349      1.062      0.377 0.0000e+00
    717.873      17230    461.339 -106.13354   20.39474    458.000     8.9432     8.9432   3.692776   3.692964 7.6801e-02    12.3457     4.5666 5.0671e-02          0     4.5666     0.0256     0.5067     0.0000     4.6387     0.0000     0.0049     0.0000     0.5064    34.6101    34.6121    26.8299    26.8314     0.0357      1.087      0.386 0.0000e+00
    719.037      17258    462.348 -106.13354   20.39474    459.000     8.9394     8.9398   3.692463   3.692687 7.7803e-02    12.3458     4.5664 5.0671e-02          0     4.5664     0.0259     0.5068     0.0000     4.6386     0.0000     0.0049     0.0000     0.5065    34.6100    34.6120    26.8305    26.8320     0.0352      1.070      0.380 0.0000e+00
    720.204      17286    463.356 -106.13354   20.39474    460.000     8.9327     8.9328   3.691851   3.692046 7.7045e-02    12.3465     4.5655 5.0671e-02          0     4.5655     0.0256     0.5068     0.0000     4.6380     0.0000     0.0049     0.0000     0.5065    34.6097    34.6117    26.8313    26.8328     0.0360      1.097      0.389 0.0000e+00
    721.180      17309    464.365 -106.13354   20.39474    461.000     8.9203     8.9204   3.690691   3.690900 7.6918e-02    12.3456     4.5666 5.0671e-02          0     4.5666     0.0256     0.5067     0.0000     4.6381     0.0000     0.0049     0.0000     0.5064    34.6091    34.6112    26.8328    26.8345     0.0346      1.054      0.374 0.0000e+00
    721.997      17329    465.373 -106.13354   20.39474    462.000     8.9044     8.9045   3.689190   3.689376 7.6539e-02    12.3458     4.5664 5.0671e-02          0     4.5664     0.0255     0.5067     0.0000     4.6377     0.0000     0.0049     0.0000     0.5064    34.6084    34.6103    26.8348    26.8363     0.0358      1.090      0.387 0.0000e+00
    722.758      17347    466.381 -106.13354   20.39474    463.000     8.8854     8.8859   3.687386   3.687597 7.6516e-02    12.3454     4.5669 5.0671e-02          0     4.5669     0.0255     0.5068     0.0000     4.6373     0.0000     0.0049     0.0000     0.5065    34.6075    34.6092    26.8371    26.8384     0.0354      1.076      0.381 0.0000e+00
    723.527      17366    467.390 -106.13355   20.39474    464.000     8.8771     8.8775   3.686606   3.686836 7.6915e-02    12.3473     4.5647 5.0671e-02          0     4.5647     0.0256     0.5067     0.0000     4.6374     0.0000     0.0049     0.0000     0.5064    34.6070    34.6090    26.8380    26.8395     0.0354      1.079      0.382 0.0000e+00
    724.384      17386    468.398 -106.13356   20.39474    465.000     8.8657     8.8659   3.685502   3.685686 7.6463e-02    12.3471     4.5649 5.0671e-02          0     4.5649     0.0255     0.5068     0.0000     4.6375     0.0000     0.0049     0.0000     0.5065    34.6061    34.6078    26.8391    26.8404     0.0375      1.142      0.405 0.0000e+00
    725.433      17411    469.407 -106.13356   20.39474    466.000     8.8423     8.8431   3.683226   3.683475 7.6117e-02    12.3459     4.5663 5.0671e-02          0     4.5663     0.0253     0.5070     0.0000     4.6368     0.0000     0.0049     0.0000     0.5067    34.6044    34.6063    26.8415    26.8429     0.0363      1.105      0.391 0.0000e+00
    726.674      17441    470.415 -106.13356   20.39474    467.000     8.8163     8.8150   3.680673   3.680733 7.7068e-02    12.3456     4.5667 5.0671e-02          0     4.5667     0.0257     0.5067     0.0000     4.6364     0.0000     0.0049     0.0000     0.5064    34.6025    34.6044    26.8442    26.8458     0.0340      1.034      0.366 0.0000e+00
    727.930      17471    471.424 -106.13356   20.39474    468.000     8.8012     8.8014   3.679242   3.679451 7.7045e-02    12.3460     4.5662 5.0671e-02          0     4.5662     0.0256     0.5067     0.0000     4.6344     0.0000     0.0049     0.0000     0.5064    34.6018    34.6037    26.8460    26.8474     0.0352      1.071      0.379 0.0000e+00
    729.220      17502    472.432 -106.13356   20.39474    469.000     8.7981     8.7982   3.678986   3.679183 7.6564e-02    12.3477     4.5642 5.0671e-02          0     4.5642     0.0255     0.5067     0.0000     4.6241     0.0000     0.0049     0.0000     0.5064    34.6017    34.6036    26.8464    26.8479     0.0362      1.101      0.389 0.0000e+00
    730.530      17534    473.441 -106.13356   20.39474    470.000     8.7979     8.7982   3.679028   3.679238 7.6810e-02    12.3470     4.5650 5.0671e-02          0     4.5650     0.0256     0.5068     0.0000     4.6199     0.0000     0.0049     0.0000     0.5065    34.6018    34.6037    26.8465    26.8480     0.0356      1.083      0.383 0.0000e+00
    731.652      17561    474.449 -106.13356   20.39474    471.000     8.7960     8.7953   3.678884   3.678992 7.6922e-02    12.3463     4.5658 5.0671e-02          0     4.5658     0.0256     0.5067     0.0000     4.5976     0.0000     0.0049     0.0000     0.5064    34.6017    34.6035    26.8467    26.8483     0.0356      1.083      0.383 0.0000e+00
    732.576      17583    475.458 -106.13356   20.39474    472.000     8.7881     8.7889   3.678139   3.678415 7.5436e-02    12.3473     4.5647 5.0671e-02          0     4.5647     0.0251     0.5069     0.0000     4.5973     0.0000     0.0049     0.0000     0.5066    34.6011    34.6032    26.8475    26.8491     0.0372      1.132      0.400 0.0000e+00
    733.404      17603    476.466 -106.13356   20.39474    473.000     8.7872     8.7877   3.678113   3.678342 7.6974e-02    12.3458     4.5664 5.0671e-02          0     4.5664     0.0256     0.5068     0.0000     4.5363     0.0000     0.0049     0.0000     0.5065    34.6012    34.6031    26.8478    26.8492     0.0351      1.069      0.378 0.0000e+00
    734.214      17622    477.474 -106.13356   20.39474    474.000     8.7853     8.7855   3.677943   3.678173 7.6396e-02    12.3452     4.5671 5.0671e-02          0     4.5671     0.0254     0.5068     0.0000     4.5641     0.0000     0.0049     0.0000     0.5065    34.6008    34.6031    26.8478    26.8495     0.0349      1.062      0.375 0.0000e+00
    735.057      17642    478.483 -106.13356   20.39474    475.000     8.7742     8.7765   3.676892   3.677287 7.6907e-02    12.3448     4.5675 5.0671e-02          0     4.5675     0.0256     0.5066     0.0000     4.6311     0.0000     0.0049     0.0000     0.5063    34.6001    34.6021    26.8490    26.8502     0.0352      1.072      0.379 0.0000e+00
    735.945      17664    479.492 -106.13356   20.39474    476.000     8.7640     8.7645   3.675946   3.676197 7.6751e-02    12.3462     4.5659 5.0671e-02          0     4.5659     0.0255     0.5068     0.0000     4.6341     0.0000     0.0049     0.0000     0.5065    34.5997    34.6018    26.8503    26.8518     0.0367      1.118      0.395 0.0000e+00
    736.845      17685    480.500 -106.13356   20.39474    477.000     8.7630     8.7629   3.675886   3.676070 7.7279e-02    12.3478     4.5641 5.0671e-02          0     4.5641     0.0257     0.5068     0.0000     4.6328     0.0000     0.0049     0.0000     0.5065    34.5996    34.6016    26.8504    26.8520     0.0353      1.073      0.379 0.0000e+00
    737.718      17706    481.509 -106.13356   20.39474    478.000     8.7590     8.7591   3.675541   3.675736 7.7092e-02    12.3464     4.5657 5.0671e-02          0     4.5657     0.0257     0.5068     0.0000     4.6196     0.0000     0.0049     0.0000     0.5065    34.5994    34.6013    26.8509    26.8524     0.0354      1.078      0.381 0.0000e+00
    738.605      17728    482.517 -106.13356   20.39474    479.000     8.7509     8.7508   3.674876   3.675063 7.6927e-02    12.3455     4.5667 5.0671e-02          0     4.5667     0.0256     0.5068     0.0000     4.6193     0.0000     0.0049     0.0000     0.5065    34.5998    34.6019    26.8524    26.8541     0.0372      1.132      0.400 0.0000e+00
    739.563      17751    483.526 -106.13357   20.39474    480.000     8.7293     8.7292   3.673006   3.673184 7.6923e-02    12.3457     4.5665 5.0671e-02          0     4.5665     0.0256     0.5070     0.0000     4.6213     0.0000     0.0049     0.0000     0.5067    34.6007    34.6027    26.8566    26.8582     0.0371      1.128      0.398 0.0000e+00
    740.657      17777    484.534 -106.13358   20.39474    481.000     8.7085     8.7084   3.671060   3.671240 7.6547e-02    12.3458     4.5663 5.0671e-02          0     4.5663     0.0255     0.5069     0.0000     4.6214     0.0000     0.0049     0.0000     0.5066    34.6001    34.6020    26.8594    26.8609     0.0352      1.071      0.378 0.0000e+00
    741.920      17807    485.543 -106.13358   20.39474    482.000     8.6916     8.6915   3.669494   3.669673 8.2113e-02    12.3457     4.5665 5.0671e-02          0     4.5665     0.0274     0.5068     0.0000     4.6213     0.0000     0.0049     0.0000     0.5065    34.5996    34.6016    26.8616    26.8632     0.0352      1.070      0.378 0.0000e+00
    743.243      17839    486.551 -106.13358   20.39474    483.000     8.6860     8.6862   3.669012   3.669232 7.6780e-02    12.3458     4.5664 5.0671e-02          0     4.5664     0.0256     0.5065     0.0000     4.6178     0.0000     0.0049     0.0000     0.5062    34.5995    34.6016    26.8625    26.8641     0.0344      1.047      0.370 0.0000e+00
    744.491      17869    487.560 -106.13358   20.39472    484.000     8.6764     8.6764   3.668129   3.668314 7.6404e-02    12.3476     4.5643 5.0671e-02          0     4.5643     0.0254     0.5068     0.0000     4.6199     0.0000     0.0049     0.0000     0.5065    34.5991    34.6011    26.8637    26.8652     0.0369      1.122      0.396 0.0000e+00
    745.600      17895    488.568 -106.13358   20.39472    485.000     8.6573     8.6573   3.666339   3.666533 7.6921e-02    12.3451     4.5672 5.0671e-02          0     4.5672     0.0256     0.5068     0.0000     4.6223     0.0000     0.0049     0.0000     0.5065    34.5984    34.6004    26.8661    26.8677     0.0363      1.104      0.389 0.0000e+00
    746.583      17919    489.577 -106.13357   20.39472    486.000     8.6376     8.6377   3.664476   3.664648 7.7575e-02    12.3462     4.5660 5.0671e-02          0     4.5660     0.0258     0.5068     0.0000     4.6082     0.0000     0.0049     0.0000     0.5065    34.5976    34.5993    26.8685    26.8699     0.0354      1.077      0.380 0.0000e+00
    747.493      17941    490.585 -106.13356   20.39472    487.000     8.6135     8.6140   3.662144   3.662357 7.7274e-02    12.3456     4.5666 5.0809e-02          0     4.5666     0.0257     0.5067     0.0000     4.6270     0.0000     0.0060     0.0000     0.5064    34.5961    34.5978    26.8711    26.8724     0.0351      1.069      0.376 0.0000e+00
    748.386      17962    491.594 -106.13356   20.39472    488.000     8.5851     8.5842   3.659402   3.659469 7.6762e-02    12.3457     4.5665 5.0835e-02          0     4.5665     0.0256     0.5067     0.0000     4.6385     0.0000     0.0063     0.0000     0.5064    34.5944    34.5960    26.8742    26.8756     0.0367      1.117      0.393 0.0000e+00
    749.334      17985    492.602 -106.13356   20.39472    489.000     8.5675     8.5677   3.657741   3.657948 7.6923e-02    12.3450     4.5673 5.0702e-02          0     4.5673     0.0256     0.5069     0.0000     4.6388     0.0000     0.0052     0.0000     0.5066    34.5936    34.5956    26.8763    26.8778     0.0350      1.065      0.375 0.0000e+00
    750.317      18009    493.611 -106.13358   20.39472    490.000     8.5580     8.5583   3.656887   3.657099 7.6923e-02    12.3458     4.5663 5.0671e-02          0     4.5663     0.0256     0.5065     0.0000     4.6382     0.0000     0.0049     0.0000     0.5062    34.5934    34.5954    26.8776    26.8791     0.0335      1.018      0.358 0.0000e+00
    751.276      18032    494.620 -106.13358   20.39472    491.000     8.5534     8.5537   3.656477   3.656693 8.8305e-02    12.3463     4.5659 5.0671e-02          0     4.5659     0.0294     0.5065     0.0000     4.6392     0.0000     0.0049     0.0000     0.5062    34.5931    34.5951    26.8782    26.8796     0.0365      1.110      0.391 0.0000e+00
    752.211      18054    495.628 -106.13358   20.39474    492.000     8.5456     8.5459   3.655738   3.655956 8.0088e-02    12.3453     4.5670 5.0671e-02          0     4.5670     0.0267     0.5068     0.0000     4.6395     0.0000     0.0049     0.0000     0.5065    34.5924    34.5944    26.8788    26.8803     0.0371      1.128      0.397 0.0000e+00
    753.138      18076    496.637 -106.13358   20.39474    493.000     8.5395     8.5399   3.655176   3.655407 7.6287e-02    12.3456     4.5667 5.0671e-02          0     4.5667     0.0254     0.5067     0.0000     4.6390     0.0000     0.0049     0.0000     0.5064    34.5920    34.5941    26.8794    26.8810     0.0353      1.075      0.378 0.0000e+00
    754.060      18098    497.645 -106.13358   20.39474    494.000     8.5342     8.5344   3.654674   3.654883 7.6589e-02    12.3445     4.5680 5.0671e-02          0     4.5680     0.0255     0.5067     0.0000     4.6386     0.0000     0.0049     0.0000     0.5064    34.5915    34.5934    26.8798    26.8813     0.0353      1.074      0.378 0.0000e+00
    754.998      18121    498.654 -106.13358   20.39474    495.000     8.5253     8.5254   3.653837   3.654025 7.6319e-02    12.3451     4.5672 5.0671e-02          0     4.5672     0.0254     0.5067     0.0000     4.6381     0.0000     0.0049     0.0000     0.5065    34.5908    34.5927    26.8807    26.8821     0.0353      1.075      0.378 0.0000e+00
    756.020      18145    499.662 -106.13358   20.39474    496.000     8.5180     8.5183   3.653172   3.653394 9.5981e-02    12.3446     4.5678 5.0671e-02          0     4.5678     0.0320     0.5065     0.0000     4.6378     0.0000     0.0049     0.0000     0.5062    34.5905    34.5925    26.8816    26.8831     0.0344      1.047      0.368 0.0000e+00
    757.193      18174    500.671 -106.13358   20.39474    497.000     8.5084     8.5086   3.652331   3.652531 8.9257e-02    12.3449     4.5675 5.0693e-02          0     4.5675     0.0297     0.5066     0.0000     4.6384     0.0000     0.0051     0.0000     0.5063    34.5904    34.5924    26.8830    26.8846     0.0355      1.081      0.380 0.0000e+00
    760.098      18243    501.680 -106.13358   20.39472    498.000     8.5096     8.5140   3.652517   3.653151 7.7622e-02    12.3451     4.5672 5.0685e-02          0     4.5672     0.0258     0.5066     0.0000     4.6386     0.0000     0.0050     0.0000     0.5063    34.5908    34.5932    26.8832    26.8844     0.0354      1.077      0.378 0.0000e+00
