data/ctd-cnv/RR1804/RR1803-St33-P1/Station33_cast62.cnv
* Sea-Bird SBE 9 Data File:
* FileName = C:\CTD\RR1805\Station33_cast62.hex
* Software Version Seasave V 7.26.6.26
* Temperature SN = 4307
* Conductivity SN = 4650
* Number of Bytes Per Scan = 44
* Number of Voltage Words = 5
* Number of Scans Averaged by the Deck Unit = 1
* NMEA Latitude = 20 12.36 N
* NMEA Longitude = 106 03.08 W
* NMEA UTC (Time) = Apr 22 2018 22:00:31
** Ship: Revell
** Station: On Deck
** Operator: GR
** Station 33 P1 cast 62
# nquan = 32
# nvalues = 1495                        
# units = specified
# name 0 = timeS: Time, Elapsed [seconds]
# name 1 = scan: Scan Count
# name 2 = prDM: Pressure, Digiquartz [db]
# name 3 = longitude: Longitude [deg]
# name 4 = latitude: Latitude [deg]
# name 5 = depSM: Depth [salt water, m]
# name 6 = t090C: Temperature [ITS-90, deg C]
# name 7 = t190C: Temperature, 2 [ITS-90, deg C]
# name 8 = c0S/m: Conductivity [S/m]
# name 9 = c1S/m: Conductivity, 2 [S/m]
# name 10 = flSP: Fluorescence, Seapoint
# name 11 = CStarAt0: Beam Attenuation, WET Labs C-Star [1/m]
# name 12 = CStarTr0: Beam Transmission, WET Labs C-Star [%]
# name 13 = par: PAR/Irradiance, Biospherical/Licor
# name 14 = modError: Modulo Error Count
# name 15 = v0: Voltage 0
# name 16 = v1: Voltage 1
# name 17 = v2: Voltage 2
# name 18 = v3: Voltage 3
# name 19 = v4: Voltage 4
# name 20 = v5: Voltage 5
# name 21 = v6: Voltage 6
# name 22 = v7: Voltage 7
# name 23 = sbeox0V: Oxygen raw, SBE 43 [V]
# name 24 = sal00: Salinity, Practical [PSU]
# name 25 = sal11: Salinity, Practical, 2 [PSU]
# name 26 = sigma-é00: Density [sigma-theta, kg/m^3]
# name 27 = sigma-é11: Density, 2 [sigma-theta, kg/m^3]
# name 28 = sbeox0Mg/L: Oxygen, SBE 43 [mg/l], WS = 2
# name 29 = sbox0Mm/Kg: Oxygen, SBE 43 [umol/kg], WS = 2
# name 30 = sbeox0PS: Oxygen, SBE 43 [% saturation], WS = 2
# name 31 = flag: flag
# span 0 =      0.501,   1831.846       
# span 1 =         13,      43965       
# span 2 =      8.049,   1516.748       
# span 3 = -106.05138, -106.05132       
# span 4 =   20.20608,   20.20614       
# span 5 =      8.000,   1502.000       
# span 6 =     3.0539,    23.5226       
# span 7 =     3.0540,    23.5196       
# span 8 =   3.204240,   5.095645       
# span 9 =   3.204339,   5.095351       
# span 10 = 6.7958e-02, 3.0497e+00      
# span 11 =    12.3330,    12.7209      
# span 12 =     4.1577,     4.5809      
# span 13 = 5.0654e-02, 6.9803e+01      
# span 14 =          0,          0      
# span 15 =     4.1577,     4.5809      
# span 16 =     0.0226,     1.0166      
# span 17 =     0.5055,     2.6450      
# span 18 =     0.0000,     0.0000      
# span 19 =     2.0926,     4.7132      
# span 20 =     0.0000,     0.0000      
# span 21 =     0.0048,     3.1412      
# span 22 =     0.0000,     0.0000      
# span 23 =     0.5052,     2.6450      
# span 24 =    34.4604,    34.8194      
# span 25 =    34.4580,    34.8206      
# span 26 =    23.4468,    27.5691      
# span 27 =    23.4477,    27.5700      
# span 28 =     0.0292,     6.5274      
# span 29 =      0.888,    199.310      
# span 30 =      0.307,     93.744      
# span 31 = 0.0000e+00, 0.0000e+00      
# interval = meters: 1                  
# start_time = Apr 22 2018 22:00:32 [System UTC, first data scan.]
# bad_flag = -9.990e-29
*END*
[from data line 726]
   1002.472      24060    739.838 -106.05134   20.20610    734.000     5.8748     5.8754   3.415726   3.415966 7.3081e-02    12.3337     4.5802 5.2305e-02          0     4.5802     0.0243     0.5065     0.0000     4.6396     0.0000     0.0185     0.0000     0.5063    34.5199    34.5220    27.1973    27.1988     0.0380      1.156      0.383 0.0000e+00
   1003.392      24082    740.848 -106.05134   20.20610    735.000     5.8736     5.8743   3.415659   3.415883 7.3255e-02    12.3336     4.5803 5.7364e-02          0     4.5803     0.0244     0.5065     0.0000     4.6398     0.0000     0.0581     0.0000     0.5063    34.5199    34.5216    27.1974    27.1987     0.0372      1.131      0.374 0.0000e+00
   1004.751      24115    741.858 -106.05134   20.20610    736.000     5.8730     5.8733   3.415644   3.415838 7.3260e-02    12.3345     4.5793 5.4611e-02          0     4.5793     0.0244     0.5064     0.0000     4.6398     0.0000     0.0368     0.0000     0.5062    34.5198    34.5217    27.1975    27.1989     0.0408      1.243      0.411 0.0000e+00
   1006.267      24151    742.867 -106.05134   20.20610    737.000     5.8720     5.8727   3.415616   3.415850 7.3150e-02    12.3347     4.5791 5.5776e-02          0     4.5791     0.0244     0.5067     0.0000     4.6398     0.0000     0.0459     0.0000     0.5065    34.5200    34.5220    27.1977    27.1992     0.0399      1.215      0.402 0.0000e+00
   1007.444      24180    743.877 -106.05134   20.20612    738.000     5.8701     5.8710   3.415486   3.415750 7.3114e-02    12.3339     4.5800 5.8392e-02          0     4.5800     0.0244     0.5068     0.0000     4.6400     0.0000     0.0659     0.0000     0.5066    34.5200    34.5220    27.1980    27.1995     0.0417      1.268      0.419 0.0000e+00
   1008.481      24205    744.887 -106.05134   20.20612    739.000     5.8687     5.8698   3.415422   3.415683 7.4178e-02    12.3343     4.5796 5.8443e-02          0     4.5796     0.0247     0.5067     0.0000     4.6402     0.0000     0.0660     0.0000     0.5065    34.5202    34.5220    27.1983    27.1996     0.0395      1.202      0.398 0.0000e+00
   1009.471      24228    745.896 -106.05134   20.20612    740.000     5.8670     5.8677   3.415307   3.415546 7.3873e-02    12.3369     4.5766 5.8767e-02          0     4.5766     0.0246     0.5067     0.0000     4.6408     0.0000     0.0683     0.0000     0.5065    34.5201    34.5221    27.1985    27.2000     0.0413      1.256      0.415 0.0000e+00
   1010.420      24251    746.906 -106.05134   20.20612    741.000     5.8591     5.8596   3.414610   3.414835 7.3271e-02    12.3344     4.5794 5.5484e-02          0     4.5794     0.0244     0.5069     0.0000     4.6407     0.0000     0.0437     0.0000     0.5067    34.5198    34.5218    27.1992    27.2007     0.0419      1.276      0.422 0.0000e+00
   1011.311      24272    747.916 -106.05134   20.20612    742.000     5.8430     5.8433   3.413236   3.413437 7.3260e-02    12.3341     4.5798 5.4537e-02          0     4.5798     0.0244     0.5068     0.0000     4.6405     0.0000     0.0363     0.0000     0.5066    34.5202    34.5221    27.2016    27.2031     0.0385      1.172      0.388 0.0000e+00
   1012.148      24293    748.926 -106.05134   20.20612    743.000     5.8362     5.8365   3.412659   3.412866 7.3627e-02    12.3338     4.5801 5.5792e-02          0     4.5801     0.0245     0.5066     0.0000     4.6403     0.0000     0.0462     0.0000     0.5064    34.5201    34.5221    27.2023    27.2038     0.0393      1.195      0.395 0.0000e+00
   1012.970      24312    749.936 -106.05134   20.20612    744.000     5.8259     5.8261   3.411753   3.411953 7.3264e-02    12.3335     4.5804 5.7196e-02          0     4.5804     0.0244     0.5068     0.0000     4.6407     0.0000     0.0569     0.0000     0.5066    34.5198    34.5219    27.2034    27.2050     0.0431      1.312      0.434 0.0000e+00
   1013.825      24333    750.945 -106.05134   20.20612    745.000     5.8080     5.8077   3.410176   3.410304 7.2938e-02    12.3340     4.5799 5.6966e-02          0     4.5799     0.0243     0.5071     0.0000     4.6409     0.0000     0.0549     0.0000     0.5069    34.5197    34.5215    27.2055    27.2070     0.0456      1.386      0.458 0.0000e+00
   1014.779      24356    751.955 -106.05134   20.20612    746.000     5.7832     5.7829   3.407990   3.408129 7.3248e-02    12.3341     4.5798 5.4557e-02          0     4.5798     0.0244     0.5071     0.0000     4.6409     0.0000     0.0363     0.0000     0.5069    34.5199    34.5217    27.2087    27.2102     0.0441      1.343      0.443 0.0000e+00
   1015.981      24385    752.965 -106.05134   20.20612    747.000     5.7639     5.7640   3.406302   3.406483 7.3364e-02    12.3335     4.5804 5.5940e-02          0     4.5804     0.0244     0.5073     0.0000     4.6409     0.0000     0.0471     0.0000     0.5071    34.5199    34.5218    27.2111    27.2126     0.0424      1.290      0.426 0.0000e+00
   1017.394      24418    753.975 -106.05134   20.20612    748.000     5.7571     5.7576   3.405734   3.405962 7.2803e-02    12.3343     4.5795 5.6169e-02          0     4.5795     0.0243     0.5073     0.0000     4.6410     0.0000     0.0490     0.0000     0.5071    34.5199    34.5219    27.2120    27.2135     0.0451      1.373      0.453 0.0000e+00
   1018.625      24448    754.985 -106.05134   20.20612    749.000     5.7525     5.7529   3.405377   3.405592 7.2981e-02    12.3358     4.5778 5.4456e-02          0     4.5778     0.0243     0.5073     0.0000     4.6411     0.0000     0.0358     0.0000     0.5071    34.5200    34.5220    27.2127    27.2142     0.0454      1.382      0.456 0.0000e+00
   1019.641      24472    755.995 -106.05134   20.20612    750.000     5.7454     5.7454   3.404783   3.404974 7.3270e-02    12.3347     4.5791 5.4618e-02          0     4.5791     0.0244     0.5079     0.0000     4.6410     0.0000     0.0369     0.0000     0.5077    34.5201    34.5222    27.2136    27.2153     0.0470      1.430      0.472 0.0000e+00
   1020.504      24493    757.004 -106.05134   20.20612    751.000     5.7389     5.7392   3.404260   3.404453 7.3260e-02    12.3353     4.5784 5.4202e-02          0     4.5784     0.0244     0.5075     0.0000     4.6403     0.0000     0.0336     0.0000     0.5073    34.5202    34.5221    27.2145    27.2160     0.0415      1.262      0.416 0.0000e+00
   1021.308      24512    758.014 -106.05134   20.20612    752.000     5.7356     5.7362   3.403994   3.404257 7.3442e-02    12.3368     4.5767 5.2994e-02          0     4.5767     0.0245     0.5075     0.0000     4.6403     0.0000     0.0237     0.0000     0.5073    34.5201    34.5225    27.2148    27.2166     0.0440      1.340      0.442 0.0000e+00
   1022.127      24532    759.024 -106.05134   20.20612    753.000     5.7343     5.7349   3.403943   3.404167 7.2906e-02    12.3365     4.5771 5.1502e-02          0     4.5771     0.0243     0.5075     0.0000     4.6409     0.0000     0.0118     0.0000     0.5073    34.5203    34.5223    27.2152    27.2167     0.0480      1.459      0.481 0.0000e+00
   1023.018      24553    760.034 -106.05134   20.20612    754.000     5.7274     5.7274   3.403356   3.403528 7.2761e-02    12.3357     4.5779 5.0942e-02          0     4.5779     0.0242     0.5079     0.0000     4.6410     0.0000     0.0072     0.0000     0.5077    34.5203    34.5223    27.2160    27.2176     0.0482      1.466      0.484 0.0000e+00
   1023.992      24577    761.044 -106.05134   20.20612    755.000     5.7225     5.7227   3.402965   3.403162 7.2965e-02    12.3338     4.5801 5.1702e-02          0     4.5801     0.0243     0.5079     0.0000     4.6410     0.0000     0.0134     0.0000     0.5077    34.5203    34.5223    27.2166    27.2182     0.0458      1.394      0.460 0.0000e+00
   1025.063      24603    762.053 -106.05134   20.20612    756.000     5.7209     5.7213   3.402872   3.403086 7.3121e-02    12.3337     4.5802 5.2046e-02          0     4.5802     0.0244     0.5078     0.0000     4.6410     0.0000     0.0163     0.0000     0.5076    34.5204    34.5224    27.2169    27.2185     0.0439      1.335      0.440 0.0000e+00
   1026.245      24631    763.063 -106.05134   20.20612    757.000     5.7149     5.7150   3.402368   3.402543 7.3259e-02    12.3340     4.5799 5.1510e-02          0     4.5799     0.0244     0.5077     0.0000     4.6410     0.0000     0.0119     0.0000     0.5075    34.5203    34.5222    27.2176    27.2190     0.0462      1.405      0.463 0.0000e+00
   1027.517      24661    764.073 -106.05134   20.20612    758.000     5.7022     5.7033   3.401261   3.401538 7.3260e-02    12.3339     4.5800 5.1079e-02          0     4.5800     0.0244     0.5079     0.0000     4.6411     0.0000     0.0083     0.0000     0.5077    34.5203    34.5223    27.2191    27.2206     0.0466      1.418      0.467 0.0000e+00
   1028.690      24690    765.083 -106.05134   20.20612    759.000     5.6987     5.6993   3.400994   3.401222 7.3537e-02    12.3334     4.5806 5.1130e-02          0     4.5806     0.0245     0.5079     0.0000     4.6410     0.0000     0.0087     0.0000     0.5077    34.5204    34.5223    27.2196    27.2211     0.0458      1.394      0.459 0.0000e+00
   1029.735      24715    766.093 -106.05134   20.20612    760.000     5.6979     5.6982   3.400957   3.401174 7.3412e-02    12.3338     4.5801 5.0954e-02          0     4.5801     0.0244     0.5079     0.0000     4.6411     0.0000     0.0073     0.0000     0.5077    34.5203    34.5224    27.2197    27.2213     0.0465      1.413      0.466 0.0000e+00
   1030.727      24738    767.103 -106.05134   20.20612    761.000     5.6981     5.6984   3.401030   3.401246 7.2956e-02    12.3338     4.5801 5.1041e-02          0     4.5801     0.0243     0.5079     0.0000     4.6414     0.0000     0.0080     0.0000     0.5077    34.5204    34.5224    27.2197    27.2213     0.0461      1.402      0.462 0.0000e+00
   1031.669      24761    768.113 -106.05134   20.20612    762.000     5.6981     5.6985   3.401076   3.401289 7.3261e-02    12.3351     4.5786 5.0828e-02          0     4.5786     0.0244     0.5079     0.0000     4.6415     0.0000     0.0062     0.0000     0.5077    34.5204    34.5224    27.2198    27.2213     0.0457      1.390      0.458 0.0000e+00
   1032.554      24782    769.122 -106.05134   20.20612    763.000     5.6973     5.6980   3.401058   3.401291 7.4592e-02    12.3346     4.5792 5.0997e-02          0     4.5792     0.0248     0.5078     0.0000     4.6410     0.0000     0.0076     0.0000     0.5076    34.5205    34.5224    27.2199    27.2214     0.0457      1.390      0.458 0.0000e+00
   1033.359      24802    770.132 -106.05134   20.20612    764.000     5.6942     5.6950   3.400825   3.401066 7.3219e-02    12.3378     4.5755 5.1691e-02          0     4.5755     0.0244     0.5079     0.0000     4.6409     0.0000     0.0134     0.0000     0.5077    34.5205    34.5224    27.2203    27.2218     0.0467      1.422      0.468 0.0000e+00
   1034.118      24820    771.142 -106.05134   20.20612    765.000     5.6914     5.6917   3.400602   3.400800 7.3260e-02    12.3375     4.5759 5.1221e-02          0     4.5759     0.0244     0.5079     0.0000     4.6409     0.0000     0.0095     0.0000     0.5077    34.5204    34.5223    27.2206    27.2221     0.0466      1.419      0.467 0.0000e+00
   1034.875      24838    772.152 -106.05134   20.20612    766.000     5.6881     5.6884   3.400355   3.400553 7.3062e-02    12.3346     4.5792 5.0803e-02          0     4.5792     0.0243     0.5080     0.0000     4.6413     0.0000     0.0060     0.0000     0.5078    34.5204    34.5223    27.2210    27.2225     0.0466      1.419      0.467 0.0000e+00
   1035.701      24858    773.162 -106.05134   20.20612    767.000     5.6841     5.6843   3.400021   3.400214 7.2567e-02    12.3341     4.5798 5.1775e-02          0     4.5798     0.0242     0.5079     0.0000     4.6413     0.0000     0.0138     0.0000     0.5077    34.5202    34.5222    27.2214    27.2230     0.0456      1.386      0.457 0.0000e+00
   1036.728      24882    774.172 -106.05134   20.20612    768.000     5.6765     5.6767   3.399354   3.399555 7.2998e-02    12.3358     4.5778 5.0990e-02          0     4.5778     0.0243     0.5079     0.0000     4.6411     0.0000     0.0076     0.0000     0.5077    34.5199    34.5220    27.2221    27.2237     0.0470      1.429      0.471 0.0000e+00
   1038.268      24919    775.182 -106.05134   20.20612    769.000     5.6600     5.6605   3.397922   3.398148 7.3444e-02    12.3344     4.5794 5.1124e-02          0     4.5794     0.0245     0.5080     0.0000     4.6411     0.0000     0.0087     0.0000     0.5078    34.5201    34.5220    27.2242    27.2257     0.0464      1.413      0.465 0.0000e+00
   1039.819      24957    776.192 -106.05134   20.20612    770.000     5.6522     5.6523   3.397249   3.397429 7.3609e-02    12.3348     4.5790 5.1431e-02          0     4.5790     0.0245     0.5081     0.0000     4.6411     0.0000     0.0112     0.0000     0.5079    34.5199    34.5218    27.2250    27.2265     0.0504      1.535      0.505 0.0000e+00
   1040.943      24984    777.202 -106.05134   20.20612    771.000     5.6259     5.6257   3.394938   3.395098 7.3089e-02    12.3347     4.5791 5.0654e-02          0     4.5791     0.0243     0.5081     0.0000     4.6386     0.0000     0.0048     0.0000     0.5079    34.5200    34.5220    27.2283    27.2299     0.0479      1.457      0.479 0.0000e+00
   1041.855      25006    778.212 -106.05134   20.20612    772.000     5.6154     5.6157   3.394027   3.394206 7.2884e-02    12.3347     4.5792 5.0860e-02          0     4.5792     0.0243     0.5085     0.0000     4.6235     0.0000     0.0065     0.0000     0.5083    34.5198    34.5216    27.2295    27.2309     0.0543      1.651      0.543 0.0000e+00
   1042.666      25025    779.222 -106.05134   20.20612    773.000     5.6018     5.6020   3.392861   3.393042 7.3269e-02    12.3346     4.5793 5.0950e-02          0     4.5793     0.0244     0.5088     0.0000     4.6291     0.0000     0.0072     0.0000     0.5086    34.5200    34.5219    27.2313    27.2327     0.0527      1.605      0.528 0.0000e+00
   1043.461      25044    780.232 -106.05134   20.20612    774.000     5.5975     5.5981   3.392510   3.392738 7.2544e-02    12.3345     4.5793 5.0899e-02          0     4.5793     0.0242     0.5087     0.0000     4.6299     0.0000     0.0068     0.0000     0.5085    34.5200    34.5219    27.2318    27.2333     0.0508      1.544      0.508 0.0000e+00
   1044.289      25064    781.242 -106.05134   20.20612    775.000     5.5910     5.5918   3.391960   3.392200 7.3239e-02    12.3345     4.5794 5.0776e-02          0     4.5794     0.0244     0.5087     0.0000     4.6230     0.0000     0.0058     0.0000     0.5085    34.5198    34.5217    27.2324    27.2339     0.0500      1.522      0.500 0.0000e+00
   1045.211      25086    782.252 -106.05134   20.20612    776.000     5.5800     5.5809   3.391035   3.391275 7.3260e-02    12.3346     4.5792 5.1236e-02          0     4.5792     0.0244     0.5087     0.0000     4.6227     0.0000     0.0096     0.0000     0.5085    34.5200    34.5218    27.2340    27.2353     0.0528      1.606      0.528 0.0000e+00
   1046.245      25111    783.261 -106.05134   20.20612    777.000     5.5763     5.5770   3.390747   3.390974 7.3260e-02    12.3352     4.5785 5.1479e-02          0     4.5785     0.0244     0.5091     0.0000     4.6227     0.0000     0.0116     0.0000     0.5089    34.5200    34.5220    27.2344    27.2359     0.0557      1.694      0.557 0.0000e+00
