data/ctd-cnv/RR1804/RR1803-St33-P1/Station33_cast67real.cnv
* Sea-Bird SBE 9 Data File:
* FileName = C:\CTD\RR1805\Station33_cast67real.hex
* Software Version Seasave V 7.26.6.26
* Temperature SN = 4307
* Conductivity SN = 4650
* Number of Bytes Per Scan = 44
* Number of Voltage Words = 5
* Number of Scans Averaged by the Deck Unit = 1
* NMEA Latitude = 20 24.64 N
* NMEA Longitude = 106 08.07 W
* NMEA UTC (Time) = Apr 26 2018 00:07:04
** Ship: Revell
** Station: P1 cast 67
** Operator: Clara
# nquan = 32
# nvalues = 152                         
# units = specified
# name 0 = timeS: Time, Elapsed [seconds]
# name 1 = scan: Scan Count
# name 2 = prDM: Pressure, Digiquartz [db]
# name 3 = longitude: Longitude [deg]
# name 4 = latitude: Latitude [deg]
# name 5 = depSM: Depth [salt water, m]
# name 6 = t090C: Temperature [ITS-90, deg C]
# name 7 = t190C: Temperature, 2 [ITS-90, deg C]
# name 8 = c0S/m: Conductivity [S/m]
# name 9 = c1S/m: Conductivity, 2 [S/m]
# name 10 = flSP: Fluorescence, Seapoint
# name 11 = CStarAt0: Beam Attenuation, WET Labs C-Star [1/m]
# name 12 = CStarTr0: Beam Transmission, WET Labs C-Star [%]
# name 13 = par: PAR/Irradiance, Biospherical/Licor
# name 14 = modError: Modulo Error Count
# name 15 = v0: Voltage 0
# name 16 = v1: Voltage 1
# name 17 = v2: Voltage 2
# name 18 = v3: Voltage 3
# name 19 = v4: Voltage 4
# name 20 = v5: Voltage 5
# name 21 = v6: Voltage 6
# name 22 = v7: Voltage 7
# name 23 = sbeox0V: Oxygen raw, SBE 43 [V]
# name 24 = sal00: Salinity, Practical [PSU]
# name 25 = sal11: Salinity, Practical, 2 [PSU]
# name 26 = sigma-é00: Density [sigma-theta, kg/m^3]
# name 27 = sigma-é11: Density, 2 [sigma-theta, kg/m^3]
# name 28 = sbeox0Mg/L: Oxygen, SBE 43 [mg/l], WS = 2
# name 29 = sbox0Mm/Kg: Oxygen, SBE 43 [umol/kg], WS = 2
# name 30 = sbeox0PS: Oxygen, SBE 43 [% saturation], WS = 2
# name 31 = flag: flag
# span 0 =     50.467,    529.491       
# span 1 =       1212,      12709       
# span 2 =      1.006,    152.994       
# span 3 = -106.13466, -106.13461       
# span 4 =   20.41080,   20.41084       
# span 5 =      1.000,    152.000       
# span 6 =    12.7475,    26.3310       
# span 7 =    12.7492,    26.3293       
# span 8 =   4.059479,   5.405259       
# span 9 =   4.059837,   5.634083       
# span 10 = 7.8764e-02, 2.0562e+00      
# span 11 =    12.3605,    14.7910      
# span 12 =     4.1686,     4.5497      
# span 13 = 5.0670e-02, 1.0737e+02      
# span 14 =          0,          0      
# span 15 =     4.1686,     4.5497      
# span 16 =     0.0263,     0.6854      
# span 17 =     0.5069,     2.7945      
# span 18 =     0.0000,     0.0000      
# span 19 =     1.8239,     4.6435      
# span 20 =     0.0000,     0.0000      
# span 21 =     0.0049,     3.1668      
# span 22 =     0.0000,     0.0000      
# span 23 =     0.5066,     2.7945      
# span 24 =    34.5022,    34.8293      
# span 25 =    34.5186,    36.3703      
# span 26 =    22.6695,    26.3035      
# span 27 =    22.7799,    26.3046      
# span 28 =     0.0317,     6.6653      
# span 29 =      0.966,    203.635      
# span 30 =      0.372,    100.300      
# span 31 = 0.0000e+00, 0.0000e+00      
# interval = meters: 1                  
# start_time = Apr 26 2018 00:07:00 [System UTC, first data scan.]
# bad_flag = -9.990e-29
*END*
[from data line 136]
    453.030      10874    137.891 -106.13462   20.41080    137.000    13.0316    13.0322   4.087394   4.087602 8.2805e-02    12.3608     4.5493 5.0671e-02          0     4.5493     0.0276     0.5079     0.0000     4.6398     0.0000     0.0049     0.0000     0.5076    34.8257    34.8271    26.2553    26.2563     0.0355      1.080      0.419 0.0000e+00
    453.945      10896    138.898 -106.13462   20.41080    138.000    13.0256    13.0260   4.086807   4.086983 8.2916e-02    12.3613     4.5487 5.0671e-02          0     4.5487     0.0277     0.5079     0.0000     4.6398     0.0000     0.0049     0.0000     0.5076    34.8252    34.8265    26.2562    26.2571     0.0352      1.074      0.416 0.0000e+00
    454.858      10918    139.905 -106.13462   20.41080    139.000    13.0055    13.0060   4.084927   4.085103 8.1078e-02    12.3615     4.5484 5.0671e-02          0     4.5484     0.0271     0.5079     0.0000     4.6398     0.0000     0.0049     0.0000     0.5076    34.8253    34.8266    26.2603    26.2612     0.0353      1.074      0.416 0.0000e+00
    455.765      10939    140.912 -106.13463   20.41080    140.000    12.9766    12.9765   4.082130   4.082258 8.0375e-02    12.3609     4.5492 5.0671e-02          0     4.5492     0.0268     0.5079     0.0000     4.6398     0.0000     0.0049     0.0000     0.5076    34.8249    34.8262    26.2658    26.2668     0.0353      1.074      0.416 0.0000e+00
    456.697      10962    141.919 -106.13464   20.41080    141.000    12.9306    12.9310   4.077574   4.077744 7.9043e-02    12.3610     4.5491 5.0671e-02          0     4.5491     0.0264     0.5079     0.0000     4.6399     0.0000     0.0049     0.0000     0.5076    34.8233    34.8246    26.2738    26.2747     0.0353      1.076      0.416 0.0000e+00
    457.719      10986    142.926 -106.13464   20.41080    142.000    12.9186    12.9192   4.076396   4.076596 8.0432e-02    12.3615     4.5485 5.0671e-02          0     4.5485     0.0268     0.5079     0.0000     4.6405     0.0000     0.0049     0.0000     0.5076    34.8227    34.8240    26.2757    26.2766     0.0352      1.071      0.414 0.0000e+00
    458.987      11017    143.933 -106.13464   20.41080    143.000    12.9076    12.9082   4.075176   4.075413 8.1771e-02    12.3624     4.5474 5.0671e-02          0     4.5474     0.0273     0.5079     0.0000     4.6407     0.0000     0.0049     0.0000     0.5076    34.8207    34.8224    26.2764    26.2776     0.0350      1.067      0.412 0.0000e+00
    460.880      11062    144.939 -106.13464   20.41080    144.000    12.9000    12.9017   4.074360   4.074714 8.1741e-02    12.3622     4.5476 5.0671e-02          0     4.5476     0.0273     0.5077     0.0000     4.6410     0.0000     0.0049     0.0000     0.5074    34.8195    34.8213    26.2770    26.2781     0.0346      1.055      0.408 0.0000e+00
    463.618      11128    145.946 -106.13464   20.41080    145.000    12.8931    12.8936   4.073638   4.073907 8.3898e-02    12.3621     4.5478 5.0671e-02          0     4.5478     0.0280     0.5078     0.0000     4.6418     0.0000     0.0049     0.0000     0.5075    34.8186    34.8206    26.2777    26.2792     0.0350      1.065      0.412 0.0000e+00
    466.008      11185    146.953 -106.13464   20.41080    146.000    12.8848    12.8853   4.072904   4.073105 8.2528e-02    12.3617     4.5482 5.0671e-02          0     4.5482     0.0275     0.5078     0.0000     4.6433     0.0000     0.0049     0.0000     0.5075    34.8188    34.8202    26.2795    26.2806     0.0352      1.070      0.414 0.0000e+00
    467.269      11215    147.960 -106.13464   20.41080    147.000    12.8631    12.8636   4.070958   4.071176 8.0778e-02    12.3611     4.5490 5.0671e-02          0     4.5490     0.0270     0.5077     0.0000     4.6435     0.0000     0.0049     0.0000     0.5074    34.8197    34.8214    26.2846    26.2858     0.0341      1.039      0.401 0.0000e+00
    468.391      11242    148.967 -106.13464   20.41080    148.000    12.8467    12.8467   4.069377   4.069558 7.8764e-02    12.3609     4.5493 5.0671e-02          0     4.5493     0.0263     0.5078     0.0000     4.6413     0.0000     0.0049     0.0000     0.5075    34.8192    34.8210    26.2875    26.2888     0.0358      1.089      0.420 0.0000e+00
    471.855      11326    149.974 -106.13465   20.41080    149.000    12.8286    12.8302   4.067613   4.067939 1.0161e-01    12.3614     4.5487 5.0671e-02          0     4.5487     0.0339     0.5076     0.0000     4.6340     0.0000     0.0049     0.0000     0.5073    34.8187    34.8203    26.2907    26.2916     0.0345      1.052      0.406 0.0000e+00
    478.616      11488    150.981 -106.13466   20.41080    150.000    12.7950    12.7945   4.064276   4.064378 8.5014e-02    12.3605     4.5497 5.0671e-02          0     4.5497     0.0284     0.5075     0.0000     4.6328     0.0000     0.0049     0.0000     0.5072    34.8172    34.8187    26.2963    26.2975     0.0338      1.029      0.397 0.0000e+00
    485.297      11648    151.988 -106.13466   20.41080    151.000    12.7676    12.7696   4.061587   4.061953 7.8795e-02    12.3605     4.5496 5.0671e-02          0     4.5496     0.0263     0.5073     0.0000     4.6334     0.0000     0.0049     0.0000     0.5070    34.8164    34.8180    26.3011    26.3020     0.0332      1.010      0.389 0.0000e+00
    529.491      12709    152.994 -106.13465   20.41082    152.000    12.7475    12.7492   4.059479   4.059837 8.1564e-02    12.3607     4.5494 5.0671e-02          0     4.5494     0.0272     0.5069     0.0000     4.6414     0.0000     0.0049     0.0000     0.5066    34.8143    34.8162    26.3035    26.3046     0.0317      0.966      0.372 0.0000e+00
