data/ctd-cnv/RR1804/RR1803-St33-P1/Station33_cast72.cnv
* Sea-Bird SBE 9 Data File:
* FileName = C:\CTD\RR1805\Station33_cast72.hex
* Software Version Seasave V 7.26.6.26
* Temperature SN = 4307
* Conductivity SN = 4650
* Number of Bytes Per Scan = 44
* Number of Voltage Words = 5
* Number of Scans Averaged by the Deck Unit = 1
* NMEA Latitude = 20 31.18 N
* NMEA Longitude = 106 10.42 W
* NMEA UTC (Time) = Apr 27 2018 09:44:07
** Ship: Revell
** Station: 33
** Operator: GR
** Station P1 Cast 72
# nquan = 32
# nvalues = 1002                        
# units = specified
# name 0 = timeS: Time, Elapsed [seconds]
# name 1 = scan: Scan Count
# name 2 = prDM: Pressure, Digiquartz [db]
# name 3 = longitude: Longitude [deg]
# name 4 = latitude: Latitude [deg]
# name 5 = depSM: Depth [salt water, m]
# name 6 = t090C: Temperature [ITS-90, deg C]
# name 7 = t190C: Temperature, 2 [ITS-90, deg C]
# name 8 = c0S/m: Conductivity [S/m]
# name 9 = c1S/m: Conductivity, 2 [S/m]
# name 10 = flSP: Fluorescence, Seapoint
# name 11 = CStarAt0: Beam Attenuation, WET Labs C-Star [1/m]
# name 12 = CStarTr0: Beam Transmission, WET Labs C-Star [%]
# name 13 = par: PAR/Irradiance, Biospherical/Licor
# name 14 = modError: Modulo Error Count
# name 15 = v0: Voltage 0
# name 16 = v1: Voltage 1
# name 17 = v2: Voltage 2
# name 18 = v3: Voltage 3
# name 19 = v4: Voltage 4
# name 20 = v5: Voltage 5
# name 21 = v6: Voltage 6
# name 22 = v7: Voltage 7
# name 23 = sbeox0V: Oxygen raw, SBE 43 [V]
# name 24 = sal00: Salinity, Practical [PSU]
# name 25 = sal11: Salinity, Practical, 2 [PSU]
# name 26 = sigma-é00: Density [sigma-theta, kg/m^3]
# name 27 = sigma-é11: Density, 2 [sigma-theta, kg/m^3]
# name 28 = sbeox0Mg/L: Oxygen, SBE 43 [mg/l], WS = 2
# name 29 = sbox0Mm/Kg: Oxygen, SBE 43 [umol/kg], WS = 2
# name 30 = sbeox0PS: Oxygen, SBE 43 [% saturation], WS = 2
# name 31 = flag: flag
# span 0 =      0.172,   1320.332       
# span 1 =          5,      31689       
# span 2 =      1.006,   1010.642       
# span 3 = -106.17376, -106.17370       
# span 4 =   20.51980,   20.51984       
# span 5 =      1.000,   1002.000       
# span 6 =     4.6960,    25.9621       
# span 7 =     4.6952,    25.9625       
# span 8 =   3.322847,   5.362263       
# span 9 =   3.322830,   5.362505       
# span 10 = 6.9039e-02, 2.0174e+00      
# span 11 =    12.3373,    12.5830      
# span 12 =     4.3034,     4.5761      
# span 13 = 5.0603e-02, 7.2200e-01      
# span 14 =          0,          0      
# span 15 =     4.3034,     4.5761      
# span 16 =     0.0230,     0.6725      
# span 17 =     0.5054,     2.7237      
# span 18 =     0.0000,     0.0000      
# span 19 =    -1.1388,     4.7869      
# span 20 =     0.0000,     0.0000      
# span 21 =     0.0044,     1.1650      
# span 22 =     0.0000,     0.0000      
# span 23 =     0.5051,     2.7237      
# span 24 =    34.4863,    34.8279      
# span 25 =    34.5170,    34.8286      
# span 26 =    22.7871,    27.3488      
# span 27 =    22.7880,    27.3495      
# span 28 =     0.0290,     6.5461      
# span 29 =      0.881,    199.978      
# span 30 =      0.307,     97.391      
# span 31 = 0.0000e+00, 0.0000e+00      
# interval = meters: 1                  
# start_time = Apr 27 2018 09:44:04 [System UTC, first data scan.]
# bad_flag = -9.990e-29
*END*
[from data line 726]
    922.469      22140    732.784 -106.17374   20.51982    727.000     6.1988     6.1991   3.444591   3.444756 7.3580e-02    12.3392     4.5740 5.0665e-02          0     4.5740     0.0245     0.5054     0.0000     4.6701     0.0000     0.0048     0.0000     0.5052    34.5189    34.5205    27.1556    27.1568     0.0341      1.038      0.346 0.0000e+00
    923.408      22163    733.793 -106.17374   20.51982    728.000     6.1987     6.1991   3.444632   3.444820 7.3256e-02    12.3389     4.5742 5.0671e-02          0     4.5742     0.0244     0.5055     0.0000     4.6691     0.0000     0.0049     0.0000     0.5053    34.5190    34.5207    27.1557    27.1570     0.0332      1.010      0.337 0.0000e+00
    924.234      22183    734.803 -106.17374   20.51982    729.000     6.1987     6.1990   3.444690   3.444864 7.4593e-02    12.3400     4.5730 5.0671e-02          0     4.5730     0.0248     0.5054     0.0000     4.6691     0.0000     0.0049     0.0000     0.5052    34.5191    34.5208    27.1558    27.1571     0.0337      1.025      0.342 0.0000e+00
    924.975      22200    735.813 -106.17374   20.51982    730.000     6.1988     6.1991   3.444753   3.444915 7.3231e-02    12.3398     4.5732 5.0671e-02          0     4.5732     0.0244     0.5056     0.0000     4.6691     0.0000     0.0049     0.0000     0.5054    34.5193    34.5208    27.1559    27.1570     0.0348      1.057      0.352 0.0000e+00
    925.681      22217    736.823 -106.17374   20.51982    731.000     6.1989     6.1992   3.444802   3.444975 7.3714e-02    12.3424     4.5702 5.0716e-02          0     4.5702     0.0245     0.5055     0.0000     4.6691     0.0000     0.0053     0.0000     0.5053    34.5192    34.5208    27.1558    27.1571     0.0333      1.015      0.338 0.0000e+00
    926.377      22234    737.832 -106.17374   20.51982    732.000     6.1979     6.1991   3.444746   3.445011 7.3481e-02    12.3415     4.5712 5.0688e-02          0     4.5712     0.0245     0.5055     0.0000     4.6698     0.0000     0.0050     0.0000     0.5053    34.5191    34.5208    27.1559    27.1571     0.0335      1.019      0.339 0.0000e+00
    927.105      22252    738.842 -106.17374   20.51982    733.000     6.1923     6.1928   3.444201   3.444431 7.3252e-02    12.3395     4.5736 5.0758e-02          0     4.5736     0.0244     0.5055     0.0000     4.6706     0.0000     0.0056     0.0000     0.5053    34.5182    34.5203    27.1559    27.1575     0.0331      1.007      0.336 0.0000e+00
    927.912      22271    739.852 -106.17374   20.51982    734.000     6.1767     6.1766   3.442897   3.443063 7.3260e-02    12.3398     4.5732 5.1950e-02          0     4.5732     0.0244     0.5055     0.0000     4.6706     0.0000     0.0154     0.0000     0.5053    34.5189    34.5208    27.1585    27.1600     0.0339      1.032      0.344 0.0000e+00
    928.893      22294    740.862 -106.17374   20.51982    735.000     6.1733     6.1736   3.442657   3.442834 7.3657e-02    12.3395     4.5736 5.1473e-02          0     4.5736     0.0245     0.5055     0.0000     4.6712     0.0000     0.0115     0.0000     0.5053    34.5192    34.5208    27.1591    27.1604     0.0340      1.035      0.345 0.0000e+00
    930.185      22325    741.872 -106.17374   20.51982    736.000     6.1706     6.1704   3.442447   3.442581 7.3267e-02    12.3397     4.5733 5.3121e-02          0     4.5733     0.0244     0.5055     0.0000     4.6715     0.0000     0.0249     0.0000     0.5053    34.5191    34.5207    27.1594    27.1607     0.0340      1.035      0.345 0.0000e+00
    931.703      22362    742.881 -106.17374   20.51980    737.000     6.1668     6.1670   3.442143   3.442308 7.3596e-02    12.3400     4.5730 5.4448e-02          0     4.5730     0.0245     0.5055     0.0000     4.6716     0.0000     0.0354     0.0000     0.5053    34.5190    34.5207    27.1599    27.1612     0.0329      1.000      0.333 0.0000e+00
    933.009      22393    743.891 -106.17374   20.51980    738.000     6.1639     6.1638   3.441909   3.442054 7.4428e-02    12.3392     4.5739 5.5120e-02          0     4.5739     0.0248     0.5055     0.0000     4.6716     0.0000     0.0407     0.0000     0.5053    34.5188    34.5205    27.1601    27.1614     0.0341      1.036      0.345 0.0000e+00
    934.092      22419    744.901 -106.17374   20.51980    739.000     6.1548     6.1542   3.441080   3.441207 7.3842e-02    12.3398     4.5732 5.1998e-02          0     4.5732     0.0246     0.5055     0.0000     4.6717     0.0000     0.0159     0.0000     0.5053    34.5182    34.5202    27.1608    27.1625     0.0341      1.038      0.346 0.0000e+00
    935.072      22443    745.910 -106.17374   20.51982    740.000     6.1400     6.1388   3.439748   3.439829 7.3424e-02    12.3402     4.5727 5.1847e-02          0     4.5727     0.0245     0.5055     0.0000     4.6717     0.0000     0.0146     0.0000     0.5053    34.5179    34.5199    27.1624    27.1642     0.0337      1.026      0.342 0.0000e+00
    935.983      22465    746.920 -106.17374   20.51982    741.000     6.1219     6.1218   3.438234   3.438389 7.3263e-02    12.3410     4.5718 5.0964e-02          0     4.5718     0.0244     0.5055     0.0000     4.6719     0.0000     0.0074     0.0000     0.5053    34.5187    34.5206    27.1654    27.1669     0.0339      1.032      0.344 0.0000e+00
    936.874      22486    747.930 -106.17374   20.51982    742.000     6.1168     6.1172   3.437866   3.438043 7.3434e-02    12.3407     4.5722 5.1268e-02          0     4.5722     0.0245     0.5055     0.0000     4.6718     0.0000     0.0099     0.0000     0.5053    34.5192    34.5208    27.1664    27.1676     0.0344      1.046      0.348 0.0000e+00
    937.788      22508    748.940 -106.17374   20.51982    743.000     6.1135     6.1128   3.437571   3.437659 7.4054e-02    12.3403     4.5726 5.1139e-02          0     4.5726     0.0247     0.5056     0.0000     4.6721     0.0000     0.0088     0.0000     0.5054    34.5188    34.5205    27.1665    27.1680     0.0338      1.027      0.342 0.0000e+00
    938.794      22532    749.950 -106.17374   20.51982    744.000     6.1071     6.1069   3.437014   3.437155 7.4104e-02    12.3403     4.5726 5.1986e-02          0     4.5726     0.0247     0.5055     0.0000     4.6721     0.0000     0.0158     0.0000     0.5053    34.5185    34.5203    27.1672    27.1686     0.0338      1.028      0.342 0.0000e+00
    939.918      22559    750.960 -106.17374   20.51982    745.000     6.0949     6.0946   3.435968   3.436090 7.3530e-02    12.3397     4.5734 5.2727e-02          0     4.5734     0.0245     0.5055     0.0000     4.6716     0.0000     0.0219     0.0000     0.5053    34.5187    34.5204    27.1689    27.1702     0.0339      1.031      0.343 0.0000e+00
    941.015      22585    751.969 -106.17374   20.51982    746.000     6.0801     6.0794   3.434673   3.434779 7.3669e-02    12.3426     4.5700 5.4866e-02          0     4.5700     0.0245     0.5055     0.0000     4.6718     0.0000     0.0388     0.0000     0.5053    34.5186    34.5206    27.1707    27.1723     0.0341      1.039      0.345 0.0000e+00
    941.954      22608    752.979 -106.17374   20.51982    747.000     6.0686     6.0683   3.433736   3.433891 7.4029e-02    12.3399     4.5731 5.3651e-02          0     4.5731     0.0247     0.5056     0.0000     4.6696     0.0000     0.0293     0.0000     0.5054    34.5194    34.5214    27.1727    27.1743     0.0345      1.050      0.349 0.0000e+00
    942.764      22627    753.989 -106.17374   20.51982    748.000     6.0617     6.0617   3.433183   3.433333 7.3225e-02    12.3411     4.5717 5.3688e-02          0     4.5717     0.0244     0.5055     0.0000     4.6691     0.0000     0.0295     0.0000     0.5053    34.5196    34.5213    27.1738    27.1752     0.0335      1.018      0.338 0.0000e+00
    943.483      22645    754.999 -106.17374   20.51982    749.000     6.0596     6.0600   3.433230   3.433389 7.4151e-02    12.3407     4.5722 5.2753e-02          0     4.5722     0.0247     0.5055     0.0000     4.6691     0.0000     0.0219     0.0000     0.5053    34.5218    34.5232    27.1758    27.1769     0.0342      1.040      0.345 0.0000e+00
    944.188      22662    756.009 -106.17374   20.51982    750.000     6.0634     6.0638   3.433809   3.433975 7.3936e-02    12.3408     4.5721 5.0628e-02          0     4.5721     0.0246     0.5056     0.0000     4.6695     0.0000     0.0046     0.0000     0.5054    34.5239    34.5254    27.1770    27.1782     0.0346      1.053      0.350 0.0000e+00
    944.914      22679    757.019 -106.17374   20.51982    751.000     6.0635     6.0640   3.433879   3.434071 7.3618e-02    12.3404     4.5725 5.2121e-02          0     4.5725     0.0245     0.5055     0.0000     4.6705     0.0000     0.0169     0.0000     0.5053    34.5241    34.5258    27.1772    27.1784     0.0345      1.050      0.349 0.0000e+00
    945.802      22700    758.028 -106.17374   20.51982    752.000     6.0597     6.0593   3.433494   3.433636 7.9750e-02    12.3408     4.5720 5.3121e-02          0     4.5720     0.0266     0.5057     0.0000     4.6707     0.0000     0.0249     0.0000     0.5055    34.5231    34.5252    27.1769    27.1786     0.0369      1.123      0.373 0.0000e+00
    947.116      22732    759.038 -106.17374   20.51982    753.000     6.0304     6.0296   3.430867   3.430975 7.4661e-02    12.3416     4.5712 5.2550e-02          0     4.5712     0.0249     0.5057     0.0000     4.6709     0.0000     0.0203     0.0000     0.5055    34.5229    34.5249    27.1804    27.1821     0.0348      1.058      0.351 0.0000e+00
    948.741      22771    760.048 -106.17373   20.51982    754.000     6.0209     6.0211   3.430158   3.430325 7.5138e-02    12.3399     4.5731 5.1316e-02          0     4.5731     0.0250     0.5055     0.0000     4.6716     0.0000     0.0103     0.0000     0.5053    34.5241    34.5257    27.1826    27.1838     0.0321      0.977      0.324 0.0000e+00
    950.158      22805    761.058 -106.17372   20.51982    755.000     6.0124     6.0120   3.429336   3.429498 7.3490e-02    12.3403     4.5726 5.0675e-02          0     4.5726     0.0245     0.5055     0.0000     4.6720     0.0000     0.0049     0.0000     0.5053    34.5230    34.5251    27.1828    27.1845     0.0356      1.083      0.360 0.0000e+00
    951.318      22833    762.068 -106.17372   20.51982    756.000     6.0078     6.0080   3.428990   3.429157 7.3254e-02    12.3408     4.5721 5.2030e-02          0     4.5721     0.0244     0.5056     0.0000     4.6721     0.0000     0.0161     0.0000     0.5054    34.5233    34.5249    27.1836    27.1848     0.0349      1.062      0.353 0.0000e+00
    952.278      22856    763.078 -106.17372   20.51982    757.000     6.0077     6.0080   3.429032   3.429200 7.5303e-02    12.3412     4.5716 5.1314e-02          0     4.5716     0.0251     0.5056     0.0000     4.6724     0.0000     0.0102     0.0000     0.5054    34.5234    34.5249    27.1837    27.1849     0.0329      1.000      0.332 0.0000e+00
    953.163      22877    764.088 -106.17372   20.51982    758.000     6.0061     6.0061   3.428911   3.429051 7.3673e-02    12.3415     4.5713 5.0878e-02          0     4.5713     0.0245     0.5055     0.0000     4.6720     0.0000     0.0066     0.0000     0.5053    34.5231    34.5247    27.1837    27.1850     0.0362      1.101      0.365 0.0000e+00
    953.994      22897    765.098 -106.17372   20.51982    759.000     6.0000     6.0000   3.428335   3.428518 7.5222e-02    12.3401     4.5728 5.0873e-02          0     4.5728     0.0250     0.5057     0.0000     4.6721     0.0000     0.0066     0.0000     0.5055    34.5223    34.5244    27.1838    27.1855     0.0352      1.070      0.355 0.0000e+00
    954.807      22916    766.107 -106.17372   20.51982    760.000     5.9895     5.9895   3.427382   3.427560 7.3476e-02    12.3404     4.5725 5.0672e-02          0     4.5725     0.0245     0.5056     0.0000     4.6723     0.0000     0.0049     0.0000     0.5054    34.5218    34.5237    27.1848    27.1863     0.0337      1.025      0.340 0.0000e+00
    955.640      22936    767.117 -106.17372   20.51982    761.000     5.9708     5.9696   3.425535   3.425633 7.3611e-02    12.3396     4.5734 5.0769e-02          0     4.5734     0.0245     0.5057     0.0000     4.6726     0.0000     0.0057     0.0000     0.5055    34.5195    34.5218    27.1853    27.1873     0.0363      1.106      0.367 0.0000e+00
    956.509      22957    768.127 -106.17372   20.51982    762.000     5.9553     5.9548   3.424163   3.424273 7.5072e-02    12.3394     4.5737 5.1509e-02          0     4.5737     0.0250     0.5058     0.0000     4.6729     0.0000     0.0119     0.0000     0.5056    34.5193    34.5210    27.1871    27.1885     0.0377      1.147      0.380 0.0000e+00
    957.453      22980    769.137 -106.17372   20.51982    763.000     5.9427     5.9422   3.423035   3.423156 7.3459e-02    12.3384     4.5748 5.2416e-02          0     4.5748     0.0245     0.5058     0.0000     4.6728     0.0000     0.0192     0.0000     0.5056    34.5190    34.5208    27.1884    27.1899     0.0359      1.094      0.362 0.0000e+00
    958.495      23005    770.147 -106.17372   20.51982    764.000     5.9329     5.9327   3.422196   3.422340 7.4088e-02    12.3414     4.5714 5.1203e-02          0     4.5714     0.0247     0.5060     0.0000     4.6719     0.0000     0.0092     0.0000     0.5058    34.5189    34.5207    27.1896    27.1911     0.0373      1.136      0.376 0.0000e+00
    959.619      23032    771.157 -106.17372   20.51982    765.000     5.9254     5.9251   3.421533   3.421659 7.3804e-02    12.3382     4.5751 5.0754e-02          0     4.5751     0.0246     0.5058     0.0000     4.6710     0.0000     0.0056     0.0000     0.5056    34.5186    34.5203    27.1903    27.1917     0.0331      1.006      0.333 0.0000e+00
    960.672      23057    772.167 -106.17372   20.51982    766.000     5.9193     5.9194   3.421025   3.421187 7.3246e-02    12.3378     4.5755 5.1769e-02          0     4.5755     0.0244     0.5058     0.0000     4.6709     0.0000     0.0139     0.0000     0.5056    34.5186    34.5203    27.1911    27.1924     0.0366      1.113      0.369 0.0000e+00
    961.597      23079    773.177 -106.17372   20.51982    767.000     5.9167     5.9169   3.420831   3.421000 7.3792e-02    12.3382     4.5750 5.0653e-02          0     4.5750     0.0246     0.5057     0.0000     4.6714     0.0000     0.0047     0.0000     0.5055    34.5185    34.5203    27.1914    27.1927     0.0334      1.017      0.337 0.0000e+00
    962.462      23100    774.187 -106.17372   20.51982    768.000     5.9159     5.9162   3.420827   3.420969 7.3057e-02    12.3441     4.5684 5.0671e-02          0     4.5684     0.0243     0.5057     0.0000     4.6716     0.0000     0.0049     0.0000     0.5055    34.5188    34.5201    27.1917    27.1927     0.0375      1.141      0.378 0.0000e+00
    963.295      23120    775.196 -106.17372   20.51982    769.000     5.9159     5.9162   3.420876   3.421047 7.3067e-02    12.3407     4.5722 5.2101e-02          0     4.5722     0.0243     0.5060     0.0000     4.6716     0.0000     0.0167     0.0000     0.5058    34.5188    34.5205    27.1917    27.1930     0.0393      1.194      0.396 0.0000e+00
    964.169      23141    776.207 -106.17372   20.51982    770.000     5.9142     5.9142   3.420707   3.420893 7.3261e-02    12.3388     4.5744 5.2976e-02          0     4.5744     0.0244     0.5060     0.0000     4.6719     0.0000     0.0235     0.0000     0.5058    34.5182    34.5203    27.1914    27.1931     0.0348      1.060      0.351 0.0000e+00
