data/ctd-cnv/RR1804/RR1803-St33-P1/Station33_cast60.cnv
* Sea-Bird SBE 9 Data File:
* FileName = C:\CTD\RR1805\Station33_cast60.hex
* Software Version Seasave V 7.26.6.26
* Temperature SN = 4307
* Conductivity SN = 4650
* Number of Bytes Per Scan = 44
* Number of Voltage Words = 5
* Number of Scans Averaged by the Deck Unit = 1
* NMEA Latitude = 20 06.91 N
* NMEA Longitude = 106 00.73 W
* NMEA UTC (Time) = Apr 22 2018 10:12:45
** Ship: Revell
** Station: On Deck
** Operator: GR
** Station P1 cast 60 Prim Prod
# nquan = 32
# nvalues = 151                         
# units = specified
# name 0 = timeS: Time, Elapsed [seconds]
# name 1 = scan: Scan Count
# name 2 = prDM: Pressure, Digiquartz [db]
# name 3 = longitude: Longitude [deg]
# name 4 = latitude: Latitude [deg]
# name 5 = depSMignore: Depth [salt water, m]
# name 6 = t090C: Temperature [ITS-90, deg C]
# name 7 = t190C: Temperature, 2 [ITS-90, deg C]
# name 8 = c0S/m: Conductivity [S/m]
# name 9 = c1S/m: Conductivity, 2 [S/m]
# name 10 = flSP: Fluorescence, Seapoint
# name 11 = CStarAt0: Beam Attenuation, WET Labs C-Star [1/m]
# name 12 = CStarTr0: Beam Transmission, WET Labs C-Star [%]
# name 13 = par: PAR/Irradiance, Biospherical/Licor
# name 14 = modError: Modulo Error Count
# name 15 = v0: Voltage 0
# name 16 = v1: Voltage 1
# name 17 = v2: Voltage 2
# name 18 = v3: Voltage 3
# name 19 = v4: Voltage 4
# name 20 = v5: Voltage 5
# name 21 = v6: Voltage 6
# name 22 = v7: Voltage 7
# name 23 = sbeox0V: Oxygen raw, SBE 43 [V]
# name 24 = sal00: Salinity, Practical [PSU]
# name 25 = sal11: Salinity, Practical, 2 [PSU]
# name 26 = sigma-é00: Density [sigma-theta, kg/m^3]
# name 27 = sigma-é11: Density, 2 [sigma-theta, kg/m^3]
# name 28 = sbeox0Mg/L: Oxygen, SBE 43 [mg/l], WS = 2
# name 29 = sbox0Mm/Kg: Oxygen, SBE 43 [umol/kg], WS = 2
# name 30 = sbeox0PS: Oxygen, SBE 43 [% saturation], WS = 2
# name 31 = flag: flag
# span 0 =      8.016,    285.178       
# span 1 =        193,       6845       
# span 2 =      2.012,    152.992       
# span 3 = -106.01231, -106.01228       
# span 4 =   20.11524,   20.11528       
# span 5 =      2.000,    152.000       
# span 6 =    12.5905,    23.6656       
# span 7 =    12.5842,    23.6601       
# span 8 =   4.044222,   5.111275       
# span 9 =   4.043721,   5.110919       
# span 10 = 7.1441e-02, 1.6855e+00      
# span 11 =    12.3582,    12.5854      
# span 12 =     4.3008,     4.5522      
# span 13 = 4.8768e-02, 2.2330e-01      
# span 14 =          0,          0      
# span 15 =     4.3008,     4.5522      
# span 16 =     0.0237,     0.5618      
# span 17 =     0.5079,     2.6267      
# span 18 =     0.0000,     0.0000      
# span 19 =     2.5386,     4.6776      
# span 20 =     0.0000,     0.0000      
# span 21 =    -0.0079,     0.6077      
# span 22 =     0.0000,     0.0000      
# span 23 =     0.5076,     2.6267      
# span 24 =    34.4640,    34.8203      
# span 25 =    34.4640,    34.8213      
# span 26 =    23.4116,    26.3333      
# span 27 =    23.4144,    26.3353      
# span 28 =     0.0352,     6.4593      
# span 29 =      1.070,    197.239      
# span 30 =      0.413,     93.002      
# span 31 = 0.0000e+00, 0.0000e+00      
# interval = meters: 1                  
# start_time = Apr 22 2018 10:12:46 [System UTC, first data scan.]
# bad_flag = -9.990e-29
*END*
      8.016        193      2.012 -106.01230   20.11524      2.000    23.6656    23.6601   5.111275   5.110919 1.3560e+00    12.5739     4.3133 2.2330e-01          0     4.3133     0.4520     2.6267     0.0000     2.5386     0.0000     0.6077     0.0000     2.6267    34.5663    34.5679    23.4116    23.4144     6.4593    197.239     93.002 0.0000e+00
     15.356        370      3.019 -106.01230   20.11524      3.000    23.6148    23.5909   5.106335   5.104111 1.4355e+00    12.5721     4.3153 1.5683e-01          0     4.3153     0.4785     2.6128     0.0000     4.6776     0.0000     0.4628     0.0000     2.6128    34.5681    34.5698    23.4279    23.4362     6.4214    196.079     92.376 0.0000e+00
     17.191        414      4.025 -106.01228   20.11524      4.000    23.6033    23.5974   5.104872   5.104548 1.2178e+00    12.5731     4.3141 1.1478e-01          0     4.3141     0.4059     2.6078     0.0000     4.4271     0.0000     0.3454     0.0000     2.6078    34.5656    34.5678    23.4294    23.4328     6.4103    195.738     92.196 0.0000e+00
     18.097        435      5.031 -106.01228   20.11524      5.000    23.5968    23.5999   5.104349   5.104921 1.1932e+00    12.5752     4.3118 9.2840e-02          0     4.3118     0.3977     2.6072     0.0000     4.4289     0.0000     0.2516     0.0000     2.6072    34.5664    34.5682    23.4320    23.4325     6.4055    195.590     92.117 0.0000e+00
     19.859        478      6.037 -106.01229   20.11524      6.000    23.5988    23.5979   5.104560   5.104759 1.3246e+00    12.5711     4.3163 6.7713e-02          0     4.3163     0.4415     2.6032     0.0000     4.4303     0.0000     0.1128     0.0000     2.6032    34.5661    34.5682    23.4312    23.4331     6.3978    195.357     92.010 0.0000e+00
     23.546        566      7.043 -106.01230   20.11524      7.000    23.5976    23.6005   5.104486   5.105060 1.3074e+00    12.5733     4.3139 4.8768e-02          0     4.3139     0.4358     2.5974     0.0000     4.4323     0.0000    -0.0079     0.0000     2.5974    34.5661    34.5682    23.4317    23.4324     6.3618    194.257     91.490 0.0000e+00
     24.833        597      8.049 -106.01230   20.11524      8.000    23.5266    23.5413   5.097306   5.098980 1.4128e+00    12.5730     4.3142 5.0671e-02          0     4.3142     0.4709     2.5732     0.0000     4.4328     0.0000     0.0049     0.0000     2.5732    34.5665    34.5678    23.4527    23.4495     6.2580    191.084     89.887 0.0000e+00
     26.348        633      9.056 -106.01230   20.11524      9.000    23.4243    23.3090   5.086851   5.075075 1.3387e+00    12.5794     4.3074 5.0671e-02          0     4.3074     0.4462     2.5428     0.0000     4.4326     0.0000     0.0049     0.0000     2.5428    34.5665    34.5668    23.4826    23.5163     6.1876    188.928     88.717 0.0000e+00
     28.203        678     10.062 -106.01230   20.11524     10.000    23.3098    23.3183   5.075078   5.076126 1.5153e+00    12.5738     4.3133 5.0671e-02          0     4.3133     0.5051     2.4946     0.0000     4.4337     0.0000     0.0049     0.0000     2.4946    34.5658    34.5671    23.5154    23.5140     5.9751    182.435     85.501 0.0000e+00
     30.634        736     11.068 -106.01230   20.11524     11.000    23.0618    23.0646   5.050402   5.050445 1.4897e+00    12.5761     4.3109 5.0671e-02          0     4.3109     0.4966     2.4312     0.0000     4.4347     0.0000     0.0049     0.0000     2.4312    34.5709    34.5690    23.5910    23.5888     5.8780    179.457     83.749 0.0000e+00
     33.392        802     12.074 -106.01228   20.11524     12.000    22.8317    22.8399   5.026052   5.027383 1.5479e+00    12.5753     4.3117 5.0671e-02          0     4.3117     0.5160     2.3551     0.0000     4.4361     0.0000     0.0049     0.0000     2.3551    34.5642    34.5680    23.6520    23.6526     5.6128    171.350     79.645 0.0000e+00
     34.764        835     13.080 -106.01228   20.11524     13.000    22.7150    22.7269   5.015136   5.016353 1.4080e+00    12.5854     4.3008 5.0671e-02          0     4.3008     0.4693     2.3245     0.0000     4.4371     0.0000     0.0049     0.0000     2.3245    34.5716    34.5716    23.6911    23.6878     5.5923    170.717     79.195 0.0000e+00
     36.344        873     14.087 -106.01228   20.11524     14.000    22.6709    22.6748   5.010560   5.010834 1.6197e+00    12.5815     4.3051 5.0671e-02          0     4.3051     0.5399     2.3050     0.0000     4.4376     0.0000     0.0049     0.0000     2.3049    34.5707    34.5697    23.7031    23.7012     5.5685    169.989     78.797 0.0000e+00
     38.181        917     15.093 -106.01229   20.11524     15.000    22.6618    22.6817   5.009994   5.012175 1.6855e+00    12.5836     4.3028 5.0671e-02          0     4.3028     0.5618     2.3009     0.0000     4.4383     0.0000     0.0049     0.0000     2.3009    34.5732    34.5743    23.7076    23.7028     5.5763    170.225     78.895 0.0000e+00
     41.196        990     16.099 -106.01230   20.11524     16.000    22.6544    22.6175   5.009499   5.005988 1.5758e+00    12.5820     4.3046 5.0671e-02          0     4.3046     0.5253     2.2918     0.0000     4.4386     0.0000     0.0049     0.0000     2.2918    34.5749    34.5768    23.7110    23.7230     5.5052    168.055     77.880 0.0000e+00
     43.277       1040     17.105 -106.01228   20.11524     17.000    22.4643    22.4542   4.989806   4.988996 1.5782e+00    12.5841     4.3023 5.0671e-02          0     4.3023     0.5261     2.2046     0.0000     4.4395     0.0000     0.0049     0.0000     2.2046    34.5721    34.5738    23.7629    23.7671     5.0262    153.425     70.868 0.0000e+00
     44.496       1069     18.112 -106.01228   20.11524     18.000    22.0572    22.0319   4.948949   4.946485 1.4843e+00    12.5754     4.3116 5.0671e-02          0     4.3116     0.4948     2.1031     0.0000     4.4404     0.0000     0.0049     0.0000     2.1030    34.5766    34.5775    23.8811    23.8888     4.7859    146.072     66.995 0.0000e+00
     46.322       1113     19.118 -106.01228   20.11524     19.000    21.8608    21.8149   4.929403   4.925147 1.4609e+00    12.5696     4.3179 5.0671e-02          0     4.3179     0.4869     2.0465     0.0000     4.4417     0.0000     0.0049     0.0000     2.0464    34.5796    34.5828    23.9382    23.9534     4.8189    147.072     67.222 0.0000e+00
     50.011       1201     20.124 -106.01228   20.11524     20.000    21.7884    21.6276   4.922059   4.905305 1.3402e+00    12.5671     4.3207 5.0725e-02          0     4.3207     0.4467     1.9819     0.0000     3.4327     0.0000     0.0053     0.0000     1.9818    34.5792    34.5759    23.9580    24.0002     4.3946    134.121     61.235 0.0000e+00
     51.050       1226     21.130 -106.01228   20.11524     21.000    21.3096    21.2952   4.871973   4.870095 1.0856e+00    12.5396     4.3504 5.0671e-02          0     4.3504     0.3619     1.8274     0.0000     4.4393     0.0000     0.0049     0.0000     1.8273    34.5669    34.5635    24.0809    24.0822     3.7286    113.780     51.505 0.0000e+00
     52.274       1256     22.137 -106.01228   20.11524     22.000    20.3966    20.3665   4.777407   4.774160 1.0104e+00    12.5220     4.3696 5.0671e-02          0     4.3696     0.3368     1.6695     0.0000     4.4458     0.0000     0.0049     0.0000     1.6694    34.5474    34.5457    24.3124    24.3191     3.4028    103.815     46.229 0.0000e+00
     55.109       1324     23.143 -106.01230   20.11524     23.000    20.0861    20.0904   4.745894   4.746449 1.0363e+00    12.5168     4.3752 5.0671e-02          0     4.3752     0.3455     1.5398     0.0000     4.4486     0.0000     0.0049     0.0000     1.5397    34.5450    34.5460    24.3932    24.3928     3.2850    100.214     44.371 0.0000e+00
     57.517       1381     24.149 -106.01229   20.11524     24.000    19.8283    19.8103   4.719689   4.717653 9.7892e-01    12.4979     4.3960 5.0671e-02          0     4.3960     0.3263     1.4622     0.0000     4.4511     0.0000     0.0049     0.0000     1.4621    34.5420    34.5402    24.4585    24.4618     2.9659     90.472     39.871 0.0000e+00
     58.935       1415     25.155 -106.01228   20.11524     25.000    19.5433    19.5237   4.690587   4.688523 9.1996e-01    12.4860     4.4092 5.0671e-02          0     4.4092     0.3067     1.4025     0.0000     4.4524     0.0000     0.0049     0.0000     1.4023    34.5373    34.5365    24.5292    24.5336     2.8260     86.200     37.790 0.0000e+00
     60.496       1453     26.162 -106.01228   20.11524     26.000    19.3829    19.3659   4.674121   4.672355 9.0435e-01    12.4764     4.4197 5.0671e-02          0     4.4197     0.3014     1.3568     0.0000     4.4533     0.0000     0.0049     0.0000     1.3566    34.5336    34.5330    24.5678    24.5718     2.7189     82.930     36.250 0.0000e+00
     62.733       1507     27.168 -106.01230   20.11524     27.000    19.2248    19.2088   4.657844   4.656262 9.0207e-01    12.4691     4.4278 5.0671e-02          0     4.4278     0.3007     1.3160     0.0000     4.4544     0.0000     0.0049     0.0000     1.3158    34.5293    34.5295    24.6053    24.6095     2.6276     80.141     34.929 0.0000e+00
     65.941       1584     28.174 -106.01230   20.11524     28.000    18.8209    18.7188   4.613719   4.604712 8.4381e-01    12.4608     4.4370 5.0744e-02          0     4.4370     0.2813     1.2240     0.0000     3.1041     0.0000     0.0055     0.0000     1.2239    34.4970    34.5067    24.6833    24.7166     2.1848     66.633     28.822 0.0000e+00
     67.388       1618     29.180 -106.01230   20.11526     29.000    18.3232    18.3362   4.564451   4.565522 8.6301e-01    12.4420     4.4578 5.0670e-02          0     4.4578     0.2877     1.1270     0.0000     4.2546     0.0000     0.0049     0.0000     1.1268    34.4985    34.4966    24.8092    24.8045     1.8133     55.294     23.700 0.0000e+00
     68.715       1650     30.187 -106.01230   20.11526     30.000    17.9088    17.9095   4.522209   4.522181 7.1207e-01    12.4227     4.4795 5.0671e-02          0     4.4795     0.2374     1.0442     0.0000     4.3635     0.0000     0.0049     0.0000     1.0440    34.4883    34.4876    24.9037    24.9030     1.6313     49.741     21.153 0.0000e+00
     70.954       1704     31.193 -106.01230   20.11526     31.000    17.7540    17.7538   4.506634   4.506390 7.3542e-01    12.4195     4.4830 5.0671e-02          0     4.4830     0.2451     0.9844     0.0000     4.4625     0.0000     0.0049     0.0000     0.9842    34.4858    34.4840    24.9397    24.9384     1.5716     47.918     20.317 0.0000e+00
     73.258       1759     32.199 -106.01230   20.11526     32.000    17.5987    17.5988   4.491107   4.491010 7.2652e-01    12.4121     4.4914 5.0671e-02          0     4.4914     0.2422     0.9495     0.0000     4.4635     0.0000     0.0049     0.0000     0.9492    34.4839    34.4831    24.9760    24.9753     1.4880     45.367     19.179 0.0000e+00
     75.000       1801     33.206 -106.01230   20.11526     33.000    17.4373    17.4361   4.474356   4.474132 6.1465e-01    12.4014     4.5034 5.0671e-02          0     4.5034     0.2049     0.9417     0.0000     4.4657     0.0000     0.0049     0.0000     0.9415    34.4766    34.4757    25.0094    25.0090     1.5172     46.257     19.495 0.0000e+00
     76.716       1842     34.212 -106.01230   20.11525     34.000    17.4144    17.4125   4.471816   4.471511 6.6942e-01    12.4040     4.5004 5.0671e-02          0     4.5004     0.2231     0.9440     0.0000     4.4682     0.0000     0.0049     0.0000     0.9437    34.4738    34.4728    25.0128    25.0125     1.5294     46.628     19.642 0.0000e+00
     80.119       1924     35.218 -106.01230   20.11525     35.000    17.3331    17.3262   4.463297   4.462729 6.6035e-01    12.4004     4.5045 5.0671e-02          0     4.5045     0.2201     0.9367     0.0000     4.4708     0.0000     0.0049     0.0000     0.9364    34.4690    34.4701    25.0287    25.0311     1.4584     44.463     18.701 0.0000e+00
     81.713       1962     36.225 -106.01230   20.11526     36.000    17.0681    17.0646   4.436649   4.436309 5.1450e-01    12.3886     4.5178 5.0671e-02          0     4.5178     0.1715     0.9102     0.0000     4.4748     0.0000     0.0049     0.0000     0.9099    34.4640    34.4640    25.0881    25.0889     1.3008     39.656     16.595 0.0000e+00
     83.429       2003     37.231 -106.01230   20.11526     37.000    16.8824    16.8754   4.421646   4.421179 5.5035e-01    12.3860     4.5208 5.0671e-02          0     4.5208     0.1835     0.8431     0.0000     4.4780     0.0000     0.0049     0.0000     0.8429    34.4920    34.4940    25.1536    25.1567     0.9510     28.991     12.093 0.0000e+00
     85.133       2044     38.237 -106.01230   20.11526     38.000    16.7462    16.7439   4.412738   4.412498 4.1419e-01    12.3796     4.5280 5.0671e-02          0     4.5280     0.1381     0.7638     0.0000     4.4824     0.0000     0.0049     0.0000     0.7635    34.5310    34.5308    25.2156    25.2160     0.7486     22.820      9.496 0.0000e+00
     86.879       2086     39.244 -106.01230   20.11526     39.000    16.7114    16.7112   4.410589   4.410473 4.0764e-01    12.3747     4.5336 5.0671e-02          0     4.5336     0.1359     0.7246     0.0000     4.4859     0.0000     0.0049     0.0000     0.7243    34.5417    34.5409    25.2320    25.2314     0.7032     21.434      8.914 0.0000e+00
     89.277       2144     40.250 -106.01230   20.11525     40.000    16.6912    16.6916   4.410103   4.410069 4.1620e-01    12.3763     4.5317 5.0671e-02          0     4.5317     0.1387     0.6939     0.0000     4.4909     0.0000     0.0049     0.0000     0.6936    34.5545    34.5538    25.2466    25.2460     0.6171     18.810      7.820 0.0000e+00
     91.325       2193     41.256 -106.01230   20.11524     41.000    16.6885    16.6895   4.411721   4.411763 3.5686e-01    12.3747     4.5335 5.0671e-02          0     4.5335     0.1190     0.6672     0.0000     4.4960     0.0000     0.0049     0.0000     0.6669    34.5706    34.5701    25.2597    25.2590     0.5218     15.904      6.612 0.0000e+00
     93.036       2234     42.263 -106.01230   20.11525     42.000    16.6969    16.6981   4.413917   4.413978 3.5952e-01    12.3749     4.5333 5.0668e-02          0     4.5333     0.1198     0.6467     0.0000     4.5002     0.0000     0.0049     0.0000     0.6464    34.5822    34.5817    25.2666    25.2660     0.4574     13.942      5.798 0.0000e+00
     95.685       2297     43.269 -106.01230   20.11526     43.000    16.7270    16.7301   4.419050   4.419411 3.8609e-01    12.3719     4.5367 5.0671e-02          0     4.5367     0.1287     0.6170     0.0000     4.5058     0.0000     0.0049     0.0000     0.6166    34.6009    34.6013    25.2740    25.2736     0.3444     10.497      4.368 0.0000e+00
     97.982       2353     44.275 -106.01230   20.11526     44.000    16.6904    16.6879   4.419881   4.419700 3.3188e-01    12.3751     4.5331 5.0671e-02          0     4.5331     0.1106     0.5782     0.0000     4.5110     0.0000     0.0049     0.0000     0.5779    34.6394    34.6400    25.3122    25.3132     0.1872      5.705      2.373 0.0000e+00
     99.542       2390     45.282 -106.01230   20.11526     45.000    16.5621    16.5542   4.410763   4.409869 3.0208e-01    12.3740     4.5343 5.0671e-02          0     4.5343     0.1007     0.5523     0.0000     4.5144     0.0000     0.0049     0.0000     0.5519    34.6700    34.6691    25.3657    25.3668     0.1117      3.405      1.413 0.0000e+00
    100.767       2419     46.288 -106.01230   20.11526     46.000    16.2877    16.2828   4.386801   4.386281 4.1749e-01    12.3715     4.5372 5.0671e-02          0     4.5372     0.1392     0.5367     0.0000     4.5172     0.0000     0.0049     0.0000     0.5364    34.6968    34.6965    25.4500    25.4509     0.0848      2.584      1.067 0.0000e+00
