data/ctd-cnv/RR1804/RR1803-St33-P1/Station33_cast61.cnv
* Sea-Bird SBE 9 Data File:
* FileName = C:\CTD\RR1805\Station33_cast61.hex
* Software Version Seasave V 7.26.6.26
* Temperature SN = 4307
* Conductivity SN = 4650
* Number of Bytes Per Scan = 44
* Number of Voltage Words = 5
* Number of Scans Averaged by the Deck Unit = 1
* NMEA Latitude = 20 11.43 N
* NMEA Longitude = 106 02.40 W
* NMEA UTC (Time) = Apr 22 2018 14:04:25
** Ship: Revell
** Station: On Deck
** Operator: GR
** Station 33 P1 cast 61
# nquan = 32
# nvalues = 495                         
# units = specified
# name 0 = timeS: Time, Elapsed [seconds]
# name 1 = scan: Scan Count
# name 2 = prDM: Pressure, Digiquartz [db]
# name 3 = longitude: Longitude [deg]
# name 4 = latitude: Latitude [deg]
# name 5 = depSMignore: Depth [salt water, m]
# name 6 = t090C: Temperature [ITS-90, deg C]
# name 7 = t190C: Temperature, 2 [ITS-90, deg C]
# name 8 = c0S/m: Conductivity [S/m]
# name 9 = c1S/m: Conductivity, 2 [S/m]
# name 10 = flSP: Fluorescence, Seapoint
# name 11 = CStarAt0: Beam Attenuation, WET Labs C-Star [1/m]
# name 12 = CStarTr0: Beam Transmission, WET Labs C-Star [%]
# name 13 = par: PAR/Irradiance, Biospherical/Licor
# name 14 = modError: Modulo Error Count
# name 15 = v0: Voltage 0
# name 16 = v1: Voltage 1
# name 17 = v2: Voltage 2
# name 18 = v3: Voltage 3
# name 19 = v4: Voltage 4
# name 20 = v5: Voltage 5
# name 21 = v6: Voltage 6
# name 22 = v7: Voltage 7
# name 23 = sbeox0V: Oxygen raw, SBE 43 [V]
# name 24 = sal00: Salinity, Practical [PSU]
# name 25 = sal11: Salinity, Practical, 2 [PSU]
# name 26 = sigma-é00: Density [sigma-theta, kg/m^3]
# name 27 = sigma-é11: Density, 2 [sigma-theta, kg/m^3]
# name 28 = sbeox0Mg/L: Oxygen, SBE 43 [mg/l], WS = 2
# name 29 = sbox0Mm/Kg: Oxygen, SBE 43 [umol/kg], WS = 2
# name 30 = sbeox0PS: Oxygen, SBE 43 [% saturation], WS = 2
# name 31 = flag: flag
# span 0 =     35.494,    728.191       
# span 1 =        853,      17478       
# span 2 =      6.037,    503.691       
# span 3 = -106.04002, -106.04000       
# span 4 =   20.19060,   20.19066       
# span 5 =      6.000,    500.000       
# span 6 =     8.3241,    23.8303       
# span 7 =     8.3238,    23.8309       
# span 8 =   3.634366,   5.124981       
# span 9 =   3.634729,   5.125257       
# span 10 = 7.3421e-02, 2.3632e+00      
# span 11 =    12.3407,    12.6663      
# span 12 =     4.2147,     4.5722      
# span 13 = 5.0665e-02, 1.3319e+02      
# span 14 =          0,          0      
# span 15 =     4.2147,     4.5722      
# span 16 =     0.0245,     0.7877      
# span 17 =     0.5060,     2.7455      
# span 18 =     0.0000,     0.0000      
# span 19 =     3.1698,     4.6215      
# span 20 =     0.0000,     0.0000      
# span 21 =     0.0048,     3.4196      
# span 22 =     0.0000,     0.0000      
# span 23 =     0.5057,     2.7455      
# span 24 =    34.4807,    34.8177      
# span 25 =    34.4923,    34.8211      
# span 26 =    23.3442,    26.9024      
# span 27 =    23.3452,    26.9058      
# span 28 =     0.0309,     6.8042      
# span 29 =      0.941,    207.784      
# span 30 =      0.333,     98.234      
# span 31 = 0.0000e+00, 0.0000e+00      
# interval = meters: 1                  
# start_time = Apr 22 2018 14:04:26 [System UTC, first data scan.]
# bad_flag = -9.990e-29
*END*
[from data line 91]
    249.720       5994     97.620 -106.04002   20.19064     97.000    13.6374    13.6402   4.142384   4.142906 2.5245e-01    12.3654     4.5441 5.0671e-02          0     4.5441     0.0841     0.5096     0.0000     4.6063     0.0000     0.0049     0.0000     0.5092    34.8085    34.8109    26.1175    26.1188     0.0399      1.216      0.477 0.0000e+00
    252.394       6058     98.627 -106.04002   20.19064     98.000    13.5789    13.5803   4.136566   4.137017 2.3716e-01    12.3646     4.5450 5.0671e-02          0     4.5450     0.0791     0.5095     0.0000     4.6065     0.0000     0.0049     0.0000     0.5091    34.8068    34.8097    26.1283    26.1303     0.0401      1.221      0.478 0.0000e+00
    255.109       6124     99.634 -106.04002   20.19064     99.000    13.5102    13.5113   4.129961   4.130368 2.0847e-01    12.3642     4.5454 5.0671e-02          0     4.5454     0.0695     0.5093     0.0000     4.6062     0.0000     0.0049     0.0000     0.5089    34.8068    34.8096    26.1425    26.1444     0.0395      1.202      0.470 0.0000e+00
    257.295       6176    100.640 -106.04002   20.19066    100.000    13.4806    13.4807   4.127128   4.127466 2.1156e-01    12.3641     4.5455 5.0765e-02          0     4.5455     0.0705     0.5092     0.0000     3.1698     0.0000     0.0057     0.0000     0.5088    34.8067    34.8098    26.1485    26.1508     0.0391      1.189      0.465 0.0000e+00
    259.457       6228    101.647 -106.04002   20.19066    101.000    13.4687    13.4728   4.126140   4.126914 1.9370e-01    12.3635     4.5462 5.0682e-02          0     4.5462     0.0646     0.5093     0.0000     4.4395     0.0000     0.0050     0.0000     0.5089    34.8078    34.8113    26.1518    26.1537     0.0394      1.200      0.469 0.0000e+00
    268.628       6448    102.653 -106.04002   20.19064    102.000    13.4556    13.4566   4.124964   4.125393 1.8070e-01    12.3676     4.5416 5.0671e-02          0     4.5416     0.0602     0.5091     0.0000     4.6064     0.0000     0.0049     0.0000     0.5087    34.8083    34.8114    26.1549    26.1571     0.0393      1.197      0.468 0.0000e+00
    269.601       6471    103.660 -106.04002   20.19064    103.000    13.4321    13.4326   4.122655   4.123056 1.7317e-01    12.3630     4.5468 5.0671e-02          0     4.5468     0.0577     0.5092     0.0000     4.6044     0.0000     0.0049     0.0000     0.5088    34.8075    34.8108    26.1591    26.1616     0.0394      1.199      0.468 0.0000e+00
    270.538       6494    104.667 -106.04002   20.19064    104.000    13.3980    13.3975   4.119445   4.119727 1.6316e-01    12.3643     4.5453 5.0671e-02          0     4.5453     0.0544     0.5092     0.0000     4.6048     0.0000     0.0049     0.0000     0.5088    34.8079    34.8111    26.1664    26.1690     0.0394      1.198      0.468 0.0000e+00
    271.477       6516    105.674 -106.04002   20.19064    105.000    13.3712    13.3715   4.117045   4.117390 1.5509e-01    12.3640     4.5457 5.0671e-02          0     4.5457     0.0517     0.5092     0.0000     4.6051     0.0000     0.0049     0.0000     0.5088    34.8093    34.8123    26.1730    26.1753     0.0390      1.187      0.463 0.0000e+00
    272.469       6540    106.680 -106.04002   20.19064    106.000    13.3601    13.3604   4.116061   4.116413 1.5069e-01    12.3644     4.5452 5.0671e-02          0     4.5452     0.0503     0.5091     0.0000     4.6064     0.0000     0.0049     0.0000     0.5087    34.8097    34.8128    26.1756    26.1780     0.0386      1.177      0.459 0.0000e+00
    273.518       6565    107.687 -106.04002   20.19064    107.000    13.3400    13.3399   4.114257   4.114578 1.4625e-01    12.3647     4.5449 5.0671e-02          0     4.5449     0.0487     0.5091     0.0000     4.6067     0.0000     0.0049     0.0000     0.5087    34.8107    34.8138    26.1805    26.1829     0.0395      1.203      0.469 0.0000e+00
    274.613       6592    108.693 -106.04002   20.19064    108.000    13.3335    13.3341   4.113761   4.114154 1.4504e-01    12.3672     4.5420 5.0671e-02          0     4.5420     0.0483     0.5092     0.0000     4.6068     0.0000     0.0049     0.0000     0.5088    34.8115    34.8146    26.1825    26.1848     0.0391      1.190      0.464 0.0000e+00
    275.683       6617    109.700 -106.04002   20.19064    109.000    13.3322    13.3329   4.113866   4.114245 1.9616e-01    12.3655     4.5440 5.0671e-02          0     4.5440     0.0654     0.5091     0.0000     4.6067     0.0000     0.0049     0.0000     0.5087    34.8132    34.8162    26.1841    26.1862     0.0388      1.182      0.461 0.0000e+00
    276.749       6643    110.707 -106.04002   20.19064    110.000    13.3275    13.3280   4.113562   4.113962 1.3833e-01    12.3655     4.5440 5.0671e-02          0     4.5440     0.0461     0.5091     0.0000     4.6063     0.0000     0.0049     0.0000     0.5087    34.8143    34.8175    26.1859    26.1883     0.0391      1.192      0.464 0.0000e+00
    277.819       6669    111.713 -106.04002   20.19064    111.000    13.3191    13.3193   4.112967   4.113333 1.2804e-01    12.3672     4.5420 5.0671e-02          0     4.5420     0.0427     0.5090     0.0000     4.6062     0.0000     0.0049     0.0000     0.5086    34.8158    34.8191    26.1888    26.1914     0.0384      1.169      0.455 0.0000e+00
    278.865       6694    112.720 -106.04002   20.19064    112.000    13.2911    13.2906   4.110270   4.110595 1.2515e-01    12.3689     4.5401 5.0671e-02          0     4.5401     0.0417     0.5089     0.0000     4.6056     0.0000     0.0049     0.0000     0.5085    34.8155    34.8190    26.1943    26.1971     0.0388      1.182      0.460 0.0000e+00
    279.961       6720    113.727 -106.04002   20.19064    113.000    13.2630    13.2626   4.107594   4.107908 1.2404e-01    12.3695     4.5393 5.0671e-02          0     4.5393     0.0413     0.5092     0.0000     4.6056     0.0000     0.0049     0.0000     0.5088    34.8155    34.8188    26.2001    26.2027     0.0399      1.215      0.473 0.0000e+00
    281.157       6749    114.734 -106.04002   20.19064    114.000    13.2356    13.2355   4.105006   4.105362 1.1903e-01    12.3662     4.5431 5.0671e-02          0     4.5431     0.0397     0.5091     0.0000     4.6057     0.0000     0.0049     0.0000     0.5087    34.8156    34.8191    26.2057    26.2084     0.0391      1.190      0.463 0.0000e+00
    282.284       6776    115.740 -106.04002   20.19064    115.000    13.2244    13.2251   4.103985   4.104377 1.1751e-01    12.3640     4.5457 5.0671e-02          0     4.5457     0.0392     0.5091     0.0000     4.6055     0.0000     0.0049     0.0000     0.5087    34.8158    34.8189    26.2081    26.2104     0.0395      1.201      0.467 0.0000e+00
    283.242       6799    116.747 -106.04002   20.19064    116.000    13.2012    13.2009   4.101763   4.102086 1.1434e-01    12.3670     4.5422 5.0671e-02          0     4.5422     0.0381     0.5092     0.0000     4.6068     0.0000     0.0049     0.0000     0.5088    34.8156    34.8189    26.2127    26.2153     0.0394      1.198      0.466 0.0000e+00
    284.103       6819    117.754 -106.04002   20.19064    117.000    13.1818    13.1820   4.099994   4.100362 1.1045e-01    12.3636     4.5461 5.0671e-02          0     4.5461     0.0368     0.5091     0.0000     4.6068     0.0000     0.0049     0.0000     0.5087    34.8162    34.8194    26.2171    26.2196     0.0387      1.177      0.458 0.0000e+00
    284.963       6840    118.761 -106.04002   20.19064    118.000    13.1660    13.1667   4.098617   4.099027 1.1427e-01    12.3637     4.5460 5.0671e-02          0     4.5460     0.0381     0.5091     0.0000     4.6066     0.0000     0.0049     0.0000     0.5087    34.8171    34.8204    26.2211    26.2235     0.0379      1.156      0.449 0.0000e+00
    285.914       6863    119.767 -106.04002   20.19064    119.000    13.1615    13.1622   4.098243   4.098654 1.0918e-01    12.3651     4.5444 5.0671e-02          0     4.5444     0.0364     0.5089     0.0000     4.6072     0.0000     0.0049     0.0000     0.5085    34.8173    34.8205    26.2221    26.2245     0.0386      1.176      0.457 0.0000e+00
    286.959       6888    120.774 -106.04002   20.19064    120.000    13.1527    13.1528   4.097421   4.097786 1.0522e-01    12.3641     4.5456 5.0671e-02          0     4.5456     0.0351     0.5090     0.0000     4.6071     0.0000     0.0049     0.0000     0.5086    34.8172    34.8205    26.2239    26.2264     0.0389      1.184      0.460 0.0000e+00
    288.010       6913    121.781 -106.04002   20.19064    121.000    13.1280    13.1283   4.095092   4.095465 1.0209e-01    12.3676     4.5416 5.0671e-02          0     4.5416     0.0340     0.5090     0.0000     4.6072     0.0000     0.0049     0.0000     0.5086    34.8172    34.8205    26.2289    26.2314     0.0387      1.177      0.457 0.0000e+00
    288.994       6937    122.788 -106.04002   20.19064    122.000    13.1237    13.1241   4.094770   4.095170 1.0155e-01    12.3631     4.5466 5.0671e-02          0     4.5466     0.0339     0.5089     0.0000     4.6066     0.0000     0.0049     0.0000     0.5085    34.8177    34.8211    26.2302    26.2327     0.0377      1.148      0.446 0.0000e+00
    289.891       6958    123.794 -106.04002   20.19064    123.000    13.1141    13.1145   4.093849   4.094231 1.0524e-01    12.3616     4.5483 5.0671e-02          0     4.5483     0.0351     0.5088     0.0000     4.6066     0.0000     0.0049     0.0000     0.5084    34.8173    34.8206    26.2319    26.2343     0.0387      1.180      0.458 0.0000e+00
    290.760       6979    124.801 -106.04002   20.19064    124.000    13.1025    13.1024   4.092741   4.093080 9.9355e-02    12.3622     4.5477 5.0671e-02          0     4.5477     0.0331     0.5090     0.0000     4.6066     0.0000     0.0049     0.0000     0.5086    34.8170    34.8203    26.2340    26.2365     0.0372      1.134      0.440 0.0000e+00
    291.668       7001    125.808 -106.04002   20.19064    125.000    13.0734    13.0737   4.090006   4.090381 9.5818e-02    12.3638     4.5459 5.0671e-02          0     4.5459     0.0319     0.5086     0.0000     4.6011     0.0000     0.0049     0.0000     0.5082    34.8173    34.8206    26.2400    26.2425     0.0377      1.148      0.445 0.0000e+00
    292.669       7025    126.815 -106.04002   20.19064    126.000    13.0667    13.0672   4.089431   4.089827 9.5372e-02    12.3648     4.5448 5.0671e-02          0     4.5448     0.0317     0.5088     0.0000     4.6043     0.0000     0.0049     0.0000     0.5084    34.8175    34.8209    26.2416    26.2441     0.0391      1.190      0.462 0.0000e+00
    293.831       7053    127.822 -106.04002   20.19064    127.000    13.0507    13.0508   4.087942   4.088298 9.4103e-02    12.3649     4.5447 5.0671e-02          0     4.5447     0.0313     0.5089     0.0000     4.6068     0.0000     0.0049     0.0000     0.5085    34.8177    34.8210    26.2450    26.2475     0.0385      1.171      0.454 0.0000e+00
    295.106       7084    128.828 -106.04002   20.19064    128.000    13.0413    13.0416   4.087068   4.087454 9.5010e-02    12.3642     4.5455 5.0671e-02          0     4.5455     0.0316     0.5088     0.0000     4.6074     0.0000     0.0049     0.0000     0.5084    34.8175    34.8210    26.2468    26.2494     0.0377      1.150      0.446 0.0000e+00
    296.365       7114    129.835 -106.04002   20.19064    129.000    13.0187    13.0185   4.084818   4.085173 9.4712e-02    12.3660     4.5434 5.0671e-02          0     4.5434     0.0316     0.5086     0.0000     4.6082     0.0000     0.0049     0.0000     0.5082    34.8165    34.8200    26.2505    26.2533     0.0371      1.131      0.438 0.0000e+00
    297.528       7142    130.842 -106.04002   20.19064    130.000    12.9936    12.9936   4.082373   4.082734 9.0899e-02    12.3644     4.5453 5.0671e-02          0     4.5453     0.0303     0.5087     0.0000     4.6033     0.0000     0.0049     0.0000     0.5083    34.8158    34.8192    26.2551    26.2577     0.0380      1.158      0.448 0.0000e+00
    298.604       7167    131.849 -106.04001   20.19064    131.000    12.9845    12.9851   4.081526   4.081953 9.2032e-02    12.3644     4.5452 5.0671e-02          0     4.5452     0.0306     0.5087     0.0000     4.5990     0.0000     0.0049     0.0000     0.5083    34.8157    34.8192    26.2568    26.2594     0.0388      1.180      0.457 0.0000e+00
    299.559       7190    132.855 -106.04000   20.19064    132.000    12.9722    12.9728   4.080327   4.080751 9.1908e-02    12.3675     4.5418 5.0671e-02          0     4.5418     0.0306     0.5088     0.0000     4.5987     0.0000     0.0049     0.0000     0.5084    34.8151    34.8186    26.2589    26.2614     0.0380      1.156      0.448 0.0000e+00
    300.405       7211    133.862 -106.04000   20.19064    133.000    12.9606    12.9607   4.079253   4.079612 8.8916e-02    12.3654     4.5441 5.0671e-02          0     4.5441     0.0296     0.5087     0.0000     4.6036     0.0000     0.0049     0.0000     0.5083    34.8151    34.8184    26.2612    26.2637     0.0366      1.115      0.432 0.0000e+00
    301.195       7230    134.869 -106.04000   20.19064    134.000    12.9464    12.9462   4.077866   4.078215 9.0163e-02    12.3643     4.5454 5.0671e-02          0     4.5454     0.0300     0.5086     0.0000     4.6068     0.0000     0.0049     0.0000     0.5082    34.8145    34.8181    26.2636    26.2664     0.0380      1.159      0.448 0.0000e+00
    301.959       7248    135.876 -106.04000   20.19064    135.000    12.9032    12.9028   4.073664   4.073990 9.4664e-02    12.3649     4.5446 5.0671e-02          0     4.5446     0.0316     0.5088     0.0000     4.6066     0.0000     0.0049     0.0000     0.5084    34.8138    34.8172    26.2717    26.2744     0.0387      1.179      0.456 0.0000e+00
    302.746       7267    136.883 -106.04000   20.19064    136.000    12.8839    12.8840   4.071938   4.072297 8.7758e-02    12.3650     4.5446 5.0671e-02          0     4.5446     0.0293     0.5085     0.0000     4.6078     0.0000     0.0049     0.0000     0.5082    34.8146    34.8179    26.2762    26.2788     0.0365      1.111      0.429 0.0000e+00
    303.589       7287    137.890 -106.04000   20.19064    137.000    12.8646    12.8648   4.070032   4.070394 8.6437e-02    12.3660     4.5434 5.0671e-02          0     4.5434     0.0288     0.5086     0.0000     4.6080     0.0000     0.0049     0.0000     0.5083    34.8138    34.8170    26.2795    26.2819     0.0371      1.131      0.437 0.0000e+00
    304.540       7310    138.896 -106.04000   20.19064    138.000    12.8528    12.8531   4.068937   4.069315 8.6797e-02    12.3650     4.5446 5.0671e-02          0     4.5446     0.0289     0.5082     0.0000     4.6081     0.0000     0.0049     0.0000     0.5079    34.8137    34.8171    26.2817    26.2843     0.0360      1.096      0.423 0.0000e+00
    305.625       7336    139.903 -106.04000   20.19064    139.000    12.8450    12.8454   4.068267   4.068658 8.5007e-02    12.3637     4.5460 5.0671e-02          0     4.5460     0.0283     0.5086     0.0000     4.6088     0.0000     0.0049     0.0000     0.5083    34.8141    34.8174    26.2836    26.2862     0.0383      1.166      0.450 0.0000e+00
    306.865       7366    140.910 -106.04000   20.19064    140.000    12.8344    12.8348   4.067240   4.067658 8.5310e-02    12.3634     4.5463 5.0671e-02          0     4.5463     0.0284     0.5082     0.0000     4.6090     0.0000     0.0049     0.0000     0.5079    34.8136    34.8172    26.2854    26.2881     0.0357      1.086      0.419 0.0000e+00
