data/ctd-cnv/RR1804/RR1803-St33-P1/Station33_cast60.cnv
* Sea-Bird SBE 9 Data File:
* FileName = C:\CTD\RR1805\Station33_cast60.hex
* Software Version Seasave V 7.26.6.26
* Temperature SN = 4307
* Conductivity SN = 4650
* Number of Bytes Per Scan = 44
* Number of Voltage Words = 5
* Number of Scans Averaged by the Deck Unit = 1
* NMEA Latitude = 20 06.91 N
* NMEA Longitude = 106 00.73 W
* NMEA UTC (Time) = Apr 22 2018 10:12:45
** Ship: Revell
** Station: On Deck
** Operator: GR
** Station P1 cast 60 Prim Prod
# nquan = 32
# nvalues = 151                         
# units = specified
# name 0 = timeS: Time, Elapsed [seconds]
# name 1 = scan: Scan Count
# name 2 = prDM: Pressure, Digiquartz [db]
# name 3 = longitude: Longitude [deg]
# name 4 = latitude: Latitude [deg]
# name 5 = depSMignore: Depth [salt water, m]
# name 6 = t090C: Temperature [ITS-90, deg C]
# name 7 = t190C: Temperature, 2 [ITS-90, deg C]
# name 8 = c0S/m: Conductivity [S/m]
# name 9 = c1S/m: Conductivity, 2 [S/m]
# name 10 = flSP: Fluorescence, Seapoint
# name 11 = CStarAt0: Beam Attenuation, WET Labs C-Star [1/m]
# name 12 = CStarTr0: Beam Transmission, WET Labs C-Star [%]
# name 13 = par: PAR/Irradiance, Biospherical/Licor
# name 14 = modError: Modulo Error Count
# name 15 = v0: Voltage 0
# name 16 = v1: Voltage 1
# name 17 = v2: Voltage 2
# name 18 = v3: Voltage 3
# name 19 = v4: Voltage 4
# name 20 = v5: Voltage 5
# name 21 = v6: Voltage 6
# name 22 = v7: Voltage 7
# name 23 = sbeox0V: Oxygen raw, SBE 43 [V]
# name 24 = sal00: Salinity, Practical [PSU]
# name 25 = sal11: Salinity, Practical, 2 [PSU]
# name 26 = sigma-é00: Density [sigma-theta, kg/m^3]
# name 27 = sigma-é11: Density, 2 [sigma-theta, kg/m^3]
# name 28 = sbeox0Mg/L: Oxygen, SBE 43 [mg/l], WS = 2
# name 29 = sbox0Mm/Kg: Oxygen, SBE 43 [umol/kg], WS = 2
# name 30 = sbeox0PS: Oxygen, SBE 43 [% saturation], WS = 2
# name 31 = flag: flag
# span 0 =      8.016,    285.178       
# span 1 =        193,       6845       
# span 2 =      2.012,    152.992       
# span 3 = -106.01231, -106.01228       
# span 4 =   20.11524,   20.11528       
# span 5 =      2.000,    152.000       
# span 6 =    12.5905,    23.6656       
# span 7 =    12.5842,    23.6601       
# span 8 =   4.044222,   5.111275       
# span 9 =   4.043721,   5.110919       
# span 10 = 7.1441e-02, 1.6855e+00      
# span 11 =    12.3582,    12.5854      
# span 12 =     4.3008,     4.5522      
# span 13 = 4.8768e-02, 2.2330e-01      
# span 14 =          0,          0      
# span 15 =     4.3008,     4.5522      
# span 16 =     0.0237,     0.5618      
# span 17 =     0.5079,     2.6267      
# span 18 =     0.0000,     0.0000      
# span 19 =     2.5386,     4.6776      
# span 20 =     0.0000,     0.0000      
# span 21 =    -0.0079,     0.6077      
# span 22 =     0.0000,     0.0000      
# span 23 =     0.5076,     2.6267      
# span 24 =    34.4640,    34.8203      
# span 25 =    34.4640,    34.8213      
# span 26 =    23.4116,    26.3333      
# span 27 =    23.4144,    26.3353      
# span 28 =     0.0352,     6.4593      
# span 29 =      1.070,    197.239      
# span 30 =      0.413,     93.002      
# span 31 = 0.0000e+00, 0.0000e+00      
# interval = meters: 1                  
# start_time = Apr 22 2018 10:12:46 [System UTC, first data scan.]
# bad_flag = -9.990e-29
*END*
[from data line 46]
    106.202       2550     48.301 -106.01230   20.11526     48.000    16.2916    16.2893   4.387059   4.386820 4.3653e-01    12.3767     4.5313 5.0671e-02          0     4.5313     0.1455     0.5239     0.0000     4.5267     0.0000     0.0049     0.0000     0.5236    34.6949    34.6948    25.4477    25.4481     0.0893      2.721      1.124 0.0000e+00
    108.094       2595     49.307 -106.01230   20.11526     49.000    15.9816    15.9784   4.358170   4.357791 5.4755e-01    12.3956     4.5098 5.0671e-02          0     4.5098     0.1825     0.5216     0.0000     4.5302     0.0000     0.0049     0.0000     0.5212    34.7088    34.7083    25.5296    25.5299     0.0743      2.264      0.930 0.0000e+00
    109.343       2625     50.314 -106.01230   20.11526     50.000    15.9392    15.9407   4.353972   4.353972 7.1166e-01    12.3941     4.5115 5.0671e-02          0     4.5115     0.2372     0.5204     0.0000     4.5316     0.0000     0.0049     0.0000     0.5201    34.7082    34.7068    25.5388    25.5374     0.0744      2.266      0.930 0.0000e+00
    111.134       2668     51.320 -106.01230   20.11526     51.000    15.9261    15.9259   4.352633   4.352497 9.0204e-01    12.3958     4.5097 5.0671e-02          0     4.5097     0.3007     0.5201     0.0000     4.5335     0.0000     0.0049     0.0000     0.5198    34.7073    34.7063    25.5411    25.5404     0.0752      2.291      0.940 0.0000e+00
    113.641       2728     52.326 -106.01230   20.11526     52.000    15.9096    15.9086   4.351022   4.350888 8.1837e-01    12.3931     4.5127 5.0671e-02          0     4.5127     0.2728     0.5199     0.0000     4.5358     0.0000     0.0049     0.0000     0.5196    34.7070    34.7067    25.5446    25.5446     0.0771      2.349      0.963 0.0000e+00
    115.353       2769     53.333 -106.01230   20.11526     53.000    15.7481    15.7461   4.334520   4.334181 7.6285e-01    12.3942     4.5114 5.0671e-02          0     4.5114     0.2543     0.5225     0.0000     4.5380     0.0000     0.0049     0.0000     0.5221    34.7008    34.6995    25.5764    25.5759     0.0945      2.878      1.176 0.0000e+00
    117.089       2811     54.339 -106.01230   20.11526     54.000    15.4810    15.4737   4.310338   4.309714 8.8626e-01    12.3976     4.5077 5.0671e-02          0     4.5077     0.2954     0.5220     0.0000     4.5405     0.0000     0.0049     0.0000     0.5216    34.7185    34.7193    25.6502    25.6524     0.0762      2.321      0.944 0.0000e+00
    119.846       2877     55.346 -106.01230   20.11526     55.000    15.3918    15.3924   4.303967   4.303613 1.0167e+00    12.4127     4.4906 5.0671e-02          0     4.4906     0.3389     0.5175     0.0000     4.5432     0.0000     0.0049     0.0000     0.5172    34.7394    34.7357    25.6863    25.6833     0.0593      1.806      0.733 0.0000e+00
    121.849       2925     56.352 -106.01230   20.11526     56.000    15.3178    15.3169   4.297947   4.297787 1.0931e+00    12.4184     4.4842 5.0671e-02          0     4.4842     0.3644     0.5149     0.0000     4.5454     0.0000     0.0049     0.0000     0.5145    34.7501    34.7494    25.7110    25.7107     0.0528      1.609      0.652 0.0000e+00
    123.698       2970     57.359 -106.01230   20.11526     57.000    15.2805    15.2797   4.294648   4.294477 1.1110e+00    12.4093     4.4945 5.0671e-02          0     4.4945     0.3703     0.5138     0.0000     4.5471     0.0000     0.0049     0.0000     0.5136    34.7529    34.7521    25.7215    25.7210     0.0537      1.637      0.663 0.0000e+00
    125.111       3004     58.365 -106.01230   20.11526     58.000    15.1917    15.1877   4.286414   4.285861 1.1239e+00    12.4067     4.4974 5.0671e-02          0     4.4974     0.3746     0.5139     0.0000     4.5484     0.0000     0.0049     0.0000     0.5136    34.7567    34.7552    25.7440    25.7438     0.0543      1.656      0.670 0.0000e+00
    126.511       3037     59.371 -106.01230   20.11526     59.000    15.0154    15.0101   4.270170   4.269638 1.2125e+00    12.3992     4.5058 5.0671e-02          0     4.5058     0.4042     0.5134     0.0000     4.5493     0.0000     0.0049     0.0000     0.5131    34.7654    34.7653    25.7897    25.7907     0.0506      1.543      0.622 0.0000e+00
    129.636       3112     60.378 -106.01231   20.11526     60.000    15.0756    15.0571   4.276223   4.274323 1.1881e+00    12.4010     4.5038 5.0671e-02          0     4.5038     0.3960     0.5129     0.0000     4.5516     0.0000     0.0049     0.0000     0.5126    34.7665    34.7656    25.7772    25.7806     0.0520      1.585      0.639 0.0000e+00
    132.032       3170     61.384 -106.01231   20.11526     61.000    14.7928    14.7910   4.249682   4.249453 1.2537e+00    12.3970     4.5082 5.0671e-02          0     4.5082     0.4179     0.5129     0.0000     4.5535     0.0000     0.0049     0.0000     0.5126    34.7762    34.7757    25.8466    25.8466     0.0498      1.516      0.608 0.0000e+00
    133.190       3198     62.391 -106.01230   20.11526     62.000    14.7552    14.7556   4.246256   4.246188 1.2168e+00    12.3964     4.5089 5.0671e-02          0     4.5089     0.4056     0.5127     0.0000     4.5542     0.0000     0.0049     0.0000     0.5124    34.7779    34.7770    25.8562    25.8554     0.0504      1.537      0.616 0.0000e+00
    134.858       3238     63.397 -106.01230   20.11526     63.000    14.7427    14.7386   4.245170   4.244683 1.1986e+00    12.3961     4.5093 5.0671e-02          0     4.5093     0.3995     0.5124     0.0000     4.5547     0.0000     0.0049     0.0000     0.5121    34.7788    34.7780    25.8596    25.8598     0.0485      1.479      0.593 0.0000e+00
    137.852       3309     64.404 -106.01230   20.11526     64.000    14.7408    14.7306   4.245085   4.244065 1.2060e+00    12.3972     4.5081 5.0671e-02          0     4.5081     0.4020     0.5121     0.0000     4.5569     0.0000     0.0049     0.0000     0.5118    34.7793    34.7791    25.8604    25.8624     0.0482      1.469      0.589 0.0000e+00
    139.211       3342     65.410 -106.01230   20.11526     65.000    14.7145    14.7142   4.242721   4.242662 1.2839e+00    12.3968     4.5086 5.0671e-02          0     4.5086     0.4279     0.5117     0.0000     4.5579     0.0000     0.0049     0.0000     0.5114    34.7808    34.7805    25.8673    25.8671     0.0467      1.422      0.570 0.0000e+00
    141.124       3388     66.417 -106.01230   20.11526     66.000    14.6889    14.6877   4.240462   4.240259 1.2649e+00    12.4022     4.5024 5.0671e-02          0     4.5024     0.4216     0.5117     0.0000     4.5587     0.0000     0.0049     0.0000     0.5114    34.7826    34.7817    25.8742    25.8739     0.0470      1.432      0.574 0.0000e+00
    143.643       3448     67.423 -106.01230   20.11526     67.000    14.6734    14.6738   4.239058   4.239074 1.2273e+00    12.3977     4.5075 5.0671e-02          0     4.5075     0.4091     0.5115     0.0000     4.5602     0.0000     0.0049     0.0000     0.5112    34.7831    34.7829    25.8780    25.8778     0.0467      1.423      0.570 0.0000e+00
    145.412       3491     68.430 -106.01230   20.11526     68.000    14.6598    14.6596   4.237845   4.237826 1.2489e+00    12.3977     4.5074 5.0671e-02          0     4.5074     0.4163     0.5115     0.0000     4.5614     0.0000     0.0049     0.0000     0.5111    34.7838    34.7837    25.8815    25.8815     0.0463      1.411      0.565 0.0000e+00
    147.647       3545     69.436 -106.01230   20.11526     69.000    14.6379    14.6387   4.235864   4.235937 1.2104e+00    12.3969     4.5085 5.0671e-02          0     4.5085     0.4035     0.5113     0.0000     4.5623     0.0000     0.0049     0.0000     0.5110    34.7848    34.7848    25.8871    25.8869     0.0453      1.381      0.552 0.0000e+00
    150.176       3605     70.443 -106.01230   20.11526     70.000    14.6073    14.6082   4.233034   4.233129 1.2118e+00    12.3962     4.5092 5.0671e-02          0     4.5092     0.4039     0.5112     0.0000     4.5638     0.0000     0.0049     0.0000     0.5109    34.7858    34.7859    25.8945    25.8944     0.0458      1.395      0.558 0.0000e+00
    152.080       3651     71.449 -106.01230   20.11526     71.000    14.5150    14.5147   4.224501   4.224491 1.1950e+00    12.3946     4.5111 5.0671e-02          0     4.5111     0.3983     0.5111     0.0000     4.5644     0.0000     0.0049     0.0000     0.5107    34.7897    34.7899    25.9174    25.9176     0.0452      1.375      0.549 0.0000e+00
    153.243       3679     72.456 -106.01230   20.11526     72.000    14.4636    14.4633   4.219746   4.219712 1.1936e+00    12.3948     4.5108 5.0671e-02          0     4.5108     0.3978     0.5113     0.0000     4.5651     0.0000     0.0049     0.0000     0.5110    34.7917    34.7916    25.9300    25.9299     0.0458      1.395      0.556 0.0000e+00
    154.465       3708     73.462 -106.01230   20.11526     73.000    14.4048    14.4023   4.214293   4.214082 1.1663e+00    12.3945     4.5111 5.0671e-02          0     4.5111     0.3888     0.5109     0.0000     4.5656     0.0000     0.0049     0.0000     0.5105    34.7938    34.7941    25.9442    25.9449     0.0440      1.340      0.533 0.0000e+00
    157.106       3772     74.469 -106.01230   20.11526     74.000    14.3576    14.3681   4.209909   4.210830 1.1293e+00    12.3942     4.5114 5.0671e-02          0     4.5114     0.3764     0.5106     0.0000     4.5666     0.0000     0.0049     0.0000     0.5102    34.7954    34.7944    25.9556    25.9526     0.0428      1.303      0.518 0.0000e+00
    161.825       3885     75.475 -106.01230   20.11526     75.000    14.3283    14.3118   4.207324   4.205767 1.0871e+00    12.3902     4.5160 5.0671e-02          0     4.5160     0.3624     0.5105     0.0000     4.5687     0.0000     0.0049     0.0000     0.5101    34.7974    34.7979    25.9633    25.9673     0.0438      1.333      0.530 0.0000e+00
    162.921       3911     76.482 -106.01230   20.11526     76.000    14.2573    14.2583   4.200744   4.200821 1.0418e+00    12.3889     4.5174 5.0671e-02          0     4.5174     0.3473     0.5104     0.0000     4.5694     0.0000     0.0049     0.0000     0.5100    34.8001    34.7999    25.9806    25.9802     0.0433      1.319      0.524 0.0000e+00
    163.914       3935     77.488 -106.01230   20.11526     77.000    14.2203    14.2208   4.197353   4.197390 9.7769e-01    12.3872     4.5193 5.0671e-02          0     4.5193     0.3259     0.5106     0.0000     4.5690     0.0000     0.0049     0.0000     0.5102    34.8016    34.8015    25.9896    25.9895     0.0432      1.315      0.522 0.0000e+00
    164.927       3959     78.495 -106.01230   20.11526     78.000    14.1645    14.1635   4.191883   4.191747 8.7521e-01    12.3825     4.5246 5.0671e-02          0     4.5246     0.2917     0.5104     0.0000     4.5694     0.0000     0.0049     0.0000     0.5100    34.8008    34.8004    26.0009    26.0008     0.0425      1.296      0.514 0.0000e+00
    166.998       4009     79.501 -106.01230   20.11526     79.000    14.1274    14.1441   4.188334   4.189882 7.9690e-01    12.3778     4.5300 5.0671e-02          0     4.5300     0.2656     0.5104     0.0000     4.5704     0.0000     0.0049     0.0000     0.5100    34.8009    34.8003    26.0088    26.0048     0.0427      1.300      0.515 0.0000e+00
    170.675       4097     80.508 -106.01230   20.11524     80.000    14.0783    14.0807   4.183546   4.183879 7.4158e-01    12.3766     4.5314 5.0671e-02          0     4.5314     0.2472     0.5103     0.0000     4.5721     0.0000     0.0049     0.0000     0.5099    34.8004    34.8013    26.0188    26.0190     0.0426      1.297      0.513 0.0000e+00
    171.979       4129     81.514 -106.01229   20.11524     81.000    14.0502    14.0508   4.181021   4.181095 6.0971e-01    12.3740     4.5343 5.0671e-02          0     4.5343     0.2032     0.5102     0.0000     4.5724     0.0000     0.0049     0.0000     0.5098    34.8019    34.8021    26.0260    26.0259     0.0419      1.275      0.504 0.0000e+00
    174.243       4183     82.521 -106.01229   20.11524     82.000    14.0390    14.0448   4.180046   4.180620 5.9795e-01    12.3734     4.5350 5.0671e-02          0     4.5350     0.1993     0.5102     0.0000     4.5733     0.0000     0.0049     0.0000     0.5098    34.8026    34.8026    26.0288    26.0276     0.0423      1.288      0.509 0.0000e+00
    177.206       4254     83.527 -106.01230   20.11524     83.000    14.0248    14.0260   4.178782   4.178923 5.7686e-01    12.3725     4.5360 5.0671e-02          0     4.5360     0.1923     0.5101     0.0000     4.5746     0.0000     0.0049     0.0000     0.5097    34.8032    34.8035    26.0323    26.0323     0.0411      1.252      0.495 0.0000e+00
    178.721       4290     84.534 -106.01230   20.11525     84.000    14.0169    14.0174   4.178081   4.178149 5.6568e-01    12.3733     4.5351 5.0671e-02          0     4.5351     0.1886     0.5099     0.0000     4.5748     0.0000     0.0049     0.0000     0.5095    34.8034    34.8036    26.0342    26.0342     0.0408      1.243      0.491 0.0000e+00
    180.211       4326     85.541 -106.01230   20.11524     85.000    14.0109    14.0117   4.177568   4.177680 5.5455e-01    12.3727     4.5357 5.0671e-02          0     4.5357     0.1849     0.5100     0.0000     4.5752     0.0000     0.0049     0.0000     0.5096    34.8036    34.8040    26.0356    26.0357     0.0425      1.294      0.511 0.0000e+00
    181.383       4354     86.547 -106.01230   20.11524     86.000    13.9799    13.9797   4.174591   4.174627 5.2335e-01    12.3732     4.5352 5.0671e-02          0     4.5352     0.1745     0.5101     0.0000     4.5753     0.0000     0.0049     0.0000     0.5097    34.8036    34.8040    26.0422    26.0425     0.0414      1.262      0.499 0.0000e+00
    182.751       4387     87.554 -106.01230   20.11524     87.000    13.9424    13.9427   4.171114   4.171190 4.8493e-01    12.3700     4.5389 5.0671e-02          0     4.5389     0.1616     0.5098     0.0000     4.5757     0.0000     0.0049     0.0000     0.5094    34.8047    34.8051    26.0508    26.0511     0.0398      1.212      0.478 0.0000e+00
    186.849       4485     88.560 -106.01230   20.11524     88.000    13.9540    13.9637   4.172235   4.173245 5.1487e-01    12.3720     4.5366 5.0671e-02          0     4.5366     0.1716     0.5097     0.0000     4.5776     0.0000     0.0049     0.0000     0.5093    34.8042    34.8049    26.0481    26.0466     0.0408      1.243      0.491 0.0000e+00
    188.755       4531     89.567 -106.01228   20.11524     89.000    13.9177    13.9186   4.168832   4.168974 4.6156e-01    12.3692     4.5398 5.0671e-02          0     4.5398     0.1538     0.5095     0.0000     4.5780     0.0000     0.0049     0.0000     0.5091    34.8049    34.8054    26.0563    26.0565     0.0400      1.218      0.480 0.0000e+00
    191.272       4592     90.574 -106.01230   20.11525     90.000    13.8985    13.8998   4.167063   4.167237 4.5419e-01    12.3695     4.5394 5.0671e-02          0     4.5394     0.1514     0.5094     0.0000     4.5788     0.0000     0.0049     0.0000     0.5090    34.8054    34.8059    26.0607    26.0608     0.0395      1.203      0.474 0.0000e+00
    193.135       4636     91.580 -106.01230   20.11526     91.000    13.8592    13.8598   4.163450   4.163557 4.0614e-01    12.3681     4.5411 5.0671e-02          0     4.5411     0.1354     0.5096     0.0000     4.5785     0.0000     0.0049     0.0000     0.5093    34.8069    34.8074    26.0701    26.0703     0.0419      1.276      0.503 0.0000e+00
