data/ctd-cnv/RR1804/RR1803-St33-P1/Station33_cast65.cnv
* Sea-Bird SBE 9 Data File:
* FileName = C:\CTD\RR1805\Station33_cast65.hex
* Software Version Seasave V 7.26.6.26
* Temperature SN = 4307
* Conductivity SN = 4650
* Number of Bytes Per Scan = 44
* Number of Voltage Words = 5
* Number of Scans Averaged by the Deck Unit = 1
* NMEA Latitude = 20 18.47 N
* NMEA Longitude = 106 08.12 W
* NMEA UTC (Time) = Apr 24 2018 21:04:47
** Ship: Revell
** Station: On Deck
** Operator: NAK
** cast65
# nquan = 32
# nvalues = 302                         
# units = specified
# name 0 = timeS: Time, Elapsed [seconds]
# name 1 = scan: Scan Count
# name 2 = prDM: Pressure, Digiquartz [db]
# name 3 = longitude: Longitude [deg]
# name 4 = latitude: Latitude [deg]
# name 5 = depSMignore: Depth [salt water, m]
# name 6 = t090C: Temperature [ITS-90, deg C]
# name 7 = t190C: Temperature, 2 [ITS-90, deg C]
# name 8 = c0S/m: Conductivity [S/m]
# name 9 = c1S/m: Conductivity, 2 [S/m]
# name 10 = flSP: Fluorescence, Seapoint
# name 11 = CStarAt0: Beam Attenuation, WET Labs C-Star [1/m]
# name 12 = CStarTr0: Beam Transmission, WET Labs C-Star [%]
# name 13 = par: PAR/Irradiance, Biospherical/Licor
# name 14 = modError: Modulo Error Count
# name 15 = v0: Voltage 0
# name 16 = v1: Voltage 1
# name 17 = v2: Voltage 2
# name 18 = v3: Voltage 3
# name 19 = v4: Voltage 4
# name 20 = v5: Voltage 5
# name 21 = v6: Voltage 6
# name 22 = v7: Voltage 7
# name 23 = sbeox0V: Oxygen raw, SBE 43 [V]
# name 24 = sal00: Salinity, Practical [PSU]
# name 25 = sal11: Salinity, Practical, 2 [PSU]
# name 26 = sigma-é00: Density [sigma-theta, kg/m^3]
# name 27 = sigma-é11: Density, 2 [sigma-theta, kg/m^3]
# name 28 = sbeox0Mg/L: Oxygen, SBE 43 [mg/l], WS = 2
# name 29 = sbox0Mm/Kg: Oxygen, SBE 43 [umol/kg], WS = 2
# name 30 = sbeox0PS: Oxygen, SBE 43 [% saturation], WS = 2
# name 31 = flag: flag
# span 0 =     63.042,    691.028       
# span 1 =       1514,      16586       
# span 2 =      1.006,    304.086       
# span 3 = -106.13534, -106.13532       
# span 4 =   20.30794,   20.30799       
# span 5 =      1.000,    302.000       
# span 6 =    10.9665,    25.8844       
# span 7 =    10.9661,    25.8684       
# span 8 =   3.886548,   5.361043       
# span 9 =   3.886892,   5.724989       
# span 10 = 7.2764e-02, 2.7295e+00      
# span 11 =    12.3486,    12.7482      
# span 12 =     4.2536,     4.5633      
# span 13 = 5.0634e-02, 1.9768e+03      
# span 14 =          0,          0      
# span 15 =     4.2536,     4.5633      
# span 16 =     0.0242,     0.9098      
# span 17 =     0.5078,     2.9166      
# span 18 =     0.0000,     0.0000      
# span 19 =     1.5454,     5.6518      
# span 20 =     0.0000,     0.0000      
# span 21 =     0.0046,     4.5957      
# span 22 =     0.0000,     0.0000      
# span 23 =     0.5075,     2.9166      
# span 24 =    34.4564,    34.8191      
# span 25 =    34.4549,    37.5130      
# span 26 =    22.8551,    26.5712      
# span 27 =    22.8346,    26.5742      
# span 28 =     0.0358,     7.6753      
# span 29 =      1.088,    234.491      
# span 30 =      0.415,    114.771      
# span 31 = 0.0000e+00, 0.0000e+00      
# interval = meters: 1                  
# start_time = Apr 24 2018 21:04:49 [System UTC, first data scan.]
# bad_flag = -9.990e-29
*END*
     63.042       1514      1.006 -106.13534   20.30794      1.000    25.7119    25.7290   5.333128   5.724989 1.2979e-01    12.4884     4.3912 1.9768e+03          0     4.3912     0.0433     2.2882     0.0000     1.5454     0.0000     4.5957     0.0000     2.2882    34.6452    37.5130    22.8551    25.0158     4.1465    126.687     61.856 0.0000e+00
     79.350       1905      2.012 -106.13534   20.30794      2.000    25.8455    25.8279   5.359886   5.348850 2.6187e-01    12.7482     4.4212 1.4185e+03          0     4.4212     0.0873     2.9166     0.0000     5.6518     0.0000     4.4085     0.0000     2.9166    34.7388    34.6661    22.8844    22.8346     7.6753    234.491    114.771 0.0000e+00
     86.381       2074      3.019 -106.13534   20.30794      3.000    25.8844    25.8684   5.361043   5.374267 2.4350e-01    12.4526     4.4425 1.2105e+03          0     4.4425     0.0812     2.7555     0.0000     4.5075     0.0000     4.3643     0.0000     2.7555    34.7173    34.8258    22.8562    22.9430     6.5903    201.349     98.639 0.0000e+00
     91.419       2195      4.025 -106.13534   20.30794      4.000    25.8626    25.8642   5.358727   5.366254 2.2777e-01    12.4554     4.4430 1.0160e+03          0     4.4430     0.0759     2.7542     0.0000     4.5069     0.0000     4.2998     0.0000     2.7542    34.7167    34.7703    22.8625    22.9025     6.5906    201.357     98.607 0.0000e+00
     93.682       2249      5.031 -106.13534   20.30794      5.000    25.6854    25.7072   5.339730   5.347528 2.4545e-01    12.4636     4.4339 9.1784e+02          0     4.4339     0.0818     2.7522     0.0000     4.5068     0.0000     4.2555     0.0000     2.7522    34.7123    34.7528    22.9142    22.9380     6.6095    201.924     98.592 0.0000e+00
     96.821       2325      6.037 -106.13534   20.30794      6.000    25.6220    25.6257   5.333110   5.337263 2.8584e-01    12.4720     4.4246 7.6996e+02          0     4.4246     0.0953     2.7515     0.0000     4.5075     0.0000     4.1766     0.0000     2.7515    34.7119    34.7394    22.9335    22.9532     6.6129    202.022     98.537 0.0000e+00
    101.297       2432      7.043 -106.13534   20.30794      7.000    25.5786    25.5798   5.328506   5.330707 4.1908e-01    12.4886     4.4065 6.7448e+02          0     4.4065     0.1397     2.7550     0.0000     4.5079     0.0000     4.1204     0.0000     2.7550    34.7109    34.7261    22.9463    22.9574     6.6352    202.703     98.797 0.0000e+00
    103.698       2490      8.050 -106.13534   20.30794      8.000    25.5044    25.5046   5.319654   5.321181 3.6449e-01    12.4558     4.4426 5.3668e+02          0     4.4426     0.1215     2.7521     0.0000     4.5081     0.0000     4.0058     0.0000     2.7521    34.7022    34.7133    22.9626    22.9709     6.6248    202.380     98.513 0.0000e+00
    108.590       2607      9.056 -106.13534   20.30795      9.000    25.3315    25.3363   5.299279   5.300723 4.2881e-01    12.4622     4.4355 3.8165e+02          0     4.4355     0.1429     2.7504     0.0000     4.5087     0.0000     3.8502     0.0000     2.7504    34.6841    34.6911    23.0020    23.0058     6.6446    202.979     98.509 0.0000e+00
    114.074       2739     10.062 -106.13534   20.30796     10.000    25.0481    25.0488   5.265549   5.265985 4.8194e-01    12.4691     4.4278 3.0567e+02          0     4.4278     0.1606     2.7524     0.0000     4.5095     0.0000     3.7135     0.0000     2.7524    34.6517    34.6545    23.0641    23.0659     6.6946    204.494     98.755 0.0000e+00
    122.639       2944     11.068 -106.13534   20.30796     11.000    24.8194    24.8206   5.238223   5.238612 5.2149e-01    12.4842     4.4111 1.2860e+02          0     4.4111     0.1738     2.7541     0.0000     4.5113     0.0000     3.4260     0.0000     2.7541    34.6244    34.6263    23.1128    23.1139     6.7170    205.166     98.685 0.0000e+00
    165.999       3985     12.074 -106.13534   20.30796     12.000    24.5335    24.5343   5.205455   5.205965 7.1068e-01    12.5075     4.3856 9.9667e+01          0     4.3856     0.2369     2.7346     0.0000     4.5160     0.0000     3.3105     0.0000     2.7347    34.5998    34.6030    23.1802    23.1823     6.6825    204.101     97.691 0.0000e+00
    246.473       5916     13.081 -106.13534   20.30798     13.000    23.8331    23.8289   5.130563   5.130508 1.2362e+00    12.5640     4.3240 1.1754e+02          0     4.3240     0.4121     2.6306     0.0000     4.5209     0.0000     3.3662     0.0000     2.6306    34.5786    34.5815    23.3724    23.3759     6.4053    195.598     92.499 0.0000e+00
    246.775       5924     14.087 -106.13534   20.30798     14.000    23.6754    23.6692   5.114755   5.114400 1.5141e+00    12.5942     4.2915 9.9635e+01          0     4.2915     0.5047     2.5999     0.0000     4.5222     0.0000     3.2934     0.0000     2.5999    34.5812    34.5833    23.4207    23.4241     6.3502    193.906     91.455 0.0000e+00
    248.812       5972     15.093 -106.13534   20.30798     15.000    23.5839    23.5797   5.105616   5.105333 1.6830e+00    12.6036     4.2813 7.3147e+01          0     4.2813     0.5610     2.5698     0.0000     4.5229     0.0000     3.1605     0.0000     2.5698    34.5828    34.5839    23.4487    23.4509     6.2528    190.925     89.910 0.0000e+00
    250.719       6018     16.099 -106.13534   20.30798     16.000    23.4775    23.4758   5.094948   5.094971 1.8346e+00    12.6098     4.2747 5.9712e+01          0     4.2747     0.6115     2.5367     0.0000     4.5236     0.0000     3.0718     0.0000     2.5367    34.5843    34.5858    23.4810    23.4827     6.1802    188.702     88.702 0.0000e+00
    253.072       6075     17.105 -106.13534   20.30798     17.000    23.4195    23.4224   5.089237   5.089644 1.9782e+00    12.6174     4.2667 5.1133e+01          0     4.2667     0.6594     2.5118     0.0000     4.5247     0.0000     3.0050     0.0000     2.5118    34.5858    34.5867    23.4991    23.4989     6.1026    186.332     87.502 0.0000e+00
    255.598       6135     18.112 -106.13534   20.30798     18.000    23.2603    23.2609   5.073035   5.073249 2.7295e+00    12.6211     4.2627 4.2513e+01          0     4.2627     0.9098     2.4557     0.0000     4.5255     0.0000     2.9242     0.0000     2.4557    34.5864    34.5875    23.5459    23.5466     5.9221    180.810     84.678 0.0000e+00
    257.428       6179     19.118 -106.13534   20.30798     19.000    23.1423    23.1382   5.061106   5.060723 2.0943e+00    12.6297     4.2536 3.3897e+01          0     4.2536     0.6981     2.4065     0.0000     4.5257     0.0000     2.8263     0.0000     2.4065    34.5872    34.5875    23.5806    23.5820     5.7217    174.686     81.645 0.0000e+00
    259.174       6221     20.124 -106.13534   20.30798     20.000    22.8222    22.8080   5.027463   5.026185 2.1876e+00    12.6143     4.2700 2.8778e+01          0     4.2700     0.7292     2.2854     0.0000     4.5268     0.0000     2.7552     0.0000     2.2854    34.5799    34.5812    23.6671    23.6721     5.1998    158.738     73.788 0.0000e+00
    261.630       6280     21.130 -106.13534   20.30798     21.000    21.9090    21.9186   4.931787   4.931781 2.0787e+00    12.5683     4.3194 2.6281e+01          0     4.3194     0.6929     2.0205     0.0000     4.5282     0.0000     2.7164     0.0000     2.0205    34.5591    34.5513    23.9092    23.9007     4.4339    135.326     61.900 0.0000e+00
    263.869       6334     22.137 -106.13534   20.30798     22.000    21.1323    21.1302   4.852244   4.851831 1.9363e+00    12.5513     4.3377 2.3969e+01          0     4.3377     0.6455     1.8159     0.0000     4.5307     0.0000     2.6760     0.0000     1.8158    34.5522    34.5506    24.1179    24.1173     3.8729    118.179     53.324 0.0000e+00
    265.724       6378     23.143 -106.13534   20.30798     23.000    20.5931    20.5890   4.798186   4.797714 1.7625e+00    12.5466     4.3429 2.0313e+01          0     4.3429     0.5875     1.6897     0.0000     4.5321     0.0000     2.6041     0.0000     1.6896    34.5552    34.5547    24.2661    24.2669     3.6538    111.479     49.814 0.0000e+00
    267.724       6426     24.149 -106.13534   20.30798     24.000    20.4054    20.4060   4.779183   4.779408 1.8021e+00    12.5406     4.3494 1.7996e+01          0     4.3494     0.6007     1.6159     0.0000     4.5334     0.0000     2.5515     0.0000     1.6158    34.5541    34.5555    24.3155    24.3164     3.4797    106.161     47.278 0.0000e+00
    270.151       6485     25.156 -106.13534   20.30798     25.000    20.2049    20.2091   4.758977   4.759596 2.0026e+00    12.5381     4.3520 1.6010e+01          0     4.3520     0.6675     1.5434     0.0000     4.5355     0.0000     2.5009     0.0000     1.5432    34.5536    34.5552    24.3684    24.3685     3.2568     99.354     44.088 0.0000e+00
    272.621       6544     26.162 -106.13534   20.30798     26.000    19.7689    19.7603   4.713886   4.713212 1.9640e+00    12.5225     4.3691 1.3859e+01          0     4.3691     0.6547     1.4270     0.0000     4.5365     0.0000     2.4383     0.0000     1.4268    34.5426    34.5441    24.4745    24.4779     2.7963     85.299     37.553 0.0000e+00
    274.623       6592     27.168 -106.13534   20.30798     27.000    19.2928    19.2838   4.664329   4.663547 1.4024e+00    12.5056     4.3875 1.2190e+01          0     4.3875     0.4675     1.3204     0.0000     4.5386     0.0000     2.3825     0.0000     1.3202    34.5267    34.5277    24.5858    24.5888     2.5126     76.636     33.444 0.0000e+00
    276.587       6639     28.175 -106.13534   20.30798     28.000    18.9522    18.9494   4.629395   4.629071 1.2351e+00    12.4907     4.4039 1.1191e+01          0     4.4039     0.4117     1.2349     0.0000     4.5406     0.0000     2.3455     0.0000     1.2347    34.5186    34.5182    24.6666    24.6670     2.2859     69.717     30.232 0.0000e+00
    278.493       6685     29.181 -106.13534   20.30798     29.000    18.7188    18.7173   4.605689   4.605478 1.0455e+00    12.4745     4.4218 1.0381e+01          0     4.4218     0.3485     1.1832     0.0000     4.5425     0.0000     2.3128     0.0000     1.1830    34.5146    34.5141    24.7227    24.7226     2.2044     67.226     29.025 0.0000e+00
    280.596       6735     30.187 -106.13534   20.30798     30.000    18.6227    18.6168   4.596183   4.595592 1.0740e+00    12.4726     4.4240 9.3325e+00          0     4.4240     0.3580     1.1500     0.0000     4.5432     0.0000     2.2666     0.0000     1.1498    34.5147    34.5147    24.7470    24.7484     2.1066     64.243     27.689 0.0000e+00
    282.838       6789     31.193 -106.13534   20.30798     31.000    18.4274    18.4130   4.576442   4.574715 9.7478e-01    12.4591     4.4389 8.5293e+00          0     4.4389     0.3249     1.0984     0.0000     4.5441     0.0000     2.2274     0.0000     1.0982    34.5117    34.5091    24.7935    24.7951     1.8478     56.347     24.200 0.0000e+00
    285.217       6846     32.200 -106.13532   20.30798     32.000    17.6963    17.6804   4.499725   4.498650 8.5209e-01    12.4277     4.4739 7.5883e+00          0     4.4739     0.2840     1.0086     0.0000     4.5459     0.0000     2.1766     0.0000     1.0083    34.4751    34.4794    24.9456    24.9527     1.6230     49.484     20.956 0.0000e+00
    287.633       6904     33.206 -106.13533   20.30798     33.000    17.4048    17.3970   4.468846   4.468157 7.1151e-01    12.4129     4.4904 6.7653e+00          0     4.4904     0.2372     0.9786     0.0000     4.5480     0.0000     2.1270     0.0000     0.9783    34.4567    34.4574    25.0019    25.0044     1.6148     49.231     20.733 0.0000e+00
    289.709       6954     34.212 -106.13534   20.30798     34.000    17.3330    17.3319   4.461784   4.461496 6.3629e-01    12.4044     4.5000 6.2961e+00          0     4.5000     0.2121     0.9696     0.0000     4.5506     0.0000     2.0958     0.0000     0.9694    34.4564    34.4549    25.0190    25.0182     1.5932     48.572     20.427 0.0000e+00
    291.836       7005     35.219 -106.13534   20.30798     35.000    17.2203    17.2112   4.450958   4.449874 6.3822e-01    12.4034     4.5011 5.9852e+00          0     4.5011     0.2127     0.9403     0.0000     4.5522     0.0000     2.0738     0.0000     0.9401    34.4585    34.4568    25.0476    25.0484     1.3536     41.266     17.322 0.0000e+00
    293.757       7051     36.225 -106.13532   20.30798     36.000    16.9337    16.9261   4.427661   4.426791 4.6694e-01    12.3931     4.5127 5.7112e+00          0     4.5127     0.1556     0.8386     0.0000     4.5542     0.0000     2.0534     0.0000     0.8383    34.5009    34.4998    25.1482    25.1491     0.8986     27.393     11.438 0.0000e+00
    295.375       7090     37.231 -106.13532   20.30796     37.000    16.7313    16.7268   4.410508   4.409931 4.3427e-01    12.3807     4.5267 5.2930e+00          0     4.5267     0.1448     0.7647     0.0000     4.5562     0.0000     2.0204     0.0000     0.7644    34.5246    34.5235    25.2141    25.2143     0.7544     22.996      9.566 0.0000e+00
    297.600       7143     38.238 -106.13532   20.30796     38.000    16.5980    16.5948   4.397965   4.397485 4.2642e-01    12.3738     4.5345 5.0296e+00          0     4.5345     0.1421     0.7267     0.0000     4.5582     0.0000     1.9982     0.0000     0.7264    34.5292    34.5277    25.2489    25.2485     0.7532     22.958      9.526 0.0000e+00
    300.668       7217     39.244 -106.13532   20.30796     39.000    16.4976    16.4949   4.386991   4.386726 4.5219e-01    12.3741     4.5342 4.8338e+00          0     4.5342     0.1507     0.7261     0.0000     4.5603     0.0000     1.9810     0.0000     0.7257    34.5190    34.5190    25.2645    25.2651     0.8198     24.989     10.348 0.0000e+00
    303.140       7276     40.250 -106.13532   20.30796     40.000    16.3745    16.3724   4.374584   4.374393 3.7748e-01    12.3760     4.5321 4.4437e+00          0     4.5321     0.1258     0.7188     0.0000     4.5638     0.0000     1.9443     0.0000     0.7184    34.5157    34.5158    25.2905    25.2910     0.5964     18.178      7.509 0.0000e+00
    304.970       7320     41.257 -106.13532   20.30796     41.000    16.5119    16.5143   4.397607   4.397746 3.8139e-01    12.3842     4.5228 4.0910e+00          0     4.5228     0.1271     0.6166     0.0000     4.5660     0.0000     1.9085     0.0000     0.6163    34.5994    34.5985    25.3230    25.3217     0.1744      5.316      2.204 0.0000e+00
    306.475       7356     42.263 -106.13532   20.30796     42.000    16.4885    16.4877   4.396690   4.396505 3.9691e-01    12.3817     4.5256 3.8867e+00          0     4.5256     0.1323     0.5760     0.0000     4.5675     0.0000     1.8863     0.0000     0.5756    34.6111    34.6102    25.3375    25.3369     0.1980      6.036      2.501 0.0000e+00
    308.515       7405     43.270 -106.13532   20.30796     43.000    16.4355    16.4352   4.392744   4.392587 4.1760e-01    12.3782     4.5295 3.7913e+00          0     4.5295     0.1392     0.5670     0.0000     4.5691     0.0000     1.8755     0.0000     0.5666    34.6219    34.6208    25.3581    25.3574     0.2229      6.795      2.812 0.0000e+00
    311.065       7467     44.276 -106.13532   20.30796     44.000    16.3460    16.3463   4.388536   4.388414 4.0459e-01    12.3779     4.5299 3.6807e+00          0     4.5299     0.1349     0.5496     0.0000     4.5719     0.0000     1.8626     0.0000     0.5493    34.6622    34.6608    25.4098    25.4087     0.1294      3.944      1.630 0.0000e+00
    313.212       7518     45.282 -106.13532   20.30795     45.000    16.3174    16.3174   4.388173   4.388073 3.8697e-01    12.3715     4.5371 3.2827e+00          0     4.5371     0.1290     0.5335     0.0000     4.5740     0.0000     1.8127     0.0000     0.5331    34.6835    34.6825    25.4329    25.4321     0.0955      2.912      1.203 0.0000e+00
