data/ctd-cnv/RR1804/RR1803-St33-P1/Station33_cast67real.cnv
* Sea-Bird SBE 9 Data File:
* FileName = C:\CTD\RR1805\Station33_cast67real.hex
* Software Version Seasave V 7.26.6.26
* Temperature SN = 4307
* Conductivity SN = 4650
* Number of Bytes Per Scan = 44
* Number of Voltage Words = 5
* Number of Scans Averaged by the Deck Unit = 1
* NMEA Latitude = 20 24.64 N
* NMEA Longitude = 106 08.07 W
* NMEA UTC (Time) = Apr 26 2018 00:07:04
** Ship: Revell
** Station: P1 cast 67
** Operator: Clara
# nquan = 32
# nvalues = 152                         
# units = specified
# name 0 = timeS: Time, Elapsed [seconds]
# name 1 = scan: Scan Count
# name 2 = prDM: Pressure, Digiquartz [db]
# name 3 = longitude: Longitude [deg]
# name 4 = latitude: Latitude [deg]
# name 5 = depSM: Depth [salt water, m]
# name 6 = t090C: Temperature [ITS-90, deg C]
# name 7 = t190C: Temperature, 2 [ITS-90, deg C]
# name 8 = c0S/m: Conductivity [S/m]
# name 9 = c1S/m: Conductivity, 2 [S/m]
# name 10 = flSP: Fluorescence, Seapoint
# name 11 = CStarAt0: Beam Attenuation, WET Labs C-Star [1/m]
# name 12 = CStarTr0: Beam Transmission, WET Labs C-Star [%]
# name 13 = par: PAR/Irradiance, Biospherical/Licor
# name 14 = modError: Modulo Error Count
# name 15 = v0: Voltage 0
# name 16 = v1: Voltage 1
# name 17 = v2: Voltage 2
# name 18 = v3: Voltage 3
# name 19 = v4: Voltage 4
# name 20 = v5: Voltage 5
# name 21 = v6: Voltage 6
# name 22 = v7: Voltage 7
# name 23 = sbeox0V: Oxygen raw, SBE 43 [V]
# name 24 = sal00: Salinity, Practical [PSU]
# name 25 = sal11: Salinity, Practical, 2 [PSU]
# name 26 = sigma-é00: Density [sigma-theta, kg/m^3]
# name 27 = sigma-é11: Density, 2 [sigma-theta, kg/m^3]
# name 28 = sbeox0Mg/L: Oxygen, SBE 43 [mg/l], WS = 2
# name 29 = sbox0Mm/Kg: Oxygen, SBE 43 [umol/kg], WS = 2
# name 30 = sbeox0PS: Oxygen, SBE 43 [% saturation], WS = 2
# name 31 = flag: flag
# span 0 =     50.467,    529.491       
# span 1 =       1212,      12709       
# span 2 =      1.006,    152.994       
# span 3 = -106.13466, -106.13461       
# span 4 =   20.41080,   20.41084       
# span 5 =      1.000,    152.000       
# span 6 =    12.7475,    26.3310       
# span 7 =    12.7492,    26.3293       
# span 8 =   4.059479,   5.405259       
# span 9 =   4.059837,   5.634083       
# span 10 = 7.8764e-02, 2.0562e+00      
# span 11 =    12.3605,    14.7910      
# span 12 =     4.1686,     4.5497      
# span 13 = 5.0670e-02, 1.0737e+02      
# span 14 =          0,          0      
# span 15 =     4.1686,     4.5497      
# span 16 =     0.0263,     0.6854      
# span 17 =     0.5069,     2.7945      
# span 18 =     0.0000,     0.0000      
# span 19 =     1.8239,     4.6435      
# span 20 =     0.0000,     0.0000      
# span 21 =     0.0049,     3.1668      
# span 22 =     0.0000,     0.0000      
# span 23 =     0.5066,     2.7945      
# span 24 =    34.5022,    34.8293      
# span 25 =    34.5186,    36.3703      
# span 26 =    22.6695,    26.3035      
# span 27 =    22.7799,    26.3046      
# span 28 =     0.0317,     6.6653      
# span 29 =      0.966,    203.635      
# span 30 =      0.372,    100.300      
# span 31 = 0.0000e+00, 0.0000e+00      
# interval = meters: 1                  
# start_time = Apr 26 2018 00:07:00 [System UTC, first data scan.]
# bad_flag = -9.990e-29
*END*
     50.467       1212      1.006 -106.13464   20.41082      1.000    26.3152    26.3196   5.396342   5.634083 3.2970e-01    14.7910     4.1686 1.0737e+02          0     4.1686     0.1099     2.4656     0.0000     1.8239     0.0000     3.1668     0.0000     2.4656    34.6483    36.3703    22.6695    23.9672     5.8497    178.755     88.158 0.0000e+00
     59.333       1425      2.012 -106.13464   20.41082      2.000    26.3310    26.3293   5.405259   5.473047 3.6020e-01    12.4170     4.3825 7.0034e+01          0     4.3825     0.1201     2.7945     0.0000     3.8715     0.0000     3.1505     0.0000     2.7945    34.7005    35.1921    22.7040    23.0752     6.6520    203.262    100.300 0.0000e+00
     68.836       1653      3.019 -106.13464   20.41082      3.000    26.2931    26.2953   5.400247   5.413428 3.5698e-01    12.4567     4.4405 6.1726e+01          0     4.4405     0.1190     2.7778     0.0000     4.5299     0.0000     3.0875     0.0000     2.7778    34.6926    34.7862    22.7100    22.7799     6.6047    201.816     99.520 0.0000e+00
     71.911       1727      4.025 -106.13464   20.41082      4.000    26.1947    26.1966   5.389686   5.400312 3.6311e-01    12.4649     4.4325 5.5845e+01          0     4.4325     0.1210     2.7643     0.0000     4.4586     0.0000     3.0433     0.0000     2.7643    34.6901    34.7656    22.7391    22.7954     6.5770    200.963     98.938 0.0000e+00
     74.749       1795      5.031 -106.13464   20.41082      5.000    25.9000    25.8956   5.358203   5.364746 4.0437e-01    12.4721     4.4245 4.8139e+01          0     4.4245     0.1348     2.7648     0.0000     4.4592     0.0000     2.9788     0.0000     2.7649    34.6841    34.7351    22.8265    22.8663     6.6318    202.620     99.266 0.0000e+00
     78.209       1878      6.037 -106.13464   20.41082      6.000    25.7873    25.7903   5.346197   5.350936 4.3282e-01    12.4752     4.4211 4.2755e+01          0     4.4211     0.1443     2.7725     0.0000     4.4616     0.0000     2.9275     0.0000     2.7725    34.6818    34.7141    22.8597    22.8832     6.6553    203.334     99.429 0.0000e+00
     81.491       1957      7.043 -106.13464   20.41082      7.000    25.7423    25.7431   5.341526   5.344431 4.5802e-01    12.4780     4.4179 3.8475e+01          0     4.4179     0.1527     2.7726     0.0000     4.4635     0.0000     2.8818     0.0000     2.7726    34.6816    34.7022    22.8736    22.8889     6.6653    203.635     99.502 0.0000e+00
     84.624       2032      8.050 -106.13464   20.41082      8.000    25.6982    25.6997   5.337092   5.339097 4.6875e-01    12.4761     4.4200 3.4546e+01          0     4.4200     0.1562     2.7702     0.0000     4.4647     0.0000     2.8350     0.0000     2.7702    34.6824    34.6959    22.8879    22.8977     6.6621    203.534     99.381 0.0000e+00
     89.007       2137      9.056 -106.13464   20.41082      9.000    25.6588    25.6570   5.333050   5.333890 4.8363e-01    12.4756     4.4206 3.1238e+01          0     4.4206     0.1612     2.7674     0.0000     4.4665     0.0000     2.7911     0.0000     2.7674    34.6824    34.6900    22.9002    22.9064     6.6576    203.395     99.248 0.0000e+00
     94.795       2276     10.062 -106.13464   20.41082     10.000    25.6154    25.6121   5.328474   5.328663 4.9038e-01    12.4747     4.4216 2.8207e+01          0     4.4216     0.1635     2.7637     0.0000     4.4685     0.0000     2.7471     0.0000     2.7637    34.6817    34.6856    22.9130    22.9170     6.6514    203.202     99.082 0.0000e+00
    101.533       2438     11.068 -106.13464   20.41081     11.000    25.5694    25.5604   5.323776   5.323052 5.5505e-01    12.4778     4.4181 2.5641e+01          0     4.4181     0.1850     2.7608     0.0000     4.4709     0.0000     2.7055     0.0000     2.7608    34.6820    34.6835    22.9276    22.9315     6.6510    203.189     99.000 0.0000e+00
    133.244       3199     12.074 -106.13464   20.41080     12.000    25.5145    25.5139   5.317977   5.318082 6.9287e-01    12.4877     4.4072 2.3068e+01          0     4.4072     0.2310     2.7591     0.0000     4.4775     0.0000     2.6598     0.0000     2.7591    34.6810    34.6822    22.9437    22.9448     6.6538    203.269     98.949 0.0000e+00
    223.481       5365     13.081 -106.13464   20.41082     13.000    25.4171    25.4265   5.307114   5.307920 6.9054e-01    12.4903     4.4043 1.9634e+01          0     4.4043     0.2302     2.7533     0.0000     4.4975     0.0000     2.5897     0.0000     2.7533    34.6751    34.6739    22.9693    22.9655     6.6421    202.908     98.610 0.0000e+00
    225.237       5407     14.087 -106.13464   20.41082     14.000    25.1176    25.1344   5.272713   5.275057 8.5144e-01    12.5051     4.3881 1.8309e+01          0     4.3881     0.2838     2.7372     0.0000     4.4986     0.0000     2.5593     0.0000     2.7372    34.6503    34.6547    23.0421    23.0403     6.6053    201.768     97.552 0.0000e+00
    227.326       5457     15.093 -106.13464   20.41082     15.000    24.5258    24.5550   5.205653   5.209588 9.5842e-01    12.5154     4.3768 1.7184e+01          0     4.3768     0.3195     2.7210     0.0000     3.1581     0.0000     2.5317     0.0000     2.7210    34.6061    34.6130    23.1874    23.1838     6.6331    202.591     96.955 0.0000e+00
    229.242       5503     16.099 -106.13464   20.41082     16.000    24.1917    24.1876   5.169290   5.169351 1.1034e+00    12.5336     4.3570 1.6101e+01          0     4.3570     0.3678     2.6961     0.0000     4.5083     0.0000     2.5035     0.0000     2.6961    34.5915    34.5952    23.2763    23.2803     6.5709    200.674     95.488 0.0000e+00
    231.084       5547     17.106 -106.13464   20.41082     17.000    23.9470    23.9524   5.143130   5.144909 1.2943e+00    12.5517     4.3373 1.4672e+01          0     4.3373     0.4314     2.6614     0.0000     4.5028     0.0000     2.4628     0.0000     2.6614    34.5838    34.5930    23.3430    23.3484     6.4914    198.233     93.932 0.0000e+00
    234.063       5619     18.112 -106.13464   20.41082     18.000    23.7031    23.6712   5.117191   5.115012 1.4446e+00    12.5540     4.3348 1.3652e+01          0     4.3348     0.4815     2.5715     0.0000     4.5037     0.0000     2.4320     0.0000     2.5715    34.5767    34.5851    23.4094    23.4251     6.1587    188.060     88.741 0.0000e+00
    236.455       5676     19.118 -106.13464   20.41082     19.000    23.2523    23.2608   5.069152   5.070768 1.4806e+00    12.5342     4.3563 1.2486e+01          0     4.3563     0.4935     2.4053     0.0000     4.5058     0.0000     2.3929     0.0000     2.4052    34.5624    34.5682    23.5300    23.5319     5.4530    166.493     77.961 0.0000e+00
    238.514       5725     20.124 -106.13464   20.41082     20.000    22.2719    22.2948   4.966632   4.970011 1.3832e+00    12.5221     4.3695 1.1167e+01          0     4.3695     0.4611     2.1280     0.0000     4.5087     0.0000     2.3443     0.0000     2.1280    34.5431    34.5512    23.7950    23.7947     4.7375    144.608     66.567 0.0000e+00
    241.065       5787     21.131 -106.13464   20.41082     21.000    21.7797    21.7712   4.916634   4.916287 1.2858e+00    12.5041     4.3892 1.0653e+01          0     4.3892     0.4286     1.9269     0.0000     4.5125     0.0000     2.3241     0.0000     1.9268    34.5432    34.5472    23.9333    23.9387     4.1278    125.981     57.494 0.0000e+00
    242.694       5826     22.137 -106.13464   20.41082     22.000    20.7907    20.7543   4.812621   4.811444 1.3892e+00    12.5162     4.3759 9.9040e+00          0     4.3759     0.4631     1.6648     0.0000     4.5144     0.0000     2.2925     0.0000     1.6647    34.5111    34.5311    24.1790    24.2041     2.9940     91.355     40.969 0.0000e+00
    244.034       5858     23.143 -106.13464   20.41082     23.000    19.7087    19.6898   4.702840   4.702949 1.6297e+00    12.5702     4.3173 8.6970e+00          0     4.3173     0.5432     1.4244     0.0000     4.5177     0.0000     2.2355     0.0000     1.4242    34.5022    34.5186    24.4588    24.4763     2.5075     76.491     33.637 0.0000e+00
    246.964       5928     24.150 -106.13464   20.41082     24.000    19.3852    19.2658   4.672909   4.663159 1.8697e+00    12.5963     4.2892 8.0048e+00          0     4.2892     0.6232     1.2535     0.0000     4.5231     0.0000     2.2000     0.0000     1.2533    34.5222    34.5404    24.5583    24.6030     2.3096     70.447     30.802 0.0000e+00
    249.798       5996     25.156 -106.13464   20.41082     25.000    18.9093    18.9090   4.625589   4.625580 2.0562e+00    12.5959     4.2896 7.1863e+00          0     4.2896     0.6854     1.1240     0.0000     4.1718     0.0000     2.1530     0.0000     1.1238    34.5238    34.5239    24.6814    24.6815     1.9548     59.616     25.831 0.0000e+00
    251.901       6047     26.162 -106.13464   20.41082     26.000    18.8147    18.8144   4.616373   4.616355 2.0000e+00    12.5801     4.3066 6.0896e+00          0     4.3066     0.6667     1.0771     0.0000     4.5379     0.0000     2.0813     0.0000     1.0769    34.5252    34.5253    24.7064    24.7066     1.8343     55.940     24.197 0.0000e+00
    253.542       6086     27.168 -106.13464   20.41082     27.000    18.7017    18.6977   4.605377   4.605147 1.6605e+00    12.5543     4.3345 5.4800e+00          0     4.3345     0.5535     1.0367     0.0000     4.5275     0.0000     2.0352     0.0000     1.0365    34.5270    34.5284    24.7364    24.7384     1.6791     51.206     22.104 0.0000e+00
    255.425       6131     28.175 -106.13464   20.41082     28.000    18.5761    18.5764   4.593946   4.593967 1.6349e+00    12.5349     4.3555 4.6512e+00          0     4.3555     0.5450     0.9904     0.0000     4.5287     0.0000     1.9635     0.0000     0.9901    34.5357    34.5356    24.7746    24.7745     1.5446     47.103     20.287 0.0000e+00
    258.246       6199     29.181 -106.13464   20.41082     29.000    18.4127    18.4278   4.578848   4.580341 1.6924e+00    12.5399     4.3501 4.1389e+00          0     4.3501     0.5641     0.9130     0.0000     4.5295     0.0000     1.9136     0.0000     0.9128    34.5451    34.5451    24.8227    24.8189     1.2117     36.949     15.868 0.0000e+00
    260.783       6260     30.187 -106.13464   20.41082     30.000    18.1344    18.1271   4.552115   4.551782 1.6103e+00    12.5482     4.3411 3.6262e+00          0     4.3411     0.5368     0.7783     0.0000     4.5322     0.0000     1.8560     0.0000     0.7780    34.5526    34.5559    24.8975    24.9019     0.7009     21.371      9.129 0.0000e+00
    262.352       6297     31.194 -106.13464   20.41082     31.000    17.6761    17.6558   4.508880   4.507698 9.9926e-01    12.5113     4.3814 3.0888e+00          0     4.3814     0.3331     0.7071     0.0000     4.5346     0.0000     1.7858     0.0000     0.7068    34.5712    34.5783    25.0239    25.0343     0.5265     16.050      6.801 0.0000e+00
    263.990       6337     32.200 -106.13464   20.41082     32.000    17.4767    17.4745   4.491756   4.491356 8.9141e-01    12.5310     4.3604 2.6440e+00          0     4.3604     0.2971     0.6626     0.0000     4.5370     0.0000     1.7185     0.0000     0.6623    34.5935    34.5919    25.0895    25.0888     0.4807     14.655      6.186 0.0000e+00
    266.290       6392     33.206 -106.13464   20.41082     33.000    17.4518    17.4535   4.489779   4.489738 9.0007e-01    12.4533     4.4454 2.2961e+00          0     4.4454     0.3000     0.6410     0.0000     4.5400     0.0000     1.6575     0.0000     0.6406    34.5973    34.5955    25.0985    25.0967     0.4556     13.889      5.860 0.0000e+00
    269.108       6460     34.213 -106.13464   20.41082     34.000    17.3956    17.4003   4.485051   4.485280 8.4765e-01    12.4434     4.4564 2.0259e+00          0     4.4564     0.2825     0.6246     0.0000     4.5436     0.0000     1.6034     0.0000     0.6243    34.6041    34.6021    25.1173    25.1146     0.4004     12.206      5.145 0.0000e+00
    271.433       6515     35.219 -106.13463   20.41082     35.000    17.2763    17.2773   4.474299   4.474373 7.0863e-01    12.4385     4.4618 1.8026e+00          0     4.4618     0.2362     0.6065     0.0000     4.5468     0.0000     1.5525     0.0000     0.6061    34.6128    34.6126    25.1526    25.1522     0.3338     10.177      4.280 0.0000e+00
    273.053       6554     36.225 -106.13462   20.41082     36.000    17.2161    17.2144   4.468999   4.468743 6.4925e-01    12.4260     4.4758 1.6075e+00          0     4.4758     0.2164     0.5972     0.0000     4.5493     0.0000     1.5028     0.0000     0.5969    34.6181    34.6174    25.1711    25.1709     0.3151      9.606      4.035 0.0000e+00
    274.666       6593     37.232 -106.13462   20.41082     37.000    17.1139    17.1074   4.459421   4.459018 5.8490e-01    12.4142     4.4890 1.4731e+00          0     4.4890     0.1950     0.5887     0.0000     4.5517     0.0000     1.4649     0.0000     0.5884    34.6223    34.6244    25.1987    25.2018     0.2792      8.509      3.568 0.0000e+00
    276.480       6637     38.238 -106.13462   20.41082     38.000    16.9063    16.9039   4.440428   4.440399 4.7975e-01    12.3995     4.5055 1.3371e+00          0     4.5055     0.1599     0.5752     0.0000     4.5550     0.0000     1.4228     0.0000     0.5749    34.6351    34.6370    25.2578    25.2598     0.2285      6.966      2.910 0.0000e+00
    278.853       6693     39.244 -106.13464   20.41082     39.000    16.7039    16.6856   4.422208   4.420686 4.1702e-01    12.3900     4.5162 1.1806e+00          0     4.5162     0.1390     0.5616     0.0000     4.5595     0.0000     1.3684     0.0000     0.5613    34.6501    34.6526    25.3170    25.3232     0.1979      6.032      2.510 0.0000e+00
    282.397       6779     40.251 -106.13464   20.41082     40.000    16.6130    16.5799   4.413754   4.410621 3.6720e-01    12.3937     4.5122 1.0607e+00          0     4.5122     0.1224     0.5517     0.0000     4.5654     0.0000     1.3226     0.0000     0.5513    34.6542    34.6553    25.3414    25.3501     0.1740      5.303      2.203 0.0000e+00
    284.188       6822     41.257 -106.13464   20.41082     41.000    16.5683    16.5685   4.409002   4.409620 3.1730e-01    12.3759     4.5321 9.9283e-01          0     4.5321     0.1058     0.5487     0.0000     4.5683     0.0000     1.2937     0.0000     0.5484    34.6507    34.6560    25.3493    25.3533     0.1686      5.140      2.133 0.0000e+00
    285.610       6856     42.263 -106.13464   20.41082     42.000    16.5543    16.5543   4.408724   4.408586 2.9499e-01    12.3756     4.5325 9.2701e-01          0     4.5325     0.0983     0.5474     0.0000     4.5702     0.0000     1.2639     0.0000     0.5471    34.6600    34.6589    25.3597    25.3589     0.1671      5.092      2.113 0.0000e+00
    287.062       6890     43.270 -106.13464   20.41082     43.000    16.5447    16.5447   4.407965   4.407820 3.1054e-01    12.3704     4.5384 8.6815e-01          0     4.5384     0.1035     0.5469     0.0000     4.5722     0.0000     1.2354     0.0000     0.5466    34.6613    34.6601    25.3630    25.3621     0.1667      5.080      2.108 0.0000e+00
    288.902       6935     44.276 -106.13463   20.41082     44.000    16.5371    16.5367   4.407497   4.407344 3.1283e-01    12.3683     4.5408 8.1440e-01          0     4.5408     0.1043     0.5461     0.0000     4.5743     0.0000     1.2076     0.0000     0.5458    34.6634    34.6624    25.3664    25.3657     0.1636      4.986      2.068 0.0000e+00
    292.589       7023     45.283 -106.13464   20.41082     45.000    16.5292    16.5304   4.406953   4.406835 4.2743e-01    12.3697     4.5391 7.4358e-01          0     4.5391     0.1425     0.5447     0.0000     4.5783     0.0000     1.1682     0.0000     0.5443    34.6651    34.6630    25.3696    25.3677     0.1577      4.806      1.993 0.0000e+00
