data/ctd-cnv/RR1804/RR1803-St33-P1/Station33_cast61.cnv
* Sea-Bird SBE 9 Data File:
* FileName = C:\CTD\RR1805\Station33_cast61.hex
* Software Version Seasave V 7.26.6.26
* Temperature SN = 4307
* Conductivity SN = 4650
* Number of Bytes Per Scan = 44
* Number of Voltage Words = 5
* Number of Scans Averaged by the Deck Unit = 1
* NMEA Latitude = 20 11.43 N
* NMEA Longitude = 106 02.40 W
* NMEA UTC (Time) = Apr 22 2018 14:04:25
** Ship: Revell
** Station: On Deck
** Operator: GR
** Station 33 P1 cast 61
# nquan = 32
# nvalues = 495                         
# units = specified
# name 0 = timeS: Time, Elapsed [seconds]
# name 1 = scan: Scan Count
# name 2 = prDM: Pressure, Digiquartz [db]
# name 3 = longitude: Longitude [deg]
# name 4 = latitude: Latitude [deg]
# name 5 = depSMignore: Depth [salt water, m]
# name 6 = t090C: Temperature [ITS-90, deg C]
# name 7 = t190C: Temperature, 2 [ITS-90, deg C]
# name 8 = c0S/m: Conductivity [S/m]
# name 9 = c1S/m: Conductivity, 2 [S/m]
# name 10 = flSP: Fluorescence, Seapoint
# name 11 = CStarAt0: Beam Attenuation, WET Labs C-Star [1/m]
# name 12 = CStarTr0: Beam Transmission, WET Labs C-Star [%]
# name 13 = par: PAR/Irradiance, Biospherical/Licor
# name 14 = modError: Modulo Error Count
# name 15 = v0: Voltage 0
# name 16 = v1: Voltage 1
# name 17 = v2: Voltage 2
# name 18 = v3: Voltage 3
# name 19 = v4: Voltage 4
# name 20 = v5: Voltage 5
# name 21 = v6: Voltage 6
# name 22 = v7: Voltage 7
# name 23 = sbeox0V: Oxygen raw, SBE 43 [V]
# name 24 = sal00: Salinity, Practical [PSU]
# name 25 = sal11: Salinity, Practical, 2 [PSU]
# name 26 = sigma-é00: Density [sigma-theta, kg/m^3]
# name 27 = sigma-é11: Density, 2 [sigma-theta, kg/m^3]
# name 28 = sbeox0Mg/L: Oxygen, SBE 43 [mg/l], WS = 2
# name 29 = sbox0Mm/Kg: Oxygen, SBE 43 [umol/kg], WS = 2
# name 30 = sbeox0PS: Oxygen, SBE 43 [% saturation], WS = 2
# name 31 = flag: flag
# span 0 =     35.494,    728.191       
# span 1 =        853,      17478       
# span 2 =      6.037,    503.691       
# span 3 = -106.04002, -106.04000       
# span 4 =   20.19060,   20.19066       
# span 5 =      6.000,    500.000       
# span 6 =     8.3241,    23.8303       
# span 7 =     8.3238,    23.8309       
# span 8 =   3.634366,   5.124981       
# span 9 =   3.634729,   5.125257       
# span 10 = 7.3421e-02, 2.3632e+00      
# span 11 =    12.3407,    12.6663      
# span 12 =     4.2147,     4.5722      
# span 13 = 5.0665e-02, 1.3319e+02      
# span 14 =          0,          0      
# span 15 =     4.2147,     4.5722      
# span 16 =     0.0245,     0.7877      
# span 17 =     0.5060,     2.7455      
# span 18 =     0.0000,     0.0000      
# span 19 =     3.1698,     4.6215      
# span 20 =     0.0000,     0.0000      
# span 21 =     0.0048,     3.4196      
# span 22 =     0.0000,     0.0000      
# span 23 =     0.5057,     2.7455      
# span 24 =    34.4807,    34.8177      
# span 25 =    34.4923,    34.8211      
# span 26 =    23.3442,    26.9024      
# span 27 =    23.3452,    26.9058      
# span 28 =     0.0309,     6.8042      
# span 29 =      0.941,    207.784      
# span 30 =      0.333,     98.234      
# span 31 = 0.0000e+00, 0.0000e+00      
# interval = meters: 1                  
# start_time = Apr 22 2018 14:04:26 [System UTC, first data scan.]
# bad_flag = -9.990e-29
*END*
[from data line 408]
    584.537      14030    416.969 -106.04000   20.19064    414.000     9.5394     9.5398   3.748825   3.749231 7.5865e-02    12.3445     4.5679 5.0671e-02          0     4.5679     0.0253     0.5064     0.0000     4.5639     0.0000     0.0049     0.0000     0.5061    34.6357    34.6395    26.7528    26.7557     0.0339      1.032      0.371 0.0000e+00
    585.651      14057    417.977 -106.04001   20.19064    415.000     9.5378     9.5383   3.748723   3.749138 7.6659e-02    12.3436     4.5689 5.0671e-02          0     4.5689     0.0255     0.5067     0.0000     4.5633     0.0000     0.0049     0.0000     0.5064    34.6356    34.6395    26.7530    26.7559     0.0355      1.081      0.389 0.0000e+00
    587.009      14089    418.985 -106.04002   20.19064    416.000     9.5295     9.5298   3.747941   3.748347 7.6292e-02    12.3433     4.5692 5.0671e-02          0     4.5692     0.0254     0.5067     0.0000     4.5634     0.0000     0.0049     0.0000     0.5064    34.6351    34.6391    26.7540    26.7570     0.0340      1.036      0.373 0.0000e+00
    588.401      14123    419.994 -106.04002   20.19064    417.000     9.5069     9.5058   3.745764   3.746041 7.6574e-02    12.3440     4.5685 5.0671e-02          0     4.5685     0.0255     0.5067     0.0000     4.5638     0.0000     0.0049     0.0000     0.5064    34.6340    34.6379    26.7568    26.7601     0.0340      1.036      0.372 0.0000e+00
    589.500      14149    421.002 -106.04001   20.19064    418.000     9.4926     9.4929   3.744404   3.744795 8.1062e-02    12.3434     4.5692 5.0671e-02          0     4.5692     0.0270     0.5065     0.0000     4.5633     0.0000     0.0049     0.0000     0.5062    34.6333    34.6370    26.7587    26.7616     0.0340      1.035      0.372 0.0000e+00
    590.378      14170    422.010 -106.04000   20.19064    419.000     9.4711     9.4715   3.742335   3.742765 8.1552e-02    12.3441     4.5683 5.0671e-02          0     4.5683     0.0272     0.5066     0.0000     4.5621     0.0000     0.0049     0.0000     0.5063    34.6322    34.6363    26.7614    26.7645     0.0342      1.042      0.374 0.0000e+00
    591.144      14188    423.018 -106.04000   20.19064    420.000     9.4637     9.4631   3.741673   3.741993 8.6681e-02    12.3445     4.5679 5.0671e-02          0     4.5679     0.0289     0.5066     0.0000     4.5619     0.0000     0.0049     0.0000     0.5063    34.6320    34.6360    26.7625    26.7656     0.0344      1.048      0.376 0.0000e+00
    591.899      14207    424.026 -106.04000   20.19064    421.000     9.4569     9.4550   3.740964   3.741134 7.5253e-02    12.3448     4.5676 5.0671e-02          0     4.5676     0.0251     0.5066     0.0000     4.5618     0.0000     0.0049     0.0000     0.5063    34.6308    34.6343    26.7626    26.7657     0.0342      1.042      0.374 0.0000e+00
    592.766      14227    425.034 -106.04000   20.19064    422.000     9.4234     9.4220   3.737725   3.737924 7.6450e-02    12.3452     4.5671 5.0671e-02          0     4.5671     0.0254     0.5067     0.0000     4.5627     0.0000     0.0049     0.0000     0.5064    34.6291    34.6326    26.7668    26.7698     0.0339      1.032      0.370 0.0000e+00
    593.887      14254    426.043 -106.04000   20.19064    423.000     9.4109     9.4112   3.736542   3.736937 7.6400e-02    12.3436     4.5689 5.0671e-02          0     4.5689     0.0254     0.5066     0.0000     4.5629     0.0000     0.0049     0.0000     0.5063    34.6286    34.6323    26.7685    26.7714     0.0341      1.037      0.372 0.0000e+00
    595.108      14284    427.051 -106.04000   20.19064    424.000     9.4023     9.4023   3.735721   3.736097 7.6379e-02    12.3452     4.5671 5.0671e-02          0     4.5671     0.0254     0.5066     0.0000     4.5629     0.0000     0.0049     0.0000     0.5063    34.6279    34.6318    26.7693    26.7724     0.0334      1.017      0.365 0.0000e+00
    596.142      14308    428.059 -106.04000   20.19064    425.000     9.3980     9.3984   3.735375   3.735782 7.7891e-02    12.3431     4.5695 5.0671e-02          0     4.5695     0.0259     0.5064     0.0000     4.5914     0.0000     0.0049     0.0000     0.5061    34.6280    34.6319    26.7702    26.7731     0.0322      0.981      0.352 0.0000e+00
    597.041      14330    429.068 -106.04000   20.19064    426.000     9.3971     9.3974   3.735353   3.735753 8.3269e-02    12.3433     4.5692 5.0671e-02          0     4.5692     0.0278     0.5063     0.0000     4.6125     0.0000     0.0049     0.0000     0.5060    34.6282    34.6321    26.7705    26.7735     0.0331      1.006      0.361 0.0000e+00
    597.923      14351    430.075 -106.04000   20.19064    427.000     9.3954     9.3960   3.735220   3.735655 7.7011e-02    12.3429     4.5696 5.0671e-02          0     4.5696     0.0256     0.5064     0.0000     4.6129     0.0000     0.0049     0.0000     0.5061    34.6281    34.6320    26.7707    26.7736     0.0350      1.065      0.382 0.0000e+00
    598.877      14374    431.084 -106.04000   20.19064    428.000     9.3937     9.3945   3.735106   3.735563 7.6642e-02    12.3431     4.5694 5.0671e-02          0     4.5694     0.0255     0.5066     0.0000     4.6139     0.0000     0.0049     0.0000     0.5063    34.6280    34.6320    26.7709    26.7739     0.0341      1.038      0.372 0.0000e+00
    600.057      14402    432.092 -106.04000   20.19064    429.000     9.3916     9.3918   3.734949   3.735339 7.6570e-02    12.3431     4.5695 5.0730e-02          0     4.5695     0.0255     0.5066     0.0000     3.3211     0.0000     0.0054     0.0000     0.5063    34.6280    34.6318    26.7713    26.7742     0.0343      1.044      0.374 0.0000e+00
    601.446      14436    433.100 -106.04000   20.19064    430.000     9.3868     9.3874   3.734509   3.734962 7.7250e-02    12.3443     4.5681 5.0683e-02          0     4.5681     0.0257     0.5066     0.0000     4.3315     0.0000     0.0050     0.0000     0.5063    34.6276    34.6316    26.7718    26.7748     0.0341      1.038      0.372 0.0000e+00
    602.631      14464    434.109 -106.04000   20.19064    431.000     9.3812     9.3816   3.734028   3.734449 7.6475e-02    12.3439     4.5685 5.0671e-02          0     4.5685     0.0255     0.5065     0.0000     4.6084     0.0000     0.0049     0.0000     0.5062    34.6276    34.6315    26.7727    26.7757     0.0338      1.028      0.368 0.0000e+00
    603.639      14488    435.117 -106.04000   20.19064    432.000     9.3793     9.3792   3.733882   3.734250 7.6606e-02    12.3441     4.5683 5.0671e-02          0     4.5683     0.0255     0.5065     0.0000     4.6121     0.0000     0.0049     0.0000     0.5062    34.6274    34.6313    26.7729    26.7760     0.0346      1.052      0.377 0.0000e+00
    604.581      14511    436.125 -106.04000   20.19064    433.000     9.3715     9.3680   3.733088   3.733085 7.6755e-02    12.3486     4.5632 5.0671e-02          0     4.5632     0.0255     0.5066     0.0000     4.6025     0.0000     0.0049     0.0000     0.5063    34.6262    34.6296    26.7732    26.7765     0.0353      1.074      0.385 0.0000e+00
    605.469      14532    437.133 -106.04000   20.19064    434.000     9.3265     9.3262   3.728761   3.729103 7.6280e-02    12.3441     4.5683 5.0665e-02          0     4.5683     0.0254     0.5067     0.0000     4.5861     0.0000     0.0048     0.0000     0.5064    34.6244    34.6283    26.7792    26.7823     0.0348      1.059      0.379 0.0000e+00
    606.315      14553    438.142 -106.04000   20.19064    435.000     9.3196     9.3198   3.728146   3.728533 7.6910e-02    12.3433     4.5692 5.0671e-02          0     4.5692     0.0256     0.5067     0.0000     4.5593     0.0000     0.0049     0.0000     0.5064    34.6243    34.6281    26.7802    26.7831     0.0345      1.051      0.376 0.0000e+00
    607.148      14573    439.150 -106.04000   20.19064    436.000     9.3154     9.3157   3.727802   3.728196 8.7937e-02    12.3432     4.5693 5.0671e-02          0     4.5693     0.0293     0.5066     0.0000     4.5579     0.0000     0.0049     0.0000     0.5063    34.6243    34.6281    26.7809    26.7839     0.0344      1.046      0.374 0.0000e+00
    608.019      14593    440.158 -106.04000   20.19064    437.000     9.3129     9.3133   3.727598   3.728007 7.8645e-02    12.3438     4.5686 5.0671e-02          0     4.5686     0.0262     0.5066     0.0000     4.5630     0.0000     0.0049     0.0000     0.5063    34.6241    34.6280    26.7812    26.7842     0.0338      1.028      0.368 0.0000e+00
    608.966      14616    441.167 -106.04000   20.19064    438.000     9.3120     9.3122   3.727553   3.727945 7.6907e-02    12.3438     4.5687 5.0671e-02          0     4.5687     0.0256     0.5066     0.0000     4.5629     0.0000     0.0049     0.0000     0.5063    34.6241    34.6280    26.7814    26.7844     0.0333      1.014      0.363 0.0000e+00
    610.034      14642    442.175 -106.04000   20.19062    439.000     9.3103     9.3107   3.727429   3.727840 7.7866e-02    12.3435     4.5690 5.0671e-02          0     4.5690     0.0259     0.5063     0.0000     4.5628     0.0000     0.0049     0.0000     0.5060    34.6240    34.6279    26.7816    26.7845     0.0316      0.962      0.344 0.0000e+00
    611.192      14670    443.183 -106.04000   20.19062    440.000     9.3081     9.3084   3.727266   3.727664 7.6788e-02    12.3434     4.5691 5.0671e-02          0     4.5691     0.0256     0.5064     0.0000     4.5631     0.0000     0.0049     0.0000     0.5061    34.6239    34.6278    26.7819    26.7849     0.0353      1.073      0.384 0.0000e+00
    612.378      14698    444.192 -106.04000   20.19062    441.000     9.3059     9.3067   3.727102   3.727529 7.6792e-02    12.3431     4.5695 5.0671e-02          0     4.5695     0.0256     0.5064     0.0000     4.5639     0.0000     0.0049     0.0000     0.5061    34.6239    34.6276    26.7823    26.7850     0.0325      0.991      0.354 0.0000e+00
    613.546      14726    445.200 -106.04000   20.19062    442.000     9.3043     9.3051   3.726976   3.727434 7.6926e-02    12.3441     4.5683 5.0671e-02          0     4.5683     0.0256     0.5064     0.0000     4.5637     0.0000     0.0049     0.0000     0.5061    34.6238    34.6277    26.7824    26.7854     0.0335      1.019      0.364 0.0000e+00
    614.626      14752    446.208 -106.04000   20.19062    443.000     9.3006     9.3012   3.726656   3.727089 7.7510e-02    12.3453     4.5670 5.0671e-02          0     4.5670     0.0258     0.5065     0.0000     4.5638     0.0000     0.0049     0.0000     0.5062    34.6235    34.6275    26.7828    26.7858     0.0347      1.056      0.378 0.0000e+00
    615.608      14776    447.217 -106.04000   20.19062    444.000     9.2935     9.2944   3.726019   3.726487 7.6776e-02    12.3436     4.5689 5.0671e-02          0     4.5689     0.0256     0.5065     0.0000     4.5640     0.0000     0.0049     0.0000     0.5062    34.6233    34.6273    26.7838    26.7868     0.0337      1.027      0.367 0.0000e+00
    616.565      14799    448.225 -106.04000   20.19062    445.000     9.2823     9.2828   3.724931   3.725343 7.6624e-02    12.3441     4.5683 5.0671e-02          0     4.5683     0.0255     0.5065     0.0000     4.5641     0.0000     0.0049     0.0000     0.5062    34.6224    34.6262    26.7850    26.7878     0.0344      1.048      0.375 0.0000e+00
    617.590      14823    449.233 -106.04000   20.19062    446.000     9.2657     9.2658   3.723368   3.723744 7.6913e-02    12.3422     4.5704 5.0671e-02          0     4.5704     0.0256     0.5065     0.0000     4.5641     0.0000     0.0049     0.0000     0.5062    34.6217    34.6256    26.7872    26.7902     0.0335      1.019      0.364 0.0000e+00
    618.705      14850    450.242 -106.04000   20.19062    447.000     9.2570     9.2572   3.722560   3.722970 7.6207e-02    12.3433     4.5692 5.0671e-02          0     4.5692     0.0254     0.5064     0.0000     4.5643     0.0000     0.0049     0.0000     0.5061    34.6213    34.6254    26.7883    26.7914     0.0339      1.030      0.368 0.0000e+00
    619.752      14875    451.250 -106.04000   20.19062    448.000     9.2480     9.2482   3.721725   3.722114 7.5847e-02    12.3442     4.5682 5.0671e-02          0     4.5682     0.0252     0.5065     0.0000     4.5659     0.0000     0.0049     0.0000     0.5062    34.6209    34.6248    26.7894    26.7924     0.0344      1.048      0.374 0.0000e+00
    620.687      14897    452.258 -106.04000   20.19062    449.000     9.2394     9.2395   3.720902   3.721255 7.6768e-02    12.3434     4.5691 5.0671e-02          0     4.5691     0.0255     0.5067     0.0000     4.5815     0.0000     0.0049     0.0000     0.5064    34.6202    34.6238    26.7902    26.7931     0.0350      1.066      0.381 0.0000e+00
    621.566      14919    453.267 -106.04000   20.19062    450.000     9.1966     9.1959   3.716715   3.717018 7.7425e-02    12.3432     4.5693 5.0671e-02          0     4.5693     0.0258     0.5065     0.0000     4.5567     0.0000     0.0049     0.0000     0.5062    34.6177    34.6215    26.7953    26.7983     0.0348      1.060      0.378 0.0000e+00
    622.470      14940    454.275 -106.04000   20.19062    451.000     9.1814     9.1814   3.715314   3.715681 9.4197e-02    12.3436     4.5689 5.0671e-02          0     4.5689     0.0314     0.5066     0.0000     4.5613     0.0000     0.0049     0.0000     0.5063    34.6174    34.6212    26.7975    26.8004     0.0328      0.998      0.356 0.0000e+00
    623.391      14962    455.283 -106.04000   20.19062    452.000     9.1708     9.1710   3.714330   3.714704 7.7418e-02    12.3439     4.5686 5.0671e-02          0     4.5686     0.0258     0.5064     0.0000     4.5470     0.0000     0.0049     0.0000     0.5061    34.6169    34.6207    26.7988    26.8017     0.0331      1.009      0.360 0.0000e+00
    624.327      14985    456.292 -106.04000   20.19062    453.000     9.1648     9.1652   3.713784   3.714194 7.5815e-02    12.3438     4.5686 5.0671e-02          0     4.5686     0.0252     0.5064     0.0000     4.5058     0.0000     0.0049     0.0000     0.5061    34.6166    34.6205    26.7995    26.8026     0.0354      1.077      0.384 0.0000e+00
    625.312      15008    457.300 -106.04000   20.19062    454.000     9.1607     9.1610   3.713442   3.713827 7.5855e-02    12.3429     4.5697 5.0671e-02          0     4.5697     0.0252     0.5067     0.0000     4.5320     0.0000     0.0049     0.0000     0.5064    34.6166    34.6203    26.8002    26.8031     0.0354      1.078      0.384 0.0000e+00
    626.390      15034    458.309 -106.04000   20.19062    455.000     9.1555     9.1558   3.712979   3.713384 7.6397e-02    12.3437     4.5687 5.0671e-02          0     4.5687     0.0254     0.5065     0.0000     4.5588     0.0000     0.0049     0.0000     0.5062    34.6163    34.6202    26.8009    26.8039     0.0341      1.038      0.370 0.0000e+00
    627.598      15063    459.317 -106.04000   20.19062    456.000     9.1426     9.1426   3.711770   3.712143 7.7313e-02    12.3436     4.5688 5.0671e-02          0     4.5688     0.0257     0.5066     0.0000     4.5104     0.0000     0.0049     0.0000     0.5063    34.6157    34.6196    26.8025    26.8055     0.0338      1.028      0.366 0.0000e+00
    628.899      15095    460.325 -106.04000   20.19061    457.000     9.1102     9.1098   3.708732   3.709059 7.5897e-02    12.3436     4.5689 5.0671e-02          0     4.5689     0.0253     0.5065     0.0000     4.5056     0.0000     0.0049     0.0000     0.5062    34.6151    34.6189    26.8072    26.8102     0.0344      1.047      0.373 0.0000e+00
    630.182      15125    461.334 -106.04000   20.19060    458.000     9.0935     9.0936   3.707191   3.707579 7.6576e-02    12.3433     4.5693 5.0671e-02          0     4.5693     0.0255     0.5065     0.0000     4.5057     0.0000     0.0049     0.0000     0.5062    34.6148    34.6186    26.8096    26.8127     0.0336      1.024      0.365 0.0000e+00
