data/ctd-cnv/RR1804/RR1803-St33-P1/Station33_cast59.cnv
* Sea-Bird SBE 9 Data File:
* FileName = C:\CTD\RR1805\Station33_cast59.hex
* Software Version Seasave V 7.26.6.26
* Temperature SN = 4307
* Conductivity SN = 4650
* Number of Bytes Per Scan = 44
* Number of Voltage Words = 5
* Number of Scans Averaged by the Deck Unit = 1
* NMEA Latitude = 20 09.06 N
* NMEA Longitude = 106 00.00 W
* NMEA UTC (Time) = Apr 21 2018 15:39:10
** Ship: Revell
** Station: On Deck
** Operator: GR
** Station P1 cast 59
# nquan = 32
# nvalues = 991                         
# units = specified
# name 0 = timeS: Time, Elapsed [seconds]
# name 1 = scan: Scan Count
# name 2 = prDM: Pressure, Digiquartz [db]
# name 3 = longitude: Longitude [deg]
# name 4 = latitude: Latitude [deg]
# name 5 = depSM: Depth [salt water, m]
# name 6 = t090C: Temperature [ITS-90, deg C]
# name 7 = t190C: Temperature, 2 [ITS-90, deg C]
# name 8 = c0S/m: Conductivity [S/m]
# name 9 = c1S/m: Conductivity, 2 [S/m]
# name 10 = flSP: Fluorescence, Seapoint
# name 11 = CStarAt0: Beam Attenuation, WET Labs C-Star [1/m]
# name 12 = CStarTr0: Beam Transmission, WET Labs C-Star [%]
# name 13 = par: PAR/Irradiance, Biospherical/Licor
# name 14 = modError: Modulo Error Count
# name 15 = v0: Voltage 0
# name 16 = v1: Voltage 1
# name 17 = v2: Voltage 2
# name 18 = v3: Voltage 3
# name 19 = v4: Voltage 4
# name 20 = v5: Voltage 5
# name 21 = v6: Voltage 6
# name 22 = v7: Voltage 7
# name 23 = sbeox0V: Oxygen raw, SBE 43 [V]
# name 24 = sal00: Salinity, Practical [PSU]
# name 25 = sal11: Salinity, Practical, 2 [PSU]
# name 26 = sigma-é00: Density [sigma-theta, kg/m^3]
# name 27 = sigma-é11: Density, 2 [sigma-theta, kg/m^3]
# name 28 = sbeox0Mg/L: Oxygen, SBE 43 [mg/l], WS = 2
# name 29 = sbox0Mm/Kg: Oxygen, SBE 43 [umol/kg], WS = 2
# name 30 = sbeox0PS: Oxygen, SBE 43 [% saturation], WS = 2
# name 31 = flag: flag
# span 0 =     82.373,   1237.254       
# span 1 =       1978,      29695       
# span 2 =     12.074,   1010.620       
# span 3 = -106.00014, -106.00010       
# span 4 =   20.15100,   20.15104       
# span 5 =     12.000,   1002.000       
# span 6 =     4.7869,    22.7094       
# span 7 =     4.7902,    22.7065       
# span 8 =   3.331168,   5.008522       
# span 9 =   3.331592,   5.008318       
# span 10 = 7.1428e-02, 5.8539e+00      
# span 11 =    12.3322,    12.8126      
# span 12 =     4.0635,     4.5819      
# span 13 = 5.0524e-02, 1.0365e+02      
# span 14 =          0,          0      
# span 15 =     4.0635,     4.5819      
# span 16 =     0.0238,     1.9513      
# span 17 =     0.5059,     2.5472      
# span 18 =     0.0000,     0.0000      
# span 19 =     1.7705,     4.6394      
# span 20 =     0.0000,     0.0000      
# span 21 =     0.0037,     3.3084      
# span 22 =     0.0000,     0.0000      
# span 23 =     0.5057,     2.5472      
# span 24 =    34.5095,    34.8166      
# span 25 =    34.5107,    34.8179      
# span 26 =    23.6573,    27.3411      
# span 27 =    23.6587,    27.3420      
# span 28 =     0.0331,     6.3181      
# span 29 =      1.005,    192.881      
# span 30 =      0.334,     89.445      
# span 31 = 0.0000e+00, 0.0000e+00      
# interval = meters: 1                  
# start_time = Apr 21 2018 15:39:15 [System UTC, first data scan.]
# bad_flag = -9.990e-29
*END*
[from data line 136]
    329.624       7912    148.965 -106.00012   20.15102    148.000    12.6436    12.6442   4.048082   4.048285 8.0586e-02    12.3591     4.5513 5.0671e-02          0     4.5513     0.0269     0.5087     0.0000     4.5944     0.0000     0.0049     0.0000     0.5084    34.8026    34.8040    26.3148    26.3158     0.0374      1.139      0.438 0.0000e+00
    330.549       7934    149.971 -106.00012   20.15102    149.000    12.6353    12.6359   4.047328   4.047560 7.9765e-02    12.3572     4.5533 5.0671e-02          0     4.5533     0.0266     0.5084     0.0000     4.5946     0.0000     0.0049     0.0000     0.5081    34.8026    34.8042    26.3165    26.3176     0.0364      1.108      0.426 0.0000e+00
    331.567       7959    150.978 -106.00012   20.15102    150.000    12.6293    12.6300   4.046792   4.047023 8.0307e-02    12.3573     4.5532 5.0671e-02          0     4.5532     0.0268     0.5083     0.0000     4.5950     0.0000     0.0049     0.0000     0.5080    34.8025    34.8041    26.3176    26.3187     0.0386      1.175      0.452 0.0000e+00
    332.720       7986    151.985 -106.00012   20.15102    151.000    12.6263    12.6268   4.046646   4.046868 7.9951e-02    12.3576     4.5528 5.0671e-02          0     4.5528     0.0267     0.5089     0.0000     4.5957     0.0000     0.0049     0.0000     0.5086    34.8034    34.8051    26.3189    26.3202     0.0401      1.221      0.469 0.0000e+00
    333.992       8017    152.992 -106.00012   20.15102    152.000    12.6095    12.6099   4.045036   4.045274 7.9899e-02    12.3575     4.5530 5.0671e-02          0     4.5530     0.0267     0.5086     0.0000     4.5958     0.0000     0.0049     0.0000     0.5083    34.8031    34.8050    26.3220    26.3234     0.0380      1.156      0.444 0.0000e+00
    335.230       8047    153.999 -106.00012   20.15102    153.000    12.5975    12.5980   4.043899   4.044128 7.8100e-02    12.3572     4.5533 5.0671e-02          0     4.5533     0.0260     0.5087     0.0000     4.5958     0.0000     0.0049     0.0000     0.5084    34.8028    34.8046    26.3242    26.3254     0.0390      1.188      0.456 0.0000e+00
    336.366       8074    155.006 -106.00012   20.15102    154.000    12.5790    12.5795   4.042154   4.042379 8.9015e-02    12.3571     4.5534 5.0671e-02          0     4.5534     0.0297     0.5087     0.0000     4.5959     0.0000     0.0049     0.0000     0.5084    34.8027    34.8044    26.3277    26.3290     0.0393      1.198      0.460 0.0000e+00
    337.460       8100    156.013 -106.00012   20.15102    155.000    12.5557    12.5561   4.039929   4.040155 8.1391e-02    12.3576     4.5529 5.0671e-02          0     4.5529     0.0271     0.5087     0.0000     4.5959     0.0000     0.0049     0.0000     0.5084    34.8024    34.8042    26.3321    26.3334     0.0379      1.155      0.443 0.0000e+00
    338.484       8125    157.020 -106.00012   20.15102    156.000    12.5434    12.5441   4.038783   4.039032 7.7147e-02    12.3584     4.5521 5.0671e-02          0     4.5521     0.0257     0.5087     0.0000     4.5952     0.0000     0.0049     0.0000     0.5084    34.8024    34.8041    26.3345    26.3357     0.0384      1.169      0.449 0.0000e+00
    339.438       8148    158.027 -106.00012   20.15102    157.000    12.5355    12.5359   4.038053   4.038269 7.9089e-02    12.3576     4.5529 5.0671e-02          0     4.5529     0.0264     0.5085     0.0000     4.5677     0.0000     0.0049     0.0000     0.5082    34.8022    34.8039    26.3360    26.3372     0.0369      1.123      0.431 0.0000e+00
    340.372       8170    159.033 -106.00012   20.15102    158.000    12.5284    12.5291   4.037389   4.037640 7.7051e-02    12.3580     4.5525 5.0671e-02          0     4.5525     0.0256     0.5085     0.0000     4.5945     0.0000     0.0049     0.0000     0.5082    34.8020    34.8037    26.3372    26.3384     0.0377      1.149      0.441 0.0000e+00
    341.275       8192    160.041 -106.00012   20.15102    159.000    12.5207    12.5212   4.036675   4.036897 7.6926e-02    12.3603     4.5499 5.0671e-02          0     4.5499     0.0256     0.5084     0.0000     4.5954     0.0000     0.0049     0.0000     0.5081    34.8018    34.8034    26.3386    26.3398     0.0385      1.173      0.450 0.0000e+00
    342.153       8213    161.048 -106.00012   20.15102    160.000    12.5108    12.5110   4.035729   4.035913 7.6733e-02    12.3566     4.5541 5.0671e-02          0     4.5541     0.0255     0.5087     0.0000     4.5958     0.0000     0.0049     0.0000     0.5084    34.8014    34.8029    26.3402    26.3414     0.0397      1.208      0.463 0.0000e+00
    343.015       8233    162.055 -106.00012   20.15102    161.000    12.4952    12.4958   4.034232   4.034457 7.6927e-02    12.3573     4.5532 5.0671e-02          0     4.5532     0.0256     0.5086     0.0000     4.5956     0.0000     0.0049     0.0000     0.5083    34.8010    34.8026    26.3430    26.3441     0.0375      1.142      0.438 0.0000e+00
    343.877       8254    163.061 -106.00012   20.15102    162.000    12.4801    12.4805   4.032817   4.033003 7.5350e-02    12.3577     4.5528 5.0671e-02          0     4.5528     0.0251     0.5085     0.0000     4.5957     0.0000     0.0049     0.0000     0.5082    34.8009    34.8023    26.3459    26.3469     0.0379      1.156      0.443 0.0000e+00
    344.771       8275    164.068 -106.00012   20.15102    163.000    12.4669    12.4671   4.031589   4.031774 7.5924e-02    12.3572     4.5534 5.0671e-02          0     4.5534     0.0253     0.5086     0.0000     4.5959     0.0000     0.0049     0.0000     0.5083    34.8009    34.8024    26.3485    26.3496     0.0393      1.198      0.459 0.0000e+00
    345.736       8299    165.075 -106.00012   20.15102    164.000    12.4620    12.4625   4.031148   4.031383 7.6475e-02    12.3579     4.5526 5.0671e-02          0     4.5526     0.0255     0.5086     0.0000     4.5957     0.0000     0.0049     0.0000     0.5083    34.8007    34.8025    26.3493    26.3506     0.0379      1.153      0.442 0.0000e+00
    346.788       8324    166.082 -106.00012   20.15102    165.000    12.4476    12.4473   4.029741   4.029890 7.5949e-02    12.3564     4.5543 5.0671e-02          0     4.5543     0.0253     0.5085     0.0000     4.5958     0.0000     0.0049     0.0000     0.5082    34.8000    34.8018    26.3516    26.3531     0.0375      1.141      0.437 0.0000e+00
    347.911       8351    167.089 -106.00012   20.15102    166.000    12.4444    12.4450   4.029479   4.029723 7.5365e-02    12.3561     4.5546 5.0671e-02          0     4.5546     0.0251     0.5084     0.0000     4.5957     0.0000     0.0049     0.0000     0.5082    34.8000    34.8019    26.3523    26.3536     0.0379      1.153      0.442 0.0000e+00
    349.101       8379    168.096 -106.00012   20.15102    167.000    12.4336    12.4329   4.028396   4.028516 7.5536e-02    12.3550     4.5559 5.0671e-02          0     4.5559     0.0252     0.5083     0.0000     4.5955     0.0000     0.0049     0.0000     0.5081    34.7991    34.8009    26.3537    26.3553     0.0375      1.140      0.437 0.0000e+00
    350.341       8409    169.103 -106.00012   20.15102    168.000    12.4079    12.4079   4.025795   4.025999 7.4261e-02    12.3540     4.5571 5.0671e-02          0     4.5571     0.0247     0.5083     0.0000     4.5952     0.0000     0.0049     0.0000     0.5080    34.7974    34.7994    26.3574    26.3589     0.0368      1.119      0.428 0.0000e+00
    351.565       8439    170.110 -106.00012   20.15102    169.000    12.3985    12.3990   4.024985   4.025241 7.3765e-02    12.3551     4.5558 5.0671e-02          0     4.5558     0.0246     0.5081     0.0000     4.5956     0.0000     0.0049     0.0000     0.5079    34.7979    34.7999    26.3596    26.3611     0.0371      1.129      0.432 0.0000e+00
    352.628       8464    171.117 -106.00012   20.15102    170.000    12.3988    12.3993   4.025094   4.025342 7.4808e-02    12.3552     4.5556 5.0671e-02          0     4.5556     0.0249     0.5081     0.0000     4.5955     0.0000     0.0049     0.0000     0.5078    34.7983    34.8002    26.3599    26.3613     0.0359      1.094      0.418 0.0000e+00
    353.603       8487    172.124 -106.00012   20.15102    171.000    12.3985    12.3992   4.025146   4.025396 7.4529e-02    12.3552     4.5557 5.0671e-02          0     4.5557     0.0248     0.5080     0.0000     4.5954     0.0000     0.0049     0.0000     0.5078    34.7986    34.8004    26.3602    26.3615     0.0362      1.102      0.422 0.0000e+00
    354.559       8510    173.131 -106.00012   20.15102    172.000    12.3994    12.3999   4.025309   4.025551 8.0696e-02    12.3612     4.5489 5.0671e-02          0     4.5489     0.0269     0.5080     0.0000     4.5949     0.0000     0.0049     0.0000     0.5078    34.7989    34.8007    26.3604    26.3617     0.0371      1.129      0.432 0.0000e+00
    355.490       8533    174.138 -106.00012   20.15102    173.000    12.3995    12.4000   4.025380   4.025625 7.6329e-02    12.3556     4.5552 5.0671e-02          0     4.5552     0.0254     0.5081     0.0000     4.5947     0.0000     0.0049     0.0000     0.5079    34.7990    34.8009    26.3605    26.3618     0.0380      1.158      0.443 0.0000e+00
    356.363       8554    175.145 -106.00012   20.15102    174.000    12.3995    12.4002   4.025438   4.025694 7.6370e-02    12.3564     4.5543 5.0671e-02          0     4.5543     0.0254     0.5083     0.0000     4.5947     0.0000     0.0049     0.0000     0.5081    34.7992    34.8011    26.3606    26.3619     0.0377      1.149      0.439 0.0000e+00
    357.209       8574    176.152 -106.00012   20.15102    175.000    12.3994    12.4000   4.025473   4.025739 7.6016e-02    12.3560     4.5547 5.0671e-02          0     4.5547     0.0253     0.5082     0.0000     4.5947     0.0000     0.0049     0.0000     0.5079    34.7992    34.8012    26.3606    26.3621     0.0370      1.128      0.431 0.0000e+00
    358.050       8594    177.159 -106.00012   20.15102    176.000    12.3972    12.3976   4.025320   4.025561 7.4925e-02    12.3558     4.5550 5.0671e-02          0     4.5550     0.0249     0.5082     0.0000     4.5948     0.0000     0.0049     0.0000     0.5079    34.7994    34.8013    26.3612    26.3626     0.0367      1.116      0.427 0.0000e+00
    358.921       8615    178.166 -106.00012   20.15102    177.000    12.3938    12.3943   4.025074   4.025315 7.7109e-02    12.3572     4.5533 5.0671e-02          0     4.5533     0.0257     0.5080     0.0000     4.5952     0.0000     0.0049     0.0000     0.5078    34.7996    34.8015    26.3621    26.3635     0.0368      1.119      0.428 0.0000e+00
    359.867       8638    179.173 -106.00012   20.15102    178.000    12.3925    12.3930   4.025042   4.025299 7.6198e-02    12.3571     4.5535 5.0671e-02          0     4.5535     0.0254     0.5081     0.0000     4.5949     0.0000     0.0049     0.0000     0.5079    34.8002    34.8022    26.3628    26.3643     0.0366      1.116      0.427 0.0000e+00
    360.933       8663    180.180 -106.00012   20.15102    179.000    12.3804    12.3807   4.024091   4.024316 7.5377e-02    12.3576     4.5529 5.0671e-02          0     4.5529     0.0251     0.5081     0.0000     4.5677     0.0000     0.0049     0.0000     0.5078    34.8017    34.8036    26.3664    26.3678     0.0378      1.152      0.440 0.0000e+00
    362.172       8693    181.187 -106.00012   20.15102    180.000    12.3617    12.3618   4.022239   4.022451 7.5434e-02    12.3579     4.5525 5.0671e-02          0     4.5525     0.0251     0.5083     0.0000     4.5957     0.0000     0.0049     0.0000     0.5080    34.8008    34.8027    26.3693    26.3708     0.0384      1.169      0.447 0.0000e+00
    363.447       8724    182.194 -106.00012   20.15102    181.000    12.3377    12.3376   4.019772   4.019974 7.5089e-02    12.3576     4.5529 5.0671e-02          0     4.5529     0.0250     0.5084     0.0000     4.5969     0.0000     0.0049     0.0000     0.5082    34.7987    34.8007    26.3724    26.3740     0.0371      1.130      0.432 0.0000e+00
    364.606       8752    183.201 -106.00012   20.15102    182.000    12.3242    12.3245   4.018419   4.018636 7.5292e-02    12.3583     4.5521 5.0671e-02          0     4.5521     0.0251     0.5081     0.0000     4.5971     0.0000     0.0049     0.0000     0.5079    34.7977    34.7995    26.3743    26.3756     0.0369      1.124      0.429 0.0000e+00
    365.633       8776    184.208 -106.00012   20.15102    183.000    12.3109    12.3114   4.017166   4.017398 7.8381e-02    12.3565     4.5542 5.0671e-02          0     4.5542     0.0261     0.5080     0.0000     4.5970     0.0000     0.0049     0.0000     0.5078    34.7975    34.7993    26.3767    26.3780     0.0368      1.122      0.428 0.0000e+00
    366.606       8800    185.216 -106.00012   20.15102    184.000    12.3050    12.3055   4.016655   4.016897 7.6089e-02    12.3570     4.5535 5.0671e-02          0     4.5535     0.0253     0.5082     0.0000     4.5970     0.0000     0.0049     0.0000     0.5080    34.7976    34.7995    26.3779    26.3793     0.0371      1.128      0.431 0.0000e+00
    367.623       8824    186.223 -106.00012   20.15102    185.000    12.3036    12.3041   4.016560   4.016810 7.4665e-02    12.3572     4.5534 5.0671e-02          0     4.5534     0.0249     0.5080     0.0000     4.5970     0.0000     0.0049     0.0000     0.5078    34.7976    34.7995    26.3782    26.3796     0.0363      1.105      0.422 0.0000e+00
    368.654       8849    187.229 -106.00012   20.15102    186.000    12.3013    12.3018   4.016377   4.016619 7.4172e-02    12.3566     4.5540 5.0671e-02          0     4.5540     0.0247     0.5081     0.0000     4.5968     0.0000     0.0049     0.0000     0.5079    34.7975    34.7994    26.3786    26.3800     0.0379      1.155      0.441 0.0000e+00
    369.637       8872    188.237 -106.00012   20.15102    187.000    12.2986    12.2991   4.016180   4.016420 7.4262e-02    12.3565     4.5541 5.0671e-02          0     4.5541     0.0247     0.5082     0.0000     4.5964     0.0000     0.0049     0.0000     0.5080    34.7977    34.7995    26.3793    26.3806     0.0379      1.155      0.441 0.0000e+00
    370.552       8894    189.244 -106.00012   20.15102    188.000    12.2922    12.2926   4.015561   4.015775 7.6734e-02    12.3576     4.5529 5.0671e-02          0     4.5529     0.0256     0.5082     0.0000     4.5960     0.0000     0.0049     0.0000     0.5080    34.7972    34.7989    26.3802    26.3814     0.0370      1.125      0.429 0.0000e+00
    371.437       8915    190.251 -106.00012   20.15102    189.000    12.2788    12.2793   4.014264   4.014483 7.6749e-02    12.3589     4.5514 5.0671e-02          0     4.5514     0.0256     0.5080     0.0000     4.5958     0.0000     0.0049     0.0000     0.5078    34.7966    34.7983    26.3824    26.3836     0.0356      1.085      0.414 0.0000e+00
    372.314       8937    191.258 -106.00012   20.15102    190.000    12.2683    12.2688   4.013264   4.013493 7.8625e-02    12.3571     4.5535 5.0671e-02          0     4.5535     0.0262     0.5080     0.0000     4.5959     0.0000     0.0049     0.0000     0.5078    34.7962    34.7980    26.3841    26.3854     0.0367      1.118      0.426 0.0000e+00
    373.206       8958    192.265 -106.00012   20.15102    191.000    12.2621    12.2624   4.012635   4.012846 7.5885e-02    12.3567     4.5540 5.0671e-02          0     4.5540     0.0253     0.5079     0.0000     4.5965     0.0000     0.0049     0.0000     0.5077    34.7955    34.7973    26.3848    26.3861     0.0361      1.100      0.419 0.0000e+00
    374.185       8981    193.272 -106.00012   20.15102    192.000    12.2468    12.2470   4.011100   4.011304 7.4672e-02    12.3569     4.5537 5.0671e-02          0     4.5537     0.0249     0.5079     0.0000     4.5965     0.0000     0.0049     0.0000     0.5077    34.7944    34.7962    26.3869    26.3882     0.0367      1.118      0.427 0.0000e+00
