data/ctd-cnv/RR1804/RR1803-St33-P1/Station33_cast72.cnv
* Sea-Bird SBE 9 Data File:
* FileName = C:\CTD\RR1805\Station33_cast72.hex
* Software Version Seasave V 7.26.6.26
* Temperature SN = 4307
* Conductivity SN = 4650
* Number of Bytes Per Scan = 44
* Number of Voltage Words = 5
* Number of Scans Averaged by the Deck Unit = 1
* NMEA Latitude = 20 31.18 N
* NMEA Longitude = 106 10.42 W
* NMEA UTC (Time) = Apr 27 2018 09:44:07
** Ship: Revell
** Station: 33
** Operator: GR
** Station P1 Cast 72
# nquan = 32
# nvalues = 1002                        
# units = specified
# name 0 = timeS: Time, Elapsed [seconds]
# name 1 = scan: Scan Count
# name 2 = prDM: Pressure, Digiquartz [db]
# name 3 = longitude: Longitude [deg]
# name 4 = latitude: Latitude [deg]
# name 5 = depSM: Depth [salt water, m]
# name 6 = t090C: Temperature [ITS-90, deg C]
# name 7 = t190C: Temperature, 2 [ITS-90, deg C]
# name 8 = c0S/m: Conductivity [S/m]
# name 9 = c1S/m: Conductivity, 2 [S/m]
# name 10 = flSP: Fluorescence, Seapoint
# name 11 = CStarAt0: Beam Attenuation, WET Labs C-Star [1/m]
# name 12 = CStarTr0: Beam Transmission, WET Labs C-Star [%]
# name 13 = par: PAR/Irradiance, Biospherical/Licor
# name 14 = modError: Modulo Error Count
# name 15 = v0: Voltage 0
# name 16 = v1: Voltage 1
# name 17 = v2: Voltage 2
# name 18 = v3: Voltage 3
# name 19 = v4: Voltage 4
# name 20 = v5: Voltage 5
# name 21 = v6: Voltage 6
# name 22 = v7: Voltage 7
# name 23 = sbeox0V: Oxygen raw, SBE 43 [V]
# name 24 = sal00: Salinity, Practical [PSU]
# name 25 = sal11: Salinity, Practical, 2 [PSU]
# name 26 = sigma-é00: Density [sigma-theta, kg/m^3]
# name 27 = sigma-é11: Density, 2 [sigma-theta, kg/m^3]
# name 28 = sbeox0Mg/L: Oxygen, SBE 43 [mg/l], WS = 2
# name 29 = sbox0Mm/Kg: Oxygen, SBE 43 [umol/kg], WS = 2
# name 30 = sbeox0PS: Oxygen, SBE 43 [% saturation], WS = 2
# name 31 = flag: flag
# span 0 =      0.172,   1320.332       
# span 1 =          5,      31689       
# span 2 =      1.006,   1010.642       
# span 3 = -106.17376, -106.17370       
# span 4 =   20.51980,   20.51984       
# span 5 =      1.000,   1002.000       
# span 6 =     4.6960,    25.9621       
# span 7 =     4.6952,    25.9625       
# span 8 =   3.322847,   5.362263       
# span 9 =   3.322830,   5.362505       
# span 10 = 6.9039e-02, 2.0174e+00      
# span 11 =    12.3373,    12.5830      
# span 12 =     4.3034,     4.5761      
# span 13 = 5.0603e-02, 7.2200e-01      
# span 14 =          0,          0      
# span 15 =     4.3034,     4.5761      
# span 16 =     0.0230,     0.6725      
# span 17 =     0.5054,     2.7237      
# span 18 =     0.0000,     0.0000      
# span 19 =    -1.1388,     4.7869      
# span 20 =     0.0000,     0.0000      
# span 21 =     0.0044,     1.1650      
# span 22 =     0.0000,     0.0000      
# span 23 =     0.5051,     2.7237      
# span 24 =    34.4863,    34.8279      
# span 25 =    34.5170,    34.8286      
# span 26 =    22.7871,    27.3488      
# span 27 =    22.7880,    27.3495      
# span 28 =     0.0290,     6.5461      
# span 29 =      0.881,    199.978      
# span 30 =      0.307,     97.391      
# span 31 = 0.0000e+00, 0.0000e+00      
# interval = meters: 1                  
# start_time = Apr 27 2018 09:44:04 [System UTC, first data scan.]
# bad_flag = -9.990e-29
*END*
[from data line 136]
    326.156       7829    137.892 -106.17370   20.51984    137.000    12.9544    12.9528   4.078938   4.078974 8.5750e-02    12.3619     4.5480 5.0671e-02          0     4.5480     0.0286     0.5079     0.0000     4.6252     0.0000     0.0049     0.0000     0.5076    34.8162    34.8179    26.2634    26.2651     0.0354      1.079      0.418 0.0000e+00
    326.939       7848    138.899 -106.17370   20.51984    138.000    12.9344    12.9341   4.076937   4.077018 8.5789e-02    12.3619     4.5480 5.0671e-02          0     4.5480     0.0286     0.5080     0.0000     4.6253     0.0000     0.0049     0.0000     0.5077    34.8150    34.8160    26.2665    26.2674     0.0357      1.087      0.420 0.0000e+00
    327.693       7866    139.906 -106.17370   20.51984    139.000    12.9316    12.9296   4.076710   4.076585 8.5758e-02    12.3629     4.5469 5.0671e-02          0     4.5469     0.0286     0.5079     0.0000     4.6258     0.0000     0.0049     0.0000     0.5076    34.8150    34.8157    26.2671    26.2680     0.0351      1.070      0.414 0.0000e+00
    328.499       7885    140.913 -106.17370   20.51984    140.000    12.9149    12.9153   4.074925   4.075071 8.7692e-02    12.3611     4.5490 5.0671e-02          0     4.5490     0.0292     0.5079     0.0000     4.6264     0.0000     0.0049     0.0000     0.5076    34.8128    34.8139    26.2688    26.2695     0.0352      1.072      0.415 0.0000e+00
    329.566       7911    141.920 -106.17370   20.51982    141.000    12.9173    12.9181   4.075823   4.075924 8.4725e-02    12.3627     4.5471 5.0666e-02          0     4.5471     0.0283     0.5079     0.0000     4.6271     0.0000     0.0049     0.0000     0.5076    34.8188    34.8190    26.2730    26.2729     0.0353      1.076      0.416 0.0000e+00
    331.240       7951    142.927 -106.17370   20.51982    142.000    12.9173    12.9179   4.076138   4.076254 8.1085e-02    12.3613     4.5488 5.0671e-02          0     4.5488     0.0271     0.5079     0.0000     4.6276     0.0000     0.0049     0.0000     0.5076    34.8214    34.8220    26.2750    26.2753     0.0353      1.076      0.416 0.0000e+00
    332.830       7989    143.933 -106.17370   20.51982    143.000    12.9128    12.9132   4.075738   4.075841 8.0451e-02    12.3668     4.5425 5.0671e-02          0     4.5425     0.0268     0.5079     0.0000     4.6277     0.0000     0.0049     0.0000     0.5076    34.8213    34.8219    26.2758    26.2763     0.0354      1.076      0.416 0.0000e+00
    333.966       8016    144.940 -106.17370   20.51982    144.000    12.9082    12.9080   4.075336   4.075416 8.0734e-02    12.3626     4.5472 5.0671e-02          0     4.5472     0.0269     0.5079     0.0000     4.6282     0.0000     0.0049     0.0000     0.5076    34.8213    34.8222    26.2767    26.2775     0.0354      1.077      0.416 0.0000e+00
    334.957       8040    145.947 -106.17370   20.51982    145.000    12.8909    12.8901   4.073608   4.073701 8.1063e-02    12.3615     4.5485 5.0671e-02          0     4.5485     0.0271     0.5079     0.0000     4.6285     0.0000     0.0049     0.0000     0.5076    34.8202    34.8219    26.2794    26.2809     0.0354      1.077      0.416 0.0000e+00
    335.946       8064    146.954 -106.17370   20.51982    146.000    12.8744    12.8741   4.072263   4.072390 7.6828e-02    12.3619     4.5481 5.0671e-02          0     4.5481     0.0256     0.5079     0.0000     4.6287     0.0000     0.0049     0.0000     0.5076    34.8222    34.8237    26.2842    26.2855     0.0354      1.078      0.416 0.0000e+00
    336.925       8087    147.961 -106.17370   20.51982    147.000    12.8483    12.8478   4.069559   4.069671 7.7907e-02    12.3608     4.5493 5.0671e-02          0     4.5493     0.0259     0.5079     0.0000     4.6289     0.0000     0.0049     0.0000     0.5076    34.8199    34.8215    26.2877    26.2890     0.0354      1.079      0.416 0.0000e+00
    337.821       8109    148.968 -106.17370   20.51982    148.000    12.8310    12.8310   4.067739   4.067890 8.0377e-02    12.3610     4.5491 5.0671e-02          0     4.5491     0.0268     0.5079     0.0000     4.6289     0.0000     0.0049     0.0000     0.5076    34.8181    34.8195    26.2897    26.2909     0.0354      1.079      0.416 0.0000e+00
    338.673       8129    149.975 -106.17370   20.51982    149.000    12.8196    12.8197   4.066686   4.066809 7.8839e-02    12.3628     4.5471 5.0671e-02          0     4.5471     0.0263     0.5079     0.0000     4.6293     0.0000     0.0049     0.0000     0.5076    34.8181    34.8192    26.2921    26.2929     0.0355      1.079      0.416 0.0000e+00
    339.547       8150    150.982 -106.17370   20.51982    150.000    12.8057    12.8056   4.065363   4.065462 7.9155e-02    12.3610     4.5491 5.0671e-02          0     4.5491     0.0264     0.5079     0.0000     4.6300     0.0000     0.0049     0.0000     0.5076    34.8178    34.8189    26.2946    26.2955     0.0355      1.080      0.417 0.0000e+00
    340.561       8174    151.989 -106.17370   20.51982    151.000    12.7981    12.7981   4.064682   4.064807 7.7067e-02    12.3603     4.5499 5.0671e-02          0     4.5499     0.0257     0.5079     0.0000     4.6301     0.0000     0.0049     0.0000     0.5076    34.8178    34.8191    26.2962    26.2972     0.0355      1.080      0.417 0.0000e+00
    341.686       8201    152.995 -106.17370   20.51982    152.000    12.7712    12.7698   4.061876   4.061967 7.7059e-02    12.3602     4.5501 5.0671e-02          0     4.5501     0.0257     0.5079     0.0000     4.6301     0.0000     0.0049     0.0000     0.5076    34.8153    34.8176    26.2996    26.3016     0.0355      1.081      0.417 0.0000e+00
    342.701       8226    154.002 -106.17370   20.51982    153.000    12.7411    12.7403   4.058958   4.059045 7.6608e-02    12.3608     4.5494 5.0671e-02          0     4.5494     0.0255     0.5079     0.0000     4.6305     0.0000     0.0049     0.0000     0.5076    34.8148    34.8163    26.3051    26.3065     0.0355      1.082      0.417 0.0000e+00
    343.601       8247    155.009 -106.17370   20.51982    154.000    12.7098    12.7082   4.055656   4.055744 7.6733e-02    12.3605     4.5497 5.0671e-02          0     4.5497     0.0255     0.5079     0.0000     4.6300     0.0000     0.0049     0.0000     0.5076    34.8116    34.8139    26.3089    26.3110     0.0356      1.083      0.417 0.0000e+00
    344.432       8267    156.016 -106.17370   20.51982    155.000    12.6729    12.6714   4.052100   4.052189 7.6010e-02    12.3596     4.5507 5.0671e-02          0     4.5507     0.0253     0.5079     0.0000     4.6302     0.0000     0.0049     0.0000     0.5076    34.8111    34.8133    26.3158    26.3178     0.0356      1.084      0.417 0.0000e+00
    345.247       8287    157.023 -106.17370   20.51982    156.000    12.6480    12.6469   4.049702   4.049774 7.5279e-02    12.3600     4.5502 5.0671e-02          0     4.5502     0.0251     0.5079     0.0000     4.6307     0.0000     0.0049     0.0000     0.5076    34.8106    34.8123    26.3203    26.3219     0.0356      1.085      0.417 0.0000e+00
    346.061       8306    158.030 -106.17370   20.51982    157.000    12.6355    12.6357   4.048563   4.048698 7.5757e-02    12.3597     4.5506 5.0671e-02          0     4.5506     0.0252     0.5079     0.0000     4.6314     0.0000     0.0049     0.0000     0.5076    34.8108    34.8119    26.3230    26.3238     0.0356      1.085      0.417 0.0000e+00
    346.949       8328    159.037 -106.17370   20.51982    158.000    12.6290    12.6283   4.047817   4.047875 7.5185e-02    12.3604     4.5498 5.0671e-02          0     4.5498     0.0250     0.5079     0.0000     4.6318     0.0000     0.0049     0.0000     0.5076    34.8092    34.8104    26.3231    26.3242     0.0356      1.085      0.417 0.0000e+00
    347.995       8353    160.044 -106.17371   20.51982    159.000    12.6095    12.6093   4.045626   4.045776 7.6047e-02    12.3614     4.5487 5.0671e-02          0     4.5487     0.0253     0.5079     0.0000     4.6322     0.0000     0.0049     0.0000     0.5076    34.8057    34.8074    26.3242    26.3256     0.0355      1.080      0.415 0.0000e+00
    349.476       8388    161.051 -106.17372   20.51980    160.000    12.5918    12.5925   4.043858   4.044092 7.6813e-02    12.3614     4.5486 5.0671e-02          0     4.5486     0.0256     0.5079     0.0000     4.6325     0.0000     0.0049     0.0000     0.5076    34.8047    34.8063    26.3269    26.3281     0.0357      1.086      0.417 0.0000e+00
    351.425       8435    162.058 -106.17372   20.51980    161.000    12.5641    12.5649   4.041083   4.041344 7.6925e-02    12.3624     4.5476 5.0671e-02          0     4.5476     0.0256     0.5079     0.0000     4.6327     0.0000     0.0049     0.0000     0.5076    34.8032    34.8049    26.3313    26.3324     0.0355      1.082      0.415 0.0000e+00
    352.876       8470    163.065 -106.17372   20.51980    162.000    12.5336    12.5326   4.037954   4.038084 7.6244e-02    12.3611     4.5490 5.0671e-02          0     4.5490     0.0254     0.5079     0.0000     4.6326     0.0000     0.0049     0.0000     0.5076    34.8009    34.8030    26.3354    26.3373     0.0357      1.088      0.417 0.0000e+00
    353.913       8495    164.072 -106.17372   20.51981    163.000    12.5121    12.5119   4.035964   4.036098 7.5492e-02    12.3596     4.5507 5.0671e-02          0     4.5507     0.0251     0.5079     0.0000     4.6311     0.0000     0.0049     0.0000     0.5076    34.8012    34.8026    26.3399    26.3411     0.0359      1.091      0.418 0.0000e+00
    354.774       8516    165.079 -106.17372   20.51982    164.000    12.4878    12.4862   4.033485   4.033592 7.6138e-02    12.3590     4.5514 5.0671e-02          0     4.5514     0.0253     0.5079     0.0000     4.6322     0.0000     0.0049     0.0000     0.5076    34.7994    34.8018    26.3433    26.3455     0.0355      1.081      0.414 0.0000e+00
    355.539       8534    166.086 -106.17372   20.51982    165.000    12.4686    12.4688   4.031740   4.031876 7.4831e-02    12.3596     4.5507 5.0671e-02          0     4.5507     0.0249     0.5078     0.0000     4.6325     0.0000     0.0049     0.0000     0.5075    34.7998    34.8010    26.3474    26.3483     0.0355      1.082      0.414 0.0000e+00
    356.216       8550    167.093 -106.17372   20.51982    166.000    12.4659    12.4660   4.031495   4.031613 7.6074e-02    12.3593     4.5511 5.0671e-02          0     4.5511     0.0253     0.5079     0.0000     4.6329     0.0000     0.0049     0.0000     0.5076    34.7995    34.8007    26.3477    26.3486     0.0359      1.095      0.419 0.0000e+00
    356.859       8566    168.100 -106.17372   20.51982    167.000    12.4647    12.4651   4.031435   4.031569 7.5084e-02    12.3598     4.5504 5.0671e-02          0     4.5504     0.0250     0.5079     0.0000     4.5818     0.0000     0.0049     0.0000     0.5076    34.7997    34.8006    26.3481    26.3487     0.0355      1.081      0.414 0.0000e+00
    357.479       8580    169.107 -106.17372   20.51982    168.000    12.4617    12.4617   4.031227   4.031372 7.4208e-02    12.3589     4.5515 5.0671e-02          0     4.5515     0.0247     0.5078     0.0000     4.5350     0.0000     0.0049     0.0000     0.5075    34.8000    34.8014    26.3490    26.3500     0.0353      1.075      0.412 0.0000e+00
    358.114       8596    170.114 -106.17372   20.51982    169.000    12.4517    12.4514   4.030207   4.030345 7.9001e-02    12.3588     4.5516 5.0671e-02          0     4.5516     0.0263     0.5078     0.0000     4.5419     0.0000     0.0049     0.0000     0.5075    34.7990    34.8006    26.3501    26.3514     0.0359      1.092      0.418 0.0000e+00
    358.813       8613    171.121 -106.17372   20.51982    170.000    12.4464    12.4465   4.029773   4.029921 7.3633e-02    12.3584     4.5520 5.0671e-02          0     4.5520     0.0245     0.5079     0.0000     4.5433     0.0000     0.0049     0.0000     0.5076    34.7993    34.8006    26.3515    26.3525     0.0359      1.092      0.418 0.0000e+00
    359.710       8634    172.128 -106.17372   20.51981    171.000    12.4420    12.4423   4.029511   4.029650 9.6025e-02    12.3586     4.5518 5.0671e-02          0     4.5518     0.0320     0.5079     0.0000     4.5438     0.0000     0.0049     0.0000     0.5076    34.8004    34.8015    26.3531    26.3539     0.0356      1.083      0.415 0.0000e+00
    361.161       8669    173.135 -106.17372   20.51980    172.000    12.4437    12.4445   4.030216   4.030382 2.0391e-01    12.3575     4.5530 5.0671e-02          0     4.5530     0.0680     0.5078     0.0000     4.5444     0.0000     0.0049     0.0000     0.5075    34.8052    34.8061    26.3566    26.3572     0.0350      1.065      0.408 0.0000e+00
    363.135       8716    174.142 -106.17374   20.51980    173.000    12.4301    12.4313   4.028841   4.029116 6.9039e-02    12.3574     4.5531 5.0671e-02          0     4.5531     0.0230     0.5078     0.0000     4.5447     0.0000     0.0049     0.0000     0.5075    34.8041    34.8057    26.3584    26.3594     0.0358      1.089      0.417 0.0000e+00
    364.631       8752    175.149 -106.17374   20.51980    174.000    12.4226    12.4230   4.028213   4.028370 7.3244e-02    12.3582     4.5522 5.0671e-02          0     4.5522     0.0244     0.5078     0.0000     4.5452     0.0000     0.0049     0.0000     0.5075    34.8045    34.8057    26.3602    26.3611     0.0352      1.072      0.410 0.0000e+00
    365.815       8781    176.156 -106.17374   20.51980    175.000    12.4228    12.4232   4.028283   4.028431 7.3552e-02    12.3668     4.5425 5.0671e-02          0     4.5425     0.0245     0.5078     0.0000     4.5571     0.0000     0.0049     0.0000     0.5075    34.8047    34.8057    26.3603    26.3611     0.0356      1.085      0.415 0.0000e+00
    366.760       8803    177.163 -106.17374   20.51980    176.000    12.4210    12.4209   4.028112   4.028254 7.3263e-02    12.3584     4.5520 5.0671e-02          0     4.5520     0.0244     0.5077     0.0000     4.5957     0.0000     0.0049     0.0000     0.5074    34.8042    34.8056    26.3604    26.3615     0.0352      1.073      0.411 0.0000e+00
    367.592       8823    178.170 -106.17374   20.51980    177.000    12.4024    12.4012   4.026169   4.026269 7.3260e-02    12.3574     4.5532 5.0671e-02          0     4.5532     0.0244     0.5078     0.0000     4.6346     0.0000     0.0049     0.0000     0.5075    34.8022    34.8043    26.3625    26.3643     0.0355      1.082      0.414 0.0000e+00
    368.379       8842    179.177 -106.17374   20.51980    178.000    12.3735    12.3717   4.023181   4.023244 7.5231e-02    12.3576     4.5529 5.0671e-02          0     4.5529     0.0251     0.5077     0.0000     4.6360     0.0000     0.0049     0.0000     0.5074    34.7997    34.8021    26.3662    26.3683     0.0354      1.079      0.412 0.0000e+00
    369.177       8861    180.184 -106.17374   20.51980    179.000    12.3478    12.3470   4.020745   4.020824 7.3287e-02    12.3575     4.5530 5.0671e-02          0     4.5530     0.0244     0.5078     0.0000     4.6367     0.0000     0.0049     0.0000     0.5075    34.7996    34.8011    26.3711    26.3724     0.0364      1.108      0.423 0.0000e+00
    369.981       8881    181.191 -106.17374   20.51980    180.000    12.3163    12.3140   4.017033   4.017086 7.3444e-02    12.3571     4.5535 5.0671e-02          0     4.5535     0.0245     0.5079     0.0000     4.6370     0.0000     0.0049     0.0000     0.5076    34.7925    34.7952    26.3717    26.3742     0.0361      1.098      0.419 0.0000e+00
    370.836       8901    182.198 -106.17374   20.51980    181.000    12.2886    12.2892   4.014321   4.014518 7.3255e-02    12.3577     4.5527 5.0671e-02          0     4.5527     0.0244     0.5078     0.0000     4.6373     0.0000     0.0049     0.0000     0.5075    34.7915    34.7929    26.3763    26.3773     0.0346      1.053      0.402 0.0000e+00
