data/ctd-cnv/RR1804/RR1803-St33-P1/Station33_cast70.cnv
* Sea-Bird SBE 9 Data File:
* FileName = C:\CTD\RR1805\Station33_cast70.hex
* Software Version Seasave V 7.26.6.26
* Temperature SN = 4307
* Conductivity SN = 4650
* Number of Bytes Per Scan = 44
* Number of Voltage Words = 5
* Number of Scans Averaged by the Deck Unit = 1
* NMEA Latitude = 20 27.24 N
* NMEA Longitude = 106 09.98 W
* NMEA UTC (Time) = Apr 26 2018 18:56:09
** Ship: Revell
** Station: 33
** Operator: GR
** Station P1 Cast 70 Diel
# nquan = 32
# nvalues = 202                         
# units = specified
# name 0 = timeS: Time, Elapsed [seconds]
# name 1 = scan: Scan Count
# name 2 = prDM: Pressure, Digiquartz [db]
# name 3 = longitude: Longitude [deg]
# name 4 = latitude: Latitude [deg]
# name 5 = depSM: Depth [salt water, m]
# name 6 = t090C: Temperature [ITS-90, deg C]
# name 7 = t190C: Temperature, 2 [ITS-90, deg C]
# name 8 = c0S/m: Conductivity [S/m]
# name 9 = c1S/m: Conductivity, 2 [S/m]
# name 10 = flSP: Fluorescence, Seapoint
# name 11 = CStarAt0: Beam Attenuation, WET Labs C-Star [1/m]
# name 12 = CStarTr0: Beam Transmission, WET Labs C-Star [%]
# name 13 = par: PAR/Irradiance, Biospherical/Licor
# name 14 = modError: Modulo Error Count
# name 15 = v0: Voltage 0
# name 16 = v1: Voltage 1
# name 17 = v2: Voltage 2
# name 18 = v3: Voltage 3
# name 19 = v4: Voltage 4
# name 20 = v5: Voltage 5
# name 21 = v6: Voltage 6
# name 22 = v7: Voltage 7
# name 23 = sbeox0V: Oxygen raw, SBE 43 [V]
# name 24 = sal00: Salinity, Practical [PSU]
# name 25 = sal11: Salinity, Practical, 2 [PSU]
# name 26 = sigma-é00: Density [sigma-theta, kg/m^3]
# name 27 = sigma-é11: Density, 2 [sigma-theta, kg/m^3]
# name 28 = sbeox0Mg/L: Oxygen, SBE 43 [mg/l], WS = 2
# name 29 = sbox0Mm/Kg: Oxygen, SBE 43 [umol/kg], WS = 2
# name 30 = sbeox0PS: Oxygen, SBE 43 [% saturation], WS = 2
# name 31 = flag: flag
# span 0 =     -3.620,    594.755       
# span 1 =        -86,      14275       
# span 2 =      1.006,    203.347       
# span 3 = -106.16634, -106.16628       
# span 4 =   20.45411,   20.45416       
# span 5 =      1.000,    202.000       
# span 6 =    12.1552,    25.9475       
# span 7 =    12.1565,    25.9437       
# span 8 =   4.002196,   5.360931       
# span 9 =   4.002477,   5.360333       
# span 10 = 7.3252e-02, 1.9117e+00      
# span 11 =    12.3575,    12.5960      
# span 12 =     4.2896,     4.5530      
# span 13 = 5.0671e-02, 2.1266e+03      
# span 14 =          0,          0      
# span 15 =     4.2896,     4.5530      
# span 16 =     0.0244,     0.6372      
# span 17 =     0.5054,     2.7465      
# span 18 =     0.0000,     0.0000      
# span 19 =     4.5069,     4.6535      
# span 20 =     0.0000,     0.0000      
# span 21 =     0.0049,     4.6500      
# span 22 =     0.0000,     0.0000      
# span 23 =     0.5051,     2.7465      
# span 24 =    34.5269,    34.8271      
# span 25 =    34.5324,    34.8286      
# span 26 =    22.8002,    26.4005      
# span 27 =    22.8003,    26.4014      
# span 28 =     0.0267,     6.6280      
# span 29 =      0.813,    202.472      
# span 30 =      0.309,     98.310      
# span 31 = 0.0000e+00, 0.0000e+00      
# interval = meters: 1                  
# start_time = Apr 26 2018 18:56:06 [System UTC, first data scan.]
# bad_flag = -9.990e-29
*END*
[from data line 136]
    380.104       9123    137.892 -106.16630   20.45414    137.000    13.0216    13.0229   4.085947   4.086203 8.5578e-02    12.3617     4.5482 5.0671e-02          0     4.5482     0.0285     0.5077     0.0000     4.6443     0.0000     0.0049     0.0000     0.5073    34.8211    34.8224    26.2538    26.2545     0.0338      1.029      0.399 0.0000e+00
    381.380       9154    138.899 -106.16630   20.45414    138.000    13.0255    13.0264   4.086521   4.086745 8.6413e-02    12.3617     4.5483 5.0671e-02          0     4.5483     0.0288     0.5076     0.0000     4.6441     0.0000     0.0049     0.0000     0.5073    34.8226    34.8239    26.2541    26.2549     0.0348      1.058      0.410 0.0000e+00
    382.649       9185    139.905 -106.16630   20.45416    139.000    13.0235    13.0228   4.086417   4.086573 8.3062e-02    12.3635     4.5463 5.0671e-02          0     4.5463     0.0277     0.5078     0.0000     4.6003     0.0000     0.0049     0.0000     0.5075    34.8230    34.8251    26.2549    26.2567     0.0356      1.085      0.420 0.0000e+00
    383.783       9212    140.912 -106.16630   20.45416    140.000    12.9777    12.9758   4.081489   4.081580 8.4547e-02    12.3619     4.5480 5.0671e-02          0     4.5480     0.0282     0.5079     0.0000     4.6094     0.0000     0.0049     0.0000     0.5076    34.8177    34.8203    26.2600    26.2624     0.0348      1.061      0.411 0.0000e+00
    384.791       9236    141.919 -106.16630   20.45416    141.000    12.9412    12.9404   4.077681   4.077821 8.5602e-02    12.3616     4.5483 5.0671e-02          0     4.5483     0.0285     0.5078     0.0000     4.6276     0.0000     0.0049     0.0000     0.5075    34.8146    34.8167    26.2649    26.2667     0.0339      1.032      0.399 0.0000e+00
    385.682       9257    142.926 -106.16630   20.45416    142.000    12.9152    12.9133   4.074851   4.074880 8.5646e-02    12.3619     4.5480 5.0671e-02          0     4.5480     0.0286     0.5077     0.0000     4.6008     0.0000     0.0049     0.0000     0.5074    34.8110    34.8131    26.2674    26.2693     0.0344      1.047      0.405 0.0000e+00
    386.511       9277    143.933 -106.16630   20.45416    143.000    12.8980    12.8965   4.072993   4.073059 8.7551e-02    12.3621     4.5478 5.0671e-02          0     4.5478     0.0292     0.5076     0.0000     4.5884     0.0000     0.0049     0.0000     0.5073    34.8087    34.8107    26.2691    26.2709     0.0345      1.050      0.406 0.0000e+00
    387.295       9296    144.940 -106.16630   20.45416    144.000    12.8677    12.8669   4.069909   4.070058 8.6828e-02    12.3614     4.5486 5.0671e-02          0     4.5486     0.0289     0.5077     0.0000     4.5805     0.0000     0.0049     0.0000     0.5074    34.8067    34.8089    26.2736    26.2754     0.0346      1.053      0.407 0.0000e+00
    388.072       9315    145.947 -106.16630   20.45416    145.000    12.8420    12.8417   4.067479   4.067660 8.4498e-02    12.3619     4.5480 5.0671e-02          0     4.5480     0.0282     0.5078     0.0000     4.5786     0.0000     0.0049     0.0000     0.5074    34.8067    34.8087    26.2787    26.2803     0.0331      1.007      0.389 0.0000e+00
    388.886       9334    146.953 -106.16630   20.45416    146.000    12.8260    12.8261   4.066032   4.066218 8.4600e-02    12.3618     4.5482 5.0671e-02          0     4.5482     0.0282     0.5073     0.0000     4.6506     0.0000     0.0049     0.0000     0.5070    34.8072    34.8089    26.2823    26.2836     0.0334      1.018      0.393 0.0000e+00
    389.762       9355    147.960 -106.16630   20.45415    147.000    12.8143    12.8143   4.064841   4.065032 8.4244e-02    12.3610     4.5491 5.0671e-02          0     4.5491     0.0281     0.5078     0.0000     4.6495     0.0000     0.0049     0.0000     0.5075    34.8062    34.8080    26.2838    26.2852     0.0353      1.074      0.414 0.0000e+00
    390.785       9380    148.967 -106.16630   20.45414    148.000    12.8004    12.8000   4.063394   4.063558 8.4514e-02    12.3611     4.5490 5.0671e-02          0     4.5490     0.0282     0.5076     0.0000     4.6444     0.0000     0.0049     0.0000     0.5072    34.8047    34.8066    26.2854    26.2870     0.0339      1.031      0.398 0.0000e+00
    392.134       9412    149.974 -106.16630   20.45414    149.000    12.7704    12.7700   4.060367   4.060571 8.4554e-02    12.3614     4.5486 5.0671e-02          0     4.5486     0.0282     0.5075     0.0000     4.6447     0.0000     0.0049     0.0000     0.5072    34.8029    34.8053    26.2901    26.2920     0.0334      1.016      0.391 0.0000e+00
    393.644       9448    150.981 -106.16630   20.45416    150.000    12.7393    12.7387   4.057603   4.057756 8.2018e-02    12.3611     4.5490 5.0671e-02          0     4.5490     0.0274     0.5073     0.0000     4.6357     0.0000     0.0049     0.0000     0.5070    34.8047    34.8067    26.2976    26.2993     0.0333      1.014      0.390 0.0000e+00
    394.993       9481    151.988 -106.16630   20.45416    151.000    12.7222    12.7220   4.056032   4.056215 8.0571e-02    12.3611     4.5490 5.0671e-02          0     4.5490     0.0269     0.5073     0.0000     4.6374     0.0000     0.0049     0.0000     0.5070    34.8050    34.8069    26.3013    26.3028     0.0333      1.015      0.391 0.0000e+00
    396.141       9508    152.995 -106.16630   20.45416    152.000    12.7110    12.7113   4.055045   4.055247 8.0446e-02    12.3613     4.5488 5.0671e-02          0     4.5488     0.0268     0.5074     0.0000     4.6382     0.0000     0.0049     0.0000     0.5071    34.8055    34.8072    26.3038    26.3051     0.0342      1.041      0.400 0.0000e+00
    397.135       9532    154.002 -106.16630   20.45416    153.000    12.7083    12.7088   4.054847   4.055063 8.0587e-02    12.3610     4.5491 5.0671e-02          0     4.5491     0.0269     0.5074     0.0000     4.6375     0.0000     0.0049     0.0000     0.5071    34.8056    34.8072    26.3045    26.3056     0.0316      0.962      0.371 0.0000e+00
    398.012       9553    155.009 -106.16630   20.45416    154.000    12.7065    12.7070   4.054729   4.054943 8.0232e-02    12.3616     4.5484 5.0671e-02          0     4.5484     0.0268     0.5070     0.0000     4.6370     0.0000     0.0049     0.0000     0.5067    34.8057    34.8073    26.3050    26.3061     0.0333      1.014      0.390 0.0000e+00
    398.817       9573    156.016 -106.16630   20.45416    155.000    12.7020    12.7020   4.054310   4.054502 7.9634e-02    12.3610     4.5491 5.0671e-02          0     4.5491     0.0266     0.5074     0.0000     4.6365     0.0000     0.0049     0.0000     0.5071    34.8055    34.8073    26.3057    26.3071     0.0353      1.075      0.414 0.0000e+00
    399.590       9591    157.023 -106.16630   20.45416    156.000    12.6826    12.6814   4.052281   4.052422 7.9769e-02    12.3628     4.5470 5.0671e-02          0     4.5470     0.0266     0.5075     0.0000     4.6376     0.0000     0.0049     0.0000     0.5072    34.8034    34.8059    26.3080    26.3101     0.0343      1.046      0.402 0.0000e+00
    400.368       9610    158.030 -106.16630   20.45416    157.000    12.6523    12.6515   4.049343   4.049489 7.9814e-02    12.3613     4.5487 5.0671e-02          0     4.5487     0.0266     0.5076     0.0000     4.6384     0.0000     0.0049     0.0000     0.5073    34.8027    34.8050    26.3134    26.3153     0.0340      1.035      0.398 0.0000e+00
    401.184       9629    159.037 -106.16630   20.45416    158.000    12.6354    12.6356   4.047852   4.048063 7.8532e-02    12.3612     4.5488 5.0671e-02          0     4.5488     0.0262     0.5074     0.0000     4.6387     0.0000     0.0049     0.0000     0.5071    34.8036    34.8055    26.3175    26.3189     0.0338      1.028      0.395 0.0000e+00
    402.054       9650    160.043 -106.16630   20.45416    159.000    12.6311    12.6316   4.047512   4.047712 7.7819e-02    12.3620     4.5480 5.0671e-02          0     4.5480     0.0259     0.5076     0.0000     4.6376     0.0000     0.0049     0.0000     0.5073    34.8039    34.8054    26.3186    26.3196     0.0331      1.009      0.388 0.0000e+00
    403.034       9674    161.050 -106.16630   20.45416    160.000    12.6265    12.6267   4.047076   4.047268 7.9546e-02    12.3607     4.5495 5.0671e-02          0     4.5495     0.0265     0.5070     0.0000     4.6377     0.0000     0.0049     0.0000     0.5067    34.8036    34.8052    26.3193    26.3205     0.0312      0.951      0.365 0.0000e+00
    404.166       9701    162.057 -106.16630   20.45416    161.000    12.6195    12.6194   4.046416   4.046595 7.7940e-02    12.3609     4.5492 5.0671e-02          0     4.5492     0.0260     0.5073     0.0000     4.6382     0.0000     0.0049     0.0000     0.5070    34.8033    34.8050    26.3204    26.3218     0.0345      1.051      0.404 0.0000e+00
    405.427       9731    163.064 -106.16630   20.45416    162.000    12.5870    12.5856   4.043046   4.043207 7.8973e-02    12.3610     4.5492 5.0671e-02          0     4.5492     0.0263     0.5073     0.0000     4.6340     0.0000     0.0049     0.0000     0.5070    34.8004    34.8033    26.3246    26.3271     0.0339      1.032      0.396 0.0000e+00
    406.734       9763    164.071 -106.16630   20.45416    163.000    12.5602    12.5601   4.040529   4.040731 7.6883e-02    12.3602     4.5501 5.0671e-02          0     4.5501     0.0256     0.5075     0.0000     4.6338     0.0000     0.0049     0.0000     0.5072    34.8006    34.8026    26.3300    26.3316     0.0327      0.996      0.382 0.0000e+00
    407.984       9793    165.078 -106.16630   20.45416    164.000    12.5499    12.5500   4.039524   4.039717 7.6794e-02    12.3616     4.5485 5.0671e-02          0     4.5485     0.0256     0.5070     0.0000     4.6336     0.0000     0.0049     0.0000     0.5067    34.8000    34.8018    26.3316    26.3330     0.0326      0.992      0.380 0.0000e+00
    409.141       9820    166.085 -106.16630   20.45416    165.000    12.5406    12.5408   4.038641   4.038852 7.6787e-02    12.3631     4.5467 5.0671e-02          0     4.5467     0.0256     0.5073     0.0000     4.6265     0.0000     0.0049     0.0000     0.5070    34.7997    34.8016    26.3332    26.3346     0.0343      1.044      0.401 0.0000e+00
    410.190       9846    167.092 -106.16630   20.45416    166.000    12.5330    12.5332   4.037921   4.038125 7.7688e-02    12.3605     4.5497 5.0671e-02          0     4.5497     0.0259     0.5071     0.0000     4.5798     0.0000     0.0049     0.0000     0.5068    34.7993    34.8012    26.3345    26.3358     0.0318      0.967      0.371 0.0000e+00
    411.156       9869    168.099 -106.16630   20.45416    167.000    12.5250    12.5251   4.037171   4.037380 7.6932e-02    12.3603     4.5500 5.0671e-02          0     4.5500     0.0256     0.5072     0.0000     4.5912     0.0000     0.0049     0.0000     0.5069    34.7991    34.8011    26.3359    26.3374     0.0332      1.012      0.388 0.0000e+00
    412.053       9890    169.106 -106.16630   20.45416    168.000    12.5167    12.5165   4.036379   4.036568 7.6728e-02    12.3604     4.5498 5.0671e-02          0     4.5498     0.0255     0.5071     0.0000     4.6320     0.0000     0.0049     0.0000     0.5068    34.7988    34.8008    26.3373    26.3389     0.0333      1.013      0.388 0.0000e+00
    412.907       9911    170.113 -106.16630   20.45416    169.000    12.4981    12.4979   4.034613   4.034815 7.6748e-02    12.3603     4.5500 5.0671e-02          0     4.5500     0.0255     0.5073     0.0000     4.6340     0.0000     0.0049     0.0000     0.5070    34.7985    34.8007    26.3407    26.3425     0.0321      0.977      0.375 0.0000e+00
    413.755       9931    171.120 -106.16630   20.45416    170.000    12.4819    12.4815   4.033015   4.033210 7.6536e-02    12.3601     4.5502 5.0671e-02          0     4.5502     0.0255     0.5068     0.0000     4.6346     0.0000     0.0049     0.0000     0.5065    34.7977    34.7999    26.3433    26.3451     0.0319      0.970      0.371 0.0000e+00
    414.587       9951    172.127 -106.16630   20.45416    171.000    12.4669    12.4667   4.031551   4.031737 7.4998e-02    12.3594     4.5509 5.0671e-02          0     4.5509     0.0250     0.5074     0.0000     4.6350     0.0000     0.0049     0.0000     0.5071    34.7970    34.7990    26.3457    26.3473     0.0355      1.080      0.414 0.0000e+00
    415.414       9971    173.134 -106.16630   20.45416    172.000    12.4500    12.4497   4.029873   4.030066 7.4555e-02    12.3600     4.5503 5.0671e-02          0     4.5503     0.0248     0.5071     0.0000     4.6339     0.0000     0.0049     0.0000     0.5068    34.7961    34.7982    26.3483    26.3500     0.0322      0.979      0.375 0.0000e+00
    416.243       9991    174.141 -106.16630   20.45414    173.000    12.4393    12.4393   4.028810   4.029025 7.5605e-02    12.3599     4.5504 5.0671e-02          0     4.5504     0.0252     0.5073     0.0000     4.6343     0.0000     0.0049     0.0000     0.5070    34.7953    34.7974    26.3498    26.3514     0.0328      1.000      0.383 0.0000e+00
    417.140      10012    175.148 -106.16630   20.45414    174.000    12.4272    12.4272   4.027686   4.027897 7.5494e-02    12.3592     4.5511 5.0671e-02          0     4.5511     0.0251     0.5069     0.0000     4.6336     0.0000     0.0049     0.0000     0.5066    34.7952    34.7973    26.3521    26.3537     0.0304      0.924      0.354 0.0000e+00
    418.186      10037    176.155 -106.16630   20.45414    175.000    12.4218    12.4221   4.027274   4.027480 7.3967e-02    12.3588     4.5516 5.0671e-02          0     4.5516     0.0246     0.5069     0.0000     4.6322     0.0000     0.0049     0.0000     0.5066    34.7958    34.7975    26.3537    26.3549     0.0326      0.992      0.380 0.0000e+00
    419.460      10068    177.162 -106.16630   20.45414    176.000    12.4168    12.4171   4.026828   4.027037 7.4438e-02    12.3596     4.5506 5.0671e-02          0     4.5506     0.0248     0.5070     0.0000     4.6331     0.0000     0.0049     0.0000     0.5067    34.7957    34.7975    26.3546    26.3559     0.0317      0.965      0.369 0.0000e+00
    420.861      10102    178.169 -106.16630   20.45414    177.000    12.4110    12.4113   4.026289   4.026503 7.6349e-02    12.3603     4.5498 5.0671e-02          0     4.5498     0.0254     0.5069     0.0000     4.6293     0.0000     0.0049     0.0000     0.5066    34.7955    34.7973    26.3556    26.3569     0.0326      0.992      0.380 0.0000e+00
    422.235      10135    179.176 -106.16630   20.45414    178.000    12.4026    12.4025   4.025437   4.025654 7.6006e-02    12.3592     4.5511 5.0671e-02          0     4.5511     0.0253     0.5070     0.0000     4.5530     0.0000     0.0049     0.0000     0.5067    34.7946    34.7967    26.3565    26.3582     0.0327      0.997      0.381 0.0000e+00
    423.483      10165    180.184 -106.16630   20.45414    179.000    12.3856    12.3852   4.023786   4.023957 7.3621e-02    12.3591     4.5513 5.0671e-02          0     4.5513     0.0245     0.5070     0.0000     4.5596     0.0000     0.0049     0.0000     0.5067    34.7940    34.7960    26.3594    26.3610     0.0318      0.968      0.370 0.0000e+00
    424.565      10191    181.191 -106.16630   20.45414    180.000    12.3670    12.3668   4.022032   4.022219 7.3401e-02    12.3581     4.5523 5.0671e-02          0     4.5523     0.0244     0.5068     0.0000     4.6008     0.0000     0.0049     0.0000     0.5065    34.7938    34.7958    26.3629    26.3645     0.0310      0.944      0.361 0.0000e+00
    425.498      10213    182.198 -106.16630   20.45414    181.000    12.3586    12.3585   4.021242   4.021457 7.3434e-02    12.3582     4.5522 5.0671e-02          0     4.5522     0.0245     0.5068     0.0000     4.5612     0.0000     0.0049     0.0000     0.5065    34.7936    34.7957    26.3644    26.3661     0.0329      1.001      0.382 0.0000e+00
