data/ctd-cnv/RR1804/RR1803-St33-P1/Station33_cast64.cnv
* Sea-Bird SBE 9 Data File:
* FileName = C:\CTD\RR1805\Station33_cast64.hex
* Software Version Seasave V 7.26.6.26
* Temperature SN = 4307
* Conductivity SN = 4650
* Number of Bytes Per Scan = 44
* Number of Voltage Words = 5
* Number of Scans Averaged by the Deck Unit = 1
* NMEA Latitude = 20 18.65 N
* NMEA Longitude = 106 07.57 W
* NMEA UTC (Time) = Apr 24 2018 14:03:01
** Ship: Revell
** Station: On Deck
** Operator: GR
** Station P1 cast 64
# nquan = 32
# nvalues = 500                         
# units = specified
# name 0 = timeS: Time, Elapsed [seconds]
# name 1 = scan: Scan Count
# name 2 = prDM: Pressure, Digiquartz [db]
# name 3 = longitude: Longitude [deg]
# name 4 = latitude: Latitude [deg]
# name 5 = depSM: Depth [salt water, m]
# name 6 = t090C: Temperature [ITS-90, deg C]
# name 7 = t190C: Temperature, 2 [ITS-90, deg C]
# name 8 = c0S/m: Conductivity [S/m]
# name 9 = c1S/m: Conductivity, 2 [S/m]
# name 10 = flSP: Fluorescence, Seapoint
# name 11 = CStarAt0: Beam Attenuation, WET Labs C-Star [1/m]
# name 12 = CStarTr0: Beam Transmission, WET Labs C-Star [%]
# name 13 = par: PAR/Irradiance, Biospherical/Licor
# name 14 = modError: Modulo Error Count
# name 15 = v0: Voltage 0
# name 16 = v1: Voltage 1
# name 17 = v2: Voltage 2
# name 18 = v3: Voltage 3
# name 19 = v4: Voltage 4
# name 20 = v5: Voltage 5
# name 21 = v6: Voltage 6
# name 22 = v7: Voltage 7
# name 23 = sbeox0V: Oxygen raw, SBE 43 [V]
# name 24 = sal00: Salinity, Practical [PSU]
# name 25 = sal11: Salinity, Practical, 2 [PSU]
# name 26 = sigma-é00: Density [sigma-theta, kg/m^3]
# name 27 = sigma-é11: Density, 2 [sigma-theta, kg/m^3]
# name 28 = sbeox0Mg/L: Oxygen, SBE 43 [mg/l], WS = 2
# name 29 = sbox0Mm/Kg: Oxygen, SBE 43 [umol/kg], WS = 2
# name 30 = sbeox0PS: Oxygen, SBE 43 [% saturation], WS = 2
# name 31 = flag: flag
# span 0 =     80.435,    899.505       
# span 1 =       1931,      21589       
# span 2 =      1.006,    503.694       
# span 3 = -106.12628, -106.12624       
# span 4 =   20.31082,   20.31086       
# span 5 =      1.000,    500.000       
# span 6 =     8.3199,    25.1387       
# span 7 =     8.3195,    25.1407       
# span 8 =   3.634310,   5.277251       
# span 9 =   3.634400,   5.644030       
# span 10 = 7.3435e-02, 1.5129e+00      
# span 11 =    12.3086,    13.8572      
# span 12 =     4.2924,     4.5736      
# span 13 = 5.0664e-02, 3.4643e+02      
# span 14 =          0,          0      
# span 15 =     4.2924,     4.5736      
# span 16 =     0.0245,     0.5043      
# span 17 =     0.5065,     2.7345      
# span 18 =     0.0000,     0.0000      
# span 19 =     0.1254,     4.7484      
# span 20 =     0.0000,     0.0000      
# span 21 =     0.0048,     3.7328      
# span 22 =     0.0000,     0.0000      
# span 23 =     0.5062,     2.7345      
# span 24 =    34.4558,    34.8205      
# span 25 =    34.4540,    37.4111      
# span 26 =    23.0083,    26.9059      
# span 27 =    23.1846,    26.9069      
# span 28 =     0.0340,     6.6166      
# span 29 =      1.034,    202.113      
# span 30 =      0.362,     97.766      
# span 31 = 0.0000e+00, 0.0000e+00      
# interval = meters: 1                  
# start_time = Apr 24 2018 14:03:03 [System UTC, first data scan.]
# bad_flag = -9.990e-29
*END*
[from data line 182]
    486.369      11674    184.210 -106.12626   20.31084    183.000    12.1368    12.1370   3.999628   3.999710 7.7259e-02    12.3609     4.5492 5.0671e-02          0     4.5492     0.0257     0.5088     0.0000     4.5615     0.0000     0.0049     0.0000     0.5084    34.7893    34.7899    26.4038    26.4043     0.0394      1.200      0.456 0.0000e+00
    487.299      11696    185.217 -106.12626   20.31084    184.000    12.1267    12.1272   3.998665   3.998781 7.6920e-02    12.3602     4.5500 5.0671e-02          0     4.5500     0.0256     0.5089     0.0000     4.5949     0.0000     0.0049     0.0000     0.5085    34.7889    34.7895    26.4055    26.4059     0.0380      1.158      0.440 0.0000e+00
    488.349      11721    186.224 -106.12626   20.31084    185.000    12.1151    12.1154   3.997494   3.997624 7.5959e-02    12.3608     4.5493 5.0671e-02          0     4.5493     0.0253     0.5086     0.0000     4.5942     0.0000     0.0049     0.0000     0.5082    34.7879    34.7889    26.4070    26.4077     0.0389      1.184      0.450 0.0000e+00
    489.428      11747    187.231 -106.12626   20.31084    186.000    12.1065    12.1069   3.996684   3.996814 7.7895e-02    12.3599     4.5504 5.0671e-02          0     4.5504     0.0259     0.5088     0.0000     4.5662     0.0000     0.0049     0.0000     0.5084    34.7875    34.7885    26.4084    26.4090     0.0382      1.162      0.442 0.0000e+00
    490.387      11770    188.238 -106.12626   20.31084    187.000    12.0996    12.1003   3.996027   3.996208 7.7396e-02    12.3610     4.5492 5.0671e-02          0     4.5492     0.0258     0.5084     0.0000     4.5396     0.0000     0.0049     0.0000     0.5080    34.7872    34.7882    26.4094    26.4101     0.0380      1.158      0.440 0.0000e+00
    491.271      11791    189.245 -106.12626   20.31084    188.000    12.0926    12.0936   3.995383   3.995560 7.8022e-02    12.3603     4.5500 5.0671e-02          0     4.5500     0.0260     0.5087     0.0000     4.5618     0.0000     0.0049     0.0000     0.5083    34.7870    34.7878    26.4107    26.4111     0.0396      1.204      0.458 0.0000e+00
    492.151      11813    190.252 -106.12626   20.31084    189.000    12.0870    12.0875   3.994871   3.995004 7.7251e-02    12.3599     4.5503 5.0671e-02          0     4.5503     0.0257     0.5085     0.0000     4.5618     0.0000     0.0049     0.0000     0.5081    34.7868    34.7876    26.4116    26.4122     0.0371      1.131      0.430 0.0000e+00
    493.111      11836    191.260 -106.12626   20.31084    190.000    12.0787    12.0794   3.994077   3.994236 7.6767e-02    12.3591     4.5513 5.0671e-02          0     4.5513     0.0256     0.5085     0.0000     4.5727     0.0000     0.0049     0.0000     0.5082    34.7863    34.7872    26.4128    26.4134     0.0387      1.177      0.447 0.0000e+00
    494.240      11863    192.267 -106.12626   20.31084    191.000    12.0682    12.0684   3.993058   3.993168 7.5368e-02    12.3588     4.5516 5.0671e-02          0     4.5516     0.0251     0.5083     0.0000     4.5780     0.0000     0.0049     0.0000     0.5079    34.7858    34.7866    26.4145    26.4151     0.0366      1.114      0.423 0.0000e+00
    495.514      11893    193.274 -106.12626   20.31084    192.000    12.0568    12.0571   3.991952   3.992084 7.6715e-02    12.3608     4.5493 5.0671e-02          0     4.5493     0.0255     0.5084     0.0000     4.5865     0.0000     0.0049     0.0000     0.5080    34.7852    34.7862    26.4163    26.4170     0.0381      1.159      0.440 0.0000e+00
    496.778      11924    194.281 -106.12626   20.31084    193.000    12.0499    12.0502   3.991308   3.991431 7.6566e-02    12.3590     4.5513 5.0671e-02          0     4.5513     0.0255     0.5084     0.0000     4.5967     0.0000     0.0049     0.0000     0.5080    34.7849    34.7858    26.4174    26.4180     0.0377      1.148      0.436 0.0000e+00
    498.007      11953    195.288 -106.12626   20.31084    194.000    12.0365    12.0365   3.989988   3.990088 7.6937e-02    12.3581     4.5523 5.0671e-02          0     4.5523     0.0256     0.5085     0.0000     4.5880     0.0000     0.0049     0.0000     0.5081    34.7841    34.7851    26.4193    26.4201     0.0387      1.179      0.447 0.0000e+00
    499.093      11979    196.295 -106.12626   20.31082    195.000    12.0284    12.0289   3.989241   3.989389 7.6463e-02    12.3586     4.5517 5.0671e-02          0     4.5517     0.0255     0.5085     0.0000     4.5828     0.0000     0.0049     0.0000     0.5081    34.7840    34.7849    26.4207    26.4214     0.0400      1.217      0.462 0.0000e+00
    500.006      12001    197.302 -106.12626   20.31082    196.000    12.0097    12.0098   3.987332   3.987418 7.6182e-02    12.3578     4.5527 5.0671e-02          0     4.5527     0.0254     0.5088     0.0000     4.5890     0.0000     0.0049     0.0000     0.5084    34.7824    34.7831    26.4231    26.4237     0.0387      1.179      0.447 0.0000e+00
    500.802      12020    198.309 -106.12626   20.31082    197.000    11.9899    11.9904   3.985423   3.985560 7.5894e-02    12.3598     4.5504 5.0671e-02          0     4.5504     0.0253     0.5084     0.0000     4.5937     0.0000     0.0049     0.0000     0.5081    34.7818    34.7827    26.4264    26.4271     0.0369      1.123      0.426 0.0000e+00
    501.570      12039    199.317 -106.12626   20.31082    198.000    11.9801    11.9806   3.984450   3.984604 7.7360e-02    12.3571     4.5535 5.0671e-02          0     4.5535     0.0258     0.5084     0.0000     4.5983     0.0000     0.0049     0.0000     0.5081    34.7810    34.7820    26.4277    26.4285     0.0380      1.156      0.438 0.0000e+00
    502.375      12058    200.324 -106.12626   20.31082    199.000    11.9760    11.9764   3.984101   3.984237 8.4597e-02    12.3567     4.5540 5.0671e-02          0     4.5540     0.0282     0.5082     0.0000     4.6025     0.0000     0.0049     0.0000     0.5079    34.7809    34.7820    26.4285    26.4292     0.0373      1.137      0.431 0.0000e+00
    503.284      12080    201.331 -106.12626   20.31082    200.000    11.9724    11.9728   3.983747   3.983877 7.8043e-02    12.3575     4.5530 5.0671e-02          0     4.5530     0.0260     0.5084     0.0000     4.6014     0.0000     0.0049     0.0000     0.5080    34.7805    34.7813    26.4288    26.4294     0.0380      1.157      0.439 0.0000e+00
    504.332      12105    202.338 -106.12626   20.31082    201.000    11.9365    11.9366   3.980122   3.980198 7.6778e-02    12.3577     4.5529 5.0671e-02          0     4.5529     0.0256     0.5084     0.0000     4.6018     0.0000     0.0049     0.0000     0.5080    34.7781    34.7788    26.4338    26.4344     0.0378      1.150      0.436 0.0000e+00
    505.478      12132    203.345 -106.12626   20.31082    202.000    11.9284    11.9290   3.979385   3.979538 7.4568e-02    12.3574     4.5532 5.0666e-02          0     4.5532     0.0248     0.5082     0.0000     4.6031     0.0000     0.0049     0.0000     0.5079    34.7780    34.7790    26.4353    26.4360     0.0371      1.129      0.428 0.0000e+00
    506.702      12162    204.352 -106.12626   20.31082    203.000    11.9165    11.9164   3.978191   3.978261 7.7199e-02    12.3563     4.5545 5.0671e-02          0     4.5545     0.0257     0.5082     0.0000     4.5904     0.0000     0.0049     0.0000     0.5079    34.7770    34.7778    26.4368    26.4375     0.0384      1.168      0.442 0.0000e+00
    507.893      12190    205.360 -106.12626   20.31082    204.000    11.8914    11.8916   3.975695   3.975818 7.5605e-02    12.3544     4.5565 5.0671e-02          0     4.5565     0.0252     0.5083     0.0000     4.6076     0.0000     0.0049     0.0000     0.5080    34.7757    34.7767    26.4406    26.4413     0.0374      1.138      0.431 0.0000e+00
    508.920      12215    206.367 -106.12626   20.31082    205.000    11.8530    11.8549   3.971844   3.972114 7.5316e-02    12.3576     4.5529 5.0671e-02          0     4.5529     0.0251     0.5082     0.0000     4.6073     0.0000     0.0049     0.0000     0.5079    34.7734    34.7744    26.4461    26.4465     0.0370      1.126      0.426 0.0000e+00
    509.823      12237    207.374 -106.12626   20.31082    206.000    11.8425    11.8424   3.970862   3.970949 7.7109e-02    12.3561     4.5547 5.0671e-02          0     4.5547     0.0257     0.5082     0.0000     4.6073     0.0000     0.0049     0.0000     0.5079    34.7732    34.7742    26.4480    26.4488     0.0384      1.170      0.442 0.0000e+00
    510.679      12257    208.381 -106.12626   20.31082    207.000    11.8385    11.8386   3.970513   3.970611 7.7469e-02    12.3574     4.5531 5.0671e-02          0     4.5531     0.0258     0.5084     0.0000     4.6078     0.0000     0.0049     0.0000     0.5081    34.7731    34.7740    26.4486    26.4493     0.0394      1.199      0.453 0.0000e+00
    511.516      12277    209.388 -106.12626   20.31082    208.000    11.8273    11.8277   3.969404   3.969532 7.6926e-02    12.3607     4.5493 5.0671e-02          0     4.5493     0.0256     0.5085     0.0000     4.6078     0.0000     0.0049     0.0000     0.5081    34.7723    34.7732    26.4501    26.4508     0.0385      1.172      0.443 0.0000e+00
    512.365      12298    210.395 -106.12626   20.31082    209.000    11.8143    11.8144   3.968148   3.968238 7.5810e-02    12.3586     4.5517 5.0671e-02          0     4.5517     0.0252     0.5083     0.0000     4.6077     0.0000     0.0049     0.0000     0.5080    34.7717    34.7726    26.4522    26.4528     0.0364      1.109      0.419 0.0000e+00
    513.260      12319    211.403 -106.12626   20.31082    210.000    11.7918    11.7916   3.965890   3.965966 7.6156e-02    12.3601     4.5501 5.0671e-02          0     4.5501     0.0254     0.5082     0.0000     4.6080     0.0000     0.0049     0.0000     0.5079    34.7702    34.7711    26.4553    26.4560     0.0380      1.158      0.437 0.0000e+00
    514.306      12344    212.410 -106.12626   20.31082    211.000    11.7805    11.7808   3.964812   3.964949 7.6639e-02    12.3557     4.5551 5.0671e-02          0     4.5551     0.0255     0.5082     0.0000     4.6078     0.0000     0.0049     0.0000     0.5079    34.7698    34.7708    26.4571    26.4579     0.0376      1.145      0.432 0.0000e+00
    515.676      12377    213.417 -106.12626   20.31082    212.000    11.7654    11.7654   3.963312   3.963437 7.4888e-02    12.3557     4.5551 5.0671e-02          0     4.5551     0.0249     0.5081     0.0000     4.6079     0.0000     0.0049     0.0000     0.5078    34.7688    34.7700    26.4592    26.4602     0.0373      1.135      0.428 0.0000e+00
    517.291      12416    214.424 -106.12626   20.31082    213.000    11.7497    11.7500   3.961788   3.961926 7.6690e-02    12.3543     4.5567 5.0671e-02          0     4.5567     0.0255     0.5082     0.0000     4.6081     0.0000     0.0049     0.0000     0.5078    34.7681    34.7692    26.4616    26.4624     0.0373      1.134      0.428 0.0000e+00
    518.598      12447    215.432 -106.12626   20.31082    214.000    11.7379    11.7381   3.960659   3.960798 7.6370e-02    12.3544     4.5566 5.0671e-02          0     4.5566     0.0254     0.5083     0.0000     4.6085     0.0000     0.0049     0.0000     0.5080    34.7676    34.7688    26.4634    26.4643     0.0394      1.199      0.452 0.0000e+00
    519.573      12471    216.439 -106.12626   20.31082    215.000    11.7351    11.7354   3.960422   3.960549 7.5861e-02    12.3549     4.5560 5.0671e-02          0     4.5560     0.0253     0.5083     0.0000     4.5950     0.0000     0.0049     0.0000     0.5079    34.7674    34.7684    26.4639    26.4646     0.0369      1.123      0.423 0.0000e+00
    520.367      12490    217.446 -106.12626   20.31082    216.000    11.7206    11.7208   3.958988   3.959117 7.5699e-02    12.3539     4.5572 5.0671e-02          0     4.5572     0.0252     0.5081     0.0000     4.5915     0.0000     0.0049     0.0000     0.5078    34.7666    34.7676    26.4660    26.4667     0.0375      1.142      0.431 0.0000e+00
    521.078      12507    218.453 -106.12626   20.31082    217.000    11.7132    11.7135   3.958306   3.958456 7.5631e-02    12.3537     4.5574 5.0671e-02          0     4.5574     0.0252     0.5083     0.0000     4.5845     0.0000     0.0049     0.0000     0.5080    34.7664    34.7675    26.4672    26.4681     0.0384      1.170      0.441 0.0000e+00
    521.749      12523    219.460 -106.12626   20.31082    218.000    11.7084    11.7088   3.957877   3.958020 7.5774e-02    12.3546     4.5563 5.0671e-02          0     4.5563     0.0252     0.5082     0.0000     4.5329     0.0000     0.0049     0.0000     0.5079    34.7661    34.7672    26.4680    26.4687     0.0370      1.125      0.424 0.0000e+00
    522.427      12539    220.468 -106.12626   20.31082    219.000    11.6954    11.6956   3.956558   3.956679 7.5553e-02    12.3536     4.5575 5.0671e-02          0     4.5575     0.0252     0.5081     0.0000     4.5719     0.0000     0.0049     0.0000     0.5078    34.7649    34.7660    26.4695    26.4703     0.0367      1.118      0.421 0.0000e+00
    523.159      12557    221.475 -106.12626   20.31082    220.000    11.6843    11.6848   3.955521   3.955674 7.5498e-02    12.3533     4.5577 5.0671e-02          0     4.5577     0.0251     0.5080     0.0000     4.5863     0.0000     0.0049     0.0000     0.5077    34.7647    34.7658    26.4714    26.4722     0.0369      1.122      0.423 0.0000e+00
    523.990      12577    222.482 -106.12626   20.31082    221.000    11.6799    11.6804   3.955107   3.955252 7.5354e-02    12.3536     4.5574 5.0671e-02          0     4.5574     0.0251     0.5080     0.0000     4.5935     0.0000     0.0049     0.0000     0.5077    34.7643    34.7653    26.4720    26.4727     0.0369      1.124      0.423 0.0000e+00
    524.980      12601    223.489 -106.12626   20.31082    222.000    11.6730    11.6733   3.954443   3.954581 7.6078e-02    12.3542     4.5568 5.0671e-02          0     4.5568     0.0253     0.5080     0.0000     4.5940     0.0000     0.0049     0.0000     0.5077    34.7639    34.7649    26.4729    26.4737     0.0367      1.118      0.421 0.0000e+00
    526.286      12632    224.497 -106.12626   20.31082    223.000    11.6683    11.6688   3.954013   3.954176 7.4849e-02    12.3540     4.5570 5.0671e-02          0     4.5570     0.0249     0.5079     0.0000     4.5946     0.0000     0.0049     0.0000     0.5076    34.7636    34.7648    26.4736    26.4745     0.0371      1.131      0.426 0.0000e+00
    527.998      12673    225.504 -106.12626   20.31082    224.000    11.6633    11.6640   3.953551   3.953730 7.4673e-02    12.3532     4.5579 5.0671e-02          0     4.5579     0.0249     0.5080     0.0000     4.5949     0.0000     0.0049     0.0000     0.5077    34.7633    34.7645    26.4744    26.4751     0.0371      1.129      0.425 0.0000e+00
    529.586      12711    226.511 -106.12626   20.31082    225.000    11.6497    11.6496   3.952224   3.952345 7.6258e-02    12.3539     4.5571 5.0671e-02          0     4.5571     0.0254     0.5080     0.0000     4.5944     0.0000     0.0049     0.0000     0.5077    34.7626    34.7638    26.4764    26.4773     0.0372      1.131      0.426 0.0000e+00
    530.757      12739    227.518 -106.12626   20.31082    226.000    11.6443    11.6447   3.951726   3.951879 7.5579e-02    12.3538     4.5572 5.0671e-02          0     4.5572     0.0252     0.5081     0.0000     4.5930     0.0000     0.0049     0.0000     0.5077    34.7623    34.7634    26.4772    26.4780     0.0374      1.138      0.428 0.0000e+00
