data/ctd-cnv/RR1804/RR1803-St33-P1/Station33_cast67real.cnv
* Sea-Bird SBE 9 Data File:
* FileName = C:\CTD\RR1805\Station33_cast67real.hex
* Software Version Seasave V 7.26.6.26
* Temperature SN = 4307
* Conductivity SN = 4650
* Number of Bytes Per Scan = 44
* Number of Voltage Words = 5
* Number of Scans Averaged by the Deck Unit = 1
* NMEA Latitude = 20 24.64 N
* NMEA Longitude = 106 08.07 W
* NMEA UTC (Time) = Apr 26 2018 00:07:04
** Ship: Revell
** Station: P1 cast 67
** Operator: Clara
# nquan = 32
# nvalues = 152                         
# units = specified
# name 0 = timeS: Time, Elapsed [seconds]
# name 1 = scan: Scan Count
# name 2 = prDM: Pressure, Digiquartz [db]
# name 3 = longitude: Longitude [deg]
# name 4 = latitude: Latitude [deg]
# name 5 = depSM: Depth [salt water, m]
# name 6 = t090C: Temperature [ITS-90, deg C]
# name 7 = t190C: Temperature, 2 [ITS-90, deg C]
# name 8 = c0S/m: Conductivity [S/m]
# name 9 = c1S/m: Conductivity, 2 [S/m]
# name 10 = flSP: Fluorescence, Seapoint
# name 11 = CStarAt0: Beam Attenuation, WET Labs C-Star [1/m]
# name 12 = CStarTr0: Beam Transmission, WET Labs C-Star [%]
# name 13 = par: PAR/Irradiance, Biospherical/Licor
# name 14 = modError: Modulo Error Count
# name 15 = v0: Voltage 0
# name 16 = v1: Voltage 1
# name 17 = v2: Voltage 2
# name 18 = v3: Voltage 3
# name 19 = v4: Voltage 4
# name 20 = v5: Voltage 5
# name 21 = v6: Voltage 6
# name 22 = v7: Voltage 7
# name 23 = sbeox0V: Oxygen raw, SBE 43 [V]
# name 24 = sal00: Salinity, Practical [PSU]
# name 25 = sal11: Salinity, Practical, 2 [PSU]
# name 26 = sigma-é00: Density [sigma-theta, kg/m^3]
# name 27 = sigma-é11: Density, 2 [sigma-theta, kg/m^3]
# name 28 = sbeox0Mg/L: Oxygen, SBE 43 [mg/l], WS = 2
# name 29 = sbox0Mm/Kg: Oxygen, SBE 43 [umol/kg], WS = 2
# name 30 = sbeox0PS: Oxygen, SBE 43 [% saturation], WS = 2
# name 31 = flag: flag
# span 0 =     50.467,    529.491       
# span 1 =       1212,      12709       
# span 2 =      1.006,    152.994       
# span 3 = -106.13466, -106.13461       
# span 4 =   20.41080,   20.41084       
# span 5 =      1.000,    152.000       
# span 6 =    12.7475,    26.3310       
# span 7 =    12.7492,    26.3293       
# span 8 =   4.059479,   5.405259       
# span 9 =   4.059837,   5.634083       
# span 10 = 7.8764e-02, 2.0562e+00      
# span 11 =    12.3605,    14.7910      
# span 12 =     4.1686,     4.5497      
# span 13 = 5.0670e-02, 1.0737e+02      
# span 14 =          0,          0      
# span 15 =     4.1686,     4.5497      
# span 16 =     0.0263,     0.6854      
# span 17 =     0.5069,     2.7945      
# span 18 =     0.0000,     0.0000      
# span 19 =     1.8239,     4.6435      
# span 20 =     0.0000,     0.0000      
# span 21 =     0.0049,     3.1668      
# span 22 =     0.0000,     0.0000      
# span 23 =     0.5066,     2.7945      
# span 24 =    34.5022,    34.8293      
# span 25 =    34.5186,    36.3703      
# span 26 =    22.6695,    26.3035      
# span 27 =    22.7799,    26.3046      
# span 28 =     0.0317,     6.6653      
# span 29 =      0.966,    203.635      
# span 30 =      0.372,    100.300      
# span 31 = 0.0000e+00, 0.0000e+00      
# interval = meters: 1                  
# start_time = Apr 26 2018 00:07:00 [System UTC, first data scan.]
# bad_flag = -9.990e-29
*END*
[from data line 46]
    296.331       7113     47.295 -106.13464   20.41082     47.000    16.4818    16.4821   4.402840   4.402731 3.3530e-01    12.3682     4.5408 6.1439e-01          0     4.5408     0.1118     0.5421     0.0000     4.5827     0.0000     1.0854     0.0000     0.5418    34.6692    34.6680    25.3838    25.3829     0.1485      4.527      1.876 0.0000e+00
    298.108       7156     48.302 -106.13464   20.41082     48.000    16.4653    16.4655   4.401548   4.401417 3.2754e-01    12.3705     4.5383 5.8068e-01          0     4.5383     0.1092     0.5410     0.0000     4.5844     0.0000     1.0609     0.0000     0.5407    34.6718    34.6705    25.3897    25.3887     0.1448      4.412      1.828 0.0000e+00
    300.087       7203     49.308 -106.13464   20.41082     49.000    16.4493    16.4501   4.400250   4.400179 3.6769e-01    12.3688     4.5402 5.4791e-01          0     4.5402     0.1226     0.5395     0.0000     4.5862     0.0000     1.0356     0.0000     0.5392    34.6738    34.6725    25.3950    25.3938     0.1390      4.237      1.755 0.0000e+00
    302.802       7268     50.315 -106.13464   20.41082     50.000    16.4240    16.4252   4.398174   4.398147 3.7093e-01    12.3746     4.5337 5.1443e-01          0     4.5337     0.1236     0.5377     0.0000     4.5884     0.0000     1.0083     0.0000     0.5374    34.6771    34.6758    25.4034    25.4022     0.1325      4.039      1.672 0.0000e+00
    304.828       7317     51.321 -106.13464   20.41082     51.000    16.3946    16.3944   4.395740   4.395606 3.2864e-01    12.3695     4.5394 4.7129e-01          0     4.5394     0.1095     0.5354     0.0000     4.5902     0.0000     0.9702     0.0000     0.5351    34.6808    34.6798    25.4132    25.4125     0.1207      3.679      1.522 0.0000e+00
    306.356       7354     52.328 -106.13464   20.41080     52.000    16.3436    16.3428   4.391351   4.391228 4.3139e-01    12.3728     4.5357 4.2280e-01          0     4.5357     0.1438     0.5325     0.0000     4.5913     0.0000     0.9230     0.0000     0.5321    34.6860    34.6856    25.4290    25.4289     0.1083      3.299      1.364 0.0000e+00
    309.043       7418     53.334 -106.13464   20.41080     53.000    16.2702    16.2606   4.384854   4.383870 3.5433e-01    12.3721     4.5365 3.8008e-01          0     4.5365     0.1181     0.5295     0.0000     4.5933     0.0000     0.8769     0.0000     0.5292    34.6920    34.6917    25.4506    25.4526     0.1037      3.159      1.304 0.0000e+00
    312.177       7493     54.340 -106.13464   20.41082     54.000    15.9846    15.9845   4.358952   4.359042 2.7014e-01    12.3631     4.5467 3.6337e-01          0     4.5467     0.0900     0.5249     0.0000     4.5963     0.0000     0.8575     0.0000     0.5246    34.7112    34.7121    25.5309    25.5316     0.0776      2.366      0.971 0.0000e+00
    313.712       7530     55.347 -106.13464   20.41082     55.000    15.8081    15.8054   4.343249   4.343058 1.7665e-01    12.3609     4.5492 3.4139e-01          0     4.5492     0.0589     0.5202     0.0000     4.5977     0.0000     0.8304     0.0000     0.5199    34.7254    34.7261    25.5820    25.5831     0.0640      1.949      0.798 0.0000e+00
    315.202       7566     56.353 -106.13464   20.41082     56.000    15.7089    15.7079   4.334300   4.334194 1.4920e-01    12.3642     4.5454 3.2100e-01          0     4.5454     0.0497     0.5176     0.0000     4.5985     0.0000     0.8036     0.0000     0.5172    34.7321    34.7321    25.6096    25.6098     0.0580      1.768      0.722 0.0000e+00
    316.706       7602     57.360 -106.13464   20.41082     57.000    15.5936    15.5892   4.323556   4.323240 2.4037e-01    12.3723     4.5362 2.9797e-01          0     4.5362     0.0801     0.5151     0.0000     4.5997     0.0000     0.7713     0.0000     0.5148    34.7369    34.7379    25.6392    25.6410     0.0520      1.584      0.646 0.0000e+00
    318.899       7655     58.366 -106.13464   20.41082     58.000    15.5224    15.5157   4.317448   4.316785 3.9343e-01    12.3760     4.5320 2.7342e-01          0     4.5320     0.1311     0.5135     0.0000     4.6010     0.0000     0.7339     0.0000     0.5131    34.7443    34.7443    25.6610    25.6624     0.0501      1.526      0.621 0.0000e+00
    322.226       7734     59.373 -106.13464   20.41082     59.000    15.5008    15.5013   4.315605   4.315538 7.2577e-01    12.3786     4.5291 2.4542e-01          0     4.5291     0.2419     0.5126     0.0000     4.6030     0.0000     0.6873     0.0000     0.5123    34.7464    34.7453    25.6675    25.6665     0.0494      1.504      0.612 0.0000e+00
    324.394       7786     60.379 -106.13464   20.41082     60.000    15.4978    15.4982   4.315464   4.315396 5.7459e-01    12.3778     4.5300 2.2700e-01          0     4.5300     0.1915     0.5123     0.0000     4.6048     0.0000     0.6535     0.0000     0.5120    34.7474    34.7465    25.6689    25.6681     0.0478      1.457      0.593 0.0000e+00
    326.511       7837     61.385 -106.13464   20.41082     61.000    15.4939    15.4946   4.315167   4.315162 5.7417e-01    12.3777     4.5301 2.1597e-01          0     4.5301     0.1914     0.5120     0.0000     4.6057     0.0000     0.6319     0.0000     0.5117    34.7478    34.7471    25.6701    25.6694     0.0472      1.437      0.585 0.0000e+00
    328.201       7878     62.392 -106.13464   20.41082     62.000    15.4837    15.4836   4.314279   4.314188 5.3470e-01    12.3813     4.5260 2.0070e-01          0     4.5260     0.1782     0.5116     0.0000     4.6060     0.0000     0.6000     0.0000     0.5113    34.7484    34.7477    25.6729    25.6724     0.0458      1.395      0.567 0.0000e+00
    329.508       7909     63.398 -106.13464   20.41082     63.000    15.4701    15.4694   4.312990   4.312874 6.5514e-01    12.3856     4.5212 1.8443e-01          0     4.5212     0.2184     0.5117     0.0000     4.6068     0.0000     0.5633     0.0000     0.5114    34.7484    34.7480    25.6760    25.6759     0.0466      1.420      0.578 0.0000e+00
    331.553       7958     64.405 -106.13464   20.41082     64.000    15.4319    15.4347   4.309425   4.309653 8.2654e-01    12.3909     4.5151 1.6896e-01          0     4.5151     0.2755     0.5116     0.0000     4.6077     0.0000     0.5253     0.0000     0.5113    34.7496    34.7492    25.6855    25.6846     0.0465      1.417      0.576 0.0000e+00
    334.303       8024     65.411 -106.13464   20.41082     65.000    15.3469    15.3489   4.301257   4.301437 1.0879e+00    12.4101     4.4936 1.5483e-01          0     4.4936     0.3626     0.5117     0.0000     4.6089     0.0000     0.4875     0.0000     0.5114    34.7506    34.7505    25.7053    25.7047     0.0463      1.411      0.572 0.0000e+00
    337.017       8089     66.418 -106.13464   20.41082     66.000    15.2803    15.2812   4.295153   4.295157 1.3420e+00    12.4135     4.4897 1.3985e-01          0     4.4897     0.4473     0.5114     0.0000     4.6100     0.0000     0.4434     0.0000     0.5111    34.7540    34.7533    25.7227    25.7219     0.0456      1.389      0.563 0.0000e+00
    339.691       8154     67.424 -106.13464   20.41082     67.000    15.2329    15.2317   4.290724   4.290615 1.1413e+00    12.4123     4.4911 1.2693e-01          0     4.4911     0.3804     0.5113     0.0000     4.6112     0.0000     0.4016     0.0000     0.5110    34.7556    34.7556    25.7344    25.7347     0.0454      1.383      0.560 0.0000e+00
    341.224       8190     68.431 -106.13464   20.41082     68.000    15.1448    15.1385   4.282373   4.281891 1.0929e+00    12.4156     4.4874 1.1498e-01          0     4.4874     0.3643     0.5114     0.0000     4.6116     0.0000     0.3585     0.0000     0.5111    34.7577    34.7589    25.7555    25.7578     0.0454      1.384      0.559 0.0000e+00
    342.910       8231     69.437 -106.13464   20.41082     69.000    15.0666    15.0648   4.275440   4.275234 1.1529e+00    12.4147     4.4884 1.0802e-01          0     4.4884     0.3843     0.5109     0.0000     4.6125     0.0000     0.3317     0.0000     0.5105    34.7638    34.7634    25.7775    25.7776     0.0423      1.288      0.520 0.0000e+00
    344.597       8271     70.444 -106.13464   20.41082     70.000    15.0636    15.0664   4.275254   4.275439 1.0765e+00    12.4150     4.4881 9.6332e-02          0     4.4881     0.3588     0.5107     0.0000     4.6131     0.0000     0.2821     0.0000     0.5103    34.7643    34.7635    25.7786    25.7774     0.0431      1.312      0.529 0.0000e+00
    346.461       8316     71.450 -106.13464   20.41082     71.000    15.0197    15.0190   4.271169   4.271162 1.4890e+00    12.4109     4.4927 8.6527e-02          0     4.4927     0.4963     0.5106     0.0000     4.6143     0.0000     0.2350     0.0000     0.5102    34.7658    34.7663    25.7894    25.7900     0.0424      1.291      0.520 0.0000e+00
    349.894       8398     72.457 -106.13464   20.41082     72.000    14.9321    14.9350   4.262978   4.263288 1.5499e+00    12.4080     4.4959 7.7316e-02          0     4.4959     0.5166     0.5104     0.0000     4.6154     0.0000     0.1873     0.0000     0.5101    34.7688    34.7690    25.8109    25.8104     0.0425      1.294      0.521 0.0000e+00
    352.579       8463     73.464 -106.13464   20.41082     73.000    14.8598    14.8605   4.256397   4.256438 1.2083e+00    12.4109     4.4927 7.0856e-02          0     4.4927     0.4028     0.5103     0.0000     4.6166     0.0000     0.1492     0.0000     0.5100    34.7728    34.7726    25.8298    25.8295     0.0419      1.277      0.513 0.0000e+00
    354.142       8500     74.470 -106.13464   20.41082     74.000    14.8532    14.8538   4.255865   4.255895 1.0777e+00    12.4120     4.4914 6.4319e-02          0     4.4914     0.3592     0.5101     0.0000     4.6170     0.0000     0.1075     0.0000     0.5098    34.7734    34.7731    25.8318    25.8314     0.0408      1.242      0.499 0.0000e+00
    355.612       8536     75.477 -106.13464   20.41082     75.000    14.8455    14.8458   4.255214   4.255216 1.0515e+00    12.4097     4.4940 5.9581e-02          0     4.4940     0.3505     0.5100     0.0000     4.6177     0.0000     0.0745     0.0000     0.5097    34.7739    34.7737    25.8339    25.8337     0.0406      1.238      0.497 0.0000e+00
    357.354       8577     76.483 -106.13464   20.41083     76.000    14.8308    14.8308   4.253862   4.253880 1.1429e+00    12.4109     4.4926 5.6312e-02          0     4.4926     0.3810     0.5099     0.0000     4.6184     0.0000     0.0501     0.0000     0.5095    34.7744    34.7745    25.8374    25.8375     0.0401      1.221      0.490 0.0000e+00
    359.551       8630     77.490 -106.13464   20.41082     77.000    14.8057    14.8065   4.251590   4.251658 1.2646e+00    12.4103     4.4934 5.1266e-02          0     4.4934     0.4215     0.5096     0.0000     4.6191     0.0000     0.0098     0.0000     0.5093    34.7756    34.7754    25.8439    25.8436     0.0392      1.195      0.480 0.0000e+00
    362.813       8709     78.496 -106.13464   20.41082     78.000    14.7899    14.7912   4.250173   4.250292 1.3351e+00    12.4116     4.4918 5.0678e-02          0     4.4918     0.4450     0.5094     0.0000     4.6199     0.0000     0.0050     0.0000     0.5091    34.7762    34.7762    25.8478    25.8475     0.0386      1.175      0.472 0.0000e+00
    365.237       8767     79.503 -106.13464   20.41083     79.000    14.7583    14.7589   4.247318   4.247386 1.1657e+00    12.4073     4.4967 5.0670e-02          0     4.4967     0.3886     0.5093     0.0000     4.6212     0.0000     0.0049     0.0000     0.5090    34.7780    34.7781    25.8561    25.8560     0.0386      1.175      0.471 0.0000e+00
    366.812       8804     80.509 -106.13464   20.41084     80.000    14.7458    14.7460   4.246196   4.246257 1.0061e+00    12.4075     4.4965 5.0671e-02          0     4.4965     0.3354     0.5092     0.0000     4.6215     0.0000     0.0049     0.0000     0.5088    34.7785    34.7788    25.8592    25.8595     0.0378      1.152      0.462 0.0000e+00
    368.191       8838     81.516 -106.13464   20.41084     81.000    14.7218    14.7214   4.243955   4.243960 9.7883e-01    12.4088     4.4950 5.0671e-02          0     4.4950     0.3263     0.5092     0.0000     4.6216     0.0000     0.0049     0.0000     0.5088    34.7790    34.7794    25.8648    25.8652     0.0384      1.169      0.468 0.0000e+00
    369.873       8878     82.523 -106.13464   20.41084     82.000    14.6757    14.6761   4.239635   4.239750 1.1313e+00    12.4076     4.4964 5.0671e-02          0     4.4964     0.3771     0.5092     0.0000     4.6224     0.0000     0.0049     0.0000     0.5088    34.7802    34.7809    25.8758    25.8762     0.0382      1.163      0.466 0.0000e+00
    373.697       8970     83.529 -106.13464   20.41084     83.000    14.6297    14.6216   4.235286   4.234612 1.2372e+00    12.4055     4.4987 5.0671e-02          0     4.4987     0.4124     0.5092     0.0000     4.6231     0.0000     0.0049     0.0000     0.5088    34.7811    34.7822    25.8865    25.8890     0.0382      1.162      0.465 0.0000e+00
    375.851       9021     84.536 -106.13464   20.41084     84.000    14.4706    14.4690   4.220452   4.220439 9.7834e-01    12.4025     4.5021 5.0671e-02          0     4.5021     0.3261     0.5092     0.0000     4.6240     0.0000     0.0049     0.0000     0.5088    34.7869    34.7883    25.9251    25.9265     0.0386      1.175      0.469 0.0000e+00
    377.301       9056     85.542 -106.13464   20.41084     85.000    14.4000    14.3991   4.213843   4.213870 9.4407e-01    12.4019     4.5028 5.0671e-02          0     4.5028     0.3147     0.5092     0.0000     4.6248     0.0000     0.0049     0.0000     0.5088    34.7890    34.7901    25.9419    25.9429     0.0382      1.164      0.464 0.0000e+00
    379.586       9111     86.549 -106.13464   20.41084     86.000    14.3434    14.3480   4.208480   4.209025 1.0414e+00    12.3940     4.5117 5.0671e-02          0     4.5117     0.3471     0.5091     0.0000     4.6257     0.0000     0.0049     0.0000     0.5087    34.7900    34.7909    25.9548    25.9545     0.0379      1.153      0.459 0.0000e+00
    382.180       9173     87.555 -106.13464   20.41084     87.000    14.2678    14.2683   4.201532   4.201620 8.9834e-01    12.3906     4.5155 5.0671e-02          0     4.5155     0.2994     0.5090     0.0000     4.6266     0.0000     0.0049     0.0000     0.5086    34.7934    34.7938    25.9735    25.9737     0.0379      1.154      0.458 0.0000e+00
    384.126       9220     88.562 -106.13464   20.41084     88.000    14.2513    14.2510   4.199973   4.200070 8.3335e-01    12.3891     4.5172 5.0671e-02          0     4.5172     0.2778     0.5090     0.0000     4.6275     0.0000     0.0049     0.0000     0.5086    34.7934    34.7946    25.9770    25.9781     0.0377      1.149      0.456 0.0000e+00
    386.107       9268     89.569 -106.13464   20.41084     89.000    14.1586    14.1581   4.191177   4.191289 7.7771e-01    12.3852     4.5216 5.0671e-02          0     4.5216     0.2592     0.5090     0.0000     4.6285     0.0000     0.0049     0.0000     0.5086    34.7950    34.7965    25.9980    25.9992     0.0380      1.156      0.458 0.0000e+00
    387.918       9311     90.575 -106.13464   20.41084     90.000    14.0815    14.0812   4.184025   4.184146 6.4520e-01    12.3814     4.5259 5.0671e-02          0     4.5259     0.2151     0.5089     0.0000     4.6291     0.0000     0.0049     0.0000     0.5085    34.7978    34.7992    26.0165    26.0176     0.0374      1.139      0.451 0.0000e+00
