data/ctd-cnv/RR1804/RR1803-St33-P1/Station33_cast59.cnv
* Sea-Bird SBE 9 Data File:
* FileName = C:\CTD\RR1805\Station33_cast59.hex
* Software Version Seasave V 7.26.6.26
* Temperature SN = 4307
* Conductivity SN = 4650
* Number of Bytes Per Scan = 44
* Number of Voltage Words = 5
* Number of Scans Averaged by the Deck Unit = 1
* NMEA Latitude = 20 09.06 N
* NMEA Longitude = 106 00.00 W
* NMEA UTC (Time) = Apr 21 2018 15:39:10
** Ship: Revell
** Station: On Deck
** Operator: GR
** Station P1 cast 59
# nquan = 32
# nvalues = 991                         
# units = specified
# name 0 = timeS: Time, Elapsed [seconds]
# name 1 = scan: Scan Count
# name 2 = prDM: Pressure, Digiquartz [db]
# name 3 = longitude: Longitude [deg]
# name 4 = latitude: Latitude [deg]
# name 5 = depSM: Depth [salt water, m]
# name 6 = t090C: Temperature [ITS-90, deg C]
# name 7 = t190C: Temperature, 2 [ITS-90, deg C]
# name 8 = c0S/m: Conductivity [S/m]
# name 9 = c1S/m: Conductivity, 2 [S/m]
# name 10 = flSP: Fluorescence, Seapoint
# name 11 = CStarAt0: Beam Attenuation, WET Labs C-Star [1/m]
# name 12 = CStarTr0: Beam Transmission, WET Labs C-Star [%]
# name 13 = par: PAR/Irradiance, Biospherical/Licor
# name 14 = modError: Modulo Error Count
# name 15 = v0: Voltage 0
# name 16 = v1: Voltage 1
# name 17 = v2: Voltage 2
# name 18 = v3: Voltage 3
# name 19 = v4: Voltage 4
# name 20 = v5: Voltage 5
# name 21 = v6: Voltage 6
# name 22 = v7: Voltage 7
# name 23 = sbeox0V: Oxygen raw, SBE 43 [V]
# name 24 = sal00: Salinity, Practical [PSU]
# name 25 = sal11: Salinity, Practical, 2 [PSU]
# name 26 = sigma-é00: Density [sigma-theta, kg/m^3]
# name 27 = sigma-é11: Density, 2 [sigma-theta, kg/m^3]
# name 28 = sbeox0Mg/L: Oxygen, SBE 43 [mg/l], WS = 2
# name 29 = sbox0Mm/Kg: Oxygen, SBE 43 [umol/kg], WS = 2
# name 30 = sbeox0PS: Oxygen, SBE 43 [% saturation], WS = 2
# name 31 = flag: flag
# span 0 =     82.373,   1237.254       
# span 1 =       1978,      29695       
# span 2 =     12.074,   1010.620       
# span 3 = -106.00014, -106.00010       
# span 4 =   20.15100,   20.15104       
# span 5 =     12.000,   1002.000       
# span 6 =     4.7869,    22.7094       
# span 7 =     4.7902,    22.7065       
# span 8 =   3.331168,   5.008522       
# span 9 =   3.331592,   5.008318       
# span 10 = 7.1428e-02, 5.8539e+00      
# span 11 =    12.3322,    12.8126      
# span 12 =     4.0635,     4.5819      
# span 13 = 5.0524e-02, 1.0365e+02      
# span 14 =          0,          0      
# span 15 =     4.0635,     4.5819      
# span 16 =     0.0238,     1.9513      
# span 17 =     0.5059,     2.5472      
# span 18 =     0.0000,     0.0000      
# span 19 =     1.7705,     4.6394      
# span 20 =     0.0000,     0.0000      
# span 21 =     0.0037,     3.3084      
# span 22 =     0.0000,     0.0000      
# span 23 =     0.5057,     2.5472      
# span 24 =    34.5095,    34.8166      
# span 25 =    34.5107,    34.8179      
# span 26 =    23.6573,    27.3411      
# span 27 =    23.6587,    27.3420      
# span 28 =     0.0331,     6.3181      
# span 29 =      1.005,    192.881      
# span 30 =      0.334,     89.445      
# span 31 = 0.0000e+00, 0.0000e+00      
# interval = meters: 1                  
# start_time = Apr 21 2018 15:39:15 [System UTC, first data scan.]
# bad_flag = -9.990e-29
*END*
[from data line 771]
    970.853      23301    789.319 -106.00010   20.15102    783.000     5.9220     5.9226   3.422193   3.422402 7.3104e-02    12.3346     4.5792 6.3456e-02          0     4.5792     0.0243     0.5068     0.0000     4.6271     0.0000     0.1017     0.0000     0.5066    34.5206    34.5223    27.1926    27.1938     0.0410      1.246      0.413 0.0000e+00
    971.862      23326    790.329 -106.00010   20.15102    784.000     5.9056     5.9059   3.420718   3.420903 7.3868e-02    12.3342     4.5796 6.1751e-02          0     4.5796     0.0246     0.5067     0.0000     4.6274     0.0000     0.0899     0.0000     0.5066    34.5202    34.5220    27.1943    27.1957     0.0408      1.240      0.411 0.0000e+00
    972.873      23350    791.339 -106.00010   20.15102    785.000     5.9012     5.9009   3.420388   3.420539 7.3115e-02    12.3357     4.5779 6.1153e-02          0     4.5779     0.0244     0.5068     0.0000     4.6273     0.0000     0.0857     0.0000     0.5066    34.5204    34.5224    27.1950    27.1966     0.0391      1.190      0.394 0.0000e+00
    973.782      23372    792.349 -106.00010   20.15102    786.000     5.9117     5.9122   3.421413   3.421651 7.2369e-02    12.3331     4.5809 6.0813e-02          0     4.5809     0.0241     0.5066     0.0000     4.6270     0.0000     0.0835     0.0000     0.5065    34.5208    34.5230    27.1940    27.1957     0.0399      1.214      0.402 0.0000e+00
    974.619      23392    793.359 -106.00010   20.15102    787.000     5.9213     5.9207   3.422320   3.422434 7.5002e-02    12.3334     4.5806 6.2649e-02          0     4.5806     0.0250     0.5067     0.0000     4.6271     0.0000     0.0963     0.0000     0.5065    34.5208    34.5227    27.1928    27.1944     0.0419      1.273      0.422 0.0000e+00
    975.477      23412    794.369 -106.00010   20.15102    788.000     5.9160     5.9147   3.421840   3.421857 7.3352e-02    12.3340     4.5799 6.1002e-02          0     4.5799     0.0244     0.5069     0.0000     4.6276     0.0000     0.0848     0.0000     0.5067    34.5203    34.5218    27.1931    27.1944     0.0425      1.292      0.428 0.0000e+00
    976.624      23440    795.379 -106.00010   20.15102    789.000     5.8940     5.8944   3.419914   3.420116 7.3066e-02    12.3348     4.5790 6.1093e-02          0     4.5790     0.0243     0.5069     0.0000     4.6276     0.0000     0.0855     0.0000     0.5068    34.5205    34.5223    27.1960    27.1974     0.0413      1.255      0.416 0.0000e+00
    978.369      23482    796.388 -106.00010   20.15102    790.000     5.8837     5.8836   3.419052   3.419197 7.3267e-02    12.3332     4.5808 6.2215e-02          0     4.5808     0.0244     0.5068     0.0000     4.6277     0.0000     0.0931     0.0000     0.5067    34.5207    34.5224    27.1975    27.1988     0.0425      1.293      0.428 0.0000e+00
    979.857      23518    797.399 -106.00010   20.15102    791.000     5.8724     5.8727   3.418067   3.418251 7.5106e-02    12.3342     4.5795 6.3283e-02          0     4.5795     0.0250     0.5071     0.0000     4.6278     0.0000     0.1004     0.0000     0.5070    34.5206    34.5224    27.1988    27.2002     0.0437      1.328      0.439 0.0000e+00
    980.885      23542    798.409 -106.00010   20.15102    792.000     5.8691     5.8694   3.417811   3.418016 7.4751e-02    12.3369     4.5765 6.1794e-02          0     4.5765     0.0249     0.5071     0.0000     4.6278     0.0000     0.0901     0.0000     0.5070    34.5205    34.5226    27.1992    27.2008     0.0429      1.306      0.432 0.0000e+00
    981.746      23563    799.419 -106.00010   20.15102    793.000     5.8686     5.8690   3.417825   3.418032 7.3231e-02    12.3342     4.5797 6.1588e-02          0     4.5797     0.0244     0.5072     0.0000     4.6272     0.0000     0.0890     0.0000     0.5070    34.5208    34.5227    27.1994    27.2009     0.0407      1.237      0.409 0.0000e+00
    982.515      23581    800.429 -106.00010   20.15102    794.000     5.8671     5.8677   3.417727   3.417948 7.2821e-02    12.3325     4.5815 6.1573e-02          0     4.5815     0.0243     0.5070     0.0000     4.6269     0.0000     0.0888     0.0000     0.5068    34.5207    34.5226    27.1996    27.2010     0.0414      1.260      0.417 0.0000e+00
    983.250      23599    801.439 -106.00010   20.15102    795.000     5.8639     5.8641   3.417491   3.417667 7.5365e-02    12.3355     4.5781 6.0573e-02          0     4.5781     0.0251     0.5072     0.0000     4.6274     0.0000     0.0816     0.0000     0.5070    34.5208    34.5225    27.2001    27.2014     0.0450      1.369      0.453 0.0000e+00
    984.005      23617    802.449 -106.00010   20.15102    796.000     5.8614     5.8617   3.417309   3.417498 7.3300e-02    12.3332     4.5807 6.0925e-02          0     4.5807     0.0244     0.5072     0.0000     4.6279     0.0000     0.0843     0.0000     0.5070    34.5208    34.5226    27.2004    27.2018     0.0448      1.361      0.450 0.0000e+00
    984.841      23637    803.459 -106.00010   20.15102    797.000     5.8609     5.8612   3.417312   3.417498 7.3260e-02    12.3335     4.5805 6.1017e-02          0     4.5805     0.0244     0.5073     0.0000     4.6285     0.0000     0.0848     0.0000     0.5072    34.5208    34.5226    27.2005    27.2018     0.0451      1.371      0.454 0.0000e+00
    985.773      23660    804.469 -106.00010   20.15102    798.000     5.8606     5.8610   3.417332   3.417510 7.2636e-02    12.3333     4.5807 6.0521e-02          0     4.5807     0.0242     0.5073     0.0000     4.6286     0.0000     0.0811     0.0000     0.5072    34.5209    34.5225    27.2005    27.2018     0.0415      1.262      0.418 0.0000e+00
    986.778      23684    805.479 -106.00010   20.15102    799.000     5.8590     5.8592   3.417223   3.417405 7.2818e-02    12.3329     4.5811 6.0821e-02          0     4.5811     0.0243     0.5073     0.0000     4.6286     0.0000     0.0832     0.0000     0.5071    34.5208    34.5226    27.2007    27.2021     0.0442      1.343      0.444 0.0000e+00
    987.837      23709    806.489 -106.00010   20.15102    800.000     5.8578     5.8581   3.417160   3.417359 7.2560e-02    12.3327     4.5814 6.1743e-02          0     4.5814     0.0242     0.5071     0.0000     4.6288     0.0000     0.0899     0.0000     0.5069    34.5208    34.5227    27.2009    27.2024     0.0404      1.231      0.407 0.0000e+00
    988.949      23736    807.499 -106.00010   20.15102    801.000     5.8563     5.8566   3.417075   3.417260 7.2556e-02    12.3346     4.5792 6.0557e-02          0     4.5792     0.0242     0.5072     0.0000     4.6288     0.0000     0.0816     0.0000     0.5071    34.5208    34.5227    27.2011    27.2025     0.0424      1.289      0.426 0.0000e+00
    989.987      23761    808.509 -106.00010   20.15102    802.000     5.8546     5.8550   3.416968   3.417165 7.3112e-02    12.3331     4.5809 6.2204e-02          0     4.5809     0.0244     0.5071     0.0000     4.6278     0.0000     0.0932     0.0000     0.5070    34.5209    34.5227    27.2014    27.2028     0.0449      1.365      0.451 0.0000e+00
    990.930      23783    809.519 -106.00010   20.15102    803.000     5.8527     5.8531   3.416852   3.417041 7.3101e-02    12.3332     4.5808 6.1238e-02          0     4.5808     0.0243     0.5072     0.0000     4.5869     0.0000     0.0864     0.0000     0.5070    34.5210    34.5228    27.2017    27.2031     0.0439      1.335      0.441 0.0000e+00
    991.860      23806    810.529 -106.00010   20.15102    804.000     5.8501     5.8504   3.416643   3.416832 7.2571e-02    12.3328     4.5813 6.2828e-02          0     4.5813     0.0242     0.5077     0.0000     4.5271     0.0000     0.0974     0.0000     0.5075    34.5209    34.5226    27.2019    27.2033     0.0493      1.501      0.496 0.0000e+00
    992.907      23831    811.539 -106.00010   20.15102    805.000     5.8486     5.8489   3.416556   3.416747 7.3129e-02    12.3354     4.5783 6.0516e-02          0     4.5783     0.0244     0.5074     0.0000     4.5251     0.0000     0.0811     0.0000     0.5072    34.5208    34.5227    27.2021    27.2035     0.0410      1.246      0.412 0.0000e+00
    994.272      23864    812.549 -106.00010   20.15102    806.000     5.8463     5.8468   3.416392   3.416579 7.4624e-02    12.3336     4.5804 6.0775e-02          0     4.5804     0.0249     0.5073     0.0000     4.5251     0.0000     0.0831     0.0000     0.5072    34.5209    34.5225    27.2024    27.2036     0.0448      1.363      0.451 0.0000e+00
    995.816      23901    813.559 -106.00010   20.15102    807.000     5.8440     5.8442   3.416234   3.416403 7.3082e-02    12.3322     4.5819 5.9988e-02          0     4.5819     0.0243     0.5075     0.0000     4.5257     0.0000     0.0773     0.0000     0.5074    34.5210    34.5226    27.2028    27.2041     0.0449      1.366      0.452 0.0000e+00
    996.944      23928    814.570 -106.00010   20.15102    808.000     5.8405     5.8407   3.415966   3.416158 7.3100e-02    12.3327     4.5813 6.0452e-02          0     4.5813     0.0243     0.5075     0.0000     4.5251     0.0000     0.0808     0.0000     0.5073    34.5209    34.5229    27.2032    27.2047     0.0444      1.349      0.446 0.0000e+00
    997.799      23948    815.580 -106.00010   20.15102    809.000     5.8395     5.8399   3.415923   3.416120 7.3055e-02    12.3377     4.5756 5.8017e-02          0     4.5756     0.0243     0.5074     0.0000     4.5239     0.0000     0.0631     0.0000     0.5073    34.5210    34.5228    27.2034    27.2048     0.0421      1.280      0.423 0.0000e+00
    998.530      23966    816.590 -106.00010   20.15102    810.000     5.8382     5.8386   3.415858   3.416038 7.3268e-02    12.3394     4.5737 6.1842e-02          0     4.5737     0.0244     0.5074     0.0000     4.5798     0.0000     0.0906     0.0000     0.5073    34.5211    34.5227    27.2037    27.2049     0.0438      1.333      0.441 0.0000e+00
    999.208      23982    817.600 -106.00010   20.15102    811.000     5.8367     5.8368   3.415742   3.415907 7.3260e-02    12.3332     4.5808 6.1342e-02          0     4.5808     0.0244     0.5072     0.0000     4.5295     0.0000     0.0871     0.0000     0.5070    34.5208    34.5226    27.2036    27.2051     0.0470      1.429      0.473 0.0000e+00
    999.874      23998    818.610 -106.00010   20.15102    812.000     5.8280     5.8280   3.415006   3.415174 7.3260e-02    12.3336     4.5803 6.3507e-02          0     4.5803     0.0244     0.5077     0.0000     4.5235     0.0000     0.1021     0.0000     0.5076    34.5209    34.5228    27.2048    27.2063     0.0510      1.550      0.512 0.0000e+00
   1000.579      24015    819.620 -106.00010   20.15102    813.000     5.8210     5.8211   3.414432   3.414586 7.3260e-02    12.3337     4.5802 6.2257e-02          0     4.5802     0.0244     0.5078     0.0000     4.5251     0.0000     0.0936     0.0000     0.5077    34.5210    34.5227    27.2057    27.2071     0.0464      1.412      0.467 0.0000e+00
   1001.426      24035    820.630 -106.00010   20.15102    814.000     5.8162     5.8163   3.414023   3.414184 7.3107e-02    12.3328     4.5812 6.1106e-02          0     4.5812     0.0243     0.5077     0.0000     4.5252     0.0000     0.0855     0.0000     0.5076    34.5208    34.5225    27.2062    27.2075     0.0455      1.386      0.458 0.0000e+00
   1002.535      24062    821.640 -106.00010   20.15102    815.000     5.8114     5.8113   3.413633   3.413780 7.3256e-02    12.3323     4.5817 6.2639e-02          0     4.5817     0.0244     0.5077     0.0000     4.5250     0.0000     0.0959     0.0000     0.5076    34.5208    34.5225    27.2068    27.2081     0.0449      1.367      0.452 0.0000e+00
   1003.852      24093    822.650 -106.00010   20.15102    816.000     5.8060     5.8061   3.413202   3.413361 7.6313e-02    12.3346     4.5791 6.1892e-02          0     4.5791     0.0254     0.5077     0.0000     4.5254     0.0000     0.0910     0.0000     0.5076    34.5209    34.5226    27.2075    27.2089     0.0464      1.412      0.466 0.0000e+00
   1005.136      24124    823.661 -106.00010   20.15102    817.000     5.8011     5.8022   3.412785   3.413053 7.3335e-02    12.3345     4.5793 6.3171e-02          0     4.5793     0.0244     0.5077     0.0000     4.5256     0.0000     0.0996     0.0000     0.5075    34.5207    34.5226    27.2080    27.2094     0.0452      1.376      0.454 0.0000e+00
   1006.356      24154    824.671 -106.00010   20.15102    818.000     5.8024     5.8030   3.412938   3.413161 7.2626e-02    12.3329     4.5811 6.5962e-02          0     4.5811     0.0242     0.5078     0.0000     4.5511     0.0000     0.1184     0.0000     0.5077    34.5206    34.5225    27.2078    27.2092     0.0473      1.438      0.475 0.0000e+00
   1007.456      24180    825.681 -106.00010   20.15102    819.000     5.7934     5.7932   3.412172   3.412326 7.3395e-02    12.3330     4.5810 6.5187e-02          0     4.5810     0.0244     0.5078     0.0000     4.6095     0.0000     0.1133     0.0000     0.5077    34.5207    34.5226    27.2090    27.2105     0.0464      1.413      0.467 0.0000e+00
   1008.446      24204    826.691 -106.00010   20.15102    820.000     5.7871     5.7875   3.411654   3.411841 7.3262e-02    12.3324     4.5817 6.4765e-02          0     4.5817     0.0244     0.5078     0.0000     4.6163     0.0000     0.1107     0.0000     0.5077    34.5207    34.5224    27.2097    27.2111     0.0478      1.455      0.480 0.0000e+00
   1009.384      24226    827.701 -106.00010   20.15102    821.000     5.7798     5.7800   3.411040   3.411218 7.3084e-02    12.3354     4.5782 6.4842e-02          0     4.5782     0.0243     0.5079     0.0000     4.5543     0.0000     0.1112     0.0000     0.5078    34.5207    34.5225    27.2107    27.2120     0.0465      1.413      0.467 0.0000e+00
   1010.300      24248    828.711 -106.00010   20.15102    822.000     5.7749     5.7754   3.410639   3.410843 7.5350e-02    12.3335     4.5805 6.4238e-02          0     4.5805     0.0251     0.5078     0.0000     4.5555     0.0000     0.1070     0.0000     0.5077    34.5206    34.5225    27.2112    27.2127     0.0465      1.416      0.467 0.0000e+00
   1011.259      24271    829.722 -106.00010   20.15102    823.000     5.7669     5.7673   3.409957   3.410141 7.2919e-02    12.3341     4.5797 6.1813e-02          0     4.5797     0.0243     0.5078     0.0000     4.5360     0.0000     0.0905     0.0000     0.5077    34.5207    34.5223    27.2122    27.2135     0.0469      1.427      0.471 0.0000e+00
   1012.260      24295    830.732 -106.00010   20.15102    824.000     5.7602     5.7596   3.409390   3.409493 7.3559e-02    12.3335     4.5805 6.3774e-02          0     4.5805     0.0245     0.5079     0.0000     4.5283     0.0000     0.1038     0.0000     0.5078    34.5205    34.5223    27.2130    27.2144     0.0472      1.436      0.474 0.0000e+00
   1013.265      24319    831.742 -106.00010   20.15102    825.000     5.7520     5.7526   3.408704   3.408906 7.2958e-02    12.3331     4.5809 6.5750e-02          0     4.5809     0.0243     0.5079     0.0000     4.5260     0.0000     0.1171     0.0000     0.5078    34.5206    34.5223    27.2141    27.2153     0.0469      1.427      0.471 0.0000e+00
   1014.228      24342    832.752 -106.00010   20.15102    826.000     5.7415     5.7419   3.407791   3.407978 7.2927e-02    12.3331     4.5809 6.5034e-02          0     4.5809     0.0243     0.5079     0.0000     4.5259     0.0000     0.1124     0.0000     0.5078    34.5205    34.5222    27.2152    27.2165     0.0469      1.428      0.471 0.0000e+00
