data/ctd-cnv/RR1804/RR1803-St33-P1/Station33_cast65.cnv
* Sea-Bird SBE 9 Data File:
* FileName = C:\CTD\RR1805\Station33_cast65.hex
* Software Version Seasave V 7.26.6.26
* Temperature SN = 4307
* Conductivity SN = 4650
* Number of Bytes Per Scan = 44
* Number of Voltage Words = 5
* Number of Scans Averaged by the Deck Unit = 1
* NMEA Latitude = 20 18.47 N
* NMEA Longitude = 106 08.12 W
* NMEA UTC (Time) = Apr 24 2018 21:04:47
** Ship: Revell
** Station: On Deck
** Operator: NAK
** cast65
# nquan = 32
# nvalues = 302                         
# units = specified
# name 0 = timeS: Time, Elapsed [seconds]
# name 1 = scan: Scan Count
# name 2 = prDM: Pressure, Digiquartz [db]
# name 3 = longitude: Longitude [deg]
# name 4 = latitude: Latitude [deg]
# name 5 = depSMignore: Depth [salt water, m]
# name 6 = t090C: Temperature [ITS-90, deg C]
# name 7 = t190C: Temperature, 2 [ITS-90, deg C]
# name 8 = c0S/m: Conductivity [S/m]
# name 9 = c1S/m: Conductivity, 2 [S/m]
# name 10 = flSP: Fluorescence, Seapoint
# name 11 = CStarAt0: Beam Attenuation, WET Labs C-Star [1/m]
# name 12 = CStarTr0: Beam Transmission, WET Labs C-Star [%]
# name 13 = par: PAR/Irradiance, Biospherical/Licor
# name 14 = modError: Modulo Error Count
# name 15 = v0: Voltage 0
# name 16 = v1: Voltage 1
# name 17 = v2: Voltage 2
# name 18 = v3: Voltage 3
# name 19 = v4: Voltage 4
# name 20 = v5: Voltage 5
# name 21 = v6: Voltage 6
# name 22 = v7: Voltage 7
# name 23 = sbeox0V: Oxygen raw, SBE 43 [V]
# name 24 = sal00: Salinity, Practical [PSU]
# name 25 = sal11: Salinity, Practical, 2 [PSU]
# name 26 = sigma-é00: Density [sigma-theta, kg/m^3]
# name 27 = sigma-é11: Density, 2 [sigma-theta, kg/m^3]
# name 28 = sbeox0Mg/L: Oxygen, SBE 43 [mg/l], WS = 2
# name 29 = sbox0Mm/Kg: Oxygen, SBE 43 [umol/kg], WS = 2
# name 30 = sbeox0PS: Oxygen, SBE 43 [% saturation], WS = 2
# name 31 = flag: flag
# span 0 =     63.042,    691.028       
# span 1 =       1514,      16586       
# span 2 =      1.006,    304.086       
# span 3 = -106.13534, -106.13532       
# span 4 =   20.30794,   20.30799       
# span 5 =      1.000,    302.000       
# span 6 =    10.9665,    25.8844       
# span 7 =    10.9661,    25.8684       
# span 8 =   3.886548,   5.361043       
# span 9 =   3.886892,   5.724989       
# span 10 = 7.2764e-02, 2.7295e+00      
# span 11 =    12.3486,    12.7482      
# span 12 =     4.2536,     4.5633      
# span 13 = 5.0634e-02, 1.9768e+03      
# span 14 =          0,          0      
# span 15 =     4.2536,     4.5633      
# span 16 =     0.0242,     0.9098      
# span 17 =     0.5078,     2.9166      
# span 18 =     0.0000,     0.0000      
# span 19 =     1.5454,     5.6518      
# span 20 =     0.0000,     0.0000      
# span 21 =     0.0046,     4.5957      
# span 22 =     0.0000,     0.0000      
# span 23 =     0.5075,     2.9166      
# span 24 =    34.4564,    34.8191      
# span 25 =    34.4549,    37.5130      
# span 26 =    22.8551,    26.5712      
# span 27 =    22.8346,    26.5742      
# span 28 =     0.0358,     7.6753      
# span 29 =      1.088,    234.491      
# span 30 =      0.415,    114.771      
# span 31 = 0.0000e+00, 0.0000e+00      
# interval = meters: 1                  
# start_time = Apr 24 2018 21:04:49 [System UTC, first data scan.]
# bad_flag = -9.990e-29
*END*
[from data line 46]
    318.037       7634     47.295 -106.13532   20.30794     47.000    16.0560    16.0597   4.364676   4.365087 5.2628e-01    12.3861     4.5206 2.7973e+00          0     4.5206     0.1754     0.5224     0.0000     4.5787     0.0000     1.7435     0.0000     0.5220    34.7024    34.7029    25.5076    25.5071     0.0790      2.407      0.990 0.0000e+00
    320.210       7686     48.301 -106.13532   20.30794     48.000    15.9905    15.9895   4.358613   4.358442 6.0686e-01    12.3827     4.5245 2.7065e+00          0     4.5245     0.2023     0.5207     0.0000     4.5803     0.0000     1.7291     0.0000     0.5203    34.7054    34.7047    25.5249    25.5245     0.0749      2.281      0.937 0.0000e+00
    321.959       7728     49.308 -106.13532   20.30794     49.000    15.9214    15.9206   4.351500   4.351327 5.7720e-01    12.3791     4.5286 2.5242e+00          0     4.5286     0.1924     0.5204     0.0000     4.5816     0.0000     1.6988     0.0000     0.5201    34.7021    34.7012    25.5381    25.5376     0.0778      2.371      0.972 0.0000e+00
    323.664       7769     50.314 -106.13532   20.30794     50.000    15.8709    15.8690   4.346416   4.346198 5.3825e-01    12.3764     4.5315 2.3007e+00          0     4.5315     0.1794     0.5209     0.0000     4.5830     0.0000     1.6584     0.0000     0.5205    34.7006    34.7003    25.5485    25.5487     0.0793      2.417      0.990 0.0000e+00
    325.633       7816     51.321 -106.13534   20.30794     51.000    15.7884    15.7902   4.338618   4.338793 5.2699e-01    12.3773     4.5306 2.1111e+00          0     4.5306     0.1757     0.5213     0.0000     4.5850     0.0000     1.6211     0.0000     0.5209    34.7029    34.7029    25.5690    25.5686     0.0811      2.470      1.010 0.0000e+00
    328.777       7892     52.327 -106.13534   20.30794     52.000    15.7418    15.7451   4.334119   4.334388 6.1036e-01    12.3818     4.5254 1.9570e+00          0     4.5254     0.2034     0.5220     0.0000     4.5872     0.0000     1.5884     0.0000     0.5216    34.7031    34.7026    25.5797    25.5786     0.0840      2.559      1.046 0.0000e+00
    331.193       7950     53.334 -106.13534   20.30794     53.000    15.6520    15.6522   4.325790   4.325727 5.8883e-01    12.3824     4.5248 1.8311e+00          0     4.5248     0.1963     0.5225     0.0000     4.5888     0.0000     1.5594     0.0000     0.5221    34.7070    34.7063    25.6030    25.6024     0.0863      2.628      1.072 0.0000e+00
    332.721       7986     54.340 -106.13534   20.30794     54.000    15.5639    15.5638   4.317213   4.317107 7.3773e-01    12.3837     4.5233 1.7025e+00          0     4.5233     0.2459     0.5235     0.0000     4.5897     0.0000     1.5278     0.0000     0.5231    34.7072    34.7063    25.6229    25.6223     0.0907      2.765      1.126 0.0000e+00
    334.267       8023     55.346 -106.13534   20.30794     55.000    15.5113    15.5117   4.312644   4.312585 7.1921e-01    12.3909     4.5152 1.5751e+00          0     4.5152     0.2397     0.5231     0.0000     3.0297     0.0000     1.4939     0.0000     0.5227    34.7120    34.7112    25.6385    25.6378     0.0833      2.537      1.032 0.0000e+00
    336.412       8075     56.353 -106.13534   20.30794     56.000    15.5010    15.5025   4.312433   4.312475 8.3411e-01    12.3901     4.5161 1.4398e+00          0     4.5161     0.2780     0.5211     0.0000     4.6095     0.0000     1.4551     0.0000     0.5207    34.7188    34.7179    25.6461    25.6451     0.0749      2.283      0.929 0.0000e+00
    339.564       8151     57.359 -106.13534   20.30794     57.000    15.4888    15.4902   4.311847   4.311891 8.9278e-01    12.3954     4.5101 1.3274e+00          0     4.5101     0.2976     0.5191     0.0000     4.5832     0.0000     1.4198     0.0000     0.5188    34.7240    34.7231    25.6528    25.6519     0.0702      2.140      0.870 0.0000e+00
    341.831       8205     58.366 -106.13534   20.30794     58.000    15.4681    15.4684   4.310185   4.310135 9.1951e-01    12.3995     4.5055 1.2268e+00          0     4.5055     0.3065     0.5178     0.0000     4.5857     0.0000     1.3855     0.0000     0.5174    34.7269    34.7261    25.6597    25.6591     0.0662      2.016      0.819 0.0000e+00
    343.320       8241     59.372 -106.13534   20.30794     59.000    15.4371    15.4371   4.307580   4.307492 9.4494e-01    12.4111     4.4924 1.1328e+00          0     4.4924     0.3150     0.5174     0.0000     4.5866     0.0000     1.3509     0.0000     0.5170    34.7304    34.7296    25.6694    25.6688     0.0626      1.907      0.775 0.0000e+00
    344.679       8273     60.379 -106.13534   20.30794     60.000    15.2458    15.2395   4.290936   4.290360 9.1249e-01    12.4267     4.4750 1.0462e+00          0     4.4750     0.3042     0.5159     0.0000     3.7954     0.0000     1.3164     0.0000     0.5155    34.7489    34.7492    25.7261    25.7278     0.0559      1.704      0.690 0.0000e+00
    346.906       8327     61.385 -106.13534   20.30794     61.000    15.1270    15.1298   4.280499   4.280722 1.1017e+00    12.4118     4.4917 9.6031e-01          0     4.4917     0.3672     0.5144     0.0000     4.4112     0.0000     1.2791     0.0000     0.5141    34.7593    34.7588    25.7605    25.7594     0.0544      1.658      0.670 0.0000e+00
    350.164       8405     62.392 -106.13534   20.30794     62.000    15.0786    15.0804   4.276151   4.276272 1.1375e+00    12.4062     4.4980 8.6987e-01          0     4.4980     0.3792     0.5139     0.0000     4.6025     0.0000     1.2364     0.0000     0.5136    34.7624    34.7619    25.7736    25.7728     0.0550      1.676      0.676 0.0000e+00
    352.229       8454     63.398 -106.13534   20.30796     63.000    14.9535    14.9533   4.264462   4.264386 1.6113e+00    12.4035     4.5010 7.8655e-01          0     4.5010     0.5371     0.5138     0.0000     4.5911     0.0000     1.1925     0.0000     0.5135    34.7669    34.7664    25.8045    25.8042     0.0545      1.659      0.668 0.0000e+00
    353.949       8496     64.405 -106.13534   20.30796     64.000    14.8786    14.8785   4.257390   4.257365 9.5024e-01    12.4028     4.5017 7.1883e-01          0     4.5017     0.3167     0.5134     0.0000     4.5922     0.0000     1.1535     0.0000     0.5131    34.7687    34.7686    25.8223    25.8222     0.0517      1.576      0.633 0.0000e+00
    355.748       8539     65.411 -106.13533   20.30796     65.000    14.8476    14.8483   4.254459   4.254484 9.6929e-01    12.4010     4.5039 6.6667e-01          0     4.5039     0.3231     0.5130     0.0000     4.5930     0.0000     1.1208     0.0000     0.5127    34.7693    34.7689    25.8295    25.8291     0.0513      1.563      0.628 0.0000e+00
    357.765       8587     66.418 -106.13532   20.30796     66.000    14.8147    14.8154   4.251501   4.251547 9.2891e-01    12.4003     4.5047 6.1474e-01          0     4.5047     0.3096     0.5128     0.0000     4.5947     0.0000     1.0855     0.0000     0.5125    34.7711    34.7710    25.8381    25.8379     0.0512      1.559      0.626 0.0000e+00
    360.385       8650     67.424 -106.13533   20.30796     67.000    14.7637    14.7676   4.246978   4.247314 1.0423e+00    12.3999     4.5051 5.6224e-01          0     4.5051     0.3474     0.5128     0.0000     4.5964     0.0000     1.0468     0.0000     0.5125    34.7749    34.7745    25.8521    25.8510     0.0516      1.570      0.630 0.0000e+00
    362.848       8709     68.430 -106.13534   20.30796     68.000    14.6847    14.6841   4.239678   4.239630 9.2203e-01    12.3975     4.5078 5.0811e-01          0     4.5078     0.3073     0.5128     0.0000     4.5976     0.0000     1.0029     0.0000     0.5125    34.7783    34.7784    25.8719    25.8721     0.0511      1.558      0.624 0.0000e+00
    364.595       8751     69.437 -106.13534   20.30796     69.000    14.6211    14.6213   4.233775   4.233791 7.2486e-01    12.3928     4.5130 4.5882e-01          0     4.5130     0.2416     0.5127     0.0000     4.5984     0.0000     0.9585     0.0000     0.5124    34.7807    34.7806    25.8875    25.8874     0.0506      1.540      0.616 0.0000e+00
    366.472       8796     70.443 -106.13534   20.30796     70.000    14.6195    14.6217   4.233781   4.234011 8.4553e-01    12.3951     4.5105 4.2032e-01          0     4.5105     0.2819     0.5125     0.0000     4.6000     0.0000     0.9205     0.0000     0.5121    34.7818    34.7819    25.8887    25.8884     0.0498      1.517      0.607 0.0000e+00
    369.187       8861     71.450 -106.13534   20.30796     71.000    14.5829    14.5848   4.230443   4.230629 9.2496e-01    12.3933     4.5124 3.9595e-01          0     4.5124     0.3083     0.5123     0.0000     4.6018     0.0000     0.8948     0.0000     0.5120    34.7834    34.7835    25.8979    25.8976     0.0496      1.509      0.603 0.0000e+00
    371.403       8915     72.456 -106.13534   20.30796     72.000    14.5342    14.5342   4.225973   4.225990 8.4330e-01    12.3970     4.5083 3.6688e-01          0     4.5083     0.2811     0.5122     0.0000     4.6031     0.0000     0.8616     0.0000     0.5118    34.7856    34.7858    25.9101    25.9103     0.0488      1.486      0.593 0.0000e+00
    373.132       8956     73.463 -106.13534   20.30796     73.000    14.4689    14.4688   4.219904   4.219937 7.8203e-01    12.3935     4.5122 3.3554e-01          0     4.5122     0.2607     0.5121     0.0000     4.6040     0.0000     0.8228     0.0000     0.5117    34.7879    34.7883    25.9260    25.9263     0.0484      1.473      0.587 0.0000e+00
    374.865       8998     74.470 -106.13534   20.30796     74.000    14.4271    14.4275   4.216051   4.216123 7.4928e-01    12.3904     4.5158 3.0964e-01          0     4.5158     0.2498     0.5120     0.0000     4.6051     0.0000     0.7880     0.0000     0.5116    34.7895    34.7898    25.9362    25.9363     0.0485      1.476      0.588 0.0000e+00
    377.138       9052     75.476 -106.13534   20.30796     75.000    14.3923    14.3955   4.212833   4.213240 7.8538e-01    12.3878     4.5186 2.8239e-01          0     4.5186     0.2618     0.5118     0.0000     4.6067     0.0000     0.7480     0.0000     0.5114    34.7907    34.7916    25.9446    25.9446     0.0478      1.457      0.580 0.0000e+00
    380.037       9122     76.483 -106.13534   20.30796     76.000    14.3164    14.3192   4.205715   4.206038 7.0843e-01    12.3841     4.5229 2.5965e-01          0     4.5229     0.2361     0.5117     0.0000     4.6084     0.0000     0.7117     0.0000     0.5114    34.7928    34.7933    25.9624    25.9621     0.0474      1.444      0.574 0.0000e+00
    382.355       9178     77.489 -106.13534   20.30796     77.000    14.2253    14.2256   4.197320   4.197393 5.4722e-01    12.3815     4.5259 2.3881e-01          0     4.5259     0.1824     0.5117     0.0000     4.6093     0.0000     0.6754     0.0000     0.5113    34.7968    34.7972    25.9849    25.9851     0.0476      1.451      0.576 0.0000e+00
    384.075       9219     78.496 -106.13534   20.30796     78.000    14.1994    14.1997   4.194923   4.194991 4.6986e-01    12.3806     4.5269 2.2083e-01          0     4.5269     0.1566     0.5116     0.0000     4.6094     0.0000     0.6415     0.0000     0.5112    34.7975    34.7979    25.9909    25.9912     0.0469      1.428      0.567 0.0000e+00
    385.941       9264     79.502 -106.13534   20.30796     79.000    14.1709    14.1726   4.192353   4.192557 4.7986e-01    12.3794     4.5281 2.0282e-01          0     4.5281     0.1600     0.5115     0.0000     4.6102     0.0000     0.6045     0.0000     0.5111    34.7989    34.7994    25.9981    25.9981     0.0469      1.429      0.566 0.0000e+00
    388.643       9328     80.509 -106.13534   20.30796     80.000    14.1336    14.1359   4.188917   4.189206 4.6471e-01    12.3791     4.5286 1.8976e-01          0     4.5286     0.1549     0.5115     0.0000     4.6106     0.0000     0.5758     0.0000     0.5111    34.8003    34.8009    26.0071    26.0071     0.0471      1.436      0.569 0.0000e+00
    390.884       9382     81.515 -106.13534   20.30796     81.000    14.0684    14.0681   4.182909   4.182971 3.4290e-01    12.3800     4.5276 1.7820e-01          0     4.5276     0.1143     0.5115     0.0000     4.6110     0.0000     0.5485     0.0000     0.5111    34.8031    34.8039    26.0230    26.0237     0.0467      1.423      0.563 0.0000e+00
    392.768       9427     82.522 -106.13534   20.30794     82.000    14.0374    14.0377   4.180018   4.180132 2.8921e-01    12.3759     4.5321 1.6827e-01          0     4.5321     0.0964     0.5112     0.0000     4.6118     0.0000     0.5236     0.0000     0.5108    34.8038    34.8045    26.0301    26.0306     0.0448      1.365      0.540 0.0000e+00
    394.635       9472     83.528 -106.13534   20.30794     83.000    14.0144    14.0151   4.177877   4.178027 2.7311e-01    12.3760     4.5320 1.5504e-01          0     4.5320     0.0910     0.5109     0.0000     4.6123     0.0000     0.4880     0.0000     0.5105    34.8042    34.8050    26.0353    26.0357     0.0451      1.374      0.543 0.0000e+00
    397.737       9547     84.535 -106.13534   20.30794     84.000    13.9822    13.9848   4.174910   4.175390 2.8524e-01    12.3755     4.5326 1.4287e-01          0     4.5326     0.0951     0.5110     0.0000     4.6132     0.0000     0.4526     0.0000     0.5106    34.8053    34.8075    26.0429    26.0440     0.0451      1.374      0.543 0.0000e+00
    400.833       9621     85.542 -106.13534   20.30794     85.000    13.9600    13.9605   4.172882   4.173000 2.5842e-01    12.3739     4.5344 1.3618e-01          0     4.5344     0.0861     0.5107     0.0000     4.6142     0.0000     0.4320     0.0000     0.5103    34.8061    34.8067    26.0482    26.0486     0.0433      1.317      0.520 0.0000e+00
    402.758       9667     86.548 -106.13534   20.30794     86.000    13.9456    13.9461   4.171577   4.171725 2.3899e-01    12.3742     4.5340 1.2956e-01          0     4.5340     0.0797     0.5106     0.0000     4.6143     0.0000     0.4104     0.0000     0.5102    34.8066    34.8074    26.0516    26.0522     0.0442      1.345      0.531 0.0000e+00
    404.597       9711     87.555 -106.13534   20.30794     87.000    13.9357    13.9370   4.170714   4.170913 2.3019e-01    12.3743     4.5340 1.2199e-01          0     4.5340     0.0767     0.5105     0.0000     4.6150     0.0000     0.3844     0.0000     0.5101    34.8070    34.8077    26.0541    26.0544     0.0431      1.311      0.517 0.0000e+00
    406.293       9752     88.561 -106.13534   20.30794     88.000    13.9278    13.9283   4.170015   4.170144 2.2633e-01    12.3746     4.5336 1.1735e-01          0     4.5336     0.0754     0.5105     0.0000     4.6154     0.0000     0.3676     0.0000     0.5101    34.8073    34.8080    26.0560    26.0565     0.0434      1.322      0.522 0.0000e+00
    408.534       9806     89.568 -106.13534   20.30794     89.000    13.9121    13.9122   4.168568   4.168685 2.4457e-01    12.3736     4.5347 1.0878e-01          0     4.5347     0.0815     0.5105     0.0000     4.6155     0.0000     0.3346     0.0000     0.5101    34.8075    34.8085    26.0594    26.0602     0.0435      1.324      0.522 0.0000e+00
    411.390       9874     90.575 -106.13534   20.30794     90.000    13.8697    13.8706   4.164613   4.164857 2.3418e-01    12.3730     4.5354 1.0346e-01          0     4.5354     0.0781     0.5105     0.0000     4.6162     0.0000     0.3131     0.0000     0.5101    34.8086    34.8101    26.0692    26.0701     0.0437      1.330      0.524 0.0000e+00
