data/ctd-cnv/RR1804/RR1803-St33-P1/Station33_cast69.cnv
* Sea-Bird SBE 9 Data File:
* FileName = C:\CTD\RR1805\Station33_cast69.hex
* Software Version Seasave V 7.26.6.26
* Temperature SN = 4307
* Conductivity SN = 4650
* Number of Bytes Per Scan = 44
* Number of Voltage Words = 5
* Number of Scans Averaged by the Deck Unit = 1
* NMEA Latitude = 20 26.08 N
* NMEA Longitude = 106 10.38 W
* NMEA UTC (Time) = Apr 26 2018 12:04:27
** Ship: Revell
** Station: 33
** Operator: GR
** Station P1 Cast 69 Diel
# nquan = 32
# nvalues = 202                         
# units = specified
# name 0 = timeS: Time, Elapsed [seconds]
# name 1 = scan: Scan Count
# name 2 = prDM: Pressure, Digiquartz [db]
# name 3 = longitude: Longitude [deg]
# name 4 = latitude: Latitude [deg]
# name 5 = depSM: Depth [salt water, m]
# name 6 = t090C: Temperature [ITS-90, deg C]
# name 7 = t190C: Temperature, 2 [ITS-90, deg C]
# name 8 = c0S/m: Conductivity [S/m]
# name 9 = c1S/m: Conductivity, 2 [S/m]
# name 10 = flSP: Fluorescence, Seapoint
# name 11 = CStarAt0: Beam Attenuation, WET Labs C-Star [1/m]
# name 12 = CStarTr0: Beam Transmission, WET Labs C-Star [%]
# name 13 = par: PAR/Irradiance, Biospherical/Licor
# name 14 = modError: Modulo Error Count
# name 15 = v0: Voltage 0
# name 16 = v1: Voltage 1
# name 17 = v2: Voltage 2
# name 18 = v3: Voltage 3
# name 19 = v4: Voltage 4
# name 20 = v5: Voltage 5
# name 21 = v6: Voltage 6
# name 22 = v7: Voltage 7
# name 23 = sbeox0V: Oxygen raw, SBE 43 [V]
# name 24 = sal00: Salinity, Practical [PSU]
# name 25 = sal11: Salinity, Practical, 2 [PSU]
# name 26 = sigma-é00: Density [sigma-theta, kg/m^3]
# name 27 = sigma-é11: Density, 2 [sigma-theta, kg/m^3]
# name 28 = sbeox0Mg/L: Oxygen, SBE 43 [mg/l], WS = 2
# name 29 = sbox0Mm/Kg: Oxygen, SBE 43 [umol/kg], WS = 2
# name 30 = sbeox0PS: Oxygen, SBE 43 [% saturation], WS = 2
# name 31 = flag: flag
# span 0 =     -0.077,    649.498       
# span 1 =         -1,      15589       
# span 2 =      1.006,    203.347       
# span 3 = -106.17306, -106.17298       
# span 4 =   20.43462,   20.43468       
# span 5 =      1.000,    202.000       
# span 6 =    12.1308,    25.6034       
# span 7 =    12.1306,    25.6120       
# span 8 =   3.999638,   5.321509       
# span 9 =   3.999774,   5.321185       
# span 10 = 7.3457e-02, 1.4526e+00      
# span 11 =    10.7568,    18.3222      
# span 12 =     3.8234,     4.6460      
# span 13 = 5.0664e-02, 2.4664e-01      
# span 14 =          0,          0      
# span 15 =     3.8234,     4.6460      
# span 16 =     0.0245,     0.4842      
# span 17 =     0.5062,     2.9020      
# span 18 = -7.678e-07,     0.0000      
# span 19 =    -0.2416,     5.4778      
# span 20 =     0.0000,     0.0000      
# span 21 =     0.0048,     0.6344      
# span 22 =     0.0000,     0.0000      
# span 23 =     0.5059,     2.9020      
# span 24 =    34.4437,    34.8264      
# span 25 =    34.4507,    34.8275      
# span 26 =    22.7365,    26.4035      
# span 27 =    22.7511,    26.4047      
# span 28 =     0.0302,     6.8280      
# span 29 =      0.919,    208.569      
# span 30 =      0.350,    101.201      
# span 31 = 0.0000e+00, 0.0000e+00      
# interval = meters: 1                  
# start_time = Apr 26 2018 12:04:23 [System UTC, first data scan.]
# bad_flag = -9.990e-29
*END*
[from data line 91]
    354.443       8508     92.589 -106.17306   20.43464     92.000    13.6650    13.6657   4.144806   4.144963 2.2002e-01    12.3710     4.5377 5.0671e-02          0     4.5377     0.0734     0.5091     0.0000     4.6496     0.0000     0.0049     0.0000     0.5087    34.8083    34.8092    26.1115    26.1121     0.0389      1.184      0.465 0.0000e+00
    356.622       8560     93.595 -106.17306   20.43464     93.000    13.6004    13.6011   4.138429   4.138600 2.3055e-01    12.3698     4.5391 5.0671e-02          0     4.5391     0.0768     0.5091     0.0000     4.6496     0.0000     0.0049     0.0000     0.5087    34.8068    34.8078    26.1237    26.1243     0.0379      1.154      0.452 0.0000e+00
    358.655       8609     94.602 -106.17306   20.43464     94.000    13.5834    13.5842   4.136873   4.136992 2.3905e-01    12.3691     4.5399 5.0671e-02          0     4.5399     0.0797     0.5089     0.0000     4.6501     0.0000     0.0049     0.0000     0.5085    34.8072    34.8076    26.1276    26.1278     0.0379      1.155      0.453 0.0000e+00
    360.495       8653     95.608 -106.17306   20.43464     95.000    13.5811    13.5818   4.136682   4.136816 2.4300e-01    12.3689     4.5402 5.0671e-02          0     4.5402     0.0810     0.5088     0.0000     4.6503     0.0000     0.0049     0.0000     0.5084    34.8071    34.8077    26.1280    26.1284     0.0373      1.137      0.445 0.0000e+00
    362.229       8694     96.615 -106.17306   20.43464     96.000    13.5770    13.5777   4.136342   4.136452 2.4321e-01    12.3688     4.5402 5.0671e-02          0     4.5402     0.0811     0.5089     0.0000     4.6508     0.0000     0.0049     0.0000     0.5085    34.8072    34.8076    26.1289    26.1291     0.0380      1.158      0.454 0.0000e+00
    364.174       8741     97.622 -106.17306   20.43464     97.000    13.5701    13.5709   4.135779   4.135928 2.3995e-01    12.3685     4.5405 5.0671e-02          0     4.5405     0.0800     0.5087     0.0000     4.6508     0.0000     0.0049     0.0000     0.5083    34.8078    34.8084    26.1308    26.1312     0.0366      1.116      0.437 0.0000e+00
    367.309       8816     98.628 -106.17306   20.43464     98.000    13.5637    13.5638   4.135243   4.135326 2.4755e-01    12.3691     4.5399 5.0671e-02          0     4.5399     0.0825     0.5085     0.0000     4.6511     0.0000     0.0049     0.0000     0.5081    34.8082    34.8088    26.1325    26.1330     0.0364      1.110      0.435 0.0000e+00
    370.493       8893     99.635 -106.17306   20.43464     99.000    13.5497    13.5505   4.134215   4.134367 2.2178e-01    12.3689     4.5401 5.0671e-02          0     4.5401     0.0739     0.5085     0.0000     4.6518     0.0000     0.0049     0.0000     0.5082    34.8108    34.8115    26.1375    26.1379     0.0367      1.118      0.438 0.0000e+00
    374.270       8983    100.642 -106.17306   20.43464    100.000    13.5334    13.5358   4.132667   4.132984 2.1253e-01    12.3680     4.5411 5.0671e-02          0     4.5411     0.0708     0.5083     0.0000     4.6521     0.0000     0.0049     0.0000     0.5080    34.8107    34.8115    26.1407    26.1409     0.0362      1.101      0.431 0.0000e+00
    380.219       9126    101.648 -106.17306   20.43464    101.000    13.4526    13.4493   4.124748   4.124540 1.9250e-01    12.3685     4.5406 5.0671e-02          0     4.5406     0.0642     0.5083     0.0000     4.6530     0.0000     0.0049     0.0000     0.5080    34.8093    34.8104    26.1563    26.1578     0.0359      1.094      0.427 0.0000e+00
    387.174       9293    102.655 -106.17306   20.43464    102.000    13.3732    13.3771   4.117202   4.117682 1.5989e-01    12.3655     4.5439 5.0671e-02          0     4.5439     0.0533     0.5080     0.0000     4.6536     0.0000     0.0049     0.0000     0.5077    34.8103    34.8112    26.1733    26.1732     0.0349      1.063      0.415 0.0000e+00
    389.367       9346    103.662 -106.17306   20.43464    103.000    13.3642    13.3648   4.116402   4.116559 1.5780e-01    12.3660     4.5433 5.0671e-02          0     4.5433     0.0526     0.5082     0.0000     4.6544     0.0000     0.0049     0.0000     0.5079    34.8105    34.8114    26.1753    26.1759     0.0363      1.105      0.431 0.0000e+00
    390.436       9371    104.668 -106.17306   20.43464    104.000    13.3454    13.3454   4.114517   4.114653 1.5588e-01    12.3665     4.5428 5.0671e-02          0     4.5428     0.0520     0.5080     0.0000     4.6541     0.0000     0.0049     0.0000     0.5076    34.8095    34.8107    26.1784    26.1793     0.0340      1.036      0.404 0.0000e+00
    391.446       9396    105.675 -106.17306   20.43464    105.000    13.3267    13.3271   4.112825   4.112977 1.5198e-01    12.3661     4.5432 5.0671e-02          0     4.5432     0.0507     0.5081     0.0000     4.6537     0.0000     0.0049     0.0000     0.5077    34.8101    34.8112    26.1827    26.1835     0.0363      1.104      0.430 0.0000e+00
    392.556       9422    106.682 -106.17306   20.43466    106.000    13.3216    13.3221   4.112397   4.112559 1.4974e-01    12.3659     4.5435 5.0671e-02          0     4.5435     0.0499     0.5081     0.0000     4.6544     0.0000     0.0049     0.0000     0.5078    34.8103    34.8114    26.1839    26.1846     0.0352      1.073      0.418 0.0000e+00
    393.687       9449    107.688 -106.17306   20.43466    107.000    13.3165    13.3173   4.111953   4.112126 1.8016e-01    12.3654     4.5441 5.0671e-02          0     4.5441     0.0601     0.5080     0.0000     4.6543     0.0000     0.0049     0.0000     0.5077    34.8103    34.8113    26.1850    26.1856     0.0351      1.070      0.417 0.0000e+00
    394.728       9474    108.695 -106.17306   20.43466    108.000    13.3174    13.3180   4.112864   4.113066 1.3374e-01    12.3649     4.5446 5.0671e-02          0     4.5446     0.0446     0.5080     0.0000     4.6544     0.0000     0.0049     0.0000     0.5077    34.8177    34.8191    26.1906    26.1915     0.0348      1.061      0.414 0.0000e+00
    395.715       9498    109.702 -106.17306   20.43466    109.000    13.3128    13.3135   4.112986   4.113176 1.2383e-01    12.3649     4.5446 5.0671e-02          0     4.5446     0.0413     0.5079     0.0000     4.6545     0.0000     0.0049     0.0000     0.5076    34.8226    34.8238    26.1953    26.1961     0.0347      1.058      0.412 0.0000e+00
    396.738       9523    110.708 -106.17306   20.43466    110.000    13.3085    13.3091   4.112723   4.112892 1.2014e-01    12.3648     4.5448 5.0671e-02          0     4.5448     0.0401     0.5080     0.0000     4.6545     0.0000     0.0049     0.0000     0.5077    34.8237    34.8247    26.1971    26.1978     0.0360      1.097      0.428 0.0000e+00
    397.816       9549    111.715 -106.17305   20.43466    111.000    13.3126    13.3131   4.113449   4.113621 1.1760e-01    12.3645     4.5451 5.0671e-02          0     4.5451     0.0392     0.5081     0.0000     4.6545     0.0000     0.0049     0.0000     0.5077    34.8264    34.8275    26.1983    26.1991     0.0350      1.066      0.415 0.0000e+00
    398.863       9574    112.722 -106.17304   20.43466    112.000    13.3054    13.3056   4.112760   4.112922 1.1706e-01    12.3646     4.5450 5.0671e-02          0     4.5450     0.0390     0.5079     0.0000     4.6546     0.0000     0.0049     0.0000     0.5076    34.8260    34.8273    26.1995    26.2005     0.0348      1.061      0.413 0.0000e+00
    399.837       9597    113.729 -106.17304   20.43466    113.000    13.2975    13.2978   4.111991   4.112136 1.2010e-01    12.3661     4.5432 5.0671e-02          0     4.5432     0.0401     0.5080     0.0000     4.6546     0.0000     0.0049     0.0000     0.5077    34.8255    34.8266    26.2008    26.2016     0.0349      1.064      0.414 0.0000e+00
    400.752       9619    114.736 -106.17304   20.43466    114.000    13.2924    13.2936   4.111469   4.111750 1.1499e-01    12.3644     4.5453 5.0671e-02          0     4.5453     0.0384     0.5079     0.0000     4.6543     0.0000     0.0049     0.0000     0.5076    34.8248    34.8264    26.2013    26.2023     0.0351      1.070      0.417 0.0000e+00
    401.638       9640    115.742 -106.17304   20.43466    115.000    13.2824    13.2799   4.110322   4.110173 1.1665e-01    12.3642     4.5455 5.0671e-02          0     4.5455     0.0389     0.5080     0.0000     4.6544     0.0000     0.0049     0.0000     0.5077    34.8227    34.8236    26.2018    26.2030     0.0353      1.074      0.418 0.0000e+00
    402.554       9662    116.749 -106.17304   20.43466    116.000    13.2584    13.2585   4.107652   4.107785 1.1707e-01    12.3643     4.5453 5.0671e-02          0     4.5453     0.0390     0.5080     0.0000     4.6545     0.0000     0.0049     0.0000     0.5077    34.8190    34.8202    26.2038    26.2047     0.0348      1.061      0.413 0.0000e+00
    403.549       9686    117.756 -106.17304   20.43466    117.000    13.2341    13.2344   4.105161   4.105328 1.1763e-01    12.3640     4.5457 5.0671e-02          0     4.5457     0.0392     0.5079     0.0000     4.6547     0.0000     0.0049     0.0000     0.5076    34.8172    34.8185    26.2073    26.2083     0.0349      1.064      0.414 0.0000e+00
    404.604       9712    118.762 -106.17304   20.43466    118.000    13.2293    13.2299   4.104717   4.104890 1.1752e-01    12.3652     4.5443 5.0671e-02          0     4.5443     0.0392     0.5079     0.0000     4.6553     0.0000     0.0049     0.0000     0.5076    34.8170    34.8181    26.2082    26.2089     0.0350      1.066      0.415 0.0000e+00
    405.687       9737    119.769 -106.17304   20.43466    119.000    13.2178    13.2165   4.103448   4.103445 1.1764e-01    12.3638     4.5459 5.0671e-02          0     4.5459     0.0392     0.5079     0.0000     4.6556     0.0000     0.0049     0.0000     0.5076    34.8151    34.8162    26.2091    26.2102     0.0350      1.066      0.415 0.0000e+00
    406.776       9764    120.776 -106.17304   20.43466    120.000    13.2021    13.2022   4.101815   4.101962 1.1736e-01    12.3650     4.5446 5.0671e-02          0     4.5446     0.0391     0.5079     0.0000     4.6557     0.0000     0.0049     0.0000     0.5076    34.8135    34.8149    26.2110    26.2121     0.0350      1.067      0.415 0.0000e+00
    407.894       9790    121.783 -106.17303   20.43466    121.000    13.1918    13.1921   4.100738   4.100898 1.1853e-01    12.3637     4.5460 5.0671e-02          0     4.5460     0.0395     0.5079     0.0000     4.6558     0.0000     0.0049     0.0000     0.5076    34.8123    34.8136    26.2122    26.2131     0.0353      1.077      0.419 0.0000e+00
    409.125       9820    122.789 -106.17302   20.43466    122.000    13.1692    13.1685   4.098321   4.098419 1.1792e-01    12.3686     4.5405 5.0671e-02          0     4.5405     0.0393     0.5080     0.0000     4.6564     0.0000     0.0049     0.0000     0.5077    34.8097    34.8113    26.2148    26.2161     0.0355      1.080      0.420 0.0000e+00
    410.446       9852    123.796 -106.17302   20.43466    123.000    13.1301    13.1302   4.094493   4.094624 1.1511e-01    12.3640     4.5456 5.0671e-02          0     4.5456     0.0384     0.5079     0.0000     4.6570     0.0000     0.0049     0.0000     0.5076    34.8087    34.8100    26.2220    26.2229     0.0348      1.060      0.412 0.0000e+00
    411.618       9880    124.803 -106.17302   20.43466    124.000    13.1157    13.1159   4.093075   4.093242 1.1183e-01    12.3674     4.5418 5.0671e-02          0     4.5418     0.0373     0.5079     0.0000     4.6572     0.0000     0.0049     0.0000     0.5076    34.8081    34.8095    26.2244    26.2254     0.0351      1.069      0.415 0.0000e+00
    412.573       9903    125.810 -106.17302   20.43466    125.000    13.1094    13.1101   4.092510   4.092724 1.1144e-01    12.3660     4.5434 5.0671e-02          0     4.5434     0.0372     0.5079     0.0000     4.6472     0.0000     0.0049     0.0000     0.5076    34.8081    34.8095    26.2257    26.2266     0.0351      1.070      0.415 0.0000e+00
    413.408       9923    126.817 -106.17302   20.43466    126.000    13.1049    13.1056   4.092148   4.092348 1.1083e-01    12.3639     4.5458 5.0671e-02          0     4.5458     0.0369     0.5079     0.0000     4.6546     0.0000     0.0049     0.0000     0.5076    34.8083    34.8096    26.2268    26.2276     0.0351      1.070      0.415 0.0000e+00
    414.152       9941    127.823 -106.17302   20.43466    127.000    13.1021    13.1026   4.091908   4.092101 1.1070e-01    12.3632     4.5465 5.0671e-02          0     4.5465     0.0369     0.5079     0.0000     4.6555     0.0000     0.0049     0.0000     0.5076    34.8082    34.8095    26.2273    26.2282     0.0351      1.070      0.415 0.0000e+00
    414.857       9958    128.830 -106.17302   20.43466    128.000    13.0966    13.0974   4.091425   4.091663 1.1081e-01    12.3631     4.5467 5.0671e-02          0     4.5467     0.0369     0.5079     0.0000     4.6558     0.0000     0.0049     0.0000     0.5076    34.8083    34.8097    26.2285    26.2294     0.0351      1.070      0.415 0.0000e+00
    415.546       9974    129.837 -106.17302   20.43466    129.000    13.0887    13.0899   4.090661   4.090912 1.0892e-01    12.3641     4.5456 5.0671e-02          0     4.5456     0.0363     0.5079     0.0000     4.6560     0.0000     0.0049     0.0000     0.5076    34.8078    34.8091    26.2297    26.2305     0.0360      1.095      0.425 0.0000e+00
    416.278       9992    130.844 -106.17302   20.43466    130.000    13.0773    13.0777   4.089623   4.089813 1.0734e-01    12.3638     4.5459 5.0671e-02          0     4.5459     0.0358     0.5081     0.0000     4.6576     0.0000     0.0049     0.0000     0.5078    34.8080    34.8094    26.2322    26.2332     0.0360      1.096      0.425 0.0000e+00
    417.186      10013    131.851 -106.17302   20.43466    131.000    13.0731    13.0737   4.089296   4.089492 1.0970e-01    12.3641     4.5456 5.0671e-02          0     4.5456     0.0366     0.5079     0.0000     4.6582     0.0000     0.0049     0.0000     0.5076    34.8082    34.8095    26.2333    26.2342     0.0347      1.055      0.409 0.0000e+00
    418.465      10044    132.857 -106.17302   20.43466    132.000    13.0710    13.0717   4.089150   4.089353 1.0797e-01    12.3652     4.5443 5.0671e-02          0     4.5443     0.0360     0.5079     0.0000     4.6588     0.0000     0.0049     0.0000     0.5076    34.8083    34.8096    26.2338    26.2347     0.0352      1.071      0.415 0.0000e+00
    419.996      10081    133.864 -106.17302   20.43466    133.000    13.0649    13.0655   4.088609   4.088801 1.0672e-01    12.3644     4.5453 5.0671e-02          0     4.5453     0.0356     0.5079     0.0000     4.6593     0.0000     0.0049     0.0000     0.5076    34.8084    34.8097    26.2351    26.2360     0.0352      1.072      0.416 0.0000e+00
    421.347      10113    134.871 -106.17302   20.43466    134.000    13.0597    13.0604   4.088158   4.088375 1.0997e-01    12.3675     4.5417 5.0671e-02          0     4.5417     0.0367     0.5079     0.0000     4.6596     0.0000     0.0049     0.0000     0.5076    34.8084    34.8099    26.2362    26.2372     0.0354      1.078      0.418 0.0000e+00
    422.578      10143    135.878 -106.17300   20.43466    135.000    13.0572    13.0579   4.087989   4.088193 1.0651e-01    12.3652     4.5443 5.0671e-02          0     4.5443     0.0355     0.5079     0.0000     4.6605     0.0000     0.0049     0.0000     0.5076    34.8087    34.8100    26.2369    26.2378     0.0352      1.071      0.415 0.0000e+00
