data/ctd-cnv/RR1804/RR1803-St33-P1/Station33_cast72.cnv
* Sea-Bird SBE 9 Data File:
* FileName = C:\CTD\RR1805\Station33_cast72.hex
* Software Version Seasave V 7.26.6.26
* Temperature SN = 4307
* Conductivity SN = 4650
* Number of Bytes Per Scan = 44
* Number of Voltage Words = 5
* Number of Scans Averaged by the Deck Unit = 1
* NMEA Latitude = 20 31.18 N
* NMEA Longitude = 106 10.42 W
* NMEA UTC (Time) = Apr 27 2018 09:44:07
** Ship: Revell
** Station: 33
** Operator: GR
** Station P1 Cast 72
# nquan = 32
# nvalues = 1002                        
# units = specified
# name 0 = timeS: Time, Elapsed [seconds]
# name 1 = scan: Scan Count
# name 2 = prDM: Pressure, Digiquartz [db]
# name 3 = longitude: Longitude [deg]
# name 4 = latitude: Latitude [deg]
# name 5 = depSM: Depth [salt water, m]
# name 6 = t090C: Temperature [ITS-90, deg C]
# name 7 = t190C: Temperature, 2 [ITS-90, deg C]
# name 8 = c0S/m: Conductivity [S/m]
# name 9 = c1S/m: Conductivity, 2 [S/m]
# name 10 = flSP: Fluorescence, Seapoint
# name 11 = CStarAt0: Beam Attenuation, WET Labs C-Star [1/m]
# name 12 = CStarTr0: Beam Transmission, WET Labs C-Star [%]
# name 13 = par: PAR/Irradiance, Biospherical/Licor
# name 14 = modError: Modulo Error Count
# name 15 = v0: Voltage 0
# name 16 = v1: Voltage 1
# name 17 = v2: Voltage 2
# name 18 = v3: Voltage 3
# name 19 = v4: Voltage 4
# name 20 = v5: Voltage 5
# name 21 = v6: Voltage 6
# name 22 = v7: Voltage 7
# name 23 = sbeox0V: Oxygen raw, SBE 43 [V]
# name 24 = sal00: Salinity, Practical [PSU]
# name 25 = sal11: Salinity, Practical, 2 [PSU]
# name 26 = sigma-é00: Density [sigma-theta, kg/m^3]
# name 27 = sigma-é11: Density, 2 [sigma-theta, kg/m^3]
# name 28 = sbeox0Mg/L: Oxygen, SBE 43 [mg/l], WS = 2
# name 29 = sbox0Mm/Kg: Oxygen, SBE 43 [umol/kg], WS = 2
# name 30 = sbeox0PS: Oxygen, SBE 43 [% saturation], WS = 2
# name 31 = flag: flag
# span 0 =      0.172,   1320.332       
# span 1 =          5,      31689       
# span 2 =      1.006,   1010.642       
# span 3 = -106.17376, -106.17370       
# span 4 =   20.51980,   20.51984       
# span 5 =      1.000,   1002.000       
# span 6 =     4.6960,    25.9621       
# span 7 =     4.6952,    25.9625       
# span 8 =   3.322847,   5.362263       
# span 9 =   3.322830,   5.362505       
# span 10 = 6.9039e-02, 2.0174e+00      
# span 11 =    12.3373,    12.5830      
# span 12 =     4.3034,     4.5761      
# span 13 = 5.0603e-02, 7.2200e-01      
# span 14 =          0,          0      
# span 15 =     4.3034,     4.5761      
# span 16 =     0.0230,     0.6725      
# span 17 =     0.5054,     2.7237      
# span 18 =     0.0000,     0.0000      
# span 19 =    -1.1388,     4.7869      
# span 20 =     0.0000,     0.0000      
# span 21 =     0.0044,     1.1650      
# span 22 =     0.0000,     0.0000      
# span 23 =     0.5051,     2.7237      
# span 24 =    34.4863,    34.8279      
# span 25 =    34.5170,    34.8286      
# span 26 =    22.7871,    27.3488      
# span 27 =    22.7880,    27.3495      
# span 28 =     0.0290,     6.5461      
# span 29 =      0.881,    199.978      
# span 30 =      0.307,     97.391      
# span 31 = 0.0000e+00, 0.0000e+00      
# interval = meters: 1                  
# start_time = Apr 27 2018 09:44:04 [System UTC, first data scan.]
# bad_flag = -9.990e-29
*END*
[from data line 771]
    966.377      23194    778.226 -106.17372   20.51982    772.000     5.9081     5.9084   3.420299   3.420460 7.3373e-02    12.3389     4.5743 5.4944e-02          0     4.5743     0.0244     0.5058     0.0000     4.6727     0.0000     0.0395     0.0000     0.5056    34.5188    34.5203    27.1927    27.1939     0.0369      1.124      0.372 0.0000e+00
    967.797      23228    779.236 -106.17372   20.51982    773.000     5.9073     5.9074   3.420270   3.420410 7.3359e-02    12.3385     4.5748 5.3988e-02          0     4.5748     0.0244     0.5060     0.0000     4.6728     0.0000     0.0318     0.0000     0.5058    34.5188    34.5203    27.1929    27.1940     0.0371      1.128      0.374 0.0000e+00
    969.271      23264    780.246 -106.17372   20.51982    774.000     5.9050     5.9051   3.420103   3.420251 7.3590e-02    12.3386     4.5746 5.3267e-02          0     4.5746     0.0245     0.5061     0.0000     4.6731     0.0000     0.0262     0.0000     0.5059    34.5188    34.5204    27.1931    27.1944     0.0375      1.142      0.378 0.0000e+00
    970.480      23293    781.256 -106.17372   20.51982    775.000     5.8941     5.8929   3.419058   3.419145 7.3121e-02    12.3399     4.5732 5.2063e-02          0     4.5732     0.0244     0.5062     0.0000     4.6731     0.0000     0.0163     0.0000     0.5060    34.5176    34.5198    27.1936    27.1954     0.0394      1.199      0.397 0.0000e+00
    971.454      23316    782.266 -106.17372   20.51982    776.000     5.8754     5.8748   3.417384   3.417524 7.3086e-02    12.3421     4.5706 5.2246e-02          0     4.5706     0.0243     0.5061     0.0000     4.6734     0.0000     0.0178     0.0000     0.5059    34.5172    34.5195    27.1956    27.1974     0.0371      1.128      0.373 0.0000e+00
    972.301      23336    783.276 -106.17370   20.51982    777.000     5.8630     5.8628   3.416366   3.416511 7.3258e-02    12.3384     4.5748 5.4841e-02          0     4.5748     0.0244     0.5062     0.0000     4.6732     0.0000     0.0387     0.0000     0.5060    34.5179    34.5197    27.1977    27.1991     0.0389      1.184      0.392 0.0000e+00
    973.082      23355    784.286 -106.17370   20.51982    778.000     5.8607     5.8611   3.416231   3.416414 7.3260e-02    12.3377     4.5757 5.3220e-02          0     4.5757     0.0244     0.5063     0.0000     4.6738     0.0000     0.0255     0.0000     0.5061    34.5183    34.5199    27.1983    27.1995     0.0413      1.256      0.415 0.0000e+00
    973.853      23373    785.296 -106.17370   20.51982    779.000     5.8528     5.8525   3.415488   3.415619 7.3260e-02    12.3378     4.5755 5.3653e-02          0     4.5755     0.0244     0.5065     0.0000     4.6738     0.0000     0.0292     0.0000     0.5063    34.5173    34.5192    27.1985    27.2000     0.0394      1.199      0.397 0.0000e+00
    974.647      23393    786.306 -106.17370   20.51982    780.000     5.8435     5.8431   3.414690   3.414827 7.3260e-02    12.3388     4.5744 5.4974e-02          0     4.5744     0.0244     0.5064     0.0000     4.6739     0.0000     0.0397     0.0000     0.5062    34.5173    34.5193    27.1997    27.2013     0.0383      1.166      0.386 0.0000e+00
    975.526      23414    787.316 -106.17370   20.51982    781.000     5.8349     5.8346   3.413953   3.414078 7.3260e-02    12.3399     4.5731 5.3257e-02          0     4.5731     0.0244     0.5064     0.0000     4.6740     0.0000     0.0259     0.0000     0.5062    34.5173    34.5189    27.2007    27.2020     0.0397      1.209      0.400 0.0000e+00
    976.478      23436    788.326 -106.17370   20.51982    782.000     5.8290     5.8291   3.413461   3.413618 7.3260e-02    12.3389     4.5742 5.2107e-02          0     4.5742     0.0244     0.5066     0.0000     4.6740     0.0000     0.0167     0.0000     0.5064    34.5173    34.5189    27.2014    27.2027     0.0409      1.245      0.411 0.0000e+00
    977.414      23459    789.336 -106.17370   20.51982    783.000     5.8256     5.8253   3.413200   3.413321 7.3260e-02    12.3383     4.5750 5.0865e-02          0     4.5750     0.0244     0.5065     0.0000     4.6729     0.0000     0.0065     0.0000     0.5063    34.5173    34.5189    27.2019    27.2032     0.0385      1.170      0.387 0.0000e+00
    978.265      23479    790.346 -106.17370   20.51982    784.000     5.8232     5.8229   3.413045   3.413163 7.3442e-02    12.3384     4.5748 5.2482e-02          0     4.5748     0.0245     0.5066     0.0000     4.6719     0.0000     0.0199     0.0000     0.5064    34.5174    34.5191    27.2023    27.2037     0.0408      1.241      0.410 0.0000e+00
    979.076      23499    791.356 -106.17370   20.51982    785.000     5.8204     5.8201   3.412797   3.412934 7.3262e-02    12.3383     4.5749 5.0984e-02          0     4.5749     0.0244     0.5065     0.0000     4.6740     0.0000     0.0075     0.0000     0.5063    34.5170    34.5189    27.2023    27.2038     0.0407      1.239      0.409 0.0000e+00
    979.968      23520    792.366 -106.17370   20.51982    786.000     5.8152     5.8159   3.412409   3.412596 7.3119e-02    12.3373     4.5761 5.1210e-02          0     4.5761     0.0244     0.5068     0.0000     4.6740     0.0000     0.0094     0.0000     0.5066    34.5174    34.5188    27.2033    27.2043     0.0426      1.297      0.429 0.0000e+00
    981.379      23554    793.376 -106.17370   20.51982    787.000     5.8108     5.8102   3.412039   3.412124 7.3021e-02    12.3399     4.5731 5.3056e-02          0     4.5731     0.0243     0.5068     0.0000     4.6740     0.0000     0.0246     0.0000     0.5066    34.5172    34.5187    27.2037    27.2050     0.0415      1.261      0.417 0.0000e+00
    983.231      23599    794.386 -106.17370   20.51982    788.000     5.7906     5.7890   3.410183   3.410242 7.3166e-02    12.3387     4.5745 5.1538e-02          0     4.5745     0.0244     0.5071     0.0000     4.6726     0.0000     0.0121     0.0000     0.5069    34.5163    34.5186    27.2055    27.2075     0.0446      1.357      0.448 0.0000e+00
    984.569      23631    795.396 -106.17370   20.51982    789.000     5.7679     5.7676   3.408224   3.408342 7.3520e-02    12.3379     4.5754 5.3954e-02          0     4.5754     0.0245     0.5072     0.0000     4.6728     0.0000     0.0316     0.0000     0.5070    34.5168    34.5184    27.2087    27.2100     0.0451      1.373      0.453 0.0000e+00
    985.643      23656    796.406 -106.17370   20.51982    790.000     5.7520     5.7509   3.406701   3.406799 7.3251e-02    12.3377     4.5756 5.2847e-02          0     4.5756     0.0244     0.5076     0.0000     4.6728     0.0000     0.0227     0.0000     0.5074    34.5152    34.5175    27.2094    27.2113     0.0486      1.478      0.488 0.0000e+00
    986.539      23678    797.416 -106.17370   20.51982    791.000     5.7340     5.7330   3.405083   3.405188 7.3624e-02    12.3388     4.5743 5.1306e-02          0     4.5743     0.0245     0.5077     0.0000     4.6726     0.0000     0.0101     0.0000     0.5075    34.5148    34.5170    27.2112    27.2131     0.0462      1.406      0.464 0.0000e+00
    987.302      23696    798.426 -106.17370   20.51982    792.000     5.7233     5.7230   3.404206   3.404348 7.3256e-02    12.3404     4.5725 5.1775e-02          0     4.5725     0.0244     0.5077     0.0000     4.6721     0.0000     0.0141     0.0000     0.5075    34.5153    34.5172    27.2130    27.2145     0.0467      1.422      0.469 0.0000e+00
    987.998      23713    799.436 -106.17370   20.51982    793.000     5.7179     5.7179   3.403798   3.403964 7.3260e-02    12.3397     4.5734 5.3891e-02          0     4.5734     0.0244     0.5079     0.0000     4.6724     0.0000     0.0313     0.0000     0.5077    34.5156    34.5175    27.2139    27.2154     0.0469      1.427      0.471 0.0000e+00
    988.687      23729    800.447 -106.17370   20.51982    794.000     5.7123     5.7120   3.403385   3.403530 7.5349e-02    12.3394     4.5737 5.1507e-02          0     4.5737     0.0251     0.5078     0.0000     4.6729     0.0000     0.0118     0.0000     0.5076    34.5162    34.5181    27.2151    27.2166     0.0458      1.394      0.459 0.0000e+00
    989.419      23747    801.456 -106.17370   20.51982    795.000     5.7100     5.7103   3.403277   3.403439 7.2917e-02    12.3396     4.5735 5.1316e-02          0     4.5735     0.0243     0.5079     0.0000     4.6737     0.0000     0.0103     0.0000     0.5077    34.5168    34.5184    27.2159    27.2171     0.0473      1.439      0.474 0.0000e+00
    990.259      23767    802.466 -106.17370   20.51982    796.000     5.7083     5.7086   3.403182   3.403358 7.3254e-02    12.3384     4.5749 5.2804e-02          0     4.5749     0.0244     0.5079     0.0000     4.6740     0.0000     0.0225     0.0000     0.5077    34.5170    34.5187    27.2162    27.2175     0.0463      1.409      0.464 0.0000e+00
    991.315      23793    803.476 -106.17370   20.51982    797.000     5.7048     5.7049   3.402929   3.403082 7.3632e-02    12.3384     4.5749 5.6029e-02          0     4.5749     0.0245     0.5079     0.0000     4.6734     0.0000     0.0480     0.0000     0.5077    34.5172    34.5188    27.2168    27.2181     0.0463      1.409      0.464 0.0000e+00
    992.585      23823    804.487 -106.17370   20.51982    798.000     5.7016     5.7017   3.402723   3.402866 7.3040e-02    12.3385     4.5748 5.5481e-02          0     4.5748     0.0243     0.5079     0.0000     4.6715     0.0000     0.0435     0.0000     0.5077    34.5177    34.5192    27.2176    27.2188     0.0462      1.405      0.463 0.0000e+00
    993.964      23856    805.497 -106.17370   20.51982    799.000     5.6977     5.6976   3.402403   3.402533 7.3264e-02    12.3410     4.5719 5.7108e-02          0     4.5719     0.0244     0.5078     0.0000     4.6716     0.0000     0.0559     0.0000     0.5076    34.5175    34.5191    27.2180    27.2192     0.0451      1.372      0.452 0.0000e+00
    995.204      23886    806.507 -106.17370   20.51982    800.000     5.6947     5.6950   3.402189   3.402348 7.3260e-02    12.3391     4.5740 5.8291e-02          0     4.5740     0.0244     0.5079     0.0000     4.6712     0.0000     0.0652     0.0000     0.5077    34.5176    34.5191    27.2184    27.2196     0.0475      1.446      0.476 0.0000e+00
    996.199      23910    807.517 -106.17370   20.51982    801.000     5.6935     5.6938   3.402135   3.402293 7.3260e-02    12.3381     4.5753 5.8166e-02          0     4.5753     0.0244     0.5080     0.0000     4.6703     0.0000     0.0636     0.0000     0.5078    34.5177    34.5193    27.2186    27.2198     0.0470      1.429      0.471 0.0000e+00
    997.056      23930    808.527 -106.17370   20.51982    802.000     5.6919     5.6920   3.402054   3.402206 7.4324e-02    12.3393     4.5738 5.9084e-02          0     4.5738     0.0247     0.5079     0.0000     4.6703     0.0000     0.0707     0.0000     0.5077    34.5180    34.5196    27.2191    27.2203     0.0458      1.392      0.459 0.0000e+00
    997.902      23951    809.537 -106.17370   20.51982    803.000     5.6901     5.6903   3.401957   3.402113 7.5466e-02    12.3381     4.5752 5.6195e-02          0     4.5752     0.0251     0.5079     0.0000     4.6704     0.0000     0.0491     0.0000     0.5077    34.5182    34.5198    27.2195    27.2207     0.0464      1.410      0.465 0.0000e+00
    998.834      23973    810.547 -106.17370   20.51982    804.000     5.6871     5.6870   3.401730   3.401873 7.2820e-02    12.3381     4.5752 5.7014e-02          0     4.5752     0.0243     0.5079     0.0000     4.6706     0.0000     0.0555     0.0000     0.5077    34.5182    34.5199    27.2198    27.2212     0.0466      1.418      0.467 0.0000e+00
    999.951      24000    811.557 -106.17370   20.51982    805.000     5.6765     5.6759   3.400796   3.400919 7.2881e-02    12.3386     4.5746 5.4019e-02          0     4.5746     0.0243     0.5079     0.0000     4.6705     0.0000     0.0319     0.0000     0.5077    34.5180    34.5199    27.2210    27.2226     0.0468      1.423      0.469 0.0000e+00
   1001.073      24027    812.567 -106.17370   20.51982    806.000     5.6652     5.6647   3.399814   3.399942 7.3264e-02    12.3385     4.5748 5.3937e-02          0     4.5748     0.0244     0.5079     0.0000     4.6706     0.0000     0.0312     0.0000     0.5077    34.5178    34.5198    27.2223    27.2238     0.0459      1.398      0.460 0.0000e+00
   1002.043      24050    813.577 -106.17370   20.51982    807.000     5.6587     5.6587   3.399307   3.399436 7.3260e-02    12.3382     4.5751 5.5227e-02          0     4.5751     0.0244     0.5079     0.0000     4.6705     0.0000     0.0417     0.0000     0.5077    34.5182    34.5197    27.2234    27.2245     0.0473      1.440      0.474 0.0000e+00
   1002.912      24071    814.588 -106.17370   20.51982    808.000     5.6531     5.6529   3.398840   3.398986 7.3260e-02    12.3386     4.5746 5.2241e-02          0     4.5746     0.0244     0.5080     0.0000     4.6712     0.0000     0.0178     0.0000     0.5078    34.5181    34.5200    27.2240    27.2255     0.0492      1.496      0.493 0.0000e+00
   1003.767      24091    815.598 -106.17371   20.51982    809.000     5.6489     5.6491   3.398565   3.398720 7.3260e-02    12.3390     4.5742 5.3410e-02          0     4.5742     0.0244     0.5081     0.0000     4.6714     0.0000     0.0273     0.0000     0.5079    34.5188    34.5204    27.2250    27.2262     0.0466      1.416      0.466 0.0000e+00
   1004.695      24114    816.608 -106.17372   20.51982    810.000     5.6472     5.6472   3.398449   3.398589 7.2946e-02    12.3389     4.5743 5.5217e-02          0     4.5743     0.0243     0.5081     0.0000     4.6716     0.0000     0.0417     0.0000     0.5079    34.5187    34.5203    27.2252    27.2265     0.0477      1.452      0.478 0.0000e+00
   1005.770      24139    817.618 -106.17372   20.51982    811.000     5.6373     5.6363   3.397527   3.397624 7.3260e-02    12.3387     4.5744 5.5646e-02          0     4.5744     0.0244     0.5080     0.0000     4.6716     0.0000     0.0449     0.0000     0.5078    34.5179    34.5200    27.2257    27.2276     0.0485      1.477      0.486 0.0000e+00
   1006.922      24167    818.628 -106.17372   20.51982    812.000     5.6196     5.6206   3.396049   3.396295 7.3533e-02    12.3396     4.5735 5.3520e-02          0     4.5735     0.0245     0.5084     0.0000     4.6717     0.0000     0.0281     0.0000     0.5082    34.5187    34.5204    27.2285    27.2298     0.0551      1.675      0.551 0.0000e+00
   1008.005      24193    819.638 -106.17372   20.51982    813.000     5.6101     5.6099   3.395249   3.395394 7.3254e-02    12.3393     4.5738 5.4709e-02          0     4.5738     0.0244     0.5088     0.0000     4.6716     0.0000     0.0373     0.0000     0.5086    34.5188    34.5206    27.2298    27.2312     0.0525      1.596      0.525 0.0000e+00
   1008.985      24217    820.648 -106.17372   20.51982    814.000     5.5996     5.5990   3.394324   3.394459 7.3260e-02    12.3388     4.5744 5.4556e-02          0     4.5744     0.0244     0.5088     0.0000     4.6718     0.0000     0.0362     0.0000     0.5086    34.5186    34.5206    27.2309    27.2326     0.0509      1.549      0.509 0.0000e+00
   1009.997      24241    821.659 -106.17372   20.51982    815.000     5.5901     5.5902   3.393578   3.393716 8.5965e-02    12.3384     4.5748 5.6081e-02          0     4.5748     0.0286     0.5088     0.0000     4.6716     0.0000     0.0483     0.0000     0.5086    34.5193    34.5207    27.2326    27.2337     0.0520      1.581      0.520 0.0000e+00
