data/ctd-cnv/RR1804/RR1803-St33-P1/Station33_cast64.cnv
* Sea-Bird SBE 9 Data File:
* FileName = C:\CTD\RR1805\Station33_cast64.hex
* Software Version Seasave V 7.26.6.26
* Temperature SN = 4307
* Conductivity SN = 4650
* Number of Bytes Per Scan = 44
* Number of Voltage Words = 5
* Number of Scans Averaged by the Deck Unit = 1
* NMEA Latitude = 20 18.65 N
* NMEA Longitude = 106 07.57 W
* NMEA UTC (Time) = Apr 24 2018 14:03:01
** Ship: Revell
** Station: On Deck
** Operator: GR
** Station P1 cast 64
# nquan = 32
# nvalues = 500                         
# units = specified
# name 0 = timeS: Time, Elapsed [seconds]
# name 1 = scan: Scan Count
# name 2 = prDM: Pressure, Digiquartz [db]
# name 3 = longitude: Longitude [deg]
# name 4 = latitude: Latitude [deg]
# name 5 = depSM: Depth [salt water, m]
# name 6 = t090C: Temperature [ITS-90, deg C]
# name 7 = t190C: Temperature, 2 [ITS-90, deg C]
# name 8 = c0S/m: Conductivity [S/m]
# name 9 = c1S/m: Conductivity, 2 [S/m]
# name 10 = flSP: Fluorescence, Seapoint
# name 11 = CStarAt0: Beam Attenuation, WET Labs C-Star [1/m]
# name 12 = CStarTr0: Beam Transmission, WET Labs C-Star [%]
# name 13 = par: PAR/Irradiance, Biospherical/Licor
# name 14 = modError: Modulo Error Count
# name 15 = v0: Voltage 0
# name 16 = v1: Voltage 1
# name 17 = v2: Voltage 2
# name 18 = v3: Voltage 3
# name 19 = v4: Voltage 4
# name 20 = v5: Voltage 5
# name 21 = v6: Voltage 6
# name 22 = v7: Voltage 7
# name 23 = sbeox0V: Oxygen raw, SBE 43 [V]
# name 24 = sal00: Salinity, Practical [PSU]
# name 25 = sal11: Salinity, Practical, 2 [PSU]
# name 26 = sigma-é00: Density [sigma-theta, kg/m^3]
# name 27 = sigma-é11: Density, 2 [sigma-theta, kg/m^3]
# name 28 = sbeox0Mg/L: Oxygen, SBE 43 [mg/l], WS = 2
# name 29 = sbox0Mm/Kg: Oxygen, SBE 43 [umol/kg], WS = 2
# name 30 = sbeox0PS: Oxygen, SBE 43 [% saturation], WS = 2
# name 31 = flag: flag
# span 0 =     80.435,    899.505       
# span 1 =       1931,      21589       
# span 2 =      1.006,    503.694       
# span 3 = -106.12628, -106.12624       
# span 4 =   20.31082,   20.31086       
# span 5 =      1.000,    500.000       
# span 6 =     8.3199,    25.1387       
# span 7 =     8.3195,    25.1407       
# span 8 =   3.634310,   5.277251       
# span 9 =   3.634400,   5.644030       
# span 10 = 7.3435e-02, 1.5129e+00      
# span 11 =    12.3086,    13.8572      
# span 12 =     4.2924,     4.5736      
# span 13 = 5.0664e-02, 3.4643e+02      
# span 14 =          0,          0      
# span 15 =     4.2924,     4.5736      
# span 16 =     0.0245,     0.5043      
# span 17 =     0.5065,     2.7345      
# span 18 =     0.0000,     0.0000      
# span 19 =     0.1254,     4.7484      
# span 20 =     0.0000,     0.0000      
# span 21 =     0.0048,     3.7328      
# span 22 =     0.0000,     0.0000      
# span 23 =     0.5062,     2.7345      
# span 24 =    34.4558,    34.8205      
# span 25 =    34.4540,    37.4111      
# span 26 =    23.0083,    26.9059      
# span 27 =    23.1846,    26.9069      
# span 28 =     0.0340,     6.6166      
# span 29 =      1.034,    202.113      
# span 30 =      0.362,     97.766      
# span 31 = 0.0000e+00, 0.0000e+00      
# interval = meters: 1                  
# start_time = Apr 24 2018 14:03:03 [System UTC, first data scan.]
# bad_flag = -9.990e-29
*END*
[from data line 46]
    284.074       6819     47.295 -106.12626   20.31084     47.000    15.9842    15.9781   4.339584   4.338824 2.6545e-01    12.3678     4.5414 7.4282e-01          0     4.5414     0.0885     0.6894     0.0000     4.4515     0.0000     1.1677     0.0000     0.6890    34.5417    34.5402    25.4003    25.4006     0.5937     18.093      7.420 0.0000e+00
    285.846       6861     48.301 -106.12626   20.31084     48.000    15.7663    15.7599   4.316534   4.315766 2.4663e-01    12.3665     4.5428 6.8201e-01          0     4.5428     0.0822     0.6811     0.0000     4.4547     0.0000     1.1306     0.0000     0.6807    34.5258    34.5245    25.4375    25.4380     0.6611     20.148      8.226 0.0000e+00
    288.296       6920     49.308 -106.12626   20.31084     49.000    15.5548    15.5482   4.293996   4.293496 2.4523e-01    12.3648     4.5447 6.2783e-01          0     4.5447     0.0817     0.6940     0.0000     4.4635     0.0000     1.0947     0.0000     0.6936    34.5084    34.5098    25.4718    25.4743     0.6963     21.219      8.628 0.0000e+00
    290.827       6981     50.314 -106.12626   20.31083     50.000    15.5338    15.5337   4.296823   4.296520 2.4202e-01    12.3683     4.5407 5.8885e-01          0     4.5407     0.0807     0.6672     0.0000     4.4680     0.0000     1.0669     0.0000     0.6668    34.5519    34.5492    25.5100    25.5079     0.5054     15.402      6.261 0.0000e+00
    292.809       7028     51.321 -106.12626   20.31082     51.000    15.4669    15.4668   4.293738   4.293484 2.3671e-01    12.3649     4.5446 5.4768e-01          0     4.5446     0.0789     0.6346     0.0000     4.4718     0.0000     1.0355     0.0000     0.6342    34.5825    34.5803    25.5485    25.5469     0.4143     12.625      5.127 0.0000e+00
    294.481       7069     52.327 -106.12626   20.31082     52.000    15.4519    15.4524   4.293541   4.293360 2.3187e-01    12.3631     4.5467 5.0473e-01          0     4.5467     0.0773     0.6171     0.0000     4.4760     0.0000     1.0000     0.0000     0.6167    34.5935    34.5914    25.5604    25.5587     0.3696     11.262      4.573 0.0000e+00
    296.210       7110     53.334 -106.12626   20.31082     53.000    15.3520    15.3481   4.284512   4.283938 2.2310e-01    12.3641     4.5456 4.6091e-01          0     4.5456     0.0744     0.6030     0.0000     4.4796     0.0000     0.9606     0.0000     0.6026    34.5996    34.5979    25.5874    25.5869     0.3412     10.398      4.214 0.0000e+00
    298.452       7164     54.340 -106.12626   20.31082     54.000    15.2238    15.2223   4.272593   4.272302 2.1169e-01    12.3582     4.5522 4.2939e-01          0     4.5522     0.0706     0.5943     0.0000     3.7287     0.0000     0.9299     0.0000     0.5939    34.6045    34.6032    25.6196    25.6189     0.3257      9.924      4.012 0.0000e+00
    300.951       7224     55.346 -106.12624   20.31082     55.000    15.1821    15.1822   4.269417   4.269210 2.1474e-01    12.3584     4.5520 4.1280e-01          0     4.5520     0.0716     0.5870     0.0000     3.6540     0.0000     0.9129     0.0000     0.5866    34.6122    34.6103    25.6348    25.6332     0.2999      9.138      3.691 0.0000e+00
    302.646       7265     56.353 -106.12624   20.31082     56.000    15.1945    15.1961   4.271873   4.271767 2.4080e-01    12.3646     4.5450 3.9026e-01          0     4.5450     0.0803     0.5805     0.0000     3.3302     0.0000     0.8884     0.0000     0.5800    34.6231    34.6208    25.6404    25.6383     0.2618      7.977      3.223 0.0000e+00
    304.077       7299     57.359 -106.12624   20.31082     57.000    15.2274    15.2288   4.277139   4.277020 2.9047e-01    12.3598     4.5505 3.6313e-01          0     4.5505     0.0968     0.5701     0.0000     4.4707     0.0000     0.8571     0.0000     0.5696    34.6414    34.6390    25.6473    25.6452     0.2099      6.394      2.585 0.0000e+00
    305.918       7343     58.366 -106.12626   20.31082     58.000    15.2607    15.2614   4.283319   4.283074 4.0662e-01    12.3648     4.5447 3.3298e-01          0     4.5447     0.1355     0.5544     0.0000     4.4960     0.0000     0.8194     0.0000     0.5540    34.6675    34.6647    25.6601    25.6578     0.1593      4.853      1.964 0.0000e+00
    308.835       7413     59.372 -106.12624   20.31082     59.000    15.2870    15.2882   4.287441   4.287356 4.8830e-01    12.3707     4.5380 3.0781e-01          0     4.5380     0.1628     0.5411     0.0000     4.4651     0.0000     0.7855     0.0000     0.5407    34.6812    34.6793    25.6649    25.6631     0.1391      4.239      1.717 0.0000e+00
    311.411       7475     60.379 -106.12624   20.31082     60.000    15.2808    15.2815   4.287376   4.287287 5.0327e-01    12.3739     4.5344 2.9101e-01          0     4.5344     0.1678     0.5367     0.0000     4.2250     0.0000     0.7612     0.0000     0.5363    34.6856    34.6842    25.6696    25.6684     0.1261      3.841      1.555 0.0000e+00
    312.956       7512     61.385 -106.12624   20.31082     61.000    15.2789    15.2799   4.288671   4.288531 5.4068e-01    12.3760     4.5320 2.7016e-01          0     4.5320     0.1802     0.5332     0.0000     4.5136     0.0000     0.7289     0.0000     0.5327    34.6986    34.6965    25.6801    25.6783     0.1091      3.326      1.347 0.0000e+00
    314.255       7543     62.392 -106.12624   20.31082     62.000    15.2950    15.2965   4.291572   4.291532 6.4526e-01    12.3850     4.5218 2.5103e-01          0     4.5218     0.2151     0.5298     0.0000     4.5091     0.0000     0.6970     0.0000     0.5294    34.7102    34.7085    25.6855    25.6839     0.0963      2.935      1.189 0.0000e+00
    315.664       7577     63.398 -106.12624   20.31082     63.000    15.2945    15.2952   4.292894   4.292772 7.5122e-01    12.3918     4.5142 2.3033e-01          0     4.5142     0.2504     0.5257     0.0000     4.5107     0.0000     0.6596     0.0000     0.5253    34.7223    34.7205    25.6950    25.6934     0.0794      2.420      0.981 0.0000e+00
    318.257       7639     64.405 -106.12624   20.31082     64.000    15.2376    15.2385   4.290250   4.290123 1.0920e+00    12.4291     4.4724 2.1113e-01          0     4.4724     0.3640     0.5182     0.0000     4.5129     0.0000     0.6219     0.0000     0.5177    34.7483    34.7464    25.7277    25.7260     0.0578      1.760      0.712 0.0000e+00
    321.384       7714     65.411 -106.12624   20.31082     65.000    15.1778    15.1791   4.284776   4.284680 1.0237e+00    12.4170     4.4859 1.9239e-01          0     4.4859     0.3412     0.5143     0.0000     4.5163     0.0000     0.5816     0.0000     0.5138    34.7513    34.7493    25.7432    25.7414     0.0536      1.632      0.660 0.0000e+00
    322.958       7752     66.417 -106.12624   20.31082     66.000    15.1380    15.1371   4.280419   4.280138 9.9375e-01    12.4151     4.4880 1.7516e-01          0     4.4880     0.3313     0.5141     0.0000     4.5176     0.0000     0.5410     0.0000     0.5137    34.7467    34.7450    25.7485    25.7474     0.0554      1.688      0.682 0.0000e+00
    324.370       7786     67.424 -106.12624   20.31082     67.000    15.0005    14.9995   4.268308   4.268056 8.9865e-01    12.4139     4.4893 1.5935e-01          0     4.4893     0.2995     0.5140     0.0000     4.5189     0.0000     0.4999     0.0000     0.5136    34.7585    34.7571    25.7878    25.7870     0.0549      1.672      0.674 0.0000e+00
    326.091       7827     68.431 -106.12624   20.31082     68.000    14.8448    14.8453   4.254098   4.253929 9.0234e-01    12.4019     4.5028 1.4463e-01          0     4.5028     0.3008     0.5139     0.0000     4.5201     0.0000     0.4579     0.0000     0.5135    34.7672    34.7652    25.8286    25.8270     0.0547      1.665      0.669 0.0000e+00
    328.467       7884     69.437 -106.12624   20.31082     69.000    14.7347    14.7366   4.244177   4.244169 1.0049e+00    12.3981     4.5070 1.3322e-01          0     4.5070     0.3350     0.5138     0.0000     4.5222     0.0000     0.4224     0.0000     0.5134    34.7744    34.7726    25.8581    25.8563     0.0537      1.635      0.656 0.0000e+00
    330.763       7939     70.444 -106.12626   20.31082     70.000    14.6068    14.6089   4.232450   4.232447 1.0386e+00    12.3962     4.5092 1.2287e-01          0     4.5092     0.3462     0.5132     0.0000     4.5244     0.0000     0.3874     0.0000     0.5128    34.7809    34.7790    25.8908    25.8889     0.0525      1.599      0.639 0.0000e+00
    332.594       7983     71.450 -106.12626   20.31082     71.000    14.4920    14.4956   4.221710   4.221905 1.0450e+00    12.3978     4.5074 1.1339e-01          0     4.5074     0.3483     0.5134     0.0000     2.7583     0.0000     0.3526     0.0000     0.5130    34.7847    34.7832    25.9184    25.9165     0.0530      1.615      0.644 0.0000e+00
    334.178       8021     72.456 -106.12626   20.31082     72.000    14.3659    14.3660   4.210176   4.209995 9.8208e-01    12.3908     4.5153 1.0409e-01          0     4.5153     0.3274     0.5129     0.0000     4.5378     0.0000     0.3156     0.0000     0.5125    34.7912    34.7895    25.9505    25.9491     0.0507      1.544      0.615 0.0000e+00
    335.797       8060     73.463 -106.12626   20.31082     73.000    14.3618    14.3603   4.209877   4.209551 9.6859e-01    12.3902     4.5160 9.4837e-02          0     4.5160     0.3229     0.5128     0.0000     4.5293     0.0000     0.2752     0.0000     0.5124    34.7916    34.7900    25.9517    25.9508     0.0512      1.561      0.621 0.0000e+00
    338.249       8119     74.470 -106.12626   20.31082     74.000    14.3315    14.3349   4.207054   4.207233 9.7630e-01    12.3892     4.5171 8.5056e-02          0     4.5171     0.3254     0.5127     0.0000     4.5309     0.0000     0.2278     0.0000     0.5123    34.7924    34.7910    25.9588    25.9570     0.0513      1.562      0.621 0.0000e+00
    341.633       8200     75.476 -106.12626   20.31082     75.000    14.1940    14.1981   4.193748   4.194082 8.3308e-01    12.3819     4.5253 7.6178e-02          0     4.5253     0.2777     0.5128     0.0000     4.5333     0.0000     0.1809     0.0000     0.5124    34.7928    34.7921    25.9883    25.9869     0.0517      1.576      0.625 0.0000e+00
    343.219       8238     76.482 -106.12626   20.31082     76.000    14.0342    14.0342   4.179032   4.178916 5.7626e-01    12.3751     4.5330 7.4123e-02          0     4.5330     0.1921     0.5127     0.0000     4.5355     0.0000     0.1687     0.0000     0.5123    34.8000    34.7989    26.0276    26.0268     0.0514      1.567      0.620 0.0000e+00
    344.390       8266     77.489 -106.12626   20.31082     77.000    13.9913    13.9913   4.174975   4.174838 4.8733e-01    12.3739     4.5345 6.9414e-02          0     4.5345     0.1624     0.5127     0.0000     4.5367     0.0000     0.1406     0.0000     0.5123    34.8006    34.7994    26.0371    26.0362     0.0506      1.540      0.608 0.0000e+00
    345.507       8293     78.496 -106.12626   20.31082     78.000    13.9334    13.9330   4.169649   4.169483 4.3448e-01    12.3714     4.5372 6.6246e-02          0     4.5372     0.1448     0.5125     0.0000     4.5375     0.0000     0.1203     0.0000     0.5121    34.8029    34.8017    26.0511    26.0503     0.0502      1.529      0.603 0.0000e+00
    346.961       8328     79.502 -106.12626   20.31082     79.000    13.8984    13.9000   4.166390   4.166413 4.1954e-01    12.3699     4.5390 6.2382e-02          0     4.5390     0.1398     0.5124     0.0000     4.5389     0.0000     0.0944     0.0000     0.5120    34.8038    34.8026    26.0592    26.0578     0.0492      1.497      0.590 0.0000e+00
    350.272       8408     80.509 -106.12626   20.31082     80.000    13.8606    13.8535   4.162811   4.162026 4.1467e-01    12.3695     4.5394 5.5661e-02          0     4.5394     0.1382     0.5118     0.0000     4.5410     0.0000     0.0447     0.0000     0.5114    34.8042    34.8034    26.0674    26.0682     0.0482      1.469      0.579 0.0000e+00
    352.954       8472     81.516 -106.12626   20.31082     81.000    13.7892    13.7893   4.156037   4.155961 3.4521e-01    12.3678     4.5414 5.1200e-02          0     4.5414     0.1151     0.5117     0.0000     4.5434     0.0000     0.0093     0.0000     0.5113    34.8052    34.8045    26.0831    26.0825     0.0475      1.447      0.569 0.0000e+00
    354.666       8513     82.522 -106.12626   20.31082     82.000    13.7296    13.7293   4.150437   4.150352 2.8285e-01    12.3689     4.5401 5.0862e-02          0     4.5401     0.0943     0.5117     0.0000     4.5447     0.0000     0.0065     0.0000     0.5113    34.8065    34.8061    26.0965    26.0962     0.0481      1.466      0.576 0.0000e+00
    356.316       8553     83.528 -106.12626   20.31084     83.000    13.7007    13.7008   4.148035   4.147975 2.3351e-01    12.3680     4.5411 5.0671e-02          0     4.5411     0.0778     0.5116     0.0000     4.5458     0.0000     0.0049     0.0000     0.5112    34.8099    34.8092    26.1051    26.1046     0.0475      1.447      0.568 0.0000e+00
    358.038       8594     84.535 -106.12626   20.31084     84.000    13.6391    13.6383   4.142442   4.142335 1.7042e-01    12.3677     4.5415 5.0671e-02          0     4.5415     0.0568     0.5116     0.0000     4.5472     0.0000     0.0049     0.0000     0.5112    34.8131    34.8127    26.1203    26.1202     0.0481      1.466      0.575 0.0000e+00
    359.905       8639     85.542 -106.12626   20.31084     85.000    13.5818    13.5808   4.136977   4.136842 1.5604e-01    12.3675     4.5417 5.0671e-02          0     4.5417     0.0520     0.5116     0.0000     4.5484     0.0000     0.0049     0.0000     0.5112    34.8134    34.8131    26.1324    26.1324     0.0478      1.456      0.570 0.0000e+00
    361.815       8685     86.548 -106.12626   20.31084     86.000    13.5527    13.5536   4.134070   4.134077 1.7089e-01    12.3664     4.5429 5.0671e-02          0     4.5429     0.0570     0.5115     0.0000     4.5496     0.0000     0.0049     0.0000     0.5111    34.8122    34.8114    26.1375    26.1367     0.0473      1.441      0.564 0.0000e+00
    363.789       8732     87.555 -106.12626   20.31084     87.000    13.5466    13.5478   4.133503   4.133536 1.8270e-01    12.3659     4.5435 5.0671e-02          0     4.5435     0.0609     0.5114     0.0000     4.5511     0.0000     0.0049     0.0000     0.5110    34.8120    34.8112    26.1387    26.1378     0.0470      1.431      0.560 0.0000e+00
    365.919       8783     88.561 -106.12626   20.31084     88.000    13.5322    13.5329   4.132121   4.132122 1.8230e-01    12.3655     4.5439 5.0671e-02          0     4.5439     0.0608     0.5111     0.0000     4.5520     0.0000     0.0049     0.0000     0.5107    34.8117    34.8110    26.1415    26.1407     0.0450      1.371      0.537 0.0000e+00
    368.001       8833     89.568 -106.12626   20.31084     89.000    13.5129    13.5133   4.130316   4.130291 1.7672e-01    12.3660     4.5434 5.0671e-02          0     4.5434     0.0589     0.5112     0.0000     4.5536     0.0000     0.0049     0.0000     0.5108    34.8119    34.8113    26.1455    26.1450     0.0476      1.451      0.568 0.0000e+00
    369.841       8877     90.575 -106.12626   20.31084     90.000    13.4643    13.4642   4.125853   4.125813 1.5795e-01    12.3654     4.5441 5.0671e-02          0     4.5441     0.0527     0.5111     0.0000     4.5546     0.0000     0.0049     0.0000     0.5107    34.8137    34.8135    26.1569    26.1568     0.0449      1.369      0.535 0.0000e+00
