data/ctd-cnv/RR1804/RR1803-St33-P1/Station33_cast60.cnv
* Sea-Bird SBE 9 Data File:
* FileName = C:\CTD\RR1805\Station33_cast60.hex
* Software Version Seasave V 7.26.6.26
* Temperature SN = 4307
* Conductivity SN = 4650
* Number of Bytes Per Scan = 44
* Number of Voltage Words = 5
* Number of Scans Averaged by the Deck Unit = 1
* NMEA Latitude = 20 06.91 N
* NMEA Longitude = 106 00.73 W
* NMEA UTC (Time) = Apr 22 2018 10:12:45
** Ship: Revell
** Station: On Deck
** Operator: GR
** Station P1 cast 60 Prim Prod
# nquan = 32
# nvalues = 151                         
# units = specified
# name 0 = timeS: Time, Elapsed [seconds]
# name 1 = scan: Scan Count
# name 2 = prDM: Pressure, Digiquartz [db]
# name 3 = longitude: Longitude [deg]
# name 4 = latitude: Latitude [deg]
# name 5 = depSMignore: Depth [salt water, m]
# name 6 = t090C: Temperature [ITS-90, deg C]
# name 7 = t190C: Temperature, 2 [ITS-90, deg C]
# name 8 = c0S/m: Conductivity [S/m]
# name 9 = c1S/m: Conductivity, 2 [S/m]
# name 10 = flSP: Fluorescence, Seapoint
# name 11 = CStarAt0: Beam Attenuation, WET Labs C-Star [1/m]
# name 12 = CStarTr0: Beam Transmission, WET Labs C-Star [%]
# name 13 = par: PAR/Irradiance, Biospherical/Licor
# name 14 = modError: Modulo Error Count
# name 15 = v0: Voltage 0
# name 16 = v1: Voltage 1
# name 17 = v2: Voltage 2
# name 18 = v3: Voltage 3
# name 19 = v4: Voltage 4
# name 20 = v5: Voltage 5
# name 21 = v6: Voltage 6
# name 22 = v7: Voltage 7
# name 23 = sbeox0V: Oxygen raw, SBE 43 [V]
# name 24 = sal00: Salinity, Practical [PSU]
# name 25 = sal11: Salinity, Practical, 2 [PSU]
# name 26 = sigma-é00: Density [sigma-theta, kg/m^3]
# name 27 = sigma-é11: Density, 2 [sigma-theta, kg/m^3]
# name 28 = sbeox0Mg/L: Oxygen, SBE 43 [mg/l], WS = 2
# name 29 = sbox0Mm/Kg: Oxygen, SBE 43 [umol/kg], WS = 2
# name 30 = sbeox0PS: Oxygen, SBE 43 [% saturation], WS = 2
# name 31 = flag: flag
# span 0 =      8.016,    285.178       
# span 1 =        193,       6845       
# span 2 =      2.012,    152.992       
# span 3 = -106.01231, -106.01228       
# span 4 =   20.11524,   20.11528       
# span 5 =      2.000,    152.000       
# span 6 =    12.5905,    23.6656       
# span 7 =    12.5842,    23.6601       
# span 8 =   4.044222,   5.111275       
# span 9 =   4.043721,   5.110919       
# span 10 = 7.1441e-02, 1.6855e+00      
# span 11 =    12.3582,    12.5854      
# span 12 =     4.3008,     4.5522      
# span 13 = 4.8768e-02, 2.2330e-01      
# span 14 =          0,          0      
# span 15 =     4.3008,     4.5522      
# span 16 =     0.0237,     0.5618      
# span 17 =     0.5079,     2.6267      
# span 18 =     0.0000,     0.0000      
# span 19 =     2.5386,     4.6776      
# span 20 =     0.0000,     0.0000      
# span 21 =    -0.0079,     0.6077      
# span 22 =     0.0000,     0.0000      
# span 23 =     0.5076,     2.6267      
# span 24 =    34.4640,    34.8203      
# span 25 =    34.4640,    34.8213      
# span 26 =    23.4116,    26.3333      
# span 27 =    23.4144,    26.3353      
# span 28 =     0.0352,     6.4593      
# span 29 =      1.070,    197.239      
# span 30 =      0.413,     93.002      
# span 31 = 0.0000e+00, 0.0000e+00      
# interval = meters: 1                  
# start_time = Apr 22 2018 10:12:46 [System UTC, first data scan.]
# bad_flag = -9.990e-29
*END*
[from data line 136]
    252.455       6060    138.896 -106.01230   20.11526    138.000    12.8295    12.8300   4.066816   4.066985 8.3950e-02    12.3640     4.5456 5.0671e-02          0     4.5456     0.0280     0.5080     0.0000     4.5869     0.0000     0.0049     0.0000     0.5077    34.8149    34.8161    26.2873    26.2881     0.0363      1.106      0.427 0.0000e+00
    253.260       6079    139.903 -106.01230   20.11526    139.000    12.7887    12.7889   4.062601   4.062701 8.2799e-02    12.3599     4.5503 5.0671e-02          0     4.5503     0.0276     0.5084     0.0000     4.5874     0.0000     0.0049     0.0000     0.5080    34.8118    34.8125    26.2930    26.2935     0.0372      1.131      0.436 0.0000e+00
    254.180       6101    140.909 -106.01230   20.11526    140.000    12.7729    12.7738   4.061243   4.061466 8.2420e-02    12.3594     4.5509 5.0671e-02          0     4.5509     0.0275     0.5081     0.0000     4.5877     0.0000     0.0049     0.0000     0.5078    34.8129    34.8142    26.2970    26.2979     0.0352      1.070      0.413 0.0000e+00
    255.200       6126    141.916 -106.01230   20.11526    141.000    12.7713    12.7719   4.061261   4.061446 8.0746e-02    12.3605     4.5497 5.0671e-02          0     4.5497     0.0270     0.5080     0.0000     4.5884     0.0000     0.0049     0.0000     0.5077    34.8141    34.8153    26.2983    26.2991     0.0362      1.102      0.425 0.0000e+00
    256.199       6150    142.923 -106.01230   20.11526    142.000    12.7623    12.7634   4.060380   4.060624 8.1218e-02    12.3599     4.5504 5.0671e-02          0     4.5504     0.0271     0.5083     0.0000     4.5885     0.0000     0.0049     0.0000     0.5080    34.8135    34.8149    26.2997    26.3005     0.0378      1.150      0.443 0.0000e+00
    257.214       6174    143.930 -106.01230   20.11526    143.000    12.7523    12.7536   4.059359   4.059605 8.1319e-02    12.3602     4.5501 5.0671e-02          0     4.5501     0.0271     0.5082     0.0000     4.5885     0.0000     0.0049     0.0000     0.5079    34.8125    34.8138    26.3009    26.3016     0.0361      1.100      0.424 0.0000e+00
    258.479       6204    144.937 -106.01230   20.11526    144.000    12.7430    12.7435   4.058428   4.058623 8.0693e-02    12.3624     4.5476 5.0671e-02          0     4.5476     0.0269     0.5081     0.0000     4.5888     0.0000     0.0049     0.0000     0.5078    34.8118    34.8132    26.3022    26.3032     0.0356      1.083      0.417 0.0000e+00
    260.032       6242    145.944 -106.01230   20.11526    145.000    12.7359    12.7369   4.057727   4.057965 8.2269e-02    12.3599     4.5504 5.0671e-02          0     4.5504     0.0275     0.5081     0.0000     4.5890     0.0000     0.0049     0.0000     0.5078    34.8111    34.8125    26.3031    26.3040     0.0364      1.110      0.427 0.0000e+00
    261.217       6270    146.951 -106.01230   20.11526    146.000    12.7222    12.7229   4.056361   4.056579 8.0717e-02    12.3590     4.5513 5.0671e-02          0     4.5513     0.0269     0.5080     0.0000     4.5889     0.0000     0.0049     0.0000     0.5077    34.8103    34.8117    26.3052    26.3062     0.0353      1.075      0.414 0.0000e+00
    262.084       6291    147.957 -106.01230   20.11526    147.000    12.7205    12.7210   4.056356   4.056530 8.3397e-02    12.3604     4.5497 5.0671e-02          0     4.5497     0.0278     0.5079     0.0000     4.5886     0.0000     0.0049     0.0000     0.5076    34.8114    34.8126    26.3064    26.3073     0.0355      1.081      0.416 0.0000e+00
    262.925       6311    148.964 -106.01230   20.11526    148.000    12.7094    12.7099   4.055221   4.055399 8.2103e-02    12.3598     4.5505 5.0671e-02          0     4.5505     0.0274     0.5080     0.0000     4.5890     0.0000     0.0049     0.0000     0.5077    34.8104    34.8116    26.3078    26.3087     0.0355      1.080      0.416 0.0000e+00
    264.089       6339    149.971 -106.01230   20.11526    149.000    12.6904    12.6910   4.053275   4.053455 8.0588e-02    12.3591     4.5512 5.0671e-02          0     4.5512     0.0269     0.5079     0.0000     4.5894     0.0000     0.0049     0.0000     0.5076    34.8087    34.8099    26.3104    26.3112     0.0356      1.084      0.417 0.0000e+00
    268.796       6452    150.978 -106.01230   20.11526    150.000    12.6953    12.7001   4.053825   4.054468 8.2165e-02    12.3589     4.5515 5.0671e-02          0     4.5515     0.0274     0.5079     0.0000     4.5880     0.0000     0.0049     0.0000     0.5076    34.8091    34.8108    26.3097    26.3101     0.0356      1.085      0.418 0.0000e+00
    280.343       6729    151.985 -106.01228   20.11526    151.000    12.6521    12.6673   4.049601   4.051316 8.8154e-02    12.3582     4.5522 5.0671e-02          0     4.5522     0.0294     0.5079     0.0000     4.5922     0.0000     0.0049     0.0000     0.5076    34.8080    34.8105    26.3174    26.3163     0.0357      1.088      0.418 0.0000e+00
    285.178       6845    152.992 -106.01228   20.11526    152.000    12.5905    12.5842   4.044222   4.043721 7.1441e-02    12.3611     4.5490 5.0671e-02          0     4.5490     0.0237     0.5079     0.0000     4.5912     0.0000     0.0049     0.0000     0.5076    34.8128    34.8138    26.3333    26.3353     0.0355      1.084      0.416 0.0000e+00
