data/ctd-cnv/RR1804/RR1803-St33-P1/Station33_cast66.cnv
* Sea-Bird SBE 9 Data File:
* FileName = C:\CTD\RR1805\Station33_cast66.hex
* Software Version Seasave V 7.26.6.26
* Temperature SN = 4307
* Conductivity SN = 4650
* Number of Bytes Per Scan = 44
* Number of Voltage Words = 5
* Number of Scans Averaged by the Deck Unit = 1
* NMEA Latitude = 20 23.68 N
* NMEA Longitude = 106 08.01 W
* NMEA UTC (Time) = Apr 25 2018 15:02:53
** Ship: Revell
** Station: 33 (P1)
** Operator: Gabrielle
** cast 66
# nquan = 32
# nvalues = 501                         
# units = specified
# name 0 = timeS: Time, Elapsed [seconds]
# name 1 = scan: Scan Count
# name 2 = prDM: Pressure, Digiquartz [db]
# name 3 = longitude: Longitude [deg]
# name 4 = latitude: Latitude [deg]
# name 5 = depSMignore: Depth [salt water, m]
# name 6 = t090C: Temperature [ITS-90, deg C]
# name 7 = t190C: Temperature, 2 [ITS-90, deg C]
# name 8 = c0S/m: Conductivity [S/m]
# name 9 = c1S/m: Conductivity, 2 [S/m]
# name 10 = flSP: Fluorescence, Seapoint
# name 11 = CStarAt0: Beam Attenuation, WET Labs C-Star [1/m]
# name 12 = CStarTr0: Beam Transmission, WET Labs C-Star [%]
# name 13 = par: PAR/Irradiance, Biospherical/Licor
# name 14 = modError: Modulo Error Count
# name 15 = v0: Voltage 0
# name 16 = v1: Voltage 1
# name 17 = v2: Voltage 2
# name 18 = v3: Voltage 3
# name 19 = v4: Voltage 4
# name 20 = v5: Voltage 5
# name 21 = v6: Voltage 6
# name 22 = v7: Voltage 7
# name 23 = sbeox0V: Oxygen raw, SBE 43 [V]
# name 24 = sal00: Salinity, Practical [PSU]
# name 25 = sal11: Salinity, Practical, 2 [PSU]
# name 26 = sigma-é00: Density [sigma-theta, kg/m^3]
# name 27 = sigma-é11: Density, 2 [sigma-theta, kg/m^3]
# name 28 = sbeox0Mg/L: Oxygen, SBE 43 [mg/l], WS = 2
# name 29 = sbox0Mm/Kg: Oxygen, SBE 43 [umol/kg], WS = 2
# name 30 = sbeox0PS: Oxygen, SBE 43 [% saturation], WS = 2
# name 31 = flag: flag
# span 0 =     28.021,    819.635       
# span 1 =        673,      19672       
# span 2 =      1.006,    504.707       
# span 3 = -106.13358, -106.13354       
# span 4 =   20.39472,   20.39478       
# span 5 =      1.000,    501.000       
# span 6 =     8.4132,    25.4977       
# span 7 =     8.4032,    25.4985       
# span 8 =   3.643204,   5.322668       
# span 9 =   3.642405,   5.325928       
# span 10 = 7.3128e-02, 1.4763e+00      
# span 11 =    12.3422,    14.2765      
# span 12 =     4.2474,     4.5705      
# span 13 = 5.0665e-02, 1.2937e+03      
# span 14 =          0,          0      
# span 15 =     4.2474,     4.5705      
# span 16 =     0.0244,     0.4921      
# span 17 =     0.5064,     2.7254      
# span 18 =     0.0000,     0.0000      
# span 19 =     0.9259,     5.0963      
# span 20 =     0.0000,     0.0000      
# span 21 =     0.0049,     4.4003      
# span 22 =     0.0000,     0.0000      
# span 23 =     0.5061,     2.7254      
# span 24 =    34.5183,    34.8219      
# span 25 =    34.4415,    34.8238      
# span 26 =    22.9742,    26.8935      
# span 27 =    22.7682,    26.8961      
# span 28 =     0.0335,     6.9880      
# span 29 =      1.018,    213.472      
# span 30 =      0.358,    103.920      
# span 31 = 0.0000e+00, 0.0000e+00      
# interval = meters: 1                  
# start_time = Apr 25 2018 15:02:55 [System UTC, first data scan.]
# bad_flag = -9.990e-29
*END*
[from data line 227]
    485.520      11653    229.534 -106.13358   20.39474    228.000    11.7630    11.7637   3.963532   3.963786 7.6530e-02    12.3578     4.5528 5.0671e-02          0     4.5528     0.0255     0.5079     0.0000     4.6217     0.0000     0.0049     0.0000     0.5076    34.7662    34.7680    26.4580    26.4593     0.0367      1.116      0.421 0.0000e+00
    486.347      11673    230.541 -106.13358   20.39474    229.000    11.7427    11.7431   3.961582   3.961826 7.5794e-02    12.3574     4.5532 5.0671e-02          0     4.5532     0.0252     0.5079     0.0000     4.6216     0.0000     0.0049     0.0000     0.5076    34.7656    34.7676    26.4614    26.4629     0.0367      1.117      0.421 0.0000e+00
    487.201      11694    231.549 -106.13358   20.39474    230.000    11.7286    11.7287   3.960198   3.960416 7.4148e-02    12.3591     4.5512 5.0671e-02          0     4.5512     0.0247     0.5079     0.0000     4.6240     0.0000     0.0049     0.0000     0.5076    34.7648    34.7668    26.4634    26.4650     0.0370      1.125      0.424 0.0000e+00
    488.173      11717    232.556 -106.13358   20.39474    231.000    11.7101    11.7103   3.958376   3.958605 7.4420e-02    12.3768     4.5312 5.0671e-02          0     4.5312     0.0248     0.5080     0.0000     4.6286     0.0000     0.0049     0.0000     0.5076    34.7638    34.7659    26.4661    26.4677     0.0368      1.121      0.422 0.0000e+00
    489.229      11742    233.563 -106.13356   20.39474    232.000    11.6975    11.6979   3.957168   3.957418 7.3413e-02    12.3605     4.5497 5.0671e-02          0     4.5497     0.0245     0.5079     0.0000     4.6290     0.0000     0.0049     0.0000     0.5076    34.7633    34.7654    26.4681    26.4697     0.0366      1.115      0.420 0.0000e+00
    490.238      11767    234.570 -106.13356   20.39474    233.000    11.6862    11.6864   3.956073   3.956296 7.3577e-02    12.3562     4.5545 5.0671e-02          0     4.5545     0.0245     0.5079     0.0000     4.6292     0.0000     0.0049     0.0000     0.5076    34.7626    34.7647    26.4698    26.4713     0.0370      1.126      0.424 0.0000e+00
    491.202      11790    235.578 -106.13356   20.39474    234.000    11.6683    11.6685   3.954308   3.954515 7.4053e-02    12.3568     4.5538 5.0671e-02          0     4.5538     0.0247     0.5080     0.0000     4.6298     0.0000     0.0049     0.0000     0.5077    34.7616    34.7635    26.4724    26.4738     0.0370      1.125      0.424 0.0000e+00
    492.236      11815    236.585 -106.13358   20.39474    235.000    11.6491    11.6494   3.952385   3.952612 7.5691e-02    12.3597     4.5506 5.0671e-02          0     4.5506     0.0252     0.5079     0.0000     4.6300     0.0000     0.0049     0.0000     0.5076    34.7603    34.7623    26.4749    26.4765     0.0366      1.115      0.420 0.0000e+00
    493.420      11843    237.593 -106.13358   20.39474    236.000    11.6386    11.6389   3.951349   3.951587 7.5702e-02    12.3562     4.5545 5.0671e-02          0     4.5545     0.0252     0.5079     0.0000     4.6300     0.0000     0.0049     0.0000     0.5076    34.7595    34.7616    26.4763    26.4779     0.0368      1.121      0.422 0.0000e+00
    494.559      11870    238.600 -106.13358   20.39474    237.000    11.6331    11.6335   3.950816   3.951067 7.4050e-02    12.3555     4.5553 5.0671e-02          0     4.5553     0.0247     0.5079     0.0000     4.6301     0.0000     0.0049     0.0000     0.5076    34.7590    34.7612    26.4770    26.4786     0.0368      1.121      0.422 0.0000e+00
    495.499      11893    239.607 -106.13358   20.39474    238.000    11.6310    11.6316   3.950658   3.950933 7.4132e-02    12.3562     4.5545 5.0671e-02          0     4.5545     0.0247     0.5079     0.0000     4.6300     0.0000     0.0049     0.0000     0.5076    34.7590    34.7612    26.4774    26.4790     0.0373      1.136      0.427 0.0000e+00
    496.331      11913    240.614 -106.13358   20.39474    239.000    11.6282    11.6288   3.950418   3.950688 7.4608e-02    12.3556     4.5552 5.0671e-02          0     4.5552     0.0248     0.5080     0.0000     4.6299     0.0000     0.0049     0.0000     0.5077    34.7588    34.7610    26.4778    26.4794     0.0383      1.167      0.439 0.0000e+00
    497.135      11932    241.622 -106.13358   20.39474    240.000    11.6111    11.6112   3.948687   3.948845 7.5000e-02    12.3555     4.5553 5.0671e-02          0     4.5553     0.0250     0.5081     0.0000     4.6300     0.0000     0.0049     0.0000     0.5078    34.7574    34.7588    26.4799    26.4810     0.0369      1.123      0.422 0.0000e+00
    497.974      11952    242.629 -106.13356   20.39474    241.000    11.5749    11.5750   3.945140   3.945331 7.4595e-02    12.3573     4.5532 5.0671e-02          0     4.5532     0.0248     0.5079     0.0000     4.6301     0.0000     0.0049     0.0000     0.5076    34.7560    34.7578    26.4856    26.4870     0.0361      1.100      0.414 0.0000e+00
    498.881      11974    243.637 -106.13356   20.39474    242.000    11.5625    11.5629   3.943959   3.944204 7.4756e-02    12.3561     4.5546 5.0671e-02          0     4.5546     0.0249     0.5079     0.0000     4.6306     0.0000     0.0049     0.0000     0.5076    34.7556    34.7576    26.4876    26.4891     0.0369      1.123      0.422 0.0000e+00
    499.904      11999    244.644 -106.13356   20.39474    243.000    11.5467    11.5469   3.942414   3.942634 7.5334e-02    12.3556     4.5552 5.0671e-02          0     4.5552     0.0251     0.5079     0.0000     4.6308     0.0000     0.0049     0.0000     0.5076    34.7547    34.7567    26.4898    26.4914     0.0369      1.124      0.422 0.0000e+00
    501.309      12032    245.651 -106.13358   20.39474    244.000    11.5298    11.5301   3.940754   3.941021 7.6053e-02    12.3561     4.5547 5.0671e-02          0     4.5547     0.0253     0.5079     0.0000     4.6310     0.0000     0.0049     0.0000     0.5076    34.7538    34.7561    26.4924    26.4941     0.0369      1.125      0.422 0.0000e+00
    502.899      12071    246.659 -106.13358   20.39474    245.000    11.5197    11.5202   3.939791   3.940050 7.5223e-02    12.3581     4.5524 5.0671e-02          0     4.5524     0.0250     0.5079     0.0000     4.6312     0.0000     0.0049     0.0000     0.5076    34.7533    34.7555    26.4938    26.4954     0.0370      1.125      0.422 0.0000e+00
    503.947      12096    247.666 -106.13358   20.39474    246.000    11.5059    11.5061   3.938429   3.938678 7.4351e-02    12.3597     4.5506 5.0671e-02          0     4.5506     0.0248     0.5079     0.0000     4.6303     0.0000     0.0049     0.0000     0.5076    34.7525    34.7547    26.4958    26.4974     0.0370      1.125      0.422 0.0000e+00
    504.742      12115    248.673 -106.13358   20.39474    247.000    11.4894    11.4900   3.936839   3.937114 7.6138e-02    12.3589     4.5514 5.0671e-02          0     4.5514     0.0253     0.5079     0.0000     4.6299     0.0000     0.0049     0.0000     0.5076    34.7518    34.7539    26.4983    26.4999     0.0370      1.126      0.422 0.0000e+00
    505.455      12132    249.681 -106.13358   20.39474    248.000    11.4792    11.4795   3.935862   3.936105 7.4989e-02    12.3571     4.5535 5.0671e-02          0     4.5535     0.0250     0.5079     0.0000     4.6302     0.0000     0.0049     0.0000     0.5076    34.7513    34.7534    26.4999    26.5014     0.0370      1.126      0.423 0.0000e+00
    506.223      12150    250.688 -106.13358   20.39474    249.000    11.4660    11.4662   3.934554   3.934765 7.4909e-02    12.3556     4.5552 5.0671e-02          0     4.5552     0.0249     0.5079     0.0000     4.6316     0.0000     0.0049     0.0000     0.5076    34.7503    34.7522    26.5016    26.5030     0.0370      1.127      0.423 0.0000e+00
    507.196      12174    251.696 -106.13358   20.39474    250.000    11.4465    11.4468   3.932639   3.932864 7.5558e-02    12.3553     4.5556 5.0671e-02          0     4.5556     0.0252     0.5079     0.0000     4.6317     0.0000     0.0049     0.0000     0.5076    34.7493    34.7513    26.5044    26.5059     0.0370      1.128      0.423 0.0000e+00
    508.410      12203    252.703 -106.13358   20.39474    251.000    11.4420    11.4425   3.932227   3.932499 7.6198e-02    12.3557     4.5552 5.0671e-02          0     4.5552     0.0254     0.5079     0.0000     4.6321     0.0000     0.0049     0.0000     0.5076    34.7490    34.7513    26.5051    26.5067     0.0370      1.128      0.423 0.0000e+00
    509.565      12231    253.710 -106.13358   20.39476    252.000    11.4410    11.4415   3.932184   3.932452 7.4994e-02    12.3552     4.5557 5.0671e-02          0     4.5557     0.0250     0.5079     0.0000     4.6323     0.0000     0.0049     0.0000     0.5076    34.7491    34.7513    26.5053    26.5069     0.0368      1.120      0.420 0.0000e+00
    510.554      12254    254.718 -106.13358   20.39476    253.000    11.4389    11.4393   3.932011   3.932276 7.6140e-02    12.3562     4.5546 5.0671e-02          0     4.5546     0.0253     0.5078     0.0000     4.6324     0.0000     0.0049     0.0000     0.5075    34.7490    34.7512    26.5056    26.5072     0.0369      1.125      0.421 0.0000e+00
    511.521      12278    255.725 -106.13358   20.39476    254.000    11.4350    11.4355   3.931679   3.931936 1.7678e-01    12.3554     4.5555 5.0671e-02          0     4.5555     0.0589     0.5079     0.0000     4.6325     0.0000     0.0049     0.0000     0.5076    34.7489    34.7510    26.5063    26.5079     0.0373      1.133      0.425 0.0000e+00
    512.593      12303    256.733 -106.13357   20.39476    255.000    11.4297    11.4302   3.931177   3.931434 8.6861e-02    12.3566     4.5541 5.0671e-02          0     4.5541     0.0289     0.5079     0.0000     4.6325     0.0000     0.0049     0.0000     0.5076    34.7485    34.7506    26.5070    26.5085     0.0371      1.129      0.423 0.0000e+00
    513.716      12330    257.740 -106.13356   20.39476    256.000    11.4235    11.4238   3.930587   3.930833 7.5389e-02    12.3571     4.5536 5.0671e-02          0     4.5536     0.0251     0.5079     0.0000     4.6325     0.0000     0.0049     0.0000     0.5076    34.7481    34.7502    26.5078    26.5094     0.0371      1.129      0.423 0.0000e+00
    514.712      12354    258.748 -106.13356   20.39476    257.000    11.4168    11.4172   3.929952   3.930208 7.5594e-02    12.3559     4.5549 5.0671e-02          0     4.5549     0.0252     0.5079     0.0000     4.6321     0.0000     0.0049     0.0000     0.5076    34.7477    34.7498    26.5088    26.5104     0.0371      1.129      0.423 0.0000e+00
    515.546      12374    259.755 -106.13356   20.39476    258.000    11.4114    11.4116   3.929458   3.929713 7.5767e-02    12.3556     4.5552 5.0671e-02          0     4.5552     0.0252     0.5079     0.0000     4.6313     0.0000     0.0049     0.0000     0.5076    34.7474    34.7497    26.5096    26.5113     0.0368      1.120      0.419 0.0000e+00
    516.294      12392    260.762 -106.13356   20.39476    259.000    11.4055    11.4059   3.928903   3.929164 7.6279e-02    12.3585     4.5520 5.0671e-02          0     4.5520     0.0254     0.5078     0.0000     4.6314     0.0000     0.0049     0.0000     0.5075    34.7470    34.7492    26.5104    26.5120     0.0369      1.123      0.420 0.0000e+00
    517.063      12411    261.770 -106.13358   20.39476    260.000    11.3995    11.4000   3.928335   3.928546 7.6923e-02    12.3594     4.5509 5.0671e-02          0     4.5509     0.0256     0.5079     0.0000     4.6323     0.0000     0.0049     0.0000     0.5076    34.7465    34.7482    26.5112    26.5123     0.0374      1.139      0.426 0.0000e+00
    517.971      12432    262.777 -106.13358   20.39476    261.000    11.3886    11.3890   3.927269   3.927513 7.4957e-02    12.3559     4.5549 5.0671e-02          0     4.5549     0.0250     0.5079     0.0000     4.6324     0.0000     0.0049     0.0000     0.5076    34.7459    34.7479    26.5127    26.5142     0.0371      1.131      0.423 0.0000e+00
    519.180      12461    263.785 -106.13358   20.39476    262.000    11.3750    11.3753   3.925935   3.926186 7.4876e-02    12.3549     4.5561 5.0671e-02          0     4.5561     0.0249     0.5079     0.0000     4.6325     0.0000     0.0049     0.0000     0.5076    34.7450    34.7472    26.5145    26.5162     0.0372      1.131      0.423 0.0000e+00
    520.548      12494    264.792 -106.13358   20.39476    263.000    11.3551    11.3555   3.923961   3.924221 7.4558e-02    12.3545     4.5565 5.0671e-02          0     4.5565     0.0248     0.5079     0.0000     4.6325     0.0000     0.0049     0.0000     0.5076    34.7437    34.7460    26.5172    26.5189     0.0372      1.132      0.423 0.0000e+00
    521.787      12524    265.799 -106.13358   20.39476    264.000    11.3490    11.3493   3.923397   3.923653 7.5907e-02    12.3550     4.5559 5.0671e-02          0     4.5559     0.0253     0.5079     0.0000     4.6325     0.0000     0.0049     0.0000     0.5076    34.7435    34.7457    26.5182    26.5199     0.0364      1.107      0.414 0.0000e+00
    522.914      12551    266.807 -106.13357   20.39476    265.000    11.3451    11.3456   3.923085   3.923335 7.6626e-02    12.3553     4.5556 5.0671e-02          0     4.5556     0.0255     0.5078     0.0000     4.6328     0.0000     0.0049     0.0000     0.5075    34.7436    34.7457    26.5190    26.5205     0.0374      1.138      0.426 0.0000e+00
    524.027      12578    267.814 -106.13356   20.39476    266.000    11.3448    11.3454   3.923103   3.923370 7.5508e-02    12.3558     4.5550 5.0671e-02          0     4.5550     0.0251     0.5079     0.0000     4.6330     0.0000     0.0049     0.0000     0.5076    34.7436    34.7457    26.5191    26.5206     0.0374      1.137      0.426 0.0000e+00
    525.076      12603    268.822 -106.13356   20.39476    267.000    11.3418    11.3420   3.922837   3.923088 7.4995e-02    12.3597     4.5505 5.0671e-02          0     4.5505     0.0250     0.5079     0.0000     4.6328     0.0000     0.0049     0.0000     0.5076    34.7434    34.7456    26.5195    26.5212     0.0372      1.133      0.424 0.0000e+00
    526.021      12626    269.830 -106.13356   20.39476    268.000    11.3298    11.3301   3.921686   3.921921 7.5244e-02    12.3584     4.5520 5.0671e-02          0     4.5520     0.0251     0.5079     0.0000     4.6329     0.0000     0.0049     0.0000     0.5076    34.7429    34.7448    26.5213    26.5228     0.0372      1.133      0.424 0.0000e+00
    526.885      12646    270.837 -106.13356   20.39476    269.000    11.3217    11.3221   3.920932   3.921199 7.4692e-02    12.3593     4.5510 5.0671e-02          0     4.5510     0.0249     0.5079     0.0000     4.6326     0.0000     0.0049     0.0000     0.5076    34.7425    34.7448    26.5226    26.5243     0.0372      1.133      0.424 0.0000e+00
    527.682      12665    271.844 -106.13356   20.39476    270.000    11.3141    11.3145   3.920204   3.920434 7.5198e-02    12.3545     4.5565 5.0671e-02          0     4.5565     0.0250     0.5079     0.0000     4.6324     0.0000     0.0049     0.0000     0.5076    34.7420    34.7439    26.5236    26.5250     0.0363      1.106      0.413 0.0000e+00
    528.442      12684    272.852 -106.13356   20.39476    271.000    11.3030    11.3033   3.919112   3.919361 7.6319e-02    12.3543     4.5567 5.0671e-02          0     4.5567     0.0254     0.5077     0.0000     4.6326     0.0000     0.0049     0.0000     0.5074    34.7413    34.7434    26.5251    26.5267     0.0359      1.094      0.409 0.0000e+00
