data/ctd-cnv/RR1804/RR1803-St33-P1/Station33_cast68.cnv
* Sea-Bird SBE 9 Data File:
* FileName = C:\CTD\RR1805\Station33_cast68.hex
* Software Version Seasave V 7.26.6.26
* Temperature SN = 4307
* Conductivity SN = 4650
* Number of Bytes Per Scan = 44
* Number of Voltage Words = 5
* Number of Scans Averaged by the Deck Unit = 1
* NMEA Latitude = 20 26.08 N
* NMEA Longitude = 106 10.38 W
* NMEA UTC (Time) = Apr 26 2018 06:06:44
** Ship: Revell
** Station: P1 cast 67
** Operator: Clara
** P1 cast 68 diel
# nquan = 32
# nvalues = 202                         
# units = specified
# name 0 = timeS: Time, Elapsed [seconds]
# name 1 = scan: Scan Count
# name 2 = prDM: Pressure, Digiquartz [db]
# name 3 = longitude: Longitude [deg]
# name 4 = latitude: Latitude [deg]
# name 5 = depSMignore: Depth [salt water, m]
# name 6 = t090C: Temperature [ITS-90, deg C]
# name 7 = t190C: Temperature, 2 [ITS-90, deg C]
# name 8 = c0S/m: Conductivity [S/m]
# name 9 = c1S/m: Conductivity, 2 [S/m]
# name 10 = flSP: Fluorescence, Seapoint
# name 11 = CStarAt0: Beam Attenuation, WET Labs C-Star [1/m]
# name 12 = CStarTr0: Beam Transmission, WET Labs C-Star [%]
# name 13 = par: PAR/Irradiance, Biospherical/Licor
# name 14 = modError: Modulo Error Count
# name 15 = v0: Voltage 0
# name 16 = v1: Voltage 1
# name 17 = v2: Voltage 2
# name 18 = v3: Voltage 3
# name 19 = v4: Voltage 4
# name 20 = v5: Voltage 5
# name 21 = v6: Voltage 6
# name 22 = v7: Voltage 7
# name 23 = sbeox0V: Oxygen raw, SBE 43 [V]
# name 24 = sal00: Salinity, Practical [PSU]
# name 25 = sal11: Salinity, Practical, 2 [PSU]
# name 26 = sigma-é00: Density [sigma-theta, kg/m^3]
# name 27 = sigma-é11: Density, 2 [sigma-theta, kg/m^3]
# name 28 = sbeox0Mg/L: Oxygen, SBE 43 [mg/l], WS = 2
# name 29 = sbox0Mm/Kg: Oxygen, SBE 43 [umol/kg], WS = 2
# name 30 = sbeox0PS: Oxygen, SBE 43 [% saturation], WS = 2
# name 31 = flag: flag
# span 0 =     -3.991,    381.527       
# span 1 =        -95,       9158       
# span 2 =      1.006,    203.347       
# span 3 = -106.17312, -106.17304       
# span 4 =   20.43464,   20.43474       
# span 5 =      1.000,    202.000       
# span 6 =    11.9280,    25.8538       
# span 7 =    11.9258,    25.8671       
# span 8 =   3.979251,   5.354362       
# span 9 =   3.979150,   5.356041       
# span 10 = 7.6369e-02, 1.9168e+00      
# span 11 =    12.3596,    12.5690      
# span 12 =     4.3186,     4.5507      
# span 13 = 5.0659e-02, 3.7648e-01      
# span 14 =          0,          0      
# span 15 =     4.3186,     4.5507      
# span 16 =     0.0254,     0.6389      
# span 17 =     0.5065,     2.7404      
# span 18 =     0.0000,     0.0000      
# span 19 =     0.2873,     4.6448      
# span 20 =     0.0000,     0.0000      
# span 21 =     0.0048,     0.8503      
# span 22 =     0.0000,     0.0000      
# span 23 =     0.5062,     2.7404      
# span 24 =    34.4536,    34.8157      
# span 25 =    34.4511,    34.8164      
# span 26 =    22.8462,    26.4347      
# span 27 =    22.8437,    26.4360      
# span 28 =     0.0308,     6.6116      
# span 29 =      0.938,    201.949      
# span 30 =      0.355,     98.012      
# span 31 = 0.0000e+00, 0.0000e+00      
# interval = meters: 1                  
# start_time = Apr 26 2018 06:06:40 [System UTC, first data scan.]
# bad_flag = -9.990e-29
*END*
     -3.991        -95      1.006 -106.17310   20.43467      1.000    25.6967    25.7167   5.337077   5.338785 5.1721e-01    12.4533     4.4453 1.1600e-01          0     4.4453     0.1724     2.7302     0.0000     2.7849     0.0000     0.4642     0.0000     2.7302    34.6856    34.6829    22.8903    22.8821     6.5312    199.536     97.428 0.0000e+00
     10.574        255      2.012 -106.17310   20.43472      2.000    25.6271    25.6054   5.329680   5.327342 6.0877e-01    12.4546     4.4439 3.7648e-01          0     4.4439     0.2029     2.7373     0.0000     1.7305     0.0000     0.8503     0.0000     2.7373    34.6841    34.6835    22.9107    22.9169     6.5736    200.826     97.944 0.0000e+00
     18.293        440      3.018 -106.17310   20.43472      3.000    25.7001    25.7065   5.337651   5.338478 5.4330e-01    12.4522     4.4466 1.2958e-01          0     4.4466     0.1811     2.7388     0.0000     0.2873     0.0000     0.3894     0.0000     2.7388    34.6865    34.6878    22.8901    22.8891     6.5699    200.718     98.012 0.0000e+00
     20.288        488      4.025 -106.17310   20.43472      4.000    25.7770    25.7470   5.346319   5.343068 5.1666e-01    12.4522     4.4465 1.2454e-01          0     4.4465     0.1722     2.7404     0.0000     2.7802     0.0000     0.3673     0.0000     2.7404    34.6911    34.6902    22.8698    22.8784     6.5576    200.346     97.957 0.0000e+00
     22.151        533      5.031 -106.17310   20.43473      5.000    25.8538    25.8671   5.354362   5.356041 5.0550e-01    12.4518     4.4470 8.9312e-02          0     4.4470     0.1685     2.7335     0.0000     4.4928     0.0000     0.2335     0.0000     2.7335    34.6912    34.6934    22.8462    22.8437     6.5249    199.351     97.595 0.0000e+00
     24.071        579      6.037 -106.17310   20.43474      6.000    25.6874    25.6804   5.336656   5.336183 5.2090e-01    12.4525     4.4462 7.0044e-02          0     4.4462     0.1736     2.7306     0.0000     4.5090     0.0000     0.1303     0.0000     2.7306    34.6880    34.6899    22.8952    22.8989     6.5497    200.099     97.689 0.0000e+00
     26.164        629      7.043 -106.17310   20.43474      7.000    25.5907    25.5745   5.326270   5.324531 5.9178e-01    12.4572     4.4410 5.9486e-02          0     4.4410     0.1973     2.7322     0.0000     4.5098     0.0000     0.0666     0.0000     2.7322    34.6853    34.6849    22.9232    22.9279     6.5562    200.293     97.626 0.0000e+00
     28.154        677      8.050 -106.17310   20.43474      8.000    25.6064    25.5922   5.327773   5.326268 6.0027e-01    12.4595     4.4384 5.2028e-02          0     4.4384     0.2001     2.7229     0.0000     4.5103     0.0000     0.0156     0.0000     2.7229    34.6841    34.6838    22.9175    22.9217     6.5187    199.149     97.093 0.0000e+00
     30.009        721      9.056 -106.17310   20.43474      9.000    25.2863    25.2882   5.290277   5.290663 6.5043e-01    12.4971     4.3969 5.1050e-02          0     4.3969     0.2168     2.7118     0.0000     4.5104     0.0000     0.0079     0.0000     2.7118    34.6524    34.6538    22.9918    22.9923     6.5223    199.243     96.603 0.0000e+00
     32.409        779     10.062 -106.17310   20.43474     10.000    24.8061    24.8615   5.236916   5.244302 9.0895e-01    12.4960     4.3981 5.0659e-02          0     4.3981     0.3030     2.7150     0.0000     4.5115     0.0000     0.0048     0.0000     2.7150    34.6251    34.6373    23.1172    23.1096     6.6116    201.949     97.115 0.0000e+00
     34.766        835     11.068 -106.17310   20.43474     11.000    24.5009    24.4987   5.201196   5.201420 9.9679e-01    12.4850     4.4102 5.0671e-02          0     4.4102     0.3323     2.7012     0.0000     4.5126     0.0000     0.0049     0.0000     2.7012    34.5934    34.5968    23.1852    23.1884     6.5695    200.648     95.976 0.0000e+00
     36.385        874     12.074 -106.17310   20.43474     12.000    24.2855    24.2911   5.178097   5.178458 9.1013e-01    12.4861     4.4090 5.0671e-02          0     4.4090     0.3034     2.6906     0.0000     4.2130     0.0000     0.0049     0.0000     2.6906    34.5864    34.5848    23.2443    23.2414     6.5827    201.041     95.811 0.0000e+00
     37.887        910     13.081 -106.17310   20.43474     13.000    24.2813    24.2825   5.177949   5.178071 9.4254e-01    12.4928     4.4016 5.0671e-02          0     4.4016     0.3142     2.6870     0.0000     4.5082     0.0000     0.0049     0.0000     2.6870    34.5883    34.5882    23.2471    23.2467     6.5794    200.938     95.756 0.0000e+00
     39.796        956     14.087 -106.17309   20.43474     14.000    24.2800    24.2688   5.178067   5.176959 1.0138e+00    12.4953     4.3988 5.0704e-02          0     4.3988     0.3379     2.6839     0.0000     4.0259     0.0000     0.0052     0.0000     2.6839    34.5898    34.5902    23.2486    23.2523     6.5716    200.701     95.642 0.0000e+00
     42.596       1023     15.093 -106.17308   20.43474     15.000    24.2055    24.2275   5.169972   5.172841 1.0547e+00    12.5003     4.3934 5.0670e-02          0     4.3934     0.3516     2.6636     0.0000     4.5344     0.0000     0.0049     0.0000     2.6636    34.5863    34.5908    23.2682    23.2651     6.4906    198.223     94.340 0.0000e+00
     44.902       1079     16.099 -106.17308   20.43472     16.000    24.0870    24.0837   5.157684   5.157424 1.1919e+00    12.5082     4.3847 5.0671e-02          0     4.3847     0.3973     2.6519     0.0000     4.5154     0.0000     0.0049     0.0000     2.6519    34.5853    34.5859    23.3027    23.3041     6.4927    198.280     94.177 0.0000e+00
     46.418       1115     17.106 -106.17308   20.43472     17.000    24.0657    24.0685   5.155546   5.155949 1.1993e+00    12.5135     4.3789 5.0671e-02          0     4.3789     0.3998     2.6321     0.0000     4.5159     0.0000     0.0049     0.0000     2.6321    34.5854    34.5862    23.3091    23.3089     6.3840    194.960     92.567 0.0000e+00
     47.992       1153     18.112 -106.17308   20.43472     18.000    23.8132    23.8123   5.128823   5.128940 1.3827e+00    12.5198     4.3720 5.0671e-02          0     4.3720     0.4609     2.6032     0.0000     4.5166     0.0000     0.0049     0.0000     2.6032    34.5792    34.5809    23.3790    23.3805     6.3461    193.787     91.613 0.0000e+00
     50.102       1203     19.118 -106.17308   20.43472     19.000    23.6822    23.6845   5.115099   5.115606 1.4870e+00    12.5324     4.3582 5.0671e-02          0     4.3582     0.4957     2.5644     0.0000     4.5171     0.0000     0.0049     0.0000     2.5644    34.5769    34.5789    23.4157    23.4166     6.1882    188.961     89.132 0.0000e+00
     52.696       1266     20.124 -106.17306   20.43472     20.000    23.3238    23.3324   5.077228   5.078553 1.6267e+00    12.5320     4.3587 5.0671e-02          0     4.3587     0.5422     2.4661     0.0000     4.5185     0.0000     0.0049     0.0000     2.4661    34.5680    34.5714    23.5136    23.5137     5.9031    180.237     84.491 0.0000e+00
     55.050       1322     21.131 -106.17306   20.43472     21.000    23.0546    23.0532   5.050104   5.050384 1.6335e+00    12.5385     4.3516 5.0671e-02          0     4.3516     0.5445     2.3548     0.0000     4.5193     0.0000     0.0049     0.0000     2.3548    34.5709    34.5742    23.5937    23.5966     5.4870    167.520     78.171 0.0000e+00
     56.624       1360     22.137 -106.17306   20.43471     22.000    22.7041    22.6985   5.013992   5.013292 1.5956e+00    12.5368     4.3535 5.0671e-02          0     4.3535     0.5319     2.2013     0.0000     4.5208     0.0000     0.0049     0.0000     2.2013    34.5683    34.5673    23.6922    23.6930     4.7859    146.100     67.768 0.0000e+00
     57.976       1392     23.143 -106.17306   20.43470     23.000    21.8040    21.7735   4.919145   4.915794 1.5319e+00    12.5166     4.3755 5.0671e-02          0     4.3755     0.5106     1.9629     0.0000     4.5225     0.0000     0.0049     0.0000     1.9628    34.5425    34.5405    23.9255    23.9324     4.0680    124.158     56.687 0.0000e+00
     60.005       1441     24.150 -106.17306   20.43470     24.000    21.2338    21.2549   4.863567   4.865114 1.5603e+00    12.5077     4.3853 5.0671e-02          0     4.3853     0.5201     1.8068     0.0000     4.5253     0.0000     0.0049     0.0000     1.8067    34.5600    34.5553    24.0963    24.0871     3.9296    119.911     54.201 0.0000e+00
     62.970       1512     25.156 -106.17306   20.43470     25.000    20.4252    20.4274   4.779622   4.779901 1.6696e+00    12.5339     4.3566 5.0671e-02          0     4.3566     0.5565     1.5569     0.0000     4.5282     0.0000     0.0049     0.0000     1.5567    34.5409    34.5414    24.2999    24.2996     2.9836     91.028     40.562 0.0000e+00
     65.174       1565     26.162 -106.17306   20.43470     26.000    19.7746    19.7661   4.713446   4.712379 1.9168e+00    12.5443     4.3453 5.0671e-02          0     4.3453     0.6389     1.3597     0.0000     4.5311     0.0000     0.0049     0.0000     1.3595    34.5343    34.5325    24.4668    24.4677     2.5550     77.937     34.312 0.0000e+00
     67.108       1612     27.168 -106.17306   20.43470     27.000    19.4312    19.4294   4.678411   4.677978 1.7369e+00    12.5543     4.3345 5.0671e-02          0     4.3345     0.5790     1.2369     0.0000     4.5333     0.0000     0.0049     0.0000     1.2367    34.5287    34.5266    24.5516    24.5505     2.1391     65.245     28.547 0.0000e+00
     68.661       1649     28.175 -106.17306   20.43469     28.000    19.0805    19.0759   4.643520   4.642687 1.8451e+00    12.5690     4.3186 5.0671e-02          0     4.3186     0.6151     1.1291     0.0000     4.5354     0.0000     0.0049     0.0000     1.1289    34.5297    34.5266    24.6424    24.6412     1.8373     56.036     24.359 0.0000e+00
     70.102       1683     29.181 -106.17306   20.43468     29.000    18.5929    18.5898   4.592464   4.591853 1.6344e+00    12.5265     4.3648 5.0671e-02          0     4.3648     0.5448     1.0689     0.0000     4.5374     0.0000     0.0049     0.0000     1.0686    34.5086    34.5060    24.7494    24.7483     1.7947     54.730     23.574 0.0000e+00
     71.968       1728     30.187 -106.17306   20.43468     30.000    18.2895    18.2593   4.562165   4.558294 1.4500e+00    12.4893     4.4055 5.0671e-02          0     4.4055     0.4834     1.0466     0.0000     4.5395     0.0000     0.0049     0.0000     1.0463    34.5072    34.4998    24.8243    24.8261     1.8040     55.009     23.561 0.0000e+00
     74.939       1800     31.194 -106.17306   20.43468     31.000    17.9425    17.9220   4.526632   4.524445 1.2023e+00    12.4583     4.4397 5.0671e-02          0     4.4397     0.4008     1.0121     0.0000     4.5433     0.0000     0.0049     0.0000     1.0118    34.4971    34.4958    24.9022    24.9062     1.6560     50.495     21.489 0.0000e+00
     77.352       1857     32.200 -106.17306   20.43466     32.000    17.3959    17.3928   4.467563   4.466966 9.3219e-01    12.4250     4.4768 5.0671e-02          0     4.4768     0.3107     0.9639     0.0000     4.5473     0.0000     0.0049     0.0000     0.9637    34.4536    34.4511    25.0017    25.0005     1.5062     45.922     19.336 0.0000e+00
     79.093       1899     33.206 -106.17306   20.43466     33.000    17.2603    17.2569   4.454791   4.454120 7.7907e-01    12.4122     4.4912 5.0671e-02          0     4.4912     0.2597     0.9272     0.0000     4.5497     0.0000     0.0049     0.0000     0.9269    34.4583    34.4554    25.0379    25.0365     1.3045     39.770     16.703 0.0000e+00
     80.694       1938     34.213 -106.17306   20.43466     34.000    16.9819    16.9705   4.431466   4.430346 7.1164e-01    12.3939     4.5118 5.0671e-02          0     4.5118     0.2372     0.8307     0.0000     4.5515     0.0000     0.0049     0.0000     0.8304    34.4935    34.4935    25.1311    25.1338     0.7982     24.332     10.171 0.0000e+00
     82.607       1984     35.219 -106.17306   20.43466     35.000    16.7863    16.7818   4.418027   4.417138 5.1126e-01    12.3851     4.5218 5.0671e-02          0     4.5218     0.1704     0.7272     0.0000     4.5541     0.0000     0.0049     0.0000     0.7269    34.5438    34.5400    25.2159    25.2140     0.6413     19.548      8.141 0.0000e+00
     84.842       2037     36.225 -106.17306   20.43466     36.000    16.6458    16.6412   4.402773   4.401700 4.3601e-01    12.3817     4.5256 5.0671e-02          0     4.5256     0.1453     0.7042     0.0000     4.5571     0.0000     0.0049     0.0000     0.7039    34.5309    34.5255    25.2389    25.2358     0.7319     22.311      9.266 0.0000e+00
     86.695       2082     37.232 -106.17306   20.43466     37.000    16.5244    16.5203   4.389154   4.388461 3.7223e-01    12.3756     4.5324 5.0671e-02          0     4.5324     0.1241     0.7142     0.0000     4.5595     0.0000     0.0049     0.0000     0.7139    34.5156    34.5131    25.2556    25.2546     0.7712     23.507      9.739 0.0000e+00
     88.405       2123     38.238 -106.17306   20.43466     38.000    16.4257    16.4269   4.379679   4.379622 3.2668e-01    12.3770     4.5309 5.0671e-02          0     4.5309     0.1089     0.7086     0.0000     4.5567     0.0000     0.0049     0.0000     0.7082    34.5171    34.5156    25.2796    25.2782     0.6534     19.914      8.235 0.0000e+00
     90.360       2170     39.244 -106.17306   20.43466     39.000    16.4658    16.4665   4.388852   4.388787 3.6188e-01    12.3749     4.5333 5.0671e-02          0     4.5333     0.1206     0.6586     0.0000     4.5643     0.0000     0.0049     0.0000     0.6583    34.5629    34.5617    25.3056    25.3045     0.4408     13.436      5.562 0.0000e+00
     92.826       2229     40.251 -106.17306   20.43466     40.000    16.4224    16.4210   4.385403   4.384904 3.5120e-01    12.3741     4.5342 5.0671e-02          0     4.5342     0.1171     0.6293     0.0000     4.5673     0.0000     0.0049     0.0000     0.6290    34.5697    34.5665    25.3209    25.3188     0.4351     13.261      5.485 0.0000e+00
     95.086       2283     41.257 -106.17306   20.43466     41.000    16.3749    16.3747   4.381296   4.381067 3.4444e-01    12.3764     4.5316 5.0671e-02          0     4.5316     0.1148     0.6172     0.0000     4.5701     0.0000     0.0049     0.0000     0.6168    34.5742    34.5724    25.3354    25.3341     0.3662     11.161      4.612 0.0000e+00
     96.699       2322     42.264 -106.17306   20.43464     42.000    16.3175    16.3170   4.376408   4.376015 3.1233e-01    12.3760     4.5320 5.0671e-02          0     4.5320     0.1041     0.6039     0.0000     4.5719     0.0000     0.0049     0.0000     0.6036    34.5804    34.5775    25.3535    25.3514     0.3212      9.790      4.042 0.0000e+00
     98.455       2364     43.270 -106.17306   20.43465     43.000    16.3296    16.3288   4.381992   4.381880 3.4950e-01    12.3760     4.5321 5.0671e-02          0     4.5321     0.1165     0.5805     0.0000     4.5739     0.0000     0.0049     0.0000     0.5802    34.6190    34.6186    25.3804    25.3803     0.2243      6.836      2.823 0.0000e+00
    100.962       2424     44.276 -106.17307   20.43466     44.000    16.2656    16.2627   4.377579   4.376987 3.6994e-01    12.3784     4.5294 5.0671e-02          0     4.5294     0.1233     0.5615     0.0000     4.5764     0.0000     0.0049     0.0000     0.5611    34.6352    34.6325    25.4077    25.4063     0.2000      6.097      2.515 0.0000e+00
    103.113       2476     45.283 -106.17308   20.43466     45.000    16.2285    16.2296   4.376152   4.376135 3.1617e-01    12.3703     4.5386 5.0671e-02          0     4.5386     0.1054     0.5501     0.0000     4.5788     0.0000     0.0049     0.0000     0.5498    34.6545    34.6534    25.4310    25.4300     0.1360      4.145      1.709 0.0000e+00
