data/ctd-cnv/RR1804/RR1803-St33-P1/Station33_cast68.cnv
* Sea-Bird SBE 9 Data File:
* FileName = C:\CTD\RR1805\Station33_cast68.hex
* Software Version Seasave V 7.26.6.26
* Temperature SN = 4307
* Conductivity SN = 4650
* Number of Bytes Per Scan = 44
* Number of Voltage Words = 5
* Number of Scans Averaged by the Deck Unit = 1
* NMEA Latitude = 20 26.08 N
* NMEA Longitude = 106 10.38 W
* NMEA UTC (Time) = Apr 26 2018 06:06:44
** Ship: Revell
** Station: P1 cast 67
** Operator: Clara
** P1 cast 68 diel
# nquan = 32
# nvalues = 202                         
# units = specified
# name 0 = timeS: Time, Elapsed [seconds]
# name 1 = scan: Scan Count
# name 2 = prDM: Pressure, Digiquartz [db]
# name 3 = longitude: Longitude [deg]
# name 4 = latitude: Latitude [deg]
# name 5 = depSMignore: Depth [salt water, m]
# name 6 = t090C: Temperature [ITS-90, deg C]
# name 7 = t190C: Temperature, 2 [ITS-90, deg C]
# name 8 = c0S/m: Conductivity [S/m]
# name 9 = c1S/m: Conductivity, 2 [S/m]
# name 10 = flSP: Fluorescence, Seapoint
# name 11 = CStarAt0: Beam Attenuation, WET Labs C-Star [1/m]
# name 12 = CStarTr0: Beam Transmission, WET Labs C-Star [%]
# name 13 = par: PAR/Irradiance, Biospherical/Licor
# name 14 = modError: Modulo Error Count
# name 15 = v0: Voltage 0
# name 16 = v1: Voltage 1
# name 17 = v2: Voltage 2
# name 18 = v3: Voltage 3
# name 19 = v4: Voltage 4
# name 20 = v5: Voltage 5
# name 21 = v6: Voltage 6
# name 22 = v7: Voltage 7
# name 23 = sbeox0V: Oxygen raw, SBE 43 [V]
# name 24 = sal00: Salinity, Practical [PSU]
# name 25 = sal11: Salinity, Practical, 2 [PSU]
# name 26 = sigma-é00: Density [sigma-theta, kg/m^3]
# name 27 = sigma-é11: Density, 2 [sigma-theta, kg/m^3]
# name 28 = sbeox0Mg/L: Oxygen, SBE 43 [mg/l], WS = 2
# name 29 = sbox0Mm/Kg: Oxygen, SBE 43 [umol/kg], WS = 2
# name 30 = sbeox0PS: Oxygen, SBE 43 [% saturation], WS = 2
# name 31 = flag: flag
# span 0 =     -3.991,    381.527       
# span 1 =        -95,       9158       
# span 2 =      1.006,    203.347       
# span 3 = -106.17312, -106.17304       
# span 4 =   20.43464,   20.43474       
# span 5 =      1.000,    202.000       
# span 6 =    11.9280,    25.8538       
# span 7 =    11.9258,    25.8671       
# span 8 =   3.979251,   5.354362       
# span 9 =   3.979150,   5.356041       
# span 10 = 7.6369e-02, 1.9168e+00      
# span 11 =    12.3596,    12.5690      
# span 12 =     4.3186,     4.5507      
# span 13 = 5.0659e-02, 3.7648e-01      
# span 14 =          0,          0      
# span 15 =     4.3186,     4.5507      
# span 16 =     0.0254,     0.6389      
# span 17 =     0.5065,     2.7404      
# span 18 =     0.0000,     0.0000      
# span 19 =     0.2873,     4.6448      
# span 20 =     0.0000,     0.0000      
# span 21 =     0.0048,     0.8503      
# span 22 =     0.0000,     0.0000      
# span 23 =     0.5062,     2.7404      
# span 24 =    34.4536,    34.8157      
# span 25 =    34.4511,    34.8164      
# span 26 =    22.8462,    26.4347      
# span 27 =    22.8437,    26.4360      
# span 28 =     0.0308,     6.6116      
# span 29 =      0.938,    201.949      
# span 30 =      0.355,     98.012      
# span 31 = 0.0000e+00, 0.0000e+00      
# interval = meters: 1                  
# start_time = Apr 26 2018 06:06:40 [System UTC, first data scan.]
# bad_flag = -9.990e-29
*END*
[from data line 182]
    300.047       7202    184.212 -106.17310   20.43470    183.000    12.1925    12.1926   4.005042   4.005188 7.7076e-02    12.3641     4.5456 5.0671e-02          0     4.5456     0.0257     0.5074     0.0000     4.6386     0.0000     0.0049     0.0000     0.5071    34.7901    34.7913    26.3938    26.3947     0.0342      1.041      0.396 0.0000e+00
    300.993       7225    185.219 -106.17310   20.43470    184.000    12.1869    12.1875   4.004530   4.004723 7.7089e-02    12.3659     4.5435 5.0671e-02          0     4.5435     0.0257     0.5072     0.0000     4.6389     0.0000     0.0049     0.0000     0.5069    34.7898    34.7911    26.3946    26.3956     0.0333      1.013      0.386 0.0000e+00
    301.935       7247    186.226 -106.17310   20.43470    185.000    12.1672    12.1670   4.002533   4.002648 7.6927e-02    12.3637     4.5460 5.0671e-02          0     4.5460     0.0256     0.5074     0.0000     4.6356     0.0000     0.0049     0.0000     0.5071    34.7883    34.7896    26.3973    26.3984     0.0344      1.047      0.399 0.0000e+00
    302.884       7270    187.233 -106.17310   20.43470    186.000    12.1424    12.1424   4.000133   4.000273 7.6923e-02    12.3635     4.5463 5.0671e-02          0     4.5463     0.0256     0.5074     0.0000     4.6339     0.0000     0.0049     0.0000     0.5071    34.7877    34.7890    26.4016    26.4027     0.0347      1.058      0.402 0.0000e+00
    303.916       7295    188.240 -106.17310   20.43470    187.000    12.1252    12.1259   3.998450   3.998662 7.6774e-02    12.3635     4.5462 5.0671e-02          0     4.5462     0.0256     0.5074     0.0000     4.6343     0.0000     0.0049     0.0000     0.5071    34.7869    34.7883    26.4044    26.4053     0.0335      1.020      0.388 0.0000e+00
    305.087       7323    189.247 -106.17310   20.43470    188.000    12.1073    12.1073   3.996742   3.996875 7.7425e-02    12.3617     4.5482 5.0671e-02          0     4.5482     0.0258     0.5071     0.0000     4.6344     0.0000     0.0049     0.0000     0.5068    34.7865    34.7878    26.4075    26.4085     0.0331      1.008      0.383 0.0000e+00
    306.346       7353    190.254 -106.17310   20.43470    189.000    12.0949    12.0953   3.995559   3.995726 7.7276e-02    12.3614     4.5486 5.0671e-02          0     4.5486     0.0257     0.5073     0.0000     4.6348     0.0000     0.0049     0.0000     0.5070    34.7861    34.7874    26.4095    26.4105     0.0337      1.026      0.390 0.0000e+00
    307.566       7383    191.261 -106.17310   20.43470    190.000    12.0886    12.0887   3.994960   3.995108 7.6922e-02    12.3613     4.5487 5.0671e-02          0     4.5487     0.0256     0.5074     0.0000     4.6339     0.0000     0.0049     0.0000     0.5071    34.7857    34.7871    26.4105    26.4115     0.0348      1.059      0.403 0.0000e+00
    308.636       7408    192.268 -106.17310   20.43470    191.000    12.0850    12.0852   3.994658   3.994834 7.7406e-02    12.3613     4.5487 5.0671e-02          0     4.5487     0.0258     0.5073     0.0000     4.6314     0.0000     0.0049     0.0000     0.5070    34.7857    34.7872    26.4112    26.4123     0.0333      1.013      0.385 0.0000e+00
    309.596       7431    193.275 -106.17310   20.43470    192.000    12.0813    12.0815   3.994333   3.994511 7.8458e-02    12.3617     4.5483 5.0671e-02          0     4.5483     0.0261     0.5072     0.0000     4.6306     0.0000     0.0049     0.0000     0.5069    34.7855    34.7871    26.4118    26.4129     0.0335      1.021      0.388 0.0000e+00
    310.520       7453    194.283 -106.17310   20.43470    193.000    12.0715    12.0714   3.993366   3.993497 7.7588e-02    12.3626     4.5472 5.0671e-02          0     4.5472     0.0258     0.5073     0.0000     4.6342     0.0000     0.0049     0.0000     0.5070    34.7849    34.7862    26.4132    26.4142     0.0337      1.024      0.389 0.0000e+00
    311.465       7476    195.289 -106.17308   20.43470    194.000    12.0589    12.0589   3.992140   3.992262 7.6758e-02    12.3618     4.5481 5.0671e-02          0     4.5481     0.0256     0.5071     0.0000     4.6342     0.0000     0.0049     0.0000     0.5068    34.7842    34.7854    26.4151    26.4160     0.0331      1.007      0.383 0.0000e+00
    312.499       7501    196.297 -106.17308   20.43470    195.000    12.0301    12.0297   3.989218   3.989313 7.7304e-02    12.3617     4.5483 5.0671e-02          0     4.5483     0.0257     0.5073     0.0000     4.6400     0.0000     0.0049     0.0000     0.5070    34.7822    34.7834    26.4191    26.4201     0.0342      1.040      0.395 0.0000e+00
    313.659       7529    197.304 -106.17308   20.43470    196.000    12.0109    12.0112   3.987336   3.987512 7.8150e-02    12.3713     4.5374 5.0671e-02          0     4.5374     0.0260     0.5071     0.0000     4.6434     0.0000     0.0049     0.0000     0.5068    34.7812    34.7827    26.4220    26.4231     0.0321      0.977      0.370 0.0000e+00
    314.952       7560    198.311 -106.17308   20.43469    197.000    11.9984    11.9986   3.986130   3.986275 7.7047e-02    12.3626     4.5472 5.0671e-02          0     4.5472     0.0257     0.5070     0.0000     4.6442     0.0000     0.0049     0.0000     0.5067    34.7807    34.7820    26.4240    26.4249     0.0325      0.991      0.376 0.0000e+00
    316.289       7592    199.318 -106.17308   20.43468    198.000    11.9861    11.9864   3.984949   3.985128 7.6369e-02    12.3670     4.5422 5.0671e-02          0     4.5422     0.0254     0.5070     0.0000     4.6447     0.0000     0.0049     0.0000     0.5067    34.7802    34.7818    26.4260    26.4271     0.0327      0.996      0.378 0.0000e+00
    317.647       7625    200.325 -106.17308   20.43468    199.000    11.9794    11.9798   3.984323   3.984517 7.7011e-02    12.3631     4.5466 5.0671e-02          0     4.5466     0.0256     0.5070     0.0000     4.6447     0.0000     0.0049     0.0000     0.5067    34.7799    34.7814    26.4271    26.4282     0.0325      0.988      0.375 0.0000e+00
    319.193       7662    201.332 -106.17308   20.43468    200.000    11.9753    11.9751   3.983956   3.984090 7.6845e-02    12.3623     4.5475 5.0671e-02          0     4.5475     0.0256     0.5068     0.0000     4.6448     0.0000     0.0049     0.0000     0.5065    34.7798    34.7813    26.4278    26.4289     0.0322      0.981      0.372 0.0000e+00
    326.539       7838    202.340 -106.17306   20.43467    201.000    11.9634    11.9576   3.982855   3.982485 7.6843e-02    12.3621     4.5477 5.0671e-02          0     4.5477     0.0256     0.5070     0.0000     4.6444     0.0000     0.0049     0.0000     0.5067    34.7797    34.7815    26.4299    26.4325     0.0324      0.987      0.374 0.0000e+00
    381.527       9158    203.347 -106.17308   20.43471    202.000    11.9280    11.9258   3.979251   3.979150 7.7516e-02    12.3617     4.5483 5.0671e-02          0     4.5483     0.0258     0.5065     0.0000     4.6402     0.0000     0.0049     0.0000     0.5062    34.7771    34.7782    26.4347    26.4360     0.0308      0.938      0.355 0.0000e+00
