data/ctd-cnv/RR1804/RR1803-St33-P1/Station33_cast71.cnv
* Sea-Bird SBE 9 Data File:
* FileName = C:\CTD\RR1805\Station33_cast71.hex
* Software Version Seasave V 7.26.6.26
* Temperature SN = 4307
* Conductivity SN = 4650
* Number of Bytes Per Scan = 44
* Number of Voltage Words = 5
* Number of Scans Averaged by the Deck Unit = 1
* NMEA Latitude = 20 29.07 N
* NMEA Longitude = 106 11.47 W
* NMEA UTC (Time) = Apr 27 2018 00:01:50
** Ship: Revell
** Station: 33
** Operator: GR
** Station P1 Cast 71 Diel
# nquan = 32
# nvalues = 702                         
# units = specified
# name 0 = timeS: Time, Elapsed [seconds]
# name 1 = scan: Scan Count
# name 2 = prDM: Pressure, Digiquartz [db]
# name 3 = longitude: Longitude [deg]
# name 4 = latitude: Latitude [deg]
# name 5 = depSM: Depth [salt water, m]
# name 6 = t090C: Temperature [ITS-90, deg C]
# name 7 = t190C: Temperature, 2 [ITS-90, deg C]
# name 8 = c0S/m: Conductivity [S/m]
# name 9 = c1S/m: Conductivity, 2 [S/m]
# name 10 = flSP: Fluorescence, Seapoint
# name 11 = CStarAt0: Beam Attenuation, WET Labs C-Star [1/m]
# name 12 = CStarTr0: Beam Transmission, WET Labs C-Star [%]
# name 13 = par: PAR/Irradiance, Biospherical/Licor
# name 14 = modError: Modulo Error Count
# name 15 = v0: Voltage 0
# name 16 = v1: Voltage 1
# name 17 = v2: Voltage 2
# name 18 = v3: Voltage 3
# name 19 = v4: Voltage 4
# name 20 = v5: Voltage 5
# name 21 = v6: Voltage 6
# name 22 = v7: Voltage 7
# name 23 = sbeox0V: Oxygen raw, SBE 43 [V]
# name 24 = sal00: Salinity, Practical [PSU]
# name 25 = sal11: Salinity, Practical, 2 [PSU]
# name 26 = sigma-é00: Density [sigma-theta, kg/m^3]
# name 27 = sigma-é11: Density, 2 [sigma-theta, kg/m^3]
# name 28 = sbeox0Mg/L: Oxygen, SBE 43 [mg/l], WS = 2
# name 29 = sbox0Mm/Kg: Oxygen, SBE 43 [umol/kg], WS = 2
# name 30 = sbeox0PS: Oxygen, SBE 43 [% saturation], WS = 2
# name 31 = flag: flag
# span 0 =     28.661,   1113.767       
# span 1 =        689,      26731       
# span 2 =      1.006,    707.540       
# span 3 = -106.19122, -106.19116       
# span 4 =   20.48462,   20.48470       
# span 5 =      1.000,    702.000       
# span 6 =     6.3292,    25.9071       
# span 7 =     6.3280,    25.8857       
# span 8 =   3.455325,   5.341131       
# span 9 =   3.455313,   5.344914       
# span 10 = 7.2845e-02, 1.8771e+00      
# span 11 =    11.8044,    15.5269      
# span 12 =     3.9919,     4.5748      
# span 13 = 5.0012e-02, 1.3295e+02      
# span 14 =          0,          0      
# span 15 =     3.9919,     4.5748      
# span 16 =     0.0243,     0.6257      
# span 17 =     0.5053,     2.8806      
# span 18 =     0.0000,     0.0001      
# span 19 =     2.1624,     4.9244      
# span 20 =     0.0000,     0.0000      
# span 21 =    -0.0005,     3.2790      
# span 22 =     0.0000,     0.0000      
# span 23 =     0.5050,     2.8806      
# span 24 =    34.4994,    34.8143      
# span 25 =    34.4633,    34.8157      
# span 26 =    22.7271,    27.1387      
# span 27 =    22.6640,    27.1398      
# span 28 =     0.0283,     6.9516      
# span 29 =      0.861,    212.378      
# span 30 =      0.302,    103.706      
# span 31 = 0.0000e+00, 0.0000e+00      
# interval = meters: 1                  
# start_time = Apr 27 2018 00:01:47 [System UTC, first data scan.]
# bad_flag = -9.990e-29
*END*
[from data line 272]
    615.415      14771    274.868 -106.19120   20.48464    273.000    11.2597    11.2592   3.914648   3.914886 7.5025e-02    12.3550     4.5559 5.0671e-02          0     4.5559     0.0250     0.5067     0.0000     4.6611     0.0000     0.0049     0.0000     0.5064    34.7369    34.7397    26.5296    26.5319     0.0324      0.987      0.368 0.0000e+00
    616.689      14802    275.876 -106.19120   20.48462    274.000    11.2273    11.2265   3.911492   3.911658 7.4810e-02    12.3535     4.5576 5.0671e-02          0     4.5576     0.0249     0.5065     0.0000     4.6617     0.0000     0.0049     0.0000     0.5062    34.7356    34.7381    26.5346    26.5367     0.0319      0.970      0.362 0.0000e+00
    618.141      14836    276.883 -106.19120   20.48462    275.000    11.2103    11.2098   3.909854   3.910037 7.4195e-02    12.3533     4.5578 5.0671e-02          0     4.5578     0.0247     0.5066     0.0000     4.6617     0.0000     0.0049     0.0000     0.5063    34.7350    34.7373    26.5372    26.5391     0.0320      0.975      0.364 0.0000e+00
    619.527      14870    277.891 -106.19120   20.48462    276.000    11.1910    11.1901   3.907906   3.908062 7.4205e-02    12.3533     4.5578 5.0671e-02          0     4.5578     0.0247     0.5065     0.0000     4.6546     0.0000     0.0049     0.0000     0.5062    34.7334    34.7358    26.5395    26.5415     0.0322      0.980      0.366 0.0000e+00
    620.755      14899    278.899 -106.19120   20.48462    277.000    11.1411    11.1386   3.902750   3.902873 7.5760e-02    12.3529     4.5582 5.0671e-02          0     4.5582     0.0252     0.5067     0.0000     4.6566     0.0000     0.0049     0.0000     0.5064    34.7288    34.7323    26.5450    26.5482     0.0334      1.017      0.379 0.0000e+00
    621.795      14924    279.906 -106.19120   20.48463    278.000    11.1267    11.1265   3.901533   3.901731 7.4765e-02    12.3524     4.5588 5.0671e-02          0     4.5588     0.0249     0.5068     0.0000     4.6573     0.0000     0.0049     0.0000     0.5065    34.7298    34.7320    26.5485    26.5502     0.0308      0.938      0.349 0.0000e+00
    622.701      14946    280.914 -106.19120   20.48464    279.000    11.1181    11.1176   3.900718   3.900870 7.6025e-02    12.3529     4.5582 5.0671e-02          0     4.5582     0.0253     0.5062     0.0000     4.6585     0.0000     0.0049     0.0000     0.5059    34.7294    34.7314    26.5497    26.5513     0.0292      0.889      0.331 0.0000e+00
    623.518      14965    281.921 -106.19120   20.48464    280.000    11.1101    11.1104   3.899971   3.900215 7.5094e-02    12.3537     4.5574 5.0671e-02          0     4.5574     0.0250     0.5064     0.0000     4.6623     0.0000     0.0049     0.0000     0.5061    34.7291    34.7312    26.5510    26.5525     0.0332      1.010      0.376 0.0000e+00
    624.323      14985    282.929 -106.19120   20.48464    281.000    11.1084    11.1086   3.899880   3.900091 7.5948e-02    12.3529     4.5583 5.0671e-02          0     4.5583     0.0253     0.5066     0.0000     4.6629     0.0000     0.0049     0.0000     0.5063    34.7294    34.7312    26.5515    26.5529     0.0309      0.941      0.350 0.0000e+00
    625.130      15004    283.936 -106.19120   20.48464    282.000    11.1070    11.1069   3.899768   3.899961 7.5765e-02    12.3532     4.5579 5.0671e-02          0     4.5579     0.0252     0.5061     0.0000     4.6640     0.0000     0.0049     0.0000     0.5058    34.7291    34.7311    26.5516    26.5531     0.0295      0.898      0.334 0.0000e+00
    625.963      15024    284.944 -106.19120   20.48464    283.000    11.1053    11.1055   3.899665   3.899867 7.5921e-02    12.3548     4.5561 5.0671e-02          0     4.5561     0.0253     0.5064     0.0000     4.6642     0.0000     0.0049     0.0000     0.5061    34.7292    34.7311    26.5520    26.5534     0.0326      0.992      0.369 0.0000e+00
    626.841      15045    285.951 -106.19120   20.48464    284.000    11.1047    11.1050   3.899651   3.899868 7.6214e-02    12.3541     4.5569 5.0671e-02          0     4.5569     0.0254     0.5065     0.0000     4.6645     0.0000     0.0049     0.0000     0.5062    34.7292    34.7311    26.5521    26.5535     0.0319      0.972      0.362 0.0000e+00
    627.787      15068    286.959 -106.19120   20.48464    285.000    11.1036    11.1038   3.899588   3.899796 7.5494e-02    12.3546     4.5563 5.0671e-02          0     4.5563     0.0251     0.5064     0.0000     4.6642     0.0000     0.0049     0.0000     0.5061    34.7292    34.7310    26.5523    26.5537     0.0319      0.973      0.362 0.0000e+00
    628.811      15092    287.966 -106.19120   20.48464    286.000    11.1030    11.1034   3.899592   3.899807 7.6077e-02    12.3530     4.5581 5.0671e-02          0     4.5581     0.0253     0.5066     0.0000     4.6642     0.0000     0.0049     0.0000     0.5063    34.7293    34.7311    26.5526    26.5539     0.0313      0.954      0.355 0.0000e+00
    629.856      15118    288.974 -106.19120   20.48464    287.000    11.1026    11.1030   3.899599   3.899798 7.5243e-02    12.3545     4.5565 5.0671e-02          0     4.5565     0.0250     0.5061     0.0000     4.6649     0.0000     0.0049     0.0000     0.5058    34.7293    34.7310    26.5526    26.5539     0.0285      0.867      0.322 0.0000e+00
    630.893      15142    289.982 -106.19120   20.48464    288.000    11.1018    11.1020   3.899567   3.899764 7.4952e-02    12.3523     4.5590 5.0671e-02          0     4.5590     0.0250     0.5063     0.0000     4.6654     0.0000     0.0049     0.0000     0.5060    34.7293    34.7311    26.5528    26.5542     0.0320      0.973      0.362 0.0000e+00
    631.940      15168    290.989 -106.19120   20.48464    289.000    11.1015    11.1017   3.899586   3.899791 7.3868e-02    12.3542     4.5568 5.0671e-02          0     4.5568     0.0246     0.5061     0.0000     4.6645     0.0000     0.0049     0.0000     0.5058    34.7294    34.7312    26.5529    26.5543     0.0303      0.923      0.343 0.0000e+00
    632.993      15193    291.997 -106.19120   20.48464    290.000    11.1011    11.1015   3.899604   3.899798 7.4394e-02    12.3527     4.5585 5.0671e-02          0     4.5585     0.0248     0.5061     0.0000     4.6642     0.0000     0.0049     0.0000     0.5058    34.7295    34.7311    26.5531    26.5543     0.0308      0.938      0.349 0.0000e+00
    634.065      15219    293.004 -106.19120   20.48464    291.000    11.1008    11.1009   3.899607   3.899783 7.4105e-02    12.3520     4.5593 5.0671e-02          0     4.5593     0.0247     0.5063     0.0000     4.6642     0.0000     0.0049     0.0000     0.5060    34.7293    34.7310    26.5531    26.5544     0.0315      0.959      0.357 0.0000e+00
    635.203      15246    294.012 -106.19120   20.48464    292.000    11.1005    11.1007   3.899622   3.899831 7.7157e-02    12.3523     4.5590 5.0671e-02          0     4.5590     0.0257     0.5063     0.0000     4.6649     0.0000     0.0049     0.0000     0.5060    34.7294    34.7312    26.5532    26.5545     0.0319      0.971      0.361 0.0000e+00
    636.385      15274    295.020 -106.19120   20.48464    293.000    11.1002    11.1003   3.899639   3.899831 7.7170e-02    12.3524     4.5588 5.0671e-02          0     4.5588     0.0257     0.5065     0.0000     4.6661     0.0000     0.0049     0.0000     0.5062    34.7294    34.7312    26.5533    26.5546     0.0319      0.971      0.361 0.0000e+00
    637.560      15302    296.027 -106.19120   20.48464    294.000    11.0999    11.1001   3.899655   3.899848 7.5542e-02    12.3533     4.5578 5.0671e-02          0     4.5578     0.0251     0.5063     0.0000     4.6659     0.0000     0.0049     0.0000     0.5060    34.7294    34.7310    26.5534    26.5546     0.0295      0.897      0.334 0.0000e+00
    638.747      15331    297.035 -106.19120   20.48464    295.000    11.0991    11.0983   3.899621   3.899706 7.5952e-02    12.3532     4.5580 5.0671e-02          0     4.5580     0.0253     0.5062     0.0000     4.6664     0.0000     0.0049     0.0000     0.5059    34.7293    34.7309    26.5534    26.5549     0.0316      0.961      0.358 0.0000e+00
    639.879      15358    298.043 -106.19120   20.48464    296.000    11.0977    11.0979   3.899509   3.899706 7.7221e-02    12.3535     4.5576 5.0671e-02          0     4.5576     0.0257     0.5065     0.0000     4.6667     0.0000     0.0049     0.0000     0.5062    34.7290    34.7309    26.5535    26.5550     0.0330      1.005      0.374 0.0000e+00
    640.875      15382    299.050 -106.19120   20.48464    297.000    11.0968    11.0972   3.899457   3.899675 7.4195e-02    12.3531     4.5581 5.0671e-02          0     4.5581     0.0247     0.5065     0.0000     4.6668     0.0000     0.0049     0.0000     0.5062    34.7290    34.7308    26.5537    26.5550     0.0321      0.978      0.364 0.0000e+00
    641.733      15403    300.058 -106.19120   20.48464    298.000    11.0938    11.0940   3.899179   3.899396 7.4911e-02    12.3534     4.5577 5.0671e-02          0     4.5577     0.0249     0.5064     0.0000     4.6666     0.0000     0.0049     0.0000     0.5061    34.7286    34.7305    26.5540    26.5554     0.0314      0.957      0.356 0.0000e+00
    642.509      15421    301.065 -106.19120   20.48464    299.000    11.0903    11.0904   3.898861   3.899053 7.4767e-02    12.3524     4.5588 5.0671e-02          0     4.5588     0.0249     0.5067     0.0000     4.6659     0.0000     0.0049     0.0000     0.5064    34.7283    34.7302    26.5544    26.5558     0.0330      1.005      0.374 0.0000e+00
    643.249      15439    302.073 -106.19120   20.48464    300.000    11.0757    11.0736   3.897146   3.897266 7.5309e-02    12.3531     4.5580 5.0671e-02          0     4.5580     0.0251     0.5064     0.0000     4.6658     0.0000     0.0049     0.0000     0.5061    34.7246    34.7277    26.5541    26.5569     0.0316      0.963      0.358 0.0000e+00
    643.954      15456    303.081 -106.19120   20.48464    301.000    11.0433    11.0419   3.894004   3.894159 7.5628e-02    12.3525     4.5588 5.0671e-02          0     4.5588     0.0252     0.5066     0.0000     4.6659     0.0000     0.0049     0.0000     0.5063    34.7235    34.7263    26.5591    26.5616     0.0314      0.957      0.356 0.0000e+00
    644.659      15473    304.088 -106.19120   20.48464    302.000    11.0179    11.0157   3.891364   3.891475 7.4991e-02    12.3514     4.5600 5.0671e-02          0     4.5600     0.0250     0.5063     0.0000     4.6659     0.0000     0.0049     0.0000     0.5060    34.7207    34.7238    26.5616    26.5644     0.0303      0.922      0.343 0.0000e+00
    645.391      15490    305.096 -106.19120   20.48464    303.000    10.9969    10.9967   3.889501   3.889690 7.8528e-02    12.3514     4.5600 5.0671e-02          0     4.5600     0.0262     0.5064     0.0000     4.6655     0.0000     0.0049     0.0000     0.5061    34.7214    34.7236    26.5660    26.5676     0.0320      0.975      0.362 0.0000e+00
    646.173      15509    306.104 -106.19120   20.48464    304.000    10.9883    10.9875   3.888590   3.888717 7.4385e-02    12.3506     4.5608 5.0671e-02          0     4.5608     0.0248     0.5065     0.0000     4.6658     0.0000     0.0049     0.0000     0.5062    34.7201    34.7221    26.5665    26.5682     0.0316      0.961      0.357 0.0000e+00
    647.067      15531    307.111 -106.19120   20.48464    305.000    10.9748    10.9741   3.887268   3.887419 7.4174e-02    12.3515     4.5599 5.0671e-02          0     4.5599     0.0247     0.5061     0.0000     4.6664     0.0000     0.0049     0.0000     0.5058    34.7193    34.7214    26.5683    26.5701     0.0298      0.909      0.337 0.0000e+00
    648.295      15560    308.119 -106.19120   20.48464    306.000    10.9666    10.9666   3.886541   3.886728 7.4100e-02    12.3504     4.5611 5.0671e-02          0     4.5611     0.0247     0.5063     0.0000     4.6665     0.0000     0.0049     0.0000     0.5060    34.7193    34.7211    26.5698    26.5712     0.0311      0.946      0.351 0.0000e+00
    650.266      15607    309.127 -106.19120   20.48464    307.000    10.9611    10.9617   3.886049   3.886285 7.3454e-02    12.3502     4.5614 5.0671e-02          0     4.5614     0.0245     0.5064     0.0000     4.6664     0.0000     0.0049     0.0000     0.5061    34.7191    34.7209    26.5707    26.5720     0.0319      0.970      0.360 0.0000e+00
    652.147      15653    310.134 -106.19120   20.48466    308.000    10.9513    10.9512   3.885088   3.885280 7.3969e-02    12.3505     4.5610 5.0671e-02          0     4.5610     0.0246     0.5065     0.0000     4.6633     0.0000     0.0049     0.0000     0.5062    34.7184    34.7204    26.5719    26.5735     0.0332      1.011      0.375 0.0000e+00
    653.328      15681    311.142 -106.19120   20.48466    309.000    10.9252    10.9225   3.882225   3.882307 7.4447e-02    12.3500     4.5616 5.0671e-02          0     4.5616     0.0248     0.5065     0.0000     4.6266     0.0000     0.0049     0.0000     0.5062    34.7140    34.7174    26.5732    26.5763     0.0305      0.929      0.344 0.0000e+00
    654.256      15703    312.150 -106.19120   20.48466    310.000    10.8881    10.8870   3.878651   3.878813 7.5885e-02    12.3499     4.5617 5.0671e-02          0     4.5617     0.0253     0.5062     0.0000     4.6147     0.0000     0.0049     0.0000     0.5059    34.7129    34.7156    26.5790    26.5813     0.0318      0.968      0.359 0.0000e+00
    655.068      15723    313.157 -106.19120   20.48466    311.000    10.8769    10.8765   3.877583   3.877767 7.5701e-02    12.3521     4.5591 5.0671e-02          0     4.5591     0.0252     0.5066     0.0000     4.6649     0.0000     0.0049     0.0000     0.5063    34.7124    34.7146    26.5806    26.5825     0.0324      0.987      0.365 0.0000e+00
    655.811      15740    314.165 -106.19120   20.48466    312.000    10.8595    10.8577   3.875716   3.875831 7.5407e-02    12.3508     4.5607 5.0671e-02          0     4.5607     0.0251     0.5064     0.0000     4.6630     0.0000     0.0049     0.0000     0.5061    34.7098    34.7126    26.5817    26.5843     0.0315      0.957      0.354 0.0000e+00
    656.527      15758    315.173 -106.19120   20.48466    313.000    10.8431    10.8426   3.874210   3.874382 7.6731e-02    12.3525     4.5587 5.0671e-02          0     4.5587     0.0256     0.5065     0.0000     4.6631     0.0000     0.0049     0.0000     0.5062    34.7098    34.7120    26.5847    26.5865     0.0324      0.985      0.365 0.0000e+00
    657.242      15775    316.181 -106.19120   20.48466    314.000    10.8355    10.8351   3.873493   3.873672 7.7560e-02    12.3510     4.5604 5.0671e-02          0     4.5604     0.0258     0.5063     0.0000     4.6630     0.0000     0.0049     0.0000     0.5060    34.7094    34.7115    26.5857    26.5874     0.0309      0.941      0.348 0.0000e+00
    657.957      15792    317.188 -106.19120   20.48466    315.000    10.8274    10.8268   3.872689   3.872841 7.5023e-02    12.3497     4.5619 5.0671e-02          0     4.5619     0.0250     0.5063     0.0000     4.6637     0.0000     0.0049     0.0000     0.5060    34.7085    34.7106    26.5865    26.5883     0.0305      0.929      0.344 0.0000e+00
    658.693      15810    318.196 -106.19120   20.48466    316.000    10.8180    10.8178   3.871799   3.871995 7.4538e-02    12.3501     4.5614 5.0671e-02          0     4.5614     0.0248     0.5062     0.0000     4.6647     0.0000     0.0049     0.0000     0.5059    34.7081    34.7102    26.5879    26.5896     0.0301      0.915      0.338 0.0000e+00
    659.522      15830    319.204 -106.19120   20.48466    317.000    10.8136    10.8134   3.871374   3.871565 7.5676e-02    12.3505     4.5610 5.0671e-02          0     4.5610     0.0252     0.5063     0.0000     4.6658     0.0000     0.0049     0.0000     0.5060    34.7075    34.7096    26.5883    26.5899     0.0323      0.982      0.363 0.0000e+00
