data/ctd-cnv/RR1804/RR1803-St33-P1/Station33_cast70.cnv
* Sea-Bird SBE 9 Data File:
* FileName = C:\CTD\RR1805\Station33_cast70.hex
* Software Version Seasave V 7.26.6.26
* Temperature SN = 4307
* Conductivity SN = 4650
* Number of Bytes Per Scan = 44
* Number of Voltage Words = 5
* Number of Scans Averaged by the Deck Unit = 1
* NMEA Latitude = 20 27.24 N
* NMEA Longitude = 106 09.98 W
* NMEA UTC (Time) = Apr 26 2018 18:56:09
** Ship: Revell
** Station: 33
** Operator: GR
** Station P1 Cast 70 Diel
# nquan = 32
# nvalues = 202                         
# units = specified
# name 0 = timeS: Time, Elapsed [seconds]
# name 1 = scan: Scan Count
# name 2 = prDM: Pressure, Digiquartz [db]
# name 3 = longitude: Longitude [deg]
# name 4 = latitude: Latitude [deg]
# name 5 = depSM: Depth [salt water, m]
# name 6 = t090C: Temperature [ITS-90, deg C]
# name 7 = t190C: Temperature, 2 [ITS-90, deg C]
# name 8 = c0S/m: Conductivity [S/m]
# name 9 = c1S/m: Conductivity, 2 [S/m]
# name 10 = flSP: Fluorescence, Seapoint
# name 11 = CStarAt0: Beam Attenuation, WET Labs C-Star [1/m]
# name 12 = CStarTr0: Beam Transmission, WET Labs C-Star [%]
# name 13 = par: PAR/Irradiance, Biospherical/Licor
# name 14 = modError: Modulo Error Count
# name 15 = v0: Voltage 0
# name 16 = v1: Voltage 1
# name 17 = v2: Voltage 2
# name 18 = v3: Voltage 3
# name 19 = v4: Voltage 4
# name 20 = v5: Voltage 5
# name 21 = v6: Voltage 6
# name 22 = v7: Voltage 7
# name 23 = sbeox0V: Oxygen raw, SBE 43 [V]
# name 24 = sal00: Salinity, Practical [PSU]
# name 25 = sal11: Salinity, Practical, 2 [PSU]
# name 26 = sigma-é00: Density [sigma-theta, kg/m^3]
# name 27 = sigma-é11: Density, 2 [sigma-theta, kg/m^3]
# name 28 = sbeox0Mg/L: Oxygen, SBE 43 [mg/l], WS = 2
# name 29 = sbox0Mm/Kg: Oxygen, SBE 43 [umol/kg], WS = 2
# name 30 = sbeox0PS: Oxygen, SBE 43 [% saturation], WS = 2
# name 31 = flag: flag
# span 0 =     -3.620,    594.755       
# span 1 =        -86,      14275       
# span 2 =      1.006,    203.347       
# span 3 = -106.16634, -106.16628       
# span 4 =   20.45411,   20.45416       
# span 5 =      1.000,    202.000       
# span 6 =    12.1552,    25.9475       
# span 7 =    12.1565,    25.9437       
# span 8 =   4.002196,   5.360931       
# span 9 =   4.002477,   5.360333       
# span 10 = 7.3252e-02, 1.9117e+00      
# span 11 =    12.3575,    12.5960      
# span 12 =     4.2896,     4.5530      
# span 13 = 5.0671e-02, 2.1266e+03      
# span 14 =          0,          0      
# span 15 =     4.2896,     4.5530      
# span 16 =     0.0244,     0.6372      
# span 17 =     0.5054,     2.7465      
# span 18 =     0.0000,     0.0000      
# span 19 =     4.5069,     4.6535      
# span 20 =     0.0000,     0.0000      
# span 21 =     0.0049,     4.6500      
# span 22 =     0.0000,     0.0000      
# span 23 =     0.5051,     2.7465      
# span 24 =    34.5269,    34.8271      
# span 25 =    34.5324,    34.8286      
# span 26 =    22.8002,    26.4005      
# span 27 =    22.8003,    26.4014      
# span 28 =     0.0267,     6.6280      
# span 29 =      0.813,    202.472      
# span 30 =      0.309,     98.310      
# span 31 = 0.0000e+00, 0.0000e+00      
# interval = meters: 1                  
# start_time = Apr 26 2018 18:56:06 [System UTC, first data scan.]
# bad_flag = -9.990e-29
*END*
[from data line 182]
    427.129      10252    184.212 -106.16630   20.45414    183.000    12.3328    12.3329   4.018759   4.018967 7.4408e-02    12.3575     4.5530 5.0671e-02          0     4.5530     0.0248     0.5068     0.0000     4.5449     0.0000     0.0049     0.0000     0.5065    34.7926    34.7946    26.3686    26.3702     0.0301      0.915      0.349 0.0000e+00
    427.903      10271    185.219 -106.16630   20.45414    184.000    12.3223    12.3223   4.017705   4.017915 7.5102e-02    12.3581     4.5523 5.0671e-02          0     4.5523     0.0250     0.5068     0.0000     4.5453     0.0000     0.0049     0.0000     0.5065    34.7917    34.7937    26.3700    26.3716     0.0320      0.974      0.372 0.0000e+00
    428.679      10289    186.226 -106.16630   20.45414    185.000    12.3107    12.3106   4.016519   4.016718 7.4185e-02    12.3588     4.5515 5.0671e-02          0     4.5515     0.0247     0.5069     0.0000     4.5465     0.0000     0.0049     0.0000     0.5066    34.7906    34.7926    26.3714    26.3730     0.0325      0.988      0.377 0.0000e+00
    429.515      10309    187.233 -106.16630   20.45414    186.000    12.3025    12.3028   4.015826   4.016040 7.4640e-02    12.3594     4.5509 5.0671e-02          0     4.5509     0.0249     0.5068     0.0000     4.6164     0.0000     0.0049     0.0000     0.5065    34.7910    34.7928    26.3734    26.3747     0.0312      0.950      0.363 0.0000e+00
    430.499      10333    188.240 -106.16630   20.45414    187.000    12.3003    12.3007   4.015664   4.015883 7.3429e-02    12.3575     4.5530 5.0671e-02          0     4.5530     0.0245     0.5069     0.0000     4.6276     0.0000     0.0049     0.0000     0.5066    34.7911    34.7928    26.3739    26.3751     0.0322      0.979      0.374 0.0000e+00
    431.725      10362    189.247 -106.16630   20.45414    188.000    12.2982    12.2986   4.015503   4.015718 7.5655e-02    12.3576     4.5530 5.0671e-02          0     4.5530     0.0252     0.5067     0.0000     4.5967     0.0000     0.0049     0.0000     0.5064    34.7910    34.7928    26.3743    26.3755     0.0312      0.949      0.362 0.0000e+00
    433.090      10395    190.254 -106.16630   20.45414    189.000    12.2939    12.2943   4.015122   4.015339 7.4028e-02    12.3579     4.5526 5.0671e-02          0     4.5526     0.0247     0.5070     0.0000     4.6159     0.0000     0.0049     0.0000     0.5067    34.7909    34.7927    26.3750    26.3763     0.0333      1.015      0.387 0.0000e+00
    434.283      10424    191.261 -106.16630   20.45414    190.000    12.2816    12.2810   4.013838   4.014032 7.3252e-02    12.3650     4.5445 5.0671e-02          0     4.5445     0.0244     0.5068     0.0000     4.6369     0.0000     0.0049     0.0000     0.5065    34.7895    34.7920    26.3763    26.3784     0.0311      0.946      0.361 0.0000e+00
    435.263      10447    192.268 -106.16630   20.45414    191.000    12.2570    12.2567   4.011528   4.011705 7.3437e-02    12.3587     4.5517 5.0671e-02          0     4.5517     0.0245     0.5069     0.0000     4.6329     0.0000     0.0049     0.0000     0.5066    34.7895    34.7915    26.3812    26.3828     0.0326      0.993      0.379 0.0000e+00
    436.158      10469    193.276 -106.16630   20.45414    192.000    12.2488    12.2488   4.010863   4.011057 7.5787e-02    12.3599     4.5503 5.0671e-02          0     4.5503     0.0252     0.5068     0.0000     4.6318     0.0000     0.0049     0.0000     0.5065    34.7902    34.7922    26.3833    26.3848     0.0308      0.938      0.358 0.0000e+00
    437.046      10490    194.283 -106.16630   20.45414    193.000    12.2439    12.2442   4.010437   4.010657 7.4732e-02    12.3588     4.5516 5.0671e-02          0     4.5516     0.0249     0.5068     0.0000     4.5817     0.0000     0.0049     0.0000     0.5065    34.7902    34.7921    26.3842    26.3857     0.0315      0.959      0.366 0.0000e+00
    438.001      10513    195.290 -106.16630   20.45414    194.000    12.2372    12.2376   4.009886   4.010131 7.4725e-02    12.3596     4.5507 5.0671e-02          0     4.5507     0.0249     0.5067     0.0000     4.5903     0.0000     0.0049     0.0000     0.5064    34.7907    34.7927    26.3860    26.3874     0.0318      0.969      0.369 0.0000e+00
    439.077      10539    196.297 -106.16630   20.45414    195.000    12.2335    12.2339   4.009612   4.009838 7.4348e-02    12.3611     4.5490 5.0671e-02          0     4.5490     0.0248     0.5068     0.0000     4.6354     0.0000     0.0049     0.0000     0.5065    34.7911    34.7929    26.3870    26.3883     0.0320      0.973      0.371 0.0000e+00
    440.392      10570    197.304 -106.16630   20.45414    196.000    12.2300    12.2302   4.009352   4.009561 7.4446e-02    12.3607     4.5495 5.0671e-02          0     4.5495     0.0248     0.5068     0.0000     4.6369     0.0000     0.0049     0.0000     0.5065    34.7914    34.7932    26.3879    26.3893     0.0314      0.956      0.364 0.0000e+00
    442.084      10611    198.311 -106.16630   20.45414    197.000    12.2262    12.2266   4.009073   4.009320 7.4746e-02    12.3608     4.5494 5.0671e-02          0     4.5494     0.0249     0.5067     0.0000     4.6364     0.0000     0.0049     0.0000     0.5064    34.7918    34.7938    26.3890    26.3904     0.0317      0.966      0.368 0.0000e+00
    443.770      10651    199.318 -106.16630   20.45414    198.000    12.2144    12.2144   4.007943   4.008161 7.6457e-02    12.3616     4.5484 5.0671e-02          0     4.5484     0.0255     0.5068     0.0000     4.6351     0.0000     0.0049     0.0000     0.5065    34.7913    34.7935    26.3909    26.3926     0.0320      0.975      0.372 0.0000e+00
    445.143      10684    200.326 -106.16630   20.45414    199.000    12.1825    12.1811   4.004647   4.004823 7.5852e-02    12.3713     4.5374 5.0671e-02          0     4.5374     0.0253     0.5068     0.0000     4.6354     0.0000     0.0049     0.0000     0.5065    34.7885    34.7916    26.3949    26.3975     0.0319      0.970      0.369 0.0000e+00
    446.456      10716    201.333 -106.16630   20.45414    200.000    12.1612    12.1615   4.002733   4.002951 7.7585e-02    12.3624     4.5474 5.0671e-02          0     4.5474     0.0258     0.5067     0.0000     4.6211     0.0000     0.0049     0.0000     0.5064    34.7893    34.7912    26.3996    26.4010     0.0314      0.957      0.364 0.0000e+00
    490.699      11778    202.340 -106.16633   20.45414    201.000    12.1587    12.1595   4.002544   4.002801 7.7091e-02    12.3632     4.5466 5.0671e-02          0     4.5466     0.0257     0.5063     0.0000     4.6388     0.0000     0.0049     0.0000     0.5060    34.7894    34.7912    26.4002    26.4014     0.0301      0.915      0.348 0.0000e+00
    594.755      14275    203.347 -106.16634   20.45416    202.000    12.1552    12.1565   4.002196   4.002477 7.6190e-02    12.3662     4.5432 5.0671e-02          0     4.5432     0.0254     0.5054     0.0000     4.6535     0.0000     0.0049     0.0000     0.5051    34.7888    34.7903    26.4005    26.4014     0.0267      0.813      0.309 0.0000e+00
