data/ctd-cnv/RR1804/RR1803-St33-P1/Station33_cast61.cnv
* Sea-Bird SBE 9 Data File:
* FileName = C:\CTD\RR1805\Station33_cast61.hex
* Software Version Seasave V 7.26.6.26
* Temperature SN = 4307
* Conductivity SN = 4650
* Number of Bytes Per Scan = 44
* Number of Voltage Words = 5
* Number of Scans Averaged by the Deck Unit = 1
* NMEA Latitude = 20 11.43 N
* NMEA Longitude = 106 02.40 W
* NMEA UTC (Time) = Apr 22 2018 14:04:25
** Ship: Revell
** Station: On Deck
** Operator: GR
** Station 33 P1 cast 61
# nquan = 32
# nvalues = 495                         
# units = specified
# name 0 = timeS: Time, Elapsed [seconds]
# name 1 = scan: Scan Count
# name 2 = prDM: Pressure, Digiquartz [db]
# name 3 = longitude: Longitude [deg]
# name 4 = latitude: Latitude [deg]
# name 5 = depSMignore: Depth [salt water, m]
# name 6 = t090C: Temperature [ITS-90, deg C]
# name 7 = t190C: Temperature, 2 [ITS-90, deg C]
# name 8 = c0S/m: Conductivity [S/m]
# name 9 = c1S/m: Conductivity, 2 [S/m]
# name 10 = flSP: Fluorescence, Seapoint
# name 11 = CStarAt0: Beam Attenuation, WET Labs C-Star [1/m]
# name 12 = CStarTr0: Beam Transmission, WET Labs C-Star [%]
# name 13 = par: PAR/Irradiance, Biospherical/Licor
# name 14 = modError: Modulo Error Count
# name 15 = v0: Voltage 0
# name 16 = v1: Voltage 1
# name 17 = v2: Voltage 2
# name 18 = v3: Voltage 3
# name 19 = v4: Voltage 4
# name 20 = v5: Voltage 5
# name 21 = v6: Voltage 6
# name 22 = v7: Voltage 7
# name 23 = sbeox0V: Oxygen raw, SBE 43 [V]
# name 24 = sal00: Salinity, Practical [PSU]
# name 25 = sal11: Salinity, Practical, 2 [PSU]
# name 26 = sigma-é00: Density [sigma-theta, kg/m^3]
# name 27 = sigma-é11: Density, 2 [sigma-theta, kg/m^3]
# name 28 = sbeox0Mg/L: Oxygen, SBE 43 [mg/l], WS = 2
# name 29 = sbox0Mm/Kg: Oxygen, SBE 43 [umol/kg], WS = 2
# name 30 = sbeox0PS: Oxygen, SBE 43 [% saturation], WS = 2
# name 31 = flag: flag
# span 0 =     35.494,    728.191       
# span 1 =        853,      17478       
# span 2 =      6.037,    503.691       
# span 3 = -106.04002, -106.04000       
# span 4 =   20.19060,   20.19066       
# span 5 =      6.000,    500.000       
# span 6 =     8.3241,    23.8303       
# span 7 =     8.3238,    23.8309       
# span 8 =   3.634366,   5.124981       
# span 9 =   3.634729,   5.125257       
# span 10 = 7.3421e-02, 2.3632e+00      
# span 11 =    12.3407,    12.6663      
# span 12 =     4.2147,     4.5722      
# span 13 = 5.0665e-02, 1.3319e+02      
# span 14 =          0,          0      
# span 15 =     4.2147,     4.5722      
# span 16 =     0.0245,     0.7877      
# span 17 =     0.5060,     2.7455      
# span 18 =     0.0000,     0.0000      
# span 19 =     3.1698,     4.6215      
# span 20 =     0.0000,     0.0000      
# span 21 =     0.0048,     3.4196      
# span 22 =     0.0000,     0.0000      
# span 23 =     0.5057,     2.7455      
# span 24 =    34.4807,    34.8177      
# span 25 =    34.4923,    34.8211      
# span 26 =    23.3442,    26.9024      
# span 27 =    23.3452,    26.9058      
# span 28 =     0.0309,     6.8042      
# span 29 =      0.941,    207.784      
# span 30 =      0.333,     98.234      
# span 31 = 0.0000e+00, 0.0000e+00      
# interval = meters: 1                  
# start_time = Apr 22 2018 14:04:26 [System UTC, first data scan.]
# bad_flag = -9.990e-29
*END*
[from data line 272]
    446.893      10726    279.901 -106.04002   20.19064    278.000    11.2585    11.2589   3.914793   3.915216 7.4787e-02    12.3511     4.5603 5.0671e-02          0     4.5603     0.0249     0.5076     0.0000     4.6109     0.0000     0.0049     0.0000     0.5073    34.7373    34.7411    26.5302    26.5332     0.0356      1.085      0.405 0.0000e+00
    447.959      10752    280.909 -106.04002   20.19064    279.000    11.2563    11.2567   3.914631   3.915059 7.5385e-02    12.3517     4.5596 5.0671e-02          0     4.5596     0.0251     0.5072     0.0000     4.6127     0.0000     0.0049     0.0000     0.5069    34.7373    34.7411    26.5307    26.5336     0.0327      0.995      0.371 0.0000e+00
    448.997      10777    281.916 -106.04002   20.19064    280.000    11.2555    11.2559   3.914596   3.915049 7.4581e-02    12.3517     4.5596 5.0671e-02          0     4.5596     0.0248     0.5073     0.0000     4.6129     0.0000     0.0049     0.0000     0.5070    34.7373    34.7413    26.5309    26.5340     0.0359      1.093      0.408 0.0000e+00
    450.017      10801    282.924 -106.04002   20.19064    281.000    11.2552    11.2557   3.914625   3.915055 7.4533e-02    12.3510     4.5604 5.0671e-02          0     4.5604     0.0248     0.5072     0.0000     4.6116     0.0000     0.0049     0.0000     0.5069    34.7374    34.7412    26.5310    26.5339     0.0347      1.055      0.394 0.0000e+00
    451.075      10827    283.931 -106.04002   20.19064    282.000    11.2538    11.2545   3.914524   3.914988 7.5098e-02    12.3513     4.5601 5.0671e-02          0     4.5601     0.0250     0.5074     0.0000     4.6105     0.0000     0.0049     0.0000     0.5071    34.7372    34.7412    26.5311    26.5341     0.0361      1.099      0.410 0.0000e+00
    452.219      10854    284.939 -106.04002   20.19064    283.000    11.2459    11.2458   3.913773   3.914171 7.4065e-02    12.3517     4.5596 5.0671e-02          0     4.5596     0.0247     0.5073     0.0000     4.6122     0.0000     0.0049     0.0000     0.5070    34.7369    34.7408    26.5323    26.5354     0.0338      1.029      0.384 0.0000e+00
    453.339      10881    285.946 -106.04002   20.19064    284.000    11.2353    11.2355   3.912781   3.913204 7.4756e-02    12.3506     4.5609 5.0671e-02          0     4.5609     0.0249     0.5075     0.0000     4.6129     0.0000     0.0049     0.0000     0.5072    34.7365    34.7405    26.5340    26.5371     0.0367      1.116      0.416 0.0000e+00
    454.355      10906    286.954 -106.04002   20.19064    285.000    11.2344    11.2350   3.912749   3.913193 7.4425e-02    12.3510     4.5604 5.0671e-02          0     4.5604     0.0248     0.5074     0.0000     4.6129     0.0000     0.0049     0.0000     0.5071    34.7366    34.7405    26.5343    26.5372     0.0341      1.038      0.387 0.0000e+00
    455.300      10928    287.961 -106.04002   20.19064    286.000    11.2341    11.2346   3.912758   3.913208 7.5971e-02    12.3509     4.5606 5.0671e-02          0     4.5606     0.0253     0.5072     0.0000     4.6130     0.0000     0.0049     0.0000     0.5069    34.7365    34.7406    26.5343    26.5374     0.0327      0.995      0.371 0.0000e+00
    456.283      10952    288.969 -106.04002   20.19064    287.000    11.2341    11.2344   3.912799   3.913229 7.5525e-02    12.3503     4.5612 5.0671e-02          0     4.5612     0.0251     0.5072     0.0000     4.6132     0.0000     0.0049     0.0000     0.5069    34.7365    34.7405    26.5343    26.5374     0.0356      1.085      0.405 0.0000e+00
    457.366      10978    289.976 -106.04002   20.19064    288.000    11.2330    11.2335   3.912748   3.913184 7.4005e-02    12.3507     4.5607 5.0671e-02          0     4.5607     0.0246     0.5073     0.0000     4.6129     0.0000     0.0049     0.0000     0.5070    34.7365    34.7404    26.5346    26.5375     0.0365      1.112      0.415 0.0000e+00
    458.459      11004    290.984 -106.04002   20.19064    289.000    11.2319    11.2323   3.912669   3.913111 7.4251e-02    12.3515     4.5598 5.0671e-02          0     4.5598     0.0247     0.5076     0.0000     4.6121     0.0000     0.0049     0.0000     0.5073    34.7364    34.7404    26.5347    26.5378     0.0367      1.117      0.417 0.0000e+00
    459.462      11028    291.992 -106.04002   20.19066    290.000    11.2253    11.2260   3.912039   3.912508 7.5454e-02    12.3509     4.5605 5.0671e-02          0     4.5605     0.0251     0.5075     0.0000     4.6117     0.0000     0.0049     0.0000     0.5072    34.7359    34.7399    26.5355    26.5385     0.0353      1.076      0.401 0.0000e+00
    460.391      11050    292.999 -106.04002   20.19066    291.000    11.2056    11.2065   3.910066   3.910546 1.5324e-01    12.3516     4.5598 5.0691e-02          0     4.5598     0.0511     0.5074     0.0000     3.8581     0.0000     0.0051     0.0000     0.5071    34.7345    34.7384    26.5380    26.5409     0.0341      1.037      0.387 0.0000e+00
    461.284      11072    294.007 -106.04002   20.19066    292.000    11.1879    11.1884   3.908382   3.908841 7.5133e-02    12.3496     4.5621 5.0671e-02          0     4.5621     0.0250     0.5072     0.0000     4.2736     0.0000     0.0049     0.0000     0.5069    34.7340    34.7380    26.5409    26.5440     0.0345      1.051      0.392 0.0000e+00
    462.153      11093    295.014 -106.04002   20.19066    293.000    11.1820    11.1822   3.907828   3.908241 7.4908e-02    12.3496     4.5620 5.0671e-02          0     4.5620     0.0249     0.5075     0.0000     4.5969     0.0000     0.0049     0.0000     0.5072    34.7336    34.7375    26.5417    26.5447     0.0365      1.112      0.414 0.0000e+00
    463.049      11114    296.022 -106.04002   20.19066    294.000    11.1663    11.1664   3.906273   3.906680 7.5337e-02    12.3502     4.5614 5.0671e-02          0     4.5614     0.0251     0.5074     0.0000     4.5794     0.0000     0.0049     0.0000     0.5071    34.7325    34.7365    26.5438    26.5468     0.0339      1.031      0.384 0.0000e+00
    464.022      11138    297.030 -106.04002   20.19066    295.000    11.1561    11.1564   3.905300   3.905713 7.4351e-02    12.3497     4.5619 5.0671e-02          0     4.5619     0.0248     0.5070     0.0000     4.5908     0.0000     0.0049     0.0000     0.5067    34.7320    34.7359    26.5452    26.5481     0.0331      1.008      0.376 0.0000e+00
    465.111      11164    298.037 -106.04002   20.19066    296.000    11.1518    11.1522   3.904911   3.905342 7.4915e-02    12.3491     4.5627 5.0671e-02          0     4.5627     0.0249     0.5072     0.0000     4.6098     0.0000     0.0049     0.0000     0.5069    34.7318    34.7357    26.5458    26.5488     0.0350      1.066      0.397 0.0000e+00
    466.293      11192    299.045 -106.04002   20.19066    297.000    11.1495    11.1498   3.904718   3.905153 7.6162e-02    12.3537     4.5574 5.0671e-02          0     4.5574     0.0254     0.5070     0.0000     4.6103     0.0000     0.0049     0.0000     0.5067    34.7316    34.7356    26.5462    26.5492     0.0337      1.026      0.382 0.0000e+00
    467.536      11222    300.052 -106.04002   20.19065    298.000    11.1405    11.1407   3.903836   3.904247 7.7980e-02    12.3489     4.5629 5.0671e-02          0     4.5629     0.0260     0.5074     0.0000     4.6078     0.0000     0.0049     0.0000     0.5071    34.7308    34.7348    26.5472    26.5503     0.0368      1.121      0.417 0.0000e+00
    468.771      11251    301.060 -106.04002   20.19064    299.000    11.1207    11.1207   3.901847   3.902243 7.5111e-02    12.3492     4.5626 5.0671e-02          0     4.5626     0.0250     0.5072     0.0000     4.5895     0.0000     0.0049     0.0000     0.5069    34.7293    34.7332    26.5496    26.5527     0.0349      1.061      0.395 0.0000e+00
    469.869      11278    302.068 -106.04002   20.19064    300.000    11.1004    11.1003   3.899807   3.900177 7.3949e-02    12.3490     4.5627 5.0671e-02          0     4.5627     0.0246     0.5074     0.0000     4.6083     0.0000     0.0049     0.0000     0.5071    34.7277    34.7316    26.5521    26.5551     0.0361      1.100      0.409 0.0000e+00
    470.833      11301    303.075 -106.04002   20.19064    301.000    11.0750    11.0750   3.897286   3.897678 8.6160e-02    12.3496     4.5620 5.0671e-02          0     4.5620     0.0287     0.5074     0.0000     4.6127     0.0000     0.0049     0.0000     0.5071    34.7262    34.7301    26.5555    26.5586     0.0356      1.083      0.403 0.0000e+00
    471.725      11322    304.083 -106.04002   20.19064    302.000    11.0593    11.0593   3.895748   3.896144 7.4439e-02    12.3489     4.5628 5.0671e-02          0     4.5628     0.0248     0.5074     0.0000     4.6133     0.0000     0.0049     0.0000     0.5071    34.7253    34.7292    26.5577    26.5607     0.0356      1.084      0.403 0.0000e+00
    472.599      11343    305.091 -106.04002   20.19065    303.000    11.0435    11.0435   3.894228   3.894632 7.6082e-02    12.3539     4.5571 5.0671e-02          0     4.5571     0.0253     0.5075     0.0000     4.6130     0.0000     0.0049     0.0000     0.5072    34.7246    34.7286    26.5600    26.5631     0.0370      1.125      0.418 0.0000e+00
    473.552      11366    306.098 -106.04002   20.19066    304.000    11.0295    11.0295   3.892857   3.893246 7.5404e-02    12.3484     4.5634 5.0671e-02          0     4.5634     0.0251     0.5074     0.0000     4.6138     0.0000     0.0049     0.0000     0.5071    34.7237    34.7276    26.5619    26.5649     0.0329      1.002      0.372 0.0000e+00
    474.614      11392    307.106 -106.04002   20.19066    305.000    11.0051    11.0047   3.890417   3.890776 7.6084e-02    12.3487     4.5631 5.0671e-02          0     4.5631     0.0253     0.5071     0.0000     4.6160     0.0000     0.0049     0.0000     0.5068    34.7220    34.7260    26.5649    26.5682     0.0353      1.074      0.399 0.0000e+00
    475.693      11418    308.113 -106.04002   20.19066    306.000    10.9771    10.9771   3.887652   3.888052 7.7094e-02    12.3481     4.5637 5.0671e-02          0     4.5637     0.0257     0.5074     0.0000     4.6145     0.0000     0.0049     0.0000     0.5071    34.7204    34.7245    26.5688    26.5720     0.0350      1.065      0.395 0.0000e+00
    476.661      11441    309.121 -106.04002   20.19066    307.000    10.9610    10.9610   3.886041   3.886438 7.5061e-02    12.3483     4.5635 5.0671e-02          0     4.5635     0.0250     0.5070     0.0000     4.6119     0.0000     0.0049     0.0000     0.5067    34.7191    34.7231    26.5707    26.5738     0.0329      1.000      0.371 0.0000e+00
    477.521      11461    310.129 -106.04002   20.19066    308.000    10.9519    10.9523   3.885224   3.885661 7.6923e-02    12.3481     4.5637 5.0671e-02          0     4.5637     0.0256     0.5071     0.0000     4.6115     0.0000     0.0049     0.0000     0.5068    34.7191    34.7231    26.5724    26.5754     0.0351      1.068      0.396 0.0000e+00
    478.349      11481    311.137 -106.04002   20.19064    309.000    10.9431    10.9430   3.884343   3.884740 7.6741e-02    12.3484     4.5634 5.0671e-02          0     4.5634     0.0255     0.5072     0.0000     4.6118     0.0000     0.0049     0.0000     0.5069    34.7183    34.7223    26.5733    26.5764     0.0363      1.104      0.409 0.0000e+00
    479.251      11503    312.144 -106.04002   20.19064    310.000    10.9207    10.9205   3.882159   3.882532 7.5575e-02    12.3481     4.5637 5.0671e-02          0     4.5637     0.0252     0.5073     0.0000     4.6119     0.0000     0.0049     0.0000     0.5070    34.7172    34.7211    26.5765    26.5796     0.0362      1.103      0.409 0.0000e+00
    480.473      11532    313.152 -106.04002   20.19064    311.000    10.8952    10.8949   3.879629   3.880004 7.5869e-02    12.3481     4.5637 5.0671e-02          0     4.5637     0.0253     0.5073     0.0000     4.6122     0.0000     0.0049     0.0000     0.5070    34.7156    34.7195    26.5798    26.5830     0.0347      1.057      0.392 0.0000e+00
    482.060      11570    314.160 -106.04002   20.19064    312.000    10.8862    10.8855   3.878760   3.879100 7.5215e-02    12.3482     4.5636 5.0671e-02          0     4.5636     0.0250     0.5072     0.0000     4.6120     0.0000     0.0049     0.0000     0.5069    34.7150    34.7190    26.5810    26.5843     0.0342      1.041      0.385 0.0000e+00
    483.354      11601    315.167 -106.04002   20.19064    313.000    10.8756    10.8759   3.877763   3.878195 7.4332e-02    12.3510     4.5604 5.0671e-02          0     4.5604     0.0248     0.5070     0.0000     4.6120     0.0000     0.0049     0.0000     0.5067    34.7146    34.7186    26.5826    26.5857     0.0335      1.021      0.378 0.0000e+00
    484.330      11625    316.175 -106.04002   20.19064    314.000    10.8758    10.8764   3.877851   3.878314 7.5399e-02    12.3486     4.5632 5.0671e-02          0     4.5632     0.0251     0.5071     0.0000     4.6118     0.0000     0.0049     0.0000     0.5068    34.7148    34.7189    26.5827    26.5859     0.0347      1.057      0.391 0.0000e+00
    485.203      11646    317.183 -106.04002   20.19064    315.000    10.8761    10.8765   3.877938   3.878385 7.5189e-02    12.3489     4.5628 5.0671e-02          0     4.5628     0.0250     0.5070     0.0000     4.6117     0.0000     0.0049     0.0000     0.5067    34.7150    34.7190    26.5829    26.5860     0.0328      0.998      0.370 0.0000e+00
    486.018      11665    318.190 -106.04002   20.19064    316.000    10.8761    10.8764   3.877982   3.878433 7.5274e-02    12.3496     4.5621 5.0671e-02          0     4.5621     0.0251     0.5068     0.0000     4.6111     0.0000     0.0049     0.0000     0.5065    34.7149    34.7191    26.5829    26.5861     0.0339      1.032      0.382 0.0000e+00
    486.814      11685    319.198 -106.04002   20.19064    317.000    10.8751    10.8754   3.877940   3.878356 7.5378e-02    12.3479     4.5640 5.0671e-02          0     4.5640     0.0251     0.5071     0.0000     4.6117     0.0000     0.0049     0.0000     0.5068    34.7150    34.7188    26.5831    26.5861     0.0351      1.067      0.395 0.0000e+00
    487.658      11705    320.206 -106.04002   20.19064    318.000    10.8713    10.8722   3.877590   3.878068 7.8461e-02    12.3485     4.5633 5.0671e-02          0     4.5633     0.0261     0.5070     0.0000     4.6118     0.0000     0.0049     0.0000     0.5067    34.7147    34.7186    26.5835    26.5865     0.0342      1.040      0.385 0.0000e+00
    488.657      11729    321.213 -106.04002   20.19064    319.000    10.8672    10.8683   3.877222   3.877734 7.5864e-02    12.3484     4.5634 5.0671e-02          0     4.5634     0.0253     0.5070     0.0000     4.6117     0.0000     0.0049     0.0000     0.5067    34.7144    34.7185    26.5841    26.5871     0.0349      1.063      0.394 0.0000e+00
    489.854      11758    322.221 -106.04002   20.19064    320.000    10.8548    10.8551   3.875998   3.876431 7.5271e-02    12.3469     4.5650 5.0671e-02          0     4.5650     0.0251     0.5073     0.0000     4.6117     0.0000     0.0049     0.0000     0.5070    34.7134    34.7175    26.5856    26.5887     0.0372      1.131      0.419 0.0000e+00
    491.030      11786    323.229 -106.04002   20.19064    321.000    10.8141    10.8127   3.871862   3.872142 7.6511e-02    12.3486     4.5632 5.0671e-02          0     4.5632     0.0255     0.5073     0.0000     4.6036     0.0000     0.0049     0.0000     0.5070    34.7101    34.7142    26.5903    26.5937     0.0348      1.060      0.392 0.0000e+00
    492.022      11810    324.237 -106.04002   20.19064    322.000    10.7837    10.7838   3.868925   3.869352 7.8257e-02    12.3475     4.5644 5.0671e-02          0     4.5644     0.0261     0.5071     0.0000     4.5937     0.0000     0.0049     0.0000     0.5068    34.7091    34.7132    26.5950    26.5981     0.0341      1.039      0.384 0.0000e+00
