data/ctd-cnv/RR1804/RR1803-St33-P1/Station33_cast66.cnv
* Sea-Bird SBE 9 Data File:
* FileName = C:\CTD\RR1805\Station33_cast66.hex
* Software Version Seasave V 7.26.6.26
* Temperature SN = 4307
* Conductivity SN = 4650
* Number of Bytes Per Scan = 44
* Number of Voltage Words = 5
* Number of Scans Averaged by the Deck Unit = 1
* NMEA Latitude = 20 23.68 N
* NMEA Longitude = 106 08.01 W
* NMEA UTC (Time) = Apr 25 2018 15:02:53
** Ship: Revell
** Station: 33 (P1)
** Operator: Gabrielle
** cast 66
# nquan = 32
# nvalues = 501                         
# units = specified
# name 0 = timeS: Time, Elapsed [seconds]
# name 1 = scan: Scan Count
# name 2 = prDM: Pressure, Digiquartz [db]
# name 3 = longitude: Longitude [deg]
# name 4 = latitude: Latitude [deg]
# name 5 = depSMignore: Depth [salt water, m]
# name 6 = t090C: Temperature [ITS-90, deg C]
# name 7 = t190C: Temperature, 2 [ITS-90, deg C]
# name 8 = c0S/m: Conductivity [S/m]
# name 9 = c1S/m: Conductivity, 2 [S/m]
# name 10 = flSP: Fluorescence, Seapoint
# name 11 = CStarAt0: Beam Attenuation, WET Labs C-Star [1/m]
# name 12 = CStarTr0: Beam Transmission, WET Labs C-Star [%]
# name 13 = par: PAR/Irradiance, Biospherical/Licor
# name 14 = modError: Modulo Error Count
# name 15 = v0: Voltage 0
# name 16 = v1: Voltage 1
# name 17 = v2: Voltage 2
# name 18 = v3: Voltage 3
# name 19 = v4: Voltage 4
# name 20 = v5: Voltage 5
# name 21 = v6: Voltage 6
# name 22 = v7: Voltage 7
# name 23 = sbeox0V: Oxygen raw, SBE 43 [V]
# name 24 = sal00: Salinity, Practical [PSU]
# name 25 = sal11: Salinity, Practical, 2 [PSU]
# name 26 = sigma-é00: Density [sigma-theta, kg/m^3]
# name 27 = sigma-é11: Density, 2 [sigma-theta, kg/m^3]
# name 28 = sbeox0Mg/L: Oxygen, SBE 43 [mg/l], WS = 2
# name 29 = sbox0Mm/Kg: Oxygen, SBE 43 [umol/kg], WS = 2
# name 30 = sbeox0PS: Oxygen, SBE 43 [% saturation], WS = 2
# name 31 = flag: flag
# span 0 =     28.021,    819.635       
# span 1 =        673,      19672       
# span 2 =      1.006,    504.707       
# span 3 = -106.13358, -106.13354       
# span 4 =   20.39472,   20.39478       
# span 5 =      1.000,    501.000       
# span 6 =     8.4132,    25.4977       
# span 7 =     8.4032,    25.4985       
# span 8 =   3.643204,   5.322668       
# span 9 =   3.642405,   5.325928       
# span 10 = 7.3128e-02, 1.4763e+00      
# span 11 =    12.3422,    14.2765      
# span 12 =     4.2474,     4.5705      
# span 13 = 5.0665e-02, 1.2937e+03      
# span 14 =          0,          0      
# span 15 =     4.2474,     4.5705      
# span 16 =     0.0244,     0.4921      
# span 17 =     0.5064,     2.7254      
# span 18 =     0.0000,     0.0000      
# span 19 =     0.9259,     5.0963      
# span 20 =     0.0000,     0.0000      
# span 21 =     0.0049,     4.4003      
# span 22 =     0.0000,     0.0000      
# span 23 =     0.5061,     2.7254      
# span 24 =    34.5183,    34.8219      
# span 25 =    34.4415,    34.8238      
# span 26 =    22.9742,    26.8935      
# span 27 =    22.7682,    26.8961      
# span 28 =     0.0335,     6.9880      
# span 29 =      1.018,    213.472      
# span 30 =      0.358,    103.920      
# span 31 = 0.0000e+00, 0.0000e+00      
# interval = meters: 1                  
# start_time = Apr 25 2018 15:02:55 [System UTC, first data scan.]
# bad_flag = -9.990e-29
*END*
[from data line 46]
    233.647       5609     47.295 -106.13356   20.39474     47.000    16.2399    16.2404   4.381633   4.381425 4.4871e-01    12.3855     4.5213 2.5568e+00          0     4.5213     0.1496     0.5356     0.0000     4.5704     0.0000     1.7044     0.0000     0.5352    34.6923    34.6900    25.4576    25.4557     0.1019      3.104      1.281 0.0000e+00
    235.446       5652     48.302 -106.13356   20.39474     48.000    15.9405    15.9459   4.354736   4.355124 6.9337e-01    12.4067     4.4974 2.3490e+00          0     4.4974     0.2311     0.5258     0.0000     4.5735     0.0000     1.6674     0.0000     0.5254    34.7146    34.7134    25.5433    25.5411     0.0722      2.199      0.902 0.0000e+00
    237.803       5708     49.308 -106.13356   20.39474     49.000    15.7494    15.7518   4.337624   4.337616 8.4799e-01    12.4050     4.4993 2.0841e+00          0     4.4993     0.2827     0.5196     0.0000     4.5772     0.0000     1.6154     0.0000     0.5192    34.7291    34.7269    25.5979    25.5957     0.0670      2.041      0.834 0.0000e+00
    240.405       5771     50.314 -106.13356   20.39474     50.000    15.7279    15.7282   4.335872   4.335658 9.7203e-01    12.4052     4.4990 1.8278e+00          0     4.4990     0.3240     0.5178     0.0000     4.0306     0.0000     1.5584     0.0000     0.5174    34.7319    34.7297    25.6050    25.6032     0.0655      1.995      0.815 0.0000e+00
    243.169       5837     51.321 -106.13356   20.39474     51.000    15.6833    15.6823   4.331841   4.331544 1.2845e+00    12.4035     4.5010 1.6539e+00          0     4.5010     0.4282     0.5169     0.0000     4.6143     0.0000     1.5153     0.0000     0.5165    34.7346    34.7328    25.6172    25.6160     0.0628      1.913      0.781 0.0000e+00
    244.626       5872     52.327 -106.13356   20.39474     52.000    15.6070    15.6040   4.324833   4.324379 9.2523e-01    12.4024     4.5022 1.5175e+00          0     4.5022     0.3084     0.5165     0.0000     4.5840     0.0000     1.4778     0.0000     0.5161    34.7385    34.7371    25.6374    25.6369     0.0621      1.892      0.771 0.0000e+00
    245.828       5901     53.334 -106.13356   20.39474     53.000    15.5243    15.5240   4.317369   4.317166 9.0173e-01    12.4017     4.5030 1.3771e+00          0     4.5030     0.3006     0.5163     0.0000     4.5854     0.0000     1.4356     0.0000     0.5159    34.7440    34.7424    25.6601    25.6590     0.0611      1.861      0.757 0.0000e+00
    247.297       5936     54.340 -106.13356   20.39474     54.000    15.4639    15.4646   4.311794   4.311759 1.1927e+00    12.4023     4.5023 1.2489e+00          0     4.5023     0.3976     0.5156     0.0000     4.5871     0.0000     1.3931     0.0000     0.5152    34.7466    34.7458    25.6757    25.6749     0.0587      1.789      0.727 0.0000e+00
    249.621       5992     55.347 -106.13356   20.39474     55.000    15.4091    15.4119   4.306820   4.306912 1.4763e+00    12.4060     4.4982 1.1256e+00          0     4.4982     0.4921     0.5153     0.0000     4.5891     0.0000     1.3480     0.0000     0.5149    34.7499    34.7482    25.6905    25.6886     0.0586      1.785      0.725 0.0000e+00
    252.625       6064     56.353 -106.13356   20.39474     56.000    15.3774    15.3747   4.303948   4.303549 1.2641e+00    12.4078     4.4962 9.9539e-01          0     4.4962     0.4214     0.5149     0.0000     3.7497     0.0000     1.2947     0.0000     0.5145    34.7516    34.7503    25.6989    25.6985     0.0572      1.743      0.707 0.0000e+00
    254.989       6121     57.360 -106.13356   20.39474     57.000    15.3278    15.3275   4.299306   4.299148 1.1502e+00    12.4091     4.4947 8.7809e-01          0     4.4947     0.3834     0.5145     0.0000     4.6023     0.0000     1.2403     0.0000     0.5141    34.7532    34.7520    25.7112    25.7104     0.0565      1.721      0.698 0.0000e+00
    256.466       6156     58.366 -106.13356   20.39474     58.000    15.2019    15.1991   4.287642   4.287316 1.0747e+00    12.4056     4.4986 7.8403e-01          0     4.4986     0.3582     0.5146     0.0000     4.5936     0.0000     1.1910     0.0000     0.5142    34.7588    34.7583    25.7435    25.7437     0.0565      1.722      0.697 0.0000e+00
    258.266       6199     59.372 -106.13356   20.39474     59.000    15.0595    15.0613   4.274380   4.274440 1.1647e+00    12.4072     4.4968 7.0723e-01          0     4.4968     0.3883     0.5143     0.0000     4.5953     0.0000     1.1464     0.0000     0.5139    34.7645    34.7634    25.7793    25.7781     0.0546      1.664      0.671 0.0000e+00
    260.232       6247     60.379 -106.13356   20.39474     60.000    15.0052    15.0043   4.269358   4.269131 1.0934e+00    12.4063     4.4979 6.4896e-01          0     4.4979     0.3645     0.5140     0.0000     4.5969     0.0000     1.1091     0.0000     0.5136    34.7667    34.7654    25.7929    25.7921     0.0548      1.668      0.672 0.0000e+00
    262.031       6290     61.385 -106.13357   20.39474     61.000    14.9692    14.9707   4.266046   4.266057 1.1535e+00    12.4058     4.4984 5.9032e-01          0     4.4984     0.3845     0.5138     0.0000     4.3996     0.0000     1.0679     0.0000     0.5134    34.7681    34.7670    25.8019    25.8007     0.0539      1.642      0.661 0.0000e+00
    263.916       6335     62.392 -106.13358   20.39474     62.000    14.9249    14.9272   4.261854   4.261949 1.0323e+00    12.4052     4.4991 5.3460e-01          0     4.4991     0.3441     0.5135     0.0000     3.9777     0.0000     1.0249     0.0000     0.5131    34.7690    34.7679    25.8124    25.8110     0.0522      1.591      0.640 0.0000e+00
    265.935       6383     63.398 -106.13358   20.39474     63.000    14.8794    14.8801   4.257783   4.257742 1.0969e+00    12.4056     4.4986 4.7561e-01          0     4.4986     0.3656     0.5132     0.0000     4.5815     0.0000     0.9740     0.0000     0.5128    34.7721    34.7710    25.8247    25.8237     0.0515      1.570      0.631 0.0000e+00
    268.538       6446     64.405 -106.13358   20.39473     64.000    14.7893    14.7943   4.249418   4.249755 1.1681e+00    12.4061     4.4981 4.2409e-01          0     4.4981     0.3893     0.5130     0.0000     4.6018     0.0000     0.9245     0.0000     0.5126    34.7756    34.7742    25.8471    25.8449     0.0521      1.587      0.637 0.0000e+00
    270.615       6496     65.411 -106.13356   20.39472     65.000    14.6730    14.6728   4.238649   4.238491 1.1223e+00    12.4062     4.4980 3.7793e-01          0     4.4980     0.3741     0.5130     0.0000     4.6023     0.0000     0.8743     0.0000     0.5126    34.7806    34.7793    25.8761    25.8752     0.0515      1.570      0.629 0.0000e+00
    272.586       6543     66.418 -106.13356   20.39472     66.000    14.5655    14.5662   4.228610   4.228543 1.0992e+00    12.4033     4.5012 3.3682e-01          0     4.5012     0.3664     0.5128     0.0000     4.5749     0.0000     0.8243     0.0000     0.5124    34.7842    34.7830    25.9021    25.9010     0.0509      1.550      0.619 0.0000e+00
    274.901       6599     67.424 -106.13358   20.39473     67.000    14.5212    14.5223   4.224591   4.224569 1.0481e+00    12.4030     4.5015 3.1053e-01          0     4.5015     0.3494     0.5128     0.0000     3.0399     0.0000     0.7893     0.0000     0.5124    34.7866    34.7855    25.9135    25.9124     0.0513      1.563      0.624 0.0000e+00
    276.537       6638     68.431 -106.13358   20.39474     68.000    14.4744    14.4740   4.220277   4.220146 8.9128e-01    12.4016     4.5031 2.8735e-01          0     4.5031     0.2971     0.5127     0.0000     4.6358     0.0000     0.7556     0.0000     0.5123    34.7885    34.7877    25.9251    25.9245     0.0510      1.555      0.620 0.0000e+00
    277.911       6671     69.437 -106.13358   20.39474     69.000    14.4537    14.4539   4.218422   4.218365 8.8512e-01    12.4006     4.5043 2.6150e-01          0     4.5043     0.2950     0.5127     0.0000     4.6060     0.0000     0.7147     0.0000     0.5123    34.7896    34.7889    25.9304    25.9298     0.0502      1.530      0.610 0.0000e+00
    279.826       6717     70.444 -106.13358   20.39474     70.000    14.4192    14.4198   4.215159   4.215131 1.0068e+00    12.3981     4.5070 2.3657e-01          0     4.5070     0.3356     0.5126     0.0000     4.6075     0.0000     0.6711     0.0000     0.5122    34.7901    34.7893    25.9382    25.9374     0.0507      1.544      0.615 0.0000e+00
    282.112       6772     71.450 -106.13357   20.39474     71.000    14.3210    14.3214   4.205992   4.205944 8.9758e-01    12.3952     4.5103 2.1233e-01          0     4.5103     0.2992     0.5124     0.0000     4.6086     0.0000     0.6242     0.0000     0.5120    34.7933    34.7925    25.9616    25.9610     0.0492      1.499      0.596 0.0000e+00
    284.884       6838     72.457 -106.13356   20.39474     72.000    14.2712    14.2696   4.201358   4.201211 9.2395e-01    12.3926     4.5132 1.8629e-01          0     4.5132     0.3080     0.5122     0.0000     4.4306     0.0000     0.5678     0.0000     0.5118    34.7949    34.7950    25.9735    25.9739     0.0493      1.503      0.597 0.0000e+00
    287.257       6895     73.463 -106.13356   20.39474     73.000    14.2160    14.2168   4.196422   4.196430 6.9860e-01    12.3901     4.5160 1.7212e-01          0     4.5160     0.2329     0.5122     0.0000     4.6203     0.0000     0.5334     0.0000     0.5118    34.7985    34.7979    25.9880    25.9874     0.0499      1.520      0.603 0.0000e+00
    288.410       6923     74.470 -106.13358   20.39474     74.000    14.1493    14.1483   4.190201   4.190033 6.1358e-01    12.3869     4.5196 1.5798e-01          0     4.5196     0.2045     0.5122     0.0000     4.6115     0.0000     0.4962     0.0000     0.5118    34.8006    34.8000    26.0037    26.0035     0.0480      1.463      0.580 0.0000e+00
    289.937       6959     75.476 -106.13358   20.39474     75.000    14.1011    14.1008   4.185762   4.185703 6.1653e-01    12.3879     4.5185 1.4518e-01          0     4.5185     0.2055     0.5117     0.0000     4.6122     0.0000     0.4595     0.0000     0.5113    34.8025    34.8022    26.0155    26.0153     0.0468      1.427      0.565 0.0000e+00
    292.307       7016     76.483 -106.13357   20.39474     76.000    14.0678    14.0687   4.182626   4.182649 6.3497e-01    12.3835     4.5236 1.3268e-01          0     4.5236     0.2117     0.5117     0.0000     4.6127     0.0000     0.4207     0.0000     0.5113    34.8030    34.8024    26.0229    26.0223     0.0476      1.450      0.574 0.0000e+00
    295.013       7081     77.490 -106.13356   20.39474     77.000    14.0156    14.0171   4.177696   4.177762 5.5532e-01    12.3791     4.5285 1.2432e-01          0     4.5285     0.1851     0.5115     0.0000     4.6133     0.0000     0.3925     0.0000     0.5111    34.8040    34.8032    26.0347    26.0338     0.0471      1.435      0.567 0.0000e+00
    297.282       7136     78.496 -106.13356   20.39474     78.000    13.9787    13.9793   4.174429   4.174466 4.4658e-01    12.3786     4.5291 1.1677e-01          0     4.5291     0.1489     0.5116     0.0000     4.6141     0.0000     0.3654     0.0000     0.5112    34.8065    34.8063    26.0444    26.0441     0.0471      1.435      0.567 0.0000e+00
    298.554       7166     79.503 -106.13356   20.39474     79.000    13.9461    13.9467   4.171501   4.171555 3.9029e-01    12.3769     4.5310 1.1061e-01          0     4.5310     0.1301     0.5114     0.0000     4.6152     0.0000     0.3420     0.0000     0.5110    34.8083    34.8082    26.0527    26.0525     0.0468      1.425      0.563 0.0000e+00
    299.783       7196     80.509 -106.13356   20.39474     80.000    13.9402    13.9408   4.171104   4.171166 4.1272e-01    12.3778     4.5300 1.0549e-01          0     4.5300     0.1376     0.5114     0.0000     4.6158     0.0000     0.3214     0.0000     0.5110    34.8095    34.8096    26.0549    26.0548     0.0470      1.432      0.565 0.0000e+00
    301.691       7242     81.516 -106.13356   20.39474     81.000    13.9380    13.9389   4.170959   4.171042 4.8501e-01    12.3778     4.5299 9.7283e-02          0     4.5299     0.1617     0.5113     0.0000     4.6166     0.0000     0.2863     0.0000     0.5109    34.8098    34.8097    26.0555    26.0553     0.0457      1.392      0.549 0.0000e+00
    304.941       7320     82.522 -106.13356   20.39474     82.000    13.9257    13.9259   4.169948   4.169949 4.7790e-01    12.3778     4.5300 8.7910e-02          0     4.5300     0.1593     0.5111     0.0000     4.6179     0.0000     0.2422     0.0000     0.5107    34.8110    34.8109    26.0591    26.0590     0.0454      1.383      0.546 0.0000e+00
    308.478       7404     83.529 -106.13356   20.39474     83.000    13.8930    13.8966   4.166861   4.167195 3.9429e-01    12.3774     4.5305 8.0514e-02          0     4.5305     0.1314     0.5110     0.0000     4.6193     0.0000     0.2046     0.0000     0.5106    34.8115    34.8113    26.0663    26.0654     0.0449      1.367      0.539 0.0000e+00
    309.485       7429     84.536 -106.13356   20.39474     84.000    13.8422    13.8424   4.162121   4.162160 3.3664e-01    12.3750     4.5332 7.6874e-02          0     4.5332     0.1122     0.5109     0.0000     4.6186     0.0000     0.1846     0.0000     0.5105    34.8129    34.8130    26.0780    26.0781     0.0457      1.392      0.548 0.0000e+00
    310.557       7454     85.542 -106.13356   20.39474     85.000    13.8102    13.8101   4.159137   4.159132 3.2933e-01    12.3739     4.5344 7.1996e-02          0     4.5344     0.1098     0.5111     0.0000     4.6189     0.0000     0.1562     0.0000     0.5107    34.8136    34.8136    26.0853    26.0853     0.0465      1.415      0.557 0.0000e+00
    312.092       7491     86.549 -106.13356   20.39474     86.000    13.7508    13.7508   4.153477   4.153491 3.3258e-01    12.3718     4.5368 6.7324e-02          0     4.5368     0.1109     0.5110     0.0000     4.6197     0.0000     0.1273     0.0000     0.5106    34.8141    34.8142    26.0980    26.0982     0.0443      1.349      0.530 0.0000e+00
    314.083       7539     87.555 -106.13356   20.39474     87.000    13.7201    13.7207   4.150733   4.150813 3.0634e-01    12.3710     4.5377 6.5367e-02          0     4.5377     0.1021     0.5106     0.0000     4.6205     0.0000     0.1145     0.0000     0.5102    34.8159    34.8161    26.1058    26.1059     0.0433      1.319      0.518 0.0000e+00
    317.422       7619     88.562 -106.13356   20.39474     88.000    13.7209    13.7397   4.150909   4.152736 2.9727e-01    12.3705     4.5383 5.9168e-02          0     4.5383     0.0991     0.5105     0.0000     4.6218     0.0000     0.0711     0.0000     0.5101    34.8164    34.8164    26.1061    26.1022     0.0438      1.333      0.524 0.0000e+00
    320.273       7688     89.568 -106.13356   20.39474     89.000    13.7036    13.7045   4.149366   4.149506 2.6927e-01    12.3705     4.5382 5.4631e-02          0     4.5382     0.0898     0.5104     0.0000     4.6226     0.0000     0.0367     0.0000     0.5100    34.8173    34.8177    26.1104    26.1105     0.0433      1.317      0.517 0.0000e+00
    321.513       7717     90.575 -106.13356   20.39474     90.000    13.6970    13.6975   4.148764   4.148864 2.6645e-01    12.3698     4.5391 5.1349e-02          0     4.5391     0.0888     0.5104     0.0000     4.6227     0.0000     0.0105     0.0000     0.5100    34.8172    34.8176    26.1117    26.1119     0.0435      1.326      0.521 0.0000e+00
