data/ctd-cnv/RR1804/RR1803-St33-P1/Station33_cast60.cnv
* Sea-Bird SBE 9 Data File:
* FileName = C:\CTD\RR1805\Station33_cast60.hex
* Software Version Seasave V 7.26.6.26
* Temperature SN = 4307
* Conductivity SN = 4650
* Number of Bytes Per Scan = 44
* Number of Voltage Words = 5
* Number of Scans Averaged by the Deck Unit = 1
* NMEA Latitude = 20 06.91 N
* NMEA Longitude = 106 00.73 W
* NMEA UTC (Time) = Apr 22 2018 10:12:45
** Ship: Revell
** Station: On Deck
** Operator: GR
** Station P1 cast 60 Prim Prod
# nquan = 32
# nvalues = 151                         
# units = specified
# name 0 = timeS: Time, Elapsed [seconds]
# name 1 = scan: Scan Count
# name 2 = prDM: Pressure, Digiquartz [db]
# name 3 = longitude: Longitude [deg]
# name 4 = latitude: Latitude [deg]
# name 5 = depSMignore: Depth [salt water, m]
# name 6 = t090C: Temperature [ITS-90, deg C]
# name 7 = t190C: Temperature, 2 [ITS-90, deg C]
# name 8 = c0S/m: Conductivity [S/m]
# name 9 = c1S/m: Conductivity, 2 [S/m]
# name 10 = flSP: Fluorescence, Seapoint
# name 11 = CStarAt0: Beam Attenuation, WET Labs C-Star [1/m]
# name 12 = CStarTr0: Beam Transmission, WET Labs C-Star [%]
# name 13 = par: PAR/Irradiance, Biospherical/Licor
# name 14 = modError: Modulo Error Count
# name 15 = v0: Voltage 0
# name 16 = v1: Voltage 1
# name 17 = v2: Voltage 2
# name 18 = v3: Voltage 3
# name 19 = v4: Voltage 4
# name 20 = v5: Voltage 5
# name 21 = v6: Voltage 6
# name 22 = v7: Voltage 7
# name 23 = sbeox0V: Oxygen raw, SBE 43 [V]
# name 24 = sal00: Salinity, Practical [PSU]
# name 25 = sal11: Salinity, Practical, 2 [PSU]
# name 26 = sigma-é00: Density [sigma-theta, kg/m^3]
# name 27 = sigma-é11: Density, 2 [sigma-theta, kg/m^3]
# name 28 = sbeox0Mg/L: Oxygen, SBE 43 [mg/l], WS = 2
# name 29 = sbox0Mm/Kg: Oxygen, SBE 43 [umol/kg], WS = 2
# name 30 = sbeox0PS: Oxygen, SBE 43 [% saturation], WS = 2
# name 31 = flag: flag
# span 0 =      8.016,    285.178       
# span 1 =        193,       6845       
# span 2 =      2.012,    152.992       
# span 3 = -106.01231, -106.01228       
# span 4 =   20.11524,   20.11528       
# span 5 =      2.000,    152.000       
# span 6 =    12.5905,    23.6656       
# span 7 =    12.5842,    23.6601       
# span 8 =   4.044222,   5.111275       
# span 9 =   4.043721,   5.110919       
# span 10 = 7.1441e-02, 1.6855e+00      
# span 11 =    12.3582,    12.5854      
# span 12 =     4.3008,     4.5522      
# span 13 = 4.8768e-02, 2.2330e-01      
# span 14 =          0,          0      
# span 15 =     4.3008,     4.5522      
# span 16 =     0.0237,     0.5618      
# span 17 =     0.5079,     2.6267      
# span 18 =     0.0000,     0.0000      
# span 19 =     2.5386,     4.6776      
# span 20 =     0.0000,     0.0000      
# span 21 =    -0.0079,     0.6077      
# span 22 =     0.0000,     0.0000      
# span 23 =     0.5076,     2.6267      
# span 24 =    34.4640,    34.8203      
# span 25 =    34.4640,    34.8213      
# span 26 =    23.4116,    26.3333      
# span 27 =    23.4144,    26.3353      
# span 28 =     0.0352,     6.4593      
# span 29 =      1.070,    197.239      
# span 30 =      0.413,     93.002      
# span 31 = 0.0000e+00, 0.0000e+00      
# interval = meters: 1                  
# start_time = Apr 22 2018 10:12:46 [System UTC, first data scan.]
# bad_flag = -9.990e-29
*END*
[from data line 91]
    195.039       4682     93.594 -106.01228   20.11526     93.000    13.7191    13.7176   4.150007   4.149882 3.5198e-01    12.3655     4.5440 5.0671e-02          0     4.5440     0.1173     0.5096     0.0000     4.5780     0.0000     0.0049     0.0000     0.5092    34.8075    34.8077    26.0997    26.1002     0.0386      1.174      0.462 0.0000e+00
    197.531       4742     94.600 -106.01229   20.11525     94.000    13.7082    13.7142   4.148993   4.149763 3.5127e-01    12.3695     4.5395 5.0671e-02          0     4.5395     0.1171     0.5093     0.0000     4.5795     0.0000     0.0049     0.0000     0.5089    34.8074    34.8092    26.1020    26.1021     0.0391      1.191      0.468 0.0000e+00
    201.430       4835     95.606 -106.01230   20.11524     95.000    13.6209    13.6397   4.140629   4.142451 2.9536e-01    12.3638     4.5459 5.0671e-02          0     4.5459     0.0985     0.5094     0.0000     4.5810     0.0000     0.0049     0.0000     0.5090    34.8080    34.8080    26.1205    26.1166     0.0397      1.208      0.474 0.0000e+00
    203.359       4882     96.613 -106.01230   20.11526     96.000    13.5780    13.5783   4.136566   4.136697 2.4558e-01    12.3631     4.5467 5.0671e-02          0     4.5467     0.0819     0.5092     0.0000     4.5812     0.0000     0.0049     0.0000     0.5088    34.8084    34.8093    26.1297    26.1303     0.0389      1.185      0.464 0.0000e+00
    204.680       4913     97.620 -106.01230   20.11526     97.000    13.5533    13.5541   4.134262   4.134401 2.3397e-01    12.3633     4.5464 5.0671e-02          0     4.5464     0.0780     0.5092     0.0000     4.5817     0.0000     0.0049     0.0000     0.5088    34.8088    34.8094    26.1351    26.1354     0.0393      1.198      0.469 0.0000e+00
    206.004       4945     98.626 -106.01230   20.11526     98.000    13.5403    13.5407   4.133073   4.133185 2.2788e-01    12.3632     4.5466 5.0671e-02          0     4.5466     0.0760     0.5092     0.0000     4.5819     0.0000     0.0049     0.0000     0.5088    34.8091    34.8097    26.1380    26.1384     0.0391      1.189      0.466 0.0000e+00
    207.642       4984     99.633 -106.01230   20.11526     99.000    13.5333    13.5341   4.132483   4.132628 2.2281e-01    12.3630     4.5468 5.0671e-02          0     4.5468     0.0743     0.5091     0.0000     4.5824     0.0000     0.0049     0.0000     0.5087    34.8095    34.8101    26.1398    26.1401     0.0384      1.169      0.458 0.0000e+00
    210.157       5045    100.640 -106.01230   20.11526    100.000    13.5249    13.5261   4.131756   4.131946 2.1908e-01    12.3631     4.5466 5.0671e-02          0     4.5466     0.0730     0.5091     0.0000     4.5833     0.0000     0.0049     0.0000     0.5087    34.8099    34.8106    26.1419    26.1421     0.0388      1.183      0.463 0.0000e+00
    213.266       5119    101.647 -106.01230   20.11526    101.000    13.5168    13.5176   4.131097   4.131252 2.1310e-01    12.3631     4.5467 5.0671e-02          0     4.5467     0.0710     0.5091     0.0000     4.5842     0.0000     0.0049     0.0000     0.5087    34.8107    34.8113    26.1442    26.1445     0.0388      1.182      0.462 0.0000e+00
    215.296       5168    102.653 -106.01230   20.11526    102.000    13.5050    13.5054   4.130063   4.130195 2.0390e-01    12.3639     4.5458 5.0671e-02          0     4.5458     0.0680     0.5090     0.0000     4.5844     0.0000     0.0049     0.0000     0.5086    34.8112    34.8121    26.1470    26.1476     0.0390      1.187      0.464 0.0000e+00
    216.482       5197    103.660 -106.01230   20.11526    103.000    13.4812    13.4817   4.128018   4.128158 1.8602e-01    12.3652     4.5444 5.0671e-02          0     4.5444     0.0620     0.5092     0.0000     4.5841     0.0000     0.0049     0.0000     0.5088    34.8132    34.8141    26.1535    26.1541     0.0394      1.201      0.470 0.0000e+00
    217.426       5219    104.666 -106.01230   20.11526    104.000    13.4609    13.4613   4.126321   4.126449 1.6689e-01    12.3650     4.5446 5.0671e-02          0     4.5446     0.0556     0.5091     0.0000     4.5836     0.0000     0.0049     0.0000     0.5087    34.8153    34.8161    26.1593    26.1599     0.0376      1.146      0.448 0.0000e+00
    218.374       5242    105.673 -106.01230   20.11526    105.000    13.4480    13.4484   4.125509   4.125634 1.3683e-01    12.3663     4.5429 5.0671e-02          0     4.5429     0.0456     0.5088     0.0000     4.5836     0.0000     0.0049     0.0000     0.5085    34.8191    34.8199    26.1649    26.1654     0.0380      1.157      0.452 0.0000e+00
    219.545       5270    106.680 -106.01230   20.11526    106.000    13.4302    13.4307   4.123859   4.123996 1.2663e-01    12.3659     4.5435 5.0671e-02          0     4.5435     0.0422     0.5090     0.0000     4.5837     0.0000     0.0049     0.0000     0.5086    34.8193    34.8201    26.1688    26.1693     0.0388      1.181      0.461 0.0000e+00
    221.075       5307    107.686 -106.01230   20.11526    107.000    13.4177    13.4185   4.122630   4.122796 1.2748e-01    12.3678     4.5413 5.0671e-02          0     4.5413     0.0425     0.5090     0.0000     4.5844     0.0000     0.0049     0.0000     0.5086    34.8187    34.8196    26.1708    26.1714     0.0388      1.182      0.462 0.0000e+00
    222.463       5340    108.693 -106.01230   20.11526    108.000    13.4053    13.4060   4.121436   4.121605 1.2992e-01    12.3675     4.5417 5.0671e-02          0     4.5417     0.0433     0.5092     0.0000     4.5843     0.0000     0.0049     0.0000     0.5088    34.8183    34.8194    26.1731    26.1738     0.0392      1.195      0.467 0.0000e+00
    223.469       5364    109.700 -106.01230   20.11526    109.000    13.3894    13.3897   4.119911   4.120034 1.7372e-01    12.3673     4.5419 5.0671e-02          0     4.5419     0.0579     0.5090     0.0000     4.5837     0.0000     0.0049     0.0000     0.5086    34.8181    34.8189    26.1762    26.1768     0.0384      1.169      0.456 0.0000e+00
    224.350       5385    110.706 -106.01230   20.11526    110.000    13.3520    13.3519   4.116316   4.116371 1.3011e-01    12.3663     4.5429 5.0671e-02          0     4.5429     0.0434     0.5090     0.0000     4.5847     0.0000     0.0049     0.0000     0.5086    34.8178    34.8185    26.1837    26.1842     0.0388      1.181      0.461 0.0000e+00
    225.248       5407    111.713 -106.01230   20.11526    111.000    13.3286    13.3293   4.114174   4.114328 1.2806e-01    12.3689     4.5401 5.0671e-02          0     4.5401     0.0427     0.5090     0.0000     4.5852     0.0000     0.0049     0.0000     0.5086    34.8186    34.8194    26.1890    26.1895     0.0376      1.146      0.447 0.0000e+00
    226.280       5432    112.720 -106.01230   20.11526    112.000    13.3222    13.3230   4.113623   4.113779 1.2389e-01    12.3658     4.5435 5.0671e-02          0     4.5435     0.0413     0.5089     0.0000     4.5855     0.0000     0.0049     0.0000     0.5085    34.8188    34.8196    26.1905    26.1910     0.0375      1.141      0.445 0.0000e+00
    227.414       5459    113.727 -106.01230   20.11526    113.000    13.3131    13.3137   4.112812   4.112972 1.1884e-01    12.3664     4.5429 5.0671e-02          0     4.5429     0.0396     0.5086     0.0000     4.5861     0.0000     0.0049     0.0000     0.5082    34.8190    34.8200    26.1926    26.1933     0.0365      1.113      0.434 0.0000e+00
    228.404       5483    114.733 -106.01230   20.11526    114.000    13.3066    13.3074   4.112291   4.112479 1.1384e-01    12.3665     4.5428 5.0671e-02          0     4.5428     0.0380     0.5086     0.0000     4.5854     0.0000     0.0049     0.0000     0.5083    34.8196    34.8207    26.1944    26.1951     0.0389      1.185      0.462 0.0000e+00
    229.230       5503    115.740 -106.01230   20.11526    115.000    13.3030    13.3037   4.112002   4.112178 1.1559e-01    12.3662     4.5431 5.0671e-02          0     4.5431     0.0386     0.5090     0.0000     4.5848     0.0000     0.0049     0.0000     0.5086    34.8198    34.8208    26.1953    26.1959     0.0397      1.210      0.472 0.0000e+00
    229.996       5521    116.747 -106.01230   20.11526    116.000    13.2857    13.2850   4.110296   4.110304 1.1625e-01    12.3663     4.5430 5.0671e-02          0     4.5430     0.0388     0.5090     0.0000     4.5864     0.0000     0.0049     0.0000     0.5086    34.8191    34.8198    26.1983    26.1990     0.0388      1.182      0.460 0.0000e+00
    230.791       5540    117.753 -106.01230   20.11526    117.000    13.2409    13.2390   4.106020   4.105922 1.1077e-01    12.3664     4.5428 5.0671e-02          0     4.5428     0.0369     0.5090     0.0000     4.5913     0.0000     0.0049     0.0000     0.5086    34.8191    34.8199    26.2074    26.2084     0.0388      1.180      0.459 0.0000e+00
    231.698       5562    118.760 -106.01230   20.11526    118.000    13.2171    13.2177   4.103801   4.103947 1.0754e-01    12.3671     4.5421 5.0671e-02          0     4.5421     0.0358     0.5089     0.0000     4.5851     0.0000     0.0049     0.0000     0.5085    34.8195    34.8204    26.2126    26.2131     0.0385      1.174      0.457 0.0000e+00
    232.917       5591    119.767 -106.01230   20.11526    119.000    13.1950    13.1948   4.101683   4.101783 1.0752e-01    12.3678     4.5413 5.0671e-02          0     4.5413     0.0358     0.5089     0.0000     4.5853     0.0000     0.0049     0.0000     0.5085    34.8192    34.8204    26.2169    26.2178     0.0384      1.170      0.455 0.0000e+00
    234.573       5631    120.774 -106.01230   20.11526    120.000    13.1626    13.1627   4.098601   4.098743 1.0191e-01    12.3654     4.5441 5.0671e-02          0     4.5441     0.0340     0.5089     0.0000     4.5856     0.0000     0.0049     0.0000     0.5085    34.8192    34.8205    26.2235    26.2244     0.0381      1.159      0.450 0.0000e+00
    235.776       5660    121.780 -106.01230   20.11526    121.000    13.1287    13.1292   4.095459   4.095605 9.8182e-02    12.3652     4.5444 5.0671e-02          0     4.5444     0.0327     0.5088     0.0000     4.5845     0.0000     0.0049     0.0000     0.5084    34.8201    34.8210    26.2310    26.2316     0.0387      1.177      0.457 0.0000e+00
    236.592       5679    122.787 -106.01230   20.11526    122.000    13.1193    13.1200   4.094621   4.094791 9.4990e-02    12.3659     4.5436 5.0671e-02          0     4.5436     0.0316     0.5090     0.0000     4.5836     0.0000     0.0049     0.0000     0.5086    34.8203    34.8213    26.2330    26.2337     0.0393      1.198      0.465 0.0000e+00
    237.303       5696    123.794 -106.01230   20.11526    123.000    13.1003    13.1004   4.092797   4.092875 9.2423e-02    12.3628     4.5470 5.0671e-02          0     4.5470     0.0308     0.5089     0.0000     4.5835     0.0000     0.0049     0.0000     0.5085    34.8200    34.8207    26.2367    26.2372     0.0373      1.137      0.441 0.0000e+00
    238.046       5714    124.801 -106.01230   20.11526    124.000    13.0637    13.0640   4.089241   4.089363 9.2165e-02    12.3625     4.5474 5.0671e-02          0     4.5474     0.0307     0.5086     0.0000     4.5842     0.0000     0.0049     0.0000     0.5082    34.8194    34.8202    26.2436    26.2442     0.0360      1.097      0.425 0.0000e+00
    238.938       5736    125.807 -106.01230   20.11526    125.000    13.0478    13.0484   4.087699   4.087850 9.2912e-02    12.3632     4.5465 5.0671e-02          0     4.5465     0.0309     0.5085     0.0000     4.5848     0.0000     0.0049     0.0000     0.5082    34.8189    34.8198    26.2464    26.2470     0.0360      1.095      0.425 0.0000e+00
    240.216       5766    126.814 -106.01230   20.11526    126.000    13.0373    13.0378   4.086660   4.086805 9.4598e-02    12.3632     4.5466 5.0671e-02          0     4.5466     0.0315     0.5084     0.0000     4.5852     0.0000     0.0049     0.0000     0.5080    34.8182    34.8191    26.2480    26.2486     0.0372      1.133      0.439 0.0000e+00
    241.776       5804    127.821 -106.01230   20.11528    127.000    13.0022    13.0025   4.082975   4.083118 1.0673e-01    12.3624     4.5475 5.0671e-02          0     4.5475     0.0356     0.5085     0.0000     4.5858     0.0000     0.0049     0.0000     0.5082    34.8149    34.8160    26.2525    26.2534     0.0381      1.160      0.449 0.0000e+00
    242.778       5828    128.828 -106.01230   20.11528    128.000    12.9751    12.9751   4.080043   4.080154 9.4768e-02    12.3609     4.5492 5.0671e-02          0     4.5492     0.0315     0.5086     0.0000     4.5848     0.0000     0.0049     0.0000     0.5082    34.8115    34.8125    26.2553    26.2561     0.0379      1.153      0.446 0.0000e+00
    243.519       5845    129.835 -106.01230   20.11528    129.000    12.9452    12.9459   4.077154   4.077343 9.5237e-02    12.3602     4.5500 5.0671e-02          0     4.5500     0.0317     0.5086     0.0000     4.5850     0.0000     0.0049     0.0000     0.5083    34.8110    34.8122    26.2610    26.2618     0.0394      1.199      0.464 0.0000e+00
    244.170       5861    130.841 -106.01230   20.11526    130.000    12.9129    12.9121   4.074121   4.074096 8.9837e-02    12.3600     4.5503 5.0671e-02          0     4.5503     0.0299     0.5090     0.0000     4.5852     0.0000     0.0049     0.0000     0.5086    34.8113    34.8119    26.2677    26.2683     0.0392      1.194      0.461 0.0000e+00
    244.860       5878    131.848 -106.01230   20.11526    131.000    12.8665    12.8672   4.069241   4.069430 8.9537e-02    12.3585     4.5518 5.0671e-02          0     4.5518     0.0298     0.5088     0.0000     4.5858     0.0000     0.0049     0.0000     0.5084    34.8070    34.8081    26.2736    26.2744     0.0362      1.102      0.425 0.0000e+00
    245.741       5899    132.855 -106.01230   20.11526    132.000    12.8590    12.8595   4.068454   4.068619 8.9464e-02    12.3586     4.5518 5.0671e-02          0     4.5518     0.0298     0.5083     0.0000     4.5864     0.0000     0.0049     0.0000     0.5080    34.8059    34.8070    26.2743    26.2751     0.0360      1.096      0.423 0.0000e+00
    247.002       5929    133.862 -106.01230   20.11526    133.000    12.8526    12.8529   4.067826   4.067980 9.1650e-02    12.3589     4.5515 5.0671e-02          0     4.5515     0.0305     0.5082     0.0000     4.5871     0.0000     0.0049     0.0000     0.5079    34.8055    34.8066    26.2753    26.2761     0.0353      1.075      0.415 0.0000e+00
    248.560       5966    134.868 -106.01230   20.11526    134.000    12.8351    12.8358   4.066147   4.066357 8.9511e-02    12.3592     4.5512 5.0671e-02          0     4.5512     0.0298     0.5082     0.0000     4.5877     0.0000     0.0049     0.0000     0.5079    34.8051    34.8064    26.2785    26.2794     0.0372      1.131      0.437 0.0000e+00
    249.937       5999    135.875 -106.01230   20.11526    135.000    12.8298    12.8308   4.065858   4.066104 8.8271e-02    12.3596     4.5507 5.0671e-02          0     4.5507     0.0294     0.5084     0.0000     4.5879     0.0000     0.0049     0.0000     0.5080    34.8068    34.8082    26.2809    26.2817     0.0367      1.118      0.431 0.0000e+00
    250.908       6023    136.882 -106.01230   20.11526    136.000    12.8377    12.8386   4.067125   4.067354 8.6501e-02    12.3612     4.5489 5.0671e-02          0     4.5489     0.0288     0.5082     0.0000     4.5866     0.0000     0.0049     0.0000     0.5078    34.8112    34.8125    26.2828    26.2836     0.0359      1.093      0.422 0.0000e+00
