data/ctd-cnv/RR1804/RR1803-St33-P1/Station33_cast65.cnv
* Sea-Bird SBE 9 Data File:
* FileName = C:\CTD\RR1805\Station33_cast65.hex
* Software Version Seasave V 7.26.6.26
* Temperature SN = 4307
* Conductivity SN = 4650
* Number of Bytes Per Scan = 44
* Number of Voltage Words = 5
* Number of Scans Averaged by the Deck Unit = 1
* NMEA Latitude = 20 18.47 N
* NMEA Longitude = 106 08.12 W
* NMEA UTC (Time) = Apr 24 2018 21:04:47
** Ship: Revell
** Station: On Deck
** Operator: NAK
** cast65
# nquan = 32
# nvalues = 302                         
# units = specified
# name 0 = timeS: Time, Elapsed [seconds]
# name 1 = scan: Scan Count
# name 2 = prDM: Pressure, Digiquartz [db]
# name 3 = longitude: Longitude [deg]
# name 4 = latitude: Latitude [deg]
# name 5 = depSMignore: Depth [salt water, m]
# name 6 = t090C: Temperature [ITS-90, deg C]
# name 7 = t190C: Temperature, 2 [ITS-90, deg C]
# name 8 = c0S/m: Conductivity [S/m]
# name 9 = c1S/m: Conductivity, 2 [S/m]
# name 10 = flSP: Fluorescence, Seapoint
# name 11 = CStarAt0: Beam Attenuation, WET Labs C-Star [1/m]
# name 12 = CStarTr0: Beam Transmission, WET Labs C-Star [%]
# name 13 = par: PAR/Irradiance, Biospherical/Licor
# name 14 = modError: Modulo Error Count
# name 15 = v0: Voltage 0
# name 16 = v1: Voltage 1
# name 17 = v2: Voltage 2
# name 18 = v3: Voltage 3
# name 19 = v4: Voltage 4
# name 20 = v5: Voltage 5
# name 21 = v6: Voltage 6
# name 22 = v7: Voltage 7
# name 23 = sbeox0V: Oxygen raw, SBE 43 [V]
# name 24 = sal00: Salinity, Practical [PSU]
# name 25 = sal11: Salinity, Practical, 2 [PSU]
# name 26 = sigma-é00: Density [sigma-theta, kg/m^3]
# name 27 = sigma-é11: Density, 2 [sigma-theta, kg/m^3]
# name 28 = sbeox0Mg/L: Oxygen, SBE 43 [mg/l], WS = 2
# name 29 = sbox0Mm/Kg: Oxygen, SBE 43 [umol/kg], WS = 2
# name 30 = sbeox0PS: Oxygen, SBE 43 [% saturation], WS = 2
# name 31 = flag: flag
# span 0 =     63.042,    691.028       
# span 1 =       1514,      16586       
# span 2 =      1.006,    304.086       
# span 3 = -106.13534, -106.13532       
# span 4 =   20.30794,   20.30799       
# span 5 =      1.000,    302.000       
# span 6 =    10.9665,    25.8844       
# span 7 =    10.9661,    25.8684       
# span 8 =   3.886548,   5.361043       
# span 9 =   3.886892,   5.724989       
# span 10 = 7.2764e-02, 2.7295e+00      
# span 11 =    12.3486,    12.7482      
# span 12 =     4.2536,     4.5633      
# span 13 = 5.0634e-02, 1.9768e+03      
# span 14 =          0,          0      
# span 15 =     4.2536,     4.5633      
# span 16 =     0.0242,     0.9098      
# span 17 =     0.5078,     2.9166      
# span 18 =     0.0000,     0.0000      
# span 19 =     1.5454,     5.6518      
# span 20 =     0.0000,     0.0000      
# span 21 =     0.0046,     4.5957      
# span 22 =     0.0000,     0.0000      
# span 23 =     0.5075,     2.9166      
# span 24 =    34.4564,    34.8191      
# span 25 =    34.4549,    37.5130      
# span 26 =    22.8551,    26.5712      
# span 27 =    22.8346,    26.5742      
# span 28 =     0.0358,     7.6753      
# span 29 =      1.088,    234.491      
# span 30 =      0.415,    114.771      
# span 31 = 0.0000e+00, 0.0000e+00      
# interval = meters: 1                  
# start_time = Apr 24 2018 21:04:49 [System UTC, first data scan.]
# bad_flag = -9.990e-29
*END*
[from data line 182]
    541.581      12999    184.210 -106.13534   20.30794    183.000    12.1979    12.1984   4.005769   4.006023 7.7844e-02    12.3600     4.5502 5.0671e-02          0     4.5502     0.0259     0.5082     0.0000     4.6221     0.0000     0.0049     0.0000     0.5078    34.7921    34.7941    26.3943    26.3958     0.0376      1.145      0.436 0.0000e+00
    542.606      13024    185.217 -106.13534   20.30794    184.000    12.1913    12.1917   4.005141   4.005409 7.7422e-02    12.3597     4.5506 5.0671e-02          0     4.5506     0.0258     0.5082     0.0000     4.6091     0.0000     0.0049     0.0000     0.5079    34.7917    34.7939    26.3953    26.3969     0.0372      1.133      0.431 0.0000e+00
    543.507      13045    186.224 -106.13534   20.30794    185.000    12.1838    12.1842   4.004426   4.004678 7.4810e-02    12.3620     4.5479 5.0671e-02          0     4.5479     0.0249     0.5083     0.0000     4.6015     0.0000     0.0049     0.0000     0.5079    34.7913    34.7933    26.3965    26.3980     0.0379      1.152      0.439 0.0000e+00
    544.380      13066    187.231 -106.13534   20.30794    186.000    12.1776    12.1781   4.003871   4.004145 7.7463e-02    12.3613     4.5488 5.0671e-02          0     4.5488     0.0258     0.5083     0.0000     4.5993     0.0000     0.0049     0.0000     0.5079    34.7912    34.7934    26.3976    26.3992     0.0372      1.133      0.431 0.0000e+00
    545.288      13088    188.238 -106.13534   20.30794    187.000    12.1763    12.1769   4.003790   4.004057 7.6766e-02    12.3590     4.5514 5.0671e-02          0     4.5514     0.0256     0.5081     0.0000     4.6058     0.0000     0.0049     0.0000     0.5078    34.7912    34.7933    26.3979    26.3994     0.0363      1.105      0.421 0.0000e+00
    546.250      13111    189.246 -106.13534   20.30794    188.000    12.1740    12.1745   4.003593   4.003854 7.6605e-02    12.3599     4.5504 5.0671e-02          0     4.5504     0.0255     0.5082     0.0000     4.6088     0.0000     0.0049     0.0000     0.5079    34.7910    34.7930    26.3982    26.3997     0.0372      1.133      0.431 0.0000e+00
    547.287      13136    190.253 -106.13534   20.30794    189.000    12.1640    12.1643   4.002598   4.002809 7.6381e-02    12.3598     4.5504 5.0671e-02          0     4.5504     0.0254     0.5081     0.0000     4.6332     0.0000     0.0049     0.0000     0.5078    34.7902    34.7920    26.3995    26.4009     0.0376      1.146      0.436 0.0000e+00
    548.424      13163    191.260 -106.13534   20.30794    190.000    12.1386    12.1385   4.000053   4.000228 7.6359e-02    12.3595     4.5507 5.0671e-02          0     4.5507     0.0254     0.5086     0.0000     4.6339     0.0000     0.0049     0.0000     0.5082    34.7887    34.7905    26.4032    26.4047     0.0394      1.200      0.457 0.0000e+00
    549.573      13191    192.267 -106.13534   20.30794    191.000    12.1040    12.1038   3.996675   3.996833 7.5962e-02    12.3584     4.5520 5.0671e-02          0     4.5520     0.0253     0.5083     0.0000     4.6347     0.0000     0.0049     0.0000     0.5079    34.7876    34.7893    26.4091    26.4104     0.0366      1.114      0.424 0.0000e+00
    550.622      13216    193.274 -106.13534   20.30794    192.000    12.0831    12.0835   3.994623   3.994852 7.7404e-02    12.3572     4.5533 5.0671e-02          0     4.5533     0.0258     0.5082     0.0000     4.6349     0.0000     0.0049     0.0000     0.5078    34.7867    34.7886    26.4124    26.4137     0.0369      1.125      0.427 0.0000e+00
    551.566      13239    194.281 -106.13534   20.30794    193.000    12.0597    12.0601   3.992266   3.992458 7.4247e-02    12.3580     4.5524 5.0671e-02          0     4.5524     0.0247     0.5084     0.0000     4.6347     0.0000     0.0049     0.0000     0.5080    34.7851    34.7866    26.4156    26.4168     0.0387      1.177      0.447 0.0000e+00
    552.433      13259    195.288 -106.13534   20.30794    194.000    12.0112    12.0112   3.987301   3.987411 7.6581e-02    12.3570     4.5536 5.0671e-02          0     4.5536     0.0255     0.5082     0.0000     4.6347     0.0000     0.0049     0.0000     0.5078    34.7815    34.7826    26.4221    26.4230     0.0376      1.144      0.434 0.0000e+00
    553.257      13279    196.295 -106.13534   20.30796    195.000    11.9834    11.9840   3.984595   3.984850 7.7126e-02    12.3578     4.5526 5.0671e-02          0     4.5526     0.0257     0.5084     0.0000     4.6349     0.0000     0.0049     0.0000     0.5081    34.7806    34.7826    26.4267    26.4282     0.0372      1.134      0.430 0.0000e+00
    554.098      13299    197.302 -106.13534   20.30796    196.000    11.9793    11.9799   3.984201   3.984455 7.7984e-02    12.3584     4.5520 5.0671e-02          0     4.5520     0.0260     0.5081     0.0000     4.6349     0.0000     0.0049     0.0000     0.5078    34.7802    34.7821    26.4272    26.4286     0.0368      1.120      0.425 0.0000e+00
    554.980      13321    198.309 -106.13532   20.30794    197.000    11.9728    11.9733   3.983576   3.983821 7.4423e-02    12.3585     4.5519 5.0671e-02          0     4.5519     0.0248     0.5082     0.0000     4.6351     0.0000     0.0049     0.0000     0.5079    34.7797    34.7817    26.4281    26.4295     0.0375      1.141      0.433 0.0000e+00
    555.923      13343    199.316 -106.13532   20.30794    198.000    11.9657    11.9662   3.982919   3.983184 7.4214e-02    12.3580     4.5524 5.0671e-02          0     4.5524     0.0247     0.5082     0.0000     4.6357     0.0000     0.0049     0.0000     0.5079    34.7795    34.7816    26.4293    26.4309     0.0378      1.152      0.436 0.0000e+00
    556.901      13367    200.324 -106.13532   20.30794    199.000    11.9528    11.9532   3.981663   3.981877 7.4176e-02    12.3577     4.5528 5.0671e-02          0     4.5528     0.0247     0.5081     0.0000     4.6360     0.0000     0.0049     0.0000     0.5078    34.7788    34.7805    26.4312    26.4325     0.0369      1.122      0.425 0.0000e+00
    557.916      13391    201.331 -106.13532   20.30794    200.000    11.9354    11.9355   3.979901   3.980101 7.4176e-02    12.3582     4.5522 5.0671e-02          0     4.5522     0.0247     0.5082     0.0000     4.6361     0.0000     0.0049     0.0000     0.5079    34.7774    34.7793    26.4335    26.4349     0.0374      1.139      0.431 0.0000e+00
    559.019      13417    202.338 -106.13532   20.30794    201.000    11.9209    11.9210   3.978491   3.978702 7.3520e-02    12.3575     4.5530 5.0671e-02          0     4.5530     0.0245     0.5081     0.0000     4.6361     0.0000     0.0049     0.0000     0.5078    34.7768    34.7787    26.4358    26.4373     0.0364      1.108      0.420 0.0000e+00
    560.273      13448    203.345 -106.13532   20.30794    202.000    11.9072    11.9075   3.977158   3.977405 7.4499e-02    12.3576     4.5529 5.0671e-02          0     4.5529     0.0248     0.5081     0.0000     4.6362     0.0000     0.0049     0.0000     0.5078    34.7761    34.7782    26.4378    26.4394     0.0380      1.157      0.438 0.0000e+00
    561.706      13482    204.352 -106.13533   20.30794    203.000    11.8971    11.8976   3.976197   3.976450 7.5162e-02    12.3584     4.5520 5.0671e-02          0     4.5520     0.0250     0.5082     0.0000     4.6367     0.0000     0.0049     0.0000     0.5078    34.7757    34.7777    26.4395    26.4410     0.0365      1.110      0.420 0.0000e+00
    563.078      13515    205.359 -106.13533   20.30795    204.000    11.8797    11.8801   3.974475   3.974735 7.6121e-02    12.3579     4.5526 5.0671e-02          0     4.5526     0.0254     0.5080     0.0000     4.6372     0.0000     0.0049     0.0000     0.5077    34.7747    34.7768    26.4420    26.4436     0.0379      1.153      0.436 0.0000e+00
    564.227      13542    206.367 -106.13532   20.30796    205.000    11.8666    11.8676   3.973228   3.973538 7.5150e-02    12.3577     4.5528 5.0671e-02          0     4.5528     0.0250     0.5082     0.0000     4.6396     0.0000     0.0049     0.0000     0.5078    34.7743    34.7764    26.4442    26.4457     0.0369      1.123      0.425 0.0000e+00
    565.225      13566    207.374 -106.13532   20.30796    206.000    11.8462    11.8461   3.971170   3.971360 7.6791e-02    12.3578     4.5527 5.0671e-02          0     4.5527     0.0256     0.5081     0.0000     4.6420     0.0000     0.0049     0.0000     0.5078    34.7727    34.7747    26.4469    26.4485     0.0370      1.126      0.426 0.0000e+00
    566.102      13587    208.381 -106.13532   20.30796    207.000    11.8378    11.8383   3.970407   3.970687 7.5154e-02    12.3593     4.5509 5.0671e-02          0     4.5509     0.0250     0.5082     0.0000     4.6408     0.0000     0.0049     0.0000     0.5079    34.7727    34.7750    26.4485    26.4502     0.0382      1.164      0.440 0.0000e+00
    566.876      13606    209.388 -106.13532   20.30796    208.000    11.8347    11.8355   3.970131   3.970424 7.5574e-02    12.3570     4.5536 5.0671e-02          0     4.5536     0.0252     0.5080     0.0000     4.6407     0.0000     0.0049     0.0000     0.5077    34.7725    34.7746    26.4489    26.4504     0.0375      1.141      0.431 0.0000e+00
    567.581      13623    210.395 -106.13532   20.30796    209.000    11.8243    11.8247   3.969107   3.969361 7.6215e-02    12.3574     4.5532 5.0671e-02          0     4.5532     0.0254     0.5083     0.0000     4.6406     0.0000     0.0049     0.0000     0.5080    34.7718    34.7738    26.4504    26.4519     0.0379      1.155      0.436 0.0000e+00
    568.260      13639    211.402 -106.13532   20.30796    210.000    11.8081    11.8084   3.967512   3.967745 7.5335e-02    12.3575     4.5530 5.0671e-02          0     4.5530     0.0251     0.5081     0.0000     4.6407     0.0000     0.0049     0.0000     0.5078    34.7708    34.7728    26.4527    26.4542     0.0363      1.105      0.417 0.0000e+00
    568.934      13655    212.410 -106.13532   20.30796    211.000    11.7964    11.7969   3.966367   3.966624 7.4181e-02    12.3570     4.5536 5.0671e-02          0     4.5536     0.0247     0.5081     0.0000     4.6381     0.0000     0.0049     0.0000     0.5078    34.7702    34.7722    26.4544    26.4559     0.0361      1.099      0.415 0.0000e+00
    569.639      13672    213.417 -106.13532   20.30795    212.000    11.7806    11.7812   3.964790   3.965047 7.7417e-02    12.3560     4.5548 5.0671e-02          0     4.5548     0.0258     0.5079     0.0000     4.6353     0.0000     0.0049     0.0000     0.5076    34.7690    34.7709    26.4565    26.4579     0.0362      1.102      0.416 0.0000e+00
    570.444      13692    214.424 -106.13532   20.30794    213.000    11.7713    11.7720   3.963928   3.964195 7.5521e-02    12.3562     4.5545 5.0671e-02          0     4.5545     0.0251     0.5080     0.0000     4.6399     0.0000     0.0049     0.0000     0.5077    34.7688    34.7708    26.4581    26.4596     0.0368      1.120      0.423 0.0000e+00
    571.444      13716    215.431 -106.13532   20.30794    214.000    11.7648    11.7652   3.963305   3.963550 7.5921e-02    12.3564     4.5543 5.0671e-02          0     4.5543     0.0253     0.5079     0.0000     4.6411     0.0000     0.0049     0.0000     0.5076    34.7684    34.7704    26.4590    26.4605     0.0364      1.108      0.418 0.0000e+00
    572.857      13750    216.439 -106.13532   20.30794    215.000    11.7582    11.7588   3.962687   3.962960 7.5890e-02    12.3560     4.5548 5.0671e-02          0     4.5548     0.0253     0.5079     0.0000     4.6420     0.0000     0.0049     0.0000     0.5076    34.7681    34.7702    26.4601    26.4616     0.0369      1.124      0.424 0.0000e+00
    574.714      13794    217.446 -106.13532   20.30794    216.000    11.7497    11.7507   3.961883   3.962218 7.5579e-02    12.3577     4.5528 5.0671e-02          0     4.5528     0.0252     0.5080     0.0000     4.6433     0.0000     0.0049     0.0000     0.5077    34.7677    34.7700    26.4614    26.4630     0.0368      1.120      0.422 0.0000e+00
    576.271      13832    218.453 -106.13532   20.30794    217.000    11.7442    11.7446   3.961389   3.961655 7.5454e-02    12.3567     4.5539 5.0671e-02          0     4.5539     0.0251     0.5079     0.0000     4.6435     0.0000     0.0049     0.0000     0.5076    34.7675    34.7697    26.4623    26.4640     0.0364      1.109      0.419 0.0000e+00
    577.365      13858    219.460 -106.13532   20.30794    218.000    11.7429    11.7434   3.961312   3.961585 7.4835e-02    12.3564     4.5543 5.0671e-02          0     4.5543     0.0249     0.5079     0.0000     4.6436     0.0000     0.0049     0.0000     0.5076    34.7676    34.7698    26.4626    26.4643     0.0371      1.130      0.426 0.0000e+00
    578.274      13880    220.467 -106.13532   20.30794    219.000    11.7418    11.7416   3.961249   3.961453 7.6082e-02    12.3570     4.5537 5.0671e-02          0     4.5537     0.0253     0.5080     0.0000     4.6437     0.0000     0.0049     0.0000     0.5077    34.7675    34.7697    26.4628    26.4645     0.0371      1.130      0.426 0.0000e+00
    579.140      13900    221.475 -106.13532   20.30794    220.000    11.7380    11.7385   3.960906   3.961188 7.4766e-02    12.3566     4.5540 5.0671e-02          0     4.5540     0.0249     0.5079     0.0000     4.6442     0.0000     0.0049     0.0000     0.5076    34.7673    34.7696    26.4634    26.4651     0.0364      1.110      0.419 0.0000e+00
    580.035      13922    222.482 -106.13532   20.30796    221.000    11.7348    11.7353   3.960622   3.960900 7.6215e-02    12.3558     4.5550 5.0671e-02          0     4.5550     0.0254     0.5080     0.0000     4.6445     0.0000     0.0049     0.0000     0.5077    34.7671    34.7694    26.4639    26.4655     0.0367      1.119      0.422 0.0000e+00
    580.977      13944    223.489 -106.13532   20.30796    222.000    11.7293    11.7296   3.960093   3.960336 7.5150e-02    12.3566     4.5540 5.0671e-02          0     4.5540     0.0250     0.5079     0.0000     4.6446     0.0000     0.0049     0.0000     0.5076    34.7666    34.7687    26.4645    26.4661     0.0367      1.119      0.422 0.0000e+00
    581.902      13967    224.497 -106.13532   20.30796    223.000    11.7087    11.7088   3.958061   3.958278 7.4253e-02    12.3569     4.5538 5.0671e-02          0     4.5538     0.0247     0.5080     0.0000     4.6443     0.0000     0.0049     0.0000     0.5077    34.7655    34.7676    26.4676    26.4691     0.0370      1.128      0.425 0.0000e+00
    582.756      13987    225.504 -106.13532   20.30796    224.000    11.7027    11.7032   3.957499   3.957760 7.5438e-02    12.3567     4.5539 5.0671e-02          0     4.5539     0.0251     0.5080     0.0000     4.6445     0.0000     0.0049     0.0000     0.5077    34.7652    34.7673    26.4684    26.4700     0.0369      1.123      0.423 0.0000e+00
    583.563      14007    226.511 -106.13532   20.30796    225.000    11.6980    11.6985   3.957082   3.957352 7.7534e-02    12.3564     4.5543 5.0671e-02          0     4.5543     0.0258     0.5079     0.0000     4.6446     0.0000     0.0049     0.0000     0.5076    34.7650    34.7672    26.4692    26.4709     0.0368      1.119      0.422 0.0000e+00
    584.361      14026    227.518 -106.13532   20.30796    226.000    11.6841    11.6844   3.955653   3.955861 7.5102e-02    12.3561     4.5547 5.0671e-02          0     4.5547     0.0250     0.5080     0.0000     4.6446     0.0000     0.0049     0.0000     0.5077    34.7636    34.7654    26.4708    26.4721     0.0368      1.120      0.422 0.0000e+00
