data/ctd-cnv/RR1804/RR1803-St33-P1/Station33_cast64.cnv
* Sea-Bird SBE 9 Data File:
* FileName = C:\CTD\RR1805\Station33_cast64.hex
* Software Version Seasave V 7.26.6.26
* Temperature SN = 4307
* Conductivity SN = 4650
* Number of Bytes Per Scan = 44
* Number of Voltage Words = 5
* Number of Scans Averaged by the Deck Unit = 1
* NMEA Latitude = 20 18.65 N
* NMEA Longitude = 106 07.57 W
* NMEA UTC (Time) = Apr 24 2018 14:03:01
** Ship: Revell
** Station: On Deck
** Operator: GR
** Station P1 cast 64
# nquan = 32
# nvalues = 500                         
# units = specified
# name 0 = timeS: Time, Elapsed [seconds]
# name 1 = scan: Scan Count
# name 2 = prDM: Pressure, Digiquartz [db]
# name 3 = longitude: Longitude [deg]
# name 4 = latitude: Latitude [deg]
# name 5 = depSM: Depth [salt water, m]
# name 6 = t090C: Temperature [ITS-90, deg C]
# name 7 = t190C: Temperature, 2 [ITS-90, deg C]
# name 8 = c0S/m: Conductivity [S/m]
# name 9 = c1S/m: Conductivity, 2 [S/m]
# name 10 = flSP: Fluorescence, Seapoint
# name 11 = CStarAt0: Beam Attenuation, WET Labs C-Star [1/m]
# name 12 = CStarTr0: Beam Transmission, WET Labs C-Star [%]
# name 13 = par: PAR/Irradiance, Biospherical/Licor
# name 14 = modError: Modulo Error Count
# name 15 = v0: Voltage 0
# name 16 = v1: Voltage 1
# name 17 = v2: Voltage 2
# name 18 = v3: Voltage 3
# name 19 = v4: Voltage 4
# name 20 = v5: Voltage 5
# name 21 = v6: Voltage 6
# name 22 = v7: Voltage 7
# name 23 = sbeox0V: Oxygen raw, SBE 43 [V]
# name 24 = sal00: Salinity, Practical [PSU]
# name 25 = sal11: Salinity, Practical, 2 [PSU]
# name 26 = sigma-é00: Density [sigma-theta, kg/m^3]
# name 27 = sigma-é11: Density, 2 [sigma-theta, kg/m^3]
# name 28 = sbeox0Mg/L: Oxygen, SBE 43 [mg/l], WS = 2
# name 29 = sbox0Mm/Kg: Oxygen, SBE 43 [umol/kg], WS = 2
# name 30 = sbeox0PS: Oxygen, SBE 43 [% saturation], WS = 2
# name 31 = flag: flag
# span 0 =     80.435,    899.505       
# span 1 =       1931,      21589       
# span 2 =      1.006,    503.694       
# span 3 = -106.12628, -106.12624       
# span 4 =   20.31082,   20.31086       
# span 5 =      1.000,    500.000       
# span 6 =     8.3199,    25.1387       
# span 7 =     8.3195,    25.1407       
# span 8 =   3.634310,   5.277251       
# span 9 =   3.634400,   5.644030       
# span 10 = 7.3435e-02, 1.5129e+00      
# span 11 =    12.3086,    13.8572      
# span 12 =     4.2924,     4.5736      
# span 13 = 5.0664e-02, 3.4643e+02      
# span 14 =          0,          0      
# span 15 =     4.2924,     4.5736      
# span 16 =     0.0245,     0.5043      
# span 17 =     0.5065,     2.7345      
# span 18 =     0.0000,     0.0000      
# span 19 =     0.1254,     4.7484      
# span 20 =     0.0000,     0.0000      
# span 21 =     0.0048,     3.7328      
# span 22 =     0.0000,     0.0000      
# span 23 =     0.5062,     2.7345      
# span 24 =    34.4558,    34.8205      
# span 25 =    34.4540,    37.4111      
# span 26 =    23.0083,    26.9059      
# span 27 =    23.1846,    26.9069      
# span 28 =     0.0340,     6.6166      
# span 29 =      1.034,    202.113      
# span 30 =      0.362,     97.766      
# span 31 = 0.0000e+00, 0.0000e+00      
# interval = meters: 1                  
# start_time = Apr 24 2018 14:03:03 [System UTC, first data scan.]
# bad_flag = -9.990e-29
*END*
[from data line 363]
    669.821      16077    366.568 -106.12626   20.31084    364.000    10.0871    10.0859   3.800873   3.800861 7.6638e-02    12.3435     4.5689 5.0671e-02          0     4.5689     0.0255     0.5076     0.0000     4.6140     0.0000     0.0049     0.0000     0.5073    34.6659    34.6670    26.6835    26.6845     0.0359      1.094      0.398 0.0000e+00
    670.799      16100    367.577 -106.12626   20.31084    365.000    10.0664    10.0663   3.798865   3.798972 7.6147e-02    12.3436     4.5689 5.0671e-02          0     4.5689     0.0253     0.5076     0.0000     4.6144     0.0000     0.0049     0.0000     0.5073    34.6649    34.6661    26.6863    26.6872     0.0388      1.181      0.430 0.0000e+00
    671.734      16123    368.584 -106.12626   20.31084    366.000    10.0579    10.0584   3.798022   3.798187 7.6090e-02    12.3436     4.5689 5.0671e-02          0     4.5689     0.0253     0.5077     0.0000     4.6143     0.0000     0.0049     0.0000     0.5074    34.6640    34.6651    26.6870    26.6879     0.0388      1.182      0.430 0.0000e+00
    672.636      16144    369.592 -106.12626   20.31084    367.000    10.0467    10.0468   3.796927   3.797063 7.6757e-02    12.3425     4.5702 5.0671e-02          0     4.5702     0.0255     0.5078     0.0000     4.6143     0.0000     0.0049     0.0000     0.5075    34.6631    34.6643    26.6883    26.6892     0.0369      1.122      0.408 0.0000e+00
    673.514      16165    370.600 -106.12626   20.31084    368.000    10.0438    10.0443   3.796680   3.796867 7.5508e-02    12.3425     4.5701 5.0671e-02          0     4.5701     0.0251     0.5074     0.0000     4.6142     0.0000     0.0049     0.0000     0.5071    34.6629    34.6643    26.6886    26.6896     0.0373      1.137      0.413 0.0000e+00
    674.393      16186    371.608 -106.12626   20.31084    369.000    10.0431    10.0433   3.796653   3.796805 7.6412e-02    12.3423     4.5703 5.0671e-02          0     4.5703     0.0254     0.5079     0.0000     4.6141     0.0000     0.0049     0.0000     0.5076    34.6628    34.6641    26.6887    26.6897     0.0407      1.237      0.450 0.0000e+00
    675.286      16208    372.616 -106.12626   20.31084    370.000    10.0131    10.0127   3.793626   3.793638 7.5536e-02    12.3438     4.5687 5.0671e-02          0     4.5687     0.0251     0.5077     0.0000     4.6142     0.0000     0.0049     0.0000     0.5074    34.6602    34.6607    26.6917    26.6922     0.0373      1.134      0.412 0.0000e+00
    676.299      16232    373.624 -106.12626   20.31084    371.000     9.9737     9.9736   3.789825   3.789934 7.6349e-02    12.3437     4.5688 5.0671e-02          0     4.5688     0.0254     0.5076     0.0000     4.6144     0.0000     0.0049     0.0000     0.5073    34.6587    34.6599    26.6973    26.6982     0.0372      1.133      0.411 0.0000e+00
    677.471      16260    374.632 -106.12626   20.31084    372.000     9.9605     9.9606   3.788551   3.788666 7.6132e-02    12.3467     4.5654 5.0671e-02          0     4.5654     0.0253     0.5077     0.0000     4.6145     0.0000     0.0049     0.0000     0.5074    34.6579    34.6589    26.6989    26.6997     0.0385      1.171      0.425 0.0000e+00
    678.662      16289    375.640 -106.12626   20.31084    373.000     9.9503     9.9506   3.787576   3.787745 7.6439e-02    12.3434     4.5691 5.0671e-02          0     4.5691     0.0254     0.5077     0.0000     4.6190     0.0000     0.0049     0.0000     0.5074    34.6573    34.6587    26.7002    26.7013     0.0383      1.165      0.423 0.0000e+00
    679.783      16316    376.648 -106.12626   20.31084    374.000     9.9449     9.9451   3.787087   3.787232 7.6465e-02    12.3432     4.5693 5.0671e-02          0     4.5693     0.0255     0.5076     0.0000     4.6215     0.0000     0.0049     0.0000     0.5073    34.6569    34.6582    26.7009    26.7018     0.0375      1.141      0.414 0.0000e+00
    680.824      16341    377.656 -106.12626   20.31084    375.000     9.9372     9.9376   3.786381   3.786554 7.6635e-02    12.3435     4.5690 5.0671e-02          0     4.5690     0.0255     0.5076     0.0000     4.6216     0.0000     0.0049     0.0000     0.5073    34.6567    34.6581    26.7020    26.7030     0.0358      1.091      0.396 0.0000e+00
    681.789      16364    378.664 -106.12626   20.31084    376.000     9.9359     9.9362   3.786311   3.786469 7.5063e-02    12.3426     4.5699 5.0671e-02          0     4.5699     0.0250     0.5073     0.0000     4.6211     0.0000     0.0049     0.0000     0.5070    34.6568    34.6581    26.7023    26.7033     0.0357      1.086      0.394 0.0000e+00
    682.691      16386    379.672 -106.12626   20.31084    377.000     9.9349     9.9351   3.786262   3.786406 7.6615e-02    12.3426     4.5700 5.0671e-02          0     4.5700     0.0255     0.5074     0.0000     4.6169     0.0000     0.0049     0.0000     0.5071    34.6568    34.6580    26.7025    26.7034     0.0383      1.166      0.423 0.0000e+00
    683.580      16407    380.680 -106.12626   20.31084    378.000     9.9292     9.9294   3.785727   3.785874 7.6604e-02    12.3420     4.5707 5.0671e-02          0     4.5707     0.0255     0.5075     0.0000     4.5768     0.0000     0.0049     0.0000     0.5072    34.6563    34.6576    26.7031    26.7041     0.0374      1.140      0.413 0.0000e+00
    684.488      16429    381.688 -106.12626   20.31084    379.000     9.9248     9.9251   3.785345   3.785503 7.6912e-02    12.3427     4.5698 5.0671e-02          0     4.5698     0.0256     0.5074     0.0000     4.5824     0.0000     0.0049     0.0000     0.5071    34.6561    34.6575    26.7038    26.7048     0.0368      1.121      0.407 0.0000e+00
    685.441      16452    382.696 -106.12626   20.31084    380.000     9.9217     9.9216   3.785080   3.785197 7.5048e-02    12.3432     4.5693 5.0671e-02          0     4.5693     0.0250     0.5076     0.0000     4.6003     0.0000     0.0049     0.0000     0.5073    34.6559    34.6573    26.7041    26.7052     0.0400      1.219      0.442 0.0000e+00
    686.480      16477    383.704 -106.12627   20.31086    381.000     9.9116     9.9116   3.784130   3.784251 7.6360e-02    12.3439     4.5686 5.0671e-02          0     4.5686     0.0254     0.5077     0.0000     4.6069     0.0000     0.0049     0.0000     0.5074    34.6555    34.6567    26.7055    26.7065     0.0374      1.138      0.413 0.0000e+00
    687.675      16505    384.712 -106.12628   20.31086    382.000     9.8993     9.8994   3.782966   3.783099 7.5184e-02    12.3436     4.5689 5.0671e-02          0     4.5689     0.0250     0.5076     0.0000     4.6114     0.0000     0.0049     0.0000     0.5073    34.6550    34.6562    26.7072    26.7082     0.0383      1.166      0.423 0.0000e+00
    689.002      16537    385.720 -106.12627   20.31086    383.000     9.8865     9.8861   3.781746   3.781817 7.6255e-02    12.3436     4.5689 5.0671e-02          0     4.5689     0.0254     0.5076     0.0000     4.6042     0.0000     0.0049     0.0000     0.5073    34.6542    34.6553    26.7088    26.7097     0.0380      1.158      0.419 0.0000e+00
    690.215      16566    386.728 -106.12626   20.31086    384.000     9.8559     9.8545   3.778768   3.778754 7.5972e-02    12.3436     4.5689 5.0671e-02          0     4.5689     0.0253     0.5077     0.0000     4.6202     0.0000     0.0049     0.0000     0.5074    34.6527    34.6538    26.7128    26.7139     0.0380      1.158      0.419 0.0000e+00
    691.220      16590    387.736 -106.12628   20.31086    385.000     9.8441     9.8442   3.777679   3.777811 7.6915e-02    12.3433     4.5693 5.0671e-02          0     4.5693     0.0256     0.5077     0.0000     4.6014     0.0000     0.0049     0.0000     0.5074    34.6524    34.6536    26.7145    26.7155     0.0382      1.162      0.421 0.0000e+00
    692.071      16611    388.744 -106.12628   20.31086    386.000     9.8369     9.8370   3.776994   3.777127 7.6733e-02    12.3447     4.5676 5.0671e-02          0     4.5676     0.0255     0.5076     0.0000     4.5960     0.0000     0.0049     0.0000     0.5073    34.6518    34.6531    26.7153    26.7163     0.0374      1.138      0.412 0.0000e+00
    692.852      16629    389.753 -106.12628   20.31086    387.000     9.8277     9.8277   3.776128   3.776263 7.6111e-02    12.3428     4.5698 5.0671e-02          0     4.5698     0.0253     0.5075     0.0000     4.5944     0.0000     0.0049     0.0000     0.5072    34.6514    34.6527    26.7165    26.7176     0.0364      1.106      0.400 0.0000e+00
    693.610      16648    390.761 -106.12628   20.31086    388.000     9.8222     9.8224   3.775643   3.775786 7.6314e-02    12.3435     4.5690 5.0671e-02          0     4.5690     0.0254     0.5074     0.0000     4.6051     0.0000     0.0049     0.0000     0.5071    34.6512    34.6525    26.7174    26.7183     0.0385      1.173      0.424 0.0000e+00
    694.383      16666    391.769 -106.12628   20.31086    389.000     9.8165     9.8172   3.775113   3.775301 7.4572e-02    12.3440     4.5684 5.0671e-02          0     4.5684     0.0248     0.5077     0.0000     4.6090     0.0000     0.0049     0.0000     0.5074    34.6508    34.6520    26.7180    26.7188     0.0397      1.210      0.438 0.0000e+00
    695.236      16687    392.777 -106.12628   20.31086    390.000     9.7942     9.7920   3.772939   3.772811 7.6541e-02    12.3436     4.5689 5.0671e-02          0     4.5689     0.0255     0.5077     0.0000     4.6143     0.0000     0.0049     0.0000     0.5074    34.6495    34.6503    26.7207    26.7217     0.0373      1.137      0.411 0.0000e+00
    696.267      16711    393.785 -106.12628   20.31086    391.000     9.7519     9.7494   3.768780   3.768594 7.6298e-02    12.3432     4.5693 5.0671e-02          0     4.5693     0.0254     0.5077     0.0000     4.6165     0.0000     0.0049     0.0000     0.5074    34.6470    34.6475    26.7259    26.7267     0.0393      1.197      0.432 0.0000e+00
    697.500      16741    394.793 -106.12628   20.31086    392.000     9.6811     9.6799   3.761907   3.761869 7.7992e-02    12.3421     4.5705 5.0671e-02          0     4.5705     0.0260     0.5078     0.0000     4.6167     0.0000     0.0049     0.0000     0.5075    34.6440    34.6447    26.7354    26.7361     0.0379      1.153      0.416 0.0000e+00
    698.762      16771    395.801 -106.12628   20.31086    393.000     9.6635     9.6638   3.760244   3.760394 7.6567e-02    12.3427     4.5699 5.0671e-02          0     4.5699     0.0255     0.5074     0.0000     4.6199     0.0000     0.0049     0.0000     0.5071    34.6434    34.6446    26.7378    26.7387     0.0355      1.081      0.390 0.0000e+00
    699.999      16801    396.809 -106.12628   20.31086    394.000     9.6617     9.6619   3.760135   3.760275 7.6317e-02    12.3438     4.5687 5.0671e-02          0     4.5687     0.0254     0.5074     0.0000     4.6213     0.0000     0.0049     0.0000     0.5071    34.6435    34.6448    26.7382    26.7392     0.0373      1.134      0.409 0.0000e+00
    701.199      16830    397.817 -106.12628   20.31086    395.000     9.6607     9.6613   3.760117   3.760292 7.6514e-02    12.3434     4.5691 5.0671e-02          0     4.5691     0.0255     0.5074     0.0000     4.6214     0.0000     0.0049     0.0000     0.5071    34.6438    34.6450    26.7386    26.7395     0.0379      1.152      0.415 0.0000e+00
    702.287      16856    398.825 -106.12628   20.31086    396.000     9.6604     9.6608   3.760157   3.760329 7.6608e-02    12.3535     4.5576 5.0671e-02          0     4.5576     0.0255     0.5076     0.0000     4.6218     0.0000     0.0049     0.0000     0.5073    34.6441    34.6454    26.7390    26.7399     0.0379      1.155      0.416 0.0000e+00
    703.240      16879    399.833 -106.12628   20.31086    397.000     9.6578     9.6583   3.759977   3.760155 7.6604e-02    12.3429     4.5697 5.0671e-02          0     4.5697     0.0255     0.5074     0.0000     4.6222     0.0000     0.0049     0.0000     0.5071    34.6443    34.6456    26.7396    26.7405     0.0381      1.160      0.418 0.0000e+00
    704.139      16900    400.842 -106.12628   20.31086    398.000     9.6536     9.6538   3.759622   3.759755 7.5898e-02    12.3441     4.5683 5.0671e-02          0     4.5683     0.0253     0.5077     0.0000     4.6219     0.0000     0.0049     0.0000     0.5074    34.6442    34.6454    26.7402    26.7411     0.0385      1.171      0.422 0.0000e+00
    705.024      16922    401.849 -106.12628   20.31086    399.000     9.6451     9.6452   3.758849   3.758981 7.8440e-02    12.3438     4.5687 5.0671e-02          0     4.5687     0.0261     0.5074     0.0000     4.6215     0.0000     0.0049     0.0000     0.5071    34.6440    34.6452    26.7415    26.7424     0.0377      1.147      0.413 0.0000e+00
    705.923      16943    402.858 -106.12628   20.31086    400.000     9.6321     9.6321   3.757627   3.757743 7.6685e-02    12.3424     4.5702 5.0671e-02          0     4.5702     0.0255     0.5077     0.0000     4.6215     0.0000     0.0049     0.0000     0.5074    34.6434    34.6447    26.7432    26.7442     0.0390      1.186      0.427 0.0000e+00
    706.809      16964    403.866 -106.12628   20.31086    401.000     9.6108     9.6109   3.755545   3.755664 7.6927e-02    12.3427     4.5699 5.0671e-02          0     4.5699     0.0256     0.5076     0.0000     4.6218     0.0000     0.0049     0.0000     0.5073    34.6420    34.6432    26.7456    26.7466     0.0368      1.121      0.404 0.0000e+00
    707.710      16986    404.874 -106.12628   20.31086    402.000     9.5898     9.5896   3.753545   3.753644 7.6923e-02    12.3427     4.5699 5.0671e-02          0     4.5699     0.0256     0.5074     0.0000     4.6224     0.0000     0.0049     0.0000     0.5071    34.6412    34.6424    26.7485    26.7495     0.0367      1.118      0.403 0.0000e+00
    708.691      17010    405.882 -106.12628   20.31086    403.000     9.5764     9.5765   3.752284   3.752401 7.6491e-02    12.3443     4.5681 5.0671e-02          0     4.5681     0.0255     0.5074     0.0000     4.6225     0.0000     0.0049     0.0000     0.5071    34.6407    34.6418    26.7504    26.7512     0.0372      1.134      0.408 0.0000e+00
    709.832      17037    406.890 -106.12628   20.31086    404.000     9.5666     9.5669   3.751354   3.751501 7.6922e-02    12.3429     4.5697 5.0671e-02          0     4.5697     0.0256     0.5073     0.0000     4.6224     0.0000     0.0049     0.0000     0.5070    34.6401    34.6413    26.7515    26.7525     0.0370      1.127      0.406 0.0000e+00
    711.128      17068    407.898 -106.12628   20.31086    405.000     9.5617     9.5621   3.750927   3.751083 7.7257e-02    12.3431     4.5694 5.0671e-02          0     4.5694     0.0257     0.5075     0.0000     4.6226     0.0000     0.0049     0.0000     0.5072    34.6399    34.6411    26.7522    26.7531     0.0370      1.128      0.406 0.0000e+00
    712.347      17097    408.906 -106.12628   20.31086    406.000     9.5578     9.5578   3.750589   3.750716 8.0475e-02    12.3435     4.5690 5.0671e-02          0     4.5690     0.0268     0.5071     0.0000     4.6227     0.0000     0.0049     0.0000     0.5068    34.6397    34.6410    26.7527    26.7537     0.0365      1.110      0.399 0.0000e+00
    713.372      17122    409.915 -106.12628   20.31086    407.000     9.5492     9.5492   3.749777   3.749883 7.5796e-02    12.3439     4.5686 5.0671e-02          0     4.5686     0.0252     0.5076     0.0000     4.6226     0.0000     0.0049     0.0000     0.5073    34.6392    34.6403    26.7537    26.7546     0.0409      1.244      0.447 0.0000e+00
