data/ctd-cnv/RR1804/RR1803-St33-P1/Station33_cast59.cnv
* Sea-Bird SBE 9 Data File:
* FileName = C:\CTD\RR1805\Station33_cast59.hex
* Software Version Seasave V 7.26.6.26
* Temperature SN = 4307
* Conductivity SN = 4650
* Number of Bytes Per Scan = 44
* Number of Voltage Words = 5
* Number of Scans Averaged by the Deck Unit = 1
* NMEA Latitude = 20 09.06 N
* NMEA Longitude = 106 00.00 W
* NMEA UTC (Time) = Apr 21 2018 15:39:10
** Ship: Revell
** Station: On Deck
** Operator: GR
** Station P1 cast 59
# nquan = 32
# nvalues = 991                         
# units = specified
# name 0 = timeS: Time, Elapsed [seconds]
# name 1 = scan: Scan Count
# name 2 = prDM: Pressure, Digiquartz [db]
# name 3 = longitude: Longitude [deg]
# name 4 = latitude: Latitude [deg]
# name 5 = depSM: Depth [salt water, m]
# name 6 = t090C: Temperature [ITS-90, deg C]
# name 7 = t190C: Temperature, 2 [ITS-90, deg C]
# name 8 = c0S/m: Conductivity [S/m]
# name 9 = c1S/m: Conductivity, 2 [S/m]
# name 10 = flSP: Fluorescence, Seapoint
# name 11 = CStarAt0: Beam Attenuation, WET Labs C-Star [1/m]
# name 12 = CStarTr0: Beam Transmission, WET Labs C-Star [%]
# name 13 = par: PAR/Irradiance, Biospherical/Licor
# name 14 = modError: Modulo Error Count
# name 15 = v0: Voltage 0
# name 16 = v1: Voltage 1
# name 17 = v2: Voltage 2
# name 18 = v3: Voltage 3
# name 19 = v4: Voltage 4
# name 20 = v5: Voltage 5
# name 21 = v6: Voltage 6
# name 22 = v7: Voltage 7
# name 23 = sbeox0V: Oxygen raw, SBE 43 [V]
# name 24 = sal00: Salinity, Practical [PSU]
# name 25 = sal11: Salinity, Practical, 2 [PSU]
# name 26 = sigma-é00: Density [sigma-theta, kg/m^3]
# name 27 = sigma-é11: Density, 2 [sigma-theta, kg/m^3]
# name 28 = sbeox0Mg/L: Oxygen, SBE 43 [mg/l], WS = 2
# name 29 = sbox0Mm/Kg: Oxygen, SBE 43 [umol/kg], WS = 2
# name 30 = sbeox0PS: Oxygen, SBE 43 [% saturation], WS = 2
# name 31 = flag: flag
# span 0 =     82.373,   1237.254       
# span 1 =       1978,      29695       
# span 2 =     12.074,   1010.620       
# span 3 = -106.00014, -106.00010       
# span 4 =   20.15100,   20.15104       
# span 5 =     12.000,   1002.000       
# span 6 =     4.7869,    22.7094       
# span 7 =     4.7902,    22.7065       
# span 8 =   3.331168,   5.008522       
# span 9 =   3.331592,   5.008318       
# span 10 = 7.1428e-02, 5.8539e+00      
# span 11 =    12.3322,    12.8126      
# span 12 =     4.0635,     4.5819      
# span 13 = 5.0524e-02, 1.0365e+02      
# span 14 =          0,          0      
# span 15 =     4.0635,     4.5819      
# span 16 =     0.0238,     1.9513      
# span 17 =     0.5059,     2.5472      
# span 18 =     0.0000,     0.0000      
# span 19 =     1.7705,     4.6394      
# span 20 =     0.0000,     0.0000      
# span 21 =     0.0037,     3.3084      
# span 22 =     0.0000,     0.0000      
# span 23 =     0.5057,     2.5472      
# span 24 =    34.5095,    34.8166      
# span 25 =    34.5107,    34.8179      
# span 26 =    23.6573,    27.3411      
# span 27 =    23.6587,    27.3420      
# span 28 =     0.0331,     6.3181      
# span 29 =      1.005,    192.881      
# span 30 =      0.334,     89.445      
# span 31 = 0.0000e+00, 0.0000e+00      
# interval = meters: 1                  
# start_time = Apr 21 2018 15:39:15 [System UTC, first data scan.]
# bad_flag = -9.990e-29
*END*
[from data line 454]
    652.205      15654    469.400 -106.00012   20.15102    466.000     8.8145     8.8144   3.680729   3.680914 7.6144e-02    12.3417     4.5710 5.0671e-02          0     4.5710     0.0253     0.5069     0.0000     4.5883     0.0000     0.0049     0.0000     0.5067    34.6053    34.6074    26.8466    26.8483     0.0373      1.135      0.402 0.0000e+00
    653.168      15677    470.408 -106.00012   20.15102    467.000     8.8095     8.8096   3.680252   3.680459 7.6605e-02    12.3416     4.5712 5.0671e-02          0     4.5712     0.0255     0.5069     0.0000     4.5869     0.0000     0.0049     0.0000     0.5067    34.6047    34.6068    26.8470    26.8485     0.0365      1.111      0.393 0.0000e+00
    654.088      15699    471.417 -106.00012   20.15102    468.000     8.8009     8.8014   3.679467   3.679706 7.6048e-02    12.3425     4.5701 5.0671e-02          0     4.5701     0.0253     0.5069     0.0000     4.5616     0.0000     0.0049     0.0000     0.5067    34.6044    34.6064    26.8481    26.8496     0.0357      1.087      0.385 0.0000e+00
    654.956      15720    472.425 -106.00012   20.15102    469.000     8.7875     8.7876   3.678233   3.678431 7.6921e-02    12.3452     4.5671 5.0671e-02          0     4.5671     0.0256     0.5068     0.0000     4.5605     0.0000     0.0049     0.0000     0.5066    34.6041    34.6061    26.8500    26.8515     0.0359      1.094      0.387 0.0000e+00
    655.799      15740    473.434 -106.00012   20.15102    470.000     8.7823     8.7826   3.677822   3.678046 7.6923e-02    12.3419     4.5709 5.0671e-02          0     4.5709     0.0256     0.5068     0.0000     4.5891     0.0000     0.0049     0.0000     0.5066    34.6043    34.6064    26.8510    26.8525     0.0369      1.122      0.397 0.0000e+00
    656.665      15761    474.442 -106.00012   20.15102    471.000     8.7769     8.7773   3.677340   3.677561 7.6749e-02    12.3425     4.5701 5.0671e-02          0     4.5701     0.0255     0.5069     0.0000     4.6055     0.0000     0.0049     0.0000     0.5067    34.6040    34.6060    26.8516    26.8531     0.0362      1.101      0.389 0.0000e+00
    657.586      15783    475.451 -106.00012   20.15102    472.000     8.7662     8.7662   3.676301   3.676483 7.6924e-02    12.3423     4.5704 5.0671e-02          0     4.5704     0.0256     0.5068     0.0000     4.6068     0.0000     0.0049     0.0000     0.5066    34.6031    34.6050    26.8526    26.8540     0.0358      1.088      0.385 0.0000e+00
    658.619      15808    476.459 -106.00012   20.15102    473.000     8.7541     8.7543   3.675097   3.675317 7.6494e-02    12.3428     4.5698 5.0671e-02          0     4.5698     0.0255     0.5068     0.0000     4.6090     0.0000     0.0049     0.0000     0.5066    34.6018    34.6039    26.8535    26.8550     0.0367      1.117      0.395 0.0000e+00
    659.733      15835    477.468 -106.00012   20.15102    474.000     8.7428     8.7422   3.674012   3.674138 7.6239e-02    12.3431     4.5695 5.0715e-02          0     4.5695     0.0254     0.5068     0.0000     4.6090     0.0000     0.0053     0.0000     0.5066    34.6010    34.6029    26.8546    26.8562     0.0361      1.098      0.388 0.0000e+00
    660.789      15860    478.476 -106.00012   20.15102    475.000     8.7039     8.7045   3.670485   3.670731 7.6158e-02    12.3418     4.5709 5.1287e-02          0     4.5709     0.0253     0.5067     0.0000     4.6084     0.0000     0.0100     0.0000     0.5065    34.6013    34.6032    26.8609    26.8624     0.0364      1.107      0.391 0.0000e+00
    661.762      15883    479.484 -106.00012   20.15102    476.000     8.6877     8.6877   3.669023   3.669208 7.6771e-02    12.3420     4.5707 5.0663e-02          0     4.5707     0.0256     0.5069     0.0000     4.6075     0.0000     0.0048     0.0000     0.5067    34.6012    34.6032    26.8634    26.8650     0.0364      1.108      0.391 0.0000e+00
    662.706      15906    480.493 -106.00012   20.15102    477.000     8.6817     8.6819   3.668495   3.668706 8.4549e-02    12.3417     4.5710 5.0671e-02          0     4.5710     0.0282     0.5068     0.0000     4.6101     0.0000     0.0049     0.0000     0.5066    34.6011    34.6031    26.8643    26.8658     0.0365      1.110      0.392 0.0000e+00
    663.677      15929    481.502 -106.00012   20.15102    478.000     8.6792     8.6796   3.668307   3.668538 7.7153e-02    12.3441     4.5683 5.0671e-02          0     4.5683     0.0257     0.5068     0.0000     4.6115     0.0000     0.0049     0.0000     0.5066    34.6010    34.6031    26.8646    26.8662     0.0357      1.085      0.383 0.0000e+00
    664.752      15955    482.510 -106.00012   20.15102    479.000     8.6787     8.6792   3.668317   3.668547 7.6412e-02    12.3410     4.5718 5.0671e-02          0     4.5718     0.0254     0.5067     0.0000     4.6117     0.0000     0.0049     0.0000     0.5065    34.6012    34.6031    26.8648    26.8663     0.0353      1.075      0.379 0.0000e+00
    665.998      15985    483.519 -106.00012   20.15102    480.000     8.6777     8.6778   3.668259   3.668467 7.7363e-02    12.3406     4.5723 5.0782e-02          0     4.5723     0.0258     0.5066     0.0000     4.6093     0.0000     0.0058     0.0000     0.5064    34.6011    34.6032    26.8650    26.8666     0.0356      1.084      0.382 0.0000e+00
    667.286      16016    484.527 -106.00012   20.15102    481.000     8.6764     8.6767   3.668199   3.668417 7.6171e-02    12.3409     4.5719 5.0827e-02          0     4.5719     0.0254     0.5067     0.0000     4.6084     0.0000     0.0062     0.0000     0.5065    34.6013    34.6033    26.8653    26.8668     0.0359      1.092      0.385 0.0000e+00
    668.437      16043    485.536 -106.00012   20.15102    482.000     8.6743     8.6746   3.668041   3.668274 7.6782e-02    12.3404     4.5725 5.0738e-02          0     4.5725     0.0256     0.5066     0.0000     4.6093     0.0000     0.0055     0.0000     0.5064    34.6012    34.6034    26.8656    26.8673     0.0359      1.091      0.385 0.0000e+00
    669.429      16067    486.544 -106.00012   20.15102    483.000     8.6641     8.6644   3.667071   3.667289 8.2698e-02    12.3432     4.5693 5.0691e-02          0     4.5693     0.0275     0.5068     0.0000     4.6098     0.0000     0.0051     0.0000     0.5066    34.6005    34.6024    26.8666    26.8681     0.0384      1.167      0.412 0.0000e+00
    670.293      16088    487.552 -106.00012   20.15102    484.000     8.6357     8.6353   3.664336   3.664474 7.7106e-02    12.3412     4.5717 5.0671e-02          0     4.5717     0.0257     0.5071     0.0000     4.6097     0.0000     0.0049     0.0000     0.5069    34.5989    34.6008    26.8698    26.8713     0.0376      1.143      0.403 0.0000e+00
    671.077      16107    488.561 -106.00012   20.15102    485.000     8.6087     8.6087   3.661788   3.661958 7.6914e-02    12.3410     4.5718 5.0671e-02          0     4.5718     0.0256     0.5066     0.0000     4.6091     0.0000     0.0049     0.0000     0.5064    34.5980    34.5997    26.8733    26.8746     0.0334      1.018      0.359 0.0000e+00
    671.843      16125    489.570 -106.00012   20.15102    486.000     8.5943     8.5945   3.660476   3.660663 7.6733e-02    12.3449     4.5674 5.0769e-02          0     4.5674     0.0255     0.5068     0.0000     4.6104     0.0000     0.0057     0.0000     0.5066    34.5976    34.5995    26.8753    26.8767     0.0370      1.125      0.396 0.0000e+00
    672.662      16145    490.578 -106.00012   20.15102    487.000     8.5850     8.5854   3.659633   3.659864 8.1446e-02    12.3435     4.5690 5.0725e-02          0     4.5690     0.0271     0.5068     0.0000     4.6123     0.0000     0.0054     0.0000     0.5066    34.5974    34.5995    26.8765    26.8781     0.0358      1.090      0.384 0.0000e+00
    673.558      16166    491.587 -106.00012   20.15102    488.000     8.5804     8.5810   3.659244   3.659480 7.7948e-02    12.3443     4.5681 5.0787e-02          0     4.5681     0.0260     0.5067     0.0000     4.6122     0.0000     0.0059     0.0000     0.5065    34.5973    34.5993    26.8772    26.8787     0.0365      1.110      0.391 0.0000e+00
    674.563      16191    492.595 -106.00012   20.15102    489.000     8.5755     8.5755   3.658800   3.659007 7.7083e-02    12.3408     4.5720 5.0805e-02          0     4.5720     0.0257     0.5068     0.0000     4.6117     0.0000     0.0060     0.0000     0.5066    34.5970    34.5991    26.8777    26.8794     0.0373      1.135      0.400 0.0000e+00
    675.673      16217    493.604 -106.00012   20.15102    490.000     8.5546     8.5533   3.656829   3.656899 7.7312e-02    12.3405     4.5723 5.0673e-02          0     4.5723     0.0257     0.5068     0.0000     4.6116     0.0000     0.0049     0.0000     0.5066    34.5961    34.5981    26.8803    26.8821     0.0356      1.084      0.381 0.0000e+00
    676.810      16244    494.612 -106.00012   20.15102    491.000     8.5348     8.5349   3.654962   3.655179 7.6783e-02    12.3406     4.5722 5.0666e-02          0     4.5722     0.0256     0.5067     0.0000     4.6111     0.0000     0.0049     0.0000     0.5065    34.5953    34.5975    26.8827    26.8844     0.0363      1.105      0.389 0.0000e+00
    677.902      16271    495.621 -106.00012   20.15102    492.000     8.5185     8.5188   3.653462   3.653684 7.6252e-02    12.3413     4.5715 5.0671e-02          0     4.5715     0.0254     0.5067     0.0000     4.6116     0.0000     0.0049     0.0000     0.5065    34.5949    34.5969    26.8849    26.8865     0.0362      1.102      0.387 0.0000e+00
    678.995      16297    496.629 -106.00012   20.15102    493.000     8.5130     8.5133   3.652938   3.653159 7.6774e-02    12.3430     4.5696 5.0671e-02          0     4.5696     0.0256     0.5067     0.0000     4.6124     0.0000     0.0049     0.0000     0.5065    34.5942    34.5963    26.8853    26.8869     0.0372      1.132      0.398 0.0000e+00
    680.118      16324    497.638 -106.00012   20.15102    494.000     8.4914     8.4919   3.650882   3.651125 7.6382e-02    12.3409     4.5719 5.0671e-02          0     4.5719     0.0254     0.5068     0.0000     4.6120     0.0000     0.0049     0.0000     0.5066    34.5932    34.5953    26.8878    26.8894     0.0369      1.122      0.394 0.0000e+00
    681.209      16350    498.647 -106.00012   20.15102    495.000     8.4638     8.4643   3.648033   3.648248 7.6777e-02    12.3410     4.5718 5.0671e-02          0     4.5718     0.0256     0.5068     0.0000     4.6120     0.0000     0.0049     0.0000     0.5066    34.5896    34.5914    26.8892    26.8905     0.0365      1.110      0.390 0.0000e+00
    682.246      16375    499.655 -106.00012   20.15102    496.000     8.4227     8.4224   3.643962   3.644117 7.6485e-02    12.3410     4.5718 5.0671e-02          0     4.5718     0.0255     0.5068     0.0000     4.6127     0.0000     0.0049     0.0000     0.5066    34.5862    34.5882    26.8928    26.8944     0.0363      1.103      0.387 0.0000e+00
    683.290      16400    500.664 -106.00012   20.15102    497.000     8.4103     8.4106   3.642700   3.642912 8.3798e-02    12.3403     4.5726 5.0671e-02          0     4.5726     0.0279     0.5067     0.0000     4.6130     0.0000     0.0049     0.0000     0.5065    34.5845    34.5865    26.8935    26.8949     0.0360      1.096      0.384 0.0000e+00
    684.396      16426    501.672 -106.00012   20.15102    498.000     8.3862     8.3840   3.640252   3.640231 7.6791e-02    12.3402     4.5728 5.0785e-02          0     4.5728     0.0256     0.5067     0.0000     4.6129     0.0000     0.0059     0.0000     0.5065    34.5818    34.5837    26.8950    26.8968     0.0364      1.108      0.388 0.0000e+00
    685.501      16453    502.681 -106.00012   20.15102    499.000     8.3590     8.3588   3.637635   3.637803 7.5056e-02    12.3391     4.5740 5.1018e-02          0     4.5740     0.0250     0.5067     0.0000     4.6139     0.0000     0.0078     0.0000     0.5065    34.5802    34.5821    26.8979    26.8994     0.0369      1.123      0.393 0.0000e+00
    686.514      16477    503.689 -106.00012   20.15102    500.000     8.3268     8.3263   3.634799   3.634928 7.5850e-02    12.3398     4.5732 5.0673e-02          0     4.5732     0.0252     0.5068     0.0000     4.6125     0.0000     0.0049     0.0000     0.5066    34.5811    34.5830    26.9035    26.9051     0.0392      1.193      0.417 0.0000e+00
    687.422      16499    504.698 -106.00012   20.15102    501.000     8.2947     8.2946   3.631864   3.632029 7.6882e-02    12.3397     4.5733 5.0731e-02          0     4.5733     0.0256     0.5071     0.0000     4.6117     0.0000     0.0054     0.0000     0.5069    34.5810    34.5829    26.9083    26.9098     0.0375      1.142      0.399 0.0000e+00
    688.252      16519    505.707 -106.00012   20.15102    502.000     8.2700     8.2696   3.629556   3.629685 7.6525e-02    12.3397     4.5733 5.1130e-02          0     4.5733     0.0255     0.5069     0.0000     4.6116     0.0000     0.0087     0.0000     0.5067    34.5802    34.5820    26.9115    26.9129     0.0358      1.090      0.381 0.0000e+00
    689.047      16538    506.715 -106.00012   20.15102    503.000     8.2559     8.2564   3.628301   3.628531 7.6516e-02    12.3394     4.5736 5.1217e-02          0     4.5736     0.0255     0.5068     0.0000     4.6123     0.0000     0.0095     0.0000     0.5066    34.5802    34.5822    26.9136    26.9151     0.0361      1.099      0.384 0.0000e+00
    689.811      16556    507.724 -106.00012   20.15102    504.000     8.2514     8.2517   3.627963   3.628172 7.6538e-02    12.3400     4.5730 5.1243e-02          0     4.5730     0.0255     0.5068     0.0000     4.6129     0.0000     0.0097     0.0000     0.5066    34.5806    34.5825    26.9146    26.9161     0.0360      1.096      0.383 0.0000e+00
    690.602      16575    508.733 -106.00012   20.15102    505.000     8.2463     8.2470   3.627594   3.627841 7.6537e-02    12.3399     4.5731 5.0673e-02          0     4.5731     0.0255     0.5067     0.0000     4.6129     0.0000     0.0049     0.0000     0.5065    34.5811    34.5831    26.9158    26.9172     0.0356      1.083      0.378 0.0000e+00
    691.444      16596    509.741 -106.00012   20.15102    506.000     8.2411     8.2417   3.627210   3.627432 8.1261e-02    12.3409     4.5719 5.0699e-02          0     4.5719     0.0271     0.5066     0.0000     4.6130     0.0000     0.0051     0.0000     0.5064    34.5817    34.5835    26.9171    26.9184     0.0360      1.097      0.383 0.0000e+00
    692.467      16620    510.750 -106.00012   20.15102    507.000     8.2388     8.2390   3.627049   3.627263 7.7046e-02    12.3393     4.5738 5.0672e-02          0     4.5738     0.0256     0.5067     0.0000     4.6129     0.0000     0.0049     0.0000     0.5065    34.5818    34.5839    26.9175    26.9191     0.0363      1.106      0.386 0.0000e+00
    693.952      16656    511.758 -106.00012   20.15102    508.000     8.2372     8.2372   3.626948   3.627151 7.6923e-02    12.3393     4.5738 5.0671e-02          0     4.5738     0.0256     0.5067     0.0000     4.6130     0.0000     0.0049     0.0000     0.5065    34.5819    34.5840    26.9178    26.9195     0.0367      1.115      0.390 0.0000e+00
    695.545      16694    512.767 -106.00012   20.15102    509.000     8.2341     8.2343   3.626718   3.626940 7.6235e-02    12.3394     4.5736 5.0844e-02          0     4.5736     0.0254     0.5067     0.0000     4.6130     0.0000     0.0063     0.0000     0.5065    34.5820    34.5841    26.9184    26.9200     0.0365      1.109      0.388 0.0000e+00
