data/ctd-cnv/RR1804/RR1803-St33-P1/Station33_cast59.cnv
* Sea-Bird SBE 9 Data File:
* FileName = C:\CTD\RR1805\Station33_cast59.hex
* Software Version Seasave V 7.26.6.26
* Temperature SN = 4307
* Conductivity SN = 4650
* Number of Bytes Per Scan = 44
* Number of Voltage Words = 5
* Number of Scans Averaged by the Deck Unit = 1
* NMEA Latitude = 20 09.06 N
* NMEA Longitude = 106 00.00 W
* NMEA UTC (Time) = Apr 21 2018 15:39:10
** Ship: Revell
** Station: On Deck
** Operator: GR
** Station P1 cast 59
# nquan = 32
# nvalues = 991                         
# units = specified
# name 0 = timeS: Time, Elapsed [seconds]
# name 1 = scan: Scan Count
# name 2 = prDM: Pressure, Digiquartz [db]
# name 3 = longitude: Longitude [deg]
# name 4 = latitude: Latitude [deg]
# name 5 = depSM: Depth [salt water, m]
# name 6 = t090C: Temperature [ITS-90, deg C]
# name 7 = t190C: Temperature, 2 [ITS-90, deg C]
# name 8 = c0S/m: Conductivity [S/m]
# name 9 = c1S/m: Conductivity, 2 [S/m]
# name 10 = flSP: Fluorescence, Seapoint
# name 11 = CStarAt0: Beam Attenuation, WET Labs C-Star [1/m]
# name 12 = CStarTr0: Beam Transmission, WET Labs C-Star [%]
# name 13 = par: PAR/Irradiance, Biospherical/Licor
# name 14 = modError: Modulo Error Count
# name 15 = v0: Voltage 0
# name 16 = v1: Voltage 1
# name 17 = v2: Voltage 2
# name 18 = v3: Voltage 3
# name 19 = v4: Voltage 4
# name 20 = v5: Voltage 5
# name 21 = v6: Voltage 6
# name 22 = v7: Voltage 7
# name 23 = sbeox0V: Oxygen raw, SBE 43 [V]
# name 24 = sal00: Salinity, Practical [PSU]
# name 25 = sal11: Salinity, Practical, 2 [PSU]
# name 26 = sigma-é00: Density [sigma-theta, kg/m^3]
# name 27 = sigma-é11: Density, 2 [sigma-theta, kg/m^3]
# name 28 = sbeox0Mg/L: Oxygen, SBE 43 [mg/l], WS = 2
# name 29 = sbox0Mm/Kg: Oxygen, SBE 43 [umol/kg], WS = 2
# name 30 = sbeox0PS: Oxygen, SBE 43 [% saturation], WS = 2
# name 31 = flag: flag
# span 0 =     82.373,   1237.254       
# span 1 =       1978,      29695       
# span 2 =     12.074,   1010.620       
# span 3 = -106.00014, -106.00010       
# span 4 =   20.15100,   20.15104       
# span 5 =     12.000,   1002.000       
# span 6 =     4.7869,    22.7094       
# span 7 =     4.7902,    22.7065       
# span 8 =   3.331168,   5.008522       
# span 9 =   3.331592,   5.008318       
# span 10 = 7.1428e-02, 5.8539e+00      
# span 11 =    12.3322,    12.8126      
# span 12 =     4.0635,     4.5819      
# span 13 = 5.0524e-02, 1.0365e+02      
# span 14 =          0,          0      
# span 15 =     4.0635,     4.5819      
# span 16 =     0.0238,     1.9513      
# span 17 =     0.5059,     2.5472      
# span 18 =     0.0000,     0.0000      
# span 19 =     1.7705,     4.6394      
# span 20 =     0.0000,     0.0000      
# span 21 =     0.0037,     3.3084      
# span 22 =     0.0000,     0.0000      
# span 23 =     0.5057,     2.5472      
# span 24 =    34.5095,    34.8166      
# span 25 =    34.5107,    34.8179      
# span 26 =    23.6573,    27.3411      
# span 27 =    23.6587,    27.3420      
# span 28 =     0.0331,     6.3181      
# span 29 =      1.005,    192.881      
# span 30 =      0.334,     89.445      
# span 31 = 0.0000e+00, 0.0000e+00      
# interval = meters: 1                  
# start_time = Apr 21 2018 15:39:15 [System UTC, first data scan.]
# bad_flag = -9.990e-29
*END*
[from data line 363]
    559.422      13427    377.652 -106.00012   20.15102    375.000    10.0925    10.0922   3.802423   3.802574 7.8441e-02    12.3456     4.5667 5.0671e-02          0     4.5667     0.0261     0.5074     0.0000     4.5933     0.0000     0.0049     0.0000     0.5072    34.6716    34.6734    26.6873    26.6888     0.0396      1.204      0.438 0.0000e+00
    560.452      13452    378.660 -106.00012   20.15102    376.000    10.0743    10.0742   3.800595   3.800784 7.7344e-02    12.3460     4.5662 5.0671e-02          0     4.5662     0.0257     0.5076     0.0000     4.5946     0.0000     0.0049     0.0000     0.5074    34.6700    34.6720    26.6892    26.6907     0.0362      1.102      0.401 0.0000e+00
    561.703      13482    379.668 -106.00012   20.15102    377.000    10.0650    10.0657   3.799638   3.799919 7.6572e-02    12.3469     4.5651 5.0671e-02          0     4.5651     0.0255     0.5075     0.0000     4.5982     0.0000     0.0049     0.0000     0.5073    34.6687    34.6709    26.6897    26.6913     0.0393      1.197      0.436 0.0000e+00
    563.050      13514    380.676 -106.00012   20.15102    378.000    10.0234    10.0200   3.795359   3.795269 7.6697e-02    12.3436     4.5689 5.0671e-02          0     4.5689     0.0255     0.5075     0.0000     4.6029     0.0000     0.0049     0.0000     0.5073    34.6644    34.6667    26.6935    26.6958     0.0363      1.105      0.402 0.0000e+00
    564.262      13543    381.684 -106.00012   20.15102    379.000     9.9762     9.9769   3.790677   3.790917 7.6788e-02    12.3471     4.5650 5.0671e-02          0     4.5650     0.0256     0.5076     0.0000     4.6016     0.0000     0.0049     0.0000     0.5074    34.6614    34.6632    26.6991    26.7004     0.0392      1.193      0.433 0.0000e+00
    565.303      13568    382.692 -106.00012   20.15102    380.000     9.9518     9.9464   3.788251   3.787915 7.7786e-02    12.3438     4.5687 5.0671e-02          0     4.5687     0.0259     0.5076     0.0000     4.6040     0.0000     0.0049     0.0000     0.5074    34.6595    34.6612    26.7019    26.7041     0.0353      1.075      0.390 0.0000e+00
    566.224      13590    383.701 -106.00012   20.15102    381.000     9.9456     9.9458   3.787706   3.787934 7.7424e-02    12.3456     4.5667 5.0671e-02          0     4.5667     0.0258     0.5072     0.0000     4.6036     0.0000     0.0049     0.0000     0.5070    34.6594    34.6615    26.7028    26.7044     0.0346      1.054      0.382 0.0000e+00
    567.100      13611    384.709 -106.00012   20.15102    382.000     9.9453     9.9455   3.787714   3.787948 7.6561e-02    12.3448     4.5675 5.0671e-02          0     4.5675     0.0255     0.5070     0.0000     4.6039     0.0000     0.0049     0.0000     0.5068    34.6593    34.6616    26.7028    26.7046     0.0361      1.099      0.399 0.0000e+00
    567.959      13632    385.716 -106.00012   20.15102    383.000     9.9452     9.9458   3.787756   3.788012 7.6749e-02    12.3437     4.5688 5.0671e-02          0     4.5688     0.0255     0.5073     0.0000     4.6044     0.0000     0.0049     0.0000     0.5071    34.6594    34.6615    26.7030    26.7044     0.0390      1.187      0.431 0.0000e+00
    568.863      13654    386.725 -106.00011   20.15102    384.000     9.9448     9.9450   3.787764   3.787985 7.6449e-02    12.3436     4.5689 5.0671e-02          0     4.5689     0.0254     0.5076     0.0000     4.5892     0.0000     0.0049     0.0000     0.5074    34.6594    34.6615    26.7030    26.7047     0.0381      1.158      0.420 0.0000e+00
    569.805      13676    387.733 -106.00010   20.15102    385.000     9.9417     9.9404   3.787450   3.787515 7.6753e-02    12.3435     4.5689 5.0671e-02          0     4.5689     0.0255     0.5072     0.0000     4.5705     0.0000     0.0049     0.0000     0.5070    34.6588    34.6606    26.7031    26.7047     0.0351      1.069      0.388 0.0000e+00
    570.737      13699    388.741 -106.00010   20.15102    386.000     9.9194     9.9207   3.785291   3.785604 7.6925e-02    12.3437     4.5687 5.0671e-02          0     4.5687     0.0256     0.5074     0.0000     4.5554     0.0000     0.0049     0.0000     0.5072    34.6576    34.6596    26.7059    26.7073     0.0386      1.175      0.426 0.0000e+00
    571.656      13721    389.749 -106.00010   20.15102    387.000     9.8886     9.8894   3.782283   3.782533 7.6923e-02    12.3437     4.5688 5.0671e-02          0     4.5688     0.0256     0.5074     0.0000     4.5595     0.0000     0.0049     0.0000     0.5072    34.6559    34.6577    26.7099    26.7111     0.0373      1.136      0.412 0.0000e+00
    572.552      13742    390.757 -106.00010   20.15102    388.000     9.8458     9.8447   3.777984   3.778042 7.6923e-02    12.3431     4.5694 5.0671e-02          0     4.5694     0.0256     0.5074     0.0000     4.5742     0.0000     0.0049     0.0000     0.5072    34.6525    34.6542    26.7144    26.7159     0.0371      1.129      0.409 0.0000e+00
    573.431      13763    391.765 -106.00010   20.15102    389.000     9.8326     9.8330   3.776741   3.776955 7.6592e-02    12.3433     4.5692 5.0671e-02          0     4.5692     0.0255     0.5073     0.0000     4.5575     0.0000     0.0049     0.0000     0.5071    34.6520    34.6538    26.7162    26.7176     0.0361      1.098      0.397 0.0000e+00
    574.369      13786    392.773 -106.00010   20.15102    390.000     9.8285     9.8287   3.776347   3.776566 7.6172e-02    12.3434     4.5691 5.0671e-02          0     4.5691     0.0254     0.5073     0.0000     4.5532     0.0000     0.0049     0.0000     0.5071    34.6514    34.6535    26.7165    26.7181     0.0386      1.174      0.425 0.0000e+00
    575.554      13814    393.781 -106.00010   20.15102    391.000     9.8193     9.8192   3.775472   3.775653 7.6146e-02    12.3439     4.5685 5.0671e-02          0     4.5685     0.0254     0.5074     0.0000     4.5531     0.0000     0.0049     0.0000     0.5072    34.6509    34.6528    26.7177    26.7192     0.0360      1.097      0.397 0.0000e+00
    577.170      13853    394.789 -106.00010   20.15102    392.000     9.8111     9.8111   3.774686   3.774911 7.7260e-02    12.3417     4.5710 5.0671e-02          0     4.5710     0.0257     0.5071     0.0000     4.5539     0.0000     0.0049     0.0000     0.5069    34.6503    34.6525    26.7186    26.7203     0.0360      1.097      0.397 0.0000e+00
    578.583      13887    395.797 -106.00010   20.15102    393.000     9.7973     9.7966   3.773339   3.773478 7.5555e-02    12.3440     4.5684 5.0671e-02          0     4.5684     0.0252     0.5075     0.0000     4.5551     0.0000     0.0049     0.0000     0.5073    34.6492    34.6513    26.7201    26.7218     0.0389      1.184      0.428 0.0000e+00
    579.678      13913    396.806 -106.00010   20.15102    394.000     9.7685     9.7684   3.770588   3.770777 7.6155e-02    12.3471     4.5648 5.0671e-02          0     4.5648     0.0253     0.5071     0.0000     4.5534     0.0000     0.0049     0.0000     0.5069    34.6482    34.6502    26.7242    26.7257     0.0347      1.056      0.382 0.0000e+00
    580.655      13937    397.813 -106.00010   20.15102    395.000     9.7652     9.7654   3.770323   3.770544 7.5655e-02    12.3428     4.5698 5.0671e-02          0     4.5698     0.0252     0.5072     0.0000     4.5532     0.0000     0.0049     0.0000     0.5070    34.6482    34.6503    26.7247    26.7263     0.0373      1.136      0.411 0.0000e+00
    581.564      13959    398.821 -106.00010   20.15102    396.000     9.7613     9.7613   3.770013   3.770215 7.6375e-02    12.3481     4.5637 5.0671e-02          0     4.5637     0.0254     0.5072     0.0000     4.5529     0.0000     0.0049     0.0000     0.5070    34.6483    34.6504    26.7254    26.7271     0.0376      1.144      0.413 0.0000e+00
    582.400      13979    399.830 -106.00010   20.15102    397.000     9.7560     9.7560   3.769561   3.769760 7.6005e-02    12.3430     4.5695 5.0671e-02          0     4.5695     0.0253     0.5074     0.0000     4.5558     0.0000     0.0049     0.0000     0.5072    34.6483    34.6504    26.7264    26.7280     0.0384      1.170      0.423 0.0000e+00
    583.189      13998    400.838 -106.00010   20.15102    398.000     9.7510     9.7513   3.769161   3.769393 7.7332e-02    12.3440     4.5684 5.0671e-02          0     4.5684     0.0257     0.5074     0.0000     4.5651     0.0000     0.0049     0.0000     0.5072    34.6486    34.6506    26.7274    26.7290     0.0365      1.110      0.401 0.0000e+00
    583.943      14016    401.846 -106.00010   20.15102    399.000     9.7450     9.7446   3.768621   3.768774 7.6100e-02    12.3439     4.5686 5.0671e-02          0     4.5686     0.0253     0.5073     0.0000     4.6014     0.0000     0.0049     0.0000     0.5071    34.6483    34.6503    26.7282    26.7298     0.0360      1.095      0.395 0.0000e+00
    584.696      14034    402.854 -106.00010   20.15102    400.000     9.7380     9.7382   3.767979   3.768205 7.6521e-02    12.3446     4.5678 5.0671e-02          0     4.5678     0.0255     0.5071     0.0000     4.6030     0.0000     0.0049     0.0000     0.5069    34.6480    34.6501    26.7292    26.7308     0.0363      1.106      0.399 0.0000e+00
    585.474      14052    403.862 -106.00010   20.15102    401.000     9.7356     9.7359   3.767767   3.767991 7.6931e-02    12.3418     4.5710 5.0671e-02          0     4.5710     0.0256     0.5073     0.0000     4.6034     0.0000     0.0049     0.0000     0.5071    34.6477    34.6496    26.7293    26.7308     0.0369      1.123      0.406 0.0000e+00
    586.351      14073    404.870 -106.00010   20.15102    402.000     9.7221     9.7220   3.766439   3.766635 7.6436e-02    12.3437     4.5688 5.0671e-02          0     4.5688     0.0254     0.5072     0.0000     4.6048     0.0000     0.0049     0.0000     0.5070    34.6466    34.6486    26.7308    26.7324     0.0377      1.147      0.414 0.0000e+00
    587.451      14100    405.878 -106.00010   20.15102    403.000     9.7141     9.7142   3.765703   3.765911 7.6418e-02    12.3439     4.5685 5.0671e-02          0     4.5685     0.0254     0.5071     0.0000     4.6055     0.0000     0.0049     0.0000     0.5069    34.6463    34.6483    26.7319    26.7334     0.0354      1.077      0.389 0.0000e+00
    588.748      14131    406.886 -106.00010   20.15101    404.000     9.7085     9.7088   3.765205   3.765450 7.6257e-02    12.3473     4.5647 5.0671e-02          0     4.5647     0.0254     0.5072     0.0000     4.6056     0.0000     0.0049     0.0000     0.5070    34.6460    34.6482    26.7326    26.7343     0.0359      1.093      0.395 0.0000e+00
    590.060      14162    407.894 -106.00010   20.15100    405.000     9.7013     9.7013   3.764512   3.764722 7.6676e-02    12.3468     4.5653 5.0671e-02          0     4.5653     0.0255     0.5071     0.0000     4.6056     0.0000     0.0049     0.0000     0.5069    34.6454    34.6475    26.7334    26.7350     0.0372      1.132      0.408 0.0000e+00
    591.244      14191    408.902 -106.00010   20.15100    406.000     9.6885     9.6887   3.763303   3.763518 7.6419e-02    12.3436     4.5689 5.0671e-02          0     4.5689     0.0254     0.5071     0.0000     4.5986     0.0000     0.0049     0.0000     0.5069    34.6448    34.6468    26.7350    26.7366     0.0361      1.097      0.396 0.0000e+00
    592.440      14220    409.911 -106.00010   20.15101    407.000     9.6824     9.6827   3.762747   3.762978 7.6542e-02    12.3430     4.5695 5.0671e-02          0     4.5695     0.0255     0.5072     0.0000     4.5959     0.0000     0.0049     0.0000     0.5070    34.6445    34.6466    26.7358    26.7374     0.0377      1.149      0.414 0.0000e+00
    593.704      14250    410.919 -106.00010   20.15102    408.000     9.6726     9.6731   3.761825   3.762080 7.8660e-02    12.3421     4.5706 5.0671e-02          0     4.5706     0.0262     0.5072     0.0000     4.5946     0.0000     0.0049     0.0000     0.5070    34.6440    34.6461    26.7371    26.7386     0.0369      1.122      0.405 0.0000e+00
    594.894      14278    411.927 -106.00010   20.15102    409.000     9.6643     9.6646   3.761058   3.761286 7.6574e-02    12.3468     4.5652 5.0671e-02          0     4.5652     0.0255     0.5074     0.0000     4.6024     0.0000     0.0049     0.0000     0.5072    34.6436    34.6457    26.7382    26.7398     0.0383      1.164      0.420 0.0000e+00
    595.888      14302    412.935 -106.00010   20.15102    410.000     9.6341     9.6345   3.758093   3.758314 9.0871e-02    12.3445     4.5678 5.0671e-02          0     4.5678     0.0303     0.5071     0.0000     4.5927     0.0000     0.0049     0.0000     0.5069    34.6417    34.6436    26.7418    26.7432     0.0348      1.058      0.381 0.0000e+00
    596.708      14322    413.943 -106.00010   20.15102    411.000     9.6262     9.6265   3.757417   3.757637 7.7316e-02    12.3450     4.5673 5.0671e-02          0     4.5673     0.0257     0.5071     0.0000     4.5609     0.0000     0.0049     0.0000     0.5069    34.6420    34.6439    26.7433    26.7448     0.0363      1.106      0.398 0.0000e+00
    597.430      14339    414.952 -106.00010   20.15102    412.000     9.6216     9.6223   3.756986   3.757260 7.6927e-02    12.3449     4.5674 5.0671e-02          0     4.5674     0.0256     0.5071     0.0000     4.5652     0.0000     0.0049     0.0000     0.5069    34.6415    34.6436    26.7437    26.7452     0.0374      1.139      0.411 0.0000e+00
    598.093      14355    415.960 -106.00010   20.15102    413.000     9.6193     9.6197   3.756832   3.757076 7.6427e-02    12.3436     4.5689 5.0671e-02          0     4.5689     0.0254     0.5072     0.0000     4.5683     0.0000     0.0049     0.0000     0.5070    34.6416    34.6438    26.7442    26.7458     0.0369      1.123      0.405 0.0000e+00
    598.746      14371    416.968 -106.00010   20.15102    414.000     9.6172     9.6176   3.756654   3.756897 7.6936e-02    12.3434     4.5691 5.0671e-02          0     4.5691     0.0256     0.5071     0.0000     4.5694     0.0000     0.0049     0.0000     0.5069    34.6414    34.6434    26.7444    26.7459     0.0371      1.129      0.407 0.0000e+00
    599.466      14388    417.976 -106.00010   20.15102    415.000     9.6061     9.6063   3.755602   3.755800 7.6743e-02    12.3441     4.5683 5.0671e-02          0     4.5683     0.0255     0.5072     0.0000     4.5725     0.0000     0.0049     0.0000     0.5070    34.6408    34.6426    26.7458    26.7472     0.0379      1.155      0.416 0.0000e+00
    600.354      14409    418.984 -106.00010   20.15102    416.000     9.5944     9.5944   3.754506   3.754679 7.8005e-02    12.3427     4.5699 5.0671e-02          0     4.5699     0.0260     0.5074     0.0000     4.5726     0.0000     0.0049     0.0000     0.5072    34.6402    34.6421    26.7473    26.7488     0.0379      1.154      0.416 0.0000e+00
    601.603      14439    419.992 -106.00010   20.15102    417.000     9.5727     9.5722   3.752404   3.752578 7.6652e-02    12.3421     4.5706 5.0671e-02          0     4.5706     0.0255     0.5071     0.0000     4.5725     0.0000     0.0049     0.0000     0.5069    34.6390    34.6414    26.7499    26.7519     0.0364      1.107      0.398 0.0000e+00
    603.087      14475    421.001 -106.00010   20.15101    418.000     9.5550     9.5549   3.750704   3.750905 7.6085e-02    12.3417     4.5710 5.0671e-02          0     4.5710     0.0253     0.5073     0.0000     4.5714     0.0000     0.0049     0.0000     0.5071    34.6381    34.6403    26.7522    26.7539     0.0364      1.108      0.399 0.0000e+00
