data/ctd-cnv/RR1804/RR1803-St33-P1/Station33_cast68.cnv
* Sea-Bird SBE 9 Data File:
* FileName = C:\CTD\RR1805\Station33_cast68.hex
* Software Version Seasave V 7.26.6.26
* Temperature SN = 4307
* Conductivity SN = 4650
* Number of Bytes Per Scan = 44
* Number of Voltage Words = 5
* Number of Scans Averaged by the Deck Unit = 1
* NMEA Latitude = 20 26.08 N
* NMEA Longitude = 106 10.38 W
* NMEA UTC (Time) = Apr 26 2018 06:06:44
** Ship: Revell
** Station: P1 cast 67
** Operator: Clara
** P1 cast 68 diel
# nquan = 32
# nvalues = 202                         
# units = specified
# name 0 = timeS: Time, Elapsed [seconds]
# name 1 = scan: Scan Count
# name 2 = prDM: Pressure, Digiquartz [db]
# name 3 = longitude: Longitude [deg]
# name 4 = latitude: Latitude [deg]
# name 5 = depSMignore: Depth [salt water, m]
# name 6 = t090C: Temperature [ITS-90, deg C]
# name 7 = t190C: Temperature, 2 [ITS-90, deg C]
# name 8 = c0S/m: Conductivity [S/m]
# name 9 = c1S/m: Conductivity, 2 [S/m]
# name 10 = flSP: Fluorescence, Seapoint
# name 11 = CStarAt0: Beam Attenuation, WET Labs C-Star [1/m]
# name 12 = CStarTr0: Beam Transmission, WET Labs C-Star [%]
# name 13 = par: PAR/Irradiance, Biospherical/Licor
# name 14 = modError: Modulo Error Count
# name 15 = v0: Voltage 0
# name 16 = v1: Voltage 1
# name 17 = v2: Voltage 2
# name 18 = v3: Voltage 3
# name 19 = v4: Voltage 4
# name 20 = v5: Voltage 5
# name 21 = v6: Voltage 6
# name 22 = v7: Voltage 7
# name 23 = sbeox0V: Oxygen raw, SBE 43 [V]
# name 24 = sal00: Salinity, Practical [PSU]
# name 25 = sal11: Salinity, Practical, 2 [PSU]
# name 26 = sigma-é00: Density [sigma-theta, kg/m^3]
# name 27 = sigma-é11: Density, 2 [sigma-theta, kg/m^3]
# name 28 = sbeox0Mg/L: Oxygen, SBE 43 [mg/l], WS = 2
# name 29 = sbox0Mm/Kg: Oxygen, SBE 43 [umol/kg], WS = 2
# name 30 = sbeox0PS: Oxygen, SBE 43 [% saturation], WS = 2
# name 31 = flag: flag
# span 0 =     -3.991,    381.527       
# span 1 =        -95,       9158       
# span 2 =      1.006,    203.347       
# span 3 = -106.17312, -106.17304       
# span 4 =   20.43464,   20.43474       
# span 5 =      1.000,    202.000       
# span 6 =    11.9280,    25.8538       
# span 7 =    11.9258,    25.8671       
# span 8 =   3.979251,   5.354362       
# span 9 =   3.979150,   5.356041       
# span 10 = 7.6369e-02, 1.9168e+00      
# span 11 =    12.3596,    12.5690      
# span 12 =     4.3186,     4.5507      
# span 13 = 5.0659e-02, 3.7648e-01      
# span 14 =          0,          0      
# span 15 =     4.3186,     4.5507      
# span 16 =     0.0254,     0.6389      
# span 17 =     0.5065,     2.7404      
# span 18 =     0.0000,     0.0000      
# span 19 =     0.2873,     4.6448      
# span 20 =     0.0000,     0.0000      
# span 21 =     0.0048,     0.8503      
# span 22 =     0.0000,     0.0000      
# span 23 =     0.5062,     2.7404      
# span 24 =    34.4536,    34.8157      
# span 25 =    34.4511,    34.8164      
# span 26 =    22.8462,    26.4347      
# span 27 =    22.8437,    26.4360      
# span 28 =     0.0308,     6.6116      
# span 29 =      0.938,    201.949      
# span 30 =      0.355,     98.012      
# span 31 = 0.0000e+00, 0.0000e+00      
# interval = meters: 1                  
# start_time = Apr 26 2018 06:06:40 [System UTC, first data scan.]
# bad_flag = -9.990e-29
*END*
[from data line 136]
    253.403       6083    137.892 -106.17308   20.43470    137.000    12.8026    12.8025   4.063415   4.063481 8.2221e-02    12.3607     4.5495 5.0671e-02          0     4.5495     0.0274     0.5079     0.0000     4.5501     0.0000     0.0049     0.0000     0.5076    34.8076    34.8083    26.2870    26.2876     0.0354      1.078      0.416 0.0000e+00
    254.346       6105    138.899 -106.17308   20.43470    138.000    12.7643    12.7639   4.059574   4.059632 8.1357e-02    12.3603     4.5499 5.0671e-02          0     4.5499     0.0272     0.5079     0.0000     4.5683     0.0000     0.0049     0.0000     0.5076    34.8057    34.8066    26.2931    26.2939     0.0355      1.079      0.416 0.0000e+00
    255.255       6127    139.905 -106.17308   20.43470    139.000    12.7355    12.7355   4.056806   4.056896 8.0784e-02    12.3598     4.5504 5.0671e-02          0     4.5504     0.0270     0.5079     0.0000     4.5451     0.0000     0.0049     0.0000     0.5076    34.8053    34.8062    26.2985    26.2992     0.0354      1.077      0.415 0.0000e+00
    256.173       6149    140.912 -106.17310   20.43470    140.000    12.7175    12.7179   4.055143   4.055286 8.1080e-02    12.3600     4.5503 5.0671e-02          0     4.5503     0.0271     0.5078     0.0000     4.5388     0.0000     0.0049     0.0000     0.5075    34.8055    34.8065    26.3023    26.3030     0.0350      1.066      0.411 0.0000e+00
    257.166       6173    141.919 -106.17310   20.43470    141.000    12.7105    12.7107   4.054474   4.054581 7.9797e-02    12.3601     4.5502 5.0671e-02          0     4.5502     0.0266     0.5079     0.0000     4.5892     0.0000     0.0049     0.0000     0.5076    34.8052    34.8060    26.3034    26.3041     0.0350      1.067      0.411 0.0000e+00
    258.281       6200    142.926 -106.17310   20.43470    142.000    12.6943    12.6946   4.052924   4.053069 7.9577e-02    12.3596     4.5507 5.0671e-02          0     4.5507     0.0265     0.5078     0.0000     4.6282     0.0000     0.0049     0.0000     0.5075    34.8048    34.8059    26.3064    26.3072     0.0350      1.066      0.410 0.0000e+00
    259.508       6229    143.933 -106.17310   20.43470    143.000    12.6910    12.6915   4.052657   4.052832 8.0092e-02    12.3605     4.5497 5.0671e-02          0     4.5497     0.0267     0.5079     0.0000     4.6224     0.0000     0.0049     0.0000     0.5076    34.8049    34.8061    26.3071    26.3080     0.0357      1.087      0.418 0.0000e+00
    260.779       6260    144.940 -106.17310   20.43470    144.000    12.6895    12.6900   4.052575   4.052746 7.9996e-02    12.3604     4.5498 5.0671e-02          0     4.5498     0.0267     0.5077     0.0000     4.6307     0.0000     0.0049     0.0000     0.5074    34.8051    34.8062    26.3076    26.3084     0.0344      1.047      0.403 0.0000e+00
    262.010       6289    145.946 -106.17310   20.43471    145.000    12.6864    12.6867   4.052321   4.052450 7.9932e-02    12.3598     4.5505 5.0671e-02          0     4.5505     0.0267     0.5078     0.0000     4.6319     0.0000     0.0049     0.0000     0.5075    34.8050    34.8060    26.3082    26.3089     0.0355      1.080      0.415 0.0000e+00
    263.165       6317    146.953 -106.17310   20.43472    146.000    12.6770    12.6775   4.051457   4.051605 7.9737e-02    12.3630     4.5469 5.0671e-02          0     4.5469     0.0266     0.5078     0.0000     4.6325     0.0000     0.0049     0.0000     0.5075    34.8050    34.8060    26.3100    26.3107     0.0353      1.076      0.414 0.0000e+00
    264.205       6342    147.960 -106.17310   20.43472    147.000    12.6651    12.6651   4.050290   4.050411 7.9669e-02    12.3615     4.5485 5.0671e-02          0     4.5485     0.0266     0.5079     0.0000     4.6327     0.0000     0.0049     0.0000     0.5076    34.8044    34.8055    26.3119    26.3128     0.0359      1.093      0.420 0.0000e+00
    265.135       6364    148.967 -106.17310   20.43472    148.000    12.6498    12.6499   4.048840   4.048969 7.7775e-02    12.3651     4.5445 5.0671e-02          0     4.5445     0.0259     0.5079     0.0000     4.6326     0.0000     0.0049     0.0000     0.5076    34.8041    34.8053    26.3148    26.3156     0.0356      1.084      0.417 0.0000e+00
    265.984       6385    149.974 -106.17310   20.43472    149.000    12.6318    12.6319   4.047128   4.047259 7.8208e-02    12.3627     4.5472 5.0671e-02          0     4.5472     0.0261     0.5079     0.0000     4.6324     0.0000     0.0049     0.0000     0.5076    34.8039    34.8050    26.3181    26.3190     0.0353      1.076      0.414 0.0000e+00
    266.786       6404    150.981 -106.17310   20.43472    150.000    12.6186    12.6186   4.045853   4.045961 7.8272e-02    12.3620     4.5479 5.0671e-02          0     4.5479     0.0261     0.5078     0.0000     4.6322     0.0000     0.0049     0.0000     0.5075    34.8034    34.8044    26.3204    26.3212     0.0354      1.077      0.414 0.0000e+00
    267.565       6423    151.988 -106.17310   20.43472    151.000    12.5915    12.5912   4.043251   4.043345 7.6918e-02    12.3603     4.5500 5.0671e-02          0     4.5500     0.0256     0.5079     0.0000     4.6325     0.0000     0.0049     0.0000     0.5076    34.8031    34.8042    26.3255    26.3264     0.0357      1.088      0.418 0.0000e+00
    268.362       6442    152.995 -106.17310   20.43472    152.000    12.5707    12.5709   4.041408   4.041566 8.6197e-02    12.3620     4.5478 5.0671e-02          0     4.5478     0.0287     0.5078     0.0000     4.6330     0.0000     0.0049     0.0000     0.5075    34.8041    34.8054    26.3304    26.3314     0.0351      1.068      0.410 0.0000e+00
    269.214       6462    154.002 -106.17312   20.43472    153.000    12.5472    12.5469   4.038960   4.039059 7.9429e-02    12.3618     4.5481 5.0671e-02          0     4.5481     0.0265     0.5078     0.0000     4.6335     0.0000     0.0049     0.0000     0.5075    34.8019    34.8031    26.3333    26.3343     0.0358      1.091      0.418 0.0000e+00
    270.156       6485    155.009 -106.17312   20.43472    154.000    12.5384    12.5388   4.038317   4.038484 8.1296e-02    12.3617     4.5482 5.0671e-02          0     4.5482     0.0271     0.5079     0.0000     4.6337     0.0000     0.0049     0.0000     0.5076    34.8033    34.8046    26.3362    26.3371     0.0352      1.072      0.411 0.0000e+00
    271.206       6510    156.016 -106.17312   20.43472    155.000    12.5299    12.5303   4.037538   4.037708 7.9444e-02    12.3619     4.5480 5.0671e-02          0     4.5480     0.0265     0.5076     0.0000     4.6336     0.0000     0.0049     0.0000     0.5073    34.8032    34.8045    26.3378    26.3387     0.0336      1.024      0.393 0.0000e+00
    272.348       6537    157.022 -106.17312   20.43472    156.000    12.5267    12.5272   4.037301   4.037466 7.7776e-02    12.3617     4.5483 5.0671e-02          0     4.5483     0.0259     0.5077     0.0000     4.6327     0.0000     0.0049     0.0000     0.5074    34.8036    34.8047    26.3387    26.3394     0.0348      1.060      0.406 0.0000e+00
    273.572       6567    158.029 -106.17312   20.43472    157.000    12.5201    12.5199   4.036632   4.036727 7.7420e-02    12.3619     4.5480 5.0671e-02          0     4.5480     0.0258     0.5077     0.0000     4.6337     0.0000     0.0049     0.0000     0.5074    34.8028    34.8038    26.3394    26.3403     0.0359      1.094      0.419 0.0000e+00
    274.941       6600    159.036 -106.17312   20.43472    158.000    12.4884    12.4878   4.033283   4.033366 7.6807e-02    12.3618     4.5482 5.0671e-02          0     4.5482     0.0256     0.5078     0.0000     4.6342     0.0000     0.0049     0.0000     0.5075    34.7994    34.8008    26.3430    26.3442     0.0348      1.060      0.406 0.0000e+00
    276.334       6633    160.043 -106.17312   20.43472    159.000    12.4624    12.4626   4.030849   4.031000 7.7170e-02    12.3620     4.5479 5.0671e-02          0     4.5479     0.0257     0.5077     0.0000     4.6345     0.0000     0.0049     0.0000     0.5074    34.7996    34.8009    26.3482    26.3492     0.0348      1.061      0.406 0.0000e+00
    277.491       6661    161.050 -106.17312   20.43472    160.000    12.4499    12.4499   4.029872   4.030018 8.0472e-02    12.3631     4.5467 5.0671e-02          0     4.5467     0.0268     0.5077     0.0000     4.6351     0.0000     0.0049     0.0000     0.5074    34.8014    34.8027    26.3521    26.3531     0.0357      1.087      0.416 0.0000e+00
    278.434       6683    162.057 -106.17312   20.43472    161.000    12.4275    12.4272   4.027732   4.027828 7.7600e-02    12.3631     4.5466 5.0671e-02          0     4.5466     0.0258     0.5078     0.0000     4.6354     0.0000     0.0049     0.0000     0.5075    34.8010    34.8022    26.3562    26.3572     0.0356      1.085      0.415 0.0000e+00
    279.290       6704    163.064 -106.17312   20.43472    162.000    12.4136    12.4139   4.026439   4.026623 7.8271e-02    12.3630     4.5467 5.0671e-02          0     4.5467     0.0261     0.5078     0.0000     4.6361     0.0000     0.0049     0.0000     0.5075    34.8010    34.8024    26.3589    26.3600     0.0353      1.074      0.411 0.0000e+00
    280.146       6725    164.071 -106.17312   20.43472    163.000    12.4088    12.4092   4.026008   4.026177 7.7089e-02    12.3631     4.5467 5.0671e-02          0     4.5467     0.0257     0.5078     0.0000     4.6366     0.0000     0.0049     0.0000     0.5075    34.8008    34.8020    26.3598    26.3606     0.0355      1.080      0.413 0.0000e+00
    281.034       6746    165.078 -106.17312   20.43474    164.000    12.4021    12.4024   4.025360   4.025510 7.8542e-02    12.3632     4.5465 5.0671e-02          0     4.5465     0.0262     0.5077     0.0000     4.6371     0.0000     0.0049     0.0000     0.5074    34.8003    34.8015    26.3607    26.3616     0.0352      1.072      0.410 0.0000e+00
    281.982       6769    166.085 -106.17312   20.43474    165.000    12.3882    12.3885   4.023988   4.024152 7.8517e-02    12.3626     4.5472 5.0671e-02          0     4.5472     0.0262     0.5077     0.0000     4.6372     0.0000     0.0049     0.0000     0.5074    34.7995    34.8009    26.3628    26.3638     0.0347      1.057      0.404 0.0000e+00
    282.954       6792    167.092 -106.17312   20.43474    166.000    12.3781    12.3784   4.023014   4.023179 7.7565e-02    12.3653     4.5442 5.0671e-02          0     4.5442     0.0258     0.5077     0.0000     4.6364     0.0000     0.0049     0.0000     0.5074    34.7990    34.8004    26.3644    26.3654     0.0351      1.070      0.409 0.0000e+00
    283.896       6815    168.099 -106.17312   20.43474    167.000    12.3619    12.3619   4.021380   4.021520 7.8755e-02    12.3638     4.5459 5.0671e-02          0     4.5459     0.0262     0.5077     0.0000     4.6354     0.0000     0.0049     0.0000     0.5074    34.7979    34.7992    26.3667    26.3677     0.0350      1.067      0.408 0.0000e+00
    284.809       6836    169.106 -106.17312   20.43473    168.000    12.3356    12.3350   4.018788   4.018861 7.8132e-02    12.3635     4.5463 5.0671e-02          0     4.5463     0.0260     0.5077     0.0000     4.6380     0.0000     0.0049     0.0000     0.5074    34.7968    34.7980    26.3710    26.3720     0.0347      1.056      0.403 0.0000e+00
    285.709       6858    170.113 -106.17312   20.43472    169.000    12.3290    12.3296   4.018226   4.018411 7.9792e-02    12.3640     4.5457 5.0671e-02          0     4.5457     0.0266     0.5074     0.0000     4.6381     0.0000     0.0049     0.0000     0.5071    34.7970    34.7983    26.3725    26.3733     0.0333      1.014      0.387 0.0000e+00
    286.616       6880    171.120 -106.17312   20.43472    170.000    12.3282    12.3288   4.018186   4.018387 7.7729e-02    12.3638     4.5459 5.0671e-02          0     4.5459     0.0259     0.5077     0.0000     4.6386     0.0000     0.0049     0.0000     0.5074    34.7969    34.7984    26.3726    26.3735     0.0346      1.053      0.402 0.0000e+00
    287.570       6903    172.127 -106.17312   20.43472    171.000    12.3281    12.3279   4.018224   4.018333 7.7839e-02    12.3636     4.5461 5.0671e-02          0     4.5461     0.0259     0.5073     0.0000     4.6384     0.0000     0.0049     0.0000     0.5070    34.7970    34.7982    26.3726    26.3736     0.0330      1.006      0.384 0.0000e+00
    288.604       6927    173.134 -106.17312   20.43472    172.000    12.3256    12.3258   4.018005   4.018166 7.7487e-02    12.3628     4.5470 5.0671e-02          0     4.5470     0.0258     0.5073     0.0000     4.6379     0.0000     0.0049     0.0000     0.5070    34.7968    34.7981    26.3730    26.3740     0.0338      1.029      0.393 0.0000e+00
    289.760       6955    174.141 -106.17312   20.43472    173.000    12.3223    12.3232   4.017727   4.017953 7.7555e-02    12.3631     4.5466 5.0671e-02          0     4.5466     0.0258     0.5075     0.0000     4.6384     0.0000     0.0049     0.0000     0.5072    34.7967    34.7980    26.3736    26.3745     0.0346      1.054      0.403 0.0000e+00
    291.025       6986    175.148 -106.17312   20.43472    174.000    12.3135    12.3139   4.016876   4.017059 7.7634e-02    12.3628     4.5470 5.0671e-02          0     4.5470     0.0259     0.5072     0.0000     4.6389     0.0000     0.0049     0.0000     0.5069    34.7962    34.7976    26.3750    26.3760     0.0327      0.995      0.380 0.0000e+00
    292.326       7017    176.155 -106.17310   20.43472    175.000    12.3070    12.3075   4.016284   4.016476 7.7378e-02    12.3648     4.5448 5.0671e-02          0     4.5448     0.0258     0.5075     0.0000     4.6395     0.0000     0.0049     0.0000     0.5072    34.7961    34.7975    26.3762    26.3772     0.0355      1.082      0.413 0.0000e+00
    293.558       7046    177.162 -106.17310   20.43472    176.000    12.2956    12.2961   4.015149   4.015334 7.7742e-02    12.3638     4.5459 5.0671e-02          0     4.5459     0.0259     0.5074     0.0000     4.6387     0.0000     0.0049     0.0000     0.5071    34.7952    34.7965    26.3777    26.3786     0.0335      1.019      0.389 0.0000e+00
    294.645       7072    178.169 -106.17310   20.43472    177.000    12.2766    12.2770   4.013299   4.013468 7.7803e-02    12.3643     4.5453 5.0671e-02          0     4.5453     0.0259     0.5075     0.0000     4.6385     0.0000     0.0049     0.0000     0.5072    34.7945    34.7958    26.3808    26.3818     0.0352      1.071      0.408 0.0000e+00
    295.606       7096    179.176 -106.17310   20.43472    178.000    12.2669    12.2672   4.012357   4.012534 7.7922e-02    12.3661     4.5434 5.0671e-02          0     4.5434     0.0260     0.5077     0.0000     4.6382     0.0000     0.0049     0.0000     0.5074    34.7940    34.7954    26.3824    26.3834     0.0355      1.081      0.412 0.0000e+00
    296.495       7117    180.183 -106.17310   20.43472    179.000    12.2540    12.2539   4.011067   4.011197 7.6905e-02    12.3640     4.5457 5.0671e-02          0     4.5457     0.0256     0.5075     0.0000     4.6384     0.0000     0.0049     0.0000     0.5072    34.7930    34.7944    26.3841    26.3852     0.0341      1.037      0.395 0.0000e+00
    297.351       7137    181.190 -106.17310   20.43472    180.000    12.2335    12.2336   4.009032   4.009195 7.8170e-02    12.3644     4.5453 5.0671e-02          0     4.5453     0.0260     0.5076     0.0000     4.6381     0.0000     0.0049     0.0000     0.5073    34.7920    34.7934    26.3873    26.3884     0.0352      1.071      0.408 0.0000e+00
    298.205       7158    182.197 -106.17310   20.43472    181.000    12.2213    12.2218   4.007846   4.008030 7.8144e-02    12.3649     4.5446 5.0671e-02          0     4.5446     0.0260     0.5076     0.0000     4.6382     0.0000     0.0049     0.0000     0.5073    34.7913    34.7927    26.3891    26.3901     0.0343      1.044      0.398 0.0000e+00
