data/ctd-cnv/RR1804/RR1803-St33-P1/Station33_cast67real.cnv
* Sea-Bird SBE 9 Data File:
* FileName = C:\CTD\RR1805\Station33_cast67real.hex
* Software Version Seasave V 7.26.6.26
* Temperature SN = 4307
* Conductivity SN = 4650
* Number of Bytes Per Scan = 44
* Number of Voltage Words = 5
* Number of Scans Averaged by the Deck Unit = 1
* NMEA Latitude = 20 24.64 N
* NMEA Longitude = 106 08.07 W
* NMEA UTC (Time) = Apr 26 2018 00:07:04
** Ship: Revell
** Station: P1 cast 67
** Operator: Clara
# nquan = 32
# nvalues = 152                         
# units = specified
# name 0 = timeS: Time, Elapsed [seconds]
# name 1 = scan: Scan Count
# name 2 = prDM: Pressure, Digiquartz [db]
# name 3 = longitude: Longitude [deg]
# name 4 = latitude: Latitude [deg]
# name 5 = depSM: Depth [salt water, m]
# name 6 = t090C: Temperature [ITS-90, deg C]
# name 7 = t190C: Temperature, 2 [ITS-90, deg C]
# name 8 = c0S/m: Conductivity [S/m]
# name 9 = c1S/m: Conductivity, 2 [S/m]
# name 10 = flSP: Fluorescence, Seapoint
# name 11 = CStarAt0: Beam Attenuation, WET Labs C-Star [1/m]
# name 12 = CStarTr0: Beam Transmission, WET Labs C-Star [%]
# name 13 = par: PAR/Irradiance, Biospherical/Licor
# name 14 = modError: Modulo Error Count
# name 15 = v0: Voltage 0
# name 16 = v1: Voltage 1
# name 17 = v2: Voltage 2
# name 18 = v3: Voltage 3
# name 19 = v4: Voltage 4
# name 20 = v5: Voltage 5
# name 21 = v6: Voltage 6
# name 22 = v7: Voltage 7
# name 23 = sbeox0V: Oxygen raw, SBE 43 [V]
# name 24 = sal00: Salinity, Practical [PSU]
# name 25 = sal11: Salinity, Practical, 2 [PSU]
# name 26 = sigma-é00: Density [sigma-theta, kg/m^3]
# name 27 = sigma-é11: Density, 2 [sigma-theta, kg/m^3]
# name 28 = sbeox0Mg/L: Oxygen, SBE 43 [mg/l], WS = 2
# name 29 = sbox0Mm/Kg: Oxygen, SBE 43 [umol/kg], WS = 2
# name 30 = sbeox0PS: Oxygen, SBE 43 [% saturation], WS = 2
# name 31 = flag: flag
# span 0 =     50.467,    529.491       
# span 1 =       1212,      12709       
# span 2 =      1.006,    152.994       
# span 3 = -106.13466, -106.13461       
# span 4 =   20.41080,   20.41084       
# span 5 =      1.000,    152.000       
# span 6 =    12.7475,    26.3310       
# span 7 =    12.7492,    26.3293       
# span 8 =   4.059479,   5.405259       
# span 9 =   4.059837,   5.634083       
# span 10 = 7.8764e-02, 2.0562e+00      
# span 11 =    12.3605,    14.7910      
# span 12 =     4.1686,     4.5497      
# span 13 = 5.0670e-02, 1.0737e+02      
# span 14 =          0,          0      
# span 15 =     4.1686,     4.5497      
# span 16 =     0.0263,     0.6854      
# span 17 =     0.5069,     2.7945      
# span 18 =     0.0000,     0.0000      
# span 19 =     1.8239,     4.6435      
# span 20 =     0.0000,     0.0000      
# span 21 =     0.0049,     3.1668      
# span 22 =     0.0000,     0.0000      
# span 23 =     0.5066,     2.7945      
# span 24 =    34.5022,    34.8293      
# span 25 =    34.5186,    36.3703      
# span 26 =    22.6695,    26.3035      
# span 27 =    22.7799,    26.3046      
# span 28 =     0.0317,     6.6653      
# span 29 =      0.966,    203.635      
# span 30 =      0.372,    100.300      
# span 31 = 0.0000e+00, 0.0000e+00      
# interval = meters: 1                  
# start_time = Apr 26 2018 00:07:00 [System UTC, first data scan.]
# bad_flag = -9.990e-29
*END*
[from data line 91]
    393.571       9447     92.588 -106.13464   20.41084     92.000    14.0156    14.0163   4.178122   4.178258 5.5124e-01    12.3781     4.5297 5.0671e-02          0     4.5297     0.1838     0.5083     0.0000     4.6313     0.0000     0.0049     0.0000     0.5080    34.8017    34.8023    26.0333    26.0337     0.0352      1.073      0.424 0.0000e+00
    395.176       9485     93.595 -106.13464   20.41084     93.000    14.0075    14.0080   4.177425   4.177562 5.1016e-01    12.3788     4.5289 5.0671e-02          0     4.5289     0.1701     0.5083     0.0000     4.6314     0.0000     0.0049     0.0000     0.5080    34.8021    34.8029    26.0354    26.0359     0.0354      1.078      0.426 0.0000e+00
    397.113       9532     94.602 -106.13464   20.41084     94.000    14.0010    14.0017   4.176880   4.177021 5.2233e-01    12.3774     4.5304 5.0671e-02          0     4.5304     0.1741     0.5083     0.0000     4.6319     0.0000     0.0049     0.0000     0.5079    34.8025    34.8031    26.0371    26.0374     0.0351      1.069      0.422 0.0000e+00
    398.996       9577     95.608 -106.13463   20.41084     95.000    13.9936    13.9941   4.176258   4.176389 4.8848e-01    12.3773     4.5305 5.0671e-02          0     4.5305     0.1628     0.5080     0.0000     4.6322     0.0000     0.0049     0.0000     0.5077    34.8030    34.8037    26.0390    26.0395     0.0344      1.049      0.414 0.0000e+00
    400.782       9620     96.615 -106.13462   20.41084     96.000    13.9768    13.9780   4.174682   4.174913 5.0064e-01    12.3773     4.5305 5.0671e-02          0     4.5305     0.1669     0.5081     0.0000     4.6324     0.0000     0.0049     0.0000     0.5078    34.8031    34.8042    26.0427    26.0433     0.0351      1.068      0.422 0.0000e+00
    405.051       9722     97.621 -106.13462   20.41081     97.000    13.9609    13.9549   4.173225   4.172808 4.8707e-01    12.3771     4.5308 5.0671e-02          0     4.5308     0.1624     0.5081     0.0000     4.6332     0.0000     0.0049     0.0000     0.5078    34.8034    34.8050    26.0463    26.0488     0.0351      1.070      0.423 0.0000e+00
    406.710       9762     98.628 -106.13462   20.41083     98.000    13.9032    13.9035   4.167858   4.168000 3.8229e-01    12.3740     4.5344 5.0671e-02          0     4.5344     0.1274     0.5082     0.0000     4.6337     0.0000     0.0049     0.0000     0.5078    34.8052    34.8063    26.0598    26.0606     0.0351      1.068      0.421 0.0000e+00
    408.123       9796     99.635 -106.13462   20.41084     99.000    13.8842    13.8840   4.166100   4.166229 3.8180e-01    12.3773     4.5306 5.0671e-02          0     4.5306     0.1273     0.5079     0.0000     4.6341     0.0000     0.0049     0.0000     0.5076    34.8057    34.8071    26.0642    26.0653     0.0343      1.044      0.411 0.0000e+00
    409.899       9839    100.641 -106.13462   20.41084    100.000    13.8491    13.8499   4.163044   4.163209 3.8371e-01    12.3741     4.5342 5.0671e-02          0     4.5342     0.1279     0.5079     0.0000     4.6347     0.0000     0.0049     0.0000     0.5076    34.8085    34.8093    26.0737    26.0742     0.0347      1.057      0.416 0.0000e+00
    411.883       9886    101.648 -106.13462   20.41084    101.000    13.8134    13.8138   4.159867   4.160040 3.8093e-01    12.3730     4.5354 5.0671e-02          0     4.5354     0.1270     0.5081     0.0000     4.6352     0.0000     0.0049     0.0000     0.5078    34.8108    34.8120    26.0829    26.0838     0.0353      1.075      0.423 0.0000e+00
    414.385       9946    102.655 -106.13462   20.41083    102.000    13.7571    13.7596   4.154625   4.155005 3.7010e-01    12.3729     4.5356 5.0671e-02          0     4.5356     0.1234     0.5080     0.0000     4.6359     0.0000     0.0049     0.0000     0.5077    34.8125    34.8137    26.0960    26.0964     0.0351      1.068      0.420 0.0000e+00
    416.387       9994    103.661 -106.13462   20.41082    103.000    13.6800    13.6798   4.147398   4.147519 2.7417e-01    12.3694     4.5396 5.0671e-02          0     4.5396     0.0914     0.5082     0.0000     4.6361     0.0000     0.0049     0.0000     0.5078    34.8143    34.8157    26.1134    26.1145     0.0349      1.064      0.418 0.0000e+00
    417.786      10028    104.668 -106.13462   20.41082    104.000    13.6324    13.6319   4.143143   4.143243 2.4018e-01    12.3685     4.5406 5.0671e-02          0     4.5406     0.0801     0.5079     0.0000     4.6361     0.0000     0.0049     0.0000     0.5076    34.8173    34.8187    26.1256    26.1268     0.0343      1.045      0.410 0.0000e+00
    419.007      10057    105.675 -106.13462   20.41082    105.000    13.6223    13.6230   4.142403   4.142563 2.2907e-01    12.3682     4.5409 5.0671e-02          0     4.5409     0.0764     0.5079     0.0000     4.6366     0.0000     0.0049     0.0000     0.5076    34.8191    34.8201    26.1291    26.1297     0.0346      1.055      0.414 0.0000e+00
    420.047      10082    106.681 -106.13462   20.41082    106.000    13.6142    13.6147   4.141679   4.141829 2.1390e-01    12.3683     4.5408 5.0671e-02          0     4.5408     0.0713     0.5079     0.0000     4.6364     0.0000     0.0049     0.0000     0.5076    34.8193    34.8203    26.1309    26.1316     0.0349      1.062      0.416 0.0000e+00
    420.989      10105    107.688 -106.13462   20.41082    107.000    13.6008    13.6010   4.140439   4.140587 2.0971e-01    12.3678     4.5413 5.0671e-02          0     4.5413     0.0699     0.5080     0.0000     4.6357     0.0000     0.0049     0.0000     0.5077    34.8194    34.8206    26.1338    26.1347     0.0348      1.060      0.415 0.0000e+00
    421.858      10126    108.695 -106.13462   20.41082    108.000    13.5723    13.5722   4.137827   4.137949 1.9770e-01    12.3688     4.5402 5.0671e-02          0     4.5402     0.0659     0.5079     0.0000     4.6357     0.0000     0.0049     0.0000     0.5076    34.8204    34.8217    26.1405    26.1415     0.0350      1.067      0.418 0.0000e+00
    422.812      10148    109.702 -106.13462   20.41082    109.000    13.5369    13.5368   4.134590   4.134712 1.9063e-01    12.3666     4.5426 5.0671e-02          0     4.5426     0.0636     0.5080     0.0000     4.6360     0.0000     0.0049     0.0000     0.5077    34.8218    34.8231    26.1489    26.1499     0.0350      1.065      0.417 0.0000e+00
    424.111      10180    110.708 -106.13462   20.41082    110.000    13.5209    13.5218   4.133213   4.133415 1.9232e-01    12.3662     4.5431 5.0671e-02          0     4.5431     0.0641     0.5079     0.0000     4.6367     0.0000     0.0049     0.0000     0.5076    34.8230    34.8241    26.1532    26.1538     0.0347      1.057      0.414 0.0000e+00
    425.630      10216    111.715 -106.13462   20.41082    111.000    13.5115    13.5122   4.132378   4.132578 1.8511e-01    12.3671     4.5420 5.0671e-02          0     4.5420     0.0617     0.5079     0.0000     4.6370     0.0000     0.0049     0.0000     0.5076    34.8233    34.8246    26.1553    26.1562     0.0348      1.058      0.414 0.0000e+00
    426.823      10245    112.722 -106.13462   20.41082    112.000    13.4911    13.4908   4.130489   4.130612 1.7041e-01    12.3654     4.5440 5.0671e-02          0     4.5440     0.0568     0.5079     0.0000     4.6372     0.0000     0.0049     0.0000     0.5076    34.8237    34.8251    26.1599    26.1610     0.0348      1.059      0.414 0.0000e+00
    427.782      10268    113.728 -106.13462   20.41082    113.000    13.4786    13.4791   4.129435   4.129598 1.6247e-01    12.3655     4.5440 5.0671e-02          0     4.5440     0.0541     0.5079     0.0000     4.6366     0.0000     0.0049     0.0000     0.5076    34.8248    34.8258    26.1633    26.1640     0.0348      1.059      0.414 0.0000e+00
    428.673      10289    114.735 -106.13462   20.41082    114.000    13.4687    13.4695   4.128522   4.128736 1.5796e-01    12.3656     4.5439 5.0671e-02          0     4.5439     0.0526     0.5079     0.0000     4.6370     0.0000     0.0049     0.0000     0.5076    34.8248    34.8261    26.1653    26.1662     0.0350      1.065      0.416 0.0000e+00
    429.598      10311    115.742 -106.13462   20.41082    115.000    13.4333    13.4320   4.125093   4.125119 1.4634e-01    12.3651     4.5444 5.0671e-02          0     4.5444     0.0488     0.5080     0.0000     4.6374     0.0000     0.0049     0.0000     0.5077    34.8244    34.8257    26.1723    26.1736     0.0351      1.068      0.417 0.0000e+00
    430.581      10335    116.749 -106.13462   20.41082    116.000    13.3861    13.3862   4.120845   4.120991 1.3124e-01    12.3642     4.5455 5.0671e-02          0     4.5455     0.0438     0.5079     0.0000     4.6374     0.0000     0.0049     0.0000     0.5076    34.8269    34.8283    26.1839    26.1849     0.0347      1.055      0.412 0.0000e+00
    431.609      10360    117.755 -106.13461   20.41082    117.000    13.3654    13.3656   4.118978   4.119116 1.2158e-01    12.3647     4.5449 5.0671e-02          0     4.5449     0.0405     0.5079     0.0000     4.6376     0.0000     0.0049     0.0000     0.5076    34.8278    34.8290    26.1889    26.1897     0.0349      1.063      0.415 0.0000e+00
    432.681      10385    118.762 -106.13461   20.41082    118.000    13.3495    13.3497   4.117486   4.117635 1.1851e-01    12.3643     4.5454 5.0671e-02          0     4.5454     0.0395     0.5079     0.0000     4.6376     0.0000     0.0049     0.0000     0.5076    34.8279    34.8290    26.1922    26.1930     0.0348      1.061      0.414 0.0000e+00
    433.845      10413    119.769 -106.13462   20.41082    119.000    13.3420    13.3424   4.116839   4.117002 1.1733e-01    12.3639     4.5458 5.0671e-02          0     4.5458     0.0391     0.5079     0.0000     4.6382     0.0000     0.0049     0.0000     0.5076    34.8281    34.8293    26.1940    26.1947     0.0346      1.055      0.411 0.0000e+00
    435.127      10444    120.776 -106.13462   20.41082    120.000    13.3403    13.3412   4.116737   4.116947 1.1769e-01    12.3646     4.5450 5.0671e-02          0     4.5450     0.0393     0.5079     0.0000     4.6385     0.0000     0.0049     0.0000     0.5076    34.8283    34.8295    26.1945    26.1952     0.0351      1.068      0.417 0.0000e+00
    436.367      10474    121.782 -106.13462   20.41082    121.000    13.3376    13.3382   4.116525   4.116705 1.1722e-01    12.3642     4.5454 5.0671e-02          0     4.5454     0.0391     0.5079     0.0000     4.6386     0.0000     0.0049     0.0000     0.5076    34.8283    34.8295    26.1950    26.1959     0.0345      1.051      0.410 0.0000e+00
    437.423      10499    122.789 -106.13462   20.41082    122.000    13.3290    13.3294   4.115759   4.115926 1.1481e-01    12.3641     4.5455 5.0671e-02          0     4.5455     0.0383     0.5078     0.0000     4.6385     0.0000     0.0049     0.0000     0.5075    34.8286    34.8298    26.1970    26.1979     0.0349      1.064      0.415 0.0000e+00
    438.329      10521    123.796 -106.13462   20.41082    123.000    13.3134    13.3133   4.114245   4.114380 1.1017e-01    12.3642     4.5455 5.0671e-02          0     4.5455     0.0367     0.5079     0.0000     4.6376     0.0000     0.0049     0.0000     0.5076    34.8281    34.8294    26.1999    26.2009     0.0351      1.068      0.416 0.0000e+00
    439.153      10541    124.803 -106.13462   20.41082    124.000    13.2909    13.2913   4.112151   4.112328 1.0619e-01    12.3636     4.5461 5.0671e-02          0     4.5461     0.0354     0.5079     0.0000     4.6378     0.0000     0.0049     0.0000     0.5076    34.8284    34.8298    26.2047    26.2057     0.0350      1.065      0.415 0.0000e+00
    439.980      10561    125.810 -106.13462   20.41082    125.000    13.2783    13.2787   4.110966   4.111132 1.0586e-01    12.3641     4.5456 5.0671e-02          0     4.5456     0.0353     0.5079     0.0000     4.6384     0.0000     0.0049     0.0000     0.5076    34.8283    34.8295    26.2072    26.2080     0.0350      1.066      0.415 0.0000e+00
    440.907      10583    126.816 -106.13462   20.41082    126.000    13.2663    13.2665   4.109785   4.109933 1.0593e-01    12.3638     4.5459 5.0671e-02          0     4.5459     0.0353     0.5079     0.0000     4.6386     0.0000     0.0049     0.0000     0.5076    34.8277    34.8289    26.2092    26.2101     0.0350      1.066      0.415 0.0000e+00
    442.087      10611    127.823 -106.13462   20.41082    127.000    13.2516    13.2520   4.108393   4.108566 1.0552e-01    12.3645     4.5451 5.0671e-02          0     4.5451     0.0352     0.5079     0.0000     4.6387     0.0000     0.0049     0.0000     0.5076    34.8276    34.8288    26.2121    26.2130     0.0350      1.066      0.415 0.0000e+00
    443.390      10642    128.830 -106.13462   20.41080    128.000    13.2320    13.2326   4.106617   4.106819 1.0229e-01    12.3641     4.5456 5.0671e-02          0     4.5456     0.0341     0.5079     0.0000     4.6392     0.0000     0.0049     0.0000     0.5076    34.8283    34.8296    26.2166    26.2176     0.0350      1.067      0.415 0.0000e+00
    444.486      10669    129.837 -106.13462   20.41080    129.000    13.2171    13.2173   4.105332   4.105482 1.1114e-01    12.3632     4.5466 5.0671e-02          0     4.5466     0.0371     0.5079     0.0000     4.6393     0.0000     0.0049     0.0000     0.5076    34.8293    34.8306    26.2205    26.2214     0.0348      1.060      0.413 0.0000e+00
    445.449      10692    130.844 -106.13462   20.41080    130.000    13.1959    13.1965   4.103228   4.103417 9.6229e-02    12.3631     4.5467 5.0671e-02          0     4.5467     0.0320     0.5078     0.0000     4.6396     0.0000     0.0049     0.0000     0.5075    34.8284    34.8296    26.2241    26.2249     0.0351      1.068      0.415 0.0000e+00
    446.454      10716    131.850 -106.13462   20.41080    131.000    13.1639    13.1638   4.099932   4.100064 9.1956e-02    12.3625     4.5473 5.0671e-02          0     4.5473     0.0306     0.5079     0.0000     4.6397     0.0000     0.0049     0.0000     0.5076    34.8260    34.8274    26.2288    26.2298     0.0351      1.071      0.416 0.0000e+00
    447.675      10745    132.857 -106.13462   20.41080    132.000    13.1323    13.1326   4.096779   4.096970 9.2031e-02    12.3629     4.5469 5.0671e-02          0     4.5469     0.0306     0.5079     0.0000     4.6397     0.0000     0.0049     0.0000     0.5076    34.8247    34.8261    26.2341    26.2352     0.0350      1.065      0.413 0.0000e+00
    449.050      10778    133.864 -106.13462   20.41080    133.000    13.1127    13.1132   4.094841   4.095045 9.1331e-02    12.3627     4.5471 5.0671e-02          0     4.5471     0.0304     0.5079     0.0000     4.6398     0.0000     0.0049     0.0000     0.5076    34.8238    34.8253    26.2374    26.2385     0.0352      1.072      0.416 0.0000e+00
    450.226      10806    134.871 -106.13462   20.41080    134.000    13.0874    13.0874   4.092293   4.092460 8.9348e-02    12.3632     4.5466 5.0671e-02          0     4.5466     0.0298     0.5079     0.0000     4.6398     0.0000     0.0049     0.0000     0.5076    34.8224    34.8239    26.2414    26.2426     0.0352      1.071      0.416 0.0000e+00
    451.216      10830    135.878 -106.13462   20.41080    135.000    13.0461    13.0464   4.088424   4.088584 8.8221e-02    12.3617     4.5483 5.0671e-02          0     4.5483     0.0294     0.5079     0.0000     4.6397     0.0000     0.0049     0.0000     0.5076    34.8230    34.8243    26.2503    26.2512     0.0351      1.069      0.415 0.0000e+00
