data/ctd-cnv/RR1804/RR1803-St33-P1/Station33_cast71.cnv
* Sea-Bird SBE 9 Data File:
* FileName = C:\CTD\RR1805\Station33_cast71.hex
* Software Version Seasave V 7.26.6.26
* Temperature SN = 4307
* Conductivity SN = 4650
* Number of Bytes Per Scan = 44
* Number of Voltage Words = 5
* Number of Scans Averaged by the Deck Unit = 1
* NMEA Latitude = 20 29.07 N
* NMEA Longitude = 106 11.47 W
* NMEA UTC (Time) = Apr 27 2018 00:01:50
** Ship: Revell
** Station: 33
** Operator: GR
** Station P1 Cast 71 Diel
# nquan = 32
# nvalues = 702                         
# units = specified
# name 0 = timeS: Time, Elapsed [seconds]
# name 1 = scan: Scan Count
# name 2 = prDM: Pressure, Digiquartz [db]
# name 3 = longitude: Longitude [deg]
# name 4 = latitude: Latitude [deg]
# name 5 = depSM: Depth [salt water, m]
# name 6 = t090C: Temperature [ITS-90, deg C]
# name 7 = t190C: Temperature, 2 [ITS-90, deg C]
# name 8 = c0S/m: Conductivity [S/m]
# name 9 = c1S/m: Conductivity, 2 [S/m]
# name 10 = flSP: Fluorescence, Seapoint
# name 11 = CStarAt0: Beam Attenuation, WET Labs C-Star [1/m]
# name 12 = CStarTr0: Beam Transmission, WET Labs C-Star [%]
# name 13 = par: PAR/Irradiance, Biospherical/Licor
# name 14 = modError: Modulo Error Count
# name 15 = v0: Voltage 0
# name 16 = v1: Voltage 1
# name 17 = v2: Voltage 2
# name 18 = v3: Voltage 3
# name 19 = v4: Voltage 4
# name 20 = v5: Voltage 5
# name 21 = v6: Voltage 6
# name 22 = v7: Voltage 7
# name 23 = sbeox0V: Oxygen raw, SBE 43 [V]
# name 24 = sal00: Salinity, Practical [PSU]
# name 25 = sal11: Salinity, Practical, 2 [PSU]
# name 26 = sigma-é00: Density [sigma-theta, kg/m^3]
# name 27 = sigma-é11: Density, 2 [sigma-theta, kg/m^3]
# name 28 = sbeox0Mg/L: Oxygen, SBE 43 [mg/l], WS = 2
# name 29 = sbox0Mm/Kg: Oxygen, SBE 43 [umol/kg], WS = 2
# name 30 = sbeox0PS: Oxygen, SBE 43 [% saturation], WS = 2
# name 31 = flag: flag
# span 0 =     28.661,   1113.767       
# span 1 =        689,      26731       
# span 2 =      1.006,    707.540       
# span 3 = -106.19122, -106.19116       
# span 4 =   20.48462,   20.48470       
# span 5 =      1.000,    702.000       
# span 6 =     6.3292,    25.9071       
# span 7 =     6.3280,    25.8857       
# span 8 =   3.455325,   5.341131       
# span 9 =   3.455313,   5.344914       
# span 10 = 7.2845e-02, 1.8771e+00      
# span 11 =    11.8044,    15.5269      
# span 12 =     3.9919,     4.5748      
# span 13 = 5.0012e-02, 1.3295e+02      
# span 14 =          0,          0      
# span 15 =     3.9919,     4.5748      
# span 16 =     0.0243,     0.6257      
# span 17 =     0.5053,     2.8806      
# span 18 =     0.0000,     0.0001      
# span 19 =     2.1624,     4.9244      
# span 20 =     0.0000,     0.0000      
# span 21 =    -0.0005,     3.2790      
# span 22 =     0.0000,     0.0000      
# span 23 =     0.5050,     2.8806      
# span 24 =    34.4994,    34.8143      
# span 25 =    34.4633,    34.8157      
# span 26 =    22.7271,    27.1387      
# span 27 =    22.6640,    27.1398      
# span 28 =     0.0283,     6.9516      
# span 29 =      0.861,    212.378      
# span 30 =      0.302,    103.706      
# span 31 = 0.0000e+00, 0.0000e+00      
# interval = meters: 1                  
# start_time = Apr 27 2018 00:01:47 [System UTC, first data scan.]
# bad_flag = -9.990e-29
*END*
[from data line 408]
    753.662      18089    411.935 -106.19118   20.48462    409.000     9.5259     9.5256   3.747315   3.747495 7.6615e-02    12.3468     4.5653 5.0790e-02          0     4.5653     0.0255     0.5056     0.0000     2.1624     0.0000     0.0059     0.0000     0.5053    34.6354    34.6375    26.7547    26.7563     0.0297      0.904      0.325 0.0000e+00
    754.897      18119    412.943 -106.19118   20.48463    410.000     9.5204     9.5204   3.746855   3.747025 7.6076e-02    12.3483     4.5635 5.0671e-02          0     4.5635     0.0253     0.5057     0.0000     4.6752     0.0000     0.0049     0.0000     0.5054    34.6354    34.6372    26.7556    26.7570     0.0307      0.935      0.336 0.0000e+00
    755.928      18143    413.951 -106.19118   20.48464    411.000     9.5141     9.5143   3.746251   3.746489 7.6613e-02    12.3472     4.5647 5.0671e-02          0     4.5647     0.0255     0.5057     0.0000     4.6698     0.0000     0.0049     0.0000     0.5054    34.6348    34.6371    26.7562    26.7579     0.0302      0.919      0.330 0.0000e+00
    756.864      18166    414.960 -106.19118   20.48464    412.000     9.5066     9.5059   3.745551   3.745718 7.5712e-02    12.3467     4.5654 5.0671e-02          0     4.5654     0.0252     0.5057     0.0000     4.6695     0.0000     0.0049     0.0000     0.5054    34.6344    34.6367    26.7571    26.7590     0.0314      0.957      0.344 0.0000e+00
    757.786      18188    415.968 -106.19119   20.48464    413.000     9.4990     9.4986   3.744849   3.745027 7.6282e-02    12.3486     4.5632 5.0671e-02          0     4.5632     0.0254     0.5060     0.0000     4.6691     0.0000     0.0049     0.0000     0.5057    34.6340    34.6362    26.7581    26.7598     0.0310      0.943      0.339 0.0000e+00
    758.737      18211    416.976 -106.19120   20.48464    414.000     9.4868     9.4857   3.743649   3.743788 7.6089e-02    12.3467     4.5654 5.0671e-02          0     4.5654     0.0253     0.5056     0.0000     4.6687     0.0000     0.0049     0.0000     0.5053    34.6329    34.6353    26.7593    26.7613     0.0294      0.893      0.321 0.0000e+00
    759.718      18234    417.984 -106.19120   20.48464    415.000     9.4717     9.4708   3.742214   3.742369 7.6931e-02    12.3465     4.5655 5.0671e-02          0     4.5655     0.0256     0.5059     0.0000     4.6690     0.0000     0.0049     0.0000     0.5056    34.6322    34.6347    26.7612    26.7633     0.0331      1.007      0.362 0.0000e+00
    760.709      18258    418.993 -106.19120   20.48464    416.000     9.4420     9.4391   3.739130   3.739219 7.5329e-02    12.3471     4.5648 5.0671e-02          0     4.5648     0.0251     0.5058     0.0000     4.6705     0.0000     0.0049     0.0000     0.5055    34.6285    34.6322    26.7632    26.7666     0.0297      0.905      0.325 0.0000e+00
    761.654      18281    420.001 -106.19120   20.48464    417.000     9.4056     9.4047   3.735769   3.735933 7.6265e-02    12.3473     4.5646 5.0671e-02          0     4.5646     0.0254     0.5058     0.0000     4.6704     0.0000     0.0049     0.0000     0.5055    34.6284    34.6310    26.7691    26.7712     0.0301      0.917      0.329 0.0000e+00
    762.542      18302    421.009 -106.19120   20.48464    418.000     9.3976     9.3974   3.735058   3.735243 7.6749e-02    12.3471     4.5648 5.0671e-02          0     4.5648     0.0255     0.5057     0.0000     4.6716     0.0000     0.0049     0.0000     0.5054    34.6283    34.6304    26.7704    26.7720     0.0306      0.930      0.334 0.0000e+00
    763.377      18322    422.017 -106.19118   20.48464    419.000     9.3924     9.3925   3.734632   3.734814 7.6510e-02    12.3470     4.5650 5.0671e-02          0     4.5650     0.0255     0.5058     0.0000     4.6728     0.0000     0.0049     0.0000     0.5055    34.6284    34.6302    26.7713    26.7727     0.0314      0.954      0.342 0.0000e+00
    764.166      18341    423.026 -106.19118   20.48464    420.000     9.3894     9.3893   3.734353   3.734548 8.8014e-02    12.3474     4.5645 5.0671e-02          0     4.5645     0.0293     0.5058     0.0000     4.6730     0.0000     0.0049     0.0000     0.5055    34.6280    34.6301    26.7715    26.7731     0.0293      0.892      0.320 0.0000e+00
    764.959      18360    424.034 -106.19118   20.48464    421.000     9.3829     9.3825   3.733737   3.733900 7.6336e-02    12.3481     4.5638 5.0671e-02          0     4.5638     0.0254     0.5056     0.0000     4.6729     0.0000     0.0049     0.0000     0.5053    34.6275    34.6296    26.7721    26.7738     0.0302      0.920      0.330 0.0000e+00
    765.812      18380    425.042 -106.19118   20.48464    422.000     9.3757     9.3750   3.733085   3.733224 7.6590e-02    12.3475     4.5644 5.0671e-02          0     4.5644     0.0255     0.5059     0.0000     4.6731     0.0000     0.0049     0.0000     0.5056    34.6272    34.6293    26.7732    26.7749     0.0316      0.962      0.345 0.0000e+00
    766.805      18404    426.050 -106.19118   20.48464    423.000     9.3698     9.3694   3.732575   3.732710 7.7060e-02    12.3477     4.5641 5.0671e-02          0     4.5641     0.0257     0.5056     0.0000     4.6734     0.0000     0.0049     0.0000     0.5053    34.6271    34.6290    26.7740    26.7755     0.0290      0.881      0.316 0.0000e+00
    767.992      18433    427.059 -106.19118   20.48464    424.000     9.3597     9.3593   3.731598   3.731758 7.6815e-02    12.3478     4.5641 5.0671e-02          0     4.5641     0.0256     0.5056     0.0000     4.6733     0.0000     0.0049     0.0000     0.5053    34.6263    34.6284    26.7751    26.7768     0.0302      0.919      0.329 0.0000e+00
    769.463      18468    428.067 -106.19118   20.48464    425.000     9.3468     9.3466   3.730371   3.730559 7.7286e-02    12.3482     4.5636 5.0671e-02          0     4.5636     0.0257     0.5056     0.0000     4.6727     0.0000     0.0049     0.0000     0.5053    34.6256    34.6278    26.7767    26.7784     0.0293      0.893      0.320 0.0000e+00
    771.159      18509    429.075 -106.19118   20.48464    426.000     9.3365     9.3362   3.729399   3.729576 7.6810e-02    12.3477     4.5641 5.0671e-02          0     4.5641     0.0256     0.5056     0.0000     4.6727     0.0000     0.0049     0.0000     0.5053    34.6250    34.6271    26.7779    26.7796     0.0309      0.941      0.337 0.0000e+00
    772.525      18542    430.083 -106.19118   20.48466    427.000     9.3216     9.3208   3.727950   3.728101 7.6928e-02    12.3469     4.5651 5.0671e-02          0     4.5651     0.0256     0.5057     0.0000     4.6726     0.0000     0.0049     0.0000     0.5054    34.6240    34.6263    26.7795    26.7814     0.0300      0.913      0.327 0.0000e+00
    773.509      18565    431.092 -106.19120   20.48466    428.000     9.3053     9.3037   3.726293   3.726423 7.5640e-02    12.3488     4.5630 5.0671e-02          0     4.5630     0.0252     0.5057     0.0000     4.6717     0.0000     0.0049     0.0000     0.5054    34.6221    34.6250    26.7807    26.7832     0.0315      0.959      0.343 0.0000e+00
    774.318      18585    432.100 -106.19120   20.48466    429.000     9.2802     9.2788   3.723876   3.724034 7.6562e-02    12.3477     4.5642 5.0671e-02          0     4.5642     0.0255     0.5057     0.0000     4.6706     0.0000     0.0049     0.0000     0.5054    34.6209    34.6238    26.7838    26.7863     0.0320      0.974      0.348 0.0000e+00
    775.043      18602    433.108 -106.19120   20.48466    430.000     9.2613     9.2604   3.722122   3.722279 7.6913e-02    12.3485     4.5633 5.0671e-02          0     4.5633     0.0256     0.5060     0.0000     4.6697     0.0000     0.0049     0.0000     0.5058    34.6204    34.6230    26.7866    26.7887     0.0331      1.007      0.360 0.0000e+00
    775.733      18619    434.116 -106.19120   20.48466    431.000     9.2331     9.2304   3.719220   3.719333 7.7177e-02    12.3472     4.5647 5.0671e-02          0     4.5647     0.0257     0.5060     0.0000     4.6680     0.0000     0.0049     0.0000     0.5057    34.6172    34.6209    26.7886    26.7919     0.0299      0.910      0.325 0.0000e+00
    776.412      18635    435.125 -106.19120   20.48466    432.000     9.2062     9.2051   3.716851   3.717005 7.6501e-02    12.3469     4.5650 5.0671e-02          0     4.5650     0.0255     0.5056     0.0000     4.6667     0.0000     0.0049     0.0000     0.5053    34.6181    34.6207    26.7936    26.7959     0.0289      0.880      0.314 0.0000e+00
    777.098      18651    436.133 -106.19120   20.48466    433.000     9.1952     9.1947   3.715850   3.716023 7.7115e-02    12.3470     4.5650 5.0671e-02          0     4.5650     0.0257     0.5058     0.0000     4.6688     0.0000     0.0049     0.0000     0.5056    34.6178    34.6201    26.7953    26.7972     0.0308      0.937      0.334 0.0000e+00
    777.808      18668    437.141 -106.19120   20.48466    434.000     9.1856     9.1854   3.714973   3.715169 7.6931e-02    12.3468     4.5652 5.0671e-02          0     4.5652     0.0256     0.5056     0.0000     4.6691     0.0000     0.0049     0.0000     0.5053    34.6176    34.6198    26.7967    26.7984     0.0300      0.914      0.326 0.0000e+00
    778.570      18687    438.150 -106.19120   20.48466    435.000     9.1785     9.1781   3.714301   3.714482 7.5690e-02    12.3467     4.5653 5.0671e-02          0     4.5653     0.0252     0.5058     0.0000     4.6697     0.0000     0.0049     0.0000     0.5055    34.6170    34.6193    26.7974    26.7992     0.0308      0.937      0.334 0.0000e+00
    779.418      18707    439.158 -106.19120   20.48466    436.000     9.1712     9.1710   3.713661   3.713836 7.6925e-02    12.3466     4.5654 5.0671e-02          0     4.5654     0.0256     0.5056     0.0000     4.6695     0.0000     0.0049     0.0000     0.5053    34.6170    34.6189    26.7985    26.8001     0.0289      0.878      0.313 0.0000e+00
    780.499      18733    440.166 -106.19120   20.48466    437.000     9.1591     9.1587   3.712525   3.712707 7.6205e-02    12.3462     4.5659 5.0671e-02          0     4.5659     0.0254     0.5056     0.0000     4.6689     0.0000     0.0049     0.0000     0.5053    34.6164    34.6187    26.8000    26.8019     0.0305      0.928      0.331 0.0000e+00
    782.253      18775    441.174 -106.19120   20.48466    438.000     9.1450     9.1456   3.711259   3.711551 7.6149e-02    12.3469     4.5651 5.0671e-02          0     4.5651     0.0253     0.5057     0.0000     4.6655     0.0000     0.0049     0.0000     0.5054    34.6164    34.6188    26.8023    26.8041     0.0310      0.942      0.336 0.0000e+00
    784.387      18826    442.183 -106.19120   20.48466    439.000     9.1189     9.1207   3.708714   3.709177 7.6415e-02    12.3471     4.5649 5.0671e-02          0     4.5649     0.0254     0.5056     0.0000     4.6680     0.0000     0.0049     0.0000     0.5054    34.6148    34.6178    26.8052    26.8073     0.0300      0.915      0.326 0.0000e+00
    785.779      18860    443.191 -106.19120   20.48466    440.000     9.0988     9.0988   3.706823   3.707072 7.6264e-02    12.3463     4.5658 5.0671e-02          0     4.5658     0.0254     0.5057     0.0000     4.6690     0.0000     0.0049     0.0000     0.5054    34.6140    34.6166    26.8079    26.8099     0.0316      0.962      0.343 0.0000e+00
    786.765      18883    444.199 -106.19120   20.48466    441.000     9.0840     9.0811   3.705353   3.705346 7.6757e-02    12.3463     4.5658 5.0671e-02          0     4.5658     0.0255     0.5058     0.0000     4.6699     0.0000     0.0049     0.0000     0.5055    34.6126    34.6154    26.8092    26.8118     0.0308      0.938      0.334 0.0000e+00
    787.565      18903    445.208 -106.19120   20.48466    442.000     9.0641     9.0627   3.703489   3.703615 7.6924e-02    12.3475     4.5645 5.0671e-02          0     4.5645     0.0256     0.5056     0.0000     4.6706     0.0000     0.0049     0.0000     0.5053    34.6120    34.6147    26.8119    26.8143     0.0296      0.902      0.321 0.0000e+00
    788.287      18920    446.216 -106.19120   20.48468    443.000     9.0588     9.0598   3.703171   3.703400 7.6923e-02    12.3508     4.5607 5.0671e-02          0     4.5607     0.0256     0.5056     0.0000     4.6715     0.0000     0.0049     0.0000     0.5053    34.6133    34.6148    26.8138    26.8148     0.0304      0.925      0.329 0.0000e+00
    788.958      18936    447.225 -106.19120   20.48468    444.000     9.0516     9.0520   3.702354   3.702654 7.6923e-02    12.3467     4.5653 5.0671e-02          0     4.5653     0.0256     0.5058     0.0000     4.6695     0.0000     0.0049     0.0000     0.5056    34.6114    34.6141    26.8134    26.8155     0.0311      0.947      0.337 0.0000e+00
    789.608      18952    448.233 -106.19120   20.48468    445.000     9.0401     9.0401   3.701369   3.701579 7.7946e-02    12.3471     4.5648 5.0671e-02          0     4.5648     0.0260     0.5056     0.0000     4.6643     0.0000     0.0049     0.0000     0.5053    34.6118    34.6140    26.8156    26.8174     0.0305      0.927      0.330 0.0000e+00
    790.281      18968    449.241 -106.19120   20.48468    446.000     9.0366     9.0364   3.701116   3.701270 7.6908e-02    12.3466     4.5655 5.0671e-02          0     4.5655     0.0256     0.5056     0.0000     4.6655     0.0000     0.0049     0.0000     0.5053    34.6121    34.6139    26.8164    26.8178     0.0304      0.925      0.329 0.0000e+00
    790.980      18985    450.249 -106.19120   20.48468    447.000     9.0288     9.0284   3.700327   3.700495 7.6310e-02    12.3465     4.5656 5.0671e-02          0     4.5656     0.0254     0.5056     0.0000     4.6686     0.0000     0.0049     0.0000     0.5053    34.6109    34.6132    26.8168    26.8186     0.0291      0.886      0.315 0.0000e+00
    791.750      19003    451.258 -106.19120   20.48468    448.000     9.0198     9.0202   3.699528   3.699778 7.6923e-02    12.3458     4.5664 5.0671e-02          0     4.5664     0.0256     0.5055     0.0000     4.6699     0.0000     0.0049     0.0000     0.5052    34.6109    34.6131    26.8182    26.8199     0.0297      0.904      0.321 0.0000e+00
    792.653      19025    452.266 -106.19120   20.48468    449.000     9.0130     9.0126   3.698892   3.699062 7.6615e-02    12.3461     4.5660 5.0671e-02          0     4.5660     0.0255     0.5056     0.0000     4.6711     0.0000     0.0049     0.0000     0.5053    34.6104    34.6125    26.8189    26.8207     0.0315      0.958      0.340 0.0000e+00
    793.756      19051    453.275 -106.19120   20.48468    450.000     9.0056     9.0054   3.698238   3.698401 7.6671e-02    12.3459     4.5662 5.0671e-02          0     4.5662     0.0255     0.5057     0.0000     4.6719     0.0000     0.0049     0.0000     0.5054    34.6103    34.6122    26.8201    26.8215     0.0303      0.923      0.328 0.0000e+00
    795.028      19082    454.283 -106.19120   20.48468    451.000     8.9997     8.9989   3.697667   3.697801 7.6234e-02    12.3461     4.5660 5.0671e-02          0     4.5660     0.0254     0.5056     0.0000     4.6724     0.0000     0.0049     0.0000     0.5053    34.6096    34.6118    26.8204    26.8223     0.0299      0.908      0.323 0.0000e+00
    796.361      19114    455.291 -106.19120   20.48468    452.000     8.9902     8.9906   3.696814   3.697054 7.7130e-02    12.3461     4.5660 5.0671e-02          0     4.5660     0.0257     0.5056     0.0000     4.6727     0.0000     0.0049     0.0000     0.5053    34.6094    34.6115    26.8218    26.8234     0.0304      0.926      0.329 0.0000e+00
    797.811      19148    456.300 -106.19120   20.48466    453.000     8.9874     8.9877   3.696610   3.696812 7.5806e-02    12.3460     4.5661 5.0671e-02          0     4.5661     0.0252     0.5056     0.0000     4.6738     0.0000     0.0049     0.0000     0.5053    34.6096    34.6114    26.8224    26.8237     0.0303      0.922      0.328 0.0000e+00
