data/ctd-cnv/RR1804/RR1803-St33-P1/Station33_cast70.cnv
* Sea-Bird SBE 9 Data File:
* FileName = C:\CTD\RR1805\Station33_cast70.hex
* Software Version Seasave V 7.26.6.26
* Temperature SN = 4307
* Conductivity SN = 4650
* Number of Bytes Per Scan = 44
* Number of Voltage Words = 5
* Number of Scans Averaged by the Deck Unit = 1
* NMEA Latitude = 20 27.24 N
* NMEA Longitude = 106 09.98 W
* NMEA UTC (Time) = Apr 26 2018 18:56:09
** Ship: Revell
** Station: 33
** Operator: GR
** Station P1 Cast 70 Diel
# nquan = 32
# nvalues = 202                         
# units = specified
# name 0 = timeS: Time, Elapsed [seconds]
# name 1 = scan: Scan Count
# name 2 = prDM: Pressure, Digiquartz [db]
# name 3 = longitude: Longitude [deg]
# name 4 = latitude: Latitude [deg]
# name 5 = depSM: Depth [salt water, m]
# name 6 = t090C: Temperature [ITS-90, deg C]
# name 7 = t190C: Temperature, 2 [ITS-90, deg C]
# name 8 = c0S/m: Conductivity [S/m]
# name 9 = c1S/m: Conductivity, 2 [S/m]
# name 10 = flSP: Fluorescence, Seapoint
# name 11 = CStarAt0: Beam Attenuation, WET Labs C-Star [1/m]
# name 12 = CStarTr0: Beam Transmission, WET Labs C-Star [%]
# name 13 = par: PAR/Irradiance, Biospherical/Licor
# name 14 = modError: Modulo Error Count
# name 15 = v0: Voltage 0
# name 16 = v1: Voltage 1
# name 17 = v2: Voltage 2
# name 18 = v3: Voltage 3
# name 19 = v4: Voltage 4
# name 20 = v5: Voltage 5
# name 21 = v6: Voltage 6
# name 22 = v7: Voltage 7
# name 23 = sbeox0V: Oxygen raw, SBE 43 [V]
# name 24 = sal00: Salinity, Practical [PSU]
# name 25 = sal11: Salinity, Practical, 2 [PSU]
# name 26 = sigma-é00: Density [sigma-theta, kg/m^3]
# name 27 = sigma-é11: Density, 2 [sigma-theta, kg/m^3]
# name 28 = sbeox0Mg/L: Oxygen, SBE 43 [mg/l], WS = 2
# name 29 = sbox0Mm/Kg: Oxygen, SBE 43 [umol/kg], WS = 2
# name 30 = sbeox0PS: Oxygen, SBE 43 [% saturation], WS = 2
# name 31 = flag: flag
# span 0 =     -3.620,    594.755       
# span 1 =        -86,      14275       
# span 2 =      1.006,    203.347       
# span 3 = -106.16634, -106.16628       
# span 4 =   20.45411,   20.45416       
# span 5 =      1.000,    202.000       
# span 6 =    12.1552,    25.9475       
# span 7 =    12.1565,    25.9437       
# span 8 =   4.002196,   5.360931       
# span 9 =   4.002477,   5.360333       
# span 10 = 7.3252e-02, 1.9117e+00      
# span 11 =    12.3575,    12.5960      
# span 12 =     4.2896,     4.5530      
# span 13 = 5.0671e-02, 2.1266e+03      
# span 14 =          0,          0      
# span 15 =     4.2896,     4.5530      
# span 16 =     0.0244,     0.6372      
# span 17 =     0.5054,     2.7465      
# span 18 =     0.0000,     0.0000      
# span 19 =     4.5069,     4.6535      
# span 20 =     0.0000,     0.0000      
# span 21 =     0.0049,     4.6500      
# span 22 =     0.0000,     0.0000      
# span 23 =     0.5051,     2.7465      
# span 24 =    34.5269,    34.8271      
# span 25 =    34.5324,    34.8286      
# span 26 =    22.8002,    26.4005      
# span 27 =    22.8003,    26.4014      
# span 28 =     0.0267,     6.6280      
# span 29 =      0.813,    202.472      
# span 30 =      0.309,     98.310      
# span 31 = 0.0000e+00, 0.0000e+00      
# interval = meters: 1                  
# start_time = Apr 26 2018 18:56:06 [System UTC, first data scan.]
# bad_flag = -9.990e-29
*END*
[from data line 91]
    309.608       7432     92.589 -106.16632   20.45414     92.000    14.1420    14.1419   4.189817   4.189861 6.2465e-01    12.3819     4.5254 1.3323e-01          0     4.5254     0.2082     0.5085     0.0000     4.6274     0.0000     0.4225     0.0000     0.5082    34.7961    34.7966    26.0025    26.0028     0.0358      1.091      0.432 0.0000e+00
    312.511       7501     93.595 -106.16632   20.45414     93.000    14.1015    14.1024   4.186069   4.186189 5.9198e-01    12.3806     4.5269 1.1981e-01          0     4.5269     0.1973     0.5082     0.0000     4.6278     0.0000     0.3764     0.0000     0.5079    34.7975    34.7978    26.0121    26.0122     0.0351      1.068      0.423 0.0000e+00
    315.054       7562     94.602 -106.16632   20.45414     94.000    14.0704    14.0707   4.183089   4.183218 5.6421e-01    12.3812     4.5261 1.1045e-01          0     4.5261     0.1881     0.5083     0.0000     4.6287     0.0000     0.3414     0.0000     0.5079    34.7975    34.7984    26.0187    26.0193     0.0360      1.095      0.433 0.0000e+00
    317.433       7619     95.609 -106.16632   20.45416     95.000    13.9996    13.9976   4.176248   4.176249 4.4611e-01    12.3780     4.5298 1.0183e-01          0     4.5298     0.1487     0.5084     0.0000     4.6291     0.0000     0.3061     0.0000     0.5081    34.7974    34.7992    26.0335    26.0353     0.0355      1.082      0.428 0.0000e+00
    319.093       7659     96.615 -106.16632   20.45416     96.000    13.9475    13.9473   4.171542   4.171611 3.6302e-01    12.3763     4.5317 9.9635e-02          0     4.5317     0.1210     0.5082     0.0000     4.6296     0.0000     0.2967     0.0000     0.5078    34.8003    34.8011    26.0467    26.0474     0.0347      1.057      0.417 0.0000e+00
    320.472       7692     97.622 -106.16630   20.45416     97.000    13.9380    13.9380   4.170670   4.170738 3.5632e-01    12.3750     4.5332 9.4391e-02          0     4.5332     0.1188     0.5080     0.0000     4.6300     0.0000     0.2733     0.0000     0.5077    34.8004    34.8010    26.0488    26.0493     0.0358      1.091      0.430 0.0000e+00
    321.764       7723     98.628 -106.16630   20.45415     98.000    13.9191    13.9185   4.169048   4.169112 3.5251e-01    12.3751     4.5330 8.8289e-02          0     4.5330     0.1175     0.5083     0.0000     4.6305     0.0000     0.2445     0.0000     0.5080    34.8019    34.8031    26.0539    26.0550     0.0355      1.080      0.426 0.0000e+00
    323.259       7759     99.635 -106.16630   20.45414     99.000    13.9048    13.9051   4.168015   4.168116 3.6493e-01    12.3770     4.5309 8.3498e-02          0     4.5309     0.1216     0.5080     0.0000     4.6313     0.0000     0.2203     0.0000     0.5077    34.8048    34.8055    26.0592    26.0597     0.0342      1.040      0.410 0.0000e+00
    328.310       7880    100.642 -106.16630   20.45414    100.000    13.9116    13.9146   4.168713   4.169024 4.1679e-01    12.3756     4.5324 7.6577e-02          0     4.5324     0.1389     0.5079     0.0000     4.6323     0.0000     0.1830     0.0000     0.5076    34.8048    34.8050    26.0578    26.0573     0.0347      1.057      0.417 0.0000e+00
    332.240       7975    101.648 -106.16630   20.45414    101.000    13.8820    13.8856   4.165975   4.166387 3.6060e-01    12.3767     4.5312 7.1356e-02          0     4.5312     0.1202     0.5080     0.0000     4.6327     0.0000     0.1523     0.0000     0.5077    34.8057    34.8063    26.0647    26.0644     0.0345      1.050      0.414 0.0000e+00
    338.389       8122    102.655 -106.16630   20.45414    102.000    13.8675    13.8707   4.164722   4.165122 3.5088e-01    12.3746     4.5336 7.1039e-02          0     4.5336     0.1170     0.5079     0.0000     4.6343     0.0000     0.1504     0.0000     0.5076    34.8067    34.8075    26.0685    26.0685     0.0345      1.048      0.414 0.0000e+00
    344.685       8273    103.662 -106.16630   20.45414    103.000    13.8309    13.8307   4.161173   4.161297 3.1139e-01    12.3731     4.5354 6.6958e-02          0     4.5354     0.1038     0.5079     0.0000     4.6352     0.0000     0.1249     0.0000     0.5076    34.8063    34.8077    26.0758    26.0770     0.0345      1.050      0.414 0.0000e+00
    345.992       8305    104.669 -106.16630   20.45414    104.000    13.7944    13.7933   4.157719   4.157809 2.8416e-01    12.3730     4.5354 6.7372e-02          0     4.5354     0.0947     0.5079     0.0000     4.6358     0.0000     0.1276     0.0000     0.5076    34.8066    34.8085    26.0838    26.0854     0.0345      1.051      0.414 0.0000e+00
    347.380       8338    105.675 -106.16630   20.45414    105.000    13.7671    13.7668   4.155324   4.155444 2.6978e-01    12.3716     4.5370 6.0275e-02          0     4.5370     0.0899     0.5079     0.0000     4.6360     0.0000     0.0796     0.0000     0.5076    34.8087    34.8101    26.0910    26.0922     0.0345      1.052      0.414 0.0000e+00
    348.739       8371    106.682 -106.16630   20.45414    106.000    13.7472    13.7468   4.153594   4.153704 2.9639e-01    12.3712     4.5374 5.8713e-02          0     4.5374     0.0988     0.5079     0.0000     4.6363     0.0000     0.0682     0.0000     0.5076    34.8101    34.8115    26.0963    26.0974     0.0346      1.053      0.414 0.0000e+00
    350.065       8403    107.688 -106.16630   20.45414    107.000    13.7267    13.7260   4.151733   4.151823 2.5865e-01    12.3711     4.5376 5.8853e-02          0     4.5376     0.0862     0.5079     0.0000     4.6369     0.0000     0.0691     0.0000     0.5076    34.8109    34.8123    26.1012    26.1025     0.0345      1.051      0.413 0.0000e+00
    351.281       8432    108.695 -106.16630   20.45414    108.000    13.7070    13.7062   4.150017   4.150138 2.4149e-01    12.3705     4.5383 5.5507e-02          0     4.5383     0.0805     0.5079     0.0000     4.6371     0.0000     0.0440     0.0000     0.5076    34.8122    34.8141    26.1064    26.1080     0.0343      1.045      0.410 0.0000e+00
    352.306       8456    109.702 -106.16630   20.45414    109.000    13.6808    13.6799   4.147700   4.147803 2.2603e-01    12.3699     4.5390 5.2297e-02          0     4.5390     0.0753     0.5079     0.0000     4.6362     0.0000     0.0182     0.0000     0.5076    34.8139    34.8158    26.1131    26.1147     0.0349      1.063      0.417 0.0000e+00
    353.158       8477    110.709 -106.16630   20.45414    110.000    13.6487    13.6474   4.144510   4.144581 2.0672e-01    12.3688     4.5402 5.1080e-02          0     4.5402     0.0689     0.5079     0.0000     4.6343     0.0000     0.0083     0.0000     0.5076    34.8128    34.8146    26.1189    26.1206     0.0347      1.055      0.414 0.0000e+00
    353.925       8495    111.715 -106.16630   20.45414    111.000    13.6114    13.6101   4.140833   4.140917 1.9321e-01    12.3690     4.5400 5.0720e-02          0     4.5400     0.0644     0.5079     0.0000     4.6360     0.0000     0.0053     0.0000     0.5076    34.8118    34.8138    26.1259    26.1277     0.0348      1.060      0.415 0.0000e+00
    354.663       8513    112.722 -106.16630   20.45414    112.000    13.5976    13.5979   4.139688   4.139845 1.8210e-01    12.3702     4.5386 5.0672e-02          0     4.5386     0.0607     0.5079     0.0000     4.6367     0.0000     0.0049     0.0000     0.5076    34.8132    34.8144    26.1298    26.1307     0.0352      1.071      0.420 0.0000e+00
    355.401       8531    113.729 -106.16630   20.45414    113.000    13.5883    13.5882   4.138735   4.138867 1.7649e-01    12.3691     4.5398 5.0671e-02          0     4.5398     0.0588     0.5080     0.0000     4.6379     0.0000     0.0049     0.0000     0.5077    34.8122    34.8136    26.1310    26.1321     0.0350      1.067      0.418 0.0000e+00
    356.224       8550    114.736 -106.16630   20.45414    114.000    13.5649    13.5629   4.136297   4.136325 1.7145e-01    12.3674     4.5418 5.0671e-02          0     4.5418     0.0571     0.5079     0.0000     4.6385     0.0000     0.0049     0.0000     0.5076    34.8102    34.8123    26.1343    26.1363     0.0344      1.048      0.410 0.0000e+00
    357.301       8576    115.742 -106.16630   20.45414    115.000    13.5160    13.5151   4.131794   4.131928 1.6594e-01    12.3669     4.5424 5.0671e-02          0     4.5424     0.0553     0.5079     0.0000     4.6386     0.0000     0.0049     0.0000     0.5076    34.8120    34.8141    26.1458    26.1475     0.0346      1.053      0.412 0.0000e+00
    358.893       8614    116.749 -106.16630   20.45414    116.000    13.4940    13.4945   4.129951   4.130131 1.7310e-01    12.3662     4.5431 5.0671e-02          0     4.5431     0.0577     0.5079     0.0000     4.6389     0.0000     0.0049     0.0000     0.5076    34.8143    34.8155    26.1521    26.1529     0.0348      1.061      0.415 0.0000e+00
    360.525       8654    117.756 -106.16630   20.45414    117.000    13.4534    13.4510   4.125975   4.126023 1.5075e-01    12.3661     4.5432 5.0671e-02          0     4.5432     0.0502     0.5079     0.0000     4.6394     0.0000     0.0049     0.0000     0.5076    34.8135    34.8161    26.1598    26.1623     0.0348      1.061      0.415 0.0000e+00
    361.664       8681    118.763 -106.16630   20.45414    118.000    13.4160    13.4151   4.122526   4.122648 1.4002e-01    12.3664     4.5429 5.0671e-02          0     4.5429     0.0467     0.5079     0.0000     4.6391     0.0000     0.0049     0.0000     0.5076    34.8147    34.8166    26.1684    26.1701     0.0348      1.057      0.413 0.0000e+00
    362.550       8702    119.769 -106.16630   20.45414    119.000    13.3740    13.3723   4.118511   4.118625 1.2431e-01    12.3649     4.5447 5.0671e-02          0     4.5447     0.0414     0.5078     0.0000     4.6374     0.0000     0.0049     0.0000     0.5075    34.8147    34.8173    26.1770    26.1794     0.0344      1.048      0.409 0.0000e+00
    363.302       8720    120.776 -106.16630   20.45414    120.000    13.3448    13.3446   4.116069   4.116214 1.1709e-01    12.3656     4.5438 5.0671e-02          0     4.5438     0.0391     0.5079     0.0000     4.6378     0.0000     0.0049     0.0000     0.5076    34.8178    34.8194    26.1854    26.1867     0.0352      1.071      0.417 0.0000e+00
    364.034       8738    121.783 -106.16630   20.45414    121.000    13.3311    13.3306   4.114731   4.114859 1.1380e-01    12.3649     4.5447 5.0671e-02          0     4.5447     0.0380     0.5079     0.0000     4.6382     0.0000     0.0049     0.0000     0.5076    34.8173    34.8190    26.1878    26.1893     0.0350      1.067      0.416 0.0000e+00
    364.799       8756    122.790 -106.16630   20.45414    122.000    13.2942    13.2921   4.110912   4.110968 1.0888e-01    12.3650     4.5446 5.0671e-02          0     4.5446     0.0363     0.5079     0.0000     4.6399     0.0000     0.0049     0.0000     0.5076    34.8145    34.8170    26.1932    26.1956     0.0349      1.063      0.414 0.0000e+00
    365.643       8776    123.796 -106.16630   20.45414    123.000    13.2416    13.2396   4.105907   4.105951 1.1669e-01    12.3641     4.5456 5.0671e-02          0     4.5456     0.0389     0.5079     0.0000     4.6403     0.0000     0.0049     0.0000     0.5076    34.8149    34.8171    26.2042    26.2063     0.0342      1.042      0.406 0.0000e+00
    366.666       8801    124.803 -106.16630   20.45414    124.000    13.2178    13.2175   4.103916   4.104063 1.0233e-01    12.3641     4.5456 5.0671e-02          0     4.5456     0.0341     0.5077     0.0000     4.6408     0.0000     0.0049     0.0000     0.5074    34.8174    34.8191    26.2110    26.2123     0.0346      1.052      0.409 0.0000e+00
    367.908       8831    125.810 -106.16630   20.45414    125.000    13.2055    13.2060   4.103022   4.103199 1.0068e-01    12.3667     4.5426 5.0671e-02          0     4.5426     0.0336     0.5079     0.0000     4.6410     0.0000     0.0049     0.0000     0.5076    34.8197    34.8210    26.2153    26.2162     0.0349      1.062      0.413 0.0000e+00
    369.221       8862    126.817 -106.16630   20.45414    126.000    13.2039    13.2045   4.103136   4.103325 9.7637e-02    12.3634     4.5463 5.0671e-02          0     4.5463     0.0326     0.5078     0.0000     4.6410     0.0000     0.0049     0.0000     0.5075    34.8219    34.8231    26.2173    26.2182     0.0346      1.053      0.410 0.0000e+00
    370.434       8891    127.824 -106.16630   20.45414    127.000    13.1992    13.1994   4.102929   4.103107 9.4943e-02    12.3632     4.5466 5.0671e-02          0     4.5466     0.0316     0.5078     0.0000     4.6410     0.0000     0.0049     0.0000     0.5075    34.8238    34.8253    26.2198    26.2209     0.0350      1.066      0.414 0.0000e+00
    371.516       8917    128.830 -106.16630   20.45414    128.000    13.1914    13.1914   4.102349   4.102518 9.1892e-02    12.3631     4.5467 5.0671e-02          0     4.5467     0.0306     0.5078     0.0000     4.6373     0.0000     0.0049     0.0000     0.5075    34.8250    34.8266    26.2224    26.2236     0.0347      1.056      0.411 0.0000e+00
    372.473       8940    129.837 -106.16630   20.45414    129.000    13.1756    13.1750   4.100988   4.101123 8.8766e-02    12.3675     4.5417 5.0671e-02          0     4.5417     0.0296     0.5078     0.0000     4.6294     0.0000     0.0049     0.0000     0.5075    34.8261    34.8280    26.2264    26.2280     0.0348      1.059      0.411 0.0000e+00
    373.349       8961    130.844 -106.16630   20.45414    130.000    13.1592    13.1594   4.099548   4.099722 8.7735e-02    12.3640     4.5456 5.0671e-02          0     4.5456     0.0292     0.5079     0.0000     4.6386     0.0000     0.0049     0.0000     0.5076    34.8271    34.8286    26.2305    26.2316     0.0349      1.064      0.413 0.0000e+00
    374.184       8981    131.851 -106.16630   20.45414    131.000    13.1498    13.1499   4.098495   4.098675 8.8901e-02    12.3632     4.5466 5.0671e-02          0     4.5466     0.0296     0.5078     0.0000     4.6334     0.0000     0.0049     0.0000     0.5075    34.8253    34.8269    26.2311    26.2323     0.0345      1.051      0.408 0.0000e+00
    375.007       9001    132.858 -106.16630   20.45414    132.000    13.1246    13.1233   4.095677   4.095781 9.7050e-02    12.3637     4.5460 5.0671e-02          0     4.5460     0.0323     0.5078     0.0000     4.6411     0.0000     0.0049     0.0000     0.5075    34.8212    34.8234    26.2330    26.2350     0.0348      1.060      0.411 0.0000e+00
    375.881       9022    133.864 -106.16630   20.45414    133.000    13.0906    13.0900   4.092158   4.092305 9.1503e-02    12.3627     4.5471 5.0671e-02          0     4.5471     0.0305     0.5079     0.0000     4.6413     0.0000     0.0049     0.0000     0.5076    34.8186    34.8205    26.2379    26.2394     0.0352      1.071      0.416 0.0000e+00
    376.802       9044    134.871 -106.16630   20.45414    134.000    13.0636    13.0629   4.089025   4.089170 9.2106e-02    12.3639     4.5458 5.0671e-02          0     4.5458     0.0307     0.5078     0.0000     4.6397     0.0000     0.0049     0.0000     0.5075    34.8131    34.8152    26.2391    26.2408     0.0348      1.061      0.411 0.0000e+00
    377.807       9068    135.878 -106.16630   20.45414    135.000    13.0327    13.0317   4.085889   4.086034 9.2700e-02    12.3646     4.5450 5.0671e-02          0     4.5450     0.0309     0.5078     0.0000     4.6406     0.0000     0.0049     0.0000     0.5075    34.8112    34.8135    26.2438    26.2458     0.0337      1.028      0.398 0.0000e+00
