data/ctd-cnv/RR1804/RR1803-St33-P1/Station33_cast61.cnv
* Sea-Bird SBE 9 Data File:
* FileName = C:\CTD\RR1805\Station33_cast61.hex
* Software Version Seasave V 7.26.6.26
* Temperature SN = 4307
* Conductivity SN = 4650
* Number of Bytes Per Scan = 44
* Number of Voltage Words = 5
* Number of Scans Averaged by the Deck Unit = 1
* NMEA Latitude = 20 11.43 N
* NMEA Longitude = 106 02.40 W
* NMEA UTC (Time) = Apr 22 2018 14:04:25
** Ship: Revell
** Station: On Deck
** Operator: GR
** Station 33 P1 cast 61
# nquan = 32
# nvalues = 495                         
# units = specified
# name 0 = timeS: Time, Elapsed [seconds]
# name 1 = scan: Scan Count
# name 2 = prDM: Pressure, Digiquartz [db]
# name 3 = longitude: Longitude [deg]
# name 4 = latitude: Latitude [deg]
# name 5 = depSMignore: Depth [salt water, m]
# name 6 = t090C: Temperature [ITS-90, deg C]
# name 7 = t190C: Temperature, 2 [ITS-90, deg C]
# name 8 = c0S/m: Conductivity [S/m]
# name 9 = c1S/m: Conductivity, 2 [S/m]
# name 10 = flSP: Fluorescence, Seapoint
# name 11 = CStarAt0: Beam Attenuation, WET Labs C-Star [1/m]
# name 12 = CStarTr0: Beam Transmission, WET Labs C-Star [%]
# name 13 = par: PAR/Irradiance, Biospherical/Licor
# name 14 = modError: Modulo Error Count
# name 15 = v0: Voltage 0
# name 16 = v1: Voltage 1
# name 17 = v2: Voltage 2
# name 18 = v3: Voltage 3
# name 19 = v4: Voltage 4
# name 20 = v5: Voltage 5
# name 21 = v6: Voltage 6
# name 22 = v7: Voltage 7
# name 23 = sbeox0V: Oxygen raw, SBE 43 [V]
# name 24 = sal00: Salinity, Practical [PSU]
# name 25 = sal11: Salinity, Practical, 2 [PSU]
# name 26 = sigma-é00: Density [sigma-theta, kg/m^3]
# name 27 = sigma-é11: Density, 2 [sigma-theta, kg/m^3]
# name 28 = sbeox0Mg/L: Oxygen, SBE 43 [mg/l], WS = 2
# name 29 = sbox0Mm/Kg: Oxygen, SBE 43 [umol/kg], WS = 2
# name 30 = sbeox0PS: Oxygen, SBE 43 [% saturation], WS = 2
# name 31 = flag: flag
# span 0 =     35.494,    728.191       
# span 1 =        853,      17478       
# span 2 =      6.037,    503.691       
# span 3 = -106.04002, -106.04000       
# span 4 =   20.19060,   20.19066       
# span 5 =      6.000,    500.000       
# span 6 =     8.3241,    23.8303       
# span 7 =     8.3238,    23.8309       
# span 8 =   3.634366,   5.124981       
# span 9 =   3.634729,   5.125257       
# span 10 = 7.3421e-02, 2.3632e+00      
# span 11 =    12.3407,    12.6663      
# span 12 =     4.2147,     4.5722      
# span 13 = 5.0665e-02, 1.3319e+02      
# span 14 =          0,          0      
# span 15 =     4.2147,     4.5722      
# span 16 =     0.0245,     0.7877      
# span 17 =     0.5060,     2.7455      
# span 18 =     0.0000,     0.0000      
# span 19 =     3.1698,     4.6215      
# span 20 =     0.0000,     0.0000      
# span 21 =     0.0048,     3.4196      
# span 22 =     0.0000,     0.0000      
# span 23 =     0.5057,     2.7455      
# span 24 =    34.4807,    34.8177      
# span 25 =    34.4923,    34.8211      
# span 26 =    23.3442,    26.9024      
# span 27 =    23.3452,    26.9058      
# span 28 =     0.0309,     6.8042      
# span 29 =      0.941,    207.784      
# span 30 =      0.333,     98.234      
# span 31 = 0.0000e+00, 0.0000e+00      
# interval = meters: 1                  
# start_time = Apr 22 2018 14:04:26 [System UTC, first data scan.]
# bad_flag = -9.990e-29
*END*
     35.494        853      6.037 -106.04001   20.19065      6.000    23.8303    23.8309   5.124981   5.125257 1.1489e+00    12.6022     4.2829 1.3319e+02          0     4.2829     0.3830     2.7455     0.0000     4.5311     0.0000     3.4196     0.0000     2.7455    34.5408    34.5424    23.3442    23.3452     6.8042    207.784     98.234 0.0000e+00
     67.875       1630      7.043 -106.04002   20.19064      7.000    23.8175    23.8179   5.123588   5.123942 1.2178e+00    12.6052     4.2797 1.0967e+02          0     4.2797     0.4059     2.7401     0.0000     4.5298     0.0000     3.3353     0.0000     2.7401    34.5399    34.5422    23.3473    23.3490     6.7600    206.432     97.573 0.0000e+00
     69.451       1668      8.050 -106.04002   20.19064      8.000    23.6914    23.6616   5.109798   5.108070 1.6774e+00    12.6326     4.2504 9.2774e+01          0     4.2504     0.5591     2.7060     0.0000     4.5299     0.0000     3.2620     0.0000     2.7060    34.5330    34.5431    23.3791    23.3955     6.6324    202.530     95.519 0.0000e+00
     71.621       1720      9.056 -106.04002   20.19064      9.000    23.4666    23.4619   5.088049   5.088325 1.8734e+00    12.6556     4.2260 7.5745e+01          0     4.2260     0.6245     2.6469     0.0000     4.5299     0.0000     3.1759     0.0000     2.6469    34.5426    34.5483    23.4522    23.4579     6.4546    197.088     92.602 0.0000e+00
     73.827       1773     10.062 -106.04002   20.19064     10.000    23.3084    23.3129   5.073392   5.074063 2.2956e+00    12.6639     4.2173 6.2555e+01          0     4.2173     0.7652     2.5922     0.0000     4.5308     0.0000     3.0926     0.0000     2.5922    34.5540    34.5556    23.5069    23.5068     6.3701    194.496     91.143 0.0000e+00
     75.909       1823     11.068 -106.04002   20.19064     11.000    23.2928    23.2919   5.071857   5.071910 2.0989e+00    12.6627     4.2185 5.2659e+01          0     4.2185     0.6996     2.5876     0.0000     4.5311     0.0000     3.0171     0.0000     2.5876    34.5542    34.5553    23.5116    23.5127     6.4126    195.794     91.727 0.0000e+00
     77.634       1864     12.074 -106.04002   20.19064     12.000    23.2663    23.2695   5.068557   5.069195 2.2343e+00    12.6663     4.2148 4.2438e+01          0     4.2148     0.7448     2.6000     0.0000     4.5312     0.0000     2.9236     0.0000     2.6000    34.5493    34.5517    23.5156    23.5166     6.4532    197.031     92.262 0.0000e+00
     79.485       1909     13.080 -106.04002   20.19064     13.000    23.2521    23.2512   5.067034   5.067241 2.3632e+00    12.6592     4.2223 3.6178e+01          0     4.2223     0.7877     2.6053     0.0000     4.5313     0.0000     2.8550     0.0000     2.6053    34.5484    34.5508    23.5191    23.5212     6.4581    197.180     92.308 0.0000e+00
     81.599       1959     14.087 -106.04001   20.19064     14.000    23.2411    23.2411   5.066138   5.066308 2.0371e+00    12.6565     4.2251 3.0123e+01          0     4.2251     0.6790     2.6030     0.0000     4.5319     0.0000     2.7756     0.0000     2.6030    34.5499    34.5511    23.5235    23.5245     6.4350    196.476     91.962 0.0000e+00
     83.570       2007     15.093 -106.04000   20.19064     15.000    23.2367    23.2370   5.066135   5.066278 1.9358e+00    12.6580     4.2235 2.5537e+01          0     4.2235     0.6453     2.5868     0.0000     4.5329     0.0000     2.7027     0.0000     2.5868    34.5530    34.5539    23.5272    23.5278     6.3704    194.500     91.032 0.0000e+00
     85.891       2062     16.099 -106.04002   20.19064     16.000    23.2317    23.2329   5.065999   5.066257 2.0689e+00    12.6544     4.2274 2.0929e+01          0     4.2274     0.6896     2.5701     0.0000     4.5207     0.0000     2.6171     0.0000     2.5701    34.5555    34.5566    23.5306    23.5311     6.3359    193.446     90.533 0.0000e+00
     88.112       2116     17.105 -106.04000   20.19066     17.000    23.2237    23.2240   5.065432   5.065587 2.1683e+00    12.6623     4.2190 1.7819e+01          0     4.2190     0.7228     2.5527     0.0000     4.5302     0.0000     2.5472     0.0000     2.5527    34.5572    34.5581    23.5343    23.5348     6.2608    191.154     89.448 0.0000e+00
     89.594       2151     18.112 -106.04000   20.19066     18.000    23.2240    23.2246   5.065734   5.065956 2.0823e+00    12.6663     4.2147 1.5150e+01          0     4.2147     0.6941     2.5361     0.0000     4.5293     0.0000     2.4766     0.0000     2.5361    34.5589    34.5601    23.5355    23.5363     6.2210    189.938     88.881 0.0000e+00
     91.315       2193     19.118 -106.04000   20.19066     19.000    23.2303    23.2303   5.066939   5.067016 1.9411e+00    12.6576     4.2239 1.2616e+01          0     4.2239     0.6470     2.5225     0.0000     4.5285     0.0000     2.3966     0.0000     2.5225    34.5629    34.5634    23.5368    23.5372     6.1829    188.774     88.348 0.0000e+00
     93.904       2255     20.124 -106.04000   20.19066     20.000    23.2300    23.2306   5.067325   5.067550 1.9542e+00    12.6489     4.2331 1.0858e+01          0     4.2331     0.6514     2.5005     0.0000     4.5287     0.0000     2.3323     0.0000     2.5005    34.5657    34.5670    23.5391    23.5399     6.1009    186.271     87.178 0.0000e+00
     95.839       2301     21.130 -106.04000   20.19066     21.000    23.1824    23.1829   5.062604   5.062844 1.6832e+00    12.6395     4.2431 9.0584e+00          0     4.2431     0.5611     2.4689     0.0000     4.5289     0.0000     2.2531     0.0000     2.4689    34.5666    34.5680    23.5536    23.5545     5.9953    183.043     85.598 0.0000e+00
     97.651       2345     22.137 -106.04000   20.19066     22.000    23.1231    23.1233   5.056606   5.056887 2.2009e+00    12.6369     4.2459 7.4266e+00          0     4.2459     0.7336     2.4430     0.0000     4.0075     0.0000     2.1665     0.0000     2.4430    34.5667    34.5687    23.5708    23.5723     5.9374    181.274     84.684 0.0000e+00
    100.071       2403     23.143 -106.04000   20.19066     23.000    23.0424    23.0435   5.048584   5.048966 1.9622e+00    12.6355     4.2474 6.2201e+00          0     4.2474     0.6541     2.4084     0.0000     4.5392     0.0000     2.0904     0.0000     2.4083    34.5682    34.5703    23.5953    23.5966     5.8170    177.594     82.851 0.0000e+00
    102.255       2455     24.149 -106.04000   20.19066     24.000    22.9201    22.9199   5.036401   5.036633 1.9110e+00    12.6130     4.2713 5.4421e+00          0     4.2713     0.6370     2.3529     0.0000     4.5281     0.0000     2.0321     0.0000     2.3528    34.5704    34.5723    23.6321    23.6336     5.6210    171.604     79.889 0.0000e+00
    103.885       2494     25.155 -106.04002   20.19066     25.000    22.8058    22.8067   5.024928   5.023943 1.5762e+00    12.6019     4.2832 4.5970e+00          0     4.2832     0.5254     2.3057     0.0000     4.5287     0.0000     1.9586     0.0000     2.3056    34.5716    34.5632    23.6659    23.6593     5.5120    168.270     78.183 0.0000e+00
    105.601       2535     26.162 -106.04002   20.19066     26.000    22.7271    22.7269   5.017095   5.017147 1.5681e+00    12.5855     4.3008 3.8531e+00          0     4.3008     0.5227     2.2810     0.0000     4.5290     0.0000     1.8817     0.0000     2.2810    34.5729    34.5734    23.6894    23.6898     5.4805    167.306     77.630 0.0000e+00
    107.939       2592     27.168 -106.04002   20.19066     27.000    22.6119    22.6121   5.005226   5.005689 1.3974e+00    12.5935     4.2922 3.2546e+00          0     4.2922     0.4658     2.2317     0.0000     3.3925     0.0000     1.8088     0.0000     2.2316    34.5716    34.5751    23.7213    23.7238     5.2809    161.208     74.651 0.0000e+00
    110.392       2650     28.174 -106.04002   20.19066     28.000    22.3466    22.3371   4.978166   4.977798 1.3594e+00    12.5779     4.3089 2.7269e+00          0     4.3089     0.4531     2.1447     0.0000     4.5354     0.0000     1.7320     0.0000     2.1446    34.5712    34.5759    23.7962    23.8024     4.9440    150.910     69.564 0.0000e+00
    112.517       2701     29.181 -106.04002   20.19066     29.000    21.7682    21.7432   4.918309   4.916588 1.0491e+00    12.5541     4.3346 2.3251e+00          0     4.3346     0.3497     1.9210     0.0000     4.5299     0.0000     1.6630     0.0000     1.9209    34.5626    34.5691    23.9514    23.9632     3.7729    115.146     52.567 0.0000e+00
    114.127       2740     30.187 -106.04002   20.19066     30.000    19.8670    19.7949   4.719101   4.713234 9.7067e-01    12.4950     4.3992 2.0069e+00          0     4.3992     0.3236     1.5499     0.0000     4.5325     0.0000     1.5990     0.0000     1.5497    34.5028    34.5140    24.4179    24.4455     2.7200     82.977     36.587 0.0000e+00
    115.918       2783     31.193 -106.04002   20.19066     31.000    19.3540    19.3456   4.667948   4.667289 8.3728e-01    12.4679     4.4291 1.7412e+00          0     4.4291     0.2791     1.3710     0.0000     4.5356     0.0000     1.5373     0.0000     1.3708    34.5045    34.5060    24.5533    24.5566     2.5658     78.260     34.186 0.0000e+00
    118.208       2838     32.200 -106.04002   20.19066     32.000    18.7118    18.6909   4.601088   4.600395 1.5417e+00    12.4373     4.4631 1.5341e+00          0     4.4631     0.5139     1.1983     0.0000     4.4678     0.0000     1.4825     0.0000     1.1980    34.4807    34.4923    24.6986    24.7127     1.9821     60.450     26.093 0.0000e+00
    120.037       2882     33.206 -106.04002   20.19066     33.000    18.2160    18.1993   4.553292   4.552213 6.4189e-01    12.4203     4.4822 1.3172e+00          0     4.4822     0.2140     1.0318     0.0000     4.4679     0.0000     1.4161     0.0000     1.0315    34.4927    34.4976    24.8316    24.8394     1.3601     41.474     17.742 0.0000e+00
    122.217       2934     34.212 -106.04002   20.19066     34.000    17.8566    17.8563   4.520521   4.520860 5.6572e-01    12.4150     4.4880 1.1514e+00          0     4.4880     0.1886     0.8839     0.0000     4.5370     0.0000     1.3576     0.0000     0.8835    34.5167    34.5198    24.9384    24.9409     1.0811     32.962     14.008 0.0000e+00
    124.924       2999     35.219 -106.04002   20.19066     35.000    17.6729    17.6697   4.506632   4.506668 4.9080e-01    12.3988     4.5063 1.0573e+00          0     4.5063     0.1636     0.7608     0.0000     4.5440     0.0000     1.3210     0.0000     0.7604    34.5532    34.5562    25.0113    25.0143     0.6801     20.733      8.781 0.0000e+00
    126.566       3039     36.225 -106.04002   20.19066     36.000    17.4977    17.4906   4.491948   4.491375 3.4874e-01    12.3942     4.5114 9.5517e-01          0     4.5114     0.1162     0.6987     0.0000     4.5451     0.0000     1.2767     0.0000     0.6984    34.5757    34.5768    25.0709    25.0735     0.5712     17.415      7.353 0.0000e+00
    128.063       3075     37.231 -106.04002   20.19066     37.000    17.1647    17.1517   4.457046   4.456187 3.2262e-01    12.3861     4.5206 8.5986e-01          0     4.5206     0.1075     0.6857     0.0000     4.5468     0.0000     1.2311     0.0000     0.6853    34.5581    34.5617    25.1373    25.1432     0.6420     19.570      8.209 0.0000e+00
    129.945       3120     38.238 -106.04002   20.19066     38.000    16.9211    16.9210   4.433078   4.433290 3.5597e-01    12.3865     4.5201 7.8474e-01          0     4.5201     0.1187     0.6776     0.0000     4.5490     0.0000     1.1914     0.0000     0.6772    34.5582    34.5601    25.1953    25.1968     0.5703     17.385      7.260 0.0000e+00
    132.650       3185     39.244 -106.04002   20.19066     39.000    16.8312    16.8333   4.426643   4.426948 3.6672e-01    12.3835     4.5235 7.3184e-01          0     4.5235     0.1222     0.6444     0.0000     4.5516     0.0000     1.1613     0.0000     0.6440    34.5790    34.5799    25.2325    25.2327     0.4352     13.266      5.531 0.0000e+00
    134.867       3238     40.250 -106.04002   20.19066     40.000    16.6658    16.6626   4.413089   4.413118 3.6868e-01    12.3801     4.5273 6.7751e-01          0     4.5273     0.1229     0.6101     0.0000     4.5540     0.0000     1.1278     0.0000     0.6097    34.6026    34.6057    25.2895    25.2926     0.3181      9.696      4.031 0.0000e+00
    136.823       3285     41.256 -106.04002   20.19064     41.000    16.4606    16.4587   4.393991   4.394324 3.9339e-01    12.3819     4.5253 6.1957e-01          0     4.5253     0.1311     0.5917     0.0000     4.5569     0.0000     1.0890     0.0000     0.5913    34.6119    34.6165    25.3445    25.3485     0.3050      9.296      3.849 0.0000e+00
    138.377       3322     42.263 -106.04002   20.19064     42.000    16.2460    16.2434   4.373492   4.373502 4.9304e-01    12.3844     4.5225 5.6127e-01          0     4.5225     0.1644     0.5894     0.0000     4.5592     0.0000     1.0460     0.0000     0.5890    34.6168    34.6192    25.3979    25.4004     0.3096      9.435      3.891 0.0000e+00
    140.140       3364     43.269 -106.04002   20.19064     43.000    16.1537    16.1559   4.364891   4.365460 5.5075e-01    12.3837     4.5233 5.1106e-01          0     4.5233     0.1836     0.5863     0.0000     4.5635     0.0000     1.0052     0.0000     0.5859    34.6205    34.6237    25.4221    25.4240     0.2991      9.116      3.753 0.0000e+00
    143.145       3436     44.276 -106.04002   20.19064     44.000    16.0709    16.0696   4.358297   4.358349 6.1478e-01    12.3834     4.5237 4.8019e-01          0     4.5237     0.2049     0.5764     0.0000     4.5664     0.0000     0.9785     0.0000     0.5760    34.6338    34.6354    25.4513    25.4528     0.2506      7.638      3.140 0.0000e+00
    145.101       3483     45.282 -106.04002   20.19064     45.000    15.9317    15.9282   4.344483   4.344331 5.5214e-01    12.3793     4.5283 4.4527e-01          0     4.5283     0.1840     0.5737     0.0000     4.5678     0.0000     0.9456     0.0000     0.5733    34.6320    34.6337    25.4817    25.4838     0.2784      8.484      3.478 0.0000e+00
    146.509       3517     46.288 -106.04002   20.19064     46.000    15.8500    15.8494   4.336371   4.336462 5.2824e-01    12.3773     4.5306 4.0498e-01          0     4.5306     0.1761     0.5762     0.0000     4.5691     0.0000     0.9043     0.0000     0.5758    34.6308    34.6321    25.4993    25.5004     0.2767      8.433      3.451 0.0000e+00
    148.271       3560     47.295 -106.04002   20.19064     47.000    15.7652    15.7711   4.327719   4.328733 6.0715e-01    12.3749     4.5333 3.6770e-01          0     4.5333     0.2024     0.5798     0.0000     4.5709     0.0000     0.8624     0.0000     0.5794    34.6272    34.6312    25.5158    25.5175     0.3112      9.482      3.874 0.0000e+00
    150.892       3622     48.301 -106.04002   20.19064     48.000    15.6139    15.6173   4.311012   4.311436 5.5902e-01    12.3711     4.5376 3.3564e-01          0     4.5376     0.1863     0.5889     0.0000     4.5735     0.0000     0.8231     0.0000     0.5885    34.6099    34.6107    25.5366    25.5364     0.3067      9.346      3.807 0.0000e+00
    153.243       3679     49.308 -106.04002   20.19064     49.000    15.6359    15.6379   4.317328   4.317810 5.2251e-01    12.3771     4.5308 3.1155e-01          0     4.5308     0.1742     0.5690     0.0000     4.5755     0.0000     0.7907     0.0000     0.5686    34.6468    34.6494    25.5601    25.5617     0.1921      5.853      2.386 0.0000e+00
    155.056       3722     50.314 -106.04002   20.19064     50.000    15.6861    15.6874   4.325568   4.325768 6.7347e-01    12.3884     4.5180 2.9233e-01          0     4.5180     0.2245     0.5500     0.0000     4.5762     0.0000     0.7631     0.0000     0.5496    34.6763    34.6769    25.5716    25.5717     0.1220      3.718      1.517 0.0000e+00
