data/ctd-cnv/RR1804/RR1803-St33-P1/Station33_cast64.cnv
* Sea-Bird SBE 9 Data File:
* FileName = C:\CTD\RR1805\Station33_cast64.hex
* Software Version Seasave V 7.26.6.26
* Temperature SN = 4307
* Conductivity SN = 4650
* Number of Bytes Per Scan = 44
* Number of Voltage Words = 5
* Number of Scans Averaged by the Deck Unit = 1
* NMEA Latitude = 20 18.65 N
* NMEA Longitude = 106 07.57 W
* NMEA UTC (Time) = Apr 24 2018 14:03:01
** Ship: Revell
** Station: On Deck
** Operator: GR
** Station P1 cast 64
# nquan = 32
# nvalues = 500                         
# units = specified
# name 0 = timeS: Time, Elapsed [seconds]
# name 1 = scan: Scan Count
# name 2 = prDM: Pressure, Digiquartz [db]
# name 3 = longitude: Longitude [deg]
# name 4 = latitude: Latitude [deg]
# name 5 = depSM: Depth [salt water, m]
# name 6 = t090C: Temperature [ITS-90, deg C]
# name 7 = t190C: Temperature, 2 [ITS-90, deg C]
# name 8 = c0S/m: Conductivity [S/m]
# name 9 = c1S/m: Conductivity, 2 [S/m]
# name 10 = flSP: Fluorescence, Seapoint
# name 11 = CStarAt0: Beam Attenuation, WET Labs C-Star [1/m]
# name 12 = CStarTr0: Beam Transmission, WET Labs C-Star [%]
# name 13 = par: PAR/Irradiance, Biospherical/Licor
# name 14 = modError: Modulo Error Count
# name 15 = v0: Voltage 0
# name 16 = v1: Voltage 1
# name 17 = v2: Voltage 2
# name 18 = v3: Voltage 3
# name 19 = v4: Voltage 4
# name 20 = v5: Voltage 5
# name 21 = v6: Voltage 6
# name 22 = v7: Voltage 7
# name 23 = sbeox0V: Oxygen raw, SBE 43 [V]
# name 24 = sal00: Salinity, Practical [PSU]
# name 25 = sal11: Salinity, Practical, 2 [PSU]
# name 26 = sigma-é00: Density [sigma-theta, kg/m^3]
# name 27 = sigma-é11: Density, 2 [sigma-theta, kg/m^3]
# name 28 = sbeox0Mg/L: Oxygen, SBE 43 [mg/l], WS = 2
# name 29 = sbox0Mm/Kg: Oxygen, SBE 43 [umol/kg], WS = 2
# name 30 = sbeox0PS: Oxygen, SBE 43 [% saturation], WS = 2
# name 31 = flag: flag
# span 0 =     80.435,    899.505       
# span 1 =       1931,      21589       
# span 2 =      1.006,    503.694       
# span 3 = -106.12628, -106.12624       
# span 4 =   20.31082,   20.31086       
# span 5 =      1.000,    500.000       
# span 6 =     8.3199,    25.1387       
# span 7 =     8.3195,    25.1407       
# span 8 =   3.634310,   5.277251       
# span 9 =   3.634400,   5.644030       
# span 10 = 7.3435e-02, 1.5129e+00      
# span 11 =    12.3086,    13.8572      
# span 12 =     4.2924,     4.5736      
# span 13 = 5.0664e-02, 3.4643e+02      
# span 14 =          0,          0      
# span 15 =     4.2924,     4.5736      
# span 16 =     0.0245,     0.5043      
# span 17 =     0.5065,     2.7345      
# span 18 =     0.0000,     0.0000      
# span 19 =     0.1254,     4.7484      
# span 20 =     0.0000,     0.0000      
# span 21 =     0.0048,     3.7328      
# span 22 =     0.0000,     0.0000      
# span 23 =     0.5062,     2.7345      
# span 24 =    34.4558,    34.8205      
# span 25 =    34.4540,    37.4111      
# span 26 =    23.0083,    26.9059      
# span 27 =    23.1846,    26.9069      
# span 28 =     0.0340,     6.6166      
# span 29 =      1.034,    202.113      
# span 30 =      0.362,     97.766      
# span 31 = 0.0000e+00, 0.0000e+00      
# interval = meters: 1                  
# start_time = Apr 24 2018 14:03:03 [System UTC, first data scan.]
# bad_flag = -9.990e-29
*END*
[from data line 408]
    715.026      17162    411.931 -106.12628   20.31086    409.000     9.5373     9.5376   3.748677   3.748845 7.6356e-02    12.3422     4.5705 5.0671e-02          0     4.5705     0.0254     0.5075     0.0000     4.6218     0.0000     0.0049     0.0000     0.5072    34.6384    34.6398    26.7551    26.7562     0.0380      1.156      0.416 0.0000e+00
    715.784      17180    412.939 -106.12628   20.31086    410.000     9.5318     9.5321   3.748169   3.748321 7.5334e-02    12.3422     4.5705 5.0671e-02          0     4.5705     0.0251     0.5076     0.0000     4.6222     0.0000     0.0049     0.0000     0.5073    34.6380    34.6393    26.7558    26.7567     0.0396      1.206      0.434 0.0000e+00
    716.624      17200    413.947 -106.12628   20.31086    411.000     9.5083     9.5073   3.745792   3.745785 7.6394e-02    12.3418     4.5710 5.0671e-02          0     4.5710     0.0254     0.5077     0.0000     4.6227     0.0000     0.0049     0.0000     0.5074    34.6357    34.6366    26.7578    26.7587     0.0392      1.192      0.428 0.0000e+00
    717.773      17228    414.956 -106.12628   20.31086    412.000     9.4701     9.4697   3.742091   3.742163 7.6699e-02    12.3427     4.5699 5.0671e-02          0     4.5699     0.0255     0.5077     0.0000     4.6227     0.0000     0.0049     0.0000     0.5074    34.6338    34.6349    26.7627    26.7636     0.0380      1.157      0.415 0.0000e+00
    719.313      17265    415.964 -106.12628   20.31086    413.000     9.4485     9.4484   3.739987   3.740098 7.6183e-02    12.3422     4.5704 5.0671e-02          0     4.5704     0.0254     0.5075     0.0000     4.6230     0.0000     0.0049     0.0000     0.5072    34.6325    34.6337    26.7652    26.7661     0.0367      1.118      0.401 0.0000e+00
    720.643      17296    416.972 -106.12628   20.31086    414.000     9.4376     9.4377   3.738953   3.739101 7.6521e-02    12.3426     4.5700 5.0671e-02          0     4.5700     0.0255     0.5073     0.0000     4.6234     0.0000     0.0049     0.0000     0.5070    34.6319    34.6332    26.7665    26.7675     0.0363      1.104      0.396 0.0000e+00
    721.650      17321    417.980 -106.12628   20.31086    415.000     9.4313     9.4313   3.738380   3.738523 7.7928e-02    12.3418     4.5710 5.0671e-02          0     4.5710     0.0260     0.5074     0.0000     4.6233     0.0000     0.0049     0.0000     0.5071    34.6316    34.6330    26.7673    26.7684     0.0386      1.175      0.421 0.0000e+00
    722.531      17342    418.988 -106.12628   20.31086    416.000     9.4143     9.4140   3.736748   3.736851 7.5900e-02    12.3423     4.5704 5.0671e-02          0     4.5704     0.0253     0.5076     0.0000     4.6230     0.0000     0.0049     0.0000     0.5073    34.6306    34.6320    26.7693    26.7704     0.0386      1.175      0.422 0.0000e+00
    723.380      17362    419.996 -106.12628   20.31086    417.000     9.3963     9.3962   3.735059   3.735158 7.6348e-02    12.3432     4.5694 5.0671e-02          0     4.5694     0.0254     0.5073     0.0000     4.6230     0.0000     0.0049     0.0000     0.5070    34.6300    34.6311    26.7719    26.7728     0.0354      1.077      0.386 0.0000e+00
    724.258      17383    421.005 -106.12628   20.31086    418.000     9.3894     9.3896   3.734445   3.734571 7.6258e-02    12.3432     4.5693 5.0671e-02          0     4.5693     0.0254     0.5075     0.0000     4.6235     0.0000     0.0049     0.0000     0.5072    34.6298    34.6310    26.7729    26.7738     0.0371      1.129      0.405 0.0000e+00
    725.189      17406    422.013 -106.12628   20.31084    419.000     9.3774     9.3774   3.733289   3.733403 7.6285e-02    12.3435     4.5690 5.0671e-02          0     4.5690     0.0254     0.5070     0.0000     4.6238     0.0000     0.0049     0.0000     0.5067    34.6291    34.6303    26.7743    26.7752     0.0347      1.058      0.379 0.0000e+00
    726.158      17429    423.021 -106.12628   20.31084    420.000     9.3674     9.3673   3.732346   3.732469 7.7100e-02    12.3425     4.5701 5.0671e-02          0     4.5701     0.0257     0.5072     0.0000     4.6238     0.0000     0.0049     0.0000     0.5069    34.6285    34.6299    26.7754    26.7766     0.0387      1.178      0.422 0.0000e+00
    727.130      17452    424.029 -106.12628   20.31084    421.000     9.3522     9.3520   3.730887   3.730994 7.7659e-02    12.3424     4.5702 5.0671e-02          0     4.5702     0.0259     0.5074     0.0000     4.6238     0.0000     0.0049     0.0000     0.5071    34.6276    34.6289    26.7773    26.7783     0.0384      1.169      0.419 0.0000e+00
    728.086      17475    425.037 -106.12626   20.31084    422.000     9.3279     9.3273   3.728525   3.728576 7.6119e-02    12.3455     4.5668 5.0671e-02          0     4.5668     0.0253     0.5074     0.0000     4.6239     0.0000     0.0049     0.0000     0.5071    34.6261    34.6273    26.7801    26.7811     0.0382      1.162      0.416 0.0000e+00
    729.026      17498    426.046 -106.12626   20.31084    423.000     9.3028     9.3028   3.726165   3.726294 7.6909e-02    12.3432     4.5693 5.0671e-02          0     4.5693     0.0256     0.5074     0.0000     4.6238     0.0000     0.0049     0.0000     0.5071    34.6255    34.6268    26.7837    26.7847     0.0378      1.152      0.412 0.0000e+00
    729.984      17521    427.054 -106.12626   20.31084    424.000     9.2876     9.2878   3.724761   3.724901 7.6923e-02    12.3429     4.5696 5.0671e-02          0     4.5696     0.0256     0.5075     0.0000     4.6241     0.0000     0.0049     0.0000     0.5072    34.6252    34.6265    26.7859    26.7869     0.0378      1.151      0.412 0.0000e+00
    731.045      17546    428.062 -106.12628   20.31084    425.000     9.2770     9.2764   3.723829   3.723897 7.6923e-02    12.3437     4.5688 5.0671e-02          0     4.5688     0.0256     0.5073     0.0000     4.6240     0.0000     0.0049     0.0000     0.5070    34.6253    34.6265    26.7877    26.7888     0.0367      1.118      0.400 0.0000e+00
    732.216      17574    429.071 -106.12628   20.31084    426.000     9.2727     9.2729   3.723464   3.723618 7.6923e-02    12.3425     4.5701 5.0671e-02          0     4.5701     0.0256     0.5072     0.0000     4.6242     0.0000     0.0049     0.0000     0.5069    34.6252    34.6266    26.7883    26.7894     0.0363      1.104      0.395 0.0000e+00
    733.328      17601    430.079 -106.12628   20.31084    427.000     9.2634     9.2630   3.722595   3.722664 7.8464e-02    12.3438     4.5687 5.0671e-02          0     4.5687     0.0261     0.5073     0.0000     4.6249     0.0000     0.0049     0.0000     0.5070    34.6247    34.6258    26.7895    26.7904     0.0391      1.189      0.425 0.0000e+00
    734.395      17626    431.087 -106.12628   20.31084    428.000     9.2231     9.2223   3.718748   3.718783 7.6924e-02    12.3428     4.5698 5.0671e-02          0     4.5698     0.0256     0.5074     0.0000     4.6249     0.0000     0.0049     0.0000     0.5071    34.6233    34.6244    26.7949    26.7960     0.0378      1.149      0.410 0.0000e+00
    735.476      17652    432.095 -106.12626   20.31084    429.000     9.2071     9.2070   3.717249   3.717345 7.6923e-02    12.3423     4.5703 5.0671e-02          0     4.5703     0.0256     0.5075     0.0000     4.6251     0.0000     0.0049     0.0000     0.5072    34.6228    34.6238    26.7971    26.7980     0.0388      1.179      0.421 0.0000e+00
    736.515      17677    433.104 -106.12626   20.31084    430.000     9.1828     9.1825   3.714936   3.715014 7.6923e-02    12.3425     4.5701 5.0671e-02          0     4.5701     0.0256     0.5074     0.0000     4.6251     0.0000     0.0049     0.0000     0.5071    34.6217    34.6228    26.8002    26.8011     0.0357      1.086      0.387 0.0000e+00
    737.509      17701    434.112 -106.12626   20.31084    431.000     9.1577     9.1573   3.712521   3.712582 7.6923e-02    12.3438     4.5686 5.0671e-02          0     4.5686     0.0256     0.5071     0.0000     4.6252     0.0000     0.0049     0.0000     0.5068    34.6205    34.6215    26.8033    26.8042     0.0374      1.140      0.406 0.0000e+00
    738.526      17726    435.120 -106.12626   20.31084    432.000     9.1197     9.1186   3.708839   3.708827 7.7067e-02    12.3426     4.5700 5.0671e-02          0     4.5700     0.0257     0.5075     0.0000     4.6252     0.0000     0.0049     0.0000     0.5072    34.6185    34.6194    26.8079    26.8088     0.0396      1.205      0.429 0.0000e+00
    739.598      17751    436.128 -106.12626   20.31084    433.000     9.0850     9.0847   3.705526   3.705606 7.6644e-02    12.3421     4.5705 5.0671e-02          0     4.5705     0.0255     0.5075     0.0000     4.6253     0.0000     0.0049     0.0000     0.5072    34.6171    34.6183    26.8124    26.8134     0.0394      1.198      0.426 0.0000e+00
    740.689      17778    437.137 -106.12626   20.31084    434.000     9.0575     9.0576   3.702917   3.703017 7.6779e-02    12.3442     4.5681 5.0671e-02          0     4.5681     0.0256     0.5077     0.0000     4.6256     0.0000     0.0049     0.0000     0.5074    34.6161    34.6171    26.8160    26.8168     0.0388      1.181      0.420 0.0000e+00
    741.728      17802    438.145 -106.12626   20.31084    435.000     9.0306     9.0310   3.700336   3.700458 7.6627e-02    12.3424     4.5703 5.0671e-02          0     4.5703     0.0255     0.5074     0.0000     4.6259     0.0000     0.0049     0.0000     0.5071    34.6149    34.6158    26.8193    26.8200     0.0372      1.131      0.402 0.0000e+00
    742.697      17826    439.153 -106.12626   20.31084    436.000     9.0116     9.0117   3.698524   3.698651 7.6920e-02    12.3423     4.5704 5.0671e-02          0     4.5704     0.0256     0.5074     0.0000     4.6258     0.0000     0.0049     0.0000     0.5071    34.6139    34.6152    26.8216    26.8226     0.0354      1.077      0.383 0.0000e+00
    743.588      17847    440.161 -106.12626   20.31084    437.000     8.9999     9.0000   3.697423   3.697556 7.6535e-02    12.3419     4.5708 5.0671e-02          0     4.5708     0.0255     0.5070     0.0000     4.6255     0.0000     0.0049     0.0000     0.5067    34.6133    34.6146    26.8230    26.8241     0.0357      1.088      0.386 0.0000e+00
    744.406      17867    441.170 -106.12626   20.31084    438.000     8.9977     8.9980   3.697275   3.697449 7.6742e-02    12.3454     4.5668 5.0671e-02          0     4.5668     0.0255     0.5074     0.0000     4.6254     0.0000     0.0049     0.0000     0.5071    34.6134    34.6149    26.8235    26.8246     0.0387      1.178      0.418 0.0000e+00
    745.190      17886    442.178 -106.12626   20.31084    439.000     8.9962     8.9965   3.697188   3.697352 7.6730e-02    12.3449     4.5674 5.0671e-02          0     4.5674     0.0255     0.5070     0.0000     4.6255     0.0000     0.0049     0.0000     0.5067    34.6135    34.6150    26.8238    26.8249     0.0363      1.104      0.392 0.0000e+00
    746.002      17905    443.187 -106.12626   20.31084    440.000     8.9906     8.9903   3.696690   3.696782 7.6924e-02    12.3437     4.5687 5.0671e-02          0     4.5687     0.0256     0.5074     0.0000     4.6255     0.0000     0.0049     0.0000     0.5071    34.6133    34.6145    26.8246    26.8256     0.0389      1.184      0.421 0.0000e+00
    746.891      17926    444.195 -106.12626   20.31084    441.000     8.9744     8.9740   3.695144   3.695236 7.6771e-02    12.3415     4.5712 5.0671e-02          0     4.5712     0.0256     0.5072     0.0000     4.6258     0.0000     0.0049     0.0000     0.5069    34.6125    34.6137    26.8265    26.8276     0.0359      1.093      0.388 0.0000e+00
    747.908      17951    445.203 -106.12626   20.31084    442.000     8.9617     8.9624   3.693977   3.694172 7.6919e-02    12.3423     4.5704 5.0671e-02          0     4.5704     0.0256     0.5071     0.0000     4.6262     0.0000     0.0049     0.0000     0.5068    34.6121    34.6135    26.8282    26.8292     0.0354      1.076      0.382 0.0000e+00
    749.152      17981    446.211 -106.12626   20.31082    443.000     8.9561     8.9557   3.693485   3.693564 8.0873e-02    12.3428     4.5698 5.0671e-02          0     4.5698     0.0269     0.5070     0.0000     4.6264     0.0000     0.0049     0.0000     0.5067    34.6119    34.6131    26.8290    26.8300     0.0376      1.144      0.406 0.0000e+00
    750.574      18015    447.220 -106.12626   20.31083    444.000     8.9505     8.9499   3.692999   3.693059 7.7105e-02    12.3472     4.5648 5.0671e-02          0     4.5648     0.0257     0.5073     0.0000     4.6266     0.0000     0.0049     0.0000     0.5070    34.6118    34.6130    26.8298    26.8309     0.0375      1.142      0.405 0.0000e+00
    751.965      18048    448.228 -106.12626   20.31084    445.000     8.9458     8.9458   3.692589   3.692729 7.6924e-02    12.3423     4.5704 5.0671e-02          0     4.5704     0.0256     0.5072     0.0000     4.6267     0.0000     0.0049     0.0000     0.5069    34.6117    34.6131    26.8305    26.8316     0.0370      1.125      0.400 0.0000e+00
    753.111      18076    449.236 -106.12626   20.31084    446.000     8.9447     8.9450   3.692552   3.692730 8.0915e-02    12.3432     4.5693 5.0671e-02          0     4.5693     0.0269     0.5069     0.0000     4.6268     0.0000     0.0049     0.0000     0.5066    34.6118    34.6134    26.8308    26.8320     0.0362      1.100      0.390 0.0000e+00
    754.045      18098    450.245 -106.12626   20.31084    447.000     8.9430     8.9431   3.692423   3.692566 7.7260e-02    12.3416     4.5712 5.0671e-02          0     4.5712     0.0257     0.5072     0.0000     4.6266     0.0000     0.0049     0.0000     0.5069    34.6117    34.6131    26.8310    26.8321     0.0377      1.148      0.407 0.0000e+00
    754.864      18118    451.253 -106.12626   20.31084    448.000     8.9393     8.9401   3.692119   3.692330 7.7118e-02    12.3437     4.5687 5.0671e-02          0     4.5687     0.0257     0.5072     0.0000     4.6265     0.0000     0.0049     0.0000     0.5069    34.6116    34.6131    26.8316    26.8326     0.0378      1.151      0.408 0.0000e+00
    755.660      18137    452.262 -106.12626   20.31084    449.000     8.9369     8.9374   3.691938   3.692101 7.6925e-02    12.3431     4.5695 5.0671e-02          0     4.5695     0.0256     0.5073     0.0000     4.6258     0.0000     0.0049     0.0000     0.5070    34.6116    34.6128    26.8319    26.8328     0.0360      1.097      0.389 0.0000e+00
    756.468      18156    453.270 -106.12626   20.31084    450.000     8.9307     8.9307   3.691373   3.691491 7.6338e-02    12.3415     4.5712 5.0671e-02          0     4.5712     0.0254     0.5067     0.0000     4.6263     0.0000     0.0049     0.0000     0.5064    34.6112    34.6125    26.8326    26.8337     0.0349      1.062      0.377 0.0000e+00
    757.297      18176    454.278 -106.12626   20.31082    451.000     8.9226     8.9229   3.690617   3.690767 7.6912e-02    12.3416     4.5712 5.0671e-02          0     4.5712     0.0256     0.5072     0.0000     4.6266     0.0000     0.0049     0.0000     0.5069    34.6107    34.6121    26.8335    26.8345     0.0393      1.197      0.425 0.0000e+00
    758.194      18198    455.287 -106.12626   20.31082    452.000     8.9163     8.9165   3.690053   3.690192 7.8124e-02    12.3420     4.5707 5.0671e-02          0     4.5707     0.0260     0.5072     0.0000     4.6266     0.0000     0.0049     0.0000     0.5069    34.6105    34.6118    26.8344    26.8354     0.0360      1.097      0.389 0.0000e+00
    759.266      18223    456.295 -106.12626   20.31082    453.000     8.9045     8.9044   3.688933   3.689029 7.6929e-02    12.3426     4.5700 5.0671e-02          0     4.5700     0.0256     0.5072     0.0000     4.6270     0.0000     0.0049     0.0000     0.5069    34.6099    34.6109    26.8358    26.8366     0.0369      1.124      0.399 0.0000e+00
