data/ctd-cnv/RR1804/RR1803-St33-P1/Station33_cast72.cnv
* Sea-Bird SBE 9 Data File:
* FileName = C:\CTD\RR1805\Station33_cast72.hex
* Software Version Seasave V 7.26.6.26
* Temperature SN = 4307
* Conductivity SN = 4650
* Number of Bytes Per Scan = 44
* Number of Voltage Words = 5
* Number of Scans Averaged by the Deck Unit = 1
* NMEA Latitude = 20 31.18 N
* NMEA Longitude = 106 10.42 W
* NMEA UTC (Time) = Apr 27 2018 09:44:07
** Ship: Revell
** Station: 33
** Operator: GR
** Station P1 Cast 72
# nquan = 32
# nvalues = 1002                        
# units = specified
# name 0 = timeS: Time, Elapsed [seconds]
# name 1 = scan: Scan Count
# name 2 = prDM: Pressure, Digiquartz [db]
# name 3 = longitude: Longitude [deg]
# name 4 = latitude: Latitude [deg]
# name 5 = depSM: Depth [salt water, m]
# name 6 = t090C: Temperature [ITS-90, deg C]
# name 7 = t190C: Temperature, 2 [ITS-90, deg C]
# name 8 = c0S/m: Conductivity [S/m]
# name 9 = c1S/m: Conductivity, 2 [S/m]
# name 10 = flSP: Fluorescence, Seapoint
# name 11 = CStarAt0: Beam Attenuation, WET Labs C-Star [1/m]
# name 12 = CStarTr0: Beam Transmission, WET Labs C-Star [%]
# name 13 = par: PAR/Irradiance, Biospherical/Licor
# name 14 = modError: Modulo Error Count
# name 15 = v0: Voltage 0
# name 16 = v1: Voltage 1
# name 17 = v2: Voltage 2
# name 18 = v3: Voltage 3
# name 19 = v4: Voltage 4
# name 20 = v5: Voltage 5
# name 21 = v6: Voltage 6
# name 22 = v7: Voltage 7
# name 23 = sbeox0V: Oxygen raw, SBE 43 [V]
# name 24 = sal00: Salinity, Practical [PSU]
# name 25 = sal11: Salinity, Practical, 2 [PSU]
# name 26 = sigma-é00: Density [sigma-theta, kg/m^3]
# name 27 = sigma-é11: Density, 2 [sigma-theta, kg/m^3]
# name 28 = sbeox0Mg/L: Oxygen, SBE 43 [mg/l], WS = 2
# name 29 = sbox0Mm/Kg: Oxygen, SBE 43 [umol/kg], WS = 2
# name 30 = sbeox0PS: Oxygen, SBE 43 [% saturation], WS = 2
# name 31 = flag: flag
# span 0 =      0.172,   1320.332       
# span 1 =          5,      31689       
# span 2 =      1.006,   1010.642       
# span 3 = -106.17376, -106.17370       
# span 4 =   20.51980,   20.51984       
# span 5 =      1.000,   1002.000       
# span 6 =     4.6960,    25.9621       
# span 7 =     4.6952,    25.9625       
# span 8 =   3.322847,   5.362263       
# span 9 =   3.322830,   5.362505       
# span 10 = 6.9039e-02, 2.0174e+00      
# span 11 =    12.3373,    12.5830      
# span 12 =     4.3034,     4.5761      
# span 13 = 5.0603e-02, 7.2200e-01      
# span 14 =          0,          0      
# span 15 =     4.3034,     4.5761      
# span 16 =     0.0230,     0.6725      
# span 17 =     0.5054,     2.7237      
# span 18 =     0.0000,     0.0000      
# span 19 =    -1.1388,     4.7869      
# span 20 =     0.0000,     0.0000      
# span 21 =     0.0044,     1.1650      
# span 22 =     0.0000,     0.0000      
# span 23 =     0.5051,     2.7237      
# span 24 =    34.4863,    34.8279      
# span 25 =    34.5170,    34.8286      
# span 26 =    22.7871,    27.3488      
# span 27 =    22.7880,    27.3495      
# span 28 =     0.0290,     6.5461      
# span 29 =      0.881,    199.978      
# span 30 =      0.307,     97.391      
# span 31 = 0.0000e+00, 0.0000e+00      
# interval = meters: 1                  
# start_time = Apr 27 2018 09:44:04 [System UTC, first data scan.]
# bad_flag = -9.990e-29
*END*
[from data line 680]
    875.832      21021    686.341 -106.17372   20.51982    681.000     6.5988     6.5992   3.479396   3.479579 7.3260e-02    12.3395     4.5736 5.0832e-02          0     4.5736     0.0244     0.5054     0.0000     4.6493     0.0000     0.0063     0.0000     0.5052    34.5253    34.5270    27.1080    27.1093     0.0316      0.961      0.323 0.0000e+00
    876.664      21041    687.351 -106.17372   20.51982    682.000     6.5962     6.5959   3.479169   3.479307 7.3260e-02    12.3404     4.5725 5.0802e-02          0     4.5725     0.0244     0.5054     0.0000     4.6489     0.0000     0.0060     0.0000     0.5052    34.5249    34.5267    27.1080    27.1095     0.0336      1.023      0.344 0.0000e+00
    877.523      21062    688.360 -106.17372   20.51982    683.000     6.5898     6.5898   3.478633   3.478781 7.3444e-02    12.3393     4.5738 5.0671e-02          0     4.5738     0.0245     0.5054     0.0000     4.6495     0.0000     0.0049     0.0000     0.5052    34.5249    34.5266    27.1089    27.1102     0.0326      0.991      0.333 0.0000e+00
    878.439      21084    689.370 -106.17372   20.51982    684.000     6.5860     6.5860   3.478318   3.478464 7.3732e-02    12.3411     4.5718 5.0671e-02          0     4.5718     0.0246     0.5054     0.0000     4.6495     0.0000     0.0049     0.0000     0.5052    34.5248    34.5264    27.1093    27.1106     0.0335      1.021      0.343 0.0000e+00
    879.399      21107    690.379 -106.17372   20.51982    685.000     6.5717     6.5704   3.476948   3.477032 7.3425e-02    12.3402     4.5728 5.0694e-02          0     4.5728     0.0245     0.5056     0.0000     4.6535     0.0000     0.0051     0.0000     0.5054    34.5235    34.5257    27.1102    27.1121     0.0338      1.028      0.346 0.0000e+00
    880.361      21130    691.389 -106.17372   20.51982    686.000     6.5561     6.5558   3.475596   3.475747 7.3586e-02    12.3394     4.5736 5.0672e-02          0     4.5736     0.0245     0.5055     0.0000     4.6629     0.0000     0.0049     0.0000     0.5052    34.5237    34.5257    27.1124    27.1140     0.0331      1.007      0.339 0.0000e+00
    881.301      21152    692.398 -106.17372   20.51982    687.000     6.5433     6.5425   3.474405   3.474512 7.3257e-02    12.3407     4.5722 5.0671e-02          0     4.5722     0.0244     0.5056     0.0000     4.6646     0.0000     0.0049     0.0000     0.5054    34.5229    34.5249    27.1135    27.1152     0.0341      1.039      0.349 0.0000e+00
    882.201      21174    693.408 -106.17374   20.51982    688.000     6.5269     6.5259   3.472941   3.473046 7.3622e-02    12.3423     4.5704 5.0771e-02          0     4.5704     0.0245     0.5056     0.0000     4.6663     0.0000     0.0057     0.0000     0.5054    34.5227    34.5249    27.1155    27.1174     0.0333      1.012      0.340 0.0000e+00
    883.065      21195    694.418 -106.17374   20.51982    689.000     6.5110     6.5106   3.471513   3.471666 7.3259e-02    12.3392     4.5738 5.1227e-02          0     4.5738     0.0244     0.5055     0.0000     4.6679     0.0000     0.0095     0.0000     0.5053    34.5223    34.5244    27.1173    27.1190     0.0328      0.998      0.335 0.0000e+00
    883.930      21215    695.427 -106.17374   20.51982    690.000     6.4959     6.4947   3.470116   3.470202 7.4350e-02    12.3388     4.5744 5.0690e-02          0     4.5744     0.0248     0.5055     0.0000     4.6691     0.0000     0.0051     0.0000     0.5053    34.5216    34.5237    27.1187    27.1206     0.0333      1.013      0.340 0.0000e+00
    884.845      21237    696.437 -106.17374   20.51982    691.000     6.4789     6.4778   3.468634   3.468723 7.3573e-02    12.3403     4.5727 5.0851e-02          0     4.5727     0.0245     0.5055     0.0000     4.6690     0.0000     0.0064     0.0000     0.5053    34.5218    34.5239    27.1211    27.1229     0.0329      1.001      0.336 0.0000e+00
    885.933      21263    697.446 -106.17374   20.51982    692.000     6.4671     6.4668   3.467619   3.467741 7.3390e-02    12.3391     4.5741 5.0771e-02          0     4.5741     0.0244     0.5055     0.0000     4.6691     0.0000     0.0057     0.0000     0.5053    34.5219    34.5236    27.1228    27.1241     0.0334      1.017      0.341 0.0000e+00
    887.289      21296    698.456 -106.17374   20.51982    693.000     6.4511     6.4502   3.466126   3.466238 7.3365e-02    12.3414     4.5714 5.0674e-02          0     4.5714     0.0244     0.5055     0.0000     4.6692     0.0000     0.0049     0.0000     0.5053    34.5209    34.5230    27.1241    27.1259     0.0332      1.009      0.338 0.0000e+00
    888.816      21333    699.465 -106.17374   20.51982    694.000     6.4330     6.4327   3.464468   3.464611 7.3365e-02    12.3406     4.5723 5.0671e-02          0     4.5723     0.0244     0.5054     0.0000     4.6696     0.0000     0.0049     0.0000     0.5052    34.5202    34.5221    27.1259    27.1274     0.0329      1.001      0.336 0.0000e+00
    890.269      21367    700.475 -106.17374   20.51982    695.000     6.4238     6.4233   3.463639   3.463755 7.4317e-02    12.3389     4.5743 5.0727e-02          0     4.5743     0.0247     0.5055     0.0000     4.6700     0.0000     0.0054     0.0000     0.5053    34.5198    34.5216    27.1269    27.1283     0.0338      1.028      0.344 0.0000e+00
    891.570      21399    701.485 -106.17374   20.51982    696.000     6.4165     6.4164   3.463009   3.463160 7.9637e-02    12.3388     4.5744 5.0819e-02          0     4.5744     0.0265     0.5055     0.0000     4.6700     0.0000     0.0061     0.0000     0.5053    34.5196    34.5214    27.1276    27.1291     0.0334      1.016      0.340 0.0000e+00
    892.655      21425    702.494 -106.17374   20.51982    697.000     6.4062     6.4058   3.462087   3.462225 7.4717e-02    12.3387     4.5746 5.0670e-02          0     4.5746     0.0249     0.5055     0.0000     4.6677     0.0000     0.0049     0.0000     0.5053    34.5193    34.5212    27.1287    27.1303     0.0334      1.017      0.341 0.0000e+00
    893.520      21445    703.504 -106.17374   20.51982    698.000     6.3933     6.3927   3.460881   3.461032 7.3224e-02    12.3394     4.5737 5.0671e-02          0     4.5737     0.0244     0.5055     0.0000     4.6667     0.0000     0.0049     0.0000     0.5053    34.5185    34.5207    27.1298    27.1316     0.0334      1.017      0.341 0.0000e+00
    894.245      21463    704.513 -106.17374   20.51982    699.000     6.3878     6.3879   3.460472   3.460636 7.3260e-02    12.3390     4.5741 5.0696e-02          0     4.5741     0.0244     0.5055     0.0000     4.6664     0.0000     0.0051     0.0000     0.5053    34.5189    34.5206    27.1308    27.1322     0.0335      1.020      0.342 0.0000e+00
    894.900      21479    705.523 -106.17374   20.51982    700.000     6.3843     6.3844   3.460196   3.460372 7.3736e-02    12.3392     4.5739 5.0775e-02          0     4.5739     0.0246     0.5055     0.0000     4.6646     0.0000     0.0058     0.0000     0.5053    34.5189    34.5208    27.1313    27.1328     0.0340      1.034      0.346 0.0000e+00
    895.505      21493    706.532 -106.17374   20.51982    701.000     6.3800     6.3800   3.459834   3.460000 7.4547e-02    12.3386     4.5747 5.0674e-02          0     4.5747     0.0248     0.5056     0.0000     4.6653     0.0000     0.0049     0.0000     0.5054    34.5187    34.5206    27.1317    27.1332     0.0339      1.031      0.345 0.0000e+00
    896.104      21508    707.542 -106.17374   20.51982    702.000     6.3743     6.3740   3.459318   3.459470 7.4045e-02    12.3385     4.5748 5.0671e-02          0     4.5748     0.0247     0.5055     0.0000     4.6502     0.0000     0.0049     0.0000     0.5053    34.5182    34.5202    27.1321    27.1337     0.0336      1.023      0.342 0.0000e+00
    896.708      21522    708.552 -106.17374   20.51982    703.000     6.3623     6.3619   3.458222   3.458375 7.3260e-02    12.3384     4.5749 5.0923e-02          0     4.5749     0.0244     0.5056     0.0000     4.6496     0.0000     0.0070     0.0000     0.5054    34.5177    34.5198    27.1332    27.1350     0.0337      1.027      0.344 0.0000e+00
    897.360      21538    709.561 -106.17374   20.51982    704.000     6.3514     6.3508   3.457230   3.457362 7.2839e-02    12.3390     4.5741 5.0677e-02          0     4.5741     0.0243     0.5055     0.0000     4.6514     0.0000     0.0049     0.0000     0.5053    34.5172    34.5192    27.1342    27.1359     0.0324      0.986      0.330 0.0000e+00
    898.195      21558    710.571 -106.17374   20.51982    705.000     6.3401     6.3396   3.456314   3.456427 7.4414e-02    12.3392     4.5739 5.0688e-02          0     4.5739     0.0248     0.5055     0.0000     4.6520     0.0000     0.0050     0.0000     0.5052    34.5178    34.5195    27.1363    27.1377     0.0328      0.997      0.333 0.0000e+00
    899.575      21591    711.581 -106.17374   20.51982    706.000     6.3355     6.3355   3.455984   3.456103 7.3464e-02    12.3393     4.5738 5.0671e-02          0     4.5738     0.0245     0.5054     0.0000     4.6522     0.0000     0.0049     0.0000     0.5052    34.5183    34.5196    27.1372    27.1383     0.0329      1.001      0.335 0.0000e+00
    901.638      21640    712.590 -106.17374   20.51982    707.000     6.3342     6.3346   3.455935   3.456079 7.3393e-02    12.3418     4.5709 5.1546e-02          0     4.5709     0.0244     0.5055     0.0000     4.6524     0.0000     0.0121     0.0000     0.5053    34.5186    34.5198    27.1376    27.1385     0.0335      1.021      0.341 0.0000e+00
    903.656      21689    713.600 -106.17374   20.51980    708.000     6.3324     6.3325   3.455790   3.455953 7.3363e-02    12.3396     4.5735 5.0886e-02          0     4.5735     0.0244     0.5054     0.0000     4.6515     0.0000     0.0067     0.0000     0.5052    34.5183    34.5199    27.1376    27.1390     0.0338      1.029      0.344 0.0000e+00
    904.821      21717    714.609 -106.17374   20.51981    709.000     6.3285     6.3285   3.455485   3.455640 7.6359e-02    12.3387     4.5745 5.0690e-02          0     4.5745     0.0254     0.5055     0.0000     4.6506     0.0000     0.0051     0.0000     0.5053    34.5184    34.5200    27.1382    27.1395     0.0334      1.017      0.340 0.0000e+00
    905.694      21738    715.619 -106.17374   20.51982    710.000     6.3243     6.3238   3.455098   3.455237 7.3165e-02    12.3398     4.5732 5.0757e-02          0     4.5732     0.0244     0.5055     0.0000     4.6496     0.0000     0.0056     0.0000     0.5053    34.5178    34.5197    27.1383    27.1400     0.0330      1.004      0.336 0.0000e+00
    906.445      21756    716.629 -106.17374   20.51982    711.000     6.3110     6.3106   3.453970   3.454115 7.4082e-02    12.3388     4.5744 5.0670e-02          0     4.5744     0.0247     0.5054     0.0000     4.6497     0.0000     0.0049     0.0000     0.5052    34.5181    34.5201    27.1403    27.1420     0.0330      1.004      0.335 0.0000e+00
    907.148      21773    717.638 -106.17374   20.51982    712.000     6.3089     6.3092   3.453873   3.454045 7.7689e-02    12.3387     4.5745 5.1063e-02          0     4.5745     0.0259     0.5054     0.0000     4.6497     0.0000     0.0082     0.0000     0.5052    34.5186    34.5203    27.1410    27.1423     0.0334      1.017      0.340 0.0000e+00
    907.843      21789    718.648 -106.17374   20.51982    713.000     6.3073     6.3077   3.453770   3.453955 7.3466e-02    12.3384     4.5748 5.1163e-02          0     4.5748     0.0245     0.5055     0.0000     4.6503     0.0000     0.0090     0.0000     0.5053    34.5186    34.5203    27.1412    27.1425     0.0340      1.034      0.346 0.0000e+00
    908.566      21807    719.657 -106.17374   20.51982    714.000     6.3054     6.3056   3.453626   3.453785 7.3260e-02    12.3397     4.5733 5.3560e-02          0     4.5733     0.0244     0.5055     0.0000     4.6508     0.0000     0.0285     0.0000     0.5053    34.5185    34.5201    27.1414    27.1426     0.0344      1.047      0.350 0.0000e+00
    909.375      21826    720.667 -106.17374   20.51982    715.000     6.3026     6.3028   3.453423   3.453592 7.3609e-02    12.3396     4.5734 5.2065e-02          0     4.5734     0.0245     0.5056     0.0000     4.6509     0.0000     0.0165     0.0000     0.5054    34.5185    34.5202    27.1418    27.1431     0.0338      1.028      0.343 0.0000e+00
    910.324      21849    721.677 -106.17374   20.51982    716.000     6.2947     6.2938   3.452647   3.452761 7.4028e-02    12.3386     4.5747 5.0783e-02          0     4.5747     0.0247     0.5055     0.0000     4.6512     0.0000     0.0058     0.0000     0.5053    34.5174    34.5196    27.1419    27.1438     0.0332      1.011      0.338 0.0000e+00
    911.341      21873    722.686 -106.17374   20.51982    717.000     6.2746     6.2744   3.450941   3.451093 7.3254e-02    12.3386     4.5746 5.0856e-02          0     4.5746     0.0244     0.5055     0.0000     4.6516     0.0000     0.0065     0.0000     0.5053    34.5181    34.5201    27.1451    27.1467     0.0336      1.023      0.342 0.0000e+00
    912.294      21896    723.696 -106.17374   20.51982    718.000     6.2656     6.2653   3.450133   3.450282 7.7016e-02    12.3387     4.5745 5.1650e-02          0     4.5745     0.0257     0.5055     0.0000     4.6511     0.0000     0.0130     0.0000     0.5053    34.5177    34.5197    27.1460    27.1475     0.0332      1.011      0.338 0.0000e+00
    913.229      21919    724.706 -106.17374   20.51982    719.000     6.2557     6.2556   3.449319   3.449468 7.3811e-02    12.3390     4.5742 5.1801e-02          0     4.5742     0.0246     0.5054     0.0000     4.6507     0.0000     0.0142     0.0000     0.5052    34.5182    34.5199    27.1476    27.1490     0.0327      0.994      0.332 0.0000e+00
    914.256      21943    725.716 -106.17374   20.51982    720.000     6.2510     6.2510   3.448946   3.449098 7.4239e-02    12.3389     4.5742 5.1497e-02          0     4.5742     0.0247     0.5054     0.0000     4.6507     0.0000     0.0118     0.0000     0.5052    34.5183    34.5199    27.1483    27.1496     0.0337      1.026      0.342 0.0000e+00
    915.376      21970    726.725 -106.17374   20.51982    721.000     6.2478     6.2479   3.448709   3.448869 7.3395e-02    12.3391     4.5741 5.0681e-02          0     4.5741     0.0244     0.5055     0.0000     4.6537     0.0000     0.0050     0.0000     0.5053    34.5184    34.5201    27.1488    27.1501     0.0337      1.026      0.342 0.0000e+00
    916.476      21996    727.735 -106.17374   20.51982    722.000     6.2439     6.2436   3.448384   3.448528 7.5311e-02    12.3400     4.5730 5.0770e-02          0     4.5730     0.0251     0.5054     0.0000     4.6568     0.0000     0.0057     0.0000     0.5052    34.5182    34.5201    27.1492    27.1507     0.0336      1.022      0.341 0.0000e+00
    917.550      22022    728.745 -106.17374   20.51981    723.000     6.2305     6.2294   3.447190   3.447280 7.3592e-02    12.3390     4.5741 5.2288e-02          0     4.5741     0.0245     0.5055     0.0000     4.6684     0.0000     0.0182     0.0000     0.5053    34.5178    34.5200    27.1506    27.1525     0.0342      1.040      0.347 0.0000e+00
    918.739      22051    729.755 -106.17374   20.51980    724.000     6.2087     6.2073   3.445278   3.445343 7.3380e-02    12.3391     4.5740 5.1448e-02          0     4.5740     0.0244     0.5055     0.0000     4.6699     0.0000     0.0113     0.0000     0.5053    34.5181    34.5202    27.1536    27.1554     0.0330      1.005      0.335 0.0000e+00
    920.071      22083    730.764 -106.17374   20.51980    725.000     6.2003     6.2000   3.444618   3.444741 7.3701e-02    12.3410     4.5718 5.1436e-02          0     4.5718     0.0245     0.5055     0.0000     4.6704     0.0000     0.0112     0.0000     0.5053    34.5187    34.5204    27.1552    27.1565     0.0339      1.031      0.344 0.0000e+00
