data/ctd-cnv/RR1804/RR1803-St33-P1/Station33_cast70.cnv
* Sea-Bird SBE 9 Data File:
* FileName = C:\CTD\RR1805\Station33_cast70.hex
* Software Version Seasave V 7.26.6.26
* Temperature SN = 4307
* Conductivity SN = 4650
* Number of Bytes Per Scan = 44
* Number of Voltage Words = 5
* Number of Scans Averaged by the Deck Unit = 1
* NMEA Latitude = 20 27.24 N
* NMEA Longitude = 106 09.98 W
* NMEA UTC (Time) = Apr 26 2018 18:56:09
** Ship: Revell
** Station: 33
** Operator: GR
** Station P1 Cast 70 Diel
# nquan = 32
# nvalues = 202                         
# units = specified
# name 0 = timeS: Time, Elapsed [seconds]
# name 1 = scan: Scan Count
# name 2 = prDM: Pressure, Digiquartz [db]
# name 3 = longitude: Longitude [deg]
# name 4 = latitude: Latitude [deg]
# name 5 = depSM: Depth [salt water, m]
# name 6 = t090C: Temperature [ITS-90, deg C]
# name 7 = t190C: Temperature, 2 [ITS-90, deg C]
# name 8 = c0S/m: Conductivity [S/m]
# name 9 = c1S/m: Conductivity, 2 [S/m]
# name 10 = flSP: Fluorescence, Seapoint
# name 11 = CStarAt0: Beam Attenuation, WET Labs C-Star [1/m]
# name 12 = CStarTr0: Beam Transmission, WET Labs C-Star [%]
# name 13 = par: PAR/Irradiance, Biospherical/Licor
# name 14 = modError: Modulo Error Count
# name 15 = v0: Voltage 0
# name 16 = v1: Voltage 1
# name 17 = v2: Voltage 2
# name 18 = v3: Voltage 3
# name 19 = v4: Voltage 4
# name 20 = v5: Voltage 5
# name 21 = v6: Voltage 6
# name 22 = v7: Voltage 7
# name 23 = sbeox0V: Oxygen raw, SBE 43 [V]
# name 24 = sal00: Salinity, Practical [PSU]
# name 25 = sal11: Salinity, Practical, 2 [PSU]
# name 26 = sigma-é00: Density [sigma-theta, kg/m^3]
# name 27 = sigma-é11: Density, 2 [sigma-theta, kg/m^3]
# name 28 = sbeox0Mg/L: Oxygen, SBE 43 [mg/l], WS = 2
# name 29 = sbox0Mm/Kg: Oxygen, SBE 43 [umol/kg], WS = 2
# name 30 = sbeox0PS: Oxygen, SBE 43 [% saturation], WS = 2
# name 31 = flag: flag
# span 0 =     -3.620,    594.755       
# span 1 =        -86,      14275       
# span 2 =      1.006,    203.347       
# span 3 = -106.16634, -106.16628       
# span 4 =   20.45411,   20.45416       
# span 5 =      1.000,    202.000       
# span 6 =    12.1552,    25.9475       
# span 7 =    12.1565,    25.9437       
# span 8 =   4.002196,   5.360931       
# span 9 =   4.002477,   5.360333       
# span 10 = 7.3252e-02, 1.9117e+00      
# span 11 =    12.3575,    12.5960      
# span 12 =     4.2896,     4.5530      
# span 13 = 5.0671e-02, 2.1266e+03      
# span 14 =          0,          0      
# span 15 =     4.2896,     4.5530      
# span 16 =     0.0244,     0.6372      
# span 17 =     0.5054,     2.7465      
# span 18 =     0.0000,     0.0000      
# span 19 =     4.5069,     4.6535      
# span 20 =     0.0000,     0.0000      
# span 21 =     0.0049,     4.6500      
# span 22 =     0.0000,     0.0000      
# span 23 =     0.5051,     2.7465      
# span 24 =    34.5269,    34.8271      
# span 25 =    34.5324,    34.8286      
# span 26 =    22.8002,    26.4005      
# span 27 =    22.8003,    26.4014      
# span 28 =     0.0267,     6.6280      
# span 29 =      0.813,    202.472      
# span 30 =      0.309,     98.310      
# span 31 = 0.0000e+00, 0.0000e+00      
# interval = meters: 1                  
# start_time = Apr 26 2018 18:56:06 [System UTC, first data scan.]
# bad_flag = -9.990e-29
*END*
[from data line 46]
    218.566       5247     47.296 -106.16628   20.45414     47.000    16.5122    16.5115   4.405373   4.405084 2.7091e-01    12.3716     4.5370 6.0663e+00          0     4.5370     0.0903     0.5461     0.0000     4.5785     0.0000     2.0796     0.0000     0.5457    34.6652    34.6632    25.3737    25.3723     0.1565      4.769      1.977 0.0000e+00
    220.446       5292     48.302 -106.16628   20.45414     48.000    16.4875    16.4860   4.403298   4.402932 3.3969e-01    12.3683     4.5408 5.5833e+00          0     4.5408     0.1132     0.5436     0.0000     4.5805     0.0000     2.0435     0.0000     0.5432    34.6679    34.6660    25.3816    25.3805     0.1511      4.605      1.908 0.0000e+00
    222.480       5341     49.308 -106.16628   20.45414     49.000    16.4727    16.4727   4.402195   4.401978 2.7877e-01    12.3682     4.5409 5.2189e+00          0     4.5409     0.0929     0.5417     0.0000     4.5821     0.0000     2.0142     0.0000     0.5413    34.6706    34.6687    25.3871    25.3857     0.1462      4.456      1.846 0.0000e+00
    225.133       5404     50.315 -106.16628   20.45414     50.000    16.4576    16.4597   4.401101   4.401066 2.8095e-01    12.3680     4.5411 4.9852e+00          0     4.5411     0.0936     0.5399     0.0000     4.5834     0.0000     1.9944     0.0000     0.5395    34.6737    34.6716    25.3930    25.3909     0.1400      4.268      1.768 0.0000e+00
    227.654       5465     51.321 -106.16628   20.45414     51.000    16.4182    16.4153   4.397358   4.397064 3.1683e-01    12.3700     4.5389 4.6157e+00          0     4.5389     0.1056     0.5366     0.0000     4.5851     0.0000     1.9608     0.0000     0.5362    34.6745    34.6745    25.4029    25.4035     0.1209      3.684      1.525 0.0000e+00
    229.215       5502     52.328 -106.16630   20.45414     52.000    16.3375    16.3341   4.390600   4.390301 2.3136e-01    12.3647     4.5449 4.1458e+00          0     4.5449     0.0771     0.5321     0.0000     4.5864     0.0000     1.9142     0.0000     0.5317    34.6847    34.6850    25.4294    25.4304     0.0997      3.037      1.255 0.0000e+00
    230.748       5539     53.334 -106.16630   20.45414     53.000    16.2586    16.2549   4.383666   4.383300 1.8961e-01    12.3664     4.5430 3.8012e+00          0     4.5430     0.0632     0.5270     0.0000     4.5881     0.0000     1.8765     0.0000     0.5266    34.6916    34.6917    25.4530    25.4538     0.0837      2.550      1.052 0.0000e+00
    233.021       5593     54.340 -106.16630   20.45414     54.000    16.0859    16.0715   4.367547   4.366858 2.4102e-01    12.3735     4.5348 3.7252e+00          0     4.5348     0.0803     0.5206     0.0000     4.5898     0.0000     1.8679     0.0000     0.5202    34.6990    34.7055    25.4983    25.5066     0.0632      1.924      0.792 0.0000e+00
    235.311       5648     55.347 -106.16630   20.45412     55.000    15.8987    15.8898   4.350885   4.350317 5.2235e-01    12.3879     4.5185 3.6459e+00          0     4.5185     0.1741     0.5159     0.0000     4.5915     0.0000     1.8585     0.0000     0.5155    34.7141    34.7169    25.5528    25.5569     0.0551      1.680      0.689 0.0000e+00
    236.931       5687     56.353 -106.16630   20.45412     56.000    15.7735    15.7694   4.340029   4.339623 3.2262e-01    12.3796     4.5279 3.3452e+00          0     4.5279     0.1075     0.5147     0.0000     4.5932     0.0000     1.8210     0.0000     0.5143    34.7266    34.7266    25.5908    25.5917     0.0525      1.600      0.654 0.0000e+00
    238.901       5735     57.360 -106.16630   20.45412     57.000    15.7050    15.7028   4.334062   4.333729 1.6906e-01    12.3669     4.5424 2.9114e+00          0     4.5424     0.0563     0.5135     0.0000     4.5946     0.0000     1.7600     0.0000     0.5131    34.7330    34.7320    25.6112    25.6109     0.0500      1.523      0.622 0.0000e+00
    242.150       5813     58.366 -106.16630   20.45412     58.000    15.6558    15.6565   4.329883   4.329833 1.6613e-01    12.3659     4.5435 2.5414e+00          0     4.5435     0.0554     0.5127     0.0000     4.5970     0.0000     1.7019     0.0000     0.5123    34.7385    34.7374    25.6266    25.6256     0.0493      1.502      0.613 0.0000e+00
    244.619       5872     59.373 -106.16630   20.45412     59.000    15.6068    15.6050   4.325341   4.325131 1.8920e-01    12.3595     4.5509 2.4180e+00          0     4.5509     0.0631     0.5126     0.0000     4.5990     0.0000     1.6802     0.0000     0.5122    34.7404    34.7402    25.6391    25.6393     0.0494      1.506      0.614 0.0000e+00
    245.924       5903     60.379 -106.16630   20.45412     60.000    15.5287    15.5234   4.317920   4.317625 2.3788e-01    12.3586     4.5518 2.3008e+00          0     4.5518     0.0793     0.5126     0.0000     4.5997     0.0000     1.6586     0.0000     0.5122    34.7422    34.7442    25.6580    25.6608     0.0494      1.505      0.613 0.0000e+00
    247.025       5930     61.386 -106.16630   20.45412     61.000    15.3988    15.3942   4.306018   4.305741 5.7560e-01    12.3821     4.5251 2.1809e+00          0     4.5251     0.1919     0.5126     0.0000     4.6007     0.0000     1.6354     0.0000     0.5122    34.7494    34.7509    25.6926    25.6948     0.0482      1.469      0.596 0.0000e+00
    248.190       5958     62.392 -106.16630   20.45412     62.000    15.3436    15.3416   4.300998   4.300779 8.1268e-01    12.3953     4.5102 2.0618e+00          0     4.5102     0.2709     0.5123     0.0000     4.6018     0.0000     1.6110     0.0000     0.5119    34.7525    34.7522    25.7073    25.7076     0.0485      1.479      0.600 0.0000e+00
    251.203       6030     63.399 -106.16630   20.45412     63.000    15.2852    15.2844   4.295660   4.295467 1.1144e+00    12.4009     4.5039 1.8704e+00          0     4.5039     0.3715     0.5119     0.0000     4.6032     0.0000     1.5681     0.0000     0.5115    34.7555    34.7544    25.7227    25.7220     0.0465      1.418      0.574 0.0000e+00
    255.402       6131     64.405 -106.16630   20.45412     64.000    15.2018    15.2014   4.287807   4.287744 1.0194e+00    12.4115     4.4920 1.5655e+00          0     4.4920     0.3398     0.5116     0.0000     4.6047     0.0000     1.4917     0.0000     0.5112    34.7579    34.7577    25.7430    25.7429     0.0463      1.410      0.570 0.0000e+00
    256.654       6161     65.412 -106.16630   20.45412     65.000    15.1407    15.1388   4.282136   4.281994 1.0538e+00    12.4178     4.4850 1.4281e+00          0     4.4850     0.3513     0.5116     0.0000     4.6060     0.0000     1.4514     0.0000     0.5112    34.7603    34.7608    25.7584    25.7591     0.0462      1.408      0.569 0.0000e+00
    257.998       6193     66.418 -106.16630   20.45412     66.000    14.9947    14.9898   4.268476   4.268240 9.5843e-01    12.4170     4.4858 1.3172e+00          0     4.4858     0.3195     0.5116     0.0000     4.6072     0.0000     1.4164     0.0000     0.5112    34.7656    34.7678    25.7945    25.7973     0.0456      1.388      0.559 0.0000e+00
    259.470       6228     67.424 -106.16630   20.45412     67.000    14.9430    14.9430   4.264313   4.264211 8.9204e-01    12.4015     4.5033 1.2308e+00          0     4.5033     0.2974     0.5110     0.0000     4.6082     0.0000     1.3870     0.0000     0.5106    34.7733    34.7723    25.8118    25.8111     0.0425      1.295      0.521 0.0000e+00
    261.080       6267     68.431 -106.16630   20.45412     68.000    14.9342    14.9347   4.263569   4.263506 1.2081e+00    12.3992     4.5058 1.1551e+00          0     4.5058     0.4027     0.5107     0.0000     4.6092     0.0000     1.3594     0.0000     0.5103    34.7740    34.7729    25.8143    25.8134     0.0425      1.294      0.521 0.0000e+00
    262.961       6312     69.438 -106.16630   20.45412     69.000    14.9161    14.9163   4.261856   4.261779 1.0010e+00    12.4025     4.5021 1.0521e+00          0     4.5021     0.3337     0.5106     0.0000     4.6101     0.0000     1.3188     0.0000     0.5102    34.7740    34.7732    25.8183    25.8177     0.0429      1.306      0.525 0.0000e+00
    265.340       6369     70.444 -106.16631   20.45412     70.000    14.8856    14.8859   4.258972   4.258923 1.1461e+00    12.4027     4.5019 9.3405e-01          0     4.5019     0.3820     0.5105     0.0000     4.6110     0.0000     1.2666     0.0000     0.5101    34.7745    34.7738    25.8255    25.8248     0.0421      1.283      0.516 0.0000e+00
    269.138       6460     71.451 -106.16632   20.45412     71.000    14.8597    14.8602   4.256480   4.256490 1.2633e+00    12.4066     4.4975 7.9282e-01          0     4.4975     0.4211     0.5104     0.0000     4.6123     0.0000     1.1964     0.0000     0.5100    34.7745    34.7741    25.8311    25.8307     0.0423      1.290      0.519 0.0000e+00
    271.028       6506     72.457 -106.16632   20.45412     72.000    14.7934    14.7918   4.249971   4.249908 1.0473e+00    12.4094     4.4944 7.0942e-01          0     4.4944     0.3491     0.5104     0.0000     4.6136     0.0000     1.1478     0.0000     0.5100    34.7738    34.7746    25.8450    25.8460     0.0423      1.289      0.517 0.0000e+00
    272.331       6537     73.464 -106.16632   20.45414     73.000    14.7423    14.7405   4.245262   4.245177 9.6495e-01    12.4075     4.4965 6.4899e-01          0     4.4965     0.3216     0.5103     0.0000     4.6143     0.0000     1.1090     0.0000     0.5099    34.7759    34.7767    25.8578    25.8588     0.0414      1.261      0.506 0.0000e+00
    273.720       6570     74.470 -106.16632   20.45414     74.000    14.6967    14.6946   4.241040   4.240911 1.0157e+00    12.4076     4.4964 5.9280e-01          0     4.4964     0.3386     0.5101     0.0000     4.6152     0.0000     1.0697     0.0000     0.5097    34.7776    34.7783    25.8690    25.8700     0.0411      1.253      0.502 0.0000e+00
    275.488       6613     75.477 -106.16632   20.45414     75.000    14.6675    14.6679   4.238458   4.238451 1.1346e+00    12.4034     4.5011 5.5572e-01          0     4.5011     0.3782     0.5100     0.0000     4.6160     0.0000     1.0418     0.0000     0.5096    34.7796    34.7792    25.8769    25.8765     0.0406      1.238      0.495 0.0000e+00
    277.461       6660     76.483 -106.16632   20.45414     76.000    14.6498    14.6503   4.236856   4.236883 1.0842e+00    12.4021     4.5026 5.2189e-01          0     4.5026     0.3614     0.5097     0.0000     4.6166     0.0000     1.0145     0.0000     0.5093    34.7803    34.7802    25.8813    25.8811     0.0390      1.189      0.476 0.0000e+00
    279.301       6704     77.490 -106.16632   20.45414     77.000    14.6194    14.6192   4.234060   4.234052 1.0808e+00    12.4019     4.5028 4.7019e-01          0     4.5028     0.3603     0.5096     0.0000     4.6172     0.0000     0.9691     0.0000     0.5092    34.7815    34.7816    25.8888    25.8889     0.0394      1.200      0.480 0.0000e+00
    281.923       6767     78.496 -106.16632   20.45413     78.000    14.5828    14.5814   4.230613   4.230481 1.1767e+00    12.4002     4.5047 4.0852e-01          0     4.5047     0.3922     0.5094     0.0000     4.6178     0.0000     0.9077     0.0000     0.5090    34.7823    34.7823    25.8973    25.8976     0.0388      1.182      0.472 0.0000e+00
    285.202       6846     79.503 -106.16632   20.45414     79.000    14.5401    14.5392   4.226738   4.226612 1.0486e+00    12.4020     4.5027 3.5493e-01          0     4.5027     0.3495     0.5093     0.0000     4.6187     0.0000     0.8474     0.0000     0.5089    34.7845    34.7842    25.9083    25.9082     0.0384      1.171      0.468 0.0000e+00
    287.154       6893     80.510 -106.16632   20.45414     80.000    14.5233    14.5211   4.225078   4.224947 8.8905e-01    12.3979     4.5072 3.2664e-01          0     4.5072     0.2963     0.5094     0.0000     4.6197     0.0000     0.8113     0.0000     0.5090    34.7839    34.7847    25.9114    25.9125     0.0391      1.190      0.475 0.0000e+00
    288.651       6929     81.516 -106.16632   20.45414     81.000    14.4446    14.4418   4.217577   4.217530 7.5795e-01    12.3966     4.5087 3.0730e-01          0     4.5087     0.2527     0.5093     0.0000     4.6204     0.0000     0.7847     0.0000     0.5089    34.7850    34.7871    25.9292    25.9314     0.0382      1.165      0.464 0.0000e+00
    289.910       6959     82.523 -106.16632   20.45414     82.000    14.3990    14.3983   4.213634   4.213610 6.1823e-01    12.3922     4.5137 2.8370e-01          0     4.5137     0.2061     0.5092     0.0000     4.6213     0.0000     0.7500     0.0000     0.5088    34.7892    34.7897    25.9422    25.9427     0.0380      1.157      0.460 0.0000e+00
    291.216       6990     83.529 -106.16632   20.45414     83.000    14.3741    14.3721   4.211268   4.211182 5.6634e-01    12.3894     4.5169 2.6403e-01          0     4.5169     0.1888     0.5092     0.0000     4.6217     0.0000     0.7190     0.0000     0.5088    34.7894    34.7903    25.9477    25.9488     0.0386      1.175      0.468 0.0000e+00
    293.190       7038     84.536 -106.16632   20.45414     84.000    14.3375    14.3372   4.207939   4.207960 6.8560e-01    12.3865     4.5201 2.4723e-01          0     4.5201     0.2285     0.5092     0.0000     4.6225     0.0000     0.6903     0.0000     0.5088    34.7911    34.7915    25.9568    25.9572     0.0382      1.165      0.463 0.0000e+00
    295.837       7101     85.542 -106.16632   20.45414     85.000    14.2937    14.2941   4.203853   4.203909 6.7068e-01    12.3857     4.5210 2.2585e-01          0     4.5210     0.2236     0.5090     0.0000     4.6232     0.0000     0.6511     0.0000     0.5086    34.7924    34.7925    25.9672    25.9672     0.0370      1.127      0.448 0.0000e+00
    298.835       7173     86.549 -106.16632   20.45414     86.000    14.2831    14.2854   4.202966   4.203159 7.1379e-01    12.3853     4.5214 1.9972e-01          0     4.5214     0.2379     0.5090     0.0000     4.6241     0.0000     0.5976     0.0000     0.5086    34.7932    34.7930    25.9701    25.9694     0.0375      1.143      0.454 0.0000e+00
    301.601       7239     87.556 -106.16632   20.45415     87.000    14.2642    14.2649   4.201256   4.201341 6.4437e-01    12.3846     4.5223 1.7813e-01          0     4.5223     0.2148     0.5088     0.0000     4.6251     0.0000     0.5485     0.0000     0.5084    34.7941    34.7943    25.9748    25.9748     0.0369      1.123      0.446 0.0000e+00
    303.337       7281     88.562 -106.16632   20.45416     88.000    14.2455    14.2448   4.199518   4.199541 4.8153e-01    12.3835     4.5236 1.6784e-01          0     4.5236     0.1605     0.5089     0.0000     4.6252     0.0000     0.5225     0.0000     0.5085    34.7944    34.7952    25.9791    25.9799     0.0382      1.162      0.461 0.0000e+00
    304.643       7312     89.569 -106.16632   20.45416     89.000    14.1988    14.1972   4.194955   4.194986 4.5848e-01    12.3837     4.5234 1.6144e-01          0     4.5234     0.1528     0.5090     0.0000     4.6261     0.0000     0.5058     0.0000     0.5086    34.7938    34.7955    25.9885    25.9902     0.0377      1.149      0.456 0.0000e+00
    305.892       7342     90.575 -106.16632   20.45416     90.000    14.1576    14.1575   4.191259   4.191325 4.7384e-01    12.3830     4.5241 1.5251e-01          0     4.5241     0.1579     0.5087     0.0000     4.6264     0.0000     0.4810     0.0000     0.5083    34.7963    34.7970    25.9992    25.9998     0.0354      1.077      0.427 0.0000e+00
