data/ctd-cnv/RR1804/RR1803-St33-P1/Station33_cast71.cnv
* Sea-Bird SBE 9 Data File:
* FileName = C:\CTD\RR1805\Station33_cast71.hex
* Software Version Seasave V 7.26.6.26
* Temperature SN = 4307
* Conductivity SN = 4650
* Number of Bytes Per Scan = 44
* Number of Voltage Words = 5
* Number of Scans Averaged by the Deck Unit = 1
* NMEA Latitude = 20 29.07 N
* NMEA Longitude = 106 11.47 W
* NMEA UTC (Time) = Apr 27 2018 00:01:50
** Ship: Revell
** Station: 33
** Operator: GR
** Station P1 Cast 71 Diel
# nquan = 32
# nvalues = 702                         
# units = specified
# name 0 = timeS: Time, Elapsed [seconds]
# name 1 = scan: Scan Count
# name 2 = prDM: Pressure, Digiquartz [db]
# name 3 = longitude: Longitude [deg]
# name 4 = latitude: Latitude [deg]
# name 5 = depSM: Depth [salt water, m]
# name 6 = t090C: Temperature [ITS-90, deg C]
# name 7 = t190C: Temperature, 2 [ITS-90, deg C]
# name 8 = c0S/m: Conductivity [S/m]
# name 9 = c1S/m: Conductivity, 2 [S/m]
# name 10 = flSP: Fluorescence, Seapoint
# name 11 = CStarAt0: Beam Attenuation, WET Labs C-Star [1/m]
# name 12 = CStarTr0: Beam Transmission, WET Labs C-Star [%]
# name 13 = par: PAR/Irradiance, Biospherical/Licor
# name 14 = modError: Modulo Error Count
# name 15 = v0: Voltage 0
# name 16 = v1: Voltage 1
# name 17 = v2: Voltage 2
# name 18 = v3: Voltage 3
# name 19 = v4: Voltage 4
# name 20 = v5: Voltage 5
# name 21 = v6: Voltage 6
# name 22 = v7: Voltage 7
# name 23 = sbeox0V: Oxygen raw, SBE 43 [V]
# name 24 = sal00: Salinity, Practical [PSU]
# name 25 = sal11: Salinity, Practical, 2 [PSU]
# name 26 = sigma-é00: Density [sigma-theta, kg/m^3]
# name 27 = sigma-é11: Density, 2 [sigma-theta, kg/m^3]
# name 28 = sbeox0Mg/L: Oxygen, SBE 43 [mg/l], WS = 2
# name 29 = sbox0Mm/Kg: Oxygen, SBE 43 [umol/kg], WS = 2
# name 30 = sbeox0PS: Oxygen, SBE 43 [% saturation], WS = 2
# name 31 = flag: flag
# span 0 =     28.661,   1113.767       
# span 1 =        689,      26731       
# span 2 =      1.006,    707.540       
# span 3 = -106.19122, -106.19116       
# span 4 =   20.48462,   20.48470       
# span 5 =      1.000,    702.000       
# span 6 =     6.3292,    25.9071       
# span 7 =     6.3280,    25.8857       
# span 8 =   3.455325,   5.341131       
# span 9 =   3.455313,   5.344914       
# span 10 = 7.2845e-02, 1.8771e+00      
# span 11 =    11.8044,    15.5269      
# span 12 =     3.9919,     4.5748      
# span 13 = 5.0012e-02, 1.3295e+02      
# span 14 =          0,          0      
# span 15 =     3.9919,     4.5748      
# span 16 =     0.0243,     0.6257      
# span 17 =     0.5053,     2.8806      
# span 18 =     0.0000,     0.0001      
# span 19 =     2.1624,     4.9244      
# span 20 =     0.0000,     0.0000      
# span 21 =    -0.0005,     3.2790      
# span 22 =     0.0000,     0.0000      
# span 23 =     0.5050,     2.8806      
# span 24 =    34.4994,    34.8143      
# span 25 =    34.4633,    34.8157      
# span 26 =    22.7271,    27.1387      
# span 27 =    22.6640,    27.1398      
# span 28 =     0.0283,     6.9516      
# span 29 =      0.861,    212.378      
# span 30 =      0.302,    103.706      
# span 31 = 0.0000e+00, 0.0000e+00      
# interval = meters: 1                  
# start_time = Apr 27 2018 00:01:47 [System UTC, first data scan.]
# bad_flag = -9.990e-29
*END*
[from data line 182]
    524.444      12588    184.212 -106.19120   20.48466    183.000    12.3301    12.3293   4.018901   4.019045 7.5483e-02    12.3604     4.5498 5.0671e-02          0     4.5498     0.0251     0.5071     0.0000     4.6441     0.0000     0.0049     0.0000     0.5068    34.7965    34.7986    26.3722    26.3740     0.0319      0.972      0.371 0.0000e+00
    525.433      12611    185.219 -106.19120   20.48466    184.000    12.3134    12.3130   4.017313   4.017469 7.5710e-02    12.3605     4.5497 5.0671e-02          0     4.5497     0.0252     0.5073     0.0000     4.6473     0.0000     0.0049     0.0000     0.5070    34.7962    34.7980    26.3752    26.3767     0.0348      1.059      0.404 0.0000e+00
    526.471      12636    186.226 -106.19120   20.48466    185.000    12.3020    12.3016   4.016106   4.016263 7.6090e-02    12.3634     4.5464 5.0671e-02          0     4.5464     0.0253     0.5073     0.0000     4.6475     0.0000     0.0049     0.0000     0.5070    34.7947    34.7965    26.3763    26.3778     0.0344      1.048      0.400 0.0000e+00
    527.562      12662    187.233 -106.19120   20.48466    186.000    12.2931    12.2930   4.015263   4.015450 7.6939e-02    12.3630     4.5467 5.0671e-02          0     4.5467     0.0256     0.5074     0.0000     4.6483     0.0000     0.0049     0.0000     0.5071    34.7943    34.7963    26.3777    26.3793     0.0335      1.020      0.389 0.0000e+00
    528.743      12691    188.240 -106.19120   20.48466    187.000    12.2819    12.2818   4.014209   4.014378 7.7628e-02    12.3631     4.5467 5.0671e-02          0     4.5467     0.0258     0.5072     0.0000     4.6485     0.0000     0.0049     0.0000     0.5069    34.7941    34.7958    26.3798    26.3811     0.0324      0.988      0.377 0.0000e+00
    530.023      12722    189.247 -106.19120   20.48466    188.000    12.2747    12.2747   4.013561   4.013733 7.9735e-02    12.3650     4.5445 5.0671e-02          0     4.5445     0.0266     0.5071     0.0000     4.6485     0.0000     0.0049     0.0000     0.5068    34.7941    34.7957    26.3811    26.3824     0.0337      1.027      0.392 0.0000e+00
    531.292      12752    190.255 -106.19120   20.48466    189.000    12.2622    12.2618   4.012276   4.012471 7.5780e-02    12.3644     4.5452 5.0671e-02          0     4.5452     0.0252     0.5074     0.0000     4.6482     0.0000     0.0049     0.0000     0.5071    34.7928    34.7951    26.3827    26.3845     0.0344      1.048      0.400 0.0000e+00
    532.401      12779    191.262 -106.19118   20.48466    190.000    12.2472    12.2474   4.010910   4.011090 7.6135e-02    12.3669     4.5424 5.0671e-02          0     4.5424     0.0253     0.5073     0.0000     4.5740     0.0000     0.0049     0.0000     0.5070    34.7930    34.7946    26.3857    26.3870     0.0336      1.023      0.390 0.0000e+00
    533.347      12801    192.269 -106.19118   20.48468    191.000    12.2365    12.2344   4.009677   4.009741 7.6971e-02    12.3635     4.5462 5.0671e-02          0     4.5462     0.0256     0.5074     0.0000     4.6288     0.0000     0.0049     0.0000     0.5071    34.7906    34.7932    26.3860    26.3883     0.0347      1.058      0.403 0.0000e+00
    534.196      12822    193.276 -106.19118   20.48468    192.000    12.2053    12.2047   4.006690   4.006861 7.6923e-02    12.3661     4.5432 5.0671e-02          0     4.5432     0.0256     0.5074     0.0000     4.6178     0.0000     0.0049     0.0000     0.5071    34.7902    34.7925    26.3917    26.3935     0.0350      1.065      0.406 0.0000e+00
    535.018      12841    194.283 -106.19118   20.48468    193.000    12.1980    12.1977   4.006065   4.006214 7.5828e-02    12.3616     4.5483 5.0671e-02          0     4.5483     0.0252     0.5074     0.0000     4.5713     0.0000     0.0049     0.0000     0.5071    34.7905    34.7922    26.3933    26.3947     0.0324      0.985      0.375 0.0000e+00
    535.848      12861    195.290 -106.19118   20.48468    194.000    12.1930    12.1928   4.005585   4.005740 7.6188e-02    12.3617     4.5483 5.0671e-02          0     4.5483     0.0254     0.5072     0.0000     4.5713     0.0000     0.0049     0.0000     0.5069    34.7901    34.7918    26.3940    26.3953     0.0330      1.006      0.383 0.0000e+00
    536.731      12883    196.297 -106.19118   20.48468    195.000    12.1828    12.1825   4.004583   4.004749 7.6758e-02    12.3613     4.5488 5.0671e-02          0     4.5488     0.0256     0.5073     0.0000     4.6064     0.0000     0.0049     0.0000     0.5070    34.7894    34.7913    26.3954    26.3969     0.0338      1.029      0.392 0.0000e+00
    537.672      12905    197.304 -106.19118   20.48468    196.000    12.1722    12.1718   4.003572   4.003722 7.8271e-02    12.3629     4.5469 5.0671e-02          0     4.5469     0.0261     0.5072     0.0000     4.6430     0.0000     0.0049     0.0000     0.5069    34.7890    34.7908    26.3972    26.3986     0.0333      1.015      0.387 0.0000e+00
    538.684      12929    198.312 -106.19118   20.48468    197.000    12.1605    12.1601   4.002411   4.002571 7.6168e-02    12.3615     4.5485 5.0671e-02          0     4.5485     0.0254     0.5073     0.0000     4.6434     0.0000     0.0049     0.0000     0.5070    34.7881    34.7901    26.3988    26.4004     0.0326      0.991      0.377 0.0000e+00
    539.734      12955    199.319 -106.19118   20.48468    198.000    12.1534    12.1536   4.001802   4.001986 7.5652e-02    12.3608     4.5494 5.0671e-02          0     4.5494     0.0252     0.5069     0.0000     4.5733     0.0000     0.0049     0.0000     0.5066    34.7884    34.7900    26.4004    26.4016     0.0316      0.962      0.366 0.0000e+00
    540.826      12981    200.326 -106.19118   20.48468    199.000    12.1501    12.1502   4.001517   4.001688 7.7319e-02    12.3609     4.5492 5.0671e-02          0     4.5492     0.0258     0.5068     0.0000     4.5724     0.0000     0.0049     0.0000     0.5065    34.7883    34.7899    26.4009    26.4021     0.0318      0.967      0.368 0.0000e+00
    541.972      13008    201.333 -106.19118   20.48468    200.000    12.1447    12.1444   4.001023   4.001160 7.6666e-02    12.3600     4.5503 5.0671e-02          0     4.5503     0.0255     0.5070     0.0000     4.5722     0.0000     0.0049     0.0000     0.5067    34.7881    34.7897    26.4018    26.4032     0.0340      1.036      0.394 0.0000e+00
    543.058      13034    202.340 -106.19118   20.48468    201.000    12.1306    12.1293   3.999548   3.999662 7.6922e-02    12.3603     4.5500 5.0671e-02          0     4.5500     0.0256     0.5071     0.0000     4.5725     0.0000     0.0049     0.0000     0.5068    34.7865    34.7887    26.4033    26.4053     0.0337      1.025      0.390 0.0000e+00
    544.055      13058    203.347 -106.19118   20.48468    202.000    12.1090    12.1080   3.997397   3.997535 7.5955e-02    12.3604     4.5498 5.0671e-02          0     4.5498     0.0253     0.5072     0.0000     4.5726     0.0000     0.0049     0.0000     0.5069    34.7852    34.7875    26.4065    26.4085     0.0346      1.052      0.400 0.0000e+00
    545.001      13081    204.354 -106.19118   20.48468    203.000    12.0816    12.0805   3.994641   3.994788 8.0909e-02    12.3602     4.5500 5.0671e-02          0     4.5500     0.0270     0.5073     0.0000     4.5727     0.0000     0.0049     0.0000     0.5070    34.7835    34.7859    26.4104    26.4125     0.0334      1.018      0.387 0.0000e+00
    545.947      13104    205.362 -106.19118   20.48468    204.000    12.0623    12.0617   3.992744   3.992913 7.6969e-02    12.3625     4.5473 5.0671e-02          0     4.5473     0.0256     0.5071     0.0000     4.5740     0.0000     0.0049     0.0000     0.5068    34.7826    34.7847    26.4135    26.4153     0.0320      0.974      0.370 0.0000e+00
    546.934      13127    206.369 -106.19118   20.48468    205.000    12.0421    12.0404   3.990632   3.990745 7.8595e-02    12.3644     4.5453 5.0671e-02          0     4.5453     0.0262     0.5070     0.0000     4.6309     0.0000     0.0049     0.0000     0.5067    34.7804    34.7830    26.4156    26.4180     0.0312      0.950      0.361 0.0000e+00
    547.952      13152    207.376 -106.19118   20.48468    206.000    12.0177    12.0171   3.988311   3.988460 7.7662e-02    12.3644     4.5452 5.0671e-02          0     4.5452     0.0259     0.5069     0.0000     4.5738     0.0000     0.0049     0.0000     0.5066    34.7801    34.7821    26.4201    26.4217     0.0329      1.002      0.380 0.0000e+00
    548.971      13176    208.383 -106.19118   20.48468    207.000    12.0046    12.0042   3.987030   3.987177 7.7686e-02    12.3646     4.5450 5.0671e-02          0     4.5450     0.0259     0.5069     0.0000     4.5733     0.0000     0.0049     0.0000     0.5066    34.7794    34.7812    26.4220    26.4235     0.0330      1.005      0.381 0.0000e+00
    549.957      13200    209.390 -106.19118   20.48468    208.000    11.9914    11.9910   3.985770   3.985932 7.8515e-02    12.3640     4.5457 5.0671e-02          0     4.5457     0.0262     0.5070     0.0000     4.6022     0.0000     0.0049     0.0000     0.5067    34.7789    34.7810    26.4242    26.4259     0.0327      0.995      0.377 0.0000e+00
    550.943      13224    210.398 -106.19118   20.48468    209.000    11.9821    11.9822   3.985018   3.985205 7.7697e-02    12.3628     4.5470 5.0671e-02          0     4.5470     0.0259     0.5070     0.0000     4.6144     0.0000     0.0049     0.0000     0.5067    34.7799    34.7816    26.4268    26.4281     0.0328      0.998      0.378 0.0000e+00
    551.960      13248    211.405 -106.19118   20.48468    210.000    11.9734    11.9726   3.984124   3.984263 7.6514e-02    12.3614     4.5486 5.0671e-02          0     4.5486     0.0255     0.5069     0.0000     4.6136     0.0000     0.0049     0.0000     0.5066    34.7788    34.7809    26.4276    26.4294     0.0322      0.981      0.372 0.0000e+00
    553.082      13275    212.412 -106.19118   20.48468    211.000    11.9550    11.9547   3.982330   3.982501 7.7600e-02    12.3609     4.5492 5.0671e-02          0     4.5492     0.0258     0.5071     0.0000     4.5811     0.0000     0.0049     0.0000     0.5068    34.7781    34.7800    26.4306    26.4321     0.0347      1.056      0.400 0.0000e+00
    554.307      13304    213.419 -106.19118   20.48468    212.000    11.9492    11.9492   3.981833   3.982002 7.7991e-02    12.3606     4.5496 5.0671e-02          0     4.5496     0.0260     0.5070     0.0000     4.6055     0.0000     0.0049     0.0000     0.5067    34.7782    34.7798    26.4318    26.4331     0.0311      0.946      0.359 0.0000e+00
    555.479      13333    214.427 -106.19118   20.48468    213.000    11.9418    11.9419   3.981144   3.981329 7.7202e-02    12.3612     4.5489 5.0671e-02          0     4.5489     0.0257     0.5068     0.0000     4.6177     0.0000     0.0049     0.0000     0.5065    34.7779    34.7796    26.4330    26.4343     0.0321      0.978      0.371 0.0000e+00
    556.504      13357    215.434 -106.19118   20.48468    214.000    11.9341    11.9333   3.980389   3.980505 7.7072e-02    12.3607     4.5495 5.0671e-02          0     4.5495     0.0257     0.5069     0.0000     4.6459     0.0000     0.0049     0.0000     0.5066    34.7773    34.7792    26.4340    26.4356     0.0338      1.028      0.389 0.0000e+00
    557.417      13379    216.441 -106.19118   20.48468    215.000    11.9232    11.9227   3.979328   3.979487 7.8418e-02    12.3609     4.5492 5.0671e-02          0     4.5492     0.0261     0.5070     0.0000     4.6544     0.0000     0.0049     0.0000     0.5067    34.7767    34.7787    26.4356    26.4373     0.0339      1.032      0.391 0.0000e+00
    558.252      13399    217.448 -106.19118   20.48468    216.000    11.9094    11.9086   3.977935   3.978086 7.7636e-02    12.3602     4.5500 5.0671e-02          0     4.5500     0.0259     0.5072     0.0000     4.6533     0.0000     0.0049     0.0000     0.5069    34.7755    34.7777    26.4373    26.4392     0.0334      1.015      0.384 0.0000e+00
    559.024      13418    218.455 -106.19118   20.48468    217.000    11.8872    11.8864   3.975693   3.975855 7.7124e-02    12.3645     4.5451 5.0671e-02          0     4.5451     0.0257     0.5070     0.0000     4.6566     0.0000     0.0049     0.0000     0.5067    34.7739    34.7762    26.4403    26.4423     0.0328      0.997      0.377 0.0000e+00
    559.778      13436    219.463 -106.19118   20.48468    218.000    11.8741    11.8729   3.974440   3.974535 7.7127e-02    12.3603     4.5499 5.0671e-02          0     4.5499     0.0257     0.5070     0.0000     4.6555     0.0000     0.0049     0.0000     0.5067    34.7734    34.7755    26.4425    26.4443     0.0333      1.015      0.384 0.0000e+00
    560.543      13454    220.470 -106.19118   20.48468    219.000    11.8616    11.8596   3.973169   3.973208 7.7695e-02    12.3614     4.5486 5.0671e-02          0     4.5486     0.0259     0.5073     0.0000     4.6551     0.0000     0.0049     0.0000     0.5070    34.7723    34.7745    26.4440    26.4461     0.0333      1.015      0.384 0.0000e+00
    561.389      13474    221.477 -106.19118   20.48468    220.000    11.8434    11.8425   3.971372   3.971501 7.7425e-02    12.3598     4.5505 5.0671e-02          0     4.5505     0.0258     0.5068     0.0000     4.6557     0.0000     0.0049     0.0000     0.5065    34.7713    34.7734    26.4467    26.4485     0.0316      0.961      0.363 0.0000e+00
    562.368      13498    222.484 -106.19118   20.48468    221.000    11.8301    11.8296   3.970086   3.970253 7.6781e-02    12.3605     4.5496 5.0671e-02          0     4.5496     0.0256     0.5070     0.0000     4.6562     0.0000     0.0049     0.0000     0.5067    34.7707    34.7727    26.4487    26.4504     0.0327      0.995      0.376 0.0000e+00
    563.565      13527    223.492 -106.19118   20.48468    222.000    11.8200    11.8199   3.969151   3.969327 7.6155e-02    12.3606     4.5495 5.0671e-02          0     4.5495     0.0253     0.5068     0.0000     4.6554     0.0000     0.0049     0.0000     0.5065    34.7705    34.7723    26.4505    26.4519     0.0327      0.995      0.376 0.0000e+00
    565.010      13561    224.499 -106.19118   20.48468    223.000    11.8108    11.8105   3.968238   3.968412 7.6906e-02    12.3599     4.5503 5.0671e-02          0     4.5503     0.0256     0.5069     0.0000     4.6543     0.0000     0.0049     0.0000     0.5066    34.7697    34.7717    26.4516    26.4533     0.0318      0.969      0.366 0.0000e+00
    566.594      13599    225.506 -106.19118   20.48468    224.000    11.8018    11.8021   3.967438   3.967629 7.6225e-02    12.3593     4.5511 5.0671e-02          0     4.5511     0.0254     0.5067     0.0000     4.6582     0.0000     0.0049     0.0000     0.5064    34.7699    34.7715    26.4535    26.4547     0.0316      0.961      0.363 0.0000e+00
    567.978      13632    226.513 -106.19118   20.48468    225.000    11.7966    11.7963   3.966908   3.967083 7.5780e-02    12.3595     4.5508 5.0671e-02          0     4.5508     0.0252     0.5068     0.0000     4.6597     0.0000     0.0049     0.0000     0.5065    34.7691    34.7711    26.4539    26.4556     0.0327      0.995      0.376 0.0000e+00
    569.047      13658    227.521 -106.19118   20.48468    226.000    11.7886    11.7885   3.966166   3.966342 7.6128e-02    12.3600     4.5502 5.0671e-02          0     4.5502     0.0253     0.5068     0.0000     4.6604     0.0000     0.0049     0.0000     0.5065    34.7689    34.7707    26.4552    26.4567     0.0333      1.013      0.382 0.0000e+00
